3.0
3.0
1.0
1.0
1.0
1.0
2.0
2.0
2.0
2.0
25.0
25.0
14.0
14.0
14.0
65.0
66.0
66.0
114.0
113.0
65.0
66.0
66.0
114.0
113.0
65.0
65.0
65.0
64.0
65.0
536.0
751.0
580.0
527.0
528.0
539.0
743.0
590.0
527.0
434.0
446.0
532.0
530.0
530.0
531.0
532.0
451.0
531.0
475.0
527.0
458.0
458.0
529.0
533.0
528.0
531.0
529.0
531.0
499.0
532.0
449.0
447.0
531.0
531.0
530.0
532.0
532.0
531.0
481.0
456.0
543.0
474.0
542.0
543.0
542.0
545.0
550.0
476.0
543.0
474.0
528.0
460.0
528.0
528.0
528.0
461.0
527.0
537.0
460.0
527.0
460.0
530.0
466.0
531.0
530.0
530.0
466.0
531.0
530.0
531.0
467.0
528.0
461.0
460.0
528.0
528.0
527.0
528.0
527.0
460.0
15.0
14.0
15.0
15.0
14.0
65.0
65.0
65.0
65.0
65.0
57.0
65.0
65.0
56.0
57.0
65.0
65.0
57.0
56.0
65.0
531.0
532.0
469.0
466.0
467.0
531.0
531.0
530.0
531.0
543.0
478.0
475.0
478.0
550.0
543.0
544.0
543.0
544.0
548.0
533.0
474.0
479.0
478.0
505.0
516.0
524.0
516.0
509.0
512.0
505.0
500.0
505.0
498.0
496.0
500.0
495.0
495.0
495.0
490.0
490.0
495.0
491.0
492.0
491.0
494.0
497.0
497.0
497.0
495.0
494.0
507.0
497.0
498.0
519.0
530.0
533.0
528.0
532.0
517.0
513.0
511.0
520.0
514.0
491.0
496.0
492.0
492.0
494.0
494.0
494.0
491.0
491.0
495.0
483.0
492.0
488.0
481.0
491.0
490.0
490.0
25.0
25.0
25.0
14.0
14.0
15.0
15.0
25.0
24.0
25.0
14.0
14.0
14.0
14.0
25.0
25.0
25.0
24.0
24.0
25.0
15.0
15.0
15.0
14.0
14.0
14.0
14.0
15.0
25.0
25.0
26.0
25.0
25.0
24.0
15.0
15.0
14.0
14.0
6.0
6.0
6.0
7.0
11.0
11.0
11.0
2.0
2.0
2.0
2.0
2.0
115.0
65.0
65.0
114.0
114.0
65.0
65.0
116.0
116.0
113.0
57.0
64.0
64.0
64.0
112.0
116.0
116.0
112.0
53.0
78.0
79.0
64.0
64.0
64.0
52.0
65.0
65.0
65.0
65.0
64.0
113.0
53.0
114.0
114.0
111.0
63.0
63.0
63.0
55.0
50.0
46.0
46.0
56.0
56.0
56.0
2.0
1.0
1.0
1.0
1.0
53.0
64.0
77.0
75.0
115.0
115.0
58.0
67.0
66.0
66.0
60.0
68.0
65.0
65.0
55.0
53.0
65.0
65.0
65.0
65.0
79.0
78.0
53.0
65.0
65.0
53.0
65.0
65.0
65.0
65.0
53.0
64.0
64.0
65.0
53.0
61.0
64.0
64.0
57.0
49.0
57.0
49.0
57.0
57.0
49.0
1.0
1.0
1.0
1.0
2.0
65.0
57.0
65.0
64.0
65.0
66.0
56.0
56.0
65.0
65.0
65.0
56.0
65.0
65.0
65.0
56.0
65.0
56.0
64.0
65.0
56.0
65.0
65.0
57.0
64.0
65.0
56.0
65.0
65.0
65.0
56.0
65.0
55.0
64.0
56.0
64.0
65.0
65.0
57.0
57.0
49.0
49.0
57.0
50.0
57.0
2.0
1.0
1.0
1.0
1.0
532.0
531.0
457.0
530.0
531.0
533.0
459.0
460.0
531.0
541.0
504.0
505.0
503.0
569.0
568.0
579.0
566.0
565.0
566.0
567.0
458.0
457.0
458.0
527.0
531.0
528.0
527.0
528.0
529.0
527.0
464.0
464.0
464.0
530.0
529.0
529.0
530.0
530.0
523.0
522.0
451.0
452.0
451.0
520.0
520.0
259.0
263.0
259.0
260.0
260.0
465.0
465.0
464.0
531.0
531.0
532.0
530.0
533.0
533.0
532.0
460.0
497.0
495.0
573.0
568.0
568.0
569.0
568.0
570.0
568.0
503.0
463.0
465.0
524.0
525.0
525.0
522.0
521.0
482.0
512.0
508.0
499.0
487.0
512.0
503.0
516.0
499.0
496.0
487.0
492.0
488.0
488.0
493.0
488.0
482.0
243.0
245.0
240.0
241.0
244.0
492.0
492.0
496.0
498.0
501.0
496.0
499.0
500.0
505.0
500.0
503.0
499.0
518.0
560.0
563.0
542.0
541.0
561.0
542.0
554.0
533.0
540.0
537.0
490.0
496.0
497.0
496.0
495.0
495.0
495.0
492.0
498.0
496.0
490.0
498.0
499.0
496.0
498.0
484.0
493.0
486.0
489.0
493.0
485.0
492.0
244.0
246.0
241.0
244.0
245.0
497.0
500.0
492.0
501.0
492.0
497.0
499.0
492.0
500.0
497.0
500.0
493.0
494.0
497.0
494.0
498.0
493.0
528.0
529.0
530.0
532.0
533.0
530.0
531.0
531.0
530.0
531.0
503.0
503.0
509.0
500.0
493.0
494.0
495.0
492.0
498.0
496.0
500.0
494.0
494.0
494.0
488.0
489.0
489.0
489.0
249.0
248.0
244.0
243.0
242.0
495.0
490.0
495.0
497.0
494.0
494.0
490.0
490.0
489.0
490.0
501.0
495.0
499.0
499.0
500.0
499.0
504.0
502.0
503.0
503.0
537.0
556.0
557.0
558.0
556.0
573.0
535.0
533.0
533.0
533.0
500.0
500.0
493.0
494.0
494.0
506.0
498.0
495.0
489.0
489.0
488.0
489.0
491.0
490.0
491.0
252.0
244.0
245.0
244.0
244.0
508.0
491.0
489.0
490.0
489.0
491.0
495.0
495.0
494.0
494.0
503.0
496.0
495.0
495.0
496.0
495.0
499.0
499.0
499.0
498.0
525.0
524.0
527.0
523.0
524.0
524.0
525.0
524.0
524.0
530.0
496.0
496.0
495.0
496.0
497.0
498.0
494.0
495.0
487.0
495.0
490.0
489.0
488.0
490.0
488.0
245.0
245.0
248.0
247.0
247.0
490.0
496.0
499.0
494.0
495.0
495.0
491.0
492.0
492.0
490.0
494.0
501.0
502.0
502.0
507.0
501.0
498.0
502.0
496.0
497.0
524.0
527.0
526.0
526.0
535.0
525.0
527.0
527.0
521.0
523.0
498.0
496.0
494.0
497.0
501.0
493.0
494.0
498.0
484.0
490.0
497.0
492.0
492.0
492.0
496.0
245.0
242.0
240.0
246.0
242.0
507.0
508.0
502.0
504.0
501.0
499.0
501.0
500.0
499.0
504.0
498.0
499.0
491.0
491.0
491.0
492.0
502.0
500.0
500.0
502.0
500.0
494.0
494.0
498.0
495.0
529.0
528.0
530.0
529.0
530.0
530.0
531.0
532.0
530.0
530.0
498.0
496.0
496.0
494.0
489.0
488.0
485.0
486.0
486.0
487.0
241.0
243.0
243.0
243.0
243.0
495.0
499.0
499.0
499.0
498.0
500.0
495.0
494.0
498.0
501.0
492.0
497.0
498.0
495.0
497.0
496.0
492.0
491.0
499.0
496.0
497.0
505.0
505.0
506.0
505.0
506.0
498.0
498.0
503.0
503.0
520.0
528.0
527.0
524.0
526.0
524.0
519.0
519.0
513.0
511.0
484.0
487.0
487.0
486.0
487.0
241.0
245.0
240.0
241.0
241.0
497.0
497.0
497.0
495.0
495.0
496.0
500.0
496.0
499.0
500.0
498.0
496.0
498.0
500.0
503.0
500.0
499.0
498.0
500.0
507.0
495.0
508.0
500.0
500.0
497.0
495.0
503.0
502.0
500.0
502.0
514.0
522.0
516.0
512.0
514.0
517.0
521.0
519.0
514.0
516.0
484.0
487.0
492.0
484.0
486.0
241.0
244.0
244.0
243.0
245.0
511.0
502.0
499.0
500.0
500.0
502.0
501.0
506.0
504.0
500.0
498.0
499.0
502.0
498.0
495.0
498.0
497.0
500.0
497.0
495.0
495.0
500.0
500.0
500.0
501.0
498.0
495.0
500.0
494.0
494.0
504.0
543.0
543.0
543.0
552.0
541.0
539.0
543.0
534.0
535.0
529.0
497.0
491.0
492.0
492.0
255.0
252.0
252.0
246.0
253.0
491.0
490.0
494.0
490.0
490.0
490.0
498.0
499.0
496.0
497.0
495.0
495.0
494.0
498.0
494.0
495.0
494.0
493.0
494.0
494.0
490.0
489.0
490.0
495.0
489.0
490.0
499.0
498.0
498.0
499.0
495.0
495.0
495.0
494.0
499.0
495.0
515.0
517.0
511.0
513.0
511.0
509.0
504.0
504.0
524.0
263.0
248.0
247.0
246.0
249.0
494.0
496.0
496.0
496.0
497.0
497.0
495.0
497.0
492.0
494.0
496.0
498.0
499.0
499.0
499.0
495.0
495.0
495.0
495.0
500.0
492.0
494.0
495.0
495.0
491.0
490.0
495.0
491.0
492.0
494.0
495.0
497.0
498.0
497.0
495.0
494.0
494.0
497.0
488.0
490.0
503.0
508.0
507.0
506.0
503.0
261.0
261.0
261.0
263.0
264.0
499.0
491.0
491.0
496.0
503.0
491.0
495.0
494.0
494.0
491.0
498.0
495.0
495.0
498.0
498.0
495.0
499.0
499.0
498.0
494.0
491.0
490.0
491.0
496.0
494.0
490.0
495.0
494.0
495.0
490.0
494.0
494.0
492.0
498.0
493.0
498.0
498.0
497.0
491.0
492.0
505.0
505.0
505.0
508.0
506.0
244.0
262.0
261.0
261.0
265.0
514.0
496.0
494.0
494.0
491.0
493.0
495.0
493.0
498.0
492.0
503.0
498.0
497.0
501.0
495.0
495.0
495.0
494.0
498.0
502.0
500.0
497.0
495.0
496.0
494.0
491.0
493.0
493.0
497.0
495.0
499.0
501.0
501.0
501.0
499.0
498.0
498.0
496.0
494.0
491.0
492.0
504.0
505.0
505.0
505.0
242.0
242.0
241.0
245.0
242.0
513.0
508.0
510.0
515.0
511.0
512.0
495.0
495.0
495.0
494.0
492.0
501.0
498.0
496.0
499.0
497.0
501.0
499.0
503.0
502.0
501.0
500.0
500.0
504.0
500.0
503.0
496.0
496.0
496.0
497.0
491.0
490.0
491.0
494.0
490.0
495.0
499.0
499.0
494.0
488.0
489.0
489.0
488.0
492.0
488.0
247.0
243.0
243.0
244.0
242.0
14.0
13.0
13.0
14.0
13.0
14.0
13.0
14.0
13.0
13.0
13.0
13.0
14.0
13.0
14.0
14.0
13.0
13.0
13.0
13.0
13.0
13.0
13.0
13.0
14.0
14.0
13.0
13.0
14.0
14.0
13.0
13.0
13.0
13.0
9.0
13.0
13.0
6.0
6.0
1.0
5.0
6.0
5.0
1.0
1.0
1.0
1.0
1.0
1.0
1.0
61.0
61.0
61.0
61.0
62.0
61.0
61.0
61.0
75.0
75.0
75.0
76.0
75.0
76.0
78.0
75.0
76.0
75.0
64.0
61.0
61.0
61.0
61.0
60.0
61.0
64.0
61.0
63.0
62.0
61.0
61.0
62.0
61.0
62.0
9.0
61.0
60.0
53.0
53.0
1.0
54.0
54.0
53.0
1.0
1.0
2.0
2.0
1.0
1.0
1.0
61.0
62.0
61.0
61.0
61.0
61.0
61.0
61.0
61.0
60.0
60.0
60.0
61.0
62.0
61.0
62.0
64.0
62.0
63.0
63.0
62.0
62.0
63.0
61.0
61.0
62.0
61.0
62.0
61.0
61.0
60.0
61.0
61.0
62.0
9.0
60.0
60.0
54.0
53.0
1.0
54.0
53.0
54.0
1.0
1.0
1.0
1.0
1.0
1.0
1.0
61.0
61.0
61.0
62.0
62.0
61.0
61.0
61.0
61.0
60.0
61.0
61.0
61.0
60.0
60.0
61.0
60.0
60.0
61.0
61.0
60.0
60.0
60.0
61.0
61.0
61.0
61.0
61.0
60.0
60.0
61.0
61.0
60.0
60.0
9.0
60.0
60.0
52.0
53.0
1.0
53.0
53.0
53.0
1.0
1.0
1.0
1.0
1.0
1.0
1.0
502.0
500.0
495.0
496.0
501.0
499.0
500.0
498.0
494.0
496.0
494.0
498.0
498.0
497.0
497.0
497.0
501.0
496.0
490.0
490.0
498.0
499.0
500.0
501.0
500.0
501.0
500.0
495.0
497.0
494.0
525.0
526.0
524.0
529.0
472.0
524.0
527.0
517.0
518.0
269.0
510.0
501.0
502.0
255.0
249.0
249.0
249.0
249.0
254.0
255.0
500.0
500.0
501.0
500.0
501.0
498.0
499.0
497.0
498.0
495.0
496.0
496.0
491.0
496.0
494.0
491.0
490.0
490.0
495.0
489.0
498.0
498.0
500.0
500.0
500.0
494.0
500.0
494.0
501.0
502.0
511.0
510.0
512.0
513.0
457.0
508.0
510.0
510.0
501.0
257.0
487.0
482.0
487.0
241.0
242.0
240.0
243.0
240.0
240.0
244.0
490.0
491.0
497.0
497.0
490.0
490.0
511.0
502.0
496.0
501.0
495.0
495.0
499.0
495.0
500.0
495.0
496.0
495.0
489.0
497.0
491.0
490.0
489.0
498.0
496.0
494.0
506.0
501.0
498.0
501.0
495.0
494.0
494.0
498.0
442.0
499.0
511.0
501.0
497.0
242.0
500.0
498.0
498.0
257.0
258.0
258.0
262.0
240.0
243.0
243.0
490.0
494.0
494.0
500.0
490.0
491.0
494.0
494.0
490.0
489.0
494.0
500.0
499.0
499.0
494.0
495.0
499.0
498.0
495.0
494.0
490.0
495.0
495.0
495.0
491.0
492.0
496.0
496.0
492.0
490.0
494.0
498.0
498.0
497.0
442.0
492.0
497.0
490.0
486.0
244.0
500.0
500.0
500.0
242.0
242.0
258.0
258.0
259.0
259.0
257.0
509.0
511.0
489.0
490.0
490.0
495.0
489.0
495.0
499.0
495.0
494.0
493.0
494.0
494.0
495.0
496.0
498.0
498.0
499.0
498.0
498.0
499.0
490.0
489.0
490.0
495.0
494.0
495.0
491.0
494.0
496.0
495.0
494.0
494.0
443.0
495.0
498.0
490.0
487.0
244.0
490.0
491.0
491.0
240.0
241.0
241.0
241.0
243.0
242.0
240.0
503.0
510.0
504.0
504.0
508.0
509.0
514.0
509.0
509.0
512.0
490.0
493.0
490.0
492.0
494.0
494.0
494.0
495.0
494.0
495.0
493.0
495.0
501.0
497.0
500.0
500.0
495.0
498.0
501.0
499.0
490.0
491.0
500.0
491.0
458.0
497.0
490.0
492.0
492.0
247.0
493.0
486.0
487.0
247.0
246.0
246.0
247.0
245.0
247.0
247.0
509.0
508.0
506.0
509.0
506.0
510.0
510.0
514.0
506.0
505.0
496.0
491.0
489.0
497.0
496.0
496.0
495.0
496.0
495.0
495.0
498.0
500.0
495.0
502.0
502.0
501.0
500.0
502.0
499.0
496.0
492.0
499.0
491.0
490.0
442.0
494.0
496.0
487.0
483.0
240.0
485.0
488.0
493.0
242.0
243.0
244.0
242.0
243.0
243.0
244.0
497.0
502.0
497.0
501.0
501.0
501.0
505.0
506.0
505.0
511.0
520.0
524.0
526.0
528.0
524.0
527.0
505.0
504.0
503.0
521.0
496.0
503.0
491.0
502.0
500.0
501.0
492.0
496.0
498.0
502.0
496.0
499.0
497.0
498.0
448.0
499.0
492.0
483.0
482.0
243.0
483.0
486.0
487.0
241.0
243.0
243.0
243.0
242.0
240.0
241.0
494.0
499.0
499.0
498.0
493.0
493.0
493.0
496.0
499.0
498.0
512.0
516.0
513.0
513.0
516.0
508.0
511.0
507.0
514.0
518.0
489.0
494.0
494.0
491.0
494.0
490.0
492.0
491.0
494.0
494.0
495.0
497.0
498.0
495.0
446.0
493.0
494.0
488.0
491.0
246.0
488.0
482.0
488.0
243.0
244.0
240.0
241.0
240.0
241.0
243.0
495.0
494.0
490.0
489.0
495.0
495.0
498.0
497.0
494.0
498.0
498.0
498.0
494.0
508.0
508.0
505.0
511.0
511.0
506.0
510.0
510.0
510.0
506.0
499.0
490.0
489.0
493.0
490.0
494.0
495.0
494.0
493.0
490.0
492.0
442.0
494.0
498.0
487.0
490.0
245.0
491.0
490.0
491.0
244.0
245.0
241.0
241.0
241.0
245.0
243.0
490.0
489.0
490.0
490.0
490.0
495.0
494.0
495.0
495.0
495.0
495.0
495.0
496.0
501.0
504.0
500.0
506.0
502.0
501.0
501.0
509.0
511.0
510.0
511.0
507.0
511.0
514.0
514.0
514.0
510.0
491.0
491.0
491.0
491.0
438.0
494.0
494.0
486.0
487.0
243.0
487.0
490.0
489.0
241.0
246.0
246.0
246.0
247.0
246.0
247.0
495.0
491.0
491.0
494.0
495.0
496.0
496.0
490.0
497.0
491.0
493.0
501.0
500.0
505.0
501.0
500.0
499.0
502.0
500.0
503.0
509.0
509.0
510.0
510.0
509.0
514.0
506.0
515.0
510.0
510.0
499.0
496.0
490.0
494.0
442.0
495.0
490.0
495.0
486.0
245.0
490.0
485.0
493.0
242.0
243.0
244.0
242.0
242.0
244.0
245.0
497.0
507.0
501.0
500.0
502.0
503.0
501.0
504.0
504.0
498.0
491.0
496.0
496.0
496.0
503.0
494.0
495.0
497.0
495.0
499.0
496.0
500.0
499.0
500.0
495.0
498.0
499.0
496.0
496.0
508.0
509.0
509.0
517.0
515.0
465.0
509.0
516.0
507.0
500.0
241.0
488.0
489.0
492.0
245.0
246.0
245.0
245.0
245.0
242.0
245.0
503.0
499.0
499.0
499.0
499.0
497.0
498.0
496.0
495.0
498.0
497.0
490.0
495.0
494.0
491.0
504.0
490.0
490.0
491.0
494.0
499.0
496.0
499.0
508.0
495.0
497.0
498.0
496.0
497.0
499.0
511.0
506.0
511.0
511.0
458.0
508.0
520.0
507.0
510.0
261.0
542.0
518.0
502.0
252.0
252.0
261.0
260.0
249.0
258.0
259.0
503.0
503.0
533.0
529.0
513.0
526.0
524.0
538.0
504.0
516.0
505.0
505.0
501.0
492.0
490.0
490.0
489.0
502.0
537.0
490.0
500.0
499.0
492.0
492.0
505.0
496.0
497.0
505.0
496.0
530.0
503.0
503.0
492.0
492.0
445.0
508.0
507.0
509.0
500.0
243.0
503.0
510.0
504.0
263.0
263.0
261.0
241.0
240.0
241.0
242.0
495.0
491.0
491.0
490.0
489.0
490.0
494.0
495.0
494.0
493.0
495.0
494.0
499.0
495.0
494.0
494.0
498.0
498.0
498.0
498.0
489.0
490.0
494.0
489.0
489.0
490.0
494.0
495.0
494.0
494.0
495.0
494.0
498.0
495.0
442.0
496.0
499.0
492.0
492.0
247.0
500.0
482.0
482.0
243.0
252.0
242.0
249.0
259.0
260.0
256.0
