1.0
1.0
1.0
0.0
0.0
1.0
1.0
1.0
1.0
0.0
26.0
26.0
173.0
184.0
186.0
186.0
185.0
185.0
335.0
272.0
334.0
261.0
150.0
184.0
188.0
186.0
185.0
185.0
184.0
185.0
7.0
7.0
256.0
146.0
242.0
180.0
179.0
179.0
179.0
151.0
180.0
181.0
150.0
153.0
180.0
180.0
180.0
179.0
179.0
156.0
8.0
8.0
156.0
180.0
179.0
157.0
176.0
175.0
176.0
175.0
171.0
178.0
174.0
184.0
184.0
175.0
185.0
184.0
184.0
185.0
8.0
8.0
154.0
153.0
154.0
157.0
168.0
171.0
172.0
176.0
169.0
177.0
168.0
166.0
167.0
165.0
175.0
181.0
159.0
173.0
9.0
9.0
159.0
159.0
174.0
174.0
161.0
159.0
171.0
171.0
159.0
160.0
160.0
168.0
167.0
167.0
160.0
160.0
167.0
167.0
8.0
8.0
159.0
162.0
159.0
168.0
160.0
167.0
167.0
159.0
167.0
167.0
160.0
159.0
160.0
177.0
170.0
176.0
178.0
171.0
8.0
9.0
176.0
176.0
171.0
171.0
171.0
161.0
165.0
165.0
165.0
160.0
166.0
167.0
160.0
159.0
159.0
160.0
167.0
167.0
8.0
9.0
160.0
167.0
167.0
166.0
160.0
160.0
160.0
160.0
166.0
165.0
160.0
164.0
159.0
159.0
165.0
165.0
160.0
159.0
8.0
9.0
164.0
159.0
165.0
166.0
160.0
159.0
158.0
166.0
166.0
159.0
159.0
166.0
166.0
166.0
161.0
161.0
162.0
163.0
9.0
8.0
163.0
162.0
172.0
173.0
173.0
173.0
171.0
171.0
170.0
171.0
171.0
170.0
156.0
157.0
157.0
154.0
146.0
144.0
13.0
25.0
13.0
26.0
14.0
14.0
13.0
14.0
1.0
1.0
26.0
26.0
13.0
14.0
13.0
13.0
13.0
13.0
1.0
1.0
213.0
185.0
334.0
184.0
185.0
185.0
184.0
235.0
173.0
170.0
277.0
185.0
184.0
185.0
184.0
175.0
185.0
150.0
172.0
113.0
185.0
151.0
151.0
185.0
184.0
184.0
177.0
186.0
173.0
94.0
160.0
169.0
194.0
195.0
173.0
194.0
194.0
195.0
181.0
103.0
173.0
180.0
160.0
200.0
181.0
189.0
180.0
180.0
167.0
92.0
164.0
186.0
178.0
165.0
176.0
176.0
166.0
232.0
164.0
91.0
165.0
173.0
166.0
173.0
240.0
167.0
172.0
171.0
161.0
108.0
170.0
171.0
171.0
172.0
171.0
171.0
172.0
172.0
161.0
87.0
174.0
174.0
172.0
171.0
172.0
171.0
171.0
172.0
159.0
87.0
181.0
181.0
182.0
181.0
182.0
182.0
181.0
182.0
169.0
98.0
172.0
172.0
172.0
172.0
172.0
171.0
171.0
171.0
159.0
87.0
201.0
200.0
205.0
200.0
201.0
205.0
202.0
201.0
190.0
117.0
172.0
172.0
172.0
172.0
173.0
172.0
171.0
172.0
160.0
87.0
171.0
171.0
171.0
173.0
172.0
171.0
171.0
171.0
160.0
87.0
172.0
172.0
171.0
171.0
173.0
172.0
175.0
172.0
160.0
87.0
171.0
171.0
176.0
172.0
171.0
172.0
173.0
171.0
160.0
88.0
171.0
171.0
171.0
170.0
171.0
171.0
171.0
173.0
160.0
87.0
171.0
181.0
184.0
183.0
182.0
183.0
183.0
183.0
171.0
88.0
17.0
18.0
9.0
1.0
0.0
1.0
0.0
1.0
0.0
1.0
8.0
8.0
9.0
1.0
0.0
1.0
0.0
1.0
1.0
0.0
167.0
168.0
168.0
159.0
159.0
160.0
160.0
160.0
159.0
89.0
167.0
167.0
167.0
160.0
161.0
159.0
160.0
159.0
159.0
88.0
167.0
167.0
167.0
159.0
159.0
159.0
159.0
159.0
159.0
87.0
167.0
167.0
166.0
160.0
159.0
159.0
160.0
159.0
160.0
87.0
166.0
167.0
167.0
160.0
160.0
159.0
160.0
159.0
159.0
87.0
167.0
167.0
168.0
159.0
160.0
159.0
160.0
159.0
160.0
87.0
178.0
181.0
178.0
172.0
171.0
171.0
171.0
171.0
171.0
98.0
167.0
167.0
166.0
160.0
160.0
160.0
160.0
160.0
160.0
87.0
168.0
167.0
167.0
161.0
160.0
161.0
159.0
161.0
160.0
88.0
168.0
166.0
167.0
160.0
161.0
159.0
161.0
159.0
160.0
88.0
168.0
169.0
167.0
159.0
159.0
160.0
159.0
160.0
160.0
88.0
168.0
168.0
168.0
160.0
159.0
160.0
161.0
160.0
159.0
89.0
180.0
180.0
180.0
171.0
171.0
171.0
172.0
171.0
172.0
99.0
167.0
169.0
168.0
160.0
159.0
159.0
161.0
161.0
161.0
87.0
167.0
167.0
168.0
166.0
159.0
160.0
159.0
160.0
160.0
88.0
199.0
199.0
198.0
193.0
191.0
191.0
192.0
191.0
193.0
119.0
169.0
169.0
167.0
159.0
161.0
160.0
161.0
160.0
160.0
88.0
168.0
168.0
168.0
159.0
159.0
161.0
160.0
159.0
159.0
88.0
8.0
8.0
8.0
1.0
0.0
1.0
0.0
1.0
0.0
1.0
8.0
8.0
8.0
1.0
0.0
0.0
1.0
1.0
0.0
0.0
168.0
168.0
169.0
161.0
159.0
160.0
161.0
159.0
159.0
87.0
167.0
168.0
169.0
161.0
161.0
160.0
159.0
159.0
159.0
89.0
168.0
167.0
169.0
161.0
160.0
160.0
161.0
159.0
160.0
87.0
167.0
180.0
178.0
171.0
172.0
173.0
172.0
173.0
171.0
87.0
179.0
178.0
169.0
161.0
159.0
160.0
161.0
160.0
160.0
87.0
167.0
167.0
166.0
160.0
161.0
159.0
161.0
160.0
160.0
88.0
168.0
167.0
167.0
160.0
161.0
160.0
160.0
160.0
161.0
89.0
169.0
169.0
167.0
159.0
159.0
160.0
162.0
159.0
161.0
88.0
168.0
168.0
169.0
159.0
160.0
160.0
161.0
161.0
160.0
88.0
168.0
168.0
168.0
160.0
161.0
159.0
159.0
160.0
160.0
87.0
180.0
179.0
180.0
172.0
171.0
171.0
171.0
172.0
171.0
100.0
167.0
166.0
167.0
160.0
159.0
159.0
160.0
159.0
160.0
88.0
167.0
167.0
167.0
159.0
159.0
159.0
159.0
159.0
159.0
87.0
167.0
167.0
168.0
160.0
160.0
159.0
160.0
161.0
160.0
88.0
166.0
168.0
167.0
160.0
159.0
159.0
160.0
160.0
160.0
88.0
167.0
167.0
167.0
159.0
160.0
160.0
160.0
159.0
160.0
87.0
178.0
179.0
179.0
171.0
171.0
172.0
172.0
172.0
172.0
97.0
169.0
168.0
168.0
159.0
161.0
160.0
161.0
160.0
159.0
87.0
1.0
0.0
1.0
0.0
1.0
0.0
0.0
1.0
0.0
1.0
0.0
1.0
0.0
1.0
0.0
1.0
0.0
1.0
0.0
1.0
159.0
159.0
159.0
159.0
161.0
159.0
159.0
160.0
87.0
87.0
160.0
160.0
159.0
159.0
191.0
191.0
191.0
192.0
87.0
87.0
193.0
193.0
191.0
191.0
193.0
193.0
160.0
160.0
88.0
87.0
161.0
161.0
160.0
160.0
160.0
161.0
159.0
159.0
87.0
87.0
159.0
159.0
160.0
161.0
160.0
160.0
158.0
160.0
87.0
88.0
159.0
159.0
159.0
160.0
161.0
160.0
160.0
159.0
88.0
88.0
159.0
160.0
159.0
159.0
160.0
159.0
160.0
160.0
88.0
88.0
159.0
160.0
160.0
159.0
163.0
159.0
159.0
160.0
87.0
87.0
159.0
160.0
169.0
170.0
171.0
172.0
172.0
172.0
87.0
88.0
172.0
172.0
172.0
171.0
162.0
161.0
160.0
161.0
87.0
87.0
158.0
159.0
159.0
159.0
160.0
160.0
161.0
159.0
87.0
87.0
160.0
160.0
160.0
159.0
158.0
159.0
159.0
159.0
88.0
88.0
159.0
160.0
159.0
160.0
159.0
159.0
160.0
160.0
90.0
87.0
160.0
159.0
159.0
159.0
159.0
159.0
160.0
160.0
87.0
87.0
160.0
162.0
159.0
159.0
159.0
161.0
159.0
159.0
87.0
88.0
171.0
170.0
171.0
172.0
169.0
171.0
170.0
172.0
88.0
97.0
170.0
159.0
163.0
162.0
161.0
162.0
159.0
159.0
87.0
88.0
160.0
160.0
160.0
160.0
160.0
160.0
160.0
160.0
87.0
88.0
0.0
0.0
1.0
0.0
0.0
1.0
1.0
0.0
0.0
1.0
1.0
0.0
0.0
1.0
1.0
0.0
0.0
1.0
1.0
0.0
159.0
159.0
159.0
161.0
159.0
159.0
162.0
160.0
88.0
93.0
160.0
160.0
159.0
159.0
160.0
160.0
159.0
159.0
88.0
87.0
159.0
159.0
159.0
159.0
163.0
159.0
159.0
159.0
88.0
87.0
160.0
160.0
160.0
159.0
159.0
160.0
159.0
159.0
87.0
88.0
169.0
171.0
171.0
170.0
171.0
171.0
172.0
171.0
98.0
97.0
159.0
159.0
159.0
160.0
160.0
160.0
160.0
160.0
87.0
88.0
161.0
159.0
161.0
160.0
160.0
159.0
160.0
159.0
88.0
88.0
161.0
160.0
160.0
159.0
161.0
158.0
159.0
159.0
87.0
88.0
194.0
192.0
192.0
193.0
193.0
195.0
195.0
193.0
120.0
121.0
161.0
159.0
163.0
161.0
160.0
162.0
162.0
162.0
89.0
88.0
161.0
161.0
161.0
159.0
161.0
162.0
161.0
160.0
88.0
88.0
161.0
161.0
160.0
160.0
161.0
160.0
161.0
161.0
88.0
89.0
160.0
160.0
161.0
161.0
160.0
160.0
161.0
159.0
87.0
89.0
161.0
162.0
161.0
161.0
160.0
160.0
161.0
160.0
89.0
87.0
160.0
160.0
160.0
162.0
160.0
161.0
161.0
171.0
88.0
88.0
186.0
181.0
180.0
181.0
181.0
184.0
183.0
191.0
104.0
96.0
168.0
167.0
167.0
168.0
169.0
167.0
169.0
167.0
92.0
92.0
167.0
166.0
168.0
165.0
166.0
166.0
166.0
165.0
90.0
91.0
1.0
0.0
1.0
0.0
1.0
0.0
1.0
0.0
1.0
0.0
1.0
0.0
1.0
0.0
1.0
0.0
1.0
1.0
0.0
0.0
160.0
163.0
161.0
161.0
161.0
160.0
161.0
160.0
87.0
87.0
159.0
160.0
160.0
161.0
162.0
161.0
162.0
160.0
88.0
87.0
161.0
159.0
159.0
159.0
159.0
161.0
161.0
161.0
88.0
88.0
161.0
159.0
173.0
172.0
169.0
170.0
171.0
173.0
88.0
88.0
173.0
173.0
173.0
171.0
161.0
161.0
162.0
161.0
88.0
88.0
159.0
162.0
161.0
166.0
161.0
160.0
159.0
159.0
89.0
86.0
161.0
159.0
159.0
161.0
161.0
161.0
161.0
159.0
88.0
87.0
160.0
159.0
159.0
163.0
159.0
161.0
161.0
161.0
88.0
88.0
161.0
159.0
159.0
160.0
160.0
162.0
159.0
165.0
88.0
88.0
161.0
161.0
159.0
161.0
159.0
159.0
159.0
160.0
87.0
88.0
170.0
175.0
175.0
177.0
171.0
176.0
172.0
171.0
88.0
90.0
171.0
174.0
161.0
163.0
164.0
159.0
164.0
163.0
87.0
88.0
160.0
159.0
160.0
160.0
160.0
162.0
161.0
159.0
88.0
88.0
159.0
160.0
161.0
160.0
159.0
161.0
159.0
162.0
88.0
88.0
159.0
161.0
159.0
159.0
161.0
161.0
159.0
194.0
87.0
88.0
194.0
196.0
194.0
194.0
194.0
194.0
193.0
197.0
123.0
88.0
162.0
161.0
160.0
164.0
160.0
161.0
160.0
160.0
88.0
88.0
159.0
161.0
161.0
161.0
161.0
160.0
160.0
161.0
89.0
88.0
1.0
1.0
0.0
0.0
0.0
1.0
0.0
0.0
0.0
1.0
1.0
0.0
0.0
1.0
1.0
1.0
0.0
0.0
0.0
1.0
161.0
161.0
159.0
161.0
161.0
161.0
159.0
161.0
88.0
88.0
161.0
161.0
159.0
160.0
160.0
160.0
161.0
161.0
87.0
87.0
162.0
161.0
161.0
161.0
159.0
162.0
162.0
161.0
88.0
88.0
161.0
161.0
161.0
177.0
174.0
174.0
171.0
171.0
88.0
87.0
171.0
173.0
173.0
173.0
171.0
159.0
162.0
161.0
87.0
87.0
159.0
159.0
159.0
161.0
161.0
160.0
161.0
159.0
89.0
88.0
159.0
161.0
161.0
160.0
159.0
161.0
161.0
159.0
88.0
87.0
161.0
159.0
159.0
161.0
160.0
159.0
159.0
161.0
88.0
88.0
162.0
159.0
160.0
159.0
160.0
161.0
159.0
161.0
87.0
88.0
159.0
161.0
161.0
159.0
161.0
159.0
159.0
160.0
88.0
88.0
171.0
172.0
172.0
173.0
173.0
172.0
173.0
171.0
98.0
98.0
161.0
161.0
160.0
162.0
161.0
161.0
163.0
160.0
88.0
88.0
161.0
159.0
160.0
160.0
160.0
162.0
160.0
164.0
88.0
87.0
161.0
160.0
161.0
160.0
159.0
159.0
160.0
161.0
88.0
88.0
161.0
161.0
161.0
159.0
160.0
159.0
163.0
159.0
87.0
88.0
159.0
161.0
161.0
165.0
158.0
160.0
161.0
159.0
87.0
87.0
159.0
159.0
160.0
161.0
161.0
160.0
161.0
162.0
88.0
87.0
172.0
172.0
172.0
172.0
172.0
172.0
172.0
171.0
100.0
99.0
0.0
1.0
0.0
1.0
0.0
1.0
0.0
0.0
1.0
1.0
0.0
0.0
0.0
1.0
0.0
0.0
0.0
1.0
1.0
0.0
160.0
161.0
160.0
160.0
160.0
160.0
160.0
161.0
88.0
88.0
162.0
159.0
160.0
161.0
161.0
160.0
159.0
160.0
87.0
88.0
159.0
161.0
161.0
159.0
161.0
162.0
160.0
160.0
87.0
88.0
194.0
195.0
196.0
197.0
197.0
196.0
198.0
197.0
88.0
123.0
197.0
159.0
159.0
160.0
160.0
161.0
162.0
160.0
88.0
89.0
161.0
162.0
162.0
160.0
159.0
159.0
160.0
161.0
88.0
88.0
161.0
160.0
161.0
161.0
161.0
159.0
159.0
159.0
88.0
88.0
159.0
161.0
161.0
160.0
162.0
161.0
161.0
159.0
87.0
87.0
160.0
159.0
159.0
161.0
161.0
159.0
161.0
161.0
88.0
87.0
160.0
160.0
160.0
160.0
159.0
161.0
161.0
159.0
88.0
88.0
172.0
173.0
172.0
171.0
171.0
171.0
171.0
174.0
99.0
99.0
160.0
161.0
161.0
161.0
161.0
159.0
160.0
159.0
87.0
88.0
160.0
160.0
161.0
161.0
161.0
161.0
160.0
159.0
87.0
87.0
159.0
160.0
159.0
160.0
160.0
161.0
160.0
161.0
88.0
87.0
161.0
159.0
161.0
159.0
160.0
159.0
161.0
161.0
87.0
87.0
161.0
162.0
163.0
159.0
159.0
160.0
159.0
159.0
88.0
88.0
161.0
161.0
163.0
161.0
160.0
159.0
160.0
159.0
87.0
87.0
171.0
171.0
173.0
173.0
174.0
173.0
173.0
172.0
99.0
100.0
0.0
1.0
0.0
0.0
0.0
1.0
0.0
0.0
0.0
1.0
1.0
1.0
0.0
0.0
0.0
1.0
1.0
1.0
0.0
0.0
160.0
160.0
160.0
160.0
161.0
161.0
161.0
161.0
87.0
88.0
160.0
161.0
160.0
160.0
160.0
159.0
162.0
162.0
88.0
89.0
159.0
162.0
161.0
162.0
159.0
159.0
160.0
159.0
88.0
88.0
160.0
161.0
159.0
161.0
160.0
160.0
160.0
159.0
87.0
88.0
159.0
159.0
161.0
160.0
160.0
160.0
161.0
161.0
88.0
87.0
159.0
159.0
159.0
159.0
161.0
161.0
159.0
162.0
88.0
88.0
172.0
173.0
172.0
172.0
171.0
172.0
173.0
173.0
99.0
99.0
159.0
161.0
162.0
161.0
159.0
160.0
159.0
159.0
89.0
88.0
161.0
161.0
160.0
162.0
161.0
162.0
159.0
160.0
87.0
87.0
160.0
159.0
161.0
161.0
160.0
162.0
159.0
160.0
87.0
88.0
197.0
197.0
199.0
198.0
199.0
199.0
198.0
197.0
126.0
125.0
160.0
160.0
166.0
161.0
161.0
160.0
161.0
161.0
88.0
88.0
160.0
161.0
159.0
159.0
161.0
161.0
160.0
159.0
88.0
88.0
160.0
161.0
159.0
159.0
159.0
160.0
162.0
161.0
88.0
87.0
160.0
161.0
162.0
161.0
160.0
160.0
160.0
159.0
88.0
89.0
161.0
161.0
161.0
159.0
161.0
162.0
159.0
159.0
87.0
87.0
160.0
160.0
160.0
160.0
161.0
160.0
160.0
161.0
88.0
88.0
171.0
171.0
171.0
172.0
173.0
172.0
172.0
171.0
99.0
99.0
0.0
0.0
0.0
0.0
1.0
0.0
1.0
1.0
0.0
0.0
1.0
1.0
0.0
0.0
0.0
1.0
1.0
1.0
0.0
0.0
160.0
161.0
160.0
159.0
160.0
160.0
161.0
161.0
89.0
88.0
160.0
159.0
159.0
161.0
161.0
160.0
161.0
160.0
88.0
88.0
161.0
161.0
161.0
160.0
159.0
161.0
161.0
159.0
87.0
88.0
159.0
160.0
161.0
161.0
161.0
159.0
160.0
161.0
88.0
87.0
160.0
160.0
160.0
161.0
161.0
161.0
160.0
159.0
87.0
88.0
159.0
160.0
162.0
159.0
159.0
160.0
161.0
161.0
88.0
87.0
173.0
171.0
171.0
171.0
172.0
172.0
171.0
171.0
99.0
99.0
163.0
161.0
161.0
159.0
159.0
161.0
161.0
159.0
87.0
87.0
159.0
159.0
160.0
161.0
161.0
159.0
159.0
161.0
87.0
88.0
160.0
161.0
159.0
160.0
160.0
160.0
161.0
160.0
86.0
88.0
162.0
161.0
160.0
162.0
161.0
161.0
161.0
161.0
88.0
88.0
161.0
160.0
159.0
159.0
161.0
159.0
161.0
159.0
87.0
88.0
159.0
160.0
161.0
161.0
160.0
170.0
171.0
170.0
88.0
88.0
173.0
171.0
172.0
173.0
172.0
172.0
172.0
161.0
88.0
89.0
160.0
161.0
163.0
162.0
160.0
161.0
161.0
161.0
87.0
87.0
160.0
159.0
159.0
161.0
160.0
159.0
159.0
161.0
88.0
87.0
164.0
162.0
159.0
159.0
160.0
162.0
159.0
161.0
88.0
88.0
195.0
196.0
196.0
196.0
193.0
193.0
191.0
190.0
123.0
124.0
