2.0
1.0
2.0
1.0
2.0
1.0
1.0
1.0
1.0
1.0
1.0
2.0
2.0
1.0
1.0
1.0
1.0
1.0
1.0
1.0
1.0
2.0
2.0
1.0
2.0
1.0
2.0
2.0
2.0
1.0
2.0
1.0
1.0
1.0
1.0
1.0
1.0
1.0
1.0
1.0
1.0
1.0
1.0
1.0
1.0
1.0
1.0
1.0
1.0
2.0
472.0
470.0
472.0
472.0
469.0
469.0
472.0
472.0
471.0
473.0
428.0
426.0
423.0
425.0
425.0
427.0
426.0
428.0
424.0
425.0
423.0
424.0
424.0
425.0
426.0
428.0
427.0
426.0
425.0
425.0
469.0
472.0
468.0
468.0
467.0
470.0
468.0
469.0
469.0
472.0
435.0
444.0
434.0
440.0
445.0
437.0
435.0
435.0
438.0
435.0
471.0
472.0
472.0
471.0
473.0
470.0
472.0
472.0
469.0
472.0
425.0
425.0
424.0
426.0
429.0
428.0
425.0
424.0
426.0
425.0
469.0
469.0
471.0
468.0
468.0
469.0
470.0
471.0
470.0
471.0
424.0
424.0
427.0
426.0
428.0
424.0
425.0
426.0
428.0
425.0
423.0
424.0
426.0
426.0
427.0
424.0
428.0
427.0
427.0
426.0
585.0
588.0
592.0
589.0
587.0
589.0
590.0
590.0
588.0
585.0
422.0
427.0
427.0
425.0
427.0
424.0
427.0
426.0
427.0
427.0
424.0
427.0
428.0
427.0
427.0
430.0
426.0
429.0
428.0
427.0
469.0
468.0
470.0
470.0
470.0
470.0
469.0
471.0
470.0
472.0
424.0
428.0
428.0
426.0
426.0
424.0
427.0
425.0
426.0
428.0
470.0
471.0
471.0
471.0
470.0
470.0
469.0
472.0
469.0
467.0
1.0
2.0
1.0
1.0
1.0
1.0
1.0
1.0
2.0
1.0
2.0
2.0
1.0
1.0
2.0
1.0
2.0
2.0
1.0
1.0
1.0
1.0
2.0
1.0
1.0
1.0
2.0
1.0
2.0
2.0
1.0
1.0
1.0
1.0
2.0
2.0
1.0
1.0
1.0
1.0
1.0
1.0
1.0
2.0
1.0
1.0
1.0
1.0
1.0
1.0
2.0
2.0
1.0
1.0
1.0
1.0
2.0
1.0
1.0
1.0
1.0
1.0
1.0
2.0
2.0
1.0
2.0
1.0
1.0
1.0
1.0
1.0
2.0
2.0
1.0
1.0
1.0
1.0
1.0
1.0
1.0
2.0
1.0
1.0
1.0
1.0
1.0
1.0
2.0
2.0
2.0
1.0
1.0
1.0
1.0
1.0
1.0
1.0
2.0
1.0
2.0
2.0
1.0
2.0
1.0
2.0
2.0
1.0
2.0
2.0
2.0
2.0
1.0
1.0
2.0
2.0
2.0
2.0
1.0
1.0
2.0
2.0
1.0
1.0
1.0
1.0
1.0
1.0
1.0
2.0
1.0
1.0
1.0
1.0
2.0
2.0
1.0
1.0
1.0
2.0
1.0
1.0
1.0
1.0
1.0
1.0
1.0
1.0
1.0
1.0
2.0
2.0
1.0
2.0
2.0
1.0
1.0
1.0
1.0
2.0
2.0
1.0
1.0
1.0
1.0
1.0
1.0
1.0
1.0
1.0
1.0
1.0
1.0
1.0
1.0
1.0
1.0
1.0
1.0
1.0
1.0
1.0
1.0
1.0
2.0
1.0
1.0
1.0
1.0
1.0
2.0
2.0
1.0
1.0
1.0
1.0
1.0
1.0
2.0
2.0
2.0
2.0
2.0
2.0
2.0
1.0
1.0
1.0
1.0
1.0
2.0
1.0
1.0
1.0
1.0
1.0
1.0
2.0
1.0
2.0
1.0
2.0
2.0
2.0
1.0
1.0
2.0
1.0
2.0
1.0
1.0
1.0
1.0
1.0
1.0
2.0
1.0
1.0
1.0
1.0
1.0
1.0
1.0
1.0
2.0
2.0
1.0
1.0
1.0
1.0
1.0
1.0
1.0
2.0
1.0
1.0
1.0
1.0
1.0
1.0
1.0
1.0
2.0
1.0
1.0
1.0
1.0
1.0
1.0
1.0
1.0
2.0
1.0
1.0
1.0
2.0
1.0
1.0
1.0
2.0
1.0
1.0
1.0
1.0
2.0
2.0
1.0
1.0
1.0
1.0
1.0
1.0
1.0
2.0
1.0
2.0
1.0
1.0
1.0
1.0
1.0
1.0
1.0
2.0
1.0
1.0
1.0
1.0
1.0
2.0
3.0
2.0
1.0
1.0
1.0
1.0
1.0
2.0
2.0
1.0
1.0
1.0
1.0
2.0
1.0
1.0
1.0
1.0
2.0
2.0
1.0
1.0
1.0
1.0
1.0
1.0
1.0
1.0
1.0
2.0
1.0
1.0
2.0
1.0
1.0
1.0
1.0
1.0
1.0
2.0
1.0
1.0
1.0
1.0
1.0
1.0
2.0
2.0
1.0
1.0
1.0
1.0
2.0
1.0
1.0
1.0
1.0
1.0
1.0
1.0
1.0
1.0
1.0
1.0
1.0
1.0
1.0
1.0
1.0
2.0
1.0
1.0
1.0
1.0
2.0
1.0
1.0
1.0
1.0
2.0
1.0
1.0
1.0
1.0
1.0
2.0
2.0
1.0
1.0
1.0
494.0
497.0
498.0
620.0
497.0
497.0
496.0
569.0
651.0
481.0
458.0
457.0
456.0
456.0
455.0
452.0
421.0
396.0
449.0
216.0
462.0
462.0
474.0
465.0
472.0
472.0
473.0
472.0
466.0
274.0
425.0
422.0
425.0
425.0
428.0
428.0
427.0
428.0
427.0
231.0
424.0
425.0
425.0
472.0
471.0
467.0
468.0
471.0
468.0
233.0
584.0
582.0
586.0
583.0
538.0
542.0
540.0
540.0
540.0
347.0
425.0
424.0
426.0
428.0
423.0
427.0
424.0
425.0
429.0
230.0
469.0
471.0
470.0
470.0
469.0
466.0
469.0
467.0
470.0
275.0
426.0
426.0
425.0
427.0
427.0
426.0
428.0
427.0
427.0
232.0
425.0
428.0
428.0
427.0
425.0
425.0
424.0
470.0
471.0
232.0
469.0
472.0
468.0
472.0
470.0
471.0
467.0
428.0
426.0
231.0
427.0
428.0
426.0
424.0
425.0
428.0
426.0
427.0
423.0
232.0
470.0
469.0
470.0
471.0
470.0
471.0
471.0
470.0
471.0
274.0
426.0
425.0
424.0
424.0
425.0
430.0
424.0
426.0
429.0
233.0
427.0
425.0
425.0
427.0
468.0
470.0
465.0
471.0
467.0
231.0
468.0
468.0
466.0
470.0
470.0
426.0
427.0
428.0
426.0
231.0
427.0
426.0
428.0
425.0
426.0
426.0
424.0
427.0
425.0
230.0
471.0
471.0
471.0
470.0
580.0
583.0
588.0
590.0
591.0
277.0
539.0
542.0
542.0
545.0
543.0
423.0
427.0
427.0
425.0
232.0
427.0
426.0
426.0
426.0
427.0
427.0
424.0
428.0
429.0
231.0
471.0
467.0
470.0
470.0
471.0
470.0
469.0
467.0
470.0
274.0
427.0
426.0
427.0
423.0
426.0
427.0
430.0
427.0
423.0
231.0
427.0
472.0
471.0
469.0
471.0
470.0
470.0
469.0
472.0
231.0
467.0
468.0
426.0
427.0
427.0
428.0
427.0
426.0
427.0
232.0
425.0
423.0
423.0
425.0
425.0
426.0
425.0
427.0
425.0
230.0
470.0
471.0
467.0
469.0
468.0
468.0
471.0
469.0
470.0
274.0
432.0
437.0
442.0
447.0
436.0
434.0
434.0
442.0
436.0
240.0
480.0
428.0
483.0
478.0
479.0
470.0
472.0
470.0
470.0
235.0
470.0
471.0
426.0
426.0
428.0
423.0
426.0
428.0
425.0
232.0
425.0
429.0
427.0
427.0
430.0
428.0
425.0
427.0
468.0
231.0
588.0
585.0
585.0
585.0
586.0
586.0
585.0
580.0
587.0
348.0
428.0
429.0
426.0
425.0
427.0
425.0
425.0
426.0
425.0
229.0
425.0
426.0
427.0
430.0
426.0
426.0
424.0
425.0
426.0
231.0
467.0
469.0
471.0
471.0
472.0
472.0
470.0
468.0
471.0
274.0
427.0
421.0
428.0
426.0
426.0
424.0
426.0
425.0
428.0
230.0
468.0
468.0
468.0
467.0
469.0
471.0
470.0
469.0
470.0
277.0
426.0
427.0
427.0
424.0
426.0
427.0
427.0
426.0
430.0
231.0
426.0
427.0
429.0
428.0
424.0
424.0
470.0
470.0
472.0
231.0
473.0
471.0
471.0
472.0
470.0
470.0
468.0
427.0
427.0
231.0
423.0
429.0
425.0
425.0
428.0
426.0
424.0
424.0
424.0
232.0
471.0
471.0
470.0
470.0
471.0
469.0
471.0
467.0
468.0
273.0
428.0
427.0
425.0
426.0
426.0
425.0
428.0
426.0
422.0
231.0
426.0
427.0
427.0
423.0
424.0
470.0
470.0
470.0
469.0
228.0
577.0
581.0
580.0
583.0
581.0
579.0
540.0
539.0
537.0
342.0
425.0
423.0
425.0
430.0
426.0
428.0
427.0
426.0
431.0
229.0
425.0
425.0
422.0
428.0
472.0
473.0
470.0
469.0
468.0
232.0
470.0
472.0
472.0
469.0
471.0
426.0
425.0
427.0
424.0
231.0
426.0
424.0
426.0
426.0
427.0
426.0
427.0
428.0
428.0
233.0
470.0
472.0
471.0
469.0
467.0
472.0
471.0
470.0
472.0
275.0
426.0
426.0
426.0
426.0
423.0
431.0
427.0
426.0
427.0
229.0
471.0
469.0
473.0
472.0
472.0
466.0
472.0
470.0
467.0
232.0
471.0
426.0
429.0
426.0
426.0
427.0
425.0
426.0
428.0
229.0
424.0
425.0
425.0
426.0
427.0
427.0
426.0
428.0
429.0
234.0
471.0
471.0
468.0
470.0
471.0
469.0
470.0
470.0
473.0
274.0
429.0
427.0
426.0
425.0
426.0
426.0
428.0
427.0
425.0
232.0
428.0
426.0
426.0
470.0
470.0
467.0
472.0
470.0
471.0
229.0
580.0
581.0
581.0
579.0
535.0
532.0
537.0
535.0
534.0
341.0
425.0
423.0
428.0
424.0
426.0
425.0
425.0
428.0
429.0
233.0
468.0
469.0
466.0
474.0
467.0
469.0
472.0
471.0
468.0
273.0
427.0
425.0
425.0
428.0
429.0
430.0
427.0
424.0
426.0
230.0
434.0
433.0
434.0
431.0
437.0
432.0
435.0
440.0
432.0
230.0
466.0
461.0
460.0
481.0
482.0
477.0
458.0
478.0
476.0
270.0
425.0
426.0
425.0
425.0
425.0
426.0
427.0
426.0
426.0
230.0
472.0
470.0
469.0
468.0
471.0
467.0
469.0
472.0
470.0
273.0
428.0
426.0
429.0
424.0
423.0
424.0
426.0
426.0
424.0
229.0
427.0
426.0
426.0
428.0
425.0
426.0
427.0
468.0
469.0
232.0
470.0
467.0
468.0
470.0
467.0
469.0
469.0
469.0
423.0
231.0
427.0
429.0
428.0
426.0
427.0
427.0
424.0
428.0
427.0
230.0
501.0
468.0
472.0
468.0
503.0
469.0
471.0
579.0
577.0
276.0
533.0
534.0
535.0
539.0
532.0
534.0
533.0
531.0
427.0
230.0
425.0
426.0
424.0
425.0
429.0
424.0
428.0
428.0
422.0
231.0
472.0
469.0
471.0
468.0
470.0
471.0
471.0
469.0
466.0
277.0
426.0
427.0
426.0
425.0
425.0
425.0
427.0
427.0
427.0
230.0
423.0
423.0
425.0
427.0
424.0
467.0
471.0
473.0
471.0
232.0
471.0
468.0
471.0
470.0
468.0
469.0
427.0
428.0
425.0
231.0
428.0
426.0
423.0
428.0
425.0
427.0
425.0
426.0
427.0
232.0
472.0
472.0
472.0
466.0
470.0
468.0
471.0
467.0
470.0
276.0
427.0
428.0
425.0
426.0
428.0
424.0
426.0
425.0
426.0
230.0
424.0
424.0
426.0
426.0
422.0
427.0
464.0
468.0
471.0
232.0
470.0
469.0
471.0
469.0
469.0
468.0
470.0
427.0
424.0
231.0
427.0
426.0
424.0
426.0
428.0
425.0
425.0
427.0
425.0
230.0
469.0
588.0
591.0
589.0
587.0
592.0
624.0
584.0
619.0
274.0
549.0
547.0
427.0
426.0
422.0
428.0
427.0
422.0
428.0
230.0
424.0
429.0
428.0
427.0
424.0
426.0
426.0
422.0
427.0
231.0
471.0
470.0
474.0
467.0
472.0
470.0
471.0
472.0
470.0
276.0
426.0
426.0
426.0
427.0
428.0
426.0
427.0
428.0
426.0
229.0
423.0
470.0
470.0
469.0
470.0
468.0
468.0
473.0
469.0
231.0
467.0
470.0
427.0
426.0
428.0
430.0
426.0
428.0
426.0
231.0
426.0
428.0
423.0
425.0
423.0
425.0
426.0
428.0
427.0
231.0
469.0
470.0
468.0
470.0
469.0
470.0
470.0
469.0
471.0
276.0
427.0
428.0
428.0
424.0
429.0
426.0
428.0
426.0
426.0
230.0
469.0
468.0
471.0
469.0
467.0
469.0
471.0
468.0
470.0
273.0
428.0
427.0
425.0
429.0
427.0
423.0
427.0
428.0
425.0
231.0
426.0
427.0
426.0
424.0
427.0
426.0
425.0
428.0
427.0
232.0
594.0
590.0
591.0
592.0
592.0
593.0
593.0
589.0
591.0
396.0
438.0
441.0
431.0
442.0
440.0
446.0
455.0
435.0
433.0
235.0
426.0
443.0
426.0
446.0
443.0
428.0
481.0
468.0
468.0
246.0
470.0
471.0
469.0
468.0
471.0
470.0
471.0
427.0
424.0
232.0
423.0
426.0
427.0
427.0
425.0
427.0
424.0
426.0
427.0
229.0
468.0
467.0
469.0
470.0
468.0
472.0
469.0
468.0
469.0
274.0
426.0
425.0
424.0
426.0
425.0
428.0
425.0
425.0
426.0
233.0
425.0
426.0
427.0
423.0
426.0
426.0
471.0
468.0
471.0
231.0
468.0
470.0
470.0
470.0
466.0
470.0
469.0
429.0
426.0
231.0
426.0
424.0
426.0
427.0
426.0
424.0
428.0
427.0
427.0
230.0
469.0
467.0
468.0
467.0
468.0
470.0
467.0
468.0
468.0
274.0
428.0
425.0
427.0
426.0
425.0
423.0
427.0
427.0
426.0
232.0
424.0
428.0
427.0
466.0
467.0
468.0
467.0
470.0
469.0
231.0
581.0
579.0
579.0
580.0
539.0
537.0
539.0
534.0
534.0
340.0
424.0
425.0
425.0
425.0
428.0
429.0
429.0
426.0
422.0
233.0
428.0
425.0
427.0
427.0
470.0
472.0
473.0
472.0
467.0
230.0
465.0
471.0
469.0
470.0
471.0
425.0
427.0
428.0
426.0
231.0
426.0
425.0
427.0
425.0
426.0
425.0
424.0
426.0
428.0
231.0
473.0
469.0
469.0
471.0
472.0
470.0
470.0
471.0
472.0
275.0
426.0
425.0
428.0
425.0
425.0
424.0
426.0
424.0
428.0
230.0
428.0
468.0
470.0
471.0
468.0
470.0
471.0
467.0
470.0
232.0
469.0
470.0
429.0
427.0
426.0
423.0
426.0
425.0
426.0
230.0
427.0
428.0
425.0
425.0
426.0
428.0
421.0
423.0
426.0
231.0
471.0
471.0
471.0
470.0
470.0
469.0
469.0
467.0
469.0
273.0
426.0
427.0
429.0
427.0
426.0
427.0
427.0
426.0
423.0
230.0
471.0
470.0
471.0
470.0
473.0
469.0
470.0
471.0
469.0
230.0
589.0
549.0
553.0
548.0
547.0
546.0
549.0
549.0
551.0
354.0
425.0
422.0
428.0
425.0
426.0
425.0
423.0
426.0
428.0
232.0
470.0
471.0
467.0
471.0
468.0
471.0
469.0
470.0
471.0
277.0
427.0
426.0
424.0
425.0
426.0
427.0
426.0
427.0
426.0
233.0
428.0
428.0
429.0
426.0
423.0
426.0
426.0
428.0
427.0
231.0
471.0
469.0
469.0
468.0
470.0
467.0
468.0
470.0
471.0
274.0
424.0
427.0
430.0
427.0
425.0
425.0
426.0
426.0
424.0
230.0
469.0
471.0
471.0
472.0
470.0
467.0
467.0
470.0
468.0
274.0
427.0
424.0
427.0
429.0
425.0
425.0
425.0
425.0
425.0
230.0
428.0
426.0
426.0
427.0
427.0
428.0
463.0
474.0
470.0
231.0
481.0
487.0
488.0
490.0
482.0
483.0
501.0
452.0
441.0
244.0
440.0
435.0
439.0
435.0
435.0
431.0
429.0
429.0
430.0
233.0
468.0
470.0
471.0
471.0
478.0
584.0
586.0
586.0
588.0
273.0
545.0
544.0
547.0
544.0
542.0
544.0
426.0
427.0
425.0
230.0
429.0
428.0
423.0
429.0
429.0
425.0
427.0
425.0
430.0
230.0
470.0
469.0
470.0
469.0
470.0
470.0
468.0
478.0
469.0
276.0
427.0
424.0
428.0
427.0
424.0
429.0
426.0
426.0
431.0
232.0
427.0
427.0
427.0
469.0
470.0
469.0
468.0
470.0
469.0
233.0
470.0
469.0
467.0
469.0
428.0
425.0
423.0
427.0
427.0
231.0
425.0
428.0
426.0
423.0
425.0
428.0
424.0
425.0
428.0
230.0
470.0
469.0
470.0
470.0
472.0
472.0
470.0
470.0
469.0
276.0
428.0
426.0
425.0
426.0
426.0
425.0
425.0
425.0
425.0
230.0
427.0
427.0
470.0
468.0
470.0
470.0
469.0
471.0
469.0
230.0
471.0
469.0
471.0
426.0
427.0
424.0
424.0
427.0
427.0
231.0
428.0
424.0
425.0
427.0
427.0
424.0
429.0
427.0
423.0
232.0
589.0
586.0
585.0
586.0
589.0
589.0
590.0
587.0
585.0
274.0
542.0
426.0
427.0
425.0
426.0
427.0
427.0
428.0
427.0
232.0
426.0
430.0
424.0
428.0
422.0
429.0
424.0
426.0
428.0
229.0
468.0
466.0
468.0
467.0
468.0
469.0
470.0
470.0
470.0
274.0
424.0
428.0
427.0
426.0
427.0
426.0
427.0
425.0
426.0
229.0
470.0
470.0
469.0
470.0
470.0
469.0
467.0
469.0
468.0
274.0
430.0
428.0
427.0
427.0
426.0
428.0
426.0
422.0
424.0
229.0
426.0
425.0
428.0
428.0
425.0
425.0
427.0
426.0
467.0
231.0
471.0
470.0
468.0
468.0
468.0
470.0
468.0
471.0
468.0
231.0
426.0
426.0
427.0
425.0
426.0
424.0
426.0
426.0
426.0
230.0
468.0
466.0
470.0
471.0
470.0
468.0
470.0
468.0
469.0
274.0
425.0
426.0
423.0
427.0
425.0
425.0
426.0
427.0
426.0
232.0
427.0
428.0
425.0
421.0
427.0
423.0
469.0
469.0
470.0
229.0
597.0
599.0
602.0
597.0
598.0
599.0
596.0
556.0
557.0
361.0
427.0
424.0
424.0
427.0
419.0
415.0
423.0
421.0
418.0
231.0
