1.0
0.0
0.0
0.0
1.0
1.0
1.0
1.0
1.0
0.0
7.0
7.0
7.0
7.0
7.0
6.0
6.0
7.0
7.0
7.0
30.0
30.0
30.0
30.0
31.0
31.0
31.0
30.0
30.0
30.0
184.0
184.0
184.0
184.0
183.0
183.0
183.0
183.0
184.0
184.0
142.0
142.0
142.0
142.0
142.0
142.0
142.0
141.0
141.0
141.0
142.0
141.0
142.0
142.0
141.0
142.0
142.0
142.0
142.0
142.0
142.0
142.0
141.0
141.0
141.0
141.0
141.0
141.0
141.0
142.0
142.0
143.0
143.0
143.0
143.0
143.0
143.0
143.0
143.0
142.0
142.0
141.0
141.0
141.0
141.0
141.0
141.0
142.0
141.0
142.0
142.0
142.0
142.0
142.0
142.0
142.0
141.0
141.0
141.0
141.0
142.0
143.0
142.0
143.0
142.0
143.0
143.0
142.0
142.0
143.0
142.0
142.0
141.0
141.0
141.0
141.0
141.0
141.0
141.0
142.0
142.0
142.0
142.0
142.0
142.0
142.0
142.0
142.0
142.0
141.0
141.0
142.0
142.0
141.0
142.0
142.0
141.0
142.0
142.0
142.0
142.0
142.0
141.0
141.0
141.0
141.0
141.0
141.0
142.0
142.0
201.0
201.0
201.0
201.0
201.0
201.0
201.0
201.0
201.0
201.0
142.0
142.0
142.0
142.0
143.0
143.0
142.0
142.0
142.0
142.0
142.0
142.0
143.0
141.0
142.0
142.0
142.0
142.0
142.0
142.0
142.0
142.0
142.0
141.0
142.0
142.0
142.0
142.0
142.0
142.0
142.0
142.0
142.0
142.0
141.0
141.0
142.0
141.0
141.0
141.0
143.0
142.0
142.0
142.0
142.0
141.0
141.0
142.0
142.0
141.0
7.0
6.0
7.0
7.0
7.0
7.0
7.0
7.0
6.0
7.0
7.0
7.0
7.0
7.0
7.0
7.0
7.0
7.0
7.0
6.0
7.0
7.0
6.0
6.0
7.0
7.0
7.0
7.0
7.0
7.0
7.0
7.0
6.0
6.0
6.0
7.0
7.0
7.0
7.0
7.0
7.0
7.0
7.0
7.0
7.0
6.0
7.0
7.0
7.0
7.0
7.0
7.0
7.0
7.0
7.0
7.0
7.0
6.0
7.0
6.0
7.0
7.0
7.0
7.0
7.0
7.0
7.0
6.0
6.0
6.0
6.0
5.0
5.0
6.0
6.0
6.0
6.0
6.0
6.0
6.0
6.0
5.0
6.0
5.0
5.0
5.0
5.0
1.0
5.0
1.0
0.0
0.0
1.0
1.0
1.0
1.0
0.0
0.0
1.0
1.0
31.0
30.0
30.0
31.0
31.0
31.0
31.0
31.0
31.0
31.0
31.0
30.0
31.0
30.0
30.0
30.0
30.0
30.0
30.0
31.0
30.0
30.0
30.0
30.0
30.0
30.0
31.0
31.0
31.0
30.0
31.0
31.0
30.0
31.0
31.0
30.0
30.0
30.0
30.0
30.0
30.0
30.0
31.0
30.0
30.0
30.0
31.0
31.0
31.0
31.0
31.0
30.0
30.0
30.0
31.0
30.0
30.0
29.0
30.0
29.0
31.0
30.0
30.0
30.0
31.0
31.0
30.0
29.0
30.0
29.0
29.0
29.0
30.0
30.0
30.0
30.0
29.0
29.0
29.0
30.0
114.0
113.0
113.0
113.0
113.0
100.0
113.0
1.0
113.0
0.0
1.0
1.0
0.0
85.0
85.0
0.0
1.0
1.0
0.0
0.0
143.0
142.0
142.0
142.0
142.0
142.0
142.0
142.0
143.0
142.0
141.0
142.0
141.0
142.0
142.0
142.0
142.0
141.0
141.0
141.0
142.0
141.0
142.0
141.0
141.0
141.0
142.0
142.0
142.0
143.0
142.0
142.0
141.0
142.0
142.0
142.0
141.0
141.0
141.0
141.0
141.0
142.0
142.0
141.0
141.0
141.0
141.0
142.0
141.0
141.0
142.0
141.0
141.0
142.0
141.0
141.0
141.0
141.0
141.0
141.0
141.0
142.0
142.0
141.0
141.0
141.0
142.0
141.0
142.0
141.0
141.0
141.0
141.0
140.0
141.0
141.0
140.0
89.0
141.0
90.0
141.0
140.0
140.0
140.0
140.0
76.0
140.0
61.0
140.0
60.0
61.0
61.0
61.0
60.0
61.0
61.0
61.0
61.0
61.0
61.0
141.0
141.0
142.0
142.0
142.0
142.0
142.0
141.0
142.0
141.0
181.0
181.0
180.0
181.0
181.0
181.0
181.0
181.0
180.0
181.0
142.0
142.0
142.0
141.0
142.0
141.0
141.0
142.0
142.0
141.0
142.0
141.0
141.0
141.0
142.0
142.0
142.0
141.0
142.0
142.0
142.0
141.0
141.0
142.0
142.0
142.0
142.0
142.0
141.0
142.0
141.0
142.0
142.0
141.0
142.0
141.0
142.0
140.0
142.0
141.0
142.0
141.0
141.0
142.0
142.0
142.0
141.0
140.0
142.0
140.0
140.0
140.0
141.0
140.0
141.0
140.0
140.0
89.0
140.0
90.0
141.0
140.0
140.0
140.0
140.0
76.0
140.0
61.0
141.0
61.0
61.0
61.0
61.0
61.0
61.0
60.0
61.0
61.0
61.0
61.0
141.0
141.0
141.0
141.0
141.0
142.0
142.0
141.0
141.0
141.0
142.0
142.0
142.0
142.0
142.0
141.0
141.0
142.0
142.0
142.0
142.0
141.0
141.0
142.0
142.0
143.0
143.0
143.0
185.0
185.0
185.0
185.0
185.0
184.0
184.0
184.0
184.0
183.0
141.0
142.0
141.0
142.0
142.0
141.0
142.0
141.0
141.0
142.0
142.0
142.0
142.0
141.0
141.0
142.0
141.0
142.0
142.0
140.0
141.0
141.0
141.0
142.0
141.0
142.0
142.0
141.0
142.0
140.0
142.0
141.0
140.0
140.0
141.0
140.0
140.0
141.0
141.0
90.0
141.0
90.0
140.0
140.0
141.0
140.0
140.0
75.0
141.0
61.0
140.0
61.0
61.0
61.0
61.0
61.0
61.0
60.0
61.0
61.0
61.0
61.0
141.0
141.0
141.0
142.0
142.0
142.0
142.0
142.0
141.0
142.0
142.0
142.0
142.0
142.0
142.0
141.0
141.0
142.0
141.0
141.0
142.0
141.0
141.0
141.0
141.0
141.0
142.0
142.0
142.0
142.0
141.0
142.0
142.0
141.0
142.0
141.0
142.0
141.0
141.0
142.0
142.0
142.0
141.0
142.0
141.0
142.0
143.0
142.0
142.0
141.0
183.0
183.0
183.0
183.0
183.0
183.0
183.0
181.0
183.0
182.0
141.0
141.0
141.0
141.0
141.0
141.0
142.0
141.0
141.0
140.0
141.0
141.0
141.0
141.0
141.0
141.0
140.0
90.0
141.0
90.0
140.0
140.0
140.0
141.0
140.0
76.0
140.0
60.0
141.0
60.0
61.0
60.0
62.0
61.0
61.0
61.0
61.0
61.0
61.0
61.0
142.0
141.0
142.0
141.0
141.0
142.0
142.0
141.0
142.0
141.0
142.0
142.0
142.0
142.0
142.0
141.0
141.0
142.0
141.0
142.0
141.0
141.0
142.0
141.0
141.0
142.0
142.0
141.0
142.0
141.0
142.0
142.0
142.0
142.0
142.0
141.0
142.0
142.0
142.0
142.0
141.0
141.0
141.0
142.0
141.0
142.0
142.0
141.0
141.0
142.0
143.0
144.0
144.0
145.0
144.0
144.0
144.0
144.0
144.0
143.0
142.0
142.0
142.0
142.0
142.0
141.0
142.0
141.0
141.0
141.0
141.0
140.0
181.0
181.0
181.0
180.0
180.0
90.0
180.0
90.0
181.0
180.0
180.0
180.0
142.0
75.0
141.0
61.0
141.0
61.0
62.0
62.0
62.0
62.0
62.0
62.0
62.0
61.0
61.0
61.0
142.0
142.0
142.0
142.0
142.0
142.0
142.0
142.0
142.0
142.0
142.0
141.0
142.0
142.0
142.0
141.0
142.0
142.0
142.0
142.0
142.0
142.0
142.0
142.0
141.0
143.0
142.0
143.0
142.0
142.0
142.0
143.0
142.0
142.0
142.0
141.0
141.0
142.0
141.0
141.0
141.0
141.0
141.0
143.0
142.0
142.0
142.0
142.0
142.0
142.0
143.0
143.0
143.0
143.0
143.0
143.0
143.0
142.0
143.0
142.0
142.0
142.0
141.0
142.0
142.0
142.0
142.0
141.0
141.0
141.0
141.0
140.0
141.0
140.0
141.0
141.0
141.0
90.0
140.0
89.0
140.0
140.0
140.0
140.0
140.0
76.0
140.0
60.0
140.0
61.0
62.0
61.0
61.0
61.0
61.0
61.0
61.0
61.0
61.0
61.0
142.0
141.0
141.0
142.0
142.0
142.0
142.0
142.0
141.0
142.0
181.0
181.0
182.0
181.0
181.0
181.0
181.0
181.0
181.0
180.0
142.0
142.0
141.0
143.0
142.0
143.0
143.0
143.0
143.0
143.0
143.0
143.0
143.0
143.0
142.0
142.0
142.0
141.0
142.0
141.0
142.0
141.0
141.0
142.0
142.0
142.0
141.0
141.0
141.0
141.0
141.0
142.0
142.0
142.0
141.0
141.0
142.0
140.0
141.0
141.0
142.0
141.0
141.0
142.0
141.0
142.0
141.0
141.0
142.0
141.0
141.0
142.0
142.0
141.0
142.0
141.0
142.0
90.0
141.0
90.0
141.0
140.0
140.0
140.0
140.0
76.0
140.0
61.0
140.0
61.0
61.0
61.0
61.0
60.0
61.0
61.0
61.0
61.0
61.0
61.0
141.0
141.0
141.0
142.0
142.0
142.0
141.0
141.0
142.0
142.0
142.0
142.0
142.0
141.0
141.0
141.0
141.0
142.0
141.0
142.0
141.0
141.0
141.0
142.0
142.0
142.0
142.0
141.0
142.0
142.0
142.0
141.0
142.0
141.0
141.0
141.0
141.0
141.0
141.0
142.0
182.0
183.0
182.0
182.0
183.0
182.0
182.0
182.0
183.0
182.0
142.0
141.0
141.0
142.0
142.0
142.0
142.0
140.0
142.0
141.0
141.0
142.0
142.0
141.0
141.0
141.0
142.0
141.0
141.0
141.0
141.0
140.0
140.0
141.0
141.0
140.0
140.0
90.0
141.0
90.0
140.0
140.0
141.0
141.0
140.0
75.0
140.0
61.0
140.0
61.0
61.0
61.0
61.0
61.0
61.0
60.0
60.0
61.0
61.0
61.0
141.0
141.0
142.0
141.0
141.0
142.0
142.0
142.0
141.0
142.0
142.0
142.0
141.0
142.0
142.0
141.0
142.0
142.0
142.0
141.0
141.0
141.0
142.0
141.0
141.0
142.0
141.0
142.0
142.0
142.0
143.0
141.0
142.0
142.0
142.0
142.0
141.0
142.0
141.0
141.0
141.0
141.0
141.0
142.0
142.0
141.0
142.0
142.0
142.0
142.0
141.0
142.0
142.0
141.0
141.0
142.0
141.0
141.0
141.0
140.0
142.0
141.0
141.0
142.0
142.0
141.0
142.0
140.0
142.0
141.0
184.0
184.0
183.0
183.0
183.0
183.0
183.0
133.0
183.0
132.0
141.0
140.0
140.0
140.0
140.0
76.0
140.0
61.0
140.0
61.0
61.0
61.0
61.0
61.0
61.0
61.0
61.0
61.0
60.0
61.0
142.0
142.0
142.0
142.0
143.0
142.0
143.0
142.0
145.0
144.0
157.0
158.0
162.0
161.0
160.0
164.0
164.0
167.0
170.0
160.0
154.0
154.0
155.0
152.0
151.0
150.0
150.0
156.0
149.0
148.0
142.0
142.0
141.0
142.0
142.0
142.0
141.0
141.0
148.0
141.0
141.0
141.0
142.0
142.0
141.0
141.0
142.0
141.0
142.0
148.0
142.0
142.0
141.0
142.0
142.0
142.0
142.0
141.0
141.0
147.0
142.0
141.0
142.0
142.0
142.0
142.0
142.0
140.0
142.0
147.0
141.0
141.0
141.0
141.0
140.0
141.0
140.0
90.0
141.0
94.0
141.0
140.0
140.0
140.0
146.0
76.0
140.0
60.0
140.0
60.0
61.0
61.0
61.0
61.0
61.0
61.0
61.0
61.0
61.0
61.0
148.0
142.0
142.0
141.0
141.0
142.0
142.0
142.0
142.0
142.0
179.0
184.0
179.0
179.0
179.0
178.0
179.0
179.0
179.0
178.0
141.0
141.0
148.0
141.0
142.0
142.0
141.0
141.0
142.0
142.0
142.0
142.0
148.0
141.0
141.0
141.0
142.0
142.0
142.0
141.0
141.0
141.0
148.0
141.0
142.0
142.0
141.0
141.0
142.0
142.0
142.0
142.0
142.0
141.0
148.0
142.0
142.0
141.0
142.0
140.0
142.0
142.0
141.0
142.0
141.0
147.0
142.0
140.0
142.0
141.0
140.0
140.0
141.0
140.0
141.0
149.0
140.0
90.0
140.0
89.0
140.0
140.0
141.0
140.0
140.0
75.0
140.0
61.0
147.0
61.0
61.0
61.0
61.0
61.0
61.0
61.0
61.0
61.0
61.0
61.0
141.0
141.0
148.0
142.0
141.0
141.0
142.0
141.0
142.0
141.0
142.0
142.0
141.0
147.0
142.0
143.0
141.0
142.0
141.0
142.0
143.0
142.0
143.0
143.0
143.0
143.0
149.0
143.0
143.0
143.0
141.0
142.0
142.0
141.0
142.0
142.0
148.0
141.0
142.0
142.0
181.0
181.0
181.0
182.0
181.0
181.0
188.0
182.0
181.0
181.0
142.0
141.0
142.0
141.0
142.0
142.0
141.0
140.0
141.0
146.0
142.0
142.0
142.0
142.0
142.0
141.0
142.0
141.0
142.0
148.0
140.0
140.0
140.0
140.0
141.0
141.0
140.0
90.0
140.0
94.0
140.0
140.0
140.0
146.0
140.0
76.0
140.0
61.0
141.0
61.0
63.0
61.0
61.0
61.0
61.0
60.0
61.0
61.0
64.0
61.0
142.0
142.0
141.0
142.0
142.0
142.0
142.0
142.0
142.0
148.0
141.0
141.0
142.0
142.0
142.0
141.0
142.0
142.0
141.0
148.0
141.0
142.0
141.0
141.0
142.0
142.0
141.0
141.0
142.0
149.0
142.0
141.0
142.0
142.0
141.0
141.0
142.0
142.0
141.0
148.0
142.0
141.0
141.0
141.0
141.0
142.0
141.0
141.0
142.0
148.0
142.0
142.0
142.0
142.0
142.0
141.0
142.0
141.0
141.0
147.0
142.0
141.0
141.0
141.0
141.0
142.0
141.0
140.0
142.0
191.0
186.0
187.0
187.0
187.0
187.0
187.0
188.0
135.0
188.0
93.0
144.0
144.0
143.0
143.0
143.0
77.0
142.0
63.0
142.0
63.0
61.0
61.0
60.0
61.0
61.0
61.0
61.0
61.0
60.0
60.0
142.0
142.0
142.0
141.0
142.0
141.0
141.0
142.0
142.0
142.0
141.0
141.0
141.0
142.0
141.0
142.0
142.0
141.0
141.0
142.0
142.0
142.0
142.0
141.0
142.0
142.0
142.0
142.0
142.0
141.0
141.0
142.0
142.0
142.0
142.0
142.0
141.0
141.0
141.0
142.0
142.0
141.0
142.0
142.0
142.0
143.0
143.0
143.0
143.0
142.0
142.0
142.0
142.0
142.0
142.0
142.0
141.0
140.0
141.0
141.0
142.0
142.0
141.0
142.0
141.0
142.0
142.0
141.0
142.0
140.0
140.0
140.0
141.0
140.0
141.0
140.0
140.0
89.0
141.0
89.0
140.0
140.0
140.0
141.0
140.0
76.0
140.0
61.0
140.0
61.0
61.0
61.0
61.0
61.0
61.0
61.0
61.0
62.0
61.0
60.0
141.0
141.0
142.0
142.0
142.0
142.0
141.0
142.0
141.0
141.0
180.0
180.0
180.0
180.0
180.0
180.0
181.0
181.0
180.0
180.0
142.0
141.0
142.0
141.0
142.0
141.0
141.0
142.0
141.0
142.0
141.0
141.0
141.0
142.0
141.0
142.0
142.0
142.0
142.0
142.0
142.0
142.0
142.0
141.0
141.0
142.0
141.0
142.0
142.0
141.0
142.0
142.0
142.0
142.0
142.0
141.0
142.0
141.0
142.0
141.0
141.0
141.0
141.0
141.0
142.0
142.0
142.0
140.0
142.0
140.0
141.0
141.0
140.0
141.0
140.0
140.0
140.0
90.0
141.0
90.0
140.0
140.0
140.0
140.0
140.0
75.0
140.0
61.0
140.0
61.0
61.0
61.0
61.0
61.0
61.0
61.0
61.0
60.0
61.0
61.0
142.0
141.0
142.0
141.0
141.0
142.0
141.0
142.0
141.0
141.0
141.0
142.0
141.0
142.0
142.0
141.0
142.0
141.0
142.0
142.0
142.0
142.0
142.0
141.0
142.0
142.0
141.0
142.0
141.0
141.0
141.0
142.0
141.0
142.0
141.0
141.0
142.0
141.0
142.0
142.0
185.0
185.0
185.0
184.0
185.0
185.0
185.0
185.0
185.0
185.0
142.0
141.0
142.0
141.0
142.0
142.0
142.0
141.0
141.0
140.0
141.0
142.0
141.0
141.0
141.0
141.0
141.0
141.0
142.0
141.0
142.0
141.0
142.0
142.0
142.0
142.0
142.0
90.0
141.0
90.0
140.0
140.0
140.0
140.0
141.0
75.0
140.0
61.0
140.0
61.0
61.0
61.0
61.0
61.0
61.0
61.0
61.0
61.0
61.0
61.0
142.0
142.0
142.0
142.0
141.0
141.0
142.0
142.0
141.0
142.0
141.0
141.0
141.0
141.0
142.0
142.0
141.0
141.0
142.0
141.0
142.0
142.0
142.0
142.0
141.0
141.0
142.0
142.0
142.0
142.0
141.0
141.0
141.0
141.0
142.0
142.0
141.0
143.0
141.0
141.0
141.0
142.0
143.0
142.0
141.0
142.0
142.0
142.0
141.0
142.0
142.0
142.0
142.0
142.0
143.0
142.0
142.0
141.0
142.0
141.0
142.0
142.0
141.0
142.0
141.0
142.0
141.0
141.0
142.0
142.0
184.0
184.0
184.0
184.0
184.0
184.0
184.0
133.0
184.0
135.0
141.0
140.0
140.0
145.0
141.0
75.0
141.0
61.0
141.0
61.0
61.0
61.0
61.0
61.0
61.0
61.0
61.0
62.0
61.0
62.0
142.0
142.0
142.0
143.0
143.0
143.0
142.0
145.0
142.0
142.0
142.0
142.0
142.0
142.0
141.0
141.0
142.0
141.0
141.0
141.0
141.0
141.0
141.0
142.0
142.0
142.0
141.0
142.0
142.0
142.0
142.0
142.0
142.0
141.0
142.0
141.0
142.0
141.0
142.0
141.0
142.0
142.0
141.0
141.0
141.0
142.0
141.0
142.0
141.0
142.0
141.0
141.0
142.0
142.0
142.0
142.0
142.0
140.0
142.0
140.0
142.0
142.0
141.0
142.0
142.0
141.0
142.0
141.0
141.0
141.0
140.0
140.0
141.0
140.0
140.0
140.0
140.0
89.0
141.0
89.0
140.0
140.0
140.0
141.0
140.0
76.0
140.0
61.0
139.0
61.0
61.0
61.0
61.0
58.0
57.0
57.0
56.0
56.0
53.0
53.0
