2.0
2.0
2.0
1.0
1.0
1.0
2.0
2.0
2.0
2.0
11.0
11.0
11.0
11.0
11.0
11.0
11.0
11.0
11.0
11.0
11.0
11.0
11.0
11.0
10.0
10.0
11.0
11.0
11.0
11.0
11.0
11.0
11.0
11.0
11.0
10.0
11.0
11.0
11.0
11.0
10.0
11.0
11.0
11.0
11.0
11.0
11.0
11.0
11.0
11.0
12.0
11.0
11.0
11.0
11.0
11.0
11.0
11.0
11.0
11.0
11.0
11.0
11.0
11.0
11.0
10.0
11.0
11.0
11.0
11.0
430.0
430.0
431.0
430.0
431.0
429.0
429.0
430.0
430.0
430.0
918.0
919.0
920.0
919.0
922.0
918.0
919.0
920.0
919.0
919.0
927.0
925.0
929.0
925.0
926.0
926.0
927.0
927.0
928.0
926.0
919.0
918.0
918.0
921.0
917.0
918.0
918.0
917.0
917.0
918.0
930.0
919.0
921.0
920.0
918.0
918.0
918.0
921.0
918.0
918.0
926.0
925.0
924.0
924.0
927.0
925.0
926.0
925.0
922.0
925.0
917.0
918.0
918.0
919.0
921.0
919.0
918.0
919.0
918.0
917.0
935.0
935.0
935.0
936.0
936.0
934.0
935.0
933.0
935.0
935.0
918.0
918.0
918.0
917.0
918.0
918.0
918.0
920.0
919.0
918.0
918.0
917.0
917.0
917.0
916.0
920.0
918.0
918.0
917.0
917.0
924.0
924.0
926.0
926.0
925.0
925.0
926.0
925.0
926.0
925.0
917.0
918.0
916.0
917.0
917.0
917.0
921.0
918.0
918.0
916.0
946.0
948.0
946.0
946.0
949.0
944.0
948.0
948.0
950.0
948.0
918.0
922.0
921.0
915.0
920.0
918.0
923.0
922.0
922.0
921.0
11.0
11.0
11.0
10.0
10.0
11.0
11.0
11.0
11.0
11.0
11.0
11.0
11.0
11.0
11.0
10.0
10.0
10.0
11.0
11.0
10.0
11.0
11.0
11.0
11.0
11.0
10.0
11.0
10.0
10.0
11.0
10.0
10.0
10.0
11.0
11.0
11.0
11.0
11.0
10.0
11.0
11.0
11.0
11.0
10.0
10.0
10.0
10.0
11.0
11.0
11.0
11.0
11.0
11.0
11.0
11.0
11.0
10.0
10.0
10.0
423.0
423.0
423.0
422.0
424.0
423.0
423.0
423.0
423.0
422.0
933.0
932.0
931.0
932.0
931.0
932.0
933.0
932.0
933.0
931.0
918.0
919.0
919.0
919.0
918.0
925.0
918.0
918.0
917.0
919.0
919.0
919.0
921.0
920.0
919.0
920.0
920.0
918.0
919.0
930.0
924.0
925.0
925.0
924.0
924.0
924.0
923.0
923.0
923.0
931.0
920.0
920.0
920.0
919.0
920.0
919.0
921.0
920.0
921.0
932.0
935.0
934.0
934.0
938.0
935.0
935.0
935.0
935.0
934.0
937.0
917.0
918.0
918.0
916.0
916.0
918.0
917.0
919.0
919.0
919.0
910.0
909.0
910.0
911.0
911.0
910.0
910.0
910.0
911.0
915.0
932.0
932.0
931.0
933.0
934.0
931.0
932.0
933.0
931.0
927.0
916.0
919.0
916.0
917.0
920.0
920.0
917.0
917.0
917.0
917.0
944.0
943.0
945.0
949.0
944.0
949.0
960.0
946.0
944.0
960.0
925.0
925.0
925.0
926.0
925.0
925.0
925.0
926.0
926.0
928.0
916.0
915.0
916.0
917.0
917.0
917.0
917.0
917.0
917.0
917.0
11.0
11.0
11.0
11.0
11.0
10.0
10.0
10.0
11.0
11.0
11.0
10.0
10.0
11.0
11.0
10.0
10.0
11.0
11.0
10.0
11.0
10.0
11.0
11.0
11.0
11.0
10.0
10.0
11.0
11.0
11.0
10.0
11.0
11.0
11.0
11.0
11.0
10.0
10.0
10.0
11.0
10.0
10.0
10.0
11.0
11.0
10.0
11.0
11.0
11.0
11.0
11.0
11.0
11.0
10.0
10.0
11.0
10.0
11.0
10.0
429.0
430.0
429.0
429.0
429.0
430.0
428.0
430.0
429.0
429.0
925.0
925.0
925.0
924.0
926.0
925.0
927.0
923.0
926.0
925.0
918.0
918.0
927.0
919.0
918.0
920.0
917.0
918.0
917.0
918.0
933.0
934.0
933.0
933.0
935.0
933.0
933.0
933.0
933.0
934.0
916.0
918.0
918.0
917.0
918.0
919.0
918.0
917.0
919.0
918.0
917.0
915.0
916.0
917.0
917.0
922.0
917.0
917.0
916.0
917.0
930.0
930.0
930.0
929.0
924.0
930.0
929.0
930.0
931.0
930.0
916.0
915.0
915.0
919.0
918.0
916.0
918.0
915.0
916.0
915.0
918.0
919.0
918.0
917.0
917.0
918.0
919.0
918.0
917.0
919.0
926.0
927.0
926.0
926.0
926.0
924.0
925.0
925.0
926.0
926.0
916.0
916.0
916.0
916.0
916.0
918.0
917.0
917.0
918.0
919.0
934.0
933.0
935.0
934.0
933.0
931.0
933.0
933.0
934.0
934.0
918.0
918.0
918.0
917.0
918.0
920.0
918.0
917.0
920.0
918.0
917.0
916.0
917.0
918.0
915.0
917.0
916.0
916.0
919.0
917.0
11.0
11.0
11.0
11.0
10.0
11.0
11.0
11.0
11.0
11.0
11.0
11.0
11.0
10.0
11.0
10.0
11.0
11.0
11.0
10.0
10.0
10.0
11.0
11.0
11.0
11.0
10.0
10.0
10.0
11.0
11.0
11.0
11.0
11.0
11.0
11.0
11.0
11.0
11.0
10.0
11.0
11.0
10.0
10.0
10.0
10.0
11.0
11.0
11.0
11.0
10.0
10.0
11.0
11.0
11.0
10.0
10.0
10.0
11.0
11.0
486.0
480.0
478.0
478.0
485.0
478.0
481.0
479.0
481.0
481.0
919.0
919.0
918.0
919.0
919.0
919.0
918.0
919.0
919.0
918.0
919.0
919.0
917.0
915.0
916.0
915.0
915.0
917.0
917.0
917.0
931.0
935.0
929.0
929.0
930.0
928.0
929.0
927.0
929.0
929.0
919.0
918.0
919.0
919.0
921.0
918.0
918.0
926.0
920.0
918.0
918.0
918.0
918.0
918.0
918.0
917.0
918.0
916.0
916.0
926.0
929.0
931.0
929.0
930.0
932.0
931.0
930.0
929.0
930.0
946.0
918.0
918.0
918.0
916.0
918.0
918.0
918.0
918.0
921.0
919.0
937.0
937.0
940.0
939.0
937.0
939.0
938.0
937.0
938.0
936.0
919.0
918.0
917.0
917.0
917.0
918.0
918.0
919.0
918.0
918.0
917.0
917.0
916.0
916.0
918.0
917.0
918.0
915.0
917.0
918.0
932.0
929.0
930.0
929.0
927.0
931.0
928.0
929.0
929.0
930.0
917.0
919.0
917.0
917.0
917.0
918.0
917.0
917.0
917.0
919.0
917.0
916.0
917.0
917.0
916.0
916.0
917.0
917.0
916.0
932.0
11.0
11.0
11.0
11.0
11.0
11.0
11.0
11.0
11.0
11.0
11.0
10.0
10.0
11.0
11.0
11.0
10.0
28.0
28.0
28.0
29.0
29.0
28.0
28.0
28.0
29.0
11.0
11.0
11.0
11.0
11.0
11.0
11.0
11.0
11.0
11.0
11.0
11.0
11.0
10.0
10.0
11.0
11.0
11.0
10.0
11.0
11.0
10.0
10.0
11.0
10.0
10.0
10.0
10.0
11.0
10.0
10.0
11.0
10.0
11.0
421.0
422.0
422.0
422.0
422.0
422.0
421.0
422.0
422.0
421.0
918.0
918.0
919.0
918.0
919.0
918.0
918.0
918.0
917.0
918.0
918.0
917.0
918.0
919.0
917.0
917.0
916.0
916.0
917.0
918.0
952.0
961.0
956.0
952.0
954.0
983.0
953.0
956.0
954.0
958.0
917.0
916.0
917.0
917.0
917.0
917.0
917.0
917.0
918.0
960.0
932.0
932.0
933.0
932.0
933.0
933.0
932.0
933.0
932.0
975.0
918.0
917.0
918.0
918.0
920.0
918.0
918.0
919.0
917.0
961.0
917.0
918.0
918.0
917.0
917.0
917.0
917.0
917.0
917.0
958.0
930.0
929.0
929.0
930.0
929.0
930.0
931.0
929.0
931.0
946.0
917.0
919.0
918.0
918.0
921.0
917.0
918.0
918.0
916.0
916.0
918.0
917.0
917.0
917.0
917.0
918.0
917.0
917.0
918.0
933.0
924.0
924.0
925.0
924.0
924.0
926.0
925.0
925.0
924.0
917.0
916.0
917.0
916.0
918.0
917.0
917.0
917.0
917.0
920.0
916.0
932.0
932.0
932.0
932.0
932.0
933.0
932.0
934.0
932.0
925.0
11.0
11.0
11.0
10.0
11.0
11.0
10.0
11.0
10.0
10.0
11.0
11.0
11.0
10.0
10.0
11.0
11.0
11.0
11.0
10.0
11.0
11.0
10.0
11.0
11.0
10.0
10.0
11.0
11.0
10.0
10.0
11.0
11.0
10.0
11.0
11.0
10.0
11.0
11.0
11.0
10.0
10.0
11.0
11.0
11.0
11.0
10.0
10.0
11.0
11.0
11.0
11.0
11.0
11.0
11.0
11.0
11.0
11.0
11.0
11.0
423.0
422.0
423.0
425.0
423.0
422.0
422.0
423.0
422.0
422.0
920.0
917.0
916.0
917.0
917.0
918.0
918.0
917.0
917.0
917.0
934.0
933.0
932.0
932.0
933.0
932.0
933.0
933.0
932.0
932.0
917.0
917.0
917.0
917.0
918.0
918.0
917.0
917.0
918.0
925.0
917.0
918.0
919.0
919.0
918.0
918.0
917.0
918.0
919.0
925.0
938.0
935.0
938.0
934.0
935.0
936.0
935.0
938.0
947.0
961.0
937.0
935.0
935.0
933.0
933.0
935.0
935.0
933.0
932.0
930.0
922.0
923.0
922.0
922.0
925.0
922.0
923.0
923.0
936.0
946.0
929.0
929.0
929.0
927.0
929.0
929.0
929.0
928.0
909.0
918.0
918.0
919.0
918.0
919.0
919.0
918.0
919.0
919.0
918.0
911.0
934.0
932.0
932.0
933.0
933.0
935.0
933.0
934.0
934.0
932.0
921.0
920.0
919.0
919.0
919.0
919.0
919.0
917.0
920.0
919.0
917.0
918.0
918.0
918.0
917.0
919.0
919.0
918.0
916.0
917.0
926.0
926.0
927.0
925.0
925.0
925.0
926.0
926.0
926.0
925.0
10.0
10.0
10.0
10.0
10.0
11.0
11.0
11.0
11.0
11.0
10.0
11.0
11.0
11.0
11.0
10.0
11.0
11.0
11.0
11.0
11.0
11.0
11.0
10.0
10.0
10.0
10.0
10.0
11.0
10.0
10.0
10.0
11.0
11.0
11.0
11.0
11.0
10.0
11.0
11.0
11.0
11.0
11.0
11.0
11.0
11.0
11.0
10.0
11.0
11.0
10.0
10.0
10.0
10.0
10.0
10.0
11.0
10.0
10.0
11.0
430.0
430.0
429.0
430.0
429.0
429.0
429.0
430.0
430.0
430.0
916.0
916.0
916.0
917.0
919.0
916.0
917.0
916.0
917.0
919.0
925.0
925.0
926.0
925.0
925.0
925.0
926.0
926.0
926.0
924.0
920.0
920.0
918.0
919.0
919.0
920.0
919.0
919.0
917.0
921.0
933.0
933.0
933.0
933.0
933.0
933.0
932.0
932.0
933.0
934.0
910.0
911.0
910.0
916.0
918.0
917.0
916.0
916.0
914.0
919.0
921.0
921.0
921.0
914.0
914.0
913.0
915.0
913.0
915.0
918.0
932.0
933.0
931.0
931.0
933.0
934.0
933.0
929.0
932.0
924.0
1000.0
934.0
933.0
937.0
933.0
935.0
934.0
935.0
934.0
998.0
918.0
918.0
919.0
917.0
918.0
921.0
920.0
918.0
916.0
917.0
925.0
923.0
924.0
925.0
926.0
924.0
927.0
925.0
925.0
929.0
918.0
916.0
917.0
918.0
919.0
916.0
917.0
919.0
916.0
916.0
932.0
931.0
932.0
931.0
932.0
931.0
933.0
933.0
932.0
930.0
918.0
918.0
918.0
917.0
917.0
917.0
917.0
921.0
918.0
918.0
10.0
11.0
10.0
10.0
10.0
11.0
11.0
1.0
11.0
1.0
11.0
11.0
11.0
11.0
10.0
10.0
11.0
1.0
11.0
1.0
11.0
11.0
11.0
11.0
11.0
11.0
10.0
1.0
11.0
1.0
10.0
10.0
11.0
10.0
11.0
11.0
10.0
1.0
10.0
2.0
11.0
11.0
11.0
11.0
11.0
11.0
11.0
1.0
11.0
1.0
10.0
10.0
11.0
11.0
10.0
10.0
11.0
2.0
10.0
1.0
422.0
422.0
421.0
422.0
422.0
424.0
422.0
412.0
422.0
412.0
934.0
935.0
933.0
934.0
935.0
932.0
934.0
926.0
934.0
923.0
920.0
920.0
917.0
916.0
916.0
921.0
920.0
906.0
920.0
911.0
913.0
910.0
911.0
911.0
912.0
912.0
910.0
900.0
910.0
900.0
934.0
933.0
934.0
933.0
933.0
935.0
936.0
925.0
932.0
924.0
917.0
918.0
918.0
918.0
923.0
930.0
918.0
911.0
918.0
910.0
917.0
918.0
920.0
918.0
918.0
920.0
917.0
909.0
917.0
908.0
926.0
925.0
925.0
929.0
926.0
925.0
926.0
918.0
926.0
915.0
919.0
920.0
919.0
923.0
919.0
919.0
920.0
909.0
920.0
910.0
937.0
937.0
935.0
936.0
935.0
936.0
936.0
929.0
936.0
926.0
920.0
919.0
919.0
919.0
921.0
920.0
920.0
910.0
920.0
910.0
945.0
946.0
953.0
945.0
947.0
946.0
944.0
938.0
948.0
935.0
926.0
926.0
927.0
926.0
926.0
927.0
928.0
917.0
925.0
915.0
919.0
916.0
917.0
918.0
918.0
917.0
918.0
909.0
918.0
908.0
11.0
11.0
11.0
10.0
11.0
6.0
11.0
1.0
11.0
1.0
11.0
10.0
11.0
11.0
11.0
6.0
11.0
1.0
11.0
1.0
10.0
11.0
11.0
11.0
11.0
6.0
10.0
1.0
11.0
1.0
11.0
11.0
10.0
10.0
11.0
6.0
10.0
1.0
11.0
1.0
10.0
10.0
11.0
11.0
11.0
7.0
11.0
1.0
11.0
1.0
11.0
11.0
11.0
10.0
11.0
6.0
10.0
1.0
11.0
1.0
429.0
421.0
422.0
422.0
422.0
418.0
422.0
413.0
422.0
413.0
937.0
933.0
933.0
935.0
934.0
929.0
934.0
925.0
934.0
924.0
918.0
917.0
918.0
918.0
917.0
915.0
919.0
908.0
921.0
908.0
918.0
919.0
918.0
918.0
917.0
916.0
918.0
909.0
918.0
909.0
925.0
923.0
926.0
925.0
925.0
921.0
925.0
916.0
924.0
915.0
919.0
918.0
918.0
919.0
918.0
914.0
919.0
911.0
917.0
910.0
935.0
933.0
933.0
933.0
935.0
928.0
935.0
924.0
932.0
923.0
917.0
918.0
918.0
917.0
919.0
913.0
917.0
910.0
920.0
909.0
911.0
911.0
920.0
915.0
917.0
908.0
917.0
902.0
915.0
907.0
932.0
934.0
933.0
933.0
928.0
923.0
928.0
920.0
928.0
918.0
919.0
918.0
921.0
918.0
923.0
913.0
918.0
909.0
918.0
908.0
918.0
919.0
917.0
918.0
918.0
915.0
918.0
908.0
917.0
909.0
925.0
925.0
925.0
924.0
925.0
926.0
927.0
917.0
925.0
916.0
919.0
917.0
918.0
915.0
916.0
912.0
916.0
910.0
917.0
909.0
11.0
10.0
10.0
1.0
1.0
1.0
1.0
2.0
1.0
2.0
11.0
10.0
11.0
1.0
1.0
1.0
2.0
1.0
1.0
1.0
11.0
11.0
10.0
1.0
1.0
1.0
1.0
1.0
2.0
1.0
11.0
11.0
10.0
1.0
1.0
1.0
2.0
1.0
2.0
2.0
10.0
11.0
10.0
1.0
1.0
1.0
1.0
1.0
1.0
1.0
11.0
10.0
11.0
2.0
1.0
1.0
1.0
1.0
2.0
1.0
476.0
458.0
456.0
447.0
448.0
446.0
449.0
446.0
447.0
449.0
930.0
930.0
929.0
919.0
920.0
920.0
920.0
921.0
921.0
961.0
918.0
917.0
918.0
907.0
908.0
908.0
907.0
909.0
908.0
947.0
938.0
936.0
938.0
925.0
929.0
923.0
921.0
927.0
927.0
971.0
921.0
914.0
920.0
909.0
909.0
907.0
910.0
909.0
907.0
956.0
917.0
918.0
916.0
908.0
908.0
907.0
909.0
907.0
908.0
950.0
944.0
944.0
945.0
935.0
935.0
934.0
935.0
935.0
934.0
927.0
923.0
926.0
924.0
914.0
914.0
914.0
915.0
914.0
916.0
925.0
930.0
929.0
929.0
920.0
920.0
919.0
920.0
920.0
920.0
927.0
938.0
935.0
935.0
926.0
927.0
926.0
926.0
926.0
926.0
932.0
917.0
918.0
919.0
909.0
925.0
909.0
908.0
909.0
910.0
907.0
940.0
939.0
941.0
930.0
931.0
931.0
929.0
931.0
929.0
930.0
918.0
917.0
917.0
910.0
908.0
908.0
907.0
909.0
909.0
911.0
912.0
912.0
912.0
901.0
902.0
903.0
903.0
902.0
903.0
909.0
2.0
1.0
1.0
2.0
1.0
1.0
2.0
2.0
1.0
1.0
1.0
2.0
1.0
1.0
1.0
2.0
2.0
1.0
1.0
1.0
1.0
1.0
1.0
1.0
1.0
1.0
1.0
1.0
2.0
2.0
1.0
1.0
1.0
1.0
2.0
2.0
2.0
1.0
1.0
1.0
2.0
2.0
2.0
1.0
1.0
1.0
1.0
1.0
2.0
1.0
1.0
1.0
1.0
1.0
1.0
1.0
1.0
1.0
1.0
1.0
1.0
1.0
1.0
1.0
2.0
1.0
1.0
1.0
1.0
1.0
497.0
496.0
496.0
495.0
496.0
497.0
499.0
498.0
497.0
503.0
506.0
506.0
505.0
506.0
506.0
505.0
508.0
505.0
506.0
491.0
490.0
489.0
489.0
490.0
489.0
489.0
490.0
490.0
489.0
496.0
496.0
497.0
497.0
496.0
496.0
497.0
496.0
500.0
497.0
491.0
489.0
489.0
489.0
490.0
490.0
489.0
489.0
490.0
488.0
501.0
525.0
529.0
523.0
523.0
525.0
523.0
522.0
526.0
526.0
526.0
515.0
506.0
506.0
506.0
505.0
505.0
505.0
505.0
507.0
489.0
491.0
490.0
490.0
490.0
490.0
490.0
490.0
490.0
490.0
490.0
495.0
495.0
495.0
496.0
495.0
495.0
496.0
495.0
498.0
495.0
489.0
490.0
489.0
489.0
489.0
489.0
489.0
490.0
490.0
489.0
497.0
496.0
497.0
496.0
497.0
496.0
497.0
496.0
499.0
495.0
505.0
506.0
505.0
506.0
505.0
506.0
505.0
505.0
507.0
504.0
490.0
489.0
491.0
488.0
489.0
488.0
488.0
489.0
487.0
446.0
