2.0
2.0
1.0
1.0
1.0
1.0
1.0
1.0
2.0
2.0
2.0
119.0
67.0
66.0
436.0
437.0
436.0
390.0
550.0
719.0
569.0
436.0
436.0
665.0
382.0
460.0
465.0
467.0
461.0
442.0
1.0
79.0
91.0
54.0
426.0
372.0
430.0
380.0
427.0
418.0
420.0
419.0
395.0
413.0
400.0
402.0
406.0
404.0
410.0
413.0
1.0
62.0
61.0
61.0
412.0
416.0
415.0
413.0
413.0
412.0
412.0
414.0
405.0
403.0
403.0
404.0
403.0
402.0
403.0
403.0
1.0
61.0
61.0
61.0
404.0
406.0
404.0
404.0
405.0
404.0
404.0
410.0
413.0
412.0
413.0
414.0
414.0
413.0
414.0
412.0
1.0
70.0
62.0
61.0
403.0
403.0
403.0
403.0
428.0
429.0
431.0
429.0
429.0
432.0
432.0
433.0
433.0
434.0
404.0
405.0
2.0
60.0
61.0
60.0
403.0
404.0
408.0
405.0
402.0
407.0
407.0
407.0
403.0
405.0
411.0
411.0
411.0
412.0
412.0
412.0
1.0
61.0
61.0
61.0
412.0
412.0
412.0
415.0
404.0
404.0
404.0
405.0
405.0
406.0
405.0
408.0
406.0
409.0
405.0
405.0
1.0
61.0
61.0
61.0
404.0
404.0
404.0
405.0
412.0
415.0
411.0
414.0
412.0
411.0
417.0
413.0
411.0
412.0
403.0
403.0
1.0
61.0
61.0
61.0
431.0
435.0
430.0
432.0
430.0
435.0
431.0
433.0
431.0
431.0
406.0
408.0
404.0
404.0
403.0
403.0
1.0
21.0
21.0
22.0
349.0
343.0
344.0
344.0
344.0
343.0
345.0
343.0
337.0
338.0
344.0
344.0
341.0
347.0
327.0
330.0
1.0
1.0
1.0
2.0
2.0
1.0
1.0
1.0
2.0
2.0
66.0
119.0
67.0
66.0
66.0
65.0
119.0
66.0
119.0
2.0
119.0
66.0
66.0
65.0
65.0
66.0
66.0
119.0
119.0
2.0
119.0
119.0
67.0
66.0
67.0
66.0
66.0
66.0
66.0
1.0
435.0
436.0
438.0
436.0
440.0
632.0
374.0
632.0
422.0
204.0
434.0
370.0
440.0
441.0
442.0
440.0
440.0
376.0
390.0
209.0
434.0
383.0
386.0
422.0
402.0
421.0
419.0
418.0
418.0
182.0
410.0
402.0
403.0
404.0
407.0
408.0
407.0
410.0
407.0
189.0
455.0
456.0
454.0
451.0
457.0
458.0
455.0
457.0
453.0
239.0
414.0
405.0
406.0
411.0
404.0
408.0
409.0
407.0
407.0
189.0
408.0
404.0
412.0
407.0
407.0
411.0
412.0
412.0
422.0
189.0
415.0
412.0
414.0
414.0
415.0
422.0
406.0
405.0
405.0
190.0
404.0
408.0
407.0
408.0
406.0
408.0
403.0
403.0
405.0
188.0
413.0
413.0
414.0
414.0
414.0
415.0
414.0
413.0
413.0
196.0
406.0
407.0
405.0
407.0
408.0
407.0
407.0
445.0
442.0
189.0
447.0
447.0
445.0
445.0
449.0
450.0
449.0
451.0
408.0
192.0
404.0
403.0
403.0
404.0
403.0
407.0
406.0
409.0
406.0
190.0
412.0
412.0
411.0
413.0
411.0
411.0
415.0
415.0
415.0
190.0
415.0
407.0
403.0
406.0
405.0
406.0
411.0
407.0
407.0
190.0
406.0
407.0
407.0
405.0
405.0
404.0
402.0
404.0
411.0
189.0
1.0
1.0
1.0
1.0
1.0
1.0
1.0
1.0
1.0
0.0
62.0
61.0
62.0
62.0
61.0
61.0
62.0
61.0
61.0
1.0
61.0
61.0
61.0
61.0
62.0
61.0
66.0
73.0
67.0
1.0
68.0
69.0
68.0
68.0
68.0
68.0
68.0
62.0
62.0
1.0
407.0
404.0
406.0
407.0
405.0
407.0
404.0
406.0
404.0
188.0
446.0
446.0
450.0
451.0
446.0
448.0
449.0
452.0
448.0
230.0
410.0
409.0
407.0
408.0
404.0
406.0
407.0
409.0
411.0
190.0
407.0
409.0
408.0
415.0
411.0
413.0
415.0
417.0
414.0
191.0
414.0
414.0
411.0
411.0
410.0
404.0
403.0
410.0
411.0
187.0
403.0
421.0
414.0
402.0
403.0
403.0
411.0
404.0
411.0
194.0
412.0
413.0
413.0
414.0
411.0
412.0
412.0
412.0
413.0
196.0
403.0
408.0
407.0
407.0
403.0
446.0
403.0
444.0
442.0
190.0
449.0
449.0
450.0
446.0
445.0
452.0
402.0
407.0
408.0
188.0
403.0
411.0
407.0
407.0
406.0
403.0
403.0
406.0
412.0
188.0
408.0
408.0
411.0
410.0
411.0
411.0
407.0
408.0
415.0
195.0
408.0
404.0
405.0
407.0
405.0
406.0
409.0
405.0
408.0
189.0
407.0
407.0
404.0
404.0
406.0
403.0
410.0
411.0
406.0
189.0
406.0
414.0
417.0
413.0
411.0
411.0
417.0
411.0
409.0
191.0
445.0
437.0
440.0
443.0
441.0
438.0
436.0
443.0
436.0
225.0
403.0
407.0
412.0
407.0
407.0
403.0
406.0
403.0
407.0
188.0
1.0
1.0
1.0
1.0
1.0
1.0
1.0
1.0
1.0
1.0
61.0
61.0
61.0
61.0
61.0
61.0
61.0
61.0
61.0
1.0
61.0
61.0
62.0
61.0
61.0
62.0
62.0
62.0
61.0
1.0
62.0
61.0
61.0
61.0
61.0
61.0
61.0
61.0
62.0
1.0
435.0
421.0
418.0
420.0
420.0
435.0
419.0
437.0
441.0
202.0
424.0
405.0
404.0
410.0
407.0
408.0
403.0
407.0
407.0
191.0
407.0
407.0
403.0
403.0
407.0
408.0
405.0
403.0
408.0
190.0
414.0
414.0
414.0
413.0
411.0
414.0
411.0
411.0
412.0
197.0
408.0
444.0
446.0
442.0
444.0
443.0
444.0
444.0
441.0
188.0
442.0
443.0
412.0
407.0
411.0
409.0
407.0
404.0
409.0
191.0
402.0
407.0
408.0
409.0
407.0
413.0
402.0
409.0
402.0
191.0
412.0
414.0
415.0
416.0
415.0
416.0
422.0
412.0
413.0
198.0
403.0
403.0
406.0
403.0
407.0
407.0
407.0
407.0
402.0
188.0
404.0
403.0
404.0
414.0
412.0
416.0
416.0
415.0
416.0
188.0
415.0
414.0
415.0
414.0
406.0
407.0
408.0
407.0
407.0
190.0
441.0
441.0
444.0
443.0
443.0
443.0
441.0
442.0
442.0
225.0
407.0
408.0
408.0
407.0
406.0
408.0
409.0
407.0
408.0
190.0
407.0
407.0
407.0
407.0
411.0
408.0
411.0
409.0
411.0
190.0
410.0
410.0
410.0
410.0
403.0
406.0
409.0
407.0
408.0
192.0
404.0
407.0
407.0
407.0
408.0
405.0
405.0
404.0
404.0
190.0
1.0
1.0
0.0
0.0
1.0
0.0
1.0
1.0
1.0
1.0
61.0
61.0
61.0
61.0
61.0
62.0
61.0
61.0
62.0
1.0
62.0
62.0
61.0
61.0
61.0
61.0
61.0
62.0
60.0
1.0
61.0
61.0
60.0
62.0
61.0
61.0
61.0
62.0
64.0
0.0
407.0
413.0
412.0
411.0
417.0
410.0
413.0
411.0
411.0
193.0
441.0
440.0
453.0
444.0
446.0
439.0
444.0
442.0
443.0
224.0
407.0
407.0
403.0
403.0
403.0
403.0
407.0
402.0
408.0
189.0
407.0
407.0
408.0
403.0
402.0
406.0
407.0
406.0
411.0
189.0
411.0
412.0
412.0
412.0
411.0
412.0
408.0
407.0
408.0
191.0
406.0
409.0
407.0
407.0
406.0
403.0
409.0
407.0
407.0
190.0
413.0
409.0
409.0
411.0
410.0
410.0
409.0
411.0
413.0
194.0
409.0
409.0
407.0
414.0
407.0
410.0
407.0
444.0
442.0
190.0
442.0
441.0
445.0
442.0
444.0
446.0
445.0
450.0
405.0
192.0
403.0
403.0
404.0
404.0
408.0
409.0
407.0
407.0
408.0
189.0
411.0
411.0
410.0
412.0
410.0
413.0
412.0
412.0
412.0
189.0
413.0
410.0
411.0
410.0
411.0
409.0
407.0
407.0
407.0
190.0
408.0
408.0
405.0
405.0
404.0
403.0
404.0
414.0
409.0
192.0
413.0
414.0
414.0
411.0
412.0
412.0
411.0
411.0
421.0
197.0
407.0
407.0
408.0
407.0
434.0
435.0
436.0
435.0
434.0
190.0
441.0
437.0
437.0
437.0
444.0
407.0
409.0
407.0
408.0
188.0
0.0
1.0
1.0
1.0
1.0
1.0
1.0
1.0
1.0
1.0
60.0
62.0
61.0
61.0
61.0
62.0
62.0
61.0
62.0
1.0
62.0
62.0
61.0
61.0
62.0
61.0
61.0
61.0
61.0
1.0
60.0
62.0
61.0
61.0
61.0
62.0
62.0
61.0
62.0
1.0
404.0
404.0
407.0
410.0
406.0
408.0
406.0
418.0
407.0
190.0
416.0
411.0
411.0
415.0
411.0
410.0
415.0
412.0
415.0
192.0
407.0
407.0
403.0
403.0
407.0
403.0
403.0
404.0
407.0
198.0
414.0
414.0
415.0
413.0
412.0
415.0
412.0
412.0
412.0
190.0
415.0
408.0
408.0
408.0
434.0
435.0
439.0
437.0
435.0
188.0
444.0
457.0
453.0
459.0
456.0
426.0
426.0
436.0
428.0
201.0
425.0
424.0
435.0
435.0
433.0
434.0
414.0
415.0
414.0
203.0
412.0
413.0
425.0
426.0
426.0
426.0
425.0
412.0
411.0
196.0
404.0
411.0
404.0
420.0
420.0
420.0
420.0
420.0
403.0
188.0
403.0
404.0
402.0
402.0
420.0
420.0
418.0
418.0
419.0
189.0
420.0
412.0
412.0
411.0
412.0
415.0
414.0
414.0
415.0
197.0
408.0
434.0
434.0
434.0
434.0
435.0
436.0
438.0
437.0
190.0
442.0
440.0
408.0
405.0
408.0
407.0
408.0
407.0
411.0
192.0
406.0
407.0
407.0
403.0
404.0
406.0
403.0
403.0
408.0
190.0
414.0
415.0
415.0
415.0
412.0
411.0
411.0
411.0
410.0
197.0
412.0
411.0
411.0
411.0
411.0
404.0
404.0
405.0
405.0
189.0
0.0
0.0
1.0
1.0
1.0
1.0
1.0
1.0
1.0
1.0
61.0
61.0
60.0
63.0
62.0
63.0
62.0
63.0
62.0
1.0
62.0
62.0
61.0
62.0
61.0
61.0
61.0
61.0
60.0
0.0
61.0
62.0
61.0
62.0
61.0
61.0
61.0
62.0
60.0
0.0
412.0
412.0
414.0
415.0
414.0
414.0
411.0
411.0
416.0
189.0
412.0
403.0
403.0
438.0
438.0
438.0
439.0
434.0
435.0
189.0
441.0
438.0
434.0
436.0
407.0
407.0
408.0
403.0
404.0
191.0
411.0
412.0
408.0
403.0
403.0
406.0
407.0
404.0
406.0
188.0
410.0
416.0
416.0
414.0
411.0
411.0
418.0
415.0
411.0
198.0
404.0
408.0
406.0
408.0
404.0
403.0
404.0
407.0
406.0
189.0
404.0
405.0
407.0
407.0
404.0
407.0
410.0
409.0
416.0
190.0
416.0
414.0
412.0
415.0
415.0
412.0
415.0
405.0
406.0
190.0
434.0
435.0
437.0
438.0
440.0
437.0
434.0
439.0
435.0
219.0
403.0
404.0
404.0
407.0
407.0
410.0
406.0
403.0
409.0
188.0
404.0
403.0
409.0
405.0
406.0
407.0
407.0
408.0
402.0
190.0
416.0
413.0
413.0
414.0
414.0
424.0
415.0
416.0
413.0
197.0
408.0
410.0
404.0
403.0
403.0
403.0
408.0
408.0
404.0
190.0
407.0
407.0
408.0
411.0
411.0
412.0
411.0
415.0
416.0
189.0
413.0
415.0
415.0
415.0
404.0
403.0
403.0
403.0
408.0
189.0
439.0
435.0
440.0
438.0
439.0
439.0
440.0
440.0
439.0
223.0
1.0
1.0
0.0
0.0
0.0
1.0
0.0
1.0
1.0
1.0
62.0
62.0
62.0
61.0
61.0
61.0
61.0
62.0
61.0
1.0
62.0
62.0
62.0
60.0
62.0
62.0
61.0
62.0
61.0
1.0
61.0
61.0
61.0
62.0
61.0
61.0
61.0
62.0
62.0
1.0
405.0
406.0
412.0
406.0
413.0
412.0
408.0
405.0
410.0
192.0
417.0
412.0
412.0
417.0
412.0
413.0
412.0
417.0
416.0
199.0
408.0
409.0
404.0
405.0
406.0
404.0
404.0
404.0
407.0
190.0
407.0
407.0
407.0
402.0
404.0
407.0
410.0
410.0
412.0
189.0
416.0
414.0
414.0
420.0
412.0
411.0
414.0
405.0
405.0
192.0
442.0
437.0
436.0
443.0
441.0
438.0
436.0
437.0
436.0
221.0
403.0
403.0
406.0
407.0
407.0
410.0
403.0
403.0
407.0
188.0
403.0
403.0
402.0
407.0
407.0
407.0
407.0
411.0
411.0
189.0
411.0
416.0
411.0
413.0
414.0
415.0
415.0
415.0
410.0
188.0
403.0
404.0
403.0
406.0
403.0
407.0
407.0
407.0
406.0
187.0
414.0
413.0
417.0
423.0
422.0
418.0
424.0
430.0
425.0
190.0
427.0
421.0
420.0
418.0
417.0
419.0
416.0
423.0
422.0
197.0
442.0
441.0
436.0
436.0
432.0
435.0
431.0
439.0
434.0
216.0
407.0
408.0
424.0
407.0
404.0
403.0
403.0
404.0
410.0
190.0
407.0
406.0
408.0
407.0
411.0
412.0
412.0
411.0
412.0
190.0
415.0
416.0
415.0
416.0
415.0
404.0
405.0
403.0
404.0
189.0
1.0
1.0
1.0
0.0
0.0
1.0
1.0
1.0
1.0
1.0
60.0
1.0
1.0
1.0
1.0
1.0
0.0
1.0
1.0
1.0
61.0
1.0
1.0
1.0
1.0
1.0
1.0
0.0
1.0
0.0
61.0
1.0
1.0
1.0
1.0
0.0
0.0
1.0
1.0
1.0
407.0
347.0
344.0
347.0
190.0
189.0
188.0
187.0
188.0
188.0
406.0
346.0
352.0
350.0
189.0
188.0
190.0
188.0
189.0
191.0
412.0
352.0
354.0
353.0
199.0
199.0
198.0
198.0
188.0
189.0
408.0
346.0
347.0
346.0
189.0
188.0
189.0
190.0
188.0
188.0
432.0
372.0
370.0
371.0
189.0
214.0
216.0
216.0
218.0
217.0
437.0
350.0
351.0
360.0
191.0
192.0
189.0
190.0
188.0
192.0
411.0
348.0
347.0
348.0
188.0
188.0
188.0
192.0
193.0
191.0
404.0
344.0
344.0
351.0
193.0
192.0
190.0
189.0
188.0
190.0
414.0
353.0
354.0
352.0
196.0
206.0
196.0
196.0
196.0
197.0
403.0
346.0
343.0
344.0
189.0
190.0
189.0
190.0
188.0
190.0
404.0
347.0
346.0
346.0
188.0
189.0
189.0
188.0
188.0
195.0
403.0
347.0
347.0
344.0
189.0
188.0
189.0
189.0
190.0
189.0
412.0
353.0
353.0
355.0
197.0
196.0
197.0
196.0
198.0
197.0
407.0
344.0
347.0
344.0
190.0
189.0
188.0
190.0
189.0
188.0
431.0
345.0
346.0
371.0
190.0
188.0
190.0
190.0
191.0
190.0
431.0
371.0
369.0
371.0
213.0
214.0
214.0
213.0
188.0
190.0
0.0
1.0
1.0
1.0
1.0
1.0
1.0
1.0
1.0
1.0
61.0
61.0
61.0
61.0
60.0
60.0
61.0
61.0
61.0
1.0
61.0
61.0
60.0
61.0
61.0
62.0
62.0
62.0
62.0
1.0
62.0
60.0
61.0
61.0
61.0
61.0
61.0
61.0
61.0
1.0
406.0
407.0
405.0
403.0
403.0
403.0
403.0
408.0
407.0
190.0
407.0
416.0
417.0
412.0
413.0
413.0
411.0
411.0
416.0
190.0
415.0
417.0
406.0
404.0
408.0
404.0
403.0
403.0
403.0
190.0
407.0
407.0
406.0
404.0
406.0
406.0
404.0
404.0
404.0
188.0
412.0
413.0
414.0
415.0
411.0
414.0
414.0
412.0
410.0
195.0
431.0
431.0
435.0
436.0
435.0
436.0
437.0
440.0
432.0
216.0
409.0
409.0
407.0
412.0
410.0
406.0
404.0
411.0
410.0
188.0
404.0
403.0
404.0
404.0
410.0
407.0
407.0
410.0
416.0
190.0
412.0
412.0
414.0
411.0
412.0
416.0
415.0
416.0
403.0
190.0
403.0
410.0
404.0
407.0
403.0
402.0
407.0
407.0
407.0
188.0
412.0
413.0
412.0
415.0
415.0
412.0
415.0
416.0
416.0
191.0
413.0
405.0
405.0
406.0
406.0
405.0
406.0
405.0
408.0
190.0
432.0
432.0
431.0
430.0
428.0
433.0
434.0
438.0
433.0
217.0
409.0
408.0
408.0
410.0
403.0
404.0
411.0
406.0
406.0
190.0
407.0
407.0
406.0
408.0
423.0
412.0
411.0
417.0
413.0
190.0
413.0
420.0
421.0
421.0
420.0
404.0
404.0
404.0
404.0
194.0
0.0
1.0
1.0
0.0
1.0
0.0
1.0
1.0
1.0
1.0
1.0
1.0
0.0
0.0
1.0
1.0
1.0
1.0
1.0
1.0
0.0
0.0
1.0
1.0
0.0
1.0
1.0
1.0
1.0
1.0
1.0
0.0
0.0
1.0
1.0
0.0
0.0
1.0
1.0
1.0
343.0
347.0
189.0
190.0
190.0
190.0
189.0
187.0
189.0
190.0
344.0
347.0
190.0
190.0
189.0
189.0
189.0
189.0
188.0
189.0
354.0
353.0
196.0
198.0
197.0
196.0
197.0
197.0
197.0
197.0
343.0
347.0
188.0
189.0
188.0
188.0
191.0
191.0
191.0
192.0
344.0
343.0
187.0
188.0
190.0
190.0
190.0
189.0
188.0
190.0
371.0
374.0
189.0
189.0
190.0
190.0
216.0
216.0
216.0
216.0
374.0
373.0
215.0
217.0
188.0
189.0
191.0
189.0
188.0
188.0
347.0
347.0
189.0
188.0
189.0
189.0
188.0
188.0
191.0
190.0
343.0
343.0
193.0
188.0
188.0
188.0
191.0
191.0
192.0
190.0
350.0
349.0
189.0
188.0
189.0
190.0
189.0
190.0
188.0
196.0
370.0
362.0
209.0
208.0
204.0
208.0
206.0
199.0
198.0
203.0
368.0
370.0
201.0
200.0
202.0
194.0
194.0
194.0
193.0
200.0
365.0
365.0
194.0
194.0
194.0
194.0
194.0
200.0
202.0
201.0
347.0
346.0
192.0
189.0
190.0
192.0
191.0
190.0
191.0
190.0
352.0
352.0
189.0
189.0
197.0
197.0
197.0
196.0
196.0
196.0
354.0
338.0
189.0
190.0
189.0
189.0
188.0
188.0
187.0
188.0
