2.0
2.0
2.0
2.0
2.0
2.0
1.0
1.0
2.0
2.0
5.0
4.0
34.0
33.0
33.0
33.0
524.0
524.0
650.0
734.0
735.0
606.0
525.0
523.0
467.0
525.0
431.0
519.0
520.0
517.0
520.0
518.0
438.0
518.0
526.0
466.0
464.0
525.0
525.0
462.0
527.0
526.0
533.0
524.0
462.0
519.0
454.0
452.0
523.0
519.0
3.0
2.0
33.0
32.0
33.0
31.0
518.0
529.0
452.0
519.0
519.0
525.0
463.0
495.0
555.0
551.0
506.0
551.0
555.0
553.0
557.0
545.0
455.0
452.0
454.0
518.0
519.0
519.0
519.0
516.0
518.0
453.0
525.0
460.0
463.0
525.0
527.0
522.0
463.0
527.0
2.0
2.0
31.0
32.0
32.0
38.0
522.0
518.0
451.0
519.0
452.0
519.0
518.0
451.0
519.0
518.0
450.0
523.0
523.0
524.0
463.0
460.0
524.0
524.0
523.0
463.0
523.0
519.0
518.0
516.0
451.0
453.0
520.0
518.0
452.0
547.0
551.0
551.0
483.0
554.0
2.0
1.0
32.0
32.0
32.0
32.0
555.0
488.0
488.0
547.0
560.0
518.0
532.0
453.0
526.0
531.0
453.0
528.0
460.0
524.0
522.0
452.0
527.0
531.0
528.0
528.0
461.0
461.0
530.0
460.0
517.0
518.0
519.0
519.0
452.0
515.0
519.0
451.0
519.0
453.0
2.0
1.0
32.0
31.0
32.0
32.0
518.0
655.0
517.0
608.0
515.0
515.0
517.0
463.0
520.0
482.0
512.0
511.0
565.0
501.0
510.0
564.0
506.0
507.0
502.0
497.0
520.0
521.0
531.0
532.0
516.0
528.0
515.0
519.0
511.0
507.0
458.0
465.0
444.0
445.0
5.0
3.0
3.0
2.0
5.0
3.0
3.0
2.0
5.0
2.0
2.0
2.0
3.0
1.0
2.0
3.0
2.0
3.0
2.0
2.0
34.0
33.0
58.0
33.0
33.0
57.0
58.0
32.0
34.0
56.0
33.0
32.0
32.0
32.0
32.0
32.0
56.0
56.0
4.0
3.0
58.0
57.0
34.0
33.0
33.0
33.0
34.0
32.0
34.0
32.0
32.0
32.0
33.0
32.0
56.0
55.0
57.0
56.0
2.0
2.0
528.0
527.0
525.0
509.0
444.0
523.0
708.0
555.0
689.0
552.0
254.0
257.0
301.0
300.0
301.0
301.0
298.0
297.0
242.0
248.0
509.0
474.0
507.0
509.0
477.0
506.0
509.0
507.0
477.0
473.0
274.0
290.0
273.0
293.0
291.0
291.0
324.0
327.0
276.0
277.0
510.0
542.0
506.0
536.0
537.0
534.0
478.0
510.0
501.0
467.0
277.0
271.0
296.0
292.0
291.0
291.0
275.0
271.0
263.0
262.0
482.0
480.0
510.0
481.0
508.0
506.0
507.0
475.0
507.0
506.0
272.0
272.0
291.0
271.0
272.0
291.0
292.0
291.0
262.0
262.0
468.0
469.0
499.0
467.0
467.0
506.0
508.0
504.0
508.0
506.0
282.0
280.0
282.0
298.0
280.0
292.0
292.0
291.0
262.0
262.0
471.0
470.0
471.0
470.0
500.0
501.0
501.0
500.0
500.0
500.0
274.0
272.0
308.0
303.0
328.0
330.0
324.0
330.0
294.0
300.0
509.0
505.0
473.0
468.0
507.0
501.0
504.0
499.0
503.0
499.0
272.0
271.0
272.0
271.0
292.0
271.0
292.0
291.0
262.0
263.0
476.0
507.0
476.0
476.0
478.0
507.0
509.0
506.0
508.0
506.0
272.0
291.0
273.0
273.0
274.0
286.0
277.0
285.0
258.0
261.0
488.0
494.0
489.0
489.0
492.0
492.0
492.0
491.0
499.0
488.0
288.0
283.0
282.0
280.0
282.0
281.0
283.0
281.0
251.0
254.0
484.0
484.0
485.0
484.0
516.0
513.0
520.0
517.0
521.0
514.0
319.0
313.0
321.0
317.0
285.0
282.0
287.0
286.0
253.0
258.0
486.0
483.0
492.0
490.0
493.0
484.0
481.0
494.0
484.0
494.0
282.0
280.0
282.0
283.0
290.0
289.0
289.0
289.0
261.0
260.0
493.0
492.0
491.0
500.0
485.0
482.0
482.0
482.0
484.0
482.0
280.0
280.0
281.0
282.0
282.0
281.0
280.0
282.0
253.0
255.0
492.0
491.0
492.0
491.0
498.0
491.0
491.0
492.0
489.0
490.0
282.0
282.0
280.0
282.0
287.0
281.0
280.0
281.0
254.0
254.0
484.0
514.0
517.0
519.0
520.0
515.0
519.0
518.0
513.0
518.0
318.0
281.0
286.0
286.0
281.0
285.0
280.0
281.0
260.0
259.0
484.0
486.0
485.0
483.0
485.0
484.0
483.0
482.0
481.0
484.0
289.0
288.0
288.0
289.0
288.0
288.0
289.0
288.0
261.0
261.0
485.0
484.0
481.0
481.0
482.0
483.0
483.0
481.0
482.0
486.0
281.0
280.0
281.0
280.0
281.0
281.0
282.0
280.0
252.0
254.0
512.0
504.0
511.0
511.0
515.0
512.0
516.0
512.0
514.0
517.0
295.0
293.0
284.0
285.0
282.0
292.0
282.0
290.0
253.0
261.0
2.0
1.0
2.0
1.0
2.0
2.0
1.0
1.0
2.0
2.0
1.0
1.0
2.0
1.0
1.0
1.0
1.0
1.0
2.0
2.0
31.0
30.0
32.0
31.0
30.0
30.0
30.0
30.0
30.0
29.0
30.0
30.0
29.0
30.0
30.0
30.0
31.0
1.0
1.0
1.0
32.0
30.0
31.0
29.0
32.0
29.0
30.0
31.0
29.0
30.0
31.0
30.0
30.0
30.0
31.0
29.0
29.0
1.0
2.0
2.0
530.0
522.0
538.0
525.0
531.0
513.0
521.0
537.0
524.0
514.0
284.0
280.0
291.0
288.0
286.0
280.0
292.0
262.0
257.0
267.0
495.0
502.0
492.0
491.0
492.0
496.0
501.0
497.0
497.0
498.0
280.0
280.0
280.0
287.0
281.0
280.0
282.0
251.0
253.0
253.0
481.0
484.0
485.0
483.0
483.0
482.0
483.0
483.0
483.0
482.0
290.0
290.0
288.0
289.0
288.0
290.0
290.0
261.0
261.0
262.0
484.0
480.0
484.0
482.0
484.0
482.0
483.0
483.0
483.0
485.0
281.0
282.0
281.0
281.0
280.0
279.0
281.0
253.0
252.0
252.0
522.0
514.0
513.0
513.0
514.0
512.0
514.0
513.0
513.0
512.0
280.0
279.0
281.0
281.0
282.0
280.0
280.0
253.0
253.0
252.0
492.0
491.0
491.0
490.0
491.0
490.0
491.0
491.0
492.0
491.0
281.0
280.0
281.0
281.0
280.0
281.0
282.0
253.0
253.0
252.0
484.0
482.0
484.0
481.0
481.0
482.0
484.0
479.0
482.0
483.0
289.0
289.0
289.0
287.0
289.0
290.0
290.0
261.0
261.0
262.0
482.0
482.0
483.0
482.0
484.0
481.0
483.0
480.0
484.0
483.0
313.0
314.0
318.0
314.0
318.0
314.0
316.0
285.0
286.0
286.0
485.0
483.0
483.0
483.0
483.0
482.0
483.0
492.0
490.0
493.0
282.0
280.0
280.0
280.0
281.0
283.0
282.0
256.0
255.0
257.0
497.0
496.0
490.0
498.0
490.0
488.0
489.0
489.0
497.0
494.0
279.0
280.0
281.0
280.0
280.0
281.0
281.0
252.0
252.0
252.0
491.0
491.0
491.0
489.0
491.0
491.0
490.0
490.0
490.0
492.0
282.0
280.0
280.0
280.0
280.0
279.0
281.0
252.0
251.0
252.0
483.0
481.0
482.0
481.0
483.0
483.0
482.0
483.0
482.0
482.0
318.0
318.0
316.0
312.0
317.0
320.0
318.0
289.0
288.0
290.0
491.0
490.0
493.0
483.0
494.0
481.0
480.0
493.0
482.0
492.0
282.0
281.0
280.0
280.0
282.0
281.0
281.0
252.0
252.0
253.0
492.0
490.0
491.0
489.0
489.0
488.0
491.0
488.0
490.0
489.0
280.0
280.0
281.0
282.0
281.0
280.0
282.0
251.0
252.0
253.0
490.0
490.0
490.0
489.0
489.0
490.0
489.0
490.0
489.0
488.0
280.0
280.0
280.0
280.0
280.0
280.0
280.0
252.0
252.0
252.0
517.0
517.0
519.0
517.0
518.0
518.0
518.0
518.0
519.0
517.0
284.0
287.0
287.0
286.0
284.0
287.0
287.0
257.0
252.0
254.0
483.0
482.0
493.0
488.0
492.0
489.0
492.0
494.0
491.0
492.0
289.0
288.0
286.0
288.0
289.0
289.0
290.0
260.0
266.0
261.0
1.0
1.0
2.0
1.0
1.0
1.0
1.0
1.0
2.0
1.0
2.0
1.0
1.0
1.0
1.0
1.0
1.0
2.0
1.0
2.0
30.0
29.0
30.0
29.0
30.0
30.0
29.0
30.0
30.0
29.0
30.0
29.0
30.0
30.0
29.0
29.0
1.0
1.0
1.0
1.0
29.0
29.0
30.0
30.0
29.0
30.0
29.0
29.0
29.0
30.0
29.0
29.0
29.0
29.0
29.0
29.0
1.0
1.0
2.0
1.0
494.0
483.0
482.0
481.0
481.0
481.0
481.0
481.0
482.0
482.0
280.0
280.0
280.0
279.0
281.0
280.0
253.0
254.0
252.0
253.0
495.0
508.0
515.0
505.0
510.0
496.0
497.0
511.0
511.0
504.0
280.0
295.0
281.0
281.0
280.0
294.0
253.0
267.0
266.0
265.0
514.0
515.0
516.0
515.0
512.0
515.0
516.0
515.0
517.0
514.0
281.0
280.0
280.0
280.0
280.0
280.0
253.0
253.0
252.0
251.0
490.0
489.0
491.0
490.0
488.0
490.0
490.0
491.0
491.0
489.0
280.0
282.0
280.0
281.0
279.0
280.0
253.0
252.0
253.0
251.0
482.0
483.0
481.0
483.0
483.0
481.0
482.0
482.0
483.0
483.0
288.0
287.0
288.0
287.0
287.0
288.0
261.0
260.0
260.0
259.0
482.0
483.0
483.0
481.0
483.0
481.0
483.0
483.0
481.0
483.0
280.0
282.0
281.0
281.0
281.0
282.0
252.0
252.0
253.0
251.0
521.0
524.0
524.0
520.0
520.0
523.0
522.0
520.0
513.0
524.0
287.0
286.0
285.0
283.0
284.0
284.0
258.0
253.0
258.0
257.0
489.0
494.0
496.0
489.0
490.0
497.0
497.0
494.0
494.0
495.0
281.0
280.0
280.0
279.0
280.0
280.0
252.0
253.0
253.0
253.0
480.0
480.0
481.0
483.0
483.0
481.0
481.0
482.0
482.0
482.0
290.0
291.0
291.0
291.0
289.0
289.0
260.0
261.0
262.0
260.0
480.0
481.0
481.0
483.0
482.0
483.0
480.0
483.0
481.0
482.0
282.0
280.0
280.0
282.0
281.0
279.0
252.0
252.0
253.0
253.0
523.0
515.0
522.0
524.0
522.0
523.0
524.0
513.0
522.0
522.0
282.0
285.0
284.0
288.0
287.0
279.0
252.0
258.0
257.0
258.0
487.0
492.0
491.0
495.0
493.0
495.0
491.0
488.0
494.0
491.0
278.0
282.0
280.0
279.0
282.0
282.0
252.0
253.0
254.0
252.0
483.0
482.0
482.0
481.0
485.0
481.0
486.0
483.0
485.0
486.0
288.0
290.0
288.0
289.0
289.0
287.0
261.0
262.0
262.0
261.0
481.0
482.0
482.0
481.0
481.0
482.0
482.0
482.0
482.0
482.0
309.0
311.0
311.0
311.0
310.0
309.0
253.0
253.0
252.0
252.0
522.0
511.0
521.0
524.0
490.0
481.0
482.0
493.0
487.0
493.0
280.0
283.0
281.0
287.0
287.0
280.0
256.0
257.0
258.0
257.0
493.0
489.0
497.0
494.0
494.0
494.0
489.0
488.0
494.0
495.0
280.0
279.0
280.0
281.0
281.0
279.0
252.0
253.0
253.0
252.0
483.0
482.0
481.0
481.0
482.0
482.0
487.0
486.0
490.0
489.0
291.0
291.0
289.0
290.0
290.0
282.0
252.0
254.0
253.0
253.0
1.0
1.0
1.0
2.0
1.0
1.0
1.0
1.0
1.0
2.0
1.0
1.0
2.0
1.0
1.0
1.0
1.0
1.0
1.0
1.0
29.0
29.0
29.0
30.0
30.0
29.0
29.0
30.0
29.0
29.0
29.0
30.0
30.0
30.0
29.0
2.0
1.0
1.0
1.0
1.0
29.0
30.0
29.0
30.0
29.0
29.0
29.0
29.0
29.0
30.0
30.0
29.0
30.0
29.0
29.0
1.0
1.0
1.0
2.0
2.0
481.0
480.0
483.0
485.0
484.0
481.0
482.0
480.0
482.0
281.0
315.0
316.0
314.0
314.0
313.0
289.0
284.0
288.0
285.0
290.0
482.0
481.0
484.0
481.0
481.0
481.0
482.0
481.0
483.0
281.0
281.0
280.0
280.0
280.0
280.0
252.0
253.0
252.0
252.0
253.0
492.0
489.0
489.0
490.0
490.0
489.0
491.0
489.0
491.0
287.0
281.0
280.0
280.0
279.0
281.0
251.0
252.0
251.0
254.0
252.0
489.0
490.0
491.0
490.0
489.0
489.0
490.0
490.0
489.0
286.0
286.0
286.0
302.0
293.0
346.0
261.0
261.0
265.0
261.0
261.0
528.0
490.0
526.0
498.0
487.0
550.0
482.0
497.0
495.0
282.0
311.0
314.0
312.0
314.0
310.0
282.0
281.0
281.0
282.0
252.0
481.0
481.0
484.0
483.0
482.0
482.0
481.0
484.0
483.0
279.0
279.0
279.0
279.0
281.0
283.0
252.0
252.0
252.0
255.0
256.0
494.0
492.0
490.0
494.0
489.0
494.0
490.0
490.0
493.0
291.0
280.0
279.0
279.0
279.0
282.0
252.0
252.0
251.0
251.0
252.0
491.0
489.0
489.0
488.0
491.0
492.0
490.0
490.0
491.0
287.0
282.0
281.0
279.0
281.0
281.0
252.0
253.0
252.0
253.0
252.0
484.0
483.0
481.0
482.0
482.0
480.0
485.0
483.0
480.0
280.0
312.0
319.0
321.0
316.0
306.0
283.0
294.0
289.0
283.0
295.0
478.0
490.0
485.0
480.0
493.0
491.0
488.0
482.0
483.0
285.0
286.0
280.0
280.0
279.0
280.0
257.0
254.0
253.0
254.0
258.0
492.0
491.0
491.0
491.0
488.0
489.0
489.0
489.0
489.0
289.0
282.0
280.0
278.0
279.0
282.0
251.0
251.0
254.0
254.0
252.0
488.0
490.0
489.0
493.0
489.0
492.0
491.0
490.0
491.0
280.0
289.0
281.0
280.0
279.0
281.0
251.0
253.0
252.0
253.0
252.0
483.0
482.0
481.0
483.0
481.0
482.0
484.0
483.0
481.0
280.0
311.0
309.0
312.0
313.0
310.0
279.0
281.0
281.0
282.0
280.0
481.0
483.0
481.0
483.0
480.0
480.0
482.0
482.0
483.0
281.0
281.0
280.0
281.0
281.0
281.0
252.0
251.0
252.0
253.0
252.0
490.0
489.0
490.0
491.0
490.0
489.0
490.0
489.0
492.0
290.0
279.0
279.0
281.0
280.0
280.0
251.0
251.0
252.0
253.0
253.0
482.0
490.0
487.0
491.0
490.0
489.0
488.0
491.0
491.0
281.0
289.0
289.0
280.0
280.0
281.0
251.0
253.0
251.0
252.0
253.0
482.0
482.0
481.0
481.0
482.0
485.0
484.0
480.0
481.0
281.0
309.0
312.0
312.0
312.0
312.0
284.0
281.0
285.0
278.0
280.0
1.0
1.0
2.0
1.0
1.0
1.0
2.0
1.0
1.0
1.0
2.0
1.0
1.0
1.0
2.0
1.0
1.0
2.0
1.0
1.0
30.0
30.0
29.0
30.0
29.0
29.0
30.0
29.0
29.0
29.0
30.0
1.0
29.0
1.0
30.0
1.0
2.0
2.0
1.0
1.0
29.0
29.0
30.0
29.0
29.0
29.0
30.0
29.0
29.0
30.0
30.0
2.0
29.0
1.0
29.0
2.0
1.0
1.0
1.0
2.0
484.0
482.0
483.0
482.0
481.0
481.0
480.0
482.0
481.0
279.0
281.0
252.0
280.0
254.0
281.0
251.0
252.0
252.0
254.0
252.0
491.0
493.0
495.0
494.0
496.0
495.0
497.0
493.0
497.0
292.0
280.0
252.0
280.0
252.0
280.0
251.0
252.0
252.0
252.0
252.0
482.0
486.0
492.0
491.0
490.0
493.0
491.0
493.0
492.0
279.0
288.0
261.0
282.0
252.0
280.0
252.0
252.0
252.0
252.0
252.0
482.0
482.0
481.0
482.0
481.0
482.0
482.0
482.0
484.0
281.0
310.0
282.0
313.0
283.0
314.0
285.0
278.0
284.0
286.0
284.0
483.0
483.0
482.0
481.0
481.0
481.0
481.0
480.0
481.0
280.0
279.0
251.0
280.0
251.0
280.0
252.0
253.0
252.0
253.0
253.0
492.0
491.0
489.0
490.0
489.0
490.0
489.0
490.0
490.0
290.0
281.0
252.0
280.0
253.0
280.0
251.0
252.0
252.0
254.0
252.0
488.0
490.0
488.0
493.0
490.0
489.0
491.0
491.0
490.0
281.0
288.0
254.0
281.0
252.0
283.0
253.0
254.0
259.0
263.0
260.0
494.0
494.0
501.0
490.0
509.0
502.0
491.0
501.0
483.0
292.0
324.0
281.0
318.0
296.0
313.0
289.0
293.0
289.0
291.0
292.0
481.0
493.0
492.0
491.0
483.0
494.0
481.0
490.0
488.0
284.0
286.0
252.0
285.0
258.0
286.0
253.0
252.0
260.0
259.0
260.0
491.0
490.0
493.0
491.0
492.0
489.0
491.0
491.0
490.0
289.0
280.0
252.0
280.0
251.0
281.0
253.0
252.0
253.0
252.0
252.0
482.0
489.0
488.0
489.0
490.0
490.0
495.0
491.0
491.0
280.0
289.0
260.0
281.0
253.0
280.0
253.0
252.0
252.0
252.0
253.0
480.0
482.0
482.0
481.0
482.0
482.0
481.0
483.0
482.0
282.0
280.0
252.0
307.0
281.0
306.0
283.0
282.0
283.0
284.0
282.0
515.0
512.0
481.0
486.0
483.0
484.0
483.0
482.0
481.0
282.0
281.0
252.0
281.0
251.0
279.0
253.0
253.0
252.0
252.0
252.0
492.0
489.0
492.0
491.0
492.0
491.0
492.0
491.0
489.0
288.0
280.0
252.0
281.0
254.0
280.0
252.0
253.0
253.0
253.0
252.0
482.0
481.0
484.0
482.0
489.0
491.0
489.0
489.0
489.0
279.0
289.0
260.0
288.0
261.0
289.0
254.0
254.0
258.0
254.0
251.0
480.0
480.0
481.0
483.0
482.0
482.0
483.0
481.0
481.0
280.0
281.0
252.0
282.0
252.0
280.0
253.0
282.0
283.0
283.0
281.0
514.0
514.0
512.0
513.0
515.0
510.0
483.0
482.0
483.0
281.0
280.0
252.0
281.0
250.0
274.0
251.0
253.0
245.0
240.0
234.0
