13.0
11.0
7.0
6.0
6.0
7.0
7.0
7.0
11.0
9.0
14.0
14.0
9.0
9.0
9.0
9.0
9.0
9.0
15.0
2775.0
2455.0
2437.0
2557.0
2447.0
2456.0
2454.0
2349.0
2790.0
2442.0
2333.0
7.0
6.0
6.0
6.0
6.0
6.0
7.0
6.0
7.0
2327.0
2326.0
2324.0
2331.0
2322.0
2368.0
2320.0
2316.0
2302.0
2343.0
2356.0
6.0
6.0
6.0
6.0
6.0
6.0
6.0
6.0
6.0
2337.0
2321.0
2350.0
2384.0
2364.0
2328.0
2375.0
2354.0
2280.0
2300.0
2293.0
6.0
6.0
6.0
6.0
6.0
6.0
6.0
6.0
6.0
2296.0
2300.0
2306.0
2295.0
2308.0
2289.0
2286.0
2346.0
2335.0
2356.0
2360.0
6.0
6.0
6.0
6.0
6.0
6.0
6.0
6.0
5.0
2346.0
2339.0
2339.0
2334.0
2333.0
2312.0
2278.0
2278.0
2280.0
2301.0
2293.0
6.0
6.0
6.0
6.0
6.0
6.0
6.0
6.0
6.0
2320.0
2311.0
2300.0
2296.0
2304.0
2347.0
2362.0
2370.0
2308.0
2309.0
2349.0
6.0
6.0
6.0
6.0
6.0
6.0
6.0
6.0
6.0
2320.0
2342.0
2363.0
2364.0
2311.0
2312.0
2409.0
2330.0
2306.0
2345.0
2363.0
6.0
6.0
6.0
6.0
6.0
6.0
6.0
6.0
6.0
2317.0
2321.0
2361.0
2392.0
2336.0
2359.0
2392.0
2379.0
2370.0
2357.0
2341.0
6.0
5.0
6.0
6.0
6.0
6.0
6.0
6.0
6.0
2346.0
2346.0
2278.0
2284.0
2281.0
2287.0
2283.0
2287.0
2307.0
2278.0
2282.0
6.0
6.0
6.0
6.0
6.0
6.0
6.0
6.0
6.0
2290.0
2328.0
2323.0
2326.0
2326.0
2336.0
2333.0
2311.0
2332.0
2286.0
2287.0
8.0
8.0
8.0
12.0
12.0
8.0
8.0
8.0
12.0
12.0
8.0
8.0
8.0
8.0
8.0
8.0
12.0
13.0
12.0
12.0
8.0
8.0
8.0
8.0
8.0
8.0
7.0
8.0
8.0
8.0
8.0
13.0
7.0
12.0
13.0
13.0
8.0
8.0
8.0
8.0
8.0
8.0
12.0
12.0
12.0
12.0
8.0
7.0
8.0
8.0
8.0
8.0
8.0
8.0
8.0
8.0
8.0
8.0
13.0
13.0
12.0
12.0
8.0
8.0
8.0
8.0
8.0
8.0
12.0
12.0
12.0
13.0
7.0
8.0
7.0
7.0
8.0
8.0
9.0
8.0
9.0
8.0
7.0
8.0
15.0
15.0
13.0
12.0
7.0
8.0
2492.0
2466.0
2484.0
2124.0
2458.0
2477.0
2849.0
2324.0
2657.0
13.0
2615.0
2187.0
2195.0
2541.0
2540.0
2566.0
2535.0
2496.0
2506.0
7.0
2174.0
2489.0
2135.0
2134.0
2129.0
2461.0
2460.0
2540.0
2453.0
7.0
2452.0
2458.0
2491.0
2237.0
2172.0
2173.0
2492.0
2487.0
2597.0
8.0
2513.0
2473.0
2468.0
2426.0
2322.0
2303.0
2339.0
2293.0
2356.0
7.0
2289.0
2294.0
2303.0
2295.0
2289.0
2322.0
2320.0
2316.0
2310.0
7.0
2321.0
2327.0
2318.0
2334.0
2326.0
2323.0
2301.0
2313.0
2288.0
7.0
2297.0
2276.0
2290.0
2280.0
2279.0
2290.0
2291.0
2321.0
2377.0
7.0
2326.0
2343.0
2347.0
2341.0
2358.0
2315.0
2311.0
2348.0
2293.0
7.0
2296.0
2282.0
2297.0
2293.0
2300.0
2301.0
2298.0
2297.0
2286.0
7.0
2328.0
2308.0
2312.0
2304.0
2301.0
2298.0
2308.0
2306.0
2312.0
7.0
5.0
5.0
5.0
5.0
5.0
4.0
5.0
5.0
5.0
5.0
5.0
5.0
5.0
5.0
4.0
5.0
5.0
5.0
5.0
5.0
5.0
5.0
5.0
4.0
5.0
5.0
5.0
5.0
5.0
5.0
5.0
5.0
4.0
5.0
5.0
5.0
5.0
5.0
5.0
5.0
5.0
4.0
39.0
5.0
5.0
5.0
5.0
5.0
5.0
5.0
4.0
5.0
5.0
5.0
5.0
5.0
5.0
5.0
5.0
5.0
4.0
4.0
5.0
5.0
5.0
5.0
5.0
5.0
5.0
5.0
4.0
4.0
5.0
5.0
5.0
5.0
5.0
5.0
5.0
5.0
5.0
5.0
5.0
4.0
4.0
5.0
5.0
5.0
5.0
5.0
2285.0
2316.0
2343.0
2331.0
2333.0
2334.0
2326.0
2352.0
2341.0
4.0
2367.0
2356.0
2393.0
2332.0
2365.0
2357.0
2352.0
2359.0
2368.0
5.0
2361.0
2353.0
2331.0
2300.0
2283.0
2293.0
2302.0
2294.0
2291.0
5.0
2361.0
2295.0
2287.0
2329.0
2355.0
2381.0
2426.0
2362.0
2373.0
5.0
2365.0
2360.0
2358.0
2350.0
2357.0
2344.0
2288.0
2285.0
2308.0
5.0
2301.0
2306.0
2289.0
2290.0
2304.0
2291.0
2284.0
2315.0
2352.0
5.0
2334.0
2356.0
2352.0
2333.0
2320.0
2339.0
2336.0
2322.0
2281.0
5.0
2277.0
2354.0
2315.0
2357.0
2306.0
2303.0
2306.0
2341.0
2358.0
5.0
2329.0
2380.0
2383.0
2372.0
2364.0
2416.0
2366.0
2322.0
2349.0
5.0
2356.0
2359.0
2313.0
2287.0
2287.0
2313.0
2305.0
2282.0
2330.0
5.0
2311.0
2316.0
2305.0
2349.0
2415.0
2338.0
2350.0
2334.0
2411.0
4.0
4.0
5.0
5.0
5.0
5.0
5.0
4.0
5.0
5.0
5.0
5.0
4.0
4.0
5.0
5.0
5.0
5.0
4.0
4.0
5.0
5.0
5.0
5.0
4.0
5.0
5.0
5.0
5.0
5.0
4.0
5.0
5.0
5.0
5.0
4.0
5.0
5.0
5.0
5.0
5.0
4.0
5.0
5.0
5.0
5.0
5.0
4.0
5.0
5.0
5.0
5.0
5.0
4.0
5.0
5.0
5.0
5.0
5.0
4.0
5.0
5.0
5.0
5.0
5.0
4.0
5.0
5.0
5.0
5.0
5.0
4.0
5.0
5.0
5.0
5.0
5.0
4.0
5.0
5.0
5.0
5.0
4.0
4.0
5.0
5.0
5.0
5.0
5.0
5.0
4.0
2451.0
2406.0
2370.0
2338.0
2276.0
2436.0
2285.0
2304.0
2319.0
5.0
2378.0
2351.0
2325.0
2318.0
2295.0
2365.0
2416.0
2342.0
2315.0
5.0
2332.0
2427.0
2341.0
2332.0
2354.0
2362.0
2285.0
2306.0
2323.0
5.0
2276.0
2280.0
2361.0
2318.0
2318.0
2305.0
2322.0
2344.0
2380.0
4.0
2349.0
2375.0
2414.0
2372.0
2374.0
2343.0
2343.0
2393.0
2301.0
5.0
2305.0
2301.0
2323.0
2301.0
2344.0
2312.0
2300.0
2322.0
2316.0
5.0
2285.0
2312.0
2312.0
2346.0
2317.0
2358.0
2351.0
2347.0
2351.0
5.0
2344.0
2346.0
2312.0
2312.0
2337.0
2316.0
2320.0
2314.0
2296.0
5.0
2334.0
2328.0
2302.0
2347.0
2341.0
2384.0
2414.0
2439.0
2359.0
5.0
2354.0
2388.0
2353.0
2364.0
2366.0
2282.0
2278.0
2385.0
2311.0
5.0
2281.0
2312.0
2321.0
2307.0
2342.0
2422.0
2448.0
2423.0
2417.0
5.0
5.0
4.0
4.0
5.0
5.0
5.0
5.0
5.0
5.0
5.0
5.0
4.0
5.0
5.0
5.0
5.0
5.0
5.0
5.0
4.0
5.0
5.0
5.0
5.0
5.0
5.0
5.0
5.0
4.0
5.0
5.0
5.0
5.0
5.0
4.0
4.0
5.0
5.0
5.0
5.0
5.0
5.0
4.0
5.0
4.0
5.0
4.0
5.0
5.0
5.0
5.0
5.0
5.0
5.0
5.0
4.0
4.0
4.0
5.0
5.0
5.0
5.0
5.0
5.0
5.0
5.0
4.0
5.0
5.0
5.0
5.0
4.0
5.0
5.0
5.0
5.0
5.0
4.0
5.0
5.0
5.0
5.0
5.0
5.0
4.0
5.0
5.0
5.0
4.0
5.0
2415.0
2410.0
2433.0
2407.0
2429.0
2404.0
2312.0
2352.0
2309.0
5.0
2374.0
2357.0
2345.0
2287.0
2376.0
2310.0
2287.0
2338.0
2374.0
5.0
2403.0
2392.0
2336.0
2387.0
2398.0
2344.0
2394.0
2348.0
2287.0
5.0
2286.0
2346.0
2348.0
2280.0
2335.0
2344.0
2284.0
2347.0
2305.0
4.0
2337.0
2350.0
2368.0
2362.0
2376.0
2360.0
2375.0
2361.0
2363.0
5.0
2338.0
2280.0
2288.0
2300.0
2301.0
2283.0
2298.0
2294.0
2328.0
5.0
2294.0
2273.0
2275.0
2348.0
2365.0
2405.0
2369.0
2454.0
2384.0
5.0
2370.0
2420.0
2368.0
2389.0
2327.0
2316.0
2313.0
2301.0
2296.0
5.0
2306.0
2291.0
2285.0
2311.0
2289.0
2287.0
2347.0
2364.0
2315.0
5.0
2333.0
2339.0
2327.0
2326.0
2341.0
2325.0
2322.0
2315.0
2295.0
5.0
2276.0
2315.0
2315.0
2283.0
2284.0
2299.0
2279.0
2288.0
2347.0
5.0
5.0
5.0
5.0
5.0
4.0
4.0
4.0
5.0
5.0
5.0
5.0
5.0
5.0
5.0
5.0
5.0
4.0
4.0
4.0
5.0
5.0
5.0
5.0
5.0
5.0
5.0
4.0
4.0
5.0
5.0
5.0
5.0
5.0
5.0
5.0
4.0
4.0
5.0
5.0
5.0
5.0
5.0
5.0
5.0
5.0
5.0
5.0
5.0
5.0
4.0
5.0
4.0
4.0
5.0
4.0
5.0
5.0
5.0
5.0
5.0
5.0
5.0
5.0
5.0
5.0
5.0
5.0
5.0
5.0
5.0
4.0
5.0
5.0
5.0
5.0
5.0
5.0
5.0
5.0
5.0
5.0
5.0
5.0
5.0
4.0
4.0
4.0
5.0
5.0
4.0
2395.0
2388.0
2344.0
2384.0
2384.0
2356.0
2339.0
2358.0
2342.0
5.0
2305.0
2313.0
2296.0
2318.0
2320.0
2292.0
2300.0
2308.0
2300.0
4.0
2286.0
2345.0
2357.0
2349.0
2327.0
2332.0
2397.0
2367.0
2389.0
5.0
2397.0
2372.0
2339.0
2379.0
2306.0
2312.0
2311.0
2345.0
2336.0
5.0
2290.0
2306.0
2315.0
2300.0
2379.0
2297.0
2360.0
2381.0
2384.0
5.0
2343.0
2387.0
2286.0
2448.0
2384.0
2254.0
2305.0
2304.0
2326.0
5.0
2281.0
2277.0
2292.0
2297.0
2286.0
2283.0
2329.0
2353.0
2340.0
5.0
2324.0
2322.0
2326.0
2331.0
2306.0
2329.0
2333.0
2275.0
2291.0
5.0
2291.0
2307.0
2294.0
2288.0
2290.0
2281.0
2277.0
2300.0
2351.0
5.0
2371.0
2350.0
2349.0
2325.0
2328.0
2322.0
2356.0
2364.0
2368.0
5.0
2290.0
2318.0
2320.0
2334.0
2310.0
2302.0
2329.0
2284.0
2289.0
5.0
5.0
5.0
5.0
5.0
5.0
5.0
5.0
5.0
5.0
5.0
5.0
5.0
5.0
5.0
5.0
5.0
5.0
5.0
5.0
5.0
5.0
5.0
5.0
5.0
5.0
5.0
5.0
5.0
5.0
5.0
5.0
5.0
5.0
5.0
5.0
5.0
5.0
5.0
5.0
4.0
5.0
4.0
5.0
5.0
5.0
5.0
5.0
5.0
5.0
5.0
5.0
5.0
5.0
5.0
5.0
5.0
5.0
5.0
5.0
5.0
5.0
5.0
5.0
5.0
5.0
5.0
5.0
5.0
5.0
5.0
5.0
5.0
5.0
5.0
5.0
5.0
5.0
5.0
5.0
5.0
5.0
5.0
5.0
5.0
5.0
5.0
5.0
5.0
5.0
5.0
2334.0
2335.0
2329.0
2329.0
2337.0
2373.0
2381.0
2315.0
2321.0
5.0
2309.0
2324.0
2280.0
2278.0
2281.0
2289.0
2293.0
2287.0
2306.0
5.0
2282.0
2284.0
2280.0
2285.0
2329.0
2322.0
2338.0
2353.0
2314.0
5.0
2307.0
2368.0
2351.0
2359.0
2329.0
2276.0
2287.0
2289.0
2286.0
5.0
2294.0
2285.0
2273.0
2281.0
2274.0
2370.0
2285.0
2324.0
2332.0
4.0
2357.0
2357.0
2363.0
2357.0
2344.0
2348.0
2348.0
2359.0
2299.0
5.0
2323.0
2300.0
2306.0
2341.0
2300.0
2303.0
2301.0
2325.0
2377.0
5.0
2318.0
2359.0
2359.0
2354.0
2423.0
2348.0
2324.0
2331.0
2336.0
5.0
2349.0
2359.0
2295.0
2274.0
2331.0
2294.0
2290.0
2279.0
2286.0
5.0
2282.0
2278.0
2341.0
2286.0
2357.0
2382.0
2333.0
2308.0
2315.0
4.0
2312.0
2320.0
2334.0
2331.0
2342.0
2270.0
2283.0
2287.0
2291.0
5.0
5.0
5.0
5.0
5.0
5.0
5.0
4.0
4.0
5.0
5.0
5.0
5.0
5.0
5.0
5.0
4.0
5.0
5.0
5.0
5.0
5.0
5.0
5.0
4.0
4.0
5.0
5.0
5.0
5.0
5.0
4.0
5.0
5.0
5.0
5.0
5.0
4.0
4.0
5.0
5.0
5.0
5.0
4.0
5.0
5.0
5.0
5.0
5.0
5.0
5.0
4.0
5.0
5.0
5.0
5.0
5.0
4.0
5.0
5.0
5.0
5.0
4.0
4.0
5.0
5.0
5.0
5.0
5.0
5.0
4.0
5.0
5.0
5.0
5.0
5.0
5.0
4.0
5.0
5.0
5.0
5.0
5.0
5.0
5.0
5.0
5.0
5.0
5.0
5.0
5.0
2286.0
2293.0
2302.0
2284.0
2287.0
2294.0
2349.0
2336.0
2388.0
4.0
2348.0
2365.0
2365.0
2335.0
2355.0
2355.0
2347.0
2283.0
2283.0
5.0
2288.0
2350.0
2315.0
2325.0
2360.0
2350.0
2331.0
2343.0
2367.0
5.0
2429.0
2408.0
2426.0
2348.0
2350.0
2363.0
2325.0
2379.0
2393.0
5.0
2274.0
2291.0
2292.0
2293.0
2282.0
2281.0
2296.0
2303.0
2283.0
4.0
2283.0
2279.0
2321.0
2384.0
2380.0
2322.0
2342.0
2345.0
2339.0
5.0
2325.0
2393.0
2326.0
2315.0
2299.0
2326.0
2282.0
2279.0
2298.0
5.0
2314.0
2297.0
2289.0
2282.0
2277.0
2332.0
2326.0
2326.0
2337.0
5.0
2324.0
2332.0
2352.0
2312.0
2330.0
2319.0
2292.0
2281.0
2278.0
5.0
2289.0
2297.0
2301.0
2306.0
2335.0
2314.0
2322.0
2289.0
2361.0
5.0
2356.0
2358.0
2372.0
2338.0
2372.0
2374.0
2353.0
2373.0
2329.0
5.0
5.0
5.0
5.0
4.0
4.0
5.0
5.0
5.0
5.0
4.0
4.0
5.0
5.0
5.0
5.0
5.0
4.0
5.0
5.0
5.0
5.0
5.0
5.0
5.0
4.0
5.0
5.0
5.0
5.0
5.0
4.0
4.0
5.0
5.0
5.0
5.0
4.0
4.0
5.0
5.0
5.0
5.0
5.0
4.0
4.0
5.0
5.0
5.0
5.0
5.0
5.0
4.0
5.0
5.0
5.0
5.0
5.0
5.0
5.0
5.0
5.0
5.0
5.0
4.0
5.0
5.0
5.0
5.0
5.0
4.0
4.0
5.0
5.0
5.0
5.0
5.0
4.0
5.0
5.0
5.0
5.0
5.0
4.0
5.0
5.0
5.0
5.0
5.0
4.0
5.0
2299.0
2273.0
2275.0
2283.0
2295.0
2289.0
2293.0
2302.0
2285.0
5.0
2289.0
2356.0
2307.0
2366.0
2326.0
2340.0
2333.0
2336.0
2329.0
5.0
2366.0
2344.0
2299.0
2289.0
2284.0
2302.0
2303.0
2293.0
2298.0
5.0
2308.0
2278.0
2312.0
2321.0
2345.0
2318.0
2326.0
2333.0
2367.0
4.0
2304.0
2310.0
2311.0
2318.0
2337.0
2316.0
2280.0
2290.0
2299.0
4.0
2293.0
2306.0
2318.0
2308.0
2299.0
2351.0
2415.0
2418.0
2383.0
5.0
2392.0
2434.0
2386.0
2381.0
2432.0
2380.0
2329.0
2304.0
2280.0
4.0
2288.0
2296.0
2304.0
2287.0
2296.0
2294.0
2276.0
2351.0
2368.0
5.0
2332.0
2332.0
2337.0
2356.0
2346.0
2350.0
2323.0
2350.0
2288.0
5.0
2286.0
2287.0
2276.0
2286.0
2279.0
2275.0
2275.0
2298.0
2293.0
5.0
2332.0
2314.0
2331.0
2345.0
2346.0
2357.0
2337.0
2334.0
2318.0
5.0
5.0
5.0
5.0
5.0
5.0
4.0
5.0
5.0
5.0
5.0
5.0
4.0
4.0
5.0
5.0
5.0
5.0
5.0
4.0
4.0
5.0
5.0
5.0
5.0
5.0
5.0
5.0
4.0
4.0
4.0
5.0
5.0
5.0
5.0
5.0
5.0
5.0
5.0
4.0
5.0
5.0
5.0
5.0
5.0
5.0
5.0
4.0
4.0
5.0
5.0
5.0
5.0
5.0
5.0
4.0
4.0
5.0
5.0
5.0
5.0
5.0
5.0
5.0
4.0
4.0
5.0
5.0
5.0
5.0
5.0
4.0
5.0
5.0
5.0
5.0
5.0
5.0
5.0
4.0
5.0
5.0
5.0
5.0
5.0
4.0
4.0
5.0
5.0
5.0
5.0
2339.0
2282.0
2290.0
2297.0
2323.0
2334.0
2286.0
2281.0
2285.0
5.0
2293.0
2282.0
2356.0
2363.0
2390.0
2385.0
2395.0
2425.0
2342.0
5.0
2368.0
2360.0
2398.0
2316.0
2313.0
2446.0
2305.0
2351.0
2287.0
5.0
2308.0
2299.0
2299.0
2296.0
2369.0
2370.0
2351.0
2334.0
2342.0
5.0
2340.0
2344.0
2343.0
2337.0
2358.0
2327.0
2296.0
2310.0
2322.0
5.0
2301.0
2293.0
2294.0
2297.0
2294.0
2314.0
2365.0
2397.0
2347.0
5.0
2336.0
2428.0
2383.0
2391.0
2327.0
2323.0
2315.0
2302.0
2286.0
5.0
2296.0
2301.0
2295.0
2282.0
2284.0
2290.0
2283.0
2290.0
2349.0
4.0
2350.0
2339.0
2329.0
2330.0
2376.0
2326.0
2440.0
2352.0
2362.0
5.0
2290.0
2315.0
2328.0
2336.0
2351.0
2299.0
2300.0
2333.0
2308.0
5.0
2300.0
2331.0
2411.0
2335.0
2332.0
2329.0
2322.0
2315.0
2327.0
4.0
4.0
5.0
5.0
5.0
4.0
4.0
5.0
5.0
5.0
4.0
4.0
5.0
5.0
5.0
4.0
4.0
5.0
5.0
5.0
4.0
4.0
5.0
5.0
5.0
5.0
4.0
5.0
5.0
5.0
5.0
4.0
4.0
5.0
5.0
5.0
5.0
4.0
5.0
5.0
5.0
5.0
5.0
5.0
4.0
4.0
5.0
5.0
5.0
4.0
4.0
5.0
5.0
5.0
5.0
5.0
4.0
5.0
5.0
5.0
4.0
4.0
5.0
5.0
5.0
5.0
5.0
4.0
5.0
5.0
5.0
5.0
5.0
4.0
5.0
5.0
5.0
5.0
4.0
5.0
5.0
5.0
5.0
4.0
5.0
5.0
5.0
4.0
4.0
5.0
5.0
2332.0
2320.0
2279.0
2272.0
2288.0
2279.0
2289.0
2297.0
2294.0
5.0
2280.0
2283.0
2293.0
2325.0
2338.0
2345.0
2341.0
2340.0
2410.0
5.0
2395.0
2412.0
2338.0
2366.0
2286.0
2310.0
2312.0
2312.0
2295.0
5.0
2305.0
2325.0
2311.0
2300.0
2305.0
2287.0
2382.0
2383.0
2360.0
5.0
2327.0
2311.0
2408.0
2395.0
2322.0
2351.0
2394.0
2368.0
2328.0
5.0
2332.0
2307.0
2308.0
2349.0
2339.0
2310.0
2332.0
2330.0
2329.0
5.0
2360.0
2427.0
2330.0
2349.0
2362.0
2338.0
2332.0
2333.0
2392.0
5.0
2373.0
2290.0
2301.0
2313.0
2317.0
2323.0
2292.0
2286.0
2339.0
5.0
2326.0
2308.0
2398.0
2366.0
2344.0
2392.0
2346.0
2454.0
2315.0
5.0
2365.0
2366.0
2382.0
2316.0
2301.0
2298.0
2323.0
2304.0
2317.0
5.0
2300.0
2290.0
2257.0
2271.0
2208.0
2207.0
2189.0
2176.0
2171.0
5.0
