2.0
2.0
2.0
2.0
1.0
2.0
1.0
2.0
2.0
1.0
2.0
2.0
2.0
2.0
2.0
2.0
1.0
767.0
768.0
772.0
826.0
1028.0
766.0
1172.0
773.0
866.0
671.0
850.0
764.0
765.0
2.0
1.0
2.0
1.0
2.0
2.0
2.0
766.0
767.0
770.0
689.0
769.0
681.0
763.0
644.0
642.0
744.0
745.0
743.0
743.0
1.0
2.0
1.0
2.0
2.0
1.0
2.0
743.0
764.0
668.0
762.0
667.0
677.0
766.0
764.0
764.0
763.0
765.0
642.0
744.0
2.0
2.0
1.0
2.0
1.0
2.0
2.0
762.0
669.0
668.0
668.0
763.0
765.0
766.0
764.0
766.0
763.0
836.0
728.0
730.0
1.0
2.0
1.0
2.0
1.0
2.0
1.0
739.0
829.0
827.0
830.0
851.0
828.0
829.0
659.0
659.0
763.0
647.0
765.0
765.0
1.0
2.0
1.0
2.0
2.0
1.0
2.0
765.0
766.0
773.0
767.0
675.0
681.0
764.0
671.0
740.0
740.0
746.0
743.0
743.0
2.0
1.0
2.0
2.0
1.0
2.0
1.0
762.0
666.0
671.0
669.0
766.0
767.0
766.0
767.0
766.0
767.0
645.0
642.0
742.0
1.0
1.0
2.0
1.0
2.0
1.0
2.0
643.0
763.0
669.0
669.0
765.0
767.0
766.0
766.0
766.0
764.0
669.0
736.0
649.0
2.0
1.0
1.0
2.0
1.0
2.0
1.0
650.0
758.0
726.0
754.0
753.0
752.0
686.0
751.0
746.0
692.0
712.0
670.0
724.0
1.0
2.0
1.0
2.0
1.0
2.0
1.0
671.0
724.0
722.0
723.0
721.0
727.0
699.0
701.0
684.0
679.0
697.0
694.0
699.0
1.0
2.0
1.0
2.0
1.0
2.0
1.0
2.0
2.0
1.0
1.0
1.0
1.0
2.0
2.0
2.0
2.0
2.0
1.0
2.0
2.0
2.0
2.0
1.0
3.0
2.0
3.0
2.0
1.0
1.0
1.0
1.0
3.0
2.0
2.0
2.0
2.0
2.0
3.0
2.0
1.0
1.0
1.0
2.0
1.0
1.0
2.0
1.0
1.0
2.0
2.0
2.0
1.0
1.0
2.0
2.0
1.0
1.0
2.0
2.0
2.0
1.0
1.0
1.0
1.0
2.0
2.0
3.0
1.0
1.0
802.0
689.0
1010.0
824.0
903.0
821.0
802.0
802.0
982.0
819.0
684.0
767.0
769.0
765.0
669.0
767.0
771.0
766.0
678.0
765.0
645.0
644.0
767.0
766.0
763.0
769.0
767.0
677.0
766.0
762.0
694.0
704.0
702.0
701.0
699.0
687.0
698.0
698.0
690.0
688.0
713.0
714.0
714.0
721.0
719.0
721.0
719.0
721.0
712.0
713.0
698.0
694.0
713.0
719.0
722.0
720.0
720.0
721.0
715.0
716.0
712.0
712.0
697.0
724.0
707.0
707.0
713.0
708.0
704.0
728.0
730.0
729.0
737.0
738.0
737.0
778.0
735.0
737.0
713.0
691.0
692.0
725.0
742.0
743.0
752.0
759.0
753.0
722.0
829.0
736.0
799.0
779.0
768.0
778.0
773.0
762.0
773.0
776.0
776.0
758.0
690.0
690.0
712.0
718.0
719.0
723.0
719.0
717.0
714.0
717.0
713.0
711.0
687.0
695.0
695.0
705.0
695.0
694.0
716.0
713.0
717.0
716.0
716.0
722.0
723.0
718.0
723.0
722.0
689.0
696.0
2.0
1.0
1.0
1.0
2.0
1.0
1.0
1.0
1.0
1.0
1.0
2.0
1.0
1.0
1.0
2.0
1.0
1.0
2.0
1.0
1.0
1.0
2.0
1.0
1.0
2.0
1.0
1.0
1.0
2.0
1.0
1.0
2.0
1.0
1.0
1.0
2.0
1.0
1.0
2.0
1.0
1.0
1.0
2.0
1.0
1.0
2.0
1.0
1.0
1.0
2.0
1.0
1.0
1.0
2.0
1.0
1.0
2.0
1.0
1.0
1.0
2.0
1.0
1.0
2.0
1.0
1.0
1.0
1.0
1.0
711.0
712.0
713.0
719.0
719.0
714.0
720.0
719.0
713.0
719.0
693.0
694.0
711.0
742.0
739.0
719.0
735.0
734.0
721.0
737.0
735.0
733.0
732.0
707.0
726.0
727.0
726.0
723.0
691.0
713.0
735.0
734.0
737.0
719.0
751.0
732.0
734.0
744.0
729.0
733.0
716.0
701.0
731.0
720.0
725.0
726.0
720.0
724.0
719.0
717.0
795.0
779.0
772.0
775.0
772.0
767.0
768.0
775.0
768.0
783.0
696.0
690.0
719.0
720.0
723.0
726.0
724.0
726.0
716.0
730.0
722.0
726.0
713.0
703.0
721.0
711.0
717.0
694.0
739.0
738.0
737.0
735.0
725.0
713.0
736.0
732.0
747.0
739.0
720.0
705.0
740.0
734.0
742.0
715.0
749.0
729.0
756.0
737.0
739.0
735.0
721.0
727.0
690.0
733.0
721.0
727.0
723.0
728.0
724.0
721.0
760.0
756.0
773.0
757.0
743.0
740.0
733.0
737.0
740.0
702.0
715.0
716.0
717.0
719.0
728.0
720.0
721.0
719.0
719.0
720.0
1.0
2.0
1.0
1.0
1.0
2.0
1.0
1.0
1.0
1.0
2.0
1.0
1.0
2.0
1.0
1.0
2.0
1.0
1.0
2.0
1.0
1.0
1.0
1.0
1.0
1.0
1.0
1.0
1.0
1.0
2.0
1.0
1.0
2.0
1.0
1.0
2.0
1.0
1.0
1.0
1.0
2.0
1.0
1.0
2.0
1.0
1.0
2.0
1.0
1.0
1.0
1.0
2.0
1.0
1.0
2.0
1.0
1.0
2.0
1.0
1.0
2.0
1.0
1.0
1.0
1.0
2.0
1.0
1.0
2.0
689.0
690.0
714.0
714.0
714.0
721.0
721.0
720.0
720.0
719.0
788.0
794.0
770.0
793.0
784.0
808.0
806.0
822.0
814.0
808.0
708.0
720.0
730.0
732.0
723.0
735.0
735.0
737.0
737.0
732.0
715.0
722.0
689.0
689.0
689.0
695.0
717.0
719.0
719.0
719.0
712.0
712.0
714.0
714.0
713.0
718.0
696.0
694.0
695.0
696.0
711.0
710.0
714.0
714.0
714.0
719.0
719.0
719.0
718.0
719.0
692.0
688.0
689.0
689.0
709.0
713.0
723.0
719.0
720.0
720.0
717.0
715.0
717.0
722.0
690.0
696.0
711.0
696.0
695.0
697.0
713.0
713.0
713.0
714.0
714.0
718.0
721.0
721.0
718.0
721.0
689.0
690.0
688.0
710.0
713.0
722.0
722.0
722.0
723.0
721.0
783.0
790.0
794.0
772.0
769.0
782.0
786.0
779.0
777.0
764.0
689.0
704.0
713.0
717.0
721.0
723.0
723.0
724.0
723.0
723.0
716.0
717.0
692.0
691.0
689.0
695.0
695.0
695.0
699.0
695.0
1.0
1.0
2.0
1.0
1.0
2.0
1.0
1.0
1.0
2.0
1.0
1.0
2.0
1.0
1.0
1.0
2.0
1.0
1.0
1.0
1.0
1.0
1.0
2.0
1.0
1.0
1.0
1.0
1.0
1.0
2.0
1.0
1.0
1.0
2.0
1.0
1.0
1.0
2.0
2.0
1.0
1.0
1.0
1.0
1.0
1.0
2.0
2.0
1.0
1.0
1.0
1.0
2.0
2.0
1.0
1.0
1.0
1.0
1.0
1.0
2.0
2.0
1.0
1.0
1.0
1.0
2.0
2.0
1.0
1.0
714.0
714.0
714.0
713.0
714.0
719.0
720.0
720.0
720.0
721.0
689.0
690.0
710.0
719.0
716.0
723.0
722.0
722.0
723.0
722.0
715.0
715.0
688.0
689.0
689.0
715.0
719.0
719.0
719.0
720.0
712.0
714.0
713.0
713.0
712.0
695.0
694.0
695.0
695.0
695.0
712.0
711.0
720.0
710.0
714.0
718.0
719.0
719.0
718.0
719.0
690.0
690.0
702.0
691.0
690.0
719.0
720.0
723.0
721.0
718.0
783.0
784.0
788.0
782.0
790.0
761.0
763.0
759.0
761.0
765.0
694.0
695.0
692.0
719.0
713.0
724.0
724.0
724.0
723.0
723.0
718.0
719.0
716.0
694.0
690.0
697.0
701.0
702.0
702.0
700.0
726.0
727.0
733.0
739.0
736.0
731.0
726.0
721.0
727.0
723.0
699.0
697.0
714.0
713.0
714.0
723.0
721.0
719.0
721.0
720.0
713.0
713.0
688.0
687.0
687.0
714.0
721.0
728.0
726.0
732.0
720.0
720.0
715.0
716.0
717.0
694.0
695.0
696.0
694.0
694.0
1.0
1.0
1.0
1.0
1.0
2.0
1.0
1.0
1.0
1.0
2.0
1.0
1.0
2.0
1.0
1.0
2.0
1.0
1.0
2.0
1.0
1.0
1.0
1.0
2.0
1.0
1.0
2.0
1.0
1.0
1.0
1.0
1.0
2.0
1.0
1.0
1.0
1.0
2.0
1.0
1.0
2.0
1.0
1.0
2.0
1.0
1.0
2.0
1.0
1.0
1.0
1.0
2.0
1.0
1.0
2.0
1.0
1.0
1.0
1.0
2.0
2.0
1.0
1.0
1.0
1.0
2.0
1.0
1.0
2.0
712.0
711.0
714.0
713.0
714.0
719.0
718.0
718.0
719.0
722.0
691.0
690.0
689.0
689.0
689.0
726.0
718.0
718.0
718.0
718.0
784.0
793.0
800.0
801.0
802.0
774.0
771.0
789.0
781.0
782.0
690.0
712.0
692.0
733.0
715.0
719.0
719.0
720.0
720.0
720.0
714.0
714.0
718.0
691.0
689.0
696.0
695.0
695.0
696.0
693.0
714.0
713.0
713.0
714.0
714.0
720.0
721.0
721.0
721.0
721.0
690.0
690.0
715.0
712.0
714.0
719.0
719.0
718.0
719.0
719.0
715.0
712.0
691.0
689.0
690.0
694.0
719.0
715.0
718.0
718.0
714.0
714.0
714.0
714.0
715.0
719.0
697.0
696.0
695.0
696.0
693.0
708.0
722.0
717.0
723.0
722.0
738.0
738.0
737.0
724.0
718.0
716.0
692.0
693.0
690.0
719.0
724.0
726.0
722.0
721.0
789.0
788.0
798.0
797.0
798.0
768.0
771.0
769.0
770.0
768.0
690.0
690.0
689.0
690.0
689.0
722.0
721.0
724.0
721.0
726.0
1.0
1.0
1.0
2.0
1.0
1.0
2.0
1.0
1.0
1.0
2.0
1.0
1.0
2.0
1.0
1.0
1.0
2.0
1.0
1.0
2.0
1.0
1.0
1.0
2.0
1.0
1.0
1.0
1.0
1.0
1.0
2.0
1.0
1.0
1.0
1.0
2.0
1.0
1.0
2.0
1.0
1.0
2.0
1.0
1.0
2.0
1.0
1.0
1.0
1.0
2.0
1.0
1.0
2.0
1.0
1.0
2.0
1.0
1.0
1.0
1.0
2.0
1.0
1.0
2.0
1.0
1.0
2.0
1.0
1.0
715.0
715.0
714.0
715.0
714.0
695.0
695.0
694.0
694.0
693.0
715.0
714.0
724.0
715.0
715.0
721.0
720.0
723.0
722.0
721.0
688.0
690.0
712.0
689.0
715.0
719.0
721.0
721.0
722.0
722.0
716.0
717.0
718.0
717.0
692.0
706.0
735.0
729.0
734.0
730.0
723.0
725.0
729.0
726.0
727.0
744.0
721.0
715.0
719.0
717.0
690.0
689.0
717.0
711.0
717.0
723.0
723.0
723.0
723.0
724.0
717.0
717.0
694.0
691.0
690.0
718.0
724.0
721.0
720.0
720.0
781.0
792.0
802.0
808.0
808.0
789.0
783.0
792.0
772.0
790.0
705.0
693.0
701.0
704.0
710.0
728.0
724.0
724.0
726.0
727.0
717.0
715.0
719.0
721.0
715.0
699.0
694.0
706.0
696.0
702.0
715.0
716.0
723.0
717.0
719.0
745.0
726.0
732.0
742.0
724.0
703.0
707.0
693.0
691.0
710.0
728.0
723.0
727.0
721.0
726.0
717.0
717.0
718.0
717.0
690.0
720.0
723.0
721.0
718.0
718.0
2.0
1.0
1.0
1.0
2.0
2.0
1.0
1.0
1.0
1.0
1.0
2.0
2.0
1.0
1.0
1.0
1.0
1.0
1.0
2.0
2.0
1.0
1.0
1.0
1.0
1.0
2.0
1.0
1.0
1.0
1.0
1.0
2.0
2.0
1.0
1.0
1.0
1.0
1.0
2.0
2.0
1.0
1.0
1.0
1.0
1.0
2.0
2.0
1.0
1.0
1.0
1.0
1.0
2.0
2.0
1.0
1.0
1.0
1.0
1.0
1.0
2.0
2.0
1.0
1.0
1.0
1.0
1.0
2.0
1.0
720.0
719.0
720.0
729.0
718.0
696.0
694.0
695.0
694.0
697.0
689.0
689.0
710.0
723.0
710.0
724.0
725.0
724.0
725.0
728.0
720.0
719.0
693.0
691.0
691.0
722.0
724.0
723.0
722.0
721.0
793.0
800.0
796.0
793.0
806.0
791.0
785.0
774.0
789.0
788.0
690.0
696.0
696.0
692.0
696.0
727.0
740.0
745.0
724.0
725.0
736.0
719.0
721.0
735.0
722.0
695.0
694.0
695.0
697.0
719.0
714.0
719.0
715.0
720.0
715.0
724.0
725.0
722.0
721.0
698.0
688.0
688.0
688.0
688.0
689.0
724.0
722.0
722.0
722.0
721.0
721.0
715.0
717.0
715.0
716.0
722.0
725.0
724.0
717.0
720.0
716.0
715.0
717.0
718.0
717.0
695.0
697.0
694.0
697.0
696.0
689.0
690.0
689.0
715.0
712.0
721.0
724.0
724.0
722.0
723.0
715.0
733.0
716.0
690.0
688.0
751.0
751.0
764.0
794.0
752.0
728.0
732.0
799.0
802.0
801.0
792.0
789.0
787.0
787.0
840.0
2.0
1.0
1.0
1.0
2.0
1.0
1.0
2.0
1.0
1.0
1.0
2.0
1.0
1.0
2.0
1.0
1.0
1.0
2.0
1.0
1.0
2.0
2.0
1.0
1.0
1.0
1.0
1.0
2.0
2.0
1.0
1.0
1.0
1.0
2.0
2.0
1.0
1.0
1.0
1.0
1.0
1.0
2.0
1.0
1.0
1.0
1.0
1.0
1.0
2.0
2.0
1.0
77.0
1.0
75.0
1.0
2.0
1.0
1.0
1.0
1.0
1.0
2.0
1.0
1.0
2.0
1.0
1.0
1.0
1.0
691.0
693.0
691.0
702.0
701.0
732.0
729.0
729.0
729.0
752.0
722.0
721.0
720.0
722.0
718.0
695.0
697.0
695.0
693.0
715.0
713.0
715.0
731.0
716.0
720.0
721.0
722.0
721.0
721.0
689.0
688.0
688.0
694.0
691.0
691.0
721.0
723.0
724.0
721.0
719.0
718.0
716.0
720.0
717.0
715.0
718.0
726.0
723.0
728.0
720.0
719.0
717.0
726.0
718.0
718.0
696.0
697.0
697.0
711.0
691.0
691.0
690.0
698.0
691.0
689.0
741.0
725.0
723.0
722.0
715.0
715.0
717.0
722.0
718.0
716.0
726.0
723.0
722.0
722.0
717.0
716.0
717.0
798.0
790.0
801.0
775.0
778.0
779.0
795.0
786.0
789.0
785.0
695.0
708.0
713.0
720.0
723.0
720.0
726.0
721.0
716.0
719.0
721.0
719.0
717.0
694.0
697.0
695.0
717.0
712.0
718.0
719.0
717.0
718.0
719.0
723.0
723.0
725.0
695.0
694.0
690.0
690.0
700.0
691.0
693.0
721.0
721.0
723.0
723.0
715.0
1.0
2.0
1.0
1.0
2.0
1.0
1.0
1.0
1.0
1.0
2.0
2.0
1.0
1.0
1.0
1.0
1.0
2.0
1.0
1.0
1.0
1.0
1.0
1.0
2.0
2.0
1.0
1.0
1.0
1.0
2.0
2.0
1.0
1.0
1.0
1.0
1.0
1.0
2.0
2.0
1.0
1.0
1.0
1.0
1.0
2.0
2.0
1.0
1.0
1.0
1.0
1.0
2.0
2.0
1.0
1.0
1.0
1.0
1.0
1.0
2.0
1.0
1.0
1.0
1.0
1.0
2.0
2.0
1.0
1.0
717.0
717.0
723.0
716.0
716.0
719.0
722.0
722.0
721.0
715.0
716.0
721.0
720.0
716.0
715.0
695.0
696.0
696.0
689.0
695.0
691.0
690.0
696.0
690.0
691.0
720.0
721.0
720.0
715.0
724.0
725.0
716.0
724.0
717.0
717.0
721.0
723.0
723.0
718.0
725.0
718.0
718.0
797.0
802.0
805.0
788.0
803.0
784.0
777.0
798.0
783.0
780.0
709.0
707.0
714.0
721.0
725.0
722.0
733.0
732.0
726.0
730.0
727.0
739.0
726.0
727.0
750.0
723.0
751.0
742.0
718.0
721.0
717.0
749.0
719.0
721.0
690.0
695.0
697.0
689.0
689.0
720.0
689.0
690.0
693.0
726.0
715.0
723.0
720.0
717.0
716.0
717.0
721.0
717.0
721.0
720.0
715.0
722.0
721.0
716.0
715.0
717.0
720.0
717.0
720.0
693.0
688.0
694.0
694.0
689.0
688.0
689.0
695.0
689.0
698.0
715.0
719.0
720.0
714.0
723.0
715.0
713.0
721.0
715.0
728.0
714.0
718.0
722.0
730.0
715.0
2.0
1.0
1.0
1.0
1.0
1.0
1.0
2.0
1.0
1.0
2.0
1.0
1.0
2.0
1.0
1.0
1.0
1.0
2.0
1.0
1.0
2.0
1.0
1.0
1.0
1.0
2.0
2.0
1.0
1.0
1.0
1.0
2.0
1.0
1.0
2.0
1.0
1.0
1.0
1.0
2.0
2.0
1.0
1.0
1.0
1.0
2.0
1.0
1.0
2.0
1.0
1.0
1.0
1.0
2.0
2.0
1.0
1.0
1.0
1.0
2.0
1.0
1.0
1.0
1.0
1.0
1.0
1.0
1.0
1.0
813.0
812.0
813.0
800.0
821.0
802.0
808.0
816.0
807.0
801.0
710.0
706.0
706.0
700.0
695.0
716.0
720.0
719.0
716.0
715.0
716.0
724.0
747.0
715.0
722.0
690.0
695.0
721.0
717.0
716.0
713.0
715.0
720.0
719.0
722.0
714.0
720.0
689.0
688.0
694.0
689.0
690.0
696.0
693.0
695.0
716.0
720.0
729.0
715.0
720.0
715.0
714.0
721.0
720.0
720.0
710.0
720.0
715.0
721.0
728.0
715.0
715.0
721.0
721.0
721.0
690.0
696.0
688.0
688.0
701.0
689.0
688.0
696.0
696.0
699.0
719.0
721.0
718.0
720.0
728.0
739.0
723.0
724.0
724.0
740.0
723.0
724.0
723.0
719.0
722.0
719.0
809.0
818.0
818.0
815.0
783.0
788.0
780.0
781.0
786.0
783.0
690.0
696.0
695.0
695.0
715.0
721.0
716.0
717.0
720.0
717.0
716.0
720.0
722.0
722.0
689.0
694.0
715.0
714.0
723.0
723.0
715.0
720.0
717.0
712.0
691.0
647.0
644.0
651.0
646.0
