3.0
3.0
3.0
3.0
2.0
3.0
3.0
3.0
3.0
3.0
13.0
12.0
203.0
203.0
379.0
379.0
379.0
378.0
381.0
379.0
379.0
378.0
379.0
379.0
1597.0
1597.0
1596.0
1596.0
1598.0
1594.0
1596.0
1594.0
1595.0
1594.0
1586.0
1585.0
1585.0
1585.0
1584.0
1583.0
1586.0
1585.0
1587.0
1585.0
1594.0
1593.0
1593.0
1593.0
1595.0
1593.0
12.0
12.0
203.0
203.0
399.0
399.0
399.0
400.0
379.0
379.0
379.0
378.0
378.0
378.0
1586.0
1585.0
1605.0
1606.0
1595.0
1594.0
1595.0
1594.0
1594.0
1596.0
1599.0
1597.0
1576.0
1579.0
1582.0
1578.0
1579.0
1578.0
1579.0
1581.0
1598.0
1597.0
1599.0
1598.0
1600.0
1598.0
12.0
12.0
216.0
215.0
393.0
393.0
402.0
402.0
399.0
399.0
378.0
379.0
379.0
379.0
1605.0
1602.0
1599.0
1602.0
1610.0
1613.0
1609.0
1612.0
1634.0
1631.0
1614.0
1613.0
1614.0
1614.0
1601.0
1599.0
1597.0
1598.0
1579.0
1579.0
1607.0
1606.0
1606.0
1604.0
1607.0
1605.0
12.0
12.0
205.0
205.0
394.0
394.0
394.0
394.0
383.0
383.0
383.0
383.0
404.0
403.0
1607.0
1607.0
1585.0
1585.0
1582.0
1585.0
1582.0
1583.0
1581.0
1580.0
1592.0
1590.0
1591.0
1594.0
1593.0
1592.0
1606.0
1607.0
1603.0
1603.0
1586.0
1586.0
1586.0
1589.0
1586.0
1607.0
13.0
12.0
203.0
202.0
379.0
378.0
379.0
378.0
378.0
378.0
390.0
390.0
392.0
391.0
1590.0
1587.0
1590.0
1590.0
1591.0
1592.0
1592.0
1592.0
1590.0
1569.0
1592.0
1592.0
1593.0
1593.0
1598.0
1593.0
1594.0
1593.0
1593.0
1593.0
1414.0
1414.0
1384.0
1382.0
1376.0
1374.0
13.0
12.0
13.0
13.0
13.0
13.0
13.0
12.0
4.0
3.0
12.0
12.0
13.0
12.0
12.0
12.0
12.0
12.0
4.0
3.0
203.0
204.0
203.0
203.0
203.0
203.0
203.0
203.0
195.0
3.0
203.0
215.0
214.0
214.0
215.0
215.0
214.0
215.0
206.0
3.0
390.0
391.0
379.0
379.0
379.0
378.0
378.0
378.0
370.0
3.0
378.0
378.0
378.0
379.0
378.0
378.0
378.0
378.0
370.0
3.0
378.0
379.0
388.0
388.0
391.0
391.0
391.0
391.0
383.0
2.0
391.0
391.0
390.0
403.0
403.0
400.0
401.0
401.0
392.0
3.0
401.0
401.0
402.0
402.0
379.0
379.0
380.0
379.0
370.0
3.0
378.0
378.0
379.0
378.0
378.0
379.0
378.0
379.0
369.0
2.0
379.0
388.0
388.0
388.0
388.0
389.0
390.0
391.0
382.0
3.0
390.0
390.0
379.0
380.0
380.0
380.0
379.0
378.0
369.0
2.0
379.0
378.0
378.0
378.0
378.0
379.0
379.0
379.0
370.0
3.0
378.0
391.0
391.0
391.0
392.0
391.0
390.0
390.0
382.0
3.0
1605.0
1603.0
1606.0
1608.0
1607.0
1614.0
1605.0
1611.0
1597.0
672.0
1600.0
1616.0
1616.0
1600.0
1602.0
1599.0
1600.0
1599.0
1591.0
658.0
1602.0
1602.0
1577.0
1578.0
1580.0
1577.0
1579.0
1577.0
1570.0
662.0
1572.0
1569.0
1572.0
1593.0
1591.0
1593.0
1592.0
1593.0
1583.0
659.0
1598.0
1595.0
1596.0
1595.0
1580.0
1582.0
1583.0
1585.0
1574.0
661.0
1595.0
1596.0
1594.0
1596.0
1594.0
1594.0
1593.0
1594.0
1583.0
674.0
1581.0
1584.0
1586.0
1586.0
1588.0
1587.0
1597.0
1595.0
1590.0
663.0
1599.0
1599.0
1599.0
1591.0
1599.0
1599.0
1598.0
1574.0
1565.0
665.0
1574.0
1575.0
1575.0
1576.0
1575.0
1575.0
1595.0
1593.0
1588.0
665.0
1591.0
1594.0
1594.0
1592.0
1593.0
1595.0
1595.0
1572.0
1563.0
663.0
1594.0
1593.0
1614.0
1616.0
1618.0
1618.0
1620.0
1627.0
1609.0
659.0
1624.0
1613.0
1606.0
1595.0
1592.0
1595.0
1592.0
1591.0
1585.0
667.0
1598.0
1597.0
1583.0
1582.0
1595.0
1593.0
1593.0
1594.0
1585.0
673.0
1570.0
1571.0
1571.0
1582.0
1607.0
1593.0
1596.0
1594.0
1587.0
650.0
1595.0
1596.0
1597.0
1595.0
1595.0
1571.0
1573.0
1571.0
1562.0
651.0
1581.0
1582.0
1582.0
1581.0
1584.0
1593.0
1594.0
1591.0
1582.0
659.0
1595.0
1594.0
1597.0
1594.0
1595.0
1594.0
1582.0
1584.0
1574.0
662.0
1594.0
1596.0
1595.0
1594.0
1596.0
1596.0
1594.0
1591.0
1584.0
673.0
1590.0
1590.0
1590.0
1590.0
1588.0
1585.0
1588.0
1597.0
1596.0
651.0
1608.0
1610.0
1611.0
1608.0
1605.0
1611.0
1613.0
1612.0
1617.0
656.0
1600.0
1599.0
1598.0
1604.0
1606.0
1600.0
1602.0
1628.0
1617.0
668.0
1665.0
1620.0
1621.0
1601.0
1600.0
1597.0
1600.0
1598.0
1567.0
652.0
1582.0
1653.0
1597.0
1596.0
1596.0
1596.0
1596.0
1595.0
1588.0
660.0
1592.0
1593.0
1664.0
1569.0
1569.0
1580.0
1580.0
1580.0
1572.0
659.0
1601.0
1599.0
1599.0
1631.0
1611.0
1605.0
1605.0
1603.0
1596.0
678.0
1577.0
1576.0
1576.0
1577.0
1587.0
1599.0
1598.0
1590.0
1584.0
650.0
12.0
12.0
13.0
12.0
12.0
12.0
12.0
12.0
3.0
3.0
12.0
12.0
11.0
12.0
12.0
12.0
12.0
12.0
3.0
2.0
215.0
214.0
215.0
215.0
215.0
203.0
203.0
202.0
194.0
3.0
202.0
203.0
203.0
203.0
225.0
224.0
225.0
224.0
207.0
24.0
378.0
378.0
378.0
378.0
378.0
378.0
378.0
378.0
370.0
2.0
378.0
379.0
378.0
378.0
378.0
379.0
378.0
378.0
361.0
2.0
379.0
378.0
389.0
390.0
389.0
390.0
390.0
390.0
381.0
3.0
389.0
389.0
390.0
378.0
378.0
379.0
378.0
379.0
361.0
3.0
378.0
378.0
378.0
378.0
379.0
379.0
378.0
378.0
369.0
3.0
378.0
379.0
388.0
389.0
388.0
388.0
388.0
388.0
372.0
3.0
388.0
388.0
410.0
398.0
399.0
399.0
398.0
399.0
390.0
3.0
398.0
399.0
398.0
377.0
378.0
378.0
379.0
378.0
362.0
2.0
379.0
379.0
379.0
379.0
380.0
379.0
380.0
380.0
382.0
3.0
391.0
391.0
391.0
391.0
391.0
391.0
391.0
389.0
373.0
3.0
1599.0
1599.0
1593.0
1597.0
1599.0
1595.0
1597.0
1597.0
1588.0
650.0
1608.0
1573.0
1571.0
1571.0
1572.0
1571.0
1571.0
1570.0
1563.0
661.0
1620.0
1617.0
1619.0
1616.0
1616.0
1621.0
1619.0
1619.0
1606.0
703.0
1570.0
1570.0
1570.0
1582.0
1582.0
1581.0
1582.0
1584.0
1566.0
660.0
1591.0
1589.0
1592.0
1590.0
1592.0
1593.0
1592.0
1593.0
1584.0
671.0
1582.0
1581.0
1581.0
1584.0
1583.0
1592.0
1591.0
1591.0
1574.0
660.0
1591.0
1591.0
1592.0
1591.0
1591.0
1591.0
1582.0
1583.0
1576.0
660.0
1597.0
1599.0
1606.0
1599.0
1598.0
1599.0
1599.0
1602.0
1583.0
675.0
1584.0
1586.0
1585.0
1609.0
1584.0
1584.0
1583.0
1583.0
1588.0
657.0
1591.0
1593.0
1595.0
1592.0
1594.0
1593.0
1592.0
1594.0
1573.0
651.0
1581.0
1581.0
1580.0
1583.0
1581.0
1582.0
1579.0
1582.0
1572.0
659.0
1594.0
1591.0
1593.0
1592.0
1592.0
1592.0
1593.0
1595.0
1576.0
669.0
1605.0
1611.0
1613.0
1614.0
1613.0
1619.0
1614.0
1613.0
1607.0
682.0
1592.0
1593.0
1593.0
1570.0
1571.0
1573.0
1571.0
1570.0
1553.0
660.0
1588.0
1591.0
1592.0
1593.0
1591.0
1591.0
1592.0
1604.0
1593.0
682.0
1576.0
1576.0
1577.0
1574.0
1574.0
1585.0
1584.0
1585.0
1557.0
652.0
1590.0
1592.0
1591.0
1591.0
1591.0
1593.0
1591.0
1591.0
1585.0
674.0
1581.0
1580.0
1581.0
1581.0
1581.0
1580.0
1581.0
1590.0
1574.0
661.0
1593.0
1591.0
1593.0
1593.0
1592.0
1591.0
1591.0
1591.0
1572.0
660.0
1594.0
1595.0
1594.0
1593.0
1596.0
1594.0
1594.0
1595.0
1578.0
673.0
1568.0
1571.0
1570.0
1571.0
1570.0
1569.0
1570.0
1581.0
1571.0
660.0
1590.0
1589.0
1592.0
1592.0
1591.0
1591.0
1591.0
1592.0
1572.0
670.0
1605.0
1604.0
1619.0
1615.0
1619.0
1622.0
1616.0
1617.0
1611.0
678.0
1599.0
1591.0
1593.0
1590.0
1591.0
1592.0
1592.0
1591.0
1574.0
671.0
1590.0
1581.0
1583.0
1583.0
1593.0
1594.0
1594.0
1596.0
1587.0
661.0
1597.0
1617.0
1600.0
1599.0
1599.0
1587.0
1586.0
1588.0
1570.0
664.0
12.0
12.0
12.0
12.0
12.0
12.0
12.0
12.0
4.0
2.0
12.0
11.0
12.0
10.0
3.0
3.0
3.0
3.0
3.0
2.0
211.0
204.0
204.0
204.0
203.0
203.0
202.0
202.0
185.0
2.0
202.0
202.0
202.0
201.0
194.0
149.0
114.0
114.0
114.0
3.0
390.0
389.0
389.0
389.0
389.0
390.0
378.0
380.0
362.0
2.0
378.0
398.0
398.0
396.0
390.0
345.0
261.0
261.0
261.0
2.0
399.0
399.0
379.0
378.0
378.0
378.0
377.0
378.0
360.0
3.0
377.0
378.0
377.0
376.0
369.0
324.0
241.0
241.0
241.0
3.0
378.0
379.0
389.0
390.0
389.0
389.0
389.0
388.0
372.0
3.0
389.0
389.0
388.0
376.0
369.0
325.0
240.0
241.0
241.0
2.0
378.0
379.0
379.0
379.0
380.0
379.0
379.0
379.0
362.0
3.0
379.0
379.0
378.0
387.0
381.0
336.0
251.0
252.0
252.0
3.0
389.0
390.0
389.0
410.0
400.0
399.0
399.0
398.0
382.0
2.0
399.0
399.0
398.0
397.0
370.0
330.0
241.0
241.0
241.0
2.0
1569.0
1569.0
1572.0
1572.0
1574.0
1572.0
1572.0
1573.0
1565.0
660.0
1596.0
1594.0
1592.0
1593.0
1585.0
1541.0
1456.0
1457.0
923.0
685.0
1569.0
1574.0
1575.0
1586.0
1587.0
1587.0
1585.0
1586.0
1570.0
665.0
1591.0
1592.0
1592.0
1589.0
1597.0
1545.0
1461.0
1472.0
911.0
671.0
1615.0
1615.0
1654.0
1616.0
1613.0
1613.0
1616.0
1613.0
1597.0
668.0
1591.0
1591.0
1590.0
1664.0
1582.0
1538.0
1454.0
1431.0
898.0
649.0
1582.0
1582.0
1591.0
1595.0
1594.0
1596.0
1599.0
1596.0
1653.0
661.0
1598.0
1601.0
1601.0
1576.0
1568.0
1522.0
1440.0
1439.0
903.0
687.0
1595.0
1592.0
1593.0
1591.0
1592.0
1590.0
1592.0
1592.0
1576.0
660.0
1594.0
1572.0
1569.0
1570.0
1572.0
1517.0
1446.0
1444.0
900.0
662.0
1592.0
1594.0
1592.0
1593.0
1592.0
1591.0
1603.0
1593.0
1574.0
670.0
1569.0
1572.0
1571.0
1581.0
1574.0
1531.0
1447.0
1435.0
888.0
652.0
1597.0
1593.0
1593.0
1593.0
1591.0
1593.0
1591.0
1593.0
1574.0
672.0
1586.0
1587.0
1585.0
1585.0
1579.0
1534.0
1460.0
1465.0
903.0
652.0
1615.0
1620.0
1620.0
1622.0
1620.0
1618.0
1619.0
1619.0
1581.0
668.0
1616.0
1611.0
1598.0
1597.0
1591.0
1546.0
1464.0
1461.0
904.0
664.0
1593.0
1593.0
1590.0
1570.0
1568.0
1568.0
1571.0
1572.0
1553.0
657.0
1593.0
1593.0
1596.0
1594.0
1586.0
1541.0
1458.0
1456.0
924.0
684.0
1571.0
1571.0
1569.0
1569.0
1568.0
1578.0
1577.0
1580.0
1564.0
659.0
1590.0
1591.0
1590.0
1589.0
1582.0
1539.0
1446.0
1454.0
908.0
672.0
1571.0
1580.0
1581.0
1582.0
1581.0
1582.0
1580.0
1582.0
1564.0
648.0
1589.0
1589.0
1588.0
1590.0
1583.0
1538.0
1456.0
1454.0
908.0
672.0
1586.0
1585.0
1584.0
1610.0
1597.0
1595.0
1595.0
1596.0
1579.0
654.0
1603.0
1592.0
1589.0
1588.0
1561.0
1516.0
1433.0
1432.0
898.0
660.0
1593.0
1592.0
1593.0
1602.0
1607.0
1607.0
1606.0
1604.0
1589.0
661.0
1607.0
1585.0
1584.0
1581.0
1568.0
1518.0
1434.0
1447.0
900.0
662.0
12.0
12.0
12.0
12.0
12.0
12.0
12.0
12.0
3.0
3.0
12.0
12.0
11.0
9.0
2.0
3.0
2.0
2.0
3.0
2.0
202.0
203.0
202.0
202.0
202.0
203.0
202.0
203.0
186.0
3.0
214.0
214.0
214.0
211.0
205.0
125.0
125.0
2.0
2.0
2.0
390.0
390.0
378.0
378.0
378.0
378.0
378.0
378.0
361.0
2.0
378.0
399.0
398.0
395.0
390.0
261.0
260.0
2.0
2.0
2.0
399.0
399.0
399.0
398.0
378.0
378.0
378.0
378.0
361.0
2.0
378.0
378.0
377.0
375.0
369.0
240.0
240.0
2.0
3.0
2.0
387.0
388.0
390.0
389.0
389.0
390.0
389.0
390.0
373.0
3.0
389.0
380.0
379.0
376.0
368.0
240.0
240.0
2.0
2.0
2.0
378.0
378.0
378.0
379.0
378.0
378.0
377.0
378.0
361.0
3.0
377.0
378.0
377.0
375.0
368.0
240.0
240.0
2.0
2.0
2.0
389.0
390.0
389.0
390.0
389.0
390.0
389.0
410.0
393.0
2.0
410.0
400.0
399.0
397.0
390.0
262.0
262.0
2.0
2.0
2.0
1594.0
1573.0
1574.0
1573.0
1572.0
1571.0
1571.0
1573.0
1555.0
649.0
1583.0
1594.0
1594.0
1591.0
1585.0
1457.0
1457.0
659.0
661.0
660.0
1591.0
1593.0
1592.0
1593.0
1584.0
1587.0
1585.0
1583.0
1564.0
661.0
1594.0
1593.0
1593.0
1593.0
1585.0
1455.0
1456.0
675.0
672.0
672.0
1584.0
1600.0
1582.0
1584.0
1596.0
1596.0
1596.0
1599.0
1589.0
655.0
1598.0
1596.0
1597.0
1601.0
1586.0
1442.0
1445.0
672.0
670.0
648.0
1568.0
1574.0
1578.0
1579.0
1580.0
1580.0
1581.0
1581.0
1562.0
658.0
1629.0
1625.0
1623.0
1623.0
1615.0
1487.0
1492.0
704.0
705.0
705.0
1588.0
1586.0
1586.0
1586.0
1586.0
1586.0
1596.0
1597.0
1582.0
658.0
1590.0
1593.0
1590.0
1586.0
1582.0
1453.0
1453.0
648.0
658.0
658.0
1583.0
1575.0
1572.0
1595.0
1593.0
1594.0
1593.0
1593.0
1578.0
649.0
1592.0
1591.0
1592.0
1588.0
1563.0
1432.0
1431.0
648.0
649.0
649.0
1581.0
1581.0
1580.0
1582.0
1592.0
1592.0
1592.0
1594.0
1576.0
660.0
1590.0
1592.0
1592.0
1586.0
1581.0
1430.0
1439.0
659.0
658.0
659.0
1594.0
1594.0
1595.0
1595.0
1594.0
1595.0
1593.0
1595.0
1588.0
673.0
1572.0
1573.0
1573.0
1571.0
1564.0
1435.0
1435.0
662.0
662.0
649.0
1594.0
1593.0
1591.0
1590.0
1591.0
1593.0
1591.0
1591.0
1573.0
683.0
1572.0
1571.0
1570.0
1601.0
1596.0
1468.0
1469.0
662.0
663.0
663.0
1618.0
1632.0
1617.0
1617.0
1617.0
1616.0
1597.0
1593.0
1576.0
671.0
1582.0
1582.0
1581.0
1602.0
1574.0
1443.0
1444.0
650.0
659.0
661.0
1602.0
1593.0
1593.0
1591.0
1592.0
1593.0
1593.0
1615.0
1575.0
671.0
1572.0
1596.0
1601.0
1598.0
1593.0
1465.0
1462.0
650.0
649.0
660.0
1600.0
1601.0
1610.0
1601.0
1575.0
1574.0
1575.0
1575.0
1557.0
649.0
1588.0
1590.0
1588.0
1593.0
1580.0
1459.0
1459.0
665.0
666.0
665.0
1590.0
1591.0
1590.0
1590.0
1591.0
1592.0
1591.0
1594.0
1559.0
659.0
1596.0
1597.0
1597.0
1595.0
1586.0
1460.0
1460.0
662.0
664.0
672.0
12.0
12.0
12.0
12.0
12.0
12.0
12.0
12.0
3.0
3.0
11.0
11.0
3.0
2.0
2.0
2.0
2.0
2.0
2.0
2.0
223.0
224.0
203.0
204.0
203.0
203.0
202.0
203.0
187.0
2.0
203.0
203.0
194.0
114.0
114.0
114.0
113.0
2.0
2.0
2.0
378.0
378.0
378.0
378.0
377.0
378.0
378.0
378.0
361.0
2.0
386.0
390.0
383.0
252.0
253.0
252.0
253.0
2.0
2.0
2.0
390.0
391.0
391.0
382.0
379.0
378.0
378.0
378.0
361.0
3.0
377.0
377.0
370.0
240.0
240.0
240.0
240.0
2.0
2.0
2.0
378.0
378.0
378.0
377.0
378.0
386.0
390.0
390.0
373.0
2.0
390.0
389.0
381.0
252.0
252.0
251.0
243.0
2.0
2.0
2.0
399.0
399.0
399.0
398.0
399.0
399.0
399.0
399.0
382.0
3.0
397.0
378.0
369.0
240.0
240.0
240.0
240.0
2.0
2.0
2.0
378.0
378.0
378.0
379.0
379.0
380.0
379.0
379.0
362.0
2.0
378.0
388.0
379.0
241.0
241.0
250.0
251.0
2.0
2.0
2.0
1596.0
1597.0
1594.0
1616.0
1615.0
1618.0
1608.0
1610.0
1596.0
650.0
1603.0
1591.0
1582.0
1452.0
1430.0
1431.0
1431.0
648.0
648.0
649.0
1583.0
1581.0
1584.0
1580.0
1591.0
1592.0
1592.0
1590.0
1575.0
659.0
1592.0
1589.0
1581.0
1453.0
1452.0
1433.0
1431.0
658.0
661.0
658.0
1592.0
1592.0
1593.0
1594.0
1594.0
1594.0
1592.0
1594.0
1575.0
681.0
1569.0
1570.0
1561.0
1432.0
1431.0
1431.0
1433.0
660.0
660.0
660.0
1592.0
1592.0
1592.0
1593.0
1593.0
1594.0
1594.0
1595.0
1575.0
662.0
1591.0
1569.0
1561.0
1432.0
1441.0
1447.0
1447.0
663.0
661.0
661.0
1597.0
1596.0
1597.0
1597.0
1595.0
1595.0
1608.0
1596.0
1578.0
670.0
1575.0
1585.0
1578.0
1435.0
1435.0
1449.0
1447.0
651.0
649.0
652.0
1594.0
1597.0
1601.0
1596.0
1594.0
1605.0
1594.0
1595.0
1576.0
672.0
1600.0
1612.0
1602.0
1473.0
1473.0
1476.0
1463.0
669.0
666.0
672.0
1605.0
1602.0
1595.0
1595.0
1594.0
1593.0
1595.0
1594.0
1576.0
672.0
1585.0
1587.0
1578.0
1457.0
1451.0
1459.0
1459.0
660.0
663.0
664.0
1595.0
1594.0
1592.0
1593.0
1595.0
1600.0
1595.0
1596.0
1556.0
650.0
1583.0
1601.0
1594.0
1434.0
1456.0
1460.0
1458.0
657.0
660.0
661.0
1596.0
1596.0
1597.0
1598.0
1597.0
1570.0
1570.0
1573.0
1554.0
649.0
1582.0
1592.0
1584.0
1455.0
1452.0
1453.0
1454.0
661.0
660.0
661.0
1593.0
1594.0
1592.0
1590.0
1570.0
1571.0
1569.0
1571.0
1552.0
661.0
1593.0
1593.0
1586.0
1456.0
1456.0
1456.0
1456.0
683.0
683.0
683.0
1570.0
1569.0
1568.0
1568.0
1569.0
1571.0
1570.0
1570.0
1564.0
659.0
1592.0
1593.0
1584.0
1454.0
1456.0
1454.0
1454.0
684.0
683.0
674.0
1604.0
1604.0
1603.0
1606.0
1615.0
1616.0
1615.0
1616.0
1602.0
698.0
1592.0
1593.0
1584.0
1457.0
1455.0
1453.0
1454.0
670.0
670.0
671.0
1572.0
1572.0
1579.0
1578.0
1577.0
1580.0
1581.0
1579.0
1572.0
650.0
1546.0
1526.0
1515.0
1378.0
1383.0
1363.0
1361.0
670.0
670.0
617.0
