1.0
1.0
1.0
0.0
1.0
1.0
0.0
0.0
1.0
1.0
2.0
3.0
4.0
3.0
3.0
3.0
3.0
0.0
5.0
1.0
50.0
50.0
89.0
89.0
49.0
49.0
89.0
47.0
50.0
84.0
49.0
49.0
50.0
50.0
50.0
49.0
89.0
85.0
89.0
84.0
50.0
50.0
49.0
50.0
50.0
49.0
49.0
47.0
50.0
47.0
49.0
50.0
91.0
131.0
132.0
94.0
92.0
90.0
93.0
90.0
93.0
93.0
40.0
49.0
49.0
50.0
49.0
47.0
50.0
47.0
40.0
89.0
89.0
49.0
50.0
49.0
49.0
48.0
49.0
47.0
41.0
49.0
49.0
39.0
50.0
49.0
49.0
48.0
50.0
85.0
89.0
50.0
40.0
49.0
50.0
50.0
49.0
47.0
49.0
38.0
49.0
68.0
49.0
50.0
49.0
49.0
49.0
75.0
50.0
54.0
50.0
50.0
50.0
49.0
50.0
49.0
49.0
47.0
67.0
63.0
50.0
49.0
50.0
49.0
49.0
49.0
50.0
47.0
49.0
38.0
40.0
50.0
49.0
50.0
50.0
50.0
50.0
47.0
40.0
39.0
51.0
51.0
52.0
54.0
53.0
52.0
52.0
50.0
48.0
46.0
49.0
51.0
51.0
51.0
59.0
58.0
52.0
48.0
47.0
44.0
45.0
50.0
49.0
49.0
50.0
49.0
50.0
43.0
49.0
42.0
45.0
49.0
50.0
50.0
49.0
45.0
45.0
47.0
49.0
52.0
44.0
81.0
48.0
45.0
47.0
48.0
48.0
45.0
48.0
76.0
46.0
45.0
48.0
48.0
48.0
48.0
48.0
46.0
45.0
46.0
45.0
46.0
49.0
48.0
48.0
48.0
49.0
45.0
44.0
40.0
3.0
3.0
3.0
3.0
3.0
3.0
4.0
1.0
5.0
1.0
5.0
4.0
4.0
4.0
2.0
3.0
3.0
0.0
3.0
0.0
3.0
3.0
3.0
3.0
5.0
3.0
5.0
1.0
5.0
0.0
4.0
1.0
1.0
1.0
0.0
0.0
0.0
0.0
1.0
1.0
1.0
1.0
1.0
0.0
0.0
0.0
1.0
0.0
1.0
1.0
1.0
1.0
1.0
0.0
0.0
0.0
1.0
1.0
1.0
0.0
1.0
1.0
0.0
0.0
0.0
0.0
0.0
0.0
0.0
0.0
0.0
0.0
1.0
1.0
1.0
1.0
1.0
1.0
1.0
1.0
1.0
0.0
0.0
0.0
0.0
0.0
0.0
1.0
1.0
1.0
1.0
1.0
1.0
1.0
1.0
1.0
0.0
0.0
0.0
0.0
89.0
49.0
58.0
53.0
89.0
89.0
50.0
47.0
50.0
85.0
49.0
50.0
50.0
50.0
49.0
49.0
89.0
84.0
89.0
85.0
50.0
50.0
49.0
49.0
50.0
50.0
49.0
47.0
50.0
47.0
48.0
47.0
97.0
101.0
96.0
101.0
47.0
48.0
47.0
44.0
48.0
64.0
64.0
60.0
64.0
63.0
63.0
47.0
47.0
47.0
85.0
85.0
39.0
47.0
47.0
47.0
47.0
28.0
47.0
28.0
39.0
47.0
47.0
47.0
47.0
28.0
47.0
50.0
47.0
50.0
39.0
28.0
28.0
28.0
28.0
28.0
28.0
28.0
50.0
28.0
50.0
28.0
22.0
27.0
28.0
28.0
28.0
28.0
28.0
23.0
28.0
22.0
28.0
28.0
51.0
28.0
23.0
51.0
28.0
28.0
40.0
50.0
49.0
49.0
40.0
49.0
50.0
47.0
41.0
49.0
49.0
50.0
40.0
49.0
49.0
50.0
50.0
47.0
40.0
48.0
50.0
40.0
49.0
49.0
50.0
49.0
49.0
38.0
49.0
39.0
49.0
47.0
48.0
38.0
48.0
47.0
47.0
47.0
47.0
38.0
48.0
47.0
39.0
47.0
47.0
47.0
47.0
38.0
47.0
47.0
43.0
40.0
47.0
48.0
41.0
47.0
47.0
28.0
47.0
28.0
41.0
41.0
47.0
47.0
47.0
25.0
47.0
28.0
47.0
28.0
41.0
24.0
24.0
28.0
28.0
28.0
28.0
28.0
24.0
28.0
24.0
28.0
24.0
28.0
28.0
28.0
28.0
24.0
28.0
25.0
28.0
28.0
24.0
28.0
28.0
24.0
24.0
28.0
27.0
28.0
50.0
43.0
49.0
43.0
49.0
43.0
49.0
47.0
49.0
47.0
43.0
50.0
50.0
43.0
43.0
50.0
49.0
47.0
49.0
47.0
43.0
50.0
43.0
42.0
49.0
49.0
49.0
47.0
49.0
46.0
42.0
41.0
41.0
47.0
47.0
47.0
47.0
47.0
47.0
47.0
41.0
41.0
41.0
48.0
47.0
47.0
47.0
47.0
48.0
47.0
40.0
41.0
41.0
47.0
47.0
47.0
47.0
28.0
41.0
27.0
47.0
40.0
41.0
48.0
48.0
28.0
47.0
24.0
47.0
28.0
41.0
28.0
25.0
28.0
24.0
28.0
27.0
24.0
28.0
28.0
28.0
28.0
24.0
24.0
28.0
24.0
28.0
27.0
27.0
28.0
45.0
42.0
42.0
46.0
45.0
43.0
45.0
45.0
45.0
45.0
47.0
46.0
49.0
49.0
50.0
45.0
50.0
47.0
49.0
47.0
43.0
42.0
49.0
50.0
43.0
49.0
49.0
46.0
49.0
47.0
43.0
43.0
43.0
49.0
49.0
49.0
49.0
47.0
50.0
47.0
42.0
41.0
41.0
47.0
47.0
48.0
48.0
47.0
47.0
47.0
41.0
41.0
41.0
47.0
48.0
47.0
47.0
47.0
47.0
41.0
41.0
47.0
41.0
47.0
47.0
47.0
40.0
24.0
47.0
28.0
47.0
47.0
40.0
41.0
47.0
28.0
41.0
28.0
47.0
24.0
47.0
28.0
28.0
28.0
24.0
28.0
24.0
28.0
28.0
24.0
28.0
24.0
28.0
28.0
27.0
27.0
25.0
24.0
28.0
28.0
28.0
25.0
28.0
28.0
25.0
28.0
27.0
25.0
28.0
28.0
43.0
50.0
43.0
49.0
49.0
50.0
50.0
41.0
49.0
47.0
42.0
50.0
43.0
43.0
50.0
49.0
49.0
47.0
49.0
47.0
43.0
43.0
43.0
49.0
49.0
49.0
49.0
47.0
50.0
47.0
42.0
41.0
41.0
48.0
47.0
47.0
48.0
47.0
48.0
47.0
40.0
40.0
40.0
47.0
47.0
47.0
47.0
47.0
41.0
47.0
47.0
41.0
41.0
47.0
47.0
47.0
40.0
28.0
47.0
25.0
47.0
47.0
41.0
47.0
40.0
28.0
42.0
28.0
47.0
28.0
41.0
28.0
28.0
28.0
24.0
28.0
28.0
28.0
24.0
27.0
28.0
24.0
27.0
28.0
24.0
28.0
28.0
28.0
24.0
29.0
28.0
24.0
24.0
28.0
28.0
27.0
24.0
28.0
28.0
27.0
43.0
49.0
43.0
50.0
49.0
43.0
50.0
47.0
49.0
48.0
43.0
43.0
49.0
43.0
49.0
50.0
49.0
47.0
49.0
46.0
43.0
43.0
50.0
43.0
50.0
49.0
50.0
47.0
90.0
88.0
85.0
81.0
81.0
87.0
87.0
87.0
87.0
87.0
47.0
47.0
41.0
40.0
41.0
47.0
47.0
47.0
48.0
48.0
41.0
41.0
47.0
47.0
41.0
47.0
48.0
47.0
41.0
24.0
48.0
28.0
47.0
47.0
41.0
41.0
47.0
28.0
41.0
28.0
47.0
28.0
41.0
28.0
28.0
28.0
24.0
28.0
27.0
28.0
24.0
28.0
28.0
25.0
27.0
28.0
24.0
28.0
27.0
28.0
24.0
28.0
28.0
24.0
25.0
28.0
27.0
29.0
25.0
28.0
28.0
28.0
43.0
49.0
43.0
50.0
50.0
43.0
49.0
47.0
50.0
47.0
43.0
43.0
49.0
49.0
49.0
43.0
50.0
47.0
49.0
47.0
43.0
43.0
50.0
43.0
50.0
50.0
50.0
47.0
49.0
47.0
43.0
41.0
41.0
47.0
47.0
47.0
47.0
47.0
47.0
47.0
41.0
41.0
40.0
47.0
47.0
47.0
47.0
40.0
47.0
40.0
47.0
47.0
40.0
47.0
47.0
47.0
41.0
25.0
47.0
28.0
48.0
47.0
41.0
40.0
47.0
28.0
41.0
28.0
47.0
28.0
41.0
27.0
28.0
28.0
24.0
28.0
28.0
24.0
28.0
28.0
28.0
24.0
28.0
28.0
24.0
28.0
24.0
28.0
28.0
28.0
28.0
24.0
28.0
28.0
24.0
28.0
25.0
28.0
27.0
24.0
49.0
50.0
43.0
49.0
49.0
43.0
49.0
41.0
49.0
47.0
43.0
49.0
49.0
49.0
42.0
49.0
43.0
47.0
49.0
47.0
43.0
43.0
49.0
49.0
49.0
50.0
43.0
47.0
49.0
46.0
42.0
41.0
48.0
41.0
48.0
47.0
47.0
47.0
47.0
46.0
41.0
41.0
41.0
47.0
47.0
47.0
47.0
47.0
47.0
41.0
48.0
41.0
41.0
47.0
47.0
47.0
47.0
28.0
41.0
28.0
47.0
41.0
40.0
47.0
47.0
28.0
47.0
28.0
46.0
24.0
41.0
28.0
25.0
28.0
24.0
28.0
28.0
24.0
28.0
28.0
28.0
28.0
25.0
24.0
28.0
45.0
45.0
43.0
46.0
45.0
46.0
44.0
45.0
46.0
46.0
28.0
28.0
27.0
28.0
28.0
50.0
44.0
44.0
50.0
49.0
50.0
50.0
41.0
50.0
47.0
43.0
43.0
49.0
49.0
50.0
43.0
49.0
46.0
50.0
46.0
43.0
42.0
49.0
43.0
49.0
50.0
49.0
46.0
49.0
47.0
43.0
41.0
41.0
47.0
47.0
47.0
48.0
48.0
47.0
47.0
40.0
41.0
41.0
47.0
47.0
47.0
47.0
47.0
41.0
40.0
48.0
47.0
41.0
47.0
47.0
48.0
48.0
25.0
47.0
25.0
47.0
47.0
41.0
40.0
40.0
28.0
47.0
27.0
46.0
28.0
41.0
28.0
28.0
28.0
25.0
25.0
28.0
27.0
27.0
28.0
28.0
24.0
24.0
28.0
28.0
24.0
27.0
27.0
27.0
25.0
28.0
28.0
25.0
28.0
25.0
28.0
28.0
28.0
24.0
24.0
50.0
49.0
50.0
43.0
49.0
50.0
50.0
48.0
43.0
41.0
43.0
49.0
50.0
49.0
50.0
49.0
49.0
41.0
43.0
47.0
43.0
49.0
49.0
50.0
42.0
49.0
50.0
40.0
49.0
47.0
42.0
42.0
41.0
47.0
48.0
47.0
47.0
47.0
48.0
47.0
41.0
40.0
41.0
47.0
47.0
47.0
47.0
47.0
47.0
47.0
41.0
41.0
41.0
48.0
48.0
47.0
47.0
28.0
47.0
27.0
41.0
41.0
41.0
46.0
47.0
28.0
47.0
28.0
47.0
24.0
47.0
24.0
24.0
27.0
27.0
24.0
27.0
28.0
25.0
24.0
28.0
28.0
28.0
25.0
27.0
28.0
28.0
28.0
24.0
24.0
28.0
28.0
24.0
28.0
27.0
28.0
28.0
24.0
24.0
27.0
50.0
43.0
49.0
50.0
50.0
50.0
43.0
40.0
49.0
47.0
43.0
49.0
50.0
43.0
43.0
49.0
49.0
46.0
50.0
48.0
43.0
43.0
42.0
49.0
49.0
49.0
49.0
47.0
49.0
46.0
42.0
41.0
41.0
65.0
65.0
65.0
65.0
65.0
64.0
65.0
62.0
62.0
63.0
47.0
48.0
47.0
47.0
47.0
47.0
47.0
41.0
41.0
41.0
47.0
47.0
48.0
47.0
28.0
47.0
28.0
41.0
40.0
41.0
47.0
47.0
28.0
47.0
29.0
46.0
24.0
47.0
24.0
24.0
28.0
24.0
27.0
28.0
28.0
25.0
24.0
28.0
28.0
28.0
25.0
28.0
28.0
28.0
24.0
24.0
28.0
28.0
28.0
24.0
28.0
27.0
24.0
28.0
28.0
24.0
28.0
43.0
49.0
50.0
49.0
43.0
42.0
49.0
47.0
49.0
46.0
43.0
43.0
49.0
43.0
49.0
49.0
49.0
47.0
50.0
46.0
43.0
43.0
43.0
49.0
50.0
49.0
50.0
47.0
49.0
46.0
42.0
40.0
41.0
47.0
47.0
47.0
48.0
47.0
47.0
47.0
41.0
41.0
41.0
48.0
47.0
47.0
47.0
46.0
48.0
47.0
41.0
41.0
41.0
47.0
47.0
48.0
47.0
29.0
41.0
27.0
47.0
41.0
40.0
47.0
47.0
28.0
47.0
25.0
46.0
28.0
41.0
25.0
28.0
24.0
28.0
28.0
24.0
28.0
28.0
28.0
28.0
24.0
28.0
24.0
28.0
24.0
28.0
28.0
28.0
28.0
24.0
25.0
28.0
28.0
24.0
28.0
28.0
28.0
29.0
27.0
43.0
43.0
50.0
43.0
49.0
49.0
49.0
47.0
49.0
47.0
43.0
42.0
43.0
49.0
50.0
49.0
49.0
47.0
50.0
47.0
43.0
43.0
42.0
49.0
49.0
50.0
90.0
88.0
89.0
87.0
84.0
82.0
82.0
87.0
88.0
87.0
47.0
48.0
47.0
46.0
41.0
41.0
41.0
46.0
47.0
47.0
47.0
47.0
41.0
41.0
47.0
47.0
41.0
48.0
47.0
41.0
41.0
28.0
47.0
27.0
41.0
47.0
47.0
47.0
46.0
24.0
41.0
28.0
47.0
24.0
47.0
28.0
28.0
25.0
27.0
24.0
28.0
28.0
24.0
28.0
28.0
24.0
28.0
24.0
28.0
28.0
28.0
25.0
28.0
28.0
28.0
24.0
28.0
24.0
28.0
28.0
24.0
28.0
28.0
24.0
49.0
50.0
43.0
49.0
49.0
50.0
43.0
47.0
43.0
47.0
43.0
56.0
49.0
49.0
43.0
49.0
48.0
56.0
48.0
46.0
43.0
48.0
42.0
77.0
47.0
47.0
48.0
45.0
48.0
73.0
42.0
40.0
45.0
46.0
45.0
45.0
46.0
45.0
41.0
73.0
41.0
46.0
73.0
46.0
45.0
46.0
46.0
45.0
41.0
41.0
45.0
45.0
46.0
45.0
45.0
73.0
46.0
24.0
41.0
44.0
41.0
45.0
45.0
45.0
46.0
27.0
45.0
24.0
73.0
24.0
46.0
27.0
44.0
24.0
27.0
27.0
27.0
24.0
27.0
27.0
25.0
27.0
27.0
27.0
25.0
27.0
44.0
27.0
24.0
27.0
44.0
27.0
24.0
27.0
26.0
27.0
27.0
24.0
27.0
44.0
48.0
43.0
47.0
47.0
48.0
48.0
77.0
41.0
48.0
73.0
42.0
48.0
43.0
48.0
48.0
48.0
47.0
45.0
43.0
73.0
47.0
43.0
48.0
47.0
47.0
48.0
47.0
74.0
43.0
41.0
47.0
45.0
46.0
46.0
45.0
45.0
74.0
41.0
41.0
46.0
73.0
46.0
45.0
46.0
46.0
45.0
41.0
40.0
45.0
73.0
45.0
46.0
45.0
45.0
46.0
40.0
41.0
44.0
46.0
27.0
45.0
46.0
45.0
40.0
45.0
24.0
95.0
43.0
63.0
27.0
61.0
45.0
44.0
44.0
43.0
45.0
65.0
45.0
28.0
28.0
27.0
28.0
28.0
27.0
25.0
27.0
43.0
27.0
26.0
24.0
27.0
27.0
25.0
27.0
43.0
27.0
27.0
25.0
27.0
27.0
47.0
42.0
48.0
77.0
48.0
42.0
48.0
46.0
48.0
74.0
43.0
48.0
47.0
42.0
48.0
48.0
47.0
45.0
77.0
41.0
48.0
76.0
47.0
42.0
47.0
47.0
48.0
46.0
43.0
45.0
47.0
41.0
45.0
45.0
74.0
45.0
45.0
41.0
73.0
45.0
41.0
46.0
46.0
46.0
46.0
45.0
41.0
41.0
46.0
73.0
45.0
74.0
45.0
40.0
45.0
45.0
46.0
25.0
45.0
27.0
40.0
40.0
46.0
45.0
46.0
27.0
74.0
27.0
73.0
26.0
45.0
24.0
25.0
27.0
27.0
26.0
26.0
27.0
24.0
24.0
27.0
27.0
27.0
27.0
28.0
27.0
24.0
44.0
24.0
27.0
27.0
44.0
28.0
27.0
27.0
27.0
24.0
25.0
27.0
27.0
48.0
48.0
47.0
77.0
44.0
48.0
43.0
74.0
48.0
45.0
47.0
43.0
48.0
48.0
43.0
47.0
47.0
45.0
77.0
73.0
42.0
42.0
48.0
47.0
48.0
48.0
48.0
46.0
43.0
41.0
47.0
46.0
46.0
45.0
74.0
74.0
45.0
45.0
41.0
41.0
45.0
45.0
45.0
46.0
46.0
46.0
41.0
41.0
73.0
46.0
73.0
46.0
45.0
45.0
45.0
45.0
41.0
24.0
45.0
27.0
46.0
41.0
45.0
46.0
46.0
24.0
73.0
27.0
73.0
24.0
41.0
27.0
27.0
27.0
27.0
27.0
27.0
24.0
27.0
26.0
26.0
27.0
24.0
27.0
27.0
24.0
43.0
27.0
26.0
43.0
28.0
24.0
27.0
24.0
26.0
27.0
27.0
27.0
26.0
25.0
47.0
42.0
77.0
48.0
47.0
77.0
47.0
46.0
43.0
46.0
43.0
65.0
66.0
66.0
62.0
67.0
66.0
63.0
98.0
95.0
64.0
48.0
48.0
48.0
45.0
48.0
47.0
45.0
43.0
46.0
47.0
46.0
41.0
46.0
45.0
46.0
74.0
74.0
41.0
46.0
41.0
45.0
45.0
45.0
46.0
45.0
41.0
45.0
40.0
73.0
73.0
46.0
46.0
45.0
45.0
45.0
41.0
24.0
45.0
27.0
45.0
46.0
45.0
45.0
40.0
24.0
63.0
44.0
45.0
25.0
45.0
27.0
27.0
25.0
27.0
26.0
25.0
27.0
27.0
27.0
25.0
27.0
27.0
27.0
27.0
25.0
25.0
25.0
27.0
27.0
25.0
26.0
27.0
27.0
25.0
27.0
25.0
25.0
27.0
25.0
48.0
48.0
48.0
44.0
48.0
48.0
47.0
42.0
45.0
45.0
48.0
45.0
48.0
47.0
48.0
47.0
47.0
42.0
44.0
45.0
47.0
69.0
47.0
45.0
47.0
46.0
44.0
73.0
44.0
44.0
45.0
43.0
44.0
45.0
44.0
44.0
43.0
44.0
50.0
44.0
44.0
44.0
43.0
44.0
44.0
44.0
44.0
43.0
43.0
44.0
44.0
44.0
44.0
43.0
46.0
44.0
44.0
26.0
45.0
26.0
44.0
43.0
44.0
44.0
44.0
26.0
44.0
26.0
44.0
25.0
43.0
26.0
26.0
26.0
26.0
26.0
26.0
26.0
26.0
26.0
26.0
26.0
26.0
26.0
26.0
25.0
26.0
26.0
26.0
26.0
26.0
26.0
26.0
26.0
25.0
25.0
25.0
26.0
25.0
24.0
