43.0
37.0
37.0
24.0
25.0
38.0
35.0
35.0
35.0
34.0
49.0
49.0
31.0
31.0
33.0
30.0
33.0
30.0
51.0
50.0
32.0
31.0
30.0
31.0
31.0
33.0
50.0
49.0
52.0
51.0
26.0
27.0
26.0
28.0
28.0
28.0
26.0
27.0
26.0
26.0
26.0
28.0
43.0
45.0
46.0
45.0
28.0
27.0
27.0
27.0
28.0
28.0
44.0
26.0
27.0
27.0
42.0
27.0
29.0
44.0
46.0
28.0
25.0
28.0
27.0
28.0
27.0
28.0
41.0
42.0
37.0
18.0
38.0
23.0
23.0
23.0
22.0
22.0
18.0
22.0
22.0
22.0
23.0
34.0
37.0
18.0
23.0
38.0
35.0
23.0
22.0
23.0
18.0
23.0
23.0
30.0
17.0
23.0
36.0
22.0
38.0
23.0
29.0
24.0
23.0
19.0
22.0
24.0
22.0
24.0
27.0
26.0
26.0
22.0
43.0
43.0
28.0
27.0
27.0
26.0
27.0
21.0
27.0
26.0
26.0
28.0
26.0
27.0
21.0
186.0
181.0
24.0
23.0
23.0
167.0
162.0
168.0
166.0
168.0
168.0
168.0
167.0
19.0
38.0
36.0
26.0
22.0
22.0
24.0
25.0
26.0
26.0
18.0
23.0
22.0
24.0
22.0
19.0
24.0
38.0
36.0
23.0
24.0
22.0
23.0
24.0
18.0
22.0
24.0
23.0
22.0
18.0
15.0
20.0
31.0
32.0
20.0
20.0
21.0
19.0
22.0
15.0
20.0
18.0
20.0
21.0
16.0
30.0
20.0
21.0
21.0
30.0
19.0
19.0
19.0
15.0
21.0
20.0
20.0
19.0
22.0
19.0
16.0
16.0
28.0
26.0
19.0
18.0
18.0
17.0
81.0
80.0
77.0
47.0
47.0
74.0
76.0
77.0
81.0
76.0
46.0
46.0
45.0
67.0
80.0
55.0
79.0
78.0
79.0
65.0
46.0
47.0
45.0
46.0
46.0
47.0
46.0
45.0
49.0
78.0
54.0
79.0
45.0
46.0
46.0
45.0
45.0
45.0
37.0
45.0
29.0
29.0
31.0
30.0
32.0
50.0
31.0
49.0
29.0
23.0
29.0
30.0
29.0
30.0
23.0
29.0
29.0
30.0
28.0
29.0
48.0
47.0
24.0
32.0
29.0
29.0
30.0
31.0
31.0
23.0
31.0
31.0
31.0
30.0
30.0
29.0
49.0
49.0
23.0
31.0
31.0
30.0
29.0
31.0
30.0
23.0
29.0
28.0
29.0
22.0
48.0
30.0
31.0
48.0
30.0
29.0
30.0
30.0
23.0
30.0
30.0
28.0
29.0
30.0
29.0
23.0
30.0
50.0
50.0
31.0
30.0
30.0
29.0
31.0
30.0
23.0
29.0
29.0
22.0
30.0
32.0
29.0
30.0
31.0
50.0
48.0
29.0
29.0
25.0
29.0
29.0
28.0
29.0
27.0
22.0
29.0
27.0
47.0
48.0
27.0
24.0
23.0
25.0
24.0
18.0
26.0
24.0
24.0
25.0
25.0
18.0
26.0
24.0
24.0
24.0
36.0
19.0
37.0
24.0
25.0
23.0
24.0
23.0
18.0
23.0
23.0
23.0
25.0
24.0
25.0
26.0
41.0
18.0
37.0
23.0
24.0
25.0
24.0
23.0
18.0
22.0
21.0
23.0
23.0
16.0
23.0
35.0
35.0
22.0
22.0
23.0
23.0
17.0
23.0
22.0
21.0
20.0
22.0
22.0
22.0
39.0
44.0
55.0
39.0
40.0
41.0
40.0
40.0
39.0
38.0
52.0
40.0
39.0
39.0
41.0
39.0
40.0
40.0
40.0
52.0
23.0
23.0
23.0
28.0
23.0
23.0
23.0
24.0
23.0
23.0
23.0
23.0
29.0
22.0
24.0
23.0
23.0
29.0
24.0
22.0
23.0
23.0
23.0
24.0
23.0
22.0
23.0
23.0
20.0
23.0
23.0
23.0
24.0
18.0
25.0
24.0
23.0
23.0
17.0
24.0
24.0
23.0
19.0
18.0
22.0
23.0
24.0
23.0
23.0
18.0
22.0
24.0
18.0
23.0
25.0
22.0
24.0
24.0
23.0
18.0
18.0
25.0
23.0
24.0
24.0
24.0
25.0
25.0
24.0
19.0
18.0
24.0
24.0
22.0
18.0
17.0
23.0
23.0
23.0
23.0
23.0
24.0
22.0
23.0
18.0
18.0
24.0
24.0
25.0
23.0
24.0
18.0
18.0
23.0
24.0
23.0
25.0
25.0
25.0
24.0
24.0
18.0
17.0
23.0
23.0
26.0
26.0
18.0
24.0
24.0
23.0
23.0
23.0
23.0
24.0
18.0
29.0
29.0
23.0
23.0
19.0
19.0
18.0
15.0
19.0
18.0
18.0
19.0
20.0
23.0
18.0
19.0
15.0
22.0
20.0
20.0
20.0
19.0
20.0
15.0
18.0
18.0
21.0
18.0
19.0
21.0
14.0
65.0
66.0
65.0
71.0
66.0
63.0
67.0
62.0
67.0
77.0
17.0
19.0
19.0
18.0
14.0
30.0
14.0
20.0
18.0
18.0
19.0
20.0
15.0
18.0
16.0
28.0
20.0
20.0
17.0
14.0
26.0
14.0
17.0
40.0
40.0
31.0
40.0
41.0
32.0
39.0
68.0
41.0
68.0
40.0
38.0
32.0
31.0
41.0
40.0
38.0
39.0
31.0
32.0
24.0
26.0
32.0
23.0
24.0
29.0
25.0
22.0
24.0
19.0
23.0
19.0
23.0
19.0
25.0
23.0
23.0
24.0
20.0
19.0
24.0
23.0
19.0
23.0
23.0
23.0
23.0
19.0
23.0
19.0
23.0
19.0
26.0
24.0
19.0
24.0
23.0
19.0
25.0
23.0
19.0
22.0
24.0
19.0
23.0
19.0
24.0
26.0
24.0
23.0
19.0
23.0
19.0
25.0
20.0
24.0
19.0
23.0
23.0
23.0
23.0
19.0
22.0
19.0
24.0
19.0
22.0
22.0
22.0
24.0
19.0
23.0
20.0
23.0
19.0
24.0
23.0
19.0
23.0
23.0
22.0
24.0
19.0
22.0
19.0
22.0
22.0
19.0
22.0
22.0
20.0
22.0
22.0
20.0
22.0
21.0
21.0
20.0
22.0
20.0
18.0
18.0
16.0
20.0
19.0
16.0
16.0
18.0
18.0
16.0
17.0
17.0
18.0
21.0
17.0
16.0
16.0
18.0
16.0
18.0
17.0
18.0
18.0
18.0
16.0
20.0
17.0
16.0
18.0
17.0
19.0
17.0
17.0
16.0
19.0
16.0
19.0
16.0
17.0
16.0
16.0
16.0
16.0
15.0
17.0
15.0
15.0
17.0
15.0
16.0
17.0
17.0
16.0
15.0
15.0
17.0
15.0
16.0
16.0
17.0
16.0
16.0
15.0
17.0
15.0
14.0
17.0
15.0
18.0
16.0
15.0
16.0
16.0
16.0
15.0
15.0
16.0
15.0
14.0
16.0
38.0
37.0
38.0
37.0
34.0
34.0
37.0
34.0
34.0
36.0
37.0
35.0
35.0
38.0
38.0
38.0
35.0
38.0
34.0
38.0
17.0
16.0
19.0
18.0
18.0
18.0
17.0
16.0
18.0
17.0
17.0
18.0
19.0
18.0
18.0
18.0
16.0
16.0
18.0
17.0
16.0
18.0
18.0
18.0
18.0
17.0
17.0
18.0
17.0
16.0
16.0
17.0
16.0
16.0
18.0
18.0
18.0
18.0
18.0
17.0
16.0
18.0
17.0
17.0
18.0
18.0
19.0
19.0
16.0
17.0
18.0
18.0
16.0
16.0
19.0
19.0
18.0
18.0
16.0
16.0
18.0
16.0
17.0
19.0
18.0
19.0
18.0
19.0
17.0
17.0
19.0
17.0
17.0
18.0
18.0
18.0
18.0
17.0
16.0
18.0
19.0
16.0
17.0
18.0
18.0
17.0
17.0
19.0
19.0
18.0
17.0
16.0
18.0
18.0
16.0
16.0
18.0
18.0
18.0
18.0
16.0
15.0
18.0
18.0
17.0
16.0
18.0
17.0
18.0
17.0
16.0
17.0
17.0
18.0
16.0
15.0
18.0
16.0
19.0
18.0
17.0
16.0
17.0
17.0
16.0
18.0
16.0
18.0
16.0
18.0
18.0
17.0
18.0
16.0
16.0
21.0
18.0
16.0
17.0
17.0
15.0
16.0
16.0
15.0
15.0
24.0
15.0
24.0
15.0
16.0
15.0
16.0
15.0
15.0
16.0
15.0
17.0
16.0
16.0
15.0
14.0
15.0
15.0
24.0
24.0
15.0
15.0
16.0
16.0
15.0
14.0
14.0
15.0
15.0
23.0
16.0
23.0
15.0
15.0
15.0
35.0
35.0
35.0
35.0
35.0
35.0
36.0
35.0
38.0
37.0
35.0
35.0
34.0
35.0
35.0
36.0
36.0
35.0
36.0
36.0
17.0
17.0
16.0
17.0
18.0
17.0
17.0
17.0
17.0
18.0
17.0
17.0
18.0
17.0
17.0
17.0
16.0
17.0
17.0
17.0
18.0
17.0
17.0
18.0
17.0
17.0
18.0
17.0
17.0
17.0
17.0
17.0
17.0
18.0
18.0
17.0
17.0
18.0
18.0
18.0
18.0
18.0
17.0
19.0
18.0
17.0
17.0
17.0
17.0
17.0
17.0
17.0
18.0
17.0
17.0
17.0
17.0
17.0
17.0
17.0
17.0
17.0
17.0
17.0
17.0
17.0
17.0
18.0
17.0
17.0
17.0
17.0
17.0
18.0
17.0
17.0
18.0
17.0
17.0
18.0
17.0
16.0
16.0
17.0
16.0
16.0
16.0
17.0
17.0
16.0
16.0
17.0
16.0
18.0
17.0
17.0
17.0
16.0
16.0
16.0
16.0
16.0
16.0
16.0
17.0
17.0
16.0
16.0
16.0
17.0
16.0
16.0
16.0
16.0
16.0
16.0
17.0
16.0
16.0
17.0
15.0
17.0
17.0
16.0
16.0
16.0
17.0
16.0
15.0
16.0
16.0
16.0
16.0
123.0
120.0
120.0
121.0
121.0
121.0
119.0
120.0
128.0
119.0
17.0
16.0
16.0
25.0
15.0
15.0
16.0
16.0
16.0
25.0
16.0
16.0
15.0
16.0
15.0
15.0
16.0
15.0
26.0
17.0
15.0
16.0
15.0
15.0
15.0
16.0
15.0
26.0
16.0
17.0
16.0
15.0
16.0
16.0
15.0
15.0
25.0
37.0
34.0
34.0
34.0
35.0
37.0
35.0
61.0
34.0
62.0
35.0
35.0
35.0
36.0
36.0
37.0
36.0
35.0
52.0
35.0
20.0
20.0
20.0
21.0
20.0
20.0
22.0
31.0
21.0
21.0
20.0
20.0
21.0
20.0
21.0
21.0
20.0
21.0
21.0
20.0
21.0
21.0
21.0
20.0
21.0
20.0
21.0
21.0
21.0
21.0
21.0
21.0
21.0
21.0
21.0
21.0
21.0
21.0
21.0
21.0
21.0
21.0
20.0
20.0
22.0
20.0
21.0
22.0
22.0
21.0
21.0
21.0
21.0
20.0
21.0
20.0
20.0
20.0
20.0
21.0
20.0
21.0
21.0
21.0
21.0
21.0
20.0
20.0
21.0
22.0
20.0
21.0
21.0
20.0
21.0
21.0
20.0
21.0
21.0
21.0
21.0
21.0
21.0
20.0
21.0
21.0
21.0
21.0
21.0
21.0
20.0
20.0
20.0
21.0
21.0
20.0
21.0
20.0
21.0
21.0
21.0
21.0
21.0
21.0
22.0
20.0
20.0
20.0
20.0
20.0
21.0
20.0
21.0
21.0
21.0
20.0
20.0
21.0
21.0
21.0
17.0
17.0
16.0
17.0
18.0
17.0
16.0
17.0
16.0
16.0
17.0
16.0
17.0
16.0
17.0
18.0
17.0
16.0
16.0
17.0
15.0
16.0
16.0
16.0
15.0
16.0
17.0
16.0
16.0
15.0
16.0
16.0
15.0
15.0
16.0
16.0
16.0
15.0
16.0
15.0
15.0
16.0
15.0
15.0
15.0
15.0
15.0
16.0
15.0
15.0
16.0
15.0
15.0
16.0
15.0
16.0
16.0
15.0
15.0
16.0
17.0
17.0
18.0
17.0
16.0
17.0
17.0
17.0
17.0
16.0
17.0
17.0
17.0
17.0
17.0
17.0
18.0
17.0
17.0
17.0
17.0
17.0
17.0
18.0
17.0
17.0
17.0
17.0
18.0
17.0
18.0
17.0
17.0
17.0
17.0
17.0
17.0
17.0
16.0
18.0
17.0
17.0
17.0
17.0
17.0
18.0
17.0
17.0
16.0
19.0
17.0
17.0
17.0
18.0
17.0
17.0
17.0
17.0
17.0
17.0
17.0
18.0
18.0
17.0
18.0
17.0
17.0
17.0
17.0
17.0
17.0
17.0
19.0
17.0
17.0
17.0
17.0
17.0
16.0
17.0
18.0
17.0
18.0
19.0
17.0
17.0
17.0
17.0
18.0
17.0
17.0
17.0
17.0
18.0
18.0
17.0
17.0
17.0
17.0
17.0
17.0
17.0
17.0
18.0
17.0
17.0
17.0
17.0
17.0
17.0
17.0
17.0
17.0
18.0
17.0
17.0
18.0
17.0
17.0
16.0
16.0
17.0
17.0
17.0
16.0
17.0
16.0
17.0
16.0
16.0
16.0
17.0
17.0
18.0
17.0
17.0
17.0
16.0
17.0
17.0
17.0
16.0
17.0
18.0
16.0
16.0
17.0
18.0
17.0
17.0
17.0
18.0
17.0
18.0
18.0
17.0
17.0
16.0
16.0
16.0
16.0
16.0
16.0
15.0
16.0
16.0
15.0
16.0
16.0
15.0
16.0
16.0
16.0
16.0
17.0
15.0
15.0
15.0
15.0
16.0
15.0
15.0
15.0
15.0
15.0
15.0
16.0
15.0
16.0
15.0
16.0
15.0
16.0
15.0
15.0
15.0
15.0
16.0
15.0
16.0
17.0
18.0
17.0
17.0
17.0
17.0
17.0
17.0
18.0
17.0
17.0
17.0
17.0
18.0
17.0
16.0
17.0
17.0
18.0
17.0
17.0
17.0
18.0
16.0
17.0
17.0
17.0
17.0
17.0
17.0
17.0
18.0
17.0
16.0
17.0
17.0
17.0
16.0
17.0
18.0
17.0
17.0
17.0
17.0
18.0
18.0
17.0
16.0
18.0
18.0
17.0
18.0
18.0
17.0
17.0
17.0
17.0
17.0
17.0
17.0
19.0
17.0
18.0
17.0
18.0
18.0
18.0
18.0
17.0
17.0
17.0
17.0
16.0
18.0
17.0
17.0
17.0
17.0
17.0
17.0
18.0
17.0
17.0
17.0
17.0
17.0
17.0
17.0
17.0
18.0
18.0
17.0
17.0
17.0
17.0
17.0
17.0
18.0
17.0
17.0
17.0
16.0
17.0
16.0
16.0
16.0
16.0
16.0
16.0
16.0
16.0
17.0
16.0
16.0
15.0
16.0
16.0
17.0
16.0
16.0
17.0
16.0
17.0
17.0
17.0
16.0
16.0
176.0
175.0
176.0
177.0
176.0
176.0
175.0
176.0
176.0
176.0
17.0
17.0
16.0
16.0
17.0
17.0
17.0
16.0
17.0
17.0
17.0
17.0
17.0
16.0
17.0
16.0
16.0
16.0
16.0
16.0
16.0
17.0
16.0
16.0
16.0
16.0
16.0
15.0
15.0
16.0
16.0
16.0
16.0
16.0
15.0
16.0
16.0
16.0
16.0
16.0
16.0
16.0
16.0
16.0
16.0
16.0
16.0
16.0
16.0
16.0
15.0
15.0
15.0
15.0
16.0
15.0
16.0
16.0
15.0
15.0
16.0
15.0
15.0
14.0
14.0
15.0
14.0
15.0
15.0
15.0
14.0
14.0
15.0
15.0
15.0
14.0
14.0
14.0
14.0
14.0
15.0
14.0
15.0
14.0
14.0
15.0
15.0
15.0
14.0
15.0
14.0
15.0
14.0
15.0
15.0
14.0
15.0
15.0
15.0
14.0
14.0
15.0
15.0
15.0
15.0
14.0
14.0
15.0
15.0
15.0
15.0
14.0
15.0
15.0
15.0
14.0
15.0
14.0
14.0
15.0
14.0
15.0
14.0
14.0
15.0
14.0
14.0
14.0
14.0
14.0
15.0
15.0
15.0
15.0
15.0
15.0
15.0
15.0
15.0
15.0
15.0
14.0
14.0
14.0
14.0
14.0
14.0
15.0
14.0
14.0
15.0
15.0
15.0
14.0
14.0
15.0
15.0
15.0
15.0
14.0
14.0
14.0
15.0
14.0
15.0
14.0
14.0
15.0
15.0
14.0
14.0
14.0
15.0
14.0
14.0
15.0
14.0
15.0
15.0
15.0
15.0
14.0
15.0
15.0
14.0
15.0
14.0
14.0
14.0
14.0
14.0
15.0
14.0
15.0
15.0
14.0
15.0
15.0
14.0
15.0
15.0
14.0
14.0
15.0
14.0
14.0
15.0
15.0
15.0
14.0
15.0
15.0
14.0
14.0
15.0
15.0
14.0
15.0
15.0
15.0
14.0
14.0
15.0
15.0
14.0
15.0
15.0
14.0
14.0
14.0
14.0
14.0
14.0
15.0
15.0
14.0
14.0
15.0
15.0
15.0
15.0
15.0
15.0
14.0
14.0
14.0
15.0
14.0
14.0
15.0
14.0
15.0
14.0
14.0
14.0
14.0
14.0
15.0
14.0
14.0
14.0
14.0
15.0
15.0
14.0
15.0
15.0
15.0
15.0
15.0
14.0
15.0
14.0
15.0
14.0
14.0
14.0
14.0
14.0
15.0
15.0
14.0
15.0
14.0
14.0
15.0
14.0
14.0
15.0
14.0
14.0
15.0
14.0
14.0
15.0
14.0
15.0
15.0
15.0
14.0
15.0
15.0
14.0
15.0
15.0
15.0
15.0
14.0
14.0
15.0
15.0
14.0
15.0
15.0
14.0
15.0
15.0
15.0
14.0
15.0
15.0
16.0
15.0
15.0
15.0
15.0
15.0
15.0
15.0
14.0
14.0
15.0
14.0
15.0
15.0
14.0
14.0
15.0
15.0
15.0
14.0
14.0
15.0
15.0
14.0
15.0
15.0
15.0
14.0
14.0
14.0
15.0
14.0
15.0
14.0
15.0
15.0
15.0
15.0
14.0
15.0
14.0
15.0
14.0
14.0
14.0
14.0
15.0
14.0
15.0
14.0
15.0
14.0
14.0
15.0
15.0
15.0
15.0
14.0
15.0
15.0
14.0
15.0
15.0
17.0
15.0
14.0
15.0
15.0
15.0
16.0
16.0
15.0
15.0
15.0
15.0
14.0
14.0
15.0
15.0
15.0
14.0
15.0
14.0
14.0
14.0
15.0
15.0
15.0
14.0
14.0
14.0
15.0
14.0
15.0
15.0
15.0
15.0
15.0
14.0
15.0
15.0
15.0
15.0
14.0
14.0
14.0
14.0
15.0
15.0
14.0
15.0
15.0
14.0
14.0
15.0
15.0
14.0
15.0
15.0
14.0
14.0
14.0
14.0
15.0
14.0
14.0
14.0
14.0
15.0
14.0
15.0
14.0
15.0
14.0
15.0
15.0
14.0
14.0
16.0
15.0
15.0
14.0
