18.0
12.0
18.0
17.0
12.0
11.0
11.0
12.0
16.0
16.0
127.0
105.0
72.0
31.0
30.0
30.0
29.0
28.0
74.0
64.0
84.0
71.0
72.0
54.0
54.0
51.0
29.0
46.0
29.0
24.0
322.0
319.0
318.0
397.0
127.0
125.0
125.0
388.0
393.0
385.0
330.0
319.0
317.0
125.0
125.0
101.0
149.0
149.0
196.0
191.0
127.0
143.0
143.0
125.0
125.0
125.0
102.0
102.0
125.0
120.0
157.0
143.0
143.0
126.0
120.0
124.0
108.0
105.0
124.0
120.0
155.0
126.0
143.0
126.0
126.0
124.0
108.0
106.0
124.0
117.0
140.0
134.0
140.0
123.0
111.0
113.0
122.0
119.0
120.0
116.0
140.0
131.0
137.0
113.0
113.0
120.0
119.0
118.0
118.0
113.0
146.0
135.0
134.0
118.0
118.0
117.0
115.0
115.0
117.0
112.0
172.0
160.0
160.0
144.0
143.0
143.0
143.0
141.0
143.0
138.0
145.0
134.0
133.0
117.0
117.0
116.0
116.0
114.0
117.0
112.0
145.0
133.0
133.0
116.0
117.0
115.0
117.0
114.0
116.0
111.0
145.0
133.0
134.0
117.0
117.0
116.0
116.0
113.0
117.0
112.0
150.0
143.0
144.0
127.0
123.0
125.0
125.0
119.0
123.0
121.0
155.0
135.0
135.0
124.0
117.0
125.0
123.0
114.0
124.0
112.0
145.0
134.0
144.0
117.0
126.0
126.0
116.0
114.0
126.0
121.0
146.0
134.0
134.0
126.0
128.0
117.0
125.0
115.0
125.0
120.0
170.0
162.0
160.0
142.0
145.0
141.0
144.0
138.0
143.0
138.0
143.0
133.0
132.0
117.0
116.0
116.0
115.0
115.0
114.0
111.0
58.0
51.0
86.0
66.0
39.0
27.0
38.0
25.0
46.0
38.0
59.0
50.0
51.0
29.0
48.0
47.0
27.0
26.0
46.0
22.0
56.0
46.0
47.0
49.0
29.0
48.0
27.0
26.0
48.0
37.0
49.0
29.0
29.0
28.0
28.0
27.0
47.0
37.0
31.0
22.0
36.0
24.0
28.0
27.0
28.0
25.0
28.0
38.0
25.0
18.0
36.0
46.0
27.0
26.0
26.0
25.0
20.0
21.0
26.0
22.0
35.0
44.0
22.0
25.0
26.0
23.0
25.0
21.0
42.0
21.0
27.0
27.0
27.0
25.0
26.0
20.0
26.0
19.0
37.0
16.0
32.0
21.0
20.0
19.0
19.0
13.0
8.0
8.0
7.0
9.0
17.0
16.0
8.0
9.0
9.0
10.0
8.0
8.0
14.0
7.0
117.0
50.0
110.0
38.0
38.0
27.0
37.0
43.0
22.0
36.0
105.0
109.0
107.0
85.0
86.0
104.0
103.0
82.0
27.0
22.0
57.0
47.0
47.0
23.0
28.0
27.0
28.0
25.0
47.0
36.0
40.0
29.0
30.0
28.0
28.0
27.0
27.0
22.0
46.0
21.0
36.0
28.0
23.0
47.0
27.0
25.0
27.0
23.0
25.0
17.0
36.0
27.0
27.0
25.0
25.0
25.0
21.0
37.0
25.0
37.0
35.0
26.0
26.0
25.0
25.0
20.0
25.0
21.0
43.0
16.0
29.0
26.0
26.0
26.0
44.0
20.0
25.0
19.0
18.0
19.0
32.0
21.0
20.0
19.0
15.0
7.0
9.0
14.0
7.0
8.0
14.0
9.0
8.0
9.0
14.0
9.0
9.0
9.0
14.0
7.0
153.0
146.0
145.0
134.0
134.0
100.0
133.0
98.0
157.0
148.0
126.0
120.0
147.0
124.0
124.0
123.0
123.0
120.0
123.0
119.0
129.0
120.0
142.0
124.0
123.0
122.0
122.0
121.0
122.0
19.0
126.0
108.0
109.0
123.0
122.0
119.0
121.0
115.0
120.0
22.0
129.0
111.0
110.0
111.0
118.0
108.0
118.0
22.0
117.0
20.0
126.0
109.0
117.0
116.0
108.0
108.0
109.0
21.0
117.0
21.0
125.0
109.0
118.0
140.0
141.0
139.0
133.0
18.0
134.0
19.0
141.0
142.0
135.0
143.0
142.0
20.0
25.0
19.0
21.0
18.0
28.0
20.0
20.0
17.0
18.0
8.0
8.0
8.0
7.0
8.0
15.0
9.0
8.0
8.0
8.0
8.0
8.0
8.0
8.0
7.0
147.0
140.0
130.0
120.0
129.0
110.0
128.0
107.0
117.0
113.0
143.0
134.0
135.0
115.0
114.0
113.0
114.0
114.0
114.0
108.0
140.0
132.0
131.0
115.0
115.0
114.0
115.0
111.0
114.0
21.0
133.0
115.0
115.0
115.0
116.0
113.0
114.0
109.0
114.0
21.0
122.0
114.0
115.0
114.0
114.0
112.0
114.0
21.0
112.0
20.0
122.0
113.0
113.0
112.0
113.0
112.0
112.0
20.0
112.0
20.0
121.0
113.0
113.0
114.0
112.0
111.0
112.0
19.0
112.0
19.0
120.0
112.0
113.0
113.0
113.0
19.0
24.0
18.0
20.0
18.0
29.0
20.0
20.0
17.0
17.0
8.0
8.0
8.0
8.0
8.0
16.0
9.0
9.0
8.0
8.0
8.0
8.0
8.0
8.0
7.0
168.0
161.0
162.0
151.0
150.0
139.0
148.0
137.0
139.0
134.0
144.0
135.0
135.0
115.0
115.0
114.0
114.0
112.0
114.0
110.0
141.0
132.0
132.0
115.0
115.0
113.0
114.0
111.0
114.0
20.0
212.0
195.0
195.0
195.0
194.0
194.0
196.0
187.0
194.0
98.0
123.0
116.0
117.0
114.0
115.0
115.0
114.0
20.0
114.0
20.0
121.0
115.0
115.0
113.0
115.0
112.0
114.0
20.0
114.0
20.0
122.0
116.0
113.0
113.0
113.0
112.0
112.0
20.0
114.0
19.0
121.0
115.0
114.0
114.0
111.0
18.0
24.0
17.0
20.0
17.0
29.0
19.0
20.0
17.0
18.0
8.0
8.0
7.0
8.0
7.0
15.0
9.0
9.0
8.0
8.0
8.0
8.0
8.0
8.0
7.0
142.0
135.0
135.0
125.0
125.0
114.0
124.0
112.0
114.0
109.0
143.0
136.0
136.0
115.0
115.0
114.0
114.0
112.0
114.0
109.0
141.0
132.0
132.0
114.0
114.0
113.0
113.0
111.0
114.0
21.0
134.0
120.0
120.0
120.0
120.0
120.0
119.0
114.0
119.0
20.0
134.0
125.0
136.0
135.0
138.0
132.0
133.0
23.0
133.0
23.0
141.0
132.0
131.0
133.0
116.0
117.0
122.0
21.0
121.0
22.0
124.0
120.0
117.0
119.0
116.0
118.0
115.0
20.0
120.0
21.0
124.0
121.0
119.0
116.0
116.0
20.0
24.0
19.0
21.0
18.0
30.0
20.0
20.0
18.0
18.0
8.0
8.0
8.0
8.0
8.0
16.0
9.0
9.0
9.0
9.0
8.0
9.0
8.0
8.0
8.0
146.0
140.0
139.0
133.0
131.0
118.0
129.0
118.0
120.0
117.0
151.0
143.0
145.0
122.0
121.0
121.0
122.0
118.0
120.0
115.0
147.0
137.0
138.0
122.0
120.0
119.0
119.0
118.0
119.0
22.0
137.0
116.0
115.0
115.0
115.0
113.0
115.0
109.0
114.0
21.0
123.0
116.0
116.0
115.0
114.0
113.0
115.0
20.0
112.0
21.0
122.0
113.0
113.0
112.0
127.0
126.0
127.0
20.0
127.0
20.0
137.0
129.0
128.0
129.0
127.0
127.0
112.0
19.0
113.0
19.0
120.0
113.0
113.0
111.0
112.0
19.0
24.0
18.0
20.0
18.0
29.0
19.0
19.0
17.0
17.0
7.0
8.0
8.0
8.0
8.0
16.0
9.0
9.0
8.0
8.0
8.0
8.0
8.0
8.0
8.0
233.0
227.0
228.0
217.0
216.0
114.0
215.0
112.0
208.0
109.0
235.0
229.0
229.0
117.0
116.0
114.0
115.0
113.0
114.0
110.0
143.0
132.0
133.0
117.0
115.0
116.0
114.0
113.0
115.0
21.0
136.0
117.0
117.0
115.0
115.0
116.0
115.0
110.0
116.0
20.0
124.0
117.0
117.0
114.0
114.0
114.0
114.0
20.0
113.0
20.0
123.0
116.0
114.0
115.0
112.0
113.0
112.0
21.0
112.0
21.0
123.0
115.0
114.0
113.0
114.0
112.0
113.0
20.0
112.0
20.0
121.0
113.0
114.0
112.0
114.0
20.0
24.0
18.0
20.0
17.0
29.0
19.0
19.0
17.0
18.0
8.0
8.0
8.0
8.0
8.0
15.0
9.0
9.0
8.0
9.0
8.0
8.0
7.0
8.0
8.0
142.0
137.0
135.0
124.0
126.0
116.0
125.0
112.0
114.0
109.0
143.0
135.0
137.0
115.0
115.0
114.0
116.0
112.0
116.0
109.0
167.0
157.0
157.0
141.0
141.0
138.0
140.0
138.0
140.0
46.0
135.0
116.0
116.0
115.0
114.0
114.0
114.0
109.0
114.0
21.0
124.0
116.0
116.0
114.0
114.0
112.0
114.0
21.0
113.0
21.0
122.0
113.0
115.0
112.0
112.0
112.0
112.0
20.0
112.0
20.0
121.0
113.0
112.0
112.0
114.0
111.0
112.0
20.0
112.0
19.0
119.0
113.0
113.0
112.0
113.0
19.0
23.0
18.0
20.0
18.0
29.0
20.0
20.0
18.0
18.0
8.0
8.0
7.0
8.0
7.0
15.0
8.0
9.0
8.0
8.0
7.0
8.0
8.0
7.0
8.0
142.0
134.0
135.0
125.0
125.0
114.0
123.0
114.0
113.0
109.0
143.0
135.0
136.0
115.0
115.0
113.0
114.0
112.0
114.0
109.0
140.0
132.0
131.0
114.0
115.0
114.0
113.0
112.0
115.0
21.0
134.0
143.0
141.0
140.0
140.0
140.0
141.0
134.0
140.0
20.0
148.0
142.0
117.0
114.0
113.0
112.0
114.0
20.0
112.0
21.0
122.0
113.0
113.0
112.0
223.0
222.0
222.0
21.0
221.0
20.0
232.0
225.0
222.0
222.0
223.0
221.0
114.0
19.0
113.0
20.0
122.0
115.0
114.0
114.0
114.0
19.0
23.0
17.0
21.0
17.0
29.0
20.0
19.0
18.0
17.0
7.0
9.0
8.0
8.0
8.0
15.0
8.0
9.0
9.0
8.0
8.0
8.0
8.0
8.0
8.0
142.0
136.0
136.0
125.0
126.0
115.0
124.0
112.0
114.0
110.0
143.0
136.0
135.0
117.0
116.0
115.0
115.0
113.0
118.0
110.0
142.0
134.0
133.0
117.0
116.0
114.0
114.0
112.0
115.0
21.0
134.0
117.0
117.0
117.0
115.0
114.0
117.0
111.0
115.0
20.0
125.0
118.0
117.0
115.0
115.0
112.0
113.0
21.0
115.0
20.0
123.0
113.0
116.0
112.0
114.0
113.0
113.0
21.0
112.0
20.0
122.0
113.0
113.0
113.0
113.0
111.0
113.0
19.0
112.0
19.0
144.0
136.0
136.0
136.0
136.0
19.0
23.0
18.0
21.0
17.0
29.0
19.0
19.0
18.0
18.0
8.0
8.0
8.0
8.0
8.0
15.0
8.0
9.0
8.0
8.0
32.0
31.0
31.0
32.0
31.0
143.0
137.0
136.0
127.0
126.0
115.0
124.0
113.0
116.0
110.0
142.0
135.0
136.0
116.0
115.0
114.0
114.0
111.0
114.0
109.0
142.0
132.0
132.0
116.0
115.0
114.0
114.0
112.0
113.0
21.0
134.0
117.0
116.0
115.0
114.0
114.0
115.0
110.0
114.0
21.0
124.0
115.0
115.0
115.0
114.0
112.0
113.0
20.0
112.0
20.0
122.0
113.0
114.0
112.0
113.0
112.0
113.0
20.0
111.0
20.0
121.0
113.0
112.0
112.0
113.0
111.0
112.0
19.0
112.0
19.0
120.0
113.0
113.0
111.0
112.0
18.0
23.0
18.0
20.0
18.0
29.0
19.0
19.0
18.0
17.0
8.0
8.0
8.0
8.0
7.0
16.0
9.0
9.0
9.0
9.0
8.0
8.0
8.0
8.0
8.0
142.0
135.0
135.0
124.0
124.0
114.0
123.0
111.0
114.0
109.0
168.0
161.0
160.0
140.0
140.0
139.0
140.0
137.0
139.0
134.0
142.0
132.0
133.0
117.0
115.0
114.0
115.0
112.0
113.0
21.0
262.0
243.0
246.0
244.0
241.0
243.0
242.0
238.0
241.0
147.0
122.0
116.0
116.0
114.0
115.0
114.0
114.0
21.0
112.0
21.0
124.0
115.0
113.0
115.0
113.0
112.0
114.0
20.0
114.0
21.0
121.0
114.0
114.0
114.0
112.0
112.0
112.0
19.0
113.0
20.0
120.0
114.0
114.0
114.0
113.0
20.0
24.0
18.0
20.0
17.0
29.0
19.0
20.0
18.0
17.0
9.0
8.0
8.0
8.0
7.0
15.0
9.0
8.0
8.0
8.0
8.0
8.0
8.0
9.0
8.0
142.0
136.0
135.0
126.0
125.0
115.0
125.0
114.0
114.0
110.0
144.0
138.0
136.0
115.0
115.0
115.0
116.0
112.0
113.0
108.0
140.0
132.0
132.0
117.0
115.0
113.0
114.0
114.0
116.0
21.0
135.0
115.0
116.0
115.0
114.0
116.0
115.0
109.0
114.0
21.0
122.0
116.0
143.0
142.0
140.0
140.0
141.0
21.0
139.0
20.0
148.0
140.0
140.0
139.0
113.0
112.0
114.0
20.0
113.0
20.0
122.0
112.0
114.0
112.0
112.0
111.0
112.0
19.0
111.0
20.0
120.0
113.0
112.0
112.0
112.0
19.0
24.0
18.0
20.0
17.0
29.0
19.0
19.0
18.0
18.0
8.0
8.0
8.0
8.0
7.0
15.0
9.0
9.0
8.0
9.0
8.0
8.0
8.0
8.0
8.0
142.0
134.0
135.0
124.0
124.0
114.0
124.0
112.0
114.0
110.0
143.0
136.0
135.0
115.0
116.0
115.0
115.0
112.0
114.0
110.0
140.0
131.0
131.0
114.0
115.0
114.0
114.0
111.0
114.0
21.0
133.0
115.0
116.0
114.0
115.0
113.0
114.0
109.0
114.0
21.0
122.0
115.0
115.0
114.0
114.0
112.0
114.0
21.0
113.0
20.0
122.0
113.0
113.0
112.0
112.0
112.0
112.0
21.0
113.0
20.0
147.0
139.0
138.0
139.0
138.0
137.0
140.0
45.0
138.0
45.0
121.0
114.0
114.0
112.0
112.0
19.0
24.0
18.0
20.0
18.0
29.0
19.0
19.0
18.0
17.0
8.0
8.0
8.0
8.0
8.0
15.0
9.0
9.0
8.0
8.0
8.0
8.0
8.0
8.0
7.0
285.0
278.0
280.0
269.0
267.0
256.0
269.0
257.0
259.0
253.0
143.0
136.0
135.0
115.0
114.0
113.0
115.0
112.0
114.0
109.0
140.0
132.0
131.0
115.0
114.0
114.0
114.0
111.0
115.0
21.0
133.0
116.0
116.0
115.0
114.0
114.0
114.0
109.0
113.0
20.0
122.0
115.0
116.0
114.0
114.0
113.0
114.0
21.0
112.0
21.0
121.0
113.0
113.0
112.0
113.0
112.0
112.0
21.0
113.0
20.0
121.0
113.0
114.0
112.0
113.0
111.0
112.0
20.0
112.0
19.0
119.0
113.0
113.0
112.0
113.0
19.0
23.0
18.0
20.0
18.0
30.0
19.0
19.0
18.0
17.0
8.0
8.0
8.0
8.0
8.0
15.0
9.0
9.0
9.0
8.0
8.0
8.0
7.0
8.0
8.0
141.0
135.0
136.0
125.0
125.0
114.0
124.0
112.0
114.0
109.0
169.0
161.0
160.0
115.0
139.0
138.0
139.0
136.0
139.0
134.0
167.0
133.0
133.0
118.0
116.0
114.0
115.0
112.0
114.0
21.0
134.0
117.0
116.0
114.0
116.0
113.0
115.0
109.0
114.0
20.0
122.0
115.0
116.0
114.0
114.0
113.0
113.0
20.0
112.0
20.0
121.0
114.0
113.0
113.0
113.0
115.0
115.0
21.0
112.0
20.0
123.0
113.0
117.0
116.0
116.0
112.0
113.0
19.0
116.0
19.0
119.0
116.0
113.0
114.0
116.0
20.0
25.0
18.0
21.0
18.0
29.0
20.0
20.0
18.0
18.0
8.0
8.0
8.0
8.0
7.0
16.0
9.0
9.0
9.0
9.0
8.0
8.0
7.0
8.0
7.0
142.0
135.0
137.0
127.0
126.0
116.0
126.0
113.0
116.0
111.0
143.0
137.0
137.0
116.0
114.0
115.0
114.0
111.0
115.0
109.0
141.0
133.0
132.0
115.0
115.0
114.0
114.0
111.0
114.0
20.0
159.0
142.0
142.0
141.0
141.0
140.0
141.0
136.0
140.0
46.0
124.0
116.0
272.0
268.0
267.0
266.0
268.0
20.0
266.0
20.0
279.0
269.0
268.0
267.0
114.0
114.0
114.0
20.0
114.0
21.0
123.0
115.0
115.0
113.0
114.0
111.0
114.0
20.0
113.0
19.0
121.0
113.0
114.0
113.0
114.0
20.0
24.0
18.0
20.0
18.0
30.0
20.0
20.0
17.0
17.0
8.0
9.0
8.0
8.0
8.0
16.0
9.0
9.0
9.0
8.0
8.0
8.0
8.0
8.0
7.0
143.0
136.0
136.0
126.0
127.0
115.0
125.0
113.0
114.0
112.0
143.0
135.0
136.0
115.0
115.0
114.0
114.0
111.0
114.0
109.0
141.0
132.0
132.0
114.0
114.0
114.0
114.0
111.0
114.0
21.0
134.0
115.0
116.0
114.0
115.0
114.0
114.0
109.0
114.0
21.0
122.0
116.0
116.0
114.0
114.0
112.0
115.0
21.0
112.0
20.0
121.0
113.0
113.0
113.0
114.0
112.0
112.0
21.0
112.0
21.0
146.0
138.0
138.0
138.0
139.0
138.0
138.0
19.0
138.0
44.0
146.0
115.0
114.0
113.0
114.0
20.0
24.0
18.0
20.0
18.0
29.0
20.0
19.0
17.0
17.0
7.0
8.0
8.0
8.0
8.0
16.0
9.0
9.0
8.0
8.0
8.0
8.0
8.0
8.0
8.0
141.0
135.0
135.0
124.0
125.0
113.0
123.0
112.0
114.0
109.0
143.0
135.0
135.0
115.0
114.0
114.0
114.0
112.0
114.0
109.0
141.0
131.0
131.0
115.0
114.0
114.0
114.0
112.0
114.0
21.0
133.0
117.0
116.0
114.0
115.0
114.0
114.0
109.0
115.0
20.0
123.0
115.0
116.0
115.0
114.0
112.0
115.0
21.0
112.0
20.0
122.0
114.0
113.0
112.0
112.0
112.0
112.0
21.0
113.0
20.0
121.0
114.0
113.0
112.0
113.0
111.0
113.0
19.0
112.0
19.0
120.0
113.0
113.0
112.0
112.0
19.0
24.0
18.0
20.0
18.0
30.0
19.0
19.0
17.0
17.0
8.0
8.0
8.0
8.0
7.0
15.0
8.0
9.0
8.0
9.0
8.0
8.0
8.0
8.0
8.0
