2.0
1.0
1.0
1.0
1.0
1.0
1.0
1.0
1.0
1.0
1.0
41.0
40.0
191.0
383.0
383.0
383.0
382.0
382.0
382.0
382.0
382.0
383.0
383.0
382.0
383.0
383.0
383.0
382.0
383.0
1.0
40.0
41.0
193.0
383.0
392.0
394.0
394.0
394.0
394.0
392.0
394.0
394.0
394.0
394.0
383.0
383.0
383.0
381.0
382.0
1.0
40.0
40.0
191.0
382.0
382.0
382.0
382.0
382.0
383.0
383.0
384.0
403.0
405.0
405.0
405.0
405.0
404.0
404.0
403.0
1.0
41.0
61.0
213.0
382.0
381.0
382.0
382.0
382.0
383.0
382.0
382.0
382.0
383.0
383.0
382.0
385.0
383.0
383.0
383.0
1.0
40.0
41.0
192.0
383.0
384.0
393.0
394.0
393.0
392.0
393.0
392.0
392.0
393.0
392.0
393.0
382.0
382.0
383.0
383.0
1.0
41.0
40.0
191.0
384.0
384.0
384.0
384.0
384.0
384.0
383.0
404.0
404.0
401.0
402.0
402.0
402.0
402.0
403.0
402.0
1.0
60.0
40.0
192.0
382.0
383.0
381.0
382.0
382.0
381.0
382.0
382.0
382.0
382.0
381.0
382.0
380.0
383.0
383.0
383.0
1.0
40.0
40.0
192.0
392.0
394.0
395.0
395.0
395.0
394.0
393.0
393.0
394.0
394.0
382.0
382.0
382.0
383.0
383.0
382.0
1.0
41.0
40.0
192.0
383.0
383.0
382.0
382.0
382.0
383.0
383.0
405.0
403.0
404.0
406.0
404.0
404.0
405.0
405.0
405.0
1.0
62.0
40.0
192.0
384.0
383.0
384.0
384.0
385.0
384.0
384.0
383.0
384.0
375.0
362.0
357.0
357.0
337.0
340.0
331.0
1.0
2.0
1.0
1.0
1.0
1.0
1.0
1.0
1.0
1.0
41.0
41.0
41.0
41.0
41.0
41.0
41.0
42.0
41.0
1.0
41.0
41.0
41.0
42.0
42.0
42.0
42.0
41.0
41.0
1.0
193.0
193.0
193.0
191.0
191.0
191.0
191.0
192.0
192.0
1.0
411.0
410.0
411.0
412.0
412.0
412.0
412.0
411.0
411.0
220.0
383.0
383.0
382.0
383.0
382.0
381.0
382.0
382.0
383.0
193.0
382.0
383.0
381.0
390.0
390.0
392.0
392.0
393.0
393.0
192.0
393.0
392.0
393.0
393.0
386.0
386.0
383.0
383.0
383.0
192.0
400.0
401.0
400.0
400.0
401.0
400.0
399.0
400.0
400.0
209.0
383.0
383.0
382.0
382.0
383.0
383.0
382.0
383.0
383.0
192.0
383.0
382.0
383.0
383.0
382.0
382.0
383.0
390.0
382.0
192.0
393.0
392.0
393.0
394.0
393.0
393.0
394.0
393.0
392.0
195.0
383.0
382.0
383.0
383.0
382.0
382.0
382.0
382.0
383.0
192.0
400.0
399.0
399.0
399.0
400.0
400.0
400.0
400.0
399.0
209.0
383.0
382.0
382.0
383.0
383.0
383.0
383.0
383.0
382.0
191.0
383.0
383.0
393.0
393.0
393.0
393.0
393.0
393.0
393.0
192.0
393.0
394.0
393.0
381.0
382.0
382.0
381.0
383.0
382.0
192.0
400.0
401.0
400.0
401.0
401.0
400.0
401.0
400.0
400.0
211.0
383.0
382.0
382.0
383.0
383.0
382.0
382.0
383.0
383.0
192.0
383.0
382.0
383.0
382.0
382.0
383.0
383.0
383.0
392.0
192.0
1.0
0.0
1.0
1.0
1.0
1.0
1.0
1.0
1.0
1.0
41.0
41.0
40.0
40.0
40.0
41.0
40.0
40.0
40.0
1.0
40.0
41.0
40.0
40.0
41.0
40.0
40.0
40.0
40.0
1.0
202.0
202.0
202.0
202.0
202.0
201.0
202.0
202.0
202.0
1.0
382.0
382.0
382.0
383.0
382.0
383.0
382.0
381.0
382.0
192.0
401.0
402.0
401.0
400.0
401.0
401.0
402.0
400.0
401.0
211.0
382.0
383.0
382.0
382.0
382.0
383.0
382.0
382.0
381.0
191.0
384.0
384.0
382.0
383.0
383.0
383.0
383.0
383.0
382.0
192.0
391.0
390.0
390.0
390.0
390.0
391.0
391.0
390.0
390.0
200.0
382.0
383.0
383.0
381.0
383.0
382.0
383.0
383.0
383.0
192.0
400.0
401.0
400.0
401.0
400.0
401.0
401.0
401.0
401.0
210.0
383.0
382.0
383.0
383.0
382.0
382.0
382.0
382.0
381.0
191.0
382.0
382.0
381.0
381.0
381.0
381.0
382.0
382.0
390.0
190.0
391.0
392.0
393.0
392.0
392.0
392.0
392.0
392.0
392.0
193.0
383.0
382.0
383.0
383.0
383.0
383.0
383.0
383.0
383.0
192.0
403.0
403.0
402.0
402.0
403.0
403.0
403.0
402.0
403.0
212.0
382.0
382.0
382.0
382.0
382.0
381.0
382.0
382.0
381.0
191.0
382.0
382.0
383.0
383.0
391.0
390.0
392.0
394.0
395.0
191.0
394.0
393.0
395.0
394.0
394.0
384.0
384.0
383.0
381.0
192.0
383.0
382.0
382.0
382.0
382.0
382.0
383.0
382.0
383.0
192.0
0.0
1.0
0.0
1.0
1.0
1.0
1.0
1.0
1.0
1.0
41.0
40.0
40.0
40.0
41.0
40.0
40.0
40.0
40.0
1.0
41.0
41.0
40.0
40.0
40.0
40.0
41.0
40.0
40.0
1.0
211.0
212.0
212.0
212.0
211.0
212.0
212.0
212.0
212.0
1.0
403.0
389.0
392.0
390.0
391.0
390.0
391.0
396.0
393.0
191.0
395.0
395.0
392.0
391.0
388.0
389.0
387.0
386.0
384.0
194.0
393.0
392.0
393.0
394.0
393.0
394.0
395.0
393.0
395.0
202.0
384.0
386.0
385.0
384.0
385.0
383.0
383.0
384.0
384.0
192.0
383.0
385.0
386.0
385.0
384.0
405.0
406.0
406.0
405.0
193.0
405.0
404.0
405.0
405.0
407.0
404.0
385.0
384.0
384.0
192.0
384.0
384.0
384.0
384.0
384.0
387.0
385.0
384.0
383.0
192.0
396.0
394.0
395.0
395.0
396.0
395.0
397.0
395.0
395.0
204.0
382.0
382.0
381.0
382.0
383.0
382.0
383.0
383.0
382.0
191.0
383.0
384.0
383.0
383.0
384.0
383.0
383.0
382.0
383.0
194.0
419.0
405.0
404.0
405.0
405.0
404.0
405.0
405.0
405.0
213.0
384.0
387.0
382.0
383.0
382.0
383.0
383.0
383.0
383.0
192.0
383.0
383.0
383.0
395.0
395.0
393.0
394.0
394.0
394.0
192.0
394.0
394.0
394.0
393.0
382.0
382.0
381.0
382.0
382.0
192.0
383.0
382.0
382.0
382.0
382.0
382.0
383.0
381.0
383.0
192.0
403.0
404.0
405.0
405.0
404.0
405.0
404.0
405.0
404.0
213.0
0.0
1.0
1.0
1.0
1.0
0.0
1.0
1.0
1.0
1.0
40.0
40.0
40.0
40.0
40.0
40.0
40.0
40.0
15.0
1.0
40.0
41.0
40.0
40.0
40.0
40.0
41.0
40.0
15.0
1.0
191.0
191.0
191.0
191.0
191.0
191.0
191.0
191.0
167.0
1.0
382.0
382.0
382.0
382.0
382.0
381.0
382.0
382.0
357.0
192.0
393.0
392.0
393.0
393.0
393.0
393.0
391.0
392.0
368.0
199.0
385.0
383.0
383.0
383.0
383.0
384.0
383.0
383.0
357.0
192.0
381.0
382.0
382.0
382.0
382.0
403.0
403.0
403.0
358.0
191.0
404.0
403.0
403.0
403.0
403.0
403.0
401.0
382.0
358.0
191.0
383.0
382.0
382.0
381.0
382.0
382.0
382.0
382.0
356.0
191.0
382.0
382.0
382.0
383.0
382.0
393.0
394.0
393.0
369.0
191.0
393.0
393.0
393.0
393.0
392.0
392.0
382.0
381.0
357.0
190.0
381.0
382.0
382.0
381.0
382.0
382.0
380.0
382.0
358.0
191.0
405.0
404.0
405.0
405.0
406.0
405.0
403.0
404.0
380.0
214.0
382.0
383.0
382.0
383.0
383.0
383.0
382.0
383.0
358.0
191.0
382.0
381.0
382.0
381.0
382.0
382.0
382.0
383.0
357.0
191.0
392.0
392.0
391.0
392.0
391.0
392.0
393.0
392.0
367.0
201.0
383.0
381.0
382.0
380.0
381.0
381.0
381.0
382.0
357.0
191.0
382.0
382.0
381.0
381.0
403.0
403.0
402.0
402.0
378.0
192.0
403.0
403.0
403.0
403.0
404.0
382.0
383.0
383.0
358.0
192.0
1.0
0.0
1.0
1.0
1.0
1.0
1.0
0.0
1.0
1.0
40.0
40.0
40.0
40.0
40.0
40.0
40.0
41.0
41.0
1.0
41.0
41.0
41.0
40.0
40.0
41.0
40.0
40.0
40.0
0.0
192.0
191.0
191.0
191.0
191.0
191.0
191.0
191.0
191.0
1.0
381.0
382.0
389.0
390.0
392.0
391.0
392.0
391.0
393.0
191.0
394.0
394.0
393.0
383.0
384.0
383.0
383.0
383.0
383.0
192.0
383.0
383.0
383.0
382.0
383.0
382.0
382.0
382.0
382.0
192.0
405.0
405.0
405.0
405.0
405.0
404.0
404.0
404.0
405.0
215.0
382.0
383.0
382.0
383.0
382.0
383.0
382.0
381.0
382.0
191.0
382.0
382.0
381.0
382.0
381.0
381.0
391.0
390.0
393.0
191.0
394.0
392.0
394.0
395.0
394.0
394.0
394.0
384.0
383.0
192.0
381.0
382.0
381.0
382.0
381.0
382.0
382.0
382.0
391.0
192.0
431.0
432.0
434.0
432.0
436.0
440.0
432.0
434.0
442.0
234.0
382.0
383.0
382.0
383.0
383.0
382.0
383.0
382.0
383.0
200.0
399.0
385.0
385.0
383.0
384.0
384.0
385.0
385.0
385.0
193.0
392.0
409.0
393.0
393.0
392.0
392.0
392.0
393.0
392.0
201.0
381.0
383.0
400.0
382.0
382.0
381.0
382.0
383.0
382.0
191.0
381.0
382.0
382.0
400.0
383.0
383.0
382.0
383.0
382.0
192.0
402.0
403.0
402.0
402.0
421.0
403.0
403.0
403.0
403.0
211.0
383.0
383.0
383.0
383.0
384.0
401.0
382.0
382.0
383.0
192.0
1.0
1.0
1.0
1.0
0.0
0.0
1.0
0.0
1.0
1.0
40.0
40.0
40.0
40.0
40.0
40.0
40.0
40.0
1.0
1.0
40.0
40.0
40.0
40.0
41.0
41.0
40.0
40.0
1.0
1.0
192.0
192.0
191.0
191.0
191.0
191.0
200.0
192.0
0.0
1.0
392.0
393.0
393.0
392.0
393.0
393.0
392.0
392.0
210.0
202.0
400.0
383.0
384.0
383.0
383.0
383.0
383.0
383.0
192.0
191.0
383.0
383.0
382.0
382.0
383.0
399.0
402.0
403.0
191.0
192.0
403.0
403.0
402.0
403.0
403.0
404.0
403.0
422.0
191.0
192.0
384.0
383.0
384.0
383.0
384.0
383.0
383.0
383.0
193.0
201.0
384.0
391.0
396.0
396.0
395.0
396.0
396.0
396.0
194.0
194.0
394.0
394.0
394.0
394.0
383.0
383.0
383.0
383.0
191.0
192.0
382.0
382.0
382.0
381.0
382.0
382.0
381.0
382.0
190.0
191.0
403.0
403.0
402.0
402.0
402.0
403.0
401.0
402.0
212.0
212.0
382.0
381.0
382.0
381.0
382.0
381.0
382.0
381.0
191.0
192.0
383.0
382.0
382.0
382.0
383.0
383.0
384.0
383.0
192.0
191.0
394.0
392.0
393.0
392.0
394.0
393.0
393.0
393.0
202.0
202.0
383.0
383.0
382.0
382.0
383.0
381.0
382.0
382.0
191.0
191.0
382.0
382.0
382.0
381.0
382.0
380.0
382.0
381.0
191.0
192.0
403.0
403.0
402.0
403.0
402.0
403.0
403.0
402.0
212.0
212.0
382.0
382.0
381.0
382.0
382.0
382.0
383.0
382.0
191.0
191.0
1.0
1.0
1.0
1.0
0.0
1.0
1.0
1.0
1.0
1.0
40.0
40.0
40.0
41.0
40.0
40.0
40.0
40.0
16.0
1.0
40.0
41.0
40.0
40.0
40.0
40.0
41.0
40.0
16.0
1.0
191.0
192.0
191.0
191.0
192.0
191.0
192.0
192.0
166.0
0.0
392.0
391.0
390.0
390.0
391.0
391.0
390.0
391.0
366.0
200.0
382.0
382.0
382.0
382.0
382.0
381.0
382.0
382.0
356.0
191.0
382.0
381.0
382.0
402.0
403.0
403.0
404.0
404.0
379.0
192.0
402.0
404.0
404.0
403.0
382.0
381.0
382.0
382.0
357.0
191.0
382.0
382.0
381.0
382.0
382.0
381.0
382.0
382.0
357.0
191.0
383.0
382.0
390.0
390.0
392.0
393.0
394.0
392.0
368.0
191.0
393.0
394.0
394.0
386.0
385.0
384.0
385.0
385.0
359.0
191.0
383.0
384.0
385.0
385.0
385.0
384.0
385.0
385.0
359.0
193.0
404.0
404.0
403.0
404.0
404.0
404.0
404.0
404.0
385.0
213.0
384.0
383.0
385.0
383.0
384.0
384.0
384.0
385.0
366.0
192.0
385.0
383.0
384.0
384.0
382.0
383.0
383.0
388.0
359.0
192.0
395.0
394.0
394.0
395.0
395.0
394.0
395.0
395.0
371.0
208.0
386.0
383.0
384.0
383.0
383.0
383.0
382.0
382.0
359.0
192.0
386.0
385.0
388.0
385.0
406.0
405.0
405.0
406.0
380.0
194.0
403.0
403.0
403.0
403.0
403.0
383.0
383.0
383.0
358.0
191.0
383.0
383.0
382.0
383.0
383.0
382.0
382.0
383.0
358.0
192.0
1.0
1.0
1.0
0.0
1.0
1.0
1.0
1.0
0.0
1.0
40.0
40.0
40.0
40.0
41.0
40.0
40.0
0.0
1.0
1.0
40.0
40.0
40.0
40.0
40.0
40.0
40.0
1.0
1.0
1.0
201.0
201.0
202.0
213.0
215.0
213.0
213.0
170.0
1.0
0.0
424.0
419.0
411.0
411.0
410.0
402.0
401.0
358.0
208.0
208.0
382.0
382.0
382.0
382.0
381.0
381.0
381.0
343.0
191.0
191.0
403.0
403.0
403.0
402.0
402.0
403.0
402.0
363.0
213.0
213.0
381.0
382.0
382.0
382.0
382.0
383.0
381.0
342.0
191.0
192.0
382.0
383.0
381.0
382.0
382.0
382.0
382.0
342.0
191.0
190.0
391.0
392.0
393.0
393.0
393.0
392.0
393.0
353.0
191.0
192.0
393.0
392.0
384.0
380.0
383.0
382.0
384.0
344.0
190.0
191.0
382.0
383.0
383.0
383.0
382.0
382.0
382.0
342.0
192.0
191.0
402.0
403.0
403.0
403.0
403.0
403.0
403.0
363.0
213.0
212.0
382.0
382.0
383.0
382.0
382.0
383.0
381.0
341.0
191.0
191.0
382.0
382.0
382.0
382.0
381.0
382.0
381.0
343.0
191.0
191.0
392.0
391.0
392.0
392.0
392.0
392.0
392.0
354.0
201.0
201.0
382.0
381.0
382.0
383.0
382.0
383.0
383.0
343.0
192.0
192.0
382.0
382.0
382.0
381.0
382.0
382.0
381.0
342.0
191.0
191.0
403.0
404.0
403.0
403.0
403.0
403.0
402.0
363.0
212.0
212.0
382.0
382.0
383.0
383.0
383.0
396.0
382.0
344.0
192.0
192.0
1.0
0.0
1.0
1.0
1.0
1.0
0.0
1.0
1.0
1.0
41.0
41.0
40.0
41.0
40.0
40.0
40.0
40.0
15.0
1.0
40.0
40.0
40.0
41.0
41.0
41.0
41.0
41.0
16.0
1.0
192.0
192.0
191.0
192.0
191.0
191.0
191.0
192.0
167.0
1.0
393.0
392.0
392.0
392.0
392.0
392.0
393.0
392.0
367.0
201.0
382.0
382.0
382.0
381.0
382.0
383.0
381.0
382.0
357.0
192.0
383.0
383.0
383.0
404.0
404.0
404.0
405.0
405.0
379.0
192.0
403.0
403.0
403.0
403.0
382.0
382.0
382.0
381.0
357.0
191.0
382.0
382.0
382.0
382.0
382.0
382.0
382.0
381.0
357.0
192.0
392.0
392.0
391.0
391.0
392.0
392.0
393.0
392.0
367.0
199.0
383.0
383.0
381.0
383.0
381.0
382.0
381.0
382.0
357.0
192.0
382.0
383.0
382.0
382.0
382.0
381.0
382.0
381.0
358.0
192.0
403.0
402.0
402.0
402.0
402.0
401.0
403.0
403.0
379.0
211.0
382.0
381.0
382.0
382.0
382.0
383.0
382.0
381.0
357.0
191.0
382.0
382.0
383.0
382.0
383.0
383.0
383.0
382.0
358.0
191.0
392.0
392.0
392.0
393.0
393.0
393.0
392.0
392.0
368.0
202.0
381.0
382.0
380.0
382.0
381.0
382.0
381.0
381.0
356.0
190.0
381.0
381.0
382.0
402.0
402.0
403.0
402.0
402.0
377.0
191.0
401.0
403.0
402.0
403.0
382.0
382.0
382.0
381.0
358.0
192.0
382.0
383.0
381.0
382.0
381.0
382.0
382.0
382.0
358.0
192.0
0.0
1.0
1.0
1.0
1.0
0.0
1.0
1.0
1.0
1.0
40.0
40.0
40.0
40.0
40.0
1.0
1.0
1.0
0.0
1.0
40.0
40.0
40.0
40.0
40.0
0.0
1.0
1.0
1.0
1.0
191.0
191.0
191.0
191.0
199.0
152.0
152.0
1.0
1.0
1.0
392.0
391.0
392.0
391.0
391.0
352.0
353.0
202.0
201.0
193.0
382.0
382.0
382.0
382.0
382.0
342.0
343.0
191.0
192.0
192.0
383.0
382.0
383.0
403.0
404.0
343.0
365.0
191.0
191.0
192.0
403.0
403.0
402.0
402.0
403.0
364.0
363.0
191.0
192.0
191.0
383.0
382.0
382.0
382.0
382.0
343.0
342.0
191.0
192.0
191.0
382.0
382.0
382.0
382.0
382.0
343.0
343.0
192.0
192.0
192.0
391.0
391.0
391.0
392.0
391.0
352.0
352.0
201.0
201.0
201.0
382.0
383.0
382.0
382.0
383.0
343.0
343.0
192.0
192.0
191.0
382.0
381.0
381.0
382.0
382.0
342.0
343.0
192.0
191.0
191.0
412.0
414.0
412.0
415.0
414.0
376.0
375.0
221.0
218.0
221.0
393.0
392.0
393.0
386.0
386.0
347.0
346.0
193.0
193.0
193.0
383.0
381.0
381.0
382.0
382.0
343.0
342.0
191.0
190.0
191.0
393.0
391.0
392.0
392.0
392.0
353.0
353.0
202.0
202.0
202.0
382.0
381.0
382.0
381.0
382.0
343.0
342.0
191.0
192.0
191.0
382.0
382.0
382.0
382.0
383.0
342.0
344.0
192.0
192.0
191.0
395.0
393.0
393.0
384.0
381.0
350.0
345.0
212.0
212.0
211.0
