5.0
3.0
2.0
2.0
2.0
1.0
1.0
1.0
2.0
1.0
11.0
6.0
7.0
4.0
7.0
4.0
231.0
211.0
330.0
402.0
230.0
227.0
401.0
226.0
228.0
319.0
184.0
223.0
230.0
225.0
227.0
225.0
192.0
225.0
191.0
225.0
228.0
225.0
227.0
225.0
228.0
225.0
184.0
224.0
226.0
234.0
226.0
223.0
225.0
224.0
4.0
3.0
4.0
3.0
4.0
3.0
224.0
222.0
192.0
221.0
225.0
218.0
197.0
194.0
217.0
216.0
217.0
216.0
253.0
214.0
219.0
199.0
215.0
200.0
215.0
214.0
216.0
214.0
202.0
216.0
202.0
201.0
205.0
218.0
218.0
217.0
218.0
218.0
206.0
217.0
2.0
3.0
2.0
3.0
3.0
2.0
205.0
251.0
222.0
237.0
234.0
233.0
270.0
234.0
225.0
230.0
227.0
223.0
209.0
210.0
208.0
207.0
210.0
208.0
207.0
207.0
206.0
207.0
208.0
207.0
208.0
208.0
208.0
207.0
207.0
208.0
206.0
208.0
207.0
207.0
3.0
1.0
3.0
1.0
3.0
1.0
208.0
205.0
207.0
205.0
207.0
205.0
207.0
204.0
207.0
205.0
207.0
206.0
207.0
205.0
207.0
206.0
210.0
210.0
213.0
210.0
211.0
209.0
211.0
209.0
212.0
210.0
209.0
205.0
207.0
205.0
207.0
205.0
206.0
206.0
3.0
0.0
3.0
1.0
3.0
1.0
207.0
111.0
208.0
112.0
209.0
111.0
208.0
112.0
208.0
111.0
207.0
112.0
208.0
112.0
207.0
111.0
207.0
112.0
208.0
112.0
207.0
112.0
207.0
112.0
206.0
112.0
204.0
112.0
202.0
111.0
201.0
109.0
191.0
108.0
11.0
4.0
6.0
3.0
11.0
4.0
226.0
224.0
340.0
413.0
227.0
224.0
226.0
213.0
419.0
333.0
186.0
224.0
226.0
223.0
226.0
225.0
263.0
229.0
246.0
301.0
294.0
224.0
227.0
224.0
226.0
224.0
227.0
197.0
200.0
226.0
229.0
224.0
228.0
226.0
6.0
4.0
6.0
4.0
6.0
4.0
228.0
203.0
228.0
199.0
203.0
219.0
222.0
219.0
222.0
212.0
201.0
217.0
202.0
219.0
204.0
214.0
207.0
213.0
217.0
214.0
243.0
211.0
205.0
249.0
207.0
209.0
211.0
208.0
210.0
208.0
212.0
209.0
211.0
210.0
6.0
4.0
6.0
3.0
6.0
3.0
223.0
222.0
222.0
219.0
221.0
219.0
222.0
219.0
223.0
218.0
215.0
209.0
212.0
209.0
213.0
209.0
212.0
211.0
215.0
210.0
213.0
208.0
211.0
208.0
210.0
212.0
211.0
211.0
212.0
212.0
213.0
212.0
218.0
211.0
6.0
4.0
6.0
3.0
6.0
4.0
217.0
215.0
212.0
212.0
215.0
215.0
212.0
209.0
212.0
211.0
210.0
209.0
211.0
208.0
210.0
213.0
214.0
212.0
214.0
212.0
215.0
212.0
214.0
213.0
214.0
208.0
211.0
209.0
210.0
208.0
211.0
208.0
211.0
208.0
6.0
4.0
6.0
3.0
6.0
3.0
212.0
209.0
211.0
210.0
214.0
211.0
214.0
210.0
213.0
210.0
214.0
211.0
211.0
209.0
210.0
210.0
211.0
208.0
210.0
210.0
211.0
208.0
213.0
210.0
221.0
212.0
223.0
220.0
214.0
211.0
231.0
236.0
229.0
227.0
6.0
2.0
5.0
1.0
7.0
1.0
232.0
227.0
233.0
226.0
228.0
223.0
211.0
205.0
209.0
206.0
210.0
209.0
210.0
206.0
211.0
206.0
210.0
206.0
211.0
206.0
210.0
206.0
210.0
206.0
210.0
206.0
210.0
206.0
211.0
206.0
211.0
206.0
210.0
206.0
6.0
1.0
6.0
2.0
6.0
1.0
211.0
207.0
211.0
206.0
210.0
205.0
210.0
205.0
210.0
206.0
212.0
208.0
215.0
208.0
214.0
211.0
213.0
222.0
225.0
219.0
224.0
209.0
219.0
221.0
214.0
209.0
215.0
220.0
219.0
215.0
213.0
222.0
213.0
214.0
4.0
1.0
4.0
1.0
4.0
1.0
212.0
117.0
213.0
117.0
209.0
114.0
211.0
117.0
212.0
114.0
218.0
117.0
211.0
121.0
213.0
112.0
212.0
116.0
208.0
120.0
217.0
112.0
210.0
114.0
214.0
114.0
213.0
114.0
212.0
114.0
225.0
113.0
227.0
118.0
4.0
1.0
4.0
2.0
3.0
2.0
118.0
116.0
132.0
129.0
131.0
129.0
128.0
125.0
129.0
126.0
115.0
113.0
115.0
113.0
114.0
115.0
117.0
113.0
115.0
114.0
115.0
114.0
116.0
115.0
116.0
113.0
117.0
114.0
115.0
114.0
115.0
113.0
116.0
114.0
4.0
1.0
4.0
1.0
4.0
2.0
115.0
113.0
116.0
113.0
117.0
116.0
117.0
113.0
115.0
114.0
115.0
114.0
118.0
113.0
117.0
113.0
116.0
113.0
118.0
115.0
118.0
113.0
116.0
115.0
116.0
116.0
120.0
115.0
118.0
114.0
115.0
114.0
115.0
113.0
4.0
3.0
4.0
3.0
3.0
2.0
210.0
209.0
211.0
209.0
212.0
213.0
211.0
211.0
210.0
211.0
216.0
210.0
213.0
212.0
212.0
211.0
215.0
212.0
211.0
211.0
209.0
206.0
208.0
208.0
208.0
207.0
207.0
208.0
207.0
207.0
208.0
207.0
207.0
207.0
3.0
3.0
4.0
2.0
4.0
2.0
208.0
207.0
208.0
209.0
207.0
207.0
207.0
207.0
208.0
207.0
207.0
207.0
207.0
209.0
209.0
208.0
209.0
207.0
208.0
208.0
207.0
207.0
207.0
208.0
212.0
211.0
230.0
230.0
229.0
230.0
230.0
227.0
228.0
229.0
4.0
3.0
4.0
3.0
4.0
3.0
224.0
225.0
211.0
210.0
211.0
210.0
208.0
210.0
208.0
207.0
208.0
208.0
210.0
210.0
209.0
207.0
208.0
210.0
207.0
208.0
208.0
209.0
208.0
210.0
209.0
208.0
208.0
210.0
208.0
208.0
207.0
208.0
208.0
207.0
3.0
2.0
4.0
3.0
3.0
2.0
208.0
207.0
209.0
207.0
208.0
208.0
208.0
207.0
211.0
211.0
212.0
211.0
212.0
211.0
212.0
211.0
211.0
210.0
208.0
207.0
207.0
209.0
208.0
207.0
208.0
208.0
209.0
207.0
209.0
210.0
209.0
208.0
210.0
206.0
3.0
1.0
3.0
0.0
4.0
1.0
210.0
206.0
210.0
206.0
209.0
209.0
209.0
210.0
210.0
209.0
208.0
207.0
211.0
206.0
209.0
209.0
209.0
208.0
210.0
209.0
211.0
207.0
214.0
212.0
226.0
221.0
226.0
226.0
226.0
223.0
226.0
222.0
222.0
221.0
1.0
1.0
1.0
1.0
1.0
1.0
209.0
205.0
207.0
208.0
208.0
207.0
206.0
207.0
207.0
208.0
206.0
206.0
206.0
205.0
208.0
211.0
210.0
212.0
215.0
236.0
225.0
218.0
227.0
222.0
224.0
229.0
222.0
247.0
216.0
222.0
215.0
219.0
213.0
225.0
2.0
0.0
2.0
1.0
1.0
1.0
225.0
212.0
223.0
225.0
216.0
222.0
216.0
222.0
216.0
223.0
218.0
221.0
218.0
216.0
217.0
213.0
211.0
210.0
208.0
205.0
212.0
210.0
208.0
207.0
208.0
206.0
210.0
205.0
206.0
205.0
206.0
205.0
207.0
206.0
2.0
0.0
2.0
1.0
1.0
1.0
113.0
112.0
115.0
113.0
114.0
113.0
113.0
112.0
113.0
113.0
112.0
112.0
113.0
112.0
114.0
112.0
113.0
112.0
112.0
114.0
113.0
112.0
114.0
113.0
113.0
113.0
113.0
113.0
114.0
114.0
113.0
113.0
115.0
115.0
1.0
1.0
1.0
1.0
1.0
1.0
116.0
114.0
116.0
116.0
115.0
116.0
117.0
116.0
131.0
130.0
131.0
131.0
132.0
131.0
132.0
131.0
132.0
129.0
115.0
113.0
115.0
115.0
113.0
115.0
113.0
115.0
115.0
112.0
112.0
113.0
113.0
112.0
112.0
116.0
1.0
1.0
1.0
1.0
1.0
1.0
116.0
113.0
114.0
112.0
113.0
114.0
112.0
113.0
114.0
115.0
112.0
112.0
115.0
113.0
113.0
114.0
116.0
111.0
112.0
113.0
115.0
113.0
115.0
118.0
114.0
111.0
112.0
113.0
113.0
112.0
114.0
113.0
115.0
112.0
3.0
2.0
3.0
3.0
3.0
3.0
207.0
210.0
207.0
206.0
208.0
207.0
207.0
208.0
206.0
206.0
209.0
212.0
210.0
210.0
212.0
211.0
211.0
212.0
211.0
212.0
208.0
209.0
208.0
209.0
208.0
209.0
207.0
208.0
207.0
208.0
208.0
208.0
208.0
208.0
3.0
2.0
3.0
3.0
2.0
2.0
209.0
207.0
209.0
208.0
207.0
207.0
207.0
207.0
207.0
207.0
208.0
208.0
206.0
207.0
206.0
207.0
207.0
207.0
207.0
207.0
207.0
207.0
207.0
208.0
207.0
207.0
216.0
216.0
212.0
212.0
215.0
216.0
215.0
212.0
3.0
2.0
2.0
3.0
3.0
3.0
231.0
233.0
228.0
227.0
226.0
226.0
228.0
226.0
227.0
226.0
210.0
208.0
207.0
210.0
208.0
207.0
209.0
208.0
209.0
207.0
207.0
208.0
207.0
207.0
207.0
207.0
207.0
207.0
207.0
206.0
207.0
207.0
207.0
207.0
3.0
2.0
2.0
3.0
3.0
2.0
207.0
207.0
208.0
207.0
207.0
207.0
207.0
207.0
207.0
207.0
206.0
210.0
209.0
209.0
212.0
211.0
212.0
212.0
213.0
213.0
213.0
210.0
210.0
210.0
208.0
206.0
206.0
209.0
210.0
210.0
210.0
208.0
214.0
209.0
1.0
1.0
1.0
1.0
1.0
0.0
206.0
209.0
206.0
208.0
210.0
206.0
207.0
206.0
210.0
209.0
209.0
206.0
207.0
208.0
207.0
207.0
208.0
206.0
205.0
210.0
205.0
212.0
210.0
206.0
207.0
207.0
208.0
208.0
223.0
226.0
226.0
227.0
227.0
227.0
1.0
1.0
0.0
1.0
0.0
0.0
222.0
222.0
222.0
225.0
206.0
208.0
206.0
207.0
209.0
208.0
205.0
205.0
206.0
205.0
204.0
207.0
206.0
206.0
206.0
207.0
205.0
205.0
204.0
205.0
206.0
205.0
204.0
205.0
205.0
205.0
209.0
206.0
206.0
206.0
1.0
0.0
1.0
1.0
1.0
0.0
206.0
112.0
208.0
112.0
206.0
113.0
206.0
112.0
205.0
113.0
210.0
113.0
209.0
113.0
213.0
112.0
209.0
117.0
215.0
117.0
213.0
117.0
211.0
112.0
206.0
113.0
208.0
111.0
205.0
112.0
206.0
113.0
206.0
111.0
0.0
1.0
1.0
1.0
0.0
1.0
113.0
112.0
112.0
112.0
112.0
112.0
113.0
111.0
112.0
111.0
111.0
112.0
111.0
112.0
113.0
114.0
112.0
112.0
112.0
112.0
113.0
112.0
112.0
111.0
112.0
113.0
112.0
112.0
112.0
112.0
112.0
112.0
112.0
113.0
0.0
1.0
1.0
1.0
0.0
1.0
112.0
112.0
112.0
111.0
112.0
112.0
112.0
111.0
112.0
112.0
112.0
112.0
112.0
113.0
113.0
112.0
111.0
112.0
112.0
113.0
112.0
114.0
112.0
111.0
113.0
113.0
113.0
115.0
113.0
115.0
118.0
115.0
116.0
116.0
0.0
1.0
1.0
1.0
1.0
0.0
117.0
116.0
116.0
113.0
113.0
129.0
131.0
131.0
130.0
131.0
129.0
130.0
130.0
130.0
130.0
113.0
114.0
115.0
112.0
113.0
114.0
116.0
115.0
114.0
112.0
114.0
113.0
114.0
116.0
114.0
112.0
113.0
114.0
114.0
2.0
1.0
3.0
1.0
2.0
1.0
207.0
212.0
211.0
208.0
207.0
206.0
212.0
209.0
213.0
209.0
210.0
209.0
214.0
206.0
213.0
209.0
211.0
211.0
211.0
210.0
211.0
212.0
215.0
210.0
209.0
205.0
208.0
207.0
210.0
207.0
211.0
213.0
212.0
210.0
3.0
1.0
2.0
0.0
3.0
1.0
211.0
210.0
212.0
209.0
211.0
210.0
207.0
206.0
208.0
205.0
208.0
205.0
208.0
205.0
207.0
205.0
206.0
205.0
207.0
205.0
208.0
205.0
208.0
205.0
207.0
205.0
207.0
205.0
207.0
205.0
206.0
206.0
208.0
205.0
2.0
1.0
2.0
1.0
3.0
1.0
208.0
204.0
207.0
204.0
208.0
205.0
207.0
205.0
206.0
206.0
207.0
205.0
237.0
239.0
238.0
237.0
236.0
236.0
239.0
240.0
243.0
237.0
208.0
205.0
210.0
205.0
207.0
205.0
208.0
205.0
207.0
206.0
207.0
207.0
3.0
1.0
2.0
0.0
3.0
1.0
209.0
206.0
209.0
208.0
209.0
205.0
210.0
206.0
206.0
208.0
207.0
207.0
210.0
205.0
209.0
204.0
206.0
207.0
207.0
207.0
207.0
208.0
207.0
209.0
207.0
205.0
207.0
205.0
210.0
209.0
210.0
209.0
210.0
210.0
0.0
1.0
1.0
0.0
1.0
1.0
207.0
115.0
209.0
115.0
207.0
113.0
207.0
112.0
205.0
111.0
204.0
113.0
204.0
112.0
205.0
112.0
205.0
112.0
206.0
111.0
205.0
112.0
205.0
111.0
206.0
111.0
205.0
112.0
205.0
112.0
209.0
112.0
208.0
112.0
1.0
1.0
1.0
0.0
1.0
1.0
205.0
113.0
208.0
111.0
207.0
112.0
206.0
112.0
207.0
115.0
207.0
112.0
212.0
113.0
211.0
114.0
208.0
115.0
213.0
118.0
207.0
112.0
209.0
114.0
236.0
118.0
235.0
117.0
229.0
116.0
230.0
136.0
226.0
132.0
1.0
1.0
1.0
0.0
1.0
1.0
227.0
132.0
225.0
112.0
206.0
112.0
205.0
112.0
206.0
111.0
206.0
112.0
205.0
112.0
205.0
112.0
205.0
112.0
205.0
112.0
205.0
112.0
206.0
112.0
207.0
111.0
208.0
112.0
206.0
113.0
211.0
111.0
209.0
115.0
1.0
1.0
0.0
1.0
1.0
1.0
111.0
111.0
111.0
118.0
111.0
113.0
113.0
113.0
112.0
113.0
113.0
112.0
111.0
111.0
113.0
112.0
112.0
112.0
112.0
112.0
112.0
112.0
112.0
112.0
112.0
112.0
112.0
112.0
112.0
112.0
112.0
113.0
112.0
115.0
0.0
1.0
1.0
1.0
0.0
1.0
116.0
115.0
116.0
116.0
116.0
115.0
117.0
114.0
117.0
112.0
115.0
112.0
112.0
113.0
113.0
113.0
112.0
114.0
115.0
116.0
114.0
111.0
112.0
114.0
112.0
111.0
112.0
112.0
113.0
115.0
113.0
112.0
112.0
113.0
1.0
1.0
1.0
0.0
1.0
1.0
113.0
113.0
114.0
114.0
112.0
114.0
114.0
115.0
111.0
113.0
116.0
115.0
113.0
112.0
113.0
114.0
113.0
113.0
114.0
111.0
112.0
112.0
113.0
113.0
113.0
113.0
112.0
112.0
113.0
112.0
112.0
112.0
114.0
112.0
3.0
0.0
3.0
1.0
2.0
1.0
208.0
208.0
209.0
204.0
208.0
205.0
208.0
206.0
208.0
205.0
211.0
209.0
211.0
209.0
210.0
209.0
231.0
228.0
231.0
230.0
226.0
224.0
229.0
227.0
227.0
226.0
212.0
207.0
208.0
208.0
207.0
205.0
209.0
209.0
3.0
0.0
3.0
1.0
2.0
1.0
208.0
113.0
210.0
113.0
210.0
114.0
207.0
114.0
209.0
113.0
208.0
114.0
208.0
113.0
213.0
114.0
215.0
112.0
220.0
114.0
217.0
117.0
222.0
119.0
225.0
122.0
224.0
127.0
225.0
119.0
221.0
118.0
212.0
118.0
3.0
1.0
3.0
0.0
3.0
1.0
212.0
113.0
224.0
114.0
226.0
120.0
224.0
124.0
215.0
118.0
211.0
117.0
223.0
117.0
223.0
119.0
210.0
113.0
221.0
119.0
208.0
112.0
208.0
119.0
207.0
120.0
222.0
112.0
223.0
113.0
220.0
120.0
208.0
119.0
2.0
1.0
2.0
1.0
2.0
1.0
207.0
112.0
207.0
112.0
212.0
114.0
209.0
113.0
208.0
112.0
208.0
112.0
209.0
112.0
208.0
112.0
207.0
112.0
207.0
112.0
208.0
112.0
208.0
111.0
208.0
112.0
207.0
112.0
207.0
113.0
210.0
113.0
212.0
111.0
1.0
1.0
1.0
0.0
1.0
1.0
210.0
113.0
209.0
116.0
231.0
115.0
230.0
116.0
228.0
114.0
228.0
132.0
232.0
132.0
232.0
135.0
229.0
118.0
209.0
112.0
210.0
113.0
208.0
115.0
206.0
112.0
206.0
114.0
206.0
113.0
208.0
111.0
206.0
114.0
1.0
1.0
1.0
0.0
1.0
1.0
209.0
114.0
207.0
114.0
205.0
112.0
205.0
112.0
205.0
112.0
207.0
112.0
205.0
112.0
205.0
114.0
206.0
112.0
205.0
112.0
206.0
112.0
206.0
112.0
205.0
112.0
205.0
112.0
205.0
111.0
206.0
112.0
208.0
112.0
1.0
1.0
1.0
0.0
1.0
1.0
211.0
111.0
210.0
114.0
209.0
115.0
209.0
116.0
214.0
116.0
207.0
116.0
211.0
116.0
205.0
111.0
208.0
111.0
207.0
112.0
206.0
113.0
205.0
112.0
205.0
112.0
205.0
111.0
206.0
113.0
204.0
112.0
205.0
113.0
1.0
1.0
0.0
1.0
1.0
1.0
111.0
112.0
111.0
112.0
111.0
112.0
111.0
112.0
112.0
112.0
112.0
112.0
112.0
112.0
112.0
112.0
112.0
112.0
111.0
112.0
112.0
112.0
112.0
111.0
111.0
112.0
112.0
112.0
112.0
112.0
112.0
111.0
112.0
111.0
0.0
1.0
1.0
0.0
1.0
1.0
112.0
111.0
112.0
111.0
112.0
112.0
112.0
112.0
114.0
114.0
115.0
114.0
115.0
115.0
115.0
115.0
115.0
115.0
113.0
114.0
112.0
139.0
141.0
140.0
141.0
141.0
141.0
141.0
141.0
139.0
140.0
114.0
113.0
112.0
1.0
0.0
1.0
1.0
1.0
0.0
114.0
113.0
114.0
112.0
114.0
112.0
112.0
112.0
112.0
113.0
113.0
112.0
112.0
112.0
112.0
112.0
111.0
114.0
112.0
113.0
113.0
112.0
112.0
113.0
114.0
111.0
111.0
113.0
110.0
111.0
110.0
107.0
104.0
103.0
