1.0
1.0
0.0
0.0
1.0
1.0
1.0
1.0
0.0
0.0
28.0
16.0
16.0
17.0
16.0
15.0
16.0
28.0
28.0
28.0
56.0
56.0
56.0
55.0
55.0
56.0
101.0
101.0
101.0
100.0
122.0
122.0
122.0
121.0
121.0
121.0
213.0
213.0
201.0
203.0
112.0
112.0
112.0
113.0
112.0
112.0
112.0
112.0
112.0
113.0
112.0
112.0
91.0
113.0
205.0
205.0
112.0
112.0
112.0
121.0
112.0
113.0
93.0
112.0
125.0
112.0
113.0
112.0
112.0
111.0
114.0
123.0
124.0
112.0
92.0
112.0
112.0
112.0
112.0
112.0
92.0
113.0
112.0
123.0
140.0
91.0
112.0
111.0
112.0
112.0
113.0
112.0
112.0
129.0
95.0
112.0
113.0
111.0
112.0
111.0
97.0
113.0
113.0
97.0
97.0
98.0
113.0
112.0
112.0
112.0
113.0
112.0
112.0
98.0
97.0
97.0
122.0
122.0
121.0
122.0
121.0
111.0
122.0
122.0
111.0
111.0
113.0
111.0
112.0
112.0
113.0
98.0
98.0
112.0
113.0
98.0
111.0
110.0
110.0
110.0
110.0
98.0
98.0
167.0
110.0
176.0
97.0
97.0
108.0
108.0
109.0
109.0
108.0
109.0
177.0
96.0
97.0
108.0
108.0
109.0
109.0
109.0
176.0
109.0
98.0
97.0
109.0
109.0
109.0
109.0
109.0
109.0
178.0
97.0
98.0
177.0
109.0
108.0
109.0
109.0
109.0
109.0
97.0
97.0
109.0
108.0
109.0
108.0
108.0
178.0
109.0
178.0
99.0
98.0
109.0
108.0
109.0
108.0
109.0
97.0
109.0
98.0
185.0
172.0
116.0
116.0
116.0
117.0
116.0
105.0
16.0
16.0
16.0
16.0
16.0
16.0
15.0
16.0
15.0
15.0
16.0
15.0
16.0
15.0
15.0
16.0
16.0
1.0
1.0
0.0
16.0
16.0
16.0
14.0
14.0
14.0
16.0
15.0
16.0
16.0
16.0
16.0
16.0
15.0
15.0
15.0
0.0
0.0
0.0
0.0
16.0
16.0
16.0
16.0
16.0
15.0
16.0
14.0
14.0
14.0
16.0
15.0
16.0
1.0
16.0
0.0
0.0
0.0
1.0
1.0
16.0
15.0
16.0
14.0
15.0
15.0
15.0
15.0
16.0
15.0
16.0
16.0
15.0
1.0
14.0
0.0
0.0
1.0
1.0
0.0
14.0
14.0
16.0
16.0
15.0
15.0
15.0
16.0
16.0
15.0
15.0
1.0
14.0
0.0
16.0
1.0
1.0
1.0
0.0
0.0
55.0
55.0
55.0
56.0
55.0
55.0
48.0
48.0
49.0
54.0
49.0
53.0
53.0
49.0
50.0
53.0
53.0
38.0
1.0
0.0
49.0
54.0
63.0
62.0
61.0
61.0
62.0
64.0
64.0
64.0
64.0
63.0
53.0
50.0
50.0
50.0
36.0
0.0
1.0
1.0
53.0
53.0
53.0
53.0
53.0
49.0
53.0
49.0
50.0
49.0
53.0
52.0
52.0
38.0
52.0
1.0
0.0
1.0
0.0
1.0
49.0
53.0
53.0
49.0
50.0
49.0
53.0
53.0
53.0
67.0
50.0
49.0
49.0
58.0
51.0
1.0
0.0
1.0
0.0
1.0
51.0
51.0
51.0
51.0
49.0
88.0
50.0
49.0
51.0
50.0
88.0
37.0
51.0
0.0
51.0
1.0
0.0
0.0
1.0
0.0
124.0
124.0
124.0
127.0
127.0
126.0
126.0
126.0
132.0
128.0
104.0
105.0
104.0
104.0
104.0
104.0
104.0
90.0
54.0
54.0
104.0
105.0
104.0
105.0
104.0
104.0
105.0
105.0
105.0
105.0
105.0
104.0
104.0
104.0
105.0
104.0
89.0
54.0
53.0
53.0
105.0
104.0
104.0
104.0
105.0
103.0
104.0
104.0
104.0
104.0
104.0
104.0
103.0
90.0
103.0
54.0
54.0
53.0
54.0
54.0
105.0
104.0
104.0
104.0
104.0
103.0
105.0
104.0
104.0
104.0
104.0
104.0
103.0
90.0
104.0
53.0
53.0
54.0
54.0
54.0
104.0
104.0
103.0
104.0
105.0
103.0
104.0
104.0
104.0
104.0
104.0
90.0
104.0
53.0
104.0
53.0
54.0
53.0
54.0
54.0
105.0
105.0
104.0
105.0
105.0
104.0
104.0
104.0
105.0
114.0
116.0
116.0
117.0
116.0
116.0
116.0
116.0
102.0
66.0
56.0
104.0
105.0
104.0
105.0
104.0
104.0
104.0
104.0
105.0
105.0
104.0
104.0
104.0
104.0
104.0
104.0
90.0
54.0
53.0
53.0
104.0
104.0
105.0
104.0
105.0
105.0
105.0
104.0
104.0
103.0
109.0
109.0
104.0
90.0
109.0
56.0
56.0
53.0
54.0
53.0
110.0
109.0
104.0
104.0
104.0
109.0
109.0
104.0
104.0
108.0
106.0
104.0
103.0
90.0
106.0
53.0
53.0
54.0
54.0
54.0
104.0
104.0
104.0
104.0
104.0
104.0
104.0
103.0
103.0
104.0
104.0
90.0
104.0
54.0
104.0
54.0
53.0
54.0
54.0
53.0
104.0
104.0
105.0
104.0
104.0
104.0
105.0
104.0
104.0
104.0
105.0
104.0
114.0
114.0
114.0
114.0
115.0
90.0
53.0
53.0
116.0
116.0
116.0
117.0
116.0
106.0
107.0
107.0
106.0
106.0
105.0
105.0
104.0
104.0
105.0
104.0
89.0
53.0
54.0
53.0
105.0
104.0
105.0
104.0
104.0
105.0
104.0
104.0
104.0
104.0
105.0
104.0
104.0
90.0
104.0
53.0
54.0
53.0
53.0
53.0
104.0
104.0
105.0
104.0
105.0
105.0
104.0
104.0
105.0
104.0
105.0
105.0
105.0
91.0
105.0
54.0
54.0
54.0
53.0
54.0
104.0
104.0
107.0
108.0
107.0
105.0
105.0
104.0
108.0
107.0
104.0
90.0
107.0
55.0
107.0
54.0
54.0
54.0
54.0
55.0
107.0
105.0
105.0
105.0
105.0
105.0
107.0
106.0
106.0
107.0
105.0
105.0
105.0
105.0
105.0
104.0
104.0
90.0
54.0
53.0
114.0
115.0
116.0
117.0
117.0
117.0
117.0
116.0
116.0
116.0
106.0
105.0
104.0
106.0
106.0
105.0
92.0
54.0
53.0
54.0
130.0
129.0
130.0
129.0
130.0
129.0
129.0
130.0
130.0
129.0
105.0
105.0
105.0
90.0
104.0
54.0
55.0
54.0
54.0
54.0
105.0
105.0
106.0
105.0
105.0
104.0
105.0
104.0
105.0
105.0
104.0
105.0
105.0
91.0
106.0
53.0
54.0
53.0
54.0
53.0
104.0
103.0
105.0
105.0
104.0
104.0
105.0
105.0
104.0
105.0
104.0
90.0
104.0
54.0
105.0
55.0
54.0
55.0
54.0
54.0
105.0
104.0
106.0
105.0
105.0
105.0
104.0
105.0
105.0
105.0
105.0
105.0
105.0
104.0
105.0
105.0
104.0
90.0
54.0
53.0
105.0
105.0
105.0
104.0
105.0
105.0
105.0
105.0
104.0
105.0
106.0
105.0
106.0
106.0
105.0
105.0
90.0
54.0
55.0
54.0
106.0
104.0
105.0
104.0
106.0
104.0
105.0
104.0
105.0
104.0
117.0
116.0
117.0
102.0
117.0
65.0
66.0
65.0
65.0
66.0
104.0
105.0
104.0
104.0
106.0
104.0
104.0
104.0
105.0
104.0
104.0
104.0
104.0
91.0
104.0
54.0
53.0
53.0
55.0
54.0
105.0
104.0
104.0
105.0
105.0
104.0
103.0
104.0
104.0
105.0
105.0
90.0
104.0
54.0
104.0
54.0
53.0
54.0
53.0
54.0
106.0
105.0
104.0
105.0
104.0
105.0
105.0
105.0
105.0
105.0
105.0
104.0
105.0
105.0
104.0
104.0
105.0
91.0
53.0
54.0
105.0
105.0
105.0
105.0
104.0
105.0
104.0
105.0
104.0
105.0
104.0
105.0
105.0
104.0
104.0
105.0
91.0
54.0
54.0
54.0
105.0
104.0
105.0
105.0
105.0
104.0
105.0
105.0
105.0
105.0
104.0
104.0
114.0
90.0
115.0
53.0
53.0
54.0
54.0
54.0
116.0
116.0
116.0
116.0
116.0
116.0
117.0
115.0
107.0
106.0
104.0
104.0
104.0
91.0
105.0
54.0
54.0
54.0
54.0
54.0
104.0
105.0
104.0
104.0
104.0
105.0
104.0
104.0
104.0
104.0
104.0
90.0
104.0
54.0
105.0
54.0
54.0
53.0
53.0
54.0
105.0
105.0
104.0
104.0
105.0
105.0
105.0
104.0
105.0
105.0
105.0
105.0
104.0
104.0
104.0
104.0
104.0
91.0
54.0
54.0
105.0
105.0
104.0
105.0
105.0
105.0
105.0
104.0
104.0
104.0
105.0
106.0
104.0
105.0
104.0
105.0
90.0
54.0
53.0
54.0
104.0
104.0
105.0
105.0
104.0
105.0
105.0
104.0
104.0
104.0
105.0
104.0
103.0
91.0
105.0
53.0
54.0
53.0
54.0
53.0
115.0
115.0
115.0
115.0
117.0
116.0
116.0
116.0
116.0
117.0
106.0
106.0
106.0
90.0
105.0
53.0
54.0
54.0
53.0
54.0
103.0
104.0
105.0
128.0
129.0
129.0
128.0
130.0
130.0
129.0
129.0
115.0
130.0
53.0
104.0
54.0
54.0
54.0
55.0
54.0
104.0
106.0
104.0
104.0
106.0
105.0
104.0
106.0
105.0
105.0
105.0
110.0
105.0
104.0
105.0
105.0
105.0
90.0
55.0
54.0
105.0
105.0
104.0
104.0
105.0
105.0
105.0
105.0
106.0
104.0
105.0
105.0
104.0
104.0
104.0
105.0
91.0
54.0
55.0
54.0
104.0
104.0
105.0
105.0
104.0
105.0
105.0
104.0
105.0
105.0
105.0
105.0
104.0
91.0
104.0
54.0
54.0
54.0
53.0
54.0
105.0
104.0
104.0
104.0
105.0
105.0
104.0
105.0
105.0
104.0
105.0
104.0
104.0
90.0
105.0
54.0
54.0
53.0
54.0
54.0
104.0
104.0
105.0
105.0
104.0
104.0
105.0
104.0
104.0
105.0
116.0
101.0
116.0
54.0
116.0
64.0
64.0
65.0
65.0
65.0
116.0
105.0
106.0
105.0
106.0
105.0
105.0
105.0
105.0
105.0
105.0
104.0
105.0
104.0
104.0
104.0
105.0
91.0
54.0
53.0
105.0
105.0
104.0
104.0
104.0
106.0
104.0
105.0
105.0
105.0
106.0
105.0
105.0
103.0
104.0
104.0
90.0
53.0
54.0
54.0
105.0
105.0
105.0
104.0
105.0
104.0
104.0
105.0
105.0
105.0
104.0
105.0
105.0
91.0
105.0
54.0
53.0
53.0
54.0
54.0
105.0
104.0
105.0
104.0
106.0
105.0
105.0
105.0
105.0
105.0
104.0
103.0
104.0
90.0
104.0
53.0
54.0
54.0
54.0
54.0
104.0
104.0
104.0
105.0
105.0
104.0
104.0
104.0
104.0
105.0
104.0
91.0
104.0
54.0
105.0
54.0
53.0
54.0
54.0
54.0
117.0
116.0
117.0
116.0
116.0
117.0
117.0
116.0
117.0
117.0
105.0
105.0
104.0
104.0
105.0
105.0
104.0
91.0
54.0
54.0
105.0
105.0
105.0
105.0
104.0
105.0
105.0
104.0
105.0
105.0
105.0
105.0
105.0
104.0
104.0
104.0
90.0
54.0
54.0
53.0
104.0
105.0
105.0
104.0
105.0
105.0
105.0
104.0
104.0
104.0
104.0
105.0
104.0
90.0
105.0
54.0
54.0
54.0
54.0
53.0
105.0
104.0
105.0
104.0
105.0
104.0
105.0
105.0
105.0
105.0
104.0
104.0
104.0
90.0
104.0
54.0
53.0
54.0
53.0
54.0
104.0
104.0
104.0
104.0
104.0
104.0
103.0
104.0
104.0
104.0
104.0
90.0
104.0
54.0
105.0
53.0
54.0
54.0
54.0
53.0
105.0
105.0
104.0
104.0
104.0
105.0
104.0
115.0
114.0
116.0
116.0
116.0
116.0
116.0
116.0
115.0
116.0
93.0
55.0
54.0
104.0
105.0
129.0
130.0
130.0
130.0
130.0
130.0
130.0
130.0
132.0
130.0
104.0
104.0
104.0
105.0
90.0
54.0
54.0
54.0
105.0
104.0
105.0
104.0
105.0
105.0
104.0
104.0
105.0
104.0
104.0
104.0
104.0
90.0
104.0
54.0
54.0
53.0
53.0
53.0
105.0
105.0
105.0
105.0
106.0
105.0
105.0
105.0
104.0
105.0
105.0
104.0
104.0
90.0
104.0
54.0
54.0
54.0
53.0
53.0
104.0
104.0
104.0
105.0
104.0
105.0
104.0
104.0
104.0
104.0
105.0
91.0
104.0
53.0
104.0
54.0
54.0
53.0
54.0
54.0
105.0
105.0
104.0
105.0
104.0
104.0
104.0
104.0
105.0
105.0
105.0
105.0
105.0
104.0
105.0
103.0
104.0
89.0
53.0
54.0
105.0
104.0
104.0
104.0
105.0
105.0
105.0
104.0
105.0
105.0
115.0
116.0
116.0
115.0
115.0
116.0
101.0
64.0
63.0
64.0
105.0
105.0
105.0
105.0
104.0
104.0
104.0
104.0
104.0
105.0
104.0
104.0
104.0
90.0
104.0
54.0
53.0
54.0
54.0
53.0
104.0
104.0
104.0
104.0
104.0
104.0
105.0
104.0
105.0
104.0
105.0
105.0
104.0
90.0
104.0
54.0
53.0
54.0
54.0
54.0
105.0
104.0
104.0
104.0
104.0
105.0
105.0
104.0
104.0
104.0
104.0
91.0
104.0
53.0
104.0
53.0
53.0
53.0
54.0
54.0
104.0
105.0
104.0
104.0
104.0
104.0
104.0
104.0
104.0
104.0
105.0
104.0
104.0
103.0
105.0
104.0
104.0
90.0
54.0
54.0
104.0
104.0
104.0
104.0
105.0
105.0
105.0
104.0
104.0
104.0
104.0
105.0
104.0
104.0
104.0
103.0
90.0
54.0
54.0
54.0
116.0
116.0
116.0
115.0
116.0
116.0
116.0
116.0
116.0
116.0
105.0
104.0
104.0
89.0
103.0
54.0
54.0
54.0
53.0
53.0
104.0
104.0
104.0
104.0
105.0
104.0
105.0
104.0
104.0
104.0
105.0
104.0
104.0
90.0
104.0
58.0
53.0
54.0
53.0
53.0
105.0
104.0
104.0
104.0
105.0
104.0
104.0
104.0
104.0
104.0
104.0
91.0
104.0
54.0
104.0
54.0
53.0
54.0
53.0
53.0
104.0
104.0
104.0
104.0
104.0
105.0
104.0
104.0
104.0
104.0
104.0
104.0
104.0
104.0
104.0
103.0
105.0
90.0
54.0
54.0
104.0
105.0
105.0
105.0
104.0
105.0
105.0
105.0
104.0
104.0
104.0
104.0
104.0
104.0
104.0
104.0
90.0
54.0
53.0
54.0
104.0
104.0
104.0
104.0
104.0
113.0
114.0
114.0
115.0
114.0
116.0
115.0
115.0
102.0
115.0
55.0
55.0
55.0
54.0
53.0
104.0
103.0
104.0
104.0
105.0
130.0
131.0
131.0
132.0
130.0
131.0
130.0
132.0
117.0
131.0
54.0
53.0
53.0
53.0
54.0
104.0
104.0
105.0
104.0
105.0
105.0
104.0
104.0
106.0
108.0
113.0
99.0
112.0
58.0
111.0
60.0
62.0
59.0
66.0
58.0
113.0
105.0
113.0
112.0
114.0
112.0
105.0
104.0
104.0
105.0
112.0
105.0
112.0
112.0
105.0
113.0
112.0
90.0
54.0
53.0
104.0
105.0
113.0
104.0
104.0
113.0
113.0
105.0
115.0
113.0
104.0
104.0
104.0
112.0
104.0
105.0
97.0
58.0
57.0
58.0
104.0
111.0
104.0
112.0
113.0
104.0
112.0
104.0
112.0
105.0
105.0
104.0
112.0
90.0
111.0
57.0
54.0
57.0
54.0
57.0
109.0
104.0
108.0
105.0
104.0
107.0
104.0
104.0
106.0
105.0
115.0
116.0
115.0
100.0
114.0
64.0
64.0
64.0
64.0
65.0
105.0
104.0
104.0
105.0
104.0
103.0
103.0
105.0
105.0
104.0
104.0
90.0
104.0
54.0
105.0
53.0
54.0
54.0
53.0
54.0
104.0
104.0
104.0
104.0
105.0
104.0
104.0
104.0
104.0
104.0
104.0
105.0
104.0
105.0
104.0
105.0
104.0
90.0
54.0
54.0
104.0
105.0
104.0
104.0
105.0
104.0
105.0
105.0
104.0
104.0
104.0
104.0
104.0
104.0
103.0
105.0
90.0
53.0
54.0
54.0
104.0
104.0
104.0
104.0
104.0
104.0
104.0
104.0
104.0
104.0
104.0
104.0
104.0
90.0
104.0
53.0
54.0
54.0
53.0
53.0
104.0
103.0
104.0
104.0
105.0
104.0
104.0
104.0
104.0
105.0
105.0
103.0
104.0
90.0
104.0
54.0
53.0
53.0
54.0
53.0
116.0
116.0
116.0
116.0
115.0
116.0
115.0
116.0
116.0
117.0
104.0
90.0
104.0
54.0
104.0
54.0
53.0
54.0
54.0
54.0
104.0
105.0
105.0
104.0
105.0
104.0
105.0
105.0
105.0
105.0
105.0
104.0
104.0
104.0
104.0
104.0
104.0
90.0
54.0
53.0
104.0
104.0
104.0
104.0
104.0
104.0
104.0
104.0
104.0
105.0
104.0
104.0
103.0
104.0
104.0
104.0
90.0
54.0
54.0
53.0
104.0
104.0
105.0
104.0
104.0
104.0
105.0
104.0
104.0
103.0
104.0
104.0
104.0
90.0
104.0
54.0
53.0
53.0
53.0
53.0
104.0
104.0
104.0
104.0
104.0
104.0
104.0
104.0
105.0
104.0
105.0
103.0
104.0
90.0
104.0
54.0
54.0
54.0
53.0
53.0
104.0
104.0
103.0
105.0
104.0
115.0
114.0
115.0
116.0
116.0
116.0
102.0
115.0
65.0
116.0
54.0
54.0
54.0
54.0
53.0
105.0
104.0
105.0
105.0
104.0
104.0
105.0
104.0
105.0
133.0
133.0
134.0
133.0
133.0
133.0
133.0
132.0
119.0
82.0
54.0
105.0
105.0
104.0
105.0
104.0
104.0
104.0
105.0
104.0
105.0
104.0
105.0
104.0
104.0
104.0
104.0
90.0
54.0
54.0
53.0
104.0
105.0
104.0
104.0
104.0
104.0
105.0
104.0
105.0
104.0
105.0
104.0
105.0
90.0
104.0
54.0
53.0
53.0
53.0
53.0
104.0
104.0
105.0
104.0
105.0
104.0
104.0
104.0
104.0
105.0
104.0
104.0
104.0
90.0
104.0
53.0
54.0
53.0
54.0
54.0
104.0
104.0
104.0
104.0
104.0
104.0
103.0
104.0
104.0
104.0
103.0
90.0
102.0
53.0
100.0
53.0
53.0
53.0
51.0
50.0
