1.0
1.0
1.0
0.0
0.0
1.0
1.0
1.0
1.0
1.0
1.0
1.0
1.0
0.0
0.0
1.0
1.0
1.0
1.0
1.0
285.0
155.0
154.0
284.0
154.0
284.0
155.0
157.0
156.0
284.0
155.0
154.0
156.0
156.0
155.0
155.0
280.0
280.0
155.0
178.0
154.0
154.0
154.0
157.0
156.0
156.0
126.0
178.0
178.0
178.0
178.0
179.0
157.0
179.0
179.0
180.0
150.0
126.0
154.0
156.0
155.0
154.0
155.0
155.0
126.0
154.0
156.0
126.0
154.0
154.0
155.0
195.0
155.0
156.0
197.0
126.0
154.0
156.0
154.0
155.0
155.0
156.0
154.0
151.0
133.0
136.0
155.0
156.0
152.0
153.0
154.0
153.0
156.0
136.0
136.0
139.0
149.0
151.0
140.0
149.0
149.0
148.0
148.0
139.0
140.0
140.0
147.0
147.0
141.0
146.0
0.0
1.0
0.0
1.0
1.0
0.0
1.0
1.0
0.0
1.0
145.0
142.0
145.0
146.0
144.0
144.0
151.0
151.0
151.0
151.0
151.0
151.0
152.0
151.0
151.0
151.0
144.0
143.0
144.0
143.0
144.0
143.0
142.0
143.0
143.0
143.0
143.0
143.0
144.0
144.0
144.0
143.0
143.0
143.0
144.0
144.0
145.0
144.0
144.0
145.0
143.0
144.0
144.0
144.0
143.0
143.0
143.0
143.0
144.0
143.0
144.0
143.0
143.0
143.0
143.0
144.0
143.0
143.0
144.0
144.0
143.0
143.0
143.0
143.0
143.0
143.0
143.0
143.0
143.0
143.0
143.0
143.0
143.0
143.0
143.0
144.0
151.0
150.0
151.0
151.0
150.0
150.0
150.0
150.0
151.0
148.0
132.0
135.0
131.0
126.0
1.0
0.0
0.0
0.0
1.0
1.0
1.0
1.0
0.0
0.0
0.0
0.0
1.0
0.0
1.0
1.0
1.0
1.0
1.0
1.0
1.0
1.0
1.0
0.0
0.0
1.0
1.0
1.0
1.0
1.0
1.0
1.0
1.0
1.0
1.0
0.0
0.0
0.0
0.0
0.0
1.0
1.0
1.0
1.0
1.0
1.0
1.0
1.0
1.0
1.0
1.0
0.0
0.0
1.0
1.0
1.0
1.0
1.0
1.0
1.0
1.0
1.0
0.0
0.0
0.0
0.0
1.0
1.0
1.0
1.0
1.0
1.0
1.0
1.0
1.0
1.0
0.0
0.0
1.0
0.0
0.0
1.0
1.0
1.0
1.0
1.0
1.0
1.0
1.0
0.0
0.0
0.0
0.0
1.0
1.0
1.0
1.0
1.0
1.0
1.0
285.0
156.0
155.0
155.0
156.0
155.0
155.0
284.0
232.0
159.0
154.0
155.0
154.0
156.0
156.0
154.0
131.0
154.0
244.0
159.0
125.0
154.0
154.0
154.0
155.0
155.0
155.0
154.0
125.0
93.0
154.0
155.0
154.0
154.0
154.0
154.0
154.0
125.0
153.0
71.0
146.0
174.0
174.0
174.0
173.0
174.0
173.0
145.0
173.0
106.0
126.0
161.0
158.0
161.0
159.0
159.0
160.0
161.0
138.0
95.0
143.0
137.0
155.0
154.0
156.0
158.0
159.0
154.0
154.0
87.0
160.0
154.0
139.0
155.0
155.0
156.0
154.0
154.0
163.0
89.0
144.0
155.0
154.0
143.0
152.0
200.0
153.0
153.0
154.0
82.0
195.0
145.0
152.0
149.0
143.0
149.0
149.0
148.0
151.0
82.0
145.0
149.0
144.0
150.0
143.0
143.0
149.0
149.0
148.0
85.0
147.0
146.0
154.0
154.0
178.0
176.0
146.0
154.0
153.0
89.0
138.0
139.0
145.0
144.0
145.0
139.0
254.0
254.0
144.0
81.0
138.0
138.0
144.0
144.0
145.0
144.0
139.0
144.0
139.0
79.0
256.0
145.0
145.0
144.0
145.0
255.0
139.0
139.0
145.0
78.0
144.0
144.0
145.0
144.0
138.0
139.0
138.0
144.0
253.0
144.0
144.0
145.0
144.0
139.0
145.0
138.0
139.0
145.0
260.0
81.0
144.0
138.0
144.0
144.0
139.0
138.0
144.0
262.0
151.0
84.0
151.0
151.0
151.0
146.0
146.0
151.0
141.0
145.0
255.0
81.0
144.0
144.0
138.0
139.0
254.0
144.0
138.0
144.0
144.0
81.0
144.0
140.0
139.0
255.0
145.0
140.0
145.0
145.0
145.0
82.0
255.0
139.0
139.0
139.0
144.0
144.0
145.0
144.0
144.0
78.0
254.0
138.0
139.0
144.0
145.0
144.0
144.0
144.0
138.0
143.0
138.0
138.0
144.0
144.0
144.0
139.0
144.0
145.0
273.0
162.0
159.0
159.0
166.0
159.0
165.0
166.0
165.0
165.0
255.0
79.0
139.0
145.0
141.0
139.0
145.0
145.0
254.0
146.0
146.0
78.0
144.0
139.0
139.0
144.0
146.0
146.0
145.0
254.0
140.0
143.0
145.0
140.0
140.0
145.0
145.0
145.0
145.0
140.0
254.0
143.0
139.0
144.0
139.0
144.0
146.0
146.0
145.0
138.0
254.0
79.0
140.0
145.0
145.0
145.0
145.0
145.0
138.0
139.0
240.0
78.0
144.0
144.0
144.0
140.0
145.0
149.0
148.0
148.0
174.0
88.0
150.0
150.0
150.0
145.0
145.0
145.0
144.0
143.0
143.0
81.0
143.0
144.0
143.0
144.0
144.0
148.0
143.0
143.0
143.0
80.0
144.0
143.0
143.0
144.0
143.0
144.0
143.0
143.0
144.0
80.0
143.0
144.0
145.0
144.0
144.0
144.0
144.0
144.0
144.0
81.0
144.0
143.0
144.0
143.0
144.0
144.0
144.0
144.0
143.0
81.0
143.0
143.0
143.0
143.0
144.0
143.0
143.0
143.0
143.0
81.0
144.0
143.0
144.0
143.0
144.0
144.0
143.0
149.0
149.0
80.0
150.0
150.0
151.0
150.0
150.0
151.0
151.0
151.0
145.0
83.0
143.0
144.0
144.0
144.0
146.0
145.0
144.0
144.0
143.0
81.0
143.0
144.0
143.0
143.0
143.0
143.0
143.0
143.0
144.0
81.0
144.0
144.0
143.0
144.0
144.0
145.0
144.0
145.0
143.0
81.0
143.0
143.0
143.0
143.0
143.0
143.0
143.0
143.0
144.0
81.0
163.0
163.0
164.0
163.0
163.0
163.0
162.0
163.0
163.0
100.0
144.0
143.0
143.0
143.0
143.0
144.0
143.0
143.0
143.0
80.0
144.0
144.0
144.0
143.0
143.0
144.0
144.0
144.0
143.0
80.0
144.0
144.0
143.0
144.0
144.0
143.0
143.0
143.0
143.0
81.0
143.0
143.0
143.0
144.0
144.0
144.0
144.0
144.0
144.0
80.0
144.0
143.0
143.0
144.0
144.0
144.0
144.0
144.0
144.0
80.0
145.0
144.0
144.0
143.0
143.0
144.0
143.0
144.0
143.0
81.0
143.0
144.0
143.0
143.0
149.0
149.0
150.0
151.0
151.0
81.0
151.0
150.0
150.0
151.0
151.0
144.0
145.0
145.0
143.0
80.0
143.0
143.0
143.0
144.0
143.0
143.0
143.0
144.0
144.0
80.0
144.0
143.0
143.0
143.0
143.0
143.0
143.0
143.0
143.0
81.0
144.0
143.0
144.0
143.0
144.0
143.0
144.0
144.0
144.0
81.0
144.0
144.0
145.0
143.0
144.0
143.0
144.0
143.0
144.0
81.0
144.0
144.0
144.0
143.0
144.0
143.0
143.0
144.0
143.0
82.0
143.0
144.0
143.0
144.0
143.0
143.0
143.0
144.0
144.0
80.0
151.0
150.0
150.0
151.0
151.0
150.0
152.0
151.0
150.0
88.0
144.0
144.0
144.0
143.0
143.0
144.0
144.0
143.0
144.0
80.0
144.0
143.0
143.0
143.0
143.0
144.0
143.0
143.0
144.0
80.0
143.0
143.0
144.0
143.0
143.0
144.0
143.0
144.0
144.0
80.0
143.0
144.0
144.0
143.0
143.0
144.0
143.0
143.0
144.0
81.0
164.0
164.0
163.0
164.0
163.0
164.0
164.0
164.0
165.0
101.0
144.0
144.0
143.0
144.0
144.0
143.0
143.0
145.0
143.0
81.0
144.0
144.0
143.0
144.0
144.0
145.0
144.0
143.0
144.0
81.0
144.0
143.0
143.0
144.0
143.0
144.0
143.0
144.0
145.0
81.0
144.0
143.0
144.0
143.0
143.0
144.0
143.0
144.0
143.0
80.0
144.0
143.0
143.0
143.0
143.0
144.0
143.0
144.0
143.0
81.0
143.0
143.0
143.0
143.0
144.0
143.0
143.0
144.0
143.0
81.0
150.0
151.0
150.0
150.0
151.0
150.0
151.0
150.0
151.0
87.0
144.0
144.0
144.0
144.0
143.0
143.0
143.0
144.0
143.0
80.0
144.0
144.0
144.0
143.0
144.0
143.0
143.0
143.0
143.0
80.0
143.0
144.0
143.0
143.0
143.0
143.0
143.0
144.0
143.0
81.0
144.0
144.0
144.0
143.0
143.0
144.0
144.0
143.0
143.0
81.0
144.0
144.0
144.0
144.0
143.0
144.0
143.0
143.0
144.0
82.0
143.0
143.0
143.0
143.0
143.0
144.0
143.0
144.0
143.0
81.0
144.0
144.0
148.0
150.0
151.0
150.0
150.0
149.0
150.0
81.0
150.0
151.0
151.0
145.0
145.0
144.0
143.0
144.0
144.0
81.0
143.0
144.0
144.0
143.0
144.0
144.0
143.0
144.0
143.0
81.0
143.0
143.0
143.0
143.0
143.0
144.0
143.0
143.0
143.0
81.0
144.0
143.0
144.0
144.0
144.0
144.0
144.0
144.0
144.0
80.0
144.0
143.0
143.0
143.0
143.0
164.0
164.0
164.0
164.0
80.0
163.0
163.0
165.0
166.0
165.0
166.0
143.0
144.0
143.0
81.0
143.0
143.0
144.0
145.0
144.0
145.0
145.0
144.0
143.0
81.0
143.0
144.0
144.0
144.0
146.0
145.0
145.0
145.0
143.0
81.0
143.0
143.0
143.0
143.0
143.0
145.0
145.0
144.0
145.0
81.0
143.0
144.0
143.0
144.0
143.0
144.0
144.0
144.0
145.0
82.0
143.0
144.0
143.0
143.0
144.0
144.0
143.0
143.0
143.0
80.0
143.0
143.0
143.0
143.0
144.0
143.0
143.0
144.0
144.0
80.0
1.0
0.0
1.0
1.0
0.0
0.0
1.0
1.0
0.0
0.0
1.0
1.0
0.0
1.0
1.0
1.0
0.0
0.0
0.0
1.0
1.0
1.0
0.0
0.0
1.0
1.0
1.0
0.0
0.0
0.0
1.0
1.0
1.0
0.0
0.0
0.0
1.0
1.0
1.0
0.0
0.0
0.0
1.0
1.0
1.0
0.0
0.0
0.0
1.0
1.0
1.0
0.0
0.0
1.0
1.0
1.0
0.0
0.0
0.0
1.0
1.0
1.0
0.0
0.0
0.0
1.0
1.0
1.0
0.0
0.0
1.0
1.0
1.0
0.0
0.0
0.0
0.0
1.0
1.0
1.0
0.0
0.0
0.0
0.0
1.0
1.0
1.0
1.0
0.0
0.0
0.0
0.0
1.0
1.0
1.0
1.0
0.0
0.0
0.0
0.0
151.0
150.0
151.0
151.0
150.0
150.0
151.0
150.0
151.0
88.0
144.0
143.0
144.0
143.0
143.0
143.0
144.0
144.0
144.0
81.0
143.0
143.0
143.0
144.0
143.0
143.0
143.0
143.0
143.0
80.0
144.0
144.0
144.0
143.0
144.0
144.0
144.0
144.0
81.0
81.0
143.0
144.0
143.0
143.0
143.0
143.0
143.0
80.0
80.0
80.0
143.0
144.0
143.0
143.0
144.0
144.0
143.0
143.0
144.0
80.0
144.0
143.0
143.0
143.0
144.0
144.0
143.0
143.0
144.0
81.0
150.0
151.0
151.0
151.0
151.0
151.0
151.0
151.0
151.0
87.0
144.0
144.0
143.0
143.0
143.0
143.0
143.0
143.0
80.0
80.0
144.0
144.0
144.0
144.0
144.0
144.0
144.0
81.0
81.0
81.0
144.0
144.0
144.0
144.0
144.0
143.0
143.0
143.0
143.0
81.0
144.0
144.0
143.0
144.0
143.0
144.0
143.0
143.0
143.0
81.0
164.0
164.0
164.0
165.0
165.0
165.0
165.0
165.0
165.0
101.0
144.0
144.0
145.0
143.0
144.0
144.0
144.0
144.0
82.0
80.0
145.0
145.0
145.0
145.0
144.0
143.0
143.0
81.0
82.0
81.0
143.0
144.0
145.0
144.0
144.0
144.0
144.0
144.0
143.0
81.0
143.0
143.0
143.0
145.0
145.0
144.0
144.0
145.0
145.0
81.0
143.0
143.0
144.0
143.0
144.0
144.0
143.0
145.0
145.0
81.0
145.0
143.0
144.0
144.0
143.0
144.0
145.0
143.0
81.0
81.0
145.0
145.0
145.0
144.0
143.0
143.0
143.0
82.0
81.0
81.0
151.0
151.0
151.0
151.0
151.0
151.0
150.0
149.0
150.0
88.0
143.0
145.0
145.0
143.0
147.0
146.0
146.0
145.0
147.0
81.0
154.0
157.0
159.0
153.0
155.0
151.0
158.0
156.0
155.0
87.0
153.0
153.0
154.0
145.0
144.0
153.0
145.0
144.0
86.0
82.0
145.0
152.0
152.0
153.0
153.0
144.0
145.0
81.0
85.0
81.0
145.0
145.0
153.0
146.0
152.0
152.0
152.0
145.0
144.0
87.0
154.0
144.0
144.0
146.0
152.0
153.0
153.0
144.0
145.0
86.0
154.0
155.0
151.0
151.0
151.0
152.0
152.0
151.0
151.0
88.0
144.0
144.0
145.0
144.0
144.0
144.0
143.0
143.0
81.0
82.0
143.0
144.0
144.0
144.0
144.0
144.0
145.0
81.0
81.0
81.0
144.0
144.0
143.0
144.0
145.0
145.0
144.0
145.0
144.0
81.0
146.0
145.0
143.0
144.0
143.0
144.0
145.0
144.0
144.0
80.0
144.0
144.0
145.0
144.0
164.0
165.0
167.0
166.0
166.0
81.0
167.0
166.0
169.0
168.0
166.0
145.0
144.0
146.0
82.0
82.0
146.0
145.0
144.0
146.0
146.0
145.0
147.0
82.0
81.0
82.0
145.0
147.0
146.0
145.0
145.0
145.0
145.0
146.0
147.0
82.0
145.0
143.0
144.0
146.0
145.0
143.0
143.0
146.0
145.0
81.0
146.0
145.0
145.0
144.0
146.0
147.0
146.0
146.0
146.0
83.0
146.0
145.0
145.0
145.0
145.0
145.0
146.0
144.0
81.0
82.0
143.0
146.0
145.0
145.0
143.0
143.0
143.0
82.0
82.0
81.0
152.0
153.0
150.0
151.0
152.0
152.0
153.0
151.0
151.0
89.0
144.0
145.0
144.0
144.0
143.0
145.0
144.0
144.0
143.0
80.0
143.0
144.0
144.0
144.0
145.0
143.0
145.0
144.0
145.0
81.0
143.0
143.0
143.0
144.0
143.0
144.0
143.0
144.0
81.0
81.0
145.0
144.0
143.0
144.0
143.0
144.0
144.0
82.0
81.0
81.0
143.0
144.0
144.0
144.0
144.0
145.0
143.0
143.0
143.0
81.0
144.0
143.0
145.0
145.0
145.0
143.0
144.0
143.0
144.0
81.0
149.0
151.0
149.0
153.0
152.0
151.0
151.0
151.0
153.0
81.0
151.0
145.0
145.0
146.0
146.0
144.0
145.0
144.0
80.0
81.0
144.0
145.0
144.0
144.0
144.0
144.0
144.0
81.0
81.0
81.0
145.0
144.0
144.0
144.0
144.0
144.0
144.0
143.0
145.0
81.0
145.0
144.0
144.0
143.0
144.0
144.0
144.0
144.0
144.0
81.0
145.0
145.0
145.0
145.0
145.0
144.0
145.0
144.0
167.0
81.0
168.0
168.0
169.0
168.0
168.0
169.0
167.0
169.0
104.0
82.0
145.0
145.0
144.0
145.0
146.0
145.0
144.0
81.0
80.0
82.0
143.0
146.0
145.0
145.0
144.0
143.0
145.0
146.0
145.0
81.0
144.0
145.0
145.0
144.0
146.0
143.0
144.0
145.0
145.0
82.0
143.0
144.0
143.0
145.0
143.0
145.0
144.0
143.0
145.0
81.0
144.0
144.0
143.0
144.0
144.0
143.0
143.0
143.0
81.0
80.0
143.0
143.0
143.0
144.0
143.0
143.0
143.0
81.0
81.0
81.0
150.0
150.0
152.0
152.0
152.0
151.0
152.0
152.0
151.0
87.0
145.0
144.0
144.0
144.0
144.0
143.0
143.0
143.0
143.0
81.0
143.0
144.0
143.0
143.0
143.0
143.0
143.0
144.0
143.0
81.0
143.0
143.0
143.0
144.0
143.0
143.0
144.0
144.0
80.0
81.0
143.0
144.0
144.0
143.0
144.0
143.0
144.0
81.0
81.0
80.0
143.0
144.0
143.0
143.0
142.0
143.0
144.0
143.0
143.0
81.0
143.0
144.0
143.0
143.0
144.0
143.0
143.0
143.0
143.0
80.0
143.0
143.0
143.0
144.0
143.0
143.0
150.0
150.0
150.0
81.0
150.0
151.0
151.0
151.0
151.0
150.0
151.0
144.0
82.0
81.0
144.0
143.0
144.0
143.0
144.0
144.0
143.0
81.0
80.0
80.0
144.0
143.0
143.0
143.0
143.0
143.0
143.0
143.0
143.0
81.0
143.0
143.0
143.0
143.0
144.0
144.0
143.0
144.0
144.0
81.0
143.0
144.0
144.0
143.0
143.0
143.0
144.0
143.0
143.0
80.0
168.0
169.0
167.0
168.0
167.0
168.0
168.0
169.0
105.0
105.0
143.0
143.0
143.0
144.0
144.0
145.0
143.0
80.0
80.0
81.0
144.0
145.0
144.0
144.0
144.0
144.0
144.0
144.0
143.0
81.0
144.0
144.0
143.0
143.0
143.0
143.0
143.0
143.0
144.0
81.0
143.0
143.0
143.0
143.0
144.0
143.0
144.0
143.0
144.0
81.0
143.0
144.0
143.0
143.0
143.0
143.0
143.0
143.0
81.0
80.0
143.0
144.0
143.0
143.0
144.0
144.0
144.0
81.0
80.0
81.0
144.0
144.0
144.0
143.0
150.0
151.0
150.0
151.0
150.0
81.0
150.0
150.0
150.0
151.0
151.0
143.0
144.0
143.0
143.0
81.0
143.0
143.0
144.0
144.0
144.0
143.0
144.0
143.0
143.0
81.0
143.0
144.0
143.0
143.0
143.0
143.0
144.0
144.0
81.0
81.0
144.0
143.0
144.0
143.0
143.0
144.0
143.0
81.0
80.0
80.0
143.0
144.0
144.0
144.0
143.0
143.0
144.0
143.0
144.0
80.0
143.0
143.0
143.0
143.0
143.0
144.0
143.0
143.0
144.0
80.0
143.0
143.0
144.0
144.0
144.0
144.0
143.0
144.0
144.0
81.0
151.0
151.0
150.0
150.0
151.0
150.0
151.0
151.0
88.0
88.0
143.0
142.0
142.0
141.0
141.0
142.0
141.0
81.0
81.0
81.0
