5.0
2.0
3.0
2.0
2.0
2.0
2.0
2.0
1.0
2.0
13.0
5.0
7.0
5.0
8.0
2.0
6.0
2.0
10.0
3.0
13.0
6.0
6.0
6.0
10.0
3.0
6.0
3.0
9.0
2.0
12.0
6.0
6.0
9.0
10.0
2.0
6.0
2.0
5.0
3.0
454.0
419.0
445.0
447.0
545.0
538.0
670.0
442.0
671.0
446.0
251.0
301.0
304.0
303.0
303.0
298.0
301.0
255.0
255.0
297.0
288.0
301.0
302.0
302.0
301.0
298.0
262.0
295.0
266.0
267.0
1540.0
1535.0
1509.0
1540.0
1544.0
1539.0
1507.0
1529.0
1506.0
1505.0
1483.0
1475.0
1478.0
1484.0
1481.0
1481.0
1479.0
1482.0
1470.0
1470.0
1480.0
1477.0
1482.0
1479.0
1479.0
1474.0
1474.0
1522.0
1512.0
1514.0
1530.0
1512.0
1620.0
1618.0
1631.0
1615.0
1626.0
1584.0
1589.0
1587.0
1589.0
1591.0
1478.0
1486.0
1478.0
1472.0
1482.0
1473.0
1480.0
1478.0
1492.0
1524.0
1517.0
1487.0
1493.0
1512.0
1497.0
1490.0
1557.0
1541.0
1526.0
1521.0
1516.0
1522.0
1523.0
1514.0
1513.0
1519.0
1474.0
1478.0
1493.0
1496.0
1478.0
1499.0
1483.0
1478.0
1480.0
1496.0
1475.0
1471.0
1602.0
1598.0
1600.0
1598.0
1597.0
1586.0
1601.0
1597.0
1592.0
1592.0
1518.0
1514.0
1520.0
1517.0
1552.0
1521.0
1546.0
1515.0
1519.0
1522.0
1490.0
1471.0
1474.0
1475.0
1480.0
1474.0
1477.0
1476.0
1475.0
1476.0
1534.0
1520.0
1520.0
1516.0
1522.0
1519.0
1513.0
1521.0
1519.0
1513.0
1483.0
1481.0
1475.0
1480.0
1478.0
1480.0
1477.0
1476.0
1475.0
1585.0
1603.0
1595.0
1587.0
1596.0
1599.0
1585.0
1581.0
1578.0
1575.0
1463.0
12.0
13.0
17.0
17.0
12.0
11.0
8.0
6.0
8.0
8.0
8.0
6.0
5.0
5.0
9.0
2.0
2.0
3.0
2.0
2.0
8.0
6.0
9.0
6.0
10.0
2.0
2.0
3.0
1.0
2.0
6.0
6.0
9.0
5.0
3.0
1.0
2.0
2.0
1.0
1.0
9.0
6.0
5.0
5.0
2.0
2.0
1.0
1.0
2.0
2.0
2.0
2.0
3.0
3.0
1.0
1.0
1.0
2.0
1.0
2.0
6.0
6.0
6.0
6.0
2.0
2.0
2.0
3.0
2.0
2.0
3.0
3.0
2.0
1.0
2.0
1.0
2.0
2.0
1.0
1.0
5.0
9.0
6.0
10.0
2.0
2.0
1.0
2.0
2.0
2.0
2.0
2.0
2.0
2.0
2.0
1.0
1.0
2.0
1.0
1.0
13.0
13.0
13.0
20.0
11.0
11.0
9.0
7.0
7.0
7.0
14.0
6.0
5.0
6.0
9.0
3.0
1.0
2.0
2.0
1.0
8.0
6.0
9.0
6.0
6.0
2.0
2.0
2.0
2.0
2.0
6.0
9.0
8.0
5.0
1.0
2.0
1.0
2.0
2.0
1.0
6.0
9.0
9.0
5.0
2.0
2.0
1.0
1.0
2.0
2.0
2.0
1.0
1.0
1.0
2.0
2.0
2.0
2.0
2.0
2.0
9.0
5.0
5.0
5.0
1.0
2.0
2.0
3.0
2.0
2.0
2.0
1.0
1.0
2.0
2.0
2.0
2.0
1.0
2.0
3.0
5.0
5.0
5.0
5.0
2.0
1.0
3.0
2.0
2.0
1.0
2.0
2.0
2.0
2.0
1.0
2.0
2.0
1.0
2.0
2.0
13.0
22.0
13.0
13.0
19.0
11.0
14.0
7.0
4.0
4.0
8.0
7.0
9.0
6.0
5.0
2.0
2.0
2.0
1.0
2.0
9.0
7.0
9.0
6.0
5.0
2.0
2.0
3.0
2.0
3.0
6.0
9.0
5.0
9.0
2.0
2.0
2.0
3.0
1.0
1.0
5.0
6.0
10.0
6.0
2.0
2.0
3.0
2.0
2.0
1.0
2.0
2.0
2.0
2.0
2.0
1.0
1.0
2.0
2.0
2.0
6.0
9.0
9.0
6.0
2.0
2.0
1.0
1.0
2.0
3.0
1.0
2.0
2.0
2.0
1.0
1.0
2.0
2.0
3.0
1.0
5.0
5.0
6.0
10.0
1.0
1.0
2.0
2.0
2.0
1.0
1.0
3.0
3.0
2.0
2.0
3.0
2.0
2.0
1.0
2.0
349.0
308.0
306.0
310.0
256.0
570.0
305.0
5.0
7.0
7.0
304.0
339.0
560.0
285.0
337.0
333.0
2.0
2.0
2.0
2.0
340.0
336.0
336.0
337.0
299.0
395.0
2.0
1.0
2.0
2.0
298.0
303.0
301.0
301.0
298.0
417.0
1.0
2.0
1.0
1.0
246.0
303.0
301.0
247.0
299.0
246.0
2.0
2.0
2.0
2.0
298.0
298.0
298.0
298.0
298.0
1.0
2.0
2.0
1.0
2.0
300.0
301.0
249.0
246.0
296.0
333.0
2.0
1.0
2.0
2.0
330.0
330.0
329.0
1.0
1.0
2.0
1.0
2.0
1.0
2.0
334.0
333.0
334.0
288.0
284.0
331.0
2.0
1.0
2.0
2.0
279.0
296.0
1.0
2.0
1.0
1.0
2.0
2.0
1.0
1.0
309.0
311.0
306.0
311.0
264.0
262.0
309.0
5.0
5.0
4.0
311.0
273.0
311.0
308.0
303.0
301.0
2.0
1.0
2.0
2.0
275.0
271.0
304.0
305.0
270.0
294.0
1.0
1.0
2.0
2.0
316.0
270.0
296.0
275.0
295.0
268.0
2.0
1.0
2.0
2.0
293.0
328.0
313.0
322.0
308.0
308.0
2.0
2.0
2.0
2.0
549.0
318.0
316.0
543.0
318.0
2.0
1.0
1.0
1.0
1.0
395.0
390.0
392.0
391.0
385.0
388.0
2.0
1.0
2.0
1.0
387.0
387.0
276.0
1.0
2.0
1.0
2.0
1.0
2.0
2.0
281.0
280.0
281.0
279.0
276.0
277.0
1.0
2.0
1.0
2.0
277.0
279.0
1.0
2.0
1.0
2.0
1.0
2.0
1.0
2.0
287.0
286.0
287.0
287.0
285.0
286.0
282.0
5.0
4.0
4.0
283.0
281.0
284.0
282.0
279.0
277.0
2.0
2.0
2.0
2.0
282.0
281.0
322.0
319.0
322.0
320.0
2.0
1.0
2.0
2.0
322.0
321.0
321.0
322.0
317.0
318.0
1.0
2.0
1.0
1.0
281.0
280.0
280.0
280.0
275.0
276.0
1.0
2.0
1.0
1.0
277.0
276.0
276.0
276.0
277.0
2.0
1.0
2.0
1.0
1.0
280.0
280.0
279.0
280.0
277.0
276.0
1.0
2.0
1.0
2.0
277.0
277.0
278.0
2.0
1.0
1.0
1.0
1.0
2.0
1.0
281.0
280.0
281.0
281.0
277.0
278.0
1.0
2.0
1.0
2.0
317.0
317.0
2.0
1.0
1.0
1.0
1.0
2.0
1.0
2.0
1519.0
1527.0
1517.0
1530.0
1526.0
1524.0
1523.0
1239.0
634.0
631.0
1517.0
1516.0
1477.0
1477.0
1481.0
1467.0
1200.0
626.0
631.0
630.0
1522.0
1520.0
1524.0
1472.0
1481.0
1471.0
1202.0
668.0
672.0
671.0
1545.0
1550.0
1556.0
1550.0
1553.0
1551.0
1266.0
748.0
754.0
748.0
1470.0
1483.0
1474.0
1510.0
1518.0
1513.0
1195.0
666.0
675.0
674.0
1466.0
1476.0
1469.0
1523.0
1512.0
1231.0
1238.0
625.0
631.0
627.0
1508.0
1526.0
1518.0
1519.0
1509.0
1510.0
1201.0
625.0
633.0
627.0
1513.0
1521.0
1511.0
1192.0
1195.0
1197.0
634.0
633.0
630.0
625.0
1524.0
1519.0
1519.0
1518.0
1467.0
1471.0
1199.0
632.0
629.0
668.0
1579.0
1596.0
1281.0
1280.0
1278.0
746.0
750.0
750.0
752.0
742.0
1498.0
1494.0
1497.0
1495.0
1500.0
1487.0
1524.0
1203.0
676.0
673.0
1479.0
1474.0
1522.0
1514.0
1518.0
1509.0
1239.0
673.0
668.0
630.0
1475.0
1476.0
1513.0
1516.0
1517.0
1476.0
1191.0
630.0
630.0
626.0
1531.0
1530.0
1506.0
1522.0
1510.0
1478.0
1202.0
635.0
626.0
669.0
1501.0
1528.0
1480.0
1477.0
1477.0
1581.0
1191.0
672.0
673.0
672.0
1543.0
1536.0
1536.0
1577.0
1586.0
1272.0
1260.0
747.0
745.0
631.0
1521.0
1520.0
1511.0
1516.0
1510.0
1510.0
1245.0
672.0
627.0
630.0
1507.0
1512.0
1515.0
1198.0
1198.0
1198.0
629.0
634.0
626.0
630.0
1522.0
1514.0
1522.0
1595.0
1466.0
1469.0
1196.0
628.0
631.0
632.0
1512.0
1509.0
1236.0
1198.0
1194.0
719.0
625.0
680.0
669.0
675.0
1517.0
1526.0
1489.0
1481.0
1481.0
1485.0
1474.0
1195.0
630.0
678.0
1584.0
1545.0
1591.0
1596.0
1583.0
1598.0
1267.0
743.0
742.0
745.0
1523.0
1483.0
1567.0
1521.0
1527.0
1512.0
1233.0
638.0
665.0
660.0
1516.0
1519.0
1519.0
1517.0
1509.0
1476.0
1202.0
628.0
627.0
641.0
1517.0
1513.0
1519.0
1482.0
1476.0
1465.0
1199.0
632.0
632.0
667.0
1514.0
1514.0
1476.0
1468.0
1474.0
1196.0
1199.0
667.0
670.0
668.0
1479.0
1477.0
1479.0
1589.0
1587.0
1589.0
1201.0
671.0
668.0
671.0
1546.0
1544.0
1588.0
1313.0
1322.0
1318.0
742.0
628.0
627.0
634.0
1473.0
1525.0
1521.0
1518.0
1518.0
1515.0
1191.0
627.0
634.0
627.0
1519.0
1516.0
1201.0
1232.0
1188.0
625.0
626.0
630.0
628.0
630.0
1526.0
1521.0
1523.0
1522.0
1527.0
1519.0
1481.0
1193.0
629.0
635.0
1523.0
1524.0
1481.0
1471.0
1469.0
1469.0
1197.0
626.0
670.0
667.0
1516.0
1475.0
1472.0
1478.0
1591.0
1589.0
1316.0
670.0
666.0
672.0
1556.0
1587.0
1592.0
1599.0
1588.0
1592.0
1324.0
633.0
632.0
637.0
1519.0
1527.0
1539.0
1551.0
1513.0
1515.0
1225.0
626.0
632.0
630.0
1620.0
1572.0
1568.0
1519.0
1515.0
1236.0
1234.0
698.0
683.0
681.0
1527.0
1499.0
1534.0
1530.0
1460.0
1450.0
1237.0
699.0
697.0
652.0
1528.0
1526.0
1443.0
1238.0
1168.0
1252.0
688.0
655.0
692.0
654.0
1461.0
1497.0
1619.0
1584.0
1598.0
1583.0
1203.0
672.0
673.0
671.0
1549.0
1552.0
1273.0
1317.0
1312.0
754.0
633.0
636.0
628.0
629.0
1532.0
1516.0
1536.0
1525.0
1526.0
1528.0
1527.0
1248.0
635.0
639.0
1526.0
1528.0
1478.0
1480.0
1477.0
1474.0
1197.0
626.0
629.0
670.0
1521.0
1514.0
1476.0
1473.0
1482.0
1464.0
1191.0
670.0
675.0
675.0
1473.0
1473.0
1474.0
1473.0
1472.0
1474.0
1197.0
669.0
664.0
670.0
1483.0
1471.0
1592.0
1598.0
1600.0
1598.0
1314.0
670.0
664.0
674.0
1591.0
1601.0
1584.0
1590.0
1589.0
1198.0
1204.0
634.0
635.0
673.0
1523.0
1533.0
1482.0
1479.0
1480.0
1467.0
1194.0
638.0
671.0
673.0
1539.0
1499.0
1488.0
1215.0
1225.0
1216.0
696.0
681.0
690.0
687.0
1483.0
1486.0
1486.0
1477.0
1479.0
1477.0
1201.0
673.0
674.0
672.0
1477.0
1484.0
1203.0
1198.0
1206.0
673.0
677.0
672.0
672.0
674.0
1490.0
1488.0
1490.0
1605.0
1597.0
1602.0
1600.0
1309.0
670.0
674.0
1561.0
1586.0
1593.0
1590.0
1592.0
1491.0
1200.0
633.0
636.0
638.0
1541.0
1536.0
1530.0
1527.0
1476.0
1478.0
1208.0
631.0
673.0
679.0
1520.0
1477.0
1489.0
1485.0
1483.0
1481.0
1208.0
672.0
674.0
676.0
1475.0
1476.0
1481.0
1480.0
1470.0
1472.0
1200.0
675.0
671.0
674.0
1474.0
1471.0
1475.0
1477.0
1482.0
1200.0
1201.0
671.0
665.0
668.0
1593.0
1584.0
1590.0
1594.0
1597.0
1592.0
1311.0
670.0
668.0
671.0
1588.0
1589.0
1593.0
1198.0
1191.0
1192.0
629.0
676.0
672.0
673.0
1525.0
1476.0
1481.0
1476.0
1471.0
1464.0
1198.0
672.0
672.0
668.0
1480.0
1481.0
1196.0
1212.0
1204.0
667.0
670.0
676.0
678.0
669.0
1517.0
1514.0
1493.0
1523.0
1514.0
1485.0
1491.0
1204.0
706.0
675.0
1485.0
1479.0
1514.0
1515.0
1525.0
1516.0
1203.0
670.0
667.0
673.0
1588.0
1585.0
1594.0
1590.0
1591.0
1593.0
1277.0
629.0
627.0
630.0
1579.0
1600.0
1594.0
1486.0
1473.0
1480.0
1211.0
683.0
677.0
678.0
1479.0
1476.0
1485.0
1474.0
1477.0
1472.0
1200.0
672.0
669.0
678.0
1480.0
1473.0
1468.0
1482.0
1470.0
1196.0
1204.0
672.0
672.0
669.0
1480.0
1475.0
1477.0
1477.0
1470.0
1515.0
1198.0
671.0
667.0
672.0
1472.0
1478.0
1473.0
1196.0
1239.0
1242.0
674.0
674.0
672.0
631.0
1594.0
1591.0
1593.0
1604.0
1596.0
1587.0
1313.0
670.0
633.0
627.0
1585.0
1588.0
1312.0
1202.0
1194.0
633.0
667.0
676.0
679.0
671.0
1526.0
1491.0
1486.0
1484.0
1488.0
1477.0
1491.0
1205.0
674.0
677.0
1476.0
1473.0
1485.0
1471.0
1476.0
1476.0
1197.0
671.0
675.0
675.0
1502.0
1491.0
1490.0
1490.0
1492.0
1526.0
1212.0
689.0
687.0
683.0
1480.0
1523.0
1517.0
1518.0
1516.0
1520.0
1236.0
676.0
674.0
631.0
1596.0
1602.0
1595.0
1600.0
1549.0
1564.0
1283.0
750.0
749.0
745.0
1480.0
1485.0
1468.0
1465.0
1486.0
1196.0
1198.0
677.0
672.0
675.0
1477.0
1477.0
1480.0
1478.0
1470.0
1512.0
1199.0
666.0
666.0
672.0
1474.0
1470.0
1470.0
1206.0
1204.0
1202.0
673.0
671.0
673.0
633.0
1485.0
1475.0
1510.0
1528.0
1517.0
1515.0
1199.0
678.0
675.0
673.0
1475.0
1513.0
1203.0
1243.0
1243.0
674.0
630.0
629.0
632.0
628.0
1609.0
1603.0
1602.0
1602.0
1614.0
1607.0
1603.0
1285.0
633.0
749.0
1605.0
1495.0
1486.0
1473.0
1471.0
1474.0
1195.0
672.0
667.0
671.0
1485.0
1477.0
1471.0
1478.0
1482.0
1469.0
1199.0
667.0
673.0
676.0
1476.0
1477.0
1475.0
1476.0
1516.0
1524.0
1203.0
677.0
671.0
668.0
1507.0
1493.0
1520.0
1552.0
1512.0
1510.0
1241.0
670.0
632.0
628.0
1539.0
1511.0
1546.0
1528.0
1532.0
1203.0
1224.0
728.0
632.0
636.0
1591.0
1600.0
1592.0
1554.0
1545.0
1539.0
1264.0
739.0
748.0
746.0
1478.0
1484.0
1478.0
1203.0
1209.0
1200.0
668.0
673.0
672.0
674.0
1476.0
1476.0
1481.0
1471.0
1524.0
1516.0
1201.0
667.0
674.0
675.0
1472.0
1473.0
1198.0
1194.0
1198.0
672.0
674.0
668.0
631.0
630.0
1483.0
1521.0
1514.0
1523.0
1528.0
1524.0
1515.0
1247.0
669.0
674.0
1517.0
1514.0
1524.0
1484.0
1476.0
1481.0
1199.0
626.0
637.0
629.0
1599.0
1596.0
1582.0
1558.0
1550.0
1547.0
1271.0
737.0
749.0
736.0
1479.0
1477.0
1475.0
1482.0
1507.0
1512.0
1201.0
669.0
674.0
672.0
1479.0
1479.0
1477.0
1513.0
1518.0
1521.0
1230.0
670.0
632.0
630.0
1475.0
1513.0
1522.0
1513.0
1512.0
1242.0
1201.0
630.0
631.0
628.0
1515.0
1519.0
1518.0
1518.0
1494.0
1475.0
1205.0
626.0
631.0
630.0
1521.0
1514.0
1545.0
1199.0
1231.0
1223.0
644.0
694.0
678.0
703.0
1589.0
1560.0
1545.0
1549.0
1551.0
1549.0
1277.0
743.0
747.0
746.0
1469.0
1479.0
1201.0
1195.0
1211.0
670.0
668.0
678.0
675.0
670.0
1482.0
1478.0
1486.0
1483.0
1484.0
1519.0
1519.0
1196.0
675.0
678.0
1479.0
1474.0
1515.0
1516.0
1526.0
1515.0
1235.0
668.0
628.0
634.0
1525.0
1515.0
1515.0
1521.0
1521.0
1472.0
1196.0
631.0
629.0
629.0
1521.0
1522.0
1528.0
1485.0
1480.0
1473.0
1198.0
675.0
672.0
678.0
1562.0
1565.0
1554.0
1590.0
1588.0
1597.0
1274.0
751.0
742.0
749.0
1472.0
1468.0
1468.0
1514.0
1521.0
1246.0
1242.0
627.0
626.0
630.0
1514.0
1521.0
1523.0
1519.0
1519.0
1510.0
1199.0
634.0
630.0
634.0
1514.0
1514.0
1516.0
1194.0
1201.0
1196.0
632.0
625.0
633.0
665.0
1519.0
1520.0
1515.0
1477.0
1478.0
1477.0
1203.0
630.0
630.0
632.0
1515.0
1527.0
1242.0
1217.0
1213.0
631.0
672.0
667.0
674.0
674.0
1608.0
1581.0
1563.0
1567.0
1572.0
1572.0
1592.0
1280.0
754.0
745.0
1493.0
1485.0
1521.0
1529.0
1517.0
1526.0
1201.0
681.0
677.0
631.0
1485.0
1522.0
1511.0
1515.0
1520.0
1517.0
1191.0
635.0
631.0
632.0
1520.0
1517.0
1517.0
1521.0
1479.0
1471.0
1196.0
632.0
634.0
666.0
1511.0
1518.0
1476.0
1468.0
1471.0
1476.0
1197.0
629.0
676.0
673.0
1517.0
1478.0
1474.0
1473.0
1476.0
1195.0
1203.0
671.0
670.0
670.0
1537.0
1545.0
1585.0
1586.0
1583.0
1578.0
1290.0
736.0
731.0
731.0
1473.0
1506.0
1517.0
1239.0
1246.0
1204.0
633.0
637.0
636.0
631.0
1523.0
1521.0
1520.0
1520.0
1518.0
1470.0
1197.0
633.0
632.0
634.0
1513.0
1512.0
1202.0
1193.0
1204.0
625.0
630.0
627.0
671.0
672.0
1527.0
1523.0
1526.0
1523.0
1486.0
1479.0
1476.0
1197.0
635.0
628.0
1524.0
1520.0
1473.0
1577.0
1581.0
1572.0
1195.0
675.0
672.0
669.0
1570.0
1570.0
1561.0
1617.0
1619.0
1600.0
1327.0
641.0
660.0
646.0
1519.0
1522.0
1511.0
1514.0
1509.0
1510.0
1196.0
626.0
633.0
629.0
1522.0
1514.0
1515.0
1474.0
1478.0
1473.0
1195.0
632.0
627.0
665.0
1505.0
1519.0
1472.0
1476.0
1476.0
1197.0
1199.0
673.0
673.0
667.0
1472.0
1481.0
1474.0
1475.0
1472.0
1476.0
1201.0
673.0
674.0
672.0
1479.0
1470.0
1473.0
1199.0
1195.0
1303.0
667.0
674.0
680.0
672.0
1552.0
1590.0
1587.0
1588.0
1590.0
1591.0
1307.0
750.0
740.0
629.0
1517.0
1515.0
1200.0
1244.0
1213.0
629.0
626.0
628.0
627.0
635.0
1530.0
1519.0
1529.0
1531.0
1528.0
1523.0
1481.0
1206.0
637.0
636.0
1525.0
1519.0
1477.0
1483.0
1478.0
1470.0
1191.0
637.0
671.0
672.0
1517.0
1480.0
1480.0
1478.0
1484.0
1473.0
1205.0
671.0
676.0
673.0
1472.0
1472.0
1478.0
1595.0
1593.0
1593.0
1306.0
672.0
667.0
673.0
1617.0
1581.0
1587.0
1590.0
1581.0
1582.0
1197.0
641.0
642.0
632.0
1551.0
1550.0
1546.0
1513.0
1491.0
1230.0
1223.0
646.0
689.0
699.0
1539.0
1482.0
1502.0
1478.0
1481.0
1490.0
1204.0
683.0
677.0
670.0
1483.0
1478.0
1480.0
1195.0
1207.0
1201.0
675.0
673.0
673.0
678.0
1478.0
1469.0
1474.0
1475.0
1482.0
1512.0
1198.0
672.0
674.0
672.0
1459.0
1452.0
1201.0
1161.0
1159.0
689.0
672.0
667.0
667.0
609.0
