2.0
2.0
1.0
1.0
2.0
2.0
2.0
2.0
2.0
1.0
2.0
1.0
1.0
2.0
2.0
1.0
1.0
743.0
747.0
745.0
743.0
1059.0
738.0
817.0
1066.0
739.0
747.0
731.0
700.0
728.0
1.0
2.0
1.0
1.0
1.0
1.0
2.0
731.0
742.0
647.0
729.0
696.0
720.0
666.0
650.0
651.0
705.0
706.0
707.0
708.0
1.0
2.0
1.0
2.0
1.0
2.0
1.0
707.0
651.0
665.0
724.0
734.0
727.0
740.0
783.0
794.0
791.0
788.0
788.0
719.0
2.0
1.0
1.0
2.0
1.0
2.0
1.0
761.0
653.0
651.0
652.0
705.0
706.0
705.0
705.0
719.0
671.0
741.0
676.0
676.0
1.0
1.0
1.0
2.0
1.0
1.0
2.0
674.0
727.0
726.0
727.0
727.0
705.0
651.0
735.0
672.0
674.0
675.0
726.0
723.0
2.0
1.0
1.0
2.0
2.0
1.0
1.0
726.0
726.0
724.0
675.0
706.0
654.0
655.0
653.0
670.0
715.0
717.0
720.0
718.0
1.0
1.0
1.0
1.0
2.0
1.0
2.0
716.0
685.0
806.0
695.0
776.0
683.0
675.0
674.0
673.0
671.0
674.0
688.0
693.0
2.0
1.0
2.0
1.0
2.0
1.0
2.0
697.0
689.0
700.0
695.0
693.0
697.0
691.0
692.0
674.0
672.0
679.0
671.0
686.0
1.0
1.0
2.0
1.0
2.0
1.0
2.0
695.0
697.0
687.0
758.0
747.0
760.0
760.0
768.0
759.0
742.0
734.0
746.0
734.0
2.0
1.0
1.0
2.0
2.0
1.0
1.0
679.0
694.0
678.0
679.0
699.0
687.0
680.0
690.0
691.0
671.0
685.0
682.0
638.0
1.0
1.0
1.0
2.0
1.0
1.0
2.0
2.0
2.0
1.0
1.0
2.0
2.0
1.0
1.0
1.0
1.0
2.0
1.0
1.0
2.0
1.0
2.0
1.0
2.0
2.0
1.0
1.0
1.0
2.0
1.0
2.0
1.0
2.0
1.0
2.0
2.0
1.0
1.0
2.0
2.0
2.0
1.0
1.0
1.0
1.0
2.0
1.0
2.0
1.0
1.0
1.0
2.0
1.0
2.0
1.0
2.0
2.0
1.0
2.0
1.0
2.0
2.0
1.0
1.0
2.0
3.0
2.0
1.0
1.0
728.0
728.0
730.0
822.0
891.0
661.0
728.0
727.0
740.0
883.0
765.0
756.0
706.0
707.0
736.0
704.0
672.0
698.0
679.0
696.0
689.0
692.0
690.0
691.0
689.0
688.0
694.0
689.0
690.0
690.0
736.0
725.0
724.0
723.0
736.0
738.0
735.0
728.0
738.0
724.0
675.0
676.0
674.0
677.0
676.0
678.0
677.0
674.0
689.0
688.0
696.0
699.0
696.0
695.0
696.0
699.0
701.0
696.0
676.0
674.0
694.0
692.0
696.0
695.0
692.0
698.0
693.0
710.0
695.0
692.0
673.0
676.0
674.0
675.0
672.0
677.0
675.0
676.0
693.0
692.0
690.0
691.0
690.0
692.0
692.0
691.0
691.0
689.0
674.0
674.0
691.0
692.0
691.0
694.0
704.0
695.0
694.0
691.0
692.0
707.0
732.0
722.0
730.0
720.0
729.0
719.0
725.0
724.0
722.0
721.0
692.0
692.0
691.0
693.0
691.0
690.0
691.0
689.0
690.0
690.0
672.0
671.0
671.0
670.0
672.0
671.0
673.0
671.0
672.0
672.0
1.0
1.0
1.0
1.0
1.0
2.0
1.0
1.0
1.0
1.0
1.0
1.0
1.0
1.0
1.0
2.0
1.0
1.0
1.0
2.0
2.0
2.0
1.0
1.0
1.0
1.0
1.0
1.0
1.0
1.0
1.0
1.0
1.0
1.0
2.0
1.0
1.0
1.0
1.0
1.0
1.0
1.0
1.0
2.0
1.0
1.0
1.0
1.0
1.0
1.0
1.0
1.0
1.0
1.0
1.0
1.0
1.0
1.0
2.0
1.0
1.0
1.0
1.0
2.0
2.0
2.0
1.0
1.0
1.0
1.0
691.0
692.0
690.0
690.0
699.0
692.0
699.0
697.0
689.0
688.0
695.0
691.0
692.0
691.0
692.0
688.0
689.0
689.0
690.0
690.0
677.0
682.0
678.0
673.0
676.0
676.0
675.0
674.0
674.0
675.0
692.0
689.0
689.0
688.0
759.0
689.0
736.0
735.0
742.0
742.0
721.0
721.0
720.0
719.0
718.0
674.0
672.0
673.0
673.0
673.0
694.0
697.0
690.0
692.0
694.0
694.0
689.0
693.0
691.0
690.0
676.0
676.0
711.0
678.0
694.0
700.0
698.0
706.0
699.0
697.0
730.0
727.0
728.0
702.0
722.0
708.0
712.0
699.0
708.0
699.0
708.0
705.0
715.0
714.0
717.0
702.0
695.0
713.0
700.0
717.0
691.0
691.0
714.0
712.0
693.0
711.0
692.0
712.0
691.0
709.0
718.0
726.0
725.0
734.0
726.0
735.0
735.0
738.0
736.0
723.0
680.0
674.0
674.0
679.0
684.0
678.0
680.0
675.0
675.0
675.0
690.0
688.0
690.0
692.0
690.0
693.0
691.0
693.0
701.0
690.0
1.0
1.0
1.0
1.0
1.0
1.0
1.0
2.0
1.0
1.0
1.0
1.0
1.0
1.0
2.0
1.0
1.0
1.0
1.0
2.0
1.0
1.0
1.0
1.0
1.0
1.0
1.0
1.0
1.0
1.0
1.0
2.0
1.0
1.0
1.0
1.0
2.0
1.0
1.0
1.0
1.0
2.0
1.0
1.0
1.0
1.0
1.0
1.0
2.0
1.0
1.0
1.0
1.0
2.0
1.0
1.0
1.0
1.0
2.0
1.0
1.0
1.0
1.0
1.0
1.0
2.0
1.0
1.0
1.0
1.0
690.0
687.0
689.0
690.0
687.0
687.0
689.0
690.0
689.0
692.0
673.0
672.0
681.0
677.0
671.0
671.0
674.0
676.0
672.0
674.0
690.0
689.0
688.0
689.0
689.0
690.0
689.0
688.0
689.0
688.0
690.0
691.0
691.0
691.0
694.0
693.0
696.0
693.0
691.0
693.0
725.0
737.0
732.0
725.0
735.0
733.0
745.0
732.0
734.0
742.0
673.0
677.0
672.0
673.0
673.0
689.0
687.0
672.0
691.0
695.0
693.0
688.0
689.0
722.0
692.0
700.0
712.0
691.0
689.0
691.0
696.0
694.0
691.0
689.0
694.0
692.0
695.0
694.0
691.0
697.0
679.0
675.0
678.0
680.0
681.0
677.0
677.0
680.0
690.0
681.0
692.0
692.0
698.0
714.0
698.0
694.0
706.0
691.0
694.0
695.0
692.0
691.0
695.0
695.0
695.0
698.0
695.0
695.0
692.0
693.0
674.0
674.0
674.0
675.0
676.0
677.0
720.0
721.0
721.0
727.0
720.0
722.0
721.0
722.0
722.0
726.0
692.0
693.0
680.0
679.0
1.0
1.0
1.0
2.0
2.0
1.0
1.0
1.0
1.0
1.0
1.0
1.0
1.0
1.0
2.0
2.0
1.0
1.0
1.0
1.0
1.0
1.0
1.0
1.0
1.0
1.0
2.0
1.0
2.0
1.0
2.0
1.0
1.0
1.0
1.0
1.0
1.0
1.0
1.0
1.0
1.0
1.0
1.0
1.0
2.0
2.0
1.0
1.0
1.0
1.0
1.0
1.0
2.0
1.0
1.0
1.0
1.0
1.0
2.0
1.0
1.0
1.0
1.0
2.0
1.0
2.0
1.0
1.0
1.0
1.0
691.0
690.0
695.0
694.0
696.0
700.0
695.0
694.0
694.0
694.0
678.0
678.0
676.0
693.0
690.0
701.0
692.0
693.0
699.0
696.0
720.0
722.0
707.0
702.0
690.0
704.0
691.0
697.0
703.0
696.0
704.0
707.0
711.0
701.0
706.0
707.0
701.0
700.0
704.0
699.0
690.0
693.0
690.0
695.0
693.0
695.0
691.0
690.0
694.0
692.0
677.0
674.0
679.0
672.0
673.0
675.0
679.0
679.0
676.0
680.0
730.0
724.0
726.0
731.0
735.0
730.0
726.0
728.0
724.0
728.0
689.0
695.0
694.0
693.0
694.0
695.0
690.0
691.0
695.0
691.0
673.0
678.0
677.0
674.0
678.0
678.0
673.0
672.0
679.0
695.0
729.0
704.0
704.0
700.0
703.0
704.0
705.0
704.0
702.0
676.0
697.0
694.0
712.0
699.0
701.0
699.0
691.0
690.0
697.0
692.0
683.0
682.0
680.0
681.0
681.0
681.0
700.0
695.0
696.0
694.0
697.0
695.0
703.0
694.0
697.0
693.0
681.0
680.0
683.0
678.0
1.0
1.0
1.0
2.0
1.0
1.0
1.0
1.0
1.0
1.0
1.0
1.0
1.0
2.0
1.0
1.0
1.0
1.0
1.0
1.0
1.0
1.0
1.0
2.0
1.0
2.0
1.0
1.0
1.0
1.0
2.0
1.0
1.0
1.0
1.0
1.0
1.0
1.0
1.0
1.0
2.0
2.0
1.0
1.0
1.0
1.0
1.0
1.0
1.0
1.0
2.0
1.0
1.0
1.0
1.0
1.0
1.0
1.0
1.0
1.0
2.0
2.0
1.0
1.0
1.0
1.0
1.0
2.0
2.0
1.0
741.0
745.0
743.0
734.0
742.0
728.0
727.0
734.0
732.0
730.0
702.0
696.0
698.0
700.0
700.0
696.0
696.0
701.0
695.0
691.0
682.0
675.0
683.0
675.0
684.0
684.0
691.0
705.0
699.0
693.0
701.0
696.0
706.0
696.0
694.0
703.0
701.0
699.0
693.0
701.0
694.0
691.0
690.0
692.0
693.0
693.0
692.0
690.0
692.0
691.0
678.0
674.0
677.0
681.0
676.0
673.0
676.0
681.0
679.0
678.0
692.0
696.0
694.0
694.0
696.0
692.0
694.0
700.0
717.0
692.0
742.0
734.0
746.0
739.0
731.0
731.0
742.0
745.0
740.0
749.0
677.0
691.0
677.0
691.0
690.0
672.0
693.0
704.0
702.0
715.0
696.0
697.0
695.0
694.0
696.0
697.0
694.0
678.0
674.0
677.0
694.0
695.0
694.0
693.0
697.0
697.0
703.0
703.0
700.0
700.0
705.0
704.0
704.0
703.0
712.0
712.0
713.0
712.0
709.0
713.0
691.0
690.0
705.0
689.0
675.0
673.0
674.0
674.0
672.0
672.0
1.0
1.0
1.0
2.0
1.0
1.0
1.0
1.0
1.0
1.0
1.0
2.0
1.0
1.0
1.0
1.0
1.0
1.0
1.0
2.0
1.0
1.0
1.0
1.0
1.0
1.0
1.0
1.0
1.0
1.0
1.0
1.0
1.0
1.0
1.0
1.0
2.0
1.0
1.0
1.0
1.0
1.0
1.0
1.0
2.0
1.0
1.0
1.0
2.0
1.0
1.0
1.0
2.0
1.0
1.0
1.0
1.0
1.0
1.0
1.0
1.0
1.0
1.0
1.0
1.0
1.0
2.0
2.0
1.0
1.0
690.0
691.0
691.0
692.0
692.0
708.0
689.0
703.0
690.0
691.0
699.0
712.0
702.0
709.0
708.0
697.0
705.0
759.0
761.0
760.0
731.0
732.0
730.0
730.0
730.0
771.0
731.0
673.0
672.0
671.0
688.0
692.0
691.0
690.0
690.0
690.0
689.0
691.0
688.0
688.0
672.0
676.0
673.0
672.0
672.0
692.0
687.0
687.0
692.0
736.0
699.0
695.0
697.0
701.0
706.0
684.0
676.0
677.0
674.0
677.0
692.0
697.0
707.0
694.0
696.0
692.0
694.0
689.0
690.0
691.0
677.0
693.0
699.0
692.0
711.0
702.0
715.0
695.0
697.0
707.0
694.0
673.0
673.0
675.0
672.0
673.0
674.0
677.0
685.0
675.0
727.0
726.0
728.0
730.0
746.0
729.0
732.0
727.0
744.0
725.0
695.0
692.0
698.0
698.0
700.0
695.0
697.0
698.0
695.0
693.0
678.0
676.0
678.0
679.0
679.0
681.0
682.0
681.0
676.0
683.0
694.0
691.0
696.0
693.0
696.0
694.0
696.0
691.0
692.0
702.0
1.0
1.0
1.0
1.0
1.0
2.0
1.0
1.0
1.0
1.0
1.0
1.0
1.0
1.0
2.0
2.0
1.0
1.0
1.0
1.0
1.0
1.0
1.0
1.0
2.0
2.0
1.0
1.0
1.0
1.0
1.0
1.0
1.0
1.0
2.0
2.0
1.0
1.0
1.0
1.0
1.0
1.0
1.0
1.0
1.0
1.0
1.0
1.0
2.0
1.0
1.0
1.0
1.0
1.0
1.0
2.0
1.0
1.0
2.0
1.0
1.0
1.0
1.0
1.0
1.0
1.0
1.0
1.0
1.0
2.0
694.0
691.0
691.0
691.0
691.0
691.0
695.0
690.0
691.0
712.0
674.0
675.0
678.0
678.0
680.0
678.0
678.0
674.0
674.0
689.0
693.0
694.0
692.0
698.0
696.0
694.0
695.0
693.0
695.0
672.0
727.0
745.0
734.0
728.0
742.0
726.0
738.0
739.0
739.0
749.0
674.0
676.0
677.0
677.0
674.0
677.0
676.0
680.0
678.0
689.0
690.0
690.0
694.0
692.0
693.0
692.0
691.0
694.0
691.0
673.0
704.0
779.0
779.0
696.0
695.0
697.0
710.0
697.0
710.0
709.0
680.0
677.0
678.0
678.0
696.0
692.0
697.0
699.0
699.0
695.0
692.0
693.0
694.0
695.0
701.0
675.0
672.0
672.0
678.0
673.0
687.0
688.0
688.0
688.0
688.0
687.0
688.0
690.0
692.0
689.0
670.0
677.0
695.0
696.0
696.0
688.0
687.0
688.0
700.0
742.0
758.0
762.0
740.0
756.0
738.0
735.0
736.0
731.0
734.0
671.0
687.0
690.0
687.0
688.0
694.0
689.0
689.0
688.0
692.0
688.0
1.0
1.0
2.0
1.0
1.0
1.0
1.0
2.0
1.0
1.0
1.0
1.0
1.0
2.0
1.0
1.0
1.0
1.0
2.0
1.0
1.0
1.0
1.0
1.0
1.0
2.0
1.0
1.0
1.0
1.0
1.0
1.0
1.0
1.0
2.0
1.0
1.0
1.0
2.0
2.0
1.0
1.0
1.0
1.0
1.0
1.0
1.0
1.0
1.0
2.0
1.0
1.0
1.0
1.0
1.0
1.0
2.0
2.0
1.0
1.0
1.0
1.0
1.0
1.0
1.0
1.0
1.0
2.0
1.0
1.0
673.0
675.0
674.0
673.0
675.0
673.0
673.0
671.0
674.0
687.0
691.0
691.0
688.0
691.0
689.0
688.0
691.0
705.0
691.0
671.0
689.0
690.0
692.0
688.0
691.0
717.0
690.0
695.0
691.0
691.0
673.0
675.0
696.0
690.0
678.0
677.0
696.0
708.0
695.0
692.0
695.0
716.0
699.0
716.0
697.0
703.0
677.0
681.0
678.0
675.0
739.0
739.0
739.0
732.0
741.0
739.0
736.0
735.0
738.0
731.0
690.0
694.0
694.0
693.0
691.0
693.0
693.0
690.0
690.0
695.0
676.0
680.0
676.0
675.0
698.0
689.0
680.0
679.0
690.0
675.0
690.0
697.0
696.0
693.0
697.0
696.0
698.0
694.0
697.0
691.0
708.0
694.0
709.0
702.0
698.0
702.0
700.0
697.0
703.0
700.0
676.0
674.0
677.0
676.0
675.0
675.0
675.0
675.0
674.0
674.0
693.0
690.0
691.0
691.0
691.0
690.0
692.0
692.0
689.0
689.0
693.0
689.0
696.0
695.0
751.0
751.0
745.0
754.0
765.0
762.0
1.0
1.0
2.0
1.0
1.0
1.0
1.0
1.0
1.0
1.0
2.0
2.0
1.0
1.0
1.0
1.0
1.0
1.0
1.0
1.0
1.0
2.0
2.0
1.0
1.0
1.0
1.0
1.0
1.0
1.0
1.0
1.0
1.0
1.0
1.0
1.0
1.0
1.0
1.0
1.0
1.0
1.0
1.0
2.0
2.0
1.0
1.0
1.0
1.0
1.0
1.0
1.0
1.0
1.0
1.0
1.0
2.0
2.0
2.0
1.0
1.0
1.0
1.0
1.0
1.0
2.0
1.0
1.0
62.0
61.0
745.0
738.0
684.0
680.0
684.0
680.0
675.0
679.0
685.0
683.0
700.0
703.0
696.0
701.0
700.0
703.0
704.0
704.0
700.0
697.0
786.0
691.0
734.0
691.0
693.0
740.0
731.0
733.0
698.0
697.0
673.0
674.0
678.0
698.0
699.0
673.0
673.0
696.0
696.0
694.0
693.0
693.0
691.0
691.0
692.0
703.0
703.0
703.0
704.0
699.0
693.0
691.0
688.0
693.0
692.0
693.0
700.0
696.0
697.0
695.0
673.0
674.0
674.0
675.0
674.0
673.0
673.0
675.0
673.0
675.0
741.0
750.0
743.0
752.0
733.0
746.0
752.0
733.0
746.0
731.0
695.0
698.0
701.0
693.0
692.0
695.0
692.0
695.0
692.0
692.0
671.0
673.0
672.0
672.0
671.0
674.0
675.0
672.0
673.0
674.0
689.0
692.0
690.0
690.0
688.0
689.0
690.0
688.0
690.0
690.0
688.0
688.0
688.0
688.0
689.0
692.0
692.0
691.0
692.0
689.0
672.0
672.0
673.0
673.0
672.0
672.0
675.0
672.0
673.0
672.0
1.0
1.0
1.0
1.0
1.0
1.0
2.0
1.0
1.0
1.0
1.0
1.0
1.0
1.0
1.0
1.0
1.0
2.0
1.0
1.0
1.0
1.0
1.0
1.0
2.0
1.0
1.0
1.0
1.0
1.0
1.0
2.0
2.0
1.0
1.0
1.0
1.0
1.0
1.0
2.0
1.0
1.0
1.0
1.0
1.0
1.0
2.0
2.0
1.0
1.0
1.0
1.0
1.0
1.0
2.0
1.0
1.0
1.0
1.0
1.0
1.0
1.0
2.0
1.0
1.0
1.0
1.0
1.0
1.0
1.0
687.0
706.0
689.0
687.0
688.0
688.0
689.0
688.0
688.0
687.0
732.0
738.0
741.0
741.0
740.0
742.0
729.0
743.0
742.0
742.0
671.0
676.0
688.0
684.0
687.0
676.0
687.0
677.0
678.0
673.0
690.0
689.0
689.0
688.0
693.0
692.0
689.0
695.0
690.0
689.0
689.0
689.0
688.0
689.0
690.0
692.0
690.0
692.0
692.0
697.0
672.0
673.0
673.0
674.0
674.0
683.0
684.0
681.0
679.0
681.0
689.0
689.0
692.0
690.0
690.0
693.0
691.0
695.0
689.0
690.0
692.0
692.0
691.0
689.0
691.0
693.0
696.0
695.0
693.0
694.0
675.0
688.0
676.0
675.0
677.0
680.0
699.0
695.0
693.0
696.0
747.0
767.0
761.0
764.0
750.0
754.0
739.0
731.0
749.0
746.0
706.0
720.0
726.0
726.0
714.0
690.0
688.0
689.0
694.0
703.0
687.0
685.0
682.0
688.0
683.0
676.0
672.0
674.0
675.0
681.0
690.0
687.0
684.0
682.0
691.0
708.0
691.0
691.0
692.0
683.0
