18.0
18.0
12.0
13.0
11.0
12.0
11.0
11.0
17.0
17.0
17.0
11.0
11.0
154.0
441.0
339.0
307.0
337.0
609.0
445.0
346.0
343.0
610.0
340.0
315.0
339.0
339.0
343.0
343.0
281.0
11.0
10.0
11.0
155.0
422.0
501.0
373.0
492.0
417.0
418.0
420.0
421.0
421.0
356.0
342.0
277.0
337.0
277.0
337.0
340.0
11.0
10.0
10.0
154.0
425.0
339.0
338.0
339.0
491.0
339.0
276.0
337.0
336.0
336.0
335.0
336.0
501.0
339.0
339.0
282.0
10.0
11.0
10.0
155.0
500.0
339.0
339.0
339.0
338.0
336.0
275.0
336.0
336.0
495.0
336.0
336.0
336.0
336.0
274.0
338.0
13.0
10.0
14.0
152.0
337.0
496.0
339.0
337.0
335.0
277.0
336.0
335.0
501.0
339.0
339.0
281.0
339.0
413.0
412.0
574.0
11.0
10.0
10.0
155.0
415.0
410.0
414.0
413.0
351.0
567.0
415.0
336.0
336.0
339.0
336.0
495.0
278.0
340.0
343.0
343.0
10.0
10.0
10.0
153.0
335.0
344.0
495.0
276.0
337.0
336.0
341.0
341.0
502.0
343.0
338.0
282.0
339.0
339.0
339.0
339.0
10.0
10.0
10.0
233.0
344.0
291.0
340.0
344.0
341.0
379.0
348.0
397.0
345.0
341.0
342.0
316.0
335.0
364.0
335.0
335.0
10.0
9.0
10.0
153.0
315.0
333.0
314.0
334.0
313.0
334.0
333.0
322.0
331.0
329.0
310.0
310.0
329.0
407.0
406.0
405.0
10.0
10.0
10.0
148.0
405.0
404.0
408.0
384.0
440.0
406.0
404.0
330.0
339.0
328.0
314.0
318.0
294.0
311.0
305.0
306.0
10.0
10.0
15.0
15.0
9.0
9.0
10.0
10.0
16.0
16.0
10.0
10.0
11.0
9.0
10.0
10.0
15.0
16.0
16.0
16.0
10.0
10.0
9.0
9.0
10.0
10.0
10.0
10.0
10.0
10.0
156.0
156.0
274.0
196.0
273.0
210.0
153.0
156.0
153.0
9.0
342.0
373.0
344.0
345.0
345.0
348.0
282.0
340.0
361.0
15.0
335.0
340.0
319.0
335.0
335.0
340.0
337.0
298.0
426.0
8.0
298.0
332.0
331.0
393.0
297.0
324.0
323.0
324.0
324.0
8.0
299.0
320.0
311.0
317.0
300.0
313.0
539.0
314.0
314.0
12.0
540.0
301.0
313.0
302.0
313.0
300.0
316.0
316.0
316.0
8.0
304.0
305.0
316.0
316.0
566.0
305.0
565.0
337.0
335.0
8.0
337.0
324.0
322.0
339.0
339.0
325.0
314.0
313.0
325.0
8.0
304.0
301.0
319.0
541.0
542.0
319.0
302.0
315.0
315.0
8.0
316.0
302.0
300.0
316.0
314.0
301.0
315.0
316.0
301.0
8.0
317.0
453.0
305.0
437.0
319.0
319.0
313.0
319.0
317.0
8.0
319.0
313.0
314.0
313.0
313.0
316.0
311.0
313.0
312.0
9.0
312.0
316.0
312.0
324.0
312.0
327.0
324.0
320.0
331.0
8.0
325.0
335.0
333.0
327.0
336.0
333.0
339.0
325.0
336.0
9.0
340.0
325.0
350.0
365.0
350.0
359.0
344.0
343.0
347.0
9.0
346.0
345.0
341.0
313.0
317.0
312.0
313.0
312.0
316.0
8.0
313.0
312.0
314.0
312.0
313.0
315.0
313.0
313.0
312.0
8.0
9.0
8.0
8.0
8.0
8.0
8.0
8.0
9.0
9.0
9.0
8.0
8.0
8.0
8.0
8.0
8.0
8.0
8.0
9.0
8.0
9.0
8.0
8.0
8.0
8.0
8.0
8.0
9.0
8.0
8.0
140.0
140.0
141.0
141.0
141.0
141.0
141.0
140.0
141.0
9.0
317.0
317.0
316.0
317.0
317.0
317.0
317.0
318.0
317.0
8.0
318.0
314.0
312.0
312.0
314.0
312.0
312.0
317.0
312.0
8.0
312.0
313.0
312.0
313.0
311.0
313.0
311.0
313.0
313.0
8.0
312.0
312.0
311.0
312.0
313.0
311.0
315.0
311.0
315.0
8.0
318.0
316.0
317.0
316.0
347.0
346.0
346.0
346.0
348.0
8.0
342.0
343.0
344.0
345.0
342.0
315.0
313.0
313.0
314.0
8.0
315.0
314.0
313.0
315.0
315.0
313.0
316.0
312.0
314.0
8.0
316.0
313.0
313.0
313.0
315.0
313.0
314.0
317.0
317.0
8.0
318.0
318.0
317.0
315.0
318.0
320.0
317.0
317.0
314.0
8.0
317.0
318.0
313.0
317.0
314.0
313.0
317.0
319.0
319.0
8.0
314.0
318.0
316.0
313.0
318.0
319.0
313.0
315.0
315.0
8.0
315.0
321.0
322.0
320.0
319.0
321.0
319.0
318.0
318.0
8.0
354.0
358.0
348.0
356.0
351.0
353.0
354.0
357.0
353.0
45.0
317.0
316.0
315.0
311.0
312.0
313.0
311.0
313.0
311.0
8.0
311.0
311.0
313.0
311.0
312.0
316.0
311.0
312.0
311.0
8.0
311.0
312.0
312.0
312.0
314.0
317.0
318.0
315.0
317.0
8.0
8.0
8.0
8.0
8.0
8.0
8.0
8.0
8.0
8.0
8.0
9.0
8.0
8.0
8.0
8.0
8.0
8.0
8.0
9.0
7.0
8.0
8.0
8.0
8.0
8.0
8.0
8.0
8.0
8.0
8.0
143.0
145.0
145.0
144.0
143.0
144.0
141.0
140.0
141.0
8.0
313.0
312.0
312.0
312.0
314.0
313.0
313.0
311.0
311.0
8.0
311.0
312.0
311.0
310.0
312.0
312.0
311.0
312.0
311.0
8.0
311.0
310.0
315.0
315.0
316.0
315.0
356.0
356.0
356.0
8.0
360.0
358.0
361.0
353.0
352.0
353.0
353.0
312.0
311.0
8.0
312.0
311.0
311.0
310.0
312.0
310.0
311.0
311.0
312.0
8.0
311.0
312.0
311.0
311.0
311.0
311.0
311.0
312.0
312.0
8.0
311.0
311.0
312.0
315.0
315.0
315.0
315.0
315.0
316.0
8.0
316.0
316.0
315.0
317.0
312.0
311.0
312.0
311.0
311.0
8.0
312.0
311.0
311.0
311.0
312.0
312.0
312.0
310.0
311.0
8.0
311.0
312.0
311.0
311.0
311.0
313.0
311.0
311.0
311.0
8.0
358.0
358.0
357.0
358.0
358.0
359.0
357.0
359.0
359.0
8.0
359.0
318.0
318.0
311.0
313.0
316.0
314.0
313.0
314.0
8.0
314.0
316.0
316.0
316.0
311.0
313.0
315.0
315.0
311.0
8.0
315.0
314.0
319.0
313.0
312.0
312.0
315.0
317.0
323.0
8.0
316.0
317.0
316.0
316.0
317.0
317.0
317.0
311.0
312.0
8.0
311.0
312.0
311.0
310.0
314.0
311.0
311.0
311.0
312.0
8.0
8.0
8.0
8.0
8.0
9.0
8.0
8.0
8.0
8.0
8.0
8.0
8.0
8.0
8.0
9.0
8.0
8.0
8.0
8.0
8.0
8.0
8.0
8.0
8.0
8.0
8.0
8.0
8.0
8.0
8.0
140.0
141.0
141.0
140.0
140.0
140.0
140.0
141.0
140.0
8.0
312.0
311.0
311.0
312.0
313.0
313.0
313.0
318.0
316.0
8.0
318.0
369.0
368.0
366.0
369.0
366.0
367.0
365.0
365.0
8.0
366.0
363.0
314.0
312.0
311.0
311.0
317.0
316.0
311.0
8.0
312.0
312.0
314.0
312.0
312.0
311.0
310.0
311.0
312.0
8.0
311.0
312.0
313.0
311.0
316.0
316.0
316.0
316.0
316.0
8.0
316.0
316.0
316.0
316.0
316.0
312.0
312.0
312.0
311.0
8.0
311.0
311.0
311.0
311.0
312.0
311.0
312.0
311.0
312.0
8.0
312.0
312.0
310.0
311.0
311.0
312.0
312.0
312.0
311.0
8.0
313.0
314.0
315.0
314.0
316.0
366.0
366.0
366.0
366.0
10.0
362.0
363.0
362.0
363.0
362.0
362.0
312.0
312.0
313.0
8.0
311.0
311.0
311.0
312.0
312.0
312.0
312.0
312.0
312.0
8.0
311.0
312.0
311.0
310.0
312.0
311.0
312.0
312.0
312.0
8.0
311.0
313.0
316.0
316.0
316.0
316.0
316.0
315.0
316.0
8.0
315.0
316.0
316.0
311.0
311.0
311.0
312.0
311.0
311.0
8.0
318.0
321.0
318.0
327.0
325.0
322.0
323.0
332.0
319.0
10.0
330.0
338.0
329.0
315.0
330.0
385.0
385.0
385.0
385.0
8.0
8.0
9.0
8.0
8.0
8.0
8.0
9.0
9.0
8.0
8.0
8.0
8.0
8.0
8.0
8.0
8.0
8.0
8.0
8.0
8.0
8.0
8.0
8.0
9.0
9.0
8.0
8.0
8.0
8.0
8.0
151.0
151.0
150.0
148.0
149.0
211.0
206.0
206.0
205.0
8.0
378.0
376.0
315.0
314.0
314.0
316.0
314.0
312.0
311.0
8.0
311.0
311.0
316.0
314.0
313.0
315.0
313.0
317.0
312.0
8.0
311.0
311.0
310.0
316.0
315.0
317.0
317.0
312.0
316.0
8.0
316.0
316.0
316.0
315.0
319.0
317.0
315.0
315.0
315.0
8.0
316.0
312.0
312.0
312.0
312.0
312.0
310.0
312.0
311.0
8.0
310.0
312.0
312.0
312.0
314.0
310.0
310.0
311.0
312.0
8.0
311.0
309.0
311.0
311.0
311.0
311.0
378.0
380.0
376.0
8.0
375.0
376.0
378.0
377.0
378.0
379.0
377.0
312.0
312.0
8.0
310.0
311.0
310.0
313.0
310.0
312.0
312.0
312.0
312.0
7.0
311.0
310.0
311.0
310.0
312.0
311.0
312.0
312.0
312.0
8.0
316.0
316.0
316.0
315.0
316.0
317.0
315.0
316.0
316.0
8.0
315.0
312.0
311.0
310.0
311.0
311.0
312.0
311.0
312.0
8.0
312.0
312.0
312.0
311.0
311.0
311.0
310.0
312.0
311.0
8.0
311.0
311.0
312.0
312.0
311.0
311.0
311.0
311.0
315.0
8.0
316.0
383.0
381.0
381.0
381.0
379.0
379.0
378.0
378.0
9.0
378.0
379.0
312.0
311.0
311.0
312.0
311.0
310.0
311.0
8.0
8.0
8.0
8.0
8.0
8.0
8.0
8.0
8.0
8.0
8.0
8.0
8.0
9.0
9.0
8.0
8.0
8.0
8.0
8.0
8.0
8.0
9.0
8.0
8.0
8.0
8.0
8.0
8.0
9.0
8.0
142.0
141.0
140.0
140.0
140.0
141.0
141.0
143.0
140.0
8.0
311.0
310.0
311.0
312.0
311.0
310.0
311.0
311.0
312.0
9.0
315.0
316.0
315.0
316.0
317.0
314.0
315.0
314.0
315.0
8.0
318.0
315.0
311.0
312.0
312.0
312.0
311.0
311.0
311.0
8.0
311.0
312.0
311.0
312.0
312.0
312.0
311.0
312.0
312.0
8.0
310.0
311.0
313.0
310.0
387.0
387.0
387.0
389.0
387.0
8.0
388.0
388.0
389.0
389.0
387.0
313.0
317.0
317.0
316.0
8.0
313.0
314.0
311.0
316.0
312.0
313.0
312.0
317.0
318.0
8.0
314.0
313.0
317.0
316.0
316.0
312.0
316.0
312.0
316.0
9.0
317.0
310.0
318.0
320.0
315.0
319.0
319.0
317.0
319.0
8.0
320.0
319.0
315.0
313.0
313.0
315.0
313.0
311.0
311.0
8.0
311.0
313.0
311.0
311.0
311.0
311.0
312.0
311.0
311.0
9.0
312.0
312.0
311.0
312.0
312.0
310.0
311.0
311.0
314.0
8.0
317.0
318.0
389.0
390.0
389.0
387.0
390.0
389.0
390.0
9.0
387.0
385.0
383.0
316.0
315.0
314.0
313.0
315.0
316.0
8.0
318.0
315.0
316.0
312.0
314.0
314.0
312.0
311.0
312.0
9.0
312.0
313.0
312.0
311.0
312.0
317.0
317.0
316.0
316.0
8.0
8.0
8.0
8.0
8.0
8.0
8.0
8.0
8.0
8.0
8.0
8.0
8.0
8.0
8.0
8.0
8.0
8.0
8.0
8.0
7.0
8.0
8.0
8.0
8.0
8.0
7.0
8.0
8.0
8.0
8.0
145.0
144.0
144.0
144.0
145.0
145.0
141.0
140.0
140.0
9.0
311.0
311.0
310.0
312.0
312.0
312.0
311.0
311.0
312.0
8.0
312.0
312.0
311.0
311.0
311.0
311.0
311.0
312.0
311.0
8.0
312.0
313.0
312.0
311.0
311.0
315.0
316.0
315.0
315.0
8.0
395.0
395.0
394.0
397.0
396.0
397.0
390.0
389.0
388.0
87.0
314.0
315.0
312.0
312.0
317.0
316.0
313.0
312.0
311.0
9.0
311.0
313.0
312.0
312.0
313.0
316.0
317.0
316.0
311.0
9.0
310.0
311.0
312.0
315.0
316.0
316.0
316.0
316.0
316.0
8.0
317.0
317.0
316.0
317.0
311.0
312.0
312.0
311.0
312.0
8.0
314.0
312.0
312.0
312.0
312.0
311.0
312.0
312.0
312.0
8.0
311.0
311.0
312.0
315.0
311.0
311.0
311.0
311.0
312.0
8.0
396.0
396.0
396.0
395.0
395.0
395.0
395.0
398.0
396.0
8.0
396.0
315.0
319.0
314.0
311.0
312.0
311.0
311.0
313.0
8.0
311.0
312.0
315.0
314.0
316.0
310.0
311.0
311.0
311.0
8.0
312.0
311.0
313.0
317.0
317.0
317.0
315.0
316.0
316.0
8.0
316.0
315.0
315.0
316.0
311.0
311.0
310.0
312.0
312.0
8.0
311.0
311.0
311.0
311.0
312.0
330.0
328.0
338.0
319.0
8.0
8.0
8.0
7.0
8.0
8.0
8.0
8.0
8.0
8.0
8.0
8.0
7.0
8.0
8.0
7.0
8.0
8.0
8.0
8.0
8.0
8.0
8.0
8.0
8.0
8.0
7.0
8.0
7.0
8.0
7.0
152.0
149.0
149.0
152.0
150.0
155.0
151.0
143.0
142.0
8.0
329.0
318.0
320.0
329.0
327.0
321.0
326.0
406.0
406.0
8.0
409.0
402.0
402.0
405.0
398.0
400.0
398.0
398.0
311.0
8.0
316.0
313.0
311.0
312.0
311.0
312.0
315.0
315.0
311.0
8.0
312.0
313.0
311.0
311.0
311.0
311.0
312.0
312.0
312.0
8.0
312.0
312.0
312.0
311.0
316.0
317.0
315.0
316.0
315.0
7.0
315.0
315.0
316.0
319.0
315.0
311.0
312.0
311.0
312.0
7.0
310.0
310.0
313.0
312.0
313.0
311.0
311.0
313.0
315.0
8.0
312.0
310.0
311.0
311.0
312.0
312.0
312.0
389.0
388.0
8.0
388.0
389.0
389.0
388.0
388.0
388.0
386.0
390.0
317.0
8.0
314.0
316.0
312.0
314.0
315.0
313.0
313.0
312.0
317.0
8.0
314.0
312.0
313.0
311.0
312.0
313.0
313.0
311.0
311.0
8.0
313.0
315.0
316.0
314.0
316.0
315.0
314.0
314.0
317.0
8.0
315.0
316.0
314.0
314.0
312.0
312.0
312.0
310.0
311.0
8.0
311.0
312.0
311.0
312.0
311.0
311.0
312.0
311.0
311.0
8.0
311.0
311.0
312.0
311.0
311.0
311.0
311.0
311.0
312.0
8.0
311.0
311.0
392.0
394.0
394.0
396.0
394.0
397.0
397.0
8.0
8.0
8.0
10.0
10.0
10.0
8.0
8.0
8.0
8.0
9.0
9.0
8.0
8.0
8.0
8.0
8.0
8.0
8.0
8.0
8.0
85.0
86.0
85.0
9.0
8.0
8.0
7.0
8.0
8.0
8.0
142.0
141.0
142.0
143.0
141.0
143.0
7.0
8.0
8.0
8.0
314.0
311.0
314.0
315.0
316.0
315.0
9.0
8.0
8.0
8.0
315.0
314.0
311.0
314.0
311.0
311.0
7.0
8.0
7.0
8.0
311.0
312.0
311.0
312.0
312.0
310.0
8.0
8.0
8.0
8.0
312.0
313.0
316.0
316.0
315.0
315.0
8.0
7.0
7.0
7.0
316.0
316.0
316.0
316.0
316.0
317.0
8.0
8.0
7.0
8.0
311.0
311.0
312.0
310.0
311.0
312.0
8.0
8.0
8.0
8.0
311.0
311.0
311.0
312.0
311.0
311.0
8.0
8.0
8.0
8.0
311.0
311.0
311.0
310.0
311.0
311.0
8.0
7.0
8.0
7.0
312.0
312.0
387.0
387.0
387.0
386.0
8.0
8.0
7.0
8.0
390.0
386.0
386.0
388.0
387.0
386.0
8.0
8.0
8.0
8.0
311.0
311.0
311.0
311.0
313.0
312.0
7.0
8.0
8.0
8.0
311.0
317.0
312.0
312.0
311.0
311.0
7.0
8.0
7.0
8.0
312.0
310.0
311.0
310.0
311.0
313.0
8.0
8.0
8.0
8.0
312.0
312.0
312.0
310.0
311.0
311.0
8.0
8.0
8.0
8.0
315.0
315.0
315.0
316.0
316.0
317.0
8.0
8.0
8.0
8.0
315.0
315.0
315.0
317.0
312.0
311.0
8.0
7.0
8.0
8.0
8.0
8.0
7.0
8.0
8.0
8.0
7.0
7.0
8.0
7.0
7.0
8.0
8.0
8.0
8.0
9.0
8.0
8.0
8.0
7.0
8.0
8.0
8.0
8.0
7.0
8.0
8.0
8.0
8.0
7.0
139.0
140.0
140.0
140.0
7.0
8.0
7.0
8.0
8.0
7.0
313.0
311.0
311.0
311.0
8.0
8.0
8.0
7.0
8.0
8.0
311.0
312.0
311.0
310.0
8.0
8.0
7.0
8.0
7.0
7.0
312.0
311.0
312.0
311.0
7.0
8.0
8.0
8.0
8.0
7.0
312.0
311.0
311.0
312.0
8.0
8.0
7.0
8.0
7.0
7.0
312.0
312.0
310.0
311.0
7.0
8.0
8.0
7.0
8.0
7.0
388.0
388.0
388.0
393.0
8.0
7.0
7.0
7.0
7.0
8.0
389.0
391.0
389.0
390.0
8.0
8.0
8.0
8.0
7.0
10.0
391.0
390.0
313.0
313.0
8.0
8.0
8.0
7.0
8.0
7.0
311.0
311.0
310.0
312.0
8.0
8.0
8.0
8.0
8.0
8.0
311.0
311.0
311.0
312.0
7.0
8.0
7.0
8.0
8.0
7.0
312.0
312.0
311.0
311.0
8.0
8.0
8.0
8.0
7.0
7.0
311.0
311.0
310.0
310.0
8.0
7.0
7.0
7.0
8.0
8.0
310.0
311.0
315.0
316.0
8.0
8.0
8.0
7.0
7.0
8.0
317.0
316.0
316.0
316.0
8.0
8.0
7.0
8.0
8.0
7.0
315.0
316.0
314.0
315.0
8.0
8.0
8.0
8.0
8.0
7.0
279.0
293.0
294.0
291.0
8.0
7.0
7.0
7.0
8.0
8.0
