40.0
40.0
39.0
26.0
25.0
26.0
25.0
38.0
38.0
38.0
32.0
21.0
21.0
34.0
21.0
21.0
21.0
21.0
34.0
33.0
21.0
21.0
21.0
21.0
22.0
22.0
34.0
34.0
34.0
33.0
21.0
21.0
21.0
21.0
21.0
21.0
21.0
21.0
21.0
22.0
21.0
21.0
34.0
34.0
33.0
34.0
21.0
21.0
21.0
22.0
21.0
21.0
35.0
34.0
34.0
34.0
21.0
21.0
20.0
21.0
21.0
21.0
21.0
22.0
22.0
21.0
21.0
21.0
35.0
35.0
35.0
37.0
22.0
22.0
22.0
4052.0
4057.0
3999.0
4045.0
4379.0
4056.0
4147.0
4101.0
4369.0
3932.0
3932.0
3938.0
3931.0
3924.0
3932.0
3949.0
3933.0
3925.0
4010.0
4012.0
4009.0
4010.0
4006.0
3990.0
4010.0
20.0
20.0
20.0
19.0
19.0
20.0
20.0
19.0
19.0
19.0
20.0
20.0
19.0
19.0
20.0
20.0
19.0
19.0
19.0
20.0
20.0
19.0
20.0
20.0
19.0
19.0
19.0
20.0
19.0
19.0
19.0
19.0
20.0
20.0
19.0
20.0
19.0
19.0
19.0
19.0
19.0
20.0
20.0
19.0
19.0
20.0
19.0
19.0
19.0
20.0
19.0
19.0
20.0
19.0
19.0
19.0
20.0
20.0
19.0
19.0
87.0
86.0
20.0
20.0
19.0
3935.0
3970.0
4018.0
3970.0
3987.0
3967.0
3975.0
3972.0
3980.0
3988.0
3945.0
3937.0
3927.0
4015.0
3933.0
3931.0
3925.0
3924.0
3924.0
3939.0
3980.0
3986.0
3978.0
3975.0
3974.0
3973.0
3976.0
3973.0
3979.0
3976.0
3833.0
3877.0
3525.0
3520.0
3511.0
20.0
31.0
31.0
20.0
19.0
19.0
20.0
30.0
30.0
31.0
20.0
19.0
20.0
20.0
20.0
32.0
31.0
31.0
31.0
34.0
20.0
19.0
19.0
19.0
19.0
20.0
21.0
20.0
20.0
20.0
34.0
33.0
32.0
32.0
33.0
20.0
20.0
19.0
20.0
19.0
33.0
32.0
32.0
31.0
19.0
19.0
19.0
19.0
19.0
32.0
20.0
21.0
20.0
20.0
19.0
32.0
31.0
31.0
31.0
34.0
19.0
19.0
19.0
18.0
16.0
3970.0
3871.0
3968.0
3973.0
4020.0
4070.0
3991.0
3988.0
4161.0
3977.0
3969.0
3971.0
3976.0
3979.0
3971.0
3969.0
3970.0
3970.0
3953.0
3943.0
3940.0
3931.0
3941.0
3944.0
3937.0
16.0
15.0
15.0
15.0
15.0
16.0
15.0
15.0
15.0
15.0
15.0
15.0
15.0
15.0
15.0
16.0
15.0
15.0
15.0
15.0
16.0
15.0
15.0
15.0
15.0
15.0
15.0
15.0
15.0
15.0
21.0
22.0
16.0
15.0
15.0
15.0
15.0
15.0
15.0
15.0
15.0
15.0
15.0
15.0
15.0
15.0
15.0
15.0
15.0
16.0
15.0
15.0
16.0
16.0
19.0
19.0
18.0
18.0
19.0
17.0
17.0
17.0
16.0
16.0
15.0
3930.0
3923.0
3924.0
3934.0
3933.0
3947.0
3935.0
3926.0
3928.0
3970.0
3965.0
3983.0
3989.0
3990.0
4015.0
3985.0
3990.0
3982.0
3949.0
3912.0
3990.0
3985.0
3987.0
3989.0
3990.0
16.0
15.0
15.0
15.0
15.0
15.0
15.0
15.0
15.0
15.0
15.0
15.0
15.0
15.0
15.0
16.0
15.0
14.0
15.0
15.0
16.0
16.0
15.0
14.0
15.0
15.0
15.0
15.0
15.0
15.0
16.0
15.0
15.0
15.0
15.0
15.0
15.0
15.0
15.0
15.0
51.0
51.0
15.0
15.0
15.0
16.0
15.0
15.0
15.0
15.0
15.0
15.0
15.0
15.0
15.0
15.0
15.0
15.0
15.0
15.0
15.0
15.0
15.0
16.0
17.0
4031.0
3970.0
3972.0
4008.0
4011.0
4044.0
4042.0
3994.0
4038.0
3992.0
3955.0
4081.0
4015.0
4035.0
4031.0
4052.0
4036.0
4043.0
4025.0
4026.0
3933.0
3930.0
3953.0
3949.0
3949.0
3963.0
15.0
16.0
15.0
15.0
15.0
16.0
15.0
16.0
15.0
15.0
15.0
16.0
15.0
16.0
15.0
16.0
45.0
15.0
15.0
15.0
16.0
15.0
16.0
16.0
15.0
15.0
16.0
15.0
16.0
16.0
15.0
15.0
15.0
14.0
15.0
16.0
15.0
15.0
15.0
15.0
15.0
15.0
15.0
15.0
15.0
15.0
15.0
15.0
15.0
15.0
15.0
15.0
15.0
15.0
15.0
15.0
16.0
15.0
15.0
15.0
15.0
15.0
16.0
16.0
16.0
3942.0
3942.0
3932.0
3932.0
3926.0
4008.0
4003.0
3989.0
4006.0
4009.0
4010.0
4013.0
4031.0
4031.0
3996.0
3993.0
3985.0
3999.0
3938.0
3934.0
3930.0
3936.0
3936.0
3931.0
3933.0
3926.0
3961.0
15.0
15.0
15.0
15.0
15.0
16.0
15.0
15.0
15.0
15.0
15.0
15.0
15.0
15.0
15.0
15.0
16.0
16.0
15.0
15.0
15.0
15.0
15.0
15.0
15.0
16.0
15.0
15.0
15.0
15.0
15.0
15.0
15.0
15.0
15.0
15.0
15.0
15.0
15.0
15.0
15.0
15.0
15.0
15.0
15.0
16.0
15.0
15.0
15.0
15.0
15.0
15.0
15.0
15.0
15.0
15.0
15.0
15.0
15.0
15.0
15.0
15.0
15.0
16.0
16.0
3930.0
3931.0
3936.0
3925.0
3925.0
3918.0
3928.0
3923.0
3919.0
3934.0
3980.0
3974.0
3978.0
3970.0
3968.0
4007.0
4074.0
4011.0
4072.0
3967.0
4009.0
4039.0
3981.0
4026.0
3969.0
3920.0
3918.0
3912.0
3926.0
3923.0
3917.0
3911.0
15.0
15.0
15.0
15.0
16.0
15.0
15.0
15.0
15.0
15.0
15.0
15.0
15.0
15.0
15.0
16.0
16.0
15.0
15.0
15.0
15.0
15.0
15.0
15.0
15.0
15.0
15.0
15.0
15.0
15.0
15.0
16.0
15.0
15.0
15.0
16.0
15.0
15.0
15.0
15.0
15.0
16.0
15.0
15.0
15.0
23.0
23.0
16.0
16.0
15.0
16.0
16.0
15.0
15.0
15.0
16.0
16.0
15.0
15.0
15.0
15.0
15.0
15.0
15.0
15.0
3973.0
3973.0
3943.0
3946.0
3953.0
3949.0
3957.0
3990.0
3986.0
3986.0
3914.0
3914.0
3981.0
3980.0
3981.0
3979.0
4005.0
3953.0
3945.0
3951.0
3954.0
3951.0
3938.0
3930.0
3924.0
3954.0
3960.0
3933.0
3917.0
3943.0
3980.0
3977.0
3949.0
3960.0
3949.0
16.0
15.0
15.0
16.0
15.0
16.0
15.0
15.0
15.0
16.0
15.0
15.0
15.0
15.0
15.0
23.0
24.0
16.0
15.0
15.0
15.0
15.0
14.0
15.0
15.0
16.0
16.0
14.0
15.0
14.0
15.0
15.0
15.0
15.0
15.0
15.0
15.0
15.0
15.0
15.0
15.0
15.0
15.0
16.0
15.0
15.0
15.0
15.0
15.0
15.0
15.0
15.0
15.0
15.0
15.0
16.0
15.0
15.0
15.0
15.0
16.0
15.0
15.0
15.0
16.0
4029.0
4015.0
4014.0
4016.0
4015.0
3938.0
3939.0
3984.0
3983.0
3982.0
3912.0
3926.0
3933.0
3933.0
3911.0
3913.0
3914.0
3925.0
3911.0
3916.0
3924.0
3931.0
3942.0
3966.0
3922.0
3961.0
3997.0
3986.0
3953.0
3986.0
4027.0
3982.0
3990.0
3979.0
3986.0
15.0
16.0
15.0
15.0
16.0
15.0
15.0
16.0
15.0
15.0
15.0
15.0
15.0
15.0
15.0
15.0
15.0
15.0
16.0
15.0
15.0
15.0
15.0
15.0
15.0
15.0
15.0
15.0
15.0
16.0
15.0
15.0
15.0
15.0
15.0
15.0
16.0
15.0
15.0
15.0
15.0
15.0
15.0
15.0
15.0
15.0
15.0
15.0
15.0
15.0
15.0
15.0
15.0
15.0
15.0
16.0
15.0
15.0
14.0
15.0
15.0
15.0
15.0
15.0
16.0
3921.0
3937.0
3965.0
3962.0
3969.0
3918.0
3929.0
3920.0
3917.0
3922.0
3918.0
3918.0
3913.0
3912.0
3917.0
3908.0
3920.0
3914.0
3906.0
3917.0
3955.0
3961.0
3929.0
3931.0
3928.0
4011.0
4029.0
3988.0
3982.0
3987.0
3953.0
3945.0
3961.0
3960.0
3965.0
16.0
16.0
15.0
15.0
16.0
15.0
15.0
15.0
16.0
15.0
16.0
16.0
15.0
15.0
16.0
15.0
15.0
15.0
15.0
15.0
15.0
15.0
15.0
15.0
15.0
15.0
15.0
15.0
15.0
15.0
15.0
16.0
15.0
15.0
15.0
16.0
15.0
15.0
15.0
15.0
15.0
15.0
15.0
15.0
15.0
15.0
15.0
16.0
15.0
15.0
15.0
15.0
15.0
15.0
15.0
15.0
15.0
15.0
15.0
15.0
15.0
16.0
15.0
15.0
16.0
3912.0
3918.0
3943.0
3918.0
3926.0
3919.0
3918.0
3910.0
3910.0
3912.0
3908.0
3915.0
3916.0
3920.0
3911.0
3961.0
3966.0
3930.0
3916.0
3915.0
3960.0
3971.0
3966.0
3976.0
3964.0
3914.0
3917.0
3990.0
3983.0
3993.0
3924.0
3948.0
3991.0
3942.0
3946.0
14.0
14.0
13.0
14.0
14.0
14.0
14.0
13.0
13.0
13.0
13.0
14.0
14.0
14.0
14.0
14.0
13.0
13.0
14.0
13.0
14.0
14.0
14.0
14.0
13.0
14.0
14.0
13.0
14.0
13.0
13.0
14.0
13.0
13.0
14.0
14.0
14.0
14.0
13.0
13.0
13.0
21.0
21.0
14.0
15.0
15.0
14.0
13.0
13.0
14.0
14.0
14.0
14.0
14.0
13.0
13.0
13.0
14.0
14.0
14.0
13.0
14.0
13.0
13.0
14.0
14.0
14.0
14.0
13.0
14.0
13.0
14.0
14.0
14.0
14.0
14.0
14.0
14.0
13.0
14.0
14.0
14.0
14.0
13.0
14.0
14.0
14.0
14.0
13.0
14.0
13.0
13.0
14.0
14.0
14.0
14.0
13.0
14.0
13.0
14.0
15.0
15.0
15.0
14.0
13.0
16.0
15.0
15.0
14.0
13.0
15.0
16.0
16.0
17.0
18.0
18.0
18.0
17.0
17.0
14.0
16.0
16.0
16.0
14.0
13.0
15.0
15.0
16.0
15.0
13.0
15.0
15.0
16.0
15.0
13.0
16.0
15.0
15.0
14.0
13.0
15.0
15.0
15.0
13.0
13.0
16.0
14.0
14.0
13.0
13.0
15.0
15.0
15.0
14.0
13.0
15.0
14.0
15.0
13.0
72.0
73.0
16.0
15.0
13.0
13.0
3925.0
3923.0
3934.0
3927.0
3930.0
3928.0
3931.0
3931.0
3943.0
3935.0
3921.0
3924.0
3915.0
3914.0
3913.0
3964.0
3965.0
3973.0
3987.0
3978.0
3979.0
3976.0
3992.0
3992.0
3994.0
3944.0
3943.0
3945.0
3928.0
3947.0
3982.0
3946.0
3936.0
3938.0
3938.0
15.0
15.0
16.0
14.0
14.0
16.0
15.0
15.0
14.0
13.0
15.0
15.0
21.0
20.0
20.0
22.0
16.0
16.0
13.0
14.0
15.0
15.0
15.0
14.0
14.0
15.0
15.0
15.0
13.0
13.0
15.0
16.0
16.0
13.0
13.0
15.0
15.0
15.0
13.0
13.0
15.0
15.0
15.0
14.0
13.0
15.0
15.0
15.0
14.0
13.0
15.0
15.0
15.0
13.0
13.0
15.0
15.0
15.0
13.0
13.0
15.0
15.0
15.0
14.0
13.0
4046.0
3989.0
4046.0
4028.0
4083.0
3944.0
3944.0
3966.0
3963.0
4028.0
3968.0
3948.0
3967.0
3966.0
3979.0
4012.0
3996.0
3997.0
3997.0
3934.0
3952.0
3933.0
3932.0
3932.0
3965.0
3967.0
3947.0
3975.0
3974.0
3952.0
4008.0
4004.0
3997.0
4051.0
4012.0
17.0
16.0
15.0
13.0
13.0
15.0
15.0
15.0
14.0
13.0
16.0
15.0
15.0
15.0
13.0
15.0
15.0
15.0
14.0
13.0
15.0
15.0
15.0
13.0
13.0
15.0
16.0
14.0
13.0
14.0
16.0
15.0
15.0
13.0
13.0
15.0
15.0
15.0
14.0
13.0
15.0
15.0
15.0
14.0
13.0
15.0
15.0
15.0
14.0
13.0
15.0
15.0
15.0
13.0
13.0
15.0
14.0
15.0
13.0
13.0
15.0
15.0
15.0
14.0
14.0
3974.0
3929.0
4024.0
4014.0
4022.0
3938.0
3974.0
3948.0
3988.0
3963.0
4005.0
4020.0
3932.0
3960.0
3965.0
3941.0
3939.0
3965.0
3940.0
3939.0
3940.0
3950.0
3907.0
3909.0
3912.0
3995.0
3992.0
3999.0
3993.0
3993.0
3944.0
3957.0
4011.0
4009.0
3966.0
16.0
15.0
15.0
15.0
13.0
16.0
16.0
15.0
13.0
13.0
16.0
15.0
15.0
14.0
13.0
15.0
15.0
15.0
14.0
13.0
15.0
15.0
15.0
14.0
13.0
15.0
15.0
15.0
14.0
13.0
16.0
15.0
16.0
13.0
14.0
15.0
15.0
14.0
13.0
13.0
15.0
16.0
14.0
13.0
13.0
15.0
16.0
15.0
14.0
13.0
16.0
15.0
15.0
14.0
13.0
15.0
15.0
15.0
14.0
13.0
16.0
15.0
15.0
14.0
13.0
3980.0
3980.0
3977.0
3973.0
15.0
3983.0
4018.0
4025.0
3934.0
14.0
3981.0
3977.0
3937.0
3935.0
14.0
3938.0
3934.0
3938.0
3932.0
13.0
3949.0
3899.0
3910.0
3928.0
13.0
3981.0
3981.0
3980.0
3979.0
13.0
3978.0
3934.0
4002.0
4001.0
14.0
15.0
15.0
15.0
13.0
13.0
15.0
15.0
15.0
13.0
13.0
15.0
15.0
15.0
13.0
13.0
15.0
15.0
14.0
13.0
13.0
16.0
15.0
15.0
13.0
13.0
15.0
15.0
15.0
13.0
13.0
15.0
15.0
15.0
13.0
13.0
15.0
15.0
15.0
14.0
13.0
15.0
15.0
15.0
14.0
13.0
15.0
15.0
15.0
13.0
13.0
15.0
14.0
15.0
13.0
13.0
15.0
15.0
15.0
13.0
13.0
15.0
15.0
14.0
13.0
14.0
3978.0
3991.0
3932.0
3934.0
14.0
3933.0
3931.0
3934.0
3995.0
13.0
3952.0
3925.0
3939.0
3926.0
14.0
3931.0
3958.0
3965.0
3925.0
13.0
3956.0
3954.0
3966.0
3911.0
14.0
3962.0
3954.0
3997.0
3992.0
15.0
4030.0
4023.0
4003.0
3994.0
13.0
16.0
15.0
15.0
14.0
13.0
15.0
15.0
15.0
13.0
13.0
15.0
15.0
14.0
14.0
13.0
15.0
15.0
15.0
14.0
13.0
15.0
15.0
15.0
14.0
13.0
15.0
15.0
15.0
14.0
13.0
15.0
15.0
15.0
13.0
13.0
15.0
16.0
15.0
13.0
13.0
16.0
15.0
15.0
14.0
13.0
15.0
15.0
14.0
14.0
13.0
15.0
15.0
15.0
14.0
13.0
15.0
16.0
15.0
14.0
13.0
16.0
15.0
15.0
13.0
13.0
3996.0
3983.0
3997.0
3996.0
14.0
4008.0
3999.0
3976.0
3975.0
16.0
3960.0
3990.0
3991.0
4002.0
14.0
3954.0
3956.0
3978.0
3978.0
15.0
3979.0
3978.0
3963.0
3950.0
13.0
3978.0
3981.0
4059.0
4048.0
14.0
3971.0
3961.0
3945.0
3941.0
15.0
15.0
15.0
15.0
14.0
13.0
16.0
15.0
15.0
13.0
13.0
15.0
15.0
15.0
13.0
13.0
15.0
15.0
15.0
14.0
13.0
16.0
15.0
15.0
13.0
13.0
15.0
16.0
15.0
13.0
14.0
15.0
15.0
15.0
13.0
13.0
15.0
16.0
15.0
13.0
14.0
15.0
16.0
15.0
13.0
13.0
15.0
15.0
15.0
13.0
13.0
15.0
15.0
19.0
15.0
14.0
16.0
16.0
15.0
14.0
13.0
15.0
16.0
15.0
20.0
14.0
3938.0
3989.0
4037.0
13.0
82.0
3972.0
3958.0
3952.0
14.0
13.0
3971.0
3967.0
3964.0
14.0
13.0
3971.0
4007.0
3968.0
14.0
13.0
3972.0
3964.0
3978.0
15.0
14.0
3975.0
4023.0
4021.0
15.0
14.0
4025.0
4024.0
3958.0
13.0
13.0
15.0
15.0
15.0
14.0
13.0
15.0
15.0
15.0
13.0
13.0
15.0
15.0
15.0
13.0
13.0
16.0
15.0
15.0
13.0
13.0
15.0
15.0
15.0
13.0
13.0
15.0
15.0
14.0
13.0
13.0
15.0
15.0
15.0
14.0
13.0
16.0
15.0
15.0
14.0
13.0
16.0
15.0
15.0
14.0
14.0
15.0
16.0
16.0
42.0
14.0
15.0
15.0
15.0
14.0
13.0
15.0
15.0
15.0
14.0
13.0
15.0
15.0
15.0
13.0
14.0
3967.0
3982.0
3978.0
14.0
13.0
3970.0
3973.0
3931.0
14.0
13.0
3923.0
3927.0
3927.0
14.0
13.0
3941.0
3930.0
3922.0
13.0
13.0
3937.0
3929.0
3926.0
22.0
14.0
3920.0
3913.0
3911.0
14.0
13.0
3922.0
3972.0
3919.0
14.0
13.0
15.0
16.0
15.0
14.0
13.0
15.0
15.0
15.0
13.0
13.0
15.0
15.0
15.0
13.0
13.0
15.0
15.0
15.0
14.0
12.0
16.0
15.0
15.0
13.0
13.0
15.0
15.0
15.0
13.0
13.0
15.0
16.0
14.0
14.0
13.0
15.0
15.0
15.0
14.0
13.0
15.0
15.0
15.0
14.0
13.0
15.0
15.0
15.0
13.0
13.0
15.0
15.0
15.0
13.0
13.0
16.0
15.0
15.0
13.0
13.0
15.0
15.0
15.0
13.0
15.0
3925.0
3924.0
3942.0
14.0
13.0
3921.0
3976.0
3976.0
13.0
14.0
3976.0
3979.0
3923.0
13.0
13.0
3982.0
3998.0
4034.0
13.0
13.0
3998.0
3989.0
3939.0
15.0
13.0
3941.0
3919.0
3916.0
14.0
14.0
3853.0
3605.0
3524.0
13.0
13.0
14.0
13.0
13.0
13.0
13.0
13.0
13.0
14.0
14.0
12.0
13.0
13.0
13.0
14.0
13.0
13.0
14.0
14.0
13.0
13.0
13.0
14.0
14.0
13.0
13.0
14.0
13.0
14.0
13.0
13.0
14.0
14.0
14.0
14.0
13.0
14.0
13.0
14.0
13.0
13.0
14.0
14.0
14.0
13.0
13.0
13.0
14.0
14.0
13.0
13.0
14.0
14.0
14.0
13.0
13.0
14.0
14.0
14.0
13.0
13.0
14.0
14.0
14.0
13.0
13.0
14.0
13.0
14.0
13.0
13.0
14.0
14.0
13.0
13.0
13.0
13.0
14.0
13.0
13.0
13.0
14.0
14.0
13.0
13.0
13.0
14.0
14.0
14.0
14.0
13.0
14.0
13.0
13.0
13.0
13.0
14.0
14.0
14.0
13.0
13.0
