8.0
7.0
11.0
11.0
7.0
7.0
7.0
6.0
10.0
10.0
60.0
224.0
127.0
128.0
126.0
126.0
127.0
126.0
186.0
224.0
145.0
126.0
128.0
126.0
126.0
127.0
127.0
127.0
110.0
226.0
61.0
127.0
128.0
128.0
126.0
127.0
128.0
222.0
125.0
102.0
125.0
115.0
126.0
126.0
127.0
127.0
102.0
125.0
152.0
103.0
34.0
125.0
126.0
127.0
126.0
125.0
103.0
125.0
125.0
109.0
111.0
109.0
125.0
126.0
127.0
127.0
126.0
126.0
125.0
110.0
30.0
110.0
112.0
125.0
124.0
125.0
126.0
127.0
125.0
197.0
111.0
188.0
187.0
198.0
198.0
198.0
197.0
197.0
197.0
190.0
31.0
112.0
113.0
113.0
121.0
120.0
120.0
121.0
121.0
122.0
113.0
112.0
113.0
113.0
121.0
121.0
120.0
121.0
121.0
112.0
33.0
113.0
112.0
113.0
121.0
121.0
121.0
121.0
121.0
120.0
113.0
113.0
114.0
113.0
121.0
120.0
120.0
121.0
120.0
121.0
31.0
112.0
112.0
113.0
113.0
121.0
120.0
121.0
120.0
121.0
120.0
113.0
112.0
112.0
113.0
122.0
121.0
121.0
121.0
121.0
33.0
113.0
113.0
113.0
114.0
121.0
121.0
120.0
120.0
121.0
121.0
113.0
113.0
113.0
112.0
120.0
121.0
125.0
125.0
124.0
32.0
119.0
117.0
119.0
118.0
125.0
124.0
124.0
121.0
121.0
112.0
121.0
113.0
113.0
113.0
120.0
120.0
120.0
113.0
112.0
33.0
121.0
121.0
113.0
112.0
120.0
121.0
121.0
121.0
113.0
113.0
112.0
121.0
112.0
121.0
121.0
120.0
120.0
115.0
105.0
34.0
34.0
59.0
59.0
34.0
34.0
35.0
34.0
10.0
10.0
224.0
221.0
126.0
128.0
127.0
126.0
126.0
125.0
11.0
10.0
224.0
195.0
129.0
126.0
126.0
126.0
126.0
126.0
6.0
11.0
102.0
179.0
127.0
125.0
124.0
126.0
126.0
127.0
6.0
11.0
127.0
162.0
104.0
126.0
125.0
128.0
125.0
126.0
7.0
7.0
128.0
104.0
126.0
103.0
125.0
126.0
104.0
125.0
7.0
6.0
126.0
127.0
126.0
104.0
121.0
126.0
126.0
109.0
7.0
6.0
125.0
109.0
126.0
126.0
127.0
110.0
126.0
131.0
7.0
6.0
137.0
120.0
123.0
133.0
123.0
177.0
179.0
132.0
9.0
7.0
127.0
125.0
115.0
123.0
115.0
114.0
125.0
124.0
6.0
6.0
125.0
126.0
125.0
127.0
115.0
126.0
115.0
116.0
6.0
6.0
124.0
123.0
123.0
124.0
118.0
118.0
122.0
122.0
6.0
5.0
118.0
117.0
124.0
123.0
122.0
120.0
117.0
118.0
6.0
6.0
119.0
118.0
116.0
116.0
116.0
116.0
117.0
116.0
6.0
5.0
116.0
117.0
116.0
115.0
117.0
117.0
116.0
116.0
5.0
5.0
117.0
116.0
117.0
117.0
117.0
116.0
117.0
116.0
6.0
5.0
116.0
116.0
115.0
117.0
116.0
117.0
116.0
116.0
6.0
5.0
117.0
116.0
116.0
116.0
117.0
116.0
118.0
117.0
6.0
5.0
117.0
117.0
117.0
117.0
120.0
121.0
120.0
121.0
5.0
6.0
121.0
121.0
120.0
120.0
120.0
123.0
116.0
116.0
5.0
5.0
31.0
31.0
30.0
30.0
30.0
30.0
31.0
30.0
5.0
5.0
116.0
116.0
116.0
116.0
116.0
116.0
116.0
115.0
5.0
5.0
116.0
115.0
116.0
117.0
116.0
115.0
115.0
116.0
5.0
5.0
116.0
116.0
115.0
116.0
139.0
139.0
138.0
139.0
5.0
4.0
138.0
138.0
137.0
138.0
137.0
137.0
117.0
117.0
5.0
5.0
116.0
116.0
115.0
115.0
116.0
116.0
116.0
116.0
5.0
5.0
116.0
116.0
116.0
116.0
116.0
116.0
115.0
116.0
5.0
5.0
115.0
116.0
116.0
117.0
116.0
117.0
116.0
116.0
4.0
5.0
116.0
116.0
116.0
116.0
117.0
118.0
116.0
116.0
5.0
5.0
115.0
117.0
115.0
116.0
115.0
116.0
117.0
116.0
5.0
5.0
116.0
116.0
116.0
117.0
119.0
117.0
117.0
116.0
4.0
5.0
116.0
116.0
117.0
117.0
115.0
117.0
117.0
116.0
5.0
5.0
117.0
116.0
117.0
117.0
116.0
117.0
115.0
116.0
5.0
5.0
116.0
116.0
115.0
116.0
115.0
115.0
116.0
116.0
5.0
5.0
116.0
115.0
117.0
115.0
116.0
115.0
120.0
121.0
5.0
5.0
120.0
120.0
120.0
120.0
121.0
120.0
120.0
119.0
5.0
5.0
117.0
116.0
117.0
116.0
115.0
115.0
115.0
117.0
5.0
5.0
116.0
116.0
116.0
116.0
115.0
116.0
116.0
116.0
5.0
4.0
115.0
117.0
116.0
115.0
117.0
117.0
116.0
116.0
5.0
5.0
116.0
116.0
116.0
117.0
115.0
115.0
116.0
117.0
5.0
5.0
31.0
31.0
30.0
30.0
30.0
31.0
31.0
31.0
5.0
5.0
116.0
115.0
115.0
116.0
116.0
117.0
117.0
115.0
4.0
4.0
117.0
116.0
117.0
117.0
117.0
117.0
117.0
117.0
5.0
5.0
116.0
115.0
116.0
115.0
116.0
116.0
116.0
115.0
5.0
5.0
116.0
115.0
116.0
117.0
116.0
116.0
116.0
116.0
5.0
5.0
116.0
116.0
117.0
117.0
116.0
116.0
119.0
119.0
5.0
5.0
120.0
120.0
120.0
120.0
119.0
120.0
120.0
120.0
5.0
5.0
117.0
116.0
116.0
115.0
116.0
116.0
115.0
116.0
5.0
5.0
117.0
116.0
117.0
116.0
115.0
116.0
115.0
116.0
5.0
4.0
115.0
115.0
116.0
116.0
116.0
116.0
116.0
115.0
5.0
5.0
116.0
115.0
117.0
117.0
118.0
118.0
117.0
117.0
5.0
5.0
116.0
116.0
116.0
116.0
118.0
116.0
117.0
116.0
4.0
4.0
117.0
117.0
116.0
115.0
116.0
116.0
116.0
115.0
5.0
5.0
116.0
116.0
148.0
148.0
146.0
146.0
147.0
147.0
5.0
4.0
147.0
148.0
148.0
147.0
116.0
116.0
116.0
117.0
5.0
5.0
116.0
115.0
117.0
116.0
117.0
115.0
116.0
117.0
5.0
5.0
116.0
115.0
116.0
116.0
116.0
116.0
116.0
117.0
5.0
5.0
117.0
116.0
116.0
116.0
115.0
115.0
116.0
116.0
5.0
5.0
116.0
115.0
115.0
115.0
115.0
115.0
116.0
116.0
5.0
5.0
115.0
116.0
116.0
116.0
117.0
116.0
116.0
116.0
5.0
5.0
31.0
31.0
30.0
31.0
30.0
31.0
31.0
31.0
5.0
5.0
116.0
116.0
115.0
116.0
117.0
116.0
116.0
116.0
5.0
5.0
116.0
116.0
117.0
118.0
116.0
116.0
116.0
117.0
5.0
5.0
116.0
115.0
115.0
116.0
116.0
115.0
116.0
116.0
4.0
5.0
117.0
115.0
117.0
116.0
117.0
118.0
118.0
119.0
5.0
5.0
118.0
118.0
117.0
117.0
116.0
117.0
117.0
116.0
5.0
5.0
116.0
117.0
116.0
115.0
117.0
116.0
117.0
117.0
5.0
5.0
116.0
116.0
115.0
116.0
116.0
116.0
117.0
117.0
5.0
5.0
116.0
117.0
116.0
116.0
115.0
117.0
116.0
116.0
4.0
5.0
116.0
115.0
117.0
116.0
116.0
116.0
116.0
117.0
5.0
5.0
116.0
116.0
117.0
117.0
117.0
117.0
116.0
116.0
6.0
5.0
116.0
116.0
116.0
117.0
116.0
117.0
117.0
116.0
5.0
5.0
116.0
116.0
116.0
118.0
116.0
115.0
117.0
116.0
5.0
5.0
115.0
117.0
116.0
116.0
116.0
116.0
116.0
116.0
5.0
5.0
117.0
116.0
117.0
117.0
116.0
116.0
116.0
118.0
5.0
5.0
116.0
117.0
117.0
117.0
117.0
117.0
117.0
117.0
6.0
5.0
117.0
116.0
115.0
116.0
116.0
116.0
116.0
117.0
5.0
5.0
116.0
116.0
117.0
116.0
117.0
116.0
116.0
116.0
5.0
5.0
116.0
116.0
116.0
116.0
115.0
115.0
115.0
116.0
5.0
5.0
115.0
115.0
115.0
115.0
116.0
116.0
116.0
115.0
5.0
5.0
30.0
31.0
31.0
30.0
30.0
31.0
31.0
30.0
5.0
5.0
116.0
116.0
116.0
116.0
115.0
115.0
115.0
116.0
5.0
5.0
116.0
117.0
115.0
116.0
115.0
116.0
115.0
155.0
4.0
5.0
156.0
156.0
155.0
156.0
157.0
156.0
156.0
155.0
45.0
6.0
116.0
117.0
115.0
116.0
117.0
116.0
116.0
116.0
5.0
5.0
116.0
115.0
117.0
116.0
117.0
116.0
117.0
116.0
5.0
5.0
116.0
116.0
116.0
117.0
116.0
116.0
116.0
116.0
5.0
5.0
117.0
116.0
117.0
117.0
116.0
117.0
116.0
116.0
5.0
5.0
115.0
116.0
116.0
117.0
118.0
117.0
116.0
116.0
5.0
4.0
117.0
115.0
116.0
116.0
116.0
116.0
117.0
117.0
5.0
5.0
116.0
116.0
116.0
117.0
117.0
116.0
116.0
118.0
5.0
5.0
116.0
116.0
116.0
115.0
116.0
117.0
115.0
116.0
5.0
5.0
116.0
117.0
117.0
116.0
116.0
116.0
116.0
117.0
5.0
5.0
116.0
116.0
115.0
117.0
120.0
121.0
120.0
119.0
5.0
6.0
119.0
120.0
119.0
119.0
120.0
119.0
117.0
117.0
4.0
4.0
116.0
115.0
115.0
116.0
115.0
116.0
116.0
116.0
5.0
5.0
115.0
116.0
116.0
117.0
115.0
115.0
118.0
117.0
4.0
5.0
115.0
114.0
115.0
116.0
117.0
116.0
116.0
115.0
5.0
5.0
115.0
116.0
116.0
116.0
116.0
115.0
116.0
116.0
5.0
5.0
115.0
115.0
116.0
116.0
116.0
115.0
116.0
115.0
5.0
5.0
30.0
31.0
31.0
30.0
31.0
30.0
30.0
30.0
5.0
5.0
116.0
115.0
116.0
116.0
116.0
115.0
116.0
116.0
5.0
5.0
116.0
116.0
116.0
115.0
116.0
116.0
115.0
116.0
4.0
5.0
115.0
116.0
116.0
115.0
117.0
116.0
115.0
116.0
5.0
5.0
116.0
116.0
115.0
115.0
116.0
116.0
120.0
120.0
5.0
5.0
121.0
121.0
121.0
120.0
120.0
120.0
120.0
120.0
5.0
5.0
117.0
116.0
116.0
116.0
116.0
116.0
115.0
116.0
5.0
5.0
120.0
117.0
118.0
117.0
119.0
118.0
117.0
118.0
5.0
5.0
117.0
119.0
117.0
116.0
117.0
116.0
116.0
117.0
5.0
5.0
117.0
116.0
116.0
116.0
118.0
117.0
116.0
116.0
5.0
5.0
116.0
116.0
117.0
117.0
117.0
116.0
116.0
118.0
5.0
5.0
116.0
116.0
116.0
116.0
115.0
116.0
116.0
165.0
5.0
5.0
164.0
166.0
164.0
164.0
165.0
165.0
166.0
164.0
53.0
5.0
116.0
117.0
118.0
116.0
117.0
117.0
116.0
117.0
5.0
5.0
117.0
116.0
117.0
116.0
117.0
116.0
116.0
117.0
5.0
5.0
116.0
116.0
115.0
116.0
116.0
116.0
116.0
117.0
5.0
5.0
116.0
116.0
115.0
117.0
117.0
116.0
116.0
116.0
5.0
5.0
117.0
116.0
116.0
116.0
116.0
118.0
115.0
116.0
5.0
5.0
116.0
116.0
117.0
116.0
117.0
116.0
115.0
116.0
5.0
5.0
116.0
116.0
117.0
117.0
116.0
116.0
116.0
116.0
5.0
5.0
31.0
31.0
31.0
31.0
31.0
31.0
32.0
31.0
6.0
5.0
115.0
118.0
116.0
116.0
117.0
115.0
115.0
116.0
5.0
6.0
117.0
116.0
115.0
117.0
119.0
117.0
115.0
117.0
4.0
5.0
115.0
115.0
120.0
121.0
120.0
120.0
120.0
121.0
5.0
5.0
120.0
121.0
121.0
120.0
117.0
116.0
116.0
116.0
5.0
5.0
116.0
116.0
115.0
116.0
116.0
116.0
116.0
116.0
5.0
5.0
115.0
115.0
116.0
116.0
117.0
116.0
115.0
115.0
5.0
5.0
116.0
115.0
115.0
116.0
116.0
116.0
116.0
116.0
5.0
5.0
116.0
116.0
116.0
115.0
116.0
116.0
116.0
116.0
5.0
5.0
117.0
116.0
115.0
115.0
116.0
117.0
116.0
116.0
5.0
5.0
117.0
117.0
116.0
115.0
116.0
115.0
116.0
117.0
5.0
5.0
115.0
115.0
116.0
116.0
116.0
116.0
115.0
116.0
5.0
5.0
116.0
116.0
117.0
116.0
116.0
116.0
116.0
116.0
5.0
4.0
116.0
115.0
116.0
116.0
120.0
119.0
120.0
120.0
5.0
5.0
120.0
120.0
121.0
121.0
120.0
120.0
117.0
117.0
5.0
4.0
116.0
115.0
116.0
116.0
115.0
115.0
116.0
116.0
5.0
5.0
115.0
115.0
115.0
116.0
116.0
116.0
116.0
115.0
5.0
5.0
116.0
116.0
116.0
116.0
115.0
116.0
116.0
115.0
5.0
5.0
116.0
116.0
116.0
116.0
116.0
116.0
116.0
117.0
5.0
5.0
115.0
115.0
116.0
116.0
117.0
116.0
116.0
116.0
4.0
5.0
31.0
30.0
31.0
30.0
30.0
30.0
31.0
26.0
5.0
5.0
174.0
174.0
173.0
174.0
174.0
174.0
174.0
170.0
5.0
5.0
173.0
173.0
116.0
116.0
116.0
117.0
116.0
112.0
5.0
5.0
116.0
117.0
117.0
117.0
116.0
116.0
115.0
112.0
5.0
5.0
116.0
115.0
116.0
116.0
116.0
116.0
116.0
111.0
5.0
5.0
115.0
115.0
117.0
117.0
117.0
117.0
116.0
111.0
5.0
5.0
115.0
115.0
115.0
116.0
116.0
116.0
116.0
112.0
5.0
5.0
116.0
116.0
116.0
116.0
116.0
115.0
117.0
112.0
5.0
5.0
117.0
116.0
116.0
116.0
116.0
116.0
117.0
111.0
5.0
5.0
116.0
116.0
116.0
116.0
116.0
115.0
116.0
112.0
5.0
6.0
115.0
116.0
115.0
117.0
117.0
116.0
116.0
110.0
5.0
5.0
116.0
115.0
116.0
117.0
117.0
118.0
118.0
113.0
4.0
5.0
120.0
119.0
119.0
120.0
119.0
120.0
120.0
114.0
5.0
5.0
118.0
118.0
116.0
116.0
116.0
116.0
115.0
112.0
5.0
5.0
117.0
116.0
116.0
116.0
116.0
116.0
116.0
111.0
5.0
5.0
116.0
117.0
116.0
116.0
117.0
116.0
116.0
111.0
4.0
5.0
116.0
115.0
116.0
115.0
116.0
116.0
116.0
111.0
5.0
5.0
115.0
116.0
116.0
115.0
115.0
117.0
116.0
112.0
5.0
5.0
117.0
117.0
115.0
116.0
115.0
116.0
115.0
112.0
5.0
4.0
116.0
117.0
116.0
115.0
115.0
115.0
116.0
111.0
5.0
4.0
31.0
31.0
31.0
31.0
31.0
31.0
30.0
5.0
5.0
5.0
116.0
116.0
115.0
116.0
117.0
116.0
115.0
5.0
5.0
5.0
115.0
117.0
116.0
116.0
116.0
116.0
116.0
5.0
5.0
4.0
117.0
116.0
116.0
115.0
120.0
120.0
122.0
5.0
5.0
5.0
120.0
120.0
121.0
120.0
120.0
121.0
120.0
5.0
5.0
5.0
115.0
115.0
117.0
116.0
116.0
117.0
116.0
5.0
4.0
5.0
117.0
115.0
116.0
117.0
116.0
115.0
117.0
5.0
5.0
5.0
116.0
116.0
116.0
116.0
115.0
116.0
116.0
5.0
5.0
5.0
116.0
117.0
117.0
115.0
116.0
117.0
116.0
5.0
5.0
5.0
117.0
116.0
116.0
116.0
116.0
115.0
117.0
5.0
5.0
5.0
115.0
116.0
116.0
116.0
115.0
184.0
188.0
5.0
5.0
4.0
195.0
191.0
198.0
191.0
192.0
192.0
193.0
4.0
5.0
5.0
194.0
124.0
123.0
118.0
118.0
119.0
118.0
4.0
5.0
4.0
118.0
117.0
118.0
120.0
120.0
118.0
118.0
5.0
5.0
5.0
119.0
118.0
119.0
117.0
118.0
118.0
119.0
5.0
5.0
5.0
121.0
119.0
118.0
118.0
118.0
119.0
117.0
5.0
4.0
5.0
118.0
118.0
119.0
118.0
119.0
118.0
120.0
5.0
5.0
5.0
118.0
118.0
120.0
118.0
118.0
121.0
119.0
4.0
5.0
5.0
120.0
118.0
119.0
118.0
118.0
119.0
118.0
5.0
5.0
5.0
118.0
119.0
119.0
120.0
119.0
119.0
118.0
5.0
5.0
5.0
31.0
31.0
31.0
31.0
5.0
4.0
5.0
4.0
5.0
5.0
120.0
120.0
118.0
117.0
5.0
5.0
5.0
5.0
5.0
5.0
117.0
118.0
120.0
117.0
5.0
5.0
5.0
5.0
5.0
5.0
118.0
118.0
119.0
121.0
5.0
5.0
5.0
5.0
5.0
5.0
118.0
118.0
120.0
123.0
4.0
4.0
4.0
5.0
5.0
5.0
124.0
121.0
123.0
121.0
5.0
5.0
5.0
5.0
5.0
5.0
124.0
121.0
121.0
124.0
5.0
5.0
5.0
5.0
5.0
5.0
118.0
120.0
116.0
121.0
5.0
5.0
5.0
5.0
5.0
5.0
120.0
116.0
115.0
116.0
5.0
5.0
5.0
5.0
5.0
5.0
117.0
117.0
116.0
117.0
5.0
5.0
5.0
5.0
5.0
4.0
116.0
117.0
117.0
116.0
4.0
5.0
5.0
5.0
5.0
5.0
116.0
115.0
116.0
116.0
5.0
5.0
5.0
5.0
5.0
4.0
116.0
116.0
116.0
116.0
5.0
4.0
5.0
4.0
5.0
5.0
115.0
116.0
117.0
116.0
5.0
5.0
4.0
4.0
5.0
5.0
116.0
116.0
116.0
116.0
5.0
5.0
4.0
5.0
5.0
5.0
115.0
116.0
118.0
116.0
5.0
5.0
5.0
5.0
5.0
5.0
117.0
116.0
116.0
115.0
4.0
5.0
5.0
4.0
5.0
5.0
116.0
115.0
115.0
115.0
5.0
5.0
4.0
5.0
5.0
4.0
115.0
116.0
113.0
113.0
5.0
5.0
5.0
4.0
5.0
4.0
111.0
111.0
110.0
112.0
5.0
5.0
5.0
5.0
5.0
4.0
