2.0
1.0
1.0
0.0
1.0
1.0
1.0
1.0
1.0
1.0
9.0
7.0
5.0
5.0
4.0
4.0
4.0
5.0
8.0
8.0
27.0
26.0
26.0
26.0
26.0
25.0
47.0
46.0
46.0
46.0
27.0
26.0
26.0
26.0
26.0
25.0
46.0
46.0
46.0
47.0
264.0
263.0
263.0
262.0
264.0
263.0
475.0
285.0
246.0
473.0
257.0
255.0
284.0
255.0
256.0
257.0
236.0
256.0
258.0
258.0
258.0
257.0
256.0
257.0
256.0
219.0
209.0
257.0
209.0
208.0
258.0
256.0
256.0
256.0
255.0
257.0
257.0
255.0
221.0
220.0
263.0
262.0
261.0
262.0
259.0
262.0
260.0
253.0
213.0
214.0
255.0
254.0
256.0
263.0
255.0
255.0
254.0
221.0
283.0
223.0
248.0
249.0
247.0
248.0
248.0
247.0
405.0
221.0
221.0
404.0
224.0
248.0
248.0
247.0
247.0
248.0
249.0
222.0
416.0
232.0
257.0
256.0
256.0
256.0
257.0
255.0
233.0
415.0
223.0
222.0
251.0
250.0
250.0
249.0
251.0
248.0
407.0
223.0
407.0
222.0
251.0
249.0
250.0
250.0
250.0
249.0
222.0
224.0
428.0
249.0
250.0
249.0
249.0
249.0
250.0
393.0
254.0
245.0
282.0
281.0
282.0
283.0
284.0
282.0
259.0
221.0
240.0
269.0
253.0
254.0
255.0
253.0
253.0
253.0
223.0
389.0
223.0
408.0
250.0
249.0
250.0
250.0
250.0
249.0
221.0
222.0
418.0
248.0
249.0
249.0
251.0
249.0
249.0
224.0
223.0
414.0
256.0
257.0
256.0
257.0
258.0
256.0
233.0
235.0
280.0
211.0
232.0
232.0
232.0
232.0
5.0
7.0
6.0
4.0
4.0
5.0
4.0
4.0
6.0
6.0
5.0
4.0
4.0
3.0
4.0
4.0
7.0
7.0
7.0
6.0
5.0
4.0
3.0
3.0
4.0
4.0
4.0
4.0
4.0
3.0
9.0
4.0
4.0
7.0
7.0
7.0
4.0
4.0
4.0
4.0
5.0
4.0
4.0
4.0
4.0
4.0
6.0
6.0
7.0
4.0
7.0
4.0
4.0
4.0
4.0
4.0
4.0
4.0
7.0
7.0
4.0
4.0
4.0
7.0
4.0
7.0
4.0
4.0
4.0
4.0
4.0
4.0
4.0
3.0
7.0
7.0
6.0
3.0
3.0
7.0
4.0
1.0
1.0
1.0
1.0
1.0
1.0
1.0
0.0
1.0
1.0
1.0
1.0
0.0
1.0
1.0
1.0
1.0
1.0
1.0
26.0
47.0
46.0
25.0
26.0
26.0
26.0
25.0
46.0
45.0
27.0
26.0
25.0
25.0
25.0
26.0
50.0
50.0
50.0
50.0
26.0
25.0
26.0
26.0
25.0
25.0
30.0
29.0
29.0
30.0
31.0
30.0
46.0
46.0
46.0
46.0
26.0
26.0
26.0
25.0
27.0
26.0
25.0
25.0
25.0
26.0
25.0
25.0
46.0
46.0
47.0
46.0
25.0
25.0
25.0
25.0
26.0
26.0
26.0
26.0
26.0
26.0
25.0
25.0
46.0
46.0
45.0
46.0
25.0
25.0
26.0
25.0
25.0
26.0
25.0
26.0
45.0
25.0
46.0
25.0
26.0
40.0
40.0
22.0
22.0
22.0
23.0
22.0
22.0
22.0
2.0
2.0
1.0
1.0
1.0
2.0
1.0
1.0
1.0
1.0
48.0
26.0
26.0
46.0
46.0
26.0
25.0
25.0
46.0
25.0
25.0
26.0
25.0
25.0
26.0
26.0
46.0
46.0
45.0
45.0
21.0
26.0
26.0
25.0
25.0
25.0
21.0
25.0
25.0
25.0
26.0
26.0
46.0
46.0
40.0
21.0
40.0
25.0
25.0
26.0
27.0
25.0
20.0
26.0
26.0
25.0
25.0
26.0
26.0
25.0
21.0
46.0
46.0
25.0
25.0
26.0
21.0
25.0
25.0
25.0
26.0
20.0
25.0
26.0
25.0
26.0
25.0
25.0
47.0
47.0
25.0
21.0
26.0
25.0
25.0
25.0
26.0
25.0
26.0
20.0
25.0
23.0
23.0
41.0
41.0
23.0
22.0
23.0
22.0
18.0
1.0
1.0
0.0
1.0
1.0
0.0
0.0
1.0
1.0
1.0
257.0
256.0
257.0
255.0
255.0
208.0
254.0
214.0
333.0
332.0
231.0
231.0
272.0
271.0
272.0
272.0
271.0
273.0
239.0
271.0
224.0
223.0
251.0
250.0
250.0
250.0
241.0
249.0
227.0
245.0
231.0
230.0
233.0
241.0
241.0
241.0
242.0
241.0
235.0
237.0
239.0
237.0
237.0
238.0
236.0
236.0
236.0
239.0
237.0
237.0
237.0
237.0
245.0
246.0
246.0
245.0
245.0
246.0
246.0
248.0
246.0
246.0
236.0
238.0
237.0
238.0
239.0
239.0
237.0
237.0
238.0
237.0
246.0
246.0
245.0
247.0
246.0
245.0
252.0
256.0
248.0
248.0
241.0
245.0
245.0
244.0
241.0
245.0
148.0
151.0
130.0
129.0
129.0
129.0
128.0
133.0
133.0
135.0
133.0
128.0
260.0
256.0
257.0
258.0
260.0
256.0
256.0
259.0
255.0
254.0
256.0
246.0
250.0
246.0
245.0
241.0
241.0
240.0
240.0
244.0
240.0
237.0
237.0
238.0
237.0
238.0
237.0
237.0
237.0
238.0
239.0
237.0
237.0
237.0
237.0
237.0
238.0
237.0
238.0
237.0
246.0
244.0
246.0
244.0
245.0
246.0
245.0
246.0
246.0
245.0
238.0
238.0
238.0
237.0
238.0
238.0
237.0
237.0
237.0
237.0
237.0
237.0
238.0
236.0
236.0
237.0
237.0
238.0
236.0
237.0
238.0
237.0
255.0
254.0
254.0
254.0
255.0
254.0
254.0
254.0
255.0
251.0
235.0
235.0
234.0
235.0
234.0
234.0
144.0
144.0
125.0
125.0
127.0
126.0
124.0
125.0
125.0
125.0
124.0
125.0
239.0
238.0
237.0
240.0
237.0
238.0
238.0
237.0
237.0
236.0
239.0
239.0
238.0
238.0
237.0
238.0
236.0
238.0
237.0
237.0
247.0
245.0
246.0
246.0
245.0
246.0
247.0
247.0
245.0
245.0
239.0
237.0
237.0
238.0
238.0
238.0
238.0
238.0
237.0
239.0
239.0
240.0
239.0
237.0
237.0
237.0
237.0
238.0
238.0
238.0
238.0
237.0
237.0
238.0
239.0
238.0
237.0
237.0
237.0
237.0
247.0
246.0
245.0
246.0
246.0
246.0
245.0
246.0
247.0
246.0
239.0
238.0
238.0
237.0
237.0
236.0
238.0
238.0
238.0
236.0
237.0
235.0
235.0
233.0
235.0
235.0
234.0
234.0
145.0
145.0
126.0
125.0
125.0
126.0
125.0
125.0
124.0
125.0
125.0
125.0
239.0
237.0
236.0
237.0
237.0
238.0
238.0
237.0
238.0
238.0
247.0
246.0
245.0
245.0
245.0
245.0
246.0
246.0
245.0
246.0
239.0
237.0
237.0
237.0
237.0
238.0
237.0
239.0
237.0
236.0
238.0
238.0
238.0
236.0
238.0
238.0
237.0
237.0
237.0
236.0
257.0
256.0
256.0
256.0
254.0
256.0
256.0
255.0
256.0
255.0
238.0
237.0
239.0
237.0
237.0
237.0
237.0
238.0
237.0
237.0
239.0
237.0
238.0
237.0
237.0
237.0
237.0
238.0
238.0
238.0
239.0
240.0
239.0
240.0
239.0
239.0
238.0
238.0
239.0
239.0
246.0
244.0
245.0
244.0
244.0
242.0
243.0
244.0
155.0
155.0
126.0
127.0
126.0
126.0
126.0
126.0
126.0
126.0
126.0
124.0
241.0
238.0
239.0
239.0
239.0
239.0
240.0
237.0
238.0
238.0
239.0
241.0
240.0
240.0
237.0
239.0
239.0
238.0
238.0
237.0
238.0
237.0
239.0
240.0
239.0
239.0
240.0
237.0
237.0
236.0
246.0
246.0
248.0
247.0
248.0
248.0
245.0
247.0
246.0
246.0
237.0
237.0
240.0
241.0
236.0
240.0
240.0
239.0
237.0
236.0
237.0
237.0
238.0
239.0
239.0
239.0
240.0
239.0
237.0
238.0
237.0
237.0
236.0
240.0
240.0
239.0
239.0
240.0
236.0
236.0
246.0
248.0
246.0
248.0
247.0
247.0
248.0
247.0
245.0
247.0
237.0
235.0
234.0
236.0
236.0
236.0
236.0
236.0
145.0
145.0
125.0
126.0
125.0
125.0
125.0
127.0
126.0
127.0
126.0
126.0
239.0
238.0
238.0
238.0
238.0
240.0
238.0
239.0
239.0
239.0
257.0
258.0
257.0
258.0
257.0
260.0
258.0
259.0
259.0
258.0
237.0
238.0
237.0
237.0
239.0
240.0
239.0
239.0
240.0
239.0
239.0
239.0
238.0
238.0
238.0
239.0
239.0
239.0
239.0
239.0
239.0
238.0
240.0
238.0
239.0
239.0
240.0
240.0
240.0
241.0
246.0
245.0
246.0
246.0
245.0
248.0
248.0
249.0
248.0
248.0
238.0
237.0
237.0
236.0
238.0
240.0
240.0
240.0
239.0
240.0
237.0
238.0
238.0
238.0
237.0
239.0
238.0
240.0
239.0
239.0
237.0
234.0
235.0
234.0
234.0
236.0
237.0
236.0
146.0
146.0
126.0
127.0
125.0
125.0
125.0
125.0
124.0
134.0
134.0
134.0
248.0
248.0
246.0
246.0
246.0
248.0
247.0
240.0
240.0
241.0
240.0
241.0
237.0
237.0
237.0
237.0
237.0
239.0
241.0
239.0
240.0
240.0
238.0
238.0
238.0
238.0
238.0
241.0
241.0
240.0
241.0
241.0
238.0
238.0
238.0
238.0
239.0
241.0
249.0
242.0
249.0
249.0
250.0
245.0
247.0
247.0
246.0
248.0
249.0
252.0
237.0
239.0
239.0
237.0
238.0
237.0
238.0
240.0
240.0
239.0
238.0
239.0
239.0
239.0
238.0
239.0
238.0
238.0
239.0
239.0
257.0
259.0
259.0
259.0
258.0
258.0
258.0
259.0
259.0
259.0
238.0
236.0
237.0
235.0
235.0
235.0
235.0
237.0
146.0
146.0
125.0
127.0
126.0
126.0
126.0
125.0
125.0
125.0
124.0
127.0
239.0
239.0
239.0
240.0
239.0
238.0
236.0
237.0
237.0
240.0
238.0
240.0
239.0
239.0
239.0
238.0
244.0
246.0
245.0
248.0
248.0
248.0
249.0
248.0
248.0
247.0
239.0
238.0
238.0
239.0
245.0
248.0
249.0
244.0
257.0
247.0
244.0
245.0
245.0
250.0
252.0
251.0
253.0
252.0
251.0
252.0
250.0
251.0
253.0
251.0
252.0
252.0
254.0
252.0
252.0
252.0
251.0
251.0
250.0
258.0
249.0
252.0
250.0
252.0
247.0
250.0
247.0
247.0
247.0
241.0
238.0
239.0
240.0
239.0
237.0
241.0
237.0
238.0
236.0
240.0
237.0
238.0
236.0
235.0
235.0
236.0
234.0
234.0
145.0
147.0
126.0
125.0
126.0
125.0
126.0
126.0
127.0
125.0
126.0
124.0
238.0
247.0
247.0
247.0
247.0
246.0
246.0
246.0
246.0
245.0
247.0
238.0
240.0
241.0
240.0
239.0
241.0
238.0
241.0
238.0
239.0
237.0
240.0
240.0
238.0
240.0
239.0
237.0
237.0
240.0
238.0
238.0
239.0
237.0
239.0
239.0
260.0
256.0
258.0
259.0
262.0
260.0
259.0
261.0
258.0
258.0
237.0
239.0
240.0
238.0
240.0
239.0
239.0
237.0
240.0
238.0
237.0
238.0
239.0
237.0
240.0
238.0
238.0
239.0
240.0
239.0
239.0
239.0
240.0
238.0
240.0
240.0
237.0
238.0
237.0
237.0
239.0
239.0
240.0
237.0
248.0
245.0
243.0
243.0
244.0
243.0
245.0
245.0
154.0
154.0
125.0
126.0
125.0
127.0
126.0
126.0
126.0
126.0
126.0
126.0
240.0
241.0
240.0
240.0
238.0
240.0
238.0
238.0
240.0
239.0
239.0
239.0
239.0
239.0
238.0
238.0
238.0
237.0
239.0
239.0
239.0
239.0
239.0
245.0
245.0
246.0
246.0
246.0
247.0
248.0
246.0
248.0
248.0
239.0
237.0
238.0
239.0
238.0
239.0
238.0
239.0
239.0
238.0
239.0
239.0
238.0
239.0
239.0
240.0
239.0
238.0
239.0
239.0
238.0
239.0
238.0
238.0
237.0
239.0
239.0
239.0
239.0
238.0
240.0
237.0
238.0
238.0
239.0
239.0
239.0
245.0
247.0
248.0
246.0
248.0
246.0
248.0
246.0
247.0
247.0
237.0
237.0
237.0
236.0
238.0
236.0
236.0
236.0
146.0
147.0
127.0
126.0
125.0
126.0
126.0
125.0
126.0
126.0
125.0
125.0
261.0
260.0
259.0
261.0
261.0
260.0
261.0
259.0
259.0
259.0
241.0
239.0
238.0
239.0
238.0
237.0
237.0
238.0
238.0
237.0
241.0
240.0
238.0
239.0
240.0
240.0
240.0
239.0
237.0
239.0
240.0
240.0
240.0
240.0
238.0
239.0
239.0
239.0
238.0
239.0
261.0
247.0
246.0
246.0
247.0
250.0
250.0
249.0
250.0
249.0
242.0
242.0
242.0
240.0
240.0
239.0
238.0
239.0
239.0
239.0
239.0
239.0
239.0
238.0
239.0
238.0
238.0
238.0
240.0
239.0
241.0
239.0
239.0
239.0
239.0
240.0
239.0
239.0
238.0
239.0
239.0
236.0
236.0
234.0
236.0
242.0
242.0
243.0
146.0
146.0
134.0
135.0
135.0
135.0
135.0
133.0
135.0
127.0
126.0
126.0
238.0
238.0
239.0
239.0
239.0
238.0
239.0
238.0
238.0
238.0
239.0
240.0
238.0
239.0
238.0
240.0
239.0
237.0
237.0
238.0
240.0
238.0
240.0
240.0
238.0
239.0
239.0
239.0
239.0
237.0
246.0
247.0
247.0
247.0
246.0
248.0
248.0
246.0
246.0
246.0
239.0
240.0
240.0
238.0
241.0
240.0
239.0
238.0
237.0
238.0
237.0
240.0
237.0
239.0
238.0
240.0
240.0
237.0
238.0
237.0
260.0
262.0
262.0
262.0
262.0
262.0
262.0
261.0
261.0
261.0
238.0
241.0
238.0
239.0
240.0
239.0
238.0
237.0
237.0
237.0
239.0
236.0
235.0
237.0
236.0
236.0
236.0
236.0
145.0
145.0
126.0
126.0
125.0
126.0
124.0
126.0
125.0
126.0
127.0
125.0
239.0
237.0
238.0
238.0
237.0
240.0
239.0
239.0
239.0
238.0
248.0
247.0
246.0
249.0
246.0
248.0
248.0
248.0
247.0
246.0
239.0
238.0
238.0
240.0
238.0
239.0
239.0
240.0
239.0
238.0
238.0
237.0
237.0
239.0
237.0
240.0
240.0
239.0
239.0
238.0
239.0
238.0
238.0
238.0
238.0
239.0
239.0
239.0
239.0
238.0
246.0
246.0
246.0
248.0
246.0
248.0
248.0
248.0
248.0
247.0
238.0
239.0
239.0
239.0
239.0
240.0
238.0
239.0
239.0
239.0
240.0
238.0
238.0
240.0
238.0
239.0
240.0
238.0
238.0
237.0
239.0
235.0
234.0
236.0
234.0
236.0
236.0
237.0
146.0
144.0
128.0
124.0
125.0
125.0
126.0
127.0
126.0
127.0
127.0
126.0
249.0
247.0
246.0
246.0
245.0
248.0
247.0
247.0
248.0
249.0
241.0
241.0
238.0
237.0
238.0
241.0
238.0
240.0
240.0
240.0
240.0
237.0
237.0
238.0
238.0
238.0
240.0
239.0
239.0
238.0
265.0
261.0
261.0
262.0
262.0
261.0
263.0
264.0
262.0
264.0
241.0
238.0
237.0
238.0
237.0
237.0
241.0
241.0
241.0
238.0
239.0
237.0
239.0
237.0
239.0
238.0
240.0
241.0
239.0
239.0
240.0
238.0
237.0
237.0
238.0
237.0
240.0
239.0
239.0
239.0
249.0
246.0
247.0
247.0
247.0
247.0
247.0
248.0
248.0
246.0
239.0
237.0
235.0
234.0
236.0
238.0
244.0
243.0
146.0
146.0
135.0
136.0
147.0
138.0
141.0
143.0
143.0
159.0
131.0
131.0
250.0
249.0
248.0
254.0
254.0
255.0
253.0
248.0
274.0
248.0
249.0
249.0
249.0
244.0
243.0
243.0
243.0
247.0
255.0
266.0
256.0
254.0
253.0
249.0
247.0
247.0
247.0
255.0
248.0
276.0
248.0
246.0
247.0
251.0
253.0
253.0
252.0
247.0
248.0
268.0
249.0
248.0
249.0
243.0
243.0
242.0
241.0
247.0
247.0
256.0
247.0
248.0
239.0
248.0
240.0
239.0
240.0
246.0
247.0
267.0
252.0
251.0
252.0
254.0
255.0
252.0
252.0
253.0
249.0
243.0
248.0
248.0
238.0
237.0
249.0
248.0
237.0
248.0
248.0
237.0
237.0
245.0
244.0
233.0
232.0
243.0
245.0
244.0
151.0
140.0
120.0
121.0
121.0
130.0
130.0
129.0
130.0
129.0
153.0
145.0
263.0
262.0
264.0
270.0
270.0
272.0
271.0
272.0
243.0
248.0
243.0
242.0
242.0
249.0
248.0
248.0
248.0
246.0
238.0
248.0
241.0
240.0
263.0
241.0
240.0
240.0
264.0
239.0
240.0
238.0
238.0
237.0
237.0
237.0
238.0
238.0
238.0
239.0
238.0
246.0
249.0
247.0
250.0
248.0
248.0
248.0
248.0
246.0
245.0
239.0
239.0
238.0
239.0
239.0
239.0
239.0
239.0
238.0
240.0
239.0
237.0
237.0
238.0
237.0
237.0
237.0
237.0
239.0
238.0
239.0
238.0
238.0
238.0
237.0
237.0
237.0
237.0
237.0
237.0
237.0
246.0
243.0
242.0
243.0
243.0
244.0
243.0
242.0
153.0
154.0
125.0
125.0
125.0
126.0
125.0
126.0
126.0
125.0
126.0
125.0
239.0
237.0
238.0
237.0
237.0
237.0
239.0
238.0
237.0
237.0
237.0
238.0
237.0
237.0
238.0
238.0
238.0
237.0
237.0
237.0
240.0
238.0
238.0
237.0
237.0
238.0
238.0
238.0
237.0
245.0
247.0
246.0
245.0
246.0
246.0
246.0
246.0
246.0
246.0
238.0
238.0
237.0
238.0
238.0
238.0
238.0
238.0
238.0
239.0
237.0
242.0
239.0
240.0
237.0
239.0
238.0
240.0
238.0
237.0
265.0
274.0
266.0
265.0
263.0
265.0
264.0
263.0
266.0
263.0
239.0
238.0
238.0
237.0
238.0
236.0
237.0
238.0
240.0
238.0
237.0
238.0
235.0
236.0
235.0
234.0
236.0
234.0
235.0
145.0
146.0
125.0
124.0
125.0
125.0
124.0
124.0
122.0
121.0
122.0
119.0
