2.0
2.0
2.0
1.0
1.0
1.0
2.0
2.0
2.0
2.0
17.0
17.0
10.0
10.0
411.0
414.0
416.0
410.0
715.0
519.0
414.0
370.0
509.0
710.0
426.0
415.0
415.0
414.0
415.0
415.0
8.0
8.0
9.0
9.0
456.0
413.0
410.0
462.0
456.0
410.0
409.0
411.0
409.0
410.0
411.0
335.0
409.0
593.0
409.0
411.0
9.0
9.0
8.0
8.0
409.0
418.0
409.0
595.0
336.0
413.0
412.0
414.0
415.0
414.0
344.0
414.0
414.0
410.0
587.0
589.0
9.0
9.0
8.0
9.0
409.0
336.0
410.0
410.0
409.0
409.0
409.0
409.0
334.0
503.0
413.0
495.0
412.0
412.0
432.0
435.0
9.0
9.0
8.0
9.0
437.0
434.0
383.0
427.0
378.0
428.0
426.0
536.0
407.0
507.0
405.0
398.0
357.0
397.0
356.0
400.0
8.0
9.0
8.0
8.0
396.0
403.0
399.0
358.0
396.0
640.0
640.0
365.0
400.0
403.0
400.0
401.0
401.0
369.0
402.0
362.0
8.0
8.0
9.0
8.0
397.0
629.0
629.0
397.0
396.0
395.0
358.0
396.0
396.0
356.0
395.0
357.0
395.0
399.0
399.0
399.0
1.0
1.0
1.0
1.0
392.0
356.0
622.0
622.0
393.0
359.0
392.0
389.0
389.0
389.0
390.0
350.0
350.0
390.0
390.0
390.0
8.0
9.0
13.0
13.0
397.0
651.0
653.0
396.0
356.0
396.0
359.0
423.0
424.0
423.0
424.0
384.0
422.0
423.0
381.0
626.0
1.0
2.0
1.0
1.0
616.0
390.0
392.0
388.0
350.0
391.0
389.0
388.0
348.0
386.0
338.0
383.0
372.0
378.0
377.0
375.0
17.0
17.0
10.0
9.0
10.0
10.0
10.0
12.0
2.0
2.0
17.0
17.0
10.0
10.0
10.0
10.0
10.0
9.0
2.0
2.0
17.0
17.0
17.0
17.0
10.0
10.0
9.0
9.0
2.0
2.0
10.0
9.0
10.0
10.0
10.0
10.0
10.0
10.0
2.0
2.0
539.0
679.0
540.0
683.0
414.0
418.0
418.0
413.0
403.0
222.0
335.0
361.0
410.0
409.0
408.0
410.0
409.0
410.0
339.0
223.0
363.0
356.0
414.0
413.0
412.0
411.0
429.0
359.0
419.0
222.0
375.0
377.0
427.0
425.0
426.0
427.0
425.0
375.0
402.0
223.0
362.0
360.0
409.0
409.0
359.0
409.0
410.0
408.0
401.0
223.0
356.0
355.0
411.0
362.0
413.0
412.0
412.0
411.0
403.0
221.0
362.0
362.0
412.0
356.0
409.0
409.0
408.0
410.0
400.0
222.0
356.0
356.0
409.0
409.0
356.0
409.0
409.0
408.0
348.0
222.0
408.0
355.0
363.0
413.0
415.0
413.0
413.0
362.0
403.0
225.0
363.0
412.0
357.0
410.0
409.0
409.0
409.0
355.0
418.0
222.0
372.0
427.0
372.0
427.0
427.0
372.0
426.0
425.0
416.0
221.0
356.0
410.0
355.0
409.0
411.0
356.0
409.0
409.0
401.0
221.0
356.0
356.0
409.0
412.0
412.0
361.0
412.0
411.0
356.0
223.0
413.0
364.0
413.0
414.0
408.0
358.0
408.0
356.0
402.0
222.0
411.0
357.0
409.0
409.0
356.0
409.0
409.0
355.0
401.0
221.0
413.0
356.0
362.0
413.0
413.0
413.0
413.0
363.0
403.0
225.0
8.0
8.0
7.0
7.0
8.0
10.0
6.0
1.0
1.0
1.0
10.0
8.0
8.0
8.0
9.0
9.0
5.0
1.0
1.0
1.0
9.0
7.0
8.0
9.0
7.0
8.0
5.0
1.0
1.0
0.0
9.0
9.0
7.0
9.0
7.0
8.0
6.0
1.0
0.0
1.0
358.0
408.0
356.0
408.0
408.0
408.0
355.0
401.0
400.0
222.0
426.0
374.0
373.0
426.0
427.0
374.0
423.0
417.0
420.0
239.0
358.0
358.0
408.0
407.0
358.0
407.0
406.0
401.0
400.0
222.0
359.0
358.0
407.0
358.0
408.0
407.0
409.0
404.0
403.0
221.0
365.0
364.0
413.0
362.0
413.0
412.0
409.0
401.0
400.0
222.0
355.0
356.0
355.0
408.0
409.0
408.0
405.0
401.0
400.0
222.0
357.0
354.0
355.0
411.0
411.0
410.0
409.0
403.0
404.0
224.0
362.0
362.0
362.0
407.0
409.0
407.0
406.0
401.0
401.0
222.0
356.0
355.0
355.0
425.0
428.0
430.0
422.0
418.0
419.0
241.0
374.0
374.0
376.0
411.0
411.0
412.0
410.0
401.0
400.0
222.0
357.0
356.0
355.0
407.0
407.0
408.0
405.0
399.0
400.0
194.0
356.0
407.0
354.0
363.0
411.0
411.0
409.0
404.0
356.0
226.0
413.0
412.0
362.0
355.0
408.0
408.0
405.0
400.0
347.0
221.0
356.0
408.0
407.0
356.0
408.0
408.0
355.0
404.0
403.0
221.0
364.0
412.0
412.0
361.0
411.0
412.0
408.0
355.0
402.0
193.0
408.0
409.0
355.0
407.0
355.0
409.0
352.0
400.0
400.0
222.0
10.0
8.0
9.0
9.0
8.0
9.0
6.0
1.0
1.0
1.0
10.0
8.0
8.0
7.0
7.0
9.0
6.0
1.0
1.0
1.0
9.0
7.0
8.0
8.0
7.0
8.0
6.0
1.0
1.0
1.0
8.0
9.0
8.0
7.0
9.0
8.0
7.0
1.0
1.0
1.0
427.0
375.0
428.0
374.0
426.0
437.0
374.0
422.0
424.0
244.0
376.0
376.0
413.0
404.0
413.0
410.0
376.0
400.0
399.0
221.0
378.0
377.0
398.0
399.0
377.0
378.0
399.0
383.0
391.0
217.0
387.0
385.0
386.0
386.0
385.0
384.0
384.0
374.0
375.0
207.0
383.0
379.0
379.0
381.0
381.0
379.0
380.0
374.0
373.0
207.0
382.0
385.0
384.0
384.0
386.0
387.0
381.0
377.0
379.0
206.0
385.0
386.0
381.0
379.0
380.0
380.0
378.0
373.0
372.0
208.0
381.0
379.0
381.0
400.0
399.0
398.0
400.0
395.0
396.0
206.0
404.0
406.0
404.0
405.0
385.0
385.0
382.0
382.0
374.0
213.0
386.0
383.0
381.0
385.0
380.0
380.0
382.0
378.0
373.0
206.0
386.0
386.0
385.0
385.0
386.0
387.0
385.0
379.0
380.0
207.0
389.0
381.0
383.0
383.0
383.0
381.0
382.0
376.0
373.0
207.0
380.0
387.0
379.0
379.0
383.0
382.0
379.0
375.0
375.0
207.0
386.0
384.0
385.0
387.0
389.0
384.0
383.0
378.0
378.0
212.0
383.0
381.0
381.0
382.0
380.0
382.0
376.0
374.0
372.0
207.0
402.0
401.0
399.0
399.0
401.0
399.0
397.0
392.0
393.0
227.0
8.0
8.0
8.0
8.0
8.0
8.0
0.0
0.0
1.0
1.0
8.0
8.0
8.0
8.0
8.0
8.0
1.0
1.0
0.0
1.0
8.0
8.0
8.0
8.0
8.0
8.0
1.0
0.0
1.0
1.0
8.0
8.0
8.0
7.0
8.0
8.0
1.0
1.0
1.0
1.0
380.0
379.0
382.0
381.0
382.0
382.0
371.0
372.0
372.0
208.0
381.0
379.0
378.0
380.0
381.0
379.0
373.0
372.0
372.0
206.0
384.0
386.0
386.0
385.0
385.0
386.0
379.0
378.0
377.0
212.0
381.0
381.0
381.0
382.0
382.0
381.0
374.0
374.0
374.0
208.0
379.0
379.0
380.0
382.0
387.0
385.0
378.0
378.0
380.0
207.0
388.0
386.0
386.0
386.0
387.0
380.0
373.0
376.0
375.0
208.0
380.0
381.0
380.0
379.0
380.0
382.0
374.0
375.0
373.0
208.0
403.0
400.0
403.0
406.0
403.0
405.0
395.0
394.0
396.0
228.0
380.0
381.0
382.0
382.0
380.0
381.0
374.0
376.0
372.0
208.0
382.0
381.0
382.0
382.0
383.0
385.0
378.0
378.0
380.0
206.0
388.0
388.0
386.0
389.0
388.0
388.0
376.0
375.0
376.0
208.0
383.0
382.0
383.0
382.0
384.0
384.0
377.0
374.0
375.0
207.0
382.0
387.0
385.0
387.0
387.0
388.0
379.0
380.0
381.0
206.0
387.0
386.0
385.0
387.0
381.0
383.0
376.0
378.0
374.0
211.0
380.0
382.0
380.0
383.0
408.0
410.0
401.0
404.0
404.0
207.0
416.0
417.0
417.0
419.0
410.0
390.0
381.0
395.0
395.0
208.0
8.0
8.0
9.0
8.0
7.0
8.0
1.0
0.0
1.0
1.0
9.0
8.0
8.0
8.0
7.0
8.0
1.0
1.0
1.0
1.0
8.0
9.0
9.0
8.0
8.0
8.0
1.0
0.0
1.0
1.0
9.0
9.0
8.0
8.0
7.0
7.0
1.0
1.0
1.0
1.0
382.0
380.0
380.0
381.0
381.0
380.0
373.0
374.0
374.0
208.0
387.0
386.0
387.0
385.0
387.0
386.0
379.0
380.0
381.0
213.0
381.0
384.0
380.0
380.0
382.0
381.0
373.0
376.0
373.0
207.0
383.0
383.0
384.0
382.0
382.0
382.0
376.0
373.0
376.0
207.0
402.0
392.0
404.0
400.0
391.0
405.0
392.0
382.0
378.0
217.0
388.0
395.0
387.0
402.0
399.0
384.0
382.0
379.0
387.0
214.0
411.0
418.0
406.0
407.0
416.0
414.0
401.0
401.0
399.0
237.0
380.0
379.0
381.0
382.0
379.0
381.0
382.0
379.0
377.0
206.0
380.0
383.0
380.0
384.0
381.0
383.0
377.0
376.0
378.0
211.0
391.0
399.0
394.0
395.0
398.0
404.0
387.0
397.0
385.0
220.0
408.0
387.0
403.0
387.0
389.0
403.0
382.0
397.0
374.0
222.0
381.0
383.0
384.0
383.0
383.0
381.0
379.0
381.0
392.0
206.0
387.0
386.0
388.0
387.0
390.0
387.0
379.0
377.0
377.0
214.0
397.0
383.0
386.0
385.0
384.0
390.0
376.0
378.0
378.0
206.0
430.0
428.0
431.0
431.0
425.0
426.0
427.0
419.0
416.0
255.0
383.0
387.0
381.0
385.0
384.0
382.0
380.0
373.0
379.0
210.0
8.0
7.0
7.0
8.0
8.0
8.0
1.0
1.0
1.0
1.0
8.0
8.0
8.0
8.0
8.0
8.0
1.0
1.0
1.0
1.0
7.0
8.0
8.0
8.0
8.0
8.0
1.0
0.0
1.0
1.0
10.0
9.0
8.0
8.0
8.0
8.0
0.0
1.0
1.0
1.0
383.0
381.0
382.0
383.0
385.0
386.0
378.0
377.0
207.0
207.0
387.0
384.0
392.0
386.0
392.0
384.0
373.0
382.0
207.0
207.0
380.0
380.0
380.0
381.0
380.0
384.0
380.0
377.0
207.0
210.0
381.0
385.0
392.0
384.0
384.0
384.0
380.0
383.0
210.0
207.0
386.0
386.0
386.0
380.0
381.0
382.0
373.0
375.0
207.0
207.0
381.0
381.0
378.0
379.0
380.0
380.0
372.0
372.0
207.0
207.0
403.0
403.0
403.0
403.0
401.0
402.0
403.0
394.0
229.0
228.0
379.0
380.0
387.0
381.0
380.0
381.0
372.0
372.0
210.0
206.0
381.0
380.0
379.0
379.0
381.0
382.0
377.0
378.0
207.0
206.0
387.0
385.0
386.0
385.0
387.0
386.0
380.0
379.0
207.0
208.0
382.0
378.0
381.0
379.0
381.0
379.0
372.0
372.0
210.0
207.0
381.0
381.0
385.0
383.0
384.0
386.0
377.0
379.0
206.0
207.0
385.0
386.0
386.0
387.0
382.0
379.0
372.0
375.0
206.0
207.0
380.0
382.0
379.0
380.0
384.0
382.0
375.0
381.0
206.0
209.0
400.0
405.0
402.0
402.0
405.0
401.0
394.0
398.0
227.0
228.0
379.0
382.0
379.0
388.0
380.0
382.0
377.0
372.0
207.0
212.0
8.0
8.0
8.0
8.0
8.0
7.0
1.0
1.0
0.0
0.0
8.0
8.0
8.0
8.0
8.0
8.0
1.0
1.0
1.0
1.0
8.0
8.0
8.0
8.0
8.0
8.0
1.0
1.0
1.0
0.0
8.0
8.0
7.0
8.0
8.0
8.0
1.0
1.0
0.0
1.0
379.0
382.0
387.0
381.0
379.0
384.0
373.0
375.0
374.0
209.0
385.0
385.0
387.0
384.0
388.0
387.0
377.0
380.0
377.0
214.0
384.0
379.0
379.0
382.0
379.0
381.0
375.0
373.0
375.0
205.0
380.0
383.0
380.0
384.0
388.0
387.0
378.0
380.0
379.0
208.0
387.0
385.0
387.0
387.0
382.0
385.0
374.0
377.0
373.0
206.0
382.0
382.0
382.0
384.0
387.0
403.0
397.0
396.0
398.0
208.0
403.0
403.0
402.0
404.0
403.0
403.0
377.0
376.0
373.0
207.0
380.0
383.0
379.0
380.0
382.0
381.0
374.0
375.0
375.0
207.0
387.0
385.0
389.0
387.0
387.0
389.0
379.0
386.0
381.0
214.0
387.0
384.0
383.0
381.0
391.0
382.0
377.0
376.0
382.0
210.0
389.0
390.0
382.0
381.0
390.0
387.0
378.0
379.0
377.0
209.0
398.0
390.0
388.0
389.0
389.0
389.0
377.0
385.0
385.0
216.0
386.0
383.0
383.0
384.0
382.0
383.0
374.0
376.0
374.0
208.0
406.0
405.0
408.0
409.0
407.0
406.0
403.0
398.0
397.0
232.0
389.0
387.0
385.0
384.0
386.0
383.0
376.0
381.0
376.0
209.0
388.0
394.0
390.0
381.0
383.0
387.0
380.0
375.0
376.0
207.0
8.0
1.0
0.0
0.0
1.0
1.0
1.0
1.0
1.0
1.0
8.0
1.0
1.0
1.0
1.0
0.0
1.0
1.0
1.0
1.0
8.0
1.0
1.0
0.0
1.0
1.0
1.0
1.0
1.0
1.0
7.0
0.0
1.0
1.0
1.0
1.0
1.0
1.0
0.0
0.0
390.0
388.0
386.0
386.0
378.0
381.0
382.0
212.0
215.0
213.0
379.0
373.0
375.0
371.0
371.0
379.0
376.0
209.0
207.0
209.0
385.0
374.0
372.0
373.0
375.0
374.0
373.0
206.0
207.0
207.0
389.0
386.0
395.0
387.0
390.0
382.0
385.0
219.0
218.0
217.0
389.0
375.0
373.0
374.0
382.0
382.0
382.0
211.0
207.0
206.0
384.0
378.0
375.0
416.0
417.0
415.0
419.0
208.0
207.0
207.0
427.0
419.0
420.0
415.0
415.0
415.0
376.0
209.0
210.0
209.0
384.0
376.0
376.0
378.0
380.0
378.0
376.0
207.0
206.0
208.0
379.0
374.0
373.0
373.0
372.0
373.0
379.0
207.0
207.0
207.0
386.0
379.0
381.0
378.0
380.0
379.0
379.0
212.0
212.0
207.0
379.0
372.0
375.0
375.0
375.0
374.0
372.0
206.0
207.0
208.0
380.0
373.0
376.0
372.0
372.0
375.0
375.0
207.0
209.0
206.0
387.0
379.0
378.0
378.0
379.0
379.0
379.0
212.0
212.0
212.0
384.0
378.0
384.0
380.0
378.0
376.0
376.0
207.0
211.0
208.0
408.0
402.0
402.0
398.0
402.0
401.0
400.0
208.0
229.0
232.0
408.0
374.0
374.0
377.0
380.0
380.0
373.0
209.0
208.0
207.0
8.0
8.0
8.0
8.0
8.0
8.0
0.0
0.0
1.0
1.0
8.0
8.0
8.0
8.0
8.0
7.0
1.0
1.0
1.0
0.0
8.0
8.0
8.0
7.0
8.0
8.0
1.0
1.0
1.0
1.0
8.0
8.0
8.0
8.0
8.0
8.0
1.0
1.0
1.0
1.0
387.0
382.0
381.0
381.0
381.0
380.0
374.0
377.0
375.0
207.0
386.0
388.0
389.0
388.0
390.0
387.0
382.0
382.0
379.0
212.0
385.0
381.0
385.0
384.0
387.0
387.0
375.0
379.0
374.0
208.0
385.0
384.0
388.0
388.0
386.0
380.0
380.0
380.0
379.0
208.0
388.0
388.0
388.0
387.0
390.0
389.0
382.0
386.0
382.0
211.0
385.0
379.0
381.0
380.0
379.0
382.0
374.0
376.0
373.0
208.0
404.0
403.0
404.0
404.0
402.0
405.0
402.0
396.0
400.0
231.0
385.0
382.0
384.0
385.0
388.0
382.0
378.0
376.0
379.0
210.0
393.0
392.0
385.0
390.0
387.0
381.0
382.0
381.0
385.0
209.0
388.0
390.0
389.0
389.0
389.0
387.0
379.0
379.0
383.0
209.0
384.0
383.0
383.0
382.0
382.0
380.0
374.0
373.0
375.0
207.0
381.0
385.0
387.0
389.0
388.0
388.0
380.0
378.0
381.0
208.0
388.0
389.0
385.0
383.0
382.0
382.0
375.0
375.0
375.0
208.0
384.0
382.0
379.0
385.0
386.0
380.0
375.0
380.0
378.0
209.0
412.0
407.0
411.0
409.0
406.0
415.0
404.0
400.0
399.0
238.0
383.0
383.0
380.0
381.0
382.0
380.0
373.0
375.0
372.0
212.0
1.0
1.0
1.0
1.0
1.0
0.0
1.0
1.0
1.0
1.0
1.0
1.0
1.0
1.0
1.0
0.0
1.0
0.0
0.0
1.0
1.0
1.0
1.0
1.0
1.0
1.0
1.0
1.0
0.0
0.0
1.0
0.0
0.0
0.0
1.0
1.0
1.0
1.0
1.0
1.0
374.0
375.0
378.0
374.0
375.0
375.0
377.0
206.0
206.0
207.0
377.0
377.0
380.0
381.0
379.0
380.0
377.0
213.0
208.0
207.0
375.0
373.0
373.0
372.0
372.0
375.0
374.0
207.0
207.0
205.0
374.0
373.0
373.0
373.0
372.0
378.0
378.0
206.0
208.0
208.0
377.0
379.0
380.0
379.0
379.0
378.0
379.0
211.0
207.0
206.0
372.0
372.0
373.0
373.0
374.0
374.0
373.0
205.0
207.0
207.0
394.0
398.0
396.0
395.0
394.0
393.0
395.0
230.0
229.0
229.0
381.0
374.0
374.0
373.0
376.0
373.0
375.0
206.0
206.0
207.0
372.0
373.0
373.0
376.0
372.0
374.0
374.0
207.0
207.0
207.0
380.0
377.0
378.0
378.0
378.0
378.0
381.0
212.0
212.0
211.0
372.0
375.0
375.0
373.0
372.0
373.0
372.0
206.0
206.0
208.0
372.0
373.0
374.0
372.0
373.0
374.0
374.0
207.0
207.0
206.0
376.0
377.0
377.0
377.0
377.0
377.0
377.0
207.0
206.0
209.0
378.0
378.0
376.0
373.0
374.0
373.0
373.0
207.0
208.0
206.0
374.0
375.0
380.0
378.0
377.0
383.0
380.0
207.0
207.0
209.0
414.0
411.0
412.0
408.0
402.0
402.0
399.0
238.0
239.0
238.0
