3.0
3.0
2.0
3.0
3.0
3.0
3.0
3.0
2.0
3.0
7.0
7.0
8.0
7.0
7.0
8.0
7.0
7.0
8.0
7.0
24.0
23.0
23.0
23.0
24.0
23.0
23.0
24.0
23.0
23.0
23.0
23.0
23.0
23.0
23.0
23.0
23.0
23.0
23.0
23.0
23.0
23.0
24.0
24.0
23.0
23.0
22.0
22.0
23.0
23.0
23.0
24.0
23.0
23.0
23.0
23.0
23.0
24.0
23.0
23.0
23.0
23.0
23.0
23.0
23.0
24.0
23.0
23.0
23.0
24.0
23.0
23.0
23.0
23.0
23.0
23.0
23.0
23.0
23.0
23.0
23.0
23.0
23.0
23.0
24.0
23.0
22.0
23.0
23.0
23.0
23.0
23.0
23.0
24.0
22.0
23.0
23.0
23.0
23.0
23.0
23.0
23.0
23.0
23.0
23.0
23.0
23.0
23.0
23.0
23.0
44.0
44.0
44.0
44.0
43.0
44.0
44.0
44.0
43.0
44.0
25.0
24.0
25.0
25.0
25.0
24.0
24.0
24.0
25.0
25.0
1732.0
1723.0
1718.0
1734.0
1728.0
1731.0
1728.0
1731.0
1737.0
1725.0
3768.0
3773.0
3779.0
3779.0
3778.0
3806.0
3815.0
3776.0
3801.0
3840.0
3819.0
3825.0
3818.0
3839.0
3830.0
3803.0
3789.0
3821.0
3749.0
3749.0
3751.0
3748.0
3743.0
3749.0
3757.0
3734.0
3797.0
3788.0
3782.0
3795.0
3797.0
3797.0
3792.0
3782.0
3791.0
3798.0
3795.0
3791.0
3802.0
3805.0
3801.0
3799.0
3810.0
3794.0
3805.0
3191.0
3179.0
3180.0
7.0
7.0
6.0
7.0
7.0
6.0
6.0
7.0
6.0
7.0
7.0
7.0
7.0
7.0
7.0
7.0
6.0
6.0
7.0
6.0
7.0
7.0
7.0
6.0
6.0
7.0
7.0
7.0
7.0
7.0
7.0
7.0
7.0
7.0
6.0
7.0
7.0
7.0
6.0
7.0
7.0
7.0
7.0
7.0
7.0
6.0
7.0
7.0
6.0
7.0
7.0
7.0
7.0
7.0
7.0
7.0
7.0
6.0
7.0
6.0
7.0
6.0
6.0
7.0
7.0
7.0
7.0
6.0
7.0
7.0
7.0
7.0
6.0
6.0
6.0
7.0
7.0
7.0
6.0
7.0
7.0
7.0
7.0
7.0
7.0
6.0
6.0
2.0
3.0
2.0
3.0
2.0
2.0
2.0
2.0
3.0
2.0
2.0
2.0
2.0
23.0
22.0
23.0
23.0
23.0
23.0
23.0
23.0
23.0
23.0
23.0
23.0
23.0
22.0
23.0
22.0
23.0
22.0
22.0
22.0
23.0
23.0
23.0
24.0
23.0
23.0
23.0
23.0
23.0
22.0
24.0
23.0
23.0
23.0
23.0
23.0
23.0
23.0
24.0
24.0
24.0
23.0
22.0
22.0
22.0
23.0
23.0
23.0
22.0
23.0
23.0
23.0
23.0
22.0
6.0
23.0
23.0
7.0
7.0
6.0
23.0
22.0
7.0
7.0
6.0
22.0
7.0
6.0
6.0
7.0
7.0
6.0
6.0
6.0
7.0
7.0
6.0
7.0
7.0
7.0
7.0
7.0
7.0
6.0
6.0
7.0
6.0
2.0
2.0
2.0
3.0
3.0
2.0
2.0
2.0
2.0
2.0
2.0
3.0
3.0
22.0
23.0
23.0
23.0
23.0
22.0
23.0
23.0
22.0
22.0
23.0
22.0
23.0
22.0
23.0
23.0
23.0
23.0
23.0
23.0
23.0
23.0
23.0
22.0
22.0
22.0
22.0
23.0
23.0
23.0
23.0
23.0
24.0
24.0
24.0
24.0
24.0
24.0
24.0
23.0
31.0
29.0
27.0
28.0
28.0
29.0
26.0
26.0
27.0
28.0
26.0
25.0
26.0
26.0
8.0
25.0
25.0
8.0
8.0
7.0
25.0
25.0
7.0
8.0
7.0
25.0
7.0
7.0
7.0
7.0
7.0
7.0
7.0
8.0
7.0
7.0
7.0
8.0
8.0
8.0
8.0
7.0
7.0
7.0
8.0
8.0
7.0
2.0
2.0
3.0
3.0
2.0
3.0
2.0
3.0
3.0
3.0
3.0
3.0
3.0
27.0
26.0
25.0
26.0
25.0
25.0
25.0
25.0
25.0
25.0
25.0
25.0
26.0
25.0
25.0
26.0
25.0
25.0
25.0
26.0
26.0
26.0
25.0
25.0
25.0
25.0
25.0
25.0
25.0
24.0
25.0
25.0
25.0
25.0
24.0
25.0
25.0
26.0
25.0
25.0
23.0
23.0
23.0
23.0
22.0
22.0
22.0
23.0
23.0
22.0
23.0
23.0
22.0
23.0
7.0
23.0
23.0
6.0
6.0
7.0
23.0
23.0
7.0
6.0
6.0
23.0
7.0
7.0
6.0
6.0
7.0
6.0
6.0
6.0
6.0
7.0
7.0
7.0
6.0
6.0
7.0
7.0
7.0
7.0
6.0
6.0
6.0
2.0
2.0
2.0
2.0
2.0
3.0
3.0
2.0
3.0
3.0
2.0
2.0
2.0
23.0
22.0
22.0
22.0
23.0
23.0
23.0
22.0
23.0
23.0
23.0
23.0
23.0
22.0
22.0
22.0
22.0
23.0
22.0
22.0
23.0
22.0
22.0
23.0
22.0
23.0
23.0
22.0
23.0
23.0
23.0
23.0
22.0
22.0
23.0
22.0
22.0
23.0
23.0
23.0
43.0
43.0
43.0
43.0
43.0
43.0
43.0
43.0
43.0
43.0
24.0
24.0
24.0
24.0
8.0
24.0
24.0
8.0
7.0
7.0
23.0
23.0
7.0
7.0
7.0
23.0
6.0
6.0
6.0
6.0
7.0
7.0
6.0
7.0
7.0
7.0
7.0
7.0
7.0
7.0
7.0
6.0
6.0
6.0
6.0
7.0
6.0
2.0
2.0
3.0
3.0
2.0
2.0
2.0
2.0
2.0
2.0
2.0
3.0
3.0
23.0
23.0
23.0
23.0
22.0
22.0
23.0
23.0
22.0
22.0
23.0
23.0
23.0
23.0
23.0
23.0
23.0
23.0
23.0
23.0
22.0
22.0
22.0
23.0
23.0
23.0
22.0
22.0
23.0
23.0
23.0
23.0
23.0
22.0
22.0
22.0
23.0
22.0
23.0
23.0
23.0
23.0
23.0
23.0
23.0
23.0
23.0
23.0
22.0
22.0
23.0
23.0
22.0
23.0
7.0
23.0
22.0
6.0
6.0
7.0
23.0
23.0
6.0
7.0
7.0
22.0
6.0
7.0
6.0
6.0
7.0
6.0
6.0
7.0
6.0
7.0
7.0
7.0
6.0
6.0
7.0
7.0
6.0
7.0
6.0
6.0
6.0
2.0
2.0
2.0
3.0
3.0
3.0
2.0
2.0
2.0
2.0
2.0
2.0
2.0
23.0
23.0
23.0
23.0
23.0
23.0
23.0
22.0
22.0
23.0
22.0
22.0
22.0
22.0
22.0
22.0
22.0
23.0
23.0
23.0
23.0
23.0
23.0
23.0
23.0
23.0
23.0
22.0
22.0
22.0
22.0
22.0
22.0
23.0
22.0
23.0
22.0
23.0
22.0
23.0
23.0
23.0
23.0
23.0
22.0
23.0
22.0
22.0
23.0
22.0
23.0
22.0
23.0
23.0
6.0
23.0
23.0
6.0
6.0
6.0
23.0
23.0
6.0
7.0
7.0
22.0
6.0
7.0
6.0
6.0
7.0
7.0
7.0
7.0
6.0
7.0
7.0
6.0
6.0
6.0
7.0
7.0
6.0
7.0
7.0
7.0
6.0
2.0
2.0
2.0
3.0
2.0
3.0
2.0
2.0
2.0
2.0
3.0
2.0
2.0
23.0
22.0
23.0
23.0
23.0
22.0
22.0
22.0
22.0
23.0
23.0
23.0
22.0
22.0
22.0
23.0
23.0
23.0
23.0
22.0
23.0
23.0
23.0
23.0
23.0
23.0
22.0
23.0
23.0
23.0
22.0
22.0
22.0
22.0
22.0
23.0
22.0
22.0
22.0
23.0
23.0
23.0
23.0
23.0
22.0
22.0
23.0
23.0
23.0
22.0
23.0
23.0
23.0
23.0
7.0
22.0
22.0
7.0
7.0
7.0
23.0
22.0
6.0
7.0
7.0
23.0
7.0
6.0
6.0
6.0
7.0
7.0
7.0
6.0
7.0
7.0
7.0
6.0
6.0
6.0
7.0
7.0
7.0
6.0
6.0
7.0
7.0
3.0
3.0
2.0
3.0
2.0
2.0
2.0
3.0
2.0
2.0
2.0
2.0
2.0
22.0
23.0
23.0
23.0
23.0
22.0
22.0
23.0
22.0
23.0
23.0
22.0
22.0
23.0
23.0
23.0
23.0
22.0
22.0
22.0
23.0
23.0
23.0
22.0
22.0
23.0
22.0
22.0
22.0
23.0
23.0
23.0
23.0
23.0
23.0
23.0
22.0
23.0
22.0
23.0
23.0
23.0
22.0
22.0
23.0
23.0
23.0
23.0
23.0
22.0
23.0
22.0
22.0
22.0
7.0
22.0
23.0
7.0
7.0
7.0
22.0
22.0
6.0
6.0
7.0
23.0
6.0
7.0
7.0
7.0
7.0
7.0
6.0
7.0
6.0
6.0
6.0
7.0
7.0
7.0
7.0
7.0
6.0
7.0
7.0
7.0
6.0
2.0
2.0
2.0
3.0
3.0
2.0
2.0
2.0
2.0
2.0
2.0
3.0
3.0
22.0
23.0
22.0
22.0
22.0
22.0
22.0
23.0
22.0
22.0
23.0
23.0
22.0
22.0
23.0
23.0
23.0
22.0
22.0
23.0
23.0
23.0
23.0
23.0
22.0
22.0
23.0
23.0
22.0
23.0
22.0
22.0
22.0
23.0
22.0
23.0
23.0
22.0
23.0
23.0
23.0
23.0
23.0
23.0
22.0
23.0
22.0
22.0
23.0
22.0
23.0
23.0
23.0
23.0
7.0
23.0
23.0
7.0
6.0
6.0
22.0
22.0
6.0
7.0
7.0
23.0
6.0
6.0
6.0
6.0
7.0
6.0
6.0
7.0
7.0
7.0
7.0
7.0
6.0
7.0
7.0
6.0
6.0
6.0
6.0
6.0
6.0
3.0
2.0
2.0
3.0
2.0
2.0
2.0
3.0
2.0
2.0
2.0
3.0
3.0
22.0
23.0
23.0
23.0
23.0
22.0
23.0
23.0
22.0
22.0
23.0
22.0
22.0
22.0
23.0
23.0
22.0
23.0
23.0
23.0
23.0
23.0
23.0
23.0
23.0
23.0
23.0
23.0
23.0
23.0
22.0
23.0
23.0
23.0
23.0
23.0
23.0
22.0
22.0
22.0
23.0
22.0
22.0
23.0
22.0
23.0
23.0
23.0
23.0
22.0
23.0
23.0
23.0
23.0
6.0
22.0
22.0
7.0
7.0
7.0
23.0
22.0
6.0
6.0
7.0
23.0
6.0
6.0
7.0
7.0
7.0
7.0
7.0
7.0
7.0
6.0
6.0
7.0
6.0
6.0
7.0
7.0
6.0
6.0
7.0
7.0
6.0
2.0
3.0
2.0
2.0
2.0
3.0
2.0
2.0
3.0
3.0
3.0
2.0
58.0
79.0
78.0
77.0
78.0
78.0
78.0
77.0
78.0
78.0
23.0
23.0
23.0
22.0
23.0
23.0
23.0
23.0
22.0
23.0
22.0
23.0
23.0
22.0
22.0
22.0
22.0
23.0
23.0
22.0
23.0
23.0
23.0
23.0
23.0
23.0
22.0
22.0
23.0
23.0
23.0
23.0
23.0
23.0
23.0
23.0
23.0
23.0
22.0
22.0
22.0
22.0
22.0
22.0
22.0
6.0
22.0
23.0
7.0
6.0
7.0
23.0
22.0
7.0
6.0
6.0
22.0
7.0
7.0
7.0
7.0
7.0
6.0
6.0
6.0
6.0
7.0
7.0
7.0
7.0
7.0
7.0
7.0
7.0
7.0
6.0
6.0
6.0
2.0
2.0
2.0
3.0
3.0
2.0
2.0
3.0
2.0
2.0
2.0
3.0
3.0
1687.0
1696.0
1691.0
1688.0
1687.0
1681.0
1701.0
1694.0
1691.0
1694.0
1773.0
1779.0
1767.0
1779.0
1780.0
1775.0
1775.0
1772.0
1776.0
1785.0
1773.0
1772.0
1776.0
1774.0
1774.0
1773.0
1771.0
1769.0
1770.0
1777.0
1746.0
1753.0
1748.0
1745.0
1753.0
1752.0
1746.0
1749.0
1738.0
1747.0
1767.0
1761.0
1764.0
1778.0
1763.0
1766.0
1775.0
1760.0
1777.0
1769.0
1686.0
1688.0
1677.0
1678.0
1670.0
1678.0
1678.0
1666.0
1667.0
1672.0
1773.0
1764.0
1747.0
1749.0
1751.0
1773.0
1756.0
1761.0
1751.0
1745.0
1757.0
1744.0
1756.0
1749.0
1748.0
1748.0
1749.0
1752.0
1755.0
1749.0
1707.0
1705.0
1705.0
1705.0
1708.0
1709.0
1703.0
1704.0
2.0
2.0
3.0
3.0
2.0
2.0
2.0
2.0
2.0
3.0
2.0
2.0
3787.0
3756.0
3795.0
3829.0
3813.0
3822.0
3819.0
3831.0
3807.0
3826.0
3833.0
3870.0
3786.0
3779.0
3764.0
3775.0
3782.0
3779.0
3780.0
3784.0
3764.0
3767.0
3793.0
3802.0
3819.0
3808.0
3781.0
3797.0
3814.0
3809.0
3809.0
3828.0
3815.0
3822.0
3831.0
3827.0
3821.0
3818.0
3828.0
3830.0
3783.0
3788.0
3828.0
3823.0
3803.0
3818.0
3817.0
3820.0
3817.0
3819.0
3815.0
3820.0
3787.0
3775.0
3762.0
3747.0
3757.0
3746.0
3756.0
3754.0
3748.0
3735.0
3777.0
3761.0
3765.0
3785.0
3773.0
3780.0
3773.0
3773.0
3805.0
3806.0
3803.0
3793.0
3798.0
3810.0
3814.0
3816.0
3797.0
3852.0
3768.0
3767.0
3812.0
3791.0
3804.0
3791.0
3798.0
3800.0
2063.0
2076.0
2074.0
2066.0
2074.0
2068.0
2021.0
2026.0
2024.0
2020.0
2020.0
2015.0
3733.0
3730.0
3738.0
3748.0
3781.0
3780.0
3754.0
3769.0
3784.0
3784.0
3820.0
3815.0
3816.0
3826.0
3853.0
3824.0
3838.0
3836.0
3840.0
3835.0
3825.0
3827.0
3829.0
3839.0
3790.0
3791.0
3784.0
3780.0
3789.0
3788.0
3792.0
3778.0
3787.0
3776.0
3776.0
3776.0
3783.0
3775.0
3767.0
3766.0
3758.0
3753.0
3749.0
3763.0
3792.0
3783.0
3795.0
3780.0
3785.0
3774.0
3806.0
3788.0
3818.0
3793.0
3808.0
3835.0
3833.0
3808.0
3824.0
3813.0
3802.0
3833.0
3807.0
3822.0
3775.0
3791.0
3763.0
3770.0
3778.0
3891.0
3817.0
3775.0
3776.0
3908.0
3737.0
3728.0
3733.0
3741.0
3765.0
3778.0
3730.0
3717.0
3717.0
3746.0
3776.0
3787.0
3792.0
3786.0
2041.0
2047.0
2054.0
2058.0
2065.0
2066.0
2063.0
2034.0
2053.0
2056.0
2058.0
2057.0
3821.0
3808.0
3816.0
3819.0
3845.0
3816.0
3795.0
3787.0
3803.0
3800.0
3791.0
3785.0
3790.0
3779.0
3798.0
3796.0
3810.0
3808.0
3801.0
3807.0
3776.0
3775.0
3823.0
3815.0
3826.0
3800.0
3745.0
3761.0
3753.0
3772.0
3794.0
3806.0
3750.0
3757.0
3739.0
3717.0
3808.0
3798.0
3806.0
3793.0
3846.0
3831.0
3852.0
3853.0
3856.0
3841.0
3841.0
3827.0
3823.0
3835.0
3815.0
3815.0
3794.0
3795.0
3768.0
3817.0
3792.0
3775.0
3831.0
3822.0
3811.0
3827.0
3801.0
3803.0
3847.0
3866.0
3783.0
3793.0
3739.0
3729.0
3755.0
3760.0
3767.0
3743.0
3715.0
3725.0
3785.0
3772.0
3769.0
3787.0
3820.0
3844.0
3839.0
3838.0
3817.0
3856.0
3786.0
3806.0
2075.0
2078.0
2035.0
2036.0
2039.0
2049.0
2044.0
2044.0
2077.0
2066.0
2059.0
2070.0
3826.0
3809.0
3829.0
3820.0
3843.0
3828.0
3789.0
3818.0
3764.0
3753.0
3734.0
3715.0
3731.0
3731.0
3731.0
3724.0
3741.0
3767.0
3809.0
3794.0
3820.0
3815.0
3818.0
3803.0
3830.0
3818.0
3813.0
3809.0
3798.0
3801.0
3765.0
3767.0
3760.0
3802.0
3787.0
3782.0
3791.0
3818.0
3787.0
3793.0
3809.0
3805.0
3804.0
3786.0
3778.0
3768.0
3775.0
3803.0
3736.0
3738.0
3738.0
3726.0
3736.0
3728.0
3719.0
3736.0
3731.0
3814.0
3802.0
3800.0
3810.0
3819.0
3792.0
3797.0
3792.0
3816.0
3785.0
3725.0
3735.0
3740.0
3737.0
3738.0
3767.0
3754.0
3775.0
3774.0
3758.0
3788.0
3772.0
3755.0
3801.0
3779.0
3766.0
3765.0
3775.0
3766.0
3765.0
3789.0
2068.0
2063.0
2018.0
2021.0
2022.0
2020.0
2022.0
2023.0
2020.0
2057.0
2060.0
2069.0
3779.0
3751.0
3767.0
3776.0
3779.0
3777.0
3730.0
3730.0
3772.0
3916.0
3909.0
3916.0
3913.0
3930.0
3920.0
3922.0
3912.0
3928.0
3773.0
3764.0
3771.0
3766.0
3763.0
3780.0
3773.0
3773.0
3816.0
3756.0
3752.0
3776.0
3803.0
3816.0
3835.0
3797.0
3814.0
3814.0
3777.0
3771.0
3767.0
3704.0
3721.0
3721.0
3725.0
3710.0
3782.0
3822.0
3817.0
3816.0
3810.0
3816.0
3825.0
3801.0
3806.0
3744.0
3771.0
3757.0
3741.0
3755.0
3783.0
3753.0
3766.0
3752.0
3798.0
3765.0
3760.0
3818.0
3812.0
3830.0
3820.0
3804.0
3800.0
3813.0
3765.0
3778.0
3707.0
3714.0
3725.0
3708.0
3704.0
2043.0
2046.0
2017.0
2087.0
2094.0
2102.0
2100.0
2100.0
2101.0
2103.0
2102.0
2092.0
3825.0
3809.0
3765.0
3814.0
3799.0
3807.0
3801.0
3809.0
3805.0
3799.0
3783.0
3762.0
3784.0
3764.0
3762.0
3747.0
3745.0
3764.0
3769.0
3763.0
3759.0
3798.0
3721.0
3773.0
3790.0
3768.0
3791.0
3841.0
3842.0
3837.0
3809.0
3825.0
3833.0
3796.0
3804.0
3810.0
3800.0
3770.0
3764.0
3763.0
3789.0
3803.0
3798.0
3800.0
3792.0
3816.0
3798.0
3809.0
3790.0
3816.0
3799.0
3752.0
3747.0
3744.0
3773.0
3753.0
3755.0
3749.0
3763.0
3760.0
3735.0
3768.0
3743.0
3745.0
3738.0
3756.0
3741.0
3783.0
3816.0
3815.0
3786.0
3815.0
3817.0
3804.0
3818.0
3814.0
3806.0
3745.0
3747.0
2050.0
2050.0
2054.0
2078.0
2073.0
2074.0
2081.0
2067.0
2074.0
2078.0
2059.0
2034.0
3812.0
3811.0
3784.0
3762.0
3773.0
3791.0
3782.0
3803.0
3813.0
3793.0
3798.0
3768.0
3788.0
3788.0
3785.0
3814.0
3804.0
3773.0
3769.0
3763.0
3781.0
3813.0
3746.0
3753.0
3785.0
3802.0
3804.0
3810.0
3841.0
3875.0
3854.0
3840.0
3822.0
3829.0
3804.0
3807.0
3800.0
3804.0
3751.0
3731.0
3749.0
3781.0
3766.0
3794.0
3792.0
3802.0
3814.0
3805.0
3790.0
3794.0
3808.0
3737.0
3772.0
3748.0
3752.0
3748.0
3744.0
3731.0
3772.0
3770.0
3748.0
3769.0
3745.0
3754.0
3755.0
3767.0
3756.0
3833.0
3828.0
3811.0
3801.0
3803.0
3764.0
3756.0
3768.0
3761.0
3753.0
3708.0
3702.0
2053.0
2017.0
2055.0
2068.0
2005.0
1984.0
1993.0
1984.0
1978.0
1961.0
1951.0
1844.0
