1.0
0.0
1.0
1.0
1.0
1.0
1.0
0.0
0.0
0.0
13.0
12.0
7.0
7.0
7.0
7.0
7.0
7.0
11.0
11.0
56.0
56.0
56.0
56.0
56.0
57.0
102.0
100.0
101.0
100.0
57.0
56.0
57.0
57.0
56.0
56.0
102.0
100.0
75.0
69.0
58.0
57.0
56.0
56.0
56.0
58.0
56.0
55.0
55.0
56.0
56.0
56.0
46.0
56.0
100.0
101.0
45.0
55.0
56.0
55.0
55.0
57.0
56.0
56.0
45.0
63.0
62.0
62.0
62.0
61.0
63.0
62.0
107.0
107.0
56.0
56.0
56.0
56.0
56.0
56.0
56.0
56.0
46.0
55.0
55.0
56.0
56.0
55.0
55.0
56.0
45.0
130.0
131.0
86.0
86.0
86.0
87.0
85.0
86.0
75.0
86.0
45.0
56.0
56.0
56.0
57.0
55.0
56.0
100.0
100.0
56.0
46.0
56.0
56.0
55.0
56.0
56.0
56.0
57.0
45.0
102.0
101.0
55.0
56.0
56.0
56.0
57.0
57.0
45.0
57.0
57.0
56.0
58.0
56.0
79.0
56.0
79.0
56.0
80.0
79.0
56.0
56.0
56.0
56.0
56.0
56.0
50.0
48.0
55.0
56.0
56.0
57.0
56.0
57.0
56.0
56.0
46.0
45.0
56.0
55.0
56.0
56.0
57.0
56.0
57.0
45.0
45.0
56.0
55.0
45.0
57.0
46.0
56.0
56.0
56.0
57.0
56.0
55.0
45.0
51.0
56.0
56.0
56.0
57.0
56.0
56.0
57.0
78.0
45.0
81.0
56.0
56.0
56.0
56.0
55.0
57.0
56.0
45.0
81.0
56.0
56.0
55.0
56.0
57.0
55.0
56.0
69.0
45.0
46.0
45.0
7.0
7.0
12.0
12.0
7.0
8.0
7.0
7.0
12.0
12.0
8.0
7.0
7.0
7.0
7.0
8.0
13.0
13.0
12.0
12.0
7.0
7.0
7.0
7.0
7.0
7.0
7.0
7.0
6.0
6.0
7.0
7.0
11.0
11.0
12.0
13.0
7.0
6.0
6.0
0.0
1.0
1.0
0.0
1.0
1.0
1.0
0.0
0.0
0.0
1.0
7.0
7.0
6.0
6.0
7.0
7.0
13.0
11.0
12.0
12.0
8.0
8.0
6.0
7.0
6.0
7.0
7.0
6.0
7.0
7.0
7.0
13.0
12.0
12.0
7.0
12.0
7.0
6.0
6.0
6.0
7.0
7.0
7.0
7.0
7.0
11.0
11.0
1.0
0.0
1.0
0.0
1.0
1.0
1.0
0.0
0.0
0.0
0.0
1.0
1.0
101.0
56.0
56.0
57.0
100.0
57.0
57.0
56.0
100.0
100.0
56.0
56.0
57.0
56.0
57.0
56.0
60.0
101.0
100.0
46.0
57.0
57.0
57.0
56.0
57.0
58.0
45.0
56.0
55.0
55.0
56.0
56.0
56.0
56.0
45.0
100.0
99.0
56.0
55.0
28.0
50.0
28.0
28.0
27.0
23.0
29.0
28.0
29.0
29.0
23.0
56.0
56.0
55.0
55.0
56.0
56.0
53.0
45.0
100.0
99.0
56.0
56.0
56.0
45.0
57.0
46.0
56.0
55.0
45.0
55.0
45.0
56.0
55.0
55.0
56.0
56.0
88.0
86.0
45.0
45.0
56.0
55.0
56.0
56.0
55.0
55.0
45.0
22.0
28.0
29.0
28.0
22.0
28.0
28.0
28.0
27.0
28.0
24.0
28.0
23.0
58.0
56.0
56.0
56.0
56.0
56.0
56.0
45.0
45.0
56.0
56.0
55.0
56.0
45.0
56.0
56.0
46.0
56.0
55.0
55.0
57.0
57.0
62.0
58.0
62.0
62.0
61.0
62.0
62.0
62.0
50.0
49.0
49.0
55.0
56.0
56.0
56.0
55.0
55.0
28.0
44.0
24.0
24.0
27.0
27.0
28.0
28.0
28.0
28.0
28.0
49.0
48.0
55.0
48.0
56.0
56.0
56.0
55.0
55.0
55.0
48.0
48.0
77.0
84.0
86.0
85.0
85.0
86.0
85.0
85.0
78.0
78.0
48.0
55.0
56.0
56.0
56.0
55.0
55.0
55.0
48.0
48.0
48.0
56.0
55.0
55.0
55.0
28.0
24.0
28.0
28.0
24.0
24.0
25.0
24.0
28.0
28.0
28.0
28.0
25.0
56.0
48.0
48.0
56.0
55.0
56.0
56.0
56.0
48.0
55.0
49.0
49.0
55.0
74.0
55.0
55.0
72.0
54.0
55.0
54.0
48.0
49.0
54.0
54.0
54.0
54.0
54.0
54.0
87.0
86.0
48.0
48.0
54.0
54.0
54.0
54.0
53.0
53.0
48.0
25.0
48.0
44.0
24.0
43.0
27.0
27.0
27.0
28.0
27.0
24.0
49.0
54.0
53.0
54.0
53.0
53.0
62.0
53.0
60.0
49.0
50.0
54.0
54.0
53.0
53.0
53.0
50.0
53.0
50.0
50.0
50.0
54.0
54.0
53.0
54.0
50.0
54.0
54.0
50.0
49.0
49.0
54.0
53.0
53.0
53.0
50.0
53.0
27.0
25.0
25.0
26.0
25.0
25.0
27.0
27.0
25.0
27.0
28.0
27.0
25.0
54.0
50.0
53.0
53.0
50.0
53.0
70.0
53.0
53.0
50.0
50.0
89.0
52.0
52.0
49.0
51.0
53.0
52.0
53.0
89.0
50.0
53.0
52.0
50.0
50.0
52.0
52.0
52.0
90.0
50.0
52.0
52.0
50.0
50.0
52.0
52.0
51.0
89.0
50.0
27.0
48.0
26.0
26.0
27.0
27.0
27.0
45.0
27.0
24.0
25.0
50.0
53.0
53.0
53.0
52.0
53.0
49.0
89.0
50.0
89.0
50.0
54.0
53.0
53.0
53.0
50.0
53.0
50.0
58.0
99.0
60.0
60.0
60.0
59.0
60.0
99.0
59.0
60.0
51.0
52.0
52.0
53.0
50.0
52.0
49.0
52.0
88.0
25.0
45.0
26.0
26.0
26.0
25.0
26.0
25.0
26.0
25.0
25.0
26.0
27.0
53.0
52.0
50.0
52.0
50.0
90.0
50.0
52.0
52.0
90.0
52.0
51.0
52.0
50.0
52.0
51.0
52.0
52.0
90.0
49.0
53.0
54.0
50.0
52.0
49.0
52.0
52.0
89.0
50.0
52.0
50.0
51.0
52.0
50.0
52.0
52.0
88.0
50.0
49.0
26.0
47.0
26.0
46.0
25.0
26.0
27.0
26.0
26.0
25.0
25.0
50.0
52.0
52.0
52.0
52.0
89.0
53.0
50.0
49.0
90.0
50.0
53.0
52.0
52.0
52.0
52.0
50.0
50.0
89.0
49.0
53.0
52.0
52.0
52.0
89.0
50.0
52.0
49.0
50.0
52.0
52.0
52.0
52.0
49.0
52.0
49.0
88.0
25.0
45.0
26.0
26.0
27.0
27.0
25.0
25.0
26.0
25.0
26.0
26.0
26.0
52.0
50.0
50.0
89.0
52.0
50.0
52.0
53.0
52.0
90.0
50.0
52.0
50.0
52.0
50.0
52.0
52.0
53.0
90.0
50.0
50.0
52.0
50.0
52.0
89.0
52.0
53.0
52.0
50.0
50.0
53.0
49.0
52.0
52.0
52.0
52.0
89.0
49.0
49.0
25.0
47.0
27.0
45.0
27.0
26.0
26.0
26.0
26.0
26.0
25.0
52.0
52.0
49.0
52.0
52.0
78.0
53.0
71.0
49.0
50.0
52.0
52.0
51.0
52.0
52.0
52.0
52.0
51.0
58.0
58.0
59.0
60.0
59.0
59.0
60.0
59.0
60.0
60.0
54.0
53.0
52.0
52.0
52.0
51.0
52.0
52.0
51.0
26.0
25.0
26.0
26.0
26.0
26.0
26.0
26.0
26.0
26.0
25.0
26.0
26.0
52.0
52.0
51.0
51.0
51.0
52.0
52.0
52.0
52.0
51.0
52.0
52.0
52.0
52.0
52.0
52.0
52.0
52.0
52.0
79.0
80.0
79.0
79.0
79.0
79.0
80.0
80.0
79.0
80.0
51.0
52.0
52.0
53.0
51.0
51.0
52.0
52.0
51.0
51.0
26.0
46.0
26.0
26.0
26.0
26.0
26.0
26.0
27.0
26.0
26.0
52.0
52.0
51.0
52.0
52.0
52.0
52.0
51.0
51.0
52.0
51.0
52.0
52.0
51.0
52.0
52.0
52.0
52.0
51.0
51.0
52.0
51.0
51.0
52.0
52.0
52.0
52.0
51.0
51.0
52.0
52.0
52.0
52.0
52.0
52.0
51.0
51.0
26.0
26.0
26.0
26.0
26.0
26.0
26.0
26.0
26.0
26.0
26.0
26.0
26.0
53.0
52.0
51.0
51.0
52.0
52.0
52.0
51.0
52.0
52.0
52.0
52.0
52.0
52.0
51.0
52.0
52.0
52.0
52.0
52.0
52.0
52.0
52.0
52.0
52.0
52.0
51.0
52.0
52.0
51.0
52.0
52.0
52.0
51.0
51.0
52.0
51.0
52.0
51.0
26.0
46.0
27.0
26.0
26.0
26.0
26.0
27.0
26.0
26.0
26.0
51.0
51.0
52.0
52.0
52.0
51.0
52.0
52.0
51.0
51.0
51.0
52.0
51.0
52.0
51.0
52.0
51.0
51.0
51.0
51.0
52.0
52.0
52.0
51.0
52.0
52.0
52.0
52.0
52.0
52.0
52.0
52.0
51.0
51.0
52.0
51.0
51.0
26.0
26.0
26.0
26.0
26.0
26.0
26.0
26.0
26.0
26.0
27.0
26.0
26.0
52.0
52.0
52.0
52.0
52.0
52.0
52.0
51.0
52.0
52.0
52.0
52.0
52.0
52.0
51.0
52.0
52.0
51.0
51.0
51.0
52.0
52.0
52.0
51.0
51.0
52.0
51.0
52.0
52.0
51.0
58.0
57.0
57.0
58.0
58.0
59.0
59.0
59.0
59.0
26.0
54.0
28.0
28.0
28.0
27.0
28.0
28.0
27.0
26.0
26.0
52.0
52.0
51.0
51.0
51.0
52.0
51.0
51.0
51.0
52.0
52.0
52.0
52.0
51.0
51.0
52.0
52.0
51.0
52.0
51.0
52.0
52.0
52.0
52.0
51.0
51.0
52.0
52.0
51.0
52.0
51.0
52.0
52.0
51.0
52.0
52.0
51.0
26.0
26.0
25.0
26.0
26.0
26.0
26.0
26.0
25.0
26.0
26.0
26.0
26.0
52.0
52.0
52.0
52.0
52.0
52.0
52.0
51.0
51.0
52.0
52.0
52.0
52.0
52.0
52.0
52.0
52.0
51.0
51.0
51.0
52.0
52.0
52.0
51.0
51.0
52.0
51.0
52.0
51.0
52.0
52.0
52.0
51.0
52.0
52.0
52.0
52.0
51.0
51.0
26.0
46.0
26.0
26.0
26.0
26.0
26.0
26.0
26.0
26.0
26.0
52.0
51.0
52.0
51.0
51.0
52.0
51.0
51.0
51.0
51.0
51.0
52.0
51.0
52.0
52.0
52.0
52.0
52.0
52.0
52.0
52.0
52.0
52.0
51.0
51.0
52.0
52.0
52.0
51.0
52.0
52.0
51.0
51.0
52.0
52.0
52.0
51.0
26.0
26.0
26.0
26.0
26.0
26.0
25.0
26.0
26.0
25.0
26.0
26.0
25.0
52.0
52.0
51.0
52.0
52.0
52.0
52.0
52.0
52.0
52.0
52.0
52.0
52.0
52.0
51.0
52.0
51.0
51.0
52.0
52.0
52.0
51.0
52.0
52.0
52.0
52.0
52.0
51.0
51.0
52.0
52.0
52.0
51.0
52.0
51.0
51.0
51.0
52.0
52.0
26.0
46.0
26.0
26.0
25.0
25.0
26.0
26.0
26.0
25.0
26.0
52.0
52.0
52.0
58.0
58.0
59.0
59.0
59.0
59.0
58.0
60.0
60.0
60.0
53.0
53.0
53.0
53.0
53.0
53.0
53.0
80.0
81.0
80.0
80.0
79.0
80.0
81.0
80.0
80.0
80.0
52.0
52.0
51.0
53.0
52.0
52.0
52.0
27.0
26.0
27.0
26.0
27.0
26.0
26.0
26.0
27.0
26.0
26.0
26.0
26.0
52.0
52.0
53.0
53.0
52.0
52.0
53.0
52.0
52.0
52.0
52.0
52.0
52.0
52.0
52.0
52.0
52.0
52.0
52.0
52.0
52.0
53.0
52.0
52.0
53.0
52.0
52.0
51.0
51.0
52.0
53.0
52.0
52.0
52.0
52.0
52.0
53.0
52.0
52.0
27.0
47.0
27.0
26.0
26.0
27.0
27.0
26.0
26.0
26.0
26.0
52.0
52.0
52.0
51.0
52.0
51.0
52.0
53.0
52.0
52.0
52.0
53.0
52.0
51.0
52.0
51.0
52.0
51.0
51.0
52.0
52.0
52.0
51.0
52.0
51.0
52.0
52.0
52.0
52.0
52.0
52.0
52.0
52.0
52.0
52.0
51.0
51.0
25.0
26.0
26.0
25.0
26.0
27.0
26.0
26.0
26.0
26.0
26.0
25.0
26.0
52.0
53.0
52.0
52.0
52.0
53.0
52.0
53.0
52.0
52.0
52.0
53.0
52.0
52.0
52.0
52.0
52.0
51.0
52.0
52.0
52.0
51.0
52.0
52.0
52.0
53.0
52.0
52.0
52.0
51.0
52.0
52.0
51.0
52.0
52.0
52.0
51.0
52.0
52.0
26.0
46.0
26.0
26.0
26.0
26.0
26.0
26.0
26.0
26.0
26.0
51.0
52.0
52.0
51.0
52.0
53.0
52.0
51.0
52.0
51.0
51.0
51.0
52.0
52.0
51.0
52.0
52.0
51.0
52.0
51.0
52.0
51.0
52.0
51.0
53.0
52.0
52.0
51.0
51.0
51.0
52.0
52.0
53.0
52.0
51.0
53.0
51.0
27.0
26.0
27.0
26.0
26.0
32.0
32.0
32.0
33.0
33.0
34.0
33.0
33.0
60.0
60.0
54.0
53.0
53.0
53.0
53.0
52.0
52.0
52.0
52.0
52.0
51.0
51.0
52.0
52.0
52.0
52.0
52.0
51.0
51.0
52.0
52.0
52.0
51.0
51.0
52.0
52.0
51.0
52.0
52.0
51.0
52.0
52.0
51.0
52.0
52.0
51.0
51.0
26.0
46.0
26.0
26.0
26.0
26.0
26.0
26.0
27.0
26.0
25.0
52.0
52.0
51.0
51.0
52.0
52.0
52.0
52.0
51.0
52.0
53.0
52.0
52.0
52.0
51.0
52.0
51.0
52.0
52.0
51.0
52.0
51.0
51.0
51.0
52.0
52.0
52.0
52.0
52.0
52.0
51.0
52.0
52.0
51.0
51.0
51.0
51.0
26.0
26.0
26.0
26.0
27.0
25.0
26.0
26.0
26.0
26.0
26.0
26.0
26.0
52.0
52.0
52.0
52.0
51.0
52.0
52.0
51.0
51.0
51.0
52.0
52.0
52.0
52.0
52.0
52.0
52.0
51.0
52.0
52.0
52.0
52.0
52.0
51.0
51.0
52.0
52.0
52.0
52.0
51.0
51.0
51.0
52.0
52.0
52.0
52.0
51.0
51.0
51.0
26.0
46.0
26.0
26.0
26.0
26.0
26.0
26.0
26.0
26.0
26.0
52.0
52.0
51.0
51.0
51.0
52.0
51.0
51.0
52.0
51.0
51.0
51.0
51.0
52.0
52.0
52.0
52.0
52.0
51.0
51.0
52.0
52.0
51.0
51.0
51.0
52.0
52.0
51.0
52.0
52.0
52.0
52.0
51.0
51.0
52.0
51.0
51.0
26.0
26.0
26.0
26.0
26.0
26.0
25.0
26.0
26.0
27.0
26.0
26.0
26.0
52.0
52.0
52.0
51.0
51.0
53.0
51.0
52.0
51.0
52.0
59.0
59.0
60.0
60.0
60.0
60.0
61.0
60.0
61.0
59.0
53.0
52.0
52.0
52.0
51.0
52.0
51.0
51.0
51.0
79.0
81.0
80.0
79.0
80.0
80.0
80.0
80.0
80.0
80.0
26.0
46.0
26.0
27.0
25.0
26.0
27.0
26.0
26.0
26.0
26.0
53.0
52.0
51.0
53.0
52.0
52.0
52.0
52.0
52.0
51.0
52.0
52.0
52.0
51.0
52.0
52.0
52.0
52.0
52.0
52.0
51.0
52.0
52.0
52.0
51.0
52.0
52.0
51.0
51.0
52.0
51.0
51.0
52.0
51.0
51.0
51.0
51.0
26.0
26.0
26.0
26.0
26.0
26.0
26.0
26.0
25.0
26.0
26.0
26.0
26.0
52.0
52.0
52.0
51.0
51.0
52.0
52.0
53.0
52.0
52.0
52.0
52.0
52.0
51.0
52.0
52.0
52.0
51.0
52.0
51.0
52.0
52.0
52.0
52.0
52.0
52.0
51.0
52.0
51.0
51.0
52.0
51.0
52.0
51.0
51.0
52.0
51.0
51.0
51.0
26.0
47.0
26.0
26.0
26.0
27.0
26.0
26.0
25.0
26.0
26.0
51.0
51.0
51.0
51.0
51.0
52.0
52.0
52.0
52.0
52.0
52.0
52.0
51.0
51.0
52.0
52.0
52.0
51.0
51.0
51.0
52.0
52.0
52.0
51.0
51.0
51.0
52.0
52.0
52.0
52.0
51.0
52.0
51.0
51.0
51.0
51.0
51.0
26.0
26.0
26.0
26.0
26.0
26.0
25.0
25.0
26.0
26.0
25.0
26.0
26.0
52.0
52.0
52.0
52.0
51.0
52.0
52.0
51.0
52.0
51.0
53.0
52.0
51.0
52.0
52.0
52.0
52.0
52.0
52.0
52.0
52.0
52.0
52.0
52.0
51.0
52.0
52.0
52.0
51.0
51.0
52.0
52.0
52.0
51.0
52.0
52.0
51.0
51.0
52.0
26.0
46.0
26.0
26.0
26.0
26.0
26.0
26.0
26.0
26.0
25.0
59.0
59.0
60.0
59.0
59.0
60.0
60.0
59.0
59.0
59.0
51.0
51.0
52.0
51.0
51.0
52.0
51.0
51.0
51.0
51.0
52.0
51.0
52.0
51.0
52.0
52.0
52.0
52.0
52.0
51.0
51.0
51.0
52.0
52.0
51.0
51.0
51.0
26.0
26.0
25.0
26.0
26.0
26.0
26.0
26.0
26.0
26.0
26.0
26.0
26.0
52.0
51.0
52.0
52.0
52.0
52.0
51.0
52.0
52.0
52.0
51.0
51.0
52.0
52.0
52.0
52.0
52.0
52.0
52.0
51.0
52.0
52.0
52.0
52.0
51.0
52.0
52.0
52.0
51.0
52.0
52.0
51.0
51.0
52.0
51.0
52.0
52.0
51.0
53.0
26.0
46.0
26.0
26.0
26.0
26.0
26.0
26.0
26.0
26.0
26.0
52.0
52.0
51.0
51.0
52.0
52.0
52.0
51.0
52.0
51.0
51.0
51.0
52.0
52.0
51.0
52.0
52.0
51.0
51.0
52.0
52.0
52.0
51.0
51.0
52.0
52.0
52.0
51.0
52.0
51.0
52.0
51.0
51.0
51.0
51.0
51.0
51.0
26.0
26.0
26.0
27.0
26.0
26.0
26.0
25.0
25.0
25.0
26.0
25.0
25.0
