19.0
16.0
16.0
16.0
15.0
15.0
15.0
14.0
15.0
14.0
199.0
196.0
197.0
186.0
197.0
52.0
196.0
182.0
183.0
21.0
213.0
211.0
81.0
70.0
79.0
67.0
79.0
66.0
66.0
26.0
83.0
80.0
80.0
70.0
80.0
67.0
79.0
66.0
66.0
25.0
83.0
80.0
81.0
69.0
80.0
66.0
80.0
66.0
66.0
26.0
84.0
80.0
81.0
70.0
80.0
66.0
80.0
65.0
66.0
26.0
83.0
80.0
81.0
69.0
80.0
66.0
79.0
66.0
67.0
26.0
82.0
80.0
80.0
70.0
81.0
66.0
80.0
66.0
66.0
26.0
82.0
81.0
80.0
69.0
80.0
66.0
80.0
67.0
66.0
26.0
83.0
80.0
80.0
70.0
80.0
66.0
80.0
67.0
66.0
26.0
83.0
80.0
80.0
70.0
80.0
66.0
79.0
65.0
67.0
25.0
83.0
80.0
80.0
70.0
81.0
67.0
80.0
66.0
67.0
26.0
83.0
80.0
80.0
70.0
79.0
66.0
79.0
66.0
66.0
26.0
83.0
80.0
80.0
70.0
81.0
66.0
80.0
66.0
67.0
26.0
83.0
81.0
81.0
70.0
81.0
67.0
80.0
66.0
66.0
26.0
83.0
81.0
80.0
69.0
80.0
66.0
80.0
67.0
67.0
26.0
83.0
80.0
80.0
70.0
80.0
66.0
79.0
66.0
67.0
26.0
82.0
80.0
80.0
70.0
81.0
67.0
79.0
66.0
66.0
26.0
83.0
79.0
81.0
70.0
80.0
66.0
79.0
67.0
66.0
26.0
83.0
81.0
80.0
70.0
80.0
66.0
80.0
66.0
66.0
26.0
82.0
79.0
78.0
69.0
76.0
65.0
76.0
64.0
64.0
26.0
89.0
82.0
83.0
75.0
77.0
76.0
76.0
74.0
76.0
59.0
96.0
94.0
93.0
88.0
89.0
87.0
87.0
85.0
88.0
74.0
97.0
98.0
94.0
88.0
88.0
88.0
89.0
86.0
89.0
72.0
96.0
92.0
92.0
86.0
87.0
86.0
86.0
84.0
86.0
73.0
99.0
92.0
91.0
86.0
86.0
86.0
86.0
84.0
86.0
70.0
119.0
115.0
116.0
110.0
110.0
110.0
110.0
108.0
110.0
97.0
97.0
90.0
91.0
85.0
85.0
85.0
85.0
83.0
85.0
69.0
93.0
90.0
90.0
85.0
85.0
85.0
85.0
83.0
89.0
68.0
92.0
91.0
90.0
85.0
86.0
85.0
86.0
83.0
85.0
72.0
97.0
91.0
90.0
84.0
85.0
84.0
85.0
83.0
85.0
68.0
93.0
90.0
90.0
85.0
85.0
85.0
85.0
83.0
85.0
73.0
97.0
90.0
90.0
85.0
85.0
85.0
86.0
83.0
85.0
69.0
93.0
89.0
90.0
85.0
85.0
84.0
85.0
83.0
88.0
69.0
93.0
89.0
91.0
84.0
86.0
84.0
85.0
83.0
85.0
71.0
97.0
91.0
91.0
84.0
86.0
85.0
85.0
83.0
85.0
69.0
92.0
90.0
90.0
84.0
85.0
85.0
85.0
82.0
85.0
72.0
98.0
91.0
91.0
84.0
85.0
85.0
85.0
84.0
85.0
69.0
93.0
90.0
90.0
85.0
84.0
85.0
85.0
83.0
84.0
72.0
97.0
90.0
91.0
85.0
86.0
85.0
85.0
83.0
84.0
68.0
92.0
91.0
91.0
85.0
85.0
85.0
85.0
83.0
88.0
69.0
78.0
76.0
76.0
72.0
72.0
71.0
71.0
54.0
71.0
10.0
97.0
90.0
90.0
84.0
84.0
84.0
84.0
68.0
85.0
10.0
92.0
93.0
124.0
119.0
118.0
118.0
119.0
68.0
119.0
9.0
127.0
125.0
128.0
118.0
85.0
83.0
85.0
68.0
84.0
10.0
92.0
91.0
91.0
88.0
87.0
87.0
87.0
70.0
87.0
11.0
93.0
91.0
91.0
85.0
85.0
84.0
85.0
67.0
83.0
10.0
91.0
90.0
89.0
85.0
85.0
84.0
84.0
68.0
85.0
10.0
92.0
90.0
89.0
85.0
84.0
84.0
85.0
68.0
85.0
9.0
91.0
89.0
90.0
85.0
84.0
84.0
85.0
67.0
85.0
9.0
91.0
89.0
90.0
85.0
84.0
84.0
85.0
68.0
85.0
9.0
92.0
90.0
89.0
85.0
84.0
84.0
84.0
68.0
84.0
10.0
92.0
90.0
89.0
85.0
85.0
84.0
84.0
68.0
84.0
9.0
91.0
90.0
90.0
84.0
84.0
84.0
84.0
67.0
84.0
10.0
92.0
89.0
90.0
84.0
84.0
84.0
85.0
68.0
85.0
10.0
92.0
90.0
90.0
85.0
85.0
84.0
84.0
69.0
84.0
10.0
91.0
90.0
89.0
84.0
84.0
84.0
84.0
67.0
84.0
10.0
92.0
90.0
89.0
84.0
85.0
83.0
84.0
67.0
84.0
10.0
91.0
90.0
90.0
85.0
85.0
84.0
84.0
68.0
85.0
10.0
92.0
89.0
89.0
84.0
85.0
84.0
84.0
68.0
84.0
9.0
91.0
90.0
89.0
85.0
84.0
84.0
84.0
68.0
84.0
10.0
66.0
64.0
65.0
55.0
58.0
54.0
59.0
33.0
55.0
10.0
80.0
78.0
78.0
69.0
72.0
68.0
73.0
48.0
68.0
10.0
81.0
78.0
78.0
68.0
72.0
68.0
115.0
47.0
112.0
10.0
124.0
121.0
121.0
113.0
115.0
112.0
115.0
91.0
68.0
9.0
81.0
78.0
78.0
68.0
72.0
68.0
72.0
47.0
68.0
9.0
81.0
79.0
78.0
68.0
72.0
68.0
72.0
47.0
68.0
10.0
81.0
78.0
78.0
69.0
72.0
69.0
72.0
48.0
68.0
10.0
80.0
78.0
78.0
69.0
72.0
69.0
72.0
47.0
69.0
9.0
80.0
78.0
78.0
68.0
73.0
68.0
72.0
47.0
68.0
9.0
81.0
78.0
78.0
69.0
72.0
68.0
72.0
47.0
69.0
10.0
81.0
78.0
78.0
68.0
72.0
68.0
72.0
47.0
69.0
9.0
81.0
78.0
79.0
68.0
72.0
68.0
72.0
47.0
69.0
10.0
80.0
79.0
78.0
68.0
73.0
69.0
72.0
47.0
68.0
10.0
81.0
79.0
78.0
68.0
72.0
68.0
73.0
47.0
69.0
10.0
80.0
78.0
78.0
68.0
73.0
68.0
73.0
48.0
68.0
9.0
80.0
78.0
77.0
68.0
73.0
69.0
72.0
47.0
67.0
9.0
80.0
78.0
78.0
69.0
73.0
68.0
72.0
47.0
69.0
10.0
81.0
79.0
78.0
69.0
72.0
69.0
72.0
48.0
69.0
10.0
81.0
78.0
78.0
68.0
72.0
68.0
72.0
46.0
69.0
10.0
80.0
79.0
79.0
69.0
73.0
69.0
72.0
47.0
68.0
10.0
58.0
56.0
55.0
34.0
55.0
34.0
54.0
34.0
34.0
10.0
71.0
69.0
69.0
47.0
68.0
47.0
69.0
47.0
48.0
10.0
72.0
70.0
70.0
48.0
70.0
48.0
69.0
47.0
47.0
10.0
71.0
70.0
69.0
48.0
69.0
48.0
69.0
47.0
48.0
10.0
72.0
69.0
69.0
47.0
69.0
47.0
68.0
47.0
48.0
10.0
72.0
69.0
69.0
47.0
69.0
48.0
68.0
47.0
47.0
10.0
72.0
69.0
70.0
48.0
68.0
48.0
69.0
47.0
48.0
10.0
71.0
126.0
125.0
47.0
125.0
104.0
125.0
103.0
104.0
10.0
128.0
125.0
126.0
47.0
69.0
47.0
68.0
48.0
47.0
10.0
71.0
69.0
69.0
48.0
69.0
47.0
68.0
47.0
47.0
9.0
72.0
69.0
69.0
48.0
69.0
47.0
68.0
47.0
47.0
10.0
72.0
69.0
69.0
48.0
68.0
47.0
69.0
48.0
48.0
10.0
71.0
69.0
69.0
48.0
68.0
47.0
68.0
47.0
48.0
10.0
71.0
69.0
70.0
48.0
69.0
47.0
69.0
47.0
48.0
9.0
72.0
69.0
70.0
48.0
69.0
48.0
68.0
47.0
48.0
9.0
72.0
69.0
69.0
48.0
69.0
47.0
69.0
47.0
48.0
10.0
71.0
69.0
69.0
48.0
69.0
47.0
69.0
47.0
47.0
9.0
72.0
69.0
70.0
48.0
69.0
48.0
69.0
47.0
48.0
9.0
72.0
69.0
70.0
48.0
68.0
47.0
68.0
47.0
48.0
10.0
72.0
69.0
69.0
48.0
69.0
47.0
69.0
47.0
47.0
9.0
37.0
35.0
35.0
35.0
35.0
34.0
35.0
34.0
34.0
10.0
51.0
49.0
48.0
48.0
48.0
47.0
48.0
48.0
48.0
10.0
51.0
48.0
48.0
48.0
47.0
48.0
48.0
47.0
48.0
9.0
51.0
48.0
49.0
48.0
48.0
48.0
48.0
47.0
48.0
9.0
51.0
48.0
48.0
48.0
48.0
48.0
48.0
47.0
48.0
10.0
50.0
49.0
49.0
48.0
47.0
47.0
48.0
47.0
48.0
10.0
51.0
49.0
48.0
48.0
48.0
48.0
48.0
47.0
48.0
9.0
51.0
48.0
48.0
48.0
48.0
48.0
48.0
47.0
48.0
10.0
51.0
49.0
49.0
48.0
48.0
47.0
48.0
47.0
48.0
10.0
51.0
48.0
49.0
48.0
48.0
48.0
48.0
47.0
48.0
9.0
51.0
48.0
48.0
48.0
48.0
48.0
48.0
47.0
48.0
9.0
50.0
48.0
48.0
48.0
48.0
48.0
48.0
47.0
48.0
9.0
51.0
49.0
48.0
48.0
48.0
47.0
47.0
47.0
47.0
10.0
51.0
49.0
48.0
48.0
48.0
48.0
47.0
46.0
48.0
9.0
52.0
48.0
48.0
48.0
48.0
47.0
48.0
48.0
48.0
10.0
51.0
48.0
49.0
48.0
48.0
48.0
48.0
47.0
48.0
10.0
51.0
49.0
48.0
48.0
48.0
48.0
48.0
48.0
48.0
9.0
51.0
49.0
48.0
48.0
48.0
48.0
48.0
47.0
48.0
10.0
51.0
48.0
122.0
122.0
122.0
121.0
121.0
120.0
121.0
9.0
125.0
121.0
49.0
48.0
48.0
48.0
49.0
47.0
48.0
10.0
37.0
35.0
34.0
34.0
35.0
33.0
34.0
10.0
34.0
9.0
51.0
48.0
48.0
47.0
48.0
47.0
47.0
10.0
47.0
10.0
50.0
48.0
49.0
48.0
48.0
48.0
47.0
10.0
48.0
10.0
50.0
48.0
49.0
48.0
48.0
47.0
48.0
10.0
48.0
10.0
51.0
48.0
48.0
47.0
48.0
47.0
48.0
10.0
47.0
10.0
51.0
48.0
48.0
48.0
48.0
48.0
47.0
10.0
47.0
9.0
51.0
49.0
48.0
48.0
49.0
48.0
49.0
10.0
49.0
9.0
52.0
49.0
49.0
48.0
49.0
48.0
48.0
10.0
47.0
10.0
51.0
48.0
48.0
47.0
48.0
48.0
48.0
10.0
48.0
9.0
50.0
49.0
48.0
48.0
48.0
48.0
48.0
10.0
47.0
9.0
51.0
49.0
49.0
47.0
48.0
47.0
48.0
10.0
47.0
9.0
51.0
49.0
48.0
47.0
48.0
48.0
48.0
10.0
47.0
10.0
51.0
48.0
48.0
47.0
48.0
48.0
48.0
10.0
47.0
9.0
51.0
48.0
48.0
47.0
48.0
48.0
48.0
10.0
47.0
9.0
51.0
48.0
48.0
47.0
48.0
47.0
47.0
10.0
47.0
9.0
51.0
48.0
48.0
47.0
48.0
48.0
48.0
10.0
48.0
10.0
51.0
48.0
48.0
47.0
48.0
48.0
48.0
10.0
48.0
9.0
50.0
48.0
48.0
48.0
48.0
47.0
48.0
10.0
47.0
10.0
51.0
48.0
49.0
48.0
48.0
48.0
48.0
10.0
48.0
10.0
51.0
48.0
48.0
48.0
48.0
47.0
48.0
10.0
47.0
9.0
37.0
34.0
35.0
34.0
34.0
33.0
33.0
9.0
33.0
9.0
50.0
49.0
48.0
47.0
48.0
46.0
47.0
9.0
46.0
9.0
51.0
48.0
48.0
48.0
48.0
46.0
47.0
10.0
47.0
9.0
51.0
48.0
48.0
48.0
48.0
46.0
47.0
9.0
46.0
9.0
51.0
48.0
48.0
48.0
48.0
46.0
47.0
9.0
47.0
9.0
50.0
48.0
48.0
48.0
48.0
46.0
48.0
9.0
47.0
9.0
50.0
48.0
48.0
47.0
48.0
46.0
47.0
9.0
47.0
9.0
51.0
48.0
48.0
47.0
47.0
47.0
47.0
10.0
47.0
9.0
51.0
48.0
48.0
47.0
48.0
46.0
47.0
9.0
46.0
9.0
50.0
48.0
48.0
47.0
48.0
46.0
47.0
9.0
47.0
9.0
51.0
48.0
48.0
47.0
48.0
47.0
48.0
10.0
46.0
9.0
51.0
48.0
48.0
47.0
47.0
47.0
47.0
9.0
46.0
9.0
50.0
49.0
48.0
47.0
47.0
46.0
47.0
9.0
47.0
9.0
51.0
48.0
48.0
47.0
48.0
47.0
47.0
10.0
47.0
9.0
51.0
48.0
141.0
140.0
141.0
139.0
140.0
10.0
139.0
9.0
143.0
140.0
140.0
47.0
48.0
46.0
47.0
10.0
47.0
9.0
50.0
48.0
49.0
48.0
48.0
46.0
47.0
9.0
47.0
9.0
50.0
48.0
49.0
48.0
48.0
46.0
48.0
9.0
46.0
9.0
50.0
48.0
48.0
47.0
48.0
46.0
47.0
9.0
46.0
9.0
51.0
48.0
48.0
47.0
48.0
46.0
47.0
9.0
46.0
9.0
36.0
34.0
34.0
11.0
33.0
9.0
10.0
10.0
9.0
9.0
50.0
48.0
47.0
11.0
47.0
10.0
10.0
10.0
10.0
9.0
50.0
48.0
47.0
11.0
47.0
10.0
11.0
9.0
9.0
9.0
50.0
47.0
48.0
10.0
48.0
10.0
11.0
9.0
10.0
10.0
50.0
47.0
48.0
11.0
47.0
10.0
11.0
9.0
9.0
9.0
50.0
47.0
48.0
10.0
47.0
10.0
11.0
9.0
10.0
9.0
50.0
48.0
48.0
11.0
47.0
9.0
10.0
10.0
10.0
9.0
50.0
47.0
47.0
10.0
47.0
9.0
11.0
10.0
10.0
9.0
49.0
47.0
48.0
10.0
47.0
10.0
11.0
9.0
10.0
9.0
50.0
48.0
48.0
11.0
47.0
9.0
11.0
10.0
10.0
9.0
50.0
47.0
47.0
10.0
47.0
10.0
10.0
10.0
10.0
9.0
49.0
48.0
47.0
11.0
47.0
9.0
11.0
9.0
9.0
9.0
50.0
47.0
48.0
11.0
47.0
9.0
10.0
10.0
10.0
8.0
50.0
46.0
47.0
11.0
47.0
9.0
10.0
9.0
10.0
9.0
50.0
48.0
47.0
10.0
47.0
10.0
11.0
9.0
10.0
9.0
50.0
47.0
47.0
10.0
48.0
10.0
11.0
9.0
10.0
8.0
50.0
48.0
48.0
11.0
47.0
9.0
10.0
10.0
10.0
9.0
50.0
47.0
48.0
10.0
47.0
10.0
11.0
10.0
10.0
9.0
50.0
48.0
47.0
11.0
47.0
10.0
11.0
10.0
10.0
10.0
50.0
47.0
47.0
11.0
47.0
9.0
11.0
10.0
10.0
9.0
14.0
10.0
10.0
10.0
10.0
10.0
10.0
9.0
10.0
9.0
13.0
10.0
11.0
10.0
11.0
10.0
10.0
9.0
10.0
9.0
14.0
11.0
10.0
10.0
10.0
10.0
10.0
10.0
10.0
9.0
13.0
11.0
11.0
10.0
10.0
10.0
10.0
10.0
10.0
9.0
13.0
10.0
10.0
10.0
10.0
10.0
11.0
10.0
10.0
9.0
13.0
10.0
11.0
10.0
10.0
9.0
10.0
9.0
10.0
9.0
14.0
11.0
11.0
10.0
10.0
10.0
10.0
10.0
10.0
9.0
13.0
10.0
10.0
10.0
10.0
9.0
10.0
10.0
10.0
9.0
14.0
11.0
11.0
10.0
10.0
10.0
10.0
9.0
10.0
9.0
14.0
10.0
10.0
10.0
10.0
10.0
10.0
9.0
10.0
9.0
13.0
10.0
11.0
10.0
10.0
10.0
10.0
9.0
10.0
9.0
14.0
11.0
10.0
10.0
10.0
10.0
10.0
9.0
10.0
9.0
14.0
11.0
11.0
10.0
10.0
10.0
10.0
9.0
10.0
9.0
13.0
10.0
10.0
10.0
10.0
10.0
11.0
9.0
9.0
9.0
14.0
11.0
11.0
10.0
11.0
9.0
10.0
9.0
10.0
9.0
14.0
11.0
10.0
10.0
10.0
10.0
10.0
9.0
10.0
9.0
13.0
10.0
10.0
10.0
10.0
10.0
11.0
9.0
9.0
9.0
14.0
11.0
11.0
10.0
10.0
10.0
10.0
9.0
10.0
9.0
14.0
11.0
10.0
10.0
10.0
10.0
10.0
9.0
10.0
9.0
13.0
10.0
10.0
10.0
10.0
10.0
10.0
9.0
10.0
9.0
13.0
10.0
10.0
10.0
10.0
10.0
10.0
9.0
10.0
9.0
13.0
10.0
11.0
10.0
10.0
9.0
10.0
9.0
10.0
9.0
13.0
11.0
11.0
9.0
10.0
9.0
10.0
9.0
10.0
9.0
13.0
10.0
10.0
9.0
10.0
10.0
10.0
9.0
10.0
9.0
12.0
10.0
10.0
9.0
10.0
9.0
10.0
9.0
10.0
9.0
12.0
10.0
10.0
10.0
10.0
10.0
10.0
9.0
10.0
9.0
12.0
10.0
10.0
10.0
10.0
10.0
10.0
9.0
10.0
9.0
12.0
10.0
10.0
10.0
10.0
10.0
9.0
10.0
10.0
9.0
12.0
10.0
10.0
10.0
10.0
9.0
10.0
9.0
10.0
9.0
12.0
10.0
10.0
10.0
10.0
10.0
10.0
9.0
10.0
9.0
12.0
10.0
10.0
10.0
10.0
10.0
10.0
9.0
9.0
9.0
13.0
10.0
11.0
10.0
10.0
10.0
10.0
10.0
9.0
9.0
13.0
11.0
11.0
9.0
10.0
9.0
10.0
9.0
9.0
9.0
13.0
11.0
10.0
10.0
10.0
10.0
10.0
9.0
9.0
9.0
12.0
10.0
10.0
9.0
10.0
9.0
10.0
9.0
10.0
9.0
13.0
10.0
10.0
10.0
10.0
10.0
10.0
9.0
10.0
9.0
12.0
10.0
10.0
10.0
10.0
10.0
10.0
9.0
9.0
9.0
12.0
10.0
10.0
10.0
10.0
10.0
10.0
9.0
10.0
9.0
12.0
10.0
10.0
10.0
10.0
10.0
9.0
9.0
9.0
9.0
13.0
10.0
10.0
10.0
10.0
9.0
10.0
10.0
10.0
9.0
