6.0
4.0
3.0
3.0
4.0
3.0
3.0
3.0
5.0
4.0
30.0
28.0
18.0
17.0
18.0
16.0
17.0
17.0
30.0
29.0
518.0
523.0
518.0
522.0
936.0
1109.0
2009.0
1975.0
2165.0
1772.0
1836.0
1813.0
1832.0
1827.0
1608.0
1760.0
1630.0
1789.0
1639.0
1798.0
1819.0
1817.0
1812.0
1829.0
1668.0
1673.0
1688.0
1660.0
1813.0
1804.0
16.0
16.0
16.0
15.0
16.0
16.0
16.0
16.0
16.0
16.0
466.0
469.0
430.0
472.0
1053.0
977.0
1652.0
1787.0
1784.0
1791.0
1639.0
1784.0
1643.0
1658.0
1787.0
1834.0
1710.0
1822.0
1808.0
1807.0
1721.0
1775.0
1781.0
1746.0
1761.0
1718.0
1706.0
1723.0
1713.0
1720.0
15.0
15.0
16.0
15.0
15.0
25.0
16.0
15.0
16.0
15.0
448.0
446.0
450.0
448.0
1011.0
1017.0
1701.0
1720.0
1750.0
1751.0
1737.0
1749.0
1740.0
1742.0
1733.0
1746.0
1739.0
1752.0
1711.0
1704.0
1708.0
1724.0
1724.0
1730.0
1711.0
1738.0
1710.0
1719.0
1722.0
1711.0
15.0
15.0
15.0
14.0
16.0
15.0
15.0
15.0
15.0
15.0
444.0
444.0
450.0
450.0
998.0
1042.0
1731.0
1731.0
1765.0
1745.0
1735.0
1745.0
1744.0
1740.0
1735.0
1703.0
1710.0
1692.0
1712.0
1725.0
1718.0
1715.0
1718.0
1709.0
1708.0
1744.0
1735.0
1728.0
1755.0
1741.0
15.0
3.0
15.0
2.0
16.0
2.0
15.0
2.0
15.0
2.0
476.0
468.0
478.0
472.0
1022.0
1007.0
1695.0
1700.0
1727.0
1694.0
1705.0
1687.0
1712.0
1702.0
1723.0
1699.0
1733.0
1742.0
1732.0
1731.0
1728.0
1731.0
1727.0
1753.0
1776.0
1761.0
1581.0
1603.0
1584.0
1595.0
17.0
30.0
29.0
17.0
17.0
11.0
11.0
4.0
5.0
5.0
15.0
28.0
28.0
16.0
10.0
9.0
2.0
2.0
3.0
3.0
17.0
17.0
17.0
17.0
17.0
11.0
19.0
6.0
6.0
6.0
28.0
16.0
16.0
16.0
10.0
10.0
4.0
4.0
3.0
4.0
30.0
17.0
29.0
29.0
16.0
11.0
11.0
4.0
4.0
3.0
16.0
15.0
16.0
27.0
10.0
9.0
3.0
2.0
3.0
2.0
17.0
17.0
29.0
17.0
18.0
12.0
11.0
5.0
5.0
6.0
28.0
15.0
16.0
28.0
10.0
16.0
2.0
3.0
2.0
3.0
17.0
17.0
17.0
17.0
18.0
19.0
11.0
5.0
6.0
4.0
15.0
16.0
28.0
16.0
10.0
17.0
4.0
3.0
2.0
2.0
802.0
489.0
546.0
568.0
484.0
475.0
474.0
489.0
5.0
5.0
528.0
793.0
493.0
486.0
489.0
482.0
432.0
480.0
3.0
3.0
497.0
435.0
478.0
455.0
484.0
461.0
463.0
453.0
3.0
3.0
514.0
427.0
487.0
462.0
467.0
444.0
486.0
445.0
2.0
2.0
1111.0
1130.0
1117.0
1137.0
1119.0
1131.0
1110.0
1185.0
3.0
4.0
1109.0
1127.0
1011.0
1013.0
1005.0
1001.0
1002.0
1004.0
2.0
3.0
1715.0
1739.0
1715.0
1713.0
1699.0
1694.0
1704.0
1681.0
702.0
705.0
1828.0
1833.0
1824.0
1814.0
1810.0
1808.0
1814.0
1804.0
828.0
820.0
1709.0
1713.0
1718.0
1711.0
1724.0
1711.0
1708.0
1707.0
702.0
703.0
1804.0
1805.0
1804.0
1798.0
1805.0
1791.0
1786.0
1790.0
706.0
705.0
1789.0
1809.0
1699.0
1694.0
1719.0
1701.0
1696.0
1688.0
704.0
711.0
1711.0
1706.0
1713.0
1724.0
1786.0
1807.0
1780.0
1776.0
695.0
686.0
1799.0
1811.0
1798.0
1794.0
1813.0
1805.0
1708.0
1696.0
707.0
706.0
1702.0
1708.0
1710.0
1710.0
1724.0
1736.0
1714.0
1720.0
702.0
693.0
1805.0
1841.0
1847.0
1832.0
1844.0
1842.0
1796.0
1802.0
787.0
791.0
1719.0
1716.0
1694.0
1694.0
1696.0
1690.0
1688.0
1689.0
696.0
698.0
1789.0
1799.0
1809.0
1805.0
1818.0
1809.0
1797.0
1800.0
806.0
800.0
1699.0
1694.0
1712.0
1707.0
1712.0
1709.0
1672.0
1676.0
686.0
689.0
1809.0
1817.0
1805.0
1813.0
1790.0
1790.0
1795.0
1801.0
817.0
800.0
1698.0
1698.0
1701.0
1692.0
1699.0
1695.0
1687.0
1713.0
700.0
710.0
1705.0
1712.0
1821.0
1815.0
1825.0
1809.0
1814.0
1812.0
699.0
699.0
1814.0
1815.0
1822.0
1806.0
1701.0
1691.0
1681.0
1675.0
690.0
690.0
1710.0
1702.0
1690.0
1691.0
1700.0
1716.0
1812.0
1804.0
702.0
708.0
1825.0
1813.0
1826.0
1823.0
1826.0
1829.0
1831.0
1796.0
712.0
724.0
1716.0
1715.0
1705.0
1712.0
1703.0
1701.0
1698.0
1691.0
695.0
709.0
1781.0
1799.0
1781.0
1776.0
1775.0
1771.0
1767.0
1756.0
803.0
794.0
1687.0
1693.0
1701.0
1702.0
1715.0
1703.0
1711.0
1698.0
709.0
704.0
1709.0
1711.0
1796.0
1787.0
1785.0
1777.0
1764.0
1775.0
703.0
707.0
1773.0
1786.0
1783.0
1767.0
1704.0
1690.0
1691.0
1687.0
714.0
713.0
1699.0
1702.0
1704.0
1707.0
1703.0
1697.0
1692.0
1752.0
702.0
706.0
15.0
15.0
15.0
14.0
9.0
9.0
3.0
2.0
2.0
3.0
15.0
14.0
14.0
15.0
10.0
9.0
2.0
2.0
3.0
3.0
14.0
14.0
15.0
15.0
9.0
9.0
3.0
3.0
2.0
2.0
14.0
15.0
14.0
14.0
9.0
9.0
3.0
3.0
2.0
2.0
15.0
15.0
15.0
14.0
9.0
9.0
2.0
2.0
2.0
2.0
15.0
15.0
15.0
15.0
9.0
9.0
2.0
2.0
2.0
2.0
15.0
15.0
15.0
15.0
9.0
9.0
2.0
2.0
2.0
2.0
15.0
14.0
15.0
15.0
9.0
9.0
2.0
2.0
2.0
2.0
15.0
15.0
15.0
15.0
9.0
9.0
2.0
3.0
3.0
2.0
24.0
24.0
15.0
15.0
9.0
9.0
2.0
2.0
2.0
2.0
509.0
513.0
510.0
513.0
504.0
506.0
494.0
495.0
3.0
2.0
514.0
451.0
447.0
447.0
439.0
438.0
435.0
436.0
3.0
2.0
447.0
444.0
445.0
442.0
437.0
442.0
446.0
438.0
2.0
3.0
459.0
459.0
458.0
455.0
452.0
453.0
445.0
445.0
3.0
2.0
1004.0
991.0
999.0
996.0
991.0
1000.0
988.0
989.0
2.0
3.0
1007.0
1005.0
1063.0
1054.0
1045.0
1047.0
1041.0
1035.0
2.0
2.0
1748.0
1762.0
1763.0
1751.0
1705.0
1691.0
1691.0
1681.0
686.0
688.0
1739.0
1741.0
1739.0
1724.0
1725.0
1739.0
1738.0
1726.0
733.0
746.0
1741.0
1763.0
1752.0
1740.0
1735.0
1744.0
1755.0
1751.0
751.0
739.0
1707.0
1715.0
1710.0
1718.0
1718.0
1706.0
1690.0
1690.0
710.0
700.0
1705.0
1706.0
1736.0
1740.0
1740.0
1736.0
1748.0
1739.0
709.0
705.0
1747.0
1751.0
1755.0
1748.0
1710.0
1716.0
1707.0
1694.0
713.0
716.0
1715.0
1712.0
1704.0
1723.0
1704.0
1717.0
1728.0
1726.0
702.0
692.0
1736.0
1737.0
1745.0
1747.0
1728.0
1733.0
1716.0
1728.0
708.0
708.0
1694.0
1705.0
1703.0
1697.0
1697.0
1701.0
1702.0
1713.0
721.0
717.0
1740.0
1747.0
1755.0
1748.0
1747.0
1729.0
1752.0
1739.0
730.0
740.0
1699.0
1735.0
1714.0
1716.0
1720.0
1727.0
1724.0
1713.0
694.0
692.0
1727.0
1731.0
1744.0
1733.0
1882.0
1786.0
1753.0
1753.0
705.0
711.0
1733.0
1732.0
1727.0
1733.0
1750.0
1686.0
1689.0
1724.0
704.0
708.0
1711.0
1714.0
1719.0
1705.0
1710.0
1713.0
1707.0
1709.0
698.0
706.0
1745.0
1730.0
1718.0
1743.0
1720.0
1740.0
1716.0
1722.0
722.0
724.0
1708.0
1732.0
1701.0
1700.0
1690.0
1693.0
1691.0
1695.0
694.0
721.0
1742.0
1747.0
1733.0
1756.0
1723.0
1723.0
1722.0
1728.0
742.0
733.0
1706.0
1707.0
1704.0
1700.0
1704.0
1710.0
1700.0
1700.0
697.0
690.0
1717.0
1730.0
1723.0
1718.0
1709.0
1712.0
1727.0
1729.0
693.0
713.0
1748.0
1751.0
1727.0
1736.0
1726.0
1726.0
1717.0
1718.0
701.0
716.0
1699.0
1742.0
1709.0
1713.0
1728.0
1707.0
1721.0
1731.0
709.0
710.0
1775.0
1771.0
1767.0
1766.0
1761.0
1754.0
1725.0
1731.0
748.0
747.0
1720.0
1728.0
1709.0
1727.0
1708.0
1714.0
1701.0
1689.0
690.0
706.0
1728.0
1726.0
1734.0
1735.0
1747.0
1743.0
1714.0
1712.0
720.0
708.0
15.0
15.0
14.0
14.0
9.0
9.0
2.0
2.0
2.0
3.0
14.0
14.0
14.0
15.0
9.0
9.0
2.0
2.0
2.0
3.0
15.0
14.0
15.0
15.0
9.0
9.0
2.0
3.0
3.0
2.0
14.0
14.0
15.0
14.0
9.0
9.0
2.0
2.0
2.0
2.0
15.0
14.0
43.0
43.0
9.0
9.0
2.0
2.0
2.0
3.0
15.0
14.0
15.0
15.0
9.0
9.0
2.0
2.0
2.0
3.0
15.0
14.0
15.0
15.0
9.0
9.0
2.0
3.0
2.0
2.0
15.0
15.0
14.0
14.0
8.0
9.0
2.0
3.0
2.0
2.0
15.0
15.0
14.0
14.0
9.0
9.0
2.0
3.0
2.0
2.0
14.0
14.0
15.0
15.0
8.0
9.0
2.0
2.0
2.0
2.0
449.0
449.0
446.0
449.0
440.0
442.0
436.0
434.0
2.0
2.0
443.0
458.0
458.0
459.0
455.0
454.0
447.0
2.0
2.0
2.0
459.0
459.0
457.0
456.0
438.0
441.0
434.0
433.0
2.0
2.0
448.0
448.0
449.0
449.0
441.0
439.0
432.0
3.0
2.0
2.0
1004.0
1002.0
1006.0
1010.0
1010.0
1004.0
996.0
1000.0
3.0
2.0
1011.0
1008.0
1045.0
1042.0
1026.0
1031.0
1028.0
2.0
2.0
2.0
1758.0
1758.0
1758.0
1738.0
1745.0
1718.0
1707.0
1708.0
714.0
721.0
1699.0
1700.0
1721.0
1711.0
1723.0
1704.0
1692.0
695.0
697.0
693.0
1738.0
1755.0
1756.0
1746.0
1734.0
1741.0
1728.0
1736.0
721.0
727.0
1718.0
1703.0
1708.0
1699.0
1706.0
1693.0
1699.0
701.0
696.0
689.0
1718.0
1724.0
1755.0
1729.0
1729.0
1748.0
1739.0
1751.0
703.0
704.0
1777.0
1767.0
1760.0
1776.0
1731.0
1735.0
1724.0
717.0
716.0
710.0
1711.0
1711.0
1706.0
1718.0
1688.0
1696.0
1690.0
1692.0
705.0
702.0
1732.0
1737.0
1730.0
1727.0
1715.0
1722.0
1712.0
725.0
725.0
729.0
1706.0
1714.0
1706.0
1706.0
1704.0
1710.0
1709.0
1699.0
704.0
710.0
1731.0
1737.0
1731.0
1743.0
1729.0
1730.0
1730.0
726.0
726.0
727.0
1700.0
1708.0
1702.0
1693.0
1697.0
1714.0
1699.0
1699.0
701.0
698.0
1686.0
1709.0
1699.0
1701.0
1735.0
1738.0
1730.0
691.0
700.0
688.0
1736.0
1733.0
1736.0
1736.0
1732.0
1725.0
1736.0
1694.0
694.0
698.0
1707.0
1711.0
1702.0
1722.0
1706.0
1711.0
1680.0
711.0
720.0
720.0
1748.0
1743.0
1733.0
1761.0
1764.0
1727.0
1739.0
1725.0
706.0
705.0
1759.0
1763.0
1743.0
1737.0
1736.0
1796.0
1768.0
743.0
741.0
750.0
1727.0
1723.0
1718.0
1717.0
1716.0
1736.0
1727.0
1731.0
716.0
702.0
1740.0
1743.0
1751.0
1738.0
1730.0
1750.0
1720.0
710.0
714.0
713.0
1700.0
1696.0
1700.0
1700.0
1699.0
1693.0
1701.0
1696.0
714.0
702.0
1741.0
1731.0
1733.0
1730.0
1722.0
1717.0
1721.0
738.0
738.0
735.0
1689.0
1701.0
1703.0
1697.0
1696.0
1698.0
1708.0
1693.0
704.0
716.0
1699.0
1715.0
1693.0
1700.0
1712.0
1696.0
1702.0
709.0
696.0
697.0
1721.0
1732.0
1716.0
1727.0
1721.0
1714.0
1709.0
1714.0
726.0
729.0
1705.0
1709.0
1712.0
1702.0
1706.0
1689.0
1704.0
698.0
705.0
700.0
15.0
15.0
14.0
15.0
9.0
9.0
2.0
3.0
2.0
2.0
14.0
14.0
14.0
14.0
9.0
8.0
2.0
2.0
2.0
3.0
14.0
15.0
14.0
15.0
9.0
9.0
2.0
2.0
2.0
3.0
15.0
14.0
14.0
14.0
8.0
9.0
3.0
2.0
2.0
3.0
14.0
14.0
15.0
15.0
9.0
9.0
2.0
2.0
3.0
3.0
14.0
14.0
14.0
14.0
8.0
9.0
2.0
2.0
2.0
2.0
14.0
15.0
15.0
14.0
9.0
9.0
2.0
2.0
2.0
3.0
15.0
15.0
14.0
14.0
8.0
9.0
2.0
2.0
2.0
2.0
14.0
14.0
15.0
15.0
9.0
9.0
2.0
2.0
2.0
2.0
14.0
14.0
15.0
14.0
8.0
9.0
2.0
2.0
2.0
2.0
447.0
448.0
444.0
445.0
441.0
457.0
445.0
464.0
2.0
2.0
466.0
464.0
475.0
476.0
474.0
8.0
2.0
2.0
3.0
2.0
472.0
477.0
473.0
475.0
468.0
469.0
466.0
434.0
2.0
2.0
449.0
443.0
448.0
443.0
440.0
9.0
3.0
2.0
2.0
2.0
1009.0
1022.0
1008.0
1000.0
1006.0
1012.0
1003.0
1010.0
2.0
2.0
1030.0
1028.0
1032.0
1049.0
1047.0
650.0
3.0
2.0
2.0
3.0
1724.0
1753.0
1733.0
1756.0
1781.0
1740.0
1815.0
1721.0
709.0
717.0
1735.0
1730.0
1726.0
1722.0
1722.0
1259.0
691.0
688.0
705.0
707.0
1712.0
1713.0
1704.0
1695.0
1709.0
1699.0
1698.0
1693.0
709.0
705.0
1733.0
1753.0
1747.0
1739.0
1743.0
1283.0
738.0
733.0
730.0
743.0
1712.0
1713.0
1713.0
1694.0
1703.0
1705.0
1696.0
1689.0
702.0
687.0
1711.0
1718.0
1738.0
1731.0
1726.0
1253.0
694.0
691.0
701.0
711.0
1736.0
1726.0
1732.0
1740.0
1725.0
1728.0
1727.0
1680.0
695.0
708.0
1711.0
1712.0
1709.0
1713.0
1684.0
1265.0
696.0
698.0
704.0
703.0
1745.0
1743.0
1734.0
1738.0
1728.0
1729.0
1718.0
1715.0
706.0
704.0
1737.0
1729.0
1689.0
1698.0
1711.0
1262.0
703.0
710.0
700.0
701.0
1711.0
1766.0
1764.0
1735.0
1752.0
1721.0
1720.0
1757.0
731.0
741.0
1728.0
1756.0
1739.0
1735.0
1732.0
1289.0
725.0
725.0
731.0
725.0
1704.0
1704.0
1714.0
1714.0
1704.0
1702.0
1717.0
1689.0
687.0
699.0
1731.0
1726.0
1743.0
1744.0
1732.0
1268.0
712.0
707.0
701.0
703.0
1738.0
1734.0
1737.0
1725.0
1732.0
1732.0
1738.0
1688.0
694.0
695.0
1699.0
1706.0
1693.0
1705.0
1715.0
1257.0
704.0
705.0
710.0
710.0
1736.0
1736.0
1734.0
1742.0
1730.0
1725.0
1716.0
1736.0
744.0
729.0
1692.0
1690.0
1709.0
1715.0
1703.0
1252.0
705.0
710.0
697.0
696.0
1700.0
1702.0
1701.0
1706.0
1697.0
1702.0
1704.0
1724.0
694.0
688.0
1739.0
1735.0
1725.0
1722.0
1721.0
1288.0
730.0
725.0
725.0
696.0
1699.0
1716.0
1719.0
1721.0
1726.0
1724.0
1707.0
1721.0
699.0
701.0
1776.0
1772.0
1768.0
1792.0
1737.0
1338.0
720.0
710.0
714.0
709.0
1729.0
1729.0
1720.0
1723.0
1693.0
1706.0
1684.0
1691.0
707.0
707.0
1703.0
1694.0
1706.0
1716.0
1694.0
1258.0
706.0
711.0
708.0
696.0
14.0
14.0
15.0
15.0
9.0
9.0
2.0
2.0
3.0
2.0
2.0
1.0
2.0
2.0
1.0
2.0
1.0
1.0
2.0
2.0
15.0
15.0
14.0
14.0
9.0
9.0
3.0
2.0
2.0
2.0
2.0
1.0
1.0
2.0
2.0
2.0
2.0
1.0
1.0
1.0
15.0
15.0
15.0
15.0
9.0
9.0
3.0
2.0
2.0
2.0
2.0
2.0
1.0
2.0
2.0
2.0
2.0
1.0
1.0
2.0
15.0
15.0
15.0
14.0
9.0
9.0
2.0
3.0
3.0
2.0
2.0
1.0
2.0
2.0
2.0
1.0
1.0
2.0
2.0
2.0
14.0
14.0
15.0
14.0
9.0
8.0
2.0
2.0
2.0
2.0
2.0
2.0
2.0
2.0
2.0
2.0
1.0
1.0
2.0
2.0
457.0
457.0
458.0
456.0
450.0
450.0
448.0
460.0
2.0
2.0
462.0
463.0
462.0
2.0
2.0
2.0
1.0
1.0
2.0
2.0
475.0
474.0
473.0
474.0
468.0
471.0
433.0
437.0
2.0
2.0
435.0
433.0
433.0
2.0
2.0
2.0
1.0
2.0
2.0
1.0
1011.0
1009.0
1003.0
1006.0
1000.0
1001.0
994.0
988.0
2.0
3.0
991.0
992.0
995.0
554.0
2.0
1.0
2.0
2.0
2.0
2.0
1714.0
1705.0
1693.0
1722.0
1722.0
1689.0
1719.0
1700.0
706.0
686.0
1716.0
1735.0
1733.0
1292.0
734.0
729.0
730.0
732.0
734.0
735.0
1708.0
1713.0
1712.0
1725.0
1701.0
1716.0
1697.0
1715.0
687.0
706.0
1697.0
1717.0
1717.0
1252.0
710.0
695.0
720.0
707.0
713.0
705.0
1745.0
1735.0
1748.0
1749.0
1724.0
1728.0
1712.0
1705.0
700.0
687.0
1697.0
1689.0
1688.0
1252.0
703.0
698.0
693.0
712.0
703.0
701.0
1731.0
1734.0
1760.0
1775.0
1774.0
1776.0
1757.0
1759.0
706.0
720.0
1817.0
1746.0
1736.0
1337.0
718.0
695.0
701.0
710.0
708.0
708.0
1716.0
1722.0
1693.0
1698.0
1703.0
1694.0
1689.0
1701.0
705.0
705.0
1709.0
1719.0
1727.0
1287.0
701.0
709.0
703.0
702.0
695.0
702.0
1723.0
1718.0
1725.0
1728.0
1737.0
1732.0
1682.0
1696.0
690.0
701.0
1695.0
1679.0
1698.0
1252.0
708.0
708.0
704.0
702.0
704.0
704.0
1735.0
1743.0
1735.0
1728.0
1726.0
1722.0
1718.0
1729.0
697.0
733.0
1733.0
1678.0
1693.0
1241.0
704.0
702.0
699.0
702.0
705.0
700.0
1714.0
1711.0
1704.0
1707.0
1703.0
1702.0
1698.0
1705.0
701.0
696.0
1722.0
1715.0
1727.0
1291.0
703.0
734.0
735.0
733.0
734.0
742.0
1737.0
1702.0
1693.0
1699.0
1704.0
1716.0
1687.0
1706.0
716.0
712.0
1704.0
1700.0
1697.0
1265.0
711.0
711.0
715.0
694.0
699.0
700.0
1764.0
1744.0
1742.0
1728.0
1761.0
1718.0
1761.0
1715.0
757.0
762.0
1712.0
1711.0
1711.0
1259.0
697.0
704.0
714.0
687.0
695.0
691.0
1716.0
1705.0
1733.0
1709.0
1695.0
1724.0
1676.0
1747.0
704.0
724.0
1743.0
1739.0
1713.0
1275.0
735.0
726.0
725.0
731.0
725.0
694.0
1724.0
1703.0
1699.0
1721.0
1699.0
1725.0
1679.0
1713.0
695.0
691.0
1669.0
1635.0
1624.0
1204.0
692.0
716.0
700.0
693.0
699.0
691.0
