0.0
0.0
0.0
1.0
1.0
1.0
1.0
0.0
0.0
0.0
0.0
52.0
94.0
94.0
52.0
53.0
52.0
53.0
53.0
94.0
94.0
52.0
52.0
52.0
52.0
52.0
53.0
86.0
95.0
94.0
0.0
87.0
53.0
52.0
53.0
52.0
52.0
52.0
52.0
52.0
52.0
52.0
53.0
53.0
42.0
52.0
96.0
96.0
52.0
52.0
1.0
53.0
52.0
52.0
52.0
43.0
52.0
52.0
53.0
52.0
52.0
52.0
53.0
42.0
96.0
96.0
52.0
42.0
53.0
53.0
1.0
53.0
52.0
52.0
52.0
54.0
46.0
54.0
54.0
54.0
54.0
55.0
54.0
98.0
98.0
56.0
48.0
64.0
55.0
56.0
0.0
58.0
70.0
56.0
49.0
54.0
53.0
54.0
96.0
96.0
53.0
53.0
52.0
53.0
44.0
53.0
52.0
53.0
53.0
52.0
0.0
53.0
45.0
52.0
52.0
78.0
90.0
44.0
53.0
52.0
53.0
52.0
52.0
53.0
52.0
68.0
52.0
52.0
53.0
52.0
0.0
53.0
52.0
53.0
52.0
54.0
52.0
53.0
52.0
53.0
46.0
52.0
52.0
52.0
53.0
46.0
52.0
45.0
52.0
52.0
0.0
53.0
52.0
53.0
52.0
46.0
52.0
46.0
53.0
52.0
53.0
53.0
53.0
53.0
53.0
46.0
53.0
46.0
52.0
53.0
0.0
53.0
53.0
49.0
47.0
52.0
52.0
52.0
47.0
53.0
52.0
52.0
47.0
53.0
46.0
52.0
52.0
52.0
46.0
45.0
0.0
52.0
52.0
45.0
53.0
52.0
52.0
52.0
45.0
52.0
46.0
45.0
52.0
52.0
52.0
54.0
46.0
51.0
51.0
51.0
1.0
0.0
0.0
0.0
0.0
0.0
0.0
1.0
1.0
1.0
53.0
95.0
52.0
96.0
96.0
52.0
96.0
94.0
96.0
29.0
53.0
52.0
53.0
53.0
53.0
54.0
54.0
95.0
95.0
52.0
94.0
52.0
52.0
53.0
45.0
52.0
52.0
95.0
53.0
30.0
53.0
42.0
52.0
86.0
96.0
96.0
52.0
52.0
52.0
29.0
42.0
52.0
53.0
62.0
52.0
52.0
52.0
43.0
52.0
52.0
94.0
53.0
52.0
52.0
53.0
52.0
43.0
52.0
53.0
53.0
52.0
52.0
42.0
52.0
52.0
52.0
52.0
52.0
94.0
52.0
42.0
52.0
52.0
52.0
52.0
52.0
52.0
52.0
43.0
53.0
52.0
52.0
52.0
53.0
53.0
52.0
94.0
42.0
52.0
53.0
52.0
52.0
53.0
52.0
52.0
43.0
52.0
52.0
94.0
29.0
52.0
42.0
52.0
52.0
52.0
94.0
52.0
52.0
52.0
24.0
52.0
52.0
52.0
52.0
52.0
42.0
52.0
52.0
94.0
28.0
94.0
42.0
55.0
52.0
51.0
52.0
52.0
52.0
52.0
39.0
52.0
53.0
76.0
52.0
52.0
68.0
52.0
52.0
65.0
37.0
52.0
52.0
52.0
53.0
52.0
52.0
52.0
44.0
52.0
25.0
52.0
52.0
52.0
52.0
42.0
52.0
42.0
53.0
52.0
30.0
53.0
53.0
43.0
52.0
52.0
42.0
52.0
52.0
55.0
29.0
62.0
43.0
52.0
52.0
52.0
52.0
52.0
53.0
54.0
44.0
48.0
54.0
54.0
54.0
74.0
54.0
53.0
70.0
52.0
29.0
0.0
1.0
0.0
0.0
1.0
0.0
0.0
1.0
0.0
0.0
45.0
52.0
53.0
52.0
53.0
52.0
52.0
53.0
58.0
25.0
58.0
65.0
65.0
65.0
65.0
58.0
65.0
65.0
65.0
25.0
45.0
48.0
51.0
45.0
52.0
52.0
63.0
52.0
51.0
29.0
45.0
81.0
45.0
51.0
51.0
51.0
51.0
50.0
51.0
26.0
82.0
45.0
45.0
50.0
51.0
51.0
50.0
51.0
51.0
46.0
46.0
45.0
51.0
51.0
81.0
51.0
51.0
51.0
51.0
46.0
45.0
45.0
51.0
50.0
51.0
51.0
50.0
81.0
50.0
25.0
45.0
81.0
51.0
45.0
51.0
50.0
50.0
51.0
51.0
26.0
45.0
82.0
45.0
50.0
50.0
51.0
51.0
82.0
50.0
28.0
46.0
45.0
50.0
51.0
50.0
50.0
51.0
51.0
82.0
25.0
45.0
51.0
82.0
51.0
50.0
51.0
45.0
50.0
50.0
25.0
51.0
50.0
51.0
45.0
45.0
81.0
51.0
50.0
51.0
45.0
50.0
45.0
51.0
50.0
45.0
50.0
51.0
50.0
82.0
46.0
51.0
45.0
45.0
50.0
50.0
51.0
51.0
50.0
82.0
25.0
46.0
50.0
51.0
81.0
50.0
50.0
50.0
46.0
50.0
25.0
51.0
51.0
51.0
45.0
51.0
51.0
45.0
51.0
81.0
45.0
51.0
50.0
50.0
45.0
45.0
50.0
51.0
50.0
82.0
28.0
81.0
45.0
45.0
51.0
51.0
51.0
50.0
51.0
50.0
25.0
45.0
50.0
50.0
81.0
51.0
51.0
50.0
45.0
51.0
46.0
1.0
0.0
0.0
1.0
0.0
0.0
1.0
0.0
0.0
1.0
45.0
51.0
51.0
50.0
51.0
45.0
51.0
81.0
50.0
25.0
86.0
50.0
50.0
46.0
53.0
52.0
45.0
52.0
53.0
31.0
54.0
51.0
88.0
51.0
51.0
51.0
52.0
84.0
51.0
29.0
45.0
50.0
45.0
50.0
51.0
51.0
50.0
51.0
82.0
25.0
45.0
50.0
81.0
51.0
50.0
51.0
51.0
45.0
51.0
25.0
51.0
51.0
51.0
51.0
45.0
51.0
81.0
46.0
50.0
46.0
50.0
50.0
45.0
51.0
50.0
45.0
50.0
51.0
81.0
46.0
51.0
46.0
51.0
45.0
50.0
51.0
51.0
50.0
82.0
25.0
50.0
45.0
50.0
81.0
51.0
51.0
50.0
45.0
50.0
25.0
51.0
50.0
51.0
51.0
51.0
45.0
45.0
51.0
81.0
46.0
51.0
50.0
45.0
51.0
51.0
51.0
45.0
51.0
82.0
28.0
82.0
45.0
50.0
45.0
50.0
50.0
50.0
50.0
51.0
25.0
45.0
51.0
51.0
51.0
51.0
81.0
51.0
45.0
51.0
45.0
45.0
51.0
51.0
50.0
50.0
45.0
51.0
50.0
82.0
26.0
82.0
50.0
50.0
51.0
46.0
51.0
45.0
50.0
51.0
28.0
45.0
82.0
51.0
45.0
50.0
51.0
51.0
81.0
50.0
28.0
45.0
45.0
50.0
50.0
51.0
51.0
50.0
51.0
82.0
26.0
45.0
82.0
51.0
51.0
50.0
50.0
51.0
45.0
51.0
25.0
50.0
50.0
51.0
51.0
45.0
45.0
81.0
50.0
50.0
45.0
0.0
0.0
1.0
0.0
0.0
0.0
0.0
0.0
1.0
1.0
46.0
50.0
50.0
50.0
51.0
45.0
51.0
51.0
82.0
46.0
45.0
46.0
51.0
51.0
51.0
50.0
50.0
50.0
80.0
25.0
47.0
53.0
53.0
53.0
74.0
54.0
53.0
50.0
54.0
29.0
50.0
50.0
51.0
50.0
50.0
47.0
47.0
46.0
50.0
26.0
47.0
51.0
51.0
50.0
51.0
47.0
47.0
50.0
47.0
28.0
52.0
47.0
50.0
50.0
50.0
50.0
47.0
55.0
47.0
28.0
49.0
47.0
85.0
49.0
49.0
49.0
46.0
49.0
46.0
47.0
49.0
47.0
47.0
49.0
49.0
49.0
47.0
49.0
84.0
47.0
47.0
49.0
47.0
49.0
46.0
49.0
49.0
49.0
84.0
26.0
48.0
47.0
85.0
46.0
48.0
48.0
49.0
49.0
47.0
27.0
47.0
47.0
49.0
50.0
49.0
49.0
47.0
49.0
85.0
47.0
46.0
46.0
48.0
48.0
48.0
49.0
46.0
49.0
98.0
27.0
47.0
49.0
49.0
49.0
98.0
49.0
47.0
60.0
63.0
40.0
63.0
63.0
63.0
61.0
62.0
47.0
47.0
49.0
84.0
47.0
49.0
49.0
49.0
46.0
48.0
47.0
47.0
49.0
84.0
26.0
49.0
49.0
49.0
85.0
49.0
47.0
46.0
49.0
47.0
27.0
49.0
49.0
49.0
46.0
46.0
49.0
47.0
84.0
49.0
47.0
49.0
49.0
49.0
47.0
47.0
49.0
46.0
49.0
84.0
27.0
49.0
47.0
49.0
47.0
85.0
49.0
47.0
49.0
49.0
26.0
0.0
1.0
0.0
0.0
1.0
0.0
0.0
0.0
0.0
1.0
47.0
49.0
49.0
48.0
47.0
84.0
46.0
49.0
49.0
47.0
47.0
49.0
48.0
46.0
49.0
47.0
49.0
49.0
84.0
26.0
48.0
49.0
84.0
47.0
50.0
47.0
46.0
49.0
49.0
28.0
48.0
47.0
49.0
47.0
47.0
49.0
49.0
84.0
48.0
47.0
48.0
46.0
48.0
46.0
47.0
49.0
49.0
48.0
85.0
28.0
47.0
47.0
49.0
85.0
46.0
49.0
49.0
49.0
49.0
28.0
47.0
49.0
47.0
49.0
49.0
84.0
47.0
49.0
48.0
47.0
47.0
47.0
49.0
48.0
48.0
47.0
49.0
49.0
84.0
26.0
46.0
49.0
85.0
46.0
49.0
49.0
48.0
49.0
46.0
26.0
48.0
47.0
49.0
49.0
49.0
49.0
47.0
47.0
85.0
47.0
49.0
46.0
49.0
49.0
46.0
49.0
49.0
47.0
84.0
28.0
46.0
84.0
47.0
49.0
49.0
49.0
46.0
49.0
48.0
26.0
47.0
51.0
49.0
47.0
48.0
48.0
85.0
49.0
47.0
47.0
46.0
47.0
48.0
49.0
48.0
49.0
49.0
52.0
90.0
30.0
89.0
51.0
52.0
53.0
53.0
53.0
50.0
50.0
48.0
26.0
49.0
49.0
49.0
49.0
46.0
48.0
84.0
47.0
46.0
46.0
49.0
48.0
49.0
49.0
47.0
49.0
47.0
47.0
84.0
27.0
49.0
48.0
48.0
84.0
47.0
46.0
49.0
46.0
49.0
27.0
49.0
48.0
46.0
47.0
49.0
47.0
84.0
48.0
49.0
47.0
0.0
1.0
0.0
0.0
0.0
0.0
0.0
0.0
1.0
1.0
46.0
48.0
48.0
47.0
46.0
48.0
49.0
27.0
47.0
26.0
49.0
49.0
84.0
49.0
47.0
46.0
49.0
27.0
26.0
48.0
49.0
49.0
47.0
49.0
46.0
49.0
47.0
27.0
47.0
48.0
49.0
47.0
49.0
49.0
47.0
48.0
46.0
27.0
27.0
47.0
84.0
49.0
46.0
46.0
49.0
49.0
47.0
28.0
27.0
27.0
85.0
49.0
48.0
47.0
47.0
46.0
48.0
27.0
27.0
48.0
49.0
49.0
49.0
49.0
47.0
47.0
47.0
28.0
47.0
47.0
49.0
49.0
48.0
48.0
49.0
46.0
46.0
26.0
48.0
47.0
47.0
48.0
49.0
49.0
48.0
47.0
49.0
26.0
47.0
26.0
85.0
46.0
49.0
49.0
49.0
47.0
49.0
27.0
26.0
47.0
47.0
48.0
47.0
49.0
49.0
47.0
48.0
27.0
47.0
47.0
47.0
49.0
48.0
47.0
49.0
49.0
46.0
28.0
47.0
47.0
46.0
49.0
46.0
49.0
49.0
49.0
47.0
27.0
47.0
47.0
50.0
47.0
46.0
49.0
49.0
49.0
46.0
27.0
47.0
47.0
49.0
47.0
49.0
47.0
49.0
49.0
49.0
26.0
47.0
26.0
81.0
47.0
49.0
47.0
49.0
48.0
48.0
27.0
26.0
28.0
63.0
50.0
51.0
51.0
52.0
53.0
53.0
31.0
31.0
27.0
49.0
48.0
49.0
49.0
48.0
49.0
49.0
27.0
28.0
27.0
48.0
48.0
48.0
48.0
49.0
48.0
48.0
27.0
27.0
27.0
1.0
0.0
0.0
1.0
0.0
0.0
0.0
0.0
1.0
1.0
48.0
48.0
49.0
49.0
48.0
49.0
49.0
48.0
49.0
27.0
49.0
49.0
49.0
48.0
48.0
49.0
48.0
48.0
48.0
27.0
48.0
48.0
48.0
48.0
49.0
49.0
48.0
48.0
49.0
27.0
48.0
49.0
49.0
49.0
49.0
48.0
49.0
49.0
49.0
27.0
48.0
48.0
48.0
48.0
48.0
48.0
49.0
48.0
48.0
27.0
48.0
49.0
49.0
48.0
48.0
48.0
48.0
48.0
49.0
27.0
48.0
48.0
48.0
48.0
49.0
49.0
48.0
49.0
49.0
27.0
64.0
63.0
63.0
63.0
64.0
63.0
63.0
63.0
63.0
42.0
49.0
48.0
49.0
48.0
49.0
48.0
48.0
48.0
49.0
27.0
49.0
48.0
49.0
49.0
49.0
48.0
49.0
49.0
49.0
27.0
49.0
49.0
49.0
49.0
48.0
49.0
49.0
48.0
49.0
27.0
48.0
48.0
48.0
48.0
49.0
49.0
48.0
48.0
48.0
27.0
49.0
48.0
48.0
48.0
48.0
48.0
48.0
49.0
48.0
26.0
48.0
48.0
49.0
49.0
49.0
48.0
48.0
49.0
48.0
27.0
48.0
48.0
48.0
48.0
48.0
48.0
48.0
49.0
49.0
27.0
48.0
49.0
49.0
49.0
49.0
49.0
49.0
49.0
48.0
27.0
48.0
49.0
48.0
48.0
48.0
48.0
48.0
48.0
48.0
28.0
48.0
49.0
48.0
49.0
48.0
49.0
48.0
48.0
48.0
27.0
49.0
49.0
49.0
48.0
48.0
48.0
48.0
49.0
49.0
27.0
0.0
0.0
0.0
1.0
0.0
0.0
1.0
0.0
0.0
0.0
49.0
49.0
48.0
49.0
48.0
48.0
27.0
27.0
27.0
27.0
48.0
49.0
48.0
48.0
48.0
48.0
27.0
27.0
27.0
27.0
49.0
48.0
49.0
48.0
49.0
48.0
27.0
27.0
27.0
27.0
48.0
48.0
48.0
49.0
48.0
48.0
27.0
27.0
27.0
27.0
48.0
49.0
48.0
48.0
49.0
49.0
26.0
27.0
27.0
27.0
48.0
49.0
48.0
48.0
49.0
48.0
27.0
27.0
27.0
27.0
49.0
48.0
48.0
48.0
48.0
48.0
27.0
26.0
27.0
27.0
49.0
49.0
49.0
48.0
48.0
48.0
27.0
27.0
27.0
26.0
49.0
48.0
48.0
49.0
48.0
48.0
27.0
27.0
27.0
27.0
49.0
49.0
49.0
49.0
48.0
49.0
27.0
27.0
27.0
27.0
48.0
48.0
49.0
49.0
48.0
48.0
27.0
27.0
27.0
27.0
51.0
51.0
51.0
51.0
52.0
52.0
27.0
27.0
27.0
27.0
52.0
53.0
53.0
53.0
50.0
50.0
28.0
28.0
28.0
28.0
48.0
49.0
48.0
48.0
49.0
48.0
27.0
27.0
27.0
27.0
48.0
49.0
48.0
48.0
49.0
48.0
27.0
27.0
26.0
27.0
49.0
48.0
48.0
48.0
48.0
48.0
27.0
27.0
27.0
27.0
48.0
49.0
48.0
48.0
48.0
48.0
27.0
27.0
27.0
27.0
49.0
49.0
49.0
49.0
49.0
48.0
27.0
27.0
27.0
27.0
48.0
48.0
48.0
48.0
48.0
48.0
27.0
27.0
27.0
27.0
0.0
0.0
1.0
0.0
0.0
0.0
0.0
1.0
1.0
0.0
48.0
49.0
48.0
48.0
49.0
49.0
49.0
49.0
48.0
27.0
49.0
49.0
49.0
48.0
49.0
48.0
48.0
49.0
49.0
27.0
49.0
49.0
49.0
49.0
49.0
49.0
48.0
49.0
49.0
27.0
48.0
49.0
48.0
48.0
48.0
48.0
48.0
48.0
48.0
27.0
48.0
49.0
48.0
49.0
49.0
49.0
49.0
48.0
48.0
27.0
48.0
49.0
48.0
48.0
49.0
48.0
49.0
49.0
48.0
27.0
49.0
49.0
48.0
48.0
49.0
48.0
49.0
48.0
48.0
27.0
48.0
48.0
48.0
48.0
49.0
48.0
49.0
48.0
49.0
27.0
48.0
49.0
49.0
49.0
49.0
48.0
48.0
48.0
48.0
27.0
48.0
49.0
48.0
48.0
48.0
48.0
48.0
49.0
49.0
27.0
48.0
49.0
48.0
48.0
48.0
48.0
48.0
49.0
48.0
27.0
48.0
48.0
49.0
48.0
49.0
48.0
49.0
48.0
48.0
28.0
48.0
49.0
48.0
48.0
49.0
48.0
48.0
48.0
48.0
27.0
49.0
48.0
48.0
48.0
49.0
48.0
48.0
48.0
48.0
27.0
49.0
48.0
48.0
49.0
49.0
49.0
49.0
49.0
48.0
26.0
51.0
52.0
52.0
52.0
52.0
52.0
52.0
52.0
52.0
30.0
49.0
49.0
48.0
49.0
48.0
49.0
48.0
49.0
48.0
27.0
48.0
48.0
48.0
49.0
48.0
49.0
48.0
49.0
49.0
27.0
48.0
49.0
49.0
48.0
48.0
49.0
48.0
49.0
48.0
27.0
0.0
0.0
1.0
0.0
0.0
0.0
0.0
0.0
1.0
0.0
48.0
48.0
48.0
48.0
49.0
48.0
27.0
27.0
27.0
27.0
48.0
48.0
49.0
49.0
48.0
48.0
27.0
27.0
27.0
27.0
48.0
49.0
48.0
48.0
48.0
48.0
27.0
27.0
27.0
27.0
64.0
65.0
65.0
65.0
65.0
65.0
27.0
43.0
44.0
43.0
65.0
49.0
48.0
49.0
48.0
48.0
27.0
28.0
28.0
27.0
49.0
48.0
48.0
49.0
48.0
48.0
27.0
27.0
27.0
27.0
48.0
48.0
48.0
49.0
48.0
49.0
28.0
27.0
27.0
27.0
48.0
48.0
49.0
49.0
49.0
49.0
27.0
27.0
27.0
27.0
48.0
49.0
48.0
49.0
49.0
49.0
27.0
27.0
27.0
27.0
48.0
48.0
49.0
49.0
49.0
48.0
27.0
27.0
27.0
27.0
48.0
48.0
48.0
49.0
48.0
48.0
27.0
27.0
27.0
27.0
49.0
49.0
48.0
49.0
49.0
49.0
27.0
27.0
27.0
27.0
49.0
48.0
49.0
49.0
48.0
48.0
27.0
27.0
27.0
27.0
48.0
49.0
48.0
48.0
50.0
49.0
27.0
27.0
27.0
27.0
48.0
49.0
48.0
48.0
48.0
49.0
28.0
27.0
27.0
27.0
48.0
48.0
48.0
49.0
48.0
48.0
27.0
27.0
27.0
27.0
48.0
48.0
48.0
49.0
48.0
49.0
27.0
27.0
28.0
28.0
48.0
48.0
49.0
48.0
49.0
49.0
27.0
27.0
27.0
27.0
48.0
48.0
47.0
47.0
47.0
47.0
27.0
27.0
27.0
27.0
