56.0
51.0
50.0
50.0
50.0
49.0
49.0
49.0
48.0
48.0
66.0
199.0
200.0
198.0
198.0
199.0
1103.0
1105.0
1103.0
1104.0
1126.0
1106.0
1106.0
3277.0
5855.0
5865.0
5968.0
5968.0
5966.0
5966.0
67.0
185.0
253.0
256.0
246.0
172.0
1099.0
1094.0
1094.0
1099.0
1098.0
1096.0
1165.0
3314.0
5909.0
5913.0
5831.0
5875.0
5878.0
5844.0
64.0
172.0
171.0
172.0
169.0
169.0
1095.0
1095.0
1097.0
1092.0
1097.0
1097.0
1096.0
3268.0
5904.0
5895.0
5908.0
5832.0
5822.0
5856.0
62.0
168.0
167.0
167.0
166.0
166.0
1144.0
1144.0
1164.0
1096.0
1094.0
1115.0
1093.0
3281.0
5878.0
5844.0
5859.0
5852.0
5843.0
5853.0
61.0
166.0
165.0
166.0
165.0
190.0
1112.0
1122.0
1100.0
1171.0
1152.0
1152.0
1160.0
3240.0
5833.0
5817.0
5813.0
5823.0
5816.0
5917.0
60.0
169.0
168.0
168.0
170.0
167.0
1092.0
1096.0
1092.0
1091.0
1170.0
1169.0
1170.0
3261.0
5839.0
5838.0
5856.0
5870.0
5849.0
63.0
250.0
249.0
248.0
168.0
167.0
1096.0
1096.0
1098.0
1096.0
1095.0
1094.0
1095.0
3248.0
5855.0
5937.0
5935.0
5880.0
5875.0
60.0
165.0
166.0
165.0
165.0
164.0
1118.0
1128.0
1127.0
1202.0
1145.0
1170.0
1167.0
3250.0
5845.0
5839.0
5929.0
5908.0
5833.0
63.0
169.0
192.0
189.0
190.0
190.0
1110.0
1098.0
1096.0
1097.0
1149.0
1149.0
1149.0
3320.0
5867.0
5853.0
5823.0
5835.0
5826.0
63.0
163.0
164.0
164.0
162.0
163.0
1096.0
1096.0
1094.0
1096.0
1092.0
1091.0
1156.0
3214.0
5328.0
5280.0
5081.0
5065.0
5066.0
66.0
172.0
172.0
172.0
172.0
172.0
1095.0
1096.0
1097.0
1097.0
1095.0
1145.0
1145.0
3271.0
5841.0
5864.0
5880.0
5903.0
5885.0
5891.0
108.0
161.0
161.0
162.0
163.0
160.0
1088.0
1087.0
1090.0
1119.0
1119.0
1118.0
1103.0
3295.0
5876.0
5856.0
5869.0
5807.0
5856.0
5819.0
61.0
168.0
167.0
166.0
166.0
166.0
1097.0
1158.0
1165.0
1156.0
1162.0
1100.0
1100.0
3225.0
5845.0
5891.0
5871.0
5867.0
5835.0
5832.0
57.0
163.0
219.0
217.0
217.0
162.0
1092.0
1093.0
1092.0
1155.0
1128.0
1130.0
1130.0
3230.0
5868.0
5860.0
5865.0
5943.0
5857.0
61.0
223.0
223.0
168.0
168.0
168.0
1094.0
1093.0
1094.0
1133.0
1133.0
1130.0
1134.0
3324.0
5891.0
5901.0
5899.0
5875.0
5877.0
5899.0
57.0
224.0
223.0
234.0
164.0
164.0
1139.0
1091.0
1091.0
1091.0
1132.0
1182.0
1130.0
3293.0
5888.0
5907.0
5845.0
5843.0
5839.0
96.0
167.0
167.0
166.0
166.0
167.0
1133.0
1132.0
1134.0
1135.0
1093.0
1091.0
1092.0
3281.0
5872.0
5899.0
5876.0
5866.0
5857.0
55.0
160.0
161.0
160.0
159.0
159.0
1118.0
1115.0
1139.0
1087.0
1144.0
1141.0
1119.0
3303.0
5842.0
5841.0
5848.0
5822.0
5828.0
5826.0
63.0
169.0
167.0
165.0
167.0
166.0
1125.0
1126.0
1128.0
1127.0
1147.0
1147.0
1147.0
3298.0
5828.0
5832.0
5849.0
5840.0
5867.0
53.0
159.0
158.0
158.0
158.0
160.0
1143.0
1157.0
1143.0
1146.0
1084.0
1086.0
1085.0
3216.0
5813.0
5815.0
5829.0
5824.0
5868.0
56.0
161.0
160.0
162.0
161.0
162.0
1117.0
1121.0
1122.0
1119.0
1145.0
1148.0
1148.0
3279.0
5834.0
5831.0
5825.0
5892.0
5907.0
5897.0
48.0
171.0
161.0
180.0
178.0
175.0
1116.0
1113.0
1114.0
1114.0
1084.0
1083.0
1082.0
3280.0
5891.0
5878.0
5817.0
5823.0
5824.0
46.0
150.0
149.0
148.0
149.0
149.0
1074.0
1078.0
1079.0
1079.0
1111.0
1110.0
1111.0
3277.0
5838.0
5850.0
5814.0
5818.0
5805.0
41.0
146.0
170.0
172.0
172.0
148.0
1103.0
1104.0
1103.0
1102.0
1074.0
1074.0
1073.0
3266.0
5900.0
5895.0
5829.0
5866.0
5830.0
43.0
149.0
149.0
148.0
146.0
146.0
1107.0
1163.0
1163.0
1167.0
1128.0
1073.0
1084.0
3213.0
5830.0
5822.0
5807.0
5816.0
5800.0
39.0
142.0
141.0
197.0
196.0
195.0
1120.0
1069.0
1068.0
1069.0
1115.0
1116.0
1116.0
3239.0
5828.0
5843.0
5854.0
5866.0
5886.0
40.0
147.0
148.0
147.0
146.0
145.0
1134.0
1129.0
1131.0
1129.0
1074.0
1070.0
1073.0
3267.0
5884.0
5896.0
5871.0
5854.0
6044.0
37.0
58.0
58.0
57.0
56.0
56.0
983.0
982.0
985.0
984.0
1033.0
1032.0
1030.0
3194.0
5769.0
5762.0
5773.0
5733.0
5734.0
5731.0
41.0
43.0
41.0
42.0
41.0
41.0
41.0
42.0
40.0
41.0
39.0
39.0
40.0
40.0
40.0
40.0
40.0
40.0
41.0
41.0
35.0
36.0
34.0
34.0
36.0
35.0
98.0
97.0
98.0
37.0
37.0
36.0
38.0
37.0
37.0
37.0
39.0
37.0
35.0
36.0
59.0
162.0
163.0
162.0
168.0
163.0
1093.0
1090.0
1145.0
1088.0
1128.0
1126.0
1138.0
3281.0
5846.0
5862.0
5817.0
5825.0
5807.0
55.0
160.0
159.0
160.0
160.0
184.0
1145.0
1141.0
1117.0
1120.0
1087.0
1087.0
1087.0
3270.0
5905.0
5913.0
5915.0
5919.0
5950.0
56.0
220.0
218.0
219.0
163.0
162.0
1099.0
1098.0
1095.0
1154.0
1129.0
1128.0
1127.0
3245.0
5875.0
5869.0
5872.0
5795.0
5824.0
5812.0
55.0
221.0
162.0
163.0
163.0
161.0
1113.0
1116.0
1146.0
1143.0
1116.0
1139.0
1086.0
3222.0
5876.0
5870.0
5913.0
5878.0
5881.0
89.0
164.0
161.0
161.0
163.0
162.0
1116.0
1118.0
1117.0
1118.0
1142.0
1145.0
1143.0
3322.0
5835.0
5831.0
5895.0
5834.0
5825.0
54.0
162.0
161.0
160.0
159.0
159.0
1142.0
1141.0
1142.0
1145.0
1086.0
1088.0
1087.0
3299.0
5891.0
5906.0
5911.0
5867.0
5879.0
5874.0
55.0
162.0
164.0
161.0
160.0
159.0
1154.0
1157.0
1156.0
1157.0
1087.0
1088.0
1087.0
3268.0
5881.0
5891.0
5823.0
5849.0
5869.0
56.0
219.0
217.0
216.0
160.0
159.0
1089.0
1089.0
1090.0
1090.0
1129.0
1129.0
1127.0
3297.0
5845.0
5841.0
5882.0
5867.0
5874.0
87.0
160.0
159.0
158.0
159.0
159.0
1118.0
1117.0
1134.0
1119.0
1143.0
1140.0
1141.0
3294.0
5853.0
5881.0
5925.0
5922.0
5910.0
55.0
157.0
189.0
153.0
152.0
153.0
1112.0
1113.0
1114.0
1113.0
1134.0
1137.0
1135.0
3270.0
5811.0
5794.0
5826.0
5915.0
5866.0
48.0
153.0
153.0
152.0
153.0
153.0
1139.0
1139.0
1138.0
1146.0
1081.0
1078.0
1078.0
3279.0
5872.0
5868.0
5842.0
5846.0
5850.0
108.0
149.0
146.0
148.0
146.0
146.0
1073.0
1075.0
1074.0
1075.0
1105.0
1104.0
1103.0
3259.0
5898.0
5969.0
5908.0
5902.0
5911.0
43.0
148.0
203.0
202.0
201.0
200.0
1106.0
1106.0
1104.0
1116.0
1119.0
1120.0
1122.0
3306.0
5888.0
5887.0
5912.0
5905.0
5850.0
41.0
148.0
146.0
146.0
146.0
147.0
1109.0
1108.0
1109.0
1108.0
1135.0
1135.0
1133.0
3291.0
5851.0
5848.0
5868.0
5867.0
5862.0
39.0
142.0
142.0
164.0
164.0
164.0
1128.0
1100.0
1099.0
1100.0
1069.0
1068.0
1127.0
3254.0
5882.0
5833.0
5874.0
5883.0
5875.0
39.0
142.0
141.0
140.0
141.0
141.0
1129.0
1129.0
1131.0
1135.0
1088.0
1088.0
1084.0
3267.0
5853.0
5840.0
5811.0
5882.0
5883.0
34.0
57.0
56.0
56.0
56.0
56.0
984.0
981.0
983.0
983.0
1013.0
1014.0
1012.0
3157.0
5785.0
5783.0
5740.0
5747.0
5749.0
35.0
37.0
36.0
36.0
39.0
38.0
39.0
37.0
105.0
105.0
37.0
36.0
36.0
2158.0
4741.0
4796.0
4789.0
4794.0
4796.0
4787.0
36.0
38.0
36.0
36.0
35.0
36.0
35.0
34.0
34.0
34.0
34.0
34.0
35.0
35.0
35.0
34.0
34.0
34.0
35.0
34.0
33.0
34.0
55.0
35.0
33.0
34.0
36.0
38.0
38.0
38.0
37.0
38.0
40.0
39.0
37.0
37.0
36.0
38.0
36.0
35.0
57.0
217.0
218.0
216.0
215.0
215.0
1091.0
1089.0
1088.0
1086.0
1088.0
1089.0
1086.0
3310.0
5921.0
5918.0
5920.0
5930.0
5909.0
5909.0
64.0
171.0
183.0
161.0
161.0
220.0
1094.0
1097.0
1097.0
1130.0
1131.0
1129.0
1131.0
3260.0
5895.0
5864.0
5872.0
5873.0
5868.0
5874.0
55.0
183.0
182.0
182.0
160.0
160.0
1114.0
1115.0
1114.0
1135.0
1136.0
1138.0
1138.0
3259.0
5818.0
5824.0
5822.0
5804.0
5815.0
5888.0
57.0
161.0
160.0
161.0
161.0
161.0
1139.0
1136.0
1137.0
1140.0
1091.0
1091.0
1092.0
3284.0
5870.0
5876.0
5902.0
5891.0
5894.0
64.0
227.0
225.0
163.0
161.0
160.0
1092.0
1086.0
1092.0
1088.0
1116.0
1113.0
1114.0
3330.0
5888.0
5894.0
5881.0
5896.0
5899.0
53.0
159.0
158.0
159.0
161.0
161.0
1113.0
1117.0
1116.0
1083.0
1139.0
1140.0
1133.0
3260.0
5866.0
5884.0
5878.0
5893.0
5890.0
5889.0
54.0
216.0
163.0
161.0
160.0
160.0
1139.0
1138.0
1138.0
1136.0
1083.0
1083.0
1085.0
3277.0
5933.0
5938.0
5887.0
5906.0
5902.0
56.0
159.0
159.0
159.0
160.0
158.0
1171.0
1169.0
1171.0
1172.0
1098.0
1098.0
1101.0
3288.0
5892.0
5892.0
5908.0
5906.0
5881.0
51.0
155.0
157.0
157.0
205.0
206.0
1139.0
1090.0
1093.0
1094.0
1113.0
1111.0
1109.0
3307.0
5883.0
5918.0
5878.0
5880.0
5875.0
5854.0
48.0
154.0
155.0
153.0
153.0
152.0
1133.0
1133.0
1134.0
1132.0
1078.0
1080.0
1080.0
3262.0
5909.0
5902.0
5910.0
5917.0
5939.0
42.0
148.0
146.0
146.0
146.0
147.0
1126.0
1125.0
1125.0
1135.0
1104.0
1104.0
1103.0
3293.0
5891.0
5902.0
5869.0
5869.0
5866.0
40.0
146.0
144.0
147.0
146.0
148.0
1124.0
1121.0
1128.0
1127.0
1074.0
1073.0
1076.0
3269.0
5895.0
5889.0
5874.0
5878.0
5864.0
42.0
148.0
147.0
144.0
145.0
144.0
1135.0
1136.0
1134.0
1133.0
1149.0
1141.0
1151.0
3281.0
5839.0
5863.0
5879.0
5895.0
5889.0
42.0
145.0
146.0
146.0
169.0
169.0
1130.0
1127.0
1104.0
1103.0
1140.0
1140.0
1144.0
3267.0
5820.0
5858.0
5880.0
5878.0
5880.0
36.0
143.0
142.0
142.0
140.0
140.0
1124.0
1123.0
1122.0
1119.0
1123.0
1122.0
1122.0
3254.0
5817.0
5880.0
5870.0
5875.0
5806.0
35.0
143.0
169.0
139.0
140.0
139.0
1099.0
1098.0
1097.0
1096.0
1119.0
1118.0
1118.0
3257.0
5890.0
5887.0
5885.0
5884.0
5853.0
38.0
57.0
55.0
56.0
55.0
56.0
1019.0
1012.0
1011.0
1013.0
1034.0
1031.0
1034.0
3219.0
5808.0
5803.0
5807.0
5806.0
5809.0
36.0
36.0
35.0
38.0
37.0
35.0
36.0
36.0
37.0
36.0
36.0
36.0
37.0
2220.0
4863.0
4850.0
4873.0
4824.0
4803.0
4806.0
37.0
36.0
36.0
36.0
35.0
35.0
34.0
34.0
34.0
35.0
35.0
35.0
34.0
34.0
35.0
57.0
35.0
34.0
33.0
36.0
34.0
34.0
34.0
32.0
35.0
34.0
90.0
37.0
38.0
40.0
39.0
38.0
37.0
36.0
38.0
37.0
37.0
36.0
36.0
35.0
56.0
162.0
161.0
162.0
161.0
162.0
1146.0
1149.0
1150.0
1151.0
1147.0
1147.0
1147.0
3271.0
5893.0
5900.0
5903.0
5897.0
5896.0
5898.0
57.0
216.0
160.0
160.0
163.0
163.0
1142.0
1145.0
1145.0
1145.0
1143.0
1144.0
1146.0
3254.0
5892.0
5895.0
5893.0
5948.0
5960.0
5949.0
54.0
161.0
161.0
185.0
185.0
185.0
1112.0
1112.0
1111.0
1169.0
1168.0
1170.0
1165.0
3304.0
5932.0
5929.0
5961.0
5991.0
5988.0
5980.0
57.0
162.0
161.0
213.0
212.0
211.0
1151.0
1101.0
1100.0
1097.0
1119.0
1120.0
1120.0
3346.0
5990.0
5991.0
5939.0
5991.0
5939.0
53.0
159.0
159.0
159.0
161.0
161.0
1141.0
1150.0
1145.0
1144.0
1082.0
1136.0
1136.0
3255.0
5917.0
5912.0
5963.0
5930.0
5941.0
53.0
160.0
159.0
159.0
159.0
159.0
1137.0
1141.0
1142.0
1138.0
1166.0
1165.0
1164.0
3329.0
5875.0
5889.0
5890.0
5865.0
5893.0
5892.0
107.0
165.0
163.0
161.0
161.0
162.0
1136.0
1136.0
1134.0
1136.0
1140.0
1137.0
1134.0
3274.0
5867.0
5864.0
5875.0
5931.0
5951.0
56.0
183.0
160.0
161.0
160.0
209.0
1112.0
1111.0
1134.0
1083.0
1134.0
1136.0
1111.0
3315.0
5989.0
5966.0
5973.0
5975.0
5982.0
49.0
212.0
153.0
153.0
153.0
155.0
1131.0
1127.0
1130.0
1130.0
1078.0
1077.0
1137.0
3301.0
5938.0
5935.0
5873.0
5853.0
5853.0
5853.0
41.0
149.0
205.0
149.0
147.0
149.0
1125.0
1124.0
1125.0
1126.0
1076.0
1073.0
1122.0
3245.0
5899.0
5846.0
5874.0
5863.0
5908.0
40.0
170.0
169.0
169.0
169.0
146.0
1100.0
1100.0
1100.0
1122.0
1120.0
1123.0
1118.0
3301.0
5990.0
5989.0
5951.0
5947.0
5989.0
89.0
194.0
140.0
141.0
142.0
143.0
1132.0
1131.0
1134.0
1131.0
1081.0
1083.0
1141.0
3298.0
5947.0
5896.0
5865.0
5864.0
5853.0
42.0
180.0
147.0
211.0
211.0
212.0
1069.0
1120.0
1120.0
1119.0
1120.0
1076.0
1076.0
3246.0
5892.0
5900.0
5924.0
5923.0
5906.0
36.0
142.0
162.0
163.0
162.0
162.0
1093.0
1093.0
1092.0
1092.0
1116.0
1115.0
1112.0
3327.0
5936.0
5927.0
5983.0
5981.0
5975.0
35.0
142.0
142.0
141.0
142.0
140.0
1121.0
1121.0
1121.0
1118.0
1118.0
1119.0
1118.0
3303.0
5975.0
5978.0
5993.0
5991.0
5989.0
86.0
37.0
35.0
35.0
36.0
37.0
38.0
35.0
35.0
34.0
35.0
35.0
34.0
2249.0
4870.0
4868.0
4869.0
4832.0
4825.0
4834.0
38.0
56.0
56.0
56.0
55.0
55.0
1055.0
1035.0
1032.0
1033.0
1033.0
1034.0
1033.0
3208.0
5856.0
5860.0
5848.0
5900.0
5893.0
34.0
35.0
34.0
35.0
33.0
34.0
34.0
35.0
34.0
34.0
34.0
34.0
93.0
34.0
35.0
36.0
36.0
37.0
37.0
36.0
38.0
39.0
41.0
37.0
36.0
35.0
36.0
35.0
37.0
37.0
37.0
38.0
35.0
36.0
35.0
35.0
35.0
35.0
35.0
35.0
34.0
34.0
33.0
33.0
34.0
35.0
34.0
36.0
33.0
34.0
35.0
36.0
36.0
35.0
35.0
36.0
34.0
35.0
35.0
34.0
54.0
163.0
163.0
163.0
245.0
242.0
1209.0
1207.0
1126.0
1125.0
1121.0
1122.0
1121.0
3294.0
5910.0
5900.0
5931.0
5928.0
5919.0
54.0
204.0
160.0
160.0
159.0
161.0
1114.0
1113.0
1113.0
1138.0
1137.0
1136.0
1141.0
3303.0
5909.0
5914.0
5930.0
5913.0
5916.0
5905.0
57.0
164.0
163.0
164.0
164.0
161.0
1116.0
1114.0
1113.0
1114.0
1169.0
1167.0
1169.0
3353.0
5894.0
5888.0
5951.0
5938.0
5952.0
57.0
162.0
160.0
161.0
161.0
160.0
1159.0
1157.0
1156.0
1155.0
1112.0
1112.0
1113.0
3349.0
6068.0
6067.0
6097.0
6116.0
6101.0
55.0
160.0
157.0
160.0
161.0
158.0
1163.0
1166.0
1163.0
1157.0
1159.0
1162.0
1165.0
3413.0
6157.0
6160.0
6161.0
6236.0
6302.0
6334.0
35.0
133.0
132.0
134.0
133.0
130.0
1178.0
1178.0
1179.0
1180.0
1135.0
1137.0
1136.0
3508.0
6427.0
6424.0
6466.0
6455.0
6532.0
54.0
162.0
163.0
238.0
237.0
159.0
1243.0
1244.0
1241.0
1242.0
1235.0
1234.0
1231.0
3719.0
6767.0
6725.0
6748.0
6740.0
6737.0
37.0
179.0
178.0
131.0
130.0
172.0
1288.0
1287.0
1247.0
1301.0
1296.0
1290.0
1332.0
3695.0
6678.0
6609.0
6656.0
6652.0
6670.0
49.0
155.0
156.0
156.0
156.0
204.0
1324.0
1324.0
1326.0
1278.0
1234.0
1233.0
1235.0
3768.0
6791.0
6812.0
6866.0
6795.0
6772.0
37.0
57.0
116.0
59.0
59.0
59.0
1188.0
1187.0
1187.0
1193.0
1277.0
1277.0
1321.0
3685.0
6082.0
5977.0
5929.0
5928.0
5936.0
41.0
219.0
211.0
209.0
146.0
147.0
1146.0
1147.0
1147.0
1145.0
1075.0
1076.0
1075.0
3259.0
5833.0
5827.0
5817.0
5823.0
5823.0
5837.0
35.0
36.0
35.0
38.0
38.0
38.0
971.0
971.0
970.0
970.0
996.0
998.0
997.0
3160.0
5690.0
5685.0
5686.0
5742.0
5728.0
5732.0
39.0
147.0
147.0
146.0
167.0
168.0
1069.0
1095.0
1070.0
1070.0
1131.0
1100.0
1099.0
3244.0
5812.0
5800.0
5803.0
5806.0
5798.0
35.0
34.0
35.0
34.0
34.0
34.0
34.0
34.0
34.0
35.0
35.0
34.0
35.0
2215.0
4763.0
4771.0
4777.0
4712.0
4753.0
4766.0
35.0
163.0
144.0
144.0
141.0
141.0
1109.0
1108.0
1107.0
1109.0
1073.0
1073.0
1071.0
3225.0
5811.0
5808.0
5817.0
5776.0
5783.0
5791.0
34.0
34.0
35.0
36.0
35.0
96.0
35.0
34.0
33.0
34.0
34.0
33.0
34.0
34.0
34.0
34.0
33.0
33.0
35.0
34.0
36.0
37.0
36.0
35.0
35.0
35.0
35.0
36.0
35.0
36.0
37.0
37.0
37.0
2201.0
4623.0
4611.0
4581.0
4289.0
4051.0
4065.0
37.0
35.0
35.0
35.0
36.0
35.0
36.0
35.0
35.0
68.0
67.0
67.0
38.0
36.0
36.0
37.0
36.0
35.0
36.0
36.0
36.0
35.0
35.0
35.0
35.0
36.0
34.0
36.0
36.0
35.0
36.0
35.0
36.0
35.0
35.0
35.0
35.0
35.0
35.0
35.0
35.0
34.0
35.0
35.0
34.0
34.0
35.0
34.0
34.0
36.0
34.0
35.0
34.0
34.0
35.0
36.0
35.0
35.0
32.0
31.0
