1.0
0.0
0.0
1.0
0.0
0.0
1.0
0.0
1.0
0.0
1.0
1.0
1.0
0.0
0.0
0.0
1.0
0.0
0.0
0.0
35.0
66.0
35.0
35.0
64.0
34.0
34.0
65.0
35.0
64.0
62.0
35.0
35.0
34.0
35.0
61.0
91.0
91.0
91.0
90.0
62.0
61.0
62.0
61.0
35.0
34.0
34.0
34.0
35.0
34.0
35.0
36.0
65.0
65.0
65.0
65.0
35.0
34.0
34.0
34.0
35.0
36.0
35.0
34.0
34.0
35.0
35.0
34.0
64.0
64.0
66.0
65.0
35.0
35.0
34.0
35.0
35.0
35.0
34.0
34.0
35.0
36.0
31.0
35.0
64.0
64.0
64.0
64.0
29.0
35.0
35.0
35.0
35.0
35.0
29.0
34.0
35.0
34.0
35.0
35.0
66.0
65.0
65.0
64.0
28.0
34.0
35.0
35.0
35.0
34.0
29.0
35.0
35.0
34.0
34.0
34.0
58.0
58.0
65.0
64.0
30.0
35.0
35.0
34.0
34.0
35.0
28.0
35.0
35.0
35.0
30.0
35.0
36.0
34.0
64.0
64.0
34.0
29.0
34.0
35.0
35.0
35.0
35.0
35.0
35.0
27.0
34.0
35.0
65.0
65.0
35.0
35.0
35.0
34.0
34.0
28.0
35.0
35.0
34.0
35.0
35.0
35.0
35.0
28.0
65.0
65.0
35.0
31.0
34.0
35.0
35.0
29.0
37.0
35.0
28.0
27.0
35.0
36.0
34.0
35.0
35.0
35.0
29.0
59.0
59.0
29.0
34.0
34.0
35.0
34.0
35.0
34.0
29.0
29.0
35.0
34.0
34.0
34.0
35.0
35.0
29.0
29.0
35.0
35.0
34.0
34.0
34.0
33.0
33.0
33.0
1.0
1.0
1.0
1.0
1.0
1.0
1.0
1.0
1.0
1.0
0.0
0.0
0.0
0.0
0.0
0.0
0.0
0.0
0.0
0.0
1.0
0.0
1.0
1.0
2.0
1.0
1.0
1.0
1.0
1.0
0.0
0.0
0.0
0.0
0.0
0.0
0.0
0.0
1.0
1.0
1.0
1.0
1.0
1.0
1.0
1.0
0.0
0.0
0.0
0.0
0.0
0.0
0.0
0.0
0.0
0.0
0.0
0.0
0.0
0.0
0.0
0.0
1.0
0.0
0.0
0.0
1.0
1.0
1.0
1.0
0.0
1.0
0.0
0.0
0.0
0.0
0.0
0.0
0.0
1.0
0.0
0.0
0.0
0.0
0.0
0.0
1.0
0.0
1.0
0.0
1.0
0.0
1.0
1.0
1.0
1.0
0.0
0.0
0.0
0.0
66.0
38.0
65.0
35.0
35.0
35.0
65.0
35.0
66.0
35.0
34.0
34.0
34.0
34.0
35.0
37.0
64.0
64.0
36.0
36.0
35.0
35.0
35.0
35.0
35.0
38.0
65.0
64.0
35.0
35.0
35.0
35.0
35.0
37.0
64.0
64.0
34.0
19.0
19.0
19.0
35.0
37.0
34.0
28.0
34.0
64.0
64.0
34.0
34.0
28.0
37.0
34.0
35.0
65.0
65.0
34.0
19.0
16.0
21.0
19.0
34.0
34.0
128.0
29.0
132.0
100.0
101.0
20.0
94.0
101.0
130.0
84.0
103.0
86.0
35.0
20.0
19.0
21.0
16.0
35.0
64.0
64.0
34.0
35.0
35.0
29.0
37.0
19.0
64.0
35.0
35.0
16.0
34.0
19.0
34.0
19.0
16.0
19.0
35.0
35.0
64.0
34.0
35.0
29.0
29.0
34.0
34.0
51.0
29.0
48.0
28.0
63.0
34.0
33.0
33.0
34.0
28.0
28.0
35.0
19.0
35.0
35.0
35.0
35.0
35.0
28.0
35.0
28.0
36.0
34.0
35.0
34.0
34.0
35.0
35.0
28.0
28.0
19.0
19.0
19.0
34.0
34.0
35.0
28.0
34.0
29.0
34.0
35.0
35.0
34.0
28.0
35.0
28.0
35.0
34.0
34.0
19.0
19.0
19.0
19.0
28.0
36.0
28.0
36.0
34.0
35.0
34.0
19.0
34.0
20.0
28.0
15.0
34.0
19.0
35.0
19.0
19.0
19.0
19.0
16.0
34.0
34.0
29.0
34.0
32.0
35.0
30.0
19.0
35.0
19.0
34.0
19.0
29.0
19.0
34.0
16.0
16.0
19.0
19.0
18.0
36.0
36.0
31.0
31.0
35.0
35.0
35.0
31.0
35.0
35.0
34.0
30.0
30.0
35.0
29.0
35.0
34.0
34.0
20.0
19.0
30.0
29.0
35.0
35.0
31.0
35.0
35.0
35.0
36.0
35.0
29.0
30.0
34.0
29.0
35.0
34.0
35.0
18.0
19.0
19.0
30.0
30.0
30.0
34.0
34.0
34.0
34.0
35.0
36.0
34.0
30.0
31.0
30.0
34.0
35.0
34.0
19.0
20.0
19.0
19.0
30.0
30.0
34.0
29.0
35.0
35.0
35.0
19.0
34.0
19.0
30.0
16.0
34.0
16.0
34.0
18.0
19.0
17.0
19.0
19.0
35.0
30.0
34.0
29.0
34.0
30.0
34.0
19.0
35.0
19.0
31.0
19.0
35.0
17.0
34.0
19.0
16.0
19.0
19.0
19.0
30.0
34.0
36.0
30.0
31.0
35.0
35.0
35.0
35.0
36.0
30.0
34.0
30.0
30.0
35.0
35.0
35.0
35.0
18.0
19.0
31.0
30.0
35.0
29.0
36.0
34.0
36.0
34.0
35.0
34.0
30.0
29.0
30.0
35.0
35.0
35.0
34.0
19.0
19.0
19.0
30.0
30.0
29.0
34.0
35.0
35.0
35.0
35.0
35.0
34.0
30.0
30.0
29.0
34.0
34.0
34.0
19.0
18.0
20.0
19.0
30.0
31.0
30.0
34.0
34.0
35.0
35.0
19.0
35.0
19.0
30.0
17.0
30.0
19.0
34.0
20.0
18.0
16.0
19.0
20.0
34.0
30.0
34.0
34.0
30.0
29.0
35.0
20.0
35.0
19.0
34.0
16.0
34.0
19.0
30.0
17.0
19.0
19.0
19.0
17.0
67.0
66.0
64.0
67.0
67.0
66.0
65.0
67.0
65.0
67.0
34.0
33.0
34.0
35.0
34.0
35.0
31.0
30.0
19.0
19.0
35.0
35.0
30.0
34.0
35.0
30.0
35.0
35.0
32.0
34.0
31.0
35.0
34.0
34.0
29.0
34.0
30.0
19.0
19.0
20.0
30.0
34.0
35.0
34.0
30.0
34.0
36.0
34.0
30.0
34.0
29.0
35.0
31.0
34.0
34.0
30.0
19.0
19.0
19.0
19.0
29.0
34.0
35.0
35.0
36.0
30.0
34.0
19.0
30.0
19.0
30.0
19.0
35.0
19.0
34.0
16.0
19.0
19.0
17.0
19.0
35.0
31.0
36.0
34.0
30.0
30.0
35.0
19.0
35.0
19.0
34.0
16.0
34.0
17.0
35.0
17.0
19.0
19.0
18.0
17.0
35.0
31.0
31.0
35.0
36.0
35.0
31.0
35.0
35.0
35.0
35.0
31.0
30.0
34.0
36.0
31.0
34.0
34.0
19.0
19.0
31.0
30.0
35.0
35.0
34.0
34.0
31.0
34.0
35.0
35.0
30.0
30.0
34.0
34.0
29.0
34.0
35.0
19.0
19.0
18.0
30.0
30.0
34.0
35.0
30.0
35.0
35.0
34.0
35.0
34.0
29.0
29.0
34.0
30.0
35.0
34.0
19.0
19.0
19.0
18.0
31.0
30.0
34.0
35.0
29.0
35.0
34.0
19.0
34.0
19.0
29.0
17.0
34.0
19.0
34.0
17.0
19.0
16.0
20.0
19.0
35.0
30.0
34.0
30.0
34.0
30.0
35.0
19.0
35.0
19.0
35.0
16.0
35.0
16.0
30.0
20.0
19.0
19.0
19.0
19.0
30.0
31.0
36.0
35.0
35.0
36.0
35.0
36.0
31.0
36.0
30.0
31.0
35.0
34.0
35.0
30.0
35.0
34.0
19.0
19.0
31.0
30.0
35.0
36.0
35.0
34.0
32.0
34.0
35.0
36.0
29.0
30.0
35.0
35.0
29.0
34.0
34.0
19.0
17.0
19.0
29.0
34.0
35.0
31.0
36.0
30.0
35.0
34.0
35.0
34.0
31.0
34.0
29.0
35.0
30.0
35.0
19.0
19.0
18.0
19.0
30.0
34.0
34.0
29.0
34.0
35.0
30.0
19.0
34.0
19.0
30.0
19.0
35.0
16.0
30.0
20.0
20.0
20.0
19.0
19.0
35.0
30.0
30.0
35.0
35.0
35.0
34.0
19.0
34.0
17.0
30.0
19.0
29.0
19.0
30.0
19.0
19.0
19.0
19.0
19.0
35.0
35.0
30.0
31.0
35.0
37.0
36.0
35.0
31.0
35.0
34.0
35.0
30.0
31.0
30.0
34.0
35.0
35.0
20.0
20.0
34.0
30.0
36.0
35.0
31.0
34.0
30.0
35.0
35.0
35.0
31.0
30.0
35.0
30.0
34.0
36.0
34.0
18.0
19.0
20.0
62.0
63.0
67.0
62.0
65.0
65.0
66.0
66.0
66.0
66.0
33.0
32.0
33.0
34.0
35.0
35.0
19.0
19.0
19.0
19.0
34.0
34.0
29.0
34.0
34.0
31.0
29.0
20.0
34.0
20.0
34.0
17.0
35.0
19.0
30.0
19.0
17.0
19.0
19.0
19.0
30.0
29.0
35.0
35.0
34.0
34.0
29.0
19.0
34.0
19.0
30.0
17.0
35.0
19.0
34.0
19.0
19.0
19.0
16.0
16.0
35.0
35.0
30.0
35.0
35.0
35.0
32.0
31.0
35.0
35.0
118.0
31.0
119.0
115.0
121.0
119.0
119.0
114.0
103.0
103.0
114.0
34.0
35.0
30.0
30.0
34.0
35.0
35.0
35.0
35.0
30.0
34.0
30.0
30.0
35.0
36.0
34.0
18.0
19.0
19.0
30.0
34.0
35.0
34.0
30.0
31.0
35.0
34.0
35.0
35.0
30.0
29.0
30.0
34.0
35.0
34.0
19.0
19.0
19.0
19.0
31.0
34.0
30.0
34.0
30.0
34.0
34.0
19.0
34.0
19.0
30.0
19.0
34.0
17.0
30.0
19.0
19.0
19.0
19.0
19.0
35.0
30.0
34.0
35.0
29.0
34.0
36.0
18.0
35.0
16.0
30.0
17.0
35.0
19.0
31.0
19.0
19.0
19.0
16.0
19.0
35.0
36.0
35.0
30.0
35.0
31.0
35.0
37.0
35.0
30.0
34.0
35.0
29.0
34.0
29.0
34.0
30.0
35.0
18.0
19.0
30.0
35.0
36.0
34.0
35.0
30.0
36.0
29.0
35.0
34.0
29.0
30.0
34.0
34.0
34.0
35.0
30.0
19.0
19.0
19.0
30.0
34.0
29.0
35.0
34.0
30.0
35.0
35.0
34.0
34.0
30.0
30.0
34.0
30.0
34.0
34.0
19.0
18.0
19.0
19.0
31.0
34.0
30.0
34.0
36.0
34.0
30.0
18.0
34.0
19.0
35.0
16.0
29.0
19.0
35.0
16.0
19.0
19.0
19.0
17.0
35.0
35.0
30.0
34.0
34.0
35.0
31.0
18.0
31.0
19.0
34.0
16.0
36.0
19.0
35.0
19.0
16.0
19.0
16.0
19.0
30.0
35.0
32.0
31.0
35.0
35.0
36.0
36.0
36.0
35.0
30.0
29.0
30.0
35.0
35.0
34.0
34.0
34.0
20.0
19.0
31.0
30.0
30.0
35.0
35.0
34.0
36.0
35.0
36.0
34.0
30.0
30.0
30.0
36.0
34.0
34.0
34.0
19.0
19.0
19.0
29.0
30.0
31.0
35.0
35.0
34.0
35.0
35.0
34.0
34.0
31.0
30.0
30.0
35.0
34.0
35.0
16.0
19.0
19.0
19.0
35.0
31.0
30.0
30.0
34.0
35.0
35.0
19.0
34.0
20.0
35.0
16.0
30.0
19.0
29.0
19.0
19.0
19.0
19.0
17.0
35.0
34.0
34.0
31.0
35.0
34.0
34.0
19.0
29.0
16.0
30.0
19.0
36.0
19.0
35.0
16.0
17.0
19.0
19.0
20.0
36.0
34.0
30.0
30.0
31.0
36.0
35.0
35.0
35.0
34.0
36.0
30.0
34.0
30.0
30.0
35.0
34.0
34.0
19.0
18.0
30.0
30.0
30.0
34.0
36.0
34.0
37.0
35.0
35.0
34.0
30.0
30.0
30.0
34.0
34.0
35.0
34.0
19.0
19.0
19.0
30.0
30.0
29.0
34.0
35.0
34.0
36.0
35.0
34.0
35.0
30.0
30.0
29.0
67.0
66.0
66.0
19.0
19.0
20.0
50.0
64.0
64.0
65.0
66.0
66.0
66.0
35.0
19.0
35.0
19.0
30.0
17.0
30.0
19.0
35.0
19.0
19.0
19.0
18.0
16.0
34.0
34.0
34.0
35.0
29.0
35.0
30.0
17.0
35.0
19.0
29.0
18.0
30.0
20.0
36.0
19.0
19.0
17.0
19.0
19.0
36.0
35.0
30.0
30.0
35.0
35.0
35.0
36.0
30.0
35.0
30.0
31.0
34.0
35.0
35.0
34.0
30.0
35.0
19.0
19.0
31.0
30.0
37.0
34.0
35.0
31.0
35.0
35.0
37.0
34.0
31.0
29.0
34.0
35.0
31.0
34.0
34.0
20.0
19.0
19.0
30.0
31.0
35.0
35.0
34.0
30.0
34.0
34.0
35.0
34.0
29.0
29.0
30.0
36.0
35.0
35.0
19.0
19.0
18.0
19.0
30.0
29.0
34.0
34.0
30.0
34.0
35.0
19.0
34.0
19.0
29.0
17.0
35.0
20.0
30.0
19.0
19.0
18.0
19.0
17.0
35.0
35.0
29.0
35.0
34.0
30.0
35.0
19.0
36.0
16.0
35.0
20.0
30.0
17.0
34.0
16.0
19.0
19.0
19.0
19.0
30.0
35.0
31.0
36.0
35.0
31.0
36.0
35.0
36.0
35.0
30.0
34.0
29.0
31.0
35.0
34.0
34.0
34.0
19.0
19.0
31.0
30.0
36.0
35.0
30.0
35.0
36.0
36.0
35.0
35.0
30.0
30.0
30.0
34.0
36.0
35.0
34.0
19.0
19.0
18.0
30.0
30.0
36.0
30.0
35.0
35.0
34.0
35.0
35.0
35.0
30.0
31.0
30.0
35.0
34.0
34.0
18.0
19.0
19.0
16.0
34.0
30.0
34.0
30.0
30.0
35.0
34.0
19.0
35.0
19.0
30.0
19.0
29.0
20.0
34.0
18.0
16.0
19.0
20.0
19.0
35.0
30.0
35.0
35.0
29.0
34.0
35.0
16.0
35.0
19.0
29.0
16.0
31.0
18.0
35.0
19.0
18.0
19.0
19.0
17.0
35.0
35.0
36.0
34.0
30.0
35.0
31.0
31.0
35.0
35.0
35.0
30.0
35.0
35.0
34.0
29.0
30.0
35.0
19.0
18.0
31.0
34.0
35.0
34.0
31.0
35.0
30.0
35.0
35.0
35.0
30.0
35.0
34.0
30.0
31.0
35.0
34.0
20.0
19.0
19.0
30.0
34.0
34.0
30.0
36.0
30.0
35.0
35.0
34.0
34.0
30.0
34.0
35.0
30.0
29.0
34.0
19.0
19.0
19.0
19.0
30.0
34.0
35.0
30.0
34.0
30.0
35.0
19.0
35.0
19.0
30.0
19.0
34.0
16.0
35.0
17.0
19.0
19.0
19.0
20.0
35.0
30.0
30.0
34.0
30.0
35.0
34.0
19.0
35.0
19.0
30.0
19.0
30.0
19.0
31.0
19.0
19.0
19.0
18.0
19.0
67.0
67.0
66.0
67.0
64.0
64.0
67.0
67.0
65.0
67.0
35.0
34.0
35.0
31.0
35.0
31.0
34.0
34.0
17.0
19.0
30.0
34.0
34.0
36.0
30.0
31.0
36.0
34.0
35.0
34.0
30.0
30.0
30.0
34.0
35.0
35.0
34.0
19.0
19.0
20.0
30.0
34.0
30.0
35.0
35.0
31.0
34.0
34.0
35.0
34.0
30.0
30.0
34.0
29.0
34.0
34.0
19.0
19.0
18.0
19.0
30.0
30.0
34.0
31.0
34.0
36.0
34.0
19.0
36.0
19.0
29.0
19.0
29.0
19.0
29.0
19.0
19.0
19.0
19.0
19.0
126.0
126.0
123.0
119.0
123.0
124.0
124.0
109.0
120.0
107.0
30.0
19.0
35.0
17.0
34.0
19.0
19.0
16.0
19.0
20.0
30.0
35.0
35.0
31.0
35.0
30.0
36.0
36.0
37.0
36.0
30.0
34.0
30.0
30.0
34.0
34.0
35.0
34.0
19.0
19.0
30.0
30.0
31.0
35.0
35.0
34.0
34.0
34.0
36.0
35.0
30.0
30.0
30.0
34.0
34.0
34.0
35.0
19.0
20.0
19.0
30.0
30.0
29.0
35.0
35.0
35.0
35.0
34.0
36.0
35.0
29.0
31.0
30.0
34.0
35.0
35.0
19.0
18.0
19.0
18.0
30.0
29.0
31.0
35.0
35.0
34.0
35.0
19.0
34.0
19.0
30.0
19.0
30.0
17.0
35.0
19.0
19.0
19.0
19.0
16.0
35.0
30.0
34.0
34.0
30.0
35.0
34.0
19.0
30.0
19.0
30.0
19.0
34.0
19.0
30.0
19.0
19.0
16.0
19.0
20.0
35.0
35.0
30.0
30.0
35.0
35.0
35.0
35.0
35.0
30.0
35.0
31.0
30.0
34.0
35.0
35.0
34.0
30.0
19.0
19.0
35.0
34.0
31.0
30.0
36.0
34.0
30.0
34.0
35.0
34.0
30.0
29.0
34.0
35.0
35.0
34.0
30.0
18.0
19.0
19.0
30.0
30.0
35.0
35.0
35.0
35.0
34.0
30.0
35.0
35.0
29.0
31.0
34.0
34.0
30.0
34.0
19.0
19.0
19.0
19.0
31.0
35.0
30.0
35.0
34.0
36.0
31.0
19.0
34.0
19.0
30.0
17.0
35.0
19.0
35.0
20.0
19.0
17.0
19.0
19.0
30.0
34.0
35.0
31.0
35.0
30.0
36.0
19.0
34.0
19.0
30.0
19.0
34.0
17.0
35.0
16.0
18.0
20.0
19.0
19.0
36.0
31.0
30.0
30.0
34.0
36.0
34.0
35.0
36.0
35.0
30.0
30.0
30.0
35.0
35.0
34.0
35.0
35.0
19.0
19.0
31.0
30.0
31.0
34.0
36.0
35.0
36.0
34.0
35.0
34.0
31.0
30.0
30.0
34.0
35.0
35.0
35.0
19.0
19.0
19.0
29.0
30.0
30.0
35.0
34.0
35.0
35.0
35.0
34.0
35.0
29.0
30.0
30.0
34.0
34.0
34.0
19.0
20.0
19.0
19.0
30.0
29.0
30.0
35.0
36.0
34.0
35.0
19.0
35.0
19.0
30.0
17.0
30.0
19.0
35.0
19.0
17.0
19.0
19.0
19.0
34.0
34.0
29.0
30.0
31.0
34.0
35.0
19.0
36.0
19.0
30.0
19.0
34.0
19.0
29.0
17.0
18.0
19.0
18.0
17.0
