4.0
3.0
3.0
3.0
3.0
3.0
3.0
2.0
3.0
3.0
8.0
8.0
174.0
731.0
730.0
729.0
729.0
729.0
730.0
3159.0
3153.0
3159.0
3155.0
3180.0
3169.0
3169.0
3169.0
3179.0
3168.0
3170.0
8.0
7.0
174.0
751.0
748.0
748.0
743.0
744.0
743.0
3174.0
3176.0
3176.0
3177.0
3171.0
3173.0
3174.0
3175.0
3169.0
3170.0
3163.0
7.0
7.0
174.0
741.0
740.0
740.0
740.0
739.0
735.0
3153.0
3154.0
3156.0
3177.0
3173.0
3176.0
3178.0
3191.0
3180.0
3169.0
3201.0
7.0
8.0
200.0
774.0
773.0
749.0
748.0
748.0
747.0
3164.0
3174.0
3209.0
3166.0
3167.0
3164.0
3171.0
3154.0
3179.0
3156.0
3175.0
8.0
7.0
175.0
738.0
727.0
727.0
727.0
727.0
729.0
3194.0
3187.0
3231.0
3195.0
3220.0
3190.0
3204.0
3167.0
3174.0
3192.0
3169.0
8.0
8.0
175.0
739.0
739.0
740.0
740.0
742.0
739.0
3166.0
3165.0
3166.0
3169.0
3169.0
3175.0
3166.0
3189.0
3160.0
3163.0
3193.0
8.0
7.0
174.0
754.0
754.0
754.0
755.0
753.0
754.0
3189.0
3186.0
3195.0
3184.0
3191.0
3196.0
3202.0
3193.0
3200.0
3168.0
3198.0
7.0
7.0
184.0
740.0
741.0
739.0
730.0
729.0
730.0
3173.0
3175.0
3168.0
3171.0
3165.0
3193.0
3186.0
3183.0
3173.0
3171.0
3179.0
8.0
8.0
198.0
751.0
752.0
751.0
727.0
728.0
728.0
3170.0
3170.0
3171.0
3172.0
3166.0
3171.0
3167.0
3163.0
3171.0
3164.0
3162.0
7.0
8.0
174.0
736.0
736.0
736.0
737.0
737.0
736.0
3176.0
3172.0
3176.0
3172.0
3206.0
3170.0
3166.0
3039.0
2904.0
2742.0
2580.0
7.0
8.0
8.0
7.0
7.0
7.0
7.0
7.0
3.0
3.0
7.0
7.0
8.0
7.0
7.0
7.0
7.0
7.0
3.0
3.0
191.0
191.0
191.0
192.0
191.0
191.0
191.0
191.0
187.0
3.0
746.0
727.0
728.0
729.0
727.0
727.0
727.0
729.0
722.0
2.0
728.0
738.0
738.0
737.0
738.0
737.0
741.0
738.0
732.0
2.0
738.0
738.0
737.0
738.0
738.0
737.0
737.0
737.0
732.0
2.0
738.0
737.0
738.0
744.0
758.0
755.0
765.0
754.0
750.0
3.0
766.0
756.0
755.0
758.0
749.0
738.0
737.0
737.0
734.0
3.0
738.0
738.0
737.0
739.0
740.0
728.0
737.0
741.0
733.0
3.0
3170.0
3171.0
3171.0
3171.0
3177.0
3169.0
3186.0
3183.0
3173.0
1325.0
3163.0
3178.0
3180.0
3179.0
3182.0
3177.0
3183.0
3167.0
3167.0
1311.0
3187.0
3188.0
3171.0
3172.0
3172.0
3172.0
3173.0
3174.0
3151.0
1330.0
3173.0
3163.0
3162.0
3169.0
3173.0
3172.0
3171.0
3175.0
3173.0
1333.0
3248.0
3251.0
3253.0
3255.0
3288.0
3290.0
3288.0
3298.0
3281.0
1319.0
3287.0
3214.0
3200.0
3198.0
3199.0
3168.0
3185.0
3172.0
3166.0
1310.0
3207.0
3202.0
3187.0
3188.0
3190.0
3188.0
3180.0
3176.0
3183.0
1332.0
3173.0
3174.0
3184.0
3184.0
3180.0
3181.0
3181.0
3187.0
3181.0
1333.0
3166.0
3221.0
3170.0
3175.0
3160.0
3173.0
3168.0
3172.0
3152.0
1310.0
3188.0
3191.0
3197.0
3198.0
3191.0
3192.0
3198.0
3196.0
3189.0
1339.0
3176.0
3191.0
3178.0
3183.0
3183.0
3183.0
3165.0
3167.0
3167.0
1310.0
7.0
8.0
7.0
7.0
8.0
7.0
7.0
7.0
3.0
3.0
7.0
7.0
8.0
7.0
7.0
7.0
8.0
7.0
2.0
3.0
184.0
192.0
174.0
173.0
177.0
174.0
174.0
173.0
169.0
2.0
738.0
742.0
736.0
736.0
736.0
737.0
738.0
727.0
732.0
2.0
738.0
738.0
737.0
737.0
737.0
736.0
737.0
737.0
749.0
2.0
745.0
744.0
746.0
744.0
745.0
744.0
744.0
744.0
739.0
3.0
727.0
733.0
736.0
735.0
736.0
736.0
736.0
735.0
731.0
3.0
737.0
737.0
730.0
732.0
727.0
727.0
728.0
727.0
722.0
3.0
728.0
727.0
736.0
737.0
737.0
736.0
752.0
752.0
747.0
3.0
3180.0
3183.0
3184.0
3173.0
3178.0
3177.0
3175.0
3161.0
3159.0
1309.0
3176.0
3154.0
3163.0
3162.0
3163.0
3165.0
3167.0
3167.0
3158.0
1322.0
3212.0
3217.0
3212.0
3205.0
3208.0
3211.0
3210.0
3200.0
3205.0
1363.0
3213.0
3179.0
3186.0
3185.0
3185.0
3183.0
3174.0
3173.0
3173.0
1331.0
3172.0
3177.0
3187.0
3174.0
3163.0
3170.0
3164.0
3167.0
3164.0
1311.0
3194.0
3181.0
3182.0
3177.0
3185.0
3173.0
3172.0
3174.0
3165.0
1335.0
3172.0
3177.0
3180.0
3205.0
3176.0
3179.0
3194.0
3196.0
3194.0
1323.0
3204.0
3192.0
3188.0
3189.0
3188.0
3196.0
3200.0
3183.0
3177.0
1337.0
3159.0
3169.0
3185.0
3185.0
3185.0
3187.0
3194.0
3189.0
3170.0
1315.0
3187.0
3186.0
3178.0
3161.0
3160.0
3169.0
3176.0
3172.0
3168.0
1331.0
3174.0
3170.0
3173.0
3177.0
3182.0
3183.0
3176.0
3173.0
3170.0
1310.0
7.0
7.0
7.0
7.0
26.0
8.0
7.0
2.0
3.0
2.0
7.0
8.0
7.0
7.0
7.0
7.0
7.0
2.0
3.0
2.0
175.0
174.0
175.0
176.0
176.0
185.0
178.0
173.0
172.0
3.0
739.0
737.0
746.0
747.0
749.0
752.0
752.0
746.0
747.0
2.0
751.0
766.0
765.0
755.0
754.0
751.0
747.0
742.0
742.0
3.0
746.0
747.0
731.0
732.0
731.0
733.0
742.0
735.0
736.0
3.0
739.0
741.0
740.0
741.0
740.0
740.0
740.0
725.0
733.0
2.0
738.0
738.0
737.0
737.0
737.0
737.0
737.0
733.0
760.0
3.0
773.0
773.0
773.0
774.0
775.0
774.0
779.0
771.0
772.0
3.0
3206.0
3202.0
3204.0
3204.0
3203.0
3202.0
3198.0
3198.0
3198.0
1328.0
3228.0
3199.0
3186.0
3192.0
3181.0
3184.0
3192.0
3184.0
3193.0
1350.0
3162.0
3173.0
3175.0
3198.0
3201.0
3198.0
3286.0
3189.0
3183.0
1332.0
3169.0
3168.0
3175.0
3178.0
3158.0
3160.0
3158.0
3162.0
3162.0
1313.0
3170.0
3192.0
3188.0
3193.0
3195.0
3196.0
3193.0
3188.0
3176.0
1310.0
3198.0
3198.0
3179.0
3188.0
3181.0
3170.0
3171.0
3166.0
3164.0
1331.0
3169.0
3166.0
3170.0
3167.0
3174.0
3169.0
3181.0
3176.0
3175.0
1329.0
3183.0
3186.0
3184.0
3185.0
3187.0
3186.0
3199.0
3190.0
3184.0
1365.0
3201.0
3200.0
3196.0
3196.0
3200.0
3196.0
3203.0
3194.0
3164.0
1333.0
3191.0
3195.0
3194.0
3193.0
3187.0
3181.0
3189.0
3188.0
3191.0
1340.0
3175.0
3159.0
3160.0
3166.0
3167.0
3172.0
3175.0
3166.0
3171.0
1331.0
7.0
8.0
7.0
7.0
7.0
7.0
7.0
3.0
2.0
3.0
7.0
7.0
7.0
7.0
7.0
8.0
7.0
2.0
3.0
2.0
174.0
174.0
184.0
174.0
174.0
174.0
173.0
169.0
169.0
3.0
758.0
760.0
758.0
759.0
759.0
745.0
745.0
740.0
740.0
3.0
745.0
730.0
729.0
729.0
731.0
730.0
738.0
732.0
733.0
2.0
737.0
736.0
737.0
738.0
738.0
737.0
736.0
724.0
722.0
2.0
726.0
727.0
727.0
736.0
737.0
736.0
736.0
732.0
731.0
2.0
736.0
752.0
752.0
751.0
743.0
743.0
743.0
740.0
737.0
3.0
744.0
744.0
728.0
735.0
729.0
736.0
738.0
734.0
733.0
2.0
3171.0
3169.0
3172.0
3168.0
3168.0
3171.0
3171.0
3171.0
3159.0
1331.0
3164.0
3174.0
3172.0
3192.0
3178.0
3175.0
3193.0
3168.0
3173.0
1338.0
3189.0
3188.0
3200.0
3197.0
3195.0
3193.0
3191.0
3171.0
3175.0
1330.0
3180.0
3200.0
3211.0
3209.0
3207.0
3208.0
3206.0
3216.0
3205.0
1322.0
3209.0
3209.0
3183.0
3184.0
3187.0
3191.0
3190.0
3181.0
3177.0
1332.0
3181.0
3179.0
3178.0
3179.0
3176.0
3178.0
3181.0
3169.0
3170.0
1328.0
3157.0
3155.0
3168.0
3163.0
3167.0
3167.0
3163.0
3159.0
3163.0
1308.0
3235.0
3223.0
3219.0
3212.0
3215.0
3215.0
3217.0
3222.0
3224.0
1367.0
3199.0
3191.0
3213.0
3207.0
3212.0
3215.0
3215.0
3208.0
3224.0
1343.0
3193.0
3191.0
3192.0
3186.0
3181.0
3192.0
3184.0
3183.0
3184.0
1310.0
3182.0
3180.0
3178.0
3180.0
3191.0
3200.0
3187.0
3175.0
3173.0
1323.0
7.0
8.0
7.0
7.0
7.0
7.0
7.0
3.0
2.0
3.0
7.0
7.0
7.0
7.0
7.0
7.0
7.0
3.0
2.0
3.0
173.0
175.0
173.0
173.0
174.0
184.0
191.0
186.0
186.0
3.0
749.0
745.0
727.0
728.0
728.0
727.0
727.0
732.0
735.0
2.0
742.0
736.0
736.0
739.0
736.0
737.0
737.0
732.0
722.0
3.0
726.0
727.0
736.0
736.0
736.0
737.0
737.0
732.0
733.0
2.0
754.0
753.0
753.0
750.0
747.0
747.0
748.0
743.0
742.0
3.0
747.0
733.0
734.0
733.0
742.0
741.0
742.0
738.0
738.0
3.0
743.0
744.0
746.0
745.0
745.0
744.0
744.0
741.0
747.0
3.0
3201.0
3204.0
3198.0
3208.0
3208.0
3244.0
3218.0
3213.0
3213.0
1351.0
3178.0
3194.0
3203.0
3193.0
3186.0
3186.0
3184.0
3160.0
3170.0
1312.0
3177.0
3170.0
3163.0
3168.0
3167.0
3176.0
3183.0
3172.0
3178.0
1347.0
3184.0
3184.0
3190.0
3177.0
3161.0
3160.0
3169.0
3163.0
3164.0
1334.0
3178.0
3168.0
3168.0
3168.0
3211.0
3200.0
3201.0
3194.0
3198.0
1332.0
3182.0
3192.0
3193.0
3196.0
3192.0
3157.0
3156.0
3151.0
3166.0
1311.0
3189.0
3216.0
3178.0
3176.0
3180.0
3174.0
3170.0
3171.0
3163.0
1331.0
3151.0
3155.0
3167.0
3166.0
3168.0
3176.0
3167.0
3165.0
3163.0
1331.0
3172.0
3177.0
3176.0
3164.0
3168.0
3166.0
3169.0
3160.0
3190.0
1340.0
3164.0
3171.0
3182.0
3177.0
3194.0
3210.0
3209.0
3212.0
3210.0
1314.0
3229.0
3223.0
3223.0
3213.0
3213.0
3195.0
3194.0
3185.0
3185.0
1327.0
8.0
7.0
8.0
7.0
8.0
7.0
8.0
7.0
3.0
2.0
8.0
7.0
8.0
7.0
7.0
7.0
7.0
8.0
2.0
3.0
174.0
185.0
175.0
191.0
174.0
174.0
173.0
173.0
169.0
2.0
739.0
738.0
738.0
736.0
738.0
739.0
738.0
728.0
724.0
2.0
732.0
729.0
738.0
739.0
738.0
738.0
738.0
740.0
733.0
3.0
737.0
738.0
753.0
743.0
743.0
743.0
744.0
743.0
738.0
3.0
743.0
743.0
742.0
728.0
727.0
726.0
728.0
737.0
732.0
3.0
737.0
737.0
738.0
740.0
738.0
738.0
738.0
738.0
722.0
3.0
728.0
727.0
735.0
735.0
736.0
736.0
737.0
737.0
732.0
3.0
3185.0
3185.0
3190.0
3218.0
3178.0
3180.0
3177.0
3175.0
3173.0
1329.0
3167.0
3156.0
3158.0
3171.0
3168.0
3173.0
3174.0
3170.0
3161.0
1323.0
3177.0
3177.0
3214.0
3214.0
3207.0
3208.0
3214.0
3209.0
3206.0
1330.0
3223.0
3231.0
3224.0
3268.0
3218.0
3234.0
3230.0
3219.0
3215.0
1332.0
3217.0
3208.0
3205.0
3208.0
3201.0
3201.0
3208.0
3210.0
3213.0
1327.0
3215.0
3221.0
3223.0
3220.0
3222.0
3186.0
3186.0
3184.0
3159.0
1314.0
3187.0
3188.0
3169.0
3168.0
3169.0
3174.0
3172.0
3169.0
3183.0
1334.0
3200.0
3197.0
3201.0
3206.0
3199.0
3196.0
3194.0
3207.0
3199.0
1334.0
3166.0
3171.0
3176.0
3175.0
3177.0
3179.0
3175.0
3174.0
3169.0
1312.0
3192.0
3182.0
3178.0
3218.0
3179.0
3177.0
3180.0
3179.0
3177.0
1333.0
3164.0
3160.0
3173.0
3181.0
3172.0
3174.0
3183.0
3176.0
3176.0
1325.0
7.0
7.0
8.0
7.0
7.0
7.0
7.0
2.0
3.0
2.0
8.0
7.0
7.0
7.0
7.0
7.0
7.0
3.0
2.0
3.0
173.0
193.0
174.0
174.0
173.0
174.0
185.0
181.0
181.0
3.0
739.0
744.0
736.0
740.0
735.0
745.0
745.0
739.0
736.0
2.0
741.0
752.0
752.0
753.0
753.0
753.0
743.0
737.0
737.0
3.0
742.0
743.0
727.0
727.0
729.0
726.0
727.0
731.0
731.0
2.0
737.0
738.0
736.0
738.0
737.0
737.0
737.0
733.0
723.0
3.0
727.0
729.0
726.0
729.0
738.0
739.0
738.0
734.0
733.0
3.0
738.0
740.0
755.0
755.0
756.0
744.0
744.0
738.0
738.0
2.0
3206.0
3215.0
3205.0
3190.0
3199.0
3196.0
3206.0
3199.0
3203.0
1334.0
3221.0
3204.0
3209.0
3208.0
3207.0
3196.0
3195.0
3224.0
3190.0
1347.0
3180.0
3176.0
3171.0
3173.0
3173.0
3175.0
3199.0
3183.0
3180.0
1321.0
3175.0
3175.0
3181.0
3183.0
3187.0
3185.0
3185.0
3153.0
3174.0
1313.0
3172.0
3170.0
3189.0
3189.0
3174.0
3169.0
3171.0
3169.0
3163.0
1318.0
3191.0
3196.0
3198.0
3179.0
3177.0
3188.0
3179.0
3180.0
3180.0
1368.0
3168.0
3171.0
3168.0
3164.0
3167.0
3168.0
3173.0
3175.0
3172.0
1332.0
3157.0
3156.0
3157.0
3171.0
3166.0
3170.0
3164.0
3155.0
3161.0
1312.0
3206.0
3197.0
3187.0
3188.0
3179.0
3178.0
3178.0
3172.0
3159.0
1328.0
3165.0
3164.0
3166.0
3171.0
3173.0
3172.0
3176.0
3169.0
3172.0
1334.0
3218.0
3218.0
3220.0
3219.0
3206.0
3216.0
3220.0
3219.0
3227.0
1355.0
7.0
7.0
7.0
7.0
7.0
7.0
8.0
2.0
3.0
3.0
7.0
8.0
8.0
8.0
7.0
7.0
7.0
2.0
3.0
3.0
176.0
176.0
185.0
176.0
176.0
176.0
176.0
171.0
171.0
2.0
752.0
750.0
751.0
751.0
768.0
766.0
767.0
747.0
747.0
2.0
751.0
751.0
751.0
752.0
751.0
734.0
735.0
729.0
741.0
3.0
745.0
747.0
744.0
745.0
746.0
746.0
746.0
742.0
743.0
2.0
738.0
738.0
738.0
747.0
748.0
747.0
748.0
742.0
743.0
3.0
745.0
765.0
764.0
762.0
751.0
751.0
750.0
745.0
745.0
2.0
750.0
749.0
727.0
734.0
726.0
735.0
736.0
731.0
731.0
2.0
3170.0
3171.0
3167.0
3169.0
3170.0
3170.0
3154.0
3152.0
3153.0
1329.0
3158.0
3153.0
3154.0
3155.0
3167.0
3164.0
3171.0
3177.0
3177.0
1334.0
3166.0
3167.0
3214.0
3211.0
3209.0
3204.0
3198.0
3195.0
3181.0
1312.0
3189.0
3193.0
3191.0
3166.0
3163.0
3164.0
3169.0
3168.0
3163.0
1320.0
3182.0
3180.0
3181.0
3182.0
3161.0
3159.0
3158.0
3162.0
3162.0
1330.0
3164.0
3170.0
3169.0
3178.0
3168.0
3200.0
3201.0
3198.0
3193.0
1329.0
3187.0
3185.0
3193.0
3194.0
3199.0
3195.0
3172.0
3167.0
3167.0
1321.0
3188.0
3188.0
3188.0
3201.0
3201.0
3204.0
3201.0
3194.0
3199.0
1320.0
3199.0
3187.0
3196.0
3183.0
3178.0
3175.0
3174.0
3169.0
3162.0
1331.0
3178.0
3182.0
3181.0
3177.0
3179.0
3166.0
3170.0
3161.0
3164.0
1339.0
3161.0
3151.0
3160.0
3164.0
3165.0
3182.0
3181.0
3187.0
3176.0
1330.0
7.0
7.0
7.0
7.0
7.0
7.0
7.0
2.0
3.0
2.0
7.0
7.0
7.0
7.0
7.0
7.0
7.0
2.0
3.0
2.0
184.0
173.0
174.0
174.0
173.0
174.0
182.0
177.0
3.0
2.0
753.0
746.0
744.0
744.0
744.0
743.0
727.0
721.0
2.0
3.0
726.0
727.0
737.0
739.0
737.0
735.0
738.0
733.0
3.0
2.0
738.0
738.0
739.0
738.0
728.0
728.0
728.0
723.0
3.0
2.0
737.0
736.0
737.0
737.0
735.0
736.0
752.0
747.0
2.0
3.0
754.0
752.0
743.0
743.0
744.0
743.0
743.0
738.0
3.0
3.0
727.0
727.0
727.0
727.0
737.0
739.0
737.0
732.0
2.0
3.0
3181.0
3182.0
3180.0
3184.0
3182.0
3183.0
3172.0
3168.0
1330.0
1332.0
3176.0
3172.0
3205.0
3171.0
3168.0
3170.0
3168.0
3165.0
1330.0
1331.0
3179.0
3179.0
3178.0
3179.0
3209.0
3203.0
3205.0
3198.0
1338.0
1338.0
3197.0
3194.0
3193.0
3193.0
3193.0
3193.0
3176.0
3176.0
1319.0
1320.0
3190.0
3189.0
3183.0
3184.0
3182.0
3183.0
3183.0
3168.0
1331.0
1332.0
3169.0
3167.0
3169.0
3374.0
3198.0
3197.0
3210.0
3194.0
1319.0
1323.0
3216.0
3220.0
3206.0
3202.0
3202.0
3172.0
3172.0
3157.0
1336.0
1333.0
3178.0
3173.0
3181.0
3183.0
3183.0
3185.0
3203.0
3221.0
1341.0
1339.0
3176.0
3176.0
3171.0
3171.0
3162.0
3154.0
3176.0
3170.0
1310.0
1314.0
3164.0
3168.0
3167.0
3170.0
3170.0
3168.0
3168.0
3172.0
1308.0
1308.0
3183.0
3189.0
3184.0
3180.0
3179.0
3173.0
3176.0
3176.0
1324.0
1307.0
7.0
7.0
7.0
7.0
7.0
7.0
7.0
3.0
2.0
3.0
7.0
7.0
7.0
7.0
7.0
7.0
8.0
2.0
2.0
2.0
175.0
175.0
173.0
174.0
175.0
174.0
183.0
178.0
2.0
3.0
747.0
746.0
739.0
737.0
738.0
739.0
739.0
734.0
3.0
3.0
739.0
738.0
758.0
764.0
752.0
752.0
766.0
758.0
2.0
3.0
763.0
764.0
761.0
766.0
744.0
746.0
740.0
736.0
2.0
3.0
750.0
750.0
753.0
751.0
751.0
750.0
752.0
746.0
2.0
3.0
754.0
753.0
743.0
735.0
735.0
734.0
733.0
730.0
2.0
3.0
743.0
744.0
741.0
739.0
742.0
742.0
743.0
738.0
3.0
2.0
3183.0
3185.0
3177.0
3176.0
3192.0
3186.0
3180.0
3176.0
1340.0
1341.0
3175.0
3182.0
3189.0
3188.0
3188.0
3192.0
3176.0
3173.0
1327.0
1339.0
3160.0
3178.0
3178.0
3172.0
3163.0
3163.0
3166.0
3161.0
1312.0
1313.0
3194.0
3196.0
3196.0
3176.0
3177.0
3186.0
3173.0
3172.0
1322.0
1322.0
3203.0
3200.0
3183.0
3186.0
3193.0
3192.0
3187.0
3186.0
1350.0
1350.0
3167.0
3167.0
3170.0
3170.0
3160.0
3157.0
3157.0
3155.0
1330.0
1331.0
3158.0
3159.0
3161.0
3161.0
3173.0
3170.0
3172.0
3167.0
1335.0
1330.0
3172.0
3173.0
3171.0
3179.0
3189.0
3189.0
3179.0
3174.0
1332.0
1328.0
3185.0
3190.0
3187.0
3186.0
3204.0
3187.0
3186.0
3183.0
1323.0
1326.0
3240.0
3234.0
3223.0
3223.0
3223.0
3224.0
3217.0
3220.0
1351.0
1348.0
3073.0
3074.0
3033.0
3031.0
2981.0
2979.0
2968.0
2950.0
1310.0
1310.0
