76.0
63.0
59.0
39.0
43.0
35.0
37.0
48.0
54.0
43.0
346.0
265.0
184.0
178.0
178.0
164.0
176.0
171.0
293.0
214.0
594.0
574.0
575.0
553.0
573.0
511.0
483.0
574.0
718.0
580.0
1251.0
1235.0
1302.0
1297.0
1298.0
1279.0
1294.0
1266.0
1290.0
1182.0
1912.0
1899.0
2049.0
1890.0
2044.0
2023.0
2036.0
2011.0
1888.0
2005.0
2176.0
2165.0
2163.0
2327.0
2330.0
2137.0
2323.0
2295.0
2354.0
2326.0
3004.0
2979.0
2985.0
2973.0
3242.0
3220.0
3239.0
3213.0
3206.0
3178.0
2999.0
3008.0
2981.0
2980.0
3197.0
3179.0
3188.0
3162.0
3187.0
3165.0
3111.0
3092.0
3092.0
3079.0
3117.0
3099.0
3089.0
3082.0
3109.0
3080.0
3115.0
3100.0
3100.0
3093.0
3113.0
3061.0
3115.0
3089.0
3104.0
3080.0
3092.0
3078.0
3085.0
3080.0
3077.0
3079.0
3098.0
3071.0
3082.0
3056.0
3084.0
3071.0
3075.0
3092.0
3066.0
3080.0
3096.0
3072.0
3076.0
3047.0
3119.0
3113.0
3113.0
3069.0
3079.0
3080.0
3092.0
3071.0
3091.0
3061.0
3104.0
3086.0
3088.0
3103.0
3115.0
3110.0
3121.0
3097.0
3120.0
3086.0
3193.0
3177.0
3173.0
3160.0
3149.0
3173.0
3169.0
3122.0
3182.0
3125.0
3108.0
3098.0
3091.0
3097.0
3077.0
3083.0
3107.0
3085.0
3096.0
3062.0
3096.0
3091.0
3087.0
3076.0
3087.0
3083.0
3104.0
3068.0
3110.0
3070.0
3093.0
3077.0
3082.0
3069.0
3083.0
3077.0
3088.0
3063.0
3090.0
3055.0
3133.0
3117.0
3113.0
3112.0
3129.0
3106.0
3138.0
3106.0
3231.0
3089.0
3127.0
3126.0
3127.0
3112.0
3091.0
3084.0
3119.0
3076.0
3102.0
3102.0
3102.0
3080.0
3085.0
3069.0
2999.0
3074.0
3088.0
3059.0
3081.0
3040.0
278.0
325.0
390.0
220.0
216.0
189.0
178.0
189.0
164.0
96.0
252.0
328.0
206.0
201.0
198.0
169.0
153.0
74.0
76.0
41.0
158.0
208.0
205.0
200.0
196.0
169.0
154.0
112.0
65.0
32.0
188.0
170.0
201.0
165.0
186.0
163.0
126.0
77.0
77.0
33.0
188.0
196.0
216.0
154.0
148.0
158.0
132.0
82.0
69.0
31.0
166.0
205.0
205.0
191.0
228.0
96.0
73.0
80.0
48.0
25.0
201.0
214.0
213.0
289.0
167.0
178.0
118.0
69.0
69.0
37.0
163.0
163.0
229.0
126.0
149.0
109.0
62.0
54.0
27.0
23.0
173.0
188.0
186.0
258.0
140.0
147.0
114.0
67.0
64.0
26.0
223.0
158.0
159.0
109.0
100.0
74.0
46.0
24.0
24.0
20.0
567.0
588.0
585.0
467.0
573.0
546.0
768.0
458.0
447.0
67.0
800.0
472.0
567.0
562.0
556.0
523.0
501.0
439.0
427.0
47.0
777.0
458.0
737.0
564.0
557.0
529.0
508.0
439.0
427.0
37.0
545.0
479.0
551.0
660.0
528.0
507.0
464.0
416.0
364.0
31.0
528.0
774.0
513.0
508.0
559.0
536.0
502.0
454.0
443.0
42.0
825.0
551.0
462.0
791.0
445.0
458.0
415.0
402.0
295.0
24.0
523.0
534.0
476.0
537.0
474.0
504.0
463.0
414.0
652.0
29.0
507.0
799.0
505.0
448.0
487.0
447.0
358.0
333.0
57.0
21.0
515.0
530.0
780.0
526.0
462.0
441.0
451.0
403.0
332.0
25.0
499.0
585.0
497.0
419.0
443.0
338.0
319.0
202.0
36.0
18.0
1908.0
1206.0
1260.0
1203.0
1038.0
1013.0
962.0
933.0
1539.0
50.0
1229.0
1205.0
1200.0
1170.0
989.0
936.0
943.0
863.0
870.0
54.0
1238.0
1243.0
1196.0
1195.0
986.0
959.0
939.0
878.0
868.0
35.0
1190.0
1259.0
1300.0
1300.0
1017.0
998.0
953.0
929.0
922.0
28.0
1254.0
1243.0
1190.0
1186.0
974.0
952.0
918.0
874.0
866.0
29.0
1162.0
1180.0
1169.0
1027.0
953.0
908.0
865.0
861.0
636.0
23.0
1224.0
1236.0
1226.0
1218.0
1008.0
984.0
948.0
895.0
900.0
27.0
1194.0
1159.0
1157.0
942.0
941.0
903.0
861.0
790.0
55.0
20.0
1182.0
1185.0
1193.0
1190.0
966.0
955.0
907.0
859.0
732.0
24.0
1202.0
1243.0
1239.0
938.0
932.0
853.0
811.0
581.0
34.0
17.0
1951.0
1958.0
1955.0
1904.0
1698.0
1671.0
1659.0
1596.0
1237.0
51.0
1895.0
1947.0
1938.0
1937.0
1725.0
1700.0
1682.0
1623.0
1271.0
34.0
1935.0
1944.0
1911.0
1899.0
1695.0
1671.0
1639.0
1584.0
1223.0
34.0
1885.0
1907.0
1944.0
1936.0
1713.0
1690.0
1653.0
1611.0
1262.0
28.0
1934.0
1941.0
1943.0
1908.0
1689.0
1661.0
1634.0
1581.0
1234.0
29.0
1868.0
1925.0
1933.0
1791.0
1708.0
1668.0
1620.0
1611.0
1049.0
23.0
1939.0
1950.0
1897.0
1892.0
1678.0
1651.0
1608.0
1564.0
1224.0
27.0
1903.0
1901.0
1902.0
1678.0
1674.0
1640.0
1591.0
1526.0
53.0
20.0
1915.0
1931.0
1881.0
1883.0
1670.0
1644.0
1615.0
1564.0
1088.0
23.0
1894.0
1939.0
1941.0
1649.0
1631.0
1554.0
1517.0
1283.0
35.0
18.0
2249.0
2266.0
2262.0
2203.0
1995.0
1973.0
1964.0
1894.0
1244.0
55.0
2238.0
2266.0
2262.0
2233.0
2027.0
1996.0
1977.0
1640.0
1275.0
34.0
2248.0
2209.0
2234.0
2254.0
2040.0
1986.0
1988.0
1723.0
1222.0
34.0
2911.0
2251.0
2260.0
2162.0
3201.0
1962.0
1844.0
1504.0
1227.0
29.0
2197.0
2272.0
2293.0
2846.0
1997.0
2051.0
1947.0
1617.0
1286.0
30.0
2298.0
2192.0
2252.0
2100.0
1957.0
1922.0
1871.0
1614.0
1040.0
23.0
2236.0
2259.0
2330.0
2233.0
2034.0
1999.0
1967.0
1691.0
1272.0
27.0
2205.0
2169.0
2225.0
1994.0
1991.0
1667.0
1620.0
1556.0
54.0
19.0
2230.0
2240.0
2242.0
2266.0
1980.0
1944.0
1925.0
1568.0
1088.0
25.0
2197.0
2243.0
2240.0
1938.0
1597.0
1567.0
1522.0
1282.0
35.0
17.0
3088.0
3096.0
3079.0
3131.0
2853.0
2834.0
2824.0
2763.0
2064.0
50.0
3062.0
3070.0
3067.0
3054.0
2845.0
2774.0
2755.0
2404.0
2057.0
35.0
3058.0
3088.0
3085.0
3089.0
2867.0
2838.0
2818.0
2452.0
2103.0
35.0
3071.0
3068.0
3048.0
3048.0
2835.0
2788.0
2756.0
2434.0
2083.0
28.0
3037.0
3093.0
3130.0
3038.0
2919.0
2807.0
2783.0
2441.0
2094.0
36.0
3019.0
3014.0
2979.0
2897.0
2819.0
2759.0
2747.0
2404.0
992.0
23.0
3059.0
3057.0
3068.0
3079.0
2818.0
2829.0
2772.0
2426.0
2041.0
30.0
3040.0
3052.0
3034.0
2798.0
2819.0
2451.0
2414.0
2331.0
54.0
20.0
3025.0
3046.0
3104.0
3100.0
2882.0
2815.0
2783.0
2441.0
1987.0
24.0
3104.0
3086.0
3088.0
2772.0
2464.0
2387.0
2353.0
2112.0
41.0
18.0
3058.0
3074.0
3103.0
3058.0
2843.0
2847.0
2834.0
2765.0
2103.0
49.0
3031.0
3050.0
3044.0
3067.0
2817.0
2800.0
2781.0
2451.0
2071.0
35.0
3060.0
3046.0
3041.0
3039.0
2858.0
2843.0
2811.0
2423.0
2046.0
35.0
3027.0
3062.0
3043.0
3029.0
2808.0
2790.0
2777.0
2432.0
2081.0
29.0
3061.0
3041.0
3085.0
3056.0
2899.0
2848.0
2786.0
2439.0
2088.0
30.0
3070.0
3096.0
3037.0
2901.0
2785.0
2748.0
2704.0
2421.0
991.0
23.0
3051.0
3060.0
3037.0
3058.0
2777.0
2814.0
2750.0
2433.0
2036.0
33.0
2992.0
3022.0
3025.0
2785.0
2808.0
2445.0
2402.0
2329.0
55.0
20.0
3019.0
3053.0
3045.0
3050.0
2821.0
2793.0
2756.0
2394.0
1942.0
25.0
3060.0
3016.0
3045.0
2750.0
2465.0
2377.0
2314.0
2086.0
35.0
18.0
3067.0
3052.0
3088.0
3076.0
2890.0
2837.0
2855.0
2770.0
2107.0
50.0
3069.0
3083.0
3127.0
3120.0
2908.0
2815.0
2864.0
2440.0
2048.0
36.0
3106.0
3048.0
3049.0
3078.0
2837.0
2848.0
2783.0
2398.0
2044.0
34.0
3054.0
3088.0
3046.0
3027.0
2845.0
2800.0
2751.0
2411.0
2077.0
28.0
3057.0
3059.0
3058.0
3031.0
2840.0
2786.0
2774.0
2408.0
2058.0
29.0
2999.0
3037.0
3047.0
2901.0
2783.0
2764.0
2715.0
2422.0
992.0
23.0
3050.0
3029.0
3027.0
3085.0
2855.0
2859.0
2762.0
2448.0
2064.0
28.0
3018.0
3078.0
3017.0
2809.0
2798.0
2436.0
2407.0
2336.0
53.0
20.0
3045.0
3035.0
3031.0
3053.0
2814.0
2791.0
2755.0
2431.0
1945.0
25.0
3066.0
3070.0
3029.0
2731.0
2464.0
2371.0
2307.0
2098.0
34.0
17.0
3047.0
3054.0
3081.0
3045.0
2867.0
2826.0
2816.0
2748.0
2090.0
51.0
3063.0
3042.0
3035.0
3059.0
2825.0
2842.0
2786.0
2423.0
2093.0
42.0
3064.0
3079.0
3043.0
3041.0
2858.0
2800.0
2750.0
2395.0
2063.0
35.0
3060.0
3085.0
3076.0
3112.0
2859.0
2832.0
2806.0
2484.0
2100.0
66.0
3073.0
3060.0
3036.0
3029.0
2818.0
2816.0
2763.0
2418.0
2073.0
29.0
3017.0
3034.0
3037.0
2863.0
2803.0
2759.0
2707.0
2418.0
994.0
23.0
3041.0
3054.0
3070.0
3057.0
2838.0
2805.0
2752.0
2415.0
2071.0
28.0
3013.0
3017.0
3020.0
2761.0
2770.0
2421.0
2388.0
2320.0
54.0
20.0
3019.0
3037.0
3030.0
3038.0
2821.0
2790.0
2750.0
2420.0
1939.0
53.0
3070.0
3048.0
3053.0
2758.0
2489.0
2405.0
2360.0
2134.0
35.0
17.0
3065.0
3070.0
3084.0
3060.0
2846.0
2821.0
2822.0
2736.0
2091.0
50.0
3032.0
3050.0
3048.0
3032.0
2825.0
2811.0
2795.0
2439.0
2067.0
35.0
3035.0
3038.0
3059.0
3052.0
2797.0
2767.0
2791.0
2397.0
2044.0
35.0
3024.0
3025.0
3038.0
3037.0
2814.0
2788.0
2749.0
2412.0
2059.0
28.0
3026.0
3034.0
3030.0
3030.0
2811.0
2803.0
2759.0
2419.0
2060.0
29.0
3002.0
3023.0
3065.0
2880.0
2871.0
2765.0
2714.0
2480.0
1043.0
23.0
3116.0
3137.0
3048.0
3037.0
2864.0
2790.0
2786.0
2453.0
2066.0
28.0
3003.0
3019.0
3004.0
2753.0
2742.0
2415.0
2408.0
2341.0
53.0
20.0
3027.0
3038.0
3031.0
3030.0
2816.0
2790.0
2744.0
2413.0
1894.0
24.0
3049.0
3030.0
3057.0
2737.0
2456.0
2352.0
2326.0
2095.0
35.0
18.0
3044.0
3053.0
3082.0
3070.0
2878.0
2826.0
2827.0
2759.0
2109.0
50.0
3034.0
3053.0
3042.0
3115.0
2887.0
2806.0
2834.0
2440.0
2124.0
35.0
3099.0
3060.0
3044.0
3041.0
2848.0
2817.0
2776.0
2445.0
2042.0
35.0
3045.0
3052.0
3032.0
3026.0
2809.0
2786.0
2737.0
2393.0
2052.0
28.0
3021.0
3059.0
3054.0
3021.0
2843.0
2812.0
2760.0
2423.0
2060.0
29.0
3023.0
3012.0
3050.0
2904.0
2798.0
2749.0
2715.0
2417.0
1021.0
23.0
3016.0
3063.0
3036.0
3055.0
2839.0
2815.0
2772.0
2399.0
2063.0
28.0
2996.0
2993.0
3054.0
2776.0
2846.0
2469.0
2467.0
2363.0
54.0
20.0
3087.0
3094.0
3051.0
3055.0
2857.0
2782.0
2722.0
2400.0
1919.0
24.0
3034.0
3067.0
3060.0
2744.0
2460.0
2361.0
2333.0
2103.0
34.0
18.0
3043.0
3061.0
3061.0
3084.0
2865.0
2817.0
2848.0
2741.0
2114.0
51.0
3069.0
3036.0
3045.0
3043.0
2854.0
2814.0
2778.0
2415.0
2087.0
35.0
3062.0
3080.0
3039.0
3036.0
2834.0
2824.0
2813.0
2425.0
2094.0
36.0
3029.0
3061.0
3062.0
3038.0
2820.0
2811.0
2743.0
2390.0
2060.0
29.0
3156.0
3132.0
3128.0
3118.0
2920.0
2833.0
2816.0
2443.0
2128.0
29.0
3050.0
3074.0
3048.0
2917.0
2843.0
2784.0
2758.0
2414.0
1023.0
23.0
3042.0
3054.0
3050.0
3065.0
2808.0
2822.0
2747.0
2437.0
2081.0
28.0
3029.0
2998.0
2999.0
2785.0
2816.0
2485.0
2413.0
2365.0
54.0
21.0
3028.0
3041.0
3059.0
3027.0
2815.0
2753.0
2742.0
2397.0
1922.0
24.0
3070.0
3059.0
3027.0
2765.0
2448.0
2351.0
2313.0
2098.0
34.0
17.0
3085.0
3093.0
3145.0
3090.0
2936.0
2897.0
2846.0
2957.0
2162.0
56.0
3088.0
3058.0
3044.0
3082.0
2866.0
2819.0
2773.0
2417.0
2083.0
36.0
3057.0
3046.0
3043.0
3024.0
2854.0
2834.0
2808.0
2414.0
2097.0
34.0
3009.0
3056.0
3033.0
3034.0
2779.0
2794.0
2747.0
2397.0
2058.0
30.0
3050.0
3029.0
3055.0
3029.0
2835.0
2812.0
2757.0
2443.0
2070.0
30.0
3000.0
3047.0
3009.0
2892.0
2779.0
2734.0
2737.0
2417.0
1010.0
23.0
3096.0
3032.0
3033.0
3098.0
2807.0
2850.0
2813.0
2420.0
2065.0
28.0
3067.0
3027.0
2988.0
2780.0
2799.0
2441.0
2406.0
2329.0
54.0
20.0
3037.0
3049.0
3047.0
3052.0
2774.0
2779.0
2742.0
2373.0
1914.0
24.0
3040.0
3058.0
3060.0
2754.0
2449.0
2361.0
2336.0
2079.0
35.0
18.0
3040.0
3055.0
3058.0
3079.0
2877.0
2840.0
2803.0
2775.0
2075.0
50.0
3070.0
3046.0
3044.0
3042.0
2809.0
2827.0
2803.0
2424.0
2095.0
35.0
3060.0
3088.0
3037.0
3156.0
2821.0
2880.0
3171.0
2418.0
2137.0
36.0
3099.0
3113.0
3094.0
3004.0
3077.0
2777.0
2739.0
2401.0
2058.0
29.0
3026.0
3070.0
3074.0
3061.0
2847.0
2827.0
2727.0
2389.0
2037.0
28.0
3001.0
3007.0
3033.0
2897.0
2775.0
2770.0
2732.0
2396.0
1023.0
23.0
3022.0
3033.0
3056.0
3023.0
2835.0
2814.0
2750.0
2407.0
2076.0
28.0
3029.0
2995.0
2994.0
2824.0
2774.0
2469.0
2390.0
2362.0
54.0
20.0
3010.0
3056.0
3069.0
3031.0
2834.0
2834.0
2798.0
2419.0
1938.0
23.0
3052.0
3054.0
3095.0
2774.0
2471.0
2372.0
2289.0
2064.0
36.0
18.0
3087.0
3086.0
3058.0
3049.0
2867.0
2840.0
2823.0
2730.0
2080.0
50.0
3034.0
3077.0
3071.0
3054.0
2846.0
2827.0
2786.0
2461.0
2075.0
35.0
3060.0
3040.0
3068.0
3058.0
2830.0
2794.0
2769.0
2440.0
2093.0
34.0
3017.0
3067.0
3029.0
3066.0
2831.0
2816.0
2771.0
2409.0
2036.0
28.0
3018.0
3029.0
3092.0
3036.0
2831.0
2774.0
2926.0
2503.0
2104.0
31.0
3106.0
3034.0
3033.0
2940.0
2792.0
2791.0
2715.0
2441.0
1022.0
27.0
3089.0
3053.0
3027.0
3025.0
2812.0
2812.0
2766.0
2399.0
2059.0
27.0
3020.0
3022.0
3023.0
2780.0
2774.0
2437.0
2390.0
2323.0
54.0
21.0
3036.0
3047.0
3050.0
3050.0
2810.0
2788.0
2777.0
2405.0
1898.0
24.0
3044.0
3066.0
3070.0
2772.0
2432.0
2329.0
2322.0
2060.0
36.0
18.0
3083.0
3065.0
3051.0
3088.0
2851.0
2844.0
2828.0
2755.0
2090.0
51.0
3079.0
3094.0
3088.0
3076.0
2866.0
2825.0
2812.0
2464.0
2098.0
35.0
3042.0
3063.0
3088.0
3026.0
2819.0
2824.0
2820.0
2425.0
2067.0
35.0
3048.0
3038.0
3060.0
3042.0
2835.0
2805.0
2765.0
2412.0
2055.0
28.0
3037.0
3034.0
3047.0
3026.0
2825.0
2812.0
2767.0
2402.0
2054.0
30.0
3024.0
3028.0
3015.0
2873.0
2794.0
2756.0
2712.0
2403.0
989.0
24.0
3030.0
3029.0
3047.0
3025.0
2809.0
2810.0
2779.0
2418.0
2067.0
28.0
3046.0
3056.0
3055.0
2837.0
2830.0
2501.0
2449.0
2385.0
57.0
22.0
3055.0
3064.0
3039.0
3027.0
2840.0
2824.0
2742.0
2410.0
1905.0
24.0
3105.0
3137.0
3131.0
2841.0
2375.0
2260.0
2217.0
2146.0
36.0
17.0
2957.0
3207.0
3193.0
3173.0
2952.0
2705.0
2922.0
2641.0
2020.0
52.0
3148.0
2961.0
3194.0
3178.0
2756.0
2728.0
2910.0
2366.0
2172.0
37.0
3184.0
3196.0
2956.0
3173.0
2737.0
2922.0
2696.0
2529.0
2006.0
36.0
3167.0
3171.0
3179.0
2995.0
2799.0
2945.0
2735.0
2403.0
2172.0
30.0
3175.0
3172.0
3176.0
3194.0
2936.0
2674.0
2638.0
2311.0
1981.0
30.0
3127.0
3140.0
3139.0
2785.0
2704.0
2866.0
2623.0
2332.0
1035.0
25.0
3147.0
3172.0
3159.0
3153.0
2709.0
2899.0
2664.0
2323.0
2141.0
27.0
2903.0
3135.0
3136.0
2917.0
2900.0
2570.0
2334.0
2267.0
56.0
20.0
2938.0
3166.0
2945.0
3127.0
2785.0
2848.0
2813.0
2462.0
1895.0
25.0
3119.0
3065.0
3107.0
2775.0
2435.0
2395.0
2435.0
2093.0
35.0
18.0
3101.0
3152.0
3083.0
3056.0
2849.0
2829.0
2819.0
2749.0
2089.0
80.0
3032.0
3046.0
3036.0
3029.0
2816.0
2794.0
2776.0
2411.0
2064.0
34.0
3033.0
3027.0
3046.0
3034.0
2835.0
2791.0
2767.0
2429.0
2065.0
35.0
3018.0
3043.0
3033.0
3030.0
2805.0
2780.0
2759.0
2404.0
2065.0
28.0
3025.0
3035.0
3039.0
3039.0
2803.0
2784.0
2755.0
2416.0
2026.0
29.0
3015.0
3017.0
3053.0
2924.0
2806.0
2726.0
2725.0
2436.0
1006.0
24.0
3033.0
3070.0
3033.0
3023.0
2818.0
2791.0
2748.0
2414.0
2058.0
27.0
3005.0
3004.0
3014.0
2805.0
2788.0
2453.0
2414.0
2333.0
54.0
20.0
3017.0
3048.0
3034.0
3037.0
2811.0
2784.0
2755.0
2412.0
1934.0
24.0
3035.0
3039.0
3050.0
2740.0
2423.0
2345.0
2303.0
2059.0
35.0
18.0
3080.0
3076.0
3066.0
3054.0
2868.0
2820.0
2829.0
2753.0
2094.0
50.0
3088.0
3083.0
3066.0
3076.0
2848.0
2815.0
2809.0
2449.0
2083.0
35.0
3062.0
3072.0
3069.0
3078.0
2843.0
2815.0
2808.0
2424.0
2089.0
35.0
3021.0
3028.0
3061.0
3022.0
2821.0
2798.0
2751.0
2417.0
2063.0
28.0
3035.0
3028.0
3032.0
3047.0
2832.0
2824.0
2804.0
2440.0
2058.0
29.0
2963.0
3092.0
2944.0
2791.0
2666.0
2844.0
2819.0
2473.0
1033.0
24.0
3162.0
2934.0
3156.0
3155.0
2714.0
2698.0
2660.0
2511.0
2154.0
29.0
3160.0
3162.0
2928.0
2906.0
2892.0
2412.0
2507.0
2316.0
52.0
21.0
3120.0
3035.0
3115.0
3083.0
2843.0
2809.0
2771.0
2406.0
1928.0
24.0
3041.0
3051.0
3041.0
2710.0
2409.0
2358.0
2323.0
2057.0
43.0
19.0
3049.0
3072.0
3059.0
3062.0
2837.0
2810.0
2822.0
2741.0
2063.0
50.0
3040.0
3046.0
3042.0
3034.0
2819.0
2813.0
2781.0
2422.0
2066.0
35.0
3037.0
3048.0
3037.0
3049.0
2827.0
2803.0
2773.0
2416.0
2074.0
34.0
3020.0
3037.0
3039.0
3032.0
2832.0
2807.0
2760.0
2418.0
2071.0
29.0
3055.0
3113.0
3089.0
3092.0
2842.0
2813.0
2808.0
2460.0
2076.0
29.0
3015.0
3023.0
3044.0
2882.0
2766.0
2757.0
2715.0
2380.0
992.0
24.0
3020.0
3044.0
3049.0
3043.0
2812.0
2787.0
2749.0
2420.0
2039.0
28.0
3021.0
3012.0
3006.0
2790.0
2787.0
2462.0
2412.0
2336.0
53.0
20.0
3030.0
3017.0
3039.0
3030.0
2822.0
2801.0
2735.0
2417.0
1925.0
24.0
3036.0
2986.0
2992.0
2636.0
2327.0
2229.0
2160.0
1947.0
35.0
18.0
