3.0
3.0
2.0
3.0
2.0
3.0
2.0
3.0
2.0
3.0
4.0
3.0
3.0
3.0
3.0
3.0
3.0
3.0
3.0
3.0
4.0
5.0
3.0
4.0
4.0
2.0
3.0
3.0
2.0
3.0
6.0
3.0
3.0
3.0
4.0
4.0
2.0
4.0
3.0
2.0
401.0
397.0
397.0
397.0
399.0
399.0
592.0
587.0
587.0
590.0
244.0
223.0
245.0
246.0
245.0
244.0
346.0
344.0
302.0
275.0
203.0
243.0
247.0
244.0
245.0
247.0
204.0
208.0
241.0
244.0
245.0
247.0
247.0
246.0
248.0
223.0
215.0
217.0
283.0
285.0
289.0
288.0
286.0
281.0
265.0
285.0
267.0
268.0
235.0
237.0
225.0
224.0
234.0
236.0
236.0
234.0
228.0
231.0
228.0
232.0
2297.0
2305.0
2288.0
2300.0
2297.0
2298.0
2297.0
2286.0
2267.0
2290.0
2295.0
2285.0
2292.0
2292.0
2293.0
2293.0
2309.0
2302.0
2271.0
2298.0
2402.0
2413.0
2412.0
2411.0
2411.0
2419.0
2412.0
2439.0
2395.0
2420.0
2282.0
2292.0
2284.0
2289.0
2294.0
2299.0
2280.0
2325.0
2322.0
2347.0
2350.0
2347.0
2352.0
2359.0
2346.0
2367.0
2363.0
2303.0
2316.0
2334.0
2391.0
2401.0
2404.0
2399.0
2448.0
2418.0
2418.0
2465.0
2396.0
2426.0
2365.0
2328.0
2379.0
2371.0
2363.0
2346.0
2339.0
2351.0
2331.0
2294.0
2284.0
2280.0
2286.0
2286.0
2296.0
2299.0
2285.0
2300.0
2274.0
2297.0
2365.0
2364.0
2369.0
2363.0
2411.0
2415.0
2412.0
2395.0
2410.0
2420.0
2310.0
2314.0
2339.0
2335.0
2287.0
2277.0
2275.0
2280.0
2278.0
2282.0
2278.0
2271.0
2279.0
2278.0
2277.0
2281.0
2284.0
2257.0
2263.0
2261.0
4.0
3.0
4.0
3.0
4.0
3.0
3.0
3.0
2.0
3.0
5.0
5.0
2.0
4.0
2.0
3.0
2.0
2.0
3.0
3.0
3.0
3.0
2.0
3.0
3.0
4.0
2.0
2.0
3.0
3.0
3.0
2.0
2.0
2.0
2.0
2.0
4.0
2.0
3.0
2.0
2.0
4.0
4.0
2.0
2.0
2.0
2.0
2.0
2.0
3.0
2.0
2.0
4.0
3.0
3.0
3.0
2.0
2.0
2.0
2.0
2.0
2.0
3.0
2.0
2.0
2.0
3.0
3.0
3.0
2.0
3.0
2.0
2.0
2.0
3.0
2.0
4.0
2.0
3.0
2.0
4.0
3.0
3.0
3.0
2.0
2.0
2.0
3.0
2.0
2.0
2.0
3.0
4.0
2.0
3.0
2.0
3.0
2.0
2.0
2.0
3.0
3.0
3.0
5.0
5.0
2.0
3.0
3.0
4.0
4.0
3.0
3.0
3.0
3.0
2.0
2.0
2.0
4.0
4.0
4.0
2.0
2.0
2.0
2.0
2.0
3.0
2.0
2.0
2.0
2.0
2.0
2.0
3.0
3.0
3.0
3.0
3.0
2.0
3.0
2.0
3.0
3.0
2.0
3.0
3.0
4.0
2.0
2.0
2.0
2.0
2.0
3.0
2.0
3.0
2.0
2.0
2.0
2.0
4.0
4.0
3.0
2.0
4.0
2.0
2.0
2.0
2.0
2.0
2.0
3.0
3.0
2.0
2.0
3.0
2.0
2.0
2.0
3.0
3.0
2.0
2.0
2.0
2.0
2.0
3.0
3.0
3.0
2.0
3.0
2.0
2.0
2.0
2.0
2.0
2.0
2.0
2.0
4.0
3.0
2.0
3.0
5.0
3.0
5.0
3.0
3.0
3.0
2.0
4.0
4.0
3.0
3.0
2.0
2.0
2.0
3.0
3.0
4.0
2.0
2.0
3.0
3.0
3.0
2.0
3.0
3.0
2.0
2.0
3.0
2.0
2.0
3.0
2.0
2.0
2.0
2.0
4.0
3.0
2.0
2.0
2.0
3.0
3.0
3.0
3.0
2.0
2.0
2.0
2.0
2.0
3.0
3.0
2.0
2.0
2.0
2.0
4.0
3.0
2.0
2.0
2.0
2.0
3.0
3.0
2.0
2.0
2.0
2.0
3.0
3.0
2.0
2.0
2.0
2.0
2.0
3.0
3.0
3.0
2.0
2.0
2.0
2.0
2.0
3.0
3.0
2.0
2.0
2.0
2.0
2.0
3.0
3.0
2.0
2.0
2.0
4.0
2.0
3.0
2.0
2.0
263.0
272.0
338.0
391.0
456.0
270.0
271.0
340.0
388.0
4.0
454.0
207.0
242.0
241.0
241.0
385.0
321.0
242.0
224.0
3.0
274.0
335.0
209.0
239.0
246.0
246.0
209.0
247.0
245.0
2.0
213.0
248.0
244.0
214.0
243.0
240.0
242.0
217.0
238.0
2.0
221.0
236.0
255.0
271.0
267.0
258.0
267.0
265.0
262.0
2.0
262.0
263.0
260.0
231.0
230.0
229.0
230.0
230.0
229.0
2.0
230.0
229.0
230.0
227.0
229.0
229.0
228.0
228.0
230.0
2.0
228.0
230.0
229.0
227.0
226.0
228.0
229.0
229.0
226.0
2.0
229.0
229.0
229.0
229.0
229.0
225.0
229.0
228.0
230.0
2.0
229.0
230.0
270.0
268.0
269.0
268.0
268.0
270.0
2.0
2.0
270.0
270.0
272.0
270.0
232.0
230.0
229.0
229.0
230.0
3.0
230.0
230.0
228.0
229.0
229.0
228.0
229.0
230.0
228.0
2.0
226.0
230.0
229.0
230.0
228.0
229.0
229.0
229.0
227.0
2.0
228.0
227.0
229.0
230.0
230.0
227.0
229.0
228.0
231.0
2.0
229.0
228.0
225.0
270.0
271.0
267.0
270.0
268.0
267.0
2.0
269.0
270.0
269.0
266.0
228.0
229.0
230.0
229.0
229.0
2.0
229.0
229.0
228.0
228.0
224.0
230.0
229.0
229.0
230.0
2.0
229.0
228.0
230.0
229.0
228.0
228.0
230.0
230.0
230.0
2.0
230.0
341.0
340.0
345.0
340.0
342.0
338.0
345.0
342.0
2.0
343.0
345.0
231.0
230.0
230.0
225.0
230.0
229.0
2.0
2.0
230.0
229.0
231.0
229.0
230.0
227.0
230.0
227.0
228.0
2.0
229.0
230.0
230.0
231.0
229.0
229.0
228.0
228.0
225.0
2.0
229.0
227.0
229.0
228.0
231.0
229.0
229.0
229.0
230.0
2.0
266.0
269.0
271.0
272.0
271.0
271.0
270.0
269.0
270.0
2.0
271.0
227.0
229.0
230.0
229.0
228.0
230.0
230.0
228.0
2.0
229.0
228.0
227.0
229.0
229.0
230.0
228.0
230.0
228.0
2.0
230.0
228.0
229.0
225.0
230.0
229.0
230.0
229.0
231.0
2.0
228.0
230.0
230.0
229.0
227.0
229.0
229.0
268.0
270.0
2.0
268.0
270.0
269.0
269.0
271.0
269.0
269.0
269.0
229.0
2.0
229.0
229.0
227.0
230.0
230.0
229.0
229.0
229.0
2.0
1.0
231.0
229.0
232.0
229.0
230.0
230.0
230.0
229.0
226.0
2.0
230.0
228.0
229.0
230.0
230.0
229.0
230.0
226.0
229.0
2.0
228.0
228.0
228.0
228.0
226.0
228.0
230.0
227.0
268.0
2.0
270.0
268.0
268.0
271.0
270.0
266.0
270.0
270.0
266.0
2.0
228.0
229.0
228.0
228.0
230.0
230.0
226.0
228.0
229.0
2.0
228.0
227.0
229.0
228.0
228.0
228.0
229.0
227.0
229.0
2.0
230.0
228.0
225.0
229.0
226.0
228.0
229.0
227.0
230.0
2.0
228.0
229.0
229.0
228.0
228.0
228.0
226.0
268.0
269.0
2.0
269.0
271.0
270.0
268.0
268.0
271.0
268.0
269.0
230.0
2.0
226.0
229.0
228.0
228.0
227.0
225.0
229.0
228.0
2.0
2.0
227.0
231.0
228.0
228.0
230.0
230.0
229.0
228.0
228.0
2.0
227.0
229.0
231.0
228.0
229.0
229.0
229.0
229.0
230.0
2.0
230.0
227.0
229.0
228.0
268.0
270.0
271.0
272.0
268.0
2.0
267.0
271.0
267.0
268.0
269.0
230.0
231.0
230.0
229.0
2.0
230.0
230.0
230.0
340.0
344.0
344.0
346.0
344.0
348.0
2.0
347.0
346.0
345.0
346.0
228.0
228.0
231.0
227.0
227.0
2.0
230.0
231.0
229.0
227.0
230.0
228.0
228.0
230.0
229.0
2.0
229.0
229.0
229.0
231.0
228.0
231.0
225.0
228.0
230.0
2.0
228.0
228.0
230.0
230.0
228.0
229.0
227.0
229.0
228.0
2.0
228.0
269.0
268.0
268.0
268.0
267.0
269.0
265.0
2.0
2.0
269.0
269.0
270.0
228.0
229.0
230.0
227.0
227.0
230.0
2.0
228.0
229.0
227.0
229.0
226.0
229.0
230.0
228.0
227.0
2.0
229.0
229.0
229.0
227.0
230.0
229.0
228.0
228.0
231.0
2.0
230.0
230.0
233.0
230.0
234.0
231.0
233.0
227.0
273.0
2.0
270.0
274.0
270.0
272.0
271.0
271.0
271.0
267.0
270.0
2.0
226.0
229.0
228.0
228.0
230.0
229.0
228.0
228.0
228.0
2.0
227.0
229.0
230.0
230.0
230.0
229.0
229.0
229.0
228.0
2.0
226.0
228.0
226.0
229.0
228.0
229.0
228.0
231.0
227.0
2.0
229.0
228.0
229.0
227.0
230.0
227.0
231.0
228.0
229.0
2.0
265.0
267.0
268.0
267.0
268.0
268.0
269.0
268.0
2.0
2.0
2300.0
2316.0
2262.0
2292.0
2271.0
2290.0
2266.0
2264.0
2299.0
1111.0
2365.0
2330.0
2350.0
2321.0
2358.0
2324.0
2348.0
2331.0
2326.0
1190.0
2331.0
2328.0
2272.0
2275.0
2276.0
2322.0
2318.0
2321.0
2326.0
1119.0
2348.0
2313.0
2303.0
2344.0
2345.0
2338.0
2309.0
2310.0
2301.0
1120.0
2369.0
2369.0
2381.0
2383.0
2361.0
2361.0
2368.0
2381.0
2369.0
1208.0
2322.0
2307.0
2325.0
2337.0
2341.0
2314.0
2322.0
2314.0
2319.0
1148.0
2275.0
2287.0
2292.0
2274.0
2272.0
2277.0
2276.0
2285.0
2281.0
1113.0
2436.0
2409.0
2428.0
2428.0
2437.0
2428.0
2444.0
2397.0
2448.0
1223.0
2321.0
2324.0
2291.0
2325.0
2335.0
2288.0
2297.0
2283.0
2359.0
1139.0
2274.0
2276.0
2270.0
2275.0
2283.0
2280.0
2286.0
2274.0
1114.0
1114.0
2425.0
2410.0
2415.0
2419.0
2417.0
2420.0
2428.0
2422.0
2427.0
1261.0
2291.0
2292.0
2270.0
2277.0
2275.0
2283.0
2273.0
2269.0
2289.0
1113.0
2274.0
2283.0
2274.0
2289.0
2275.0
2298.0
2279.0
2286.0
2286.0
1114.0
2421.0
2420.0
2415.0
2424.0
2405.0
2417.0
2420.0
2406.0
2422.0
1258.0
2278.0
2298.0
2268.0
2300.0
2296.0
2278.0
2279.0
2275.0
2284.0
1110.0
2284.0
2296.0
2282.0
2283.0
2277.0
2294.0
2284.0
2279.0
2289.0
1109.0
2414.0
2413.0
2415.0
2414.0
2426.0
2418.0
2409.0
2407.0
2407.0
1237.0
2279.0
2278.0
2275.0
2279.0
2283.0
2291.0
2284.0
2287.0
2267.0
1107.0
2272.0
2282.0
2277.0
2287.0
2275.0
2282.0
2288.0
2284.0
2315.0
1111.0
2410.0
2422.0
2413.0
2420.0
2400.0
2416.0
2412.0
2419.0
1166.0
1117.0
2395.0
2375.0
2280.0
2276.0
2286.0
2281.0
2287.0
2292.0
2290.0
1116.0
2294.0
2344.0
2345.0
2306.0
2288.0
2301.0
2302.0
2305.0
2347.0
1135.0
2321.0
2317.0
2288.0
2285.0
2409.0
2416.0
2410.0
2423.0
2411.0
1109.0
2357.0
2368.0
2396.0
2372.0
2368.0
2278.0
2280.0
2279.0
2278.0
1109.0
2282.0
2329.0
2322.0
2308.0
2330.0
2323.0
2281.0
2276.0
2328.0
1108.0
2329.0
2322.0
2265.0
2287.0
2283.0
2288.0
2273.0
2398.0
2411.0
1115.0
2364.0
2371.0
2362.0
2353.0
2363.0
2414.0
2418.0
2419.0
2286.0
1114.0
2291.0
2331.0
2337.0
2338.0
2327.0
2345.0
2290.0
2300.0
2298.0
1114.0
2346.0
2340.0
2291.0
2311.0
2301.0
2291.0
2305.0
2307.0
2435.0
1129.0
2419.0
2358.0
2358.0
2361.0
2405.0
2409.0
2401.0
2407.0
1248.0
1120.0
2288.0
2317.0
2296.0
2314.0
2320.0
2315.0
2294.0
2282.0
2293.0
1125.0
2290.0
2287.0
2286.0
2283.0
2272.0
2272.0
2275.0
2404.0
2405.0
1122.0
2397.0
2396.0
2398.0
2402.0
2409.0
2353.0
2357.0
2389.0
2280.0
1111.0
2272.0
2282.0
2282.0
2286.0
2286.0
2278.0
2314.0
2320.0
2274.0
1115.0
2279.0
2281.0
2282.0
2288.0
2281.0
2296.0
2296.0
2293.0
2305.0
1110.0
2428.0
2416.0
2449.0
2454.0
2407.0
2440.0
2433.0
2431.0
2405.0
1255.0
2277.0
2274.0
2281.0
2274.0
2282.0
2272.0
2280.0
2279.0
2281.0
1114.0
2271.0
2271.0
2275.0
2272.0
2281.0
2274.0
2271.0
2277.0
2286.0
1118.0
2412.0
2394.0
2403.0
2392.0
2406.0
2394.0
2406.0
2398.0
2405.0
1248.0
2289.0
2283.0
2277.0
2278.0
2274.0
2273.0
2270.0
2276.0
1114.0
1114.0
2283.0
2284.0
2321.0
2338.0
2267.0
2277.0
2277.0
2277.0
2274.0
1112.0
2412.0
2416.0
2414.0
2385.0
2390.0
2417.0
2430.0
2419.0
2420.0
1245.0
2293.0
2289.0
2288.0
2275.0
2322.0
2333.0
2281.0
2278.0
2281.0
1107.0
2280.0
2283.0
2283.0
2285.0
2323.0
2276.0
2278.0
2271.0
2279.0
1119.0
2401.0
2406.0
2398.0
2396.0
2407.0
2375.0
2385.0
2416.0
2406.0
1246.0
2297.0
2276.0
2280.0
2289.0
2273.0
2286.0
2320.0
2331.0
2282.0
1122.0
2293.0
2292.0
2289.0
2288.0
2335.0
2323.0
2327.0
2289.0
2287.0
1125.0
2393.0
2394.0
2395.0
2398.0
2387.0
2362.0
2353.0
2357.0
2361.0
1115.0
2403.0
2292.0
2288.0
2288.0
2290.0
2284.0
2286.0
2335.0
2336.0
1151.0
2286.0
2288.0
2286.0
2277.0
2276.0
2326.0
2318.0
2328.0
1115.0
1121.0
2272.0
2286.0
2282.0
2406.0
2393.0
2396.0
2400.0
2345.0
2347.0
1112.0
2359.0
2352.0
2395.0
2397.0
2283.0
2285.0
2283.0
2294.0
2284.0
1109.0
2330.0
2326.0
2332.0
2284.0
2271.0
2278.0
2279.0
2283.0
2325.0
1120.0
2316.0
2278.0
2276.0
2276.0
2279.0
2390.0
2402.0
2404.0
2392.0
1108.0
2343.0
2364.0
2357.0
2399.0
2384.0
2396.0
2284.0
2300.0
2303.0
1114.0
2299.0
2329.0
2335.0
2321.0
2311.0
2317.0
2294.0
2313.0
2322.0
1156.0
2280.0
2314.0
2282.0
2280.0
2277.0
2283.0
2384.0
2381.0
2386.0
1113.0
2388.0
2389.0
2336.0
2341.0
2343.0
2384.0
2398.0
2273.0
2272.0
1116.0
2278.0
2273.0
2287.0
2315.0
2323.0
2317.0
2286.0
2277.0
2286.0
1113.0
2283.0
2281.0
2288.0
2291.0
2276.0
2269.0
2271.0
2382.0
1112.0
1109.0
2386.0
2395.0
2390.0
2392.0
2397.0
2399.0
2338.0
2377.0
2393.0
1117.0
2269.0
2281.0
2279.0
2284.0
2278.0
2276.0
2287.0
2328.0
2285.0
1115.0
2313.0
2306.0
2333.0
2305.0
2301.0
2304.0
2348.0
2348.0
2296.0
1129.0
2390.0
2380.0
2396.0
2399.0
2399.0
2386.0
2395.0
2353.0
2350.0
1214.0
2280.0
2274.0
2282.0
2270.0
2280.0
2278.0
2284.0
2276.0
2286.0
1106.0
2328.0
2268.0
2276.0
2268.0
2276.0
2285.0
2280.0
2282.0
2280.0
1152.0
2357.0
2351.0
2394.0
2394.0
2384.0
2390.0
2385.0
2397.0
2394.0
1239.0
2283.0
2319.0
2329.0
2268.0
2274.0
2283.0
2283.0
2274.0
2276.0
1116.0
2278.0
2272.0
2282.0
2273.0
2285.0
2273.0
2286.0
2295.0
2292.0
1111.0
2435.0
2416.0
2443.0
2397.0
2429.0
2411.0
2406.0
2427.0
1235.0
1235.0
2281.0
2280.0
2300.0
2283.0
2286.0
2331.0
2294.0
2266.0
2275.0
1121.0
2281.0
2278.0
2275.0
2315.0
2319.0
2330.0
2300.0
2295.0
2284.0
1114.0
2402.0
2399.0
2393.0
2391.0
2359.0
2359.0
2364.0
2404.0
2397.0
1231.0
2275.0
2276.0
2270.0
2276.0
2281.0
2273.0
2286.0
2316.0
2282.0
1111.0
2281.0
2267.0
2274.0
2284.0
2274.0
2318.0
2314.0
2325.0
2283.0
1111.0
2403.0
2391.0
2381.0
2407.0
2407.0
2401.0
2375.0
2387.0
2372.0
1123.0
2434.0
2313.0
2312.0
2295.0
2277.0
2291.0
2281.0
2308.0
2334.0
1143.0
2278.0
2282.0
2288.0
2279.0
2282.0
2279.0
2318.0
2322.0
2283.0
1111.0
2277.0
2282.0
2406.0
2418.0
2414.0
2398.0
2404.0
2361.0
2347.0
1112.0
2357.0
2398.0
2395.0
2286.0
2292.0
2294.0
2275.0
2281.0
1122.0
1121.0
2319.0
2324.0
2317.0
2286.0
2284.0
2283.0
2291.0
2286.0
2279.0
1119.0
2321.0
2275.0
2278.0
2282.0
2273.0
2276.0
2402.0
2403.0
2410.0
1112.0
2390.0
2359.0
2378.0
2366.0
2414.0
2429.0
2411.0
2293.0
2307.0
1114.0
2298.0
2296.0
2327.0
2337.0
2315.0
2271.0
2281.0
2279.0
2275.0
1111.0
2279.0
2280.0
2321.0
2274.0
2282.0
2282.0
2389.0
2391.0
2390.0
1108.0
2413.0
2396.0
2397.0
2340.0
2343.0
2403.0
2401.0
2281.0
2289.0
1101.0
2270.0
2282.0
2273.0
2278.0
2281.0
2320.0
2287.0
2274.0
2278.0
1109.0
2277.0
2278.0
2283.0
2317.0
2320.0
2334.0
2277.0
2388.0
2400.0
1122.0
2398.0
2388.0
2404.0
2413.0
2373.0
2366.0
2348.0
2388.0
2291.0
1120.0
2293.0
2310.0
2302.0
2296.0
2288.0
2338.0
2333.0
2353.0
1121.0
1109.0
2315.0
2294.0
2307.0
2335.0
2302.0
2282.0
2285.0
2297.0
2297.0
1121.0
2362.0
2397.0
2407.0
2409.0
2416.0
2398.0
2412.0
2417.0
2369.0
1196.0
2329.0
2324.0
2294.0
2280.0
2285.0
2291.0
2278.0
2278.0
2270.0
1156.0
2288.0
2285.0
2286.0
2283.0
2277.0
2292.0
2275.0
2294.0
2287.0
1121.0
2412.0
2382.0
2381.0
2404.0
2407.0
2422.0
2415.0
2397.0
2413.0
1243.0
2287.0
2301.0
2334.0
2338.0
2279.0
2302.0
2283.0
2286.0
2266.0
1118.0
2330.0
2296.0
2346.0
2297.0
2292.0
2305.0
2311.0
2290.0
2322.0
1145.0
2412.0
2420.0
2413.0
2371.0
2404.0
2433.0
2411.0
2410.0
2423.0
1245.0
2284.0
2286.0
2292.0
2285.0
2335.0
2292.0
2296.0
2276.0
2281.0
1111.0
2286.0
2283.0
2283.0
2333.0
2339.0
2299.0
2294.0
2292.0
1112.0
1123.0
2417.0
2408.0
2418.0
2408.0
2402.0
2366.0
2365.0
2409.0
2426.0
1249.0
2301.0
2281.0
2282.0
2301.0
2283.0
2289.0
2338.0
2322.0
2292.0
1116.0
2289.0
2293.0
2287.0
2279.0
2278.0
2285.0
2323.0
2280.0
2294.0
1118.0
2408.0
2430.0
2424.0
2431.0
2421.0
2434.0
2418.0
2372.0
2383.0
1141.0
2404.0
2301.0
2301.0
2301.0
2279.0
2280.0
2303.0
2278.0
2329.0
1164.0
2301.0
2293.0
2293.0
2295.0
2280.0
2290.0
2286.0
2332.0
2324.0
1131.0
2283.0
2293.0
2283.0
2418.0
2420.0
2400.0
2427.0
2399.0
2363.0
1113.0
2350.0
2394.0
2406.0
2423.0
2291.0
2295.0
2273.0
2297.0
2282.0
1119.0
2325.0
2329.0
2291.0
2291.0
2281.0
2296.0
2275.0
2290.0
2295.0
1115.0
2324.0
2271.0
2257.0
2256.0
2241.0
2224.0
2204.0
2200.0
1123.0
1116.0
