1.0
0.0
0.0
0.0
0.0
1.0
1.0
1.0
1.0
0.0
89.0
88.0
50.0
50.0
50.0
51.0
51.0
51.0
90.0
89.0
51.0
51.0
51.0
50.0
50.0
50.0
90.0
89.0
90.0
89.0
50.0
50.0
50.0
50.0
50.0
51.0
51.0
51.0
51.0
48.0
52.0
51.0
91.0
91.0
90.0
91.0
41.0
50.0
50.0
50.0
50.0
50.0
41.0
50.0
50.0
51.0
50.0
51.0
91.0
59.0
58.0
91.0
43.0
51.0
51.0
51.0
51.0
50.0
41.0
50.0
50.0
50.0
50.0
50.0
50.0
50.0
90.0
90.0
40.0
51.0
51.0
51.0
51.0
50.0
51.0
42.0
51.0
50.0
49.0
41.0
87.0
85.0
50.0
50.0
50.0
50.0
50.0
51.0
41.0
41.0
51.0
50.0
49.0
51.0
50.0
46.0
47.0
50.0
43.0
50.0
46.0
51.0
51.0
51.0
51.0
44.0
50.0
43.0
44.0
50.0
50.0
50.0
50.0
50.0
50.0
44.0
44.0
44.0
50.0
52.0
51.0
44.0
50.0
50.0
51.0
50.0
44.0
43.0
50.0
50.0
45.0
50.0
49.0
49.0
50.0
50.0
46.0
45.0
47.0
49.0
45.0
50.0
49.0
49.0
45.0
45.0
49.0
49.0
45.0
50.0
45.0
46.0
50.0
44.0
50.0
50.0
50.0
49.0
46.0
45.0
49.0
45.0
45.0
51.0
49.0
50.0
49.0
52.0
45.0
45.0
51.0
48.0
48.0
51.0
51.0
51.0
52.0
51.0
50.0
50.0
47.0
47.0
50.0
49.0
50.0
49.0
49.0
47.0
51.0
45.0
45.0
45.0
49.0
49.0
49.0
50.0
44.0
49.0
48.0
42.0
91.0
91.0
51.0
51.0
51.0
51.0
51.0
52.0
91.0
92.0
51.0
51.0
50.0
51.0
51.0
51.0
90.0
91.0
90.0
41.0
51.0
51.0
24.0
23.0
23.0
23.0
24.0
24.0
24.0
24.0
42.0
23.0
23.0
23.0
23.0
23.0
23.0
23.0
23.0
24.0
24.0
23.0
23.0
29.0
29.0
42.0
43.0
23.0
23.0
23.0
50.0
51.0
51.0
41.0
50.0
51.0
50.0
50.0
90.0
89.0
41.0
51.0
50.0
50.0
50.0
51.0
51.0
50.0
43.0
24.0
50.0
50.0
24.0
42.0
42.0
23.0
23.0
24.0
23.0
19.0
23.0
23.0
23.0
23.0
23.0
19.0
24.0
24.0
42.0
42.0
24.0
23.0
23.0
19.0
24.0
24.0
23.0
23.0
23.0
19.0
51.0
51.0
50.0
50.0
50.0
51.0
90.0
90.0
50.0
41.0
51.0
50.0
50.0
50.0
41.0
51.0
50.0
50.0
91.0
19.0
91.0
50.0
24.0
23.0
23.0
25.0
24.0
24.0
25.0
23.0
24.0
23.0
23.0
34.0
23.0
34.0
23.0
23.0
23.0
24.0
23.0
23.0
33.0
23.0
23.0
23.0
23.0
34.0
23.0
23.0
91.0
91.0
50.0
50.0
50.0
50.0
62.0
50.0
51.0
58.0
50.0
51.0
51.0
50.0
50.0
50.0
41.0
41.0
84.0
41.0
50.0
50.0
23.0
23.0
23.0
19.0
24.0
19.0
24.0
23.0
39.0
19.0
23.0
19.0
23.0
19.0
23.0
23.0
23.0
19.0
23.0
23.0
23.0
19.0
23.0
24.0
19.0
24.0
23.0
23.0
51.0
50.0
50.0
41.0
43.0
50.0
50.0
50.0
59.0
50.0
41.0
50.0
50.0
50.0
71.0
51.0
50.0
50.0
50.0
34.0
41.0
51.0
24.0
24.0
29.0
23.0
24.0
24.0
23.0
23.0
24.0
23.0
19.0
24.0
23.0
20.0
23.0
23.0
23.0
23.0
21.0
20.0
23.0
23.0
20.0
23.0
24.0
24.0
23.0
20.0
46.0
51.0
51.0
47.0
51.0
52.0
47.0
51.0
51.0
51.0
46.0
51.0
50.0
44.0
50.0
44.0
63.0
63.0
64.0
23.0
57.0
64.0
33.0
36.0
36.0
34.0
37.0
24.0
24.0
24.0
21.0
24.0
23.0
20.0
20.0
24.0
23.0
20.0
23.0
23.0
24.0
23.0
20.0
23.0
20.0
23.0
20.0
23.0
23.0
23.0
50.0
43.0
50.0
50.0
44.0
44.0
51.0
51.0
51.0
51.0
44.0
57.0
50.0
50.0
66.0
43.0
49.0
49.0
49.0
22.0
44.0
49.0
23.0
20.0
22.0
36.0
22.0
23.0
22.0
20.0
35.0
23.0
23.0
20.0
22.0
20.0
23.0
36.0
23.0
22.0
22.0
23.0
20.0
37.0
23.0
20.0
22.0
23.0
23.0
23.0
49.0
45.0
78.0
45.0
48.0
49.0
49.0
49.0
49.0
78.0
44.0
49.0
44.0
49.0
49.0
49.0
49.0
49.0
81.0
21.0
49.0
46.0
38.0
23.0
21.0
23.0
23.0
23.0
22.0
23.0
21.0
23.0
22.0
38.0
23.0
22.0
21.0
23.0
22.0
20.0
22.0
23.0
23.0
23.0
21.0
38.0
22.0
22.0
37.0
22.0
49.0
49.0
48.0
49.0
46.0
50.0
46.0
49.0
82.0
82.0
49.0
49.0
46.0
49.0
48.0
49.0
46.0
49.0
45.0
22.0
49.0
49.0
23.0
21.0
38.0
22.0
37.0
23.0
22.0
23.0
20.0
23.0
23.0
20.0
22.0
37.0
23.0
20.0
22.0
23.0
36.0
23.0
22.0
20.0
23.0
20.0
23.0
23.0
22.0
22.0
64.0
44.0
49.0
61.0
48.0
44.0
49.0
49.0
49.0
48.0
47.0
49.0
46.0
50.0
49.0
49.0
49.0
46.0
46.0
23.0
49.0
45.0
21.0
23.0
22.0
23.0
23.0
20.0
23.0
21.0
21.0
23.0
23.0
21.0
23.0
20.0
22.0
22.0
21.0
22.0
21.0
22.0
22.0
21.0
24.0
23.0
24.0
24.0
22.0
22.0
50.0
50.0
50.0
46.0
44.0
50.0
49.0
45.0
48.0
45.0
49.0
49.0
45.0
49.0
45.0
45.0
44.0
48.0
49.0
22.0
49.0
50.0
23.0
23.0
22.0
22.0
23.0
21.0
23.0
23.0
21.0
20.0
22.0
21.0
21.0
23.0
22.0
23.0
22.0
21.0
21.0
22.0
23.0
20.0
21.0
23.0
23.0
22.0
22.0
21.0
46.0
49.0
45.0
49.0
45.0
49.0
48.0
49.0
49.0
45.0
47.0
49.0
47.0
51.0
50.0
51.0
51.0
51.0
51.0
22.0
47.0
47.0
22.0
22.0
23.0
23.0
23.0
23.0
22.0
23.0
21.0
21.0
22.0
22.0
22.0
21.0
22.0
22.0
23.0
21.0
21.0
22.0
23.0
23.0
23.0
21.0
22.0
21.0
21.0
22.0
48.0
46.0
47.0
47.0
47.0
46.0
46.0
47.0
46.0
47.0
47.0
47.0
47.0
47.0
46.0
46.0
46.0
47.0
47.0
21.0
48.0
47.0
22.0
22.0
21.0
22.0
21.0
22.0
22.0
21.0
22.0
21.0
22.0
22.0
22.0
22.0
22.0
22.0
21.0
22.0
22.0
21.0
21.0
21.0
21.0
21.0
22.0
22.0
22.0
22.0
48.0
47.0
48.0
48.0
48.0
48.0
47.0
47.0
47.0
47.0
47.0
48.0
46.0
47.0
46.0
47.0
47.0
47.0
47.0
22.0
47.0
46.0
22.0
21.0
21.0
22.0
22.0
22.0
22.0
22.0
22.0
22.0
22.0
21.0
22.0
21.0
22.0
21.0
22.0
21.0
21.0
22.0
21.0
22.0
21.0
21.0
21.0
22.0
22.0
22.0
47.0
47.0
47.0
47.0
47.0
48.0
48.0
47.0
47.0
46.0
48.0
47.0
48.0
47.0
48.0
47.0
47.0
47.0
48.0
23.0
47.0
47.0
22.0
23.0
22.0
22.0
22.0
22.0
21.0
21.0
22.0
21.0
21.0
21.0
22.0
22.0
21.0
22.0
22.0
22.0
22.0
22.0
22.0
22.0
22.0
22.0
22.0
22.0
21.0
21.0
47.0
47.0
47.0
47.0
46.0
48.0
47.0
47.0
47.0
47.0
47.0
46.0
46.0
46.0
46.0
48.0
47.0
47.0
47.0
22.0
47.0
46.0
22.0
22.0
22.0
23.0
22.0
22.0
22.0
22.0
22.0
22.0
21.0
22.0
22.0
21.0
22.0
21.0
21.0
21.0
21.0
22.0
21.0
21.0
22.0
22.0
22.0
21.0
22.0
22.0
47.0
47.0
47.0
48.0
47.0
47.0
47.0
47.0
47.0
46.0
47.0
46.0
46.0
46.0
46.0
48.0
47.0
46.0
47.0
22.0
47.0
47.0
22.0
21.0
22.0
22.0
22.0
22.0
21.0
21.0
22.0
22.0
22.0
22.0
21.0
22.0
22.0
22.0
21.0
21.0
21.0
22.0
21.0
22.0
22.0
22.0
22.0
22.0
22.0
22.0
47.0
46.0
47.0
47.0
47.0
47.0
46.0
47.0
46.0
46.0
47.0
47.0
47.0
47.0
47.0
48.0
47.0
48.0
49.0
22.0
50.0
50.0
24.0
25.0
24.0
24.0
25.0
25.0
24.0
22.0
22.0
22.0
22.0
22.0
21.0
22.0
21.0
22.0
21.0
22.0
22.0
22.0
22.0
22.0
22.0
22.0
21.0
21.0
22.0
22.0
47.0
47.0
47.0
47.0
46.0
48.0
48.0
46.0
46.0
46.0
47.0
47.0
47.0
47.0
47.0
47.0
47.0
47.0
47.0
22.0
46.0
47.0
22.0
22.0
22.0
21.0
22.0
21.0
21.0
21.0
22.0
22.0
22.0
22.0
23.0
23.0
22.0
23.0
23.0
21.0
21.0
21.0
21.0
22.0
22.0
22.0
22.0
21.0
21.0
22.0
48.0
47.0
47.0
47.0
47.0
47.0
47.0
47.0
48.0
47.0
47.0
48.0
47.0
47.0
47.0
48.0
47.0
47.0
47.0
22.0
47.0
47.0
22.0
21.0
22.0
22.0
21.0
22.0
22.0
22.0
22.0
22.0
21.0
22.0
22.0
21.0
21.0
21.0
22.0
21.0
22.0
22.0
22.0
22.0
22.0
22.0
21.0
22.0
22.0
21.0
49.0
49.0
48.0
48.0
47.0
50.0
47.0
47.0
47.0
48.0
48.0
47.0
23.0
21.0
23.0
47.0
48.0
21.0
22.0
23.0
48.0
22.0
22.0
22.0
23.0
22.0
22.0
22.0
21.0
23.0
21.0
22.0
23.0
23.0
22.0
22.0
22.0
22.0
21.0
22.0
21.0
21.0
22.0
21.0
22.0
23.0
21.0
22.0
23.0
22.0
47.0
47.0
47.0
50.0
47.0
47.0
49.0
46.0
48.0
49.0
47.0
47.0
22.0
22.0
23.0
66.0
67.0
22.0
22.0
22.0
68.0
22.0
21.0
42.0
42.0
43.0
41.0
41.0
41.0
41.0
22.0
23.0
22.0
22.0
22.0
22.0
22.0
22.0
23.0
23.0
21.0
22.0
22.0
21.0
21.0
24.0
21.0
22.0
22.0
22.0
47.0
47.0
47.0
47.0
47.0
47.0
50.0
48.0
47.0
46.0
47.0
47.0
23.0
21.0
21.0
47.0
47.0
22.0
22.0
21.0
47.0
23.0
22.0
22.0
21.0
23.0
22.0
23.0
22.0
22.0
22.0
23.0
21.0
23.0
21.0
21.0
22.0
22.0
22.0
23.0
22.0
22.0
23.0
22.0
23.0
22.0
22.0
22.0
21.0
22.0
46.0
48.0
46.0
49.0
48.0
47.0
47.0
46.0
47.0
46.0
47.0
47.0
21.0
21.0
22.0
46.0
47.0
21.0
22.0
22.0
47.0
22.0
22.0
22.0
22.0
22.0
22.0
22.0
21.0
21.0
22.0
21.0
22.0
21.0
21.0
21.0
22.0
22.0
22.0
22.0
22.0
22.0
21.0
22.0
22.0
22.0
21.0
22.0
22.0
22.0
47.0
47.0
47.0
46.0
46.0
47.0
47.0
47.0
47.0
47.0
46.0
47.0
21.0
22.0
22.0
47.0
46.0
21.0
22.0
21.0
47.0
22.0
21.0
22.0
22.0
22.0
22.0
22.0
22.0
22.0
21.0
21.0
22.0
22.0
21.0
21.0
22.0
21.0
21.0
21.0
21.0
21.0
21.0
22.0
22.0
22.0
22.0
22.0
22.0
22.0
47.0
47.0
47.0
47.0
46.0
47.0
47.0
46.0
46.0
47.0
47.0
47.0
22.0
22.0
22.0
47.0
47.0
21.0
22.0
22.0
47.0
22.0
22.0
22.0
21.0
22.0
22.0
21.0
22.0
22.0
22.0
22.0
21.0
22.0
22.0
22.0
22.0
21.0
22.0
22.0
21.0
22.0
22.0
21.0
22.0
22.0
22.0
21.0
22.0
22.0
47.0
47.0
47.0
47.0
47.0
47.0
48.0
47.0
46.0
46.0
47.0
46.0
22.0
22.0
21.0
46.0
47.0
22.0
21.0
22.0
46.0
22.0
22.0
21.0
22.0
22.0
21.0
22.0
21.0
21.0
22.0
21.0
21.0
22.0
21.0
22.0
21.0
21.0
22.0
22.0
22.0
22.0
21.0
21.0
22.0
22.0
22.0
22.0
22.0
21.0
47.0
47.0
47.0
47.0
46.0
47.0
47.0
47.0
46.0
47.0
47.0
47.0
22.0
22.0
21.0
46.0
46.0
22.0
22.0
21.0
47.0
21.0
21.0
21.0
21.0
22.0
22.0
22.0
22.0
21.0
22.0
22.0
22.0
22.0
23.0
23.0
23.0
22.0
22.0
21.0
23.0
22.0
23.0
22.0
22.0
22.0
22.0
22.0
21.0
21.0
47.0
46.0
46.0
47.0
46.0
46.0
46.0
47.0
47.0
47.0
49.0
49.0
22.0
21.0
22.0
50.0
50.0
23.0
23.0
24.0
49.0
23.0
24.0
22.0
23.0
23.0
23.0
22.0
22.0
22.0
21.0
22.0
21.0
22.0
22.0
21.0
21.0
22.0
21.0
22.0
22.0
21.0
22.0
21.0
21.0
22.0
22.0
21.0
22.0
21.0
47.0
47.0
47.0
47.0
47.0
47.0
47.0
47.0
47.0
47.0
47.0
47.0
22.0
21.0
21.0
47.0
47.0
22.0
21.0
22.0
46.0
22.0
22.0
21.0
22.0
22.0
22.0
22.0
22.0
21.0
22.0
22.0
21.0
21.0
22.0
21.0
23.0
23.0
23.0
22.0
22.0
22.0
23.0
22.0
22.0
22.0
22.0
22.0
24.0
21.0
46.0
47.0
49.0
47.0
46.0
47.0
49.0
46.0
50.0
50.0
48.0
47.0
22.0
22.0
23.0
49.0
47.0
22.0
25.0
24.0
48.0
23.0
24.0
24.0
23.0
22.0
23.0
21.0
22.0
22.0
22.0
22.0
24.0
22.0
21.0
22.0
25.0
22.0
21.0
23.0
21.0
22.0
23.0
21.0
23.0
22.0
21.0
22.0
23.0
23.0
47.0
47.0
47.0
50.0
47.0
51.0
47.0
47.0
49.0
51.0
47.0
47.0
21.0
22.0
22.0
51.0
48.0
23.0
23.0
22.0
47.0
22.0
22.0
25.0
23.0
22.0
22.0
21.0
21.0
22.0
22.0
23.0
22.0
23.0
24.0
22.0
22.0
21.0
21.0
22.0
22.0
22.0
23.0
24.0
22.0
21.0
22.0
22.0
21.0
22.0
47.0
49.0
49.0
49.0
54.0
47.0
46.0
46.0
47.0
46.0
48.0
50.0
23.0
23.0
21.0
47.0
50.0
22.0
22.0
22.0
49.0
23.0
23.0
22.0
22.0
22.0
22.0
24.0
21.0
23.0
22.0
22.0
22.0
22.0
23.0
23.0
22.0
22.0
23.0
22.0
22.0
22.0
22.0
22.0
23.0
21.0
22.0
23.0
22.0
21.0
46.0
47.0
46.0
46.0
47.0
47.0
46.0
49.0
48.0
47.0
46.0
47.0
22.0
23.0
24.0
48.0
47.0
22.0
23.0
21.0
50.0
24.0
23.0
23.0
23.0
23.0
22.0
22.0
22.0
24.0
22.0
22.0
22.0
22.0
22.0
22.0
21.0
22.0
21.0
24.0
22.0
22.0
22.0
23.0
21.0
22.0
22.0
21.0
23.0
23.0
47.0
47.0
47.0
50.0
46.0
47.0
48.0
51.0
49.0
49.0
53.0
54.0
23.0
26.0
24.0
58.0
55.0
27.0
25.0
25.0
52.0
27.0
26.0
25.0
26.0
26.0
24.0
23.0
24.0
27.0
23.0
23.0
25.0
24.0
22.0
24.0
22.0
23.0
22.0
23.0
24.0
25.0
24.0
24.0
23.0
24.0
22.0
22.0
22.0
22.0
55.0
52.0
52.0
54.0
48.0
54.0
48.0
48.0
49.0
48.0
55.0
53.0
25.0
24.0
22.0
48.0
47.0
21.0
22.0
25.0
48.0
25.0
25.0
21.0
22.0
24.0
24.0
26.0
23.0
26.0
27.0
22.0
22.0
23.0
25.0
22.0
26.0
22.0
22.0
22.0
25.0
22.0
25.0
24.0
25.0
23.0
22.0
22.0
22.0
23.0
47.0
53.0
51.0
52.0
52.0
47.0
48.0
48.0
47.0
53.0
49.0
53.0
23.0
24.0
24.0
48.0
48.0
23.0
22.0
25.0
53.0
24.0
24.0
21.0
21.0
22.0
25.0
25.0
23.0
23.0
22.0
22.0
22.0
22.0
21.0
23.0
24.0
24.0
23.0
22.0
22.0
24.0
22.0
22.0
22.0
24.0
23.0
23.0
24.0
22.0
48.0
49.0
52.0
47.0
47.0
51.0
52.0
50.0
47.0
50.0
47.0
48.0
22.0
22.0
23.0
49.0
47.0
22.0
23.0
22.0
51.0
22.0
22.0
21.0
21.0
22.0
22.0
21.0
21.0
22.0
22.0
22.0
23.0
22.0
22.0
22.0
21.0
22.0
22.0
22.0
22.0
22.0
22.0
21.0
21.0
21.0
22.0
22.0
21.0
21.0
47.0
47.0
46.0
46.0
47.0
47.0
47.0
47.0
46.0
46.0
47.0
47.0
22.0
21.0
21.0
47.0
48.0
21.0
22.0
22.0
47.0
22.0
22.0
22.0
21.0
22.0
22.0
22.0
22.0
22.0
22.0
21.0
21.0
22.0
21.0
21.0
22.0
21.0
21.0
21.0
22.0
22.0
21.0
22.0
22.0
22.0
21.0
22.0
21.0
21.0
47.0
47.0
47.0
46.0
47.0
47.0
49.0
47.0
48.0
48.0
65.0
64.0
23.0
22.0
23.0
65.0
64.0
21.0
39.0
39.0
64.0
39.0
39.0
39.0
21.0
22.0
21.0
21.0
21.0
21.0
22.0
22.0
23.0
22.0
24.0
22.0
22.0
23.0
23.0
23.0
22.0
22.0
22.0
22.0
22.0
22.0
21.0
22.0
22.0
22.0
