2.0
1.0
1.0
2.0
1.0
1.0
2.0
1.0
1.0
1.0
1.0
1.0
1.0
1.0
2.0
235.0
248.0
245.0
249.0
495.0
243.0
361.0
495.0
244.0
360.0
249.0
295.0
297.0
294.0
296.0
1.0
1.0
1.0
1.0
1.0
300.0
251.0
298.0
218.0
309.0
283.0
242.0
242.0
241.0
241.0
244.0
201.0
297.0
289.0
300.0
1.0
1.0
1.0
1.0
1.0
299.0
298.0
298.0
296.0
298.0
274.0
270.0
234.0
222.0
229.0
227.0
225.0
227.0
224.0
228.0
2.0
1.0
1.0
1.0
1.0
229.0
230.0
279.0
279.0
278.0
281.0
282.0
282.0
278.0
281.0
278.0
278.0
228.0
226.0
224.0
1.0
1.0
2.0
1.0
1.0
224.0
226.0
228.0
225.0
225.0
271.0
272.0
274.0
274.0
276.0
275.0
278.0
278.0
276.0
273.0
1.0
1.0
1.0
1.0
1.0
227.0
224.0
225.0
224.0
277.0
277.0
279.0
281.0
279.0
280.0
280.0
275.0
276.0
276.0
224.0
1.0
1.0
1.0
1.0
1.0
224.0
224.0
224.0
225.0
225.0
225.0
225.0
224.0
226.0
276.0
276.0
278.0
277.0
278.0
275.0
1.0
1.0
1.0
1.0
1.0
276.0
278.0
274.0
274.0
228.0
228.0
227.0
229.0
225.0
229.0
224.0
229.0
275.0
273.0
277.0
1.0
1.0
1.0
1.0
1.0
280.0
279.0
276.0
281.0
276.0
282.0
280.0
228.0
228.0
230.0
229.0
227.0
229.0
225.0
229.0
1.0
1.0
1.0
1.0
1.0
228.0
227.0
281.0
277.0
275.0
274.0
276.0
276.0
274.0
274.0
274.0
276.0
216.0
212.0
198.0
1.0
1.0
1.0
1.0
1.0
1.0
1.0
1.0
1.0
1.0
1.0
1.0
1.0
1.0
2.0
1.0
1.0
1.0
1.0
1.0
1.0
1.0
2.0
1.0
1.0
1.0
1.0
1.0
1.0
1.0
1.0
1.0
1.0
1.0
1.0
1.0
1.0
2.0
2.0
2.0
2.0
1.0
2.0
1.0
1.0
1.0
1.0
1.0
1.0
1.0
294.0
423.0
421.0
544.0
294.0
368.0
298.0
294.0
543.0
389.0
293.0
306.0
301.0
298.0
248.0
297.0
294.0
253.0
262.0
262.0
253.0
249.0
249.0
296.0
213.0
260.0
294.0
287.0
285.0
303.0
280.0
287.0
285.0
285.0
246.0
213.0
290.0
291.0
290.0
265.0
264.0
292.0
291.0
291.0
290.0
266.0
239.0
321.0
307.0
267.0
289.0
268.0
289.0
289.0
285.0
287.0
289.0
222.0
223.0
233.0
225.0
222.0
281.0
281.0
283.0
283.0
280.0
283.0
278.0
283.0
280.0
280.0
225.0
226.0
229.0
228.0
280.0
280.0
279.0
280.0
281.0
280.0
275.0
278.0
280.0
277.0
229.0
226.0
280.0
282.0
281.0
284.0
282.0
282.0
284.0
279.0
283.0
282.0
226.0
225.0
225.0
225.0
225.0
277.0
277.0
273.0
281.0
279.0
282.0
281.0
283.0
278.0
282.0
227.0
226.0
225.0
284.0
288.0
289.0
290.0
289.0
290.0
289.0
289.0
286.0
292.0
228.0
226.0
287.0
287.0
287.0
289.0
292.0
286.0
285.0
291.0
289.0
285.0
229.0
224.0
229.0
224.0
287.0
224.0
288.0
288.0
289.0
285.0
286.0
284.0
1.0
1.0
1.0
1.0
1.0
1.0
0.0
1.0
1.0
1.0
1.0
1.0
1.0
1.0
1.0
0.0
1.0
1.0
1.0
1.0
1.0
1.0
1.0
1.0
0.0
1.0
1.0
1.0
1.0
1.0
1.0
1.0
1.0
1.0
1.0
0.0
1.0
1.0
1.0
1.0
1.0
1.0
0.0
1.0
1.0
1.0
1.0
1.0
1.0
1.0
286.0
285.0
285.0
230.0
230.0
230.0
283.0
282.0
289.0
279.0
279.0
281.0
280.0
282.0
282.0
283.0
230.0
228.0
283.0
280.0
279.0
280.0
280.0
280.0
279.0
281.0
281.0
278.0
224.0
224.0
225.0
224.0
224.0
282.0
283.0
283.0
285.0
286.0
287.0
283.0
283.0
284.0
283.0
224.0
232.0
229.0
285.0
284.0
292.0
291.0
290.0
292.0
296.0
295.0
294.0
294.0
238.0
241.0
292.0
289.0
287.0
288.0
288.0
288.0
286.0
284.0
285.0
283.0
229.0
224.0
225.0
231.0
226.0
229.0
229.0
281.0
284.0
283.0
281.0
280.0
278.0
284.0
281.0
282.0
283.0
229.0
280.0
284.0
286.0
281.0
281.0
284.0
282.0
285.0
286.0
287.0
225.0
226.0
225.0
277.0
281.0
280.0
280.0
280.0
282.0
282.0
281.0
281.0
283.0
228.0
225.0
227.0
225.0
225.0
226.0
225.0
283.0
285.0
286.0
286.0
281.0
283.0
287.0
296.0
285.0
288.0
225.0
283.0
285.0
288.0
282.0
286.0
285.0
286.0
286.0
286.0
284.0
226.0
225.0
225.0
225.0
273.0
278.0
281.0
281.0
285.0
278.0
281.0
283.0
282.0
1.0
1.0
2.0
1.0
1.0
1.0
1.0
1.0
1.0
0.0
1.0
1.0
1.0
1.0
1.0
1.0
1.0
54.0
1.0
1.0
1.0
1.0
1.0
1.0
0.0
1.0
1.0
1.0
1.0
1.0
1.0
1.0
1.0
1.0
1.0
1.0
1.0
1.0
1.0
1.0
0.0
1.0
1.0
1.0
0.0
1.0
1.0
0.0
1.0
1.0
226.0
225.0
229.0
229.0
231.0
227.0
281.0
287.0
287.0
284.0
287.0
284.0
286.0
286.0
288.0
288.0
227.0
228.0
287.0
282.0
286.0
284.0
283.0
285.0
284.0
286.0
286.0
282.0
225.0
224.0
226.0
224.0
225.0
282.0
283.0
282.0
286.0
287.0
288.0
287.0
288.0
287.0
286.0
229.0
229.0
228.0
278.0
283.0
287.0
285.0
282.0
282.0
282.0
285.0
286.0
286.0
226.0
229.0
286.0
286.0
283.0
285.0
286.0
287.0
286.0
288.0
282.0
289.0
229.0
229.0
229.0
228.0
228.0
229.0
230.0
279.0
284.0
284.0
282.0
285.0
283.0
282.0
279.0
280.0
281.0
228.0
226.0
282.0
283.0
285.0
284.0
282.0
282.0
285.0
285.0
285.0
287.0
227.0
226.0
227.0
280.0
279.0
279.0
279.0
286.0
285.0
282.0
282.0
282.0
285.0
227.0
226.0
226.0
226.0
226.0
226.0
283.0
287.0
287.0
288.0
286.0
286.0
285.0
287.0
284.0
290.0
226.0
231.0
291.0
324.0
320.0
318.0
320.0
322.0
321.0
324.0
324.0
311.0
230.0
229.0
227.0
229.0
227.0
283.0
283.0
288.0
286.0
287.0
288.0
288.0
1.0
1.0
1.0
1.0
1.0
1.0
0.0
1.0
1.0
1.0
1.0
1.0
1.0
0.0
1.0
1.0
1.0
1.0
1.0
1.0
0.0
1.0
1.0
1.0
1.0
1.0
1.0
1.0
59.0
1.0
1.0
1.0
58.0
58.0
1.0
1.0
1.0
0.0
1.0
1.0
1.0
0.0
1.0
1.0
1.0
1.0
1.0
1.0
1.0
1.0
227.0
224.0
227.0
227.0
230.0
229.0
282.0
282.0
285.0
290.0
291.0
293.0
289.0
291.0
291.0
299.0
240.0
236.0
236.0
230.0
227.0
228.0
227.0
225.0
226.0
277.0
278.0
283.0
282.0
284.0
283.0
283.0
283.0
285.0
280.0
228.0
229.0
230.0
230.0
227.0
224.0
228.0
227.0
229.0
225.0
280.0
280.0
279.0
280.0
282.0
277.0
278.0
279.0
281.0
278.0
229.0
227.0
234.0
227.0
229.0
225.0
227.0
229.0
279.0
278.0
285.0
284.0
282.0
282.0
279.0
281.0
280.0
283.0
230.0
229.0
229.0
229.0
228.0
228.0
224.0
275.0
276.0
279.0
278.0
277.0
283.0
284.0
279.0
280.0
277.0
226.0
225.0
225.0
228.0
225.0
228.0
226.0
226.0
229.0
279.0
276.0
278.0
279.0
281.0
283.0
283.0
285.0
283.0
283.0
226.0
229.0
228.0
226.0
227.0
228.0
228.0
227.0
225.0
276.0
281.0
279.0
278.0
279.0
278.0
281.0
284.0
279.0
284.0
236.0
239.0
232.0
236.0
232.0
240.0
238.0
243.0
241.0
279.0
274.0
280.0
287.0
280.0
280.0
285.0
287.0
288.0
285.0
240.0
237.0
237.0
0.0
0.0
1.0
1.0
1.0
1.0
1.0
1.0
0.0
1.0
0.0
1.0
1.0
1.0
1.0
1.0
1.0
1.0
1.0
1.0
1.0
1.0
1.0
1.0
1.0
1.0
1.0
0.0
1.0
1.0
1.0
1.0
1.0
1.0
1.0
1.0
1.0
1.0
1.0
1.0
1.0
1.0
1.0
1.0
1.0
1.0
0.0
1.0
1.0
0.0
237.0
235.0
237.0
234.0
239.0
237.0
285.0
291.0
287.0
284.0
289.0
285.0
283.0
285.0
290.0
284.0
229.0
231.0
229.0
226.0
229.0
227.0
225.0
225.0
229.0
283.0
280.0
282.0
280.0
277.0
280.0
283.0
278.0
280.0
282.0
227.0
225.0
227.0
228.0
225.0
225.0
229.0
227.0
224.0
225.0
274.0
278.0
302.0
296.0
297.0
297.0
302.0
302.0
301.0
299.0
227.0
224.0
226.0
224.0
224.0
226.0
226.0
229.0
228.0
274.0
275.0
277.0
279.0
278.0
278.0
279.0
279.0
282.0
279.0
226.0
225.0
229.0
227.0
225.0
225.0
229.0
279.0
276.0
275.0
278.0
277.0
283.0
283.0
279.0
279.0
279.0
227.0
229.0
228.0
225.0
224.0
227.0
231.0
229.0
224.0
280.0
281.0
281.0
278.0
281.0
279.0
280.0
276.0
278.0
280.0
225.0
224.0
225.0
224.0
224.0
226.0
224.0
224.0
225.0
274.0
278.0
276.0
276.0
278.0
279.0
275.0
279.0
276.0
279.0
225.0
227.0
229.0
228.0
228.0
225.0
226.0
226.0
279.0
275.0
275.0
279.0
277.0
277.0
280.0
277.0
277.0
280.0
227.0
227.0
225.0
1.0
1.0
1.0
1.0
0.0
0.0
1.0
1.0
1.0
1.0
1.0
1.0
1.0
1.0
1.0
1.0
1.0
1.0
0.0
1.0
1.0
1.0
0.0
0.0
1.0
1.0
1.0
1.0
1.0
1.0
1.0
1.0
1.0
1.0
1.0
1.0
1.0
1.0
1.0
1.0
1.0
1.0
1.0
1.0
1.0
1.0
1.0
1.0
1.0
0.0
227.0
226.0
229.0
228.0
224.0
225.0
228.0
274.0
281.0
280.0
282.0
279.0
279.0
283.0
282.0
278.0
283.0
230.0
228.0
227.0
230.0
229.0
226.0
227.0
226.0
225.0
277.0
277.0
279.0
276.0
278.0
278.0
277.0
278.0
275.0
275.0
225.0
226.0
224.0
224.0
225.0
224.0
226.0
225.0
225.0
228.0
274.0
277.0
276.0
273.0
279.0
276.0
274.0
273.0
279.0
273.0
226.0
227.0
229.0
224.0
224.0
224.0
224.0
228.0
281.0
277.0
284.0
282.0
285.0
280.0
280.0
280.0
282.0
281.0
226.0
225.0
225.0
225.0
225.0
225.0
275.0
295.0
272.0
281.0
276.0
280.0
277.0
281.0
278.0
277.0
226.0
229.0
228.0
231.0
226.0
229.0
225.0
226.0
229.0
224.0
277.0
283.0
281.0
278.0
276.0
279.0
277.0
279.0
280.0
277.0
224.0
225.0
228.0
226.0
228.0
229.0
225.0
227.0
274.0
272.0
273.0
273.0
274.0
274.0
273.0
276.0
273.0
272.0
225.0
226.0
225.0
224.0
225.0
224.0
224.0
225.0
225.0
281.0
278.0
283.0
282.0
285.0
281.0
284.0
285.0
285.0
284.0
226.0
224.0
229.0
0.0
1.0
1.0
1.0
1.0
1.0
1.0
1.0
0.0
1.0
1.0
1.0
1.0
1.0
1.0
1.0
1.0
1.0
0.0
1.0
1.0
1.0
1.0
1.0
1.0
1.0
1.0
0.0
1.0
1.0
1.0
1.0
1.0
1.0
1.0
1.0
1.0
1.0
0.0
1.0
1.0
1.0
1.0
1.0
1.0
1.0
1.0
1.0
1.0
0.0
225.0
224.0
225.0
230.0
227.0
227.0
224.0
279.0
277.0
279.0
278.0
278.0
276.0
282.0
289.0
279.0
279.0
228.0
225.0
227.0
225.0
225.0
224.0
229.0
230.0
227.0
270.0
277.0
273.0
279.0
276.0
274.0
279.0
281.0
278.0
278.0
228.0
225.0
227.0
227.0
225.0
226.0
224.0
278.0
283.0
282.0
278.0
278.0
281.0
286.0
279.0
280.0
281.0
229.0
231.0
230.0
227.0
225.0
231.0
228.0
280.0
280.0
278.0
282.0
282.0
287.0
281.0
275.0
281.0
281.0
226.0
229.0
226.0
229.0
228.0
232.0
227.0
225.0
228.0
228.0
276.0
274.0
278.0
281.0
277.0
277.0
278.0
274.0
278.0
279.0
225.0
225.0
224.0
230.0
228.0
228.0
228.0
224.0
280.0
284.0
280.0
280.0
281.0
285.0
283.0
284.0
284.0
282.0
228.0
226.0
225.0
224.0
224.0
229.0
229.0
229.0
231.0
274.0
281.0
284.0
277.0
277.0
279.0
280.0
280.0
278.0
280.0
225.0
226.0
225.0
226.0
226.0
225.0
226.0
225.0
227.0
226.0
280.0
282.0
285.0
280.0
280.0
284.0
284.0
284.0
281.0
284.0
224.0
228.0
229.0
1.0
1.0
1.0
1.0
1.0
1.0
1.0
1.0
1.0
1.0
1.0
1.0
0.0
0.0
1.0
1.0
1.0
1.0
1.0
1.0
1.0
1.0
1.0
1.0
1.0
1.0
1.0
1.0
0.0
1.0
1.0
0.0
1.0
1.0
1.0
1.0
1.0
0.0
1.0
1.0
1.0
1.0
1.0
1.0
1.0
1.0
1.0
1.0
1.0
1.0
225.0
224.0
225.0
275.0
281.0
281.0
281.0
278.0
279.0
281.0
279.0
279.0
276.0
230.0
231.0
230.0
228.0
226.0
229.0
230.0
281.0
288.0
276.0
279.0
281.0
280.0
290.0
277.0
280.0
281.0
225.0
228.0
237.0
229.0
230.0
228.0
236.0
226.0
229.0
226.0
278.0
280.0
284.0
280.0
283.0
281.0
282.0
278.0
280.0
283.0
226.0
225.0
225.0
226.0
225.0
225.0
225.0
224.0
225.0
275.0
275.0
277.0
278.0
278.0
281.0
279.0
286.0
276.0
281.0
230.0
226.0
228.0
226.0
231.0
231.0
230.0
225.0
231.0
276.0
282.0
277.0
276.0
278.0
279.0
276.0
281.0
276.0
281.0
228.0
227.0
226.0
225.0
225.0
230.0
224.0
227.0
225.0
276.0
278.0
281.0
278.0
275.0
278.0
278.0
279.0
279.0
276.0
228.0
225.0
228.0
225.0
225.0
226.0
285.0
284.0
287.0
280.0
287.0
337.0
293.0
318.0
292.0
344.0
257.0
233.0
239.0
239.0
239.0
264.0
241.0
314.0
233.0
283.0
293.0
286.0
293.0
291.0
290.0
284.0
284.0
282.0
226.0
225.0
224.0
233.0
225.0
225.0
224.0
226.0
284.0
1.0
1.0
1.0
1.0
1.0
0.0
1.0
1.0
0.0
1.0
1.0
1.0
1.0
1.0
1.0
1.0
1.0
1.0
1.0
1.0
1.0
0.0
1.0
0.0
0.0
1.0
1.0
1.0
1.0
1.0
1.0
1.0
1.0
1.0
1.0
1.0
1.0
1.0
1.0
0.0
0.0
1.0
1.0
1.0
1.0
1.0
1.0
1.0
1.0
1.0
290.0
286.0
288.0
289.0
287.0
292.0
291.0
292.0
292.0
230.0
227.0
226.0
231.0
226.0
225.0
227.0
233.0
230.0
289.0
285.0
282.0
286.0
286.0
285.0
282.0
287.0
287.0
287.0
226.0
227.0
225.0
229.0
229.0
225.0
229.0
225.0
227.0
232.0
289.0
285.0
284.0
287.0
289.0
284.0
286.0
287.0
288.0
289.0
227.0
228.0
225.0
227.0
231.0
225.0
228.0
227.0
226.0
286.0
290.0
287.0
283.0
285.0
289.0
284.0
288.0
290.0
291.0
228.0
227.0
224.0
225.0
229.0
225.0
283.0
278.0
282.0
286.0
287.0
284.0
283.0
283.0
284.0
281.0
225.0
224.0
226.0
228.0
227.0
228.0
225.0
281.0
282.0
287.0
286.0
285.0
289.0
293.0
288.0
288.0
290.0
225.0
232.0
227.0
231.0
225.0
231.0
230.0
229.0
275.0
281.0
277.0
279.0
281.0
281.0
281.0
280.0
284.0
282.0
226.0
229.0
225.0
224.0
228.0
224.0
230.0
224.0
229.0
228.0
278.0
281.0
276.0
276.0
276.0
280.0
276.0
277.0
277.0
276.0
225.0
225.0
226.0
225.0
225.0
225.0
224.0
225.0
226.0
274.0
278.0
279.0
1.0
1.0
0.0
1.0
1.0
1.0
1.0
1.0
1.0
1.0
0.0
0.0
1.0
1.0
1.0
1.0
1.0
1.0
1.0
0.0
1.0
1.0
1.0
1.0
1.0
1.0
1.0
0.0
1.0
1.0
1.0
1.0
1.0
1.0
1.0
1.0
1.0
0.0
1.0
1.0
0.0
1.0
1.0
1.0
1.0
1.0
1.0
1.0
1.0
1.0
275.0
275.0
278.0
278.0
279.0
280.0
278.0
232.0
228.0
226.0
224.0
224.0
224.0
226.0
224.0
282.0
282.0
285.0
284.0
285.0
279.0
279.0
282.0
284.0
284.0
228.0
228.0
226.0
226.0
228.0
279.0
278.0
277.0
280.0
282.0
282.0
284.0
283.0
280.0
286.0
227.0
225.0
228.0
228.0
231.0
227.0
230.0
229.0
230.0
280.0
285.0
281.0
288.0
291.0
286.0
293.0
290.0
291.0
286.0
232.0
226.0
225.0
224.0
226.0
225.0
227.0
226.0
226.0
275.0
281.0
278.0
277.0
280.0
281.0
279.0
282.0
283.0
282.0
229.0
226.0
226.0
225.0
230.0
227.0
225.0
228.0
230.0
283.0
284.0
282.0
280.0
281.0
285.0
284.0
287.0
283.0
289.0
230.0
230.0
226.0
226.0
227.0
229.0
228.0
228.0
278.0
283.0
282.0
282.0
280.0
278.0
279.0
282.0
282.0
282.0
227.0
231.0
227.0
230.0
224.0
224.0
225.0
279.0
281.0
284.0
286.0
286.0
285.0
283.0
281.0
280.0
281.0
225.0
226.0
227.0
227.0
230.0
227.0
229.0
226.0
274.0
278.0
275.0
275.0
282.0
278.0
274.0
273.0
257.0
264.0
