53.0
37.0
25.0
26.0
22.0
33.0
23.0
20.0
25.0
24.0
317.0
819.0
721.0
720.0
724.0
725.0
725.0
721.0
806.0
902.0
608.0
615.0
660.0
645.0
657.0
658.0
659.0
651.0
653.0
627.0
174.0
478.0
651.0
652.0
639.0
639.0
638.0
640.0
653.0
647.0
665.0
662.0
626.0
634.0
617.0
615.0
614.0
614.0
622.0
613.0
180.0
482.0
614.0
642.0
635.0
636.0
634.0
635.0
639.0
639.0
634.0
637.0
632.0
592.0
591.0
591.0
590.0
591.0
592.0
594.0
170.0
463.0
589.0
596.0
597.0
597.0
633.0
633.0
632.0
631.0
635.0
638.0
633.0
631.0
635.0
630.0
589.0
591.0
590.0
592.0
164.0
399.0
526.0
524.0
525.0
531.0
531.0
530.0
527.0
529.0
528.0
529.0
532.0
566.0
570.0
564.0
564.0
564.0
561.0
564.0
181.0
509.0
642.0
641.0
600.0
608.0
604.0
607.0
602.0
602.0
603.0
604.0
607.0
607.0
605.0
646.0
645.0
640.0
644.0
642.0
172.0
442.0
565.0
567.0
565.0
565.0
531.0
527.0
532.0
528.0
530.0
532.0
528.0
530.0
530.0
528.0
535.0
534.0
536.0
532.0
149.0
376.0
536.0
541.0
539.0
538.0
538.0
537.0
532.0
538.0
536.0
532.0
497.0
503.0
503.0
502.0
499.0
504.0
496.0
504.0
133.0
344.0
475.0
478.0
478.0
479.0
476.0
476.0
479.0
475.0
475.0
477.0
510.0
511.0
510.0
510.0
507.0
507.0
508.0
511.0
159.0
372.0
461.0
461.0
464.0
464.0
464.0
462.0
461.0
464.0
462.0
465.0
458.0
457.0
462.0
458.0
458.0
445.0
444.0
446.0
380.0
531.0
873.0
620.0
668.0
667.0
572.0
667.0
776.0
876.0
659.0
662.0
583.0
587.0
651.0
601.0
651.0
625.0
647.0
649.0
236.0
517.0
652.0
649.0
651.0
644.0
648.0
648.0
650.0
636.0
640.0
641.0
638.0
639.0
638.0
643.0
644.0
641.0
643.0
644.0
216.0
519.0
672.0
675.0
673.0
665.0
669.0
670.0
670.0
669.0
668.0
667.0
643.0
645.0
646.0
636.0
643.0
643.0
646.0
648.0
192.0
430.0
572.0
574.0
576.0
589.0
583.0
573.0
588.0
603.0
608.0
591.0
589.0
586.0
583.0
587.0
567.0
570.0
555.0
558.0
176.0
306.0
433.0
434.0
429.0
429.0
429.0
431.0
430.0
432.0
437.0
435.0
439.0
435.0
434.0
435.0
435.0
436.0
436.0
434.0
149.0
280.0
426.0
425.0
425.0
425.0
425.0
428.0
430.0
425.0
423.0
424.0
412.0
413.0
413.0
412.0
411.0
415.0
414.0
416.0
144.0
279.0
407.0
403.0
407.0
412.0
413.0
411.0
415.0
412.0
413.0
412.0
412.0
409.0
409.0
426.0
448.0
424.0
425.0
427.0
135.0
191.0
246.0
246.0
265.0
247.0
249.0
224.0
224.0
225.0
225.0
225.0
224.0
224.0
224.0
226.0
225.0
225.0
224.0
225.0
102.0
146.0
179.0
179.0
178.0
179.0
179.0
179.0
180.0
180.0
179.0
179.0
179.0
179.0
178.0
179.0
180.0
180.0
178.0
178.0
38.0
39.0
39.0
39.0
38.0
38.0
39.0
38.0
38.0
39.0
38.0
40.0
39.0
39.0
40.0
39.0
38.0
39.0
39.0
40.0
210.0
452.0
600.0
600.0
601.0
601.0
601.0
602.0
604.0
604.0
596.0
597.0
573.0
578.0
578.0
577.0
578.0
576.0
576.0
577.0
174.0
468.0
606.0
600.0
602.0
602.0
606.0
610.0
599.0
606.0
605.0
621.0
618.0
614.0
618.0
619.0
619.0
616.0
622.0
615.0
196.0
411.0
539.0
541.0
541.0
539.0
543.0
542.0
539.0
544.0
538.0
542.0
545.0
547.0
566.0
566.0
571.0
569.0
566.0
566.0
151.0
375.0
523.0
520.0
522.0
520.0
498.0
496.0
500.0
498.0
501.0
497.0
504.0
497.0
499.0
500.0
502.0
502.0
506.0
501.0
142.0
272.0
410.0
406.0
408.0
404.0
408.0
406.0
401.0
401.0
424.0
426.0
426.0
425.0
425.0
424.0
424.0
426.0
425.0
425.0
122.0
254.0
386.0
384.0
386.0
382.0
382.0
382.0
385.0
383.0
383.0
384.0
385.0
382.0
386.0
383.0
382.0
387.0
387.0
387.0
109.0
232.0
366.0
363.0
366.0
363.0
362.0
362.0
360.0
360.0
361.0
359.0
386.0
383.0
386.0
385.0
384.0
383.0
383.0
384.0
123.0
167.0
177.0
175.0
175.0
175.0
175.0
174.0
175.0
175.0
175.0
175.0
175.0
175.0
175.0
176.0
175.0
175.0
175.0
176.0
61.0
106.0
139.0
139.0
139.0
140.0
138.0
139.0
138.0
139.0
139.0
140.0
139.0
139.0
139.0
139.0
139.0
139.0
138.0
139.0
21.0
21.0
21.0
22.0
21.0
21.0
21.0
21.0
21.0
22.0
22.0
21.0
21.0
21.0
21.0
21.0
21.0
21.0
22.0
20.0
172.0
455.0
615.0
615.0
614.0
614.0
614.0
612.0
615.0
612.0
610.0
611.0
580.0
582.0
583.0
580.0
580.0
580.0
584.0
578.0
163.0
455.0
593.0
593.0
593.0
596.0
595.0
593.0
594.0
594.0
594.0
587.0
619.0
617.0
617.0
621.0
618.0
616.0
617.0
617.0
169.0
435.0
560.0
534.0
533.0
533.0
536.0
535.0
532.0
538.0
535.0
532.0
529.0
538.0
536.0
536.0
539.0
537.0
538.0
540.0
140.0
273.0
399.0
400.0
428.0
438.0
441.0
441.0
442.0
440.0
442.0
444.0
440.0
443.0
415.0
412.0
413.0
406.0
408.0
406.0
133.0
272.0
406.0
406.0
396.0
398.0
407.0
406.0
394.0
403.0
391.0
394.0
406.0
406.0
395.0
396.0
406.0
455.0
442.0
441.0
112.0
250.0
436.0
436.0
424.0
423.0
424.0
432.0
438.0
386.0
373.0
374.0
382.0
384.0
374.0
374.0
375.0
373.0
372.0
372.0
90.0
171.0
255.0
256.0
257.0
257.0
256.0
257.0
257.0
257.0
260.0
261.0
260.0
260.0
260.0
262.0
261.0
262.0
261.0
260.0
85.0
128.0
161.0
162.0
162.0
162.0
161.0
162.0
162.0
162.0
161.0
164.0
163.0
200.0
197.0
196.0
201.0
197.0
197.0
199.0
48.0
108.0
142.0
140.0
105.0
106.0
105.0
107.0
106.0
106.0
106.0
105.0
105.0
106.0
105.0
104.0
105.0
106.0
105.0
106.0
15.0
14.0
14.0
14.0
14.0
14.0
14.0
14.0
14.0
14.0
13.0
14.0
14.0
13.0
13.0
13.0
14.0
14.0
14.0
14.0
172.0
448.0
573.0
579.0
577.0
580.0
582.0
579.0
577.0
582.0
580.0
583.0
579.0
583.0
585.0
585.0
581.0
584.0
584.0
621.0
167.0
555.0
621.0
683.0
615.0
625.0
623.0
616.0
616.0
624.0
586.0
584.0
588.0
589.0
589.0
589.0
591.0
589.0
589.0
590.0
167.0
405.0
530.0
563.0
564.0
563.0
562.0
565.0
565.0
565.0
565.0
565.0
558.0
532.0
532.0
532.0
533.0
531.0
531.0
531.0
134.0
266.0
395.0
393.0
395.0
396.0
396.0
396.0
397.0
399.0
398.0
397.0
397.0
393.0
397.0
429.0
430.0
428.0
428.0
432.0
127.0
293.0
424.0
419.0
424.0
423.0
387.0
390.0
390.0
388.0
387.0
389.0
390.0
385.0
391.0
391.0
387.0
390.0
394.0
393.0
104.0
236.0
366.0
371.0
373.0
367.0
372.0
368.0
368.0
368.0
369.0
367.0
366.0
364.0
399.0
401.0
398.0
397.0
400.0
401.0
121.0
165.0
199.0
198.0
165.0
165.0
166.0
166.0
165.0
166.0
165.0
165.0
166.0
166.0
166.0
166.0
166.0
166.0
165.0
166.0
82.0
127.0
162.0
163.0
162.0
161.0
160.0
162.0
162.0
161.0
161.0
161.0
163.0
162.0
162.0
161.0
160.0
162.0
162.0
161.0
47.0
71.0
105.0
105.0
105.0
105.0
104.0
105.0
103.0
106.0
105.0
104.0
105.0
105.0
106.0
106.0
105.0
104.0
104.0
105.0
14.0
13.0
13.0
13.0
14.0
13.0
14.0
14.0
13.0
14.0
13.0
14.0
14.0
13.0
13.0
13.0
14.0
13.0
13.0
13.0
199.0
435.0
596.0
601.0
600.0
597.0
593.0
598.0
595.0
597.0
598.0
596.0
558.0
563.0
562.0
563.0
563.0
563.0
562.0
562.0
156.0
392.0
523.0
520.0
523.0
524.0
523.0
524.0
523.0
523.0
524.0
524.0
559.0
552.0
558.0
556.0
555.0
559.0
559.0
560.0
158.0
432.0
561.0
529.0
520.0
525.0
524.0
523.0
525.0
526.0
525.0
525.0
529.0
529.0
525.0
530.0
529.0
530.0
530.0
530.0
126.0
263.0
391.0
387.0
422.0
421.0
418.0
423.0
419.0
420.0
420.0
421.0
421.0
421.0
391.0
387.0
385.0
388.0
389.0
386.0
109.0
241.0
373.0
374.0
371.0
373.0
370.0
371.0
373.0
378.0
375.0
377.0
376.0
378.0
376.0
377.0
376.0
376.0
400.0
402.0
90.0
180.0
268.0
300.0
298.0
300.0
300.0
301.0
299.0
298.0
301.0
268.0
265.0
267.0
267.0
267.0
269.0
268.0
268.0
266.0
79.0
123.0
156.0
157.0
156.0
156.0
156.0
156.0
157.0
158.0
156.0
157.0
157.0
156.0
157.0
157.0
157.0
156.0
157.0
157.0
46.0
69.0
104.0
102.0
103.0
104.0
105.0
107.0
110.0
116.0
113.0
111.0
114.0
114.0
110.0
111.0
110.0
105.0
108.0
102.0
11.0
35.0
67.0
70.0
67.0
70.0
67.0
71.0
71.0
66.0
67.0
71.0
67.0
70.0
71.0
67.0
66.0
73.0
68.0
73.0
9.0
11.0
9.0
12.0
13.0
13.0
12.0
13.0
12.0
12.0
10.0
11.0
10.0
10.0
11.0
11.0
10.0
11.0
10.0
11.0
207.0
502.0
628.0
631.0
624.0
630.0
632.0
625.0
621.0
624.0
625.0
579.0
572.0
576.0
578.0
576.0
578.0
576.0
575.0
577.0
175.0
476.0
603.0
637.0
641.0
641.0
640.0
642.0
642.0
640.0
644.0
637.0
638.0
593.0
599.0
599.0
598.0
599.0
602.0
602.0
177.0
414.0
544.0
548.0
546.0
547.0
547.0
547.0
547.0
547.0
548.0
549.0
584.0
577.0
580.0
578.0
576.0
575.0
579.0
576.0
148.0
405.0
537.0
500.0
498.0
498.0
502.0
498.0
498.0
500.0
497.0
499.0
500.0
505.0
503.0
502.0
507.0
503.0
502.0
502.0
141.0
279.0
407.0
446.0
441.0
440.0
439.0
438.0
441.0
438.0
439.0
439.0
441.0
403.0
404.0
402.0
401.0
401.0
405.0
402.0
121.0
253.0
384.0
384.0
384.0
383.0
384.0
386.0
385.0
385.0
386.0
388.0
388.0
388.0
388.0
386.0
387.0
418.0
418.0
415.0
109.0
266.0
394.0
395.0
396.0
396.0
394.0
396.0
358.0
358.0
361.0
359.0
361.0
360.0
361.0
362.0
359.0
361.0
359.0
359.0
98.0
142.0
176.0
176.0
175.0
176.0
175.0
175.0
175.0
176.0
175.0
175.0
175.0
175.0
175.0
175.0
175.0
175.0
175.0
180.0
62.0
109.0
144.0
143.0
144.0
143.0
144.0
145.0
144.0
144.0
141.0
140.0
139.0
139.0
139.0
139.0
140.0
140.0
139.0
139.0
22.0
23.0
21.0
21.0
22.0
22.0
22.0
22.0
22.0
21.0
22.0
21.0
21.0
21.0
21.0
21.0
22.0
22.0
21.0
21.0
241.0
476.0
605.0
605.0
607.0
605.0
608.0
606.0
603.0
605.0
569.0
566.0
575.0
575.0
575.0
574.0
578.0
573.0
570.0
573.0
160.0
401.0
565.0
562.0
561.0
560.0
559.0
560.0
560.0
559.0
560.0
562.0
524.0
527.0
525.0
522.0
523.0
526.0
525.0
522.0
163.0
400.0
530.0
528.0
532.0
530.0
529.0
531.0
533.0
528.0
533.0
569.0
567.0
562.0
565.0
563.0
561.0
563.0
562.0
565.0
166.0
265.0
396.0
393.0
394.0
392.0
393.0
393.0
397.0
392.0
393.0
395.0
396.0
396.0
400.0
396.0
398.0
398.0
397.0
398.0
124.0
261.0
392.0
390.0
423.0
420.0
419.0
419.0
417.0
418.0
416.0
418.0
417.0
419.0
385.0
388.0
385.0
387.0
384.0
384.0
95.0
216.0
346.0
346.0
343.0
345.0
348.0
345.0
345.0
347.0
346.0
349.0
349.0
350.0
349.0
349.0
351.0
351.0
349.0
350.0
90.0
131.0
165.0
164.0
163.0
164.0
164.0
164.0
164.0
197.0
197.0
197.0
197.0
196.0
198.0
197.0
197.0
197.0
197.0
164.0
76.0
120.0
153.0
152.0
153.0
153.0
153.0
153.0
153.0
154.0
154.0
153.0
153.0
153.0
153.0
154.0
154.0
153.0
153.0
153.0
13.0
37.0
70.0
71.0
70.0
70.0
70.0
70.0
70.0
70.0
70.0
71.0
71.0
70.0
70.0
70.0
70.0
69.0
70.0
70.0
13.0
13.0
13.0
13.0
13.0
13.0
13.0
13.0
13.0
14.0
14.0
13.0
13.0
13.0
13.0
13.0
13.0
13.0
13.0
13.0
150.0
386.0
515.0
516.0
514.0
516.0
514.0
516.0
514.0
514.0
517.0
563.0
561.0
561.0
561.0
562.0
560.0
559.0
558.0
562.0
194.0
386.0
523.0
536.0
537.0
521.0
535.0
543.0
537.0
522.0
523.0
519.0
517.0
518.0
517.0
517.0
521.0
518.0
521.0
520.0
149.0
373.0
535.0
526.0
519.0
520.0
521.0
546.0
546.0
550.0
548.0
547.0
513.0
484.0
482.0
481.0
483.0
514.0
513.0
516.0
123.0
261.0
395.0
392.0
397.0
373.0
373.0
373.0
374.0
397.0
397.0
397.0
398.0
395.0
426.0
401.0
401.0
402.0
402.0
428.0
125.0
239.0
374.0
374.0
341.0
342.0
321.0
342.0
318.0
319.0
320.0
341.0
338.0
343.0
339.0
319.0
340.0
343.0
318.0
319.0
73.0
152.0
252.0
249.0
251.0
250.0
236.0
239.0
255.0
255.0
239.0
239.0
254.0
254.0
253.0
253.0
239.0
234.0
250.0
234.0
70.0
120.0
156.0
156.0
146.0
191.0
180.0
192.0
192.0
188.0
196.0
195.0
195.0
176.0
176.0
162.0
140.0
161.0
160.0
156.0
47.0
62.0
105.0
105.0
95.0
105.0
96.0
104.0
96.0
103.0
103.0
97.0
96.0
103.0
104.0
104.0
97.0
97.0
104.0
103.0
10.0
10.0
10.0
8.0
9.0
9.0
9.0
10.0
9.0
9.0
9.0
9.0
10.0
9.0
9.0
10.0
9.0
9.0
10.0
9.0
10.0
9.0
9.0
9.0
9.0
10.0
9.0
9.0
9.0
9.0
9.0
10.0
9.0
9.0
9.0
9.0
9.0
9.0
10.0
10.0
137.0
334.0
459.0
489.0
458.0
458.0
489.0
489.0
487.0
488.0
489.0
470.0
476.0
476.0
474.0
515.0
516.0
518.0
517.0
515.0
130.0
384.0
514.0
516.0
511.0
516.0
470.0
474.0
474.0
475.0
473.0
476.0
474.0
473.0
476.0
474.0
471.0
474.0
472.0
474.0
130.0
344.0
476.0
479.0
515.0
514.0
513.0
510.0
510.0
513.0
509.0
514.0
506.0
509.0
474.0
473.0
473.0
470.0
469.0
469.0
97.0
219.0
346.0
346.0
349.0
348.0
347.0
346.0
346.0
346.0
346.0
345.0
346.0
346.0
352.0
349.0
349.0
349.0
348.0
350.0
81.0
194.0
324.0
325.0
324.0
357.0
353.0
357.0
353.0
352.0
356.0
353.0
352.0
355.0
353.0
322.0
320.0
321.0
320.0
319.0
71.0
151.0
239.0
238.0
238.0
237.0
239.0
238.0
238.0
238.0
239.0
238.0
238.0
238.0
237.0
237.0
239.0
238.0
238.0
239.0
69.0
92.0
126.0
125.0
126.0
125.0
125.0
126.0
126.0
125.0
128.0
128.0
128.0
128.0
128.0
127.0
127.0
129.0
128.0
127.0
33.0
57.0
89.0
91.0
91.0
90.0
90.0
90.0
90.0
90.0
91.0
90.0
89.0
91.0
91.0
89.0
90.0
90.0
90.0
90.0
8.0
8.0
9.0
8.0
8.0
8.0
9.0
8.0
8.0
9.0
8.0
8.0
8.0
8.0
8.0
9.0
8.0
8.0
8.0
9.0
8.0
9.0
8.0
8.0
9.0
8.0
8.0
8.0
8.0
8.0
8.0
8.0
8.0
8.0
8.0
8.0
8.0
8.0
8.0
8.0
184.0
304.0
433.0
432.0
434.0
438.0
435.0
433.0
437.0
435.0
400.0
397.0
402.0
402.0
401.0
401.0
391.0
392.0
392.0
392.0
151.0
272.0
407.0
401.0
402.0
402.0
401.0
402.0
402.0
402.0
400.0
402.0
435.0
435.0
434.0
433.0
434.0
436.0
433.0
434.0
118.0
275.0
404.0
366.0
367.0
368.0
367.0
365.0
365.0
365.0
367.0
366.0
366.0
367.0
368.0
368.0
366.0
366.0
368.0
365.0
80.0
199.0
332.0
333.0
334.0
334.0
334.0
335.0
335.0
334.0
335.0
335.0
369.0
368.0
369.0
369.0
369.0
369.0
367.0
368.0
80.0
138.0
186.0
186.0
185.0
186.0
187.0
186.0
185.0
187.0
186.0
186.0
186.0
186.0
185.0
187.0
187.0
185.0
185.0
187.0
36.0
59.0
93.0
92.0
92.0
92.0
93.0
92.0
93.0
93.0
93.0
92.0
93.0
92.0
92.0
93.0
93.0
92.0
93.0
93.0
33.0
57.0
90.0
90.0
90.0
90.0
90.0
90.0
91.0
90.0
90.0
90.0
89.0
90.0
90.0
90.0
90.0
90.0
90.0
90.0
9.0
33.0
66.0
66.0
67.0
67.0
67.0
67.0
67.0
67.0
67.0
66.0
67.0
66.0
67.0
66.0
67.0
67.0
67.0
66.0
8.0
8.0
8.0
8.0
8.0
8.0
8.0
8.0
8.0
8.0
8.0
8.0
7.0
8.0
7.0
8.0
7.0
8.0
7.0
7.0
7.0
8.0
8.0
8.0
8.0
7.0
8.0
7.0
7.0
7.0
7.0
8.0
7.0
8.0
11.0
10.0
11.0
10.0
10.0
11.0
