1.0
1.0
1.0
1.0
1.0
1.0
1.0
1.0
1.0
1.0
1.0
1.0
1.0
263.0
422.0
286.0
345.0
258.0
256.0
258.0
422.0
346.0
315.0
259.0
256.0
257.0
215.0
212.0
256.0
257.0
1.0
1.0
1.0
256.0
259.0
236.0
225.0
229.0
256.0
254.0
255.0
250.0
241.0
251.0
232.0
246.0
235.0
235.0
273.0
273.0
1.0
1.0
0.0
273.0
270.0
269.0
272.0
269.0
272.0
269.0
269.0
240.0
240.0
240.0
238.0
240.0
239.0
240.0
240.0
239.0
1.0
1.0
1.0
239.0
239.0
240.0
241.0
238.0
239.0
239.0
239.0
240.0
240.0
238.0
238.0
239.0
239.0
237.0
239.0
239.0
1.0
1.0
1.0
239.0
239.0
239.0
239.0
238.0
265.0
266.0
267.0
268.0
269.0
267.0
270.0
270.0
268.0
269.0
243.0
243.0
1.0
1.0
1.0
239.0
240.0
239.0
240.0
240.0
240.0
240.0
239.0
239.0
239.0
237.0
240.0
241.0
238.0
240.0
239.0
239.0
1.0
1.0
0.0
241.0
240.0
239.0
238.0
332.0
335.0
333.0
331.0
332.0
336.0
334.0
337.0
337.0
333.0
240.0
239.0
241.0
1.0
1.0
1.0
241.0
238.0
241.0
239.0
239.0
240.0
237.0
241.0
243.0
243.0
240.0
237.0
241.0
240.0
240.0
238.0
238.0
1.0
1.0
1.0
238.0
239.0
240.0
239.0
238.0
240.0
240.0
238.0
240.0
237.0
239.0
241.0
268.0
269.0
269.0
268.0
269.0
1.0
1.0
1.0
269.0
269.0
266.0
268.0
269.0
240.0
239.0
239.0
240.0
237.0
236.0
237.0
232.0
234.0
234.0
230.0
227.0
0.0
1.0
0.0
275.0
273.0
275.0
357.0
407.0
473.0
272.0
407.0
378.0
473.0
257.0
257.0
254.0
259.0
209.0
255.0
256.0
1.0
0.0
1.0
255.0
292.0
297.0
254.0
257.0
255.0
258.0
239.0
255.0
257.0
274.0
217.0
257.0
255.0
254.0
280.0
281.0
1.0
1.0
1.0
276.0
363.0
363.0
338.0
334.0
360.0
362.0
360.0
338.0
369.0
332.0
252.0
226.0
250.0
229.0
249.0
246.0
1.0
0.0
1.0
249.0
250.0
236.0
235.0
235.0
246.0
244.0
232.0
239.0
239.0
240.0
271.0
277.0
237.0
238.0
239.0
239.0
1.0
1.0
0.0
239.0
237.0
238.0
238.0
240.0
237.0
243.0
269.0
268.0
270.0
271.0
269.0
267.0
269.0
270.0
267.0
270.0
1.0
1.0
1.0
240.0
238.0
239.0
240.0
237.0
239.0
238.0
239.0
238.0
240.0
240.0
238.0
239.0
240.0
248.0
247.0
249.0
1.0
1.0
0.0
254.0
258.0
248.0
249.0
252.0
249.0
254.0
250.0
250.0
250.0
247.0
248.0
247.0
285.0
275.0
275.0
274.0
0.0
1.0
1.0
269.0
270.0
268.0
268.0
267.0
268.0
239.0
238.0
240.0
241.0
239.0
237.0
239.0
240.0
237.0
241.0
237.0
1.0
1.0
1.0
239.0
241.0
239.0
237.0
238.0
240.0
239.0
238.0
238.0
236.0
240.0
241.0
238.0
238.0
239.0
239.0
241.0
1.0
1.0
0.0
239.0
241.0
238.0
240.0
267.0
270.0
266.0
266.0
267.0
269.0
266.0
269.0
266.0
269.0
240.0
239.0
239.0
1.0
1.0
1.0
238.0
239.0
238.0
239.0
239.0
239.0
240.0
240.0
240.0
326.0
322.0
324.0
325.0
323.0
327.0
323.0
324.0
1.0
1.0
0.0
326.0
326.0
239.0
238.0
239.0
237.0
239.0
241.0
239.0
238.0
240.0
239.0
238.0
240.0
238.0
237.0
239.0
1.0
1.0
0.0
240.0
241.0
238.0
239.0
239.0
239.0
240.0
239.0
238.0
240.0
240.0
239.0
239.0
240.0
240.0
240.0
267.0
0.0
1.0
1.0
269.0
269.0
269.0
270.0
269.0
268.0
269.0
271.0
270.0
239.0
239.0
239.0
238.0
240.0
240.0
239.0
239.0
1.0
0.0
1.0
239.0
239.0
239.0
239.0
237.0
240.0
240.0
239.0
241.0
241.0
237.0
238.0
237.0
238.0
238.0
240.0
240.0
1.0
1.0
1.0
239.0
239.0
238.0
238.0
239.0
240.0
238.0
238.0
267.0
269.0
270.0
268.0
269.0
269.0
268.0
269.0
267.0
1.0
0.0
1.0
267.0
242.0
241.0
239.0
241.0
240.0
239.0
239.0
238.0
238.0
238.0
240.0
240.0
238.0
240.0
240.0
241.0
1.0
1.0
1.0
238.0
238.0
239.0
237.0
239.0
240.0
237.0
240.0
239.0
238.0
238.0
238.0
240.0
238.0
239.0
241.0
267.0
1.0
1.0
0.0
269.0
268.0
269.0
268.0
269.0
268.0
267.0
270.0
270.0
239.0
240.0
240.0
239.0
239.0
240.0
241.0
238.0
1.0
1.0
0.0
239.0
241.0
238.0
326.0
329.0
329.0
326.0
325.0
324.0
324.0
326.0
327.0
328.0
241.0
239.0
240.0
240.0
1.0
1.0
1.0
241.0
241.0
237.0
241.0
241.0
240.0
243.0
239.0
240.0
240.0
239.0
241.0
238.0
240.0
239.0
239.0
239.0
0.0
1.0
1.0
237.0
241.0
239.0
241.0
239.0
238.0
239.0
240.0
240.0
239.0
241.0
270.0
269.0
268.0
269.0
267.0
269.0
1.0
1.0
1.0
270.0
268.0
270.0
270.0
241.0
239.0
239.0
238.0
241.0
239.0
240.0
241.0
238.0
239.0
240.0
237.0
240.0
1.0
1.0
0.0
240.0
239.0
240.0
240.0
242.0
240.0
239.0
239.0
238.0
239.0
240.0
238.0
240.0
240.0
239.0
240.0
239.0
0.0
1.0
1.0
238.0
269.0
268.0
267.0
267.0
269.0
270.0
271.0
268.0
267.0
269.0
240.0
241.0
238.0
237.0
238.0
240.0
0.0
1.0
1.0
244.0
240.0
239.0
240.0
240.0
239.0
239.0
238.0
239.0
239.0
239.0
240.0
241.0
240.0
240.0
240.0
240.0
1.0
0.0
1.0
237.0
239.0
239.0
239.0
241.0
239.0
241.0
239.0
238.0
266.0
263.0
269.0
269.0
269.0
268.0
270.0
268.0
1.0
1.0
1.0
268.0
269.0
239.0
241.0
239.0
240.0
238.0
240.0
239.0
239.0
238.0
238.0
237.0
239.0
332.0
329.0
331.0
1.0
1.0
1.0
329.0
328.0
329.0
331.0
329.0
327.0
329.0
240.0
240.0
241.0
242.0
240.0
239.0
238.0
240.0
237.0
239.0
0.0
0.0
1.0
239.0
240.0
241.0
242.0
240.0
241.0
238.0
239.0
237.0
238.0
239.0
239.0
240.0
240.0
240.0
241.0
239.0
1.0
1.0
1.0
238.0
239.0
239.0
239.0
269.0
268.0
270.0
270.0
269.0
269.0
267.0
268.0
268.0
269.0
240.0
239.0
242.0
0.0
1.0
1.0
239.0
241.0
238.0
238.0
239.0
240.0
240.0
240.0
239.0
239.0
239.0
241.0
239.0
238.0
239.0
240.0
239.0
1.0
1.0
0.0
239.0
239.0
239.0
239.0
241.0
237.0
238.0
241.0
238.0
238.0
239.0
269.0
269.0
269.0
270.0
270.0
267.0
1.0
1.0
1.0
268.0
269.0
269.0
268.0
239.0
242.0
242.0
239.0
237.0
237.0
238.0
237.0
238.0
239.0
239.0
240.0
242.0
0.0
1.0
1.0
239.0
238.0
238.0
240.0
240.0
240.0
241.0
240.0
238.0
240.0
240.0
239.0
238.0
240.0
240.0
239.0
240.0
0.0
0.0
1.0
242.0
241.0
267.0
271.0
270.0
267.0
269.0
268.0
270.0
268.0
269.0
270.0
241.0
239.0
237.0
238.0
239.0
1.0
0.0
1.0
238.0
239.0
240.0
242.0
239.0
239.0
325.0
322.0
326.0
324.0
329.0
326.0
328.0
329.0
328.0
326.0
244.0
1.0
0.0
1.0
238.0
241.0
240.0
238.0
244.0
241.0
242.0
238.0
238.0
241.0
239.0
239.0
241.0
238.0
241.0
241.0
242.0
1.0
1.0
1.0
239.0
240.0
242.0
237.0
239.0
241.0
238.0
240.0
239.0
241.0
239.0
240.0
240.0
238.0
267.0
270.0
269.0
1.0
1.0
1.0
269.0
270.0
269.0
270.0
269.0
269.0
268.0
241.0
240.0
239.0
239.0
241.0
239.0
239.0
241.0
239.0
237.0
1.0
1.0
0.0
136.0
135.0
135.0
135.0
135.0
135.0
136.0
135.0
135.0
135.0
136.0
135.0
135.0
135.0
135.0
134.0
135.0
1.0
1.0
1.0
134.0
135.0
134.0
135.0
136.0
134.0
134.0
134.0
135.0
136.0
135.0
136.0
139.0
140.0
141.0
145.0
145.0
1.0
1.0
0.0
145.0
143.0
146.0
144.0
142.0
144.0
143.0
135.0
165.0
163.0
163.0
160.0
159.0
160.0
158.0
160.0
160.0
1.0
1.0
0.0
160.0
136.0
136.0
135.0
136.0
140.0
135.0
136.0
134.0
134.0
135.0
135.0
134.0
135.0
135.0
135.0
134.0
1.0
0.0
1.0
135.0
135.0
135.0
135.0
135.0
134.0
136.0
136.0
134.0
136.0
135.0
134.0
135.0
136.0
136.0
135.0
135.0
1.0
0.0
1.0
135.0
135.0
135.0
135.0
136.0
136.0
136.0
135.0
136.0
135.0
136.0
135.0
136.0
136.0
135.0
136.0
134.0
0.0
1.0
1.0
135.0
135.0
136.0
135.0
135.0
134.0
134.0
136.0
135.0
137.0
134.0
134.0
134.0
178.0
165.0
165.0
165.0
0.0
1.0
1.0
164.0
164.0
183.0
163.0
165.0
164.0
141.0
135.0
135.0
134.0
136.0
136.0
134.0
135.0
134.0
136.0
134.0
0.0
1.0
1.0
135.0
135.0
134.0
135.0
135.0
135.0
135.0
136.0
135.0
135.0
134.0
136.0
135.0
135.0
135.0
134.0
134.0
1.0
0.0
1.0
135.0
135.0
135.0
135.0
134.0
135.0
134.0
136.0
135.0
134.0
134.0
135.0
135.0
134.0
136.0
136.0
135.0
0.0
1.0
1.0
326.0
322.0
327.0
329.0
327.0
326.0
326.0
326.0
325.0
328.0
239.0
237.0
238.0
242.0
239.0
241.0
240.0
0.0
1.0
1.0
240.0
239.0
241.0
239.0
237.0
238.0
242.0
242.0
241.0
239.0
240.0
239.0
241.0
239.0
238.0
238.0
242.0
1.0
1.0
1.0
241.0
237.0
239.0
240.0
240.0
242.0
269.0
268.0
268.0
273.0
272.0
269.0
269.0
269.0
267.0
270.0
240.0
0.0
1.0
1.0
238.0
238.0
240.0
239.0
240.0
238.0
239.0
240.0
240.0
238.0
238.0
237.0
240.0
238.0
238.0
238.0
239.0
1.0
1.0
1.0
238.0
240.0
239.0
238.0
239.0
240.0
241.0
239.0
238.0
239.0
239.0
240.0
269.0
267.0
269.0
268.0
269.0
1.0
1.0
1.0
268.0
268.0
268.0
267.0
270.0
239.0
239.0
238.0
239.0
240.0
238.0
238.0
239.0
238.0
239.0
239.0
237.0
0.0
1.0
1.0
238.0
237.0
238.0
238.0
239.0
240.0
239.0
238.0
239.0
239.0
238.0
239.0
239.0
238.0
239.0
238.0
239.0
1.0
0.0
1.0
239.0
239.0
239.0
264.0
266.0
267.0
268.0
267.0
268.0
268.0
266.0
267.0
267.0
243.0
239.0
240.0
239.0
1.0
1.0
0.0
240.0
238.0
238.0
238.0
239.0
238.0
242.0
330.0
329.0
330.0
331.0
333.0
332.0
331.0
331.0
334.0
332.0
0.0
0.0
1.0
238.0
241.0
242.0
239.0
240.0
238.0
240.0
239.0
242.0
240.0
240.0
240.0
240.0
239.0
239.0
242.0
240.0
1.0
1.0
0.0
238.0
241.0
242.0
237.0
239.0
241.0
239.0
239.0
240.0
239.0
239.0
240.0
240.0
238.0
268.0
267.0
270.0
1.0
1.0
0.0
270.0
270.0
268.0
267.0
270.0
267.0
268.0
240.0
238.0
238.0
239.0
239.0
239.0
239.0
239.0
238.0
238.0
1.0
1.0
1.0
238.0
238.0
239.0
239.0
238.0
238.0
239.0
239.0
240.0
239.0
238.0
238.0
237.0
238.0
239.0
238.0
239.0
1.0
1.0
1.0
239.0
240.0
239.0
239.0
239.0
237.0
242.0
241.0
265.0
269.0
269.0
268.0
267.0
269.0
267.0
268.0
270.0
0.0
1.0
1.0
267.0
241.0
238.0
239.0
239.0
239.0
239.0
239.0
239.0
239.0
237.0
239.0
238.0
239.0
238.0
238.0
239.0
1.0
0.0
1.0
238.0
238.0
237.0
240.0
244.0
240.0
239.0
237.0
238.0
238.0
239.0
238.0
238.0
237.0
244.0
268.0
269.0
1.0
1.0
0.0
269.0
269.0
268.0
269.0
268.0
271.0
268.0
269.0
237.0
239.0
239.0
238.0
238.0
238.0
237.0
239.0
238.0
1.0
0.0
1.0
238.0
322.0
322.0
324.0
322.0
324.0
325.0
324.0
325.0
325.0
325.0
241.0
242.0
243.0
240.0
240.0
241.0
1.0
1.0
1.0
239.0
240.0
243.0
238.0
238.0
238.0
243.0
238.0
238.0
241.0
239.0
239.0
240.0
239.0
239.0
239.0
239.0
0.0
1.0
1.0
238.0
238.0
238.0
238.0
239.0
241.0
240.0
267.0
269.0
269.0
269.0
269.0
267.0
269.0
270.0
270.0
268.0
1.0
0.0
1.0
240.0
240.0
239.0
237.0
239.0
239.0
238.0
240.0
239.0
240.0
240.0
237.0
239.0
240.0
238.0
239.0
241.0
1.0
1.0
0.0
238.0
240.0
240.0
240.0
239.0
240.0
240.0
240.0
241.0
239.0
241.0
239.0
240.0
240.0
237.0
268.0
267.0
1.0
0.0
0.0
270.0
267.0
266.0
267.0
266.0
269.0
269.0
268.0
245.0
241.0
239.0
239.0
239.0
239.0
239.0
240.0
240.0
1.0
0.0
1.0
239.0
239.0
242.0
240.0
238.0
240.0
238.0
237.0
239.0
240.0
237.0
240.0
240.0
239.0
239.0
239.0
239.0
1.0
1.0
0.0
239.0
240.0
241.0
237.0
239.0
239.0
270.0
269.0
268.0
270.0
269.0
268.0
269.0
267.0
266.0
268.0
241.0
1.0
0.0
1.0
239.0
238.0
241.0
240.0
242.0
241.0
239.0
239.0
241.0
240.0
240.0
239.0
331.0
329.0
331.0
334.0
329.0
1.0
1.0
0.0
335.0
334.0
335.0
335.0
330.0
242.0
243.0
243.0
239.0
238.0
239.0
241.0
241.0
238.0
240.0
240.0
239.0
0.0
1.0
1.0
239.0
239.0
237.0
240.0
240.0
238.0
238.0
240.0
238.0
239.0
239.0
240.0
237.0
240.0
240.0
239.0
240.0
1.0
0.0
1.0
238.0
239.0
238.0
267.0
268.0
268.0
268.0
269.0
269.0
270.0
269.0
271.0
268.0
239.0
240.0
237.0
238.0
1.0
0.0
0.0
240.0
239.0
239.0
240.0
239.0
238.0
239.0
240.0
237.0
239.0
241.0
239.0
240.0
239.0
238.0
239.0
239.0
1.0
0.0
1.0
238.0
240.0
238.0
241.0
247.0
264.0
245.0
246.0
281.0
332.0
273.0
414.0
390.0
398.0
275.0
275.0
274.0
1.0
1.0
1.0
289.0
271.0
454.0
255.0
258.0
257.0
276.0
256.0
455.0
255.0
217.0
255.0
254.0
256.0
256.0
363.0
257.0
1.0
1.0
0.0
371.0
255.0
453.0
255.0
255.0
407.0
208.0
256.0
255.0
257.0
343.0
279.0
280.0
281.0
320.0
279.0
288.0
1.0
1.0
1.0
279.0
278.0
255.0
258.0
213.0
255.0
256.0
337.0
257.0
358.0
256.0
256.0
210.0
256.0
256.0
255.0
256.0
1.0
0.0
1.0
256.0
257.0
255.0
211.0
458.0
348.0
459.0
346.0
348.0
346.0
346.0
299.0
347.0
349.0
257.0
259.0
259.0
1.0
1.0
0.0
255.0
371.0
209.0
370.0
257.0
256.0
256.0
256.0
258.0
256.0
255.0
212.0
255.0
255.0
371.0
256.0
371.0
1.0
1.0
0.0
256.0
211.0
255.0
256.0
255.0
257.0
255.0
281.0
211.0
281.0
282.0
281.0
282.0
361.0
347.0
281.0
281.0
1.0
0.0
1.0
247.0
256.0
257.0
263.0
253.0
255.0
287.0
251.0
224.0
227.0
250.0
248.0
246.0
330.0
248.0
248.0
224.0
0.0
1.0
1.0
226.0
252.0
282.0
251.0
252.0
251.0
250.0
249.0
227.0
229.0
272.0
246.0
246.0
300.0
297.0
272.0
273.0
1.0
1.0
0.0
272.0
264.0
267.0
268.0
269.0
268.0
243.0
247.0
240.0
238.0
239.0
240.0
240.0
240.0
239.0
242.0
237.0
1.0
0.0
1.0
136.0
134.0
135.0
135.0
136.0
138.0
136.0
137.0
135.0
134.0
134.0
136.0
135.0
134.0
134.0
135.0
134.0
1.0
0.0
1.0
137.0
136.0
136.0
135.0
134.0
135.0
136.0
135.0
135.0
135.0
136.0
135.0
134.0
135.0
135.0
135.0
137.0
1.0
0.0
1.0
135.0
133.0
135.0
135.0
134.0
135.0
163.0
164.0
163.0
165.0
163.0
163.0
164.0
166.0
163.0
165.0
135.0
1.0
0.0
0.0
135.0
134.0
136.0
137.0
136.0
136.0
136.0
134.0
134.0
134.0
134.0
134.0
136.0
133.0
134.0
134.0
136.0
0.0
1.0
1.0
134.0
135.0
134.0
135.0
135.0
135.0
135.0
135.0
135.0
133.0
136.0
136.0
136.0
137.0
137.0
134.0
131.0
0.0
1.0
1.0
131.0
150.0
131.0
138.0
138.0
137.0
137.0
137.0
130.0
205.0
131.0
319.0
130.0
134.0
224.0
222.0
222.0
1.0
1.0
1.0
225.0
220.0
219.0
220.0
319.0
224.0
135.0
135.0
135.0
136.0
131.0
131.0
231.0
131.0
135.0
134.0
135.0
1.0
0.0
1.0
135.0
135.0
131.0
131.0
231.0
131.0
134.0
135.0
135.0
134.0
231.0
135.0
132.0
132.0
130.0
134.0
135.0
1.0
1.0
0.0
135.0
135.0
131.0
135.0
231.0
132.0
132.0
134.0
134.0
231.0
134.0
135.0
130.0
135.0
130.0
131.0
135.0
1.0
1.0
0.0
135.0
231.0
130.0
134.0
134.0
134.0
131.0
193.0
131.0
135.0
134.0
132.0
133.0
132.0
130.0
131.0
157.0
