0.0
1.0
0.0
1.0
1.0
1.0
1.0
1.0
1.0
0.0
2.0
2.0
2.0
1.0
0.0
1.0
0.0
1.0
0.0
1.0
3.0
3.0
2.0
1.0
1.0
1.0
1.0
1.0
1.0
0.0
124.0
123.0
124.0
225.0
223.0
225.0
223.0
125.0
223.0
222.0
124.0
122.0
124.0
121.0
218.0
198.0
198.0
219.0
223.0
223.0
120.0
121.0
111.0
121.0
100.0
120.0
121.0
122.0
120.0
123.0
223.0
224.0
224.0
221.0
100.0
122.0
121.0
123.0
122.0
122.0
100.0
120.0
121.0
119.0
100.0
155.0
197.0
100.0
194.0
180.0
178.0
159.0
157.0
157.0
138.0
139.0
121.0
122.0
121.0
122.0
124.0
123.0
123.0
122.0
99.0
101.0
121.0
110.0
123.0
123.0
125.0
107.0
106.0
122.0
121.0
122.0
121.0
106.0
122.0
106.0
123.0
122.0
107.0
121.0
122.0
122.0
121.0
106.0
107.0
122.0
107.0
122.0
123.0
122.0
121.0
122.0
108.0
120.0
107.0
106.0
122.0
122.0
122.0
121.0
121.0
122.0
106.0
204.0
222.0
205.0
257.0
255.0
218.0
217.0
218.0
218.0
205.0
108.0
105.0
120.0
122.0
107.0
123.0
121.0
121.0
122.0
122.0
105.0
106.0
121.0
123.0
107.0
122.0
122.0
122.0
107.0
122.0
107.0
122.0
120.0
109.0
123.0
107.0
106.0
121.0
123.0
120.0
123.0
121.0
121.0
107.0
107.0
107.0
122.0
123.0
121.0
122.0
122.0
122.0
120.0
106.0
105.0
107.0
122.0
122.0
121.0
123.0
123.0
121.0
121.0
107.0
107.0
107.0
120.0
119.0
119.0
118.0
118.0
117.0
101.0
2.0
2.0
2.0
2.0
1.0
2.0
1.0
2.0
2.0
3.0
2.0
2.0
1.0
1.0
1.0
1.0
0.0
0.0
0.0
1.0
3.0
1.0
4.0
1.0
2.0
0.0
2.0
1.0
2.0
1.0
2.0
0.0
1.0
1.0
1.0
1.0
0.0
0.0
1.0
0.0
0.0
1.0
1.0
1.0
1.0
1.0
1.0
1.0
0.0
1.0
1.0
1.0
0.0
0.0
0.0
1.0
1.0
1.0
1.0
1.0
0.0
0.0
0.0
0.0
1.0
1.0
1.0
1.0
1.0
1.0
1.0
1.0
1.0
0.0
0.0
0.0
1.0
0.0
0.0
0.0
1.0
1.0
1.0
1.0
1.0
1.0
1.0
1.0
1.0
0.0
0.0
0.0
0.0
0.0
1.0
1.0
1.0
1.0
1.0
1.0
2.0
2.0
2.0
3.0
2.0
3.0
3.0
3.0
3.0
3.0
2.0
2.0
1.0
0.0
0.0
1.0
1.0
1.0
0.0
0.0
2.0
1.0
3.0
1.0
3.0
1.0
4.0
0.0
1.0
0.0
3.0
0.0
1.0
1.0
1.0
1.0
0.0
0.0
1.0
0.0
1.0
1.0
1.0
1.0
0.0
0.0
1.0
0.0
0.0
1.0
1.0
1.0
1.0
1.0
1.0
0.0
0.0
0.0
0.0
0.0
1.0
1.0
1.0
1.0
1.0
1.0
1.0
1.0
1.0
0.0
0.0
0.0
0.0
1.0
0.0
1.0
1.0
1.0
1.0
1.0
1.0
1.0
1.0
0.0
0.0
0.0
1.0
1.0
1.0
1.0
1.0
1.0
1.0
1.0
1.0
1.0
0.0
0.0
1.0
1.0
124.0
123.0
202.0
203.0
124.0
123.0
189.0
182.0
226.0
226.0
122.0
123.0
123.0
123.0
99.0
121.0
121.0
122.0
123.0
123.0
122.0
115.0
124.0
124.0
101.0
121.0
123.0
123.0
158.0
156.0
104.0
121.0
121.0
125.0
100.0
122.0
121.0
122.0
55.0
55.0
121.0
123.0
123.0
146.0
121.0
101.0
136.0
120.0
122.0
122.0
122.0
124.0
123.0
103.0
121.0
106.0
121.0
107.0
68.0
66.0
142.0
153.0
155.0
155.0
154.0
154.0
154.0
142.0
141.0
154.0
105.0
122.0
122.0
121.0
105.0
122.0
121.0
67.0
58.0
66.0
108.0
199.0
108.0
198.0
193.0
198.0
192.0
198.0
199.0
199.0
190.0
192.0
117.0
111.0
117.0
110.0
117.0
65.0
64.0
64.0
112.0
113.0
116.0
115.0
115.0
118.0
113.0
114.0
115.0
115.0
114.0
116.0
113.0
113.0
113.0
113.0
115.0
113.0
62.0
62.0
116.0
113.0
114.0
113.0
116.0
113.0
113.0
116.0
114.0
112.0
114.0
114.0
114.0
112.0
114.0
113.0
113.0
115.0
63.0
62.0
113.0
112.0
114.0
114.0
112.0
114.0
112.0
113.0
113.0
115.0
115.0
112.0
112.0
114.0
113.0
113.0
114.0
114.0
62.0
62.0
113.0
116.0
112.0
113.0
113.0
114.0
113.0
113.0
111.0
112.0
113.0
115.0
113.0
113.0
114.0
147.0
147.0
62.0
62.0
62.0
149.0
149.0
149.0
149.0
149.0
148.0
149.0
149.0
115.0
114.0
113.0
114.0
112.0
112.0
115.0
114.0
115.0
62.0
63.0
63.0
114.0
115.0
114.0
114.0
116.0
114.0
115.0
115.0
115.0
114.0
114.0
114.0
114.0
113.0
113.0
112.0
112.0
112.0
63.0
63.0
114.0
113.0
113.0
112.0
114.0
113.0
114.0
113.0
114.0
113.0
115.0
112.0
113.0
115.0
112.0
112.0
114.0
113.0
62.0
62.0
113.0
112.0
114.0
113.0
112.0
112.0
113.0
113.0
112.0
114.0
113.0
112.0
113.0
113.0
113.0
112.0
113.0
113.0
62.0
63.0
114.0
112.0
113.0
113.0
113.0
113.0
113.0
112.0
113.0
113.0
149.0
150.0
149.0
148.0
149.0
150.0
150.0
99.0
98.0
98.0
112.0
113.0
112.0
112.0
114.0
113.0
114.0
116.0
114.0
113.0
114.0
113.0
113.0
113.0
115.0
113.0
112.0
62.0
62.0
63.0
114.0
114.0
114.0
115.0
114.0
114.0
114.0
115.0
115.0
114.0
206.0
205.0
204.0
204.0
207.0
208.0
205.0
205.0
154.0
153.0
116.0
112.0
115.0
116.0
116.0
116.0
114.0
114.0
116.0
114.0
116.0
113.0
112.0
115.0
114.0
114.0
113.0
115.0
62.0
62.0
115.0
113.0
116.0
112.0
113.0
114.0
114.0
113.0
114.0
113.0
114.0
113.0
115.0
112.0
113.0
115.0
114.0
112.0
64.0
64.0
114.0
114.0
114.0
112.0
112.0
114.0
112.0
114.0
113.0
115.0
114.0
113.0
114.0
114.0
112.0
114.0
115.0
63.0
64.0
63.0
112.0
114.0
115.0
113.0
115.0
113.0
114.0
112.0
114.0
114.0
113.0
113.0
115.0
115.0
114.0
113.0
114.0
62.0
64.0
63.0
148.0
152.0
150.0
151.0
151.0
152.0
151.0
151.0
151.0
151.0
115.0
114.0
113.0
113.0
113.0
114.0
113.0
112.0
62.0
62.0
114.0
113.0
114.0
115.0
114.0
112.0
113.0
114.0
114.0
113.0
113.0
113.0
113.0
113.0
113.0
112.0
113.0
114.0
62.0
62.0
113.0
112.0
113.0
112.0
113.0
114.0
113.0
114.0
113.0
114.0
113.0
113.0
113.0
112.0
112.0
114.0
114.0
113.0
62.0
62.0
112.0
113.0
113.0
113.0
114.0
112.0
112.0
113.0
113.0
114.0
113.0
113.0
113.0
112.0
113.0
113.0
112.0
63.0
62.0
62.0
113.0
114.0
113.0
113.0
114.0
113.0
113.0
113.0
113.0
112.0
114.0
147.0
146.0
148.0
148.0
148.0
149.0
62.0
62.0
62.0
149.0
148.0
149.0
150.0
115.0
117.0
114.0
115.0
114.0
114.0
114.0
115.0
113.0
113.0
113.0
114.0
113.0
112.0
63.0
62.0
114.0
113.0
113.0
112.0
114.0
114.0
115.0
113.0
114.0
112.0
115.0
115.0
113.0
113.0
112.0
198.0
198.0
197.0
62.0
62.0
198.0
199.0
196.0
200.0
197.0
198.0
197.0
116.0
114.0
114.0
113.0
113.0
113.0
113.0
113.0
113.0
112.0
112.0
62.0
62.0
113.0
113.0
113.0
115.0
113.0
113.0
113.0
114.0
113.0
113.0
114.0
114.0
112.0
112.0
112.0
113.0
113.0
62.0
62.0
63.0
113.0
113.0
114.0
112.0
113.0
114.0
114.0
114.0
113.0
113.0
114.0
113.0
113.0
115.0
113.0
113.0
112.0
62.0
62.0
61.0
115.0
115.0
115.0
113.0
114.0
114.0
114.0
114.0
115.0
113.0
114.0
114.0
113.0
113.0
114.0
113.0
112.0
114.0
62.0
61.0
115.0
112.0
114.0
114.0
114.0
114.0
114.0
114.0
115.0
114.0
150.0
148.0
149.0
148.0
148.0
149.0
148.0
150.0
98.0
98.0
112.0
115.0
112.0
112.0
114.0
114.0
114.0
114.0
114.0
113.0
114.0
113.0
112.0
113.0
112.0
113.0
114.0
113.0
62.0
64.0
113.0
113.0
114.0
113.0
113.0
113.0
112.0
113.0
114.0
114.0
113.0
114.0
113.0
114.0
112.0
112.0
114.0
62.0
62.0
62.0
113.0
114.0
114.0
113.0
114.0
113.0
112.0
112.0
112.0
112.0
112.0
114.0
115.0
114.0
113.0
114.0
113.0
62.0
62.0
62.0
115.0
113.0
114.0
115.0
114.0
114.0
116.0
114.0
115.0
114.0
113.0
113.0
113.0
112.0
113.0
114.0
114.0
115.0
63.0
63.0
140.0
138.0
141.0
146.0
141.0
138.0
143.0
140.0
139.0
148.0
122.0
121.0
113.0
121.0
112.0
113.0
112.0
122.0
63.0
66.0
112.0
112.0
118.0
118.0
112.0
118.0
112.0
118.0
114.0
121.0
113.0
113.0
113.0
113.0
117.0
117.0
119.0
113.0
66.0
67.0
112.0
118.0
193.0
189.0
192.0
190.0
192.0
193.0
190.0
192.0
193.0
189.0
115.0
113.0
114.0
114.0
114.0
62.0
63.0
62.0
114.0
113.0
116.0
114.0
112.0
116.0
113.0
115.0
112.0
114.0
114.0
113.0
113.0
114.0
113.0
116.0
113.0
62.0
62.0
61.0
113.0
113.0
114.0
114.0
115.0
114.0
114.0
113.0
114.0
118.0
114.0
114.0
113.0
112.0
112.0
113.0
112.0
112.0
62.0
63.0
114.0
115.0
114.0
113.0
114.0
113.0
114.0
115.0
114.0
113.0
114.0
115.0
113.0
114.0
112.0
114.0
114.0
114.0
62.0
63.0
112.0
114.0
113.0
113.0
116.0
112.0
113.0
113.0
113.0
113.0
112.0
114.0
112.0
112.0
113.0
156.0
146.0
147.0
62.0
62.0
149.0
148.0
148.0
149.0
149.0
148.0
148.0
114.0
114.0
124.0
113.0
113.0
113.0
113.0
112.0
113.0
113.0
62.0
62.0
68.0
113.0
113.0
114.0
112.0
112.0
114.0
124.0
113.0
113.0
113.0
112.0
113.0
112.0
113.0
114.0
116.0
115.0
63.0
63.0
62.0
119.0
119.0
119.0
111.0
110.0
118.0
110.0
119.0
118.0
111.0
118.0
111.0
118.0
118.0
109.0
109.0
117.0
117.0
64.0
60.0
118.0
109.0
110.0
117.0
111.0
110.0
117.0
116.0
118.0
116.0
112.0
115.0
112.0
111.0
112.0
113.0
114.0
114.0
63.0
63.0
113.0
115.0
113.0
113.0
114.0
112.0
114.0
114.0
113.0
113.0
149.0
150.0
149.0
149.0
149.0
149.0
149.0
149.0
98.0
98.0
113.0
113.0
114.0
113.0
113.0
113.0
113.0
113.0
112.0
113.0
113.0
113.0
113.0
114.0
113.0
113.0
114.0
62.0
62.0
63.0
112.0
113.0
113.0
113.0
113.0
113.0
112.0
112.0
113.0
113.0
209.0
209.0
212.0
211.0
211.0
213.0
211.0
62.0
63.0
161.0
211.0
212.0
114.0
115.0
116.0
116.0
115.0
116.0
115.0
115.0
115.0
114.0
112.0
113.0
114.0
114.0
114.0
115.0
64.0
62.0
114.0
113.0
115.0
113.0
113.0
114.0
115.0
115.0
116.0
114.0
114.0
113.0
114.0
113.0
113.0
112.0
113.0
114.0
63.0
63.0
113.0
115.0
113.0
114.0
113.0
113.0
112.0
114.0
113.0
115.0
113.0
114.0
113.0
112.0
113.0
113.0
113.0
114.0
63.0
64.0
114.0
114.0
113.0
114.0
112.0
114.0
113.0
113.0
112.0
113.0
113.0
115.0
112.0
114.0
112.0
113.0
113.0
62.0
62.0
61.0
113.0
113.0
112.0
113.0
114.0
114.0
149.0
147.0
147.0
148.0
148.0
151.0
149.0
150.0
148.0
148.0
114.0
63.0
63.0
63.0
114.0
114.0
114.0
113.0
114.0
114.0
114.0
113.0
114.0
113.0
113.0
114.0
113.0
113.0
113.0
114.0
113.0
113.0
63.0
63.0
114.0
114.0
114.0
113.0
115.0
113.0
114.0
114.0
115.0
113.0
113.0
113.0
112.0
112.0
113.0
113.0
112.0
112.0
62.0
62.0
113.0
113.0
113.0
113.0
113.0
113.0
114.0
114.0
113.0
113.0
114.0
113.0
112.0
112.0
112.0
113.0
113.0
113.0
63.0
64.0
112.0
113.0
113.0
112.0
113.0
114.0
112.0
113.0
113.0
113.0
113.0
112.0
114.0
113.0
113.0
112.0
112.0
63.0
62.0
62.0
149.0
149.0
149.0
149.0
150.0
149.0
149.0
150.0
150.0
149.0
113.0
112.0
112.0
113.0
114.0
114.0
114.0
62.0
62.0
62.0
114.0
113.0
114.0
115.0
114.0
115.0
114.0
114.0
115.0
114.0
114.0
113.0
113.0
113.0
113.0
112.0
115.0
114.0
63.0
62.0
205.0
205.0
203.0
201.0
203.0
202.0
205.0
202.0
206.0
204.0
116.0
113.0
114.0
112.0
114.0
114.0
114.0
114.0
63.0
63.0
114.0
116.0
113.0
114.0
114.0
112.0
113.0
113.0
112.0
114.0
112.0
113.0
113.0
114.0
113.0
113.0
113.0
113.0
62.0
62.0
113.0
114.0
114.0
115.0
114.0
112.0
113.0
113.0
113.0
114.0
113.0
112.0
112.0
114.0
113.0
114.0
113.0
62.0
62.0
62.0
113.0
113.0
112.0
112.0
112.0
113.0
113.0
113.0
112.0
113.0
113.0
112.0
113.0
114.0
113.0
113.0
114.0
63.0
62.0
62.0
115.0
116.0
113.0
113.0
114.0
114.0
114.0
115.0
115.0
115.0
115.0
115.0
113.0
113.0
113.0
112.0
114.0
147.0
62.0
62.0
150.0
149.0
149.0
147.0
149.0
148.0
149.0
148.0
149.0
115.0
115.0
114.0
114.0
113.0
112.0
113.0
113.0
113.0
62.0
62.0
114.0
113.0
114.0
115.0
113.0
113.0
112.0
112.0
113.0
114.0
113.0
112.0
114.0
113.0
112.0
112.0
114.0
113.0
62.0
62.0
114.0
113.0
113.0
113.0
114.0
113.0
113.0
113.0
113.0
113.0
113.0
115.0
113.0
114.0
113.0
112.0
115.0
62.0
62.0
62.0
112.0
113.0
113.0
112.0
113.0
113.0
114.0
113.0
112.0
114.0
113.0
112.0
112.0
113.0
113.0
114.0
114.0
63.0
62.0
63.0
115.0
114.0
114.0
114.0
114.0
114.0
113.0
114.0
114.0
116.0
151.0
149.0
148.0
148.0
148.0
148.0
147.0
148.0
98.0
98.0
113.0
115.0
116.0
114.0
113.0
113.0
115.0
114.0
115.0
113.0
115.0
114.0
115.0
113.0
113.0
113.0
112.0
112.0
62.0
62.0
112.0
114.0
113.0
113.0
112.0
113.0
113.0
113.0
112.0
112.0
205.0
203.0
204.0
207.0
204.0
205.0
206.0
205.0
62.0
157.0
206.0
113.0
115.0
113.0
113.0
115.0
113.0
114.0
114.0
114.0
114.0
113.0
114.0
113.0
113.0
114.0
113.0
64.0
63.0
63.0
113.0
113.0
114.0
114.0
113.0
114.0
113.0
113.0
113.0
112.0
114.0
115.0
114.0
114.0
112.0
115.0
113.0
62.0
62.0
62.0
114.0
114.0
114.0
115.0
114.0
114.0
114.0
114.0
113.0
114.0
113.0
114.0
112.0
111.0
113.0
113.0
114.0
113.0
61.0
62.0
115.0
112.0
114.0
114.0
114.0
113.0
115.0
112.0
115.0
113.0
114.0
112.0
113.0
113.0
112.0
112.0
114.0
113.0
63.0
62.0
113.0
113.0
112.0
114.0
113.0
112.0
147.0
148.0
148.0
148.0
150.0
149.0
149.0
149.0
149.0
150.0
114.0
114.0
64.0
63.0
112.0
112.0
114.0
114.0
112.0
115.0
113.0
113.0
113.0
113.0
113.0
113.0
113.0
113.0
113.0
113.0
113.0
62.0
62.0
62.0
114.0
112.0
114.0
113.0
114.0
114.0
114.0
113.0
113.0
112.0
114.0
112.0
112.0
112.0
112.0
115.0
113.0
62.0
62.0
63.0
116.0
118.0
114.0
117.0
115.0
115.0
114.0
114.0
114.0
115.0
115.0
116.0
113.0
113.0
112.0
112.0
113.0
113.0
62.0
63.0
114.0
113.0
114.0
113.0
113.0
112.0
114.0
112.0
114.0
113.0
115.0
113.0
113.0
113.0
114.0
114.0
112.0
113.0
62.0
62.0
148.0
149.0
149.0
148.0
149.0
148.0
148.0
149.0
148.0
148.0
112.0
113.0
113.0
114.0
113.0
113.0
115.0
114.0
63.0
62.0
113.0
114.0
113.0
113.0
113.0
113.0
114.0
112.0
112.0
114.0
112.0
113.0
112.0
113.0
113.0
114.0
113.0
62.0
63.0
62.0
113.0
114.0
207.0
206.0
205.0
206.0
204.0
205.0
207.0
206.0
204.0
205.0
112.0
115.0
115.0
114.0
113.0
63.0
63.0
64.0
115.0
116.0
116.0
116.0
116.0
115.0
117.0
115.0
114.0
114.0
115.0
115.0
114.0
115.0
114.0
114.0
116.0
115.0
63.0
63.0
114.0
114.0
116.0
114.0
117.0
115.0
115.0
114.0
115.0
114.0
114.0
114.0
114.0
113.0
113.0
114.0
113.0
112.0
63.0
62.0
113.0
114.0
113.0
115.0
114.0
113.0
114.0
113.0
113.0
112.0
113.0
113.0
114.0
114.0
114.0
113.0
114.0
114.0
62.0
61.0
114.0
113.0
113.0
113.0
114.0
115.0
113.0
113.0
112.0
113.0
113.0
112.0
113.0
112.0
114.0
147.0
149.0
62.0
63.0
64.0
149.0
148.0
148.0
149.0
147.0
149.0
151.0
148.0
114.0
114.0
111.0
114.0
114.0
115.0
111.0
111.0
110.0
62.0
62.0
62.0
