17.0
12.0
14.0
13.0
9.0
9.0
14.0
14.0
13.0
13.0
77.0
74.0
43.0
42.0
42.0
45.0
42.0
43.0
73.0
73.0
45.0
43.0
43.0
42.0
42.0
45.0
74.0
74.0
73.0
73.0
45.0
43.0
43.0
43.0
43.0
45.0
46.0
46.0
46.0
46.0
49.0
46.0
77.0
78.0
78.0
81.0
43.0
43.0
43.0
42.0
1287.0
1214.0
1352.0
1290.0
1290.0
1289.0
1503.0
1602.0
1635.0
1459.0
1200.0
1271.0
1191.0
1190.0
1191.0
1197.0
1188.0
1188.0
1190.0
1250.0
1189.0
1200.0
1199.0
1200.0
1196.0
1198.0
1198.0
1202.0
1259.0
1263.0
1247.0
1236.0
1239.0
1242.0
1242.0
1243.0
1241.0
1239.0
1189.0
1195.0
1199.0
1196.0
1197.0
1195.0
1190.0
1191.0
1187.0
1190.0
1191.0
1192.0
1190.0
1188.0
1189.0
1188.0
1186.0
1191.0
1233.0
1232.0
1233.0
1248.0
41.0
40.0
40.0
42.0
41.0
40.0
41.0
41.0
41.0
42.0
40.0
40.0
40.0
41.0
41.0
41.0
41.0
41.0
42.0
41.0
41.0
40.0
40.0
87.0
86.0
86.0
86.0
86.0
87.0
41.0
41.0
41.0
40.0
42.0
41.0
40.0
40.0
40.0
41.0
41.0
1190.0
1188.0
1188.0
1189.0
1189.0
1190.0
1190.0
1188.0
1190.0
1195.0
1188.0
1189.0
1190.0
1193.0
1190.0
1188.0
1189.0
1190.0
1191.0
1193.0
1235.0
1233.0
1233.0
1234.0
1233.0
1233.0
1237.0
1237.0
1234.0
1236.0
1192.0
1187.0
1189.0
1191.0
1192.0
1189.0
1189.0
1188.0
1193.0
1194.0
1189.0
1188.0
1188.0
1190.0
1191.0
1188.0
1189.0
1190.0
1191.0
1192.0
1234.0
1234.0
1235.0
1236.0
1234.0
1235.0
1231.0
1231.0
1226.0
1216.0
76.0
72.0
71.0
42.0
41.0
46.0
72.0
69.0
71.0
71.0
44.0
42.0
41.0
69.0
72.0
61.0
61.0
71.0
71.0
72.0
44.0
42.0
41.0
41.0
41.0
44.0
35.0
41.0
70.0
71.0
76.0
72.0
71.0
36.0
41.0
45.0
41.0
41.0
35.0
72.0
1284.0
1242.0
1444.0
1248.0
1237.0
1455.0
1320.0
1284.0
1154.0
1235.0
1236.0
1189.0
1189.0
1194.0
1191.0
1206.0
1193.0
1190.0
1191.0
1188.0
1210.0
1209.0
1206.0
1212.0
1209.0
1211.0
1210.0
1211.0
1212.0
1211.0
1194.0
1203.0
1203.0
1209.0
1204.0
1205.0
1205.0
1206.0
1200.0
1197.0
1192.0
1189.0
1188.0
1192.0
1188.0
1189.0
1188.0
1187.0
1189.0
1189.0
1210.0
1207.0
1207.0
1213.0
1206.0
1211.0
1207.0
1208.0
1211.0
1210.0
39.0
39.0
38.0
32.0
33.0
40.0
38.0
39.0
32.0
32.0
39.0
39.0
39.0
32.0
32.0
40.0
39.0
39.0
32.0
33.0
43.0
43.0
43.0
37.0
37.0
45.0
45.0
44.0
34.0
34.0
41.0
40.0
40.0
33.0
32.0
40.0
39.0
39.0
32.0
32.0
1190.0
1197.0
1192.0
1184.0
1189.0
1190.0
1189.0
1189.0
1184.0
1182.0
1189.0
1189.0
1189.0
1184.0
1181.0
1188.0
1187.0
1188.0
1181.0
1180.0
1213.0
1214.0
1215.0
1210.0
1211.0
1217.0
1214.0
1214.0
1208.0
1207.0
1187.0
1188.0
1189.0
1181.0
1185.0
1187.0
1188.0
1195.0
1180.0
1179.0
1189.0
1188.0
1195.0
1182.0
1182.0
1189.0
1188.0
1186.0
1183.0
1182.0
1212.0
1214.0
1213.0
1205.0
1214.0
1213.0
1213.0
1217.0
1206.0
1208.0
42.0
40.0
39.0
40.0
39.0
42.0
39.0
39.0
39.0
39.0
42.0
39.0
39.0
39.0
39.0
42.0
39.0
39.0
40.0
38.0
42.0
40.0
39.0
39.0
39.0
42.0
40.0
39.0
39.0
38.0
42.0
40.0
40.0
39.0
39.0
42.0
39.0
39.0
39.0
39.0
1195.0
1192.0
1210.0
1195.0
1209.0
1215.0
1194.0
1209.0
1216.0
1195.0
1221.0
1220.0
1217.0
1216.0
1222.0
1220.0
1216.0
1218.0
1217.0
1217.0
1192.0
1187.0
1188.0
1187.0
1188.0
1189.0
1193.0
1188.0
1190.0
1186.0
1197.0
1190.0
1190.0
1190.0
1187.0
1190.0
1195.0
1186.0
1188.0
1190.0
1232.0
1230.0
1232.0
1231.0
1228.0
1233.0
1229.0
1234.0
1228.0
1228.0
1187.0
1185.0
1186.0
1183.0
1185.0
1187.0
1185.0
1184.0
1184.0
1188.0
39.0
39.0
39.0
33.0
33.0
39.0
39.0
39.0
32.0
33.0
39.0
39.0
39.0
32.0
32.0
39.0
40.0
39.0
34.0
33.0
40.0
39.0
39.0
33.0
32.0
40.0
38.0
39.0
32.0
32.0
39.0
40.0
39.0
33.0
32.0
40.0
39.0
38.0
32.0
32.0
1195.0
1191.0
1192.0
1183.0
1185.0
1197.0
1193.0
1199.0
1191.0
1189.0
1215.0
1220.0
1215.0
1212.0
1210.0
1220.0
1216.0
1216.0
1213.0
1214.0
1185.0
1185.0
1184.0
1176.0
1185.0
1185.0
1186.0
1184.0
1178.0
1181.0
1184.0
1183.0
1183.0
1178.0
1175.0
1186.0
1188.0
1183.0
1180.0
1177.0
1212.0
1211.0
1212.0
1206.0
1204.0
1212.0
1213.0
1212.0
1205.0
1211.0
1188.0
1186.0
1187.0
1180.0
1181.0
1191.0
1188.0
1187.0
1180.0
1184.0
42.0
39.0
34.0
34.0
33.0
42.0
39.0
34.0
34.0
34.0
42.0
39.0
34.0
34.0
34.0
42.0
39.0
34.0
34.0
34.0
42.0
39.0
34.0
33.0
34.0
42.0
39.0
34.0
34.0
34.0
41.0
39.0
33.0
34.0
34.0
42.0
39.0
34.0
34.0
34.0
1199.0
1201.0
1194.0
1205.0
1199.0
1211.0
1206.0
1197.0
1194.0
1192.0
1223.0
1220.0
1279.0
1216.0
1249.0
1253.0
1221.0
1223.0
1226.0
1226.0
1190.0
1186.0
1182.0
1184.0
1182.0
1190.0
1187.0
1184.0
1183.0
1181.0
1190.0
1188.0
1184.0
1185.0
1182.0
1192.0
1188.0
1182.0
1183.0
1184.0
1222.0
1219.0
1213.0
1214.0
1215.0
1220.0
1218.0
1213.0
1213.0
1215.0
1186.0
1185.0
1181.0
1180.0
1179.0
1189.0
1186.0
1181.0
1180.0
1181.0
39.0
34.0
34.0
40.0
40.0
39.0
34.0
33.0
40.0
40.0
39.0
34.0
34.0
39.0
39.0
39.0
33.0
34.0
40.0
40.0
39.0
34.0
34.0
39.0
39.0
40.0
34.0
34.0
40.0
39.0
39.0
34.0
34.0
39.0
40.0
39.0
34.0
33.0
40.0
40.0
1186.0
1184.0
1183.0
1197.0
1196.0
1197.0
1191.0
1189.0
1198.0
1198.0
1239.0
1234.0
1235.0
1239.0
1238.0
1239.0
1233.0
1235.0
1242.0
1240.0
1186.0
1184.0
1181.0
1190.0
1189.0
1190.0
1183.0
1183.0
1190.0
1189.0
1193.0
1185.0
1186.0
1194.0
1195.0
1193.0
1188.0
1188.0
1196.0
1199.0
1217.0
1214.0
1212.0
1222.0
1222.0
1219.0
1214.0
1213.0
1219.0
1260.0
1187.0
1183.0
1181.0
1190.0
1189.0
1189.0
1186.0
1183.0
1189.0
1195.0
37.0
42.0
41.0
40.0
40.0
37.0
41.0
41.0
40.0
40.0
36.0
42.0
40.0
40.0
40.0
37.0
45.0
45.0
45.0
45.0
41.0
46.0
46.0
45.0
45.0
37.0
42.0
41.0
42.0
42.0
37.0
41.0
41.0
41.0
41.0
37.0
41.0
40.0
41.0
40.0
1188.0
1198.0
1200.0
1197.0
1201.0
1188.0
1195.0
1197.0
1198.0
1205.0
1251.0
1252.0
1234.0
1252.0
1259.0
1241.0
1241.0
1240.0
1232.0
1272.0
1196.0
1201.0
1200.0
1200.0
1201.0
1196.0
1202.0
1201.0
1201.0
1227.0
1185.0
1190.0
1191.0
1188.0
1188.0
1185.0
1189.0
1191.0
1189.0
1189.0
1221.0
1226.0
1224.0
1226.0
1224.0
1221.0
1225.0
1225.0
1231.0
1232.0
1190.0
1196.0
1194.0
1195.0
1197.0
1189.0
1197.0
1193.0
1190.0
1189.0
42.0
40.0
41.0
40.0
40.0
41.0
40.0
40.0
39.0
40.0
41.0
40.0
40.0
40.0
40.0
41.0
41.0
41.0
40.0
40.0
41.0
41.0
40.0
40.0
40.0
42.0
40.0
40.0
40.0
40.0
41.0
40.0
40.0
40.0
40.0
41.0
40.0
40.0
39.0
40.0
1190.0
1190.0
1189.0
1189.0
1189.0
1193.0
1190.0
1189.0
1228.0
1231.0
1232.0
1260.0
1229.0
1232.0
1232.0
1234.0
1230.0
1232.0
1221.0
1192.0
1188.0
1187.0
1188.0
1188.0
1189.0
1191.0
1223.0
1187.0
1188.0
1257.0
1189.0
1188.0
1190.0
1189.0
1189.0
1189.0
1190.0
1242.0
1233.0
1243.0
1241.0
1241.0
1241.0
1238.0
1239.0
1239.0
1239.0
1194.0
1191.0
1190.0
1191.0
1190.0
1192.0
1188.0
1190.0
1190.0
1190.0
1190.0
1191.0
1189.0
43.0
40.0
41.0
40.0
28.0
44.0
40.0
41.0
40.0
29.0
43.0
41.0
40.0
40.0
29.0
43.0
41.0
40.0
40.0
28.0
43.0
40.0
40.0
40.0
29.0
43.0
41.0
40.0
41.0
29.0
43.0
40.0
41.0
40.0
29.0
43.0
40.0
40.0
41.0
29.0
1230.0
1226.0
1228.0
1231.0
1218.0
1232.0
1230.0
1229.0
1228.0
1215.0
1210.0
1207.0
1217.0
1197.0
1188.0
1212.0
1199.0
1200.0
1202.0
1196.0
1191.0
1189.0
1192.0
1189.0
1179.0
1194.0
1188.0
1189.0
1189.0
1179.0
1229.0
1227.0
1226.0
1224.0
1214.0
1228.0
1228.0
1227.0
1225.0
1216.0
1192.0
1191.0
1190.0
1187.0
1189.0
1194.0
1190.0
1189.0
1189.0
1180.0
1194.0
1190.0
1189.0
1190.0
1177.0
1194.0
1203.0
1189.0
1188.0
1184.0
41.0
40.0
29.0
6.0
7.0
41.0
40.0
28.0
6.0
7.0
40.0
40.0
28.0
7.0
6.0
40.0
40.0
29.0
6.0
6.0
40.0
41.0
29.0
6.0
7.0
40.0
40.0
29.0
7.0
6.0
40.0
40.0
29.0
6.0
7.0
41.0
40.0
29.0
6.0
6.0
1228.0
1225.0
1213.0
1189.0
1190.0
1224.0
1225.0
1228.0
1189.0
1190.0
1190.0
1192.0
1179.0
1154.0
1156.0
1192.0
1191.0
1177.0
1159.0
1158.0
1188.0
1186.0
1178.0
1154.0
1155.0
1191.0
1190.0
1178.0
1155.0
1156.0
1224.0
1223.0
1212.0
1191.0
1189.0
1229.0
1224.0
1211.0
1192.0
1191.0
1189.0
1189.0
1176.0
1154.0
1156.0
1189.0
1191.0
1178.0
1155.0
1155.0
1190.0
1189.0
1179.0
1156.0
1156.0
1191.0
1257.0
1180.0
1157.0
1155.0
43.0
40.0
41.0
41.0
7.0
43.0
40.0
40.0
40.0
7.0
42.0
40.0
40.0
41.0
6.0
43.0
41.0
40.0
42.0
7.0
44.0
40.0
41.0
41.0
7.0
43.0
41.0
40.0
41.0
6.0
43.0
41.0
40.0
40.0
7.0
43.0
40.0
40.0
41.0
7.0
1227.0
1223.0
1224.0
1224.0
1190.0
1229.0
1224.0
1223.0
1226.0
1189.0
1204.0
1210.0
1211.0
1199.0
1183.0
1226.0
1200.0
1212.0
1210.0
1175.0
1191.0
1188.0
1191.0
1190.0
1156.0
1192.0
1188.0
1191.0
1189.0
1157.0
1227.0
1224.0
1224.0
1224.0
1191.0
1228.0
1227.0
1226.0
1226.0
1192.0
1190.0
1185.0
1186.0
1189.0
1151.0
1189.0
1188.0
1185.0
1188.0
1151.0
1187.0
1186.0
1186.0
1186.0
1154.0
1189.0
1188.0
1187.0
1187.0
1153.0
40.0
41.0
7.0
7.0
6.0
40.0
40.0
7.0
6.0
6.0
40.0
40.0
7.0
6.0
6.0
41.0
40.0
7.0
7.0
6.0
43.0
43.0
6.0
7.0
7.0
43.0
43.0
6.0
6.0
7.0
43.0
43.0
7.0
6.0
9.0
43.0
43.0
9.0
6.0
7.0
1231.0
1232.0
1195.0
1198.0
1198.0
1234.0
1233.0
1197.0
1196.0
1201.0
1189.0
1190.0
1155.0
1157.0
1154.0
1191.0
1191.0
1153.0
1156.0
1154.0
1197.0
1201.0
1165.0
1169.0
1168.0
1203.0
1204.0
1169.0
1165.0
1169.0
1223.0
1222.0
1187.0
1186.0
1188.0
1219.0
1220.0
1186.0
1187.0
1185.0
1188.0
1189.0
1156.0
1156.0
1155.0
1192.0
1220.0
1154.0
1157.0
1157.0
1187.0
1191.0
1154.0
1153.0
1155.0
1203.0
1193.0
1170.0
1169.0
1180.0
9.0
7.0
7.0
7.0
7.0
9.0
7.0
7.0
7.0
7.0
9.0
7.0
22.0
22.0
23.0
26.0
23.0
7.0
7.0
7.0
9.0
7.0
7.0
7.0
7.0
10.0
8.0
7.0
7.0
7.0
10.0
8.0
7.0
7.0
7.0
10.0
8.0
7.0
7.0
7.0
1189.0
1189.0
1186.0
1186.0
1184.0
1187.0
1190.0
1186.0
1186.0
1191.0
1158.0
1155.0
1169.0
1157.0
1156.0
1161.0
1157.0
1155.0
1155.0
1167.0
1288.0
1199.0
1256.0
1204.0
1180.0
1168.0
1165.0
1231.0
1240.0
1163.0
1201.0
1193.0
1196.0
1187.0
1190.0
1190.0
1187.0
1186.0
1189.0
1188.0
1161.0
1154.0
1152.0
1154.0
1152.0
1156.0
1152.0
1155.0
1154.0
1154.0
1157.0
1154.0
1153.0
1157.0
1155.0
1160.0
1154.0
1157.0
1156.0
1156.0
6.0
7.0
6.0
6.0
6.0
7.0
7.0
7.0
6.0
7.0
7.0
7.0
7.0
7.0
6.0
6.0
6.0
6.0
6.0
6.0
7.0
6.0
6.0
6.0
7.0
7.0
7.0
7.0
7.0
6.0
7.0
7.0
7.0
6.0
6.0
7.0
6.0
7.0
6.0
6.0
1193.0
1191.0
1192.0
1192.0
1193.0
1191.0
1193.0
1193.0
1193.0
1194.0
1157.0
1156.0
1156.0
1155.0
1156.0
1158.0
1154.0
1155.0
1156.0
1154.0
1156.0
1156.0
1156.0
1156.0
1157.0
1155.0
1158.0
1154.0
1158.0
1156.0
1191.0
1190.0
1194.0
1192.0
1191.0
1192.0
1194.0
1195.0
1193.0
1194.0
1158.0
1158.0
1158.0
1157.0
1157.0
1157.0
1159.0
1159.0
1161.0
1160.0
1160.0
1160.0
1161.0
1178.0
1176.0
1159.0
1160.0
1178.0
1160.0
1181.0
9.0
7.0
7.0
7.0
7.0
9.0
7.0
7.0
7.0
6.0
9.0
6.0
7.0
7.0
7.0
9.0
7.0
6.0
6.0
7.0
10.0
7.0
7.0
8.0
7.0
9.0
7.0
7.0
8.0
7.0
9.0
8.0
7.0
7.0
6.0
10.0
7.0
7.0
7.0
7.0
1230.0
1198.0
1216.0
1200.0
1200.0
1204.0
1223.0
1199.0
1202.0
1223.0
1171.0
1165.0
1168.0
1166.0
1165.0
1167.0
1190.0
1184.0
1195.0
1185.0
1165.0
1168.0
1185.0
1169.0
1169.0
1172.0
1170.0
1172.0
1209.0
1173.0
1195.0
1191.0
1189.0
1189.0
1194.0
1195.0
1191.0
1193.0
1194.0
1272.0
1158.0
1157.0
1157.0
1154.0
1160.0
1160.0
1158.0
1159.0
1157.0
1158.0
1159.0
1158.0
1157.0
1155.0
1159.0
1157.0
1157.0
1154.0
1161.0
1155.0
7.0
7.0
6.0
6.0
6.0
7.0
7.0
7.0
7.0
6.0
7.0
7.0
6.0
6.0
7.0
7.0
6.0
6.0
6.0
7.0
7.0
6.0
6.0
7.0
7.0
7.0
6.0
7.0
7.0
6.0
7.0
6.0
7.0
7.0
6.0
7.0
7.0
6.0
7.0
6.0
1193.0
1193.0
1192.0
1192.0
1195.0
1193.0
1192.0
1193.0
1193.0
1189.0
1155.0
1155.0
1159.0
1156.0
1156.0
1158.0
1158.0
1159.0
1155.0
1156.0
1156.0
1155.0
1154.0
1160.0
1156.0
1154.0
1155.0
1160.0
1159.0
1167.0
1192.0
1190.0
1189.0
1192.0
1193.0
1192.0
1192.0
1196.0
1193.0
1193.0
1157.0
1157.0
1154.0
1156.0
1155.0
1166.0
1157.0
1158.0
1156.0
1155.0
1155.0
1152.0
1157.0
1155.0
1154.0
1157.0
1155.0
1159.0
1154.0
1155.0
10.0
7.0
7.0
7.0
7.0
10.0
8.0
7.0
7.0
7.0
10.0
7.0
7.0
7.0
7.0
10.0
7.0
7.0
7.0
7.0
10.0
8.0
7.0
7.0
7.0
9.0
7.0
7.0
7.0
7.0
10.0
7.0
7.0
7.0
7.0
10.0
7.0
7.0
7.0
7.0
9.0
7.0
7.0
7.0
7.0
9.0
7.0
7.0
7.0
7.0
10.0
8.0
7.0
7.0
7.0
10.0
7.0
7.0
7.0
7.0
9.0
7.0
7.0
7.0
7.0
9.0
7.0
7.0
7.0
7.0
9.0
7.0
7.0
7.0
7.0
10.0
7.0
7.0
7.0
7.0
10.0
8.0
7.0
7.0
7.0
10.0
8.0
7.0
7.0
6.0
9.0
7.0
7.0
7.0
7.0
10.0
7.0
7.0
6.0
7.0
7.0
7.0
7.0
6.0
7.0
7.0
7.0
7.0
7.0
7.0
7.0
7.0
6.0
7.0
6.0
7.0
7.0
7.0
7.0
7.0
7.0
7.0
7.0
7.0
6.0
7.0
7.0
6.0
6.0
7.0
7.0
7.0
7.0
7.0
7.0
7.0
7.0
6.0
7.0
6.0
7.0
7.0
7.0
6.0
6.0
7.0
7.0
7.0
7.0
6.0
7.0
7.0
6.0
7.0
7.0
7.0
7.0
7.0
7.0
6.0
7.0
7.0
7.0
6.0
7.0
7.0
7.0
7.0
7.0
6.0
7.0
7.0
7.0
7.0
6.0
7.0
7.0
7.0
6.0
7.0
8.0
7.0
7.0
7.0
6.0
7.0
7.0
7.0
6.0
6.0
7.0
7.0
7.0
7.0
7.0
7.0
7.0
7.0
7.0
6.0
9.0
7.0
7.0
7.0
7.0
10.0
7.0
7.0
7.0
7.0
9.0
7.0
7.0
7.0
7.0
9.0
7.0
7.0
7.0
7.0
9.0
7.0
7.0
7.0
7.0
9.0
7.0
7.0
7.0
7.0
10.0
7.0
7.0
7.0
7.0
9.0
7.0
7.0
7.0
6.0
10.0
7.0
7.0
7.0
6.0
10.0
7.0
7.0
7.0
6.0
10.0
7.0
7.0
6.0
7.0
9.0
7.0
7.0
7.0
7.0
10.0
7.0
6.0
7.0
7.0
9.0
7.0
7.0
7.0
7.0
9.0
7.0
7.0
7.0
7.0
10.0
7.0
7.0
7.0
7.0
9.0
7.0
7.0
7.0
7.0
9.0
7.0
7.0
7.0
7.0
9.0
7.0
7.0
7.0
7.0
9.0
7.0
7.0
7.0
7.0
7.0
7.0
7.0
7.0
7.0
7.0
7.0
6.0
7.0
7.0
7.0
7.0
7.0
7.0
7.0
7.0
7.0
6.0
6.0
7.0
7.0
7.0
7.0
7.0
7.0
7.0
7.0
7.0
7.0
6.0
7.0
7.0
6.0
6.0
6.0
7.0
7.0
7.0
7.0
6.0
8.0
6.0
6.0
6.0
6.0
7.0
7.0
7.0
7.0
7.0
7.0
7.0
7.0
7.0
6.0
7.0
7.0
7.0
7.0
7.0
7.0
7.0
7.0
7.0
6.0
7.0
7.0
7.0
7.0
7.0
7.0
7.0
7.0
7.0
7.0
7.0
7.0
7.0
7.0
7.0
7.0
7.0
7.0
7.0
7.0
7.0
7.0
7.0
7.0
7.0
7.0
7.0
7.0
7.0
7.0
6.0
7.0
7.0
6.0
6.0
