2.0
2.0
2.0
1.0
1.0
0.0
1.0
1.0
1.0
1.0
19.0
18.0
240.0
139.0
314.0
313.0
317.0
349.0
429.0
542.0
393.0
340.0
306.0
430.0
304.0
303.0
302.0
304.0
270.0
247.0
304.0
306.0
305.0
300.0
303.0
300.0
261.0
301.0
265.0
267.0
299.0
299.0
298.0
278.0
277.0
295.0
296.0
277.0
278.0
296.0
10.0
8.0
127.0
125.0
286.0
277.0
287.0
284.0
280.0
278.0
281.0
281.0
283.0
280.0
291.0
290.0
292.0
289.0
291.0
290.0
292.0
289.0
293.0
288.0
282.0
280.0
281.0
281.0
284.0
283.0
280.0
281.0
283.0
280.0
281.0
279.0
282.0
280.0
282.0
282.0
8.0
8.0
118.0
118.0
280.0
279.0
279.0
281.0
282.0
282.0
284.0
284.0
282.0
284.0
284.0
284.0
283.0
282.0
282.0
280.0
279.0
279.0
281.0
279.0
279.0
289.0
290.0
290.0
291.0
290.0
290.0
291.0
289.0
289.0
289.0
282.0
286.0
285.0
290.0
280.0
8.0
8.0
118.0
122.0
280.0
280.0
280.0
288.0
280.0
286.0
285.0
284.0
280.0
280.0
281.0
279.0
279.0
280.0
280.0
280.0
279.0
280.0
284.0
282.0
284.0
283.0
283.0
282.0
283.0
282.0
283.0
283.0
280.0
280.0
280.0
280.0
289.0
290.0
290.0
291.0
8.0
7.0
118.0
118.0
289.0
291.0
289.0
290.0
288.0
289.0
281.0
282.0
281.0
285.0
281.0
286.0
287.0
286.0
280.0
280.0
281.0
285.0
281.0
282.0
281.0
280.0
280.0
279.0
279.0
280.0
280.0
280.0
276.0
278.0
273.0
273.0
269.0
268.0
269.0
270.0
19.0
10.0
19.0
10.0
11.0
11.0
12.0
10.0
19.0
14.0
12.0
1.0
10.0
1.0
3.0
1.0
1.0
1.0
1.0
1.0
130.0
128.0
130.0
129.0
231.0
235.0
237.0
234.0
131.0
127.0
137.0
127.0
137.0
89.0
115.0
1.0
1.0
2.0
1.0
1.0
312.0
312.0
424.0
519.0
520.0
407.0
305.0
281.0
303.0
300.0
305.0
293.0
246.0
263.0
281.0
174.0
80.0
97.0
79.0
98.0
302.0
274.0
301.0
300.0
264.0
266.0
299.0
288.0
297.0
295.0
281.0
270.0
288.0
251.0
270.0
159.0
89.0
94.0
93.0
93.0
291.0
291.0
360.0
375.0
293.0
295.0
293.0
262.0
306.0
301.0
312.0
303.0
310.0
223.0
379.0
186.0
88.0
175.0
98.0
98.0
259.0
301.0
303.0
275.0
301.0
268.0
299.0
292.0
299.0
270.0
291.0
279.0
290.0
240.0
257.0
167.0
88.0
94.0
94.0
89.0
285.0
282.0
282.0
281.0
283.0
282.0
284.0
280.0
283.0
281.0
285.0
276.0
284.0
246.0
265.0
165.0
93.0
95.0
94.0
92.0
292.0
291.0
293.0
289.0
290.0
293.0
292.0
289.0
292.0
292.0
285.0
274.0
282.0
244.0
262.0
164.0
91.0
91.0
90.0
91.0
283.0
280.0
282.0
281.0
282.0
281.0
283.0
281.0
281.0
283.0
284.0
273.0
282.0
243.0
263.0
164.0
91.0
90.0
91.0
91.0
282.0
282.0
281.0
283.0
285.0
285.0
285.0
285.0
286.0
285.0
287.0
276.0
290.0
248.0
263.0
163.0
91.0
91.0
90.0
90.0
296.0
295.0
296.0
295.0
295.0
294.0
295.0
294.0
296.0
292.0
285.0
276.0
283.0
245.0
262.0
165.0
92.0
93.0
92.0
91.0
283.0
282.0
282.0
282.0
282.0
282.0
282.0
281.0
283.0
280.0
284.0
277.0
284.0
243.0
262.0
163.0
92.0
91.0
91.0
91.0
286.0
289.0
288.0
286.0
287.0
286.0
286.0
290.0
289.0
283.0
284.0
279.0
295.0
244.0
269.0
164.0
91.0
90.0
93.0
91.0
290.0
290.0
293.0
290.0
291.0
288.0
290.0
290.0
283.0
281.0
284.0
278.0
286.0
246.0
265.0
163.0
91.0
94.0
92.0
91.0
284.0
290.0
294.0
284.0
282.0
287.0
285.0
288.0
292.0
286.0
284.0
283.0
287.0
247.0
262.0
165.0
90.0
93.0
95.0
93.0
288.0
288.0
292.0
288.0
288.0
289.0
291.0
286.0
288.0
285.0
305.0
296.0
302.0
266.0
282.0
183.0
91.0
90.0
90.0
91.0
304.0
306.0
303.0
306.0
290.0
289.0
295.0
296.0
291.0
288.0
289.0
280.0
291.0
264.0
280.0
164.0
96.0
96.0
97.0
91.0
301.0
303.0
283.0
300.0
282.0
282.0
283.0
297.0
282.0
293.0
290.0
278.0
290.0
246.0
267.0
163.0
90.0
91.0
91.0
90.0
287.0
286.0
287.0
288.0
289.0
285.0
285.0
282.0
286.0
283.0
295.0
284.0
290.0
253.0
274.0
173.0
102.0
101.0
101.0
101.0
283.0
284.0
283.0
283.0
285.0
284.0
284.0
282.0
284.0
280.0
284.0
272.0
281.0
244.0
261.0
163.0
91.0
90.0
90.0
91.0
10.0
8.0
10.0
8.0
9.0
7.0
8.0
7.0
8.0
0.0
1.0
1.0
1.0
1.0
1.0
1.0
1.0
1.0
1.0
0.0
120.0
119.0
122.0
121.0
119.0
118.0
119.0
119.0
120.0
111.0
114.0
82.0
83.0
82.0
1.0
0.0
1.0
1.0
1.0
1.0
287.0
281.0
284.0
282.0
284.0
282.0
285.0
284.0
286.0
278.0
279.0
250.0
250.0
248.0
166.0
93.0
92.0
94.0
90.0
92.0
292.0
289.0
292.0
294.0
294.0
289.0
292.0
293.0
292.0
284.0
275.0
245.0
245.0
245.0
163.0
93.0
91.0
91.0
92.0
91.0
282.0
280.0
284.0
280.0
282.0
283.0
280.0
283.0
284.0
273.0
273.0
243.0
245.0
242.0
163.0
91.0
91.0
91.0
91.0
91.0
284.0
279.0
283.0
281.0
282.0
279.0
282.0
282.0
283.0
275.0
276.0
244.0
246.0
246.0
166.0
92.0
91.0
90.0
91.0
90.0
282.0
289.0
289.0
290.0
290.0
289.0
291.0
289.0
288.0
282.0
283.0
244.0
243.0
244.0
163.0
90.0
90.0
91.0
92.0
91.0
282.0
280.0
284.0
279.0
282.0
280.0
280.0
281.0
280.0
274.0
273.0
242.0
245.0
243.0
162.0
90.0
90.0
90.0
90.0
90.0
282.0
280.0
283.0
282.0
283.0
278.0
281.0
279.0
279.0
275.0
278.0
246.0
247.0
247.0
166.0
90.0
94.0
94.0
94.0
94.0
286.0
281.0
282.0
281.0
282.0
280.0
281.0
290.0
289.0
283.0
282.0
253.0
253.0
252.0
173.0
100.0
100.0
91.0
92.0
90.0
281.0
279.0
283.0
280.0
282.0
278.0
281.0
279.0
280.0
273.0
272.0
243.0
243.0
243.0
163.0
91.0
90.0
89.0
90.0
90.0
282.0
280.0
282.0
280.0
281.0
279.0
280.0
280.0
280.0
273.0
276.0
246.0
246.0
246.0
163.0
90.0
90.0
90.0
91.0
91.0
285.0
284.0
285.0
283.0
284.0
282.0
280.0
281.0
279.0
272.0
284.0
253.0
255.0
253.0
173.0
91.0
90.0
99.0
102.0
100.0
293.0
289.0
282.0
281.0
283.0
282.0
281.0
280.0
279.0
274.0
275.0
241.0
244.0
245.0
163.0
91.0
92.0
91.0
91.0
91.0
282.0
281.0
282.0
281.0
281.0
279.0
282.0
279.0
280.0
273.0
274.0
243.0
243.0
243.0
163.0
91.0
91.0
91.0
91.0
91.0
284.0
283.0
285.0
283.0
285.0
283.0
284.0
283.0
282.0
276.0
275.0
252.0
253.0
254.0
162.0
90.0
91.0
93.0
91.0
91.0
293.0
289.0
293.0
288.0
292.0
292.0
290.0
281.0
280.0
275.0
276.0
243.0
244.0
244.0
162.0
91.0
90.0
90.0
90.0
91.0
283.0
281.0
281.0
279.0
284.0
280.0
283.0
279.0
279.0
274.0
274.0
243.0
243.0
243.0
164.0
90.0
91.0
91.0
90.0
92.0
285.0
283.0
286.0
283.0
286.0
283.0
284.0
283.0
284.0
277.0
274.0
243.0
243.0
243.0
163.0
91.0
91.0
91.0
90.0
90.0
293.0
291.0
293.0
290.0
291.0
290.0
290.0
291.0
291.0
282.0
274.0
245.0
243.0
243.0
163.0
91.0
91.0
91.0
91.0
91.0
8.0
7.0
8.0
7.0
8.0
7.0
7.0
7.0
1.0
1.0
1.0
0.0
1.0
1.0
1.0
1.0
0.0
0.0
1.0
1.0
118.0
118.0
119.0
118.0
119.0
118.0
118.0
118.0
112.0
111.0
98.0
81.0
82.0
1.0
0.0
0.0
1.0
1.0
0.0
0.0
280.0
281.0
283.0
280.0
280.0
281.0
280.0
280.0
276.0
273.0
260.0
245.0
244.0
91.0
90.0
90.0
90.0
90.0
91.0
90.0
284.0
283.0
284.0
283.0
282.0
283.0
284.0
283.0
276.0
276.0
261.0
243.0
243.0
91.0
91.0
90.0
90.0
92.0
90.0
90.0
290.0
291.0
289.0
289.0
288.0
289.0
290.0
289.0
282.0
283.0
260.0
243.0
245.0
91.0
91.0
91.0
90.0
91.0
90.0
90.0
280.0
278.0
279.0
280.0
279.0
280.0
279.0
280.0
273.0
273.0
261.0
242.0
243.0
91.0
90.0
90.0
90.0
91.0
90.0
91.0
280.0
279.0
282.0
282.0
283.0
283.0
283.0
288.0
277.0
276.0
264.0
247.0
245.0
91.0
91.0
90.0
91.0
90.0
90.0
90.0
281.0
281.0
279.0
281.0
290.0
290.0
291.0
291.0
285.0
284.0
272.0
253.0
254.0
101.0
90.0
91.0
92.0
91.0
91.0
91.0
281.0
279.0
281.0
282.0
280.0
283.0
284.0
279.0
289.0
277.0
261.0
243.0
243.0
92.0
90.0
91.0
91.0
90.0
90.0
90.0
280.0
279.0
280.0
280.0
278.0
280.0
280.0
279.0
271.0
273.0
263.0
246.0
246.0
90.0
91.0
91.0
91.0
93.0
94.0
94.0
284.0
282.0
283.0
283.0
281.0
279.0
279.0
279.0
272.0
272.0
271.0
253.0
254.0
90.0
91.0
91.0
90.0
91.0
91.0
90.0
291.0
291.0
292.0
290.0
291.0
290.0
290.0
279.0
274.0
273.0
262.0
244.0
244.0
91.0
91.0
90.0
90.0
91.0
90.0
90.0
281.0
282.0
279.0
282.0
278.0
280.0
280.0
280.0
273.0
273.0
261.0
243.0
244.0
92.0
90.0
92.0
91.0
90.0
91.0
91.0
284.0
282.0
284.0
284.0
283.0
284.0
283.0
282.0
276.0
277.0
272.0
253.0
256.0
91.0
92.0
93.0
94.0
99.0
100.0
108.0
302.0
322.0
301.0
302.0
306.0
306.0
299.0
308.0
300.0
303.0
269.0
249.0
249.0
103.0
95.0
95.0
93.0
91.0
101.0
91.0
280.0
280.0
279.0
281.0
279.0
279.0
305.0
282.0
274.0
275.0
261.0
242.0
242.0
91.0
90.0
91.0
91.0
97.0
91.0
91.0
282.0
279.0
279.0
281.0
305.0
282.0
282.0
279.0
273.0
275.0
266.0
246.0
247.0
95.0
94.0
94.0
104.0
94.0
93.0
91.0
283.0
282.0
282.0
307.0
279.0
279.0
279.0
281.0
271.0
274.0
275.0
258.0
255.0
90.0
91.0
103.0
106.0
103.0
104.0
102.0
293.0
292.0
280.0
281.0
279.0
282.0
282.0
281.0
273.0
274.0
260.0
242.0
243.0
91.0
90.0
90.0
91.0
89.0
90.0
91.0
281.0
279.0
281.0
280.0
278.0
279.0
280.0
279.0
273.0
273.0
260.0
242.0
243.0
91.0
90.0
90.0
91.0
91.0
91.0
91.0
8.0
7.0
8.0
7.0
8.0
8.0
7.0
8.0
0.0
0.0
1.0
1.0
1.0
1.0
0.0
1.0
1.0
0.0
1.0
1.0
118.0
117.0
118.0
117.0
120.0
119.0
119.0
121.0
114.0
114.0
102.0
86.0
84.0
1.0
0.0
1.0
1.0
1.0
0.0
1.0
286.0
281.0
280.0
280.0
281.0
280.0
280.0
279.0
273.0
273.0
272.0
253.0
252.0
91.0
100.0
99.0
100.0
99.0
100.0
100.0
290.0
280.0
281.0
280.0
280.0
281.0
278.0
280.0
273.0
272.0
261.0
243.0
244.0
90.0
90.0
91.0
90.0
91.0
90.0
91.0
278.0
279.0
280.0
280.0
279.0
280.0
279.0
281.0
273.0
273.0
259.0
242.0
243.0
91.0
90.0
91.0
90.0
91.0
92.0
91.0
283.0
283.0
284.0
284.0
283.0
283.0
284.0
283.0
277.0
276.0
259.0
243.0
242.0
90.0
91.0
91.0
90.0
90.0
90.0
90.0
290.0
289.0
291.0
289.0
289.0
290.0
288.0
288.0
283.0
281.0
260.0
243.0
244.0
90.0
91.0
91.0
90.0
90.0
90.0
90.0
280.0
280.0
281.0
278.0
279.0
279.0
281.0
279.0
272.0
274.0
261.0
243.0
244.0
90.0
90.0
91.0
90.0
91.0
90.0
90.0
281.0
280.0
280.0
280.0
279.0
280.0
281.0
283.0
276.0
277.0
264.0
246.0
247.0
95.0
94.0
93.0
93.0
90.0
90.0
91.0
280.0
278.0
279.0
280.0
280.0
279.0
279.0
289.0
282.0
283.0
271.0
253.0
254.0
100.0
101.0
99.0
101.0
92.0
92.0
90.0
282.0
280.0
280.0
281.0
281.0
281.0
279.0
280.0
273.0
274.0
262.0
242.0
243.0
92.0
91.0
91.0
91.0
92.0
91.0
91.0
280.0
280.0
279.0
280.0
280.0
280.0
280.0
279.0
273.0
273.0
260.0
245.0
246.0
90.0
91.0
91.0
90.0
91.0
90.0
91.0
282.0
283.0
283.0
283.0
283.0
282.0
282.0
283.0
274.0
274.0
261.0
252.0
252.0
90.0
91.0
90.0
90.0
91.0
91.0
90.0
290.0
288.0
289.0
288.0
288.0
290.0
291.0
291.0
273.0
274.0
262.0
243.0
244.0
91.0
91.0
91.0
90.0
90.0
90.0
90.0
281.0
280.0
281.0
281.0
280.0
280.0
280.0
280.0
272.0
273.0
262.0
243.0
243.0
91.0
91.0
91.0
91.0
91.0
91.0
91.0
280.0
283.0
283.0
282.0
282.0
282.0
281.0
283.0
276.0
277.0
265.0
244.0
244.0
91.0
91.0
90.0
91.0
90.0
90.0
91.0
280.0
279.0
289.0
289.0
290.0
290.0
291.0
289.0
283.0
283.0
269.0
253.0
244.0
91.0
92.0
91.0
91.0
90.0
91.0
90.0
280.0
280.0
281.0
282.0
280.0
279.0
281.0
280.0
274.0
274.0
262.0
245.0
244.0
91.0
92.0
90.0
92.0
91.0
91.0
91.0
280.0
279.0
279.0
282.0
279.0
281.0
280.0
279.0
274.0
275.0
264.0
248.0
246.0
92.0
91.0
91.0
91.0
93.0
94.0
94.0
283.0
283.0
284.0
283.0
281.0
279.0
280.0
279.0
273.0
273.0
271.0
253.0
253.0
91.0
91.0
91.0
90.0
90.0
100.0
99.0
8.0
7.0
8.0
7.0
7.0
7.0
8.0
7.0
1.0
1.0
1.0
0.0
0.0
0.0
0.0
1.0
1.0
1.0
1.0
1.0
128.0
128.0
127.0
128.0
128.0
120.0
119.0
119.0
112.0
82.0
81.0
1.0
1.0
0.0
1.0
1.0
1.0
0.0
1.0
1.0
280.0
279.0
280.0
279.0
280.0
280.0
280.0
279.0
274.0
242.0
243.0
90.0
162.0
90.0
91.0
91.0
91.0
91.0
90.0
91.0
279.0
278.0
279.0
279.0
279.0
279.0
279.0
280.0
273.0
244.0
243.0
91.0
163.0
91.0
90.0
90.0
90.0
90.0
90.0
90.0
284.0
284.0
285.0
283.0
284.0
284.0
283.0
285.0
276.0
246.0
243.0
91.0
162.0
91.0
91.0
90.0
91.0
91.0
90.0
90.0
293.0
290.0
291.0
289.0
289.0
290.0
292.0
291.0
283.0
253.0
244.0
91.0
163.0
91.0
90.0
91.0
91.0
91.0
91.0
90.0
280.0
278.0
279.0
280.0
282.0
281.0
282.0
280.0
276.0
243.0
243.0
91.0
162.0
92.0
90.0
91.0
92.0
91.0
91.0
90.0
280.0
278.0
280.0
279.0
280.0
280.0
279.0
281.0
272.0
242.0
247.0
93.0
166.0
94.0
95.0
95.0
94.0
94.0
94.0
94.0
281.0
280.0
280.0
280.0
279.0
280.0
279.0
280.0
274.0
243.0
253.0
91.0
172.0
91.0
90.0
91.0
90.0
90.0
90.0
91.0
290.0
289.0
292.0
290.0
290.0
289.0
290.0
291.0
276.0
244.0
244.0
91.0
163.0
91.0
91.0
90.0
90.0
91.0
91.0
92.0
280.0
279.0
280.0
280.0
281.0
281.0
280.0
280.0
273.0
244.0
243.0
91.0
164.0
90.0
91.0
90.0
91.0
90.0
91.0
91.0
280.0
283.0
283.0
283.0
285.0
283.0
285.0
285.0
278.0
248.0
248.0
91.0
164.0
91.0
91.0
90.0
90.0
90.0
91.0
90.0
280.0
281.0
280.0
280.0
279.0
278.0
280.0
290.0
283.0
255.0
253.0
101.0
173.0
101.0
101.0
101.0
101.0
91.0
91.0
90.0
285.0
293.0
290.0
289.0
288.0
289.0
291.0
289.0
283.0
250.0
258.0
96.0
165.0
92.0
95.0
92.0
92.0
95.0
95.0
92.0
283.0
294.0
295.0
283.0
282.0
294.0
295.0
283.0
276.0
256.0
246.0
95.0
172.0
92.0
92.0
95.0
95.0
92.0
92.0
96.0
296.0
287.0
287.0
296.0
297.0
286.0
286.0
295.0
287.0
249.0
246.0
90.0
162.0
92.0
91.0
91.0
90.0
90.0
90.0
91.0
289.0
289.0
291.0
289.0
288.0
289.0
290.0
289.0
282.0
252.0
244.0
90.0
164.0
90.0
90.0
90.0
90.0
91.0
91.0
91.0
279.0
280.0
280.0
280.0
280.0
279.0
280.0
279.0
273.0
243.0
243.0
90.0
163.0
90.0
90.0
91.0
91.0
90.0
91.0
91.0
280.0
278.0
279.0
280.0
280.0
279.0
280.0
280.0
272.0
242.0
247.0
91.0
167.0
91.0
91.0
90.0
91.0
91.0
90.0
94.0
283.0
284.0
283.0
283.0
282.0
283.0
284.0
278.0
273.0
243.0
231.0
90.0
156.0
90.0
91.0
90.0
90.0
88.0
87.0
84.0
