1.0
0.0
1.0
0.0
1.0
0.0
1.0
0.0
1.0
0.0
1.0
0.0
185.0
184.0
160.0
183.0
160.0
186.0
183.0
185.0
160.0
186.0
202.0
267.0
203.0
220.0
219.0
219.0
218.0
219.0
1.0
0.0
218.0
264.0
166.0
166.0
174.0
174.0
174.0
174.0
176.0
175.0
169.0
170.0
171.0
171.0
171.0
171.0
170.0
171.0
0.0
1.0
171.0
170.0
170.0
171.0
170.0
171.0
171.0
170.0
171.0
171.0
170.0
173.0
170.0
170.0
171.0
171.0
172.0
171.0
1.0
0.0
170.0
171.0
172.0
171.0
170.0
171.0
171.0
170.0
171.0
172.0
171.0
171.0
171.0
172.0
171.0
212.0
213.0
213.0
0.0
1.0
214.0
213.0
213.0
214.0
213.0
212.0
212.0
172.0
171.0
172.0
171.0
171.0
172.0
171.0
171.0
171.0
172.0
172.0
1.0
1.0
170.0
170.0
171.0
172.0
170.0
172.0
171.0
170.0
171.0
171.0
170.0
170.0
173.0
172.0
171.0
172.0
172.0
171.0
0.0
1.0
170.0
171.0
171.0
172.0
172.0
172.0
172.0
172.0
171.0
171.0
171.0
171.0
172.0
172.0
218.0
177.0
175.0
217.0
1.0
0.0
215.0
213.0
215.0
215.0
213.0
213.0
217.0
217.0
177.0
176.0
172.0
177.0
171.0
172.0
170.0
171.0
171.0
175.0
0.0
1.0
174.0
174.0
174.0
174.0
171.0
170.0
171.0
171.0
171.0
173.0
172.0
173.0
174.0
172.0
170.0
172.0
170.0
170.0
1.0
0.0
171.0
171.0
172.0
171.0
172.0
171.0
171.0
171.0
171.0
171.0
168.0
170.0
171.0
171.0
170.0
171.0
166.0
162.0
1.0
0.0
335.0
223.0
176.0
222.0
223.0
223.0
377.0
225.0
336.0
375.0
193.0
184.0
183.0
184.0
184.0
185.0
184.0
170.0
1.0
0.0
149.0
264.0
264.0
185.0
183.0
183.0
183.0
184.0
149.0
290.0
149.0
297.0
294.0
304.0
293.0
295.0
295.0
297.0
1.0
0.0
272.0
273.0
191.0
185.0
186.0
185.0
185.0
199.0
162.0
184.0
181.0
163.0
185.0
183.0
184.0
184.0
183.0
169.0
0.0
1.0
180.0
168.0
168.0
181.0
179.0
178.0
178.0
179.0
179.0
167.0
165.0
164.0
166.0
177.0
176.0
169.0
174.0
175.0
0.0
1.0
170.0
171.0
174.0
171.0
171.0
174.0
174.0
170.0
175.0
170.0
171.0
175.0
170.0
217.0
212.0
217.0
219.0
213.0
1.0
0.0
212.0
213.0
218.0
213.0
219.0
179.0
171.0
176.0
175.0
170.0
171.0
169.0
170.0
175.0
176.0
175.0
171.0
175.0
1.0
0.0
177.0
171.0
171.0
172.0
171.0
177.0
176.0
171.0
177.0
176.0
176.0
170.0
170.0
170.0
171.0
175.0
171.0
175.0
1.0
0.0
176.0
177.0
175.0
171.0
171.0
171.0
170.0
170.0
176.0
175.0
177.0
175.0
176.0
212.0
212.0
213.0
212.0
214.0
0.0
1.0
219.0
219.0
220.0
219.0
218.0
174.0
174.0
173.0
173.0
172.0
173.0
174.0
174.0
174.0
173.0
171.0
171.0
171.0
1.0
0.0
171.0
171.0
174.0
172.0
172.0
173.0
172.0
171.0
170.0
170.0
171.0
171.0
173.0
172.0
172.0
172.0
173.0
170.0
1.0
0.0
171.0
171.0
171.0
171.0
172.0
172.0
172.0
172.0
172.0
171.0
172.0
171.0
171.0
172.0
172.0
172.0
172.0
173.0
0.0
1.0
214.0
213.0
212.0
213.0
213.0
213.0
215.0
214.0
215.0
214.0
173.0
170.0
170.0
170.0
172.0
171.0
172.0
172.0
1.0
0.0
172.0
172.0
172.0
171.0
171.0
171.0
170.0
171.0
173.0
173.0
173.0
172.0
172.0
171.0
171.0
171.0
170.0
170.0
0.0
0.0
172.0
171.0
172.0
172.0
171.0
171.0
171.0
170.0
171.0
172.0
172.0
172.0
171.0
171.0
170.0
170.0
170.0
171.0
0.0
1.0
170.0
170.0
170.0
170.0
171.0
171.0
215.0
213.0
213.0
213.0
213.0
214.0
213.0
213.0
215.0
214.0
170.0
174.0
1.0
0.0
171.0
171.0
171.0
170.0
172.0
172.0
174.0
173.0
178.0
171.0
171.0
171.0
171.0
171.0
177.0
176.0
176.0
175.0
1.0
0.0
173.0
171.0
171.0
171.0
170.0
172.0
171.0
171.0
172.0
171.0
173.0
172.0
172.0
173.0
173.0
172.0
171.0
172.0
1.0
0.0
171.0
172.0
172.0
170.0
170.0
170.0
171.0
169.0
171.0
171.0
171.0
214.0
215.0
213.0
213.0
213.0
214.0
214.0
1.0
0.0
214.0
213.0
214.0
171.0
171.0
172.0
170.0
171.0
170.0
170.0
172.0
171.0
172.0
172.0
171.0
172.0
171.0
170.0
1.0
0.0
171.0
171.0
171.0
171.0
171.0
171.0
170.0
171.0
170.0
171.0
170.0
171.0
171.0
172.0
172.0
276.0
273.0
272.0
0.0
1.0
273.0
272.0
275.0
273.0
275.0
276.0
275.0
171.0
172.0
171.0
170.0
170.0
170.0
170.0
170.0
170.0
171.0
170.0
1.0
0.0
171.0
171.0
171.0
171.0
171.0
170.0
172.0
172.0
172.0
171.0
171.0
171.0
171.0
171.0
171.0
170.0
171.0
170.0
1.0
0.0
172.0
171.0
170.0
171.0
170.0
172.0
172.0
171.0
171.0
171.0
172.0
171.0
170.0
171.0
171.0
171.0
170.0
171.0
1.0
0.0
213.0
213.0
214.0
214.0
213.0
213.0
214.0
215.0
212.0
214.0
173.0
172.0
172.0
171.0
171.0
171.0
171.0
171.0
1.0
0.0
171.0
171.0
171.0
173.0
171.0
171.0
171.0
170.0
171.0
170.0
170.0
174.0
170.0
171.0
172.0
171.0
171.0
171.0
0.0
1.0
170.0
171.0
171.0
171.0
170.0
171.0
171.0
172.0
171.0
171.0
170.0
172.0
170.0
171.0
171.0
171.0
172.0
171.0
0.0
0.0
170.0
171.0
171.0
170.0
171.0
171.0
215.0
214.0
214.0
214.0
213.0
213.0
213.0
214.0
214.0
216.0
170.0
171.0
1.0
0.0
172.0
170.0
171.0
171.0
171.0
170.0
171.0
170.0
171.0
171.0
171.0
171.0
171.0
172.0
173.0
172.0
171.0
171.0
1.0
0.0
172.0
172.0
172.0
170.0
171.0
170.0
171.0
170.0
171.0
171.0
171.0
170.0
171.0
170.0
171.0
172.0
171.0
172.0
1.0
0.0
170.0
171.0
170.0
171.0
171.0
171.0
171.0
169.0
171.0
170.0
171.0
212.0
214.0
213.0
214.0
213.0
214.0
212.0
0.0
1.0
213.0
214.0
213.0
171.0
170.0
171.0
172.0
171.0
171.0
171.0
171.0
171.0
171.0
171.0
171.0
171.0
172.0
172.0
1.0
0.0
171.0
171.0
171.0
170.0
172.0
171.0
171.0
172.0
172.0
171.0
170.0
170.0
170.0
171.0
171.0
170.0
171.0
171.0
0.0
1.0
171.0
171.0
172.0
172.0
171.0
171.0
172.0
171.0
173.0
172.0
172.0
173.0
211.0
212.0
212.0
211.0
214.0
213.0
0.0
1.0
214.0
214.0
216.0
215.0
172.0
174.0
171.0
172.0
173.0
171.0
173.0
173.0
173.0
172.0
172.0
171.0
170.0
170.0
1.0
0.0
172.0
171.0
172.0
173.0
172.0
172.0
171.0
172.0
171.0
171.0
172.0
170.0
173.0
172.0
172.0
172.0
170.0
170.0
1.0
0.0
171.0
171.0
171.0
171.0
173.0
172.0
173.0
173.0
172.0
173.0
172.0
172.0
172.0
171.0
172.0
172.0
172.0
173.0
1.0
0.0
213.0
213.0
213.0
214.0
216.0
213.0
216.0
216.0
216.0
215.0
170.0
171.0
170.0
171.0
172.0
171.0
172.0
173.0
1.0
0.0
172.0
172.0
171.0
171.0
170.0
170.0
172.0
170.0
172.0
172.0
173.0
172.0
170.0
171.0
170.0
171.0
173.0
170.0
1.0
0.0
283.0
281.0
283.0
283.0
281.0
280.0
281.0
280.0
284.0
280.0
172.0
172.0
173.0
172.0
170.0
170.0
170.0
170.0
0.0
1.0
172.0
172.0
172.0
172.0
172.0
172.0
171.0
171.0
171.0
172.0
171.0
172.0
172.0
172.0
173.0
172.0
171.0
172.0
1.0
0.0
172.0
170.0
171.0
173.0
173.0
173.0
172.0
172.0
171.0
171.0
171.0
170.0
171.0
171.0
172.0
173.0
173.0
172.0
0.0
1.0
170.0
170.0
171.0
171.0
171.0
172.0
215.0
214.0
215.0
216.0
213.0
214.0
212.0
214.0
214.0
215.0
173.0
173.0
0.0
0.0
172.0
172.0
171.0
170.0
170.0
170.0
170.0
172.0
172.0
173.0
173.0
172.0
170.0
171.0
171.0
171.0
170.0
172.0
1.0
0.0
172.0
172.0
172.0
172.0
171.0
170.0
170.0
171.0
170.0
172.0
172.0
172.0
171.0
170.0
171.0
170.0
171.0
172.0
1.0
0.0
170.0
171.0
171.0
171.0
171.0
172.0
170.0
172.0
171.0
171.0
172.0
213.0
215.0
215.0
216.0
216.0
214.0
214.0
0.0
1.0
214.0
213.0
215.0
174.0
174.0
175.0
172.0
173.0
171.0
170.0
170.0
170.0
170.0
172.0
173.0
172.0
172.0
172.0
1.0
0.0
171.0
171.0
171.0
171.0
170.0
173.0
172.0
172.0
173.0
172.0
171.0
171.0
171.0
171.0
170.0
172.0
172.0
173.0
0.0
1.0
172.0
172.0
172.0
170.0
171.0
171.0
171.0
172.0
173.0
173.0
172.0
173.0
173.0
172.0
173.0
173.0
199.0
199.0
1.0
0.0
204.0
205.0
205.0
204.0
196.0
201.0
196.0
197.0
171.0
182.0
183.0
185.0
185.0
183.0
171.0
170.0
170.0
171.0
1.0
0.0
171.0
184.0
185.0
187.0
170.0
172.0
171.0
170.0
185.0
187.0
170.0
185.0
184.0
187.0
171.0
171.0
170.0
171.0
0.0
1.0
185.0
186.0
171.0
181.0
176.0
171.0
177.0
170.0
171.0
170.0
171.0
173.0
174.0
172.0
214.0
212.0
213.0
212.0
1.0
0.0
213.0
215.0
214.0
215.0
215.0
215.0
172.0
172.0
171.0
171.0
171.0
173.0
170.0
173.0
172.0
172.0
171.0
173.0
1.0
1.0
170.0
171.0
170.0
173.0
171.0
172.0
172.0
173.0
170.0
171.0
171.0
173.0
170.0
172.0
172.0
173.0
173.0
173.0
1.0
0.0
170.0
170.0
170.0
171.0
172.0
173.0
170.0
174.0
172.0
172.0
172.0
173.0
173.0
173.0
172.0
172.0
173.0
172.0
0.0
1.0
172.0
171.0
213.0
212.0
213.0
213.0
214.0
215.0
214.0
214.0
214.0
213.0
171.0
171.0
170.0
170.0
171.0
170.0
1.0
0.0
171.0
172.0
171.0
171.0
170.0
171.0
170.0
170.0
171.0
172.0
171.0
172.0
173.0
172.0
172.0
171.0
171.0
170.0
0.0
1.0
170.0
171.0
170.0
171.0
171.0
270.0
273.0
269.0
272.0
273.0
274.0
272.0
270.0
273.0
272.0
172.0
171.0
170.0
0.0
1.0
170.0
170.0
170.0
171.0
170.0
171.0
172.0
170.0
171.0
171.0
172.0
170.0
172.0
171.0
171.0
170.0
171.0
171.0
0.0
0.0
171.0
171.0
172.0
171.0
171.0
170.0
171.0
171.0
171.0
171.0
170.0
171.0
171.0
171.0
171.0
171.0
171.0
172.0
1.0
0.0
171.0
170.0
171.0
170.0
169.0
171.0
172.0
170.0
170.0
171.0
172.0
213.0
212.0
212.0
212.0
212.0
213.0
213.0
1.0
0.0
212.0
214.0
214.0
172.0
170.0
172.0
171.0
170.0
172.0
173.0
171.0
172.0
172.0
171.0
171.0
171.0
171.0
171.0
1.0
0.0
171.0
171.0
172.0
170.0
172.0
170.0
171.0
171.0
171.0
172.0
171.0
171.0
172.0
171.0
171.0
171.0
171.0
171.0
0.0
1.0
171.0
171.0
170.0
171.0
171.0
171.0
171.0
172.0
171.0
171.0
171.0
171.0
171.0
171.0
171.0
170.0
213.0
214.0
1.0
0.0
215.0
214.0
214.0
215.0
214.0
214.0
214.0
214.0
173.0
171.0
170.0
171.0
171.0
171.0
171.0
170.0
172.0
171.0
1.0
0.0
171.0
171.0
170.0
171.0
171.0
171.0
170.0
171.0
171.0
170.0
171.0
171.0
171.0
171.0
170.0
171.0
171.0
171.0
0.0
1.0
171.0
171.0
171.0
173.0
171.0
171.0
171.0
171.0
170.0
170.0
171.0
170.0
171.0
170.0
171.0
172.0
172.0
172.0
1.0
0.0
170.0
171.0
213.0
214.0
214.0
213.0
214.0
214.0
213.0
213.0
214.0
213.0
175.0
170.0
172.0
171.0
171.0
171.0
0.0
1.0
170.0
170.0
171.0
171.0
171.0
171.0
171.0
172.0
171.0
171.0
171.0
171.0
171.0
171.0
171.0
171.0
171.0
170.0
0.0
1.0
171.0
171.0
170.0
171.0
171.0
171.0
171.0
171.0
171.0
171.0
172.0
171.0
171.0
170.0
170.0
171.0
171.0
171.0
1.0
0.0
171.0
171.0
170.0
170.0
171.0
171.0
213.0
213.0
214.0
215.0
214.0
213.0
215.0
215.0
215.0
214.0
173.0
171.0
0.0
1.0
171.0
171.0
171.0
170.0
170.0
172.0
170.0
171.0
170.0
171.0
171.0
171.0
170.0
170.0
171.0
172.0
170.0
171.0
0.0
1.0
171.0
171.0
171.0
172.0
173.0
172.0
171.0
171.0
170.0
171.0
171.0
171.0
172.0
170.0
171.0
171.0
172.0
172.0
1.0
0.0
172.0
172.0
171.0
170.0
171.0
170.0
171.0
171.0
213.0
213.0
213.0
212.0
213.0
213.0
214.0
214.0
215.0
213.0
0.0
0.0
172.0
172.0
172.0
172.0
171.0
171.0
171.0
170.0
171.0
169.0
171.0
171.0
171.0
171.0
171.0
170.0
170.0
171.0
0.0
1.0
171.0
171.0
171.0
171.0
171.0
170.0
171.0
170.0
171.0
171.0
172.0
289.0
290.0
290.0
292.0
289.0
289.0
289.0
1.0
0.0
289.0
290.0
289.0
170.0
172.0
172.0
172.0
170.0
171.0
170.0
171.0
171.0
171.0
171.0
172.0
171.0
172.0
172.0
0.0
1.0
170.0
170.0
171.0
172.0
172.0
170.0
171.0
171.0
171.0
170.0
171.0
171.0
170.0
171.0
171.0
171.0
172.0
171.0
1.0
0.0
172.0
171.0
171.0
172.0
170.0
170.0
172.0
171.0
171.0
171.0
171.0
170.0
171.0
171.0
171.0
170.0
211.0
212.0
1.0
0.0
214.0
214.0
213.0
213.0
213.0
214.0
213.0
214.0
173.0
169.0
171.0
171.0
171.0
170.0
171.0
171.0
171.0
170.0
0.0
1.0
172.0
170.0
170.0
171.0
171.0
172.0
170.0
171.0
171.0
171.0
170.0
172.0
171.0
172.0
171.0
171.0
171.0
171.0
1.0
0.0
171.0
173.0
172.0
171.0
171.0
170.0
171.0
170.0
172.0
171.0
171.0
172.0
172.0
170.0
171.0
171.0
171.0
171.0
1.0
0.0
171.0
172.0
170.0
212.0
214.0
213.0
214.0
213.0
214.0
215.0
213.0
213.0
214.0
173.0
170.0
170.0
171.0
171.0
1.0
0.0
170.0
170.0
172.0
170.0
171.0
171.0
171.0
171.0
171.0
172.0
171.0
172.0
170.0
170.0
172.0
170.0
172.0
172.0
1.0
0.0
172.0
171.0
172.0
171.0
172.0
171.0
170.0
171.0
171.0
171.0
171.0
171.0
171.0
171.0
170.0
170.0
172.0
170.0
1.0
0.0
172.0
171.0
172.0
173.0
171.0
172.0
171.0
171.0
215.0
213.0
214.0
213.0
213.0
214.0
213.0
215.0
213.0
214.0
0.0
1.0
170.0
172.0
171.0
170.0
171.0
171.0
171.0
170.0
171.0
171.0
171.0
170.0
170.0
171.0
170.0
171.0
171.0
171.0
1.0
0.0
171.0
172.0
172.0
171.0
172.0
171.0
171.0
172.0
172.0
173.0
171.0
173.0
171.0
175.0
177.0
178.0
171.0
172.0
0.0
0.0
171.0
172.0
178.0
178.0
172.0
176.0
174.0
172.0
212.0
212.0
212.0
212.0
214.0
214.0
213.0
213.0
213.0
214.0
0.0
1.0
171.0
172.0
172.0
171.0
170.0
171.0
172.0
171.0
170.0
171.0
170.0
171.0
170.0
170.0
170.0
171.0
171.0
170.0
0.0
0.0
171.0
170.0
171.0
171.0
172.0
172.0
171.0
171.0
171.0
171.0
170.0
171.0
171.0
171.0
170.0
171.0
170.0
171.0
1.0
0.0
95.0
95.0
95.0
95.0
95.0
95.0
96.0
95.0
94.0
95.0
95.0
95.0
95.0
94.0
96.0
94.0
97.0
97.0
1.0
0.0
96.0
98.0
95.0
95.0
95.0
94.0
96.0
94.0
95.0
95.0
96.0
95.0
95.0
95.0
95.0
136.0
137.0
137.0
1.0
1.0
138.0
138.0
138.0
137.0
138.0
138.0
138.0
96.0
95.0
95.0
94.0
95.0
94.0
95.0
95.0
95.0
95.0
95.0
1.0
0.0
95.0
95.0
95.0
95.0
95.0
95.0
95.0
95.0
95.0
95.0
95.0
95.0
94.0
95.0
94.0
95.0
95.0
95.0
0.0
0.0
95.0
95.0
95.0
95.0
94.0
95.0
95.0
95.0
95.0
95.0
96.0
111.0
96.0
94.0
95.0
95.0
95.0
95.0
0.0
1.0
95.0
94.0
95.0
95.0
95.0
95.0
95.0
95.0
94.0
95.0
94.0
95.0
95.0
197.0
198.0
195.0
199.0
196.0
0.0
1.0
198.0
199.0
195.0
196.0
195.0
95.0
95.0
95.0
96.0
95.0
96.0
95.0
95.0
95.0
98.0
103.0
102.0
103.0
1.0
0.0
103.0
102.0
106.0
113.0
104.0
108.0
103.0
102.0
96.0
101.0
95.0
95.0
96.0
101.0
100.0
95.0
100.0
99.0
1.0
0.0
96.0
100.0
95.0
96.0
95.0
99.0
95.0
99.0
98.0
98.0
95.0
100.0
95.0
95.0
95.0
95.0
101.0
99.0
1.0
0.0
99.0
99.0
95.0
101.0
95.0
95.0
95.0
95.0
102.0
102.0
101.0
98.0
95.0
95.0
94.0
94.0
93.0
92.0
