5.0
3.0
2.0
2.0
2.0
3.0
2.0
2.0
3.0
3.0
9.0
6.0
69.0
68.0
69.0
68.0
70.0
68.0
126.0
124.0
126.0
124.0
69.0
67.0
68.0
67.0
1716.0
1698.0
1992.0
1590.0
1833.0
2351.0
1705.0
1699.0
1948.0
1706.0
1520.0
1671.0
1814.0
1669.0
1691.0
1669.0
1658.0
1808.0
1599.0
1555.0
1568.0
1568.0
1569.0
1569.0
5.0
5.0
63.0
63.0
63.0
63.0
62.0
62.0
63.0
64.0
63.0
62.0
64.0
62.0
63.0
63.0
1665.0
1662.0
1664.0
1663.0
1648.0
1660.0
1648.0
1672.0
1649.0
1652.0
1588.0
1591.0
1586.0
1569.0
1564.0
1579.0
1571.0
1570.0
1598.0
1635.0
1712.0
1664.0
1712.0
1711.0
4.0
5.0
63.0
63.0
81.0
81.0
63.0
64.0
63.0
63.0
63.0
63.0
63.0
64.0
63.0
63.0
1629.0
1676.0
1656.0
1653.0
1627.0
1636.0
1569.0
1565.0
1570.0
1570.0
1593.0
1589.0
1565.0
1580.0
1562.0
1580.0
1639.0
1661.0
1638.0
1662.0
1624.0
1621.0
1640.0
1681.0
4.0
5.0
85.0
63.0
117.0
117.0
63.0
62.0
64.0
63.0
62.0
62.0
64.0
63.0
62.0
62.0
1580.0
1562.0
1568.0
1562.0
1560.0
1569.0
1584.0
1581.0
1561.0
1562.0
1642.0
1641.0
1641.0
1643.0
1641.0
1646.0
1623.0
1626.0
1639.0
1643.0
1563.0
1562.0
1568.0
1563.0
4.0
3.0
62.0
60.0
63.0
61.0
62.0
60.0
62.0
61.0
63.0
60.0
63.0
60.0
63.0
61.0
1579.0
1577.0
1583.0
1581.0
1561.0
1574.0
1636.0
1634.0
1636.0
1641.0
1621.0
1614.0
1625.0
1622.0
1640.0
1611.0
1557.0
1554.0
1708.0
1525.0
1529.0
1497.0
1642.0
1515.0
8.0
5.0
125.0
68.0
68.0
68.0
69.0
67.0
125.0
124.0
68.0
123.0
68.0
68.0
69.0
66.0
1558.0
1647.0
1851.0
1674.0
1822.0
1675.0
1475.0
1643.0
1631.0
1645.0
1641.0
1642.0
1622.0
1620.0
1627.0
1621.0
1619.0
1627.0
1631.0
1622.0
1561.0
1560.0
1563.0
1577.0
5.0
4.0
62.0
63.0
63.0
63.0
63.0
63.0
63.0
63.0
63.0
62.0
62.0
62.0
63.0
62.0
1584.0
1588.0
1584.0
1588.0
1582.0
1582.0
1658.0
1657.0
1641.0
1650.0
1626.0
1631.0
1621.0
1621.0
1625.0
1617.0
1564.0
1566.0
1561.0
1564.0
1579.0
1583.0
1582.0
1585.0
4.0
4.0
62.0
62.0
63.0
63.0
63.0
62.0
62.0
63.0
62.0
62.0
63.0
63.0
81.0
80.0
1561.0
1562.0
1641.0
1647.0
1645.0
1662.0
1616.0
1643.0
1642.0
1622.0
1659.0
1664.0
1591.0
1581.0
1560.0
1586.0
1560.0
1588.0
1587.0
1595.0
1588.0
1589.0
1643.0
1645.0
4.0
4.0
62.0
63.0
62.0
63.0
63.0
87.0
88.0
88.0
63.0
63.0
63.0
62.0
63.0
62.0
1638.0
1648.0
1644.0
1653.0
1637.0
1650.0
1658.0
1660.0
1607.0
1602.0
1599.0
1611.0
1618.0
1602.0
1626.0
1625.0
1597.0
1596.0
1591.0
1593.0
1647.0
1630.0
1618.0
1622.0
4.0
2.0
62.0
60.0
62.0
60.0
62.0
59.0
63.0
60.0
63.0
60.0
63.0
60.0
62.0
60.0
1619.0
1618.0
1632.0
1619.0
1618.0
1617.0
1576.0
1576.0
1562.0
1574.0
1583.0
1581.0
1592.0
1588.0
1581.0
1580.0
1664.0
1654.0
1645.0
1662.0
1640.0
1634.0
1656.0
1660.0
5.0
5.0
63.0
63.0
63.0
63.0
113.0
113.0
64.0
63.0
63.0
63.0
64.0
63.0
64.0
62.0
1575.0
1592.0
1569.0
1576.0
1575.0
1589.0
1588.0
1587.0
1595.0
1594.0
1648.0
1634.0
1650.0
1631.0
1635.0
1645.0
1616.0
1615.0
1631.0
1627.0
1564.0
1573.0
1564.0
1564.0
5.0
4.0
63.0
62.0
64.0
64.0
63.0
63.0
63.0
63.0
63.0
63.0
63.0
63.0
63.0
62.0
1577.0
1592.0
1594.0
1579.0
1592.0
1593.0
1657.0
1657.0
1657.0
1654.0
1651.0
1659.0
1647.0
1642.0
1669.0
1669.0
1566.0
1575.0
1572.0
1572.0
1601.0
1599.0
1608.0
1599.0
5.0
4.0
63.0
63.0
63.0
63.0
63.0
63.0
63.0
62.0
81.0
81.0
63.0
63.0
64.0
63.0
1584.0
1584.0
1686.0
1677.0
1657.0
1674.0
1651.0
1666.0
1641.0
1654.0
1671.0
1669.0
1582.0
1573.0
1576.0
1579.0
1589.0
1602.0
1614.0
1588.0
1578.0
1576.0
1635.0
1649.0
4.0
4.0
63.0
63.0
62.0
62.0
63.0
62.0
63.0
63.0
62.0
62.0
82.0
82.0
62.0
62.0
1621.0
1613.0
1619.0
1633.0
1620.0
1637.0
1661.0
1660.0
1564.0
1576.0
1582.0
1585.0
1585.0
1587.0
1589.0
1598.0
1576.0
1576.0
1640.0
1654.0
1638.0
1642.0
1643.0
1620.0
4.0
2.0
63.0
61.0
63.0
60.0
63.0
61.0
63.0
61.0
63.0
60.0
63.0
61.0
63.0
60.0
1650.0
1630.0
1679.0
1681.0
1585.0
1573.0
1593.0
1580.0
1594.0
1583.0
1605.0
1601.0
1588.0
1583.0
1608.0
1603.0
1641.0
1606.0
1611.0
1608.0
1643.0
1636.0
1650.0
1647.0
5.0
5.0
113.0
112.0
64.0
63.0
63.0
63.0
63.0
64.0
64.0
64.0
64.0
64.0
64.0
63.0
1568.0
1566.0
1572.0
1569.0
1571.0
1578.0
1597.0
1607.0
1581.0
1579.0
1658.0
1659.0
1655.0
1657.0
1656.0
1650.0
1674.0
1692.0
1698.0
1697.0
1605.0
1600.0
1603.0
1624.0
4.0
4.0
72.0
68.0
68.0
66.0
66.0
67.0
67.0
67.0
66.0
67.0
67.0
67.0
67.0
67.0
1592.0
1606.0
1602.0
1591.0
1602.0
1581.0
1658.0
1661.0
1659.0
1643.0
1662.0
1628.0
1671.0
1643.0
1667.0
1691.0
1573.0
1573.0
1571.0
1574.0
1595.0
1583.0
1595.0
1596.0
5.0
4.0
63.0
63.0
63.0
62.0
63.0
63.0
63.0
63.0
63.0
63.0
63.0
63.0
63.0
63.0
1594.0
1605.0
1671.0
1644.0
1643.0
1641.0
1640.0
1623.0
1640.0
1638.0
1628.0
1629.0
1559.0
1561.0
1560.0
1561.0
1579.0
1592.0
1592.0
1590.0
1572.0
1593.0
1657.0
1657.0
5.0
4.0
62.0
62.0
63.0
63.0
79.0
79.0
63.0
64.0
62.0
62.0
63.0
62.0
62.0
62.0
1647.0
1642.0
1651.0
1633.0
1639.0
1652.0
1655.0
1664.0
1572.0
1608.0
1588.0
1588.0
1588.0
1600.0
1603.0
1600.0
1575.0
1600.0
1660.0
1669.0
1632.0
1630.0
1640.0
1639.0
4.0
2.0
63.0
60.0
63.0
60.0
63.0
61.0
63.0
61.0
63.0
60.0
63.0
61.0
63.0
61.0
1673.0
1653.0
1666.0
1629.0
1569.0
1559.0
1580.0
1579.0
1580.0
1592.0
1654.0
1605.0
1615.0
1632.0
1668.0
1672.0
1643.0
1637.0
1649.0
1670.0
1667.0
1750.0
1673.0
1679.0
6.0
4.0
64.0
63.0
63.0
62.0
64.0
63.0
63.0
63.0
64.0
62.0
64.0
62.0
64.0
62.0
1588.0
1589.0
1590.0
1588.0
1592.0
1605.0
1579.0
1578.0
1579.0
1599.0
1644.0
1651.0
1648.0
1652.0
1657.0
1639.0
1704.0
1657.0
1673.0
1663.0
1592.0
1587.0
1586.0
1587.0
5.0
4.0
63.0
63.0
63.0
63.0
63.0
63.0
62.0
63.0
63.0
82.0
82.0
64.0
62.0
64.0
1562.0
1582.0
1577.0
1578.0
1579.0
1593.0
1638.0
1641.0
1640.0
1648.0
1668.0
1674.0
1652.0
1648.0
1652.0
1659.0
1585.0
1594.0
1593.0
1596.0
1570.0
1586.0
1587.0
1588.0
4.0
4.0
62.0
62.0
63.0
63.0
62.0
63.0
63.0
63.0
63.0
63.0
63.0
63.0
63.0
63.0
1683.0
1664.0
1645.0
1648.0
1646.0
1650.0
1658.0
1675.0
1662.0
1651.0
1580.0
1575.0
1580.0
1583.0
1584.0
1581.0
1564.0
1578.0
1576.0
1577.0
1673.0
1654.0
1642.0
1641.0
4.0
2.0
63.0
61.0
62.0
60.0
62.0
60.0
62.0
60.0
62.0
60.0
63.0
60.0
62.0
60.0
1678.0
1682.0
1675.0
1674.0
1701.0
1666.0
1612.0
1596.0
1642.0
1611.0
1615.0
1613.0
1615.0
1575.0
1579.0
1597.0
1653.0
1650.0
1632.0
1615.0
1627.0
1638.0
1640.0
1644.0
5.0
1.0
63.0
60.0
81.0
78.0
63.0
59.0
63.0
60.0
117.0
113.0
63.0
60.0
63.0
60.0
1578.0
1570.0
1576.0
1572.0
1580.0
1603.0
1593.0
1570.0
1570.0
1581.0
1675.0
1654.0
1671.0
1677.0
1639.0
1629.0
1673.0
1667.0
1672.0
1676.0
1585.0
1583.0
1575.0
1579.0
5.0
5.0
64.0
63.0
64.0
63.0
64.0
63.0
64.0
64.0
64.0
63.0
64.0
63.0
64.0
63.0
1588.0
1594.0
1567.0
1564.0
1565.0
1574.0
1650.0
1662.0
1670.0
1667.0
1634.0
1638.0
1635.0
1639.0
1656.0
1674.0
1577.0
1584.0
1577.0
1582.0
1581.0
1590.0
1584.0
1580.0
5.0
5.0
63.0
63.0
63.0
62.0
62.0
63.0
63.0
62.0
63.0
62.0
63.0
63.0
63.0
62.0
1584.0
1587.0
1649.0
1652.0
1645.0
1667.0
1624.0
1631.0
1637.0
1642.0
1627.0
1637.0
1565.0
1569.0
1579.0
1573.0
1583.0
1586.0
1583.0
1580.0
1571.0
1577.0
1671.0
1682.0
5.0
4.0
63.0
62.0
63.0
62.0
62.0
79.0
81.0
64.0
63.0
63.0
63.0
62.0
62.0
62.0
1662.0
1720.0
1699.0
1646.0
1620.0
1601.0
1675.0
1610.0
1590.0
1603.0
1584.0
1583.0
1583.0
1586.0
1582.0
1583.0
1564.0
1567.0
1638.0
1638.0
1626.0
1616.0
1627.0
1614.0
5.0
1.0
62.0
59.0
62.0
60.0
63.0
60.0
62.0
60.0
62.0
60.0
62.0
60.0
62.0
60.0
1635.0
1646.0
1636.0
1647.0
1576.0
1561.0
1595.0
1582.0
1586.0
1595.0
1562.0
1575.0
1562.0
1575.0
1654.0
1643.0
1635.0
1618.0
1641.0
1634.0
1664.0
1673.0
1654.0
1670.0
5.0
1.0
63.0
61.0
63.0
61.0
63.0
60.0
63.0
60.0
64.0
61.0
63.0
60.0
63.0
61.0
1604.0
1584.0
1595.0
1583.0
1584.0
1594.0
1562.0
1572.0
1564.0
1576.0
1645.0
1652.0
1633.0
1624.0
1648.0
1629.0
1662.0
1673.0
1665.0
1682.0
1591.0
1594.0
1601.0
1599.0
6.0
4.0
64.0
63.0
65.0
63.0
83.0
82.0
64.0
63.0
63.0
63.0
65.0
63.0
64.0
63.0
1564.0
1565.0
1582.0
1581.0
1566.0
1586.0
1639.0
1648.0
1641.0
1641.0
1658.0
1657.0
1660.0
1662.0
1653.0
1632.0
1591.0
1645.0
1631.0
1630.0
1575.0
1572.0
1607.0
1610.0
4.0
4.0
62.0
63.0
62.0
62.0
63.0
63.0
62.0
62.0
62.0
63.0
63.0
62.0
62.0
65.0
1646.0
1671.0
1647.0
1674.0
1641.0
1636.0
1667.0
1670.0
1655.0
1681.0
1567.0
1583.0
1590.0
1601.0
1597.0
1595.0
1565.0
1563.0
1580.0
1577.0
1653.0
1663.0
1649.0
1665.0
5.0
4.0
63.0
63.0
63.0
64.0
64.0
63.0
62.0
62.0
62.0
63.0
62.0
63.0
63.0
63.0
1652.0
1667.0
1660.0
1663.0
1656.0
1694.0
1576.0
1571.0
1598.0
1607.0
1589.0
1586.0
1571.0
1572.0
1580.0
1595.0
1662.0
1668.0
1650.0
1660.0
1652.0
1672.0
1656.0
1655.0
4.0
2.0
64.0
60.0
82.0
80.0
63.0
60.0
63.0
61.0
119.0
117.0
63.0
60.0
64.0
60.0
1567.0
1574.0
1578.0
1568.0
1590.0
1595.0
1578.0
1581.0
1566.0
1566.0
1652.0
1666.0
1669.0
1655.0
1641.0
1652.0
1647.0
1648.0
1666.0
1658.0
1567.0
1576.0
1594.0
1576.0
5.0
2.0
62.0
60.0
62.0
60.0
63.0
60.0
63.0
61.0
63.0
61.0
63.0
60.0
64.0
79.0
1581.0
1574.0
1577.0
1573.0
1567.0
1561.0
1655.0
1669.0
1671.0
1660.0
1647.0
1694.0
1695.0
1685.0
1668.0
1674.0
1579.0
1610.0
1613.0
1576.0
1584.0
1582.0
1621.0
1575.0
5.0
5.0
63.0
62.0
64.0
62.0
63.0
63.0
63.0
62.0
63.0
63.0
64.0
62.0
63.0
62.0
1588.0
1588.0
1643.0
1670.0
1654.0
1672.0
1616.0
1638.0
1668.0
1645.0
1642.0
1646.0
1568.0
1593.0
1581.0
1600.0
1589.0
1604.0
1582.0
1590.0
1582.0
1577.0
1635.0
1671.0
4.0
4.0
63.0
63.0
62.0
63.0
62.0
63.0
80.0
81.0
63.0
64.0
63.0
63.0
62.0
63.0
1653.0
1667.0
1622.0
1692.0
1656.0
1652.0
1650.0
1650.0
1592.0
1577.0
1588.0
1597.0
1585.0
1575.0
1575.0
1575.0
1580.0
1582.0
1581.0
1662.0
1617.0
1635.0
1618.0
1639.0
4.0
2.0
63.0
61.0
63.0
60.0
62.0
60.0
65.0
63.0
63.0
61.0
79.0
78.0
64.0
62.0
1613.0
1623.0
1625.0
1613.0
1616.0
1575.0
1581.0
1594.0
1585.0
1590.0
1588.0
1585.0
1599.0
1597.0
1595.0
1662.0
1655.0
1668.0
1655.0
1693.0
1649.0
1643.0
1631.0
1625.0
4.0
2.0
116.0
60.0
63.0
61.0
63.0
60.0
63.0
61.0
63.0
61.0
63.0
60.0
62.0
61.0
1594.0
1589.0
1605.0
1591.0
1591.0
1586.0
1610.0
1617.0
1616.0
1626.0
1664.0
1643.0
1648.0
1663.0
1648.0
1672.0
1626.0
1630.0
1621.0
1632.0
1607.0
1580.0
1594.0
1600.0
4.0
2.0
63.0
1.0
62.0
2.0
63.0
2.0
81.0
2.0
64.0
2.0
62.0
2.0
64.0
2.0
1573.0
1523.0
1584.0
1510.0
1584.0
1521.0
1639.0
1594.0
1639.0
1597.0
1678.0
1608.0
1656.0
1616.0
1663.0
1616.0
1584.0
1514.0
1589.0
1583.0
1574.0
1521.0
1589.0
1507.0
5.0
5.0
64.0
63.0
64.0
62.0
63.0
63.0
64.0
63.0
64.0
62.0
64.0
63.0
64.0
62.0
1654.0
1660.0
1662.0
1654.0
1640.0
1630.0
1632.0
1678.0
1641.0
1664.0
1571.0
1577.0
1576.0
1569.0
1588.0
1593.0
1568.0
1570.0
1568.0
1569.0
1641.0
1638.0
1636.0
1646.0
4.0
2.0
63.0
60.0
62.0
60.0
63.0
60.0
62.0
61.0
63.0
60.0
62.0
61.0
63.0
60.0
1615.0
1611.0
1644.0
1632.0
1631.0
1632.0
1561.0
1561.0
1561.0
1566.0
1583.0
1579.0
1569.0
1565.0
1565.0
1559.0
1668.0
1660.0
1667.0
1647.0
1647.0
1640.0
1648.0
1667.0
2.0
2.0
60.0
60.0
60.0
60.0
78.0
78.0
60.0
123.0
121.0
61.0
60.0
60.0
60.0
61.0
1582.0
1599.0
1600.0
1602.0
1608.0
1597.0
1619.0
1616.0
1603.0
1609.0
1664.0
1684.0
1650.0
1638.0
1636.0
1651.0
1618.0
1622.0
1643.0
1648.0
1578.0
1571.0
1567.0
1565.0
1.0
2.0
60.0
2.0
60.0
2.0
60.0
2.0
61.0
2.0
60.0
2.0
60.0
2.0
60.0
2.0
1587.0
1525.0
1586.0
1528.0
1567.0
1508.0
1648.0
1591.0
1657.0
1596.0
1613.0
1558.0
1658.0
1598.0
1664.0
1562.0
1564.0
1525.0
1575.0
1516.0
1590.0
1519.0
1589.0
1530.0
2.0
2.0
78.0
2.0
61.0
2.0
62.0
2.0
60.0
2.0
60.0
2.0
61.0
2.0
61.0
2.0
1567.0
837.0
1591.0
847.0
1664.0
847.0
1661.0
821.0
1638.0
896.0
1630.0
904.0
1664.0
939.0
1655.0
907.0
1594.0
833.0
1584.0
854.0
1580.0
846.0
1584.0
861.0
3.0
2.0
81.0
80.0
62.0
61.0
61.0
60.0
62.0
61.0
62.0
61.0
61.0
60.0
61.0
60.0
1578.0
1576.0
1566.0
1581.0
1564.0
1586.0
1638.0
1654.0
1672.0
1618.0
1649.0
1649.0
1640.0
1646.0
1634.0
1618.0
1568.0
1574.0
1572.0
1581.0
1559.0
1567.0
1571.0
1561.0
2.0
2.0
60.0
47.0
61.0
47.0
61.0
47.0
61.0
47.0
61.0
48.0
60.0
48.0
60.0
47.0
1655.0
1644.0
1651.0
1650.0
1654.0
1634.0
1676.0
1655.0
1667.0
1671.0
1599.0
1571.0
1606.0
1576.0
1577.0
1576.0
1562.0
1548.0
1563.0
1553.0
1653.0
1639.0
1650.0
1640.0
2.0
1.0
63.0
2.0
49.0
2.0
47.0
2.0
48.0
2.0
47.0
2.0
47.0
2.0
47.0
2.0
1633.0
844.0
1657.0
927.0
1635.0
926.0
1637.0
821.0
1575.0
819.0
1572.0
850.0
1573.0
844.0
1562.0
837.0
1550.0
821.0
1547.0
838.0
1559.0
869.0
1567.0
842.0
2.0
2.0
2.0
2.0
1.0
2.0
2.0
2.0
2.0
2.0
2.0
2.0
2.0
18.0
2.0
2.0
1581.0
822.0
1583.0
895.0
1575.0
909.0
1561.0
903.0
1595.0
902.0
1573.0
822.0
1504.0
844.0
1504.0
839.0
1526.0
840.0
1522.0
840.0
1506.0
822.0
1507.0
838.0
2.0
2.0
2.0
2.0
2.0
2.0
1.0
1.0
2.0
2.0
2.0
2.0
2.0
2.0
1.0
1.0
1525.0
838.0
1583.0
838.0
1599.0
822.0
1589.0
841.0
1563.0
916.0
1615.0
894.0
1604.0
909.0
1557.0
821.0
1504.0
859.0
1521.0
846.0
1532.0
839.0
1528.0
818.0
3.0
2.0
3.0
2.0
2.0
1.0
3.0
2.0
3.0
2.0
3.0
2.0
3.0
2.0
3.0
1.0
820.0
840.0
843.0
846.0
843.0
844.0
843.0
841.0
822.0
822.0
847.0
845.0
840.0
846.0
852.0
903.0
918.0
922.0
924.0
928.0
902.0
903.0
887.0
885.0
2.0
2.0
2.0
1.0
1.0
2.0
2.0
2.0
2.0
2.0
2.0
2.0
2.0
2.0
2.0
2.0
880.0
840.0
842.0
862.0
853.0
860.0
851.0
854.0
853.0
852.0
852.0
853.0
836.0
841.0
858.0
873.0
878.0
890.0
891.0
882.0
886.0
889.0
879.0
876.0
2.0
2.0
2.0
2.0
2.0
2.0
2.0
2.0
2.0
2.0
2.0
2.0
2.0
2.0
2.0
2.0
847.0
858.0
875.0
844.0
842.0
877.0
877.0
839.0
933.0
915.0
918.0
933.0
884.0
885.0
897.0
894.0
889.0
881.0
829.0
837.0
843.0
842.0
843.0
842.0
2.0
2.0
2.0
2.0
2.0
2.0
1.0
1.0
2.0
2.0
2.0
2.0
2.0
2.0
2.0
2.0
842.0
846.0
844.0
844.0
843.0
829.0
826.0
841.0
842.0
841.0
847.0
847.0
844.0
843.0
844.0
847.0
843.0
828.0
825.0
823.0
843.0
842.0
848.0
849.0
2.0
1.0
2.0
2.0
2.0
2.0
2.0
2.0
2.0
1.0
2.0
2.0
2.0
2.0
2.0
2.0
900.0
908.0
908.0
920.0
904.0
904.0
880.0
880.0
881.0
879.0
820.0
827.0
822.0
844.0
843.0
844.0
844.0
841.0
835.0
825.0
806.0
795.0
783.0
757.0
