8.0
6.0
4.0
4.0
4.0
4.0
4.0
6.0
6.0
5.0
27.0
25.0
16.0
16.0
15.0
15.0
15.0
15.0
26.0
25.0
16.0
15.0
15.0
15.0
15.0
15.0
26.0
26.0
26.0
26.0
16.0
15.0
15.0
15.0
15.0
15.0
15.0
15.0
15.0
15.0
16.0
15.0
26.0
26.0
26.0
26.0
15.0
15.0
15.0
15.0
16.0
15.0
15.0
15.0
15.0
15.0
25.0
14.0
15.0
25.0
27.0
26.0
15.0
15.0
15.0
15.0
15.0
15.0
25.0
26.0
27.0
15.0
15.0
15.0
26.0
15.0
15.0
15.0
15.0
15.0
16.0
15.0
15.0
15.0
26.0
26.0
26.0
26.0
15.0
15.0
17.0
15.0
15.0
15.0
15.0
15.0
15.0
14.0
14.0
14.0
27.0
25.0
26.0
26.0
14.0
14.0
15.0
15.0
14.0
14.0
16.0
16.0
15.0
12.0
15.0
15.0
15.0
15.0
26.0
26.0
13.0
15.0
15.0
15.0
15.0
15.0
15.0
15.0
13.0
26.0
27.0
15.0
15.0
15.0
15.0
15.0
15.0
15.0
12.0
15.0
16.0
15.0
15.0
15.0
15.0
15.0
12.0
27.0
27.0
15.0
2325.0
2329.0
2319.0
2362.0
2318.0
2206.0
2161.0
2317.0
2481.0
2375.0
4937.0
4962.0
4957.0
4969.0
4955.0
4948.0
4958.0
4955.0
4934.0
4951.0
5131.0
5030.0
5033.0
5022.0
4997.0
5072.0
4975.0
4985.0
4944.0
5006.0
4984.0
4993.0
4988.0
4993.0
4958.0
4991.0
4954.0
4917.0
5016.0
5015.0
5006.0
5006.0
5003.0
5029.0
5056.0
5035.0
4385.0
4254.0
16.0
25.0
26.0
24.0
15.0
14.0
16.0
25.0
26.0
24.0
15.0
14.0
15.0
14.0
27.0
24.0
26.0
13.0
6.0
5.0
15.0
14.0
15.0
14.0
25.0
25.0
25.0
14.0
15.0
14.0
15.0
24.0
24.0
24.0
24.0
24.0
8.0
7.0
3.0
3.0
15.0
14.0
25.0
14.0
15.0
25.0
25.0
25.0
14.0
14.0
14.0
14.0
24.0
24.0
24.0
14.0
8.0
3.0
3.0
3.0
14.0
25.0
14.0
24.0
24.0
14.0
14.0
25.0
25.0
14.0
25.0
14.0
14.0
14.0
24.0
23.0
13.0
3.0
3.0
3.0
14.0
25.0
25.0
14.0
14.0
14.0
24.0
24.0
14.0
14.0
14.0
14.0
20.0
21.0
17.0
24.0
3.0
3.0
3.0
3.0
15.0
14.0
16.0
16.0
26.0
15.0
12.0
15.0
15.0
15.0
15.0
14.0
15.0
14.0
26.0
12.0
15.0
8.0
7.0
2.0
15.0
14.0
14.0
14.0
14.0
12.0
14.0
24.0
14.0
12.0
31.0
14.0
14.0
14.0
13.0
14.0
8.0
8.0
2.0
3.0
21.0
21.0
22.0
22.0
21.0
22.0
31.0
21.0
21.0
24.0
13.0
14.0
14.0
13.0
13.0
14.0
8.0
3.0
3.0
3.0
14.0
14.0
25.0
12.0
14.0
14.0
14.0
14.0
14.0
25.0
14.0
12.0
14.0
14.0
14.0
13.0
7.0
3.0
3.0
3.0
11.0
24.0
14.0
15.0
14.0
14.0
14.0
14.0
15.0
24.0
12.0
14.0
14.0
14.0
14.0
14.0
3.0
2.0
2.0
3.0
16.0
24.0
13.0
14.0
16.0
14.0
15.0
14.0
15.0
25.0
12.0
14.0
15.0
14.0
15.0
14.0
15.0
8.0
6.0
2.0
12.0
14.0
24.0
14.0
14.0
14.0
14.0
25.0
15.0
14.0
12.0
14.0
14.0
14.0
14.0
14.0
7.0
8.0
2.0
3.0
24.0
11.0
14.0
15.0
14.0
24.0
14.0
14.0
14.0
14.0
12.0
15.0
14.0
14.0
14.0
14.0
7.0
3.0
3.0
2.0
25.0
11.0
14.0
14.0
25.0
14.0
14.0
14.0
14.0
14.0
12.0
14.0
14.0
14.0
14.0
14.0
8.0
3.0
2.0
3.0
25.0
12.0
24.0
14.0
14.0
14.0
14.0
14.0
14.0
14.0
11.0
14.0
14.0
14.0
13.0
13.0
3.0
3.0
2.0
4.0
15.0
15.0
13.0
25.0
27.0
14.0
15.0
14.0
15.0
15.0
12.0
14.0
14.0
14.0
15.0
14.0
14.0
7.0
3.0
5.0
15.0
12.0
12.0
25.0
25.0
14.0
14.0
14.0
14.0
14.0
11.0
11.0
14.0
14.0
14.0
14.0
8.0
6.0
3.0
2.0
11.0
15.0
24.0
24.0
14.0
12.0
14.0
14.0
14.0
14.0
12.0
14.0
11.0
14.0
14.0
14.0
8.0
2.0
3.0
3.0
17.0
14.0
12.0
16.0
11.0
14.0
14.0
14.0
14.0
14.0
11.0
12.0
14.0
14.0
14.0
13.0
7.0
3.0
3.0
3.0
14.0
14.0
12.0
14.0
14.0
11.0
14.0
14.0
14.0
14.0
11.0
12.0
14.0
13.0
13.0
14.0
3.0
3.0
3.0
2.0
15.0
12.0
16.0
14.0
16.0
11.0
16.0
14.0
15.0
14.0
12.0
12.0
16.0
14.0
15.0
14.0
15.0
7.0
3.0
3.0
11.0
14.0
14.0
11.0
14.0
14.0
14.0
14.0
14.0
15.0
12.0
12.0
14.0
13.0
13.0
14.0
8.0
7.0
3.0
2.0
11.0
14.0
12.0
14.0
14.0
14.0
14.0
14.0
15.0
14.0
12.0
11.0
14.0
13.0
14.0
14.0
8.0
3.0
3.0
2.0
11.0
47.0
48.0
12.0
48.0
47.0
47.0
46.0
47.0
47.0
45.0
46.0
14.0
13.0
14.0
14.0
7.0
3.0
3.0
3.0
14.0
12.0
12.0
12.0
14.0
14.0
15.0
14.0
14.0
14.0
12.0
14.0
12.0
12.0
14.0
14.0
3.0
3.0
3.0
3.0
15.0
15.0
16.0
14.0
14.0
12.0
13.0
14.0
15.0
14.0
15.0
14.0
13.0
14.0
14.0
14.0
14.0
8.0
4.0
3.0
14.0
14.0
15.0
12.0
14.0
12.0
14.0
14.0
12.0
14.0
15.0
15.0
13.0
12.0
14.0
12.0
8.0
7.0
3.0
3.0
14.0
14.0
14.0
14.0
12.0
12.0
14.0
14.0
12.0
14.0
14.0
15.0
14.0
13.0
12.0
12.0
7.0
3.0
3.0
3.0
14.0
14.0
12.0
14.0
15.0
14.0
12.0
12.0
15.0
14.0
14.0
14.0
12.0
14.0
12.0
11.0
7.0
3.0
3.0
3.0
14.0
14.0
14.0
12.0
15.0
14.0
14.0
15.0
13.0
13.0
14.0
13.0
14.0
14.0
13.0
14.0
3.0
2.0
2.0
3.0
16.0
13.0
14.0
14.0
15.0
12.0
15.0
14.0
15.0
14.0
13.0
12.0
15.0
14.0
13.0
14.0
15.0
8.0
4.0
3.0
12.0
12.0
14.0
14.0
14.0
14.0
15.0
13.0
14.0
15.0
13.0
13.0
14.0
14.0
12.0
14.0
8.0
8.0
4.0
2.0
12.0
14.0
14.0
14.0
13.0
14.0
12.0
15.0
15.0
14.0
13.0
12.0
14.0
14.0
14.0
14.0
7.0
3.0
3.0
3.0
14.0
14.0
12.0
12.0
14.0
12.0
14.0
14.0
14.0
14.0
13.0
14.0
12.0
13.0
13.0
13.0
8.0
3.0
3.0
3.0
13.0
13.0
14.0
13.0
13.0
13.0
14.0
14.0
12.0
12.0
14.0
14.0
12.0
12.0
13.0
13.0
3.0
2.0
3.0
3.0
14.0
13.0
15.0
14.0
15.0
14.0
14.0
13.0
14.0
14.0
14.0
13.0
15.0
13.0
14.0
12.0
15.0
8.0
4.0
3.0
13.0
13.0
14.0
14.0
14.0
13.0
14.0
13.0
13.0
14.0
12.0
12.0
13.0
13.0
14.0
14.0
7.0
7.0
2.0
2.0
13.0
14.0
13.0
13.0
12.0
13.0
13.0
14.0
13.0
13.0
13.0
14.0
12.0
12.0
13.0
12.0
7.0
3.0
3.0
3.0
14.0
14.0
14.0
14.0
14.0
12.0
12.0
12.0
13.0
13.0
14.0
13.0
13.0
13.0
13.0
13.0
7.0
3.0
3.0
3.0
12.0
13.0
14.0
13.0
13.0
14.0
14.0
14.0
12.0
12.0
13.0
13.0
13.0
12.0
14.0
13.0
3.0
3.0
2.0
3.0
15.0
13.0
14.0
13.0
14.0
14.0
14.0
14.0
15.0
14.0
14.0
14.0
14.0
13.0
14.0
14.0
14.0
8.0
4.0
3.0
13.0
12.0
14.0
14.0
14.0
13.0
14.0
12.0
13.0
12.0
13.0
13.0
12.0
13.0
14.0
13.0
7.0
7.0
3.0
3.0
13.0
14.0
14.0
14.0
13.0
13.0
14.0
13.0
14.0
14.0
13.0
14.0
13.0
13.0
13.0
12.0
7.0
3.0
3.0
2.0
14.0
13.0
14.0
13.0
12.0
14.0
14.0
14.0
13.0
13.0
14.0
14.0
13.0
12.0
13.0
13.0
7.0
3.0
2.0
3.0
14.0
13.0
12.0
14.0
13.0
13.0
13.0
13.0
14.0
14.0
13.0
13.0
13.0
13.0
13.0
13.0
2.0
2.0
3.0
3.0
14.0
14.0
15.0
13.0
14.0
13.0
15.0
12.0
15.0
13.0
15.0
13.0
14.0
13.0
14.0
12.0
14.0
6.0
3.0
3.0
13.0
14.0
14.0
13.0
12.0
14.0
14.0
13.0
13.0
14.0
14.0
14.0
13.0
13.0
14.0
13.0
7.0
8.0
2.0
3.0
14.0
13.0
13.0
13.0
13.0
12.0
14.0
13.0
13.0
14.0
12.0
13.0
12.0
13.0
12.0
12.0
7.0
3.0
3.0
3.0
14.0
14.0
14.0
13.0
14.0
13.0
12.0
14.0
13.0
13.0
13.0
14.0
13.0
12.0
13.0
13.0
7.0
2.0
2.0
2.0
13.0
13.0
13.0
13.0
13.0
13.0
13.0
14.0
12.0
14.0
13.0
13.0
13.0
13.0
13.0
13.0
3.0
2.0
2.0
2.0
14.0
14.0
14.0
14.0
14.0
13.0
15.0
13.0
13.0
14.0
14.0
14.0
14.0
14.0
14.0
12.0
15.0
8.0
4.0
3.0
13.0
14.0
13.0
14.0
14.0
13.0
13.0
14.0
13.0
13.0
12.0
14.0
12.0
13.0
13.0
13.0
8.0
7.0
3.0
3.0
14.0
14.0
13.0
13.0
13.0
13.0
13.0
14.0
12.0
14.0
14.0
12.0
13.0
12.0
14.0
12.0
8.0
3.0
3.0
3.0
13.0
14.0
14.0
13.0
13.0
13.0
13.0
14.0
14.0
12.0
13.0
13.0
13.0
13.0
12.0
13.0
8.0
3.0
3.0
2.0
13.0
14.0
14.0
12.0
13.0
14.0
14.0
14.0
12.0
12.0
12.0
13.0
13.0
13.0
13.0
13.0
3.0
3.0
3.0
3.0
14.0
14.0
14.0
14.0
14.0
14.0
15.0
12.0
14.0
14.0
13.0
13.0
14.0
13.0
14.0
12.0
14.0
8.0
4.0
3.0
14.0
14.0
14.0
13.0
13.0
14.0
13.0
13.0
13.0
14.0
14.0
14.0
12.0
13.0
13.0
14.0
7.0
7.0
3.0
3.0
14.0
12.0
14.0
12.0
13.0
13.0
12.0
13.0
14.0
14.0
14.0
13.0
13.0
13.0
13.0
15.0
6.0
3.0
3.0
2.0
14.0
13.0
14.0
21.0
13.0
13.0
13.0
13.0
12.0
23.0
13.0
13.0
13.0
12.0
13.0
12.0
7.0
3.0
3.0
4.0
12.0
14.0
13.0
14.0
22.0
13.0
13.0
13.0
13.0
22.0
13.0
13.0
12.0
13.0
13.0
12.0
3.0
3.0
2.0
3.0
14.0
13.0
24.0
13.0
14.0
13.0
14.0
14.0
13.0
22.0
14.0
13.0
14.0
13.0
15.0
13.0
14.0
7.0
6.0
3.0
13.0
13.0
13.0
13.0
23.0
22.0
14.0
13.0
13.0
13.0
13.0
13.0
12.0
13.0
13.0
13.0
7.0
8.0
5.0
3.0
22.0
13.0
13.0
13.0
13.0
12.0
13.0
22.0
13.0
13.0
14.0
13.0
13.0
13.0
13.0
12.0
7.0
2.0
3.0
5.0
14.0
13.0
22.0
12.0
22.0
13.0
13.0
13.0
13.0
12.0
13.0
13.0
13.0
12.0
13.0
13.0
7.0
3.0
3.0
3.0
13.0
22.0
13.0
23.0
13.0
13.0
13.0
13.0
13.0
14.0
13.0
13.0
13.0
12.0
13.0
13.0
3.0
2.0
3.0
3.0
23.0
22.0
14.0
14.0
14.0
14.0
14.0
14.0
14.0
14.0
23.0
23.0
23.0
22.0
23.0
22.0
23.0
16.0
15.0
13.0
14.0
25.0
14.0
24.0
14.0
14.0
14.0
14.0
14.0
14.0
14.0
14.0
14.0
13.0
13.0
13.0
8.0
7.0
4.0
5.0
13.0
13.0
13.0
13.0
13.0
23.0
13.0
22.0
14.0
14.0
12.0
13.0
13.0
13.0
13.0
13.0
7.0
2.0
3.0
3.0
14.0
22.0
22.0
12.0
13.0
12.0
13.0
13.0
13.0
13.0
13.0
13.0
12.0
13.0
12.0
13.0
7.0
3.0
3.0
3.0
22.0
22.0
13.0
13.0
13.0
13.0
13.0
13.0
13.0
13.0
14.0
13.0
13.0
12.0
12.0
12.0
3.0
3.0
3.0
5.0
2271.0
2269.0
2262.0
2258.0
2264.0
2277.0
2283.0
2264.0
2278.0
2275.0
2226.0
2225.0
2276.0
2249.0
2219.0
2218.0
2206.0
2245.0
4.0
3.0
2244.0
2226.0
2274.0
2268.0
2277.0
2287.0
2299.0
2270.0
2295.0
2292.0
2340.0
2300.0
2258.0
2272.0
2268.0
2283.0
2265.0
2255.0
3.0
3.0
2271.0
2281.0
2267.0
2277.0
2305.0
2351.0
2294.0
2304.0
2343.0
2299.0
2345.0
2369.0
2375.0
2353.0
2192.0
2195.0
2184.0
2187.0
2.0
3.0
2195.0
2202.0
2196.0
2196.0
2202.0
2202.0
2273.0
2273.0
2271.0
2269.0
2277.0
2278.0
2276.0
2270.0
2285.0
2280.0
2262.0
2285.0
3.0
3.0
2295.0
2344.0
2314.0
2304.0
2333.0
2322.0
2302.0
2317.0
2290.0
2298.0
2267.0
2278.0
2276.0
2278.0
2280.0
2276.0
2263.0
2263.0
3.0
2.0
4978.0
4965.0
4979.0
4964.0
5027.0
5018.0
5032.0
5059.0
5015.0
4952.0
5052.0
5071.0
4942.0
4922.0
5078.0
5043.0
2734.0
2729.0
4939.0
4926.0
4997.0
5003.0
4999.0
5020.0
4994.0
4932.0
4941.0
4943.0
5001.0
5065.0
4991.0
4985.0
5057.0
5021.0
5009.0
5096.0
2841.0
2834.0
5000.0
5001.0
4980.0
5021.0
5034.0
5052.0
5037.0
5091.0
5035.0
5024.0
5015.0
5119.0
5025.0
5102.0
5021.0
5000.0
5031.0
5028.0
2759.0
2823.0
4923.0
4973.0
5047.0
4990.0
4978.0
4968.0
5000.0
5007.0
5064.0
4995.0
5031.0
5074.0
5061.0
5120.0
5022.0
5055.0
4915.0
4927.0
2817.0
2749.0
4911.0
4934.0
4925.0
4942.0
4960.0
4947.0
4910.0
4965.0
4995.0
4991.0
4954.0
4928.0
4928.0
4935.0
5002.0
4992.0
4955.0
5028.0
2695.0
2675.0
5067.0
5039.0
5086.0
5036.0
5100.0
4948.0
4979.0
5030.0
4965.0
4914.0
4991.0
4967.0
5014.0
4963.0
2787.0
2786.0
5025.0
4963.0
4908.0
4904.0
4968.0
5053.0
4996.0
5002.0
5051.0
4990.0
4986.0
5055.0
5020.0
5069.0
4935.0
4986.0
4957.0
4952.0
2748.0
2795.0
4986.0
5004.0
4940.0
4907.0
4924.0
4917.0
5040.0
5028.0
5008.0
5026.0
5030.0
4993.0
5035.0
5000.0
4977.0
4985.0
4940.0
4961.0
2701.0
2704.0
4957.0
4930.0
5025.0
5035.0
4931.0
4978.0
4952.0
4948.0
5027.0
5060.0
5014.0
4984.0
4991.0
4981.0
4940.0
4971.0
4948.0
4942.0
2668.0
2697.0
4977.0
4937.0
5049.0
5029.0
5005.0
4998.0
5054.0
5000.0
5019.0
5003.0
4985.0
5023.0
4922.0
4977.0
4963.0
4938.0
4923.0
4953.0
2711.0
2725.0
4937.0
5008.0
4941.0
4981.0
5010.0
5016.0
5012.0
4993.0
4994.0
5015.0
4969.0
4995.0
5000.0
5003.0
2704.0
2707.0
4980.0
4982.0
4952.0
4966.0
4962.0
4976.0
4990.0
4960.0
4912.0
4934.0
5022.0
5033.0
5002.0
5026.0
4976.0
4959.0
5012.0
4957.0
2743.0
2771.0
4997.0
4947.0
4982.0
4986.0
4950.0
4961.0
4968.0
4972.0
4948.0
5000.0
4914.0
4947.0
4944.0
4983.0
4971.0
5058.0
4958.0
4935.0
2739.0
2759.0
5026.0
5048.0
5041.0
4982.0
4960.0
4974.0
4973.0
4994.0
5002.0
5090.0
4990.0
4939.0
4956.0
4984.0
5014.0
4928.0
4912.0
4958.0
2697.0
2682.0
4989.0
5001.0
5050.0
4998.0
5050.0
5014.0
5047.0
5014.0
4979.0
4949.0
4944.0
4976.0
4960.0
5001.0
4999.0
4981.0
2724.0
2728.0
4999.0
4954.0
5024.0
4981.0
5027.0
4978.0
5003.0
5027.0
4994.0
4972.0
5064.0
4989.0
4929.0
4911.0
2767.0
2722.0
5000.0
4989.0
4939.0
5051.0
4966.0
4925.0
4977.0
4928.0
5088.0
5052.0
5073.0
5038.0
5135.0
5043.0
5011.0
5014.0
4989.0
5009.0
2686.0
2679.0
4959.0
4961.0
4966.0
4981.0
4980.0
4951.0
4993.0
5038.0
4986.0
4945.0
5003.0
4997.0
4975.0
5041.0
4937.0
4947.0
4923.0
4922.0
2725.0
2759.0
4954.0
4947.0
4926.0
4963.0
4961.0
4909.0
4961.0
4946.0
4950.0
5072.0
4990.0
4951.0
4918.0
4945.0
4982.0
5041.0
4915.0
4912.0
2679.0
2730.0
5005.0
5005.0
4971.0
4967.0
4995.0
4934.0
4893.0
4937.0
4978.0
4976.0
4974.0
4989.0
4994.0
5006.0
5017.0
5042.0
2772.0
2736.0
5026.0
5004.0
4999.0
4990.0
5062.0
5073.0
5036.0
5076.0
5047.0
5033.0
4968.0
4967.0
5000.0
5008.0
2748.0
2742.0
4925.0
4924.0
4989.0
4944.0
5004.0
5035.0
4966.0
4947.0
4932.0
4970.0
5106.0
5089.0
5037.0
5037.0
4958.0
4966.0
4998.0
5006.0
2735.0
2722.0
4915.0
4924.0
4921.0
4917.0
4914.0
4935.0
5010.0
5006.0
5012.0
4988.0
5010.0
5023.0
5050.0
4995.0
5075.0
4961.0
4930.0
4906.0
2799.0
2710.0
4945.0
4957.0
4956.0
4927.0
4940.0
4935.0
4958.0
4922.0
5053.0
5020.0
4952.0
4967.0
4937.0
4963.0
4941.0
4972.0
5016.0
5040.0
2666.0
2664.0
4961.0
4978.0
4987.0
5012.0
4975.0
4938.0
4962.0
5008.0
4916.0
4784.0
4778.0
4775.0
4741.0
4732.0
2648.0
2713.0
