9.0
9.0
6.0
6.0
6.0
6.0
6.0
8.0
8.0
8.0
9.0
8.0
5.0
6.0
5.0
5.0
5.0
5.0
8.0
9.0
5.0
5.0
5.0
5.0
5.0
6.0
8.0
8.0
8.0
8.0
5.0
5.0
5.0
5.0
5.0
5.0
6.0
9.0
6.0
6.0
326.0
326.0
323.0
540.0
541.0
455.0
323.0
323.0
324.0
423.0
322.0
318.0
321.0
322.0
320.0
284.0
261.0
320.0
303.0
321.0
274.0
319.0
318.0
313.0
317.0
317.0
282.0
313.0
290.0
314.0
295.0
298.0
307.0
308.0
308.0
310.0
299.0
307.0
303.0
299.0
299.0
299.0
300.0
301.0
300.0
301.0
299.0
299.0
304.0
302.0
301.0
299.0
301.0
301.0
298.0
301.0
299.0
301.0
302.0
305.0
301.0
302.0
311.0
305.0
311.0
311.0
310.0
305.0
303.0
302.0
307.0
299.0
300.0
299.0
300.0
299.0
300.0
329.0
328.0
325.0
330.0
329.0
326.0
330.0
330.0
330.0
329.0
298.0
298.0
298.0
2028.0
2030.0
2018.0
2035.0
2037.0
2037.0
2034.0
2021.0
2025.0
2019.0
2071.0
2067.0
2055.0
2066.0
2076.0
2075.0
2064.0
2078.0
2070.0
2073.0
2028.0
2020.0
2023.0
2035.0
2031.0
2032.0
2033.0
2023.0
2019.0
2023.0
2067.0
2059.0
2060.0
2068.0
2072.0
2067.0
2077.0
2075.0
2067.0
2064.0
2049.0
2041.0
2031.0
2053.0
2057.0
2055.0
2066.0
2039.0
2048.0
2034.0
2094.0
2081.0
2079.0
2071.0
2080.0
2083.0
2077.0
2082.0
2071.0
2062.0
2048.0
2035.0
2051.0
2023.0
2019.0
2019.0
2024.0
2031.0
2028.0
2026.0
2067.0
2073.0
2060.0
2062.0
2056.0
2061.0
2057.0
2046.0
2043.0
2037.0
8.0
7.0
5.0
7.0
5.0
5.0
5.0
7.0
7.0
7.0
5.0
5.0
5.0
4.0
8.0
8.0
7.0
8.0
8.0
7.0
5.0
5.0
5.0
5.0
7.0
5.0
5.0
5.0
8.0
5.0
8.0
7.0
7.0
8.0
4.0
4.0
4.0
4.0
8.0
7.0
9.0
8.0
7.0
8.0
5.0
5.0
5.0
4.0
5.0
5.0
5.0
5.0
8.0
8.0
8.0
7.0
7.0
8.0
4.0
4.0
5.0
5.0
7.0
8.0
5.0
5.0
7.0
7.0
5.0
8.0
5.0
7.0
4.0
5.0
4.0
5.0
8.0
7.0
7.0
7.0
8.0
8.0
4.0
4.0
5.0
5.0
5.0
5.0
7.0
5.0
9.0
8.0
7.0
5.0
8.0
8.0
4.0
5.0
4.0
4.0
8.0
7.0
7.0
5.0
4.0
7.0
5.0
7.0
7.0
5.0
5.0
5.0
4.0
5.0
7.0
7.0
7.0
8.0
8.0
8.0
5.0
4.0
5.0
5.0
4.0
4.0
4.0
7.0
7.0
7.0
8.0
4.0
7.0
7.0
5.0
5.0
5.0
5.0
7.0
7.0
8.0
4.0
4.0
8.0
5.0
8.0
8.0
5.0
5.0
4.0
5.0
8.0
8.0
5.0
7.0
7.0
7.0
8.0
4.0
5.0
5.0
4.0
4.0
4.0
7.0
7.0
4.0
7.0
8.0
8.0
8.0
5.0
5.0
5.0
5.0
5.0
8.0
8.0
8.0
4.0
5.0
8.0
7.0
4.0
8.0
4.0
5.0
5.0
5.0
7.0
8.0
8.0
5.0
7.0
7.0
8.0
4.0
4.0
5.0
5.0
5.0
8.0
5.0
8.0
8.0
5.0
8.0
8.0
8.0
5.0
6.0
5.0
5.0
8.0
8.0
5.0
8.0
8.0
7.0
4.0
5.0
4.0
8.0
5.0
5.0
4.0
4.0
7.0
7.0
7.0
8.0
8.0
5.0
7.0
5.0
5.0
5.0
5.0
7.0
7.0
5.0
7.0
8.0
4.0
5.0
7.0
7.0
4.0
5.0
5.0
5.0
8.0
8.0
8.0
5.0
7.0
8.0
4.0
4.0
8.0
5.0
5.0
5.0
5.0
7.0
7.0
4.0
7.0
7.0
7.0
8.0
5.0
4.0
5.0
5.0
8.0
8.0
4.0
5.0
8.0
8.0
4.0
8.0
5.0
8.0
5.0
4.0
5.0
7.0
7.0
5.0
7.0
7.0
7.0
4.0
5.0
4.0
7.0
4.0
4.0
323.0
583.0
583.0
323.0
337.0
583.0
583.0
321.0
338.0
321.0
319.0
319.0
319.0
320.0
295.0
322.0
326.0
342.0
451.0
450.0
263.0
320.0
321.0
320.0
319.0
320.0
279.0
264.0
319.0
321.0
324.0
321.0
322.0
321.0
322.0
435.0
270.0
477.0
323.0
319.0
319.0
319.0
318.0
326.0
320.0
264.0
468.0
320.0
319.0
320.0
320.0
321.0
322.0
469.0
319.0
261.0
321.0
318.0
320.0
321.0
319.0
400.0
321.0
264.0
323.0
324.0
320.0
285.0
318.0
390.0
319.0
317.0
318.0
313.0
276.0
498.0
277.0
309.0
310.0
308.0
310.0
310.0
277.0
309.0
499.0
280.0
308.0
310.0
309.0
4.0
4.0
4.0
4.0
4.0
4.0
4.0
3.0
4.0
4.0
4.0
309.0
278.0
308.0
308.0
381.0
290.0
303.0
312.0
312.0
345.0
294.0
309.0
309.0
309.0
421.0
289.0
286.0
299.0
288.0
300.0
301.0
471.0
306.0
310.0
304.0
302.0
410.0
344.0
336.0
342.0
342.0
341.0
341.0
340.0
340.0
339.0
315.0
312.0
312.0
313.0
312.0
311.0
311.0
309.0
308.0
306.0
302.0
303.0
303.0
300.0
300.0
299.0
299.0
299.0
298.0
300.0
296.0
298.0
298.0
296.0
302.0
298.0
303.0
303.0
303.0
303.0
301.0
303.0
301.0
302.0
299.0
299.0
298.0
298.0
300.0
297.0
297.0
299.0
298.0
296.0
299.0
298.0
298.0
296.0
299.0
297.0
297.0
299.0
297.0
4.0
4.0
4.0
4.0
4.0
4.0
4.0
4.0
4.0
4.0
4.0
299.0
297.0
298.0
298.0
305.0
303.0
303.0
302.0
303.0
301.0
304.0
304.0
300.0
303.0
298.0
299.0
298.0
297.0
296.0
298.0
298.0
298.0
297.0
300.0
296.0
296.0
298.0
299.0
297.0
299.0
300.0
299.0
297.0
298.0
299.0
300.0
296.0
302.0
305.0
300.0
302.0
301.0
302.0
304.0
303.0
303.0
302.0
298.0
299.0
297.0
299.0
298.0
296.0
298.0
298.0
299.0
296.0
299.0
300.0
299.0
298.0
299.0
300.0
301.0
299.0
298.0
299.0
298.0
300.0
297.0
297.0
297.0
297.0
302.0
301.0
303.0
304.0
302.0
336.0
334.0
335.0
333.0
333.0
329.0
330.0
333.0
330.0
331.0
300.0
4.0
4.0
4.0
4.0
4.0
4.0
4.0
4.0
4.0
4.0
4.0
299.0
297.0
298.0
297.0
297.0
300.0
300.0
298.0
301.0
298.0
298.0
298.0
299.0
299.0
297.0
301.0
303.0
299.0
300.0
298.0
300.0
297.0
300.0
300.0
298.0
302.0
301.0
301.0
302.0
301.0
303.0
302.0
304.0
303.0
302.0
298.0
296.0
300.0
302.0
298.0
298.0
297.0
296.0
298.0
296.0
299.0
298.0
299.0
298.0
300.0
299.0
297.0
296.0
297.0
297.0
299.0
305.0
302.0
303.0
302.0
301.0
301.0
302.0
304.0
300.0
304.0
303.0
301.0
300.0
305.0
305.0
301.0
300.0
299.0
299.0
302.0
302.0
302.0
299.0
300.0
298.0
296.0
296.0
297.0
298.0
298.0
299.0
297.0
297.0
4.0
4.0
4.0
4.0
4.0
3.0
3.0
4.0
4.0
4.0
4.0
304.0
302.0
302.0
302.0
302.0
304.0
304.0
302.0
302.0
304.0
299.0
298.0
299.0
298.0
299.0
300.0
299.0
298.0
298.0
298.0
298.0
300.0
298.0
299.0
297.0
299.0
299.0
298.0
298.0
298.0
299.0
302.0
298.0
299.0
299.0
297.0
304.0
303.0
302.0
337.0
335.0
335.0
339.0
339.0
340.0
335.0
338.0
340.0
339.0
294.0
297.0
296.0
306.0
300.0
301.0
299.0
299.0
298.0
298.0
300.0
301.0
300.0
296.0
297.0
299.0
301.0
298.0
300.0
297.0
301.0
303.0
301.0
297.0
300.0
301.0
299.0
304.0
301.0
302.0
304.0
303.0
301.0
303.0
302.0
301.0
304.0
303.0
303.0
302.0
4.0
4.0
4.0
4.0
4.0
3.0
3.0
4.0
4.0
4.0
4.0
298.0
297.0
296.0
303.0
301.0
299.0
299.0
298.0
299.0
298.0
299.0
296.0
298.0
299.0
299.0
297.0
297.0
299.0
302.0
301.0
303.0
301.0
301.0
301.0
301.0
303.0
300.0
299.0
297.0
296.0
297.0
296.0
296.0
297.0
298.0
297.0
297.0
300.0
300.0
298.0
297.0
298.0
296.0
297.0
299.0
298.0
297.0
297.0
298.0
297.0
303.0
303.0
304.0
302.0
303.0
304.0
303.0
302.0
303.0
304.0
299.0
297.0
298.0
298.0
300.0
299.0
298.0
297.0
299.0
302.0
299.0
297.0
298.0
299.0
299.0
299.0
298.0
298.0
298.0
297.0
297.0
298.0
297.0
297.0
298.0
298.0
297.0
304.0
304.0
4.0
5.0
4.0
3.0
3.0
4.0
4.0
4.0
4.0
4.0
3.0
345.0
345.0
347.0
347.0
347.0
347.0
346.0
345.0
340.0
339.0
304.0
306.0
299.0
299.0
301.0
299.0
302.0
298.0
299.0
297.0
304.0
301.0
299.0
298.0
304.0
299.0
302.0
296.0
299.0
300.0
303.0
303.0
299.0
297.0
301.0
301.0
311.0
299.0
301.0
302.0
306.0
301.0
310.0
302.0
308.0
302.0
298.0
309.0
301.0
298.0
303.0
302.0
298.0
299.0
296.0
298.0
297.0
300.0
300.0
297.0
299.0
298.0
299.0
298.0
297.0
296.0
296.0
298.0
302.0
306.0
312.0
311.0
321.0
312.0
316.0
314.0
314.0
316.0
317.0
313.0
315.0
312.0
310.0
322.0
310.0
310.0
312.0
311.0
312.0
4.0
4.0
4.0
4.0
5.0
4.0
4.0
4.0
4.0
4.0
4.0
307.0
303.0
301.0
305.0
309.0
303.0
300.0
301.0
302.0
302.0
306.0
302.0
302.0
305.0
306.0
305.0
312.0
301.0
306.0
306.0
302.0
301.0
299.0
301.0
299.0
301.0
299.0
309.0
302.0
302.0
302.0
299.0
299.0
302.0
300.0
299.0
303.0
304.0
300.0
299.0
299.0
299.0
299.0
296.0
301.0
301.0
299.0
302.0
300.0
302.0
345.0
345.0
347.0
345.0
343.0
342.0
343.0
342.0
342.0
342.0
296.0
298.0
302.0
297.0
300.0
299.0
300.0
300.0
297.0
298.0
300.0
299.0
302.0
298.0
299.0
298.0
299.0
299.0
297.0
296.0
297.0
300.0
300.0
297.0
300.0
298.0
299.0
303.0
301.0
4.0
4.0
4.0
4.0
4.0
4.0
3.0
3.0
4.0
4.0
4.0
302.0
301.0
304.0
304.0
305.0
303.0
302.0
303.0
299.0
297.0
298.0
299.0
298.0
298.0
299.0
298.0
299.0
299.0
300.0
298.0
299.0
300.0
298.0
299.0
298.0
299.0
300.0
299.0
298.0
299.0
302.0
304.0
305.0
303.0
301.0
303.0
304.0
302.0
304.0
304.0
297.0
298.0
299.0
300.0
296.0
299.0
299.0
298.0
297.0
299.0
298.0
298.0
299.0
298.0
298.0
300.0
299.0
300.0
298.0
299.0
297.0
301.0
304.0
303.0
303.0
302.0
303.0
303.0
302.0
304.0
303.0
299.0
300.0
296.0
301.0
297.0
299.0
300.0
297.0
299.0
300.0
297.0
300.0
300.0
298.0
296.0
300.0
298.0
296.0
4.0
4.0
4.0
4.0
4.0
4.0
4.0
4.0
4.0
4.0
4.0
2111.0
2081.0
2085.0
2127.0
2107.0
2092.0
2102.0
2109.0
2094.0
2109.0
2030.0
2015.0
2019.0
2024.0
2018.0
2028.0
2030.0
2021.0
2032.0
2022.0
2076.0
2099.0
2083.0
2105.0
2092.0
2075.0
2094.0
2079.0
2077.0
2086.0
2029.0
2024.0
2020.0
2026.0
2024.0
2027.0
2025.0
2023.0
2031.0
2023.0
2119.0
2077.0
2073.0
2127.0
2076.0
2121.0
2121.0
2077.0
2114.0
2072.0
2027.0
2016.0
2014.0
2020.0
2021.0
2022.0
2027.0
2022.0
2027.0
2027.0
2090.0
2091.0
2111.0
2091.0
2086.0
2090.0
2100.0
2072.0
2074.0
2091.0
2020.0
2020.0
2023.0
2024.0
2020.0
2020.0
2023.0
2049.0
2023.0
2027.0
2097.0
2080.0
2066.0
2078.0
2083.0
2067.0
2069.0
2078.0
2068.0
1771.0
4.0
3.0
3.0
3.0
4.0
4.0
4.0
4.0
4.0
4.0
2026.0
2026.0
2020.0
2020.0
2027.0
2023.0
2026.0
2025.0
2027.0
2029.0
2073.0
2164.0
2081.0
2055.0
2079.0
2157.0
2077.0
2084.0
2092.0
2084.0
2068.0
2066.0
2058.0
2046.0
2052.0
2064.0
2074.0
2123.0
2120.0
2094.0
2118.0
2092.0
2104.0
2105.0
2094.0
2076.0
2099.0
2042.0
2034.0
2033.0
2036.0
2036.0
2037.0
2033.0
2036.0
2105.0
2073.0
2092.0
2093.0
2092.0
2104.0
2093.0
2094.0
2093.0
2117.0
2040.0
2023.0
2043.0
2050.0
2046.0
2126.0
2118.0
2121.0
2115.0
2094.0
2088.0
2124.0
2090.0
2124.0
2099.0
2045.0
2021.0
2027.0
2022.0
2026.0
2029.0
2034.0
2025.0
2026.0
2031.0
2106.0
2113.0
2097.0
2107.0
2112.0
2119.0
2121.0
2086.0
2082.0
1821.0
5.0
4.0
4.0
4.0
4.0
4.0
4.0
4.0
4.0
4.0
2033.0
2042.0
2032.0
2038.0
2041.0
2046.0
2040.0
2040.0
2037.0
2037.0
2129.0
2099.0
2126.0
2122.0
2086.0
2138.0
2090.0
2090.0
2130.0
2111.0
2021.0
2029.0
2026.0
2031.0
2023.0
2022.0
2036.0
2024.0
2020.0
2026.0
2110.0
2122.0
2117.0
2070.0
2108.0
2067.0
2106.0
2107.0
2080.0
2085.0
2023.0
2027.0
2024.0
2028.0
2016.0
2020.0
2027.0
2024.0
2019.0
2019.0
2109.0
2070.0
2119.0
2109.0
2068.0
2070.0
2112.0
2112.0
2116.0
2115.0
2035.0
2025.0
2036.0
2031.0
2020.0
2024.0
2032.0
2023.0
2021.0
2030.0
2064.0
2103.0
2111.0
2068.0
2069.0
2072.0
2116.0
2109.0
2113.0
2127.0
2045.0
2053.0
2053.0
2047.0
2047.0
2091.0
2047.0
2046.0
2041.0
1753.0
4.0
4.0
4.0
4.0
4.0
4.0
4.0
4.0
4.0
4.0
2067.0
2081.0
2089.0
2122.0
2070.0
2125.0
2070.0
2110.0
2070.0
2092.0
2046.0
2046.0
2057.0
2051.0
2044.0
2044.0
2067.0
2056.0
2041.0
2028.0
2099.0
2071.0
2082.0
2054.0
2087.0
2065.0
2097.0
2070.0
2077.0
2070.0
2041.0
2047.0
2038.0
2059.0
2055.0
2104.0
2067.0
2057.0
2057.0
2042.0
2105.0
2100.0
2105.0
2076.0
2102.0
2106.0
2093.0
2084.0
2095.0
2090.0
2026.0
2022.0
2024.0
2021.0
2029.0
2017.0
2037.0
2026.0
2026.0
2027.0
2094.0
2104.0
2102.0
2099.0
2096.0
2101.0
2101.0
2089.0
2096.0
2087.0
2022.0
2026.0
2026.0
2020.0
2029.0
2025.0
2021.0
2021.0
2024.0
2025.0
2055.0
2072.0
2076.0
2060.0
2043.0
2059.0
2068.0
2052.0
2053.0
1776.0
4.0
4.0
4.0
4.0
4.0
4.0
4.0
4.0
4.0
4.0
2035.0
2057.0
2041.0
2037.0
2034.0
2020.0
2056.0
2021.0
2062.0
2041.0
2082.0
2102.0
2082.0
2075.0
2103.0
2082.0
2078.0
2099.0
2109.0
2098.0
2028.0
2021.0
2027.0
2021.0
2032.0
2032.0
2027.0
2020.0
2025.0
2026.0
2042.0
2066.0
2046.0
2037.0
2045.0
2047.0
2039.0
2067.0
2058.0
2045.0
2038.0
2032.0
2050.0
2041.0
2043.0
2047.0
2040.0
2042.0
2043.0
2043.0
2061.0
2052.0
2068.0
2077.0
2066.0
2071.0
2061.0
2068.0
2072.0
2069.0
2026.0
2024.0
2025.0
2028.0
2028.0
2025.0
2032.0
2024.0
2021.0
2028.0
2054.0
2040.0
2048.0
2062.0
2053.0
2053.0
2067.0
2064.0
2073.0
2062.0
2024.0
2017.0
2024.0
2018.0
2032.0
2042.0
2029.0
2014.0
2010.0
1728.0
4.0
3.0
4.0
4.0
4.0
4.0
4.0
4.0
3.0
4.0
2070.0
2072.0
2050.0
2048.0
2067.0
2071.0
2051.0
2062.0
2064.0
2061.0
2024.0
2017.0
2020.0
2021.0
2024.0
2028.0
2040.0
2029.0
2017.0
2019.0
2053.0
2048.0
2049.0
2055.0
2038.0
2054.0
2062.0
2055.0
2046.0
2052.0
2067.0
2066.0
2063.0
2061.0
2065.0
2066.0
2069.0
2069.0
2067.0
2069.0
2049.0
2050.0
2049.0
2047.0
2050.0
2052.0
2051.0
2051.0
2041.0
2064.0
2030.0
2021.0
2019.0
2026.0
2014.0
2029.0
2030.0
2010.0
2026.0
2013.0
2077.0
2076.0
2051.0
2049.0
2069.0
2081.0
2050.0
2049.0
2049.0
2042.0
2027.0
2018.0
2021.0
2020.0
2017.0
2024.0
2022.0
2014.0
2021.0
2012.0
2049.0
2073.0
2047.0
2050.0
2076.0
2051.0
2054.0
2072.0
2057.0
1796.0
5.0
4.0
3.0
4.0
4.0
4.0
4.0
4.0
4.0
4.0
2027.0
2028.0
2032.0
2023.0
2026.0
2020.0
2026.0
2025.0
2016.0
2029.0
2077.0
2071.0
2063.0
2060.0
2101.0
2095.0
2083.0
2097.0
2089.0
2074.0
2039.0
2039.0
2026.0
2028.0
2021.0
2020.0
2119.0
2037.0
2017.0
2037.0
2056.0
2051.0
2053.0
2056.0
2050.0
2052.0
2059.0
2051.0
2056.0
2054.0
2020.0
2023.0
2023.0
2030.0
2030.0
2022.0
2014.0
2021.0
2032.0
2035.0
2046.0
2060.0
2070.0
2069.0
2071.0
2067.0
2063.0
2047.0
2063.0
2048.0
2026.0
2029.0
2024.0
2025.0
2023.0
2024.0
2030.0
2021.0
2027.0
2027.0
2046.0
2073.0
2073.0
2073.0
2066.0
2068.0
2062.0
2066.0
2063.0
2075.0
2031.0
2039.0
2040.0
2051.0
2046.0
2029.0
2031.0
2054.0
2053.0
1750.0
4.0
4.0
4.0
4.0
4.0
4.0
4.0
4.0
4.0
4.0
2076.0
2047.0
2067.0
2091.0
2085.0
2070.0
2068.0
2046.0
2072.0
2066.0
2027.0
2054.0
2032.0
2024.0
2031.0
2033.0
2021.0
2024.0
2023.0
2030.0
2047.0
2044.0
2049.0
2061.0
2048.0
2052.0
2046.0
2095.0
2046.0
2045.0
2034.0
2025.0
2029.0
2033.0
2027.0
2022.0
2026.0
2021.0
2020.0
2024.0
2046.0
2046.0
2061.0
2063.0
2050.0
2048.0
2051.0
2044.0
2051.0
2049.0
2021.0
2027.0
2021.0
2023.0
2026.0
2028.0
2021.0
2018.0
2023.0
2021.0
2056.0
2047.0
2045.0
2053.0
2059.0
2049.0
2054.0
2051.0
2054.0
2054.0
2027.0
2057.0
2033.0
2025.0
2029.0
2045.0
2053.0
2027.0
2048.0
2051.0
2051.0
2048.0
2051.0
2039.0
2042.0
2048.0
2051.0
2033.0
2035.0
1759.0
5.0
4.0
4.0
5.0
3.0
4.0
3.0
3.0
4.0
3.0
