11.0
9.0
6.0
6.0
6.0
7.0
6.0
10.0
9.0
8.0
49.0
49.0
84.0
49.0
85.0
50.0
49.0
49.0
84.0
85.0
48.0
49.0
48.0
48.0
48.0
49.0
88.0
91.0
39.0
38.0
38.0
38.0
38.0
37.0
38.0
41.0
40.0
40.0
41.0
39.0
38.0
39.0
39.0
39.0
40.0
67.0
6331.0
30.0
37.0
37.0
37.0
38.0
30.0
64.0
37.0
37.0
37.0
37.0
30.0
37.0
37.0
37.0
36.0
29.0
65.0
6068.0
37.0
38.0
30.0
30.0
38.0
37.0
63.0
30.0
36.0
37.0
30.0
37.0
37.0
37.0
29.0
37.0
37.0
37.0
6118.0
14126.0
36.0
36.0
36.0
36.0
36.0
36.0
36.0
36.0
36.0
36.0
36.0
36.0
36.0
36.0
94.0
94.0
36.0
36.0
6138.0
13541.0
37.0
37.0
102.0
102.0
44.0
39.0
39.0
36.0
39.0
36.0
36.0
36.0
36.0
35.0
35.0
36.0
36.0
35.0
6080.0
35.0
35.0
35.0
34.0
35.0
35.0
35.0
34.0
35.0
35.0
34.0
34.0
34.0
34.0
34.0
35.0
34.0
35.0
6140.0
13354.0
33.0
33.0
33.0
33.0
34.0
33.0
33.0
34.0
33.0
33.0
33.0
33.0
33.0
41.0
35.0
33.0
33.0
34.0
6136.0
6.0
5.0
5.0
5.0
5.0
6.0
5.0
5.0
6.0
5.0
5.0
5.0
5.0
6.0
5.0
5.0
6.0
5.0
6119.0
12376.0
6.0
5.0
5.0
5.0
5.0
5.0
5.0
5.0
5.0
5.0
5.0
5.0
5.0
5.0
5.0
5.0
5.0
5.0
5945.0
12355.0
63.0
92.0
67.0
66.0
38.0
10.0
10.0
11.0
11.0
11.0
62.0
53.0
66.0
66.0
66.0
10.0
10.0
7.0
7.0
6.0
65.0
94.0
69.0
38.0
38.0
10.0
16.0
10.0
10.0
7.0
112.0
94.0
40.0
69.0
69.0
10.0
10.0
9.0
9.0
7.0
63.0
52.0
38.0
37.0
66.0
16.0
17.0
10.0
7.0
6.0
109.0
52.0
60.0
66.0
38.0
9.0
16.0
6.0
7.0
7.0
62.0
64.0
66.0
67.0
37.0
10.0
9.0
6.0
6.0
7.0
62.0
52.0
38.0
38.0
66.0
10.0
10.0
11.0
10.0
6.0
62.0
52.0
66.0
38.0
66.0
9.0
16.0
7.0
6.0
6.0
62.0
47.0
66.0
38.0
64.0
9.0
10.0
6.0
7.0
6.0
62.0
52.0
37.0
38.0
67.0
16.0
8.0
6.0
5.0
7.0
109.0
42.0
39.0
38.0
38.0
10.0
9.0
7.0
7.0
6.0
62.0
52.0
38.0
38.0
37.0
10.0
8.0
10.0
7.0
6.0
62.0
52.0
30.0
66.0
38.0
10.0
9.0
7.0
6.0
5.0
62.0
52.0
38.0
30.0
38.0
16.0
10.0
7.0
7.0
6.0
58.0
52.0
31.0
38.0
67.0
16.0
10.0
6.0
7.0
7.0
92.0
51.0
37.0
38.0
38.0
8.0
10.0
5.0
5.0
7.0
51.0
52.0
31.0
37.0
38.0
9.0
10.0
10.0
7.0
7.0
6458.0
6027.0
5845.0
6406.0
6425.0
5830.0
7.0
7.0
13509.0
13418.0
13516.0
13514.0
7334.0
7292.0
57.0
48.0
34.0
34.0
8.0
6.0
5.0
5.0
5.0
5.0
57.0
47.0
34.0
34.0
8.0
6.0
5.0
5.0
5.0
5.0
56.0
47.0
34.0
34.0
8.0
6.0
6.0
5.0
5.0
5.0
56.0
47.0
34.0
34.0
8.0
6.0
5.0
5.0
5.0
5.0
58.0
47.0
34.0
34.0
8.0
5.0
5.0
5.0
5.0
6.0
56.0
47.0
34.0
34.0
8.0
6.0
5.0
5.0
5.0
5.0
56.0
47.0
34.0
34.0
8.0
6.0
5.0
5.0
5.0
5.0
57.0
47.0
35.0
34.0
9.0
6.0
5.0
5.0
5.0
5.0
64.0
55.0
41.0
36.0
8.0
6.0
5.0
5.0
5.0
5.0
56.0
47.0
35.0
34.0
8.0
6.0
5.0
5.0
5.0
5.0
57.0
48.0
34.0
34.0
8.0
5.0
5.0
5.0
5.0
5.0
56.0
47.0
34.0
34.0
8.0
6.0
5.0
5.0
5.0
5.0
58.0
47.0
34.0
34.0
8.0
5.0
5.0
5.0
5.0
5.0
57.0
47.0
34.0
34.0
8.0
6.0
5.0
5.0
5.0
5.0
115.0
105.0
92.0
92.0
8.0
6.0
5.0
5.0
5.0
5.0
58.0
48.0
35.0
33.0
8.0
6.0
5.0
5.0
5.0
5.0
57.0
47.0
34.0
34.0
9.0
6.0
5.0
5.0
5.0
5.0
56.0
48.0
34.0
34.0
9.0
5.0
5.0
5.0
5.0
5.0
6194.0
6093.0
6156.0
6118.0
6105.0
6193.0
6057.0
5.0
5.0
13604.0
13756.0
13605.0
13492.0
13602.0
7455.0
7376.0
57.0
34.0
34.0
34.0
34.0
5.0
5.0
4.0
5.0
4.0
57.0
35.0
34.0
34.0
34.0
5.0
5.0
4.0
5.0
4.0
58.0
35.0
33.0
34.0
33.0
5.0
5.0
5.0
5.0
4.0
57.0
35.0
33.0
34.0
34.0
5.0
4.0
4.0
5.0
4.0
57.0
35.0
33.0
33.0
33.0
5.0
5.0
4.0
4.0
5.0
57.0
34.0
34.0
33.0
34.0
5.0
4.0
4.0
5.0
5.0
57.0
35.0
33.0
33.0
34.0
6.0
4.0
4.0
5.0
5.0
57.0
35.0
33.0
33.0
33.0
5.0
5.0
4.0
4.0
5.0
109.0
81.0
92.0
104.0
36.0
9.0
8.0
5.0
7.0
5.0
58.0
42.0
35.0
57.0
34.0
5.0
5.0
5.0
4.0
7.0
59.0
36.0
58.0
34.0
35.0
6.0
5.0
4.0
5.0
5.0
59.0
37.0
36.0
36.0
36.0
5.0
5.0
4.0
5.0
4.0
89.0
38.0
35.0
64.0
63.0
36.0
5.0
5.0
5.0
5.0
60.0
37.0
35.0
35.0
35.0
5.0
5.0
5.0
5.0
5.0
60.0
37.0
35.0
36.0
36.0
5.0
5.0
5.0
5.0
5.0
61.0
37.0
36.0
35.0
35.0
6.0
5.0
5.0
4.0
4.0
59.0
37.0
35.0
34.0
35.0
5.0
5.0
5.0
5.0
5.0
59.0
36.0
35.0
36.0
34.0
5.0
5.0
5.0
4.0
4.0
6169.0
6255.0
6168.0
6155.0
6175.0
6211.0
6160.0
67.0
4.0
5.0
13606.0
13764.0
13611.0
7613.0
7678.0
7514.0
62.0
35.0
33.0
33.0
33.0
6.0
4.0
4.0
5.0
5.0
47.0
35.0
34.0
33.0
33.0
5.0
5.0
4.0
5.0
4.0
47.0
35.0
33.0
34.0
33.0
5.0
5.0
4.0
5.0
4.0
47.0
35.0
33.0
46.0
46.0
5.0
5.0
5.0
18.0
5.0
48.0
35.0
34.0
34.0
33.0
5.0
5.0
5.0
4.0
5.0
47.0
34.0
33.0
33.0
34.0
5.0
4.0
5.0
5.0
4.0
47.0
35.0
34.0
33.0
34.0
5.0
5.0
5.0
5.0
4.0
65.0
51.0
48.0
50.0
39.0
6.0
5.0
5.0
5.0
5.0
51.0
37.0
37.0
36.0
36.0
6.0
4.0
4.0
5.0
4.0
50.0
37.0
35.0
35.0
35.0
6.0
5.0
5.0
5.0
5.0
50.0
37.0
35.0
35.0
36.0
6.0
5.0
5.0
4.0
5.0
63.0
37.0
35.0
48.0
50.0
19.0
5.0
5.0
5.0
5.0
50.0
37.0
35.0
34.0
34.0
6.0
5.0
4.0
5.0
4.0
49.0
36.0
36.0
34.0
35.0
5.0
5.0
5.0
5.0
5.0
50.0
37.0
35.0
35.0
35.0
6.0
5.0
5.0
5.0
5.0
50.0
37.0
35.0
36.0
35.0
6.0
4.0
5.0
4.0
5.0
69.0
57.0
56.0
53.0
32.0
5.0
5.0
5.0
5.0
4.0
46.0
35.0
32.0
32.0
31.0
5.0
4.0
4.0
4.0
4.0
6308.0
6233.0
6142.0
6272.0
5994.0
6058.0
4.0
5.0
4.0
13883.0
13506.0
13561.0
13506.0
13489.0
7372.0
7339.0
7319.0
47.0
33.0
32.0
6.0
6.0
5.0
4.0
5.0
4.0
5.0
47.0
34.0
32.0
7.0
6.0
4.0
4.0
4.0
4.0
4.0
46.0
34.0
32.0
7.0
7.0
4.0
5.0
4.0
4.0
5.0
47.0
34.0
32.0
6.0
6.0
5.0
4.0
5.0
5.0
4.0
57.0
44.0
34.0
7.0
7.0
4.0
5.0
4.0
4.0
5.0
47.0
33.0
32.0
7.0
7.0
4.0
5.0
4.0
5.0
5.0
46.0
34.0
32.0
7.0
6.0
5.0
4.0
5.0
5.0
4.0
46.0
34.0
33.0
6.0
7.0
5.0
4.0
4.0
5.0
5.0
46.0
34.0
32.0
7.0
7.0
5.0
4.0
5.0
4.0
4.0
46.0
34.0
33.0
6.0
7.0
5.0
4.0
5.0
4.0
4.0
47.0
34.0
33.0
7.0
7.0
4.0
4.0
4.0
4.0
5.0
47.0
33.0
32.0
7.0
6.0
4.0
5.0
4.0
4.0
4.0
46.0
33.0
32.0
7.0
7.0
4.0
4.0
4.0
5.0
4.0
46.0
34.0
33.0
7.0
7.0
4.0
5.0
4.0
4.0
5.0
47.0
34.0
32.0
7.0
7.0
5.0
4.0
5.0
4.0
4.0
47.0
34.0
32.0
7.0
6.0
5.0
4.0
5.0
4.0
4.0
46.0
34.0
33.0
7.0
7.0
4.0
5.0
4.0
5.0
4.0
46.0
34.0
99.0
71.0
8.0
5.0
5.0
4.0
4.0
5.0
6222.0
6215.0
6202.0
6090.0
6069.0
6024.0
5.0
5.0
5.0
13373.0
13389.0
13378.0
13355.0
7344.0
7347.0
7282.0
57.0
47.0
34.0
33.0
8.0
6.0
5.0
5.0
5.0
5.0
57.0
47.0
34.0
34.0
8.0
6.0
5.0
5.0
5.0
5.0
57.0
47.0
35.0
34.0
8.0
6.0
5.0
5.0
5.0
5.0
57.0
47.0
49.0
48.0
8.0
6.0
5.0
5.0
5.0
5.0
57.0
47.0
34.0
34.0
8.0
6.0
5.0
5.0
5.0
5.0
57.0
47.0
34.0
34.0
8.0
6.0
5.0
5.0
4.0
5.0
56.0
47.0
34.0
34.0
8.0
6.0
5.0
5.0
5.0
5.0
57.0
47.0
34.0
34.0
8.0
6.0
5.0
5.0
5.0
5.0
58.0
49.0
35.0
35.0
8.0
6.0
6.0
5.0
5.0
5.0
130.0
121.0
107.0
34.0
8.0
6.0
5.0
6.0
5.0
5.0
56.0
50.0
34.0
35.0
9.0
5.0
5.0
5.0
5.0
5.0
57.0
47.0
35.0
34.0
8.0
6.0
6.0
5.0
5.0
5.0
59.0
47.0
34.0
34.0
8.0
6.0
5.0
5.0
5.0
5.0
57.0
47.0
34.0
34.0
8.0
5.0
5.0
5.0
5.0
5.0
56.0
48.0
34.0
34.0
9.0
6.0
5.0
5.0
5.0
5.0
56.0
47.0
34.0
34.0
8.0
6.0
5.0
5.0
5.0
5.0
57.0
47.0
34.0
34.0
8.0
6.0
5.0
5.0
5.0
5.0
57.0
47.0
34.0
34.0
8.0
6.0
5.0
5.0
5.0
5.0
6122.0
6146.0
6148.0
6120.0
6077.0
6082.0
6084.0
5.0
5.0
13944.0
13619.0
13456.0
14029.0
13590.0
7268.0
7262.0
57.0
35.0
33.0
33.0
34.0
6.0
4.0
5.0
4.0
4.0
57.0
34.0
86.0
87.0
34.0
6.0
4.0
5.0
4.0
5.0
57.0
34.0
33.0
33.0
33.0
6.0
4.0
5.0
4.0
4.0
57.0
35.0
33.0
33.0
33.0
5.0
5.0
4.0
4.0
4.0
57.0
35.0
33.0
33.0
34.0
5.0
5.0
4.0
4.0
5.0
57.0
35.0
33.0
33.0
33.0
5.0
4.0
5.0
4.0
4.0
57.0
35.0
34.0
33.0
33.0
5.0
4.0
5.0
4.0
4.0
57.0
35.0
33.0
33.0
33.0
5.0
5.0
4.0
5.0
4.0
56.0
35.0
33.0
33.0
34.0
5.0
5.0
5.0
4.0
4.0
57.0
35.0
33.0
33.0
33.0
5.0
5.0
4.0
4.0
5.0
57.0
34.0
33.0
33.0
33.0
6.0
4.0
5.0
5.0
4.0
56.0
35.0
33.0
34.0
33.0
5.0
4.0
5.0
4.0
4.0
78.0
35.0
34.0
33.0
54.0
5.0
5.0
26.0
25.0
5.0
56.0
35.0
34.0
33.0
33.0
5.0
4.0
5.0
5.0
4.0
57.0
35.0
34.0
34.0
34.0
6.0
4.0
5.0
4.0
5.0
57.0
35.0
33.0
33.0
34.0
5.0
5.0
4.0
4.0
5.0
56.0
35.0
33.0
33.0
34.0
6.0
4.0
5.0
5.0
4.0
56.0
35.0
33.0
33.0
34.0
6.0
4.0
4.0
5.0
5.0
6113.0
6255.0
6098.0
6128.0
6070.0
6069.0
5.0
4.0
4.0
13599.0
13569.0
13742.0
13709.0
7393.0
7520.0
7386.0
47.0
34.0
32.0
7.0
6.0
4.0
4.0
4.0
4.0
4.0
46.0
34.0
33.0
7.0
7.0
4.0
5.0
5.0
5.0
4.0
46.0
34.0
33.0
6.0
7.0
5.0
4.0
5.0
4.0
5.0
47.0
34.0
33.0
6.0
6.0
5.0
4.0
5.0
4.0
4.0
46.0
34.0
33.0
7.0
6.0
4.0
4.0
4.0
5.0
4.0
47.0
34.0
33.0
7.0
7.0
4.0
5.0
4.0
4.0
4.0
47.0
33.0
32.0
6.0
6.0
5.0
4.0
4.0
5.0
5.0
47.0
34.0
33.0
7.0
7.0
4.0
5.0
4.0
5.0
4.0
46.0
34.0
33.0
7.0
7.0
4.0
5.0
4.0
4.0
4.0
47.0
34.0
33.0
7.0
7.0
5.0
4.0
4.0
5.0
5.0
46.0
33.0
32.0
7.0
7.0
4.0
4.0
4.0
4.0
5.0
154.0
140.0
139.0
7.0
7.0
4.0
69.0
69.0
5.0
4.0
89.0
76.0
32.0
7.0
6.0
4.0
4.0
4.0
5.0
5.0
47.0
33.0
33.0
7.0
7.0
4.0
4.0
4.0
5.0
4.0
46.0
33.0
33.0
6.0
6.0
5.0
5.0
4.0
4.0
5.0
46.0
34.0
32.0
7.0
6.0
5.0
5.0
4.0
5.0
4.0
46.0
34.0
32.0
7.0
7.0
4.0
5.0
5.0
5.0
4.0
46.0
34.0
32.0
7.0
6.0
4.0
5.0
5.0
4.0
5.0
6212.0
6179.0
6156.0
6215.0
6122.0
6146.0
5.0
4.0
4.0
13505.0
13498.0
13519.0
13532.0
7383.0
7565.0
7306.0
45.0
5.0
4.0
5.0
4.0
5.0
4.0
4.0
4.0
4.0
84.0
4.0
5.0
4.0
5.0
4.0
5.0
4.0
4.0
5.0
44.0
4.0
5.0
4.0
4.0
4.0
4.0
5.0
4.0
5.0
44.0
5.0
4.0
5.0
4.0
4.0
4.0
4.0
5.0
4.0
44.0
4.0
5.0
4.0
5.0
4.0
5.0
4.0
4.0
5.0
44.0
4.0
4.0
5.0
4.0
5.0
4.0
4.0
4.0
4.0
45.0
5.0
4.0
4.0
4.0
4.0
5.0
4.0
5.0
4.0
44.0
4.0
4.0
4.0
4.0
5.0
4.0
5.0
4.0
4.0
45.0
5.0
4.0
5.0
4.0
4.0
4.0
4.0
5.0
4.0
44.0
4.0
5.0
4.0
4.0
4.0
4.0
5.0
4.0
4.0
44.0
4.0
4.0
4.0
4.0
5.0
4.0
5.0
4.0
5.0
44.0
4.0
5.0
4.0
4.0
4.0
4.0
5.0
4.0
5.0
58.0
4.0
4.0
4.0
5.0
4.0
4.0
4.0
19.0
4.0
44.0
4.0
5.0
4.0
4.0
5.0
4.0
5.0
4.0
4.0
44.0
4.0
5.0
4.0
5.0
4.0
4.0
4.0
4.0
5.0
44.0
4.0
5.0
4.0
5.0
4.0
4.0
5.0
4.0
5.0
44.0
4.0
5.0
4.0
5.0
4.0
5.0
4.0
4.0
5.0
44.0
4.0
4.0
4.0
5.0
4.0
5.0
4.0
4.0
5.0
6269.0
6200.0
6284.0
6337.0
6395.0
6372.0
4.0
5.0
4.0
13992.0
14007.0
13880.0
13788.0
7601.0
7590.0
7914.0
30.0
4.0
5.0
4.0
4.0
4.0
4.0
4.0
4.0
4.0
71.0
5.0
4.0
4.0
5.0
4.0
4.0
4.0
4.0
4.0
30.0
5.0
4.0
5.0
4.0
4.0
4.0
4.0
4.0
5.0
31.0
4.0
5.0
4.0
4.0
4.0
4.0
5.0
4.0
4.0
32.0
5.0
4.0
4.0
5.0
4.0
5.0
4.0
4.0
5.0
31.0
4.0
5.0
4.0
5.0
4.0
5.0
4.0
5.0
4.0
31.0
4.0
4.0
4.0
4.0
5.0
4.0
5.0
4.0
4.0
32.0
5.0
4.0
5.0
4.0
5.0
4.0
5.0
4.0
4.0
32.0
5.0
4.0
5.0
4.0
5.0
4.0
5.0
4.0
4.0
31.0
5.0
4.0
5.0
4.0
5.0
4.0
4.0
5.0
4.0
87.0
4.0
4.0
4.0
5.0
4.0
61.0
4.0
5.0
5.0
31.0
4.0
4.0
5.0
4.0
5.0
4.0
4.0
4.0
5.0
31.0
4.0
4.0
4.0
4.0
5.0
4.0
4.0
5.0
4.0
31.0
4.0
5.0
4.0
4.0
4.0
4.0
5.0
4.0
4.0
31.0
4.0
4.0
4.0
5.0
4.0
5.0
4.0
4.0
4.0
31.0
4.0
4.0
5.0
4.0
4.0
4.0
4.0
4.0
5.0
31.0
4.0
5.0
4.0
4.0
4.0
4.0
4.0
4.0
4.0
31.0
5.0
4.0
5.0
4.0
5.0
4.0
5.0
4.0
4.0
6210.0
6104.0
6090.0
6158.0
6177.0
6199.0
6187.0
4.0
5.0
4.0
12844.0
12870.0
12839.0
12855.0
7209.0
7218.0
7143.0
