4.0
4.0
4.0
3.0
3.0
3.0
3.0
3.0
4.0
4.0
8.0
8.0
8.0
8.0
8.0
8.0
8.0
7.0
8.0
7.0
93.0
92.0
93.0
93.0
93.0
93.0
93.0
91.0
92.0
92.0
93.0
93.0
92.0
92.0
92.0
92.0
92.0
91.0
93.0
92.0
92.0
92.0
93.0
93.0
93.0
93.0
93.0
92.0
93.0
91.0
93.0
93.0
93.0
92.0
92.0
92.0
92.0
92.0
92.0
92.0
92.0
92.0
92.0
92.0
92.0
93.0
93.0
92.0
93.0
92.0
93.0
92.0
93.0
93.0
93.0
92.0
92.0
91.0
92.0
92.0
93.0
93.0
92.0
92.0
92.0
92.0
92.0
92.0
93.0
92.0
93.0
92.0
92.0
93.0
93.0
93.0
93.0
92.0
93.0
92.0
93.0
93.0
93.0
92.0
92.0
92.0
92.0
91.0
92.0
92.0
107.0
105.0
106.0
106.0
106.0
106.0
106.0
105.0
106.0
105.0
93.0
93.0
93.0
92.0
92.0
93.0
93.0
92.0
93.0
92.0
93.0
92.0
93.0
92.0
93.0
93.0
93.0
91.0
93.0
91.0
3649.0
3630.0
3638.0
3642.0
3635.0
3642.0
3627.0
3636.0
3661.0
3630.0
3626.0
3639.0
3629.0
3627.0
3629.0
3634.0
3633.0
3657.0
3608.0
3606.0
3610.0
3608.0
3609.0
3612.0
3613.0
3608.0
3607.0
3615.0
3615.0
3613.0
3611.0
3609.0
3615.0
3617.0
3623.0
3610.0
3654.0
3665.0
3658.0
3657.0
3653.0
3662.0
3658.0
3670.0
3650.0
2987.0
2992.0
2990.0
2985.0
8.0
8.0
8.0
8.0
8.0
7.0
7.0
6.0
7.0
7.0
93.0
92.0
92.0
92.0
92.0
92.0
92.0
92.0
92.0
92.0
92.0
92.0
92.0
92.0
92.0
92.0
93.0
91.0
92.0
91.0
104.0
104.0
104.0
104.0
104.0
104.0
104.0
103.0
104.0
103.0
93.0
92.0
92.0
92.0
92.0
92.0
92.0
91.0
92.0
91.0
92.0
92.0
92.0
92.0
92.0
92.0
92.0
91.0
92.0
91.0
93.0
92.0
92.0
92.0
92.0
91.0
91.0
91.0
92.0
91.0
92.0
92.0
92.0
92.0
92.0
92.0
91.0
91.0
91.0
91.0
93.0
92.0
93.0
93.0
93.0
93.0
93.0
93.0
92.0
91.0
93.0
93.0
93.0
92.0
93.0
93.0
93.0
92.0
93.0
92.0
92.0
93.0
92.0
93.0
92.0
92.0
92.0
91.0
92.0
91.0
93.0
92.0
92.0
93.0
92.0
92.0
92.0
91.0
92.0
91.0
92.0
92.0
92.0
92.0
91.0
92.0
92.0
91.0
92.0
91.0
3659.0
3658.0
3655.0
3659.0
3651.0
3655.0
3641.0
3634.0
3651.0
3602.0
3613.0
3611.0
3608.0
3612.0
3611.0
3607.0
3609.0
3614.0
3607.0
3615.0
3623.0
3627.0
3613.0
3621.0
3618.0
3622.0
3618.0
3615.0
3610.0
3638.0
3633.0
3636.0
3635.0
3638.0
3639.0
3646.0
3613.0
3615.0
3628.0
3615.0
3620.0
3620.0
3619.0
3620.0
3617.0
3609.0
3606.0
3613.0
8.0
8.0
8.0
7.0
7.0
7.0
8.0
6.0
8.0
7.0
107.0
107.0
106.0
106.0
106.0
106.0
92.0
91.0
94.0
91.0
93.0
92.0
92.0
92.0
92.0
93.0
92.0
91.0
92.0
91.0
92.0
93.0
93.0
92.0
92.0
92.0
92.0
91.0
92.0
91.0
93.0
93.0
93.0
92.0
93.0
93.0
92.0
92.0
92.0
92.0
93.0
92.0
92.0
92.0
92.0
92.0
92.0
92.0
92.0
91.0
93.0
92.0
92.0
92.0
92.0
93.0
92.0
92.0
93.0
93.0
93.0
92.0
91.0
92.0
92.0
92.0
99.0
98.0
98.0
98.0
99.0
102.0
94.0
93.0
94.0
94.0
94.0
95.0
93.0
92.0
93.0
93.0
93.0
97.0
93.0
94.0
94.0
93.0
94.0
97.0
95.0
94.0
95.0
94.0
94.0
95.0
92.0
91.0
92.0
92.0
93.0
92.0
92.0
93.0
92.0
92.0
92.0
92.0
93.0
91.0
92.0
92.0
92.0
92.0
92.0
92.0
92.0
92.0
92.0
91.0
3635.0
3634.0
3634.0
3634.0
3629.0
3638.0
3635.0
3632.0
3638.0
3638.0
3617.0
3613.0
3616.0
3614.0
3614.0
3607.0
3594.0
3591.0
3591.0
3600.0
3629.0
3701.0
3629.0
3633.0
3631.0
3622.0
3625.0
3622.0
3622.0
3688.0
3618.0
3622.0
3618.0
3620.0
3614.0
3613.0
3598.0
3593.0
3588.0
3611.0
3594.0
3598.0
3594.0
3593.0
3594.0
3595.0
3605.0
3609.0
3609.0
3609.0
3629.0
3625.0
3628.0
3624.0
3631.0
3618.0
3601.0
3604.0
3608.0
3614.0
3614.0
3613.0
3610.0
3610.0
3636.0
3612.0
3649.0
3640.0
3642.0
3642.0
8.0
7.0
7.0
8.0
7.0
8.0
8.0
6.0
8.0
6.0
92.0
91.0
92.0
92.0
96.0
99.0
99.0
97.0
98.0
98.0
94.0
92.0
93.0
92.0
95.0
95.0
96.0
102.0
107.0
108.0
106.0
108.0
127.0
121.0
121.0
120.0
120.0
119.0
107.0
99.0
94.0
94.0
93.0
93.0
96.0
92.0
92.0
91.0
92.0
91.0
98.0
92.0
92.0
92.0
92.0
92.0
96.0
92.0
92.0
91.0
93.0
93.0
96.0
92.0
93.0
92.0
92.0
91.0
92.0
96.0
92.0
92.0
92.0
92.0
92.0
96.0
92.0
91.0
92.0
91.0
92.0
96.0
92.0
92.0
92.0
92.0
92.0
95.0
93.0
92.0
92.0
92.0
92.0
97.0
110.0
110.0
111.0
110.0
113.0
116.0
95.0
95.0
94.0
93.0
92.0
96.0
92.0
91.0
92.0
92.0
93.0
92.0
92.0
97.0
92.0
92.0
92.0
91.0
92.0
91.0
93.0
92.0
96.0
92.0
92.0
92.0
91.0
92.0
92.0
92.0
3617.0
3672.0
3618.0
3617.0
3631.0
3642.0
3621.0
3623.0
3626.0
3596.0
3600.0
3602.0
3599.0
3599.0
3598.0
3600.0
3601.0
3605.0
3611.0
3622.0
3621.0
3617.0
3621.0
3617.0
3629.0
3626.0
3639.0
3633.0
3632.0
3644.0
3635.0
3632.0
3633.0
3620.0
3622.0
3623.0
3605.0
3600.0
3608.0
3615.0
3611.0
3607.0
3614.0
3609.0
3612.0
3597.0
3597.0
3596.0
8.0
7.0
7.0
7.0
8.0
7.0
7.0
6.0
7.0
7.0
93.0
92.0
93.0
92.0
92.0
92.0
92.0
91.0
92.0
91.0
92.0
93.0
92.0
92.0
92.0
92.0
92.0
91.0
93.0
91.0
93.0
92.0
93.0
93.0
92.0
93.0
93.0
92.0
93.0
91.0
93.0
92.0
92.0
92.0
92.0
97.0
99.0
98.0
98.0
97.0
99.0
93.0
92.0
91.0
93.0
92.0
92.0
91.0
92.0
91.0
92.0
92.0
92.0
92.0
92.0
92.0
92.0
91.0
92.0
105.0
106.0
106.0
106.0
106.0
106.0
92.0
92.0
91.0
92.0
91.0
92.0
92.0
92.0
92.0
92.0
92.0
92.0
91.0
92.0
91.0
92.0
92.0
93.0
92.0
92.0
92.0
93.0
92.0
92.0
91.0
93.0
91.0
92.0
91.0
92.0
92.0
93.0
91.0
92.0
91.0
92.0
92.0
92.0
92.0
92.0
92.0
93.0
91.0
92.0
91.0
92.0
92.0
91.0
92.0
92.0
92.0
92.0
91.0
92.0
91.0
3612.0
3614.0
3610.0
3656.0
3615.0
3632.0
3609.0
3612.0
3615.0
3607.0
3613.0
3615.0
3619.0
3621.0
3600.0
3599.0
3634.0
3631.0
3632.0
3635.0
3649.0
3644.0
3644.0
3641.0
3636.0
3653.0
3600.0
3598.0
3595.0
3603.0
3599.0
3604.0
3603.0
3602.0
3598.0
3604.0
3611.0
3607.0
3610.0
3612.0
3621.0
3616.0
3613.0
3613.0
3629.0
3621.0
3623.0
3617.0
3605.0
3605.0
3618.0
3614.0
3615.0
3616.0
3614.0
3617.0
3603.0
3587.0
3588.0
3589.0
3643.0
3641.0
3648.0
3639.0
3647.0
3640.0
3638.0
3632.0
3640.0
3636.0
8.0
7.0
7.0
7.0
7.0
7.0
7.0
2.0
8.0
3.0
93.0
92.0
92.0
92.0
93.0
92.0
93.0
88.0
93.0
63.0
93.0
93.0
93.0
92.0
92.0
92.0
92.0
87.0
92.0
63.0
92.0
92.0
92.0
92.0
92.0
92.0
92.0
87.0
92.0
63.0
92.0
92.0
92.0
92.0
92.0
92.0
92.0
86.0
92.0
63.0
93.0
92.0
92.0
92.0
91.0
92.0
92.0
87.0
99.0
66.0
99.0
99.0
98.0
98.0
95.0
92.0
92.0
87.0
92.0
63.0
106.0
106.0
106.0
106.0
106.0
106.0
92.0
87.0
92.0
63.0
92.0
92.0
92.0
92.0
92.0
92.0
92.0
87.0
92.0
63.0
92.0
92.0
93.0
92.0
92.0
92.0
92.0
87.0
92.0
63.0
92.0
93.0
93.0
92.0
92.0
92.0
92.0
87.0
92.0
63.0
93.0
92.0
95.0
92.0
92.0
92.0
92.0
88.0
93.0
63.0
93.0
92.0
92.0
92.0
93.0
92.0
92.0
87.0
92.0
63.0
3641.0
3633.0
3632.0
3632.0
3634.0
3633.0
3625.0
3629.0
3603.0
3619.0
3623.0
3621.0
3615.0
3617.0
3614.0
3616.0
3592.0
3619.0
3620.0
3623.0
3627.0
3628.0
3620.0
3615.0
3595.0
3618.0
3623.0
3651.0
3640.0
3632.0
3636.0
3606.0
3775.0
3633.0
3633.0
3633.0
3633.0
3597.0
3631.0
3634.0
3633.0
3623.0
3620.0
3600.0
3693.0
3607.0
3626.0
3575.0
8.0
7.0
7.0
8.0
7.0
8.0
7.0
3.0
7.0
2.0
98.0
97.0
97.0
98.0
98.0
93.0
93.0
64.0
93.0
3.0
93.0
92.0
93.0
92.0
92.0
92.0
92.0
63.0
92.0
2.0
92.0
92.0
92.0
92.0
92.0
92.0
93.0
63.0
93.0
3.0
92.0
92.0
92.0
92.0
91.0
91.0
92.0
63.0
92.0
2.0
93.0
92.0
91.0
92.0
92.0
92.0
92.0
63.0
92.0
2.0
93.0
92.0
92.0
92.0
92.0
92.0
92.0
62.0
92.0
2.0
92.0
92.0
92.0
92.0
92.0
92.0
92.0
62.0
93.0
3.0
93.0
92.0
93.0
97.0
97.0
99.0
99.0
68.0
100.0
2.0
95.0
95.0
95.0
92.0
92.0
92.0
92.0
63.0
92.0
2.0
107.0
107.0
106.0
107.0
107.0
107.0
92.0
63.0
92.0
2.0
93.0
92.0
92.0
92.0
92.0
92.0
92.0
63.0
92.0
2.0
93.0
92.0
92.0
92.0
92.0
92.0
92.0
63.0
92.0
2.0
3612.0
3605.0
3612.0
3621.0
3613.0
3613.0
3623.0
3590.0
3622.0
3505.0
3654.0
3654.0
3676.0
3665.0
3678.0
3659.0
3676.0
3646.0
3669.0
3578.0
3617.0
3617.0
3625.0
3624.0
3640.0
3622.0
3605.0
3578.0
3606.0
3521.0
3629.0
3636.0
3627.0
3619.0
3629.0
3611.0
3608.0
3605.0
3627.0
3541.0
3618.0
3611.0
3615.0
3610.0
3615.0
3618.0
3603.0
3574.0
3601.0
3519.0
3616.0
3610.0
3617.0
3611.0
3610.0
3614.0
3629.0
3603.0
3615.0
3540.0
3625.0
3622.0
3615.0
3615.0
3618.0
3619.0
3600.0
3571.0
3598.0
3509.0
8.0
8.0
8.0
7.0
7.0
6.0
8.0
3.0
7.0
2.0
92.0
92.0
92.0
92.0
92.0
92.0
99.0
2.0
99.0
3.0
99.0
99.0
100.0
99.0
93.0
92.0
92.0
2.0
91.0
2.0
93.0
92.0
92.0
91.0
92.0
92.0
92.0
2.0
92.0
2.0
92.0
92.0
92.0
92.0
92.0
91.0
92.0
3.0
91.0
3.0
92.0
92.0
92.0
92.0
92.0
92.0
92.0
2.0
92.0
2.0
92.0
92.0
92.0
92.0
92.0
91.0
92.0
3.0
91.0
2.0
92.0
92.0
92.0
92.0
92.0
92.0
92.0
3.0
91.0
3.0
92.0
92.0
92.0
92.0
92.0
91.0
92.0
2.0
92.0
3.0
92.0
92.0
92.0
92.0
92.0
91.0
92.0
2.0
91.0
2.0
99.0
100.0
100.0
100.0
100.0
99.0
93.0
2.0
92.0
2.0
92.0
92.0
106.0
106.0
105.0
105.0
106.0
3.0
105.0
2.0
92.0
92.0
92.0
92.0
92.0
92.0
92.0
2.0
92.0
2.0
3608.0
3605.0
3615.0
3602.0
3608.0
3602.0
3515.0
3592.0
3528.0
3630.0
3629.0
3629.0
3621.0
3656.0
3537.0
3619.0
3538.0
3628.0
3628.0
3644.0
3644.0
3650.0
3535.0
3640.0
3551.0
3644.0
3626.0
3635.0
3646.0
3526.0
3625.0
3528.0
3634.0
3635.0
3625.0
3627.0
3611.0
3502.0
3627.0
3623.0
3627.0
3539.0
3617.0
3520.0
3618.0
3612.0
3581.0
3500.0
8.0
8.0
7.0
8.0
8.0
3.0
8.0
2.0
3.0
3.0
92.0
92.0
92.0
92.0
92.0
63.0
92.0
2.0
87.0
3.0
92.0
92.0
91.0
91.0
92.0
63.0
92.0
2.0
87.0
2.0
92.0
92.0
92.0
92.0
92.0
63.0
92.0
3.0
87.0
2.0
93.0
92.0
92.0
92.0
92.0
64.0
92.0
2.0
87.0
3.0
92.0
92.0
92.0
92.0
92.0
63.0
92.0
2.0
88.0
3.0
92.0
92.0
92.0
91.0
92.0
63.0
92.0
2.0
88.0
2.0
93.0
92.0
92.0
97.0
99.0
67.0
99.0
3.0
94.0
2.0
100.0
94.0
94.0
92.0
92.0
63.0
92.0
3.0
87.0
2.0
92.0
92.0
92.0
92.0
92.0
64.0
92.0
2.0
88.0
3.0
92.0
92.0
92.0
92.0
92.0
63.0
92.0
3.0
87.0
2.0
92.0
92.0
92.0
92.0
92.0
63.0
92.0
2.0
87.0
3.0
92.0
92.0
92.0
92.0
92.0
64.0
92.0
3.0
87.0
3.0
3603.0
3628.0
3621.0
3608.0
3619.0
3596.0
3644.0
3553.0
3633.0
3553.0
3662.0
3745.0
3658.0
3653.0
3659.0
3612.0
3597.0
3525.0
3610.0
3527.0
3602.0
3615.0
3607.0
3606.0
3604.0
3692.0
3635.0
3529.0
3626.0
3552.0
3630.0
3633.0
3624.0
3627.0
3621.0
3637.0
3621.0
3525.0
3626.0
3527.0
3617.0
3612.0
3612.0
3614.0
3616.0
3581.0
3601.0
3510.0
3590.0
3512.0
3623.0
3646.0
3642.0
3638.0
3647.0
3615.0
3648.0
3555.0
3642.0
3558.0
3600.0
3604.0
3619.0
3608.0
3610.0
3578.0
3610.0
3502.0
3603.0
3520.0
3.0
2.0
3.0
3.0
2.0
3.0
3.0
2.0
3.0
2.0
63.0
63.0
63.0
63.0
63.0
2.0
63.0
3.0
2.0
3.0
63.0
63.0
63.0
63.0
63.0
3.0
63.0
2.0
3.0
3.0
63.0
63.0
63.0
64.0
63.0
2.0
64.0
3.0
2.0
2.0
64.0
63.0
63.0
62.0
63.0
2.0
63.0
2.0
3.0
3.0
63.0
63.0
63.0
63.0
63.0
3.0
63.0
3.0
2.0
2.0
63.0
63.0
63.0
63.0
63.0
2.0
63.0
3.0
3.0
2.0
63.0
63.0
63.0
63.0
63.0
2.0
68.0
2.0
3.0
3.0
70.0
69.0
69.0
69.0
70.0
2.0
64.0
2.0
2.0
2.0
63.0
63.0
63.0
62.0
63.0
2.0
63.0
2.0
3.0
2.0
63.0
63.0
63.0
63.0
63.0
3.0
63.0
2.0
3.0
2.0
63.0
63.0
63.0
63.0
63.0
2.0
63.0
2.0
3.0
3.0
63.0
63.0
63.0
63.0
63.0
2.0
63.0
3.0
3.0
3.0
3611.0
3608.0
3606.0
3602.0
3606.0
3539.0
3582.0
1897.0
3523.0
1903.0
3593.0
3598.0
3576.0
3569.0
3578.0
3514.0
3577.0
1905.0
3522.0
1899.0
3585.0
3626.0
3622.0
3621.0
3621.0
3570.0
3618.0
1928.0
3563.0
1921.0
3600.0
3622.0
3610.0
3575.0
3576.0
3515.0
3583.0
1907.0
3520.0
1907.0
3581.0
3582.0
3580.0
3597.0
3586.0
3527.0
3587.0
1908.0
3519.0
1896.0
3603.0
3609.0
3614.0
3615.0
3611.0
3548.0
3590.0
1907.0
3530.0
1916.0
3562.0
3567.0
3592.0
3585.0
3589.0
3525.0
3579.0
1898.0
3536.0
1899.0
3.0
2.0
3.0
3.0
2.0
3.0
2.0
2.0
2.0
2.0
3.0
2.0
3.0
3.0
2.0
3.0
2.0
3.0
2.0
3.0
3.0
2.0
3.0
2.0
2.0
3.0
2.0
3.0
2.0
3.0
3.0
2.0
3.0
2.0
3.0
2.0
2.0
2.0
3.0
2.0
3.0
3.0
3.0
2.0
3.0
2.0
3.0
2.0
3.0
2.0
3.0
3.0
2.0
3.0
3.0
2.0
3.0
2.0
3.0
2.0
3.0
3.0
2.0
3.0
2.0
3.0
3.0
2.0
3.0
2.0
3.0
2.0
3.0
3.0
2.0
3.0
8.0
3.0
3.0
3.0
3.0
3.0
3.0
2.0
3.0
3.0
3.0
2.0
3.0
2.0
3.0
3.0
2.0
3.0
3.0
2.0
3.0
2.0
3.0
2.0
3.0
3.0
2.0
3.0
2.0
3.0
3.0
2.0
2.0
2.0
3.0
2.0
3.0
3.0
2.0
3.0
2.0
3.0
2.0
3.0
3.0
2.0
3.0
2.0
2.0
3.0
2.0
3.0
2.0
3.0
1915.0
1939.0
1936.0
1936.0
1912.0
1932.0
1922.0
1913.0
1938.0
1940.0
1936.0
1916.0
1912.0
1915.0
1919.0
1903.0
1902.0
1903.0
1902.0
1887.0
1886.0
1906.0
1909.0
1909.0
1899.0
1922.0
1921.0
1924.0
1921.0
1913.0
1918.0
1917.0
1899.0
1915.0
1919.0
1916.0
1923.0
1918.0
1910.0
1919.0
1921.0
1900.0
1905.0
1905.0
1916.0
1919.0
1933.0
1917.0
1920.0
1907.0
1905.0
1913.0
1912.0
1911.0
1888.0
1905.0
1898.0
1895.0
1901.0
1923.0
1937.0
1925.0
1914.0
1899.0
1806.0
1778.0
1781.0
1780.0
1768.0
1632.0
