1.0
1.0
2.0
2.0
1.0
1.0
1.0
1.0
1.0
1.0
1.0
1.0
1.0
1.0
235.0
232.0
236.0
234.0
422.0
264.0
422.0
291.0
234.0
234.0
232.0
230.0
235.0
232.0
236.0
234.0
1.0
0.0
1.0
1.0
186.0
229.0
287.0
263.0
251.0
235.0
235.0
235.0
235.0
232.0
232.0
226.0
234.0
236.0
236.0
239.0
1.0
1.0
1.0
1.0
238.0
237.0
196.0
237.0
198.0
234.0
227.0
193.0
233.0
234.0
234.0
233.0
231.0
232.0
247.0
229.0
1.0
1.0
1.0
1.0
202.0
237.0
226.0
229.0
224.0
227.0
252.0
229.0
203.0
221.0
208.0
257.0
248.0
237.0
249.0
248.0
1.0
1.0
1.0
1.0
292.0
248.0
237.0
245.0
240.0
238.0
217.0
216.0
214.0
217.0
216.0
217.0
217.0
215.0
216.0
214.0
1.0
1.0
1.0
0.0
216.0
216.0
213.0
215.0
216.0
216.0
214.0
217.0
216.0
217.0
217.0
212.0
214.0
216.0
216.0
215.0
0.0
0.0
1.0
1.0
215.0
216.0
217.0
217.0
215.0
214.0
215.0
214.0
215.0
216.0
216.0
215.0
219.0
220.0
220.0
218.0
0.0
1.0
1.0
1.0
219.0
220.0
221.0
221.0
221.0
221.0
217.0
215.0
218.0
213.0
218.0
216.0
215.0
215.0
216.0
217.0
0.0
0.0
1.0
1.0
215.0
214.0
213.0
216.0
216.0
215.0
215.0
217.0
213.0
215.0
215.0
215.0
211.0
216.0
218.0
216.0
1.0
1.0
1.0
1.0
217.0
216.0
217.0
216.0
219.0
213.0
216.0
217.0
219.0
218.0
221.0
225.0
216.0
220.0
211.0
200.0
0.0
1.0
1.0
1.0
1.0
1.0
1.0
2.0
2.0
1.0
0.0
1.0
1.0
1.0
1.0
1.0
1.0
1.0
1.0
0.0
0.0
1.0
1.0
1.0
1.0
1.0
2.0
1.0
1.0
0.0
1.0
1.0
1.0
1.0
2.0
2.0
1.0
1.0
1.0
0.0
246.0
246.0
432.0
245.0
243.0
233.0
249.0
350.0
430.0
351.0
189.0
229.0
229.0
232.0
231.0
233.0
229.0
204.0
191.0
256.0
255.0
232.0
235.0
235.0
235.0
235.0
189.0
229.0
191.0
215.0
233.0
232.0
232.0
234.0
232.0
235.0
200.0
200.0
234.0
208.0
314.0
228.0
229.0
230.0
208.0
227.0
228.0
358.0
222.0
203.0
203.0
220.0
221.0
222.0
221.0
222.0
357.0
221.0
204.0
202.0
356.0
222.0
220.0
221.0
221.0
222.0
221.0
203.0
204.0
358.0
223.0
223.0
223.0
222.0
221.0
221.0
364.0
202.0
201.0
225.0
225.0
224.0
223.0
223.0
207.0
224.0
363.0
207.0
221.0
221.0
221.0
222.0
223.0
359.0
203.0
222.0
203.0
222.0
220.0
223.0
220.0
221.0
308.0
210.0
204.0
221.0
267.0
220.0
222.0
222.0
252.0
221.0
212.0
208.0
217.0
209.0
383.0
223.0
223.0
223.0
224.0
220.0
381.0
221.0
224.0
222.0
214.0
213.0
214.0
215.0
209.0
208.0
213.0
209.0
351.0
331.0
214.0
214.0
216.0
212.0
209.0
209.0
214.0
211.0
213.0
216.0
215.0
215.0
214.0
216.0
213.0
215.0
217.0
217.0
214.0
215.0
215.0
215.0
215.0
215.0
1.0
0.0
1.0
1.0
1.0
1.0
0.0
1.0
1.0
1.0
0.0
1.0
1.0
1.0
1.0
0.0
1.0
1.0
1.0
0.0
1.0
1.0
1.0
0.0
1.0
1.0
1.0
1.0
0.0
1.0
1.0
1.0
1.0
1.0
0.0
0.0
1.0
1.0
1.0
1.0
219.0
216.0
219.0
220.0
220.0
221.0
221.0
220.0
221.0
220.0
214.0
214.0
218.0
218.0
213.0
214.0
213.0
214.0
217.0
214.0
214.0
214.0
216.0
216.0
214.0
212.0
213.0
213.0
216.0
216.0
214.0
214.0
218.0
218.0
213.0
214.0
213.0
213.0
216.0
216.0
214.0
213.0
215.0
217.0
218.0
220.0
219.0
221.0
223.0
223.0
223.0
220.0
222.0
222.0
216.0
214.0
215.0
214.0
214.0
215.0
212.0
216.0
217.0
216.0
214.0
214.0
214.0
213.0
217.0
217.0
214.0
217.0
218.0
218.0
226.0
226.0
227.0
226.0
228.0
228.0
225.0
228.0
230.0
231.0
212.0
214.0
213.0
214.0
215.0
215.0
214.0
215.0
216.0
216.0
214.0
212.0
215.0
215.0
213.0
213.0
213.0
216.0
216.0
217.0
213.0
213.0
216.0
216.0
216.0
217.0
212.0
217.0
216.0
215.0
212.0
214.0
215.0
214.0
216.0
215.0
213.0
218.0
218.0
220.0
218.0
218.0
218.0
220.0
221.0
220.0
217.0
214.0
216.0
216.0
214.0
215.0
214.0
214.0
215.0
216.0
215.0
216.0
215.0
217.0
213.0
212.0
213.0
214.0
215.0
215.0
215.0
215.0
216.0
219.0
213.0
213.0
214.0
216.0
214.0
217.0
1.0
1.0
0.0
1.0
1.0
1.0
0.0
0.0
1.0
1.0
1.0
0.0
1.0
1.0
1.0
0.0
1.0
1.0
1.0
1.0
0.0
1.0
1.0
1.0
0.0
1.0
1.0
1.0
0.0
0.0
1.0
1.0
1.0
0.0
1.0
0.0
0.0
1.0
1.0
1.0
214.0
217.0
216.0
216.0
213.0
213.0
213.0
214.0
221.0
223.0
221.0
221.0
223.0
223.0
221.0
219.0
222.0
221.0
215.0
213.0
220.0
221.0
208.0
210.0
221.0
222.0
221.0
221.0
209.0
210.0
215.0
217.0
216.0
217.0
227.0
228.0
226.0
228.0
228.0
228.0
227.0
230.0
230.0
231.0
213.0
214.0
213.0
214.0
214.0
216.0
214.0
214.0
215.0
215.0
214.0
213.0
213.0
213.0
215.0
213.0
214.0
216.0
216.0
215.0
216.0
220.0
219.0
220.0
211.0
209.0
221.0
223.0
207.0
207.0
223.0
226.0
225.0
224.0
207.0
206.0
223.0
214.0
225.0
213.0
219.0
220.0
219.0
217.0
219.0
221.0
218.0
213.0
219.0
219.0
214.0
215.0
213.0
217.0
214.0
216.0
214.0
214.0
217.0
215.0
215.0
213.0
214.0
216.0
214.0
216.0
214.0
215.0
218.0
215.0
212.0
214.0
214.0
214.0
213.0
214.0
212.0
214.0
216.0
216.0
214.0
215.0
218.0
221.0
218.0
227.0
230.0
225.0
226.0
228.0
232.0
234.0
228.0
233.0
221.0
216.0
217.0
221.0
217.0
216.0
224.0
223.0
222.0
217.0
225.0
217.0
216.0
219.0
217.0
217.0
231.0
229.0
230.0
229.0
229.0
229.0
1.0
1.0
1.0
1.0
0.0
1.0
1.0
1.0
0.0
1.0
1.0
1.0
1.0
1.0
0.0
1.0
1.0
1.0
1.0
0.0
1.0
1.0
0.0
1.0
1.0
1.0
1.0
0.0
1.0
1.0
0.0
1.0
0.0
1.0
1.0
1.0
1.0
0.0
1.0
1.0
231.0
228.0
231.0
231.0
213.0
216.0
214.0
215.0
215.0
216.0
214.0
215.0
216.0
216.0
213.0
214.0
216.0
213.0
217.0
217.0
213.0
214.0
215.0
217.0
213.0
214.0
214.0
216.0
213.0
215.0
213.0
216.0
215.0
217.0
216.0
218.0
216.0
211.0
220.0
210.0
226.0
211.0
212.0
228.0
227.0
214.0
227.0
227.0
226.0
212.0
212.0
211.0
218.0
218.0
215.0
213.0
214.0
213.0
213.0
214.0
215.0
215.0
213.0
215.0
215.0
215.0
214.0
215.0
216.0
214.0
214.0
217.0
214.0
215.0
214.0
216.0
213.0
213.0
214.0
215.0
215.0
214.0
214.0
215.0
213.0
217.0
218.0
219.0
222.0
218.0
222.0
221.0
217.0
222.0
218.0
217.0
213.0
213.0
215.0
214.0
214.0
213.0
216.0
215.0
212.0
214.0
213.0
215.0
215.0
215.0
216.0
213.0
217.0
232.0
230.0
231.0
230.0
229.0
230.0
228.0
229.0
231.0
231.0
214.0
212.0
216.0
214.0
214.0
214.0
216.0
213.0
216.0
216.0
217.0
212.0
216.0
214.0
214.0
213.0
213.0
212.0
213.0
215.0
214.0
213.0
217.0
214.0
212.0
212.0
215.0
213.0
214.0
217.0
216.0
212.0
214.0
217.0
213.0
214.0
215.0
1.0
1.0
0.0
1.0
1.0
1.0
0.0
0.0
1.0
1.0
1.0
1.0
1.0
0.0
1.0
1.0
0.0
1.0
1.0
1.0
1.0
0.0
1.0
0.0
0.0
1.0
1.0
1.0
1.0
1.0
1.0
0.0
0.0
1.0
0.0
1.0
1.0
1.0
1.0
0.0
221.0
218.0
218.0
218.0
219.0
218.0
219.0
220.0
219.0
220.0
216.0
213.0
214.0
215.0
213.0
213.0
215.0
214.0
213.0
216.0
213.0
214.0
217.0
217.0
214.0
214.0
215.0
216.0
215.0
215.0
214.0
215.0
216.0
216.0
214.0
213.0
213.0
216.0
214.0
214.0
214.0
214.0
215.0
216.0
212.0
217.0
217.0
218.0
217.0
221.0
220.0
220.0
221.0
221.0
219.0
215.0
214.0
216.0
214.0
215.0
213.0
215.0
217.0
215.0
213.0
213.0
214.0
217.0
213.0
216.0
232.0
232.0
233.0
233.0
231.0
232.0
230.0
232.0
233.0
233.0
212.0
214.0
214.0
213.0
214.0
213.0
215.0
215.0
213.0
214.0
213.0
215.0
216.0
216.0
214.0
214.0
213.0
216.0
215.0
214.0
214.0
215.0
216.0
215.0
213.0
213.0
215.0
216.0
213.0
215.0
216.0
212.0
212.0
219.0
219.0
220.0
220.0
209.0
221.0
208.0
221.0
216.0
217.0
222.0
221.0
220.0
220.0
219.0
220.0
218.0
214.0
216.0
215.0
216.0
213.0
214.0
214.0
216.0
213.0
217.0
214.0
217.0
217.0
215.0
214.0
215.0
215.0
216.0
213.0
215.0
214.0
212.0
213.0
307.0
313.0
214.0
213.0
208.0
215.0
210.0
1.0
1.0
1.0
1.0
0.0
1.0
1.0
1.0
0.0
1.0
0.0
1.0
1.0
1.0
1.0
0.0
1.0
0.0
0.0
1.0
1.0
1.0
1.0
1.0
1.0
0.0
0.0
1.0
1.0
1.0
1.0
1.0
1.0
0.0
1.0
1.0
0.0
1.0
1.0
1.0
215.0
215.0
211.0
216.0
217.0
219.0
220.0
218.0
226.0
221.0
217.0
221.0
220.0
216.0
217.0
215.0
214.0
215.0
216.0
216.0
215.0
216.0
216.0
217.0
216.0
218.0
214.0
217.0
217.0
216.0
233.0
235.0
236.0
236.0
235.0
234.0
232.0
236.0
235.0
236.0
216.0
217.0
214.0
216.0
216.0
218.0
213.0
216.0
217.0
217.0
216.0
217.0
215.0
218.0
216.0
216.0
212.0
217.0
216.0
216.0
214.0
216.0
217.0
216.0
216.0
217.0
213.0
217.0
215.0
216.0
215.0
216.0
216.0
216.0
216.0
214.0
218.0
218.0
222.0
223.0
221.0
220.0
221.0
219.0
221.0
219.0
221.0
216.0
217.0
217.0
214.0
217.0
216.0
216.0
216.0
213.0
217.0
217.0
218.0
217.0
215.0
216.0
216.0
216.0
216.0
215.0
216.0
214.0
216.0
215.0
214.0
215.0
214.0
217.0
213.0
217.0
216.0
215.0
216.0
218.0
215.0
216.0
216.0
217.0
221.0
222.0
222.0
220.0
222.0
221.0
222.0
218.0
218.0
213.0
216.0
217.0
216.0
217.0
215.0
215.0
215.0
215.0
217.0
213.0
217.0
216.0
216.0
217.0
216.0
217.0
235.0
234.0
235.0
231.0
234.0
234.0
235.0
233.0
234.0
234.0
0.0
1.0
1.0
1.0
1.0
0.0
1.0
1.0
1.0
1.0
0.0
1.0
1.0
1.0
0.0
1.0
0.0
1.0
0.0
1.0
1.0
1.0
1.0
0.0
1.0
1.0
1.0
0.0
1.0
1.0
1.0
0.0
1.0
1.0
1.0
0.0
1.0
1.0
0.0
1.0
217.0
215.0
215.0
214.0
216.0
215.0
217.0
217.0
217.0
215.0
214.0
215.0
216.0
214.0
216.0
216.0
215.0
216.0
215.0
216.0
215.0
216.0
215.0
213.0
217.0
215.0
215.0
218.0
218.0
215.0
217.0
217.0
217.0
213.0
216.0
216.0
219.0
220.0
223.0
226.0
224.0
222.0
221.0
219.0
222.0
223.0
217.0
217.0
216.0
216.0
217.0
217.0
217.0
214.0
216.0
215.0
216.0
217.0
216.0
215.0
216.0
216.0
215.0
213.0
216.0
215.0
217.0
215.0
217.0
216.0
215.0
217.0
216.0
213.0
215.0
215.0
216.0
217.0
218.0
217.0
223.0
222.0
221.0
219.0
224.0
224.0
224.0
223.0
226.0
227.0
225.0
228.0
227.0
201.0
232.0
232.0
196.0
235.0
231.0
268.0
231.0
232.0
233.0
255.0
191.0
230.0
233.0
233.0
250.0
235.0
252.0
255.0
254.0
222.0
221.0
253.0
253.0
253.0
231.0
202.0
202.0
229.0
251.0
284.0
225.0
223.0
225.0
222.0
223.0
201.0
202.0
222.0
222.0
360.0
357.0
222.0
223.0
222.0
202.0
220.0
204.0
220.0
220.0
222.0
220.0
203.0
220.0
221.0
202.0
365.0
365.0
222.0
223.0
223.0
224.0
207.0
224.0
208.0
226.0
225.0
1.0
1.0
1.0
0.0
1.0
1.0
1.0
1.0
0.0
1.0
1.0
1.0
3.0
1.0
1.0
1.0
0.0
1.0
1.0
1.0
1.0
1.0
0.0
1.0
1.0
1.0
1.0
1.0
0.0
1.0
1.0
1.0
1.0
0.0
1.0
1.0
1.0
1.0
1.0
0.0
224.0
203.0
221.0
223.0
330.0
225.0
203.0
319.0
222.0
229.0
230.0
212.0
229.0
228.0
225.0
231.0
229.0
218.0
219.0
237.0
211.0
228.0
227.0
226.0
214.0
225.0
225.0
267.0
209.0
222.0
208.0
310.0
218.0
211.0
217.0
216.0
222.0
215.0
250.0
214.0
222.0
216.0
226.0
229.0
226.0
252.0
223.0
209.0
208.0
218.0
294.0
209.0
213.0
214.0
213.0
212.0
270.0
212.0
211.0
216.0
217.0
217.0
215.0
214.0
216.0
215.0
213.0
234.0
235.0
234.0
236.0
234.0
236.0
236.0
237.0
236.0
235.0
215.0
216.0
216.0
218.0
213.0
215.0
213.0
217.0
216.0
217.0
215.0
216.0
216.0
219.0
215.0
215.0
212.0
214.0
216.0
216.0
216.0
217.0
215.0
216.0
216.0
216.0
213.0
216.0
216.0
217.0
216.0
218.0
217.0
218.0
214.0
216.0
214.0
219.0
218.0
219.0
219.0
220.0
217.0
218.0
218.0
219.0
217.0
215.0
213.0
217.0
216.0
217.0
214.0
216.0
213.0
216.0
212.0
216.0
214.0
214.0
215.0
215.0
215.0
216.0
215.0
216.0
213.0
214.0
217.0
217.0
216.0
218.0
215.0
216.0
216.0
217.0
211.0
218.0
216.0
217.0
216.0
217.0
217.0
1.0
1.0
1.0
1.0
1.0
0.0
0.0
1.0
1.0
1.0
1.0
1.0
1.0
0.0
0.0
1.0
0.0
1.0
1.0
1.0
1.0
1.0
1.0
0.0
0.0
1.0
1.0
1.0
1.0
1.0
1.0
0.0
0.0
1.0
1.0
1.0
1.0
1.0
1.0
0.0
220.0
221.0
218.0
219.0
221.0
220.0
219.0
220.0
220.0
217.0
214.0
214.0
215.0
216.0
213.0
215.0
215.0
212.0
214.0
215.0
212.0
214.0
216.0
216.0
214.0
216.0
239.0
240.0
238.0
237.0
234.0
239.0
238.0
237.0
239.0
237.0
216.0
214.0
218.0
215.0
214.0
215.0
218.0
216.0
215.0
215.0
217.0
213.0
215.0
218.0
214.0
215.0
216.0
215.0
216.0
217.0
216.0
216.0
215.0
218.0
214.0
214.0
216.0
216.0
214.0
214.0
217.0
216.0
215.0
217.0
216.0
218.0
218.0
217.0
218.0
218.0
220.0
219.0
219.0
218.0
218.0
215.0
216.0
215.0
214.0
214.0
214.0
213.0
214.0
215.0
212.0
214.0
214.0
215.0
213.0
213.0
214.0
213.0
214.0
213.0
211.0
214.0
213.0
216.0
218.0
214.0
213.0
215.0
216.0
214.0
213.0
213.0
215.0
215.0
215.0
215.0
216.0
216.0
219.0
222.0
221.0
222.0
221.0
222.0
223.0
223.0
222.0
223.0
218.0
219.0
216.0
216.0
217.0
218.0
217.0
217.0
219.0
216.0
216.0
216.0
213.0
216.0
215.0
216.0
217.0
239.0
241.0
241.0
239.0
240.0
236.0
240.0
239.0
239.0
239.0
217.0
217.0
216.0
216.0
216.0
0.0
0.0
1.0
1.0
1.0
0.0
1.0
1.0
1.0
0.0
1.0
1.0
1.0
1.0
0.0
1.0
1.0
1.0
0.0
1.0
1.0
1.0
1.0
0.0
1.0
1.0
1.0
0.0
1.0
1.0
1.0
1.0
1.0
0.0
1.0
0.0
0.0
1.0
1.0
1.0
215.0
213.0
214.0
214.0
215.0
216.0
217.0
215.0
213.0
213.0
214.0
219.0
215.0
222.0
213.0
222.0
217.0
218.0
223.0
222.0
214.0
215.0
220.0
222.0
212.0
221.0
216.0
215.0
216.0
214.0
218.0
216.0
220.0
218.0
216.0
217.0
219.0
219.0
219.0
219.0
217.0
216.0
215.0
217.0
213.0
215.0
215.0
215.0
215.0
216.0
217.0
215.0
215.0
216.0
213.0
215.0
215.0
216.0
216.0
216.0
217.0
216.0
215.0
218.0
212.0
215.0
216.0
214.0
216.0
217.0
217.0
214.0
215.0
214.0
218.0
214.0
216.0
216.0
220.0
220.0
219.0
219.0
219.0
218.0
220.0
219.0
218.0
216.0
215.0
216.0
214.0
215.0
216.0
213.0
217.0
215.0
215.0
214.0
215.0
215.0
216.0
216.0
215.0
213.0
243.0
243.0
243.0
244.0
241.0
242.0
244.0
244.0
242.0
239.0
216.0
214.0
216.0
215.0
214.0
216.0
214.0
215.0
216.0
213.0
217.0
215.0
216.0
217.0
217.0
217.0
214.0
214.0
215.0
212.0
216.0
215.0
214.0
216.0
216.0
216.0
216.0
217.0
213.0
216.0
216.0
217.0
215.0
214.0
214.0
220.0
224.0
223.0
223.0
224.0
223.0
219.0
216.0
212.0
209.0
197.0
