1.0
1.0
0.0
0.0
1.0
1.0
1.0
1.0
0.0
0.0
0.0
0.0
141.0
267.0
142.0
142.0
142.0
142.0
267.0
141.0
267.0
268.0
145.0
145.0
145.0
145.0
145.0
144.0
265.0
207.0
1.0
1.0
205.0
265.0
141.0
142.0
142.0
142.0
141.0
122.0
116.0
142.0
142.0
142.0
142.0
143.0
142.0
141.0
117.0
138.0
0.0
0.0
159.0
142.0
143.0
143.0
142.0
143.0
141.0
142.0
116.0
116.0
141.0
200.0
200.0
192.0
201.0
200.0
198.0
181.0
1.0
1.0
200.0
181.0
200.0
125.0
144.0
143.0
143.0
144.0
124.0
141.0
143.0
123.0
125.0
141.0
140.0
140.0
140.0
139.0
1.0
0.0
127.0
127.0
130.0
137.0
128.0
136.0
129.0
136.0
136.0
137.0
137.0
128.0
128.0
137.0
127.0
138.0
129.0
136.0
1.0
1.0
136.0
137.0
137.0
129.0
129.0
136.0
129.0
130.0
136.0
137.0
137.0
138.0
137.0
128.0
129.0
137.0
129.0
129.0
1.0
0.0
137.0
128.0
137.0
136.0
137.0
137.0
129.0
137.0
127.0
129.0
137.0
128.0
129.0
137.0
137.0
137.0
138.0
140.0
1.0
0.0
134.0
135.0
135.0
141.0
134.0
140.0
141.0
141.0
141.0
137.0
128.0
130.0
139.0
137.0
129.0
137.0
136.0
137.0
1.0
0.0
138.0
133.0
138.0
128.0
128.0
129.0
136.0
136.0
137.0
137.0
136.0
128.0
136.0
128.0
127.0
127.0
136.0
137.0
0.0
1.0
137.0
136.0
136.0
128.0
136.0
127.0
128.0
128.0
136.0
136.0
136.0
136.0
135.0
127.0
129.0
127.0
124.0
124.0
0.0
0.0
142.0
220.0
264.0
143.0
143.0
147.0
140.0
170.0
264.0
210.0
142.0
143.0
143.0
143.0
141.0
143.0
116.0
143.0
0.0
1.0
268.0
268.0
145.0
146.0
145.0
145.0
146.0
145.0
123.0
144.0
143.0
142.0
143.0
142.0
143.0
115.0
141.0
142.0
1.0
1.0
216.0
215.0
144.0
142.0
143.0
143.0
143.0
142.0
151.0
141.0
115.0
142.0
142.0
142.0
143.0
143.0
142.0
141.0
1.0
0.0
117.0
143.0
153.0
143.0
143.0
144.0
144.0
166.0
119.0
143.0
143.0
141.0
123.0
126.0
143.0
142.0
143.0
152.0
0.0
1.0
124.0
140.0
140.0
138.0
172.0
124.0
137.0
138.0
137.0
126.0
165.0
136.0
137.0
136.0
129.0
151.0
132.0
169.0
0.0
1.0
140.0
141.0
141.0
140.0
135.0
138.0
136.0
133.0
132.0
132.0
142.0
134.0
132.0
132.0
133.0
132.0
133.0
133.0
0.0
1.0
132.0
132.0
131.0
132.0
131.0
132.0
133.0
132.0
132.0
132.0
132.0
132.0
131.0
134.0
132.0
133.0
132.0
132.0
1.0
0.0
133.0
133.0
131.0
132.0
132.0
132.0
133.0
132.0
133.0
131.0
133.0
134.0
133.0
132.0
131.0
132.0
133.0
133.0
0.0
1.0
133.0
132.0
132.0
134.0
133.0
132.0
180.0
181.0
180.0
183.0
182.0
181.0
180.0
182.0
181.0
180.0
132.0
133.0
0.0
0.0
133.0
132.0
132.0
132.0
131.0
133.0
131.0
134.0
132.0
131.0
131.0
132.0
133.0
131.0
132.0
134.0
132.0
134.0
1.0
0.0
133.0
133.0
132.0
131.0
131.0
132.0
133.0
132.0
133.0
133.0
134.0
132.0
133.0
133.0
133.0
131.0
132.0
133.0
0.0
1.0
132.0
134.0
133.0
133.0
132.0
132.0
132.0
131.0
132.0
132.0
132.0
132.0
132.0
131.0
132.0
131.0
133.0
131.0
1.0
0.0
132.0
132.0
132.0
132.0
132.0
132.0
133.0
133.0
132.0
131.0
136.0
139.0
138.0
138.0
138.0
138.0
137.0
137.0
0.0
1.0
138.0
138.0
133.0
131.0
133.0
132.0
131.0
133.0
132.0
132.0
132.0
131.0
132.0
134.0
132.0
133.0
131.0
133.0
1.0
0.0
134.0
132.0
135.0
132.0
134.0
134.0
134.0
133.0
133.0
133.0
132.0
133.0
133.0
132.0
133.0
133.0
132.0
132.0
0.0
1.0
132.0
132.0
133.0
133.0
133.0
132.0
132.0
133.0
132.0
133.0
132.0
132.0
133.0
133.0
132.0
131.0
132.0
133.0
1.0
0.0
133.0
133.0
133.0
133.0
132.0
132.0
133.0
131.0
132.0
134.0
133.0
132.0
132.0
136.0
137.0
136.0
137.0
135.0
0.0
0.0
138.0
138.0
138.0
139.0
137.0
133.0
132.0
133.0
132.0
131.0
138.0
140.0
140.0
141.0
141.0
141.0
144.0
141.0
0.0
1.0
139.0
142.0
136.0
134.0
134.0
134.0
133.0
134.0
135.0
134.0
133.0
133.0
133.0
133.0
134.0
133.0
133.0
135.0
0.0
0.0
135.0
134.0
134.0
134.0
134.0
134.0
135.0
134.0
133.0
134.0
133.0
136.0
134.0
135.0
133.0
133.0
134.0
133.0
1.0
0.0
134.0
133.0
133.0
133.0
132.0
133.0
133.0
133.0
135.0
135.0
134.0
136.0
133.0
133.0
135.0
131.0
136.0
137.0
0.0
1.0
140.0
143.0
139.0
140.0
142.0
139.0
145.0
137.0
132.0
132.0
136.0
133.0
135.0
132.0
131.0
134.0
131.0
136.0
1.0
0.0
133.0
132.0
136.0
139.0
136.0
132.0
132.0
137.0
131.0
135.0
133.0
131.0
136.0
138.0
137.0
133.0
132.0
132.0
0.0
1.0
134.0
133.0
132.0
132.0
136.0
135.0
132.0
132.0
133.0
132.0
140.0
135.0
133.0
133.0
137.0
138.0
136.0
132.0
0.0
1.0
132.0
133.0
135.0
134.0
133.0
133.0
136.0
133.0
132.0
134.0
131.0
131.0
140.0
139.0
133.0
132.0
140.0
137.0
0.0
1.0
142.0
140.0
138.0
137.0
141.0
140.0
138.0
139.0
132.0
136.0
132.0
140.0
136.0
131.0
139.0
134.0
132.0
132.0
0.0
1.0
132.0
132.0
134.0
131.0
137.0
135.0
135.0
135.0
133.0
132.0
132.0
135.0
137.0
131.0
137.0
135.0
136.0
138.0
1.0
0.0
134.0
133.0
186.0
184.0
185.0
188.0
189.0
189.0
187.0
186.0
184.0
185.0
133.0
133.0
132.0
132.0
133.0
133.0
0.0
1.0
131.0
133.0
134.0
132.0
132.0
132.0
132.0
132.0
133.0
133.0
132.0
133.0
133.0
133.0
132.0
131.0
132.0
133.0
1.0
0.0
133.0
133.0
133.0
133.0
132.0
132.0
134.0
132.0
133.0
131.0
133.0
133.0
132.0
132.0
131.0
133.0
132.0
131.0
0.0
1.0
131.0
133.0
133.0
133.0
132.0
133.0
133.0
132.0
131.0
132.0
133.0
132.0
133.0
135.0
135.0
133.0
133.0
135.0
1.0
0.0
132.0
131.0
133.0
137.0
136.0
135.0
137.0
143.0
135.0
137.0
136.0
136.0
137.0
140.0
142.0
139.0
142.0
134.0
0.0
1.0
135.0
133.0
131.0
131.0
132.0
136.0
135.0
137.0
133.0
136.0
137.0
133.0
131.0
132.0
132.0
132.0
136.0
136.0
1.0
0.0
133.0
134.0
135.0
134.0
132.0
131.0
132.0
134.0
135.0
135.0
131.0
135.0
136.0
131.0
132.0
132.0
132.0
136.0
0.0
0.0
137.0
136.0
133.0
136.0
135.0
136.0
131.0
132.0
132.0
135.0
136.0
134.0
133.0
136.0
135.0
132.0
133.0
132.0
0.0
1.0
133.0
135.0
138.0
137.0
134.0
134.0
137.0
132.0
132.0
131.0
139.0
142.0
140.0
143.0
140.0
146.0
140.0
139.0
0.0
1.0
138.0
138.0
135.0
136.0
135.0
132.0
137.0
136.0
136.0
134.0
132.0
133.0
133.0
136.0
136.0
132.0
136.0
136.0
0.0
1.0
136.0
136.0
132.0
133.0
133.0
135.0
133.0
137.0
133.0
135.0
133.0
134.0
133.0
132.0
133.0
138.0
132.0
136.0
0.0
1.0
136.0
136.0
134.0
133.0
132.0
131.0
132.0
136.0
132.0
135.0
132.0
132.0
135.0
133.0
131.0
133.0
133.0
133.0
0.0
1.0
134.0
131.0
134.0
135.0
133.0
134.0
133.0
133.0
131.0
132.0
132.0
136.0
138.0
138.0
139.0
139.0
139.0
139.0
0.0
1.0
138.0
139.0
139.0
134.0
133.0
132.0
134.0
133.0
132.0
132.0
131.0
132.0
132.0
132.0
132.0
132.0
133.0
133.0
1.0
0.0
133.0
132.0
132.0
132.0
133.0
133.0
132.0
132.0
132.0
132.0
132.0
131.0
131.0
132.0
131.0
133.0
132.0
131.0
1.0
0.0
132.0
132.0
133.0
132.0
131.0
132.0
132.0
132.0
132.0
131.0
133.0
132.0
132.0
133.0
131.0
132.0
133.0
132.0
1.0
0.0
132.0
131.0
132.0
133.0
132.0
131.0
131.0
132.0
132.0
133.0
132.0
131.0
132.0
131.0
131.0
132.0
133.0
137.0
0.0
1.0
137.0
138.0
137.0
137.0
137.0
138.0
138.0
137.0
137.0
133.0
133.0
133.0
133.0
133.0
132.0
132.0
132.0
132.0
0.0
1.0
131.0
132.0
132.0
132.0
132.0
131.0
133.0
131.0
133.0
133.0
131.0
132.0
131.0
134.0
134.0
133.0
135.0
135.0
0.0
1.0
133.0
132.0
133.0
183.0
182.0
183.0
184.0
183.0
182.0
183.0
182.0
182.0
181.0
133.0
133.0
132.0
132.0
133.0
0.0
1.0
133.0
131.0
133.0
133.0
131.0
132.0
133.0
133.0
132.0
132.0
134.0
133.0
132.0
133.0
131.0
133.0
132.0
132.0
0.0
1.0
132.0
131.0
133.0
132.0
132.0
132.0
131.0
132.0
132.0
132.0
132.0
132.0
131.0
133.0
132.0
133.0
132.0
132.0
1.0
0.0
132.0
131.0
132.0
131.0
132.0
132.0
132.0
133.0
131.0
131.0
131.0
133.0
132.0
131.0
132.0
132.0
133.0
132.0
1.0
0.0
131.0
132.0
132.0
132.0
131.0
136.0
137.0
137.0
137.0
137.0
137.0
137.0
136.0
138.0
137.0
133.0
134.0
132.0
1.0
0.0
132.0
131.0
133.0
133.0
132.0
133.0
131.0
133.0
132.0
132.0
134.0
132.0
132.0
132.0
132.0
133.0
132.0
133.0
1.0
0.0
133.0
132.0
132.0
133.0
133.0
132.0
133.0
131.0
132.0
132.0
133.0
132.0
131.0
132.0
132.0
132.0
132.0
132.0
1.0
0.0
133.0
132.0
133.0
132.0
131.0
132.0
131.0
133.0
133.0
133.0
133.0
132.0
133.0
133.0
131.0
133.0
133.0
132.0
0.0
1.0
132.0
132.0
132.0
132.0
132.0
131.0
132.0
132.0
132.0
137.0
137.0
137.0
138.0
137.0
137.0
138.0
137.0
137.0
1.0
0.0
137.0
132.0
132.0
133.0
133.0
132.0
133.0
131.0
133.0
132.0
133.0
133.0
133.0
132.0
133.0
134.0
133.0
133.0
0.0
1.0
131.0
133.0
142.0
133.0
132.0
133.0
133.0
133.0
132.0
133.0
132.0
133.0
135.0
132.0
132.0
131.0
133.0
132.0
1.0
0.0
133.0
131.0
132.0
132.0
132.0
133.0
131.0
132.0
131.0
132.0
132.0
131.0
131.0
131.0
132.0
131.0
132.0
133.0
0.0
1.0
132.0
132.0
133.0
132.0
133.0
133.0
132.0
132.0
132.0
131.0
133.0
132.0
136.0
137.0
138.0
137.0
136.0
137.0
1.0
0.0
137.0
138.0
138.0
137.0
131.0
134.0
133.0
132.0
133.0
132.0
132.0
132.0
133.0
132.0
131.0
132.0
132.0
132.0
0.0
1.0
132.0
132.0
132.0
133.0
132.0
133.0
132.0
132.0
133.0
133.0
134.0
132.0
133.0
133.0
135.0
132.0
132.0
132.0
0.0
1.0
132.0
132.0
132.0
131.0
132.0
130.0
132.0
133.0
132.0
132.0
132.0
134.0
133.0
134.0
132.0
132.0
133.0
133.0
0.0
1.0
131.0
132.0
134.0
132.0
133.0
132.0
131.0
131.0
131.0
132.0
132.0
132.0
131.0
131.0
133.0
136.0
137.0
137.0
1.0
0.0
137.0
136.0
137.0
138.0
139.0
138.0
137.0
131.0
132.0
132.0
134.0
133.0
131.0
131.0
131.0
132.0
134.0
135.0
1.0
0.0
132.0
132.0
132.0
132.0
133.0
131.0
132.0
133.0
134.0
132.0
132.0
131.0
133.0
131.0
132.0
133.0
132.0
131.0
0.0
1.0
179.0
207.0
176.0
179.0
179.0
207.0
175.0
179.0
178.0
178.0
131.0
132.0
132.0
132.0
133.0
131.0
132.0
133.0
0.0
1.0
133.0
132.0
134.0
132.0
132.0
132.0
133.0
132.0
134.0
132.0
132.0
134.0
132.0
134.0
133.0
133.0
133.0
131.0
0.0
1.0
133.0
131.0
133.0
132.0
132.0
132.0
133.0
133.0
134.0
132.0
132.0
134.0
132.0
134.0
133.0
132.0
133.0
133.0
1.0
0.0
134.0
131.0
132.0
133.0
133.0
131.0
133.0
134.0
133.0
131.0
133.0
131.0
133.0
133.0
132.0
132.0
133.0
132.0
0.0
1.0
132.0
135.0
137.0
135.0
138.0
138.0
137.0
137.0
137.0
137.0
138.0
135.0
135.0
133.0
132.0
132.0
133.0
133.0
1.0
0.0
133.0
133.0
133.0
132.0
133.0
131.0
132.0
133.0
133.0
132.0
132.0
132.0
132.0
132.0
132.0
132.0
132.0
132.0
0.0
0.0
132.0
132.0
131.0
132.0
133.0
133.0
133.0
131.0
132.0
132.0
132.0
132.0
132.0
132.0
133.0
132.0
132.0
132.0
1.0
0.0
132.0
133.0
132.0
132.0
132.0
132.0
133.0
132.0
131.0
134.0
132.0
132.0
133.0
133.0
132.0
131.0
132.0
133.0
1.0
0.0
132.0
132.0
131.0
132.0
134.0
134.0
132.0
138.0
137.0
138.0
138.0
136.0
138.0
138.0
137.0
136.0
138.0
132.0
1.0
0.0
132.0
131.0
133.0
131.0
131.0
132.0
133.0
133.0
132.0
131.0
136.0
135.0
131.0
133.0
134.0
133.0
132.0
133.0
0.0
1.0
132.0
132.0
132.0
133.0
131.0
133.0
132.0
133.0
133.0
134.0
132.0
133.0
131.0
133.0
133.0
133.0
132.0
133.0
0.0
1.0
131.0
134.0
133.0
132.0
134.0
133.0
132.0
132.0
132.0
132.0
132.0
133.0
133.0
132.0
132.0
133.0
131.0
133.0
1.0
0.0
133.0
133.0
134.0
136.0
134.0
134.0
133.0
133.0
132.0
136.0
136.0
137.0
138.0
138.0
137.0
138.0
137.0
141.0
1.0
0.0
141.0
134.0
135.0
133.0
132.0
133.0
135.0
133.0
134.0
131.0
131.0
133.0
131.0
133.0
132.0
133.0
134.0
132.0
0.0
1.0
132.0
134.0
132.0
134.0
136.0
142.0
138.0
137.0
140.0
146.0
142.0
139.0
141.0
138.0
141.0
135.0
138.0
140.0
1.0
0.0
137.0
137.0
136.0
137.0
138.0
135.0
136.0
137.0
136.0
136.0
137.0
136.0
135.0
136.0
136.0
135.0
136.0
136.0
0.0
1.0
136.0
138.0
136.0
137.0
135.0
137.0
137.0
136.0
137.0
135.0
136.0
136.0
141.0
140.0
138.0
139.0
139.0
139.0
1.0
0.0
138.0
138.0
137.0
138.0
133.0
133.0
133.0
132.0
132.0
131.0
132.0
131.0
133.0
134.0
132.0
133.0
133.0
133.0
0.0
1.0
131.0
133.0
131.0
133.0
132.0
132.0
134.0
132.0
131.0
133.0
131.0
133.0
132.0
133.0
132.0
132.0
177.0
178.0
0.0
1.0
176.0
175.0
178.0
177.0
176.0
176.0
179.0
179.0
133.0
134.0
132.0
132.0
133.0
134.0
133.0
133.0
134.0
133.0
0.0
1.0
134.0
133.0
134.0
133.0
133.0
132.0
134.0
135.0
135.0
133.0
134.0
133.0
134.0
133.0
135.0
133.0
134.0
134.0
1.0
0.0
134.0
133.0
133.0
135.0
134.0
132.0
133.0
134.0
133.0
133.0
133.0
135.0
133.0
134.0
134.0
132.0
137.0
133.0
1.0
0.0
134.0
135.0
134.0
133.0
131.0
132.0
133.0
134.0
134.0
135.0
132.0
133.0
132.0
131.0
133.0
134.0
134.0
132.0
0.0
1.0
137.0
138.0
138.0
137.0
137.0
138.0
139.0
137.0
137.0
137.0
134.0
134.0
134.0
132.0
132.0
132.0
133.0
133.0
1.0
1.0
132.0
132.0
133.0
132.0
132.0
132.0
134.0
132.0
134.0
132.0
134.0
132.0
133.0
133.0
133.0
131.0
133.0
132.0
0.0
1.0
133.0
134.0
132.0
131.0
133.0
134.0
133.0
132.0
134.0
131.0
135.0
132.0
132.0
132.0
133.0
134.0
132.0
133.0
1.0
0.0
134.0
134.0
132.0
132.0
135.0
132.0
135.0
134.0
135.0
133.0
131.0
133.0
134.0
133.0
132.0
132.0
132.0
131.0
0.0
1.0
133.0
133.0
132.0
132.0
137.0
137.0
136.0
137.0
139.0
138.0
138.0
138.0
138.0
138.0
133.0
133.0
132.0
132.0
0.0
1.0
132.0
133.0
132.0
132.0
134.0
133.0
132.0
134.0
132.0
132.0
132.0
132.0
133.0
133.0
132.0
132.0
133.0
131.0
0.0
1.0
131.0
132.0
132.0
134.0
133.0
134.0
132.0
132.0
132.0
133.0
133.0
132.0
133.0
133.0
133.0
133.0
132.0
133.0
0.0
0.0
132.0
133.0
131.0
133.0
132.0
132.0
133.0
131.0
132.0
132.0
131.0
133.0
132.0
131.0
132.0
132.0
133.0
132.0
1.0
0.0
133.0
132.0
132.0
133.0
132.0
132.0
136.0
136.0
137.0
138.0
138.0
138.0
137.0
137.0
137.0
137.0
134.0
134.0
1.0
0.0
132.0
133.0
133.0
133.0
131.0
133.0
131.0
133.0
132.0
133.0
132.0
132.0
132.0
132.0
132.0
132.0
131.0
132.0
0.0
1.0
132.0
132.0
132.0
132.0
133.0
132.0
133.0
133.0
132.0
131.0
132.0
133.0
132.0
133.0
132.0
133.0
133.0
132.0
0.0
1.0
131.0
133.0
133.0
133.0
132.0
134.0
132.0
133.0
133.0
133.0
132.0
134.0
134.0
126.0
133.0
125.0
130.0
129.0
