15.0
13.0
12.0
13.0
17.0
12.0
18.0
12.0
18.0
17.0
49.0
44.0
28.0
29.0
28.0
28.0
28.0
28.0
46.0
45.0
30.0
28.0
28.0
28.0
27.0
27.0
47.0
46.0
46.0
45.0
90.0
88.0
87.0
87.0
87.0
88.0
151.0
149.0
150.0
149.0
90.0
87.0
88.0
87.0
87.0
86.0
86.0
85.0
86.0
85.0
72.0
86.0
152.0
127.0
151.0
127.0
69.0
86.0
85.0
85.0
88.0
86.0
87.0
87.0
69.0
152.0
152.0
85.0
85.0
85.0
88.0
86.0
70.0
86.0
82.0
85.0
86.0
86.0
86.0
85.0
72.0
70.0
86.0
151.0
151.0
86.0
85.0
85.0
85.0
85.0
72.0
70.0
120.0
109.0
120.0
120.0
120.0
119.0
120.0
109.0
188.0
185.0
87.0
70.0
86.0
86.0
86.0
86.0
86.0
69.0
88.0
70.0
70.0
85.0
85.0
86.0
85.0
87.0
97.0
94.0
73.0
87.0
70.0
85.0
85.0
85.0
85.0
85.0
86.0
86.0
72.0
70.0
86.0
86.0
86.0
86.0
78.0
85.0
74.0
85.0
88.0
75.0
86.0
75.0
85.0
85.0
85.0
74.0
86.0
73.0
88.0
86.0
86.0
75.0
74.0
85.0
84.0
85.0
84.0
75.0
86.0
85.0
79.0
82.0
78.0
78.0
77.0
82.0
82.0
81.0
85.0
83.0
79.0
82.0
77.0
77.0
77.0
83.0
83.0
82.0
85.0
82.0
79.0
78.0
82.0
78.0
78.0
81.0
80.0
80.0
83.0
80.0
80.0
79.0
79.0
79.0
80.0
79.0
80.0
79.0
82.0
80.0
82.0
79.0
79.0
78.0
78.0
77.0
76.0
75.0
29.0
29.0
46.0
47.0
29.0
29.0
28.0
19.0
24.0
19.0
27.0
44.0
44.0
27.0
25.0
25.0
26.0
17.0
15.0
10.0
45.0
26.0
27.0
26.0
26.0
25.0
25.0
27.0
16.0
16.0
26.0
26.0
26.0
27.0
26.0
43.0
16.0
27.0
17.0
16.0
26.0
26.0
43.0
25.0
25.0
23.0
16.0
27.0
16.0
10.0
43.0
26.0
26.0
21.0
43.0
26.0
16.0
16.0
16.0
10.0
44.0
26.0
45.0
21.0
26.0
25.0
16.0
16.0
16.0
8.0
119.0
25.0
25.0
25.0
25.0
16.0
8.0
16.0
8.0
15.0
103.0
122.0
100.0
105.0
103.0
104.0
93.0
94.0
95.0
15.0
25.0
20.0
19.0
19.0
9.0
15.0
14.0
10.0
15.0
10.0
28.0
28.0
29.0
23.0
47.0
46.0
45.0
18.0
14.0
18.0
26.0
26.0
22.0
43.0
25.0
25.0
25.0
13.0
9.0
10.0
44.0
44.0
47.0
26.0
25.0
25.0
25.0
16.0
8.0
8.0
41.0
25.0
21.0
25.0
25.0
25.0
15.0
25.0
15.0
8.0
26.0
44.0
26.0
25.0
25.0
20.0
16.0
26.0
15.0
15.0
25.0
25.0
21.0
25.0
42.0
25.0
15.0
26.0
15.0
15.0
26.0
21.0
26.0
25.0
25.0
42.0
15.0
26.0
15.0
8.0
38.0
24.0
24.0
25.0
24.0
12.0
8.0
15.0
14.0
9.0
20.0
44.0
43.0
25.0
25.0
16.0
15.0
18.0
9.0
9.0
24.0
20.0
18.0
18.0
9.0
9.0
10.0
10.0
10.0
9.0
71.0
86.0
86.0
87.0
86.0
85.0
85.0
132.0
73.0
18.0
148.0
69.0
84.0
84.0
80.0
83.0
83.0
74.0
68.0
14.0
69.0
103.0
85.0
84.0
83.0
67.0
83.0
74.0
69.0
15.0
87.0
69.0
68.0
83.0
83.0
83.0
74.0
74.0
9.0
10.0
84.0
84.0
84.0
68.0
67.0
83.0
73.0
74.0
10.0
9.0
83.0
84.0
71.0
83.0
75.0
83.0
64.0
74.0
9.0
10.0
85.0
83.0
73.0
84.0
83.0
73.0
74.0
64.0
10.0
9.0
84.0
83.0
72.0
83.0
83.0
63.0
59.0
9.0
10.0
10.0
84.0
83.0
83.0
83.0
83.0
65.0
64.0
64.0
9.0
9.0
82.0
81.0
75.0
73.0
67.0
60.0
8.0
8.0
9.0
9.0
77.0
83.0
82.0
77.0
83.0
82.0
77.0
73.0
69.0
11.0
112.0
111.0
117.0
111.0
115.0
116.0
115.0
106.0
97.0
43.0
82.0
76.0
76.0
75.0
80.0
79.0
75.0
71.0
65.0
9.0
80.0
81.0
75.0
74.0
75.0
80.0
71.0
66.0
10.0
9.0
80.0
81.0
81.0
80.0
75.0
74.0
66.0
66.0
9.0
9.0
81.0
80.0
81.0
81.0
81.0
74.0
72.0
66.0
8.0
9.0
75.0
75.0
80.0
80.0
79.0
80.0
71.0
68.0
9.0
8.0
79.0
77.0
76.0
76.0
77.0
69.0
63.0
8.0
8.0
8.0
78.0
78.0
78.0
77.0
77.0
69.0
69.0
69.0
9.0
9.0
77.0
78.0
72.0
72.0
63.0
63.0
8.0
8.0
8.0
9.0
80.0
80.0
81.0
81.0
81.0
80.0
80.0
71.0
68.0
11.0
78.0
78.0
79.0
79.0
78.0
77.0
78.0
69.0
63.0
9.0
79.0
79.0
79.0
78.0
78.0
77.0
78.0
69.0
63.0
9.0
78.0
79.0
77.0
77.0
77.0
77.0
69.0
68.0
9.0
8.0
78.0
78.0
78.0
78.0
77.0
78.0
69.0
69.0
9.0
8.0
78.0
78.0
78.0
77.0
78.0
78.0
69.0
69.0
9.0
8.0
79.0
77.0
78.0
79.0
77.0
111.0
104.0
103.0
9.0
9.0
113.0
114.0
112.0
114.0
114.0
105.0
100.0
10.0
9.0
9.0
76.0
82.0
75.0
74.0
81.0
66.0
71.0
71.0
10.0
9.0
80.0
80.0
69.0
68.0
65.0
61.0
8.0
9.0
9.0
8.0
84.0
84.0
77.0
84.0
83.0
77.0
83.0
68.0
71.0
11.0
75.0
82.0
82.0
75.0
81.0
75.0
74.0
72.0
66.0
9.0
82.0
75.0
75.0
82.0
81.0
80.0
81.0
66.0
67.0
9.0
75.0
75.0
81.0
75.0
75.0
81.0
72.0
71.0
9.0
9.0
75.0
81.0
81.0
76.0
80.0
75.0
66.0
72.0
9.0
9.0
80.0
80.0
75.0
81.0
80.0
74.0
72.0
66.0
8.0
9.0
75.0
81.0
81.0
75.0
81.0
81.0
72.0
66.0
9.0
9.0
75.0
81.0
74.0
80.0
74.0
66.0
65.0
9.0
9.0
9.0
81.0
81.0
81.0
75.0
81.0
66.0
72.0
66.0
9.0
9.0
74.0
80.0
73.0
75.0
65.0
60.0
8.0
9.0
9.0
9.0
84.0
77.0
83.0
77.0
77.0
83.0
76.0
74.0
69.0
11.0
199.0
196.0
201.0
194.0
201.0
194.0
198.0
192.0
182.0
131.0
82.0
82.0
76.0
75.0
82.0
81.0
75.0
67.0
66.0
9.0
81.0
81.0
80.0
75.0
74.0
75.0
67.0
72.0
10.0
9.0
82.0
81.0
82.0
82.0
81.0
75.0
68.0
66.0
9.0
9.0
76.0
81.0
81.0
81.0
80.0
80.0
71.0
67.0
9.0
8.0
75.0
75.0
75.0
80.0
79.0
80.0
72.0
71.0
9.0
9.0
75.0
81.0
74.0
74.0
75.0
71.0
65.0
9.0
9.0
9.0
81.0
81.0
81.0
75.0
80.0
67.0
66.0
67.0
9.0
8.0
80.0
79.0
73.0
73.0
65.0
61.0
8.0
9.0
9.0
8.0
78.0
83.0
79.0
77.0
82.0
82.0
77.0
73.0
70.0
11.0
81.0
76.0
76.0
81.0
74.0
80.0
80.0
71.0
66.0
9.0
76.0
80.0
77.0
77.0
76.0
79.0
77.0
69.0
63.0
9.0
78.0
78.0
78.0
78.0
77.0
77.0
68.0
68.0
8.0
8.0
77.0
78.0
78.0
78.0
78.0
77.0
68.0
69.0
9.0
9.0
78.0
77.0
78.0
77.0
77.0
77.0
69.0
68.0
8.0
8.0
78.0
78.0
78.0
79.0
77.0
111.0
107.0
104.0
9.0
8.0
113.0
113.0
112.0
124.0
113.0
103.0
99.0
9.0
9.0
10.0
87.0
76.0
80.0
74.0
80.0
66.0
66.0
71.0
10.0
9.0
79.0
79.0
69.0
73.0
65.0
60.0
9.0
9.0
8.0
8.0
83.0
77.0
77.0
83.0
82.0
81.0
78.0
72.0
65.0
11.0
79.0
79.0
78.0
78.0
78.0
77.0
78.0
70.0
63.0
9.0
78.0
79.0
78.0
78.0
77.0
77.0
76.0
68.0
63.0
8.0
78.0
78.0
79.0
78.0
77.0
77.0
69.0
68.0
9.0
9.0
78.0
78.0
78.0
78.0
77.0
77.0
68.0
68.0
9.0
9.0
77.0
78.0
77.0
77.0
77.0
77.0
68.0
69.0
9.0
9.0
78.0
77.0
78.0
77.0
77.0
77.0
68.0
68.0
9.0
9.0
77.0
77.0
76.0
77.0
77.0
69.0
62.0
9.0
9.0
8.0
77.0
78.0
77.0
77.0
76.0
68.0
68.0
69.0
8.0
9.0
77.0
76.0
71.0
71.0
62.0
63.0
8.0
9.0
9.0
9.0
80.0
80.0
80.0
80.0
80.0
79.0
79.0
70.0
67.0
11.0
78.0
78.0
78.0
78.0
77.0
77.0
77.0
69.0
63.0
9.0
78.0
78.0
78.0
78.0
77.0
77.0
78.0
69.0
63.0
9.0
112.0
111.0
113.0
113.0
112.0
112.0
103.0
103.0
9.0
8.0
112.0
113.0
79.0
78.0
77.0
77.0
69.0
69.0
9.0
9.0
78.0
78.0
77.0
78.0
77.0
77.0
68.0
68.0
9.0
8.0
77.0
77.0
79.0
78.0
77.0
77.0
68.0
68.0
9.0
9.0
78.0
78.0
78.0
77.0
77.0
68.0
63.0
8.0
9.0
8.0
77.0
77.0
77.0
77.0
77.0
68.0
68.0
69.0
9.0
9.0
78.0
78.0
70.0
71.0
63.0
62.0
9.0
9.0
8.0
8.0
80.0
80.0
81.0
80.0
80.0
79.0
80.0
71.0
67.0
11.0
78.0
79.0
78.0
79.0
77.0
77.0
77.0
70.0
63.0
8.0
78.0
79.0
78.0
78.0
77.0
77.0
78.0
69.0
63.0
9.0
77.0
78.0
78.0
78.0
78.0
77.0
69.0
69.0
9.0
8.0
77.0
77.0
77.0
78.0
77.0
77.0
69.0
69.0
9.0
9.0
78.0
78.0
78.0
78.0
77.0
77.0
68.0
211.0
9.0
9.0
216.0
216.0
218.0
217.0
217.0
216.0
207.0
207.0
152.0
9.0
78.0
78.0
77.0
78.0
77.0
69.0
63.0
9.0
8.0
8.0
78.0
79.0
77.0
77.0
78.0
69.0
69.0
68.0
10.0
9.0
77.0
76.0
72.0
72.0
63.0
63.0
9.0
9.0
9.0
9.0
80.0
81.0
81.0
80.0
81.0
79.0
79.0
71.0
68.0
10.0
79.0
78.0
79.0
78.0
78.0
78.0
78.0
70.0
63.0
9.0
78.0
79.0
79.0
78.0
77.0
78.0
77.0
69.0
63.0
9.0
78.0
78.0
78.0
78.0
78.0
77.0
68.0
69.0
9.0
9.0
79.0
79.0
78.0
79.0
78.0
78.0
69.0
69.0
9.0
9.0
78.0
77.0
77.0
78.0
77.0
77.0
68.0
68.0
8.0
9.0
78.0
78.0
78.0
77.0
77.0
77.0
69.0
69.0
8.0
9.0
78.0
78.0
77.0
77.0
78.0
68.0
62.0
9.0
9.0
9.0
77.0
77.0
77.0
77.0
77.0
68.0
68.0
69.0
9.0
8.0
78.0
77.0
71.0
71.0
63.0
63.0
9.0
9.0
8.0
9.0
80.0
80.0
80.0
80.0
80.0
79.0
79.0
70.0
67.0
11.0
79.0
78.0
78.0
78.0
77.0
78.0
77.0
68.0
63.0
9.0
78.0
113.0
114.0
114.0
113.0
112.0
112.0
103.0
97.0
9.0
113.0
113.0
79.0
78.0
77.0
77.0
68.0
69.0
9.0
9.0
78.0
77.0
78.0
80.0
84.0
89.0
74.0
75.0
9.0
8.0
85.0
84.0
87.0
91.0
85.0
84.0
73.0
70.0
10.0
9.0
83.0
79.0
78.0
83.0
78.0
83.0
74.0
73.0
9.0
10.0
77.0
83.0
82.0
77.0
78.0
73.0
62.0
9.0
10.0
9.0
84.0
84.0
84.0
77.0
83.0
69.0
69.0
73.0
9.0
9.0
77.0
82.0
76.0
76.0
68.0
63.0
8.0
8.0
9.0
9.0
86.0
81.0
85.0
79.0
80.0
85.0
84.0
76.0
71.0
11.0
78.0
123.0
79.0
124.0
81.0
79.0
80.0
71.0
65.0
9.0
81.0
79.0
80.0
80.0
80.0
79.0
79.0
72.0
65.0
9.0
82.0
82.0
82.0
82.0
80.0
81.0
71.0
70.0
9.0
9.0
80.0
80.0
82.0
81.0
81.0
79.0
71.0
71.0
9.0
9.0
80.0
81.0
79.0
79.0
80.0
80.0
71.0
71.0
9.0
9.0
81.0
80.0
79.0
81.0
79.0
79.0
72.0
72.0
9.0
9.0
80.0
80.0
78.0
77.0
112.0
103.0
63.0
9.0
9.0
9.0
113.0
113.0
112.0
113.0
113.0
104.0
103.0
104.0
10.0
9.0
80.0
77.0
72.0
73.0
62.0
64.0
8.0
8.0
9.0
8.0
82.0
81.0
80.0
81.0
80.0
83.0
80.0
73.0
70.0
11.0
81.0
81.0
79.0
78.0
78.0
78.0
80.0
72.0
63.0
9.0
80.0
80.0
78.0
79.0
77.0
78.0
77.0
68.0
64.0
10.0
79.0
77.0
78.0
77.0
77.0
76.0
70.0
68.0
9.0
9.0
78.0
77.0
78.0
78.0
77.0
77.0
69.0
69.0
9.0
8.0
78.0
78.0
77.0
77.0
77.0
77.0
68.0
69.0
9.0
9.0
77.0
78.0
78.0
77.0
77.0
77.0
69.0
68.0
9.0
9.0
77.0
78.0
76.0
77.0
77.0
68.0
62.0
9.0
8.0
8.0
78.0
78.0
78.0
77.0
77.0
68.0
69.0
69.0
9.0
9.0
77.0
76.0
71.0
71.0
63.0
63.0
9.0
9.0
8.0
8.0
80.0
80.0
80.0
81.0
80.0
80.0
79.0
71.0
67.0
11.0
239.0
239.0
241.0
242.0
239.0
240.0
238.0
230.0
226.0
9.0
240.0
79.0
79.0
78.0
77.0
77.0
77.0
69.0
63.0
8.0
78.0
78.0
78.0
77.0
77.0
78.0
69.0
69.0
9.0
9.0
79.0
78.0
78.0
78.0
78.0
77.0
69.0
68.0
10.0
9.0
78.0
78.0
78.0
78.0
79.0
78.0
69.0
70.0
9.0
9.0
79.0
77.0
78.0
78.0
77.0
78.0
68.0
69.0
9.0
9.0
78.0
78.0
77.0
77.0
78.0
69.0
62.0
9.0
9.0
8.0
78.0
78.0
77.0
78.0
77.0
69.0
68.0
69.0
9.0
9.0
77.0
77.0
72.0
72.0
63.0
63.0
9.0
9.0
8.0
9.0
80.0
80.0
81.0
80.0
80.0
79.0
79.0
72.0
68.0
11.0
80.0
79.0
78.0
78.0
79.0
78.0
77.0
69.0
64.0
9.0
79.0
79.0
78.0
78.0
78.0
78.0
77.0
69.0
63.0
9.0
78.0
79.0
78.0
78.0
77.0
77.0
69.0
68.0
9.0
9.0
78.0
78.0
77.0
78.0
77.0
77.0
69.0
69.0
10.0
9.0
78.0
77.0
78.0
78.0
77.0
78.0
69.0
69.0
9.0
9.0
77.0
77.0
78.0
77.0
78.0
77.0
69.0
69.0
9.0
8.0
113.0
113.0
113.0
112.0
112.0
103.0
98.0
42.0
42.0
9.0
80.0
80.0
79.0
77.0
77.0
68.0
68.0
69.0
9.0
9.0
77.0
77.0
71.0
71.0
62.0
63.0
8.0
9.0
8.0
8.0
81.0
80.0
80.0
80.0
80.0
79.0
79.0
71.0
67.0
11.0
78.0
78.0
78.0
78.0
78.0
77.0
77.0
69.0
63.0
9.0
79.0
78.0
79.0
77.0
77.0
77.0
77.0
68.0
63.0
9.0
77.0
78.0
79.0
78.0
77.0
77.0
69.0
69.0
8.0
9.0
78.0
79.0
78.0
78.0
78.0
77.0
69.0
69.0
9.0
9.0
78.0
77.0
77.0
77.0
77.0
77.0
68.0
69.0
9.0
8.0
78.0
77.0
78.0
78.0
76.0
78.0
68.0
69.0
9.0
8.0
78.0
77.0
77.0
77.0
77.0
68.0
63.0
8.0
8.0
9.0
77.0
78.0
77.0
78.0
77.0
68.0
68.0
69.0
9.0
8.0
77.0
77.0
71.0
71.0
63.0
62.0
8.0
9.0
8.0
8.0
81.0
80.0
80.0
80.0
80.0
79.0
79.0
71.0
67.0
10.0
78.0
78.0
78.0
78.0
78.0
78.0
77.0
69.0
63.0
9.0
78.0
78.0
78.0
78.0
77.0
77.0
77.0
69.0
62.0
9.0
77.0
111.0
113.0
113.0
112.0
112.0
104.0
104.0
9.0
9.0
113.0
113.0
112.0
78.0
77.0
77.0
69.0
68.0
9.0
9.0
78.0
78.0
77.0
77.0
78.0
76.0
68.0
69.0
9.0
8.0
78.0
78.0
77.0
78.0
77.0
77.0
68.0
68.0
9.0
9.0
78.0
77.0
77.0
77.0
77.0
69.0
62.0
9.0
9.0
8.0
78.0
77.0
77.0
77.0
78.0
69.0
68.0
68.0
9.0
9.0
77.0
76.0
72.0
71.0
63.0
63.0
9.0
9.0
9.0
9.0
81.0
80.0
80.0
80.0
80.0
79.0
79.0
71.0
67.0
11.0
78.0
79.0
79.0
79.0
77.0
78.0
77.0
69.0
63.0
8.0
79.0
79.0
79.0
79.0
77.0
78.0
77.0
69.0
64.0
9.0
77.0
78.0
77.0
78.0
77.0
77.0
69.0
69.0
9.0
9.0
79.0
79.0
77.0
77.0
265.0
266.0
259.0
259.0
9.0
9.0
269.0
264.0
269.0
268.0
270.0
264.0
67.0
72.0
9.0
8.0
82.0
76.0
76.0
81.0
81.0
81.0
71.0
66.0
9.0
9.0
75.0
82.0
75.0
81.0
75.0
71.0
61.0
9.0
9.0
9.0
82.0
82.0
82.0
75.0
81.0
66.0
67.0
66.0
10.0
9.0
80.0
79.0
72.0
72.0
64.0
57.0
9.0
8.0
8.0
8.0
