4.0
4.0
4.0
3.0
4.0
4.0
3.0
4.0
3.0
3.0
13.0
13.0
12.0
12.0
12.0
13.0
12.0
10.0
3.0
3.0
13.0
13.0
39.0
39.0
38.0
40.0
39.0
10.0
3.0
2.0
145.0
145.0
144.0
144.0
144.0
118.0
117.0
116.0
108.0
108.0
860.0
860.0
863.0
860.0
862.0
861.0
861.0
860.0
850.0
854.0
1220.0
1218.0
1220.0
1217.0
1217.0
1226.0
1216.0
1215.0
1209.0
1209.0
1166.0
1166.0
1165.0
1165.0
1165.0
1166.0
1165.0
1163.0
1158.0
1157.0
1217.0
1214.0
1212.0
1212.0
1213.0
1214.0
1213.0
1211.0
1205.0
1205.0
1166.0
1165.0
1164.0
1163.0
1164.0
1165.0
1164.0
1163.0
1156.0
1156.0
3978.0
3978.0
3977.0
3976.0
3978.0
3978.0
3980.0
3970.0
3970.0
3931.0
3928.0
3932.0
3929.0
3928.0
3926.0
3923.0
3922.0
3934.0
3950.0
3952.0
3952.0
3950.0
3949.0
3940.0
3942.0
3948.0
3962.0
3932.0
3931.0
3929.0
3920.0
3922.0
3931.0
3931.0
3934.0
3934.0
3868.0
3867.0
3877.0
3879.0
3877.0
3874.0
3866.0
3866.0
3876.0
3956.0
3947.0
3946.0
3958.0
3957.0
3957.0
3943.0
3944.0
3962.0
3984.0
3989.0
3991.0
3996.0
3982.0
3984.0
3993.0
3999.0
3987.0
3252.0
3248.0
3247.0
13.0
12.0
11.0
12.0
11.0
13.0
13.0
11.0
11.0
11.0
14.0
12.0
11.0
12.0
11.0
11.0
10.0
3.0
4.0
4.0
5.0
4.0
3.0
4.0
3.0
4.0
3.0
3.0
3.0
2.0
4.0
3.0
3.0
3.0
3.0
4.0
4.0
3.0
3.0
3.0
4.0
3.0
3.0
3.0
3.0
4.0
3.0
3.0
3.0
2.0
13.0
11.0
10.0
3.0
2.0
13.0
11.0
10.0
2.0
2.0
12.0
11.0
3.0
2.0
2.0
9.0
3.0
3.0
3.0
2.0
4.0
3.0
3.0
3.0
2.0
4.0
3.0
3.0
2.0
2.0
4.0
3.0
3.0
2.0
3.0
4.0
4.0
3.0
2.0
3.0
4.0
3.0
3.0
2.0
2.0
4.0
3.0
3.0
2.0
2.0
13.0
13.0
11.0
12.0
11.0
14.0
12.0
11.0
11.0
11.0
14.0
12.0
11.0
11.0
11.0
11.0
9.0
3.0
4.0
3.0
5.0
4.0
3.0
4.0
3.0
4.0
4.0
3.0
3.0
3.0
4.0
4.0
3.0
3.0
3.0
4.0
4.0
3.0
3.0
3.0
4.0
4.0
3.0
3.0
3.0
5.0
3.0
3.0
3.0
3.0
13.0
11.0
10.0
2.0
2.0
13.0
11.0
10.0
3.0
2.0
12.0
12.0
3.0
2.0
3.0
9.0
3.0
3.0
2.0
2.0
4.0
3.0
3.0
3.0
2.0
3.0
3.0
3.0
3.0
2.0
4.0
3.0
3.0
2.0
3.0
3.0
3.0
3.0
2.0
2.0
4.0
4.0
3.0
2.0
2.0
4.0
3.0
3.0
2.0
3.0
116.0
115.0
113.0
113.0
113.0
115.0
114.0
113.0
113.0
114.0
115.0
114.0
113.0
113.0
112.0
112.0
111.0
106.0
106.0
105.0
106.0
105.0
106.0
105.0
105.0
105.0
105.0
105.0
105.0
104.0
4.0
4.0
3.0
4.0
3.0
4.0
4.0
4.0
3.0
3.0
4.0
4.0
3.0
4.0
3.0
4.0
4.0
3.0
3.0
3.0
115.0
113.0
112.0
104.0
104.0
115.0
113.0
112.0
104.0
105.0
191.0
190.0
182.0
181.0
181.0
188.0
183.0
181.0
181.0
180.0
106.0
106.0
105.0
105.0
2.0
106.0
106.0
4.0
3.0
3.0
4.0
3.0
3.0
2.0
3.0
3.0
3.0
3.0
2.0
2.0
4.0
4.0
3.0
3.0
2.0
4.0
4.0
3.0
3.0
2.0
844.0
834.0
831.0
833.0
834.0
838.0
836.0
833.0
834.0
834.0
879.0
879.0
877.0
878.0
886.0
885.0
882.0
876.0
878.0
874.0
908.0
907.0
907.0
906.0
899.0
901.0
901.0
900.0
900.0
902.0
462.0
4.0
3.0
3.0
3.0
5.0
4.0
3.0
3.0
3.0
5.0
4.0
3.0
3.0
3.0
4.0
3.0
3.0
4.0
3.0
861.0
859.0
857.0
851.0
851.0
862.0
859.0
857.0
853.0
901.0
912.0
911.0
903.0
903.0
903.0
910.0
903.0
903.0
902.0
826.0
855.0
854.0
853.0
853.0
751.0
854.0
854.0
631.0
2.0
2.0
3.0
3.0
2.0
2.0
2.0
3.0
3.0
3.0
3.0
2.0
4.0
3.0
3.0
3.0
2.0
4.0
3.0
3.0
3.0
2.0
1164.0
1239.0
1207.0
1207.0
1207.0
1208.0
1208.0
1208.0
1208.0
1207.0
1212.0
1160.0
1157.0
1158.0
1157.0
1157.0
1156.0
1149.0
1150.0
1149.0
1183.0
1229.0
1230.0
1230.0
1229.0
1230.0
1230.0
1230.0
1229.0
1229.0
812.0
301.0
3.0
3.0
3.0
4.0
4.0
3.0
4.0
3.0
4.0
4.0
3.0
3.0
3.0
4.0
3.0
3.0
4.0
3.0
1159.0
1159.0
1157.0
1149.0
1149.0
1160.0
1158.0
1157.0
1150.0
1152.0
1239.0
1239.0
1232.0
1229.0
1229.0
1237.0
1231.0
1231.0
1233.0
1230.0
1152.0
1151.0
1151.0
1150.0
1048.0
1151.0
1151.0
927.0
2.0
2.0
330.0
3.0
3.0
3.0
2.0
4.0
3.0
3.0
3.0
2.0
4.0
3.0
3.0
3.0
2.0
4.0
3.0
3.0
3.0
2.0
1191.0
1240.0
1237.0
1237.0
1237.0
1239.0
1239.0
1237.0
1236.0
1236.0
1214.0
1160.0
1160.0
1160.0
1159.0
1159.0
1157.0
1152.0
1153.0
1153.0
1184.0
1230.0
1229.0
1228.0
1230.0
1230.0
1231.0
1229.0
1229.0
1228.0
812.0
301.0
3.0
3.0
3.0
5.0
3.0
3.0
3.0
3.0
4.0
4.0
3.0
3.0
3.0
4.0
4.0
3.0
4.0
3.0
1184.0
1186.0
1183.0
1176.0
1176.0
1187.0
1212.0
1211.0
1204.0
1207.0
1238.0
1240.0
1229.0
1228.0
1228.0
1235.0
1200.0
1200.0
1229.0
1229.0
1152.0
1154.0
1151.0
1181.0
1049.0
1182.0
1181.0
926.0
3.0
2.0
301.0
3.0
3.0
2.0
3.0
4.0
3.0
3.0
2.0
3.0
3.0
4.0
3.0
2.0
2.0
3.0
3.0
3.0
3.0
2.0
1244.0
1244.0
1240.0
1243.0
1240.0
1244.0
1243.0
1210.0
1237.0
1240.0
1161.0
1160.0
1158.0
1160.0
1158.0
1186.0
1186.0
1179.0
1150.0
1231.0
1231.0
1231.0
1232.0
1234.0
1231.0
1202.0
1231.0
1231.0
1232.0
1150.0
731.0
301.0
3.0
3.0
3.0
4.0
4.0
3.0
3.0
4.0
4.0
4.0
3.0
3.0
3.0
4.0
4.0
3.0
3.0
3.0
1162.0
1158.0
1184.0
1182.0
1180.0
1192.0
1161.0
1241.0
1235.0
1235.0
1265.0
1252.0
1216.0
1243.0
1242.0
1250.0
1245.0
1160.0
1160.0
1161.0
1197.0
1190.0
1190.0
1160.0
1057.0
1240.0
1241.0
935.0
3.0
3.0
304.0
3.0
3.0
2.0
2.0
4.0
3.0
3.0
2.0
2.0
4.0
3.0
3.0
3.0
2.0
4.0
3.0
3.0
3.0
2.0
1248.0
1246.0
1216.0
1209.0
1240.0
1242.0
1242.0
1241.0
1161.0
1161.0
1163.0
1162.0
1193.0
1192.0
1241.0
1241.0
1240.0
1234.0
1233.0
1233.0
1236.0
1232.0
1230.0
1229.0
1150.0
1151.0
1150.0
1151.0
1152.0
1151.0
761.0
301.0
3.0
3.0
3.0
5.0
3.0
4.0
3.0
3.0
4.0
4.0
3.0
3.0
3.0
5.0
3.0
3.0
3.0
3.0
1190.0
1260.0
1258.0
1250.0
1252.0
1262.0
1259.0
1259.0
1252.0
1252.0
1288.0
1226.0
1180.0
1177.0
1179.0
1187.0
1183.0
1180.0
1178.0
1179.0
1152.0
1206.0
1206.0
1206.0
1149.0
1209.0
1208.0
983.0
2.0
2.0
300.0
3.0
2.0
3.0
2.0
3.0
4.0
3.0
2.0
2.0
3.0
3.0
3.0
3.0
2.0
4.0
3.0
3.0
3.0
2.0
3937.0
3964.0
3938.0
3890.0
4001.0
3883.0
3884.0
3884.0
3882.0
3883.0
3960.0
3930.0
3926.0
3966.0
3954.0
3955.0
3957.0
3945.0
3951.0
3963.0
3865.0
3867.0
3945.0
3930.0
3920.0
3921.0
3919.0
3919.0
3919.0
3918.0
3559.0
3126.0
2756.0
2755.0
2770.0
2776.0
2779.0
2776.0
2772.0
1464.0
1518.0
1465.0
1513.0
1516.0
1522.0
1488.0
1488.0
1488.0
1489.0
1488.0
3955.0
3927.0
3873.0
3868.0
3881.0
3878.0
3877.0
3874.0
3869.0
3867.0
3962.0
3956.0
3947.0
3947.0
3955.0
3956.0
3950.0
3949.0
3950.0
3949.0
3858.0
3909.0
3916.0
3916.0
3822.0
3941.0
3935.0
3690.0
2711.0
1481.0
3065.0
2825.0
1534.0
1477.0
1526.0
2774.0
2769.0
1542.0
1508.0
1506.0
1491.0
1493.0
1492.0
1432.0
1437.0
1435.0
1435.0
1433.0
1435.0
1509.0
3902.0
3899.0
3897.0
3923.0
3926.0
3926.0
3927.0
3927.0
3927.0
3844.0
3942.0
3956.0
3956.0
3926.0
3929.0
3924.0
3920.0
3919.0
3948.0
3947.0
3896.0
3894.0
3895.0
3947.0
3951.0
3948.0
3946.0
3946.0
3922.0
3946.0
3567.0
3095.0
2802.0
2748.0
2753.0
2749.0
2755.0
2772.0
2808.0
1516.0
1442.0
1469.0
1470.0
1475.0
1520.0
1523.0
1523.0
1486.0
1488.0
1486.0
3924.0
3895.0
3891.0
3894.0
3834.0
3843.0
3844.0
3842.0
3910.0
3910.0
3926.0
3952.0
3945.0
3954.0
3947.0
3946.0
3937.0
3948.0
3867.0
3866.0
3929.0
3937.0
3937.0
3824.0
3958.0
3957.0
3708.0
2793.0
1510.0
3062.0
2856.0
1445.0
1459.0
1516.0
2755.0
2756.0
1526.0
1488.0
1489.0
1522.0
1489.0
1490.0
1436.0
1440.0
1437.0
1436.0
1576.0
1481.0
1484.0
3900.0
3900.0
3896.0
3918.0
3935.0
3927.0
3926.0
3875.0
3875.0
3871.0
3950.0
3954.0
3952.0
3922.0
3930.0
3919.0
3918.0
3951.0
3913.0
3912.0
3894.0
3895.0
3944.0
3963.0
3978.0
3974.0
3969.0
3988.0
3977.0
3974.0
3563.0
3101.0
2740.0
2732.0
2730.0
2724.0
2724.0
2722.0
2721.0
1486.0
1463.0
1460.0
1465.0
1513.0
1521.0
1519.0
1519.0
1485.0
1498.0
1489.0
3935.0
3926.0
3926.0
3875.0
3865.0
3875.0
3877.0
3954.0
3946.0
3944.0
3950.0
3956.0
3947.0
3955.0
3950.0
3945.0
3939.0
3869.0
3898.0
3950.0
3943.0
3945.0
3940.0
3852.0
3971.0
3970.0
3718.0
2824.0
1483.0
3069.0
2747.0
1432.0
1457.0
1461.0
2751.0
2742.0
1519.0
1491.0
1487.0
1490.0
1490.0
1518.0
1487.0
1487.0
1439.0
1437.0
1435.0
1435.0
1512.0
3905.0
3902.0
3897.0
3897.0
3897.0
3934.0
3934.0
3931.0
3934.0
3859.0
4010.0
3983.0
3980.0
3980.0
3980.0
3951.0
3945.0
3938.0
3939.0
3960.0
3912.0
3918.0
3913.0
3957.0
3972.0
3974.0
3969.0
3971.0
3972.0
3965.0
3494.0
3039.0
2740.0
2686.0
2688.0
2696.0
2688.0
2691.0
2718.0
1458.0
1435.0
1462.0
1460.0
1462.0
1515.0
1517.0
1515.0
1514.0
1485.0
1482.0
3924.0
3920.0
3913.0
3861.0
3880.0
3870.0
3868.0
3862.0
3934.0
3961.0
3952.0
3953.0
3941.0
3969.0
3952.0
3954.0
3950.0
3871.0
4024.0
3953.0
3849.0
3952.0
3995.0
3728.0
2771.0
1484.0
3131.0
2775.0
1492.0
1434.0
1435.0
2749.0
2750.0
1581.0
1519.0
1518.0
1493.0
1488.0
1490.0
1520.0
1520.0
1458.0
1434.0
1434.0
1436.0
1461.0
3959.0
3929.0
3929.0
3928.0
3928.0
3964.0
4037.0
3961.0
3970.0
3930.0
3882.0
3959.0
3958.0
3956.0
3957.0
3927.0
3920.0
3917.0
3929.0
3950.0
3968.0
3919.0
3920.0
3907.0
3927.0
3977.0
3969.0
3974.0
3982.0
3943.0
3505.0
3039.0
2739.0
2740.0
2742.0
2693.0
2689.0
2685.0
2723.0
1486.0
1434.0
1434.0
1433.0
1460.0
1462.0
1519.0
1521.0
1518.0
1510.0
1494.0
3924.0
3922.0
3915.0
3889.0
3898.0
3840.0
3840.0
3835.0
3830.0
3876.0
3918.0
3944.0
3943.0
3949.0
3949.0
3949.0
3938.0
3960.0
3947.0
3922.0
3873.0
3949.0
3950.0
3735.0
2745.0
1506.0
3132.0
2771.0
1519.0
1518.0
1470.0
2775.0
2759.0
1520.0
1494.0
1491.0
1435.0
1436.0
1438.0
1467.0
1461.0
1490.0
1490.0
1497.0
1488.0
1492.0
3940.0
3933.0
3928.0
3899.0
3897.0
3925.0
3929.0
3927.0
3926.0
3936.0
3899.0
3894.0
3923.0
3924.0
3926.0
3842.0
3837.0
3835.0
3860.0
3922.0
3957.0
3970.0
3939.0
3941.0
3942.0
3974.0
3972.0
3975.0
3934.0
3908.0
3481.0
3055.0
2744.0
2746.0
2745.0
2716.0
2743.0
2740.0
2798.0
1516.0
1492.0
1489.0
1487.0
1488.0
1487.0
1489.0
1519.0
1486.0
1486.0
1435.0
3954.0
3952.0
3944.0
3946.0
3958.0
3952.0
3919.0
3942.0
3947.0
3954.0
3873.0
3863.0
3861.0
3899.0
3888.0
3945.0
3948.0
3917.0
3933.0
3915.0
3886.0
3985.0
3980.0
3724.0
2799.0
1434.0
3079.0
2777.0
1537.0
1527.0
1514.0
2861.0
2739.0
1437.0
1517.0
1488.0
1491.0
1488.0
1485.0
1483.0
1486.0
1521.0
1432.0
1435.0
1437.0
1436.0
3963.0
4051.0
3961.0
3962.0
3962.0
3928.0
3958.0
3960.0
3960.0
3957.0
3870.0
3902.0
3946.0
3942.0
3946.0
3954.0
3918.0
3944.0
3946.0
3943.0
3948.0
3917.0
3861.0
3860.0
3861.0
3930.0
3941.0
3915.0
3913.0
3911.0
3526.0
3092.0
2799.0
2801.0
2799.0
2722.0
2745.0
2740.0
2746.0
1518.0
1435.0
1431.0
1435.0
1435.0
1435.0
1464.0
1515.0
1485.0
1482.0
1486.0
3929.0
3929.0
3926.0
3921.0
3931.0
3896.0
3851.0
3915.0
3930.0
3938.0
3915.0
3911.0
3937.0
3911.0
3942.0
3940.0
3941.0
3854.0
3885.0
3883.0
3869.0
3973.0
3973.0
3751.0
2716.0
1485.0
3122.0
2823.0
1486.0
1485.0
1538.0
2744.0
2742.0
1531.0
1437.0
1433.0
1437.0
1438.0
1433.0
1437.0
1436.0
1488.0
1485.0
1489.0
1486.0
1513.0
3956.0
3958.0
3956.0
3955.0
3954.0
3878.0
3959.0
3957.0
3957.0
3928.0
3937.0
3934.0
3933.0
3931.0
3937.0
3932.0
3927.0
3923.0
3924.0
3936.0
3917.0
3917.0
3916.0
3915.0
3914.0
3949.0
3867.0
3893.0
3892.0
3925.0
3504.0
3076.0
2782.0
2781.0
2779.0
2749.0
2829.0
2805.0
2802.0
1489.0
1489.0
1486.0
1486.0
1487.0
1489.0
1519.0
1520.0
1439.0
1438.0
1442.0
3975.0
3976.0
3998.0
3969.0
3975.0
3942.0
3944.0
3962.0
3959.0
3973.0
3877.0
3875.0
3909.0
3961.0
3958.0
3959.0
3960.0
3928.0
3955.0
3957.0
3845.0
3955.0
3933.0
3640.0
2716.0
1436.0
3042.0
2742.0
1486.0
1486.0
1514.0
2782.0
2780.0
1548.0
1520.0
1525.0
1516.0
1521.0
1523.0
1537.0
1561.0
1441.0
1456.0
1466.0
1519.0
1510.0
3935.0
3916.0
3913.0
3913.0
3941.0
3935.0
3911.0
3910.0
3859.0
3859.0
3895.0
3899.0
3896.0
3899.0
3900.0
3867.0
3892.0
3889.0
3888.0
3887.0
3864.0
3864.0
3863.0
3892.0
3940.0
3950.0
3915.0
3941.0
3946.0
3952.0
3604.0
3133.0
2840.0
2810.0
2760.0
2793.0
2787.0
2757.0
2755.0
1521.0
1444.0
1442.0
1441.0
1470.0
1518.0
1489.0
1492.0
1489.0
1493.0
1489.0
3963.0
3959.0
3953.0
3920.0
3880.0
3966.0
3946.0
3955.0
3955.0
3964.0
3936.0
3933.0
3935.0
3940.0
3930.0
3845.0
3846.0
3926.0
3930.0
3929.0
3821.0
3924.0
3924.0
3698.0
2721.0
1520.0
3102.0
2714.0
1436.0
1433.0
1486.0
2824.0
2820.0
1518.0
1457.0
1459.0
1488.0
1486.0
1482.0
1529.0
1541.0
1512.0
1518.0
1519.0
1492.0
1490.0
3927.0
3872.0
3871.0
3869.0
3871.0
3921.0
3892.0
3891.0
3918.0
3916.0
3923.0
3926.0
3927.0
3926.0
3925.0
3873.0
3951.0
3950.0
3916.0
3914.0
3924.0
3918.0
3927.0
3924.0
3923.0
3923.0
3923.0
3933.0
3928.0
3938.0
3570.0
3054.0
2765.0
2752.0
2754.0
2843.0
2753.0
2754.0
2755.0
1466.0
1516.0
1515.0
1515.0
1514.0
1518.0
1437.0
1435.0
1462.0
1516.0
1515.0
3901.0
3900.0
3893.0
3891.0
3898.0
3928.0
3930.0
3890.0
3841.0
3848.0
3919.0
3919.0
3918.0
3926.0
3918.0
3886.0
3886.0
3916.0
3915.0
3918.0
3761.0
3867.0
3866.0
3645.0
2751.0
1516.0
3047.0
2718.0
1488.0
1488.0
1434.0
2775.0
2769.0
1488.0
1487.0
1516.0
1518.0
1527.0
1528.0
1545.0
1539.0
1463.0
1545.0
1515.0
1512.0
1506.0
3919.0
3933.0
3968.0
3929.0
3930.0
3934.0
3872.0
3927.0
3928.0
3934.0
3932.0
3904.0
3904.0
3913.0
3903.0
3932.0
3892.0
3839.0
3835.0
3835.0
3924.0
3924.0
3925.0
3930.0
3911.0
3896.0
3926.0
3926.0
3929.0
3929.0
3475.0
3019.0
2691.0
2721.0
2709.0
2744.0
2739.0
2797.0
2797.0
1488.0
1545.0
1518.0
1518.0
1516.0
1509.0
1491.0
1491.0
1488.0
1432.0
1434.0
3875.0
3946.0
3947.0
3942.0
3960.0
3961.0
3960.0
3919.0
3952.0
3954.0
3919.0
3829.0
3830.0
3841.0
3833.0
3888.0
3887.0
3885.0
3855.0
3856.0
3815.0
3918.0
3913.0
3693.0
2767.0
1433.0
3044.0
2746.0
1514.0
1513.0
1508.0
2721.0
2720.0
1436.0
1488.0
1488.0
1489.0
1488.0
1488.0
1488.0
1489.0
1520.0
1462.0
1465.0
1465.0
1465.0
3957.0
3958.0
3961.0
3960.0
3962.0
3925.0
3925.0
3928.0
3927.0
3923.0
3873.0
3931.0
3926.0
3940.0
3929.0
3930.0
3926.0
3924.0
3926.0
3925.0
3918.0
3867.0
3864.0
3865.0
3865.0
3914.0
3885.0
3885.0
3912.0
3906.0
3499.0
3062.0
2771.0
2774.0
2773.0
2723.0
2749.0
2772.0
2743.0
1489.0
1468.0
1464.0
1471.0
1468.0
1489.0
1555.0
1551.0
1518.0
1495.0
1495.0
3955.0
3951.0
3954.0
3953.0
3931.0
3880.0
3882.0
3950.0
3954.0
3961.0
3919.0
3919.0
3909.0
3920.0
3915.0
3916.0
3916.0
3867.0
3922.0
3924.0
3819.0
3918.0
3920.0
3702.0
2716.0
1486.0
3098.0
2771.0
1434.0
1433.0
1518.0
2745.0
2740.0
1521.0
1434.0
1435.0
1438.0
1437.0
1464.0
1465.0
1466.0
1405.0
1328.0
1300.0
1297.0
1284.0
