4.0
3.0
2.0
2.0
2.0
2.0
2.0
2.0
2.0
1.0
59.0
68.0
69.0
122.0
123.0
692.0
682.0
683.0
949.0
649.0
688.0
656.0
692.0
700.0
873.0
594.0
635.0
610.0
608.0
538.0
58.0
67.0
66.0
66.0
67.0
625.0
632.0
623.0
575.0
618.0
817.0
584.0
885.0
608.0
579.0
578.0
579.0
577.0
554.0
577.0
52.0
59.0
59.0
63.0
61.0
586.0
599.0
587.0
701.0
598.0
589.0
598.0
598.0
651.0
597.0
570.0
572.0
570.0
570.0
571.0
51.0
61.0
61.0
61.0
61.0
570.0
571.0
570.0
571.0
569.0
609.0
617.0
608.0
611.0
614.0
687.0
688.0
693.0
683.0
687.0
54.0
65.0
64.0
63.0
64.0
643.0
645.0
642.0
647.0
647.0
574.0
573.0
572.0
573.0
570.0
598.0
601.0
599.0
599.0
600.0
42.0
51.0
51.0
51.0
51.0
588.0
589.0
586.0
588.0
588.0
562.0
562.0
571.0
562.0
561.0
559.0
560.0
563.0
560.0
561.0
50.0
60.0
60.0
60.0
60.0
596.0
596.0
592.0
595.0
595.0
596.0
595.0
602.0
595.0
597.0
569.0
569.0
569.0
569.0
569.0
41.0
51.0
51.0
51.0
50.0
558.0
582.0
587.0
587.0
587.0
659.0
656.0
659.0
663.0
660.0
661.0
637.0
635.0
631.0
629.0
42.0
51.0
51.0
52.0
52.0
566.0
559.0
560.0
567.0
569.0
566.0
568.0
563.0
561.0
567.0
588.0
588.0
588.0
591.0
591.0
26.0
35.0
35.0
35.0
35.0
575.0
569.0
575.0
570.0
575.0
543.0
543.0
546.0
548.0
546.0
543.0
528.0
540.0
526.0
538.0
58.0
59.0
59.0
104.0
105.0
59.0
48.0
47.0
42.0
5.0
124.0
147.0
68.0
69.0
69.0
68.0
57.0
56.0
59.0
5.0
146.0
92.0
92.0
91.0
91.0
91.0
80.0
124.0
82.0
5.0
124.0
69.0
68.0
68.0
69.0
68.0
57.0
101.0
59.0
5.0
124.0
69.0
68.0
69.0
69.0
68.0
57.0
102.0
60.0
3.0
619.0
618.0
616.0
617.0
524.0
625.0
622.0
765.0
498.0
340.0
636.0
575.0
574.0
627.0
624.0
660.0
614.0
567.0
345.0
319.0
562.0
578.0
567.0
567.0
638.0
678.0
631.0
630.0
310.0
290.0
650.0
640.0
651.0
648.0
644.0
640.0
573.0
560.0
312.0
281.0
573.0
597.0
598.0
600.0
597.0
600.0
590.0
588.0
308.0
283.0
600.0
599.0
599.0
575.0
574.0
574.0
561.0
561.0
309.0
282.0
572.0
598.0
600.0
600.0
599.0
599.0
588.0
590.0
310.0
282.0
599.0
602.0
599.0
574.0
574.0
574.0
562.0
560.0
309.0
283.0
603.0
601.0
599.0
598.0
599.0
599.0
588.0
587.0
309.0
281.0
670.0
663.0
641.0
644.0
646.0
653.0
636.0
634.0
375.0
352.0
616.0
626.0
585.0
585.0
626.0
618.0
567.0
607.0
314.0
286.0
600.0
604.0
621.0
600.0
599.0
618.0
590.0
608.0
345.0
318.0
592.0
593.0
572.0
572.0
591.0
572.0
562.0
580.0
309.0
292.0
597.0
618.0
617.0
600.0
600.0
615.0
591.0
601.0
336.0
319.0
573.0
575.0
574.0
575.0
574.0
573.0
562.0
562.0
311.0
282.0
53.0
52.0
52.0
52.0
52.0
42.0
41.0
26.0
20.0
2.0
62.0
62.0
61.0
62.0
62.0
51.0
50.0
35.0
29.0
2.0
62.0
62.0
62.0
62.0
61.0
52.0
50.0
36.0
30.0
2.0
62.0
86.0
87.0
86.0
87.0
52.0
50.0
35.0
29.0
2.0
88.0
88.0
89.0
88.0
89.0
78.0
53.0
37.0
31.0
2.0
643.0
641.0
642.0
642.0
631.0
624.0
621.0
620.0
307.0
280.0
644.0
631.0
570.0
571.0
570.0
559.0
559.0
544.0
313.0
289.0
601.0
611.0
604.0
597.0
614.0
600.0
596.0
586.0
334.0
309.0
572.0
589.0
581.0
580.0
583.0
578.0
558.0
546.0
309.0
281.0
597.0
598.0
598.0
597.0
597.0
587.0
586.0
571.0
334.0
308.0
570.0
571.0
571.0
570.0
571.0
560.0
559.0
544.0
309.0
280.0
596.0
598.0
597.0
596.0
597.0
588.0
586.0
573.0
334.0
307.0
644.0
644.0
641.0
640.0
636.0
628.0
627.0
608.0
379.0
351.0
575.0
581.0
579.0
579.0
583.0
561.0
559.0
544.0
309.0
281.0
598.0
596.0
597.0
596.0
597.0
588.0
584.0
571.0
334.0
306.0
571.0
571.0
572.0
571.0
570.0
561.0
568.0
543.0
307.0
280.0
596.0
597.0
597.0
596.0
597.0
585.0
585.0
571.0
334.0
306.0
571.0
570.0
570.0
573.0
570.0
562.0
562.0
546.0
309.0
281.0
598.0
599.0
599.0
597.0
605.0
591.0
651.0
635.0
335.0
308.0
638.0
643.0
639.0
639.0
637.0
629.0
629.0
613.0
308.0
281.0
53.0
53.0
53.0
52.0
52.0
42.0
41.0
26.0
20.0
1.0
63.0
62.0
61.0
61.0
62.0
51.0
51.0
35.0
30.0
1.0
62.0
62.0
62.0
62.0
61.0
51.0
50.0
36.0
30.0
2.0
62.0
62.0
62.0
61.0
61.0
52.0
51.0
36.0
29.0
2.0
63.0
62.0
61.0
61.0
62.0
51.0
50.0
36.0
29.0
2.0
607.0
599.0
598.0
598.0
598.0
587.0
586.0
575.0
308.0
280.0
598.0
605.0
582.0
572.0
570.0
560.0
559.0
544.0
309.0
280.0
598.0
596.0
596.0
596.0
599.0
587.0
585.0
573.0
334.0
310.0
573.0
570.0
571.0
571.0
569.0
559.0
560.0
544.0
320.0
280.0
598.0
601.0
598.0
598.0
597.0
588.0
587.0
572.0
335.0
308.0
652.0
656.0
653.0
646.0
643.0
630.0
629.0
624.0
388.0
360.0
585.0
572.0
596.0
613.0
600.0
591.0
586.0
564.0
309.0
281.0
618.0
613.0
615.0
615.0
618.0
582.0
610.0
596.0
332.0
302.0
587.0
588.0
582.0
571.0
570.0
561.0
593.0
569.0
314.0
289.0
598.0
600.0
596.0
597.0
597.0
586.0
584.0
569.0
308.0
281.0
594.0
599.0
599.0
599.0
598.0
589.0
589.0
573.0
307.0
280.0
598.0
599.0
641.0
641.0
642.0
634.0
629.0
610.0
308.0
281.0
640.0
642.0
638.0
638.0
570.0
560.0
559.0
546.0
309.0
282.0
598.0
598.0
604.0
597.0
605.0
595.0
595.0
573.0
341.0
281.0
598.0
573.0
571.0
571.0
571.0
562.0
560.0
549.0
308.0
281.0
51.0
51.0
51.0
51.0
51.0
41.0
33.0
20.0
19.0
1.0
61.0
61.0
60.0
61.0
60.0
50.0
43.0
29.0
29.0
1.0
61.0
60.0
60.0
61.0
59.0
50.0
43.0
30.0
29.0
1.0
61.0
60.0
60.0
60.0
60.0
51.0
43.0
29.0
29.0
2.0
61.0
61.0
61.0
60.0
60.0
51.0
43.0
29.0
29.0
2.0
596.0
598.0
597.0
596.0
603.0
587.0
579.0
335.0
342.0
313.0
584.0
569.0
583.0
569.0
570.0
560.0
552.0
308.0
308.0
286.0
602.0
596.0
597.0
598.0
597.0
587.0
647.0
334.0
334.0
307.0
640.0
641.0
641.0
639.0
637.0
629.0
621.0
378.0
377.0
281.0
569.0
571.0
571.0
570.0
594.0
561.0
551.0
307.0
308.0
280.0
596.0
598.0
595.0
597.0
595.0
586.0
580.0
334.0
334.0
282.0
569.0
570.0
569.0
570.0
568.0
559.0
552.0
308.0
307.0
280.0
596.0
597.0
598.0
605.0
595.0
586.0
578.0
335.0
333.0
307.0
569.0
571.0
568.0
569.0
570.0
562.0
553.0
307.0
313.0
280.0
596.0
597.0
597.0
596.0
595.0
587.0
578.0
335.0
333.0
306.0
644.0
637.0
639.0
640.0
643.0
631.0
620.0
383.0
392.0
355.0
570.0
570.0
569.0
571.0
577.0
561.0
552.0
307.0
308.0
280.0
595.0
597.0
597.0
597.0
596.0
586.0
578.0
335.0
334.0
307.0
569.0
572.0
570.0
570.0
570.0
559.0
551.0
308.0
307.0
280.0
596.0
595.0
595.0
595.0
598.0
585.0
579.0
335.0
335.0
306.0
52.0
52.0
52.0
52.0
52.0
42.0
34.0
20.0
20.0
2.0
62.0
61.0
61.0
61.0
61.0
51.0
43.0
29.0
29.0
1.0
62.0
62.0
61.0
61.0
61.0
51.0
43.0
29.0
29.0
1.0
62.0
61.0
61.0
61.0
61.0
51.0
43.0
29.0
29.0
1.0
62.0
61.0
62.0
61.0
61.0
52.0
43.0
29.0
30.0
2.0
595.0
596.0
597.0
596.0
597.0
587.0
583.0
308.0
308.0
281.0
669.0
668.0
676.0
645.0
647.0
635.0
632.0
384.0
383.0
351.0
570.0
578.0
570.0
581.0
571.0
576.0
551.0
312.0
308.0
288.0
596.0
597.0
603.0
598.0
597.0
592.0
578.0
308.0
308.0
310.0
599.0
596.0
576.0
577.0
577.0
566.0
575.0
307.0
315.0
293.0
627.0
619.0
624.0
625.0
628.0
603.0
587.0
353.0
342.0
313.0
570.0
570.0
583.0
581.0
571.0
570.0
562.0
316.0
307.0
280.0
592.0
600.0
597.0
596.0
597.0
588.0
581.0
308.0
308.0
281.0
673.0
672.0
673.0
648.0
644.0
636.0
630.0
380.0
378.0
352.0
571.0
584.0
571.0
575.0
571.0
569.0
564.0
313.0
307.0
287.0
599.0
596.0
601.0
596.0
599.0
592.0
581.0
309.0
315.0
283.0
596.0
597.0
597.0
571.0
569.0
559.0
551.0
307.0
308.0
280.0
598.0
598.0
601.0
598.0
597.0
587.0
580.0
339.0
331.0
304.0
573.0
571.0
571.0
573.0
570.0
562.0
553.0
309.0
309.0
280.0
571.0
571.0
596.0
598.0
597.0
588.0
581.0
308.0
308.0
280.0
49.0
42.0
42.0
68.0
69.0
62.0
53.0
46.0
20.0
2.0
57.0
51.0
50.0
51.0
50.0
43.0
35.0
29.0
19.0
1.0
57.0
51.0
51.0
51.0
50.0
43.0
35.0
29.0
20.0
1.0
58.0
51.0
50.0
50.0
51.0
43.0
35.0
29.0
19.0
2.0
57.0
51.0
51.0
51.0
50.0
43.0
35.0
28.0
19.0
1.0
637.0
634.0
640.0
635.0
637.0
633.0
385.0
383.0
376.0
352.0
566.0
572.0
561.0
565.0
559.0
551.0
313.0
312.0
299.0
286.0
603.0
587.0
586.0
585.0
588.0
580.0
339.0
336.0
325.0
307.0
566.0
560.0
559.0
559.0
559.0
552.0
314.0
315.0
300.0
280.0
592.0
587.0
585.0
586.0
584.0
579.0
341.0
336.0
326.0
307.0
567.0
561.0
560.0
559.0
561.0
555.0
316.0
309.0
299.0
282.0
594.0
585.0
588.0
588.0
600.0
580.0
340.0
333.0
322.0
280.0
671.0
639.0
637.0
638.0
638.0
632.0
314.0
308.0
376.0
352.0
637.0
632.0
560.0
559.0
559.0
554.0
313.0
307.0
300.0
280.0
565.0
561.0
560.0
558.0
584.0
579.0
314.0
307.0
299.0
280.0
594.0
588.0
588.0
588.0
590.0
579.0
345.0
335.0
310.0
282.0
565.0
573.0
560.0
560.0
590.0
579.0
314.0
310.0
299.0
280.0
593.0
586.0
589.0
586.0
586.0
581.0
342.0
336.0
298.0
281.0
567.0
560.0
560.0
560.0
562.0
553.0
314.0
309.0
303.0
279.0
595.0
593.0
591.0
597.0
586.0
591.0
341.0
335.0
326.0
309.0
50.0
50.0
49.0
42.0
42.0
42.0
34.0
19.0
20.0
1.0
59.0
60.0
58.0
51.0
52.0
51.0
42.0
29.0
29.0
2.0
59.0
59.0
58.0
51.0
51.0
51.0
43.0
29.0
29.0
1.0
60.0
60.0
58.0
51.0
51.0
51.0
43.0
29.0
29.0
1.0
135.0
133.0
135.0
126.0
127.0
126.0
117.0
103.0
103.0
1.0
650.0
575.0
573.0
569.0
567.0
561.0
552.0
310.0
312.0
287.0
569.0
568.0
569.0
588.0
587.0
586.0
580.0
308.0
307.0
281.0
596.0
596.0
594.0
589.0
588.0
587.0
553.0
310.0
308.0
281.0
568.0
592.0
594.0
587.0
586.0
586.0
578.0
307.0
307.0
280.0
602.0
602.0
609.0
606.0
580.0
577.0
571.0
319.0
313.0
282.0
606.0
595.0
595.0
595.0
594.0
604.0
595.0
325.0
326.0
293.0
600.0
674.0
673.0
663.0
664.0
664.0
657.0
336.0
307.0
280.0
652.0
651.0
641.0
651.0
560.0
560.0
552.0
315.0
314.0
281.0
568.0
575.0
567.0
572.0
593.0
587.0
579.0
308.0
308.0
281.0
595.0
596.0
594.0
587.0
587.0
587.0
578.0
307.0
306.0
282.0
569.0
569.0
567.0
561.0
584.0
583.0
576.0
308.0
309.0
280.0
595.0
596.0
595.0
590.0
591.0
589.0
579.0
310.0
310.0
282.0
568.0
567.0
566.0
560.0
562.0
560.0
578.0
307.0
308.0
281.0
596.0
597.0
595.0
588.0
588.0
587.0
658.0
334.0
335.0
279.0
641.0
639.0
635.0
627.0
629.0
629.0
623.0
375.0
376.0
281.0
48.0
41.0
41.0
41.0
39.0
32.0
25.0
19.0
7.0
2.0
56.0
50.0
50.0
50.0
49.0
41.0
35.0
29.0
7.0
2.0
56.0
50.0
50.0
50.0
48.0
41.0
35.0
29.0
8.0
2.0
56.0
50.0
50.0
50.0
48.0
41.0
35.0
29.0
7.0
2.0
56.0
50.0
51.0
50.0
49.0
42.0
35.0
29.0
8.0
2.0
591.0
586.0
585.0
587.0
583.0
578.0
313.0
308.0
285.0
280.0
592.0
585.0
586.0
586.0
557.0
551.0
314.0
307.0
286.0
280.0
566.0
558.0
583.0
584.0
583.0
575.0
315.0
307.0
285.0
280.0
592.0
589.0
599.0
587.0
584.0
587.0
315.0
310.0
288.0
289.0
565.0
560.0
560.0
559.0
557.0
551.0
314.0
314.0
287.0
285.0
593.0
593.0
586.0
586.0
585.0
579.0
341.0
335.0
314.0
308.0
638.0
642.0
633.0
639.0
635.0
626.0
390.0
378.0
359.0
352.0
565.0
558.0
559.0
560.0
559.0
549.0
313.0
308.0
286.0
279.0
593.0
586.0
587.0
587.0
584.0
580.0
341.0
335.0
313.0
308.0
565.0
562.0
559.0
560.0
558.0
549.0
313.0
307.0
285.0
279.0
593.0
587.0
586.0
589.0
586.0
578.0
340.0
334.0
312.0
307.0
566.0
561.0
560.0
560.0
557.0
551.0
314.0
307.0
286.0
282.0
592.0
593.0
587.0
587.0
584.0
578.0
315.0
308.0
313.0
308.0
593.0
586.0
634.0
633.0
629.0
623.0
315.0
312.0
286.0
281.0
634.0
631.0
631.0
630.0
630.0
620.0
313.0
307.0
286.0
280.0
48.0
42.0
42.0
42.0
42.0
41.0
32.0
20.0
20.0
1.0
58.0
52.0
52.0
51.0
51.0
51.0
41.0
29.0
29.0
1.0
58.0
51.0
51.0
51.0
50.0
50.0
41.0
29.0
29.0
1.0
58.0
51.0
51.0
51.0
51.0
51.0
42.0
29.0
29.0
2.0
58.0
52.0
53.0
52.0
51.0
51.0
42.0
29.0
30.0
1.0
594.0
586.0
588.0
588.0
590.0
588.0
576.0
333.0
334.0
280.0
594.0
560.0
563.0
563.0
560.0
561.0
549.0
308.0
308.0
280.0
594.0
587.0
588.0
587.0
587.0
588.0
579.0
335.0
336.0
307.0
566.0
560.0
560.0
560.0
561.0
558.0
550.0
307.0
307.0
282.0
605.0
590.0
593.0
592.0
591.0
620.0
598.0
333.0
332.0
291.0
692.0
675.0
670.0
639.0
684.0
635.0
634.0
382.0
394.0
367.0
585.0
562.0
560.0
561.0
576.0
567.0
560.0
338.0
314.0
283.0
640.0
597.0
617.0
591.0
589.0
595.0
581.0
335.0
335.0
312.0
572.0
562.0
562.0
561.0
560.0
561.0
550.0
307.0
308.0
280.0
594.0
594.0
589.0
589.0
589.0
585.0
580.0
335.0
338.0
307.0
569.0
563.0
562.0
561.0
561.0
560.0
550.0
308.0
308.0
280.0
593.0
587.0
587.0
587.0
586.0
588.0
578.0
334.0
332.0
318.0
649.0
639.0
641.0
647.0
642.0
638.0
626.0
388.0
381.0
355.0
568.0
571.0
560.0
562.0
574.0
568.0
560.0
316.0
308.0
280.0
601.0
604.0
592.0
595.0
589.0
592.0
579.0
312.0
341.0
286.0
53.0
53.0
28.0
20.0
20.0
19.0
19.0
7.0
7.0
1.0
35.0
36.0
34.0
28.0
28.0
28.0
29.0
7.0
7.0
1.0
35.0
37.0
35.0
28.0
29.0
28.0
29.0
7.0
7.0
1.0
38.0
35.0
34.0
29.0
28.0
28.0
30.0
6.0
7.0
2.0
35.0
35.0
35.0
29.0
29.0
29.0
29.0
8.0
8.0
1.0
558.0
550.0
548.0
310.0
307.0
308.0
306.0
285.0
290.0
280.0
572.0
572.0
575.0
308.0
308.0
308.0
309.0
316.0
313.0
307.0
576.0
572.0
576.0
335.0
308.0
307.0
308.0
294.0
287.0
281.0
546.0
547.0
548.0
317.0
309.0
309.0
309.0
287.0
287.0
284.0
579.0
575.0
576.0
308.0
311.0
309.0
309.0
287.0
316.0
310.0
573.0
573.0
574.0
348.0
342.0
309.0
308.0
287.0
287.0
281.0
627.0
623.0
618.0
382.0
389.0
388.0
387.0
365.0
362.0
361.0
547.0
545.0
549.0
311.0
313.0
312.0
312.0
288.0
287.0
281.0
578.0
573.0
577.0
314.0
311.0
307.0
335.0
314.0
318.0
307.0
573.0
572.0
579.0
309.0
307.0
308.0
311.0
285.0
286.0
280.0
547.0
546.0
547.0
308.0
308.0
308.0
308.0
287.0
288.0
283.0
573.0
573.0
572.0
332.0
336.0
335.0
339.0
314.0
314.0
309.0
546.0
545.0
545.0
311.0
309.0
308.0
308.0
286.0
286.0
280.0
550.0
577.0
572.0
310.0
310.0
308.0
308.0
288.0
286.0
283.0
556.0
555.0
555.0
335.0
337.0
336.0
334.0
316.0
274.0
271.0
