5.0
5.0
3.0
3.0
3.0
3.0
3.0
3.0
4.0
4.0
4.0
4.0
3.0
3.0
3.0
3.0
138.0
136.0
533.0
364.0
299.0
296.0
300.0
297.0
324.0
534.0
1141.0
1143.0
2086.0
1971.0
2091.0
2050.0
1947.0
2047.0
2054.0
2034.0
2009.0
1999.0
2019.0
1995.0
1994.0
1998.0
2023.0
1996.0
2014.0
2004.0
1979.0
1984.0
2011.0
2012.0
3.0
3.0
2.0
3.0
2.0
2.0
126.0
126.0
273.0
274.0
273.0
274.0
274.0
274.0
272.0
273.0
1106.0
1104.0
2010.0
2013.0
2012.0
2032.0
1994.0
1988.0
1980.0
1975.0
2010.0
1995.0
1999.0
1992.0
2006.0
2003.0
2008.0
2010.0
2004.0
1987.0
1968.0
1969.0
2025.0
2022.0
3.0
2.0
3.0
3.0
2.0
3.0
133.0
127.0
276.0
274.0
275.0
275.0
275.0
273.0
275.0
275.0
1099.0
1092.0
2038.0
2060.0
2102.0
2055.0
2042.0
2037.0
2014.0
2021.0
2024.0
2043.0
1988.0
1990.0
2009.0
1996.0
2000.0
2002.0
1998.0
1998.0
1972.0
1977.0
2037.0
2046.0
3.0
3.0
2.0
3.0
2.0
3.0
127.0
126.0
274.0
273.0
273.0
275.0
274.0
274.0
274.0
273.0
1093.0
1100.0
2009.0
2020.0
2004.0
2026.0
2002.0
1999.0
1998.0
2028.0
2026.0
2002.0
2060.0
2032.0
2010.0
2013.0
2010.0
2050.0
1977.0
1982.0
1999.0
1977.0
2062.0
2052.0
2.0
3.0
2.0
3.0
2.0
3.0
125.0
128.0
278.0
284.0
279.0
275.0
274.0
274.0
273.0
272.0
1098.0
1103.0
2024.0
2016.0
2020.0
2012.0
2015.0
2015.0
1999.0
2025.0
2026.0
2014.0
2019.0
2015.0
2026.0
2004.0
2008.0
2005.0
1929.0
1929.0
1896.0
1941.0
1791.0
1820.0
4.0
4.0
3.0
3.0
3.0
3.0
137.0
136.0
508.0
361.0
300.0
293.0
299.0
294.0
474.0
321.0
1125.0
1127.0
2116.0
2085.0
2124.0
2121.0
2053.0
2114.0
2092.0
1883.0
2036.0
2014.0
1976.0
1972.0
1974.0
1981.0
1994.0
1998.0
1998.0
2013.0
1992.0
1992.0
1992.0
1996.0
2.0
2.0
2.0
2.0
2.0
2.0
149.0
149.0
276.0
274.0
274.0
274.0
275.0
272.0
273.0
274.0
1050.0
1050.0
2004.0
2042.0
2027.0
2024.0
2013.0
2023.0
2022.0
2008.0
2007.0
2019.0
1995.0
2011.0
1984.0
2021.0
2044.0
2048.0
2032.0
2002.0
2038.0
1998.0
1994.0
2034.0
2.0
2.0
2.0
3.0
2.0
2.0
126.0
126.0
298.0
296.0
273.0
275.0
273.0
273.0
273.0
272.0
1066.0
1083.0
2088.0
2021.0
2078.0
2022.0
2044.0
2055.0
2099.0
2075.0
2080.0
2136.0
2009.0
1996.0
2018.0
2015.0
2080.0
2025.0
2008.0
1981.0
2010.0
2066.0
2021.0
2003.0
2.0
2.0
2.0
3.0
2.0
2.0
126.0
125.0
291.0
288.0
271.0
274.0
272.0
274.0
272.0
275.0
1057.0
1061.0
1999.0
2032.0
2028.0
1998.0
2035.0
1988.0
2011.0
1998.0
1990.0
1992.0
1967.0
1974.0
1970.0
1980.0
2024.0
2013.0
1986.0
2006.0
1995.0
1998.0
2017.0
2029.0
2.0
2.0
3.0
2.0
2.0
2.0
148.0
147.0
276.0
274.0
274.0
274.0
278.0
274.0
277.0
272.0
1061.0
1078.0
2007.0
2007.0
2004.0
2011.0
2023.0
2015.0
2018.0
2028.0
2005.0
2046.0
1981.0
1984.0
1977.0
2017.0
2032.0
2027.0
2020.0
2005.0
2026.0
2027.0
2013.0
1988.0
2.0
2.0
3.0
2.0
2.0
2.0
149.0
128.0
273.0
281.0
277.0
275.0
274.0
278.0
278.0
276.0
1048.0
1059.0
2019.0
2027.0
2016.0
2037.0
2009.0
2054.0
2031.0
2058.0
2032.0
2017.0
2024.0
2027.0
1984.0
2047.0
2005.0
2070.0
1993.0
2017.0
2003.0
2003.0
2015.0
2015.0
2.0
3.0
2.0
2.0
2.0
3.0
154.0
127.0
274.0
275.0
277.0
276.0
278.0
273.0
275.0
273.0
1058.0
1050.0
2017.0
2001.0
1998.0
2000.0
2021.0
1998.0
2011.0
1995.0
2011.0
2012.0
2012.0
1994.0
2014.0
2020.0
2021.0
2025.0
2010.0
1997.0
2015.0
2031.0
1988.0
1974.0
2.0
2.0
3.0
2.0
2.0
2.0
125.0
126.0
275.0
273.0
274.0
273.0
275.0
272.0
272.0
272.0
1065.0
1054.0
2002.0
2002.0
2021.0
2000.0
2025.0
2024.0
2027.0
2011.0
2037.0
1994.0
1999.0
2009.0
2029.0
2041.0
2057.0
2076.0
2032.0
2050.0
2038.0
2047.0
1984.0
1989.0
2.0
2.0
2.0
3.0
2.0
2.0
131.0
128.0
279.0
278.0
281.0
279.0
278.0
279.0
281.0
277.0
1056.0
1068.0
2038.0
2020.0
1985.0
2006.0
1996.0
2020.0
2027.0
2048.0
2031.0
2034.0
2054.0
2071.0
2026.0
2041.0
2015.0
2039.0
2000.0
2029.0
1992.0
1993.0
1998.0
1972.0
2.0
2.0
2.0
2.0
2.0
2.0
2.0
2.0
2.0
2.0
2.0
1.0
2.0
2.0
2.0
2.0
2.0
2.0
936.0
936.0
925.0
934.0
922.0
929.0
939.0
925.0
937.0
938.0
924.0
939.0
942.0
940.0
940.0
953.0
953.0
951.0
953.0
944.0
941.0
954.0
3.0
2.0
3.0
2.0
2.0
2.0
126.0
126.0
274.0
276.0
276.0
278.0
273.0
272.0
275.0
273.0
1048.0
1059.0
1996.0
2026.0
2042.0
2051.0
2029.0
1999.0
2047.0
2031.0
1998.0
2032.0
1967.0
1993.0
1991.0
1992.0
1977.0
1993.0
1997.0
1978.0
1988.0
2029.0
2045.0
2010.0
2.0
2.0
2.0
3.0
2.0
2.0
128.0
127.0
296.0
297.0
297.0
295.0
291.0
295.0
276.0
275.0
1066.0
1061.0
1972.0
2007.0
2020.0
2030.0
2000.0
2042.0
2024.0
1997.0
2001.0
2016.0
1999.0
2016.0
1997.0
2003.0
1981.0
2035.0
2023.0
2035.0
1996.0
2031.0
2012.0
2020.0
3.0
2.0
2.0
2.0
2.0
2.0
127.0
127.0
299.0
301.0
298.0
277.0
280.0
280.0
279.0
277.0
1093.0
1097.0
2005.0
2013.0
2081.0
2084.0
2008.0
2055.0
1988.0
2051.0
2018.0
2026.0
1967.0
1985.0
1996.0
2029.0
2002.0
2019.0
2009.0
2016.0
2005.0
2041.0
2003.0
1988.0
2.0
3.0
2.0
2.0
2.0
3.0
126.0
127.0
299.0
298.0
272.0
275.0
276.0
275.0
273.0
276.0
1059.0
1059.0
2015.0
2011.0
2051.0
2032.0
2052.0
2017.0
1998.0
2023.0
2016.0
2047.0
1968.0
1969.0
1970.0
1985.0
1988.0
1985.0
1988.0
2007.0
2013.0
2024.0
1985.0
1983.0
2.0
2.0
3.0
2.0
2.0
2.0
126.0
128.0
299.0
297.0
296.0
300.0
278.0
275.0
273.0
279.0
1057.0
1058.0
1996.0
2015.0
2021.0
2007.0
2026.0
2016.0
2026.0
2025.0
1998.0
1993.0
1972.0
1993.0
1967.0
1983.0
2004.0
1993.0
2011.0
2011.0
1987.0
1987.0
2006.0
2022.0
3.0
2.0
2.0
2.0
2.0
2.0
126.0
149.0
297.0
299.0
298.0
275.0
273.0
276.0
275.0
273.0
1062.0
1064.0
2024.0
2065.0
2068.0
2029.0
2061.0
2058.0
2045.0
2018.0
2040.0
2014.0
1988.0
1969.0
1985.0
1981.0
1998.0
1995.0
2000.0
2008.0
2022.0
2037.0
2005.0
2005.0
2.0
3.0
2.0
2.0
2.0
2.0
149.0
149.0
274.0
276.0
276.0
277.0
277.0
276.0
275.0
273.0
1054.0
1065.0
2036.0
1996.0
2045.0
2030.0
2028.0
2055.0
2024.0
2024.0
2033.0
2002.0
2000.0
1978.0
1983.0
1995.0
2001.0
2026.0
1990.0
2016.0
2006.0
1989.0
1989.0
2009.0
2.0
2.0
2.0
2.0
2.0
2.0
151.0
152.0
273.0
272.0
275.0
275.0
272.0
273.0
274.0
275.0
1051.0
1055.0
2039.0
2057.0
2014.0
2050.0
2033.0
2023.0
2031.0
2029.0
1994.0
2028.0
1972.0
1978.0
1975.0
2007.0
2002.0
2023.0
1994.0
1995.0
2009.0
2000.0
2004.0
2015.0
3.0
2.0
2.0
2.0
3.0
2.0
156.0
126.0
273.0
277.0
275.0
273.0
273.0
274.0
275.0
273.0
1065.0
1061.0
2094.0
2049.0
2032.0
2040.0
2040.0
2056.0
2029.0
2058.0
2177.0
2055.0
1977.0
1990.0
1969.0
1992.0
2013.0
2030.0
1998.0
1994.0
2002.0
2009.0
1990.0
1992.0
2.0
2.0
2.0
1.0
2.0
2.0
2.0
2.0
2.0
2.0
2.0
2.0
2.0
2.0
2.0
2.0
2.0
2.0
952.0
922.0
920.0
927.0
922.0
924.0
925.0
922.0
927.0
919.0
929.0
927.0
959.0
962.0
958.0
958.0
958.0
959.0
958.0
964.0
950.0
954.0
2.0
2.0
2.0
2.0
2.0
2.0
126.0
126.0
272.0
273.0
273.0
273.0
273.0
273.0
273.0
273.0
1052.0
1051.0
2011.0
2013.0
2016.0
1998.0
1998.0
1996.0
2023.0
2001.0
2012.0
2023.0
1988.0
1979.0
1985.0
1974.0
1979.0
1982.0
1986.0
1982.0
1989.0
1991.0
1984.0
1983.0
2.0
2.0
2.0
2.0
2.0
2.0
128.0
126.0
273.0
273.0
294.0
293.0
293.0
296.0
293.0
294.0
1054.0
1050.0
1981.0
2000.0
1985.0
1973.0
2020.0
1996.0
1994.0
2002.0
2009.0
1993.0
2008.0
2000.0
1997.0
1990.0
1994.0
1991.0
2021.0
2025.0
2023.0
2019.0
2017.0
2025.0
2.0
3.0
3.0
2.0
2.0
2.0
125.0
125.0
289.0
293.0
304.0
304.0
313.0
313.0
278.0
276.0
1061.0
1053.0
1982.0
1969.0
1988.0
1992.0
1994.0
1991.0
1996.0
1986.0
2007.0
2027.0
2005.0
1989.0
1995.0
2004.0
1972.0
1974.0
2027.0
2029.0
2050.0
2042.0
2004.0
2007.0
2.0
2.0
2.0
2.0
3.0
2.0
132.0
134.0
275.0
274.0
297.0
297.0
294.0
298.0
275.0
274.0
1047.0
1056.0
1978.0
1972.0
2016.0
2012.0
2001.0
2018.0
1992.0
2006.0
2013.0
1994.0
1992.0
2031.0
1993.0
1971.0
1992.0
1991.0
2019.0
2069.0
2009.0
2020.0
2013.0
2012.0
3.0
2.0
2.0
2.0
3.0
2.0
127.0
125.0
275.0
275.0
297.0
298.0
302.0
301.0
276.0
277.0
1062.0
1059.0
1973.0
1988.0
1992.0
2029.0
2017.0
2029.0
2009.0
2011.0
1996.0
2003.0
1996.0
2021.0
1968.0
2008.0
1992.0
1974.0
2063.0
2039.0
2008.0
2008.0
2026.0
2086.0
3.0
2.0
2.0
2.0
6.0
2.0
127.0
125.0
298.0
298.0
294.0
295.0
285.0
287.0
287.0
284.0
1101.0
1090.0
1987.0
2023.0
2035.0
2036.0
2066.0
2009.0
2026.0
2011.0
2044.0
2035.0
2015.0
1980.0
1988.0
1984.0
1982.0
1985.0
2035.0
2000.0
1992.0
1995.0
2017.0
1997.0
3.0
2.0
2.0
2.0
2.0
2.0
126.0
126.0
296.0
297.0
294.0
295.0
274.0
276.0
277.0
276.0
1056.0
1055.0
2008.0
2009.0
2000.0
2024.0
2030.0
2036.0
2014.0
2012.0
2019.0
2014.0
1986.0
1979.0
1984.0
1990.0
1983.0
1987.0
2002.0
1996.0
2002.0
2004.0
1989.0
1993.0
2.0
2.0
2.0
2.0
2.0
2.0
126.0
126.0
295.0
295.0
297.0
295.0
277.0
272.0
274.0
275.0
1048.0
1049.0
2006.0
2005.0
2001.0
2001.0
1993.0
2002.0
1991.0
1998.0
2004.0
2002.0
1977.0
1983.0
1982.0
1984.0
1976.0
1974.0
2021.0
1989.0
1996.0
2025.0
2017.0
2025.0
2.0
1.0
1.0
2.0
2.0
2.0
126.0
126.0
294.0
298.0
297.0
295.0
272.0
274.0
274.0
274.0
1087.0
1090.0
2038.0
2036.0
2028.0
2025.0
2050.0
2020.0
1995.0
1999.0
2022.0
2005.0
1981.0
1995.0
1996.0
1978.0
1989.0
1980.0
2001.0
2008.0
2005.0
2005.0
1995.0
1998.0
2.0
2.0
2.0
2.0
1.0
2.0
2.0
2.0
2.0
2.0
2.0
2.0
2.0
2.0
2.0
2.0
2.0
1.0
942.0
943.0
942.0
944.0
923.0
926.0
923.0
925.0
931.0
928.0
941.0
929.0
922.0
922.0
928.0
927.0
921.0
927.0
960.0
955.0
949.0
939.0
2.0
2.0
3.0
2.0
2.0
2.0
126.0
125.0
301.0
301.0
299.0
303.0
298.0
299.0
275.0
273.0
1057.0
1060.0
1990.0
1987.0
1978.0
1974.0
1988.0
1972.0
1988.0
1969.0
2024.0
2020.0
2003.0
2003.0
1983.0
1987.0
2004.0
1990.0
2001.0
1984.0
2015.0
2008.0
2024.0
2003.0
2.0
3.0
2.0
2.0
2.0
3.0
125.0
125.0
281.0
279.0
279.0
281.0
279.0
278.0
295.0
293.0
1058.0
1072.0
1979.0
1996.0
1995.0
1983.0
1988.0
1976.0
2034.0
2014.0
2037.0
2029.0
2052.0
2053.0
2047.0
2053.0
2033.0
2033.0
2028.0
2099.0
2028.0
2030.0
2004.0
2010.0
3.0
2.0
2.0
2.0
2.0
2.0
127.0
127.0
281.0
278.0
278.0
281.0
273.0
276.0
299.0
302.0
1074.0
1078.0
1967.0
1976.0
1996.0
2005.0
2041.0
2043.0
2006.0
2024.0
2008.0
2007.0
2008.0
1987.0
2009.0
2006.0
1989.0
1988.0
1989.0
1988.0
2008.0
1990.0
1988.0
1989.0
2.0
2.0
2.0
2.0
2.0
2.0
127.0
127.0
281.0
281.0
276.0
275.0
299.0
298.0
300.0
299.0
1059.0
1059.0
1970.0
1969.0
1985.0
1970.0
1988.0
1989.0
2002.0
2013.0
1989.0
1983.0
1988.0
1985.0
1982.0
2028.0
2002.0
2005.0
2020.0
2013.0
2034.0
2030.0
1998.0
1994.0
2.0
2.0
2.0
2.0
3.0
2.0
126.0
127.0
281.0
281.0
280.0
281.0
298.0
299.0
296.0
298.0
1058.0
1056.0
1992.0
1990.0
1992.0
1978.0
1990.0
1980.0
2016.0
2006.0
1989.0
1991.0
2023.0
2030.0
2006.0
2047.0
2043.0
2009.0
2063.0
2017.0
2016.0
2021.0
2035.0
2038.0
2.0
2.0
2.0
2.0
3.0
2.0
134.0
134.0
286.0
284.0
273.0
272.0
297.0
296.0
294.0
294.0
1058.0
1064.0
1966.0
1972.0
1971.0
1988.0
1978.0
1975.0
2005.0
2004.0
2013.0
2002.0
1983.0
1982.0
1985.0
2011.0
1983.0
1986.0
2032.0
2042.0
2046.0
2042.0
2044.0
2020.0
2.0
2.0
3.0
2.0
2.0
2.0
126.0
128.0
278.0
278.0
279.0
282.0
300.0
298.0
299.0
302.0
1062.0
1047.0
1968.0
1984.0
1987.0
1988.0
1989.0
2013.0
1990.0
1985.0
2028.0
2022.0
1981.0
2000.0
2004.0
2009.0
2013.0
1978.0
1992.0
2021.0
2028.0
2027.0
1993.0
2012.0
2.0
2.0
2.0
1.0
1.0
2.0
132.0
133.0
282.0
281.0
277.0
275.0
299.0
299.0
299.0
300.0
1061.0
1062.0
1993.0
1995.0
1969.0
1968.0
2035.0
2001.0
1999.0
2027.0
2017.0
2016.0
2009.0
1994.0
2014.0
1995.0
1983.0
2011.0
2025.0
2056.0
2062.0
2049.0
2045.0
2018.0
1.0
1.0
2.0
2.0
2.0
3.0
138.0
3.0
294.0
2.0
294.0
2.0
280.0
2.0
280.0
2.0
1078.0
2.0
2016.0
950.0
1997.0
922.0
1991.0
929.0
1998.0
950.0
1996.0
924.0
1990.0
932.0
2007.0
949.0
2035.0
947.0
1991.0
948.0
2019.0
948.0
1985.0
922.0
2.0
2.0
2.0
2.0
2.0
2.0
2.0
2.0
2.0
2.0
2.0
2.0
2.0
2.0
2.0
2.0
1.0
1.0
927.0
951.0
925.0
932.0
937.0
923.0
924.0
929.0
920.0
957.0
965.0
981.0
961.0
984.0
980.0
980.0
981.0
983.0
948.0
931.0
921.0
938.0
2.0
2.0
2.0
2.0
2.0
2.0
127.0
127.0
276.0
275.0
272.0
272.0
275.0
272.0
276.0
275.0
1053.0
1051.0
2027.0
2003.0
2002.0
2023.0
2025.0
2020.0
1986.0
2007.0
1993.0
1991.0
1986.0
1966.0
1966.0
2016.0
2017.0
2016.0
1998.0
2017.0
2032.0
1979.0
1995.0
1989.0
3.0
1.0
3.0
1.0
2.0
2.0
156.0
126.0
277.0
280.0
272.0
275.0
276.0
275.0
274.0
279.0
1054.0
1068.0
2032.0
2021.0
2017.0
2052.0
2002.0
2004.0
2019.0
2019.0
1993.0
2014.0
1989.0
1997.0
2016.0
1991.0
2049.0
2049.0
2020.0
2006.0
2031.0
2032.0
1999.0
2005.0
2.0
2.0
3.0
1.0
3.0
2.0
147.0
148.0
274.0
273.0
277.0
276.0
274.0
275.0
278.0
276.0
1053.0
1049.0
1997.0
2003.0
2000.0
2006.0
1991.0
1987.0
2008.0
2003.0
1999.0
2002.0
1969.0
1976.0
1973.0
1973.0
1998.0
1994.0
1997.0
1994.0
1992.0
1990.0
1982.0
1995.0
2.0
2.0
2.0
2.0
2.0
2.0
148.0
149.0
274.0
273.0
273.0
273.0
273.0
273.0
273.0
273.0
1048.0
1047.0
2011.0
2013.0
2046.0
1992.0
2027.0
2010.0
1992.0
2010.0
1990.0
2007.0
1984.0
1983.0
2004.0
2011.0
2012.0
1997.0
2026.0
1995.0
2031.0
2018.0
2009.0
2009.0
2.0
2.0
2.0
2.0
2.0
2.0
126.0
128.0
274.0
279.0
273.0
278.0
276.0
277.0
272.0
275.0
1054.0
1061.0
2019.0
2019.0
2037.0
2029.0
2029.0
2041.0
2015.0
2032.0
2011.0
2030.0
1974.0
1985.0
2005.0
1998.0
2023.0
2042.0
2036.0
2053.0
2058.0
2067.0
2049.0
2056.0
2.0
2.0
2.0
2.0
3.0
3.0
137.0
134.0
288.0
288.0
288.0
296.0
284.0
285.0
285.0
288.0
1050.0
1049.0
2005.0
2065.0
2007.0
2029.0
2019.0
2027.0
2001.0
1996.0
1994.0
2017.0
1966.0
2000.0
2027.0
2024.0
2027.0
2035.0
2019.0
2007.0
2035.0
2028.0
2017.0
1973.0
2.0
2.0
2.0
2.0
2.0
2.0
127.0
2.0
277.0
2.0
279.0
2.0
275.0
1.0
275.0
2.0
1056.0
785.0
2037.0
1711.0
2016.0
1742.0
2009.0
1727.0
2011.0
1733.0
2012.0
1739.0
2003.0
1708.0
1976.0
1712.0
1995.0
1702.0
2008.0
1755.0
2025.0
1750.0
2017.0
1751.0
2.0
2.0
2.0
2.0
2.0
2.0
126.0
2.0
297.0
2.0
301.0
1.0
298.0
2.0
276.0
2.0
1064.0
2.0
1997.0
932.0
1980.0
933.0
1982.0
924.0
2023.0
929.0
2001.0
936.0
2009.0
935.0
2016.0
974.0
2002.0
951.0
2007.0
947.0
2000.0
922.0
2024.0
925.0
2.0
1.0
2.0
2.0
2.0
2.0
126.0
2.0
282.0
1.0
281.0
2.0
281.0
1.0
273.0
2.0
1064.0
2.0
2016.0
921.0
2023.0
929.0
2035.0
964.0
2068.0
985.0
2030.0
983.0
2021.0
966.0
2028.0
959.0
2004.0
951.0
2021.0
920.0
2014.0
928.0
2009.0
928.0
2.0
2.0
2.0
1.0
2.0
2.0
2.0
2.0
2.0
2.0
2.0
2.0
2.0
2.0
1.0
2.0
2.0
2.0
955.0
978.0
960.0
954.0
955.0
955.0
940.0
949.0
948.0
943.0
935.0
938.0
932.0
938.0
930.0
928.0
916.0
899.0
888.0
883.0
879.0
853.0
