10.0
12.0
7.0
11.0
8.0
8.0
8.0
7.0
11.0
10.0
8.0
8.0
11.0
12.0
7.0
8.0
8.0
7.0
12.0
10.0
9.0
8.0
8.0
8.0
7.0
8.0
13.0
11.0
12.0
10.0
287.0
288.0
288.0
285.0
286.0
288.0
328.0
363.0
468.0
466.0
554.0
657.0
658.0
663.0
663.0
664.0
600.0
656.0
715.0
668.0
620.0
686.0
689.0
651.0
655.0
656.0
652.0
645.0
591.0
588.0
602.0
615.0
614.0
616.0
616.0
619.0
618.0
614.0
618.0
627.0
618.0
602.0
601.0
602.0
602.0
602.0
600.0
601.0
600.0
599.0
2543.0
2507.0
2506.0
2517.0
2516.0
2563.0
2562.0
2507.0
2542.0
2552.0
2503.0
2487.0
2488.0
2484.0
2484.0
2491.0
2501.0
2537.0
2529.0
2509.0
2519.0
2489.0
2496.0
2499.0
2498.0
2480.0
2535.0
2510.0
2511.0
2506.0
2511.0
2486.0
2499.0
2507.0
2501.0
2486.0
2509.0
2519.0
2508.0
2506.0
2514.0
2487.0
2497.0
2496.0
2499.0
2480.0
2503.0
2520.0
2505.0
2499.0
2485.0
2507.0
2489.0
2490.0
2489.0
2485.0
2514.0
2509.0
2508.0
2496.0
2518.0
2552.0
2512.0
2513.0
2516.0
2521.0
2557.0
2567.0
2556.0
2555.0
2482.0
2480.0
2496.0
2498.0
2481.0
2478.0
2499.0
2515.0
2510.0
2508.0
2486.0
2492.0
2480.0
2494.0
2483.0
2513.0
2487.0
2507.0
2512.0
2518.0
9564.0
9540.0
9630.0
9629.0
9646.0
9659.0
9641.0
9559.0
9548.0
9589.0
9521.0
9568.0
9562.0
9564.0
9208.0
9189.0
9195.0
9262.0
9240.0
9284.0
8.0
10.0
8.0
7.0
12.0
6.0
8.0
7.0
13.0
11.0
8.0
7.0
8.0
7.0
8.0
7.0
13.0
11.0
13.0
11.0
7.0
6.0
7.0
6.0
7.0
7.0
7.0
7.0
7.0
6.0
6.0
7.0
11.0
11.0
11.0
11.0
7.0
7.0
6.0
7.0
7.0
6.0
11.0
10.0
7.0
6.0
7.0
7.0
11.0
7.0
6.0
10.0
6.0
6.0
7.0
6.0
7.0
7.0
11.0
10.0
11.0
9.0
7.0
6.0
7.0
6.0
6.0
6.0
7.0
6.0
7.0
5.0
7.0
10.0
10.0
6.0
11.0
10.0
6.0
6.0
6.0
4.0
6.0
5.0
11.0
5.0
7.0
5.0
10.0
5.0
10.0
8.0
7.0
4.0
7.0
5.0
7.0
4.0
6.0
5.0
12.0
11.0
8.0
7.0
13.0
11.0
7.0
6.0
8.0
7.0
8.0
7.0
8.0
7.0
12.0
7.0
8.0
10.0
13.0
11.0
6.0
6.0
7.0
7.0
7.0
7.0
7.0
7.0
11.0
6.0
12.0
7.0
6.0
11.0
11.0
7.0
7.0
7.0
6.0
6.0
7.0
6.0
12.0
10.0
6.0
6.0
11.0
11.0
7.0
7.0
7.0
6.0
7.0
7.0
7.0
7.0
11.0
7.0
10.0
7.0
11.0
9.0
7.0
6.0
7.0
5.0
7.0
6.0
6.0
6.0
11.0
10.0
7.0
10.0
6.0
9.0
7.0
6.0
6.0
6.0
7.0
5.0
7.0
5.0
11.0
8.0
11.0
5.0
6.0
8.0
7.0
4.0
6.0
5.0
7.0
8.0
7.0
4.0
7.0
8.0
253.0
295.0
295.0
526.0
296.0
295.0
297.0
295.0
528.0
310.0
248.0
284.0
285.0
283.0
284.0
270.0
286.0
284.0
6.0
5.0
233.0
337.0
337.0
239.0
284.0
284.0
284.0
283.0
285.0
263.0
291.0
297.0
318.0
318.0
317.0
297.0
315.0
317.0
6.0
6.0
300.0
316.0
261.0
261.0
264.0
264.0
265.0
265.0
265.0
265.0
265.0
265.0
264.0
263.0
264.0
264.0
263.0
264.0
6.0
6.0
264.0
264.0
264.0
264.0
264.0
264.0
264.0
264.0
265.0
264.0
265.0
188.0
266.0
189.0
279.0
203.0
278.0
6.0
6.0
5.0
279.0
276.0
278.0
276.0
278.0
277.0
279.0
187.0
264.0
188.0
265.0
187.0
264.0
188.0
264.0
4.0
264.0
4.0
6.0
5.0
600.0
599.0
601.0
601.0
602.0
612.0
619.0
612.0
615.0
615.0
658.0
654.0
658.0
656.0
659.0
643.0
642.0
645.0
7.0
6.0
641.0
638.0
603.0
605.0
600.0
601.0
609.0
609.0
603.0
607.0
600.0
601.0
617.0
616.0
617.0
613.0
614.0
620.0
6.0
6.0
618.0
613.0
616.0
617.0
600.0
601.0
616.0
614.0
615.0
622.0
616.0
615.0
614.0
615.0
655.0
652.0
642.0
649.0
6.0
6.0
640.0
640.0
642.0
638.0
641.0
640.0
601.0
599.0
599.0
599.0
613.0
437.0
617.0
436.0
615.0
437.0
614.0
5.0
6.0
5.0
614.0
613.0
614.0
613.0
616.0
613.0
605.0
438.0
621.0
468.0
622.0
470.0
666.0
193.0
658.0
5.0
623.0
4.0
6.0
4.0
650.0
619.0
662.0
688.0
671.0
671.0
651.0
644.0
645.0
644.0
647.0
650.0
610.0
603.0
603.0
605.0
607.0
614.0
7.0
6.0
617.0
617.0
621.0
621.0
620.0
614.0
615.0
615.0
615.0
600.0
602.0
600.0
599.0
598.0
600.0
600.0
615.0
615.0
6.0
6.0
613.0
614.0
617.0
616.0
658.0
658.0
659.0
658.0
644.0
646.0
648.0
648.0
646.0
645.0
608.0
599.0
605.0
600.0
6.0
6.0
601.0
602.0
619.0
616.0
618.0
616.0
616.0
616.0
617.0
615.0
615.0
453.0
599.0
436.0
601.0
439.0
599.0
5.0
6.0
5.0
599.0
599.0
601.0
615.0
618.0
616.0
619.0
453.0
663.0
453.0
661.0
499.0
662.0
188.0
650.0
5.0
650.0
5.0
6.0
4.0
651.0
651.0
648.0
649.0
604.0
603.0
601.0
600.0
616.0
614.0
613.0
612.0
617.0
613.0
613.0
614.0
614.0
614.0
7.0
6.0
600.0
599.0
599.0
599.0
602.0
599.0
599.0
599.0
600.0
615.0
657.0
656.0
658.0
656.0
658.0
658.0
659.0
659.0
7.0
6.0
660.0
643.0
602.0
600.0
604.0
603.0
602.0
603.0
604.0
600.0
603.0
612.0
614.0
614.0
618.0
618.0
615.0
618.0
6.0
6.0
618.0
615.0
618.0
602.0
601.0
601.0
601.0
601.0
601.0
601.0
614.0
438.0
614.0
451.0
665.0
452.0
665.0
6.0
6.0
5.0
665.0
663.0
669.0
664.0
652.0
658.0
649.0
489.0
601.0
445.0
610.0
442.0
599.0
191.0
601.0
5.0
600.0
5.0
6.0
5.0
626.0
614.0
620.0
623.0
623.0
615.0
620.0
617.0
617.0
616.0
603.0
605.0
605.0
604.0
605.0
602.0
617.0
618.0
7.0
7.0
617.0
616.0
616.0
618.0
619.0
668.0
666.0
664.0
652.0
655.0
654.0
652.0
654.0
652.0
658.0
611.0
612.0
601.0
7.0
6.0
606.0
610.0
614.0
614.0
618.0
618.0
623.0
620.0
620.0
615.0
616.0
619.0
601.0
601.0
600.0
604.0
603.0
603.0
6.0
6.0
617.0
615.0
615.0
618.0
661.0
662.0
667.0
669.0
673.0
681.0
673.0
498.0
672.0
506.0
631.0
465.0
633.0
6.0
6.0
6.0
621.0
621.0
621.0
610.0
612.0
610.0
619.0
443.0
615.0
451.0
619.0
455.0
615.0
203.0
614.0
4.0
618.0
4.0
6.0
4.0
2531.0
2505.0
2516.0
2504.0
2518.0
2501.0
2517.0
2515.0
2520.0
2528.0
2499.0
2512.0
2513.0
2505.0
2514.0
2514.0
2509.0
2513.0
7.0
6.0
2513.0
2507.0
2526.0
2491.0
2513.0
2510.0
2500.0
2504.0
2531.0
2530.0
2512.0
2526.0
2523.0
2507.0
2527.0
2524.0
2482.0
2485.0
6.0
6.0
2528.0
2524.0
2503.0
2521.0
2509.0
2514.0
2504.0
2500.0
2498.0
2502.0
2501.0
2506.0
2505.0
2508.0
2544.0
2524.0
2549.0
2541.0
7.0
6.0
2527.0
2525.0
2538.0
2525.0
2522.0
2554.0
2510.0
2512.0
2492.0
2514.0
2518.0
2327.0
2477.0
2340.0
2501.0
2364.0
2517.0
5.0
7.0
5.0
2510.0
2513.0
2508.0
2508.0
2511.0
2496.0
2504.0
2320.0
2498.0
2358.0
2501.0
2348.0
2503.0
189.0
2506.0
4.0
2509.0
4.0
6.0
5.0
2503.0
2508.0
2512.0
2478.0
2509.0
2494.0
2493.0
2490.0
2532.0
2527.0
2509.0
2531.0
2527.0
2516.0
2515.0
2496.0
2488.0
2492.0
7.0
6.0
2528.0
2497.0
2533.0
2502.0
2502.0
2507.0
2510.0
2563.0
2546.0
2533.0
2504.0
2557.0
2522.0
2505.0
2501.0
2546.0
2489.0
2530.0
7.0
6.0
2498.0
2502.0
2490.0
2517.0
2511.0
2508.0
2508.0
2503.0
2461.0
2490.0
2483.0
2490.0
2491.0
2502.0
2508.0
2510.0
2496.0
2497.0
6.0
6.0
2517.0
2452.0
2495.0
2494.0
2513.0
2494.0
2511.0
2506.0
2512.0
2514.0
2517.0
2349.0
2451.0
2291.0
2503.0
2329.0
2503.0
5.0
6.0
6.0
2498.0
2498.0
2499.0
2493.0
2498.0
2491.0
2488.0
2298.0
2507.0
2340.0
2509.0
2343.0
2491.0
189.0
2544.0
4.0
2528.0
4.0
6.0
4.0
2548.0
2530.0
2529.0
2509.0
2501.0
2504.0
2525.0
2527.0
2497.0
2483.0
2487.0
2497.0
2499.0
2491.0
2494.0
2493.0
2492.0
2490.0
7.0
6.0
2541.0
2486.0
2493.0
2498.0
2502.0
2510.0
2509.0
2510.0
2466.0
2493.0
2472.0
2528.0
2485.0
2499.0
2522.0
2501.0
2525.0
2524.0
7.0
6.0
2505.0
2456.0
2485.0
2485.0
2517.0
2488.0
2504.0
2506.0
2524.0
2516.0
2518.0
2512.0
2480.0
2483.0
2483.0
2505.0
2481.0
2508.0
6.0
6.0
2511.0
2509.0
2507.0
2494.0
2518.0
2520.0
2519.0
2547.0
2521.0
2537.0
2534.0
2360.0
2536.0
2353.0
2492.0
2331.0
2503.0
6.0
6.0
5.0
2516.0
2514.0
2506.0
2495.0
2518.0
2491.0
2492.0
2331.0
2503.0
2336.0
2498.0
2335.0
2501.0
202.0
2487.0
4.0
2487.0
4.0
6.0
4.0
2506.0
2502.0
2503.0
2496.0
2488.0
2523.0
2509.0
2528.0
2522.0
2505.0
2509.0
2523.0
2494.0
2496.0
2493.0
2505.0
2512.0
2513.0
8.0
7.0
2496.0
2505.0
2503.0
2508.0
2496.0
2504.0
2503.0
2524.0
2513.0
2520.0
2494.0
2518.0
2496.0
2493.0
2519.0
2529.0
2544.0
2540.0
6.0
6.0
2525.0
2532.0
2526.0
2534.0
2533.0
2532.0
2480.0
2506.0
2502.0
2507.0
2497.0
2510.0
2503.0
2513.0
2511.0
2513.0
2490.0
2517.0
6.0
6.0
2501.0
2532.0
2509.0
2514.0
2508.0
2526.0
2508.0
2523.0
2487.0
2508.0
2495.0
2337.0
2487.0
2343.0
2492.0
2347.0
2506.0
6.0
6.0
5.0
2529.0
2490.0
2505.0
2499.0
2490.0
2516.0
2523.0
2346.0
2492.0
2340.0
2504.0
2333.0
2495.0
188.0
2515.0
5.0
2511.0
4.0
6.0
5.0
2512.0
2504.0
2506.0
2498.0
2504.0
2508.0
2531.0
2575.0
2545.0
2556.0
2549.0
2547.0
2536.0
2549.0
2542.0
2540.0
2517.0
2487.0
8.0
6.0
2519.0
2499.0
2484.0
2499.0
2485.0
2501.0
2486.0
2487.0
2506.0
2498.0
2489.0
2513.0
2484.0
2483.0
2508.0
2483.0
2492.0
2481.0
6.0
6.0
2502.0
2486.0
2501.0
2486.0
2495.0
2485.0
2514.0
2484.0
2499.0
2489.0
2489.0
2509.0
2490.0
2502.0
2507.0
2504.0
2508.0
2487.0
6.0
7.0
2496.0
2506.0
2892.0
2520.0
2435.0
2471.0
2516.0
2530.0
2453.0
2513.0
3180.0
2360.0
2833.0
2365.0
2488.0
2363.0
2533.0
5.0
6.0
5.0
2524.0
2510.0
2519.0
2501.0
2547.0
2486.0
2502.0
2327.0
2491.0
2312.0
2491.0
2307.0
2491.0
187.0
2490.0
4.0
2484.0
4.0
7.0
4.0
2504.0
2483.0
2482.0
2479.0
2483.0
2488.0
2501.0
2506.0
2505.0
2476.0
2499.0
2486.0
2487.0
2482.0
2489.0
2494.0
2486.0
2483.0
8.0
6.0
2482.0
2489.0
2512.0
2489.0
2510.0
2490.0
2520.0
2483.0
2501.0
2506.0
2509.0
2495.0
2505.0
2511.0
2494.0
2495.0
2497.0
2501.0
6.0
6.0
2493.0
2514.0
2495.0
2496.0
2532.0
2516.0
2517.0
2537.0
2523.0
2505.0
2519.0
2527.0
2528.0
2498.0
2509.0
2502.0
2511.0
2510.0
6.0
6.0
2497.0
2494.0
2508.0
2495.0
2504.0
2497.0
2491.0
2506.0
2519.0
2518.0
2511.0
2350.0
2513.0
2358.0
2509.0
2326.0
2488.0
6.0
6.0
6.0
2510.0
2506.0
2496.0
2504.0
2490.0
2490.0
2501.0
2344.0
2489.0
2343.0
2506.0
2356.0
2510.0
189.0
2509.0
4.0
2524.0
5.0
6.0
5.0
2526.0
2528.0
2539.0
2492.0
2500.0
2525.0
2512.0
2511.0
2494.0
2528.0
2528.0
2487.0
2518.0
2489.0
2540.0
2540.0
2534.0
2549.0
8.0
6.0
2519.0
2526.0
2547.0
2556.0
2527.0
2529.0
2493.0
2511.0
2503.0
2496.0
2488.0
2501.0
2490.0
2492.0
2502.0
2490.0
2494.0
2499.0
6.0
6.0
2513.0
2497.0
2492.0
2487.0
2493.0
2489.0
2500.0
2491.0
2492.0
2490.0
2506.0
2494.0
2510.0
2494.0
2486.0
2490.0
2500.0
2495.0
7.0
6.0
2492.0
2500.0
2506.0
2512.0
2510.0
2519.0
2526.0
2502.0
2517.0
2506.0
2501.0
2347.0
2502.0
2350.0
2495.0
2353.0
2515.0
5.0
6.0
5.0
2518.0
2514.0
2500.0
2507.0
2524.0
2509.0
2530.0
2365.0
2527.0
2381.0
2516.0
2363.0
2509.0
188.0
2507.0
4.0
2493.0
5.0
6.0
5.0
2498.0
2503.0
2516.0
2511.0
2515.0
2511.0
2519.0
2519.0
2506.0
2494.0
2514.0
2481.0
2490.0
2492.0
2513.0
2501.0
2515.0
2496.0
8.0
6.0
2497.0
2486.0
2485.0
2482.0
2484.0
2497.0
2494.0
2494.0
2493.0
2492.0
2507.0
2492.0
2487.0
2493.0
2504.0
2507.0
2530.0
2516.0
6.0
6.0
2535.0
2494.0
2483.0
2452.0
2489.0
2492.0
2491.0
2500.0
2513.0
2521.0
2522.0
2488.0
2546.0
2531.0
2486.0
2534.0
2527.0
2536.0
6.0
7.0
2542.0
2534.0
2546.0
2508.0
2489.0
2485.0
2487.0
2455.0
2458.0
2490.0
2487.0
2340.0
2490.0
2331.0
2490.0
2339.0
2486.0
5.0
7.0
5.0
2512.0
2493.0
2509.0
2503.0
2514.0
2528.0
2511.0
2347.0
2489.0
2322.0
2498.0
2324.0
2527.0
190.0
2511.0
5.0
2515.0
5.0
6.0
5.0
2526.0
2506.0
2522.0
2495.0
2496.0
2503.0
2488.0
2507.0
2507.0
2503.0
2517.0
2502.0
2511.0
2476.0
2488.0
2487.0
2492.0
2500.0
7.0
6.0
2499.0
2501.0
2500.0
2528.0
2517.0
2515.0
2511.0
2555.0
2527.0
2500.0
2534.0
2519.0
2538.0
2538.0
2529.0
2501.0
2508.0
2475.0
6.0
6.0
2483.0
2517.0
2518.0
2499.0
2498.0
2516.0
2495.0
2493.0
2496.0
2492.0
2497.0
2487.0
2454.0
2482.0
2486.0
2487.0
2484.0
2487.0
6.0
6.0
2488.0
2484.0
2480.0
2483.0
2479.0
2477.0
2480.0
2475.0
2496.0
2477.0
2482.0
2317.0
2490.0
2335.0
2476.0
2289.0
2488.0
6.0
6.0
5.0
2488.0
2503.0
2508.0
2501.0
2517.0
2494.0
2488.0
2330.0
2505.0
2335.0
2506.0
2377.0
2498.0
188.0
2495.0
5.0
2490.0
5.0
6.0
4.0
9696.0
9668.0
9598.0
9672.0
9573.0
9565.0
9570.0
9525.0
9495.0
9599.0
9544.0
9636.0
9666.0
9702.0
3862.0
3838.0
9589.0
9624.0
9584.0
9594.0
9587.0
9590.0
9540.0
9491.0
9587.0
9567.0
9593.0
9550.0
10764.0
9639.0
3991.0
3859.0
9422.0
9446.0
9472.0
9556.0
9610.0
9617.0
9538.0
9512.0
9595.0
9601.0
9625.0
9516.0
9499.0
9544.0
3820.0
3827.0
9657.0
9609.0
9611.0
9629.0
9522.0
9601.0
9544.0
9491.0
9488.0
9629.0
9505.0
9505.0
9541.0
3775.0
3790.0
3801.0
9635.0
9730.0
9636.0
9632.0
9573.0
9540.0
9352.0
9727.0
9352.0
9774.0
4129.0
9679.0
3884.0
9697.0
3867.0
3814.0
3822.0
9727.0
9733.0
9752.0
9732.0
9685.0
9683.0
9834.0
9835.0
9784.0
9714.0
9662.0
9507.0
3788.0
3752.0
9546.0
9551.0
9488.0
9610.0
9714.0
9577.0
9600.0
9651.0
9697.0
9524.0
9627.0
9572.0
3817.0
3790.0
9542.0
9527.0
9594.0
9599.0
9632.0
9676.0
9551.0
9524.0
9541.0
9585.0
9653.0
9654.0
3825.0
3869.0
9667.0
9679.0
9721.0
9681.0
9525.0
9482.0
9502.0
9557.0
9610.0
9370.0
3854.0
3786.0
3838.0
9723.0
9689.0
9753.0
9631.0
9631.0
9424.0
9438.0
9594.0
3953.0
3773.0
9541.0
3798.0
3810.0
3762.0
9674.0
9748.0
9736.0
9648.0
9616.0
9724.0
9533.0
9646.0
9456.0
3760.0
3759.0
9553.0
9553.0
9558.0
9648.0
9525.0
9513.0
9627.0
9595.0
9666.0
9672.0
9711.0
3768.0
3812.0
9463.0
9626.0
9794.0
9716.0
9682.0
9497.0
9601.0
9602.0
9638.0
3796.0
3856.0
9744.0
9760.0
9527.0
9804.0
9539.0
9514.0
9575.0
9764.0
9406.0
3867.0
3863.0
3780.0
9705.0
9569.0
9609.0
9705.0
9551.0
9491.0
9555.0
4059.0
3932.0
3816.0
3888.0
3998.0
9679.0
9703.0
9659.0
9637.0
9535.0
9510.0
9500.0
9645.0
3864.0
3796.0
9727.0
9679.0
9542.0
9611.0
9503.0
9655.0
9525.0
9750.0
3853.0
3858.0
9533.0
9588.0
9601.0
9544.0
9495.0
9712.0
9767.0
9715.0
3926.0
3907.0
9664.0
9628.0
9643.0
9663.0
9520.0
9723.0
9532.0
3825.0
3928.0
3964.0
9721.0
9351.0
9159.0
9375.0
9440.0
4128.0
3848.0
3778.0
3963.0
3859.0
