1.0
1.0
1.0
1.0
2.0
2.0
2.0
1.0
1.0
1.0
1.0
1.0
1.0
1.0
2.0
2.0
1.0
1.0
1.0
1.0
1.0
1.0
2.0
2.0
1.0
1.0
1.0
1.0
2.0
2.0
2.0
2.0
1.0
1.0
1.0
1.0
2.0
2.0
1.0
1.0
1.0
1.0
1.0
2.0
2.0
1.0
1.0
1.0
1.0
1.0
1.0
2.0
2.0
1.0
1.0
1.0
1.0
1.0
2.0
2.0
2.0
1.0
1.0
1.0
1.0
2.0
2.0
2.0
1.0
1.0
1.0
1.0
1.0
2.0
2.0
1.0
1.0
1.0
1.0
1.0
545.0
543.0
547.0
543.0
546.0
546.0
546.0
546.0
546.0
541.0
548.0
549.0
547.0
547.0
547.0
550.0
548.0
547.0
551.0
550.0
564.0
567.0
567.0
567.0
564.0
564.0
567.0
562.0
566.0
566.0
549.0
549.0
551.0
552.0
549.0
550.0
551.0
550.0
553.0
552.0
551.0
549.0
549.0
552.0
559.0
551.0
552.0
565.0
552.0
552.0
550.0
550.0
549.0
552.0
552.0
554.0
553.0
551.0
553.0
552.0
566.0
565.0
565.0
568.0
567.0
567.0
567.0
570.0
566.0
566.0
545.0
539.0
544.0
544.0
546.0
546.0
547.0
543.0
545.0
546.0
544.0
545.0
543.0
545.0
546.0
546.0
547.0
545.0
545.0
546.0
544.0
544.0
546.0
544.0
545.0
545.0
544.0
546.0
545.0
545.0
562.0
565.0
561.0
561.0
564.0
565.0
564.0
558.0
564.0
561.0
545.0
544.0
544.0
542.0
547.0
537.0
546.0
545.0
545.0
544.0
545.0
542.0
546.0
540.0
541.0
543.0
541.0
543.0
543.0
542.0
2.0
1.0
1.0
1.0
1.0
1.0
2.0
1.0
1.0
1.0
1.0
1.0
1.0
1.0
1.0
2.0
1.0
1.0
1.0
1.0
1.0
1.0
1.0
1.0
2.0
1.0
1.0
1.0
1.0
1.0
1.0
1.0
1.0
2.0
1.0
1.0
1.0
1.0
1.0
2.0
2.0
2.0
1.0
1.0
1.0
1.0
1.0
1.0
2.0
1.0
1.0
1.0
1.0
1.0
1.0
1.0
1.0
1.0
1.0
1.0
1.0
1.0
1.0
1.0
1.0
2.0
1.0
1.0
1.0
1.0
546.0
548.0
548.0
546.0
548.0
546.0
546.0
546.0
550.0
546.0
545.0
538.0
545.0
545.0
545.0
545.0
547.0
548.0
544.0
544.0
562.0
562.0
561.0
564.0
565.0
558.0
563.0
559.0
562.0
558.0
547.0
541.0
543.0
546.0
546.0
545.0
544.0
547.0
549.0
547.0
542.0
544.0
542.0
543.0
546.0
543.0
545.0
546.0
545.0
545.0
544.0
545.0
544.0
543.0
547.0
545.0
545.0
545.0
548.0
547.0
561.0
559.0
564.0
558.0
561.0
561.0
561.0
562.0
559.0
565.0
545.0
543.0
545.0
546.0
544.0
545.0
546.0
543.0
545.0
545.0
548.0
544.0
546.0
546.0
544.0
549.0
543.0
547.0
548.0
546.0
546.0
546.0
546.0
547.0
547.0
547.0
548.0
547.0
565.0
548.0
565.0
567.0
563.0
565.0
562.0
564.0
564.0
559.0
568.0
569.0
550.0
544.0
546.0
548.0
548.0
547.0
550.0
547.0
553.0
553.0
546.0
550.0
547.0
547.0
550.0
552.0
549.0
548.0
563.0
548.0
2.0
1.0
1.0
1.0
1.0
2.0
1.0
1.0
1.0
1.0
1.0
1.0
1.0
1.0
1.0
1.0
1.0
1.0
1.0
1.0
1.0
1.0
1.0
1.0
1.0
1.0
1.0
1.0
1.0
1.0
1.0
1.0
1.0
1.0
2.0
1.0
1.0
1.0
2.0
1.0
1.0
1.0
1.0
1.0
1.0
1.0
1.0
1.0
1.0
1.0
1.0
1.0
1.0
1.0
1.0
1.0
1.0
1.0
1.0
2.0
2.0
1.0
1.0
1.0
1.0
2.0
1.0
1.0
1.0
1.0
547.0
553.0
550.0
547.0
551.0
553.0
550.0
549.0
551.0
552.0
570.0
573.0
562.0
564.0
569.0
564.0
564.0
569.0
573.0
568.0
550.0
544.0
541.0
547.0
548.0
546.0
547.0
549.0
561.0
548.0
544.0
542.0
545.0
545.0
545.0
545.0
543.0
547.0
546.0
547.0
545.0
544.0
547.0
545.0
545.0
543.0
546.0
544.0
545.0
548.0
571.0
572.0
571.0
575.0
578.0
581.0
577.0
569.0
581.0
574.0
549.0
550.0
549.0
551.0
559.0
550.0
549.0
550.0
551.0
550.0
545.0
548.0
547.0
547.0
547.0
546.0
548.0
554.0
548.0
549.0
547.0
548.0
545.0
545.0
544.0
546.0
544.0
553.0
545.0
562.0
563.0
564.0
558.0
557.0
564.0
559.0
561.0
574.0
565.0
546.0
541.0
548.0
545.0
540.0
545.0
545.0
545.0
554.0
545.0
546.0
543.0
545.0
545.0
544.0
545.0
545.0
541.0
554.0
546.0
546.0
542.0
545.0
546.0
544.0
546.0
545.0
545.0
562.0
571.0
568.0
1.0
1.0
1.0
1.0
1.0
1.0
1.0
1.0
1.0
1.0
2.0
1.0
1.0
1.0
1.0
1.0
1.0
1.0
1.0
1.0
1.0
1.0
2.0
1.0
1.0
1.0
1.0
1.0
1.0
1.0
1.0
1.0
1.0
1.0
1.0
1.0
1.0
1.0
1.0
1.0
1.0
1.0
1.0
1.0
1.0
1.0
1.0
1.0
1.0
1.0
1.0
1.0
1.0
1.0
1.0
1.0
1.0
1.0
1.0
1.0
1.0
1.0
1.0
1.0
1.0
1.0
1.0
1.0
1.0
1.0
566.0
557.0
565.0
560.0
562.0
567.0
567.0
549.0
545.0
551.0
536.0
552.0
550.0
550.0
553.0
550.0
549.0
550.0
550.0
553.0
542.0
545.0
546.0
545.0
545.0
545.0
546.0
545.0
547.0
544.0
543.0
544.0
544.0
544.0
545.0
544.0
544.0
563.0
566.0
562.0
564.0
564.0
562.0
555.0
557.0
564.0
563.0
544.0
547.0
544.0
543.0
535.0
547.0
546.0
546.0
546.0
547.0
544.0
546.0
544.0
549.0
558.0
544.0
544.0
545.0
545.0
544.0
545.0
545.0
546.0
544.0
546.0
565.0
544.0
564.0
563.0
562.0
564.0
567.0
566.0
562.0
563.0
567.0
548.0
552.0
543.0
543.0
544.0
543.0
539.0
543.0
545.0
544.0
542.0
543.0
543.0
543.0
546.0
545.0
546.0
544.0
540.0
541.0
546.0
541.0
545.0
543.0
546.0
546.0
545.0
560.0
563.0
564.0
563.0
563.0
565.0
565.0
563.0
565.0
568.0
536.0
543.0
543.0
541.0
545.0
542.0
537.0
537.0
542.0
543.0
1.0
1.0
1.0
1.0
1.0
1.0
1.0
1.0
1.0
1.0
1.0
1.0
1.0
1.0
1.0
1.0
1.0
1.0
1.0
1.0
1.0
1.0
1.0
1.0
1.0
1.0
1.0
1.0
1.0
1.0
1.0
1.0
1.0
1.0
1.0
1.0
1.0
1.0
1.0
1.0
1.0
1.0
1.0
1.0
1.0
1.0
1.0
1.0
1.0
1.0
1.0
2.0
1.0
1.0
1.0
1.0
1.0
1.0
1.0
1.0
1.0
1.0
1.0
1.0
1.0
1.0
1.0
1.0
1.0
1.0
544.0
542.0
542.0
541.0
542.0
542.0
545.0
543.0
557.0
544.0
542.0
544.0
543.0
543.0
543.0
545.0
546.0
543.0
544.0
545.0
565.0
561.0
560.0
563.0
563.0
564.0
565.0
563.0
563.0
564.0
545.0
544.0
545.0
545.0
545.0
543.0
544.0
537.0
536.0
544.0
544.0
544.0
543.0
541.0
550.0
544.0
544.0
544.0
543.0
545.0
543.0
546.0
543.0
544.0
546.0
545.0
545.0
547.0
546.0
547.0
563.0
563.0
565.0
562.0
564.0
561.0
563.0
571.0
569.0
572.0
562.0
555.0
562.0
554.0
555.0
552.0
560.0
550.0
552.0
547.0
544.0
543.0
544.0
545.0
545.0
544.0
546.0
544.0
543.0
546.0
542.0
544.0
544.0
543.0
544.0
544.0
545.0
544.0
546.0
545.0
564.0
564.0
563.0
565.0
565.0
561.0
564.0
565.0
564.0
566.0
545.0
544.0
542.0
540.0
550.0
546.0
544.0
546.0
545.0
544.0
543.0
543.0
543.0
535.0
542.0
546.0
546.0
545.0
545.0
546.0
1.0
1.0
1.0
1.0
1.0
1.0
1.0
1.0
1.0
1.0
1.0
1.0
1.0
1.0
1.0
1.0
1.0
1.0
1.0
1.0
1.0
1.0
1.0
1.0
1.0
1.0
1.0
1.0
1.0
1.0
1.0
1.0
1.0
1.0
1.0
1.0
1.0
2.0
2.0
1.0
1.0
1.0
1.0
1.0
2.0
1.0
1.0
1.0
2.0
1.0
1.0
1.0
1.0
1.0
1.0
1.0
1.0
1.0
1.0
1.0
1.0
1.0
1.0
1.0
1.0
1.0
1.0
1.0
1.0
1.0
544.0
545.0
545.0
545.0
547.0
544.0
547.0
545.0
547.0
546.0
562.0
564.0
564.0
564.0
563.0
571.0
563.0
563.0
564.0
565.0
544.0
538.0
542.0
546.0
542.0
541.0
543.0
543.0
546.0
546.0
539.0
542.0
542.0
542.0
545.0
546.0
543.0
544.0
547.0
547.0
545.0
547.0
546.0
546.0
546.0
545.0
547.0
547.0
549.0
545.0
565.0
565.0
563.0
564.0
568.0
566.0
567.0
567.0
566.0
569.0
545.0
538.0
545.0
546.0
547.0
550.0
546.0
538.0
550.0
549.0
546.0
547.0
548.0
546.0
548.0
547.0
550.0
542.0
549.0
548.0
547.0
547.0
547.0
548.0
548.0
548.0
548.0
542.0
551.0
546.0
569.0
568.0
568.0
566.0
565.0
563.0
571.0
565.0
566.0
566.0
542.0
544.0
543.0
545.0
543.0
541.0
546.0
548.0
544.0
547.0
541.0
547.0
546.0
544.0
545.0
542.0
547.0
547.0
545.0
544.0
545.0
548.0
549.0
548.0
544.0
549.0
548.0
549.0
546.0
548.0
1.0
1.0
1.0
1.0
1.0
1.0
1.0
1.0
1.0
1.0
1.0
1.0
1.0
1.0
1.0
1.0
1.0
1.0
1.0
1.0
1.0
1.0
1.0
1.0
1.0
1.0
1.0
1.0
1.0
1.0
1.0
1.0
1.0
1.0
1.0
1.0
1.0
1.0
1.0
1.0
1.0
1.0
1.0
1.0
1.0
1.0
1.0
1.0
1.0
1.0
1.0
1.0
1.0
1.0
1.0
1.0
1.0
1.0
1.0
1.0
1.0
2.0
1.0
1.0
1.0
1.0
1.0
1.0
1.0
1.0
561.0
562.0
557.0
561.0
562.0
562.0
565.0
562.0
563.0
559.0
552.0
548.0
549.0
553.0
564.0
542.0
551.0
551.0
552.0
553.0
543.0
545.0
545.0
545.0
544.0
544.0
545.0
545.0
547.0
545.0
546.0
545.0
543.0
545.0
545.0
545.0
545.0
545.0
544.0
545.0
561.0
562.0
559.0
560.0
561.0
558.0
559.0
562.0
562.0
564.0
544.0
536.0
545.0
543.0
540.0
541.0
545.0
542.0
544.0
544.0
544.0
544.0
546.0
544.0
544.0
541.0
544.0
543.0
543.0
546.0
545.0
544.0
542.0
544.0
544.0
543.0
545.0
542.0
553.0
545.0
583.0
578.0
581.0
583.0
588.0
580.0
586.0
580.0
578.0
578.0
545.0
543.0
546.0
547.0
546.0
547.0
545.0
546.0
546.0
546.0
544.0
544.0
543.0
544.0
546.0
544.0
546.0
544.0
544.0
544.0
543.0
544.0
546.0
545.0
545.0
546.0
545.0
545.0
545.0
547.0
563.0
560.0
562.0
563.0
561.0
561.0
562.0
562.0
555.0
560.0
1.0
1.0
1.0
1.0
1.0
1.0
1.0
1.0
1.0
1.0
1.0
1.0
1.0
1.0
1.0
1.0
1.0
1.0
1.0
1.0
1.0
2.0
1.0
1.0
1.0
1.0
1.0
1.0
1.0
1.0
1.0
1.0
1.0
1.0
1.0
1.0
1.0
1.0
1.0
1.0
1.0
1.0
1.0
1.0
1.0
1.0
1.0
1.0
1.0
1.0
2.0
1.0
1.0
1.0
1.0
1.0
1.0
1.0
1.0
1.0
1.0
1.0
1.0
1.0
1.0
1.0
1.0
1.0
1.0
1.0
542.0
542.0
542.0
543.0
542.0
559.0
543.0
544.0
540.0
545.0
542.0
544.0
545.0
545.0
545.0
544.0
545.0
545.0
545.0
547.0
554.0
546.0
546.0
546.0
544.0
545.0
544.0
545.0
544.0
545.0
564.0
563.0
564.0
561.0
563.0
563.0
559.0
561.0
562.0
557.0
545.0
559.0
543.0
545.0
545.0
547.0
545.0
541.0
545.0
546.0
543.0
542.0
543.0
543.0
543.0
543.0
541.0
544.0
546.0
545.0
542.0
544.0
542.0
539.0
543.0
544.0
542.0
544.0
546.0
544.0
557.0
563.0
560.0
558.0
564.0
565.0
562.0
558.0
564.0
558.0
532.0
542.0
546.0
546.0
541.0
543.0
543.0
542.0
544.0
546.0
539.0
543.0
544.0
545.0
540.0
546.0
544.0
544.0
550.0
546.0
544.0
543.0
545.0
547.0
545.0
547.0
547.0
545.0
552.0
545.0
560.0
559.0
560.0
556.0
563.0
560.0
561.0
556.0
556.0
562.0
542.0
541.0
540.0
540.0
546.0
543.0
543.0
546.0
545.0
545.0
2.0
1.0
1.0
1.0
1.0
1.0
1.0
1.0
1.0
1.0
1.0
1.0
1.0
1.0
1.0
1.0
1.0
1.0
1.0
1.0
1.0
1.0
1.0
1.0
1.0
1.0
1.0
1.0
1.0
1.0
2.0
1.0
2.0
1.0
1.0
1.0
1.0
1.0
1.0
1.0
1.0
1.0
1.0
1.0
1.0
1.0
1.0
1.0
1.0
1.0
1.0
1.0
1.0
1.0
1.0
1.0
1.0
1.0
1.0
1.0
1.0
1.0
1.0
1.0
1.0
1.0
1.0
1.0
1.0
1.0
546.0
543.0
543.0
544.0
542.0
546.0
559.0
545.0
545.0
546.0
541.0
541.0
545.0
541.0
542.0
543.0
546.0
541.0
544.0
544.0
563.0
559.0
557.0
563.0
560.0
563.0
560.0
558.0
562.0
565.0
540.0
541.0
546.0
544.0
542.0
541.0
544.0
543.0
545.0
543.0
544.0
545.0
545.0
544.0
544.0
543.0
544.0
545.0
544.0
543.0
544.0
544.0
544.0
542.0
545.0
544.0
545.0
544.0
544.0
547.0
561.0
558.0
560.0
561.0
565.0
559.0
563.0
556.0
556.0
559.0
542.0
543.0
544.0
541.0
542.0
544.0
541.0
545.0
543.0
544.0
541.0
543.0
544.0
542.0
543.0
542.0
543.0
543.0
540.0
545.0
572.0
574.0
572.0
570.0
572.0
577.0
576.0
575.0
575.0
597.0
562.0
567.0
566.0
559.0
562.0
565.0
558.0
559.0
564.0
543.0
545.0
544.0
545.0
539.0
544.0
537.0
546.0
533.0
542.0
544.0
544.0
544.0
545.0
557.0
545.0
546.0
546.0
547.0
548.0
545.0
1.0
1.0
1.0
1.0
1.0
1.0
1.0
1.0
1.0
1.0
1.0
1.0
1.0
1.0
1.0
1.0
1.0
1.0
1.0
1.0
1.0
1.0
1.0
1.0
1.0
1.0
1.0
1.0
1.0
1.0
1.0
1.0
1.0
1.0
1.0
1.0
1.0
1.0
1.0
1.0
1.0
1.0
1.0
1.0
1.0
1.0
1.0
1.0
1.0
1.0
1.0
1.0
1.0
2.0
1.0
1.0
1.0
1.0
1.0
1.0
1.0
1.0
1.0
1.0
1.0
1.0
1.0
1.0
1.0
1.0
546.0
546.0
545.0
546.0
546.0
546.0
549.0
544.0
568.0
567.0
564.0
564.0
557.0
560.0
564.0
557.0
566.0
559.0
542.0
541.0
541.0
543.0
543.0
544.0
544.0
547.0
545.0
543.0
547.0
545.0
544.0
543.0
544.0
542.0
542.0
545.0
545.0
544.0
553.0
548.0
544.0
543.0
544.0
542.0
544.0
545.0
543.0
548.0
571.0
564.0
556.0
566.0
554.0
560.0
564.0
563.0
561.0
562.0
542.0
545.0
545.0
543.0
544.0
543.0
546.0
545.0
546.0
546.0
543.0
548.0
544.0
545.0
544.0
543.0
541.0
543.0
543.0
543.0
543.0
543.0
544.0
546.0
542.0
545.0
542.0
547.0
545.0
561.0
562.0
564.0
562.0
563.0
562.0
556.0
562.0
561.0
554.0
545.0
535.0
544.0
545.0
542.0
547.0
546.0
546.0
541.0
541.0
542.0
535.0
544.0
544.0
541.0
543.0
545.0
542.0
545.0
540.0
542.0
542.0
544.0
541.0
545.0
543.0
543.0
543.0
540.0
544.0
560.0
560.0
564.0
2.0
1.0
1.0
1.0
1.0
1.0
1.0
1.0
1.0
1.0
1.0
1.0
1.0
1.0
1.0
1.0
1.0
1.0
1.0
1.0
1.0
1.0
1.0
1.0
1.0
1.0
1.0
1.0
1.0
1.0
1.0
1.0
1.0
1.0
1.0
1.0
1.0
1.0
1.0
1.0
1.0
1.0
1.0
1.0
1.0
1.0
1.0
1.0
1.0
1.0
1.0
1.0
1.0
1.0
1.0
1.0
1.0
1.0
1.0
1.0
1.0
1.0
1.0
1.0
1.0
2.0
1.0
1.0
1.0
20.0
564.0
565.0
560.0
558.0
562.0
545.0
540.0
546.0
545.0
546.0
546.0
547.0
548.0
546.0
547.0
548.0
547.0
546.0
548.0
545.0
542.0
545.0
546.0
543.0
541.0
543.0
546.0
545.0
545.0
544.0
545.0
543.0
542.0
563.0
564.0
563.0
561.0
561.0
562.0
564.0
565.0
564.0
564.0
544.0
543.0
543.0
541.0
544.0
544.0
545.0
544.0
546.0
543.0
544.0
544.0
546.0
555.0
544.0
545.0
543.0
540.0
544.0
546.0
542.0
545.0
547.0
544.0
547.0
544.0
545.0
564.0
562.0
564.0
563.0
562.0
563.0
564.0
565.0
566.0
561.0
536.0
544.0
535.0
542.0
543.0
543.0
545.0
545.0
547.0
542.0
542.0
544.0
545.0
543.0
543.0
543.0
547.0
545.0
548.0
542.0
566.0
564.0
557.0
560.0
560.0
559.0
559.0
565.0
579.0
575.0
585.0
586.0
584.0
584.0
583.0
582.0
584.0
582.0
602.0
576.0
548.0
545.0
544.0
539.0
548.0
538.0
542.0
543.0
522.0
542.0
