6.0
5.0
5.0
5.0
5.0
5.0
5.0
5.0
5.0
5.0
30.0
30.0
30.0
29.0
29.0
29.0
30.0
30.0
30.0
30.0
70.0
70.0
70.0
70.0
70.0
70.0
69.0
69.0
70.0
70.0
202.0
202.0
202.0
202.0
202.0
202.0
202.0
202.0
202.0
202.0
196.0
196.0
196.0
196.0
196.0
196.0
196.0
196.0
195.0
195.0
210.0
209.0
209.0
210.0
210.0
209.0
210.0
209.0
210.0
210.0
664.0
664.0
663.0
663.0
663.0
663.0
663.0
663.0
663.0
664.0
675.0
675.0
675.0
675.0
676.0
675.0
676.0
676.0
673.0
675.0
677.0
676.0
676.0
676.0
676.0
675.0
676.0
677.0
676.0
676.0
673.0
672.0
672.0
672.0
672.0
672.0
672.0
671.0
672.0
671.0
678.0
678.0
678.0
678.0
678.0
678.0
678.0
677.0
677.0
678.0
661.0
661.0
661.0
662.0
661.0
661.0
661.0
661.0
660.0
661.0
671.0
671.0
671.0
671.0
671.0
671.0
671.0
671.0
671.0
670.0
678.0
678.0
678.0
678.0
679.0
678.0
678.0
678.0
678.0
677.0
669.0
669.0
669.0
669.0
669.0
669.0
669.0
669.0
669.0
668.0
663.0
663.0
663.0
663.0
662.0
663.0
662.0
662.0
662.0
664.0
678.0
678.0
678.0
678.0
677.0
677.0
677.0
677.0
677.0
677.0
672.0
671.0
671.0
672.0
672.0
671.0
672.0
672.0
672.0
672.0
665.0
665.0
663.0
664.0
663.0
664.0
663.0
663.0
663.0
664.0
6294.0
6294.0
6295.0
6295.0
6305.0
6296.0
6294.0
6295.0
11431.0
11425.0
11430.0
11424.0
11433.0
43.0
41.0
41.0
41.0
42.0
42.0
42.0
41.0
41.0
42.0
29.0
29.0
28.0
28.0
28.0
29.0
28.0
28.0
28.0
28.0
13.0
12.0
12.0
13.0
12.0
7.0
7.0
7.0
7.0
7.0
8.0
7.0
7.0
7.0
8.0
9.0
8.0
8.0
8.0
8.0
9.0
8.0
8.0
8.0
8.0
4.0
4.0
4.0
4.0
4.0
28.0
28.0
28.0
28.0
28.0
28.0
28.0
28.0
28.0
28.0
28.0
28.0
28.0
28.0
28.0
28.0
28.0
28.0
13.0
13.0
12.0
12.0
13.0
13.0
13.0
7.0
7.0
7.0
13.0
13.0
8.0
7.0
7.0
7.0
7.0
8.0
8.0
8.0
5.0
4.0
8.0
8.0
8.0
4.0
4.0
4.0
5.0
4.0
4.0
4.0
67.0
67.0
67.0
66.0
67.0
67.0
67.0
67.0
67.0
67.0
68.0
67.0
67.0
66.0
67.0
68.0
67.0
67.0
67.0
67.0
52.0
51.0
51.0
51.0
51.0
35.0
35.0
35.0
35.0
35.0
35.0
35.0
35.0
35.0
34.0
36.0
36.0
36.0
35.0
36.0
36.0
36.0
36.0
36.0
20.0
5.0
4.0
4.0
5.0
4.0
67.0
67.0
66.0
66.0
67.0
67.0
66.0
67.0
67.0
67.0
83.0
83.0
83.0
83.0
82.0
83.0
83.0
83.0
67.0
67.0
51.0
51.0
51.0
51.0
51.0
35.0
35.0
35.0
29.0
28.0
35.0
35.0
35.0
35.0
35.0
36.0
36.0
35.0
4.0
4.0
35.0
20.0
19.0
4.0
4.0
4.0
5.0
4.0
4.0
4.0
195.0
194.0
194.0
195.0
194.0
195.0
194.0
194.0
195.0
195.0
196.0
195.0
194.0
194.0
195.0
195.0
195.0
194.0
194.0
194.0
253.0
253.0
253.0
253.0
253.0
151.0
151.0
151.0
151.0
151.0
133.0
133.0
133.0
133.0
133.0
134.0
133.0
134.0
134.0
135.0
135.0
134.0
134.0
134.0
118.0
5.0
4.0
4.0
4.0
4.0
194.0
195.0
195.0
194.0
194.0
194.0
213.0
213.0
213.0
213.0
213.0
213.0
213.0
214.0
214.0
214.0
195.0
194.0
236.0
235.0
236.0
236.0
237.0
108.0
108.0
133.0
133.0
133.0
127.0
127.0
134.0
135.0
134.0
134.0
135.0
135.0
135.0
135.0
5.0
4.0
154.0
119.0
118.0
4.0
4.0
4.0
4.0
4.0
4.0
4.0
216.0
215.0
215.0
215.0
215.0
216.0
216.0
215.0
214.0
195.0
195.0
194.0
195.0
194.0
195.0
196.0
195.0
195.0
195.0
195.0
238.0
237.0
236.0
236.0
257.0
134.0
134.0
134.0
133.0
133.0
154.0
154.0
153.0
154.0
154.0
155.0
154.0
155.0
154.0
134.0
135.0
134.0
134.0
134.0
118.0
5.0
5.0
4.0
4.0
5.0
195.0
194.0
194.0
195.0
195.0
195.0
195.0
195.0
196.0
195.0
196.0
195.0
195.0
195.0
195.0
216.0
215.0
216.0
257.0
256.0
256.0
257.0
257.0
129.0
128.0
133.0
133.0
133.0
127.0
127.0
133.0
133.0
133.0
133.0
133.0
135.0
133.0
134.0
4.0
4.0
134.0
118.0
117.0
4.0
5.0
4.0
4.0
4.0
4.0
4.0
195.0
195.0
195.0
195.0
195.0
196.0
194.0
194.0
195.0
194.0
217.0
216.0
216.0
216.0
216.0
216.0
216.0
216.0
216.0
216.0
237.0
236.0
236.0
235.0
236.0
134.0
134.0
134.0
134.0
134.0
134.0
133.0
133.0
133.0
133.0
135.0
134.0
134.0
134.0
135.0
158.0
156.0
157.0
158.0
141.0
4.0
4.0
4.0
4.0
4.0
217.0
217.0
217.0
217.0
218.0
196.0
196.0
196.0
196.0
197.0
197.0
196.0
196.0
196.0
196.0
195.0
195.0
195.0
236.0
235.0
260.0
259.0
259.0
108.0
109.0
133.0
134.0
133.0
151.0
150.0
157.0
157.0
158.0
157.0
157.0
135.0
135.0
134.0
4.0
4.0
134.0
119.0
118.0
4.0
4.0
5.0
4.0
4.0
4.0
4.0
689.0
687.0
687.0
687.0
684.0
687.0
686.0
687.0
687.0
687.0
688.0
686.0
687.0
686.0
687.0
687.0
687.0
686.0
686.0
686.0
720.0
717.0
718.0
718.0
718.0
1001.0
999.0
1000.0
999.0
1017.0
1051.0
1051.0
1045.0
1049.0
1047.0
1048.0
1047.0
1046.0
1050.0
1030.0
1006.0
1002.0
1002.0
1001.0
986.0
5.0
4.0
5.0
4.0
4.0
678.0
679.0
678.0
677.0
678.0
679.0
677.0
677.0
677.0
677.0
678.0
678.0
677.0
677.0
677.0
679.0
677.0
677.0
718.0
718.0
718.0
718.0
717.0
992.0
991.0
1018.0
1016.0
1016.0
1010.0
1010.0
1017.0
1017.0
1017.0
1000.0
999.0
1002.0
1001.0
1000.0
871.0
4.0
1018.0
1002.0
1002.0
4.0
4.0
4.0
4.0
5.0
4.0
4.0
677.0
678.0
677.0
677.0
678.0
696.0
696.0
696.0
695.0
695.0
678.0
677.0
677.0
677.0
694.0
677.0
677.0
677.0
676.0
676.0
718.0
716.0
717.0
717.0
716.0
998.0
997.0
1000.0
998.0
998.0
999.0
998.0
999.0
1015.0
998.0
1016.0
1016.0
1015.0
1014.0
1015.0
1015.0
1015.0
1015.0
1014.0
997.0
5.0
4.0
4.0
4.0
4.0
676.0
676.0
676.0
675.0
675.0
675.0
675.0
674.0
675.0
675.0
676.0
675.0
675.0
676.0
675.0
675.0
675.0
674.0
718.0
718.0
718.0
719.0
718.0
992.0
992.0
1016.0
1016.0
1018.0
1011.0
1012.0
1020.0
1019.0
1021.0
1003.0
1002.0
1019.0
1018.0
1017.0
870.0
4.0
1000.0
999.0
997.0
4.0
4.0
4.0
4.0
4.0
4.0
4.0
675.0
676.0
675.0
679.0
678.0
678.0
678.0
680.0
693.0
693.0
693.0
677.0
677.0
677.0
677.0
676.0
678.0
677.0
677.0
677.0
717.0
718.0
718.0
717.0
719.0
1002.0
1017.0
1018.0
1002.0
1002.0
1003.0
1017.0
1017.0
1017.0
1017.0
1045.0
1045.0
1046.0
1044.0
1049.0
1045.0
1029.0
1029.0
1027.0
1010.0
5.0
5.0
5.0
4.0
5.0
677.0
674.0
675.0
675.0
675.0
675.0
674.0
675.0
674.0
674.0
674.0
674.0
674.0
674.0
674.0
673.0
675.0
673.0
729.0
731.0
731.0
719.0
720.0
991.0
991.0
1016.0
1016.0
1016.0
993.0
992.0
999.0
1012.0
1013.0
1013.0
1013.0
1014.0
1014.0
1014.0
884.0
4.0
1013.0
998.0
983.0
4.0
4.0
5.0
4.0
4.0
4.0
4.0
676.0
675.0
674.0
675.0
675.0
675.0
675.0
676.0
676.0
676.0
692.0
677.0
678.0
679.0
678.0
687.0
679.0
680.0
680.0
682.0
722.0
722.0
722.0
722.0
722.0
1021.0
1030.0
1020.0
1021.0
1020.0
1005.0
1019.0
1019.0
1019.0
1020.0
1022.0
1028.0
1021.0
1021.0
1023.0
1024.0
1025.0
1024.0
1021.0
1007.0
4.0
4.0
4.0
4.0
4.0
681.0
687.0
680.0
680.0
681.0
677.0
676.0
676.0
675.0
676.0
675.0
674.0
676.0
674.0
677.0
690.0
677.0
676.0
718.0
717.0
718.0
719.0
718.0
989.0
990.0
999.0
1011.0
1012.0
1006.0
1005.0
1012.0
1011.0
1012.0
996.0
997.0
1012.0
998.0
998.0
868.0
4.0
997.0
997.0
1000.0
4.0
4.0
4.0
4.0
5.0
4.0
4.0
675.0
693.0
690.0
678.0
678.0
678.0
692.0
692.0
694.0
675.0
677.0
675.0
676.0
676.0
676.0
690.0
676.0
675.0
676.0
675.0
717.0
717.0
717.0
730.0
730.0
998.0
997.0
999.0
1012.0
1013.0
1014.0
1014.0
1015.0
1000.0
1000.0
1016.0
1014.0
1015.0
1014.0
1016.0
1025.0
1031.0
1024.0
1049.0
1034.0
5.0
4.0
5.0
4.0
4.0
713.0
715.0
714.0
701.0
696.0
704.0
733.0
703.0
677.0
676.0
676.0
675.0
675.0
691.0
689.0
674.0
676.0
705.0
717.0
717.0
732.0
731.0
732.0
973.0
973.0
999.0
999.0
1060.0
1010.0
1009.0
1001.0
1001.0
1002.0
1015.0
1015.0
1014.0
1015.0
1044.0
868.0
4.0
1014.0
998.0
998.0
4.0
4.0
4.0
4.0
4.0
5.0
4.0
675.0
675.0
675.0
675.0
676.0
720.0
691.0
691.0
677.0
676.0
677.0
677.0
677.0
678.0
678.0
703.0
682.0
680.0
681.0
681.0
723.0
722.0
720.0
735.0
735.0
999.0
996.0
998.0
1013.0
1013.0
1013.0
1012.0
1012.0
997.0
998.0
1014.0
1013.0
1012.0
1014.0
1012.0
1015.0
1014.0
1015.0
1012.0
1000.0
5.0
4.0
4.0
5.0
4.0
718.0
676.0
675.0
675.0
675.0
674.0
674.0
674.0
674.0
674.0
675.0
675.0
688.0
674.0
675.0
675.0
676.0
675.0
716.0
718.0
743.0
731.0
716.0
988.0
989.0
1014.0
1016.0
1014.0
1007.0
1008.0
1000.0
999.0
1000.0
998.0
998.0
999.0
1012.0
1013.0
882.0
4.0
1014.0
997.0
997.0
4.0
4.0
4.0
5.0
19.0
4.0
4.0
676.0
675.0
675.0
689.0
675.0
675.0
675.0
675.0
676.0
675.0
675.0
689.0
689.0
674.0
674.0
674.0
674.0
676.0
676.0
675.0
732.0
717.0
718.0
716.0
718.0
1013.0
1013.0
1012.0
1013.0
1012.0
998.0
1012.0
1015.0
1016.0
1016.0
1003.0
1002.0
1018.0
1020.0
1018.0
1019.0
1000.0
999.0
1015.0
1012.0
5.0
4.0
4.0
4.0
4.0
700.0
703.0
690.0
691.0
695.0
699.0
710.0
714.0
693.0
691.0
690.0
688.0
685.0
683.0
677.0
677.0
674.0
674.0
714.0
715.0
715.0
715.0
715.0
989.0
996.0
1012.0
998.0
1012.0
1008.0
1009.0
1015.0
1014.0
1015.0
1018.0
1026.0
1019.0
1019.0
1001.0
872.0
4.0
1016.0
1000.0
1000.0
4.0
5.0
4.0
4.0
4.0
5.0
4.0
677.0
676.0
678.0
674.0
674.0
674.0
674.0
689.0
675.0
675.0
676.0
676.0
686.0
674.0
690.0
690.0
690.0
675.0
675.0
674.0
717.0
718.0
730.0
730.0
717.0
996.0
996.0
997.0
1011.0
1012.0
1013.0
1014.0
997.0
997.0
1010.0
1014.0
1013.0
1013.0
1014.0
1012.0
1015.0
1016.0
1014.0
1014.0
983.0
4.0
4.0
4.0
4.0
4.0
675.0
674.0
675.0
674.0
674.0
673.0
675.0
674.0
673.0
688.0
689.0
688.0
687.0
674.0
674.0
674.0
675.0
675.0
728.0
716.0
716.0
715.0
715.0
985.0
985.0
1012.0
1014.0
1012.0
992.0
1005.0
1012.0
1011.0
1010.0
998.0
998.0
1014.0
1016.0
1014.0
882.0
5.0
999.0
981.0
982.0
4.0
4.0
5.0
4.0
4.0
4.0
4.0
676.0
689.0
689.0
674.0
675.0
674.0
673.0
672.0
689.0
689.0
689.0
674.0
674.0
675.0
676.0
674.0
674.0
674.0
674.0
673.0
715.0
715.0
714.0
715.0
716.0
1012.0
1011.0
1010.0
1010.0
1010.0
1011.0
1011.0
1011.0
1009.0
1014.0
1011.0
1011.0
1013.0
997.0
998.0
1012.0
1015.0
1014.0
1014.0
1000.0
5.0
4.0
4.0
4.0
4.0
676.0
676.0
676.0
690.0
691.0
674.0
675.0
675.0
682.0
686.0
689.0
691.0
697.0
692.0
694.0
695.0
696.0
695.0
727.0
723.0
733.0
733.0
732.0
990.0
987.0
1015.0
1013.0
1014.0
1007.0
1009.0
999.0
999.0
1015.0
997.0
997.0
1014.0
1014.0
1014.0
884.0
4.0
1015.0
998.0
998.0
4.0
4.0
4.0
5.0
4.0
4.0
4.0
676.0
692.0
692.0
676.0
675.0
676.0
676.0
678.0
678.0
677.0
679.0
676.0
676.0
676.0
676.0
676.0
675.0
674.0
688.0
691.0
731.0
716.0
717.0
717.0
716.0
1014.0
1013.0
1013.0
998.0
996.0
1012.0
1014.0
1013.0
1013.0
1013.0
1014.0
1014.0
1014.0
1015.0
1013.0
999.0
1013.0
1013.0
1013.0
997.0
5.0
5.0
4.0
4.0
4.0
674.0
675.0
675.0
675.0
690.0
688.0
674.0
675.0
675.0
675.0
675.0
675.0
675.0
690.0
675.0
674.0
674.0
674.0
715.0
732.0
732.0
730.0
729.0
975.0
989.0
1015.0
1015.0
1015.0
1009.0
991.0
998.0
998.0
999.0
1015.0
999.0
1000.0
1014.0
1013.0
885.0
5.0
1012.0
998.0
998.0
4.0
4.0
4.0
4.0
4.0
18.0
5.0
676.0
674.0
688.0
688.0
675.0
676.0
674.0
674.0
674.0
673.0
675.0
690.0
674.0
675.0
674.0
675.0
675.0
674.0
688.0
688.0
731.0
717.0
717.0
717.0
718.0
1013.0
1013.0
1014.0
1001.0
1002.0
1016.0
1016.0
1015.0
1017.0
1023.0
1019.0
1018.0
1018.0
1017.0
1016.0
1002.0
1016.0
1015.0
1014.0
1017.0
5.0
4.0
4.0
4.0
5.0
677.0
674.0
675.0
676.0
676.0
692.0
678.0
678.0
678.0
679.0
678.0
678.0
682.0
691.0
692.0
677.0
686.0
691.0
736.0
756.0
755.0
760.0
760.0
1022.0
1018.0
1042.0
1034.0
1028.0
1015.0
995.0
1019.0
1018.0
1015.0
1000.0
1001.0
1015.0
1016.0
1016.0
887.0
4.0
1016.0
984.0
983.0
5.0
4.0
4.0
4.0
4.0
4.0
4.0
676.0
692.0
692.0
678.0
678.0
677.0
676.0
676.0
691.0
691.0
692.0
674.0
674.0
674.0
676.0
677.0
676.0
675.0
675.0
676.0
718.0
717.0
716.0
716.0
731.0
1012.0
1012.0
1012.0
1011.0
1011.0
1012.0
1012.0
1012.0
1011.0
1012.0
1013.0
1012.0
1011.0
1012.0
1013.0
1013.0
1012.0
1012.0
1012.0
983.0
5.0
4.0
4.0
5.0
4.0
674.0
674.0
674.0
677.0
677.0
676.0
676.0
676.0
676.0
692.0
692.0
693.0
691.0
675.0
674.0
675.0
675.0
675.0
730.0
717.0
715.0
714.0
716.0
986.0
986.0
1011.0
1011.0
1012.0
1005.0
1007.0
1014.0
1013.0
1013.0
1013.0
1013.0
1013.0
1014.0
1015.0
868.0
4.0
1015.0
998.0
998.0
4.0
4.0
4.0
4.0
5.0
4.0
4.0
675.0
676.0
675.0
675.0
675.0
675.0
675.0
674.0
676.0
675.0
676.0
675.0
674.0
675.0
693.0
694.0
694.0
694.0
683.0
682.0
724.0
738.0
738.0
738.0
720.0
1016.0
1019.0
1019.0
1017.0
1015.0
1016.0
1015.0
1016.0
1016.0
1015.0
999.0
1013.0
1015.0
1016.0
1014.0
1015.0
1016.0
1015.0
1013.0
999.0
21.0
4.0
4.0
4.0
4.0
675.0
675.0
674.0
675.0
677.0
676.0
674.0
674.0
674.0
675.0
673.0
674.0
673.0
688.0
689.0
688.0
674.0
674.0
715.0
715.0
715.0
716.0
715.0
1002.0
998.0
1054.0
1036.0
1035.0
1030.0
1029.0
1035.0
1036.0
1037.0
1015.0
1013.0
1058.0
1017.0
1017.0
887.0
4.0
1017.0
1000.0
1000.0
4.0
5.0
4.0
4.0
4.0
4.0
4.0
6268.0
6272.0
6405.0
6271.0
6263.0
6263.0
6259.0
6275.0
6266.0
6416.0
6429.0
6455.0
6461.0
6450.0
6444.0
6461.0
6443.0
6447.0
6432.0
6375.0
6347.0
6370.0
6638.0
6696.0
6624.0
6629.0
6628.0
6451.0
6447.0
6477.0
6451.0
6490.0
6494.0
6499.0
6497.0
6497.0
6538.0
6527.0
6480.0
6472.0
5.0
4.0
4.0
5.0
4.0
6165.0
6163.0
6157.0
6210.0
6211.0
6178.0
6176.0
6181.0
6174.0
6182.0
6227.0
6167.0
6162.0
6162.0
6209.0
6193.0
6243.0
6242.0
6242.0
6213.0
6214.0
6470.0
6491.0
6492.0
6485.0
6496.0
6498.0
6504.0
6505.0
6498.0
6499.0
6503.0
6495.0
6517.0
6370.0
5460.0
6508.0
6498.0
6498.0
5521.0
4.0
4.0
5.0
4.0
4.0
4.0
12567.0
12593.0
12612.0
12571.0
12583.0
12860.0
12612.0
13067.0
13110.0
13104.0
13069.0
13124.0
13177.0
13284.0
13251.0
13180.0
13193.0
13131.0
13077.0
12886.0
12819.0
12825.0
12832.0
12841.0
12877.0
12878.0
6377.0
6407.0
6408.0
6391.0
12649.0
12615.0
12539.0
12751.0
12524.0
12538.0
12537.0
12524.0
12558.0
12528.0
12572.0
12606.0
12645.0
12646.0
13047.0
13157.0
13094.0
13097.0
13299.0
13360.0
13405.0
13412.0
13401.0
13331.0
12341.0
13144.0
12952.0
11998.0
6351.0
6324.0
6275.0
6231.0
6189.0
6172.0
