4.0
3.0
4.0
4.0
2.0
3.0
3.0
4.0
4.0
3.0
40.0
13.0
21.0
11.0
6.0
12.0
7.0
7.0
5.0
4.0
41.0
23.0
12.0
11.0
7.0
13.0
6.0
7.0
2.0
3.0
22.0
12.0
12.0
11.0
6.0
23.0
6.0
7.0
4.0
2.0
23.0
13.0
12.0
21.0
7.0
13.0
11.0
6.0
3.0
3.0
22.0
22.0
12.0
12.0
6.0
13.0
11.0
12.0
3.0
2.0
41.0
12.0
11.0
12.0
6.0
23.0
7.0
12.0
3.0
3.0
22.0
23.0
12.0
12.0
7.0
13.0
6.0
7.0
4.0
3.0
22.0
12.0
21.0
13.0
7.0
23.0
7.0
6.0
2.0
3.0
41.0
13.0
12.0
11.0
6.0
12.0
11.0
7.0
2.0
5.0
23.0
12.0
11.0
12.0
11.0
22.0
7.0
12.0
2.0
3.0
22.0
12.0
12.0
11.0
7.0
22.0
12.0
7.0
3.0
3.0
2206.0
1917.0
2205.0
2451.0
2242.0
2254.0
2075.0
2277.0
2190.0
2268.0
2641.0
1942.0
2148.0
2147.0
2145.0
2147.0
2145.0
3079.0
1935.0
2122.0
1924.0
1960.0
2358.0
2145.0
2116.0
2144.0
2150.0
3324.0
2127.0
2269.0
2007.0
1978.0
2084.0
2080.0
2069.0
2072.0
2055.0
3362.0
1937.0
3222.0
2048.0
2038.0
2079.0
2098.0
2070.0
2088.0
2054.0
1988.0
2006.0
3484.0
2101.0
2077.0
2091.0
2070.0
2080.0
2048.0
3348.0
2000.0
1940.0
1958.0
2106.0
2090.0
2083.0
2083.0
2076.0
2318.0
2055.0
2083.0
2093.0
2003.0
2128.0
2123.0
2073.0
2119.0
2065.0
2064.0
2066.0
2060.0
2074.0
2039.0
2114.0
2125.0
2111.0
2116.0
2099.0
2032.0
1973.0
2014.0
1999.0
1933.0
21.0
36.0
21.0
20.0
6.0
21.0
19.0
22.0
21.0
11.0
22.0
22.0
21.0
8.0
2.0
40.0
11.0
13.0
13.0
2.0
22.0
5.0
2.0
2.0
2.0
22.0
2.0
4.0
2.0
4.0
38.0
2.0
4.0
2.0
3.0
17.0
3.0
2.0
3.0
4.0
14.0
4.0
3.0
4.0
3.0
5.0
4.0
3.0
2.0
4.0
19.0
11.0
11.0
4.0
3.0
36.0
6.0
6.0
2.0
4.0
12.0
4.0
3.0
3.0
2.0
11.0
4.0
3.0
2.0
4.0
9.0
3.0
2.0
4.0
2.0
4.0
2.0
3.0
2.0
3.0
4.0
3.0
2.0
3.0
2.0
4.0
2.0
2.0
4.0
3.0
2.0
2.0
4.0
3.0
2.0
4.0
3.0
2.0
2.0
2.0
40.0
19.0
22.0
20.0
6.0
22.0
36.0
11.0
21.0
7.0
40.0
11.0
11.0
7.0
4.0
40.0
12.0
14.0
7.0
3.0
22.0
5.0
4.0
2.0
3.0
21.0
2.0
2.0
3.0
2.0
38.0
2.0
2.0
4.0
4.0
17.0
4.0
2.0
3.0
3.0
25.0
3.0
2.0
4.0
2.0
3.0
4.0
3.0
2.0
2.0
36.0
6.0
6.0
4.0
3.0
19.0
11.0
6.0
4.0
3.0
12.0
2.0
3.0
3.0
2.0
11.0
4.0
2.0
4.0
2.0
9.0
4.0
2.0
4.0
3.0
2.0
2.0
3.0
4.0
2.0
4.0
2.0
2.0
3.0
4.0
3.0
2.0
2.0
4.0
3.0
3.0
2.0
3.0
2.0
2.0
2.0
3.0
2.0
3.0
2.0
40.0
19.0
22.0
11.0
10.0
22.0
19.0
22.0
21.0
11.0
40.0
11.0
21.0
8.0
2.0
33.0
11.0
8.0
7.0
3.0
31.0
5.0
4.0
2.0
3.0
21.0
2.0
2.0
2.0
2.0
38.0
2.0
2.0
2.0
3.0
17.0
3.0
3.0
2.0
3.0
14.0
2.0
4.0
4.0
2.0
3.0
3.0
3.0
2.0
4.0
36.0
6.0
10.0
3.0
3.0
19.0
6.0
6.0
2.0
2.0
10.0
4.0
2.0
2.0
2.0
11.0
3.0
2.0
2.0
2.0
9.0
2.0
2.0
2.0
4.0
2.0
3.0
3.0
1.0
2.0
2.0
3.0
2.0
2.0
2.0
2.0
2.0
2.0
4.0
4.0
3.0
2.0
2.0
2.0
4.0
2.0
2.0
2.0
2.0
2.0
21.0
36.0
22.0
12.0
11.0
17.0
20.0
11.0
11.0
11.0
21.0
22.0
12.0
7.0
2.0
17.0
11.0
7.0
7.0
3.0
40.0
5.0
4.0
3.0
3.0
21.0
3.0
2.0
2.0
2.0
38.0
2.0
2.0
3.0
3.0
18.0
2.0
2.0
2.0
2.0
14.0
2.0
3.0
3.0
2.0
3.0
2.0
2.0
2.0
2.0
19.0
5.0
6.0
2.0
2.0
19.0
6.0
5.0
2.0
2.0
12.0
3.0
3.0
2.0
2.0
11.0
2.0
2.0
2.0
2.0
4.0
2.0
2.0
2.0
2.0
2.0
2.0
2.0
2.0
3.0
2.0
3.0
2.0
2.0
2.0
3.0
3.0
2.0
2.0
3.0
2.0
3.0
2.0
2.0
1.0
2.0
2.0
2.0
3.0
2.0
21.0
19.0
10.0
21.0
6.0
22.0
19.0
11.0
11.0
11.0
21.0
10.0
12.0
8.0
3.0
22.0
22.0
6.0
7.0
2.0
40.0
5.0
2.0
3.0
2.0
21.0
2.0
2.0
3.0
2.0
21.0
2.0
2.0
2.0
2.0
17.0
2.0
3.0
2.0
2.0
11.0
2.0
2.0
2.0
2.0
3.0
3.0
2.0
2.0
2.0
19.0
6.0
6.0
3.0
2.0
16.0
7.0
11.0
2.0
2.0
12.0
3.0
2.0
2.0
2.0
11.0
2.0
2.0
2.0
3.0
5.0
2.0
2.0
2.0
2.0
3.0
2.0
4.0
2.0
2.0
2.0
2.0
2.0
2.0
3.0
2.0
2.0
2.0
2.0
3.0
2.0
3.0
2.0
2.0
2.0
2.0
4.0
3.0
2.0
4.0
22.0
19.0
11.0
9.0
6.0
22.0
19.0
11.0
21.0
11.0
21.0
10.0
12.0
8.0
3.0
40.0
11.0
7.0
7.0
2.0
21.0
5.0
2.0
3.0
2.0
21.0
3.0
1.0
4.0
2.0
21.0
3.0
1.0
2.0
2.0
14.0
2.0
3.0
2.0
2.0
14.0
2.0
2.0
2.0
4.0
3.0
3.0
3.0
2.0
2.0
36.0
6.0
6.0
2.0
2.0
19.0
5.0
6.0
2.0
2.0
12.0
3.0
3.0
2.0
2.0
11.0
2.0
2.0
2.0
2.0
4.0
2.0
2.0
3.0
3.0
2.0
2.0
2.0
2.0
1.0
2.0
3.0
2.0
2.0
2.0
3.0
2.0
2.0
2.0
4.0
2.0
2.0
2.0
2.0
2.0
2.0
2.0
2.0
2.0
2.0
40.0
19.0
10.0
12.0
6.0
21.0
19.0
12.0
11.0
7.0
17.0
12.0
21.0
7.0
2.0
22.0
12.0
8.0
8.0
3.0
22.0
5.0
2.0
3.0
2.0
17.0
2.0
2.0
2.0
2.0
30.0
2.0
2.0
2.0
2.0
17.0
2.0
3.0
3.0
2.0
14.0
2.0
3.0
2.0
4.0
3.0
2.0
2.0
2.0
2.0
45.0
20.0
6.0
2.0
2.0
28.0
14.0
15.0
3.0
2.0
20.0
11.0
12.0
11.0
2.0
11.0
2.0
2.0
2.0
2.0
5.0
3.0
3.0
2.0
2.0
2.0
4.0
2.0
2.0
2.0
2.0
2.0
2.0
2.0
2.0
3.0
3.0
2.0
2.0
2.0
3.0
2.0
2.0
2.0
2.0
2.0
2.0
3.0
2.0
2.0
21.0
19.0
11.0
11.0
6.0
21.0
19.0
11.0
21.0
6.0
17.0
12.0
11.0
8.0
3.0
40.0
12.0
7.0
7.0
2.0
22.0
5.0
3.0
2.0
2.0
22.0
2.0
4.0
2.0
2.0
20.0
2.0
2.0
2.0
2.0
16.0
3.0
2.0
2.0
3.0
14.0
2.0
3.0
4.0
2.0
2.0
2.0
2.0
2.0
3.0
19.0
5.0
6.0
3.0
1.0
20.0
11.0
6.0
2.0
2.0
12.0
2.0
2.0
2.0
3.0
9.0
2.0
3.0
2.0
2.0
5.0
2.0
2.0
2.0
2.0
2.0
3.0
3.0
2.0
2.0
2.0
4.0
2.0
2.0
2.0
2.0
2.0
2.0
4.0
3.0
3.0
2.0
2.0
3.0
2.0
2.0
2.0
2.0
2.0
2.0
21.0
36.0
12.0
12.0
6.0
17.0
19.0
11.0
11.0
11.0
21.0
12.0
11.0
8.0
3.0
41.0
11.0
6.0
7.0
2.0
21.0
5.0
2.0
2.0
2.0
22.0
2.0
2.0
2.0
2.0
20.0
2.0
2.0
2.0
2.0
16.0
1.0
2.0
2.0
3.0
12.0
3.0
3.0
2.0
2.0
2.0
2.0
3.0
2.0
2.0
20.0
6.0
11.0
3.0
2.0
19.0
5.0
6.0
2.0
2.0
12.0
2.0
3.0
1.0
2.0
11.0
3.0
1.0
2.0
2.0
9.0
2.0
2.0
2.0
2.0
3.0
2.0
2.0
2.0
2.0
2.0
2.0
2.0
4.0
2.0
2.0
2.0
2.0
2.0
3.0
1.0
2.0
4.0
3.0
2.0
3.0
3.0
3.0
2.0
2.0
21.0
19.0
12.0
9.0
6.0
22.0
19.0
21.0
11.0
11.0
21.0
10.0
11.0
7.0
4.0
39.0
11.0
6.0
7.0
2.0
22.0
5.0
4.0
2.0
2.0
21.0
2.0
2.0
3.0
3.0
16.0
2.0
2.0
2.0
2.0
16.0
3.0
4.0
2.0
2.0
14.0
2.0
2.0
3.0
3.0
3.0
2.0
2.0
2.0
4.0
18.0
6.0
6.0
3.0
2.0
19.0
5.0
11.0
2.0
2.0
11.0
3.0
2.0
2.0
3.0
11.0
2.0
2.0
2.0
2.0
4.0
2.0
3.0
2.0
2.0
2.0
2.0
2.0
4.0
2.0
2.0
2.0
3.0
2.0
2.0
3.0
2.0
2.0
2.0
1.0
2.0
3.0
2.0
2.0
4.0
2.0
2.0
2.0
2.0
2.0
21.0
19.0
17.0
18.0
5.0
22.0
19.0
12.0
11.0
6.0
22.0
12.0
12.0
7.0
3.0
32.0
11.0
7.0
7.0
3.0
21.0
5.0
3.0
2.0
2.0
22.0
2.0
2.0
2.0
2.0
21.0
2.0
2.0
2.0
3.0
17.0
2.0
2.0
2.0
3.0
22.0
2.0
3.0
3.0
2.0
3.0
2.0
2.0
2.0
2.0
19.0
6.0
6.0
2.0
2.0
20.0
6.0
6.0
2.0
2.0
11.0
3.0
2.0
2.0
2.0
11.0
2.0
2.0
3.0
2.0
5.0
2.0
2.0
2.0
2.0
3.0
2.0
2.0
2.0
2.0
2.0
3.0
2.0
3.0
3.0
2.0
3.0
2.0
3.0
3.0
2.0
2.0
3.0
2.0
2.0
3.0
2.0
2.0
2.0
2.0
2210.0
2178.0
2594.0
2146.0
1992.0
2160.0
2637.0
2057.0
2152.0
2164.0
2139.0
2137.0
2076.0
2115.0
2061.0
2104.0
2078.0
2115.0
2088.0
2134.0
2113.0
2129.0
2102.0
2086.0
2064.0
2129.0
2082.0
2115.0
2070.0
2049.0
2047.0
2013.0
2006.0
2011.0
2010.0
2022.0
2008.0
2055.0
2119.0
2073.0
2105.0
2070.0
2071.0
2091.0
2073.0
1180.0
1206.0
1139.0
1135.0
1137.0
2121.0
2118.0
2100.0
2076.0
2084.0
2114.0
2170.0
2105.0
2129.0
2108.0
2141.0
2151.0
2096.0
2160.0
2078.0
2071.0
2078.0
2125.0
2105.0
2122.0
2105.0
2075.0
2105.0
2120.0
2106.0
2074.0
2069.0
2097.0
2095.0
2118.0
2065.0
2096.0
2119.0
2069.0
2129.0
2048.0
2050.0
2083.0
2092.0
2070.0
2003.0
2006.0
2098.0
1122.0
1115.0
1148.0
1129.0
1119.0
1122.0
1116.0
2124.0
2114.0
2086.0
2068.0
2073.0
2142.0
2068.0
2094.0
2069.0
2010.0
2085.0
2085.0
2072.0
2070.0
2075.0
2085.0
2085.0
2079.0
2081.0
2043.0
2083.0
2087.0
2071.0
2079.0
2072.0
2089.0
2076.0
2074.0
2080.0
2086.0
2119.0
2150.0
2100.0
2087.0
2084.0
2136.0
2084.0
2196.0
2082.0
2082.0
2073.0
2128.0
2062.0
2057.0
2097.0
1212.0
1219.0
1221.0
1212.0
1210.0
2106.0
2122.0
2091.0
2087.0
2143.0
2131.0
2091.0
2066.0
2068.0
2123.0
2017.0
2008.0
2031.0
2014.0
2096.0
2089.0
2119.0
2064.0
2069.0
2132.0
2048.0
2054.0
2050.0
2047.0
2007.0
2104.0
2105.0
2069.0
2078.0
2117.0
2080.0
2104.0
2097.0
2072.0
2055.0
2095.0
2055.0
2045.0
2066.0
2087.0
2053.0
2062.0
2049.0
1180.0
1192.0
1122.0
1121.0
1123.0
1120.0
1121.0
2069.0
2069.0
2062.0
2071.0
2077.0
2096.0
2155.0
2088.0
2059.0
2058.0
2102.0
2129.0
2076.0
2055.0
2061.0
2051.0
2090.0
2077.0
2064.0
2106.0
2108.0
2108.0
2058.0
2059.0
2124.0
2067.0
2049.0
2117.0
2115.0
2085.0
2098.0
2121.0
2077.0
2068.0
2067.0
2143.0
2052.0
2161.0
2048.0
2115.0
2034.0
2077.0
2075.0
2108.0
2058.0
1135.0
1134.0
1145.0
1124.0
1129.0
2101.0
2042.0
2086.0
2069.0
2077.0
2087.0
2058.0
2068.0
2063.0
2059.0
2108.0
2068.0
2105.0
2090.0
2074.0
2177.0
2054.0
2010.0
2017.0
2010.0
2059.0
2044.0
2054.0
2048.0
2078.0
2081.0
2081.0
2039.0
2031.0
2037.0
2083.0
2066.0
2082.0
2083.0
2079.0
2060.0
2085.0
2086.0
2071.0
2091.0
2035.0
2041.0
2057.0
1207.0
1197.0
1188.0
1200.0
1172.0
1167.0
1181.0
2084.0
2056.0
2103.0
2070.0
2056.0
2069.0
2092.0
2058.0
2048.0
2047.0
2019.0
2008.0
2067.0
2060.0
2081.0
2065.0
2074.0
2107.0
2063.0
2068.0
2106.0
2083.0
2052.0
2015.0
2062.0
2082.0
2090.0
2082.0
2131.0
2116.0
2116.0
2105.0
2052.0
2078.0
2010.0
2026.0
2009.0
2051.0
2098.0
2158.0
2104.0
2115.0
2054.0
2102.0
2045.0
1157.0
1170.0
1130.0
1146.0
1145.0
2050.0
2051.0
2055.0
2102.0
2087.0
2097.0
2099.0
2060.0
2091.0
2058.0
2104.0
2102.0
2079.0
2107.0
2142.0
2102.0
2107.0
2119.0
2103.0
2087.0
2064.0
2110.0
2066.0
2070.0
2058.0
2056.0
2068.0
2072.0
2056.0
2068.0
2079.0
2080.0
2103.0
2074.0
2047.0
2079.0
2059.0
2064.0
2067.0
2061.0
2069.0
2062.0
2065.0
1127.0
1145.0
1123.0
1129.0
1116.0
1128.0
1120.0
2076.0
2049.0
2053.0
2038.0
2033.0
2046.0
2046.0
2029.0
2046.0
2085.0
2152.0
2105.0
2100.0
2103.0
2080.0
2143.0
2123.0
2069.0
2029.0
2000.0
2083.0
2077.0
2047.0
2081.0
2050.0
2095.0
2074.0
2052.0
2038.0
2042.0
2110.0
2078.0
2113.0
2070.0
2104.0
2071.0
2112.0
2103.0
2095.0
2071.0
2062.0
2063.0
2074.0
2085.0
2041.0
1160.0
1191.0
1235.0
1153.0
1210.0
2113.0
2102.0
2066.0
2112.0
2057.0
2078.0
2065.0
2069.0
2096.0
2089.0
2090.0
2100.0
2083.0
2127.0
2078.0
2103.0
2044.0
2059.0
2071.0
2065.0
2010.0
2049.0
2040.0
2070.0
2064.0
2084.0
2106.0
2059.0
2062.0
2068.0
2048.0
2015.0
2034.0
2054.0
2050.0
2089.0
2066.0
2081.0
2061.0
2062.0
2064.0
2044.0
2042.0
1124.0
1119.0
1124.0
1124.0
1123.0
1123.0
1115.0
2064.0
2047.0
2079.0
2069.0
2072.0
2075.0
2076.0
2079.0
2111.0
2072.0
2092.0
2154.0
2105.0
2080.0
2077.0
2112.0
2110.0
2072.0
2062.0
2078.0
2071.0
2057.0
2061.0
2048.0
2054.0
2081.0
2055.0
2109.0
2058.0
2067.0
2077.0
2087.0
2032.0
2031.0
2031.0
2059.0
2041.0
2055.0
2091.0
2053.0
2127.0
2113.0
2136.0
2078.0
2077.0
1117.0
1117.0
1178.0
1189.0
1170.0
2093.0
2074.0
2012.0
2003.0
2026.0
2068.0
2061.0
2102.0
2046.0
2057.0
2081.0
2051.0
2035.0
2048.0
2032.0
2046.0
2056.0
2093.0
2091.0
2094.0
2069.0
2067.0
2071.0
2074.0
2066.0
1994.0
2009.0
2104.0
2098.0
2066.0
2088.0
2053.0
2085.0
2097.0
2087.0
2067.0
2072.0
2057.0
2065.0
2083.0
2091.0
2090.0
2044.0
1197.0
1162.0
1192.0
1144.0
1116.0
1136.0
1130.0
2065.0
2058.0
2057.0
2060.0
2061.0
2084.0
2145.0
2059.0
2205.0
2057.0
2092.0
2105.0
2097.0
2109.0
2047.0
2057.0
2059.0
2051.0
2053.0
2050.0
2097.0
2107.0
2064.0
2143.0
2098.0
2101.0
2079.0
2105.0
2048.0
2113.0
2033.0
2027.0
2067.0
2094.0
2080.0
2131.0
2121.0
2120.0
2118.0
2105.0
2091.0
2097.0
2006.0
2089.0
2054.0
1120.0
1125.0
1123.0
1119.0
1121.0
2089.0
2078.0
2081.0
2049.0
2073.0
2085.0
2055.0
2063.0
2018.0
2040.0
2086.0
2053.0
2044.0
2118.0
2093.0
2107.0
2075.0
2050.0
2065.0
2039.0
2077.0
2039.0
2090.0
2051.0
2075.0
2096.0
2050.0
2084.0
2060.0
2036.0
2048.0
2039.0
2056.0
2091.0
2092.0
2064.0
2059.0
2102.0
2099.0
2079.0
2057.0
2089.0
2055.0
1193.0
1209.0
1204.0
1206.0
1192.0
1163.0
1172.0
2022.0
2092.0
2050.0
2088.0
2085.0
2164.0
2096.0
2088.0
2136.0
2124.0
2121.0
2020.0
2099.0
2069.0
2090.0
2120.0
2069.0
2064.0
2081.0
2060.0
2078.0
2036.0
2037.0
2030.0
2041.0
2096.0
2057.0
2102.0
2101.0
2053.0
2104.0
2069.0
2058.0
2047.0
2035.0
2058.0
2084.0
2108.0
2093.0
2100.0
2090.0
2089.0
2105.0
2080.0
2110.0
1192.0
1138.0
1165.0
1138.0
1153.0
2181.0
2062.0
2052.0
2050.0
2071.0
2123.0
2065.0
2078.0
2049.0
2075.0
2071.0
2110.0
2095.0
2053.0
2081.0
2114.0
2101.0
2089.0
2093.0
2091.0
2071.0
2042.0
2034.0
2030.0
2039.0
2060.0
2055.0
2051.0
2049.0
2053.0
2074.0
2090.0
2081.0
2075.0
2056.0
2120.0
2074.0
2071.0
2072.0
2071.0
2085.0
2077.0
2079.0
1119.0
1130.0
1130.0
1128.0
1129.0
1125.0
1164.0
2089.0
2066.0
2054.0
2054.0
2114.0
2062.0
2019.0
2073.0
2062.0
2051.0
2065.0
2065.0
2059.0
2061.0
2048.0
2065.0
2044.0
2072.0
2132.0
2079.0
2152.0
2128.0
2092.0
2096.0
2125.0
2105.0
2083.0
2004.0
2066.0
2093.0
2094.0
2068.0
2061.0
2058.0
2053.0
2061.0
2084.0
2037.0
2032.0
2011.0
2075.0
2071.0
2051.0
2089.0
2093.0
1220.0
1204.0
1177.0
1162.0
1226.0
2109.0
2105.0
2047.0
2060.0
2062.0
2078.0
2069.0
2081.0
2083.0
2070.0
2097.0
2089.0
2065.0
2064.0
2050.0
2053.0
2114.0
2077.0
2060.0
2073.0
2099.0
2065.0
2068.0
2065.0
2081.0
2082.0
2052.0
2056.0
2051.0
2036.0
2049.0
2100.0
2094.0
2070.0
2109.0
2044.0
2088.0
2097.0
2105.0
2084.0
2023.0
2042.0
1954.0
1127.0
1120.0
1137.0
1151.0
1109.0
1123.0
1139.0
