5.0
5.0
5.0
4.0
4.0
4.0
5.0
5.0
5.0
5.0
5.0
5.0
6.0
5.0
5.0
5.0
5.0
5.0
6.0
5.0
5.0
5.0
6.0
4.0
5.0
5.0
5.0
5.0
6.0
4.0
6.0
5.0
5.0
4.0
5.0
5.0
6.0
5.0
5.0
5.0
6.0
5.0
5.0
5.0
6.0
5.0
5949.0
5954.0
5965.0
5.0
4.0
5.0
5.0
5.0
4.0
5.0
5.0
4.0
4.0
5.0
4.0
5.0
4.0
5.0
5.0
5.0
4.0
5.0
4.0
4.0
4.0
5.0
4.0
5.0
4.0
5.0
5.0
5.0
4.0
5.0
4.0
4.0
4.0
5.0
4.0
5959.0
5948.0
5957.0
5955.0
6.0
5.0
5.0
4.0
5.0
4.0
5.0
4.0
5.0
4.0
5.0
4.0
5.0
4.0
4.0
4.0
5.0
4.0
5.0
4.0
5.0
4.0
4.0
4.0
5.0
5.0
4.0
4.0
5.0
4.0
4.0
4.0
5.0
5.0
4.0
4.0
6016.0
5974.0
6009.0
5.0
4.0
4.0
4.0
5.0
4.0
5.0
4.0
5.0
5.0
5.0
4.0
4.0
4.0
5.0
4.0
5.0
4.0
5.0
5.0
5.0
4.0
5.0
4.0
4.0
4.0
5.0
4.0
5.0
4.0
5.0
4.0
5.0
4.0
5.0
4.0
6025.0
6003.0
6014.0
6015.0
5.0
5.0
65.0
65.0
4.0
4.0
4.0
4.0
4.0
4.0
5.0
4.0
5.0
4.0
4.0
4.0
4.0
4.0
4.0
4.0
4.0
4.0
4.0
4.0
4.0
4.0
4.0
4.0
4.0
4.0
4.0
4.0
4.0
4.0
5.0
4.0
5950.0
5963.0
5935.0
5950.0
5.0
5.0
6.0
4.0
5.0
4.0
5.0
5.0
4.0
4.0
4.0
4.0
5.0
4.0
5.0
3.0
4.0
4.0
4.0
4.0
5.0
5.0
5.0
5.0
5.0
4.0
4.0
4.0
4.0
4.0
4.0
4.0
4.0
4.0
4.0
4.0
4.0
4.0
4.0
3.0
5.0
5.0
5.0
5.0
5.0
5.0
5.0
5.0
5.0
3.0
4.0
3.0
4.0
3.0
4.0
3.0
4.0
4.0
4.0
4.0
5.0
5.0
5.0
5.0
5.0
4.0
5.0
4.0
4.0
4.0
4.0
4.0
4.0
4.0
4.0
4.0
5.0
4.0
4.0
3.0
5.0
5.0
5.0
5.0
5.0
5.0
5.0
5.0
4.0
3.0
4.0
3.0
4.0
3.0
4.0
3.0
4.0
4.0
4.0
4.0
5.0
5.0
5.0
4.0
5.0
4.0
5.0
4.0
4.0
4.0
4.0
4.0
4.0
4.0
4.0
4.0
4.0
3.0
4.0
4.0
5.0
5.0
5.0
5.0
6.0
5.0
5.0
4.0
4.0
4.0
4.0
3.0
4.0
4.0
4.0
4.0
4.0
4.0
4.0
3.0
6.0
4.0
5.0
4.0
5.0
4.0
5.0
5.0
4.0
3.0
4.0
4.0
4.0
4.0
4.0
3.0
4.0
3.0
4.0
3.0
5.0
5.0
5.0
5.0
5.0
5.0
4.0
4.0
4.0
4.0
4.0
3.0
4.0
3.0
4.0
4.0
4.0
4.0
4.0
4.0
5.0
4.0
5.0
4.0
5.0
4.0
5.0
4.0
4.0
4.0
4.0
4.0
4.0
4.0
4.0
4.0
4.0
3.0
4.0
3.0
5.0
4.0
5.0
5.0
5.0
5.0
5.0
5.0
4.0
3.0
4.0
4.0
4.0
3.0
4.0
3.0
4.0
4.0
4.0
4.0
5.0
5.0
5.0
5.0
5.0
4.0
5.0
4.0
4.0
4.0
4.0
3.0
4.0
4.0
4.0
4.0
4.0
3.0
3.0
3.0
5.0
4.0
5.0
4.0
5.0
4.0
5.0
4.0
4.0
3.0
4.0
4.0
4.0
4.0
4.0
3.0
4.0
3.0
4.0
3.0
5.0
4.0
5.0
5.0
5.0
5.0
5.0
5.0
3.0
3.0
4.0
4.0
3.0
3.0
4.0
3.0
4.0
4.0
4.0
4.0
5.0
5.0
5.0
5.0
4.0
4.0
4.0
4.0
4.0
4.0
4.0
3.0
4.0
3.0
4.0
3.0
4.0
4.0
4.0
4.0
5.0
4.0
4.0
4.0
5.0
4.0
5.0
4.0
4.0
4.0
4.0
4.0
4.0
4.0
4.0
4.0
4.0
4.0
4.0
3.0
5.0
4.0
5.0
4.0
5.0
4.0
5.0
5.0
4.0
3.0
28.0
28.0
28.0
28.0
28.0
27.0
27.0
27.0
28.0
27.0
5.0
4.0
5.0
5.0
5.0
5.0
5.0
5.0
4.0
3.0
4.0
4.0
3.0
3.0
4.0
3.0
4.0
3.0
4.0
4.0
5998.0
5985.0
6013.0
6014.0
6014.0
6004.0
6016.0
6012.0
5923.0
5954.0
5938.0
5967.0
5933.0
5934.0
5945.0
3213.0
3219.0
5953.0
5977.0
5978.0
5976.0
5981.0
5980.0
5988.0
5986.0
5970.0
6054.0
5989.0
5989.0
5998.0
3267.0
3276.0
5.0
4.0
4.0
4.0
4.0
4.0
5.0
4.0
3.0
3.0
3.0
4.0
4.0
4.0
3.0
3.0
3.0
4.0
3.0
4.0
4.0
5.0
4.0
5.0
4.0
4.0
4.0
4.0
3.0
3.0
3.0
4.0
4.0
4.0
3.0
3.0
3.0
4.0
4.0
4.0
4.0
4.0
4.0
5.0
4.0
4.0
4.0
3.0
4.0
3.0
4.0
3.0
4.0
3.0
4.0
3.0
4.0
3.0
4.0
3.0
5.0
4.0
5.0
4.0
4.0
3.0
4.0
4.0
4.0
4.0
3.0
3.0
3.0
3.0
3.0
4.0
4.0
4.0
3.0
3.0
4.0
4.0
5.0
5.0
5.0
3.0
4.0
4.0
3.0
3.0
3.0
4.0
4.0
4.0
3.0
3.0
3.0
3.0
4.0
4.0
5.0
4.0
4.0
4.0
5.0
3.0
4.0
3.0
3.0
4.0
3.0
4.0
3.0
4.0
3.0
4.0
3.0
4.0
3.0
4.0
4.0
5.0
4.0
5.0
4.0
4.0
4.0
3.0
3.0
3.0
4.0
4.0
4.0
3.0
4.0
4.0
4.0
3.0
3.0
4.0
5.0
4.0
4.0
4.0
5.0
3.0
4.0
4.0
3.0
4.0
3.0
4.0
3.0
4.0
3.0
3.0
3.0
4.0
4.0
4.0
4.0
4.0
4.0
4.0
4.0
4.0
5.0
4.0
3.0
3.0
3.0
4.0
4.0
4.0
3.0
3.0
3.0
4.0
3.0
4.0
4.0
4.0
4.0
5.0
4.0
4.0
4.0
4.0
3.0
3.0
3.0
4.0
4.0
4.0
3.0
3.0
3.0
4.0
4.0
4.0
4.0
4.0
4.0
4.0
4.0
4.0
4.0
4.0
3.0
3.0
3.0
4.0
4.0
4.0
3.0
3.0
3.0
4.0
4.0
4.0
4.0
4.0
4.0
5.0
4.0
4.0
4.0
4.0
3.0
3.0
3.0
4.0
4.0
4.0
3.0
3.0
3.0
4.0
4.0
4.0
4.0
4.0
4.0
5.0
4.0
3.0
4.0
4.0
4.0
3.0
3.0
3.0
4.0
4.0
4.0
3.0
3.0
3.0
4.0
4.0
5.0
4.0
4.0
4.0
4.0
4.0
4.0
4.0
3.0
4.0
3.0
4.0
3.0
3.0
3.0
4.0
4.0
4.0
3.0
3.0
4.0
5.0
5.0
5.0
4.0
3.0
4.0
3.0
4.0
3.0
4.0
3.0
4.0
3.0
4.0
3.0
4.0
3.0
4.0
3.0
5.0
4.0
5.0
4.0
4.0
3.0
4.0
4.0
4.0
4.0
3.0
3.0
3.0
4.0
4.0
4.0
3.0
3.0
3.0
3.0
5.0
4.0
5.0
4.0
5.0
3.0
4.0
3.0
4.0
4.0
4.0
3.0
3.0
3.0
4.0
4.0
4.0
3.0
3.0
3.0
5.0
5.0
4.0
4.0
4.0
4.0
4.0
3.0
3.0
4.0
4.0
4.0
3.0
3.0
3.0
4.0
4.0
4.0
3.0
3.0
6005.0
6003.0
6005.0
5985.0
5973.0
5967.0
5954.0
5947.0
5948.0
5959.0
5988.0
5990.0
5996.0
5972.0
5980.0
5968.0
5972.0
6004.0
3276.0
3283.0
5995.0
6015.0
6008.0
6065.0
6055.0
6067.0
6069.0
6072.0
6072.0
5978.0
6068.0
6066.0
6065.0
6116.0
6118.0
6139.0
6078.0
6120.0
3331.0
3356.0
5.0
3.0
5.0
3.0
4.0
3.0
4.0
4.0
4.0
3.0
3.0
45.0
46.0
45.0
3.0
3.0
4.0
4.0
4.0
3.0
4.0
3.0
5.0
4.0
4.0
3.0
3.0
4.0
4.0
4.0
3.0
3.0
3.0
4.0
4.0
4.0
3.0
3.0
3.0
4.0
5.0
4.0
4.0
3.0
4.0
4.0
4.0
4.0
3.0
3.0
3.0
4.0
4.0
3.0
3.0
3.0
3.0
4.0
4.0
3.0
5.0
3.0
4.0
4.0
4.0
4.0
3.0
4.0
3.0
3.0
4.0
3.0
3.0
3.0
3.0
4.0
4.0
4.0
4.0
3.0
4.0
3.0
4.0
3.0
5.0
4.0
4.0
4.0
3.0
3.0
3.0
3.0
4.0
4.0
4.0
4.0
3.0
3.0
3.0
3.0
5.0
4.0
5.0
4.0
5.0
4.0
4.0
4.0
3.0
3.0
4.0
4.0
3.0
3.0
4.0
4.0
4.0
4.0
3.0
3.0
5.0
4.0
5.0
4.0
5.0
4.0
4.0
4.0
4.0
3.0
4.0
4.0
4.0
4.0
4.0
3.0
3.0
4.0
3.0
3.0
5.0
3.0
4.0
3.0
4.0
4.0
3.0
4.0
3.0
3.0
4.0
3.0
4.0
4.0
3.0
4.0
3.0
3.0
4.0
3.0
5.0
4.0
4.0
3.0
4.0
4.0
3.0
3.0
3.0
3.0
4.0
4.0
4.0
4.0
3.0
3.0
3.0
3.0
4.0
4.0
5.0
4.0
4.0
3.0
4.0
4.0
3.0
4.0
3.0
3.0
4.0
3.0
4.0
4.0
3.0
3.0
3.0
3.0
4.0
4.0
5.0
4.0
4.0
3.0
4.0
4.0
3.0
3.0
3.0
3.0
4.0
4.0
4.0
4.0
3.0
3.0
3.0
3.0
4.0
4.0
5.0
4.0
4.0
3.0
4.0
4.0
3.0
4.0
3.0
3.0
4.0
3.0
4.0
4.0
3.0
4.0
3.0
3.0
4.0
3.0
5.0
4.0
4.0
3.0
4.0
4.0
3.0
3.0
3.0
3.0
4.0
3.0
4.0
4.0
3.0
3.0
3.0
3.0
4.0
4.0
5.0
4.0
4.0
3.0
4.0
4.0
3.0
4.0
3.0
3.0
4.0
3.0
4.0
4.0
3.0
3.0
3.0
3.0
4.0
4.0
26.0
25.0
25.0
24.0
4.0
4.0
3.0
4.0
3.0
4.0
4.0
3.0
3.0
3.0
3.0
3.0
4.0
4.0
4.0
4.0
4.0
3.0
4.0
3.0
4.0
4.0
4.0
4.0
3.0
4.0
3.0
3.0
4.0
3.0
4.0
4.0
3.0
4.0
3.0
3.0
5.0
3.0
4.0
3.0
4.0
4.0
3.0
4.0
3.0
3.0
4.0
3.0
4.0
4.0
3.0
4.0
3.0
3.0
4.0
3.0
5.0
4.0
4.0
3.0
4.0
3.0
3.0
4.0
3.0
3.0
4.0
3.0
4.0
4.0
3.0
3.0
3.0
3.0
4.0
4.0
6174.0
6173.0
6173.0
6248.0
6280.0
6337.0
6269.0
6241.0
6227.0
6095.0
6093.0
6097.0
5973.0
5974.0
5980.0
5971.0
3278.0
3263.0
5931.0
5945.0
5948.0
5935.0
5941.0
5933.0
5941.0
5937.0
5949.0
6042.0
6015.0
5994.0
6011.0
6010.0
3279.0
3287.0
4.0
4.0
4.0
3.0
4.0
4.0
4.0
3.0
3.0
4.0
4.0
3.0
3.0
3.0
3.0
4.0
4.0
3.0
3.0
3.0
5.0
3.0
4.0
3.0
4.0
4.0
3.0
4.0
4.0
3.0
3.0
4.0
4.0
3.0
3.0
3.0
4.0
4.0
3.0
3.0
5.0
4.0
4.0
3.0
4.0
3.0
4.0
3.0
3.0
3.0
4.0
3.0
3.0
4.0
4.0
3.0
3.0
3.0
4.0
4.0
4.0
3.0
5.0
3.0
5.0
3.0
3.0
3.0
4.0
3.0
3.0
4.0
4.0
3.0
3.0
3.0
4.0
4.0
3.0
3.0
5.0
4.0
4.0
3.0
4.0
3.0
4.0
4.0
3.0
3.0
4.0
3.0
3.0
4.0
4.0
3.0
3.0
4.0
4.0
3.0
4.0
3.0
5.0
3.0
5.0
3.0
4.0
3.0
3.0
3.0
4.0
4.0
3.0
3.0
4.0
4.0
3.0
3.0
3.0
3.0
5.0
4.0
4.0
3.0
4.0
4.0
3.0
4.0
4.0
3.0
3.0
4.0
3.0
3.0
3.0
3.0
4.0
4.0
3.0
3.0
4.0
4.0
4.0
4.0
4.0
3.0
4.0
3.0
3.0
4.0
4.0
3.0
3.0
4.0
4.0
3.0
3.0
3.0
4.0
4.0
4.0
3.0
5.0
3.0
4.0
3.0
4.0
3.0
3.0
3.0
4.0
3.0
3.0
3.0
4.0
4.0
3.0
3.0
4.0
4.0
4.0
3.0
4.0
3.0
5.0
3.0
3.0
3.0
4.0
3.0
3.0
4.0
4.0
3.0
3.0
3.0
4.0
3.0
3.0
3.0
5.0
4.0
4.0
3.0
4.0
4.0
3.0
4.0
4.0
3.0
3.0
4.0
4.0
3.0
3.0
3.0
4.0
4.0
3.0
3.0
4.0
3.0
5.0
4.0
4.0
3.0
4.0
3.0
3.0
4.0
4.0
3.0
3.0
4.0
4.0
3.0
3.0
3.0
4.0
4.0
4.0
3.0
5.0
3.0
4.0
3.0
3.0
3.0
4.0
3.0
3.0
4.0
4.0
3.0
3.0
4.0
4.0
3.0
3.0
3.0
5.0
4.0
4.0
3.0
4.0
4.0
3.0
4.0
3.0
3.0
3.0
3.0
3.0
4.0
3.0
3.0
3.0
4.0
4.0
3.0
4.0
3.0
5.0
4.0
4.0
3.0
4.0
3.0
3.0
4.0
4.0
3.0
3.0
4.0
4.0
3.0
3.0
3.0
3.0
3.0
4.0
3.0
5.0
3.0
5.0
3.0
4.0
3.0
3.0
3.0
4.0
4.0
3.0
3.0
4.0
3.0
3.0
3.0
3.0
3.0
5.0
4.0
4.0
3.0
4.0
4.0
3.0
4.0
4.0
3.0
3.0
4.0
3.0
3.0
4.0
3.0
3.0
4.0
4.0
3.0
4.0
3.0
5.0
4.0
4.0
3.0
4.0
3.0
3.0
4.0
4.0
3.0
3.0
3.0
4.0
4.0
3.0
3.0
4.0
4.0
6029.0
5940.0
5941.0
6005.0
5988.0
6018.0
6001.0
5993.0
5988.0
5988.0
5998.0
5985.0
5954.0
5947.0
5970.0
5971.0
3252.0
3245.0
5996.0
5996.0
6001.0
6009.0
6028.0
6043.0
6030.0
6066.0
6065.0
6057.0
6071.0
6059.0
6031.0
6084.0
3316.0
3303.0
4.0
3.0
4.0
4.0
3.0
3.0
4.0
4.0
3.0
3.0
4.0
3.0
3.0
4.0
4.0
3.0
3.0
4.0
4.0
3.0
4.0
3.0
3.0
4.0
4.0
3.0
3.0
3.0
3.0
3.0
3.0
3.0
4.0
4.0
3.0
3.0
4.0
4.0
3.0
3.0
4.0
4.0
3.0
4.0
4.0
3.0
3.0
4.0
4.0
3.0
3.0
3.0
4.0
4.0
3.0
3.0
4.0
4.0
3.0
3.0
4.0
4.0
3.0
3.0
4.0
3.0
3.0
4.0
4.0
3.0
3.0
3.0
4.0
4.0
3.0
3.0
4.0
3.0
3.0
3.0
4.0
3.0
4.0
4.0
3.0
3.0
4.0
3.0
3.0
4.0
4.0
3.0
3.0
4.0
4.0
3.0
3.0
3.0
4.0
4.0
4.0
3.0
4.0
3.0
3.0
3.0
4.0
3.0
3.0
4.0
4.0
3.0
3.0
4.0
4.0
3.0
3.0
3.0
4.0
3.0
4.0
3.0
4.0
4.0
4.0
3.0
3.0
3.0
3.0
3.0
3.0
3.0
4.0
4.0
3.0
3.0
4.0
4.0
3.0
3.0
4.0
3.0
4.0
4.0
3.0
3.0
4.0
3.0
3.0
3.0
4.0
3.0
3.0
4.0
4.0
3.0
3.0
4.0
4.0
3.0
4.0
3.0
3.0
4.0
4.0
4.0
4.0
3.0
3.0
4.0
4.0
3.0
4.0
4.0
3.0
3.0
3.0
3.0
4.0
4.0
4.0
3.0
4.0
3.0
3.0
4.0
4.0
3.0
3.0
3.0
4.0
3.0
3.0
3.0
4.0
4.0
3.0
3.0
3.0
4.0
4.0
3.0
4.0
3.0
3.0
3.0
3.0
4.0
4.0
3.0
3.0
4.0
3.0
3.0
4.0
3.0
3.0
3.0
3.0
3.0
5.0
4.0
4.0
3.0
3.0
4.0
4.0
3.0
3.0
4.0
4.0
3.0
4.0
4.0
3.0
3.0
4.0
3.0
3.0
3.0
4.0
4.0
31.0
31.0
4.0
3.0
4.0
4.0
3.0
3.0
4.0
4.0
3.0
3.0
4.0
4.0
3.0
3.0
4.0
4.0
4.0
3.0
3.0
4.0
4.0
3.0
3.0
4.0
4.0
3.0
4.0
4.0
3.0
4.0
4.0
3.0
3.0
3.0
4.0
3.0
4.0
3.0
3.0
4.0
4.0
3.0
3.0
4.0
4.0
3.0
4.0
4.0
3.0
3.0
4.0
3.0
3.0
3.0
4.0
4.0
4.0
3.0
4.0
3.0
3.0
4.0
4.0
3.0
3.0
4.0
4.0
3.0
3.0
3.0
4.0
4.0
3.0
3.0
4.0
3.0
5.0
3.0
3.0
3.0
4.0
3.0
3.0
4.0
4.0
3.0
3.0
4.0
4.0
3.0
3.0
3.0
4.0
4.0
4.0
4.0
4.0
3.0
3.0
3.0
4.0
3.0
3.0
4.0
4.0
3.0
3.0
4.0
4.0
3.0
3.0
3.0
4.0
4.0
3.0
3.0
6076.0
6076.0
6195.0
6186.0
6192.0
6174.0
6188.0
6189.0
6223.0
6242.0
6283.0
6325.0
6267.0
6342.0
6266.0
6340.0
6245.0
3442.0
3437.0
3441.0
6002.0
5995.0
5986.0
5986.0
5988.0
5986.0
5990.0
6000.0
5988.0
5919.0
5927.0
5574.0
5529.0
5512.0
5505.0
3232.0
3235.0
3230.0
