6.0
4.0
6.0
3.0
3.0
3.0
3.0
4.0
6.0
5.0
24.0
24.0
14.0
14.0
14.0
13.0
13.0
14.0
24.0
24.0
43.0
43.0
43.0
43.0
42.0
42.0
77.0
76.0
76.0
76.0
43.0
43.0
43.0
43.0
43.0
42.0
42.0
42.0
42.0
42.0
43.0
43.0
77.0
76.0
76.0
76.0
43.0
43.0
42.0
42.0
43.0
43.0
78.0
78.0
77.0
77.0
42.0
42.0
43.0
43.0
43.0
36.0
35.0
43.0
42.0
42.0
42.0
42.0
80.0
80.0
55.0
55.0
34.0
45.0
45.0
46.0
46.0
45.0
43.0
43.0
43.0
43.0
43.0
42.0
42.0
43.0
34.0
77.0
77.0
42.0
43.0
43.0
43.0
43.0
44.0
43.0
34.0
43.0
42.0
42.0
42.0
43.0
43.0
42.0
35.0
77.0
77.0
34.0
41.0
43.0
43.0
42.0
42.0
43.0
42.0
35.0
35.0
42.0
42.0
43.0
1496.0
1364.0
1363.0
1377.0
1348.0
1289.0
1227.0
1540.0
1362.0
1361.0
2731.0
2788.0
2798.0
2798.0
2799.0
2779.0
2778.0
2778.0
2775.0
2801.0
2793.0
2799.0
2742.0
2753.0
2808.0
2755.0
2755.0
2826.0
2838.0
2816.0
2870.0
2788.0
2797.0
2828.0
2833.0
2826.0
2870.0
2808.0
2740.0
2736.0
2778.0
2795.0
2758.0
2795.0
2797.0
2789.0
2792.0
2796.0
2784.0
2743.0
2912.0
2900.0
2982.0
2827.0
2843.0
2848.0
2839.0
2860.0
2827.0
2877.0
2753.0
2754.0
2774.0
2758.0
2791.0
2789.0
2809.0
2836.0
2756.0
2811.0
2822.0
2848.0
2810.0
2882.0
2875.0
2820.0
2819.0
2876.0
2860.0
2867.0
2740.0
2766.0
2757.0
2807.0
2784.0
2793.0
2771.0
2778.0
2810.0
2781.0
14.0
24.0
24.0
14.0
13.0
13.0
14.0
14.0
24.0
24.0
14.0
14.0
14.0
14.0
13.0
14.0
24.0
24.0
24.0
23.0
14.0
14.0
14.0
14.0
14.0
14.0
13.0
13.0
13.0
13.0
14.0
14.0
24.0
24.0
11.0
24.0
14.0
14.0
14.0
7.0
3.0
3.0
3.0
4.0
4.0
3.0
3.0
3.0
4.0
3.0
14.0
15.0
13.0
13.0
13.0
14.0
24.0
23.0
23.0
24.0
14.0
14.0
14.0
14.0
14.0
14.0
14.0
24.0
13.0
5.0
24.0
13.0
13.0
13.0
4.0
14.0
24.0
24.0
2.0
3.0
13.0
13.0
6.0
3.0
2.0
13.0
14.0
7.0
2.0
4.0
3.0
4.0
3.0
3.0
4.0
3.0
2.0
3.0
4.0
3.0
43.0
77.0
77.0
45.0
43.0
42.0
42.0
76.0
42.0
75.0
43.0
42.0
43.0
43.0
43.0
45.0
77.0
77.0
77.0
76.0
43.0
43.0
42.0
42.0
42.0
46.0
43.0
43.0
43.0
39.0
43.0
47.0
76.0
73.0
65.0
76.0
34.0
42.0
42.0
35.0
32.0
32.0
3.0
3.0
2.0
3.0
2.0
3.0
2.0
3.0
42.0
34.0
42.0
42.0
42.0
44.0
43.0
43.0
76.0
76.0
35.0
43.0
42.0
42.0
42.0
45.0
42.0
42.0
34.0
32.0
43.0
42.0
43.0
44.0
32.0
77.0
76.0
42.0
26.0
3.0
43.0
42.0
35.0
2.0
3.0
34.0
43.0
35.0
3.0
2.0
34.0
3.0
2.0
3.0
2.0
2.0
3.0
2.0
2.0
3.0
35.0
35.0
43.0
42.0
42.0
43.0
61.0
61.0
42.0
43.0
34.0
34.0
42.0
42.0
42.0
43.0
43.0
46.0
34.0
35.0
43.0
42.0
43.0
43.0
42.0
43.0
42.0
47.0
35.0
34.0
43.0
40.0
43.0
43.0
36.0
42.0
36.0
37.0
42.0
41.0
27.0
34.0
3.0
3.0
2.0
2.0
3.0
2.0
3.0
3.0
42.0
45.0
44.0
45.0
42.0
45.0
45.0
43.0
42.0
42.0
37.0
37.0
42.0
42.0
42.0
42.0
37.0
42.0
44.0
32.0
37.0
36.0
36.0
42.0
31.0
42.0
43.0
42.0
31.0
2.0
44.0
36.0
31.0
3.0
2.0
36.0
42.0
36.0
3.0
3.0
31.0
2.0
2.0
2.0
3.0
3.0
3.0
2.0
2.0
2.0
42.0
42.0
42.0
36.0
47.0
37.0
37.0
42.0
63.0
62.0
63.0
62.0
62.0
57.0
56.0
56.0
67.0
62.0
42.0
42.0
36.0
42.0
42.0
43.0
37.0
37.0
43.0
45.0
42.0
42.0
37.0
36.0
42.0
42.0
35.0
36.0
42.0
44.0
42.0
35.0
27.0
27.0
2.0
3.0
2.0
2.0
3.0
3.0
2.0
2.0
42.0
42.0
37.0
42.0
36.0
37.0
43.0
42.0
41.0
43.0
36.0
42.0
42.0
42.0
36.0
37.0
42.0
41.0
42.0
35.0
37.0
36.0
42.0
42.0
32.0
37.0
42.0
40.0
31.0
2.0
42.0
37.0
35.0
2.0
2.0
38.0
37.0
35.0
3.0
2.0
32.0
3.0
2.0
3.0
2.0
3.0
2.0
2.0
2.0
3.0
41.0
38.0
42.0
38.0
42.0
42.0
42.0
37.0
38.0
41.0
38.0
38.0
41.0
41.0
41.0
41.0
37.0
37.0
41.0
41.0
38.0
37.0
41.0
42.0
41.0
41.0
38.0
38.0
42.0
42.0
38.0
38.0
41.0
40.0
34.0
39.0
38.0
40.0
39.0
33.0
29.0
30.0
2.0
3.0
2.0
2.0
3.0
2.0
3.0
3.0
39.0
41.0
41.0
40.0
38.0
41.0
41.0
39.0
39.0
38.0
39.0
39.0
40.0
40.0
40.0
40.0
41.0
39.0
39.0
29.0
40.0
39.0
39.0
39.0
30.0
40.0
40.0
39.0
29.0
2.0
39.0
39.0
32.0
2.0
3.0
39.0
39.0
32.0
3.0
2.0
30.0
2.0
3.0
2.0
2.0
2.0
2.0
2.0
3.0
2.0
39.0
40.0
39.0
40.0
39.0
39.0
39.0
39.0
39.0
39.0
40.0
40.0
40.0
40.0
39.0
41.0
39.0
40.0
39.0
39.0
39.0
40.0
40.0
39.0
39.0
39.0
40.0
40.0
39.0
39.0
39.0
40.0
40.0
40.0
33.0
39.0
39.0
39.0
39.0
33.0
29.0
30.0
3.0
2.0
2.0
3.0
2.0
2.0
3.0
2.0
39.0
39.0
40.0
38.0
39.0
40.0
40.0
39.0
39.0
39.0
39.0
40.0
40.0
39.0
39.0
40.0
40.0
38.0
39.0
31.0
39.0
40.0
39.0
39.0
29.0
39.0
39.0
39.0
29.0
2.0
39.0
39.0
33.0
2.0
2.0
39.0
40.0
34.0
2.0
2.0
30.0
3.0
3.0
3.0
2.0
3.0
2.0
3.0
3.0
2.0
40.0
40.0
40.0
40.0
39.0
40.0
40.0
39.0
40.0
39.0
40.0
39.0
39.0
40.0
39.0
39.0
40.0
39.0
39.0
40.0
39.0
40.0
40.0
39.0
39.0
39.0
40.0
39.0
39.0
44.0
44.0
45.0
45.0
45.0
38.0
44.0
44.0
44.0
44.0
34.0
30.0
30.0
3.0
3.0
2.0
2.0
2.0
2.0
2.0
3.0
40.0
39.0
39.0
39.0
39.0
39.0
39.0
39.0
39.0
39.0
39.0
39.0
39.0
39.0
39.0
40.0
39.0
38.0
38.0
29.0
39.0
39.0
39.0
39.0
30.0
39.0
39.0
39.0
29.0
3.0
39.0
39.0
33.0
3.0
2.0
39.0
39.0
33.0
2.0
3.0
29.0
3.0
3.0
2.0
2.0
2.0
2.0
2.0
2.0
2.0
39.0
40.0
39.0
39.0
39.0
39.0
39.0
39.0
39.0
39.0
39.0
40.0
39.0
38.0
39.0
40.0
39.0
39.0
40.0
39.0
39.0
39.0
39.0
40.0
39.0
39.0
39.0
39.0
39.0
39.0
39.0
39.0
39.0
38.0
33.0
40.0
39.0
39.0
39.0
32.0
30.0
29.0
3.0
2.0
2.0
2.0
3.0
3.0
2.0
3.0
39.0
39.0
39.0
39.0
39.0
39.0
39.0
39.0
39.0
38.0
39.0
40.0
39.0
40.0
39.0
39.0
39.0
39.0
39.0
29.0
39.0
39.0
39.0
39.0
29.0
39.0
38.0
38.0
29.0
2.0
39.0
39.0
33.0
2.0
2.0
39.0
39.0
33.0
2.0
2.0
29.0
3.0
3.0
3.0
2.0
2.0
2.0
2.0
2.0
2.0
39.0
40.0
39.0
39.0
40.0
39.0
39.0
39.0
40.0
40.0
40.0
39.0
39.0
39.0
39.0
40.0
39.0
39.0
39.0
39.0
39.0
39.0
39.0
39.0
39.0
39.0
39.0
39.0
39.0
39.0
39.0
39.0
40.0
39.0
32.0
40.0
39.0
39.0
39.0
33.0
30.0
29.0
2.0
2.0
3.0
2.0
2.0
2.0
2.0
3.0
40.0
40.0
39.0
39.0
39.0
39.0
39.0
39.0
39.0
38.0
39.0
39.0
39.0
39.0
39.0
39.0
39.0
39.0
39.0
29.0
39.0
39.0
39.0
39.0
29.0
39.0
38.0
38.0
30.0
2.0
38.0
39.0
33.0
3.0
3.0
39.0
39.0
32.0
3.0
3.0
29.0
2.0
2.0
2.0
2.0
2.0
2.0
2.0
3.0
3.0
39.0
39.0
39.0
39.0
38.0
40.0
39.0
39.0
39.0
39.0
39.0
39.0
39.0
39.0
38.0
39.0
39.0
39.0
39.0
39.0
39.0
40.0
39.0
39.0
38.0
39.0
40.0
39.0
40.0
39.0
40.0
39.0
39.0
39.0
64.0
70.0
69.0
70.0
84.0
63.0
59.0
60.0
3.0
3.0
2.0
2.0
33.0
34.0
2.0
3.0
38.0
71.0
39.0
39.0
37.0
38.0
39.0
37.0
40.0
59.0
38.0
40.0
37.0
37.0
40.0
40.0
38.0
40.0
41.0
28.0
40.0
38.0
38.0
40.0
30.0
41.0
38.0
40.0
28.0
3.0
40.0
41.0
34.0
2.0
2.0
38.0
38.0
34.0
2.0
2.0
28.0
2.0
3.0
3.0
2.0
2.0
3.0
2.0
2.0
2.0
38.0
41.0
40.0
40.0
41.0
40.0
38.0
40.0
38.0
38.0
38.0
41.0
41.0
41.0
40.0
38.0
37.0
40.0
37.0
41.0
38.0
41.0
40.0
40.0
38.0
41.0
38.0
38.0
40.0
40.0
39.0
40.0
39.0
39.0
33.0
39.0
39.0
38.0
39.0
33.0
30.0
29.0
2.0
3.0
2.0
2.0
2.0
3.0
3.0
2.0
39.0
38.0
39.0
39.0
39.0
39.0
39.0
39.0
39.0
39.0
40.0
39.0
39.0
39.0
39.0
39.0
39.0
39.0
39.0
29.0
39.0
39.0
39.0
39.0
29.0
39.0
39.0
39.0
29.0
2.0
39.0
39.0
33.0
2.0
2.0
39.0
39.0
33.0
3.0
2.0
29.0
2.0
2.0
2.0
2.0
3.0
3.0
2.0
2.0
2.0
1271.0
1271.0
1272.0
1275.0
1271.0
1272.0
1270.0
1271.0
1271.0
1269.0
1326.0
1316.0
1316.0
1328.0
1314.0
1328.0
1316.0
1316.0
1325.0
1326.0
1333.0
1337.0
1343.0
1337.0
1322.0
1311.0
1332.0
1361.0
1319.0
1322.0
1267.0
1269.0
1269.0
1276.0
1275.0
1268.0
1275.0
1268.0
1278.0
1272.0
1309.0
1307.0
1297.0
1292.0
1287.0
2.0
3.0
2.0
3.0
2.0
1347.0
1345.0
1324.0
1347.0
1339.0
1309.0
1344.0
1336.0
1331.0
1316.0
1337.0
1342.0
1343.0
1348.0
1345.0
1267.0
1267.0
1266.0
1269.0
1267.0
1268.0
1282.0
1280.0
1284.0
1272.0
1326.0
1317.0
1321.0
1315.0
1293.0
1326.0
1339.0
1325.0
1302.0
1304.0
1374.0
1351.0
1352.0
1309.0
2.0
1366.0
1343.0
1347.0
2.0
2.0
2.0
3.0
3.0
2.0
2.0
2938.0
2862.0
2937.0
2780.0
2777.0
2799.0
2783.0
2781.0
2780.0
2798.0
2880.0
2891.0
2856.0
2779.0
2797.0
2820.0
2801.0
2819.0
2839.0
2942.0
2800.0
2807.0
2796.0
2797.0
2801.0
2801.0
2818.0
2805.0
2834.0
2824.0
2847.0
2826.0
2867.0
2760.0
2772.0
2787.0
2794.0
2773.0
2795.0
2769.0
2762.0
2765.0
2736.0
2789.0
2792.0
1495.0
1506.0
1509.0
1507.0
1522.0
2825.0
2805.0
2801.0
2768.0
2827.0
2789.0
2775.0
2882.0
2800.0
2794.0
2891.0
2889.0
2863.0
2911.0
2843.0
2906.0
2908.0
2825.0
2783.0
2801.0
2781.0
2783.0
2798.0
2800.0
2774.0
2801.0
2794.0
2816.0
2809.0
2775.0
2812.0
2807.0
2857.0
2805.0
2809.0
2836.0
2845.0
2848.0
2758.0
1459.0
2859.0
2772.0
2774.0
1455.0
1458.0
1457.0
1454.0
1472.0
1452.0
1538.0
2842.0
2855.0
2803.0
2852.0
2865.0
2844.0
2788.0
2794.0
2771.0
2766.0
2801.0
2838.0
2816.0
2831.0
2829.0
2792.0
2901.0
2875.0
2871.0
2865.0
2779.0
2789.0
2807.0
2864.0
2820.0
2785.0
2783.0
2779.0
2769.0
2758.0
2746.0
2745.0
2800.0
2783.0
2749.0
2745.0
2747.0
2791.0
2864.0
2817.0
2785.0
2773.0
2773.0
2777.0
2756.0
1556.0
1507.0
1507.0
1455.0
1449.0
2761.0
2786.0
2845.0
2835.0
2781.0
2779.0
2786.0
2837.0
2786.0
2830.0
2859.0
2776.0
2794.0
2820.0
2879.0
2817.0
2790.0
2786.0
2786.0
2801.0
2850.0
2776.0
2800.0
2760.0
2776.0
2763.0
2906.0
2867.0
2838.0
2882.0
2840.0
2893.0
2893.0
2815.0
2820.0
2839.0
2756.0
2744.0
2770.0
1456.0
2875.0
2794.0
2759.0
1526.0
1508.0
1547.0
1538.0
1578.0
1538.0
1518.0
2750.0
2778.0
2805.0
2765.0
2793.0
2781.0
2772.0
2778.0
2778.0
2783.0
2772.0
2759.0
2739.0
2742.0
2773.0
2749.0
2742.0
2828.0
2813.0
2748.0
2820.0
2809.0
2824.0
2861.0
2881.0
2842.0
2884.0
2843.0
2823.0
2792.0
2767.0
2759.0
2757.0
2775.0
2791.0
2760.0
2790.0
2772.0
2780.0
2766.0
2735.0
2741.0
2699.0
2789.0
2778.0
1522.0
1519.0
1507.0
1478.0
1448.0
2776.0
2772.0
2810.0
2840.0
2793.0
2797.0
2851.0
2776.0
2753.0
2814.0
2847.0
2847.0
2805.0
2813.0
2761.0
2786.0
2780.0
2784.0
2764.0
2768.0
2793.0
2844.0
2787.0
2779.0
2788.0
2830.0
2808.0
2834.0
2825.0
2782.0
2883.0
2896.0
2801.0
2837.0
2782.0
2802.0
2805.0
2802.0
2786.0
1509.0
2768.0
2723.0
2730.0
1462.0
1470.0
1500.0
1483.0
1490.0
1484.0
1489.0
2782.0
2813.0
2737.0
2762.0
2769.0
2780.0
2770.0
2794.0
2793.0
2783.0
2773.0
2762.0
2740.0
2840.0
2780.0
2792.0
2856.0
2823.0
2855.0
2839.0
2867.0
2869.0
2833.0
2744.0
2757.0
2752.0
2760.0
2775.0
2770.0
2771.0
2800.0
2764.0
2780.0
2794.0
2811.0
2771.0
2815.0
2848.0
2867.0
2864.0
2790.0
2791.0
2848.0
2778.0
2772.0
1513.0
1502.0
1464.0
1447.0
1445.0
2805.0
2773.0
2812.0
2783.0
2784.0
2791.0
2863.0
2737.0
2792.0
2741.0
2765.0
2736.0
2783.0
2772.0
2777.0
2782.0
2803.0
2763.0
2792.0
2829.0
2887.0
2752.0
2830.0
2802.0
2855.0
2892.0
2899.0
2854.0
2745.0
2774.0
2768.0
2839.0
2834.0
2748.0
2785.0
2818.0
2779.0
2788.0
2735.0
1560.0
2791.0
2744.0
2774.0
1530.0
1514.0
1504.0
1506.0
1518.0
1522.0
1522.0
2883.0
2931.0
2800.0
2815.0
2794.0
2774.0
2816.0
2770.0
2834.0
2856.0
2744.0
2798.0
2797.0
2802.0
2801.0
2866.0
2774.0
2783.0
2866.0
2767.0
2872.0
2839.0
2819.0
2860.0
2824.0
2853.0
2787.0
2806.0
2849.0
2853.0
2808.0
2798.0
2795.0
2768.0
2819.0
2842.0
2815.0
2852.0
2808.0
2815.0
2824.0
2806.0
2803.0
2823.0
2780.0
1450.0
1527.0
1449.0
1453.0
1476.0
2870.0
2853.0
2847.0
2815.0
2829.0
2777.0
2788.0
2778.0
2783.0
2804.0
2746.0
2745.0
2757.0
2748.0
2771.0
2764.0
2812.0
2793.0
2815.0
2815.0
2803.0
2793.0
2826.0
2794.0
2776.0
2792.0
2816.0
2741.0
2738.0
2709.0
2766.0
2837.0
2799.0
2718.0
2731.0
2769.0
2775.0
2765.0
2733.0
1520.0
2749.0
2714.0
2708.0
1532.0
1485.0
1479.0
1535.0
1518.0
1523.0
1488.0
2747.0
2789.0
2742.0
2773.0
2745.0
2761.0
2814.0
2836.0
2817.0
2824.0
2842.0
2865.0
2822.0
2842.0
2885.0
2885.0
2854.0
2838.0
2803.0
2826.0
2773.0
2816.0
2844.0
2777.0
2795.0
2814.0
2791.0
2793.0
2779.0
2818.0
2835.0
2804.0
2811.0
2875.0
2874.0
2856.0
2832.0
2864.0
2855.0
2808.0
2839.0
2805.0
2836.0
2760.0
2779.0
1449.0
1470.0
1534.0
1553.0
1558.0
2853.0
2807.0
2822.0
2758.0
2772.0
2764.0
2759.0
2761.0
2774.0
2780.0
2758.0
2802.0
2789.0
2763.0
2797.0
2811.0
2804.0
2803.0
2804.0
2804.0
2866.0
2876.0
2783.0
2853.0
2734.0
2750.0
2744.0
2768.0
2798.0
2779.0
2780.0
2769.0
2762.0
2725.0
2741.0
2793.0
2783.0
2731.0
2831.0
1490.0
2776.0
2735.0
2776.0
1487.0
1474.0
1490.0
1518.0
1552.0
1482.0
1545.0
2801.0
2815.0
2773.0
2782.0
2815.0
2812.0
2882.0
2887.0
2811.0
2831.0
2839.0
2810.0
2803.0
2803.0
2796.0
2776.0
2789.0
2798.0
2762.0
2786.0
2808.0
2787.0
2804.0
2814.0
2814.0
2815.0
2859.0
3007.0
2864.0
2875.0
2825.0
2869.0
2838.0
2795.0
2858.0
2854.0
2776.0
2774.0
2771.0
2765.0
2746.0
2743.0
2715.0
2721.0
2744.0
1485.0
1476.0
1524.0
1478.0
1478.0
2799.0
2767.0
2775.0
2782.0
2783.0
2775.0
2765.0
2742.0
2750.0
2823.0
2775.0
2857.0
2833.0
2873.0
2868.0
2789.0
2871.0
2845.0
2790.0
2823.0
2866.0
2796.0
2822.0
2804.0
2794.0
2789.0
2874.0
2786.0
2814.0
2772.0
2826.0
2785.0
2813.0
2840.0
2854.0
2857.0
2902.0
2856.0
2786.0
1499.0
2833.0
2805.0
2843.0
1462.0
1458.0
1450.0
1458.0
1454.0
1453.0
1456.0
2864.0
2874.0
2825.0
2837.0
2810.0
2879.0
2861.0
2807.0
2825.0
2760.0
2772.0
2774.0
2793.0
2786.0
2773.0
2831.0
2780.0
2827.0
2792.0
2786.0
2799.0
2807.0
2826.0
2819.0
2792.0
2823.0
2825.0
2800.0
2802.0
2757.0
2781.0
2793.0
2784.0
2828.0
2798.0
2812.0
2796.0
2806.0
2793.0
2790.0
2820.0
2749.0
2705.0
2761.0
2708.0
1483.0
1476.0
1480.0
1481.0
1535.0
2776.0
2751.0
2752.0
2763.0
2803.0
2798.0
2788.0
2785.0
2786.0
2801.0
2811.0
2811.0
2782.0
2781.0
2784.0
2809.0
2765.0
2762.0
2758.0
2774.0
2758.0
2783.0
2760.0
2807.0
2829.0
2846.0
2841.0
2834.0
2781.0
2807.0
2849.0
2810.0
2783.0
2806.0
2727.0
2793.0
2775.0
2761.0
2718.0
1458.0
2801.0
2706.0
2702.0
1486.0
1472.0
1521.0
1475.0
1500.0
1494.0
1504.0
