1.0
1.0
1.0
1.0
1.0
0.0
0.0
1.0
1.0
1.0
9.0
28.0
146.0
147.0
147.0
147.0
147.0
147.0
147.0
146.0
146.0
146.0
151.0
151.0
151.0
150.0
151.0
151.0
151.0
151.0
7.0
28.0
151.0
152.0
160.0
161.0
159.0
160.0
160.0
160.0
161.0
161.0
159.0
159.0
143.0
143.0
142.0
143.0
143.0
143.0
7.0
28.0
143.0
143.0
143.0
143.0
142.0
142.0
142.0
142.0
143.0
143.0
142.0
142.0
143.0
143.0
142.0
143.0
143.0
142.0
7.0
28.0
142.0
143.0
142.0
142.0
143.0
143.0
143.0
142.0
143.0
144.0
143.0
143.0
144.0
143.0
142.0
142.0
143.0
142.0
7.0
28.0
143.0
142.0
142.0
143.0
142.0
142.0
143.0
143.0
142.0
142.0
142.0
143.0
143.0
142.0
142.0
143.0
142.0
143.0
7.0
28.0
151.0
151.0
151.0
151.0
151.0
151.0
151.0
151.0
151.0
151.0
143.0
142.0
142.0
142.0
142.0
143.0
142.0
142.0
8.0
27.0
142.0
143.0
143.0
143.0
143.0
143.0
142.0
142.0
143.0
143.0
143.0
143.0
143.0
143.0
143.0
143.0
143.0
143.0
7.0
28.0
142.0
142.0
142.0
142.0
142.0
142.0
142.0
142.0
142.0
142.0
142.0
142.0
142.0
142.0
142.0
142.0
142.0
142.0
7.0
28.0
142.0
142.0
143.0
142.0
142.0
143.0
143.0
143.0
143.0
143.0
142.0
142.0
143.0
142.0
143.0
142.0
160.0
161.0
0.0
22.0
154.0
153.0
154.0
154.0
154.0
154.0
154.0
155.0
135.0
135.0
136.0
134.0
134.0
134.0
131.0
130.0
129.0
127.0
9.0
32.0
160.0
161.0
161.0
159.0
160.0
160.0
160.0
163.0
159.0
157.0
143.0
143.0
144.0
143.0
144.0
144.0
144.0
143.0
7.0
28.0
142.0
143.0
143.0
143.0
143.0
143.0
142.0
143.0
143.0
143.0
143.0
143.0
143.0
142.0
143.0
144.0
142.0
142.0
7.0
28.0
144.0
143.0
143.0
143.0
143.0
143.0
143.0
144.0
143.0
143.0
143.0
156.0
157.0
156.0
157.0
156.0
156.0
157.0
7.0
41.0
156.0
156.0
143.0
142.0
143.0
143.0
142.0
142.0
143.0
143.0
143.0
143.0
142.0
143.0
142.0
143.0
142.0
142.0
8.0
28.0
143.0
143.0
143.0
142.0
143.0
143.0
142.0
143.0
144.0
144.0
143.0
144.0
143.0
144.0
144.0
144.0
143.0
144.0
7.0
28.0
145.0
143.0
143.0
144.0
144.0
144.0
144.0
144.0
144.0
143.0
142.0
143.0
142.0
143.0
143.0
142.0
142.0
143.0
7.0
28.0
143.0
144.0
143.0
143.0
143.0
143.0
149.0
150.0
150.0
150.0
152.0
152.0
152.0
152.0
152.0
151.0
145.0
145.0
8.0
29.0
144.0
144.0
142.0
143.0
142.0
142.0
143.0
142.0
143.0
142.0
142.0
142.0
143.0
142.0
143.0
143.0
142.0
143.0
8.0
29.0
143.0
143.0
143.0
143.0
143.0
143.0
143.0
143.0
143.0
143.0
143.0
143.0
143.0
142.0
143.0
143.0
143.0
143.0
7.0
28.0
143.0
142.0
143.0
142.0
143.0
143.0
142.0
143.0
142.0
142.0
142.0
143.0
142.0
143.0
142.0
143.0
143.0
143.0
8.0
29.0
157.0
157.0
157.0
157.0
156.0
157.0
157.0
156.0
158.0
156.0
142.0
142.0
142.0
143.0
143.0
143.0
143.0
142.0
7.0
28.0
142.0
142.0
142.0
143.0
142.0
142.0
142.0
142.0
142.0
142.0
142.0
142.0
142.0
142.0
142.0
142.0
143.0
143.0
8.0
28.0
143.0
143.0
143.0
142.0
142.0
142.0
142.0
143.0
143.0
142.0
142.0
143.0
143.0
143.0
144.0
144.0
144.0
143.0
6.0
27.0
143.0
143.0
143.0
142.0
143.0
142.0
143.0
142.0
142.0
142.0
143.0
141.0
142.0
142.0
142.0
142.0
151.0
151.0
1.0
21.0
145.0
145.0
145.0
146.0
146.0
145.0
146.0
145.0
136.0
136.0
136.0
136.0
137.0
136.0
136.0
136.0
136.0
136.0
1.0
21.0
136.0
136.0
136.0
136.0
136.0
136.0
136.0
136.0
136.0
136.0
136.0
136.0
136.0
136.0
135.0
136.0
136.0
136.0
1.0
21.0
87.0
87.0
86.0
86.0
86.0
86.0
86.0
87.0
87.0
86.0
87.0
87.0
87.0
87.0
87.0
87.0
87.0
86.0
0.0
21.0
87.0
86.0
86.0
86.0
86.0
86.0
86.0
86.0
86.0
87.0
86.0
86.0
86.0
86.0
86.0
86.0
86.0
86.0
1.0
1.0
66.0
66.0
66.0
66.0
66.0
66.0
66.0
66.0
66.0
66.0
66.0
67.0
66.0
67.0
66.0
67.0
67.0
66.0
0.0
1.0
66.0
66.0
66.0
66.0
66.0
66.0
67.0
66.0
71.0
72.0
86.0
86.0
87.0
86.0
87.0
86.0
86.0
86.0
8.0
42.0
160.0
146.0
145.0
145.0
146.0
146.0
145.0
146.0
146.0
146.0
143.0
143.0
143.0
143.0
142.0
142.0
143.0
143.0
7.0
27.0
143.0
143.0
142.0
143.0
143.0
145.0
143.0
143.0
144.0
143.0
143.0
143.0
145.0
144.0
144.0
144.0
144.0
145.0
7.0
28.0
144.0
144.0
144.0
144.0
142.0
143.0
143.0
143.0
143.0
143.0
143.0
143.0
142.0
143.0
143.0
143.0
143.0
143.0
7.0
27.0
143.0
143.0
143.0
143.0
143.0
142.0
149.0
149.0
149.0
149.0
151.0
150.0
150.0
151.0
151.0
151.0
145.0
144.0
9.0
30.0
143.0
143.0
143.0
143.0
143.0
142.0
143.0
143.0
142.0
143.0
143.0
143.0
143.0
143.0
142.0
143.0
142.0
142.0
8.0
27.0
142.0
143.0
142.0
142.0
142.0
143.0
143.0
142.0
143.0
143.0
143.0
142.0
143.0
143.0
143.0
143.0
143.0
143.0
7.0
28.0
144.0
144.0
144.0
145.0
145.0
145.0
144.0
144.0
144.0
145.0
144.0
144.0
143.0
143.0
143.0
143.0
143.0
143.0
7.0
27.0
143.0
142.0
143.0
142.0
158.0
158.0
156.0
157.0
158.0
157.0
157.0
157.0
157.0
157.0
143.0
142.0
142.0
143.0
7.0
28.0
143.0
143.0
143.0
143.0
142.0
143.0
142.0
143.0
142.0
142.0
142.0
142.0
143.0
142.0
143.0
142.0
143.0
142.0
7.0
28.0
142.0
143.0
143.0
142.0
142.0
143.0
142.0
142.0
142.0
143.0
142.0
142.0
142.0
143.0
143.0
142.0
142.0
142.0
7.0
28.0
142.0
142.0
142.0
143.0
143.0
142.0
143.0
143.0
143.0
142.0
143.0
142.0
143.0
143.0
143.0
143.0
143.0
143.0
7.0
28.0
142.0
142.0
150.0
151.0
150.0
150.0
150.0
151.0
150.0
150.0
151.0
151.0
143.0
142.0
142.0
143.0
143.0
143.0
7.0
27.0
142.0
142.0
143.0
142.0
142.0
142.0
142.0
142.0
142.0
142.0
143.0
142.0
142.0
141.0
142.0
142.0
142.0
142.0
1.0
21.0
136.0
136.0
136.0
136.0
135.0
136.0
136.0
136.0
136.0
135.0
136.0
136.0
135.0
136.0
136.0
136.0
136.0
136.0
0.0
21.0
135.0
136.0
136.0
136.0
136.0
136.0
136.0
136.0
137.0
136.0
137.0
136.0
136.0
136.0
136.0
136.0
136.0
137.0
0.0
21.0
151.0
151.0
151.0
150.0
151.0
151.0
151.0
151.0
150.0
151.0
135.0
136.0
136.0
135.0
136.0
136.0
135.0
135.0
1.0
21.0
86.0
86.0
86.0
86.0
86.0
86.0
87.0
86.0
86.0
86.0
86.0
87.0
86.0
86.0
86.0
87.0
86.0
86.0
1.0
21.0
86.0
86.0
86.0
86.0
86.0
87.0
86.0
86.0
87.0
87.0
86.0
86.0
87.0
86.0
86.0
86.0
87.0
86.0
0.0
1.0
66.0
65.0
66.0
66.0
66.0
65.0
66.0
65.0
66.0
66.0
65.0
65.0
66.0
66.0
66.0
66.0
66.0
66.0
1.0
0.0
66.0
65.0
66.0
66.0
65.0
66.0
65.0
66.0
65.0
66.0
66.0
66.0
66.0
66.0
66.0
67.0
67.0
66.0
7.0
28.0
143.0
143.0
143.0
143.0
143.0
143.0
142.0
142.0
142.0
143.0
149.0
149.0
150.0
150.0
149.0
149.0
150.0
150.0
7.0
28.0
149.0
150.0
143.0
143.0
142.0
142.0
143.0
142.0
143.0
142.0
143.0
142.0
142.0
142.0
143.0
142.0
142.0
143.0
7.0
28.0
143.0
142.0
143.0
142.0
143.0
142.0
143.0
143.0
142.0
142.0
142.0
143.0
142.0
143.0
142.0
142.0
142.0
142.0
8.0
28.0
142.0
143.0
142.0
143.0
143.0
142.0
143.0
142.0
142.0
145.0
143.0
143.0
144.0
142.0
142.0
143.0
142.0
143.0
8.0
28.0
142.0
142.0
142.0
142.0
142.0
143.0
143.0
142.0
166.0
166.0
165.0
166.0
166.0
166.0
165.0
166.0
165.0
166.0
7.0
27.0
141.0
142.0
141.0
142.0
142.0
141.0
143.0
142.0
142.0
142.0
142.0
142.0
142.0
142.0
141.0
142.0
142.0
141.0
7.0
28.0
142.0
142.0
142.0
142.0
142.0
142.0
142.0
142.0
142.0
142.0
142.0
142.0
142.0
143.0
142.0
143.0
142.0
142.0
7.0
28.0
141.0
142.0
142.0
142.0
142.0
142.0
142.0
142.0
141.0
141.0
142.0
141.0
142.0
143.0
142.0
141.0
141.0
142.0
8.0
28.0
141.0
142.0
142.0
142.0
142.0
142.0
149.0
149.0
150.0
151.0
151.0
151.0
151.0
151.0
151.0
151.0
145.0
144.0
7.0
28.0
142.0
142.0
142.0
142.0
142.0
142.0
142.0
142.0
141.0
141.0
142.0
142.0
141.0
142.0
142.0
142.0
142.0
143.0
8.0
27.0
143.0
143.0
142.0
143.0
143.0
143.0
142.0
142.0
142.0
143.0
143.0
143.0
143.0
143.0
143.0
143.0
143.0
144.0
7.0
27.0
143.0
143.0
143.0
143.0
142.0
143.0
143.0
143.0
143.0
142.0
142.0
143.0
142.0
142.0
142.0
142.0
142.0
142.0
1.0
21.0
136.0
136.0
136.0
136.0
151.0
151.0
151.0
150.0
151.0
151.0
151.0
151.0
151.0
151.0
136.0
136.0
136.0
135.0
1.0
21.0
136.0
135.0
136.0
136.0
136.0
136.0
136.0
136.0
137.0
135.0
136.0
136.0
136.0
136.0
136.0
136.0
136.0
136.0
0.0
21.0
137.0
136.0
136.0
136.0
135.0
136.0
136.0
136.0
136.0
136.0
136.0
136.0
136.0
136.0
135.0
136.0
136.0
136.0
0.0
21.0
87.0
87.0
86.0
86.0
86.0
87.0
87.0
86.0
86.0
86.0
86.0
86.0
86.0
86.0
86.0
86.0
86.0
86.0
0.0
22.0
87.0
86.0
86.0
86.0
86.0
86.0
86.0
86.0
86.0
87.0
86.0
86.0
87.0
87.0
87.0
86.0
86.0
87.0
1.0
9.0
74.0
74.0
74.0
74.0
79.0
81.0
81.0
83.0
83.0
83.0
83.0
83.0
83.0
83.0
77.0
76.0
75.0
74.0
1.0
0.0
66.0
65.0
66.0
65.0
66.0
66.0
66.0
65.0
66.0
65.0
66.0
66.0
65.0
66.0
65.0
65.0
65.0
66.0
0.0
1.0
66.0
66.0
65.0
65.0
65.0
66.0
66.0
66.0
66.0
66.0
65.0
65.0
66.0
66.0
65.0
65.0
65.0
65.0
7.0
28.0
142.0
143.0
143.0
142.0
142.0
143.0
143.0
142.0
143.0
143.0
142.0
142.0
142.0
143.0
142.0
142.0
142.0
142.0
7.0
27.0
142.0
142.0
141.0
142.0
142.0
142.0
141.0
142.0
141.0
142.0
142.0
142.0
142.0
142.0
142.0
142.0
142.0
142.0
7.0
28.0
143.0
142.0
142.0
142.0
142.0
148.0
149.0
149.0
149.0
151.0
151.0
167.0
167.0
166.0
178.0
172.0
171.0
177.0
8.0
44.0
169.0
171.0
157.0
155.0
156.0
156.0
151.0
149.0
150.0
150.0
149.0
149.0
149.0
150.0
148.0
148.0
150.0
148.0
8.0
29.0
148.0
149.0
147.0
147.0
148.0
148.0
147.0
146.0
143.0
143.0
143.0
144.0
144.0
144.0
143.0
144.0
144.0
144.0
7.0
27.0
146.0
146.0
146.0
146.0
146.0
146.0
147.0
146.0
146.0
146.0
143.0
144.0
143.0
143.0
143.0
143.0
142.0
143.0
7.0
28.0
143.0
143.0
143.0
149.0
150.0
150.0
151.0
152.0
152.0
151.0
152.0
152.0
152.0
146.0
145.0
144.0
144.0
144.0
1.0
21.0
136.0
137.0
137.0
137.0
137.0
136.0
136.0
137.0
137.0
137.0
136.0
136.0
136.0
136.0
136.0
136.0
137.0
136.0
7.0
28.0
143.0
143.0
143.0
143.0
143.0
143.0
145.0
146.0
145.0
146.0
145.0
146.0
146.0
146.0
146.0
146.0
144.0
144.0
1.0
21.0
137.0
138.0
138.0
138.0
138.0
138.0
139.0
139.0
138.0
138.0
138.0
137.0
137.0
137.0
137.0
137.0
136.0
136.0
8.0
27.0
143.0
143.0
150.0
150.0
151.0
151.0
168.0
168.0
168.0
168.0
167.0
167.0
161.0
160.0
160.0
160.0
143.0
143.0
1.0
21.0
86.0
86.0
87.0
87.0
86.0
88.0
87.0
87.0
87.0
87.0
88.0
87.0
88.0
89.0
89.0
89.0
88.0
89.0
1.0
22.0
138.0
137.0
138.0
137.0
137.0
136.0
137.0
136.0
136.0
136.0
137.0
137.0
137.0
137.0
137.0
137.0
138.0
137.0
1.0
21.0
87.0
87.0
87.0
87.0
87.0
87.0
87.0
87.0
87.0
87.0
87.0
87.0
87.0
88.0
87.0
88.0
88.0
88.0
1.0
22.0
137.0
138.0
138.0
138.0
138.0
138.0
139.0
138.0
138.0
139.0
139.0
139.0
138.0
138.0
139.0
138.0
137.0
138.0
1.0
1.0
67.0
66.0
65.0
66.0
66.0
71.0
72.0
72.0
73.0
74.0
75.0
74.0
75.0
75.0
75.0
70.0
69.0
69.0
1.0
22.0
89.0
89.0
89.0
89.0
89.0
89.0
89.0
89.0
89.0
89.0
89.0
89.0
89.0
89.0
89.0
88.0
88.0
88.0
1.0
0.0
67.0
67.0
65.0
65.0
65.0
65.0
65.0
66.0
65.0
66.0
65.0
65.0
66.0
66.0
66.0
66.0
66.0
67.0
1.0
0.0
67.0
67.0
67.0
67.0
67.0
66.0
67.0
67.0
66.0
65.0
66.0
65.0
66.0
65.0
66.0
67.0
66.0
66.0
1.0
0.0
67.0
67.0
67.0
67.0
67.0
67.0
68.0
68.0
68.0
68.0
68.0
68.0
68.0
68.0
68.0
69.0
66.0
66.0
8.0
28.0
143.0
144.0
145.0
144.0
144.0
144.0
144.0
145.0
144.0
145.0
146.0
146.0
145.0
145.0
146.0
145.0
145.0
145.0
1.0
22.0
137.0
137.0
139.0
139.0
140.0
145.0
144.0
145.0
146.0
146.0
149.0
148.0
161.0
161.0
161.0
155.0
156.0
155.0
8.0
30.0
161.0
159.0
159.0
160.0
145.0
145.0
145.0
146.0
145.0
146.0
146.0
146.0
146.0
147.0
146.0
146.0
146.0
145.0
1.0
22.0
139.0
138.0
138.0
136.0
137.0
136.0
138.0
138.0
137.0
138.0
138.0
138.0
138.0
138.0
137.0
138.0
136.0
138.0
7.0
28.0
144.0
144.0
145.0
145.0
144.0
145.0
145.0
145.0
144.0
145.0
144.0
143.0
143.0
143.0
144.0
144.0
144.0
144.0
0.0
22.0
138.0
138.0
139.0
139.0
139.0
140.0
139.0
139.0
138.0
139.0
146.0
146.0
146.0
145.0
145.0
145.0
145.0
145.0
7.0
28.0
153.0
153.0
146.0
144.0
144.0
144.0
144.0
144.0
143.0
144.0
143.0
143.0
144.0
145.0
146.0
145.0
146.0
146.0
1.0
21.0
140.0
139.0
139.0
138.0
137.0
137.0
136.0
136.0
136.0
136.0
136.0
137.0
138.0
139.0
140.0
140.0
140.0
140.0
8.0
29.0
147.0
147.0
146.0
146.0
146.0
145.0
144.0
144.0
144.0
144.0
143.0
144.0
144.0
145.0
145.0
145.0
146.0
145.0
1.0
22.0
138.0
138.0
139.0
138.0
138.0
138.0
137.0
137.0
144.0
162.0
162.0
162.0
162.0
163.0
162.0
162.0
163.0
163.0
24.0
29.0
146.0
146.0
147.0
147.0
146.0
147.0
147.0
147.0
146.0
146.0
149.0
149.0
148.0
148.0
149.0
148.0
148.0
149.0
0.0
22.0
91.0
91.0
88.0
88.0
89.0
89.0
89.0
89.0
89.0
89.0
90.0
89.0
89.0
89.0
89.0
89.0
89.0
88.0
1.0
21.0
138.0
138.0
138.0
138.0
137.0
137.0
136.0
136.0
136.0
136.0
137.0
136.0
137.0
136.0
137.0
137.0
137.0
137.0
1.0
0.0
66.0
66.0
66.0
65.0
66.0
66.0
66.0
66.0
66.0
66.0
66.0
66.0
65.0
66.0
66.0
67.0
66.0
67.0
0.0
22.0
136.0
136.0
136.0
137.0
136.0
137.0
136.0
137.0
136.0
137.0
146.0
146.0
146.0
145.0
146.0
145.0
146.0
145.0
1.0
0.0
75.0
74.0
66.0
66.0
66.0
65.0
66.0
66.0
66.0
66.0
66.0
66.0
66.0
66.0
66.0
66.0
66.0
66.0
0.0
9.0
74.0
74.0
74.0
75.0
75.0
75.0
74.0
75.0
74.0
74.0
75.0
75.0
75.0
74.0
74.0
74.0
75.0
75.0
1.0
0.0
66.0
67.0
66.0
66.0
66.0
66.0
66.0
67.0
66.0
66.0
66.0
66.0
66.0
66.0
66.0
66.0
66.0
66.0
0.0
1.0
67.0
68.0
67.0
67.0
67.0
67.0
68.0
67.0
67.0
67.0
66.0
66.0
66.0
67.0
66.0
67.0
66.0
66.0
1.0
1.0
66.0
66.0
66.0
66.0
66.0
65.0
66.0
66.0
66.0
66.0
66.0
66.0
63.0
62.0
62.0
63.0
61.0
61.0
