12.0
11.0
11.0
11.0
7.0
7.0
12.0
12.0
10.0
11.0
13.0
12.0
8.0
8.0
7.0
8.0
7.0
8.0
13.0
12.0
8.0
8.0
8.0
8.0
7.0
89.0
160.0
162.0
159.0
160.0
89.0
90.0
91.0
91.0
89.0
91.0
90.0
91.0
93.0
89.0
90.0
162.0
163.0
161.0
160.0
90.0
90.0
91.0
91.0
91.0
90.0
91.0
89.0
90.0
89.0
90.0
89.0
162.0
163.0
160.0
162.0
90.0
90.0
89.0
90.0
88.0
89.0
90.0
90.0
90.0
89.0
91.0
90.0
161.0
88.0
99.0
161.0
89.0
89.0
88.0
91.0
89.0
89.0
74.0
91.0
90.0
90.0
88.0
89.0
82.0
91.0
144.0
74.0
142.0
90.0
90.0
74.0
88.0
90.0
73.0
90.0
89.0
88.0
89.0
89.0
74.0
72.0
89.0
90.0
89.0
7.0
7.0
7.0
8.0
6.0
7.0
8.0
8.0
7.0
6.0
8.0
8.0
8.0
8.0
6.0
89.0
73.0
92.0
90.0
111.0
113.0
92.0
89.0
89.0
89.0
76.0
90.0
89.0
92.0
182.0
78.0
184.0
184.0
184.0
173.0
172.0
186.0
184.0
184.0
171.0
91.0
81.0
89.0
92.0
88.0
80.0
78.0
92.0
90.0
88.0
90.0
79.0
89.0
91.0
88.0
80.0
103.0
88.0
122.0
88.0
79.0
87.0
80.0
86.0
87.0
85.0
80.0
86.0
93.0
86.0
88.0
82.0
86.0
87.0
85.0
82.0
84.0
86.0
89.0
80.0
81.0
86.0
85.0
83.0
85.0
86.0
81.0
80.0
86.0
85.0
81.0
86.0
83.0
85.0
85.0
86.0
77.0
75.0
78.0
78.0
12.0
10.0
6.0
6.0
11.0
7.0
12.0
11.0
11.0
11.0
7.0
7.0
6.0
12.0
11.0
11.0
11.0
11.0
11.0
11.0
7.0
7.0
7.0
6.0
7.0
7.0
12.0
11.0
10.0
10.0
12.0
12.0
11.0
6.0
5.0
6.0
9.0
10.0
6.0
6.0
9.0
6.0
9.0
9.0
10.0
9.0
6.0
6.0
6.0
10.0
11.0
11.0
11.0
11.0
7.0
11.0
7.0
11.0
7.0
6.0
6.0
11.0
6.0
11.0
12.0
11.0
12.0
11.0
11.0
7.0
7.0
7.0
11.0
11.0
7.0
7.0
11.0
7.0
10.0
9.0
11.0
11.0
7.0
6.0
6.0
11.0
10.0
9.0
10.0
10.0
9.0
6.0
9.0
6.0
6.0
6.0
6.0
5.0
10.0
9.0
10.0
11.0
11.0
11.0
11.0
7.0
6.0
6.0
7.0
11.0
6.0
6.0
7.0
7.0
11.0
11.0
11.0
11.0
7.0
5.0
7.0
6.0
6.0
12.0
6.0
6.0
11.0
10.0
10.0
9.0
10.0
7.0
7.0
5.0
6.0
6.0
6.0
9.0
5.0
5.0
9.0
9.0
6.0
9.0
6.0
5.0
6.0
6.0
6.0
6.0
89.0
141.0
72.0
159.0
88.0
158.0
91.0
139.0
88.0
88.0
73.0
88.0
88.0
88.0
88.0
90.0
88.0
76.0
73.0
126.0
126.0
89.0
90.0
89.0
88.0
88.0
74.0
72.0
88.0
87.0
90.0
88.0
88.0
88.0
87.0
88.0
72.0
72.0
87.0
87.0
88.0
89.0
88.0
87.0
72.0
5.0
5.0
6.0
4.0
6.0
72.0
88.0
89.0
89.0
75.0
89.0
89.0
89.0
89.0
88.0
74.0
88.0
86.0
89.0
78.0
81.0
90.0
89.0
89.0
88.0
89.0
83.0
89.0
89.0
82.0
111.0
86.0
85.0
86.0
84.0
113.0
77.0
85.0
84.0
78.0
85.0
85.0
84.0
84.0
80.0
79.0
85.0
81.0
81.0
85.0
6.0
6.0
5.0
6.0
5.0
81.0
85.0
85.0
85.0
85.0
82.0
84.0
82.0
81.0
119.0
81.0
83.0
118.0
82.0
83.0
83.0
82.0
80.0
80.0
82.0
87.0
82.0
81.0
83.0
83.0
85.0
82.0
84.0
81.0
82.0
85.0
82.0
84.0
81.0
83.0
82.0
82.0
81.0
81.0
107.0
106.0
106.0
106.0
106.0
106.0
5.0
5.0
5.0
5.0
5.0
109.0
110.0
107.0
107.0
84.0
84.0
83.0
83.0
83.0
83.0
84.0
84.0
86.0
82.0
87.0
82.0
82.0
82.0
83.0
82.0
84.0
83.0
83.0
84.0
84.0
83.0
83.0
83.0
82.0
82.0
84.0
82.0
83.0
84.0
82.0
83.0
81.0
82.0
81.0
81.0
82.0
82.0
82.0
83.0
82.0
5.0
5.0
5.0
5.0
5.0
82.0
81.0
83.0
83.0
83.0
83.0
82.0
84.0
84.0
83.0
82.0
83.0
83.0
83.0
83.0
83.0
82.0
84.0
83.0
82.0
83.0
83.0
84.0
83.0
84.0
83.0
81.0
82.0
83.0
81.0
81.0
83.0
83.0
83.0
82.0
82.0
83.0
82.0
83.0
81.0
82.0
81.0
81.0
85.0
85.0
5.0
5.0
5.0
5.0
5.0
85.0
84.0
83.0
85.0
82.0
83.0
83.0
83.0
85.0
85.0
85.0
84.0
82.0
84.0
83.0
82.0
83.0
83.0
83.0
84.0
83.0
84.0
85.0
85.0
84.0
83.0
82.0
83.0
84.0
83.0
85.0
84.0
83.0
82.0
81.0
81.0
83.0
82.0
82.0
82.0
82.0
82.0
84.0
81.0
82.0
5.0
5.0
5.0
5.0
5.0
84.0
83.0
84.0
82.0
84.0
82.0
83.0
82.0
83.0
83.0
82.0
83.0
82.0
82.0
84.0
83.0
83.0
82.0
83.0
83.0
82.0
82.0
82.0
82.0
82.0
84.0
82.0
82.0
82.0
82.0
83.0
84.0
82.0
82.0
82.0
82.0
81.0
81.0
83.0
82.0
82.0
81.0
82.0
81.0
83.0
5.0
5.0
5.0
5.0
5.0
82.0
83.0
83.0
82.0
84.0
82.0
82.0
82.0
82.0
82.0
83.0
83.0
82.0
84.0
84.0
83.0
84.0
84.0
82.0
82.0
82.0
82.0
82.0
114.0
115.0
115.0
114.0
114.0
113.0
114.0
115.0
115.0
115.0
83.0
82.0
82.0
82.0
83.0
82.0
83.0
82.0
82.0
82.0
82.0
81.0
5.0
5.0
6.0
5.0
5.0
82.0
82.0
83.0
82.0
82.0
82.0
83.0
83.0
83.0
86.0
83.0
83.0
81.0
84.0
82.0
82.0
83.0
82.0
83.0
85.0
83.0
84.0
81.0
83.0
83.0
82.0
84.0
83.0
81.0
83.0
83.0
82.0
84.0
81.0
82.0
82.0
82.0
83.0
83.0
82.0
83.0
82.0
81.0
81.0
83.0
5.0
5.0
5.0
5.0
5.0
83.0
83.0
83.0
84.0
84.0
83.0
83.0
83.0
83.0
83.0
83.0
82.0
84.0
82.0
84.0
82.0
82.0
82.0
83.0
82.0
82.0
83.0
83.0
81.0
83.0
83.0
84.0
82.0
82.0
81.0
83.0
82.0
82.0
82.0
81.0
83.0
81.0
80.0
82.0
82.0
82.0
81.0
82.0
84.0
83.0
5.0
6.0
5.0
5.0
5.0
83.0
81.0
82.0
83.0
82.0
82.0
84.0
82.0
84.0
86.0
86.0
85.0
85.0
86.0
85.0
86.0
86.0
85.0
87.0
84.0
84.0
83.0
82.0
83.0
82.0
82.0
83.0
82.0
82.0
83.0
82.0
83.0
83.0
81.0
83.0
83.0
83.0
82.0
85.0
82.0
82.0
82.0
82.0
81.0
81.0
5.0
5.0
5.0
5.0
5.0
82.0
83.0
83.0
82.0
84.0
83.0
84.0
83.0
83.0
84.0
83.0
83.0
83.0
83.0
83.0
83.0
83.0
82.0
83.0
82.0
82.0
83.0
83.0
84.0
83.0
84.0
82.0
84.0
83.0
81.0
81.0
84.0
83.0
83.0
83.0
83.0
82.0
82.0
82.0
82.0
82.0
81.0
83.0
82.0
83.0
5.0
5.0
5.0
5.0
5.0
82.0
83.0
83.0
82.0
82.0
124.0
122.0
123.0
123.0
123.0
123.0
123.0
124.0
123.0
122.0
83.0
82.0
83.0
83.0
83.0
82.0
84.0
83.0
83.0
83.0
83.0
82.0
85.0
81.0
83.0
84.0
83.0
83.0
81.0
82.0
83.0
82.0
82.0
82.0
82.0
82.0
82.0
82.0
82.0
82.0
5.0
5.0
5.0
5.0
5.0
83.0
82.0
82.0
83.0
85.0
81.0
81.0
82.0
82.0
84.0
83.0
82.0
82.0
82.0
82.0
83.0
82.0
82.0
83.0
83.0
83.0
82.0
82.0
84.0
82.0
82.0
84.0
83.0
81.0
82.0
83.0
82.0
82.0
81.0
82.0
82.0
81.0
81.0
81.0
82.0
82.0
84.0
82.0
82.0
82.0
5.0
5.0
5.0
5.0
5.0
83.0
82.0
83.0
84.0
82.0
82.0
82.0
83.0
83.0
83.0
83.0
83.0
83.0
82.0
82.0
84.0
84.0
84.0
84.0
83.0
87.0
87.0
85.0
88.0
85.0
90.0
93.0
95.0
89.0
90.0
89.0
95.0
91.0
87.0
87.0
87.0
87.0
84.0
86.0
85.0
87.0
87.0
84.0
87.0
83.0
6.0
6.0
5.0
5.0
5.0
85.0
88.0
85.0
85.0
87.0
85.0
87.0
87.0
88.0
85.0
85.0
87.0
85.0
85.0
87.0
85.0
87.0
87.0
84.0
87.0
84.0
85.0
87.0
85.0
87.0
85.0
85.0
88.0
87.0
87.0
84.0
84.0
85.0
87.0
86.0
84.0
83.0
86.0
87.0
86.0
83.0
84.0
84.0
86.0
86.0
6.0
5.0
5.0
5.0
6.0
87.0
84.0
84.0
86.0
86.0
84.0
83.0
83.0
84.0
84.0
82.0
82.0
83.0
82.0
83.0
83.0
83.0
83.0
84.0
82.0
85.0
84.0
83.0
82.0
82.0
84.0
82.0
82.0
81.0
82.0
84.0
83.0
135.0
133.0
134.0
133.0
132.0
133.0
132.0
133.0
132.0
133.0
82.0
82.0
82.0
5.0
5.0
5.0
5.0
6.0
6.0
6.0
6.0
6.0
5.0
6.0
6.0
6.0
6.0
5.0
6.0
6.0
5.0
6.0
5.0
6.0
6.0
6.0
6.0
5.0
6.0
6.0
5.0
6.0
5.0
6.0
6.0
6.0
5.0
5.0
6.0
6.0
5.0
5.0
5.0
5.0
5.0
5.0
5.0
6.0
6.0
5.0
6.0
5.0
5.0
5.0
5.0
5.0
6.0
5.0
6.0
6.0
6.0
7.0
5.0
6.0
6.0
7.0
6.0
5.0
6.0
6.0
6.0
6.0
5.0
6.0
6.0
7.0
6.0
5.0
6.0
6.0
6.0
6.0
5.0
6.0
6.0
5.0
5.0
5.0
6.0
6.0
6.0
5.0
5.0
5.0
5.0
5.0
5.0
5.0
5.0
5.0
5.0
5.0
6.0
5.0
5.0
5.0
5.0
5.0
6.0
6.0
6.0
6.0
5.0
6.0
6.0
6.0
6.0
5.0
6.0
6.0
6.0
6.0
5.0
6.0
6.0
6.0
6.0
6.0
6.0
6.0
6.0
6.0
6.0
6.0
6.0
5.0
5.0
5.0
6.0
6.0
5.0
5.0
5.0
6.0
5.0
5.0
5.0
5.0
6.0
6.0
5.0
5.0
5.0
6.0
5.0
5.0
5.0
5.0
82.0
82.0
84.0
82.0
84.0
83.0
82.0
82.0
83.0
82.0
83.0
83.0
82.0
83.0
81.0
83.0
84.0
83.0
83.0
83.0
84.0
84.0
83.0
83.0
82.0
82.0
82.0
81.0
83.0
6.0
82.0
82.0
82.0
82.0
6.0
81.0
82.0
82.0
82.0
5.0
82.0
82.0
5.0
5.0
5.0
5.0
5.0
5.0
5.0
5.0
85.0
82.0
83.0
83.0
82.0
83.0
83.0
84.0
83.0
81.0
85.0
82.0
83.0
82.0
82.0
84.0
82.0
84.0
83.0
81.0
86.0
83.0
83.0
85.0
81.0
84.0
86.0
85.0
81.0
5.0
83.0
89.0
82.0
82.0
5.0
85.0
85.0
82.0
82.0
5.0
87.0
86.0
5.0
5.0
5.0
5.0
5.0
5.0
5.0
5.0
84.0
84.0
83.0
83.0
81.0
82.0
82.0
82.0
83.0
81.0
83.0
84.0
83.0
83.0
81.0
82.0
82.0
82.0
86.0
82.0
86.0
87.0
86.0
85.0
85.0
86.0
86.0
85.0
85.0
5.0
86.0
83.0
82.0
82.0
5.0
83.0
82.0
81.0
83.0
5.0
81.0
83.0
5.0
5.0
5.0
5.0
5.0
5.0
5.0
5.0
84.0
83.0
86.0
83.0
81.0
84.0
83.0
83.0
82.0
81.0
82.0
84.0
84.0
83.0
83.0
83.0
83.0
82.0
82.0
81.0
82.0
83.0
83.0
82.0
81.0
81.0
82.0
82.0
82.0
5.0
83.0
81.0
82.0
83.0
5.0
82.0
81.0
81.0
82.0
5.0
81.0
81.0
5.0
5.0
5.0
5.0
5.0
5.0
5.0
5.0
84.0
84.0
83.0
85.0
82.0
83.0
81.0
82.0
82.0
82.0
82.0
82.0
84.0
83.0
82.0
83.0
82.0
83.0
82.0
83.0
148.0
148.0
148.0
146.0
147.0
147.0
147.0
147.0
146.0
5.0
147.0
82.0
82.0
82.0
5.0
81.0
82.0
82.0
82.0
5.0
81.0
82.0
5.0
5.0
5.0
5.0
5.0
5.0
5.0
5.0
84.0
83.0
83.0
82.0
82.0
83.0
83.0
84.0
82.0
82.0
83.0
83.0
83.0
83.0
82.0
83.0
83.0
82.0
82.0
81.0
83.0
82.0
83.0
82.0
82.0
83.0
81.0
81.0
82.0
5.0
83.0
84.0
82.0
83.0
5.0
82.0
83.0
81.0
81.0
5.0
81.0
81.0
5.0
5.0
5.0
5.0
5.0
5.0
5.0
5.0
83.0
83.0
82.0
83.0
82.0
82.0
83.0
82.0
83.0
82.0
84.0
82.0
84.0
82.0
81.0
83.0
83.0
82.0
82.0
81.0
83.0
85.0
84.0
83.0
83.0
83.0
82.0
81.0
82.0
5.0
82.0
82.0
83.0
82.0
5.0
85.0
81.0
82.0
82.0
5.0
82.0
80.0
5.0
5.0
5.0
6.0
5.0
5.0
5.0
5.0
82.0
83.0
82.0
84.0
81.0
82.0
83.0
83.0
82.0
82.0
84.0
83.0
84.0
82.0
82.0
83.0
82.0
83.0
82.0
83.0
85.0
84.0
86.0
85.0
83.0
85.0
87.0
83.0
85.0
5.0
84.0
83.0
82.0
83.0
5.0
82.0
83.0
82.0
82.0
5.0
82.0
82.0
5.0
5.0
5.0
5.0
5.0
5.0
5.0
5.0
83.0
83.0
83.0
83.0
83.0
83.0
84.0
82.0
83.0
81.0
83.0
83.0
83.0
84.0
82.0
82.0
82.0
82.0
82.0
81.0
83.0
82.0
83.0
82.0
83.0
83.0
83.0
81.0
83.0
5.0
83.0
82.0
82.0
81.0
5.0
81.0
82.0
81.0
81.0
5.0
83.0
81.0
5.0
5.0
5.0
5.0
5.0
5.0
5.0
5.0
82.0
82.0
82.0
83.0
83.0
82.0
83.0
84.0
83.0
82.0
82.0
82.0
83.0
83.0
83.0
82.0
83.0
83.0
82.0
80.0
82.0
83.0
83.0
161.0
159.0
159.0
160.0
159.0
159.0
5.0
159.0
159.0
158.0
157.0
5.0
83.0
83.0
83.0
81.0
5.0
83.0
82.0
5.0
5.0
5.0
5.0
5.0
5.0
5.0
6.0
83.0
82.0
82.0
82.0
83.0
83.0
83.0
82.0
83.0
83.0
83.0
83.0
83.0
83.0
82.0
84.0
84.0
83.0
84.0
82.0
83.0
85.0
84.0
83.0
83.0
83.0
83.0
82.0
83.0
5.0
84.0
82.0
82.0
82.0
5.0
82.0
82.0
81.0
81.0
5.0
82.0
81.0
5.0
5.0
5.0
5.0
5.0
5.0
6.0
5.0
83.0
82.0
83.0
83.0
83.0
83.0
83.0
84.0
83.0
84.0
83.0
82.0
84.0
82.0
82.0
84.0
84.0
84.0
83.0
81.0
84.0
82.0
83.0
83.0
81.0
83.0
83.0
81.0
81.0
5.0
84.0
82.0
81.0
81.0
5.0
83.0
82.0
81.0
82.0
5.0
82.0
82.0
5.0
5.0
6.0
5.0
5.0
5.0
5.0
5.0
83.0
83.0
82.0
83.0
83.0
83.0
82.0
83.0
83.0
82.0
83.0
82.0
82.0
82.0
83.0
82.0
84.0
83.0
83.0
82.0
82.0
83.0
83.0
83.0
83.0
83.0
84.0
83.0
84.0
5.0
84.0
85.0
84.0
85.0
5.0
86.0
84.0
84.0
84.0
6.0
82.0
82.0
6.0
5.0
5.0
5.0
5.0
5.0
5.0
5.0
82.0
85.0
82.0
81.0
81.0
83.0
83.0
83.0
84.0
82.0
86.0
84.0
85.0
84.0
82.0
83.0
82.0
83.0
84.0
81.0
83.0
83.0
83.0
82.0
81.0
82.0
83.0
81.0
82.0
5.0
82.0
82.0
81.0
81.0
5.0
82.0
82.0
81.0
81.0
5.0
83.0
81.0
5.0
5.0
5.0
5.0
5.0
6.0
5.0
5.0
83.0
82.0
82.0
81.0
81.0
82.0
83.0
81.0
83.0
82.0
83.0
85.0
83.0
84.0
82.0
82.0
84.0
82.0
82.0
81.0
83.0
82.0
81.0
82.0
81.0
82.0
83.0
82.0
166.0
5.0
167.0
167.0
167.0
166.0
5.0
164.0
167.0
167.0
164.0
90.0
83.0
83.0
5.0
6.0
5.0
5.0
5.0
5.0
5.0
6.0
82.0
84.0
81.0
82.0
82.0
82.0
85.0
82.0
83.0
82.0
84.0
83.0
83.0
83.0
81.0
82.0
83.0
82.0
83.0
82.0
84.0
82.0
83.0
85.0
81.0
83.0
83.0
83.0
82.0
5.0
83.0
83.0
82.0
83.0
5.0
82.0
82.0
82.0
81.0
5.0
83.0
82.0
5.0
5.0
5.0
6.0
5.0
5.0
5.0
5.0
84.0
83.0
82.0
83.0
82.0
82.0
83.0
82.0
84.0
83.0
84.0
82.0
82.0
83.0
82.0
82.0
83.0
83.0
84.0
82.0
83.0
83.0
83.0
81.0
82.0
83.0
83.0
82.0
80.0
5.0
82.0
83.0
81.0
82.0
5.0
81.0
82.0
80.0
81.0
5.0
79.0
80.0
5.0
5.0
5.0
5.0
5.0
5.0
5.0
4.0
