3.0
2.0
2.0
2.0
2.0
2.0
1.0
2.0
2.0
1.0
32.0
32.0
20.0
20.0
19.0
14.0
19.0
14.0
24.0
23.0
42.0
42.0
42.0
41.0
42.0
35.0
72.0
61.0
62.0
61.0
268.0
287.0
287.0
287.0
286.0
281.0
404.0
397.0
474.0
471.0
266.0
265.0
265.0
266.0
264.0
259.0
264.0
258.0
264.0
290.0
926.0
907.0
909.0
909.0
938.0
900.0
853.0
935.0
927.0
859.0
822.0
823.0
846.0
898.0
819.0
833.0
843.0
875.0
841.0
839.0
846.0
846.0
844.0
821.0
821.0
824.0
820.0
839.0
838.0
841.0
847.0
847.0
847.0
845.0
843.0
851.0
844.0
817.0
814.0
814.0
845.0
844.0
846.0
844.0
845.0
852.0
846.0
843.0
845.0
845.0
847.0
854.0
846.0
853.0
847.0
854.0
846.0
841.0
847.0
837.0
894.0
931.0
898.0
897.0
891.0
902.0
888.0
882.0
878.0
929.0
854.0
846.0
848.0
849.0
843.0
849.0
851.0
848.0
846.0
842.0
826.0
819.0
820.0
820.0
817.0
817.0
821.0
842.0
844.0
840.0
844.0
846.0
848.0
842.0
843.0
836.0
842.0
813.0
811.0
810.0
844.0
842.0
844.0
846.0
841.0
837.0
843.0
838.0
836.0
836.0
840.0
841.0
841.0
845.0
840.0
838.0
843.0
840.0
837.0
834.0
884.0
885.0
884.0
889.0
885.0
878.0
883.0
879.0
879.0
879.0
843.0
843.0
844.0
843.0
844.0
834.0
840.0
840.0
835.0
834.0
818.0
815.0
817.0
825.0
819.0
810.0
840.0
837.0
838.0
839.0
847.0
845.0
842.0
847.0
840.0
835.0
812.0
803.0
804.0
792.0
20.0
32.0
33.0
21.0
20.0
20.0
20.0
15.0
3.0
3.0
34.0
34.0
20.0
20.0
19.0
19.0
14.0
1.0
2.0
1.0
20.0
34.0
35.0
20.0
20.0
33.0
14.0
2.0
2.0
1.0
19.0
33.0
19.0
19.0
14.0
13.0
14.0
2.0
2.0
1.0
19.0
19.0
20.0
19.0
24.0
23.0
13.0
1.0
2.0
2.0
13.0
22.0
23.0
14.0
14.0
13.0
1.0
1.0
1.0
2.0
20.0
20.0
19.0
24.0
24.0
13.0
13.0
1.0
2.0
2.0
13.0
22.0
23.0
13.0
13.0
13.0
1.0
1.0
2.0
2.0
14.0
13.0
14.0
24.0
24.0
14.0
2.0
1.0
1.0
2.0
14.0
22.0
1.0
2.0
1.0
1.0
1.0
1.0
1.0
2.0
72.0
42.0
42.0
42.0
42.0
42.0
41.0
62.0
3.0
3.0
71.0
71.0
37.0
41.0
42.0
41.0
35.0
2.0
1.0
1.0
41.0
70.0
72.0
35.0
42.0
40.0
35.0
1.0
1.0
2.0
41.0
62.0
71.0
40.0
31.0
35.0
35.0
1.0
2.0
1.0
41.0
41.0
41.0
40.0
30.0
60.0
35.0
1.0
2.0
1.0
35.0
35.0
60.0
35.0
35.0
30.0
1.0
2.0
1.0
1.0
41.0
41.0
41.0
35.0
35.0
30.0
35.0
1.0
2.0
2.0
61.0
35.0
126.0
34.0
35.0
34.0
2.0
1.0
1.0
1.0
36.0
36.0
30.0
36.0
35.0
99.0
1.0
2.0
2.0
1.0
98.0
99.0
1.0
1.0
1.0
1.0
1.0
1.0
1.0
2.0
329.0
330.0
290.0
450.0
328.0
329.0
383.0
250.0
224.0
2.0
264.0
226.0
265.0
264.0
265.0
264.0
220.0
226.0
2.0
1.0
264.0
265.0
256.0
230.0
233.0
265.0
259.0
225.0
1.0
2.0
263.0
264.0
262.0
243.0
254.0
241.0
244.0
218.0
1.0
2.0
279.0
278.0
279.0
279.0
272.0
272.0
273.0
240.0
1.0
1.0
272.0
275.0
250.0
250.0
249.0
249.0
215.0
1.0
1.0
1.0
254.0
253.0
253.0
247.0
248.0
248.0
248.0
215.0
1.0
2.0
247.0
248.0
247.0
248.0
247.0
247.0
216.0
2.0
1.0
1.0
248.0
248.0
249.0
248.0
248.0
248.0
215.0
215.0
2.0
1.0
248.0
248.0
216.0
216.0
214.0
1.0
1.0
2.0
1.0
1.0
280.0
280.0
282.0
280.0
280.0
279.0
280.0
274.0
242.0
2.0
280.0
254.0
254.0
254.0
254.0
253.0
247.0
217.0
1.0
2.0
254.0
254.0
254.0
255.0
254.0
253.0
247.0
216.0
1.0
1.0
254.0
253.0
253.0
253.0
247.0
248.0
247.0
215.0
1.0
1.0
253.0
254.0
253.0
253.0
249.0
247.0
247.0
242.0
1.0
1.0
273.0
273.0
273.0
273.0
275.0
275.0
241.0
1.0
1.0
1.0
280.0
279.0
253.0
248.0
248.0
247.0
248.0
217.0
1.0
2.0
247.0
247.0
247.0
248.0
247.0
249.0
214.0
1.0
1.0
1.0
248.0
248.0
249.0
247.0
247.0
247.0
216.0
215.0
1.0
2.0
247.0
248.0
214.0
215.0
216.0
1.0
1.0
1.0
1.0
2.0
919.0
918.0
918.0
921.0
916.0
917.0
915.0
912.0
880.0
416.0
818.0
844.0
843.0
844.0
843.0
845.0
836.0
806.0
591.0
315.0
844.0
842.0
817.0
853.0
849.0
851.0
848.0
814.0
564.0
314.0
854.0
859.0
869.0
882.0
858.0
825.0
817.0
797.0
325.0
316.0
845.0
844.0
842.0
845.0
840.0
863.0
839.0
806.0
340.0
341.0
839.0
838.0
836.0
838.0
838.0
839.0
806.0
593.0
323.0
314.0
857.0
844.0
817.0
817.0
818.0
810.0
811.0
781.0
314.0
317.0
883.0
883.0
884.0
883.0
884.0
884.0
852.0
387.0
385.0
388.0
840.0
839.0
838.0
837.0
838.0
838.0
803.0
804.0
338.0
340.0
814.0
812.0
778.0
780.0
780.0
567.0
313.0
314.0
315.0
316.0
844.0
844.0
844.0
845.0
845.0
846.0
847.0
838.0
807.0
340.0
848.0
843.0
845.0
859.0
844.0
844.0
839.0
809.0
591.0
316.0
843.0
819.0
817.0
846.0
843.0
842.0
839.0
806.0
592.0
313.0
846.0
845.0
842.0
844.0
817.0
810.0
885.0
851.0
313.0
313.0
891.0
889.0
890.0
890.0
886.0
888.0
884.0
857.0
316.0
314.0
837.0
840.0
840.0
839.0
837.0
838.0
805.0
588.0
338.0
339.0
816.0
820.0
842.0
838.0
837.0
836.0
836.0
806.0
313.0
315.0
837.0
837.0
837.0
836.0
810.0
814.0
778.0
314.0
315.0
315.0
839.0
839.0
838.0
839.0
838.0
838.0
807.0
805.0
342.0
341.0
811.0
813.0
778.0
781.0
803.0
565.0
316.0
314.0
316.0
315.0
844.0
844.0
847.0
851.0
846.0
843.0
843.0
837.0
817.0
315.0
890.0
892.0
890.0
891.0
890.0
890.0
883.0
854.0
642.0
388.0
842.0
841.0
843.0
844.0
844.0
843.0
838.0
805.0
593.0
314.0
852.0
826.0
826.0
834.0
850.0
845.0
847.0
819.0
314.0
316.0
880.0
869.0
864.0
843.0
862.0
833.0
813.0
779.0
314.0
328.0
837.0
836.0
836.0
837.0
840.0
836.0
805.0
591.0
339.0
341.0
816.0
815.0
843.0
838.0
837.0
841.0
838.0
808.0
315.0
315.0
848.0
838.0
834.0
835.0
814.0
812.0
850.0
313.0
316.0
316.0
886.0
884.0
889.0
886.0
886.0
886.0
853.0
853.0
387.0
316.0
836.0
840.0
805.0
804.0
806.0
596.0
315.0
314.0
313.0
340.0
846.0
844.0
845.0
818.0
818.0
823.0
818.0
812.0
780.0
315.0
844.0
844.0
845.0
842.0
845.0
844.0
839.0
805.0
593.0
340.0
849.0
845.0
846.0
842.0
846.0
843.0
839.0
805.0
593.0
339.0
818.0
816.0
820.0
843.0
836.0
836.0
837.0
805.0
315.0
313.0
842.0
842.0
845.0
845.0
844.0
815.0
813.0
849.0
314.0
314.0
885.0
887.0
889.0
887.0
887.0
890.0
851.0
640.0
389.0
315.0
843.0
844.0
843.0
841.0
837.0
839.0
840.0
811.0
317.0
313.0
837.0
838.0
811.0
809.0
831.0
837.0
808.0
315.0
316.0
313.0
838.0
836.0
836.0
839.0
845.0
838.0
806.0
780.0
314.0
315.0
837.0
836.0
805.0
807.0
807.0
589.0
315.0
342.0
340.0
343.0
844.0
820.0
819.0
819.0
817.0
817.0
844.0
839.0
807.0
316.0
844.0
849.0
844.0
846.0
842.0
846.0
835.0
777.0
568.0
314.0
893.0
892.0
893.0
892.0
892.0
892.0
885.0
854.0
642.0
389.0
843.0
842.0
843.0
845.0
838.0
839.0
838.0
806.0
316.0
314.0
854.0
863.0
839.0
836.0
841.0
862.0
849.0
819.0
326.0
338.0
841.0
847.0
840.0
845.0
840.0
841.0
806.0
567.0
316.0
313.0
843.0
843.0
843.0
839.0
836.0
837.0
838.0
806.0
340.0
341.0
810.0
812.0
836.0
838.0
841.0
837.0
805.0
312.0
314.0
315.0
837.0
836.0
841.0
838.0
841.0
809.0
782.0
781.0
314.0
317.0
880.0
886.0
851.0
850.0
849.0
635.0
385.0
385.0
387.0
384.0
816.0
848.0
843.0
844.0
842.0
846.0
843.0
837.0
814.0
317.0
844.0
845.0
818.0
819.0
820.0
817.0
811.0
782.0
567.0
313.0
845.0
843.0
844.0
844.0
844.0
857.0
838.0
806.0
590.0
340.0
843.0
842.0
844.0
842.0
838.0
840.0
838.0
808.0
339.0
340.0
819.0
817.0
817.0
815.0
840.0
840.0
838.0
808.0
313.0
314.0
836.0
840.0
841.0
837.0
837.0
836.0
788.0
567.0
316.0
314.0
893.0
892.0
892.0
887.0
886.0
889.0
884.0
854.0
390.0
389.0
837.0
838.0
838.0
838.0
837.0
836.0
806.0
313.0
313.0
317.0
841.0
837.0
838.0
811.0
813.0
836.0
804.0
805.0
314.0
314.0
836.0
840.0
804.0
808.0
806.0
591.0
342.0
315.0
314.0
315.0
848.0
844.0
844.0
844.0
844.0
843.0
842.0
837.0
805.0
316.0
843.0
819.0
818.0
818.0
844.0
845.0
838.0
806.0
566.0
313.0
853.0
844.0
846.0
843.0
844.0
845.0
808.0
777.0
569.0
316.0
896.0
893.0
893.0
893.0
887.0
887.0
887.0
855.0
390.0
398.0
845.0
844.0
841.0
844.0
843.0
853.0
854.0
820.0
313.0
314.0
859.0
846.0
823.0
822.0
835.0
821.0
786.0
581.0
328.0
324.0
847.0
842.0
843.0
839.0
838.0
837.0
835.0
807.0
339.0
339.0
836.0
835.0
837.0
837.0
836.0
838.0
804.0
337.0
341.0
341.0
813.0
820.0
812.0
811.0
814.0
839.0
805.0
806.0
314.0
313.0
836.0
836.0
805.0
808.0
807.0
590.0
339.0
314.0
315.0
316.0
894.0
906.0
895.0
896.0
897.0
895.0
896.0
890.0
859.0
394.0
817.0
817.0
843.0
843.0
848.0
842.0
838.0
805.0
598.0
315.0
844.0
844.0
845.0
817.0
817.0
817.0
835.0
805.0
568.0
316.0
844.0
845.0
845.0
844.0
841.0
839.0
838.0
807.0
315.0
315.0
845.0
842.0
844.0
845.0
837.0
838.0
840.0
808.0
340.0
342.0
813.0
812.0
811.0
812.0
852.0
836.0
804.0
564.0
314.0
315.0
843.0
841.0
846.0
842.0
840.0
837.0
835.0
778.0
315.0
317.0
887.0
889.0
887.0
887.0
884.0
886.0
856.0
389.0
389.0
389.0
809.0
814.0
839.0
837.0
837.0
837.0
805.0
804.0
314.0
313.0
837.0
838.0
805.0
804.0
780.0
565.0
315.0
316.0
313.0
314.0
844.0
847.0
844.0
847.0
846.0
843.0
842.0
839.0
806.0
341.0
818.0
844.0
847.0
844.0
840.0
842.0
837.0
805.0
593.0
316.0
845.0
846.0
819.0
819.0
843.0
846.0
846.0
807.0
567.0
315.0
852.0
846.0
843.0
845.0
841.0
837.0
810.0
778.0
317.0
316.0
892.0
892.0
892.0
891.0
888.0
885.0
887.0
854.0
391.0
391.0
838.0
836.0
846.0
841.0
845.0
847.0
818.0
594.0
320.0
323.0
859.0
843.0
824.0
813.0
880.0
851.0
853.0
807.0
327.0
319.0
835.0
837.0
838.0
839.0
840.0
839.0
781.0
314.0
314.0
328.0
845.0
843.0
848.0
840.0
841.0
841.0
809.0
806.0
342.0
340.0
812.0
812.0
781.0
781.0
782.0
568.0
317.0
316.0
315.0
314.0
846.0
844.0
846.0
848.0
844.0
843.0
848.0
838.0
810.0
340.0
896.0
896.0
893.0
892.0
894.0
893.0
889.0
856.0
642.0
389.0
819.0
818.0
845.0
842.0
844.0
844.0
837.0
806.0
591.0
315.0
844.0
842.0
846.0
819.0
812.0
812.0
836.0
807.0
316.0
314.0
845.0
843.0
846.0
842.0
839.0
837.0
837.0
808.0
315.0
317.0
839.0
838.0
842.0
839.0
837.0
839.0
808.0
591.0
338.0
341.0
818.0
819.0
816.0
813.0
840.0
840.0
840.0
814.0
316.0
314.0
837.0
842.0
837.0
840.0
841.0
838.0
779.0
316.0
314.0
316.0
885.0
884.0
885.0
888.0
885.0
884.0
852.0
852.0
387.0
388.0
810.0
836.0
806.0
804.0
806.0
565.0
314.0
313.0
314.0
316.0
844.0
845.0
844.0
843.0
844.0
845.0
819.0
820.0
780.0
316.0
846.0
844.0
846.0
844.0
846.0
841.0
839.0
828.0
592.0
341.0
830.0
847.0
854.0
845.0
844.0
844.0
839.0
806.0
592.0
315.0
843.0
842.0
815.0
816.0
813.0
840.0
839.0
807.0
314.0
314.0
843.0
844.0
842.0
844.0
839.0
842.0
836.0
777.0
316.0
314.0
883.0
883.0
879.0
883.0
884.0
882.0
863.0
635.0
387.0
388.0
851.0
865.0
857.0
860.0
861.0
851.0
867.0
826.0
323.0
328.0
838.0
840.0
812.0
813.0
815.0
813.0
807.0
315.0
315.0
315.0
839.0
837.0
838.0
838.0
838.0
836.0
807.0
804.0
340.0
315.0
838.0
837.0
807.0
814.0
809.0
591.0
314.0
316.0
315.0
341.0
849.0
844.0
848.0
817.0
817.0
819.0
818.0
812.0
780.0
315.0
844.0
846.0
843.0
846.0
847.0
846.0
837.0
805.0
592.0
340.0
886.0
887.0
887.0
889.0
886.0
886.0
882.0
845.0
636.0
382.0
817.0
818.0
845.0
842.0
839.0
837.0
839.0
805.0
315.0
317.0
842.0
843.0
844.0
845.0
813.0
813.0
812.0
804.0
314.0
315.0
839.0
839.0
838.0
838.0
835.0
838.0
806.0
591.0
341.0
316.0
840.0
845.0
845.0
839.0
839.0
840.0
837.0
806.0
315.0
314.0
835.0
840.0
813.0
812.0
837.0
838.0
806.0
316.0
314.0
314.0
840.0
841.0
840.0
837.0
837.0
835.0
807.0
783.0
314.0
317.0
881.0
884.0
851.0
848.0
852.0
634.0
315.0
386.0
383.0
384.0
886.0
818.0
819.0
819.0
818.0
843.0
843.0
838.0
808.0
314.0
845.0
847.0
843.0
844.0
846.0
844.0
812.0
782.0
565.0
316.0
845.0
846.0
845.0
842.0
843.0
843.0
837.0
806.0
590.0
341.0
819.0
842.0
844.0
845.0
840.0
838.0
839.0
807.0
315.0
315.0
844.0
843.0
844.0
820.0
812.0
836.0
840.0
807.0
313.0
316.0
838.0
841.0
840.0
838.0
837.0
844.0
808.0
566.0
314.0
316.0
886.0
886.0
895.0
893.0
888.0
896.0
896.0
862.0
385.0
386.0
837.0
835.0
872.0
863.0
857.0
853.0
820.0
327.0
327.0
328.0
840.0
839.0
839.0
839.0
840.0
814.0
780.0
805.0
313.0
315.0
838.0
838.0
808.0
807.0
808.0
592.0
347.0
341.0
341.0
314.0
818.0
848.0
845.0
844.0
844.0
846.0
846.0
840.0
805.0
317.0
844.0
843.0
818.0
819.0
819.0
816.0
837.0
779.0
565.0
315.0
843.0
841.0
845.0
843.0
843.0
844.0
841.0
803.0
593.0
315.0
891.0
886.0
888.0
886.0
881.0
881.0
884.0
851.0
384.0
385.0
818.0
818.0
846.0
842.0
840.0
838.0
845.0
808.0
316.0
317.0
837.0
836.0
838.0
836.0
811.0
812.0
779.0
564.0
316.0
315.0
844.0
844.0
843.0
838.0
845.0
837.0
840.0
808.0
365.0
340.0
812.0
835.0
839.0
837.0
836.0
838.0
805.0
316.0
314.0
314.0
839.0
839.0
838.0
839.0
812.0
815.0
781.0
805.0
315.0
315.0
838.0
837.0
806.0
807.0
816.0
591.0
340.0
339.0
342.0
314.0
884.0
885.0
889.0
885.0
892.0
886.0
885.0
881.0
848.0
315.0
888.0
817.0
822.0
844.0
844.0
857.0
836.0
807.0
564.0
316.0
844.0
846.0
844.0
846.0
843.0
818.0
812.0
779.0
565.0
316.0
843.0
843.0
842.0
843.0
837.0
838.0
838.0
805.0
342.0
342.0
841.0
845.0
843.0
845.0
838.0
838.0
839.0
808.0
315.0
314.0
837.0
840.0
814.0
810.0
811.0
813.0
779.0
566.0
314.0
313.0
844.0
845.0
846.0
840.0
838.0
836.0
836.0
807.0
343.0
342.0
899.0
898.0
901.0
896.0
906.0
894.0
872.0
395.0
403.0
397.0
828.0
827.0
818.0
845.0
841.0
845.0
809.0
807.0
321.0
318.0
839.0
840.0
805.0
805.0
807.0
567.0
314.0
313.0
313.0
313.0
843.0
845.0
846.0
846.0
846.0
846.0
843.0
838.0
808.0
338.0
820.0
817.0
844.0
844.0
843.0
845.0
840.0
808.0
592.0
313.0
845.0
844.0
846.0
820.0
818.0
818.0
835.0
780.0
566.0
314.0
842.0
842.0
842.0
847.0
840.0
837.0
840.0
804.0
342.0
315.0
886.0
886.0
888.0
882.0
877.0
880.0
877.0
850.0
382.0
381.0
810.0
811.0
837.0
836.0
836.0
838.0
806.0
591.0
314.0
313.0
843.0
844.0
842.0
842.0
812.0
814.0
809.0
780.0
314.0
314.0
836.0
836.0
837.0
841.0
841.0
836.0
808.0
340.0
341.0
340.0
810.0
811.0
820.0
836.0
836.0
837.0
806.0
805.0
314.0
316.0
838.0
836.0
800.0
798.0
782.0
563.0
319.0
316.0
315.0
308.0
