3.0
4.0
5.0
3.0
3.0
4.0
3.0
3.0
4.0
4.0
5.0
5.0
4.0
3.0
3.0
3.0
823.0
829.0
973.0
3273.0
2993.0
2813.0
3028.0
2892.0
3267.0
3141.0
2934.0
2906.0
2915.0
2955.0
3.0
3.0
3.0
3.0
3.0
2.0
747.0
746.0
746.0
2941.0
2956.0
2963.0
3003.0
2967.0
2940.0
2941.0
2975.0
2948.0
2913.0
2931.0
3.0
3.0
3.0
3.0
3.0
2.0
771.0
766.0
738.0
2916.0
2936.0
2910.0
2909.0
2924.0
2910.0
2913.0
2922.0
2907.0
2916.0
2936.0
3.0
2.0
3.0
3.0
3.0
3.0
772.0
780.0
774.0
2933.0
2917.0
2949.0
2892.0
2908.0
2933.0
2917.0
2916.0
2939.0
2913.0
2914.0
3.0
2.0
3.0
3.0
3.0
2.0
752.0
755.0
738.0
2941.0
2934.0
2950.0
2923.0
2982.0
2938.0
2889.0
2946.0
2968.0
2971.0
2919.0
3.0
3.0
3.0
3.0
3.0
3.0
760.0
748.0
748.0
2967.0
2984.0
2981.0
2984.0
2957.0
2951.0
2927.0
2953.0
2969.0
2974.0
2947.0
3.0
3.0
3.0
3.0
2.0
3.0
749.0
761.0
759.0
2894.0
2899.0
2966.0
2942.0
2918.0
2941.0
2945.0
2940.0
2884.0
2963.0
2920.0
3.0
2.0
3.0
3.0
2.0
3.0
776.0
739.0
744.0
2931.0
2939.0
2910.0
2920.0
2897.0
2944.0
2944.0
2931.0
2913.0
2888.0
2953.0
3.0
3.0
2.0
3.0
3.0
2.0
769.0
764.0
770.0
2971.0
2916.0
2939.0
2928.0
2903.0
2937.0
2930.0
2975.0
2931.0
2902.0
2949.0
3.0
3.0
2.0
3.0
3.0
3.0
767.0
769.0
769.0
2923.0
2966.0
2945.0
2921.0
2914.0
2900.0
2883.0
2902.0
2831.0
2731.0
2683.0
4.0
5.0
3.0
3.0
3.0
3.0
755.0
804.0
889.0
3288.0
4130.0
2921.0
2997.0
2997.0
3296.0
4170.0
2823.0
2997.0
2995.0
2821.0
2.0
3.0
3.0
2.0
2.0
2.0
791.0
771.0
743.0
2836.0
2816.0
2923.0
2928.0
2927.0
2924.0
2920.0
3715.0
3703.0
2904.0
2968.0
3.0
2.0
3.0
2.0
3.0
2.0
780.0
785.0
780.0
2969.0
2990.0
2972.0
2950.0
2907.0
2922.0
2942.0
2950.0
2981.0
2952.0
2892.0
3.0
2.0
3.0
2.0
3.0
2.0
745.0
745.0
757.0
2914.0
2973.0
2952.0
2915.0
2913.0
2923.0
3006.0
2904.0
2925.0
2965.0
2905.0
3.0
2.0
3.0
2.0
3.0
2.0
754.0
746.0
746.0
2890.0
2893.0
2912.0
2960.0
2965.0
2967.0
2972.0
2883.0
2945.0
2945.0
2921.0
3.0
2.0
3.0
2.0
3.0
2.0
777.0
739.0
766.0
2953.0
2972.0
2929.0
2940.0
2901.0
2915.0
3026.0
2993.0
2945.0
2915.0
3040.0
2.0
3.0
2.0
2.0
2.0
3.0
805.0
807.0
796.0
2947.0
2896.0
2938.0
2960.0
2936.0
2944.0
2954.0
3000.0
2982.0
2950.0
2906.0
3.0
2.0
2.0
2.0
2.0
2.0
738.0
768.0
862.0
3047.0
2930.0
2923.0
2953.0
2931.0
2921.0
2902.0
2910.0
2930.0
2916.0
2899.0
2.0
3.0
2.0
2.0
2.0
3.0
750.0
751.0
750.0
2908.0
2923.0
2919.0
2922.0
2930.0
2932.0
2923.0
2910.0
2913.0
2917.0
2889.0
3.0
2.0
2.0
2.0
2.0
3.0
2.0
2.0
2.0
1147.0
1148.0
1147.0
1146.0
1148.0
1155.0
1187.0
1182.0
1180.0
1180.0
1184.0
3.0
2.0
3.0
2.0
2.0
3.0
777.0
775.0
766.0
2899.0
2899.0
2889.0
2910.0
2902.0
2902.0
2903.0
2901.0
2894.0
2898.0
2950.0
2.0
2.0
2.0
2.0
3.0
2.0
779.0
781.0
771.0
2924.0
2943.0
2943.0
2962.0
2925.0
2946.0
2902.0
2917.0
2917.0
2928.0
2919.0
3.0
2.0
3.0
2.0
3.0
2.0
768.0
760.0
773.0
2910.0
2948.0
2954.0
2982.0
2968.0
2956.0
2983.0
2952.0
2947.0
2943.0
2912.0
3.0
2.0
3.0
2.0
3.0
2.0
775.0
737.0
754.0
2909.0
2913.0
2927.0
2922.0
2945.0
2901.0
2955.0
2912.0
2913.0
2915.0
2930.0
3.0
2.0
3.0
2.0
3.0
2.0
784.0
783.0
785.0
2941.0
2923.0
2937.0
2917.0
2931.0
2919.0
2952.0
2942.0
2932.0
2905.0
2952.0
2.0
3.0
2.0
2.0
2.0
3.0
745.0
743.0
770.0
2946.0
2929.0
2918.0
2945.0
2917.0
2895.0
2894.0
2894.0
2934.0
3002.0
2953.0
2.0
2.0
2.0
2.0
2.0
2.0
753.0
749.0
753.0
2959.0
2958.0
2916.0
2928.0
2999.0
2985.0
3075.0
2900.0
3027.0
2976.0
2940.0
2.0
3.0
2.0
2.0
3.0
2.0
753.0
746.0
742.0
2961.0
2958.0
2906.0
2928.0
2899.0
2930.0
2937.0
2927.0
2921.0
2934.0
2993.0
2.0
2.0
3.0
2.0
2.0
2.0
774.0
765.0
770.0
2887.0
2905.0
2930.0
2951.0
2924.0
2910.0
2909.0
2990.0
2923.0
2945.0
2904.0
2.0
2.0
2.0
2.0
3.0
2.0
2.0
2.0
2.0
1184.0
1187.0
1199.0
1193.0
1187.0
1192.0
1162.0
1157.0
1157.0
1163.0
1157.0
2.0
2.0
2.0
3.0
2.0
2.0
759.0
746.0
745.0
2954.0
2949.0
2937.0
2950.0
2953.0
2946.0
2946.0
2950.0
2929.0
2929.0
2958.0
2.0
2.0
3.0
2.0
2.0
3.0
753.0
750.0
751.0
2899.0
2904.0
2906.0
2905.0
2958.0
2900.0
2977.0
2988.0
2988.0
2965.0
2933.0
3.0
2.0
2.0
3.0
2.0
2.0
772.0
769.0
775.0
2955.0
2973.0
2898.0
2925.0
2920.0
2898.0
2907.0
2934.0
2921.0
2905.0
2902.0
2.0
2.0
2.0
2.0
3.0
2.0
738.0
768.0
759.0
2941.0
2959.0
2922.0
2991.0
2952.0
2891.0
2902.0
2955.0
2931.0
2928.0
2933.0
2.0
2.0
2.0
3.0
2.0
2.0
759.0
763.0
760.0
2930.0
2964.0
2965.0
2930.0
2933.0
2938.0
2914.0
2899.0
2897.0
2981.0
2932.0
2.0
2.0
2.0
2.0
2.0
2.0
757.0
758.0
746.0
2909.0
2890.0
2967.0
2965.0
2949.0
2929.0
2979.0
2946.0
2962.0
2928.0
2963.0
2.0
2.0
2.0
2.0
2.0
2.0
769.0
748.0
739.0
2892.0
2936.0
2934.0
2929.0
2919.0
2892.0
2933.0
2954.0
2978.0
2902.0
2918.0
2.0
2.0
2.0
3.0
2.0
2.0
764.0
761.0
781.0
2907.0
2905.0
2928.0
2892.0
2896.0
2898.0
2890.0
2887.0
2914.0
2900.0
2884.0
2.0
2.0
2.0
2.0
3.0
2.0
749.0
742.0
742.0
2905.0
2900.0
2904.0
2903.0
2902.0
2899.0
2904.0
2891.0
2894.0
2921.0
2903.0
3.0
2.0
2.0
2.0
2.0
2.0
2.0
2.0
2.0
1146.0
1146.0
1151.0
1148.0
1161.0
1194.0
1180.0
1182.0
1182.0
1183.0
1185.0
2.0
3.0
2.0
2.0
3.0
2.0
765.0
767.0
738.0
2953.0
2911.0
2909.0
2957.0
2953.0
2906.0
2906.0
2902.0
2987.0
2993.0
2942.0
3.0
2.0
2.0
3.0
2.0
2.0
774.0
775.0
772.0
2934.0
2932.0
2918.0
2928.0
2890.0
2900.0
2900.0
2894.0
2906.0
2902.0
2901.0
2.0
3.0
2.0
2.0
3.0
2.0
748.0
747.0
740.0
2931.0
2906.0
2946.0
2938.0
2908.0
2939.0
2909.0
2928.0
2964.0
2908.0
2895.0
2.0
3.0
2.0
2.0
2.0
2.0
745.0
746.0
745.0
2895.0
2924.0
2903.0
2927.0
2924.0
2910.0
2917.0
2892.0
2892.0
2945.0
2961.0
2.0
3.0
2.0
2.0
2.0
2.0
764.0
777.0
764.0
2906.0
2933.0
2930.0
2919.0
2947.0
2918.0
2926.0
2937.0
2896.0
2933.0
2929.0
2.0
2.0
2.0
3.0
2.0
2.0
775.0
775.0
776.0
3002.0
2950.0
2933.0
2944.0
2921.0
2964.0
3055.0
2990.0
2951.0
2918.0
2908.0
2.0
3.0
2.0
2.0
3.0
2.0
753.0
766.0
777.0
2941.0
2949.0
2971.0
2971.0
2916.0
2963.0
2898.0
2923.0
2957.0
2941.0
2948.0
3.0
2.0
2.0
2.0
2.0
2.0
757.0
752.0
744.0
2917.0
2958.0
2961.0
2955.0
2938.0
2945.0
2960.0
2937.0
2896.0
2906.0
2924.0
2.0
2.0
2.0
2.0
3.0
2.0
737.0
759.0
746.0
2935.0
2932.0
2899.0
2966.0
2961.0
2965.0
2944.0
2990.0
2912.0
2928.0
3015.0
2.0
2.0
2.0
2.0
3.0
2.0
2.0
2.0
2.0
1189.0
1187.0
1179.0
1175.0
1172.0
1156.0
1180.0
1206.0
1237.0
1249.0
1204.0
2.0
2.0
2.0
2.0
2.0
2.0
809.0
818.0
815.0
3005.0
2934.0
2951.0
2920.0
2903.0
2904.0
2912.0
2981.0
2943.0
2899.0
2950.0
2.0
2.0
3.0
2.0
2.0
2.0
753.0
738.0
737.0
2915.0
2916.0
2919.0
2926.0
2910.0
2933.0
2924.0
2923.0
2907.0
2894.0
2915.0
3.0
2.0
2.0
2.0
2.0
2.0
738.0
745.0
747.0
2923.0
2924.0
2922.0
2903.0
2901.0
2931.0
2956.0
2970.0
2935.0
2944.0
2942.0
3.0
2.0
2.0
2.0
2.0
3.0
786.0
787.0
778.0
2932.0
2897.0
2916.0
2893.0
2906.0
2909.0
2900.0
2906.0
2931.0
2934.0
2942.0
2.0
2.0
2.0
2.0
2.0
3.0
738.0
766.0
762.0
2961.0
2954.0
2939.0
2933.0
2936.0
2927.0
2954.0
2938.0
2919.0
2890.0
2894.0
2.0
2.0
2.0
2.0
2.0
2.0
746.0
746.0
745.0
2933.0
2943.0
2950.0
2928.0
2909.0
2894.0
2909.0
2901.0
2921.0
2924.0
2895.0
2.0
2.0
2.0
2.0
2.0
2.0
744.0
750.0
744.0
2898.0
2939.0
2945.0
2930.0
2944.0
2929.0
2919.0
2901.0
2911.0
2917.0
2936.0
2.0
2.0
2.0
2.0
2.0
2.0
738.0
746.0
746.0
2893.0
2916.0
2889.0
2907.0
2923.0
2941.0
2924.0
2908.0
2883.0
2942.0
2925.0
2.0
2.0
3.0
2.0
2.0
2.0
772.0
764.0
768.0
2931.0
2946.0
2923.0
2933.0
2931.0
2919.0
2928.0
2937.0
2959.0
2919.0
2938.0
2.0
2.0
2.0
2.0
3.0
2.0
2.0
2.0
2.0
1173.0
1201.0
1176.0
1179.0
1194.0
1200.0
1167.0
1169.0
1162.0
1140.0
1142.0
3.0
2.0
3.0
2.0
3.0
2.0
742.0
741.0
753.0
2915.0
2923.0
2961.0
2933.0
2933.0
2939.0
2926.0
2916.0
2918.0
2910.0
2886.0
3.0
2.0
3.0
2.0
3.0
2.0
749.0
747.0
746.0
2888.0
2887.0
2887.0
2904.0
2907.0
2906.0
2915.0
2908.0
2904.0
2910.0
2909.0
3.0
2.0
3.0
3.0
2.0
2.0
765.0
767.0
767.0
2888.0
2895.0
2903.0
2895.0
2927.0
2893.0
2894.0
2927.0
2915.0
2930.0
2931.0
2.0
3.0
2.0
3.0
2.0
3.0
760.0
765.0
774.0
2945.0
2995.0
2972.0
2950.0
2928.0
2953.0
2937.0
3020.0
2947.0
2964.0
2936.0
2.0
3.0
3.0
2.0
3.0
2.0
764.0
820.0
764.0
2944.0
2927.0
2903.0
2928.0
2920.0
2952.0
2884.0
2915.0
2904.0
2939.0
2928.0
3.0
2.0
2.0
2.0
2.0
2.0
746.0
745.0
746.0
2924.0
2907.0
2928.0
2953.0
2966.0
2949.0
2964.0
2904.0
2919.0
2920.0
2937.0
2.0
2.0
2.0
3.0
2.0
2.0
769.0
740.0
751.0
2905.0
2893.0
2893.0
2924.0
2913.0
2920.0
2914.0
2911.0
2920.0
2929.0
2955.0
2.0
2.0
2.0
2.0
3.0
2.0
766.0
768.0
740.0
2907.0
2901.0
2902.0
2905.0
2897.0
2912.0
2911.0
2946.0
2943.0
2916.0
2970.0
3.0
2.0
2.0
2.0
3.0
2.0
762.0
780.0
785.0
2947.0
2943.0
2959.0
2920.0
2922.0
2939.0
2906.0
2909.0
2946.0
2908.0
2945.0
2.0
2.0
2.0
2.0
2.0
2.0
2.0
3.0
2.0
1214.0
1188.0
1189.0
1209.0
1208.0
1182.0
1184.0
1160.0
1159.0
1161.0
1158.0
2.0
2.0
3.0
2.0
2.0
3.0
756.0
752.0
752.0
2919.0
2925.0
2983.0
2916.0
2971.0
2943.0
2947.0
2946.0
2950.0
2952.0
2938.0
3.0
2.0
2.0
3.0
2.0
3.0
738.0
743.0
752.0
2918.0
2938.0
2912.0
2899.0
2919.0
2931.0
2909.0
2908.0
2953.0
2950.0
2947.0
3.0
2.0
2.0
3.0
2.0
2.0
772.0
783.0
787.0
2947.0
2935.0
2933.0
2892.0
2918.0
2915.0
2903.0
2936.0
2962.0
2978.0
2959.0
2.0
3.0
2.0
2.0
2.0
2.0
770.0
760.0
767.0
2967.0
2973.0
2984.0
2988.0
2977.0
2957.0
2952.0
2983.0
2944.0
2949.0
2932.0
3.0
2.0
2.0
2.0
3.0
2.0
746.0
746.0
747.0
2929.0
2931.0
2898.0
2941.0
2971.0
2967.0
2939.0
2938.0
2931.0
2978.0
2985.0
2.0
2.0
2.0
2.0
2.0
2.0
781.0
764.0
738.0
2935.0
2931.0
2890.0
2920.0
2922.0
2960.0
2977.0
2951.0
2933.0
2910.0
2945.0
2.0
2.0
3.0
2.0
2.0
2.0
780.0
765.0
778.0
2906.0
2931.0
2908.0
2891.0
2914.0
2925.0
2947.0
2944.0
2945.0
2945.0
2976.0
2.0
2.0
2.0
3.0
2.0
2.0
769.0
778.0
769.0
2965.0
2978.0
2955.0
2954.0
2928.0
2919.0
2963.0
2978.0
2959.0
2893.0
2916.0
3.0
2.0
2.0
2.0
2.0
2.0
750.0
744.0
744.0
2976.0
2915.0
2954.0
2959.0
2952.0
2944.0
2916.0
2931.0
2950.0
3009.0
2954.0
2.0
2.0
2.0
3.0
2.0
2.0
2.0
2.0
2.0
1157.0
1162.0
1160.0
1206.0
1206.0
1199.0
1231.0
1186.0
1194.0
1206.0
1158.0
2.0
3.0
2.0
2.0
2.0
3.0
744.0
752.0
743.0
2899.0
2899.0
2938.0
2930.0
2929.0
2914.0
2922.0
2945.0
2984.0
2945.0
2971.0
2.0
2.0
2.0
3.0
2.0
2.0
778.0
793.0
784.0
2959.0
2955.0
2945.0
2947.0
2921.0
2939.0
2934.0
2937.0
2947.0
2954.0
2949.0
2.0
2.0
2.0
2.0
2.0
2.0
744.0
743.0
768.0
2950.0
2959.0
2948.0
2958.0
2951.0
2946.0
3089.0
2939.0
2924.0
2904.0
2924.0
2.0
2.0
2.0
3.0
2.0
2.0
749.0
748.0
747.0
2907.0
2908.0
2947.0
2962.0
2939.0
2918.0
2940.0
2938.0
2960.0
2970.0
2967.0
3.0
2.0
2.0
2.0
2.0
3.0
774.0
758.0
749.0
2900.0
2923.0
2927.0
2926.0
2981.0
2970.0
2890.0
2889.0
2920.0
2940.0
2968.0
2.0
2.0
2.0
3.0
2.0
2.0
763.0
768.0
769.0
2925.0
2929.0
2916.0
2918.0
2934.0
2954.0
2961.0
2962.0
2912.0
2920.0
2977.0
3.0
2.0
2.0
2.0
2.0
3.0
770.0
778.0
778.0
2979.0
2949.0
2949.0
2975.0
2981.0
2970.0
2951.0
2967.0
3008.0
2935.0
2927.0
2.0
2.0
2.0
3.0
2.0
2.0
742.0
738.0
773.0
2948.0
2945.0
2943.0
2928.0
2965.0
2920.0
2910.0
2923.0
2919.0
2911.0
2890.0
3.0
2.0
2.0
2.0
2.0
3.0
750.0
747.0
748.0
2952.0
2963.0
2953.0
2954.0
2921.0
2912.0
2977.0
2887.0
2911.0
2923.0
2936.0
3.0
2.0
2.0
2.0
2.0
2.0
2.0
2.0
2.0
1155.0
1154.0
1150.0
1148.0
1146.0
1180.0
1175.0
1175.0
1218.0
1218.0
1193.0
2.0
2.0
2.0
2.0
2.0
2.0
775.0
789.0
758.0
2909.0
2890.0
2906.0
2897.0
2904.0
2894.0
2922.0
2935.0
2928.0
2968.0
3029.0
3.0
2.0
2.0
2.0
2.0
2.0
790.0
781.0
777.0
3034.0
2977.0
2976.0
2979.0
2951.0
2955.0
2941.0
2935.0
2947.0
2924.0
2922.0
2.0
2.0
3.0
2.0
2.0
2.0
751.0
750.0
737.0
2924.0
2913.0
2918.0
2966.0
2929.0
2945.0
2933.0
2948.0
2927.0
2912.0
2891.0
2.0
3.0
2.0
2.0
2.0
2.0
746.0
746.0
748.0
2889.0
2888.0
2889.0
2922.0
2919.0
2939.0
2917.0
2915.0
2950.0
2910.0
2926.0
2.0
2.0
2.0
2.0
3.0
2.0
778.0
763.0
777.0
2905.0
2907.0
2900.0
2909.0
2904.0
2891.0
2910.0
2887.0
2897.0
2904.0
2909.0
2.0
2.0
2.0
2.0
2.0
2.0
764.0
765.0
763.0
2921.0
2922.0
2916.0
2927.0
2910.0
2954.0
2970.0
2966.0
2965.0
2924.0
2921.0
2.0
2.0
2.0
2.0
3.0
2.0
764.0
814.0
806.0
2959.0
2947.0
2905.0
2898.0
2921.0
2917.0
2941.0
2937.0
2940.0
2939.0
2914.0
2.0
2.0
2.0
2.0
2.0
3.0
754.0
740.0
771.0
2944.0
2924.0
2914.0
2917.0
2943.0
2890.0
2906.0
2904.0
2898.0
2961.0
2928.0
2.0
2.0
2.0
2.0
2.0
2.0
2.0
2.0
2.0
1158.0
1153.0
1156.0
1198.0
1195.0
1185.0
1189.0
1189.0
1184.0
1185.0
1185.0
2.0
2.0
2.0
2.0
3.0
2.0
2.0
2.0
2.0
1147.0
1148.0
1147.0
1146.0
1148.0
1151.0
1154.0
1158.0
1176.0
1217.0
1219.0
2.0
2.0
2.0
2.0
2.0
2.0
755.0
755.0
788.0
2934.0
2938.0
2933.0
2927.0
2924.0
2935.0
2891.0
2937.0
2903.0
2897.0
2992.0
2.0
2.0
2.0
2.0
2.0
2.0
758.0
738.0
740.0
2982.0
2953.0
2965.0
3010.0
3005.0
3002.0
2957.0
2987.0
2958.0
2955.0
2889.0
2.0
2.0
2.0
2.0
3.0
2.0
739.0
747.0
748.0
2919.0
2899.0
2894.0
2904.0
2888.0
2936.0
2911.0
2971.0
2946.0
2950.0
2978.0
2.0
2.0
2.0
2.0
2.0
2.0
775.0
771.0
771.0
2933.0
2897.0
2893.0
2897.0
2899.0
2904.0
2896.0
2901.0
2914.0
2919.0
2941.0
2.0
2.0
2.0
2.0
2.0
2.0
738.0
738.0
770.0
2959.0
2919.0
2927.0
2941.0
2920.0
2930.0
2924.0
2926.0
2974.0
2918.0
2925.0
3.0
2.0
2.0
2.0
2.0
2.0
751.0
749.0
738.0
2908.0
2985.0
2920.0
2920.0
2934.0
2923.0
2923.0
2970.0
2997.0
2936.0
2908.0
2.0
2.0
2.0
2.0
2.0
2.0
774.0
761.0
762.0
2932.0
2926.0
2947.0
2934.0
2938.0
2939.0
2929.0
2915.0
2931.0
2955.0
2920.0
2.0
2.0
2.0
2.0
2.0
2.0
766.0
755.0
749.0
2932.0
2926.0
2963.0
2965.0
2945.0
2951.0
2954.0
2920.0
2928.0
2897.0
2954.0
2.0
2.0
2.0
2.0
2.0
2.0
2.0
2.0
2.0
1177.0
1151.0
1152.0
1158.0
1155.0
1154.0
1175.0
1187.0
1181.0
1193.0
1177.0
3.0
2.0
2.0
2.0
2.0
2.0
2.0
3.0
2.0
1175.0
1181.0
1175.0
1171.0
1140.0
1143.0
1123.0
1103.0
1075.0
1095.0
1066.0
