3.0
3.0
2.0
1.0
2.0
2.0
2.0
2.0
2.0
2.0
5.0
3.0
5.0
5.0
4.0
4.0
4.0
3.0
6.0
6.0
4.0
3.0
3.0
4.0
4.0
5.0
6.0
7.0
6.0
6.0
4.0
4.0
4.0
3.0
4.0
4.0
4.0
4.0
4.0
4.0
8.0
6.0
3.0
4.0
7.0
1417.0
1294.0
1295.0
1292.0
1308.0
1306.0
1240.0
1470.0
1242.0
1354.0
1260.0
1259.0
1269.0
1268.0
1247.0
1272.0
1254.0
1247.0
1264.0
1255.0
1245.0
1249.0
1259.0
1276.0
1276.0
1241.0
1277.0
1272.0
1239.0
1263.0
1209.0
1198.0
1291.0
1207.0
1303.0
1294.0
1292.0
1291.0
1197.0
1302.0
1183.0
1180.0
1183.0
1280.0
1194.0
1283.0
1283.0
1284.0
1284.0
1268.0
1885.0
1225.0
1228.0
1219.0
1274.0
1899.0
1256.0
1245.0
1248.0
1257.0
1203.0
1204.0
1227.0
1231.0
1233.0
4.0
3.0
3.0
2.0
2.0
3.0
3.0
4.0
2.0
1.0
3.0
4.0
3.0
1.0
2.0
4.0
3.0
3.0
2.0
1.0
3.0
3.0
4.0
2.0
2.0
3.0
3.0
3.0
2.0
2.0
4.0
3.0
3.0
2.0
1.0
1235.0
1233.0
1221.0
1224.0
1252.0
1270.0
1269.0
1266.0
1257.0
1235.0
1261.0
1251.0
1249.0
1251.0
1217.0
1223.0
1223.0
1222.0
1233.0
1226.0
1233.0
1234.0
1234.0
1225.0
1251.0
1255.0
1265.0
1252.0
1245.0
1245.0
1247.0
1249.0
1248.0
1253.0
1222.0
1221.0
1221.0
1223.0
1227.0
1235.0
1240.0
1239.0
1240.0
1219.0
1262.0
1250.0
1248.0
1253.0
1257.0
1248.0
1247.0
1261.0
1260.0
1257.0
1219.0
1220.0
1217.0
1210.0
1241.0
1235.0
1240.0
1236.0
1229.0
1169.0
1122.0
6.0
5.0
3.0
3.0
3.0
4.0
4.0
4.0
5.0
5.0
4.0
3.0
3.0
3.0
3.0
7.0
4.0
6.0
3.0
3.0
2.0
2.0
1.0
1.0
2.0
2.0
2.0
2.0
2.0
1.0
2.0
2.0
3.0
1.0
2.0
2.0
2.0
2.0
1.0
2.0
3.0
2.0
3.0
1.0
1.0
2.0
2.0
1.0
2.0
1.0
4.0
4.0
6.0
3.0
3.0
4.0
6.0
6.0
6.0
4.0
4.0
3.0
3.0
3.0
3.0
3.0
6.0
6.0
3.0
3.0
2.0
2.0
2.0
1.0
1.0
2.0
2.0
2.0
2.0
2.0
2.0
2.0
2.0
2.0
1.0
2.0
1.0
1.0
2.0
2.0
2.0
3.0
3.0
3.0
2.0
2.0
2.0
1.0
1.0
1.0
4.0
4.0
4.0
4.0
4.0
6.0
6.0
6.0
3.0
6.0
3.0
3.0
3.0
3.0
3.0
3.0
6.0
6.0
3.0
2.0
2.0
2.0
2.0
3.0
1.0
2.0
1.0
1.0
1.0
2.0
2.0
2.0
2.0
2.0
2.0
2.0
1.0
1.0
2.0
1.0
2.0
2.0
2.0
3.0
2.0
3.0
1.0
2.0
2.0
2.0
4.0
3.0
4.0
3.0
4.0
6.0
3.0
6.0
6.0
5.0
4.0
4.0
3.0
3.0
3.0
4.0
3.0
6.0
2.0
2.0
2.0
3.0
3.0
2.0
3.0
2.0
1.0
1.0
1.0
2.0
3.0
2.0
2.0
2.0
2.0
2.0
2.0
2.0
1.0
1.0
2.0
2.0
2.0
2.0
2.0
3.0
3.0
2.0
2.0
2.0
3.0
3.0
3.0
3.0
3.0
4.0
6.0
6.0
6.0
6.0
4.0
3.0
3.0
4.0
4.0
3.0
4.0
3.0
2.0
2.0
2.0
3.0
3.0
2.0
3.0
1.0
1.0
1.0
1.0
2.0
10.0
2.0
2.0
1.0
1.0
2.0
2.0
2.0
2.0
9.0
9.0
9.0
9.0
9.0
10.0
9.0
10.0
10.0
2.0
1.0
3.0
3.0
3.0
3.0
3.0
3.0
6.0
6.0
5.0
6.0
4.0
3.0
3.0
4.0
4.0
4.0
6.0
3.0
1.0
1.0
3.0
2.0
1.0
2.0
2.0
2.0
2.0
2.0
2.0
1.0
3.0
3.0
1.0
1.0
1.0
3.0
2.0
1.0
2.0
2.0
2.0
2.0
1.0
1.0
1.0
3.0
3.0
3.0
2.0
1.0
4.0
4.0
4.0
4.0
3.0
4.0
6.0
6.0
5.0
6.0
3.0
3.0
3.0
3.0
3.0
4.0
3.0
3.0
2.0
2.0
2.0
2.0
2.0
2.0
3.0
2.0
2.0
2.0
2.0
3.0
3.0
3.0
2.0
2.0
2.0
1.0
1.0
1.0
1.0
1.0
2.0
2.0
2.0
2.0
1.0
3.0
2.0
3.0
3.0
2.0
1348.0
1299.0
1298.0
1259.0
1301.0
1300.0
1407.0
1447.0
1514.0
1283.0
1292.0
1252.0
1266.0
1254.0
1255.0
1258.0
1270.0
1260.0
1256.0
1256.0
1219.0
1222.0
1222.0
1223.0
1220.0
1220.0
1215.0
1218.0
1224.0
1220.0
1277.0
1257.0
1268.0
1252.0
1267.0
1265.0
1268.0
1250.0
1273.0
1269.0
1223.0
1226.0
1224.0
1224.0
1222.0
683.0
683.0
671.0
674.0
673.0
1221.0
1219.0
1219.0
1220.0
1221.0
1264.0
1273.0
1256.0
1251.0
1251.0
1267.0
1271.0
1240.0
1255.0
1255.0
1242.0
1255.0
1240.0
1245.0
1255.0
1275.0
1277.0
1257.0
1246.0
1247.0
1266.0
1276.0
1291.0
1290.0
1280.0
1255.0
1237.0
1250.0
1250.0
1263.0
1227.0
1221.0
1235.0
1226.0
1226.0
1233.0
1245.0
1236.0
1237.0
1222.0
670.0
671.0
671.0
671.0
670.0
1250.0
1244.0
1245.0
1249.0
1253.0
1246.0
1251.0
1243.0
1259.0
1246.0
1222.0
1221.0
1221.0
1222.0
1223.0
1222.0
1228.0
1235.0
1233.0
1234.0
1267.0
1260.0
1275.0
1272.0
1284.0
1275.0
1273.0
1277.0
1259.0
1260.0
1219.0
1241.0
1221.0
1224.0
1229.0
1222.0
1228.0
1222.0
1236.0
1239.0
1275.0
1288.0
1280.0
1273.0
1278.0
716.0
727.0
720.0
712.0
701.0
1238.0
1241.0
1232.0
1239.0
1229.0
1219.0
1236.0
1223.0
1221.0
1225.0
1259.0
1258.0
1273.0
1276.0
1277.0
1266.0
1266.0
1265.0
1275.0
1265.0
1232.0
1220.0
1227.0
1227.0
1229.0
1217.0
1219.0
1219.0
1227.0
1219.0
1228.0
1218.0
1259.0
1269.0
1273.0
1264.0
1268.0
1267.0
1262.0
1279.0
1298.0
1310.0
1273.0
1303.0
1250.0
689.0
708.0
695.0
700.0
695.0
1224.0
1219.0
1222.0
1253.0
1216.0
1241.0
1225.0
1251.0
1275.0
1357.0
1247.0
1282.0
1265.0
1269.0
1273.0
1285.0
1270.0
1280.0
1235.0
1237.0
1231.0
1219.0
1218.0
1218.0
1227.0
1226.0
1218.0
1226.0
1258.0
1267.0
1259.0
1256.0
1253.0
1249.0
1273.0
1275.0
1261.0
1275.0
1231.0
1233.0
1228.0
1232.0
1230.0
1219.0
1230.0
656.0
663.0
663.0
661.0
662.0
1257.0
1266.0
1267.0
1267.0
1260.0
1248.0
1240.0
1253.0
1251.0
1259.0
1221.0
1230.0
1250.0
1228.0
1228.0
1230.0
1231.0
1232.0
1231.0
1244.0
1266.0
1285.0
1267.0
1264.0
1268.0
1265.0
1269.0
1264.0
1268.0
1284.0
1227.0
1229.0
1250.0
1227.0
1227.0
1231.0
1230.0
1231.0
1235.0
1229.0
1273.0
1279.0
1263.0
1263.0
1293.0
706.0
708.0
707.0
693.0
714.0
1225.0
1236.0
1224.0
1236.0
1235.0
1246.0
1239.0
1238.0
1239.0
1244.0
1254.0
1251.0
1255.0
1257.0
1255.0
1262.0
1263.0
1268.0
1266.0
1269.0
1252.0
1248.0
1250.0
1246.0
1246.0
1240.0
1235.0
1231.0
1242.0
1228.0
1262.0
1268.0
1265.0
1250.0
1264.0
1254.0
1255.0
1254.0
1254.0
1256.0
1217.0
1218.0
1218.0
1217.0
1218.0
669.0
666.0
670.0
667.0
667.0
1225.0
1223.0
1223.0
1220.0
1220.0
1250.0
1263.0
1253.0
1265.0
1262.0
1248.0
1245.0
1265.0
1254.0
1262.0
1220.0
1220.0
1221.0
1230.0
1229.0
1235.0
1242.0
1219.0
1220.0
1218.0
1247.0
1252.0
1266.0
1267.0
1267.0
1243.0
1268.0
1277.0
1276.0
1254.0
1230.0
1216.0
1228.0
1233.0
1228.0
1232.0
1228.0
1220.0
1218.0
1218.0
657.0
658.0
665.0
667.0
667.0
1249.0
1253.0
1261.0
1259.0
1253.0
1240.0
1252.0
1252.0
1248.0
1265.0
1219.0
1219.0
1218.0
1217.0
1236.0
1228.0
1266.0
1234.0
1233.0
1243.0
1264.0
1261.0
1269.0
1589.0
1255.0
1565.0
1207.0
1205.0
1207.0
1255.0
1218.0
1217.0
1221.0
1227.0
1253.0
1231.0
1231.0
1219.0
1220.0
1224.0
1272.0
1278.0
1285.0
1286.0
1268.0
703.0
684.0
697.0
704.0
698.0
1243.0
1238.0
1230.0
1242.0
1232.0
1238.0
1231.0
1226.0
1223.0
1228.0
1263.0
1269.0
1252.0
1259.0
1273.0
1281.0
1261.0
1279.0
1258.0
1258.0
1230.0
1229.0
1218.0
1225.0
1223.0
1228.0
1226.0
1230.0
1226.0
1222.0
1265.0
1259.0
1251.0
1270.0
1266.0
1257.0
1255.0
1259.0
1258.0
1254.0
1221.0
1221.0
1224.0
1226.0
1228.0
674.0
672.0
670.0
672.0
669.0
1229.0
1229.0
1228.0
1259.0
1257.0
1269.0
1255.0
1253.0
1258.0
1250.0
1260.0
1259.0
1258.0
1228.0
1221.0
1222.0
1222.0
1223.0
1228.0
1222.0
1228.0
1227.0
1231.0
1261.0
1252.0
1259.0
1255.0
1254.0
1278.0
1267.0
1262.0
1259.0
1275.0
1243.0
1219.0
1236.0
1237.0
1225.0
1248.0
1230.0
1232.0
1234.0
1231.0
1222.0
1232.0
660.0
658.0
674.0
670.0
679.0
1253.0
1254.0
1251.0
1252.0
1264.0
1246.0
1257.0
1261.0
1249.0
1260.0
1223.0
1223.0
1221.0
1234.0
1241.0
1243.0
1229.0
1231.0
1218.0
1228.0
1267.0
1267.0
1273.0
1256.0
1271.0
1266.0
1273.0
1272.0
1269.0
1286.0
1222.0
1221.0
1219.0
1236.0
1229.0
1230.0
1220.0
1217.0
1218.0
1222.0
1251.0
1249.0
1255.0
1241.0
1236.0
688.0
688.0
688.0
688.0
689.0
1221.0
1221.0
1219.0
1219.0
1221.0
1220.0
1222.0
1219.0
1233.0
1230.0
1265.0
1251.0
1255.0
1260.0
1255.0
1270.0
1250.0
1252.0
1240.0
1239.0
1226.0
1226.0
1224.0
1222.0
1232.0
1225.0
1233.0
1227.0
1232.0
1232.0
1271.0
1261.0
1265.0
1258.0
1284.0
1272.0
1277.0
1261.0
1265.0
1237.0
1246.0
1226.0
1232.0
1219.0
1223.0
677.0
676.0
672.0
671.0
670.0
3.0
3.0
3.0
1.0
2.0
3.0
3.0
3.0
1.0
2.0
3.0
3.0
3.0
1.0
1.0
3.0
2.0
1.0
2.0
2.0
1.0
1.0
2.0
2.0
1.0
1.0
1.0
1.0
2.0
1.0
1.0
1.0
2.0
2.0
1.0
1.0
1.0
1.0
2.0
1.0
1.0
1.0
2.0
2.0
1.0
1.0
1.0
2.0
1.0
1.0
3.0
3.0
3.0
2.0
1.0
3.0
3.0
3.0
2.0
1.0
3.0
3.0
3.0
1.0
2.0
3.0
2.0
1.0
1.0
2.0
2.0
1.0
1.0
1.0
2.0
1.0
1.0
1.0
1.0
2.0
1.0
1.0
1.0
2.0
2.0
1.0
2.0
1.0
1.0
1.0
2.0
2.0
2.0
1.0
1.0
1.0
1.0
2.0
1.0
2.0
3.0
3.0
3.0
1.0
2.0
3.0
3.0
3.0
1.0
2.0
3.0
3.0
3.0
1.0
1.0
3.0
2.0
1.0
1.0
2.0
1.0
2.0
1.0
2.0
1.0
2.0
1.0
1.0
1.0
2.0
1.0
2.0
1.0
1.0
1.0
1.0
2.0
1.0
2.0
1.0
2.0
1.0
2.0
1.0
2.0
1.0
2.0
1.0
1.0
1.0
3.0
3.0
3.0
2.0
2.0
3.0
3.0
3.0
1.0
1.0
3.0
3.0
3.0
1.0
1.0
3.0
2.0
1.0
1.0
2.0
2.0
2.0
1.0
1.0
1.0
2.0
1.0
2.0
1.0
2.0
1.0
2.0
1.0
1.0
1.0
2.0
2.0
1.0
1.0
1.0
2.0
2.0
2.0
1.0
1.0
1.0
2.0
1.0
1.0
1.0
4.0
4.0
3.0
1.0
1.0
3.0
3.0
3.0
2.0
1.0
3.0
3.0
3.0
1.0
1.0
3.0
2.0
2.0
1.0
1.0
2.0
2.0
1.0
1.0
1.0
2.0
2.0
2.0
1.0
1.0
1.0
2.0
1.0
1.0
1.0
2.0
1.0
1.0
1.0
1.0
2.0
2.0
2.0
1.0
1.0
1.0
2.0
1.0
2.0
1.0
4.0
3.0
3.0
1.0
1.0
3.0
3.0
3.0
2.0
1.0
3.0
3.0
3.0
2.0
1.0
3.0
1.0
2.0
2.0
1.0
2.0
1.0
1.0
1.0
1.0
1.0
2.0
2.0
1.0
1.0
1.0
2.0
2.0
2.0
1.0
1.0
1.0
1.0
1.0
1.0
2.0
2.0
2.0
1.0
1.0
1.0
2.0
2.0
2.0
1.0
3.0
3.0
3.0
1.0
1.0
3.0
3.0
3.0
2.0
2.0
3.0
3.0
3.0
2.0
1.0
3.0
1.0
2.0
2.0
1.0
1.0
1.0
1.0
2.0
2.0
2.0
2.0
1.0
1.0
1.0
1.0
1.0
1.0
1.0
2.0
2.0
1.0
1.0
1.0
1.0
1.0
1.0
1.0
1.0
2.0
2.0
2.0
2.0
2.0
1.0
1256.0
1266.0
1251.0
1266.0
1262.0
1265.0
1256.0
1257.0
1251.0
1253.0
1221.0
1224.0
1222.0
1220.0
1218.0
1221.0
1220.0
1222.0
1222.0
1221.0
1268.0
1259.0
1261.0
1260.0
1258.0
1259.0
1256.0
1252.0
1254.0
1253.0
1226.0
1223.0
1222.0
1222.0
1223.0
1223.0
1229.0
1215.0
1226.0
1223.0
1287.0
1280.0
1262.0
1264.0
1262.0
670.0
670.0
677.0
677.0
676.0
1251.0
1255.0
1303.0
1302.0
1309.0
1222.0
1220.0
1224.0
1264.0
1262.0
1236.0
1233.0
1249.0
1248.0
1245.0
1268.0
1260.0
1265.0
1272.0
1285.0
1242.0
1255.0
1259.0
1267.0
1262.0
1220.0
1232.0
1227.0
1220.0
1221.0
1243.0
1230.0
1218.0
1218.0
1225.0
1251.0
1265.0
1263.0
1252.0
1267.0
1255.0
1253.0
1269.0
1248.0
1265.0
657.0
661.0
663.0
657.0
658.0
1233.0
1240.0
1238.0
1238.0
1236.0
1251.0
1236.0
1221.0
1218.0
1217.0
1248.0
1252.0
1249.0
1242.0
1250.0
1251.0
1246.0
1251.0
1247.0
1252.0
1219.0
1219.0
1256.0
1239.0
1235.0
1230.0
1231.0
1226.0
1226.0
1224.0
1273.0
1280.0
1240.0
1241.0
1240.0
1246.0
1258.0
1272.0
1269.0
1266.0
1234.0
1242.0
1240.0
1231.0
1245.0
677.0
671.0
658.0
657.0
656.0
1278.0
1266.0
1268.0
1258.0
1271.0
1276.0
1267.0
1280.0
1249.0
1275.0
1242.0
1228.0
1218.0
1229.0
1224.0
1228.0
1228.0
1220.0
1238.0
1242.0
1260.0
1288.0
1259.0
1259.0
1260.0
1297.0
1294.0
1268.0
1282.0
1278.0
1218.0
1230.0
1219.0
1219.0
1222.0
1231.0
1220.0
1228.0
1243.0
1241.0
1264.0
1276.0
1266.0
1255.0
1252.0
713.0
706.0
718.0
710.0
708.0
1221.0
1223.0
1220.0
1218.0
1219.0
1224.0
1220.0
1221.0
1218.0
1218.0
1263.0
1257.0
1267.0
1264.0
1263.0
1261.0
1261.0
1253.0
1252.0
1252.0
1220.0
1224.0
1219.0
1218.0
1220.0
1219.0
1218.0
1221.0
1220.0
1222.0
1250.0
1265.0
1268.0
1275.0
1262.0
1267.0
1265.0
1274.0
1277.0
1267.0
1220.0
1233.0
1225.0
1237.0
1225.0
659.0
661.0
667.0
668.0
674.0
1231.0
1229.0
1233.0
1230.0
1223.0
1221.0
1257.0
1258.0
1255.0
1256.0
1260.0
1259.0
1253.0
1254.0
1254.0
1256.0
1222.0
1230.0
1232.0
1231.0
1219.0
1217.0
1236.0
1232.0
1235.0
1221.0
1233.0
1251.0
1255.0
1265.0
1262.0
1264.0
1248.0
1248.0
1245.0
1252.0
1254.0
1221.0
1219.0
1218.0
1218.0
1218.0
1230.0
1232.0
1231.0
658.0
658.0
658.0
658.0
657.0
1289.0
1280.0
1290.0
1306.0
1277.0
1320.0
1289.0
1291.0
1274.0
1285.0
1219.0
1224.0
1221.0
1220.0
1222.0
1222.0
1221.0
1232.0
1233.0
1234.0
1268.0
1256.0
1269.0
1265.0
1265.0
1253.0
1258.0
1253.0
1250.0
1250.0
1220.0
1222.0
1220.0
1216.0
1219.0
1220.0
1220.0
1231.0
1226.0
1232.0
1253.0
1254.0
1268.0
1251.0
1267.0
712.0
709.0
688.0
700.0
684.0
1236.0
1221.0
1221.0
1223.0
1218.0
1220.0
1224.0
1221.0
1222.0
1220.0
1251.0
1264.0
1250.0
1256.0
1259.0
1253.0
1254.0
1254.0
1252.0
1250.0
1219.0
1218.0
1219.0
1217.0
1232.0
1220.0
1223.0
1218.0
1218.0
1219.0
1259.0
1262.0
1252.0
1264.0
1265.0
1267.0
1254.0
1268.0
1271.0
1269.0
1235.0
1237.0
1218.0
1234.0
1232.0
673.0
670.0
687.0
672.0
671.0
1221.0
1226.0
1224.0
1225.0
1220.0
1252.0
1259.0
1258.0
1262.0
1268.0
1269.0
1256.0
1258.0
1265.0
1262.0
1232.0
1231.0
1222.0
1224.0
1221.0
1238.0
1231.0
1233.0
1293.0
1249.0
1250.0
1268.0
1322.0
1271.0
1294.0
1290.0
1269.0
1273.0
1284.0
1270.0
1279.0
1235.0
1231.0
1241.0
1234.0
1222.0
1225.0
1220.0
1229.0
1225.0
657.0
655.0
657.0
661.0
667.0
1262.0
1254.0
1268.0
1259.0
1245.0
1253.0
1265.0
1256.0
1261.0
1264.0
1226.0
1234.0
1234.0
1223.0
1236.0
1239.0
1238.0
1220.0
1226.0
1228.0
1249.0
1275.0
1277.0
1263.0
1266.0
1271.0
1274.0
1254.0
1281.0
1267.0
1227.0
1236.0
1244.0
1226.0
1240.0
1222.0
1227.0
1220.0
1228.0
1227.0
1267.0
1277.0
1266.0
1259.0
1259.0
702.0
705.0
687.0
709.0
709.0
1239.0
1224.0
1239.0
1221.0
1232.0
1232.0
1236.0
1222.0
1228.0
1229.0
1258.0
1257.0
1278.0
1272.0
1265.0
1284.0
1280.0
1267.0
1264.0
1258.0
1221.0
1221.0
1226.0
1219.0
1222.0
1221.0
1224.0
1219.0
1222.0
1219.0
1254.0
1252.0
1252.0
1255.0
1251.0
1252.0
1252.0
1252.0
1250.0
1260.0
1223.0
1219.0
1223.0
1220.0
1218.0
668.0
668.0
668.0
668.0
669.0
1244.0
1275.0
1289.0
1285.0
1300.0
1321.0
1306.0
1294.0
1322.0
1284.0
1262.0
1242.0
1265.0
1237.0
1245.0
1254.0
1263.0
1226.0
1217.0
1255.0
1219.0
1221.0
1256.0
1286.0
1292.0
1273.0
1262.0
1269.0
1264.0
1263.0
1263.0
1264.0
1229.0
1223.0
1218.0
1220.0
1226.0
1219.0
1226.0
1219.0
1226.0
1227.0
1230.0
1243.0
1243.0
668.0
673.0
668.0
674.0
666.0
1252.0
1262.0
1236.0
1273.0
1272.0
1265.0
1274.0
1260.0
1232.0
1222.0
1236.0
1237.0
1232.0
1228.0
1227.0
1220.0
1231.0
1229.0
1221.0
1253.0
1235.0
1237.0
1245.0
1257.0
1247.0
1256.0
1256.0
1255.0
1250.0
1221.0
1244.0
1243.0
1238.0
1226.0
1231.0
1226.0
1226.0
1227.0
1231.0
1255.0
1231.0
1232.0
1213.0
1216.0
1240.0
712.0
712.0
708.0
703.0
653.0
