0.0
1.0
1.0
1.0
1.0
1.0
1.0
0.0
1.0
0.0
1.0
0.0
0.0
1.0
1.0
1.0
1.0
0.0
0.0
0.0
0.0
1.0
1.0
0.0
1.0
1.0
1.0
1.0
1.0
1.0
259.0
258.0
258.0
258.0
258.0
258.0
259.0
258.0
259.0
0.0
544.0
543.0
543.0
543.0
543.0
543.0
543.0
543.0
542.0
285.0
532.0
533.0
541.0
541.0
542.0
541.0
542.0
542.0
542.0
274.0
542.0
541.0
542.0
532.0
532.0
532.0
532.0
532.0
531.0
274.0
532.0
532.0
532.0
532.0
542.0
541.0
542.0
542.0
541.0
274.0
542.0
542.0
542.0
542.0
544.0
533.0
532.0
532.0
533.0
275.0
542.0
542.0
542.0
542.0
542.0
542.0
542.0
542.0
542.0
284.0
561.0
558.0
557.0
558.0
559.0
559.0
560.0
578.0
577.0
299.0
550.0
550.0
549.0
549.0
549.0
550.0
549.0
549.0
532.0
274.0
532.0
531.0
532.0
531.0
532.0
531.0
531.0
532.0
533.0
274.0
542.0
541.0
542.0
541.0
541.0
541.0
542.0
542.0
542.0
284.0
533.0
542.0
542.0
541.0
542.0
542.0
542.0
542.0
542.0
274.0
542.0
543.0
532.0
532.0
532.0
532.0
532.0
532.0
531.0
274.0
541.0
541.0
542.0
542.0
541.0
541.0
541.0
541.0
541.0
284.0
532.0
532.0
532.0
533.0
539.0
539.0
539.0
538.0
539.0
274.0
549.0
548.0
548.0
548.0
550.0
541.0
542.0
542.0
541.0
284.0
532.0
532.0
532.0
532.0
532.0
532.0
541.0
541.0
542.0
274.0
542.0
541.0
542.0
542.0
542.0
541.0
541.0
477.0
477.0
274.0
1.0
1.0
1.0
0.0
1.0
1.0
1.0
1.0
1.0
0.0
0.0
0.0
0.0
0.0
0.0
0.0
0.0
0.0
0.0
0.0
1.0
1.0
1.0
1.0
1.0
1.0
1.0
1.0
0.0
0.0
1.0
1.0
1.0
1.0
1.0
1.0
1.0
1.0
1.0
1.0
0.0
0.0
0.0
0.0
0.0
0.0
0.0
0.0
0.0
0.0
1.0
1.0
1.0
1.0
1.0
1.0
1.0
1.0
1.0
0.0
1.0
0.0
0.0
0.0
1.0
1.0
1.0
1.0
1.0
1.0
1.0
0.0
0.0
0.0
0.0
0.0
0.0
0.0
0.0
0.0
1.0
1.0
1.0
1.0
1.0
1.0
1.0
1.0
1.0
1.0
0.0
0.0
0.0
1.0
1.0
1.0
1.0
0.0
1.0
0.0
1.0
1.0
0.0
0.0
0.0
0.0
0.0
0.0
0.0
0.0
1.0
1.0
1.0
1.0
1.0
1.0
1.0
1.0
1.0
1.0
0.0
0.0
0.0
0.0
0.0
0.0
0.0
0.0
0.0
0.0
1.0
1.0
1.0
1.0
1.0
1.0
1.0
0.0
0.0
0.0
1.0
1.0
1.0
1.0
1.0
1.0
1.0
1.0
1.0
1.0
0.0
0.0
0.0
0.0
0.0
0.0
0.0
0.0
0.0
0.0
1.0
1.0
1.0
1.0
1.0
1.0
1.0
1.0
1.0
1.0
1.0
0.0
0.0
1.0
1.0
1.0
1.0
1.0
1.0
1.0
0.0
0.0
0.0
0.0
0.0
0.0
0.0
0.0
0.0
0.0
1.0
1.0
1.0
1.0
1.0
1.0
1.0
1.0
1.0
1.0
259.0
258.0
258.0
258.0
259.0
258.0
258.0
258.0
259.0
0.0
259.0
260.0
260.0
259.0
259.0
259.0
259.0
259.0
259.0
0.0
260.0
260.0
283.0
284.0
284.0
284.0
284.0
284.0
1.0
1.0
283.0
283.0
283.0
283.0
259.0
258.0
258.0
258.0
0.0
0.0
259.0
259.0
258.0
259.0
258.0
259.0
258.0
258.0
0.0
0.0
259.0
259.0
258.0
258.0
258.0
258.0
258.0
258.0
1.0
1.0
277.0
277.0
277.0
277.0
277.0
277.0
277.0
277.0
1.0
0.0
277.0
277.0
258.0
258.0
258.0
258.0
258.0
258.0
1.0
1.0
258.0
258.0
258.0
258.0
259.0
259.0
259.0
0.0
1.0
0.0
1.0
1.0
1.0
1.0
1.0
1.0
1.0
0.0
0.0
0.0
552.0
552.0
552.0
552.0
552.0
552.0
552.0
552.0
552.0
294.0
532.0
532.0
533.0
532.0
533.0
532.0
533.0
533.0
532.0
274.0
554.0
554.0
554.0
554.0
554.0
553.0
553.0
554.0
274.0
295.0
554.0
532.0
532.0
532.0
532.0
532.0
532.0
533.0
275.0
274.0
552.0
552.0
552.0
552.0
552.0
552.0
552.0
552.0
294.0
294.0
531.0
532.0
531.0
531.0
532.0
552.0
552.0
552.0
274.0
274.0
552.0
552.0
553.0
553.0
553.0
552.0
552.0
532.0
274.0
274.0
531.0
531.0
532.0
532.0
531.0
531.0
531.0
532.0
274.0
274.0
550.0
552.0
552.0
552.0
552.0
552.0
552.0
293.0
292.0
292.0
275.0
276.0
276.0
276.0
274.0
274.0
274.0
273.0
274.0
274.0
552.0
551.0
551.0
551.0
551.0
551.0
551.0
551.0
551.0
293.0
532.0
531.0
532.0
532.0
532.0
532.0
532.0
532.0
532.0
273.0
550.0
550.0
551.0
550.0
551.0
551.0
550.0
550.0
293.0
293.0
532.0
532.0
532.0
532.0
532.0
531.0
532.0
532.0
274.0
274.0
551.0
550.0
551.0
551.0
551.0
551.0
550.0
551.0
293.0
293.0
532.0
532.0
552.0
552.0
551.0
552.0
552.0
552.0
275.0
275.0
552.0
551.0
552.0
552.0
532.0
532.0
533.0
532.0
274.0
275.0
549.0
546.0
548.0
549.0
547.0
548.0
577.0
577.0
290.0
289.0
563.0
563.0
563.0
562.0
562.0
563.0
562.0
303.0
275.0
276.0
276.0
275.0
274.0
274.0
275.0
275.0
275.0
275.0
274.0
275.0
555.0
555.0
555.0
554.0
555.0
554.0
555.0
555.0
555.0
296.0
537.0
536.0
556.0
557.0
557.0
556.0
557.0
556.0
556.0
278.0
554.0
554.0
555.0
535.0
534.0
534.0
535.0
534.0
276.0
276.0
533.0
534.0
533.0
534.0
533.0
544.0
544.0
543.0
275.0
274.0
545.0
545.0
545.0
545.0
545.0
545.0
545.0
537.0
276.0
275.0
547.0
547.0
547.0
547.0
547.0
546.0
547.0
547.0
278.0
285.0
544.0
534.0
533.0
533.0
533.0
533.0
534.0
534.0
275.0
274.0
535.0
535.0
534.0
551.0
551.0
551.0
551.0
551.0
275.0
276.0
552.0
551.0
551.0
552.0
552.0
534.0
534.0
277.0
277.0
277.0
274.0
273.0
274.0
274.0
274.0
274.0
274.0
274.0
284.0
284.0
542.0
542.0
541.0
542.0
542.0
542.0
541.0
542.0
532.0
274.0
542.0
541.0
542.0
542.0
541.0
542.0
542.0
542.0
542.0
284.0
532.0
532.0
532.0
532.0
532.0
533.0
532.0
532.0
274.0
274.0
533.0
533.0
543.0
544.0
543.0
544.0
543.0
543.0
275.0
275.0
543.0
543.0
544.0
543.0
533.0
532.0
533.0
533.0
275.0
275.0
541.0
542.0
542.0
542.0
542.0
542.0
542.0
542.0
284.0
284.0
532.0
532.0
532.0
532.0
532.0
532.0
531.0
532.0
274.0
274.0
544.0
544.0
543.0
544.0
544.0
543.0
544.0
543.0
276.0
275.0
544.0
544.0
534.0
535.0
535.0
534.0
535.0
276.0
275.0
275.0
275.0
276.0
276.0
275.0
276.0
285.0
285.0
285.0
285.0
285.0
544.0
544.0
543.0
544.0
544.0
534.0
535.0
536.0
535.0
274.0
545.0
544.0
544.0
545.0
544.0
544.0
543.0
543.0
543.0
284.0
535.0
537.0
535.0
535.0
535.0
535.0
535.0
535.0
277.0
277.0
542.0
542.0
543.0
542.0
542.0
542.0
542.0
543.0
274.0
284.0
542.0
532.0
532.0
532.0
532.0
532.0
532.0
532.0
274.0
274.0
542.0
542.0
542.0
542.0
541.0
542.0
541.0
542.0
284.0
284.0
532.0
532.0
532.0
532.0
532.0
532.0
532.0
532.0
275.0
274.0
542.0
543.0
543.0
543.0
543.0
543.0
543.0
542.0
284.0
284.0
534.0
533.0
534.0
534.0
534.0
533.0
533.0
274.0
274.0
276.0
276.0
276.0
294.0
296.0
294.0
293.0
295.0
293.0
294.0
301.0
555.0
560.0
536.0
537.0
537.0
538.0
537.0
537.0
538.0
277.0
542.0
543.0
543.0
542.0
541.0
541.0
541.0
542.0
542.0
284.0
533.0
532.0
532.0
533.0
532.0
533.0
532.0
532.0
274.0
275.0
544.0
544.0
544.0
544.0
544.0
543.0
544.0
544.0
286.0
286.0
532.0
532.0
532.0
531.0
532.0
531.0
532.0
532.0
274.0
273.0
542.0
542.0
542.0
541.0
542.0
541.0
541.0
542.0
284.0
284.0
532.0
533.0
534.0
534.0
534.0
534.0
534.0
534.0
275.0
275.0
543.0
543.0
543.0
543.0
541.0
542.0
541.0
542.0
284.0
284.0
531.0
531.0
532.0
531.0
532.0
531.0
543.0
273.0
274.0
274.0
284.0
285.0
284.0
285.0
285.0
285.0
285.0
285.0
285.0
274.0
533.0
533.0
533.0
533.0
533.0
533.0
533.0
532.0
533.0
275.0
542.0
542.0
542.0
542.0
543.0
543.0
542.0
542.0
543.0
284.0
532.0
532.0
532.0
532.0
532.0
532.0
532.0
532.0
274.0
274.0
543.0
542.0
542.0
543.0
543.0
543.0
542.0
542.0
284.0
284.0
532.0
532.0
532.0
532.0
532.0
541.0
541.0
541.0
274.0
274.0
543.0
542.0
543.0
543.0
542.0
543.0
543.0
533.0
275.0
275.0
534.0
533.0
533.0
533.0
533.0
533.0
533.0
533.0
274.0
276.0
544.0
542.0
542.0
543.0
542.0
542.0
542.0
542.0
285.0
284.0
532.0
532.0
532.0
541.0
541.0
541.0
542.0
274.0
274.0
274.0
284.0
284.0
284.0
284.0
284.0
284.0
274.0
275.0
274.0
274.0
532.0
532.0
532.0
532.0
531.0
531.0
532.0
531.0
532.0
274.0
541.0
541.0
541.0
542.0
541.0
542.0
542.0
542.0
542.0
284.0
532.0
532.0
532.0
532.0
531.0
532.0
532.0
532.0
274.0
274.0
543.0
543.0
543.0
543.0
543.0
543.0
543.0
543.0
285.0
285.0
532.0
532.0
542.0
542.0
542.0
542.0
542.0
542.0
275.0
275.0
542.0
542.0
542.0
542.0
532.0
532.0
532.0
533.0
274.0
274.0
533.0
532.0
532.0
532.0
532.0
532.0
542.0
542.0
274.0
274.0
542.0
541.0
541.0
541.0
542.0
541.0
542.0
541.0
274.0
274.0
542.0
542.0
542.0
543.0
542.0
543.0
542.0
274.0
274.0
274.0
285.0
284.0
285.0
275.0
275.0
276.0
275.0
275.0
275.0
275.0
533.0
533.0
533.0
532.0
532.0
532.0
532.0
531.0
531.0
274.0
542.0
542.0
542.0
541.0
563.0
566.0
564.0
563.0
565.0
284.0
553.0
558.0
553.0
554.0
553.0
542.0
541.0
542.0
275.0
274.0
542.0
541.0
541.0
542.0
542.0
541.0
542.0
532.0
273.0
274.0
542.0
542.0
543.0
543.0
542.0
543.0
542.0
542.0
274.0
285.0
543.0
533.0
533.0
534.0
533.0
533.0
533.0
533.0
275.0
275.0
534.0
534.0
534.0
543.0
543.0
543.0
543.0
543.0
275.0
275.0
542.0
542.0
542.0
541.0
542.0
531.0
532.0
531.0
274.0
274.0
541.0
542.0
542.0
541.0
542.0
542.0
541.0
283.0
284.0
284.0
276.0
275.0
275.0
275.0
275.0
275.0
276.0
275.0
275.0
275.0
531.0
532.0
532.0
532.0
532.0
532.0
532.0
532.0
532.0
274.0
542.0
541.0
541.0
541.0
541.0
541.0
541.0
541.0
541.0
284.0
533.0
533.0
543.0
543.0
543.0
543.0
543.0
543.0
276.0
276.0
543.0
542.0
543.0
543.0
533.0
533.0
533.0
533.0
275.0
275.0
542.0
542.0
541.0
542.0
541.0
541.0
542.0
542.0
283.0
284.0
533.0
533.0
533.0
533.0
534.0
533.0
533.0
533.0
274.0
275.0
546.0
545.0
545.0
545.0
545.0
545.0
545.0
546.0
275.0
275.0
548.0
548.0
539.0
539.0
539.0
539.0
539.0
538.0
277.0
277.0
550.0
549.0
549.0
549.0
551.0
552.0
551.0
288.0
288.0
288.0
280.0
280.0
280.0
279.0
280.0
280.0
279.0
274.0
274.0
275.0
542.0
541.0
542.0
541.0
541.0
542.0
542.0
542.0
542.0
283.0
533.0
532.0
533.0
532.0
533.0
533.0
532.0
532.0
532.0
274.0
543.0
542.0
542.0
542.0
542.0
542.0
542.0
542.0
274.0
284.0
542.0
532.0
531.0
532.0
532.0
532.0
532.0
532.0
274.0
274.0
541.0
541.0
541.0
542.0
541.0
542.0
542.0
542.0
284.0
284.0
532.0
532.0
533.0
532.0
532.0
531.0
532.0
532.0
274.0
274.0
542.0
542.0
543.0
542.0
542.0
542.0
542.0
542.0
284.0
284.0
532.0
532.0
532.0
532.0
531.0
532.0
531.0
532.0
274.0
274.0
543.0
542.0
543.0
542.0
542.0
542.0
542.0
284.0
285.0
284.0
274.0
274.0
274.0
274.0
275.0
274.0
274.0
274.0
274.0
274.0
544.0
543.0
543.0
543.0
543.0
543.0
544.0
544.0
544.0
285.0
534.0
533.0
533.0
534.0
534.0
533.0
533.0
532.0
533.0
275.0
543.0
543.0
543.0
543.0
542.0
543.0
543.0
543.0
285.0
285.0
546.0
542.0
542.0
543.0
543.0
542.0
544.0
543.0
285.0
285.0
542.0
542.0
544.0
543.0
544.0
544.0
542.0
543.0
284.0
286.0
532.0
532.0
543.0
543.0
541.0
543.0
543.0
543.0
274.0
274.0
542.0
543.0
543.0
542.0
532.0
532.0
532.0
532.0
274.0
274.0
533.0
533.0
534.0
533.0
533.0
534.0
543.0
543.0
275.0
275.0
543.0
543.0
543.0
543.0
543.0
543.0
543.0
284.0
275.0
275.0
275.0
274.0
274.0
274.0
274.0
274.0
274.0
274.0
274.0
274.0
543.0
543.0
543.0
543.0
542.0
543.0
543.0
542.0
542.0
284.0
533.0
532.0
533.0
533.0
533.0
533.0
532.0
533.0
533.0
274.0
544.0
545.0
545.0
545.0
544.0
545.0
545.0
545.0
286.0
286.0
534.0
534.0
533.0
533.0
533.0
543.0
544.0
543.0
275.0
275.0
542.0
543.0
542.0
542.0
542.0
542.0
543.0
532.0
274.0
274.0
542.0
542.0
542.0
541.0
542.0
542.0
542.0
542.0
274.0
284.0
542.0
532.0
532.0
532.0
532.0
532.0
532.0
532.0
274.0
274.0
533.0
533.0
533.0
543.0
543.0
543.0
543.0
543.0
275.0
275.0
542.0
542.0
542.0
542.0
542.0
532.0
531.0
274.0
274.0
274.0
274.0
274.0
274.0
274.0
274.0
274.0
274.0
274.0
285.0
285.0
544.0
544.0
543.0
544.0
544.0
544.0
544.0
544.0
533.0
275.0
542.0
542.0
542.0
541.0
542.0
541.0
542.0
541.0
541.0
283.0
532.0
532.0
532.0
532.0
532.0
532.0
531.0
532.0
275.0
275.0
532.0
532.0
542.0
542.0
542.0
542.0
542.0
542.0
274.0
274.0
542.0
542.0
541.0
541.0
532.0
532.0
531.0
531.0
274.0
274.0
542.0
541.0
542.0
542.0
542.0
542.0
543.0
542.0
284.0
284.0
533.0
532.0
533.0
532.0
533.0
533.0
533.0
533.0
274.0
274.0
542.0
542.0
542.0
542.0
541.0
542.0
542.0
541.0
284.0
284.0
532.0
532.0
532.0
532.0
531.0
532.0
531.0
274.0
274.0
274.0
274.0
274.0
274.0
274.0
274.0
284.0
284.0
284.0
284.0
284.0
542.0
541.0
542.0
542.0
541.0
531.0
532.0
532.0
531.0
274.0
542.0
542.0
542.0
542.0
541.0
542.0
542.0
541.0
541.0
284.0
532.0
532.0
532.0
532.0
532.0
532.0
532.0
532.0
275.0
275.0
543.0
543.0
543.0
543.0
543.0
543.0
543.0
543.0
284.0
285.0
534.0
534.0
534.0
533.0
533.0
534.0
533.0
534.0
275.0
275.0
549.0
549.0
549.0
565.0
570.0
568.0
565.0
567.0
290.0
290.0
552.0
554.0
552.0
552.0
552.0
548.0
548.0
548.0
277.0
277.0
548.0
548.0
548.0
548.0
548.0
549.0
548.0
537.0
278.0
277.0
538.0
538.0
538.0
538.0
538.0
538.0
538.0
277.0
277.0
278.0
286.0
287.0
284.0
285.0
285.0
285.0
285.0
285.0
285.0
284.0
534.0
533.0
533.0
533.0
533.0
533.0
533.0
533.0
533.0
275.0
542.0
542.0
542.0
544.0
543.0
543.0
543.0
543.0
543.0
284.0
533.0
534.0
534.0
534.0
543.0
543.0
543.0
544.0
275.0
275.0
545.0
545.0
544.0
545.0
545.0
545.0
535.0
535.0
276.0
275.0
536.0
536.0
536.0
536.0
536.0
536.0
536.0
536.0
277.0
277.0
548.0
548.0
548.0
548.0
548.0
548.0
549.0
548.0
288.0
288.0
538.0
538.0
549.0
549.0
550.0
549.0
550.0
550.0
278.0
277.0
551.0
552.0
552.0
552.0
542.0
543.0
542.0
543.0
279.0
280.0
550.0
550.0
550.0
550.0
549.0
549.0
549.0
287.0
287.0
287.0
278.0
278.0
277.0
278.0
277.0
278.0
277.0
278.0
278.0
278.0
538.0
538.0
539.0
538.0
539.0
538.0
538.0
538.0
538.0
277.0
551.0
552.0
551.0
551.0
551.0
551.0
551.0
551.0
552.0
288.0
540.0
552.0
551.0
552.0
552.0
552.0
552.0
553.0
278.0
277.0
548.0
548.0
548.0
532.0
533.0
532.0
532.0
532.0
274.0
274.0
542.0
541.0
542.0
542.0
542.0
542.0
541.0
542.0
284.0
284.0
532.0
532.0
532.0
532.0
532.0
532.0
533.0
533.0
275.0
274.0
541.0
541.0
542.0
542.0
542.0
541.0
541.0
541.0
274.0
283.0
541.0
533.0
532.0
532.0
532.0
532.0
532.0
532.0
275.0
275.0
542.0
542.0
543.0
541.0
542.0
541.0
542.0
284.0
284.0
284.0
274.0
274.0
274.0
274.0
274.0
273.0
232.0
231.0
231.0
231.0
