4.0
3.0
2.0
2.0
2.0
2.0
2.0
2.0
3.0
3.0
119.0
75.0
118.0
74.0
74.0
55.0
100.0
56.0
98.0
55.0
92.0
91.0
91.0
90.0
90.0
89.0
162.0
159.0
160.0
159.0
317.0
318.0
264.0
315.0
317.0
316.0
459.0
460.0
315.0
304.0
652.0
771.0
770.0
778.0
770.0
768.0
658.0
769.0
769.0
677.0
666.0
664.0
766.0
765.0
764.0
764.0
768.0
766.0
673.0
767.0
674.0
676.0
770.0
767.0
772.0
767.0
767.0
665.0
764.0
767.0
673.0
672.0
673.0
780.0
785.0
773.0
774.0
771.0
790.0
794.0
712.0
724.0
728.0
786.0
783.0
788.0
789.0
785.0
764.0
682.0
768.0
668.0
672.0
767.0
767.0
769.0
767.0
766.0
767.0
671.0
772.0
670.0
664.0
768.0
768.0
767.0
767.0
770.0
670.0
767.0
682.0
790.0
672.0
667.0
759.0
760.0
759.0
762.0
744.0
759.0
671.0
684.0
758.0
694.0
693.0
766.0
766.0
766.0
769.0
709.0
762.0
709.0
764.0
706.0
720.0
687.0
742.0
742.0
742.0
742.0
743.0
688.0
749.0
694.0
693.0
691.0
748.0
747.0
746.0
747.0
694.0
748.0
745.0
690.0
694.0
694.0
748.0
748.0
748.0
749.0
696.0
749.0
750.0
694.0
687.0
686.0
687.0
745.0
747.0
747.0
751.0
751.0
751.0
696.0
696.0
693.0
714.0
762.0
764.0
765.0
765.0
766.0
709.0
763.0
708.0
708.0
690.0
744.0
743.0
746.0
745.0
749.0
698.0
749.0
696.0
693.0
694.0
751.0
750.0
747.0
751.0
742.0
690.0
727.0
686.0
683.0
676.0
672.0
673.0
672.0
102.0
102.0
57.0
57.0
57.0
57.0
56.0
55.0
14.0
4.0
101.0
101.0
57.0
57.0
56.0
56.0
54.0
50.0
13.0
3.0
101.0
66.0
57.0
57.0
56.0
56.0
54.0
50.0
13.0
3.0
99.0
45.0
56.0
55.0
53.0
52.0
50.0
42.0
7.0
1.0
45.0
56.0
99.0
56.0
93.0
52.0
41.0
50.0
7.0
2.0
55.0
54.0
55.0
55.0
42.0
50.0
21.0
13.0
7.0
2.0
56.0
55.0
55.0
51.0
53.0
52.0
41.0
90.0
13.0
2.0
55.0
98.0
55.0
44.0
52.0
50.0
17.0
13.0
7.0
2.0
55.0
55.0
44.0
55.0
43.0
50.0
21.0
13.0
12.0
2.0
45.0
55.0
55.0
63.0
52.0
50.0
23.0
10.0
7.0
2.0
75.0
91.0
91.0
86.0
76.0
91.0
90.0
88.0
7.0
2.0
90.0
90.0
78.0
78.0
89.0
90.0
76.0
84.0
7.0
2.0
91.0
91.0
90.0
91.0
78.0
78.0
76.0
84.0
7.0
2.0
89.0
88.0
89.0
88.0
86.0
85.0
74.0
67.0
6.0
1.0
85.0
92.0
91.0
87.0
88.0
87.0
86.0
85.0
6.0
2.0
86.0
87.0
80.0
85.0
83.0
75.0
21.0
13.0
7.0
2.0
86.0
86.0
80.0
80.0
83.0
83.0
76.0
81.0
6.0
2.0
80.0
85.0
85.0
81.0
78.0
81.0
20.0
13.0
6.0
1.0
82.0
84.0
83.0
83.0
80.0
78.0
19.0
12.0
7.0
1.0
83.0
83.0
82.0
83.0
80.0
78.0
19.0
12.0
7.0
1.0
294.0
298.0
297.0
298.0
298.0
297.0
294.0
291.0
7.0
2.0
294.0
294.0
294.0
298.0
297.0
298.0
296.0
288.0
7.0
2.0
294.0
298.0
294.0
294.0
299.0
302.0
301.0
297.0
7.0
2.0
302.0
299.0
299.0
302.0
295.0
297.0
288.0
283.0
7.0
1.0
318.0
317.0
315.0
317.0
312.0
312.0
312.0
310.0
6.0
1.0
316.0
319.0
298.0
298.0
290.0
289.0
235.0
12.0
6.0
1.0
299.0
294.0
294.0
296.0
292.0
292.0
290.0
296.0
7.0
2.0
295.0
293.0
292.0
295.0
290.0
291.0
234.0
13.0
7.0
1.0
296.0
295.0
297.0
293.0
290.0
288.0
229.0
12.0
7.0
2.0
295.0
298.0
302.0
298.0
300.0
297.0
20.0
12.0
6.0
2.0
723.0
732.0
725.0
742.0
780.0
784.0
749.0
714.0
241.0
234.0
761.0
775.0
714.0
715.0
716.0
755.0
750.0
712.0
241.0
248.0
712.0
738.0
737.0
738.0
717.0
717.0
717.0
740.0
245.0
229.0
770.0
741.0
742.0
770.0
764.0
761.0
734.0
726.0
236.0
242.0
735.0
743.0
723.0
712.0
708.0
716.0
715.0
714.0
236.0
230.0
715.0
719.0
720.0
724.0
721.0
711.0
653.0
250.0
243.0
239.0
718.0
720.0
718.0
711.0
710.0
706.0
720.0
719.0
235.0
230.0
715.0
723.0
724.0
722.0
721.0
712.0
664.0
247.0
237.0
231.0
716.0
724.0
722.0
718.0
718.0
718.0
659.0
243.0
234.0
229.0
731.0
712.0
710.0
709.0
759.0
759.0
248.0
241.0
242.0
237.0
782.0
713.0
780.0
777.0
776.0
713.0
713.0
708.0
253.0
243.0
748.0
696.0
747.0
751.0
747.0
696.0
746.0
688.0
246.0
222.0
700.0
748.0
687.0
743.0
744.0
744.0
685.0
682.0
246.0
241.0
746.0
693.0
748.0
747.0
692.0
744.0
742.0
736.0
234.0
229.0
688.0
689.0
691.0
746.0
743.0
744.0
689.0
746.0
245.0
240.0
746.0
697.0
695.0
747.0
693.0
758.0
696.0
252.0
228.0
240.0
750.0
720.0
741.0
725.0
719.0
742.0
719.0
735.0
238.0
235.0
719.0
719.0
720.0
720.0
713.0
715.0
657.0
240.0
237.0
244.0
715.0
729.0
733.0
711.0
707.0
706.0
647.0
240.0
235.0
230.0
715.0
716.0
717.0
716.0
713.0
714.0
247.0
247.0
241.0
235.0
718.0
713.0
712.0
710.0
711.0
715.0
713.0
717.0
236.0
231.0
716.0
719.0
717.0
717.0
716.0
717.0
739.0
735.0
240.0
230.0
735.0
735.0
736.0
737.0
735.0
736.0
733.0
729.0
235.0
230.0
710.0
716.0
716.0
717.0
713.0
715.0
711.0
704.0
234.0
231.0
716.0
716.0
716.0
710.0
708.0
707.0
705.0
708.0
235.0
230.0
728.0
728.0
729.0
732.0
746.0
742.0
674.0
252.0
246.0
242.0
750.0
748.0
731.0
725.0
723.0
721.0
730.0
721.0
248.0
240.0
716.0
715.0
720.0
717.0
725.0
710.0
652.0
247.0
240.0
230.0
733.0
735.0
733.0
733.0
729.0
732.0
670.0
263.0
259.0
255.0
713.0
711.0
711.0
711.0
712.0
711.0
248.0
241.0
234.0
229.0
720.0
720.0
720.0
720.0
720.0
719.0
718.0
717.0
244.0
231.0
714.0
720.0
718.0
718.0
720.0
718.0
719.0
713.0
235.0
231.0
719.0
719.0
716.0
714.0
713.0
711.0
714.0
708.0
237.0
230.0
720.0
718.0
721.0
719.0
717.0
715.0
715.0
708.0
242.0
235.0
736.0
737.0
735.0
736.0
730.0
730.0
728.0
728.0
255.0
250.0
711.0
711.0
713.0
713.0
717.0
714.0
655.0
241.0
236.0
231.0
719.0
718.0
718.0
717.0
716.0
718.0
714.0
708.0
236.0
230.0
720.0
715.0
719.0
721.0
730.0
718.0
662.0
242.0
236.0
230.0
724.0
721.0
720.0
720.0
721.0
712.0
654.0
241.0
236.0
236.0
719.0
718.0
717.0
720.0
716.0
714.0
248.0
242.0
242.0
237.0
744.0
741.0
738.0
737.0
741.0
739.0
742.0
738.0
236.0
231.0
740.0
739.0
730.0
717.0
731.0
716.0
753.0
735.0
245.0
234.0
724.0
723.0
721.0
720.0
720.0
722.0
720.0
713.0
238.0
230.0
716.0
710.0
714.0
720.0
718.0
714.0
711.0
709.0
235.0
231.0
717.0
721.0
722.0
717.0
709.0
725.0
711.0
706.0
234.0
232.0
717.0
722.0
718.0
722.0
714.0
718.0
654.0
247.0
243.0
237.0
738.0
737.0
732.0
732.0
734.0
727.0
731.0
726.0
235.0
232.0
733.0
737.0
717.0
716.0
707.0
706.0
653.0
240.0
253.0
230.0
716.0
721.0
716.0
717.0
721.0
712.0
663.0
247.0
241.0
235.0
722.0
723.0
710.0
712.0
721.0
711.0
247.0
248.0
238.0
230.0
728.0
737.0
734.0
729.0
747.0
735.0
729.0
728.0
243.0
233.0
749.0
724.0
720.0
750.0
756.0
719.0
748.0
751.0
235.0
230.0
724.0
732.0
765.0
741.0
741.0
748.0
737.0
742.0
242.0
237.0
734.0
740.0
740.0
737.0
713.0
713.0
713.0
704.0
235.0
235.0
718.0
724.0
718.0
723.0
721.0
722.0
718.0
712.0
241.0
239.0
711.0
716.0
711.0
716.0
708.0
711.0
652.0
241.0
237.0
231.0
726.0
721.0
716.0
717.0
718.0
716.0
716.0
716.0
240.0
237.0
711.0
715.0
718.0
720.0
714.0
713.0
658.0
241.0
237.0
234.0
719.0
721.0
721.0
721.0
719.0
729.0
672.0
241.0
236.0
230.0
732.0
752.0
737.0
732.0
733.0
731.0
267.0
242.0
234.0
231.0
712.0
721.0
717.0
730.0
718.0
722.0
726.0
715.0
236.0
232.0
724.0
723.0
718.0
724.0
710.0
719.0
712.0
711.0
235.0
230.0
720.0
720.0
719.0
719.0
719.0
719.0
717.0
721.0
252.0
236.0
711.0
712.0
713.0
713.0
713.0
719.0
714.0
708.0
235.0
231.0
716.0
716.0
715.0
717.0
735.0
736.0
727.0
727.0
235.0
230.0
734.0
734.0
731.0
735.0
734.0
726.0
652.0
242.0
234.0
229.0
718.0
717.0
719.0
718.0
718.0
714.0
715.0
712.0
235.0
231.0
717.0
717.0
710.0
710.0
708.0
706.0
650.0
240.0
235.0
230.0
718.0
717.0
718.0
718.0
715.0
714.0
656.0
244.0
241.0
236.0
711.0
712.0
711.0
713.0
708.0
707.0
248.0
240.0
236.0
229.0
717.0
718.0
718.0
717.0
723.0
719.0
717.0
715.0
241.0
236.0
736.0
737.0
737.0
735.0
733.0
736.0
731.0
729.0
257.0
250.0
717.0
720.0
713.0
720.0
720.0
717.0
716.0
715.0
236.0
231.0
720.0
719.0
716.0
716.0
714.0
707.0
705.0
698.0
234.0
230.0
716.0
716.0
716.0
720.0
713.0
712.0
714.0
710.0
240.0
235.0
725.0
724.0
732.0
732.0
734.0
733.0
667.0
242.0
234.0
238.0
753.0
766.0
751.0
745.0
740.0
735.0
728.0
727.0
255.0
250.0
735.0
733.0
730.0
732.0
739.0
727.0
674.0
263.0
271.0
250.0
712.0
714.0
724.0
711.0
726.0
711.0
654.0
244.0
234.0
229.0
715.0
716.0
715.0
717.0
715.0
710.0
255.0
264.0
235.0
230.0
712.0
713.0
713.0
716.0
725.0
717.0
719.0
715.0
236.0
231.0
721.0
717.0
717.0
719.0
716.0
715.0
710.0
707.0
235.0
230.0
717.0
718.0
719.0
718.0
731.0
720.0
715.0
724.0
241.0
235.0
733.0
734.0
745.0
734.0
729.0
731.0
729.0
722.0
257.0
251.0
714.0
710.0
712.0
714.0
712.0
714.0
711.0
714.0
235.0
231.0
716.0
716.0
717.0
719.0
715.0
712.0
655.0
242.0
237.0
232.0
713.0
712.0
712.0
717.0
717.0
713.0
715.0
714.0
235.0
230.0
718.0
718.0
724.0
717.0
714.0
716.0
657.0
241.0
235.0
229.0
745.0
717.0
719.0
718.0
726.0
717.0
655.0
241.0
240.0
237.0
718.0
740.0
733.0
731.0
730.0
728.0
248.0
243.0
234.0
230.0
734.0
734.0
732.0
733.0
731.0
714.0
711.0
710.0
235.0
229.0
720.0
717.0
720.0
718.0
717.0
719.0
717.0
714.0
239.0
236.0
715.0
712.0
713.0
712.0
711.0
711.0
714.0
712.0
235.0
231.0
716.0
719.0
717.0
718.0
713.0
712.0
711.0
706.0
235.0
230.0
711.0
720.0
718.0
721.0
717.0
715.0
712.0
713.0
236.0
229.0
720.0
716.0
738.0
728.0
730.0
726.0
665.0
243.0
235.0
231.0
728.0
729.0
731.0
730.0
728.0
709.0
706.0
706.0
236.0
231.0
714.0
717.0
717.0
715.0
713.0
710.0
652.0
245.0
240.0
236.0
710.0
710.0
710.0
711.0
710.0
706.0
647.0
240.0
235.0
229.0
715.0
716.0
717.0
728.0
712.0
712.0
253.0
246.0
240.0
236.0
714.0
715.0
715.0
719.0
728.0
731.0
727.0
733.0
237.0
232.0
754.0
759.0
736.0
774.0
763.0
752.0
774.0
743.0
242.0
234.0
738.0
737.0
766.0
767.0
738.0
765.0
762.0
707.0
235.0
240.0
714.0
740.0
715.0
714.0
732.0
710.0
729.0
719.0
235.0
240.0
716.0
722.0
713.0
711.0
713.0
709.0
707.0
713.0
236.0
230.0
723.0
720.0
715.0
717.0
713.0
714.0
658.0
245.0
240.0
234.0
712.0
710.0
713.0
715.0
714.0
711.0
710.0
714.0
234.0
229.0
716.0
716.0
716.0
717.0
713.0
730.0
665.0
242.0
235.0
231.0
729.0
733.0
731.0
742.0
728.0
727.0
663.0
258.0
237.0
234.0
711.0
713.0
713.0
718.0
716.0
715.0
248.0
240.0
235.0
230.0
717.0
719.0
717.0
717.0
723.0
724.0
723.0
710.0
237.0
231.0
723.0
723.0
718.0
716.0
718.0
716.0
720.0
716.0
237.0
235.0
723.0
713.0
722.0
717.0
712.0
713.0
714.0
710.0
237.0
232.0
730.0
728.0
730.0
716.0
728.0
728.0
711.0
704.0
237.0
232.0
727.0
733.0
739.0
735.0
732.0
732.0
733.0
728.0
253.0
249.0
715.0
721.0
721.0
722.0
719.0
723.0
659.0
242.0
239.0
232.0
719.0
728.0
723.0
718.0
715.0
708.0
722.0
713.0
237.0
248.0
723.0
722.0
718.0
722.0
721.0
712.0
653.0
240.0
235.0
238.0
716.0
716.0
715.0
716.0
714.0
708.0
650.0
242.0
236.0
229.0
720.0
720.0
718.0
717.0
715.0
716.0
254.0
248.0
241.0
235.0
737.0
738.0
730.0
730.0
739.0
730.0
740.0
728.0
235.0
252.0
730.0
723.0
718.0
716.0
711.0
712.0
722.0
711.0
239.0
230.0
730.0
718.0
718.0
724.0
723.0
723.0
718.0
715.0
236.0
233.0
718.0
712.0
719.0
717.0
715.0
720.0
717.0
711.0
234.0
229.0
719.0
717.0
717.0
722.0
716.0
707.0
704.0
711.0
236.0
232.0
727.0
727.0
731.0
731.0
736.0
726.0
664.0
245.0
240.0
241.0
777.0
791.0
739.0
736.0
737.0
770.0
772.0
731.0
236.0
246.0
741.0
748.0
718.0
718.0
720.0
723.0
660.0
240.0
234.0
239.0
717.0
717.0
723.0
723.0
714.0
714.0
656.0
249.0
244.0
233.0
716.0
715.0
716.0
715.0
712.0
720.0
250.0
240.0
235.0
230.0
716.0
724.0
721.0
719.0
723.0
724.0
723.0
710.0
235.0
232.0
712.0
723.0
718.0
723.0
717.0
716.0
720.0
716.0
236.0
230.0
723.0
736.0
737.0
737.0
733.0
734.0
729.0
726.0
240.0
233.0
738.0
736.0
736.0
711.0
722.0
716.0
707.0
704.0
250.0
229.0
718.0
718.0
724.0
722.0
720.0
713.0
711.0
716.0
240.0
238.0
709.0
720.0
710.0
710.0
720.0
716.0
658.0
240.0
235.0
231.0
716.0
716.0
721.0
717.0
720.0
714.0
713.0
717.0
236.0
231.0
719.0
720.0
716.0
716.0
719.0
713.0
659.0
240.0
234.0
236.0
717.0
716.0
738.0
737.0
733.0
727.0
668.0
242.0
236.0
230.0
739.0
734.0
734.0
728.0
729.0
716.0
251.0
243.0
237.0
231.0
725.0
726.0
721.0
722.0
724.0
734.0
718.0
716.0
236.0
239.0
717.0
719.0
717.0
717.0
727.0
710.0
715.0
711.0
234.0
230.0
716.0
717.0
717.0
724.0
723.0
722.0
713.0
711.0
243.0
237.0
716.0
716.0
711.0
716.0
712.0
721.0
715.0
710.0
241.0
229.0
718.0
717.0
717.0
721.0
718.0
724.0
725.0
729.0
236.0
232.0
732.0
732.0
726.0
727.0
729.0
728.0
668.0
240.0
234.0
231.0
716.0
717.0
722.0
722.0
719.0
713.0
713.0
717.0
235.0
231.0
723.0
716.0
711.0
710.0
712.0
711.0
653.0
240.0
234.0
232.0
716.0
716.0
720.0
716.0
719.0
713.0
653.0
248.0
242.0
238.0
717.0
716.0
715.0
717.0
709.0
715.0
249.0
242.0
235.0
229.0
727.0
723.0
718.0
718.0
732.0
731.0
735.0
739.0
242.0
237.0
767.0
764.0
753.0
771.0
770.0
769.0
744.0
739.0
265.0
264.0
718.0
713.0
712.0
724.0
723.0
717.0
715.0
712.0
237.0
232.0
722.0
722.0
722.0
717.0
714.0
713.0
712.0
699.0
234.0
230.0
716.0
717.0
725.0
724.0
722.0
713.0
711.0
719.0
244.0
236.0
711.0
716.0
710.0
725.0
718.0
716.0
652.0
240.0
234.0
231.0
716.0
717.0
722.0
716.0
720.0
718.0
711.0
735.0
238.0
232.0
735.0
744.0
731.0
732.0
732.0
728.0
671.0
258.0
252.0
234.0
714.0
710.0
722.0
721.0
718.0
714.0
658.0
242.0
237.0
231.0
722.0
722.0
715.0
716.0
713.0
713.0
247.0
244.0
238.0
229.0
722.0
712.0
721.0
717.0
722.0
724.0
716.0
712.0
235.0
232.0
716.0
723.0
716.0
719.0
717.0
710.0
714.0
711.0
234.0
229.0
718.0
718.0
719.0
724.0
716.0
724.0
722.0
713.0
243.0
238.0
736.0
738.0
730.0
730.0
728.0
736.0
727.0
725.0
257.0
247.0
714.0
718.0
718.0
717.0
710.0
709.0
706.0
720.0
235.0
231.0
717.0
725.0
717.0
722.0
723.0
722.0
655.0
247.0
242.0
232.0
712.0
715.0
732.0
718.0
729.0
712.0
726.0
711.0
242.0
236.0
722.0
721.0
716.0
715.0
707.0
713.0
649.0
243.0
237.0
231.0
723.0
721.0
715.0
721.0
717.0
712.0
653.0
247.0
240.0
236.0
696.0
693.0
697.0
694.0
687.0
684.0
250.0
241.0
234.0
229.0
