24.0
23.0
23.0
22.0
21.0
20.0
21.0
19.0
20.0
19.0
103.0
472.0
856.0
992.0
993.0
993.0
993.0
992.0
992.0
992.0
992.0
1020.0
1015.0
1017.0
1015.0
1016.0
1017.0
1016.0
1017.0
1016.0
94.0
492.0
843.0
984.0
982.0
984.0
983.0
983.0
983.0
984.0
983.0
984.0
1008.0
1003.0
1003.0
1003.0
1003.0
1004.0
1004.0
1003.0
94.0
488.0
867.0
979.0
981.0
981.0
979.0
980.0
979.0
981.0
980.0
980.0
980.0
1000.0
1000.0
999.0
1000.0
1011.0
1013.0
1017.0
104.0
475.0
854.0
992.0
994.0
994.0
992.0
993.0
993.0
992.0
1003.0
1000.0
1002.0
997.0
991.0
991.0
991.0
990.0
991.0
989.0
93.0
463.0
843.0
979.0
978.0
978.0
978.0
979.0
978.0
979.0
997.0
999.0
996.0
997.0
997.0
996.0
996.0
998.0
998.0
998.0
82.0
453.0
832.0
970.0
969.0
970.0
968.0
969.0
969.0
969.0
968.0
989.0
989.0
990.0
990.0
991.0
990.0
990.0
990.0
990.0
113.0
465.0
843.0
981.0
979.0
979.0
980.0
978.0
980.0
980.0
1003.0
1003.0
1003.0
1002.0
1003.0
1003.0
1002.0
1003.0
1001.0
1002.0
80.0
428.0
805.0
943.0
942.0
944.0
943.0
942.0
944.0
943.0
962.0
963.0
964.0
962.0
962.0
964.0
963.0
962.0
962.0
961.0
92.0
462.0
841.0
977.0
978.0
978.0
977.0
978.0
978.0
976.0
978.0
997.0
996.0
997.0
997.0
997.0
997.0
997.0
998.0
997.0
100.0
426.0
805.0
941.0
941.0
942.0
941.0
942.0
942.0
943.0
942.0
962.0
950.0
927.0
899.0
888.0
884.0
849.0
825.0
809.0
116.0
496.0
882.0
1018.0
1018.0
1018.0
1017.0
1017.0
1017.0
1018.0
1008.0
1007.0
997.0
997.0
997.0
997.0
998.0
997.0
998.0
997.0
96.0
473.0
847.0
985.0
986.0
984.0
984.0
984.0
985.0
986.0
985.0
985.0
994.0
993.0
993.0
991.0
993.0
992.0
992.0
992.0
103.0
481.0
861.0
989.0
990.0
990.0
989.0
990.0
989.0
989.0
989.0
989.0
988.0
999.0
998.0
998.0
998.0
997.0
996.0
996.0
101.0
472.0
852.0
981.0
983.0
981.0
982.0
982.0
981.0
982.0
991.0
990.0
990.0
989.0
988.0
988.0
990.0
992.0
991.0
991.0
100.0
471.0
853.0
989.0
988.0
989.0
989.0
988.0
988.0
987.0
996.0
998.0
996.0
1013.0
1011.0
1024.0
1017.0
1018.0
1023.0
1018.0
91.0
481.0
860.0
997.0
984.0
985.0
977.0
978.0
977.0
977.0
979.0
989.0
989.0
989.0
988.0
988.0
989.0
989.0
988.0
988.0
109.0
470.0
849.0
985.0
985.0
986.0
986.0
985.0
988.0
988.0
1000.0
1000.0
1000.0
1001.0
1001.0
1002.0
1002.0
1001.0
998.0
997.0
91.0
461.0
842.0
978.0
978.0
978.0
977.0
978.0
978.0
977.0
990.0
989.0
990.0
989.0
990.0
989.0
989.0
990.0
989.0
989.0
95.0
466.0
846.0
981.0
982.0
983.0
982.0
982.0
982.0
996.0
996.0
994.0
995.0
994.0
995.0
994.0
995.0
995.0
994.0
981.0
89.0
460.0
840.0
976.0
975.0
976.0
975.0
978.0
977.0
990.0
990.0
991.0
991.0
991.0
992.0
991.0
991.0
995.0
991.0
977.0
85.0
455.0
836.0
972.0
972.0
973.0
971.0
971.0
971.0
976.0
987.0
986.0
986.0
986.0
986.0
986.0
985.0
986.0
985.0
997.0
80.0
451.0
831.0
966.0
968.0
970.0
971.0
971.0
970.0
971.0
970.0
998.0
985.0
985.0
985.0
983.0
982.0
982.0
982.0
982.0
98.0
454.0
834.0
973.0
972.0
972.0
971.0
971.0
972.0
972.0
988.0
987.0
1001.0
986.0
985.0
985.0
985.0
999.0
1002.0
1002.0
77.0
432.0
827.0
968.0
966.0
966.0
967.0
967.0
969.0
956.0
969.0
968.0
967.0
968.0
969.0
966.0
966.0
966.0
966.0
965.0
67.0
314.0
694.0
831.0
831.0
831.0
831.0
830.0
830.0
831.0
830.0
831.0
831.0
830.0
849.0
849.0
849.0
849.0
849.0
850.0
55.0
320.0
701.0
837.0
837.0
821.0
820.0
818.0
819.0
819.0
819.0
818.0
819.0
819.0
819.0
819.0
819.0
837.0
838.0
839.0
15.0
161.0
559.0
696.0
695.0
696.0
695.0
696.0
696.0
676.0
676.0
678.0
677.0
676.0
676.0
677.0
676.0
677.0
677.0
678.0
11.0
75.0
454.0
592.0
593.0
591.0
593.0
592.0
592.0
593.0
607.0
608.0
606.0
606.0
606.0
605.0
605.0
606.0
606.0
606.0
16.0
15.0
15.0
16.0
15.0
15.0
16.0
15.0
15.0
15.0
15.0
15.0
16.0
15.0
16.0
15.0
16.0
15.0
15.0
15.0
11.0
12.0
11.0
11.0
12.0
11.0
11.0
11.0
11.0
11.0
11.0
12.0
11.0
11.0
11.0
11.0
12.0
11.0
11.0
11.0
95.0
466.0
846.0
982.0
982.0
982.0
983.0
981.0
982.0
982.0
982.0
983.0
999.0
999.0
999.0
999.0
1000.0
999.0
1000.0
999.0
87.0
475.0
856.0
975.0
975.0
975.0
976.0
975.0
975.0
974.0
974.0
975.0
974.0
991.0
991.0
990.0
990.0
991.0
991.0
991.0
93.0
480.0
859.0
996.0
979.0
979.0
979.0
979.0
979.0
979.0
980.0
978.0
979.0
998.0
998.0
997.0
997.0
997.0
997.0
997.0
81.0
470.0
850.0
986.0
968.0
968.0
968.0
970.0
970.0
969.0
970.0
969.0
971.0
988.0
986.0
987.0
986.0
985.0
985.0
984.0
108.0
479.0
858.0
978.0
979.0
992.0
1009.0
1017.0
1013.0
1011.0
1012.0
1012.0
1031.0
1034.0
1031.0
1017.0
1000.0
995.0
996.0
998.0
99.0
470.0
833.0
969.0
970.0
970.0
970.0
970.0
970.0
970.0
970.0
984.0
985.0
985.0
984.0
987.0
985.0
985.0
986.0
986.0
108.0
462.0
843.0
979.0
979.0
980.0
980.0
980.0
980.0
981.0
979.0
995.0
996.0
995.0
995.0
995.0
995.0
993.0
994.0
995.0
98.0
452.0
831.0
969.0
968.0
968.0
968.0
968.0
973.0
968.0
968.0
969.0
988.0
989.0
989.0
989.0
990.0
990.0
999.0
990.0
108.0
481.0
842.0
978.0
978.0
977.0
977.0
977.0
977.0
976.0
985.0
992.0
993.0
993.0
994.0
993.0
994.0
993.0
993.0
994.0
99.0
434.0
824.0
953.0
952.0
954.0
953.0
953.0
953.0
952.0
953.0
971.0
969.0
969.0
968.0
968.0
967.0
968.0
967.0
969.0
97.0
451.0
831.0
970.0
969.0
968.0
968.0
969.0
968.0
969.0
968.0
985.0
985.0
984.0
984.0
984.0
984.0
987.0
986.0
986.0
78.0
398.0
761.0
897.0
899.0
898.0
898.0
897.0
898.0
896.0
896.0
896.0
896.0
914.0
915.0
915.0
914.0
915.0
915.0
916.0
77.0
450.0
831.0
969.0
951.0
951.0
950.0
949.0
949.0
948.0
949.0
949.0
957.0
993.0
997.0
1021.0
996.0
999.0
998.0
1001.0
54.0
352.0
732.0
862.0
824.0
819.0
818.0
856.0
819.0
819.0
818.0
820.0
819.0
819.0
818.0
819.0
819.0
875.0
837.0
836.0
56.0
303.0
700.0
836.0
836.0
837.0
837.0
837.0
836.0
859.0
820.0
821.0
820.0
822.0
822.0
821.0
822.0
821.0
821.0
840.0
45.0
231.0
600.0
756.0
754.0
789.0
754.0
755.0
755.0
754.0
754.0
754.0
736.0
736.0
736.0
769.0
736.0
736.0
739.0
741.0
11.0
75.0
455.0
595.0
598.0
598.0
597.0
597.0
602.0
597.0
596.0
594.0
593.0
592.0
609.0
608.0
609.0
608.0
609.0
608.0
11.0
10.0
180.0
181.0
181.0
180.0
162.0
162.0
162.0
162.0
162.0
162.0
162.0
162.0
163.0
162.0
162.0
163.0
164.0
164.0
12.0
11.0
11.0
11.0
11.0
11.0
11.0
12.0
11.0
11.0
12.0
11.0
11.0
12.0
11.0
11.0
11.0
11.0
11.0
12.0
11.0
11.0
11.0
11.0
11.0
11.0
11.0
11.0
11.0
11.0
11.0
11.0
11.0
11.0
11.0
11.0
11.0
11.0
11.0
11.0
91.0
463.0
841.0
979.0
978.0
979.0
977.0
978.0
978.0
978.0
978.0
997.0
995.0
995.0
995.0
994.0
995.0
995.0
995.0
994.0
80.0
469.0
831.0
970.0
970.0
970.0
970.0
969.0
969.0
970.0
969.0
970.0
989.0
986.0
985.0
985.0
985.0
985.0
985.0
985.0
92.0
479.0
858.0
978.0
977.0
978.0
978.0
978.0
978.0
979.0
978.0
978.0
978.0
997.0
996.0
996.0
994.0
995.0
995.0
994.0
97.0
468.0
849.0
967.0
969.0
967.0
968.0
968.0
968.0
968.0
986.0
985.0
986.0
984.0
985.0
983.0
985.0
985.0
986.0
985.0
90.0
462.0
842.0
983.0
978.0
980.0
978.0
977.0
977.0
978.0
994.0
994.0
994.0
1003.0
1004.0
1017.0
1010.0
1011.0
1014.0
1013.0
80.0
467.0
848.0
987.0
973.0
974.0
967.0
969.0
967.0
967.0
984.0
986.0
986.0
986.0
985.0
986.0
988.0
996.0
987.0
987.0
90.0
462.0
843.0
986.0
985.0
986.0
987.0
985.0
987.0
1014.0
1006.0
1006.0
1007.0
1013.0
1012.0
1012.0
1013.0
1012.0
1010.0
1005.0
81.0
447.0
827.0
963.0
958.0
952.0
952.0
951.0
951.0
950.0
968.0
969.0
968.0
967.0
968.0
967.0
968.0
967.0
969.0
969.0
81.0
451.0
831.0
968.0
968.0
968.0
969.0
968.0
967.0
967.0
986.0
984.0
985.0
984.0
983.0
984.0
985.0
983.0
984.0
983.0
78.0
433.0
813.0
950.0
950.0
949.0
949.0
950.0
950.0
950.0
949.0
968.0
967.0
968.0
969.0
968.0
968.0
969.0
969.0
968.0
98.0
452.0
831.0
966.0
968.0
967.0
966.0
966.0
965.0
966.0
986.0
984.0
984.0
984.0
985.0
985.0
984.0
984.0
985.0
986.0
77.0
338.0
718.0
855.0
854.0
855.0
855.0
855.0
855.0
855.0
854.0
855.0
855.0
873.0
873.0
873.0
873.0
873.0
873.0
872.0
62.0
326.0
707.0
843.0
824.0
824.0
824.0
825.0
827.0
827.0
827.0
827.0
826.0
829.0
827.0
827.0
845.0
844.0
845.0
844.0
46.0
220.0
618.0
754.0
755.0
754.0
754.0
754.0
735.0
756.0
757.0
761.0
767.0
768.0
768.0
771.0
766.0
773.0
767.0
747.0
61.0
234.0
613.0
765.0
764.0
764.0
764.0
765.0
764.0
764.0
764.0
765.0
765.0
746.0
746.0
745.0
747.0
746.0
745.0
746.0
27.0
122.0
502.0
638.0
637.0
639.0
638.0
637.0
639.0
639.0
638.0
639.0
638.0
657.0
657.0
657.0
657.0
658.0
658.0
657.0
11.0
52.0
451.0
587.0
587.0
569.0
569.0
570.0
570.0
569.0
569.0
569.0
569.0
569.0
569.0
570.0
568.0
569.0
569.0
569.0
9.0
9.0
70.0
69.0
70.0
69.0
70.0
69.0
69.0
70.0
70.0
70.0
70.0
70.0
70.0
70.0
69.0
69.0
69.0
70.0
11.0
11.0
11.0
11.0
10.0
11.0
10.0
11.0
11.0
10.0
11.0
11.0
11.0
11.0
11.0
11.0
11.0
11.0
11.0
11.0
10.0
9.0
9.0
9.0
9.0
9.0
9.0
9.0
9.0
10.0
10.0
9.0
9.0
9.0
9.0
9.0
9.0
9.0
9.0
9.0
90.0
461.0
862.0
998.0
998.0
998.0
998.0
999.0
999.0
998.0
999.0
999.0
977.0
978.0
980.0
979.0
980.0
980.0
979.0
979.0
76.0
454.0
830.0
990.0
984.0
981.0
982.0
981.0
981.0
982.0
981.0
981.0
982.0
965.0
964.0
964.0
964.0
964.0
964.0
964.0
91.0
461.0
840.0
996.0
997.0
997.0
996.0
997.0
997.0
996.0
997.0
999.0
998.0
979.0
981.0
981.0
980.0
979.0
980.0
980.0
67.0
425.0
805.0
958.0
959.0
958.0
956.0
959.0
957.0
957.0
957.0
958.0
956.0
941.0
940.0
940.0
939.0
940.0
940.0
939.0
90.0
460.0
840.0
995.0
994.0
996.0
997.0
997.0
997.0
1003.0
998.0
999.0
998.0
983.0
983.0
982.0
982.0
983.0
983.0
988.0
67.0
427.0
809.0
963.0
963.0
962.0
963.0
964.0
964.0
963.0
961.0
969.0
963.0
946.0
949.0
955.0
970.0
969.0
977.0
971.0
90.0
483.0
889.0
1036.0
1023.0
1019.0
1013.0
1006.0
997.0
998.0
995.0
994.0
996.0
977.0
978.0
978.0
978.0
978.0
979.0
978.0
59.0
328.0
709.0
844.0
860.0
859.0
859.0
860.0
859.0
859.0
861.0
861.0
860.0
861.0
844.0
844.0
843.0
843.0
843.0
844.0
80.0
452.0
831.0
968.0
968.0
985.0
985.0
985.0
986.0
986.0
985.0
985.0
985.0
986.0
986.0
967.0
967.0
967.0
967.0
967.0
44.0
218.0
597.0
734.0
734.0
734.0
735.0
752.0
751.0
753.0
752.0
753.0
753.0
752.0
751.0
753.0
753.0
735.0
734.0
735.0
80.0
450.0
830.0
968.0
967.0
967.0
967.0
967.0
967.0
966.0
966.0
986.0
985.0
986.0
986.0
985.0
987.0
986.0
986.0
987.0
44.0
237.0
598.0
734.0
734.0
735.0
735.0
735.0
735.0
735.0
735.0
734.0
735.0
734.0
734.0
753.0
753.0
752.0
753.0
753.0
61.0
327.0
707.0
843.0
843.0
843.0
826.0
826.0
825.0
826.0
826.0
825.0
825.0
824.0
824.0
824.0
824.0
825.0
824.0
842.0
23.0
140.0
519.0
675.0
675.0
675.0
674.0
675.0
676.0
675.0
676.0
675.0
657.0
657.0
658.0
657.0
657.0
657.0
657.0
658.0
56.0
229.0
608.0
744.0
745.0
746.0
745.0
743.0
744.0
744.0
763.0
764.0
765.0
764.0
765.0
765.0
765.0
765.0
766.0
765.0
9.0
26.0
178.0
179.0
178.0
179.0
178.0
178.0
178.0
178.0
179.0
178.0
178.0
179.0
178.0
179.0
178.0
178.0
178.0
178.0
11.0
52.0
431.0
568.0
567.0
568.0
568.0
568.0
568.0
568.0
568.0
568.0
582.0
618.0
620.0
622.0
618.0
618.0
621.0
635.0
9.0
9.0
9.0
9.0
9.0
9.0
9.0
9.0
9.0
9.0
9.0
9.0
9.0
9.0
9.0
9.0
9.0
9.0
9.0
9.0
11.0
11.0
11.0
12.0
11.0
10.0
11.0
10.0
11.0
11.0
10.0
11.0
10.0
11.0
11.0
11.0
11.0
11.0
11.0
11.0
9.0
9.0
9.0
9.0
9.0
10.0
11.0
11.0
10.0
11.0
12.0
10.0
13.0
9.0
12.0
10.0
10.0
11.0
9.0
10.0
99.0
501.0
877.0
1006.0
976.0
976.0
976.0
975.0
976.0
976.0
1021.0
977.0
976.0
999.0
1000.0
999.0
999.0
1000.0
1000.0
1000.0
81.0
469.0
850.0
1033.0
988.0
965.0
967.0
965.0
966.0
966.0
967.0
967.0
967.0
987.0
1032.0
985.0
984.0
983.0
984.0
984.0
89.0
460.0
859.0
996.0
996.0
975.0
1021.0
981.0
982.0
982.0
982.0
981.0
981.0
982.0
1002.0
1002.0
1000.0
996.0
996.0
997.0
66.0
423.0
824.0
963.0
963.0
962.0
942.0
941.0
943.0
942.0
943.0
942.0
941.0
941.0
941.0
962.0
963.0
962.0
964.0
962.0
88.0
481.0
861.0
1000.0
1000.0
999.0
978.0
981.0
981.0
982.0
994.0
984.0
985.0
986.0
985.0
988.0
1009.0
1009.0
1008.0
1008.0
67.0
322.0
722.0
860.0
860.0
860.0
858.0
864.0
838.0
838.0
839.0
839.0
840.0
840.0
841.0
841.0
840.0
851.0
859.0
859.0
91.0
465.0
866.0
1000.0
999.0
999.0
999.0
999.0
999.0
997.0
977.0
977.0
978.0
976.0
977.0
977.0
978.0
977.0
999.0
999.0
59.0
233.0
613.0
771.0
770.0
770.0
770.0
770.0
770.0
770.0
771.0
749.0
749.0
749.0
748.0
749.0
749.0
749.0
749.0
749.0
79.0
450.0
829.0
965.0
988.0
990.0
1000.0
1002.0
1003.0
1012.0
1012.0
1017.0
1015.0
1016.0
993.0
987.0
977.0
977.0
975.0
966.0
43.0
218.0
597.0
734.0
735.0
734.0
755.0
754.0
754.0
754.0
754.0
754.0
754.0
754.0
754.0
754.0
734.0
733.0
733.0
733.0
78.0
448.0
829.0
965.0
964.0
965.0
964.0
965.0
965.0
985.0
985.0
984.0
986.0
988.0
987.0
987.0
986.0
986.0
986.0
965.0
35.0
193.0
573.0
710.0
709.0
709.0
708.0
709.0
708.0
709.0
708.0
708.0
709.0
708.0
709.0
729.0
729.0
729.0
729.0
729.0
54.0
322.0
701.0
837.0
837.0
838.0
819.0
819.0
818.0
819.0
819.0
819.0
818.0
819.0
819.0
819.0
818.0
839.0
838.0
839.0
23.0
81.0
233.0
233.0
233.0
234.0
233.0
233.0
233.0
255.0
255.0
255.0
255.0
255.0
255.0
255.0
233.0
233.0
233.0
234.0
44.0
218.0
598.0
735.0
735.0
736.0
735.0
735.0
736.0
735.0
735.0
735.0
737.0
735.0
734.0
734.0
735.0
735.0
735.0
735.0
9.0
26.0
178.0
178.0
178.0
178.0
179.0
179.0
178.0
178.0
179.0
199.0
200.0
200.0
199.0
200.0
199.0
200.0
199.0
199.0
10.0
9.0
91.0
71.0
70.0
70.0
70.0
71.0
70.0
70.0
70.0
70.0
70.0
70.0
70.0
70.0
70.0
70.0
70.0
70.0
9.0
9.0
9.0
9.0
8.0
9.0
9.0
9.0
9.0
9.0
9.0
9.0
9.0
9.0
9.0
9.0
9.0
9.0
9.0
9.0
9.0
10.0
10.0
10.0
10.0
10.0
10.0
10.0
10.0
10.0
10.0
9.0
10.0
9.0
10.0
9.0
10.0
9.0
10.0
10.0
9.0
8.0
9.0
9.0
9.0
9.0
9.0
10.0
9.0
9.0
9.0
9.0
9.0
9.0
9.0
8.0
9.0
8.0
8.0
8.0
