2.0
1.0
1.0
1.0
0.0
1.0
1.0
1.0
1.0
1.0
1.0
1.0
1.0
0.0
0.0
1.0
179.0
179.0
333.0
331.0
252.0
263.0
332.0
330.0
177.0
178.0
184.0
184.0
184.0
183.0
149.0
179.0
188.0
188.0
240.0
239.0
178.0
151.0
178.0
178.0
146.0
179.0
151.0
178.0
178.0
178.0
178.0
178.0
154.0
156.0
0.0
1.0
1.0
1.0
1.0
0.0
178.0
177.0
157.0
174.0
176.0
157.0
175.0
167.0
174.0
159.0
173.0
172.0
162.0
161.0
170.0
171.0
164.0
165.0
168.0
170.0
168.0
167.0
167.0
166.0
167.0
166.0
166.0
166.0
167.0
166.0
174.0
176.0
174.0
174.0
0.0
1.0
1.0
1.0
1.0
0.0
174.0
175.0
174.0
173.0
175.0
174.0
167.0
167.0
167.0
166.0
166.0
166.0
166.0
168.0
166.0
165.0
166.0
167.0
166.0
167.0
167.0
165.0
165.0
165.0
168.0
167.0
167.0
167.0
166.0
165.0
166.0
166.0
165.0
166.0
1.0
1.0
0.0
0.0
1.0
1.0
166.0
166.0
167.0
166.0
165.0
166.0
165.0
166.0
165.0
166.0
166.0
166.0
167.0
167.0
166.0
166.0
166.0
166.0
167.0
165.0
166.0
166.0
173.0
176.0
174.0
174.0
175.0
174.0
173.0
175.0
175.0
175.0
167.0
195.0
1.0
0.0
1.0
1.0
1.0
0.0
196.0
194.0
194.0
197.0
195.0
196.0
195.0
196.0
194.0
167.0
167.0
167.0
167.0
168.0
167.0
166.0
166.0
166.0
166.0
167.0
166.0
164.0
168.0
166.0
167.0
167.0
165.0
167.0
164.0
158.0
160.0
156.0
152.0
151.0
0.0
0.0
0.0
1.0
1.0
1.0
200.0
202.0
201.0
344.0
346.0
200.0
345.0
348.0
347.0
346.0
175.0
176.0
159.0
176.0
225.0
224.0
279.0
280.0
321.0
321.0
145.0
176.0
176.0
178.0
145.0
178.0
177.0
177.0
178.0
178.0
178.0
178.0
167.0
186.0
1.0
1.0
1.0
1.0
1.0
1.0
191.0
178.0
178.0
179.0
181.0
179.0
179.0
178.0
146.0
145.0
177.0
179.0
178.0
184.0
185.0
183.0
155.0
185.0
176.0
159.0
185.0
183.0
184.0
178.0
178.0
178.0
156.0
156.0
155.0
176.0
175.0
173.0
162.0
161.0
1.0
0.0
1.0
1.0
0.0
1.0
172.0
172.0
172.0
159.0
160.0
172.0
170.0
165.0
163.0
169.0
170.0
169.0
168.0
168.0
165.0
167.0
167.0
167.0
167.0
166.0
167.0
166.0
167.0
165.0
167.0
166.0
166.0
168.0
166.0
167.0
166.0
167.0
168.0
166.0
0.0
1.0
1.0
0.0
1.0
0.0
168.0
167.0
166.0
166.0
166.0
173.0
173.0
175.0
175.0
174.0
175.0
175.0
176.0
176.0
175.0
169.0
168.0
168.0
167.0
166.0
166.0
168.0
166.0
167.0
166.0
166.0
166.0
166.0
167.0
167.0
168.0
165.0
167.0
167.0
0.0
1.0
0.0
1.0
1.0
0.0
167.0
166.0
166.0
166.0
166.0
167.0
166.0
167.0
168.0
166.0
167.0
166.0
168.0
166.0
166.0
166.0
165.0
166.0
166.0
166.0
166.0
166.0
166.0
167.0
167.0
167.0
167.0
167.0
168.0
176.0
174.0
175.0
174.0
172.0
0.0
0.0
1.0
0.0
1.0
1.0
175.0
173.0
175.0
174.0
172.0
167.0
168.0
166.0
168.0
166.0
167.0
166.0
167.0
192.0
192.0
193.0
193.0
190.0
193.0
192.0
193.0
194.0
193.0
168.0
168.0
167.0
167.0
167.0
166.0
168.0
169.0
170.0
170.0
172.0
1.0
0.0
1.0
0.0
1.0
1.0
167.0
168.0
169.0
165.0
168.0
168.0
167.0
171.0
171.0
174.0
168.0
167.0
168.0
172.0
167.0
166.0
171.0
170.0
169.0
170.0
166.0
167.0
167.0
166.0
166.0
166.0
166.0
165.0
165.0
166.0
165.0
166.0
165.0
166.0
1.0
0.0
1.0
0.0
1.0
1.0
167.0
166.0
167.0
166.0
167.0
170.0
189.0
187.0
187.0
187.0
185.0
201.0
185.0
188.0
188.0
183.0
165.0
167.0
166.0
167.0
166.0
167.0
166.0
165.0
165.0
166.0
166.0
166.0
166.0
165.0
168.0
166.0
166.0
167.0
0.0
1.0
1.0
0.0
1.0
0.0
167.0
166.0
166.0
166.0
168.0
167.0
166.0
167.0
166.0
165.0
166.0
166.0
165.0
167.0
167.0
166.0
166.0
166.0
167.0
166.0
166.0
167.0
166.0
165.0
166.0
166.0
167.0
166.0
166.0
167.0
166.0
166.0
175.0
176.0
0.0
1.0
1.0
0.0
1.0
0.0
176.0
178.0
175.0
175.0
181.0
179.0
179.0
178.0
166.0
167.0
167.0
169.0
167.0
168.0
170.0
172.0
172.0
173.0
169.0
168.0
168.0
170.0
168.0
166.0
170.0
173.0
172.0
172.0
169.0
168.0
167.0
170.0
167.0
167.0
1.0
1.0
0.0
1.0
0.0
1.0
171.0
171.0
172.0
172.0
166.0
167.0
167.0
167.0
168.0
167.0
172.0
169.0
169.0
175.0
166.0
166.0
167.0
166.0
167.0
167.0
174.0
167.0
170.0
179.0
175.0
209.0
209.0
209.0
209.0
209.0
213.0
210.0
210.0
200.0
1.0
1.0
0.0
1.0
0.0
1.0
198.0
168.0
167.0
166.0
167.0
166.0
169.0
166.0
167.0
168.0
165.0
167.0
167.0
166.0
165.0
165.0
165.0
167.0
167.0
167.0
165.0
166.0
166.0
165.0
165.0
166.0
168.0
165.0
167.0
170.0
166.0
168.0
167.0
167.0
1.0
1.0
0.0
1.0
0.0
1.0
167.0
166.0
168.0
167.0
168.0
170.0
166.0
168.0
168.0
167.0
166.0
166.0
166.0
167.0
167.0
167.0
166.0
174.0
174.0
179.0
177.0
177.0
177.0
178.0
175.0
174.0
175.0
167.0
168.0
166.0
170.0
167.0
168.0
167.0
1.0
1.0
0.0
1.0
1.0
1.0
168.0
169.0
167.0
167.0
169.0
168.0
166.0
168.0
169.0
167.0
169.0
166.0
166.0
165.0
166.0
166.0
166.0
167.0
166.0
167.0
166.0
167.0
166.0
166.0
167.0
168.0
167.0
168.0
166.0
169.0
167.0
166.0
169.0
165.0
1.0
0.0
1.0
1.0
0.0
1.0
169.0
167.0
172.0
169.0
165.0
169.0
166.0
165.0
168.0
172.0
177.0
174.0
177.0
176.0
175.0
175.0
174.0
176.0
175.0
168.0
167.0
166.0
166.0
165.0
166.0
166.0
166.0
165.0
166.0
166.0
167.0
166.0
165.0
166.0
0.0
1.0
0.0
1.0
1.0
0.0
167.0
166.0
166.0
166.0
165.0
165.0
166.0
165.0
167.0
166.0
166.0
166.0
165.0
166.0
166.0
166.0
166.0
167.0
166.0
165.0
166.0
166.0
166.0
166.0
165.0
166.0
165.0
167.0
166.0
166.0
165.0
166.0
166.0
166.0
1.0
1.0
0.0
1.0
0.0
1.0
166.0
171.0
173.0
175.0
175.0
175.0
200.0
202.0
200.0
201.0
202.0
194.0
193.0
192.0
191.0
192.0
168.0
166.0
167.0
168.0
169.0
167.0
166.0
167.0
166.0
168.0
167.0
168.0
166.0
167.0
167.0
168.0
165.0
168.0
1.0
0.0
0.0
1.0
0.0
1.0
169.0
167.0
166.0
166.0
166.0
167.0
165.0
167.0
167.0
167.0
167.0
169.0
166.0
166.0
166.0
166.0
166.0
166.0
165.0
166.0
165.0
167.0
165.0
167.0
166.0
165.0
166.0
165.0
166.0
166.0
166.0
166.0
171.0
173.0
1.0
1.0
0.0
1.0
0.0
1.0
173.0
175.0
175.0
176.0
175.0
175.0
175.0
175.0
167.0
166.0
166.0
166.0
167.0
166.0
165.0
166.0
166.0
166.0
166.0
166.0
166.0
165.0
167.0
165.0
165.0
166.0
165.0
166.0
166.0
165.0
165.0
166.0
165.0
166.0
0.0
1.0
0.0
1.0
1.0
0.0
166.0
167.0
166.0
165.0
165.0
166.0
166.0
165.0
167.0
166.0
165.0
166.0
166.0
166.0
166.0
166.0
166.0
166.0
166.0
166.0
166.0
168.0
166.0
166.0
172.0
172.0
174.0
174.0
174.0
174.0
174.0
175.0
174.0
174.0
1.0
0.0
1.0
1.0
0.0
1.0
168.0
168.0
166.0
170.0
175.0
173.0
175.0
177.0
175.0
190.0
174.0
179.0
175.0
169.0
179.0
166.0
166.0
180.0
179.0
181.0
166.0
179.0
166.0
166.0
180.0
167.0
166.0
179.0
177.0
166.0
175.0
166.0
173.0
166.0
1.0
1.0
0.0
1.0
0.0
1.0
165.0
167.0
165.0
166.0
165.0
165.0
166.0
167.0
166.0
166.0
166.0
166.0
166.0
166.0
173.0
172.0
172.0
174.0
173.0
174.0
200.0
200.0
202.0
200.0
194.0
194.0
192.0
192.0
192.0
193.0
166.0
166.0
166.0
166.0
1.0
0.0
1.0
0.0
1.0
1.0
165.0
165.0
165.0
167.0
167.0
165.0
166.0
165.0
165.0
167.0
166.0
166.0
167.0
166.0
166.0
166.0
165.0
167.0
166.0
166.0
167.0
165.0
166.0
166.0
166.0
165.0
166.0
167.0
166.0
166.0
166.0
164.0
165.0
166.0
1.0
1.0
0.0
1.0
1.0
0.0
166.0
166.0
165.0
165.0
165.0
167.0
166.0
166.0
165.0
167.0
166.0
165.0
173.0
174.0
174.0
175.0
175.0
174.0
174.0
174.0
175.0
174.0
167.0
167.0
165.0
166.0
167.0
165.0
165.0
166.0
166.0
166.0
165.0
165.0
1.0
1.0
0.0
1.0
0.0
0.0
166.0
167.0
167.0
167.0
166.0
167.0
169.0
166.0
166.0
167.0
166.0
166.0
166.0
166.0
166.0
166.0
167.0
166.0
166.0
166.0
165.0
166.0
165.0
165.0
166.0
167.0
166.0
165.0
166.0
166.0
165.0
167.0
165.0
167.0
1.0
0.0
1.0
0.0
1.0
1.0
165.0
166.0
165.0
166.0
172.0
174.0
174.0
175.0
174.0
174.0
173.0
173.0
175.0
174.0
167.0
167.0
166.0
166.0
165.0
165.0
166.0
166.0
165.0
166.0
165.0
165.0
164.0
166.0
166.0
166.0
166.0
166.0
166.0
166.0
1.0
0.0
1.0
0.0
1.0
1.0
165.0
166.0
166.0
166.0
166.0
166.0
166.0
166.0
166.0
166.0
167.0
166.0
167.0
166.0
167.0
166.0
166.0
166.0
167.0
166.0
166.0
166.0
165.0
166.0
166.0
166.0
165.0
166.0
166.0
165.0
171.0
173.0
174.0
201.0
1.0
0.0
1.0
1.0
0.0
1.0
201.0
200.0
201.0
199.0
202.0
201.0
194.0
193.0
191.0
167.0
166.0
168.0
166.0
166.0
168.0
168.0
167.0
168.0
166.0
167.0
166.0
166.0
165.0
165.0
165.0
165.0
165.0
165.0
166.0
166.0
165.0
165.0
165.0
166.0
1.0
1.0
0.0
1.0
0.0
1.0
166.0
165.0
166.0
167.0
166.0
167.0
166.0
166.0
166.0
166.0
166.0
166.0
165.0
166.0
166.0
167.0
166.0
165.0
166.0
166.0
166.0
165.0
166.0
165.0
166.0
173.0
172.0
172.0
173.0
174.0
174.0
174.0
174.0
174.0
1.0
1.0
0.0
1.0
0.0
1.0
174.0
168.0
166.0
166.0
166.0
167.0
166.0
166.0
165.0
165.0
166.0
167.0
166.0
166.0
165.0
166.0
166.0
165.0
165.0
166.0
166.0
166.0
165.0
165.0
165.0
166.0
166.0
166.0
166.0
167.0
165.0
167.0
166.0
167.0
1.0
0.0
1.0
1.0
0.0
1.0
165.0
166.0
166.0
165.0
165.0
164.0
166.0
167.0
167.0
165.0
165.0
166.0
165.0
165.0
165.0
166.0
166.0
172.0
172.0
172.0
174.0
174.0
173.0
174.0
175.0
174.0
173.0
167.0
167.0
166.0
166.0
166.0
165.0
166.0
0.0
1.0
0.0
1.0
1.0
0.0
165.0
165.0
167.0
166.0
167.0
167.0
165.0
165.0
166.0
165.0
166.0
166.0
165.0
166.0
166.0
166.0
166.0
167.0
167.0
166.0
166.0
166.0
166.0
166.0
166.0
167.0
166.0
166.0
166.0
165.0
165.0
165.0
166.0
166.0
1.0
0.0
0.0
1.0
1.0
0.0
166.0
166.0
165.0
165.0
165.0
165.0
166.0
166.0
168.0
173.0
173.0
173.0
174.0
174.0
201.0
199.0
200.0
200.0
201.0
193.0
193.0
193.0
193.0
193.0
167.0
167.0
167.0
166.0
168.0
165.0
167.0
166.0
166.0
168.0
0.0
1.0
1.0
0.0
1.0
1.0
167.0
166.0
166.0
167.0
167.0
166.0
167.0
168.0
167.0
167.0
166.0
167.0
167.0
167.0
168.0
166.0
167.0
166.0
168.0
167.0
165.0
167.0
167.0
167.0
168.0
165.0
166.0
169.0
167.0
166.0
166.0
169.0
168.0
167.0
0.0
1.0
0.0
1.0
1.0
0.0
167.0
166.0
167.0
167.0
166.0
167.0
171.0
172.0
175.0
174.0
175.0
174.0
175.0
174.0
174.0
174.0
167.0
167.0
166.0
165.0
166.0
167.0
166.0
166.0
165.0
166.0
166.0
165.0
165.0
165.0
166.0
166.0
165.0
166.0
0.0
1.0
1.0
0.0
1.0
0.0
166.0
166.0
167.0
166.0
167.0
166.0
168.0
169.0
169.0
165.0
166.0
172.0
168.0
165.0
166.0
166.0
168.0
166.0
165.0
167.0
165.0
169.0
167.0
165.0
165.0
166.0
166.0
166.0
166.0
166.0
166.0
166.0
172.0
173.0
1.0
0.0
1.0
0.0
1.0
1.0
173.0
174.0
174.0
174.0
173.0
174.0
173.0
174.0
167.0
167.0
166.0
165.0
167.0
166.0
165.0
166.0
167.0
166.0
166.0
167.0
165.0
166.0
165.0
167.0
167.0
165.0
166.0
166.0
165.0
166.0
166.0
166.0
167.0
166.0
0.0
1.0
0.0
1.0
1.0
0.0
166.0
166.0
167.0
166.0
165.0
166.0
166.0
165.0
166.0
166.0
166.0
166.0
167.0
165.0
166.0
166.0
164.0
165.0
166.0
167.0
166.0
166.0
166.0
167.0
166.0
172.0
173.0
174.0
201.0
202.0
202.0
201.0
201.0
202.0
7.0
0.0
1.0
1.0
0.0
1.0
198.0
196.0
192.0
193.0
167.0
166.0
166.0
166.0
167.0
166.0
166.0
166.0
165.0
166.0
166.0
166.0
166.0
165.0
166.0
165.0
166.0
165.0
166.0
166.0
165.0
166.0
166.0
166.0
166.0
167.0
166.0
166.0
166.0
165.0
0.0
1.0
0.0
1.0
1.0
0.0
166.0
166.0
166.0
166.0
167.0
166.0
166.0
167.0
166.0
166.0
166.0
166.0
165.0
166.0
166.0
166.0
166.0
165.0
166.0
165.0
172.0
175.0
175.0
174.0
175.0
175.0
175.0
174.0
175.0
174.0
167.0
167.0
165.0
165.0
1.0
0.0
1.0
1.0
0.0
1.0
167.0
167.0
167.0
166.0
165.0
165.0
167.0
165.0
166.0
165.0
166.0
165.0
165.0
165.0
166.0
165.0
166.0
166.0
165.0
166.0
169.0
166.0
165.0
166.0
165.0
166.0
166.0
166.0
166.0
166.0
167.0
167.0
166.0
166.0
1.0
1.0
0.0
1.0
0.0
1.0
165.0
165.0
166.0
166.0
165.0
167.0
166.0
166.0
165.0
166.0
166.0
165.0
173.0
174.0
174.0
174.0
175.0
173.0
174.0
174.0
174.0
174.0
167.0
165.0
165.0
166.0
166.0
167.0
166.0
166.0
165.0
166.0
165.0
166.0
1.0
1.0
0.0
1.0
0.0
1.0
165.0
166.0
168.0
165.0
165.0
166.0
166.0
166.0
166.0
166.0
166.0
167.0
167.0
166.0
165.0
166.0
166.0
166.0
166.0
167.0
166.0
166.0
166.0
166.0
165.0
166.0
166.0
166.0
167.0
165.0
165.0
166.0
167.0
166.0
1.0
1.0
0.0
1.0
0.0
1.0
165.0
166.0
165.0
166.0
173.0
174.0
174.0
203.0
203.0
203.0
203.0
203.0
203.0
202.0
195.0
195.0
196.0
166.0
167.0
168.0
168.0
169.0
167.0
167.0
168.0
167.0
167.0
166.0
167.0
167.0
167.0
166.0
166.0
168.0
0.0
1.0
1.0
0.0
1.0
0.0
167.0
167.0
167.0
166.0
165.0
166.0
168.0
167.0
166.0
164.0
168.0
167.0
166.0
167.0
167.0
167.0
166.0
167.0
168.0
167.0
166.0
167.0
167.0
165.0
167.0
166.0
166.0
167.0
165.0
166.0
166.0
166.0
167.0
166.0
0.0
1.0
1.0
0.0
1.0
0.0
175.0
173.0
176.0
176.0
175.0
176.0
175.0
176.0
174.0
176.0
168.0
167.0
167.0
167.0
165.0
165.0
166.0
166.0
167.0
165.0
166.0
166.0
165.0
166.0
166.0
165.0
166.0
165.0
166.0
166.0
167.0
165.0
166.0
166.0
1.0
1.0
1.0
1.0
0.0
0.0
165.0
166.0
166.0
166.0
168.0
168.0
173.0
171.0
177.0
172.0
175.0
174.0
175.0
178.0
182.0
173.0
172.0
171.0
172.0
172.0
174.0
173.0
170.0
177.0
179.0
182.0
178.0
178.0
179.0
181.0
181.0
180.0
178.0
174.0
1.0
0.0
0.0
1.0
0.0
1.0
174.0
173.0
175.0
173.0
176.0
173.0
174.0
172.0
175.0
176.0
174.0
173.0
176.0
177.0
175.0
177.0
175.0
174.0
176.0
174.0
173.0
173.0
171.0
173.0
170.0
171.0
168.0
170.0
166.0
167.0
166.0
165.0
165.0
166.0
1.0
1.0
0.0
1.0
0.0
1.0
165.0
165.0
165.0
166.0
165.0
166.0
165.0
165.0
165.0
166.0
166.0
165.0
165.0
165.0
167.0
174.0
172.0
174.0
175.0
174.0
175.0
175.0
206.0
205.0
203.0
194.0
195.0
196.0
194.0
195.0
196.0
196.0
167.0
167.0
1.0
1.0
0.0
1.0
0.0
0.0
167.0
166.0
166.0
166.0
167.0
166.0
166.0
166.0
165.0
166.0
166.0
166.0
168.0
166.0
166.0
166.0
166.0
168.0
166.0
164.0
167.0
166.0
166.0
166.0
166.0
166.0
164.0
165.0
166.0
165.0
156.0
153.0
154.0
155.0
