8.0
7.0
5.0
5.0
4.0
4.0
4.0
7.0
6.0
6.0
4.0
6.0
6.0
4.0
4.0
4.0
4.0
4.0
6.0
6.0
29.0
29.0
29.0
28.0
28.0
28.0
49.0
49.0
49.0
48.0
29.0
29.0
29.0
29.0
28.0
29.0
50.0
49.0
50.0
49.0
29.0
29.0
28.0
29.0
30.0
28.0
28.0
28.0
28.0
29.0
30.0
29.0
49.0
49.0
49.0
49.0
29.0
28.0
29.0
30.0
29.0
29.0
29.0
28.0
28.0
29.0
29.0
29.0
49.0
42.0
50.0
42.0
29.0
29.0
27.0
29.0
29.0
29.0
23.0
28.0
50.0
29.0
28.0
49.0
30.0
29.0
29.0
28.0
24.0
28.0
29.0
29.0
29.0
29.0
28.0
29.0
24.0
49.0
49.0
29.0
29.0
29.0
29.0
29.0
30.0
28.0
23.0
28.0
23.0
28.0
29.0
28.0
29.0
29.0
28.0
49.0
49.0
29.0
24.0
28.0
29.0
29.0
29.0
29.0
30.0
24.0
28.0
29.0
28.0
29.0
29.0
50.0
50.0
29.0
29.0
23.0
29.0
28.0
29.0
29.0
29.0
30.0
29.0
24.0
29.0
49.0
49.0
28.0
28.0
29.0
24.0
29.0
29.0
30.0
28.0
28.0
24.0
29.0
29.0
28.0
4518.0
4460.0
4425.0
4438.0
4348.0
4414.0
4474.0
4446.0
4456.0
4303.0
4381.0
4346.0
4356.0
4313.0
4330.0
4345.0
4336.0
4309.0
4318.0
4343.0
4375.0
4388.0
4336.0
4442.0
4336.0
4386.0
4341.0
4382.0
4387.0
4374.0
4352.0
4429.0
4409.0
4433.0
4435.0
4518.0
3769.0
3787.0
6.0
6.0
6.0
4.0
3.0
3.0
4.0
6.0
6.0
6.0
4.0
4.0
4.0
4.0
5.0
6.0
6.0
5.0
5.0
5.0
4.0
4.0
4.0
3.0
6.0
5.0
3.0
3.0
3.0
6.0
7.0
6.0
4.0
5.0
4.0
4.0
4.0
4.0
6.0
6.0
6.0
6.0
6.0
4.0
4.0
6.0
4.0
3.0
3.0
3.0
4.0
6.0
6.0
4.0
6.0
6.0
5.0
6.0
4.0
4.0
4.0
4.0
6.0
6.0
3.0
4.0
6.0
6.0
6.0
3.0
7.0
4.0
3.0
3.0
4.0
5.0
3.0
6.0
5.0
5.0
7.0
4.0
4.0
5.0
4.0
4.0
6.0
3.0
3.0
5.0
6.0
5.0
3.0
3.0
6.0
6.0
4.0
4.0
4.0
4.0
50.0
49.0
49.0
28.0
28.0
49.0
48.0
28.0
49.0
28.0
29.0
29.0
28.0
28.0
49.0
49.0
49.0
48.0
49.0
48.0
29.0
28.0
28.0
29.0
28.0
28.0
27.0
28.0
48.0
5.0
42.0
43.0
48.0
49.0
48.0
27.0
28.0
28.0
27.0
3.0
29.0
28.0
28.0
27.0
28.0
23.0
49.0
48.0
48.0
6.0
67.0
23.0
46.0
46.0
47.0
46.0
46.0
41.0
66.0
24.0
67.0
27.0
28.0
28.0
27.0
28.0
48.0
48.0
3.0
3.0
23.0
28.0
27.0
28.0
12.0
28.0
28.0
11.0
5.0
5.0
49.0
49.0
48.0
23.0
12.0
28.0
27.0
12.0
5.0
5.0
6.0
3.0
3.0
4.0
3.0
3.0
3.0
5.0
3.0
4.0
28.0
23.0
28.0
48.0
28.0
27.0
28.0
48.0
48.0
23.0
49.0
28.0
28.0
28.0
28.0
28.0
23.0
47.0
27.0
27.0
28.0
28.0
29.0
23.0
48.0
48.0
41.0
28.0
25.0
4.0
27.0
27.0
27.0
23.0
31.0
24.0
28.0
28.0
23.0
4.0
28.0
28.0
48.0
48.0
27.0
29.0
23.0
27.0
23.0
3.0
28.0
28.0
28.0
28.0
23.0
28.0
23.0
28.0
37.0
5.0
36.0
28.0
28.0
28.0
27.0
23.0
28.0
23.0
3.0
3.0
28.0
28.0
28.0
23.0
13.0
29.0
28.0
12.0
2.0
3.0
28.0
23.0
28.0
29.0
11.0
27.0
28.0
12.0
3.0
3.0
4.0
3.0
3.0
3.0
3.0
3.0
3.0
3.0
2.0
3.0
29.0
28.0
28.0
27.0
23.0
24.0
28.0
28.0
28.0
28.0
23.0
23.0
28.0
28.0
28.0
28.0
28.0
28.0
28.0
27.0
25.0
24.0
28.0
25.0
28.0
28.0
28.0
29.0
27.0
3.0
25.0
25.0
28.0
24.0
28.0
27.0
28.0
28.0
28.0
2.0
28.0
24.0
24.0
28.0
25.0
28.0
28.0
28.0
28.0
3.0
26.0
29.0
24.0
28.0
25.0
28.0
28.0
27.0
28.0
4.0
28.0
24.0
25.0
28.0
28.0
25.0
28.0
28.0
3.0
3.0
29.0
24.0
24.0
28.0
13.0
24.0
28.0
12.0
3.0
3.0
29.0
28.0
28.0
27.0
11.0
25.0
27.0
12.0
3.0
3.0
4.0
3.0
3.0
3.0
3.0
3.0
3.0
3.0
4.0
3.0
28.0
28.0
24.0
28.0
25.0
27.0
28.0
24.0
28.0
28.0
25.0
26.0
26.0
26.0
27.0
26.0
27.0
26.0
25.0
27.0
27.0
25.0
27.0
28.0
25.0
27.0
27.0
26.0
27.0
3.0
27.0
25.0
25.0
26.0
27.0
27.0
28.0
25.0
28.0
3.0
27.0
27.0
25.0
26.0
25.0
26.0
27.0
25.0
27.0
3.0
27.0
27.0
27.0
26.0
25.0
26.0
27.0
25.0
27.0
3.0
28.0
27.0
27.0
27.0
25.0
25.0
25.0
25.0
3.0
3.0
28.0
27.0
27.0
28.0
12.0
28.0
25.0
12.0
3.0
3.0
26.0
26.0
27.0
25.0
12.0
27.0
27.0
12.0
3.0
3.0
3.0
3.0
3.0
3.0
4.0
3.0
3.0
3.0
3.0
3.0
26.0
26.0
26.0
26.0
27.0
26.0
26.0
26.0
26.0
26.0
27.0
27.0
26.0
26.0
25.0
26.0
27.0
27.0
26.0
26.0
27.0
26.0
26.0
26.0
26.0
27.0
26.0
25.0
26.0
3.0
26.0
25.0
26.0
25.0
26.0
26.0
26.0
26.0
26.0
3.0
27.0
26.0
26.0
25.0
26.0
26.0
26.0
26.0
27.0
3.0
26.0
26.0
26.0
26.0
26.0
27.0
27.0
26.0
26.0
3.0
27.0
27.0
26.0
26.0
25.0
26.0
26.0
25.0
3.0
3.0
26.0
25.0
26.0
26.0
11.0
26.0
27.0
12.0
3.0
3.0
27.0
26.0
26.0
27.0
12.0
26.0
26.0
12.0
3.0
3.0
3.0
3.0
3.0
3.0
3.0
3.0
3.0
3.0
3.0
3.0
26.0
26.0
26.0
26.0
27.0
26.0
26.0
26.0
26.0
26.0
29.0
29.0
29.0
29.0
29.0
29.0
29.0
29.0
30.0
29.0
28.0
27.0
27.0
27.0
28.0
27.0
28.0
27.0
27.0
3.0
28.0
26.0
26.0
26.0
26.0
26.0
25.0
26.0
26.0
3.0
27.0
26.0
26.0
26.0
26.0
26.0
26.0
26.0
26.0
3.0
27.0
25.0
27.0
25.0
27.0
27.0
25.0
26.0
26.0
3.0
26.0
26.0
26.0
26.0
25.0
26.0
26.0
26.0
3.0
3.0
26.0
26.0
26.0
25.0
11.0
26.0
26.0
12.0
3.0
3.0
26.0
26.0
26.0
26.0
12.0
26.0
26.0
12.0
3.0
3.0
4.0
3.0
3.0
3.0
3.0
3.0
3.0
3.0
3.0
3.0
27.0
26.0
26.0
26.0
26.0
26.0
26.0
27.0
26.0
27.0
26.0
26.0
27.0
27.0
26.0
27.0
25.0
26.0
26.0
26.0
27.0
26.0
26.0
26.0
25.0
26.0
26.0
26.0
25.0
3.0
27.0
26.0
27.0
26.0
26.0
26.0
26.0
26.0
26.0
3.0
26.0
26.0
26.0
25.0
25.0
26.0
26.0
26.0
27.0
3.0
27.0
27.0
27.0
25.0
25.0
27.0
26.0
26.0
26.0
3.0
27.0
26.0
26.0
26.0
26.0
25.0
26.0
26.0
4.0
3.0
26.0
26.0
26.0
26.0
12.0
26.0
26.0
12.0
3.0
3.0
28.0
26.0
26.0
26.0
11.0
25.0
26.0
11.0
3.0
3.0
4.0
4.0
3.0
3.0
3.0
3.0
4.0
3.0
3.0
3.0
26.0
26.0
26.0
25.0
26.0
25.0
27.0
26.0
26.0
26.0
27.0
26.0
26.0
25.0
27.0
26.0
26.0
26.0
27.0
26.0
26.0
26.0
26.0
26.0
26.0
26.0
26.0
27.0
26.0
3.0
27.0
25.0
27.0
27.0
27.0
26.0
25.0
27.0
26.0
3.0
27.0
26.0
26.0
27.0
26.0
26.0
26.0
27.0
26.0
3.0
27.0
26.0
26.0
26.0
26.0
26.0
26.0
26.0
26.0
3.0
27.0
26.0
26.0
27.0
26.0
26.0
26.0
26.0
3.0
3.0
27.0
25.0
25.0
26.0
12.0
26.0
26.0
11.0
3.0
3.0
26.0
25.0
26.0
26.0
12.0
26.0
25.0
12.0
3.0
3.0
3.0
3.0
3.0
3.0
3.0
3.0
3.0
3.0
3.0
3.0
26.0
26.0
26.0
25.0
26.0
26.0
26.0
27.0
26.0
26.0
27.0
25.0
27.0
26.0
26.0
27.0
26.0
25.0
26.0
26.0
26.0
26.0
26.0
26.0
26.0
26.0
26.0
26.0
26.0
3.0
26.0
26.0
26.0
27.0
26.0
26.0
26.0
27.0
26.0
3.0
27.0
26.0
26.0
26.0
26.0
27.0
26.0
25.0
26.0
3.0
26.0
25.0
26.0
26.0
26.0
26.0
26.0
26.0
26.0
3.0
27.0
25.0
26.0
26.0
26.0
26.0
27.0
26.0
3.0
3.0
26.0
26.0
26.0
25.0
12.0
25.0
26.0
11.0
3.0
4.0
27.0
26.0
26.0
26.0
11.0
26.0
25.0
12.0
3.0
3.0
4.0
3.0
3.0
3.0
3.0
3.0
4.0
3.0
3.0
3.0
26.0
26.0
26.0
26.0
26.0
26.0
25.0
26.0
26.0
27.0
26.0
26.0
26.0
26.0
26.0
26.0
26.0
27.0
27.0
26.0
26.0
26.0
26.0
25.0
26.0
26.0
25.0
26.0
25.0
3.0
27.0
26.0
26.0
26.0
26.0
25.0
26.0
26.0
27.0
3.0
27.0
26.0
26.0
26.0
26.0
26.0
25.0
26.0
26.0
3.0
27.0
26.0
26.0
25.0
25.0
26.0
26.0
26.0
26.0
3.0
26.0
26.0
27.0
27.0
62.0
63.0
62.0
62.0
3.0
3.0
62.0
61.0
62.0
62.0
47.0
62.0
26.0
11.0
3.0
3.0
27.0
26.0
26.0
26.0
12.0
26.0
26.0
12.0
3.0
3.0
3.0
3.0
3.0
3.0
3.0
3.0
4.0
3.0
3.0
3.0
29.0
33.0
28.0
29.0
27.0
29.0
30.0
29.0
28.0
29.0
30.0
29.0
28.0
31.0
28.0
29.0
28.0
28.0
28.0
29.0
32.0
28.0
27.0
28.0
27.0
27.0
27.0
27.0
27.0
3.0
28.0
27.0
28.0
27.0
26.0
25.0
25.0
28.0
25.0
3.0
27.0
27.0
26.0
26.0
28.0
26.0
27.0
27.0
25.0
3.0
28.0
28.0
28.0
25.0
25.0
25.0
26.0
27.0
28.0
3.0
28.0
28.0
27.0
27.0
26.0
26.0
25.0
25.0
4.0
3.0
28.0
28.0
27.0
28.0
13.0
28.0
27.0
12.0
3.0
3.0
26.0
26.0
26.0
27.0
12.0
28.0
25.0
12.0
3.0
3.0
4.0
3.0
3.0
4.0
3.0
3.0
3.0
3.0
3.0
4.0
28.0
28.0
26.0
27.0
25.0
26.0
27.0
25.0
28.0
27.0
26.0
26.0
27.0
27.0
26.0
28.0
28.0
25.0
27.0
27.0
26.0
25.0
25.0
27.0
27.0
27.0
27.0
25.0
28.0
3.0
28.0
26.0
26.0
26.0
26.0
27.0
27.0
27.0
27.0
3.0
27.0
27.0
26.0
26.0
26.0
26.0
26.0
27.0
27.0
3.0
27.0
27.0
26.0
26.0
26.0
27.0
26.0
26.0
27.0
3.0
27.0
27.0
26.0
27.0
26.0
26.0
26.0
26.0
3.0
3.0
27.0
27.0
26.0
26.0
12.0
27.0
26.0
12.0
3.0
3.0
27.0
27.0
26.0
26.0
12.0
26.0
27.0
12.0
3.0
3.0
3.0
3.0
3.0
3.0
3.0
3.0
4.0
3.0
4.0
4.0
26.0
26.0
26.0
26.0
27.0
26.0
26.0
26.0
26.0
27.0
27.0
27.0
27.0
26.0
26.0
27.0
27.0
26.0
26.0
26.0
26.0
26.0
26.0
26.0
27.0
27.0
26.0
27.0
26.0
4.0
27.0
27.0
26.0
27.0
26.0
27.0
26.0
27.0
26.0
3.0
27.0
27.0
25.0
26.0
26.0
27.0
26.0
27.0
26.0
3.0
27.0
26.0
26.0
26.0
26.0
26.0
27.0
27.0
26.0
3.0
27.0
27.0
26.0
27.0
26.0
26.0
26.0
27.0
3.0
3.0
27.0
27.0
27.0
26.0
12.0
27.0
25.0
12.0
3.0
4.0
26.0
27.0
26.0
26.0
12.0
26.0
26.0
11.0
3.0
3.0
3.0
4.0
3.0
3.0
3.0
3.0
3.0
3.0
3.0
3.0
27.0
26.0
26.0
26.0
26.0
26.0
26.0
26.0
26.0
27.0
27.0
26.0
26.0
26.0
26.0
26.0
26.0
27.0
25.0
26.0
27.0
26.0
26.0
27.0
27.0
26.0
26.0
26.0
26.0
3.0
27.0
26.0
26.0
26.0
25.0
25.0
26.0
26.0
26.0
3.0
27.0
26.0
26.0
26.0
27.0
26.0
25.0
26.0
25.0
3.0
26.0
26.0
26.0
25.0
26.0
26.0
26.0
26.0
26.0
3.0
27.0
26.0
26.0
26.0
27.0
26.0
25.0
26.0
3.0
4.0
26.0
26.0
26.0
26.0
12.0
26.0
26.0
11.0
3.0
3.0
26.0
25.0
25.0
26.0
12.0
27.0
26.0
12.0
3.0
3.0
3.0
3.0
3.0
3.0
3.0
3.0
4.0
3.0
3.0
3.0
4406.0
4508.0
4553.0
4578.0
4479.0
4555.0
4475.0
4509.0
4382.0
4318.0
4397.0
4396.0
4391.0
4427.0
4343.0
4353.0
4392.0
4372.0
4326.0
4372.0
4371.0
4367.0
4447.0
4339.0
4407.0
4376.0
4386.0
4304.0
4363.0
4312.0
4408.0
4371.0
4414.0
4315.0
4460.0
4426.0
4366.0
4358.0
4357.0
4378.0
4388.0
4387.0
4322.0
4329.0
4297.0
4363.0
4470.0
4476.0
4475.0
4347.0
4362.0
4367.0
4375.0
4373.0
4378.0
4416.0
4418.0
4403.0
4397.0
4378.0
4378.0
4414.0
4380.0
4353.0
4348.0
4367.0
4340.0
4373.0
4375.0
4349.0
4330.0
4344.0
4417.0
4450.0
4362.0
4460.0
4351.0
4452.0
4356.0
2348.0
2346.0
2353.0
2409.0
2304.0
2305.0
2385.0
2383.0
2391.0
2472.0
2416.0
2369.0
4353.0
4397.0
4417.0
4418.0
4357.0
4351.0
4368.0
4375.0
4366.0
4418.0
4430.0
4333.0
4356.0
4408.0
4421.0
4442.0
4484.0
4434.0
4377.0
4366.0
4433.0
4379.0
4309.0
4383.0
4325.0
4379.0
4375.0
4412.0
4405.0
4432.0
4312.0
4339.0
4328.0
4343.0
4380.0
4355.0
4350.0
4353.0
4348.0
4395.0
4354.0
4487.0
4378.0
4340.0
4396.0
4443.0
4357.0
4341.0
4381.0
4398.0
4344.0
4473.0
4305.0
4288.0
4352.0
4425.0
4412.0
4387.0
4348.0
4361.0
4352.0
4409.0
4353.0
4376.0
4380.0
4309.0
4305.0
4308.0
4321.0
4340.0
4358.0
4327.0
4389.0
4399.0
4377.0
4518.0
4396.0
4394.0
4381.0
2378.0
2358.0
2457.0
2384.0
2319.0
2359.0
2361.0
2357.0
2348.0
2344.0
2333.0
2342.0
4420.0
4385.0
4315.0
4295.0
4368.0
4354.0
4351.0
4307.0
4331.0
4324.0
4347.0
4331.0
4357.0
4347.0
4338.0
4353.0
4348.0
4344.0
4345.0
4333.0
4399.0
4392.0
4293.0
4445.0
4539.0
4528.0
4569.0
4551.0
4579.0
4487.0
4413.0
4416.0
4386.0
4291.0
4393.0
4384.0
4399.0
4346.0
4385.0
4328.0
4405.0
4324.0
4383.0
4494.0
4328.0
4398.0
4365.0
4350.0
4370.0
4359.0
4350.0
4358.0
4335.0
4298.0
4366.0
4357.0
4395.0
4360.0
4391.0
4389.0
4347.0
4484.0
4343.0
4415.0
4331.0
4380.0
4363.0
4399.0
4305.0
4415.0
4334.0
4308.0
4443.0
4451.0
4390.0
4401.0
4425.0
4395.0
4414.0
2433.0
2414.0
2388.0
2393.0
2310.0
2389.0
2360.0
2369.0
2360.0
2387.0
2365.0
2365.0
4438.0
4403.0
4395.0
4364.0
4351.0
4371.0
4378.0
4372.0
4364.0
4470.0
4338.0
4559.0
4377.0
4419.0
4315.0
4327.0
4354.0
4337.0
4319.0
4488.0
4402.0
4297.0
4352.0
4441.0
4389.0
4414.0
4367.0
4381.0
4389.0
4417.0
4438.0
4334.0
4382.0
4387.0
4323.0
4368.0
4337.0
4420.0
4430.0
4442.0
4336.0
4317.0
4400.0
4349.0
4352.0
4382.0
4378.0
4337.0
4337.0
4312.0
4324.0
4347.0
4301.0
4305.0
4377.0
4349.0
4376.0
4355.0
4339.0
4353.0
4315.0
4382.0
4319.0
4298.0
4307.0
4306.0
4295.0
4296.0
4349.0
4346.0
4322.0
4330.0
4427.0
4381.0
4391.0
4403.0
4561.0
4380.0
4366.0
2375.0
2403.0
2388.0
2330.0
2348.0
2415.0
2349.0
2389.0
2362.0
2377.0
2382.0
2367.0
4426.0
4377.0
4325.0
4331.0
4324.0
4370.0
4338.0
4362.0
4415.0
4334.0
4441.0
4379.0
4354.0
4353.0
4364.0
4319.0
4331.0
4324.0
4347.0
4296.0
4340.0
4341.0
4357.0
4362.0
4376.0
4379.0
4366.0
4391.0
4397.0
4377.0
4401.0
4355.0
4335.0
4328.0
4301.0
4359.0
4341.0
4403.0
4401.0
4365.0
4335.0
4331.0
4393.0
4324.0
4317.0
4303.0
4308.0
4300.0
4329.0
4318.0
4320.0
4339.0
4409.0
4375.0
4387.0
4367.0
4411.0
4449.0
4403.0
4401.0
4363.0
4350.0
4305.0
4352.0
4324.0
4324.0
4362.0
4401.0
4458.0
4345.0
4431.0
4388.0
4438.0
4360.0
4363.0
4330.0
4319.0
4326.0
4303.0
2348.0
2298.0
2303.0
2358.0
2312.0
2293.0
2274.0
2275.0
2252.0
2262.0
2192.0
2184.0
