11.0
9.0
9.0
12.0
12.0
9.0
9.0
9.0
12.0
12.0
168.0
167.0
93.0
93.0
93.0
59.0
58.0
59.0
105.0
106.0
137.0
134.0
135.0
135.0
135.0
100.0
200.0
200.0
200.0
196.0
211.0
187.0
210.0
210.0
210.0
176.0
263.0
172.0
148.0
236.0
161.0
187.0
187.0
187.0
187.0
153.0
154.0
130.0
131.0
149.0
188.0
187.0
187.0
188.0
187.0
153.0
153.0
133.0
136.0
138.0
186.0
169.0
186.0
185.0
185.0
178.0
152.0
151.0
178.0
137.0
183.0
181.0
182.0
177.0
189.0
147.0
148.0
148.0
148.0
147.0
208.0
207.0
207.0
239.0
207.0
146.0
147.0
205.0
175.0
175.0
377.0
375.0
347.0
347.0
348.0
317.0
316.0
314.0
315.0
316.0
181.0
179.0
180.0
179.0
180.0
181.0
147.0
147.0
147.0
181.0
181.0
180.0
180.0
180.0
180.0
147.0
147.0
146.0
147.0
146.0
180.0
179.0
179.0
180.0
179.0
147.0
147.0
146.0
146.0
146.0
182.0
181.0
180.0
179.0
179.0
147.0
148.0
146.0
147.0
147.0
180.0
179.0
180.0
179.0
179.0
147.0
147.0
146.0
147.0
146.0
208.0
208.0
207.0
208.0
208.0
175.0
175.0
174.0
176.0
175.0
181.0
180.0
180.0
180.0
180.0
147.0
147.0
146.0
147.0
146.0
181.0
179.0
180.0
179.0
179.0
147.0
147.0
146.0
147.0
146.0
180.0
179.0
180.0
180.0
179.0
148.0
147.0
146.0
146.0
146.0
181.0
180.0
180.0
180.0
180.0
148.0
147.0
147.0
148.0
147.0
180.0
179.0
179.0
178.0
178.0
147.0
147.0
147.0
147.0
147.0
93.0
93.0
168.0
167.0
93.0
93.0
93.0
93.0
170.0
12.0
167.0
91.0
57.0
7.0
7.0
7.0
7.0
8.0
7.0
7.0
92.0
86.0
57.0
7.0
7.0
7.0
7.0
8.0
7.0
7.0
91.0
91.0
7.0
11.0
11.0
11.0
7.0
11.0
11.0
8.0
120.0
164.0
57.0
7.0
11.0
11.0
7.0
6.0
7.0
11.0
6.0
10.0
7.0
7.0
6.0
7.0
7.0
10.0
11.0
6.0
91.0
7.0
6.0
10.0
11.0
7.0
7.0
7.0
6.0
11.0
10.0
6.0
7.0
7.0
6.0
9.0
7.0
11.0
7.0
7.0
8.0
6.0
7.0
7.0
7.0
11.0
8.0
7.0
6.0
7.0
7.0
7.0
6.0
7.0
7.0
10.0
7.0
8.0
7.0
6.0
134.0
135.0
135.0
135.0
117.0
129.0
202.0
135.0
122.0
12.0
162.0
115.0
86.0
49.0
50.0
50.0
49.0
49.0
7.0
7.0
158.0
157.0
123.0
49.0
49.0
50.0
49.0
43.0
6.0
7.0
157.0
144.0
74.0
73.0
87.0
73.0
73.0
7.0
7.0
7.0
133.0
133.0
98.0
49.0
44.0
49.0
37.0
7.0
6.0
6.0
44.0
43.0
49.0
49.0
44.0
49.0
36.0
6.0
6.0
6.0
118.0
49.0
43.0
49.0
49.0
44.0
37.0
7.0
8.0
7.0
49.0
49.0
49.0
48.0
43.0
32.0
36.0
7.0
7.0
7.0
48.0
48.0
47.0
70.0
72.0
47.0
35.0
6.0
6.0
6.0
48.0
44.0
48.0
47.0
43.0
35.0
7.0
7.0
7.0
7.0
181.0
178.0
180.0
181.0
188.0
187.0
181.0
181.0
167.0
8.0
181.0
179.0
145.0
98.0
97.0
98.0
99.0
98.0
8.0
7.0
195.0
177.0
145.0
97.0
98.0
98.0
97.0
97.0
7.0
7.0
178.0
216.0
97.0
97.0
97.0
97.0
85.0
7.0
7.0
7.0
178.0
197.0
145.0
98.0
97.0
97.0
85.0
7.0
7.0
7.0
99.0
98.0
97.0
97.0
97.0
98.0
85.0
7.0
6.0
7.0
207.0
99.0
97.0
97.0
97.0
125.0
113.0
6.0
7.0
7.0
125.0
126.0
126.0
126.0
125.0
113.0
114.0
7.0
7.0
7.0
98.0
97.0
97.0
98.0
97.0
97.0
86.0
7.0
7.0
7.0
97.0
97.0
97.0
97.0
97.0
85.0
7.0
7.0
7.0
6.0
179.0
179.0
179.0
179.0
180.0
179.0
179.0
179.0
167.0
8.0
178.0
179.0
145.0
98.0
97.0
97.0
97.0
97.0
7.0
7.0
178.0
178.0
146.0
98.0
98.0
98.0
98.0
98.0
7.0
6.0
178.0
178.0
98.0
97.0
98.0
98.0
85.0
6.0
7.0
7.0
178.0
178.0
145.0
97.0
97.0
97.0
85.0
7.0
7.0
7.0
97.0
97.0
97.0
186.0
188.0
188.0
174.0
6.0
7.0
7.0
266.0
186.0
186.0
185.0
187.0
185.0
85.0
6.0
7.0
7.0
98.0
97.0
98.0
98.0
97.0
86.0
85.0
6.0
7.0
7.0
97.0
97.0
97.0
98.0
97.0
98.0
85.0
7.0
7.0
7.0
97.0
97.0
97.0
98.0
97.0
85.0
7.0
7.0
6.0
7.0
180.0
179.0
180.0
179.0
180.0
180.0
179.0
180.0
167.0
8.0
179.0
179.0
146.0
97.0
98.0
97.0
97.0
97.0
7.0
7.0
178.0
178.0
146.0
97.0
97.0
98.0
97.0
98.0
7.0
7.0
179.0
179.0
98.0
98.0
98.0
98.0
86.0
6.0
6.0
7.0
179.0
179.0
146.0
98.0
98.0
97.0
85.0
7.0
7.0
7.0
97.0
97.0
97.0
98.0
97.0
97.0
86.0
7.0
7.0
7.0
206.0
97.0
99.0
97.0
97.0
97.0
86.0
6.0
7.0
6.0
125.0
126.0
125.0
126.0
125.0
114.0
114.0
7.0
7.0
7.0
126.0
125.0
97.0
97.0
98.0
98.0
85.0
7.0
6.0
6.0
97.0
98.0
98.0
97.0
97.0
85.0
7.0
7.0
7.0
7.0
179.0
179.0
180.0
179.0
180.0
179.0
179.0
179.0
168.0
8.0
178.0
178.0
146.0
97.0
98.0
98.0
98.0
97.0
7.0
7.0
178.0
178.0
147.0
98.0
97.0
97.0
97.0
97.0
7.0
7.0
178.0
178.0
98.0
96.0
97.0
97.0
85.0
6.0
6.0
7.0
179.0
179.0
146.0
98.0
97.0
98.0
86.0
7.0
7.0
7.0
98.0
98.0
98.0
97.0
98.0
98.0
86.0
7.0
7.0
7.0
177.0
97.0
97.0
97.0
97.0
97.0
85.0
7.0
6.0
7.0
97.0
97.0
98.0
98.0
97.0
85.0
86.0
7.0
7.0
7.0
98.0
97.0
97.0
97.0
97.0
123.0
112.0
7.0
6.0
7.0
125.0
126.0
125.0
125.0
125.0
113.0
34.0
34.0
7.0
7.0
180.0
181.0
180.0
180.0
179.0
179.0
180.0
179.0
167.0
8.0
178.0
179.0
145.0
98.0
98.0
98.0
97.0
97.0
7.0
7.0
179.0
178.0
146.0
97.0
98.0
97.0
98.0
97.0
7.0
7.0
178.0
178.0
98.0
97.0
97.0
97.0
85.0
7.0
7.0
7.0
178.0
178.0
145.0
97.0
97.0
98.0
85.0
7.0
7.0
7.0
97.0
97.0
98.0
97.0
97.0
97.0
85.0
6.0
7.0
7.0
180.0
98.0
99.0
98.0
98.0
98.0
86.0
6.0
7.0
7.0
98.0
98.0
98.0
97.0
97.0
86.0
85.0
7.0
7.0
6.0
97.0
97.0
98.0
98.0
97.0
97.0
85.0
7.0
6.0
7.0
98.0
97.0
98.0
97.0
97.0
85.0
7.0
7.0
7.0
6.0
207.0
208.0
207.0
206.0
208.0
207.0
207.0
207.0
195.0
8.0
207.0
179.0
145.0
98.0
97.0
98.0
98.0
98.0
7.0
7.0
179.0
178.0
145.0
97.0
97.0
97.0
97.0
97.0
6.0
7.0
179.0
179.0
98.0
97.0
98.0
97.0
85.0
7.0
7.0
6.0
178.0
178.0
146.0
97.0
97.0
97.0
85.0
7.0
7.0
7.0
98.0
97.0
98.0
98.0
98.0
98.0
85.0
7.0
7.0
7.0
178.0
97.0
98.0
98.0
97.0
97.0
85.0
7.0
7.0
7.0
97.0
97.0
97.0
98.0
98.0
86.0
88.0
7.0
7.0
7.0
98.0
99.0
98.0
97.0
98.0
97.0
86.0
7.0
7.0
7.0
97.0
98.0
97.0
98.0
98.0
86.0
6.0
6.0
7.0
7.0
179.0
179.0
179.0
295.0
293.0
295.0
295.0
294.0
281.0
8.0
292.0
294.0
260.0
211.0
99.0
98.0
98.0
97.0
7.0
7.0
180.0
178.0
145.0
99.0
98.0
98.0
98.0
98.0
7.0
7.0
179.0
178.0
98.0
98.0
98.0
98.0
86.0
7.0
7.0
7.0
179.0
179.0
146.0
98.0
98.0
98.0
87.0
7.0
7.0
6.0
98.0
98.0
98.0
99.0
98.0
97.0
86.0
7.0
6.0
6.0
179.0
98.0
97.0
97.0
98.0
98.0
86.0
6.0
7.0
6.0
97.0
98.0
97.0
98.0
97.0
85.0
85.0
7.0
7.0
6.0
97.0
98.0
98.0
97.0
98.0
97.0
85.0
7.0
7.0
6.0
98.0
98.0
97.0
98.0
98.0
85.0
7.0
7.0
6.0
7.0
180.0
180.0
181.0
179.0
180.0
179.0
180.0
179.0
168.0
8.0
178.0
206.0
175.0
98.0
98.0
98.0
97.0
97.0
7.0
7.0
208.0
207.0
173.0
126.0
126.0
126.0
126.0
126.0
7.0
6.0
178.0
178.0
98.0
98.0
97.0
97.0
85.0
7.0
7.0
7.0
178.0
178.0
145.0
97.0
97.0
98.0
85.0
7.0
6.0
6.0
96.0
97.0
98.0
97.0
97.0
98.0
85.0
7.0
6.0
6.0
179.0
98.0
97.0
97.0
97.0
97.0
86.0
7.0
7.0
7.0
98.0
97.0
97.0
97.0
98.0
85.0
85.0
7.0
7.0
7.0
98.0
97.0
97.0
96.0
97.0
97.0
85.0
7.0
6.0
7.0
98.0
97.0
97.0
97.0
98.0
86.0
6.0
6.0
7.0
7.0
180.0
180.0
180.0
180.0
181.0
179.0
179.0
180.0
167.0
8.0
179.0
178.0
145.0
97.0
98.0
97.0
97.0
97.0
6.0
6.0
205.0
206.0
145.0
98.0
97.0
97.0
98.0
97.0
7.0
7.0
206.0
207.0
126.0
126.0
125.0
125.0
114.0
7.0
7.0
34.0
179.0
179.0
147.0
97.0
97.0
97.0
85.0
7.0
7.0
7.0
98.0
98.0
98.0
97.0
97.0
98.0
85.0
7.0
6.0
7.0
179.0
98.0
97.0
98.0
97.0
98.0
85.0
7.0
7.0
7.0
97.0
98.0
97.0
98.0
97.0
86.0
85.0
7.0
7.0
6.0
97.0
98.0
98.0
97.0
97.0
97.0
85.0
7.0
7.0
7.0
97.0
97.0
98.0
98.0
97.0
85.0
7.0
7.0
7.0
7.0
179.0
180.0
179.0
179.0
179.0
179.0
179.0
180.0
168.0
9.0
178.0
180.0
146.0
98.0
100.0
98.0
99.0
98.0
7.0
7.0
178.0
179.0
146.0
98.0
97.0
98.0
97.0
97.0
7.0
7.0
178.0
178.0
97.0
97.0
97.0
97.0
85.0
7.0
7.0
7.0
206.0
207.0
174.0
126.0
126.0
127.0
114.0
7.0
7.0
7.0
127.0
126.0
127.0
97.0
98.0
98.0
85.0
6.0
6.0
7.0
179.0
98.0
97.0
97.0
97.0
97.0
85.0
7.0
7.0
6.0
97.0
97.0
99.0
97.0
97.0
86.0
85.0
7.0
7.0
7.0
98.0
97.0
98.0
98.0
97.0
97.0
85.0
7.0
7.0
7.0
98.0
98.0
98.0
98.0
98.0
85.0
7.0
7.0
7.0
7.0
180.0
179.0
179.0
179.0
179.0
179.0
179.0
179.0
167.0
8.0
178.0
178.0
145.0
98.0
97.0
98.0
98.0
97.0
7.0
6.0
179.0
178.0
145.0
98.0
97.0
98.0
98.0
99.0
6.0
6.0
178.0
179.0
98.0
98.0
97.0
97.0
85.0
7.0
7.0
7.0
309.0
311.0
276.0
228.0
229.0
228.0
216.0
7.0
7.0
7.0
228.0
229.0
228.0
98.0
97.0
97.0
86.0
7.0
7.0
7.0
178.0
97.0
97.0
97.0
98.0
97.0
85.0
7.0
7.0
7.0
97.0
97.0
97.0
97.0
98.0
86.0
85.0
7.0
7.0
6.0
97.0
98.0
98.0
98.0
98.0
97.0
85.0
7.0
7.0
7.0
98.0
98.0
97.0
97.0
97.0
85.0
7.0
7.0
7.0
6.0
180.0
179.0
179.0
180.0
179.0
179.0
180.0
179.0
168.0
8.0
178.0
178.0
145.0
98.0
97.0
98.0
98.0
97.0
7.0
7.0
178.0
178.0
145.0
97.0
97.0
97.0
97.0
97.0
7.0
7.0
178.0
179.0
97.0
97.0
97.0
97.0
84.0
6.0
7.0
7.0
179.0
179.0
146.0
98.0
98.0
97.0
86.0
6.0
6.0
7.0
97.0
97.0
97.0
97.0
98.0
97.0
85.0
7.0
7.0
7.0
207.0
126.0
126.0
126.0
126.0
126.0
114.0
7.0
34.0
34.0
99.0
99.0
99.0
97.0
97.0
85.0
85.0
7.0
7.0
7.0
97.0
97.0
97.0
97.0
97.0
97.0
85.0
7.0
7.0
7.0
97.0
97.0
97.0
98.0
98.0
86.0
7.0
7.0
7.0
6.0
179.0
180.0
179.0
179.0
179.0
180.0
179.0
179.0
167.0
8.0
178.0
178.0
145.0
98.0
97.0
97.0
97.0
97.0
7.0
7.0
178.0
178.0
145.0
98.0
97.0
97.0
97.0
97.0
7.0
7.0
178.0
178.0
97.0
97.0
98.0
97.0
85.0
7.0
7.0
6.0
178.0
179.0
146.0
97.0
97.0
97.0
85.0
7.0
7.0
7.0
98.0
97.0
99.0
97.0
98.0
98.0
86.0
7.0
7.0
7.0
178.0
97.0
98.0
97.0
97.0
97.0
85.0
7.0
7.0
7.0
98.0
97.0
97.0
98.0
124.0
86.0
112.0
7.0
7.0
7.0
125.0
125.0
125.0
126.0
125.0
125.0
113.0
34.0
7.0
7.0
98.0
98.0
97.0
98.0
97.0
85.0
7.0
6.0
7.0
6.0
179.0
179.0
180.0
179.0
179.0
179.0
180.0
179.0
169.0
8.0
178.0
185.0
149.0
97.0
97.0
97.0
98.0
97.0
7.0
7.0
193.0
201.0
155.0
104.0
106.0
111.0
107.0
105.0
9.0
8.0
182.0
181.0
99.0
100.0
98.0
99.0
87.0
7.0
7.0
7.0
183.0
181.0
148.0
99.0
101.0
99.0
87.0
7.0
7.0
7.0
99.0
98.0
98.0
99.0
99.0
98.0
87.0
7.0
7.0
6.0
183.0
100.0
99.0
99.0
98.0
99.0
88.0
7.0
7.0
7.0
99.0
101.0
101.0
102.0
102.0
87.0
89.0
8.0
7.0
7.0
98.0
98.0
98.0
100.0
101.0
101.0
87.0
7.0
7.0
7.0
128.0
128.0
128.0
128.0
127.0
115.0
7.0
7.0
7.0
7.0
214.0
208.0
213.0
211.0
180.0
179.0
180.0
187.0
175.0
8.0
186.0
178.0
150.0
101.0
99.0
97.0
98.0
97.0
7.0
7.0
180.0
181.0
147.0
97.0
98.0
97.0
97.0
97.0
7.0
7.0
178.0
178.0
97.0
98.0
98.0
97.0
85.0
7.0
7.0
7.0
179.0
179.0
146.0
97.0
97.0
97.0
85.0
7.0
7.0
7.0
98.0
98.0
97.0
98.0
97.0
97.0
85.0
7.0
7.0
7.0
178.0
97.0
97.0
97.0
97.0
97.0
85.0
7.0
7.0
7.0
97.0
98.0
98.0
97.0
97.0
85.0
85.0
6.0
7.0
7.0
246.0
245.0
246.0
248.0
246.0
246.0
234.0
7.0
7.0
7.0
248.0
245.0
245.0
98.0
97.0
85.0
7.0
7.0
7.0
6.0
180.0
180.0
180.0
180.0
180.0
179.0
180.0
180.0
168.0
8.0
179.0
179.0
145.0
97.0
97.0
97.0
97.0
97.0
7.0
7.0
178.0
178.0
145.0
97.0
98.0
98.0
97.0
97.0
7.0
7.0
179.0
178.0
97.0
97.0
97.0
97.0
85.0
7.0
7.0
7.0
178.0
179.0
145.0
97.0
97.0
97.0
85.0
7.0
7.0
7.0
98.0
97.0
98.0
97.0
97.0
97.0
86.0
7.0
7.0
7.0
178.0
97.0
97.0
97.0
97.0
97.0
85.0
7.0
7.0
7.0
97.0
97.0
98.0
98.0
98.0
86.0
85.0
6.0
7.0
7.0
98.0
97.0
97.0
97.0
97.0
97.0
85.0
7.0
7.0
6.0
97.0
97.0
98.0
97.0
97.0
85.0
7.0
7.0
7.0
6.0
209.0
209.0
209.0
209.0
209.0
210.0
208.0
208.0
198.0
37.0
179.0
179.0
145.0
97.0
97.0
97.0
98.0
97.0
7.0
7.0
178.0
178.0
145.0
98.0
97.0
97.0
98.0
97.0
7.0
7.0
178.0
178.0
97.0
97.0
97.0
97.0
85.0
7.0
7.0
7.0
178.0
178.0
145.0
97.0
97.0
97.0
85.0
7.0
7.0
7.0
98.0
97.0
98.0
97.0
97.0
97.0
85.0
7.0
7.0
7.0
178.0
97.0
97.0
98.0
97.0
98.0
85.0
7.0
7.0
7.0
97.0
97.0
97.0
98.0
97.0
85.0
85.0
6.0
6.0
6.0
98.0
98.0
97.0
97.0
97.0
97.0
85.0
7.0
7.0
7.0
98.0
98.0
98.0
97.0
97.0
86.0
7.0
6.0
7.0
7.0
180.0
180.0
179.0
179.0
207.0
207.0
207.0
207.0
196.0
8.0
207.0
207.0
173.0
126.0
126.0
99.0
99.0
98.0
7.0
7.0
178.0
179.0
145.0
97.0
97.0
98.0
98.0
97.0
7.0
7.0
178.0
179.0
98.0
97.0
97.0
97.0
85.0
7.0
7.0
7.0
179.0
177.0
145.0
97.0
98.0
98.0
85.0
7.0
7.0
7.0
97.0
98.0
97.0
98.0
97.0
98.0
85.0
7.0
7.0
6.0
178.0
97.0
97.0
97.0
97.0
98.0
85.0
7.0
7.0
6.0
97.0
97.0
98.0
97.0
97.0
86.0
85.0
7.0
7.0
6.0
97.0
96.0
97.0
97.0
97.0
97.0
85.0
7.0
7.0
7.0
97.0
97.0
98.0
91.0
90.0
79.0
7.0
7.0
7.0
7.0
