6.0
4.0
4.0
3.0
3.0
4.0
3.0
3.0
3.0
3.0
94.0
93.0
90.0
90.0
154.0
272.0
193.0
191.0
255.0
352.0
194.0
193.0
190.0
190.0
346.0
646.0
680.0
625.0
679.0
677.0
1652.0
1650.0
1649.0
1756.0
1686.0
1640.0
1684.0
1715.0
1673.0
1720.0
1673.0
1672.0
1672.0
1594.0
1598.0
1598.0
1626.0
1621.0
1645.0
1626.0
1627.0
1627.0
1626.0
1622.0
1621.0
1625.0
1597.0
1594.0
1597.0
1596.0
1598.0
1599.0
1601.0
1595.0
1597.0
1624.0
1626.0
1623.0
1622.0
1625.0
1625.0
1626.0
1631.0
1625.0
1623.0
1600.0
1671.0
1670.0
1669.0
1672.0
1688.0
1676.0
1675.0
1670.0
1671.0
1681.0
1602.0
1594.0
1595.0
1598.0
1599.0
1601.0
1594.0
1593.0
1595.0
1625.0
1623.0
1622.0
1619.0
1625.0
1639.0
1639.0
1652.0
1641.0
1651.0
1636.0
1615.0
1624.0
1609.0
1634.0
89.0
86.0
85.0
83.0
84.0
185.0
184.0
181.0
181.0
181.0
186.0
184.0
182.0
180.0
182.0
661.0
666.0
663.0
656.0
657.0
1635.0
1625.0
1631.0
1622.0
1629.0
1672.0
1674.0
1668.0
1668.0
1666.0
1669.0
1666.0
1670.0
1668.0
1667.0
1597.0
1608.0
1597.0
1596.0
1596.0
1595.0
1595.0
1627.0
1593.0
1618.0
1626.0
1630.0
1624.0
1619.0
1623.0
1626.0
1623.0
1624.0
1621.0
1593.0
1626.0
1622.0
1629.0
1620.0
1620.0
1626.0
1623.0
1624.0
1625.0
1621.0
1605.0
1598.0
1608.0
1594.0
1591.0
1652.0
1646.0
1645.0
1647.0
1644.0
1683.0
1674.0
1670.0
1674.0
1677.0
1625.0
1626.0
1622.0
1624.0
1622.0
1601.0
1623.0
1622.0
1622.0
1629.0
1601.0
1595.0
1620.0
1621.0
1618.0
1584.0
1541.0
1555.0
1552.0
1542.0
158.0
93.0
152.0
90.0
90.0
193.0
193.0
191.0
315.0
329.0
193.0
193.0
189.0
252.0
328.0
574.0
657.0
653.0
649.0
650.0
1625.0
1617.0
1665.0
1558.0
1646.0
1623.0
1626.0
1623.0
1623.0
1619.0
1631.0
1624.0
1620.0
1624.0
1601.0
1600.0
1626.0
1625.0
1624.0
1624.0
1631.0
1628.0
1623.0
1623.0
1623.0
1708.0
1682.0
1679.0
1679.0
1684.0
1686.0
1682.0
1679.0
1681.0
1677.0
1596.0
1601.0
1597.0
1597.0
1597.0
1605.0
1598.0
1595.0
1594.0
1596.0
1627.0
1634.0
1625.0
1621.0
1626.0
1638.0
1637.0
1633.0
1636.0
1631.0
1633.0
1640.0
1604.0
1619.0
1602.0
1600.0
1600.0
1639.0
1639.0
1625.0
1627.0
1626.0
1627.0
1624.0
1621.0
1678.0
1680.0
1650.0
1651.0
1648.0
1678.0
1681.0
1677.0
1680.0
1684.0
88.0
85.0
84.0
83.0
111.0
213.0
209.0
209.0
207.0
179.0
185.0
182.0
181.0
180.0
180.0
631.0
628.0
627.0
627.0
626.0
1600.0
1596.0
1598.0
1595.0
1594.0
1629.0
1629.0
1623.0
1625.0
1623.0
1628.0
1627.0
1625.0
1623.0
1623.0
1627.0
1624.0
1624.0
1624.0
1623.0
1626.0
1624.0
1621.0
1622.0
1623.0
1680.0
1679.0
1674.0
1676.0
1678.0
1681.0
1683.0
1678.0
1677.0
1675.0
1599.0
1595.0
1596.0
1595.0
1597.0
1606.0
1613.0
1598.0
1619.0
1594.0
1624.0
1623.0
1622.0
1623.0
1621.0
1625.0
1623.0
1621.0
1621.0
1620.0
1597.0
1597.0
1595.0
1593.0
1592.0
1613.0
1610.0
1623.0
1612.0
1609.0
1641.0
1646.0
1636.0
1633.0
1649.0
1684.0
1688.0
1686.0
1681.0
1684.0
1678.0
1677.0
1678.0
1676.0
1677.0
89.0
88.0
85.0
85.0
86.0
186.0
185.0
182.0
182.0
181.0
213.0
213.0
210.0
210.0
209.0
633.0
631.0
629.0
629.0
629.0
1600.0
1599.0
1598.0
1597.0
1596.0
1629.0
1629.0
1626.0
1627.0
1630.0
1631.0
1631.0
1628.0
1627.0
1628.0
1601.0
1601.0
1596.0
1598.0
1600.0
1600.0
1600.0
1597.0
1643.0
1600.0
1630.0
1637.0
1627.0
1627.0
1632.0
1683.0
1684.0
1679.0
1680.0
1682.0
1681.0
1684.0
1678.0
1679.0
1678.0
1629.0
1629.0
1627.0
1627.0
1627.0
1601.0
1627.0
1626.0
1628.0
1627.0
1630.0
1630.0
1624.0
1626.0
1629.0
1608.0
1603.0
1597.0
1598.0
1601.0
1601.0
1602.0
1598.0
1600.0
1599.0
1629.0
1631.0
1627.0
1625.0
1628.0
1699.0
1696.0
1683.0
1671.0
1688.0
1693.0
1695.0
1692.0
1688.0
1682.0
89.0
85.0
84.0
83.0
83.0
185.0
181.0
180.0
179.0
180.0
185.0
182.0
182.0
180.0
179.0
663.0
660.0
657.0
656.0
655.0
1604.0
1596.0
1596.0
1606.0
1597.0
1645.0
1626.0
1626.0
1664.0
1625.0
1631.0
1626.0
1632.0
1625.0
1626.0
1599.0
1600.0
1596.0
1604.0
1594.0
1601.0
1598.0
1596.0
1597.0
1597.0
1635.0
1627.0
1633.0
1623.0
1634.0
1688.0
1686.0
1687.0
1682.0
1685.0
1690.0
1687.0
1685.0
1684.0
1687.0
1629.0
1627.0
1626.0
1627.0
1629.0
1601.0
1600.0
1598.0
1611.0
1603.0
1604.0
1597.0
1597.0
1602.0
1595.0
1631.0
1626.0
1626.0
1625.0
1630.0
1630.0
1628.0
1625.0
1628.0
1625.0
1601.0
1602.0
1597.0
1628.0
1635.0
1682.0
1680.0
1677.0
1679.0
1685.0
1685.0
1680.0
1677.0
1650.0
1657.0
89.0
88.0
85.0
86.0
86.0
184.0
185.0
182.0
181.0
181.0
185.0
184.0
181.0
182.0
181.0
712.0
672.0
753.0
691.0
679.0
1656.0
1636.0
1682.0
1688.0
1644.0
1601.0
1604.0
1600.0
1713.0
1629.0
1600.0
1600.0
1628.0
1633.0
1624.0
1630.0
1629.0
1625.0
1600.0
1601.0
1632.0
1628.0
1601.0
1606.0
1596.0
1647.0
1635.0
1643.0
1624.0
1623.0
1677.0
1680.0
1672.0
1674.0
1681.0
1677.0
1686.0
1670.0
1676.0
1673.0
1628.0
1629.0
1626.0
1626.0
1632.0
1603.0
1602.0
1599.0
1598.0
1600.0
1599.0
1597.0
1598.0
1596.0
1603.0
1627.0
1626.0
1625.0
1623.0
1625.0
1625.0
1624.0
1623.0
1622.0
1630.0
1597.0
1598.0
1596.0
1594.0
1599.0
1680.0
1679.0
1674.0
1678.0
1679.0
1679.0
1681.0
1679.0
1678.0
1676.0
88.0
85.0
84.0
84.0
73.0
185.0
182.0
181.0
179.0
169.0
185.0
182.0
181.0
179.0
169.0
658.0
657.0
654.0
654.0
644.0
1634.0
1630.0
1630.0
1625.0
1613.0
1648.0
1610.0
1604.0
1603.0
1602.0
1609.0
1604.0
1602.0
1593.0
1585.0
1627.0
1623.0
1627.0
1623.0
1611.0
1624.0
1622.0
1623.0
1623.0
1609.0
1599.0
1598.0
1599.0
1593.0
1581.0
1671.0
1668.0
1669.0
1665.0
1655.0
1673.0
1669.0
1670.0
1664.0
1659.0
1596.0
1599.0
1602.0
1593.0
1582.0
1625.0
1623.0
1622.0
1621.0
1607.0
1626.0
1623.0
1623.0
1626.0
1611.0
1600.0
1597.0
1594.0
1596.0
1586.0
1628.0
1624.0
1661.0
1624.0
1619.0
1628.0
1621.0
1623.0
1621.0
1609.0
1598.0
1598.0
1601.0
1601.0
1583.0
1675.0
1673.0
1669.0
1674.0
1675.0
89.0
87.0
85.0
85.0
85.0
262.0
261.0
259.0
259.0
259.0
185.0
183.0
181.0
182.0
181.0
633.0
630.0
630.0
630.0
629.0
1600.0
1597.0
1597.0
1595.0
1596.0
1625.0
1624.0
1622.0
1629.0
1622.0
1643.0
1639.0
1641.0
1634.0
1635.0
1650.0
1649.0
1652.0
1654.0
1663.0
1638.0
1641.0
1638.0
1638.0
1637.0
1599.0
1599.0
1601.0
1604.0
1613.0
1598.0
1594.0
1594.0
1594.0
1594.0
1679.0
1678.0
1672.0
1680.0
1678.0
1676.0
1677.0
1673.0
1672.0
1672.0
1628.0
1624.0
1623.0
1627.0
1621.0
1628.0
1622.0
1622.0
1624.0
1624.0
1600.0
1595.0
1594.0
1602.0
1601.0
1600.0
1596.0
1595.0
1595.0
1597.0
1649.0
1631.0
1624.0
1638.0
1629.0
1628.0
1623.0
1623.0
1624.0
1624.0
1676.0
1669.0
1669.0
1675.0
1669.0
87.0
86.0
83.0
81.0
71.0
183.0
182.0
180.0
178.0
166.0
256.0
255.0
253.0
249.0
239.0
630.0
631.0
626.0
624.0
613.0
1596.0
1600.0
1592.0
1594.0
1585.0
1626.0
1623.0
1622.0
1620.0
1608.0
1626.0
1624.0
1622.0
1623.0
1607.0
1594.0
1596.0
1592.0
1594.0
1581.0
1616.0
1606.0
1612.0
1604.0
1607.0
1642.0
1635.0
1641.0
1625.0
1631.0
1626.0
1627.0
1620.0
1624.0
1619.0
1672.0
1671.0
1672.0
1671.0
1656.0
1671.0
1673.0
1668.0
1665.0
1662.0
1597.0
1597.0
1592.0
1593.0
1583.0
1597.0
1593.0
1592.0
1597.0
1586.0
1627.0
1621.0
1619.0
1618.0
1608.0
1629.0
1623.0
1618.0
1618.0
1620.0
1598.0
1594.0
1594.0
1592.0
1582.0
1625.0
1625.0
1622.0
1625.0
1609.0
1624.0
1624.0
1623.0
1617.0
1608.0
89.0
85.0
84.0
84.0
84.0
185.0
181.0
180.0
180.0
181.0
185.0
181.0
180.0
180.0
181.0
709.0
707.0
704.0
705.0
705.0
1701.0
1676.0
1679.0
1672.0
1670.0
1628.0
1622.0
1622.0
1626.0
1619.0
1601.0
1600.0
1598.0
1601.0
1596.0
1598.0
1597.0
1592.0
1595.0
1596.0
1630.0
1626.0
1621.0
1626.0
1621.0
1629.0
1625.0
1625.0
1638.0
1621.0
1678.0
1643.0
1644.0
1669.0
1642.0
1704.0
1691.0
1691.0
1698.0
1699.0
1645.0
1644.0
1641.0
1653.0
1651.0
1601.0
1598.0
1597.0
1595.0
1595.0
1625.0
1619.0
1620.0
1623.0
1621.0
1626.0
1623.0
1623.0
1623.0
1622.0
1628.0
1645.0
1620.0
1623.0
1623.0
1598.0
1594.0
1594.0
1593.0
1608.0
1600.0
1596.0
1594.0
1594.0
1593.0
1627.0
1626.0
1625.0
1622.0
1620.0
85.0
83.0
68.0
68.0
67.0
182.0
180.0
164.0
164.0
163.0
209.0
208.0
192.0
191.0
191.0
703.0
701.0
686.0
684.0
687.0
1668.0
1671.0
1656.0
1651.0
1653.0
1595.0
1595.0
1578.0
1578.0
1580.0
1595.0
1602.0
1578.0
1581.0
1578.0
1623.0
1621.0
1608.0
1604.0
1605.0
1621.0
1621.0
1605.0
1607.0
1604.0
1595.0
1594.0
1576.0
1585.0
1579.0
1595.0
1595.0
1578.0
1579.0
1625.0
1624.0
1627.0
1607.0
1608.0
1606.0
1682.0
1663.0
1665.0
1664.0
1649.0
1671.0
1662.0
1653.0
1663.0
1670.0
1622.0
1621.0
1606.0
1604.0
1605.0
1594.0
1593.0
1578.0
1578.0
1582.0
1596.0
1595.0
1577.0
1578.0
1578.0
1621.0
1622.0
1606.0
1604.0
1603.0
1625.0
1621.0
1616.0
1605.0
1606.0
1595.0
1597.0
1578.0
1579.0
1577.0
87.0
81.0
77.0
77.0
77.0
183.0
177.0
173.0
173.0
173.0
184.0
178.0
174.0
174.0
173.0
660.0
652.0
648.0
650.0
647.0
1669.0
1665.0
1666.0
1658.0
1664.0
1674.0
1666.0
1660.0
1660.0
1662.0
1627.0
1620.0
1616.0
1616.0
1613.0
1599.0
1592.0
1588.0
1597.0
1588.0
1599.0
1591.0
1587.0
1587.0
1586.0
1629.0
1618.0
1614.0
1614.0
1617.0
1625.0
1619.0
1616.0
1616.0
1617.0
1626.0
1620.0
1613.0
1614.0
1615.0
1671.0
1666.0
1664.0
1661.0
1667.0
1641.0
1639.0
1633.0
1633.0
1633.0
1614.0
1617.0
1608.0
1619.0
1649.0
1650.0
1635.0
1639.0
1640.0
1672.0
1624.0
1618.0
1616.0
1613.0
1618.0
1625.0
1618.0
1617.0
1612.0
1616.0
1631.0
1619.0
1619.0
1616.0
1622.0
1602.0
1600.0
1588.0
1593.0
1589.0
81.0
77.0
53.0
49.0
21.0
178.0
174.0
148.0
146.0
81.0
178.0
174.0
148.0
146.0
80.0
624.0
621.0
596.0
594.0
528.0
1666.0
1661.0
1640.0
1634.0
1573.0
1669.0
1661.0
1636.0
1636.0
1578.0
1615.0
1619.0
1591.0
1586.0
1496.0
1620.0
1619.0
1592.0
1590.0
1527.0
1618.0
1587.0
1564.0
1565.0
1496.0
1589.0
1587.0
1560.0
1561.0
1494.0
1620.0
1615.0
1591.0
1586.0
1524.0
1621.0
1613.0
1589.0
1586.0
1521.0
1592.0
1587.0
1560.0
1562.0
1493.0
1663.0
1667.0
1636.0
1635.0
1567.0
1666.0
1661.0
1636.0
1633.0
1569.0
1592.0
1589.0
1564.0
1562.0
1496.0
1585.0
1585.0
1563.0
1562.0
1494.0
1614.0
1602.0
1586.0
1568.0
1507.0
1591.0
1588.0
1565.0
1560.0
1494.0
1577.0
1576.0
1551.0
1547.0
1481.0
72.0
66.0
36.0
36.0
36.0
169.0
161.0
97.0
96.0
96.0
169.0
162.0
97.0
96.0
97.0
628.0
622.0
557.0
558.0
557.0
1591.0
1606.0
1530.0
1517.0
1521.0
1579.0
1579.0
1509.0
1530.0
1525.0
1627.0
1633.0
1564.0
1575.0
1574.0
1655.0
1652.0
1585.0
1589.0
1599.0
1610.0
1605.0
1539.0
1540.0
1550.0
1614.0
1615.0
1519.0
1514.0
1552.0
1612.0
1639.0
1532.0
1516.0
1513.0
1615.0
1612.0
1540.0
1514.0
1540.0
1621.0
1627.0
1544.0
1520.0
1542.0
1614.0
1629.0
1546.0
1550.0
1552.0
1663.0
1659.0
1599.0
1596.0
1595.0
1638.0
1640.0
1575.0
1564.0
1575.0
1596.0
1586.0
1545.0
1553.0
1515.0
1641.0
1611.0
1550.0
1568.0
1550.0
1623.0
1611.0
1554.0
1556.0
1544.0
1594.0
1587.0
1532.0
1529.0
1544.0
66.0
37.0
21.0
3.0
2.0
163.0
97.0
82.0
2.0
3.0
164.0
98.0
82.0
2.0
2.0
641.0
579.0
560.0
2.0
2.0
1618.0
1552.0
1530.0
547.0
557.0
1608.0
1556.0
1506.0
518.0
518.0
1581.0
1516.0
1530.0
548.0
520.0
1577.0
1516.0
1499.0
520.0
518.0
1682.0
1614.0
1601.0
545.0
552.0
1682.0
1587.0
1576.0
516.0
622.0
1684.0
1619.0
1601.0
518.0
517.0
1576.0
1513.0
1500.0
545.0
547.0
1611.0
1542.0
1496.0
517.0
520.0
1579.0
1513.0
1523.0
544.0
548.0
1607.0
1541.0
1498.0
517.0
523.0
1577.0
1512.0
1528.0
546.0
545.0
1605.0
1513.0
1497.0
517.0
517.0
1575.0
1540.0
1524.0
544.0
544.0
1606.0
1509.0
1499.0
518.0
518.0
1606.0
1542.0
1526.0
545.0
544.0
38.0
37.0
37.0
36.0
27.0
98.0
97.0
97.0
96.0
88.0
98.0
97.0
97.0
97.0
87.0
573.0
576.0
572.0
574.0
87.0
1593.0
1594.0
1592.0
1564.0
602.0
1564.0
1564.0
1564.0
1563.0
697.0
1594.0
1514.0
1512.0
1511.0
630.0
1545.0
1541.0
1540.0
1542.0
638.0
1510.0
1513.0
1511.0
1539.0
635.0
1539.0
1524.0
1525.0
1518.0
602.0
1524.0
1560.0
1563.0
1563.0
629.0
1528.0
1526.0
1535.0
1548.0
637.0
1545.0
1547.0
1511.0
1511.0
602.0
1515.0
1545.0
1543.0
1538.0
630.0
1512.0
1512.0
1510.0
1586.0
630.0
1591.0
1587.0
1563.0
1560.0
602.0
1559.0
1587.0
1588.0
1593.0
679.0
1514.0
1512.0
1512.0
1556.0
630.0
1542.0
1539.0
1516.0
1510.0
605.0
1512.0
1544.0
1541.0
1542.0
631.0
65.0
37.0
3.0
2.0
3.0
97.0
96.0
3.0
2.0
3.0
97.0
96.0
3.0
2.0
2.0
544.0
543.0
3.0
2.0
2.0
1513.0
1512.0
545.0
545.0
544.0
1540.0
1538.0
518.0
519.0
517.0
1511.0
1511.0
517.0
545.0
543.0
1538.0
1537.0
549.0
546.0
517.0
1513.0
1511.0
516.0
518.0
516.0
1540.0
1537.0
544.0
545.0
547.0
1539.0
1510.0
517.0
517.0
517.0
1512.0
1617.0
548.0
546.0
545.0
1637.0
1587.0
517.0
518.0
517.0
1593.0
1591.0
622.0
623.0
622.0
1617.0
1616.0
519.0
516.0
516.0
1511.0
1509.0
517.0
543.0
543.0
1539.0
1540.0
545.0
543.0
518.0
1512.0
1512.0
516.0
517.0
518.0
1539.0
1538.0
545.0
546.0
546.0
1542.0
1512.0
518.0
516.0
516.0
26.0
25.0
25.0
25.0
22.0
86.0
86.0
85.0
84.0
82.0
85.0
85.0
85.0
84.0
82.0
86.0
85.0
84.0
84.0
82.0
627.0
627.0
628.0
626.0
622.0
627.0
604.0
600.0
627.0
622.0
626.0
627.0
632.0
625.0
622.0
627.0
629.0
630.0
602.0
599.0
601.0
602.0
602.0
598.0
599.0
605.0
600.0
624.0
627.0
625.0
628.0
629.0
627.0
628.0
628.0
629.0
629.0
598.0
599.0
596.0
600.0
600.0
599.0
600.0
596.0
628.0
628.0
630.0
628.0
625.0
627.0
629.0
626.0
628.0
623.0
601.0
601.0
599.0
627.0
621.0
628.0
631.0
628.0
629.0
623.0
628.0
627.0
702.0
672.0
672.0
674.0
673.0
673.0
675.0
669.0
673.0
674.0
599.0
600.0
597.0
26.0
24.0
2.0
2.0
2.0
86.0
85.0
3.0
3.0
2.0
85.0
85.0
3.0
3.0
2.0
85.0
84.0
3.0
2.0
3.0
627.0
627.0
544.0
546.0
545.0
628.0
627.0
545.0
548.0
546.0
599.0
599.0
518.0
517.0
517.0
600.0
599.0
517.0
518.0
517.0
626.0
625.0
546.0
544.0
544.0
626.0
626.0
546.0
544.0
544.0
601.0
598.0
517.0
518.0
519.0
600.0
599.0
518.0
544.0
543.0
629.0
630.0
545.0
545.0
545.0
629.0
628.0
547.0
518.0
518.0
600.0
602.0
517.0
517.0
517.0
626.0
628.0
544.0
544.0
545.0
626.0
627.0
546.0
544.0
544.0
600.0
598.0
517.0
518.0
517.0
599.0
599.0
518.0
518.0
517.0
626.0
627.0
544.0
544.0
545.0
4.0
4.0
3.0
3.0
3.0
4.0
3.0
3.0
3.0
3.0
4.0
4.0
3.0
3.0
3.0
4.0
3.0
3.0
3.0
3.0
546.0
544.0
545.0
546.0
544.0
519.0
517.0
521.0
518.0
518.0
518.0
524.0
517.0
518.0
544.0
545.0
544.0
545.0
545.0
546.0
547.0
546.0
545.0
546.0
518.0
518.0
519.0
517.0
518.0
518.0
518.0
519.0
518.0
545.0
544.0
545.0
548.0
546.0
546.0
547.0
550.0
547.0
547.0
517.0
516.0
519.0
518.0
517.0
516.0
518.0
594.0
593.0
592.0
595.0
593.0
592.0
595.0
592.0
595.0
592.0
518.0
519.0
517.0
517.0
517.0
520.0
517.0
544.0
544.0
546.0
546.0
545.0
546.0
547.0
545.0
547.0
546.0
518.0
518.0
518.0
4.0
3.0
2.0
3.0
2.0
4.0
3.0
3.0
2.0
2.0
3.0
3.0
3.0
3.0
2.0
4.0
3.0
3.0
3.0
2.0
518.0
517.0
518.0
517.0
516.0
546.0
542.0
546.0
547.0
547.0
550.0
547.0
546.0
547.0
547.0
520.0
522.0
518.0
520.0
522.0
517.0
516.0
517.0
519.0
517.0
545.0
543.0
545.0
546.0
544.0
555.0
551.0
557.0
559.0
553.0
528.0
533.0
532.0
532.0
543.0
528.0
529.0
527.0
538.0
526.0
560.0
560.0
556.0
557.0
551.0
547.0
547.0
545.0
547.0
544.0
518.0
517.0
519.0
518.0
517.0
517.0
518.0
518.0
517.0
517.0
545.0
544.0
544.0
546.0
545.0
545.0
544.0
543.0
543.0
544.0
516.0
516.0
512.0
512.0
489.0
