0.0
0.0
1.0
1.0
1.0
1.0
1.0
1.0
1.0
1.0
10.0
19.0
171.0
171.0
171.0
171.0
171.0
171.0
171.0
171.0
171.0
171.0
164.0
164.0
164.0
164.0
164.0
164.0
165.0
165.0
9.0
18.0
165.0
164.0
164.0
164.0
164.0
165.0
165.0
164.0
164.0
164.0
164.0
164.0
164.0
165.0
165.0
164.0
164.0
164.0
9.0
19.0
164.0
164.0
164.0
165.0
165.0
164.0
164.0
164.0
164.0
164.0
164.0
164.0
165.0
163.0
170.0
170.0
170.0
170.0
9.0
18.0
170.0
169.0
170.0
170.0
170.0
170.0
164.0
164.0
164.0
164.0
164.0
164.0
164.0
164.0
164.0
163.0
163.0
164.0
9.0
18.0
163.0
164.0
164.0
163.0
163.0
164.0
163.0
164.0
164.0
163.0
164.0
163.0
164.0
164.0
164.0
163.0
164.0
164.0
9.0
19.0
164.0
165.0
164.0
164.0
164.0
164.0
165.0
164.0
164.0
164.0
170.0
170.0
170.0
170.0
170.0
170.0
170.0
170.0
9.0
18.0
169.0
170.0
164.0
164.0
164.0
164.0
164.0
164.0
164.0
164.0
163.0
163.0
164.0
163.0
163.0
164.0
164.0
163.0
9.0
18.0
164.0
164.0
164.0
164.0
163.0
164.0
163.0
163.0
163.0
164.0
164.0
163.0
164.0
164.0
164.0
164.0
164.0
164.0
8.0
18.0
164.0
164.0
164.0
164.0
163.0
164.0
170.0
169.0
170.0
170.0
169.0
170.0
170.0
170.0
170.0
170.0
163.0
164.0
9.0
18.0
163.0
164.0
164.0
163.0
163.0
163.0
164.0
163.0
164.0
164.0
163.0
162.0
162.0
162.0
161.0
161.0
160.0
159.0
11.0
26.0
183.0
182.0
182.0
182.0
182.0
184.0
183.0
181.0
181.0
177.0
165.0
166.0
165.0
165.0
165.0
167.0
165.0
166.0
10.0
20.0
165.0
165.0
165.0
164.0
164.0
165.0
165.0
165.0
164.0
165.0
165.0
164.0
165.0
166.0
165.0
165.0
166.0
165.0
10.0
18.0
166.0
166.0
166.0
166.0
165.0
165.0
165.0
166.0
165.0
165.0
169.0
169.0
170.0
170.0
170.0
169.0
170.0
170.0
15.0
24.0
164.0
165.0
164.0
164.0
164.0
164.0
164.0
164.0
164.0
165.0
165.0
164.0
165.0
164.0
164.0
164.0
164.0
164.0
10.0
18.0
164.0
164.0
164.0
164.0
164.0
165.0
164.0
165.0
165.0
164.0
164.0
164.0
164.0
165.0
165.0
165.0
164.0
164.0
9.0
19.0
170.0
170.0
170.0
170.0
170.0
169.0
169.0
170.0
170.0
169.0
164.0
164.0
164.0
164.0
164.0
164.0
165.0
164.0
9.0
19.0
165.0
164.0
164.0
164.0
164.0
165.0
164.0
164.0
164.0
165.0
164.0
165.0
165.0
165.0
164.0
164.0
164.0
165.0
10.0
18.0
164.0
164.0
164.0
164.0
164.0
164.0
165.0
164.0
165.0
164.0
164.0
164.0
165.0
165.0
169.0
169.0
169.0
170.0
6.0
16.0
167.0
167.0
166.0
167.0
167.0
167.0
161.0
161.0
162.0
161.0
161.0
161.0
161.0
161.0
161.0
162.0
161.0
161.0
0.0
1.0
83.0
82.0
83.0
83.0
83.0
83.0
83.0
83.0
83.0
83.0
83.0
83.0
83.0
83.0
83.0
83.0
82.0
83.0
9.0
19.0
165.0
164.0
164.0
164.0
164.0
164.0
164.0
164.0
164.0
164.0
164.0
164.0
164.0
164.0
164.0
164.0
164.0
165.0
9.0
19.0
164.0
164.0
164.0
164.0
165.0
164.0
164.0
164.0
169.0
169.0
170.0
169.0
170.0
170.0
169.0
169.0
171.0
170.0
10.0
19.0
165.0
164.0
164.0
164.0
165.0
165.0
165.0
165.0
164.0
165.0
165.0
165.0
165.0
165.0
164.0
164.0
165.0
164.0
10.0
18.0
164.0
165.0
165.0
164.0
164.0
164.0
164.0
164.0
164.0
164.0
164.0
165.0
164.0
164.0
164.0
164.0
165.0
164.0
9.0
18.0
165.0
165.0
165.0
169.0
169.0
170.0
170.0
170.0
169.0
170.0
170.0
169.0
170.0
165.0
164.0
164.0
164.0
164.0
10.0
19.0
165.0
164.0
164.0
165.0
164.0
165.0
165.0
164.0
165.0
164.0
164.0
165.0
164.0
164.0
165.0
165.0
164.0
165.0
9.0
19.0
166.0
164.0
164.0
165.0
165.0
165.0
164.0
165.0
165.0
164.0
165.0
164.0
165.0
164.0
164.0
164.0
164.0
164.0
9.0
19.0
164.0
170.0
170.0
170.0
170.0
170.0
170.0
170.0
170.0
170.0
170.0
165.0
165.0
164.0
164.0
164.0
164.0
164.0
7.0
16.0
161.0
161.0
161.0
161.0
161.0
162.0
161.0
161.0
161.0
161.0
161.0
162.0
161.0
162.0
161.0
161.0
161.0
161.0
1.0
0.0
83.0
83.0
83.0
83.0
83.0
82.0
82.0
82.0
83.0
83.0
83.0
82.0
82.0
82.0
82.0
83.0
83.0
83.0
9.0
18.0
165.0
164.0
165.0
164.0
165.0
165.0
165.0
164.0
171.0
170.0
170.0
170.0
170.0
170.0
170.0
171.0
170.0
170.0
9.0
19.0
164.0
164.0
164.0
164.0
164.0
164.0
164.0
164.0
164.0
164.0
164.0
164.0
164.0
165.0
164.0
164.0
164.0
165.0
9.0
19.0
165.0
165.0
164.0
164.0
164.0
164.0
164.0
164.0
165.0
164.0
164.0
164.0
164.0
164.0
165.0
165.0
165.0
164.0
9.0
18.0
165.0
165.0
165.0
165.0
165.0
171.0
171.0
171.0
171.0
171.0
172.0
172.0
171.0
171.0
172.0
166.0
164.0
164.0
10.0
18.0
164.0
165.0
165.0
164.0
164.0
165.0
164.0
164.0
164.0
164.0
164.0
164.0
164.0
164.0
164.0
164.0
164.0
164.0
9.0
18.0
163.0
164.0
164.0
164.0
164.0
164.0
164.0
163.0
164.0
164.0
164.0
163.0
164.0
163.0
165.0
163.0
163.0
164.0
9.0
18.0
164.0
164.0
170.0
170.0
169.0
170.0
170.0
170.0
170.0
170.0
169.0
169.0
164.0
164.0
163.0
164.0
164.0
163.0
6.0
16.0
161.0
161.0
161.0
161.0
161.0
161.0
161.0
161.0
162.0
161.0
161.0
161.0
161.0
161.0
161.0
161.0
161.0
161.0
0.0
1.0
146.0
147.0
146.0
146.0
146.0
147.0
146.0
146.0
146.0
146.0
146.0
146.0
147.0
146.0
147.0
146.0
147.0
147.0
1.0
1.0
82.0
83.0
83.0
83.0
82.0
83.0
82.0
83.0
83.0
83.0
82.0
89.0
89.0
89.0
89.0
89.0
89.0
89.0
15.0
24.0
170.0
163.0
164.0
165.0
164.0
164.0
164.0
164.0
163.0
163.0
163.0
164.0
164.0
163.0
164.0
164.0
164.0
163.0
9.0
18.0
164.0
164.0
163.0
164.0
163.0
164.0
163.0
163.0
163.0
164.0
164.0
164.0
164.0
163.0
164.0
164.0
163.0
164.0
9.0
18.0
164.0
163.0
163.0
164.0
163.0
164.0
164.0
164.0
164.0
170.0
170.0
170.0
170.0
170.0
171.0
170.0
170.0
170.0
15.0
18.0
164.0
164.0
164.0
164.0
164.0
164.0
163.0
164.0
164.0
164.0
164.0
164.0
164.0
164.0
164.0
165.0
165.0
165.0
9.0
18.0
164.0
164.0
164.0
163.0
163.0
164.0
164.0
163.0
163.0
163.0
164.0
163.0
164.0
163.0
164.0
163.0
163.0
164.0
8.0
17.0
163.0
163.0
163.0
163.0
162.0
163.0
162.0
163.0
163.0
169.0
169.0
170.0
168.0
169.0
169.0
169.0
169.0
169.0
7.0
22.0
161.0
161.0
161.0
161.0
162.0
161.0
162.0
161.0
162.0
161.0
161.0
161.0
161.0
162.0
161.0
161.0
161.0
161.0
0.0
1.0
146.0
147.0
146.0
147.0
146.0
146.0
146.0
147.0
146.0
146.0
146.0
146.0
146.0
146.0
146.0
147.0
147.0
146.0
1.0
0.0
83.0
83.0
82.0
83.0
83.0
82.0
82.0
82.0
83.0
82.0
82.0
83.0
83.0
82.0
82.0
83.0
83.0
82.0
1.0
0.0
83.0
83.0
82.0
83.0
82.0
83.0
83.0
82.0
89.0
90.0
89.0
89.0
90.0
89.0
89.0
90.0
89.0
90.0
9.0
17.0
163.0
164.0
163.0
163.0
163.0
163.0
163.0
164.0
164.0
164.0
164.0
164.0
164.0
164.0
164.0
163.0
164.0
163.0
9.0
18.0
163.0
164.0
164.0
163.0
164.0
164.0
164.0
164.0
164.0
164.0
164.0
164.0
164.0
164.0
163.0
164.0
164.0
164.0
9.0
18.0
164.0
164.0
163.0
164.0
163.0
164.0
164.0
170.0
171.0
170.0
171.0
170.0
170.0
171.0
171.0
171.0
171.0
164.0
9.0
18.0
163.0
163.0
164.0
164.0
164.0
164.0
163.0
163.0
164.0
163.0
164.0
164.0
163.0
164.0
164.0
164.0
164.0
164.0
9.0
18.0
164.0
163.0
164.0
164.0
164.0
163.0
163.0
164.0
163.0
163.0
164.0
165.0
164.0
164.0
164.0
165.0
164.0
165.0
7.0
16.0
161.0
162.0
162.0
161.0
161.0
161.0
161.0
161.0
168.0
168.0
167.0
168.0
168.0
168.0
169.0
168.0
167.0
168.0
6.0
16.0
162.0
161.0
161.0
162.0
161.0
161.0
161.0
162.0
161.0
161.0
161.0
161.0
161.0
162.0
161.0
161.0
161.0
161.0
1.0
0.0
147.0
147.0
147.0
146.0
146.0
147.0
146.0
146.0
146.0
146.0
146.0
146.0
147.0
146.0
147.0
147.0
147.0
147.0
1.0
0.0
83.0
83.0
83.0
83.0
83.0
83.0
83.0
83.0
83.0
82.0
83.0
83.0
83.0
83.0
83.0
83.0
82.0
82.0
0.0
1.0
82.0
83.0
82.0
82.0
89.0
88.0
89.0
89.0
89.0
89.0
90.0
89.0
90.0
89.0
83.0
83.0
82.0
82.0
10.0
19.0
164.0
164.0
164.0
165.0
164.0
165.0
164.0
165.0
164.0
165.0
165.0
165.0
164.0
165.0
165.0
164.0
165.0
170.0
9.0
18.0
165.0
165.0
165.0
165.0
166.0
165.0
166.0
166.0
165.0
167.0
165.0
165.0
165.0
165.0
165.0
164.0
165.0
164.0
9.0
19.0
166.0
165.0
165.0
165.0
171.0
170.0
170.0
171.0
171.0
171.0
175.0
171.0
170.0
171.0
164.0
164.0
164.0
165.0
9.0
18.0
164.0
164.0
164.0
165.0
164.0
164.0
164.0
165.0
165.0
164.0
165.0
165.0
164.0
165.0
164.0
164.0
176.0
174.0
9.0
19.0
175.0
177.0
180.0
182.0
182.0
186.0
182.0
182.0
171.0
172.0
170.0
170.0
170.0
172.0
170.0
170.0
175.0
169.0
10.0
19.0
168.0
168.0
167.0
172.0
172.0
171.0
171.0
170.0
171.0
170.0
169.0
170.0
170.0
164.0
166.0
165.0
165.0
165.0
10.0
20.0
165.0
167.0
167.0
167.0
167.0
167.0
167.0
166.0
166.0
166.0
166.0
166.0
165.0
164.0
165.0
164.0
165.0
164.0
9.0
18.0
164.0
165.0
165.0
165.0
164.0
164.0
164.0
165.0
164.0
164.0
165.0
164.0
164.0
164.0
164.0
164.0
165.0
164.0
7.0
15.0
161.0
162.0
167.0
167.0
168.0
167.0
168.0
167.0
167.0
167.0
167.0
168.0
161.0
162.0
161.0
162.0
161.0
162.0
0.0
1.0
83.0
82.0
83.0
83.0
83.0
82.0
82.0
82.0
82.0
83.0
83.0
83.0
83.0
83.0
82.0
83.0
83.0
82.0
9.0
18.0
164.0
164.0
164.0
164.0
163.0
164.0
164.0
164.0
164.0
164.0
164.0
164.0
164.0
164.0
164.0
164.0
164.0
164.0
9.0
18.0
164.0
164.0
164.0
163.0
164.0
165.0
164.0
164.0
164.0
163.0
164.0
170.0
170.0
170.0
169.0
170.0
169.0
171.0
9.0
18.0
172.0
173.0
174.0
167.0
167.0
167.0
167.0
167.0
167.0
166.0
165.0
164.0
163.0
164.0
164.0
164.0
163.0
164.0
9.0
18.0
163.0
164.0
164.0
163.0
164.0
163.0
164.0
163.0
164.0
163.0
164.0
164.0
164.0
163.0
163.0
164.0
164.0
164.0
9.0
18.0
164.0
164.0
164.0
163.0
163.0
164.0
164.0
164.0
169.0
169.0
170.0
169.0
169.0
170.0
170.0
169.0
169.0
169.0
7.0
15.0
161.0
161.0
162.0
161.0
162.0
161.0
161.0
161.0
161.0
161.0
162.0
161.0
162.0
161.0
161.0
161.0
161.0
162.0
7.0
15.0
160.0
161.0
161.0
161.0
161.0
161.0
161.0
161.0
161.0
161.0
161.0
161.0
161.0
162.0
162.0
162.0
161.0
161.0
0.0
1.0
146.0
146.0
146.0
146.0
146.0
146.0
146.0
152.0
152.0
152.0
153.0
153.0
153.0
153.0
153.0
152.0
153.0
146.0
1.0
0.0
83.0
83.0
82.0
82.0
82.0
83.0
82.0
83.0
83.0
83.0
83.0
82.0
83.0
83.0
83.0
83.0
83.0
82.0
0.0
1.0
83.0
83.0
82.0
83.0
82.0
83.0
83.0
82.0
82.0
83.0
82.0
82.0
83.0
83.0
83.0
82.0
83.0
83.0
8.0
18.0
164.0
164.0
164.0
164.0
163.0
163.0
163.0
164.0
163.0
164.0
164.0
164.0
164.0
163.0
164.0
164.0
164.0
164.0
9.0
18.0
163.0
165.0
164.0
164.0
163.0
163.0
164.0
164.0
164.0
163.0
170.0
169.0
169.0
170.0
169.0
170.0
170.0
170.0
9.0
18.0
169.0
170.0
163.0
165.0
163.0
164.0
163.0
164.0
163.0
163.0
164.0
164.0
164.0
164.0
164.0
164.0
163.0
163.0
9.0
18.0
164.0
163.0
164.0
163.0
164.0
163.0
164.0
164.0
164.0
164.0
164.0
164.0
163.0
164.0
164.0
163.0
163.0
163.0
9.0
18.0
164.0
164.0
163.0
164.0
164.0
164.0
164.0
164.0
170.0
171.0
170.0
169.0
169.0
170.0
170.0
170.0
170.0
171.0
6.0
15.0
161.0
161.0
161.0
161.0
161.0
161.0
161.0
161.0
161.0
161.0
161.0
161.0
161.0
162.0
161.0
161.0
161.0
161.0
0.0
1.0
146.0
147.0
147.0
146.0
146.0
146.0
146.0
146.0
146.0
146.0
146.0
146.0
146.0
147.0
146.0
146.0
146.0
147.0
0.0
1.0
146.0
147.0
146.0
147.0
146.0
146.0
146.0
146.0
146.0
146.0
146.0
146.0
151.0
153.0
152.0
152.0
153.0
153.0
0.0
1.0
88.0
89.0
89.0
88.0
83.0
83.0
84.0
83.0
83.0
84.0
83.0
83.0
83.0
84.0
83.0
82.0
82.0
83.0
1.0
0.0
83.0
82.0
83.0
83.0
83.0
82.0
82.0
83.0
83.0
82.0
83.0
83.0
82.0
83.0
82.0
83.0
83.0
83.0
9.0
18.0
163.0
164.0
163.0
164.0
164.0
164.0
164.0
163.0
164.0
163.0
164.0
163.0
164.0
164.0
163.0
164.0
163.0
164.0
8.0
18.0
164.0
164.0
164.0
164.0
163.0
163.0
164.0
164.0
164.0
164.0
163.0
163.0
169.0
170.0
169.0
170.0
169.0
170.0
9.0
18.0
169.0
170.0
169.0
170.0
164.0
163.0
164.0
164.0
164.0
164.0
164.0
163.0
164.0
164.0
164.0
164.0
163.0
163.0
9.0
18.0
163.0
164.0
164.0
164.0
163.0
163.0
163.0
164.0
164.0
164.0
163.0
164.0
164.0
164.0
164.0
164.0
164.0
163.0
6.0
16.0
161.0
161.0
161.0
162.0
160.0
161.0
161.0
161.0
167.0
168.0
167.0
167.0
167.0
167.0
167.0
167.0
168.0
167.0
7.0
15.0
162.0
161.0
161.0
162.0
162.0
162.0
161.0
161.0
161.0
162.0
161.0
161.0
161.0
161.0
161.0
161.0
161.0
161.0
1.0
0.0
146.0
146.0
146.0
146.0
146.0
146.0
146.0
147.0
146.0
147.0
146.0
146.0
146.0
147.0
147.0
146.0
147.0
146.0
1.0
0.0
82.0
83.0
83.0
82.0
83.0
83.0
83.0
83.0
83.0
82.0
82.0
82.0
82.0
83.0
83.0
82.0
82.0
82.0
0.0
1.0
83.0
83.0
83.0
83.0
83.0
83.0
82.0
83.0
83.0
83.0
88.0
88.0
89.0
89.0
89.0
89.0
89.0
89.0
0.0
1.0
89.0
89.0
82.0
83.0
82.0
83.0
82.0
83.0
83.0
83.0
82.0
83.0
83.0
82.0
83.0
82.0
83.0
83.0
9.0
18.0
164.0
163.0
163.0
163.0
164.0
164.0
164.0
164.0
164.0
164.0
164.0
164.0
164.0
164.0
163.0
164.0
163.0
163.0
9.0
18.0
164.0
163.0
163.0
164.0
164.0
163.0
164.0
163.0
164.0
164.0
164.0
164.0
164.0
163.0
163.0
164.0
164.0
163.0
9.0
18.0
163.0
164.0
170.0
170.0
170.0
170.0
169.0
170.0
170.0
170.0
170.0
170.0
164.0
163.0
164.0
164.0
164.0
164.0
9.0
18.0
163.0
164.0
164.0
163.0
164.0
164.0
163.0
163.0
164.0
163.0
164.0
164.0
163.0
164.0
164.0
164.0
163.0
164.0
6.0
16.0
161.0
160.0
161.0
161.0
161.0
162.0
161.0
161.0
161.0
161.0
160.0
162.0
161.0
161.0
161.0
161.0
162.0
161.0
6.0
16.0
168.0
167.0
167.0
167.0
167.0
167.0
168.0
167.0
167.0
167.0
161.0
161.0
161.0
161.0
163.0
161.0
161.0
161.0
1.0
0.0
83.0
82.0
83.0
83.0
82.0
82.0
82.0
83.0
83.0
82.0
82.0
83.0
83.0
82.0
83.0
82.0
83.0
82.0
0.0
1.0
82.0
83.0
83.0
82.0
83.0
83.0
83.0
83.0
83.0
83.0
83.0
82.0
82.0
83.0
83.0
83.0
82.0
83.0
0.0
1.0
82.0
83.0
83.0
83.0
82.0
83.0
83.0
82.0
83.0
82.0
83.0
82.0
82.0
83.0
83.0
83.0
82.0
83.0
0.0
1.0
83.0
83.0
83.0
83.0
83.0
83.0
82.0
82.0
83.0
83.0
80.0
80.0
79.0
79.0
77.0
76.0
76.0
73.0
