1.0
1.0
1.0
1.0
0.0
0.0
0.0
1.0
1.0
1.0
2.0
2.0
2.0
2.0
2.0
58.0
57.0
57.0
57.0
57.0
207.0
207.0
207.0
207.0
207.0
213.0
212.0
212.0
213.0
212.0
208.0
208.0
207.0
208.0
207.0
203.0
202.0
203.0
203.0
202.0
204.0
204.0
204.0
204.0
204.0
204.0
204.0
204.0
204.0
204.0
203.0
203.0
203.0
203.0
203.0
203.0
203.0
203.0
203.0
204.0
202.0
203.0
203.0
202.0
203.0
203.0
203.0
202.0
202.0
202.0
204.0
206.0
205.0
205.0
205.0
208.0
208.0
208.0
207.0
207.0
209.0
209.0
210.0
209.0
210.0
207.0
208.0
208.0
207.0
208.0
203.0
203.0
203.0
202.0
202.0
203.0
202.0
202.0
202.0
202.0
203.0
202.0
203.0
203.0
202.0
204.0
204.0
204.0
204.0
203.0
2.0
2.0
2.0
2.0
1.0
58.0
58.0
57.0
58.0
56.0
203.0
204.0
205.0
204.0
203.0
204.0
205.0
204.0
204.0
202.0
205.0
205.0
204.0
205.0
203.0
205.0
204.0
204.0
205.0
203.0
211.0
211.0
211.0
211.0
210.0
211.0
211.0
212.0
212.0
210.0
202.0
202.0
203.0
203.0
201.0
202.0
202.0
202.0
203.0
201.0
203.0
203.0
203.0
203.0
201.0
203.0
203.0
203.0
202.0
201.0
203.0
203.0
203.0
203.0
201.0
203.0
202.0
202.0
203.0
201.0
202.0
203.0
202.0
202.0
202.0
203.0
202.0
203.0
202.0
201.0
211.0
210.0
211.0
211.0
210.0
211.0
211.0
211.0
211.0
210.0
204.0
204.0
203.0
203.0
203.0
203.0
204.0
203.0
204.0
202.0
2.0
2.0
2.0
2.0
3.0
2.0
2.0
2.0
2.0
2.0
3.0
3.0
2.0
2.0
2.0
2.0
2.0
2.0
2.0
2.0
2.0
1.0
2.0
2.0
2.0
2.0
2.0
2.0
2.0
2.0
2.0
2.0
0.0
0.0
0.0
1.0
1.0
1.0
1.0
1.0
1.0
1.0
1.0
0.0
0.0
0.0
0.0
0.0
0.0
0.0
58.0
58.0
58.0
58.0
58.0
59.0
58.0
58.0
58.0
57.0
57.0
57.0
57.0
57.0
57.0
58.0
57.0
57.0
56.0
57.0
57.0
57.0
57.0
57.0
57.0
57.0
57.0
56.0
56.0
56.0
57.0
57.0
55.0
55.0
55.0
56.0
56.0
56.0
56.0
56.0
56.0
1.0
0.0
0.0
0.0
0.0
0.0
0.0
1.0
1.0
203.0
203.0
203.0
204.0
202.0
203.0
203.0
202.0
202.0
203.0
202.0
203.0
202.0
203.0
203.0
204.0
202.0
203.0
204.0
204.0
205.0
205.0
205.0
205.0
206.0
207.0
206.0
205.0
205.0
206.0
203.0
203.0
201.0
202.0
201.0
201.0
201.0
201.0
202.0
201.0
202.0
86.0
86.0
87.0
86.0
87.0
86.0
86.0
86.0
86.0
203.0
203.0
202.0
202.0
203.0
203.0
203.0
203.0
203.0
202.0
202.0
202.0
202.0
203.0
202.0
203.0
203.0
203.0
203.0
202.0
205.0
205.0
203.0
205.0
205.0
205.0
205.0
204.0
207.0
210.0
208.0
208.0
206.0
206.0
206.0
206.0
206.0
206.0
205.0
202.0
201.0
86.0
86.0
85.0
86.0
87.0
86.0
86.0
86.0
86.0
202.0
203.0
202.0
203.0
202.0
202.0
202.0
203.0
202.0
203.0
203.0
203.0
202.0
203.0
203.0
203.0
203.0
203.0
202.0
202.0
203.0
202.0
203.0
202.0
203.0
203.0
202.0
204.0
202.0
203.0
203.0
203.0
201.0
203.0
201.0
202.0
204.0
205.0
205.0
205.0
207.0
89.0
89.0
89.0
88.0
88.0
86.0
90.0
89.0
89.0
206.0
205.0
206.0
206.0
206.0
206.0
203.0
203.0
203.0
202.0
203.0
203.0
203.0
203.0
202.0
203.0
204.0
202.0
203.0
201.0
202.0
203.0
203.0
202.0
202.0
203.0
203.0
203.0
202.0
202.0
203.0
203.0
201.0
201.0
201.0
201.0
202.0
201.0
200.0
201.0
201.0
85.0
86.0
86.0
86.0
86.0
86.0
86.0
86.0
86.0
207.0
207.0
207.0
206.0
207.0
211.0
210.0
210.0
211.0
210.0
207.0
206.0
206.0
207.0
206.0
203.0
202.0
202.0
202.0
203.0
203.0
202.0
202.0
203.0
202.0
204.0
202.0
202.0
203.0
202.0
202.0
203.0
201.0
201.0
201.0
202.0
201.0
201.0
201.0
201.0
201.0
85.0
86.0
86.0
86.0
86.0
86.0
86.0
86.0
85.0
203.0
202.0
203.0
203.0
203.0
202.0
203.0
202.0
203.0
203.0
207.0
207.0
206.0
206.0
211.0
210.0
211.0
211.0
211.0
210.0
207.0
207.0
207.0
207.0
203.0
203.0
203.0
203.0
203.0
203.0
202.0
202.0
201.0
201.0
202.0
202.0
200.0
202.0
201.0
202.0
202.0
86.0
86.0
86.0
86.0
85.0
86.0
86.0
86.0
86.0
203.0
202.0
202.0
203.0
203.0
203.0
202.0
202.0
202.0
202.0
202.0
203.0
203.0
203.0
202.0
203.0
202.0
203.0
202.0
203.0
207.0
207.0
207.0
211.0
211.0
210.0
211.0
211.0
211.0
210.0
207.0
207.0
205.0
202.0
201.0
202.0
200.0
201.0
201.0
202.0
201.0
86.0
86.0
86.0
86.0
86.0
86.0
86.0
86.0
86.0
203.0
202.0
204.0
202.0
202.0
202.0
203.0
202.0
203.0
202.0
203.0
202.0
203.0
203.0
203.0
203.0
202.0
203.0
202.0
202.0
203.0
203.0
203.0
202.0
202.0
202.0
203.0
202.0
203.0
203.0
214.0
215.0
216.0
215.0
216.0
221.0
219.0
221.0
223.0
221.0
214.0
92.0
92.0
91.0
91.0
87.0
87.0
86.0
88.0
87.0
206.0
204.0
204.0
204.0
204.0
205.0
204.0
204.0
203.0
203.0
203.0
204.0
203.0
203.0
202.0
203.0
202.0
203.0
203.0
203.0
202.0
203.0
202.0
202.0
202.0
202.0
202.0
202.0
203.0
202.0
203.0
204.0
201.0
201.0
201.0
201.0
202.0
201.0
201.0
201.0
205.0
86.0
86.0
86.0
86.0
87.0
87.0
89.0
90.0
90.0
211.0
211.0
211.0
211.0
210.0
209.0
208.0
206.0
207.0
206.0
204.0
202.0
202.0
202.0
203.0
203.0
202.0
203.0
202.0
203.0
202.0
203.0
203.0
203.0
202.0
202.0
203.0
202.0
203.0
202.0
203.0
203.0
201.0
201.0
201.0
201.0
202.0
201.0
201.0
201.0
201.0
87.0
86.0
86.0
86.0
86.0
85.0
86.0
86.0
86.0
202.0
203.0
202.0
202.0
203.0
204.0
206.0
206.0
208.0
207.0
212.0
211.0
212.0
212.0
212.0
210.0
207.0
207.0
208.0
207.0
202.0
203.0
203.0
203.0
202.0
203.0
203.0
202.0
203.0
202.0
203.0
202.0
201.0
201.0
201.0
201.0
201.0
202.0
202.0
201.0
201.0
86.0
86.0
86.0
85.0
86.0
86.0
86.0
86.0
86.0
203.0
203.0
203.0
203.0
202.0
203.0
203.0
203.0
202.0
203.0
203.0
203.0
203.0
202.0
202.0
204.0
206.0
207.0
207.0
206.0
211.0
211.0
211.0
212.0
211.0
209.0
207.0
207.0
208.0
207.0
203.0
203.0
201.0
201.0
201.0
201.0
202.0
205.0
202.0
201.0
201.0
86.0
85.0
86.0
86.0
86.0
86.0
86.0
86.0
86.0
203.0
203.0
203.0
202.0
203.0
203.0
204.0
203.0
202.0
203.0
203.0
203.0
203.0
203.0
203.0
203.0
203.0
203.0
203.0
202.0
203.0
202.0
203.0
203.0
202.0
205.0
207.0
206.0
206.0
206.0
211.0
211.0
209.0
209.0
209.0
207.0
206.0
206.0
206.0
206.0
202.0
86.0
86.0
86.0
86.0
86.0
86.0
86.0
86.0
86.0
203.0
202.0
202.0
202.0
203.0
203.0
204.0
202.0
203.0
204.0
203.0
203.0
203.0
204.0
203.0
203.0
204.0
204.0
203.0
202.0
203.0
203.0
203.0
202.0
203.0
203.0
201.0
203.0
202.0
202.0
203.0
202.0
201.0
201.0
201.0
204.0
204.0
205.0
205.0
205.0
211.0
90.0
89.0
90.0
90.0
87.0
87.0
87.0
91.0
91.0
208.0
207.0
208.0
208.0
208.0
208.0
209.0
202.0
203.0
203.0
203.0
203.0
203.0
203.0
203.0
203.0
204.0
204.0
203.0
203.0
203.0
203.0
202.0
203.0
203.0
203.0
203.0
202.0
203.0
202.0
202.0
202.0
201.0
201.0
201.0
201.0
201.0
201.0
200.0
201.0
201.0
86.0
86.0
86.0
86.0
86.0
87.0
86.0
85.0
86.0
207.0
207.0
206.0
206.0
207.0
207.0
207.0
207.0
211.0
212.0
208.0
208.0
208.0
208.0
207.0
209.0
208.0
208.0
203.0
202.0
203.0
202.0
202.0
203.0
204.0
203.0
203.0
203.0
202.0
203.0
202.0
203.0
201.0
201.0
201.0
202.0
201.0
201.0
201.0
201.0
201.0
87.0
86.0
86.0
86.0
86.0
86.0
86.0
86.0
85.0
203.0
203.0
202.0
202.0
203.0
202.0
203.0
202.0
202.0
202.0
208.0
208.0
208.0
208.0
209.0
209.0
207.0
213.0
213.0
213.0
208.0
208.0
207.0
208.0
209.0
208.0
208.0
203.0
203.0
203.0
203.0
203.0
202.0
201.0
202.0
201.0
202.0
201.0
201.0
201.0
201.0
86.0
86.0
86.0
86.0
86.0
86.0
86.0
86.0
86.0
203.0
202.0
203.0
204.0
202.0
203.0
202.0
202.0
203.0
203.0
203.0
203.0
202.0
203.0
203.0
203.0
203.0
201.0
203.0
202.0
206.0
207.0
207.0
207.0
207.0
208.0
207.0
207.0
212.0
212.0
208.0
208.0
206.0
207.0
206.0
206.0
206.0
206.0
201.0
201.0
201.0
86.0
86.0
86.0
85.0
86.0
86.0
86.0
85.0
86.0
3.0
1.0
1.0
2.0
1.0
2.0
2.0
2.0
2.0
0.0
2.0
2.0
2.0
2.0
1.0
2.0
2.0
2.0
0.0
1.0
2.0
2.0
1.0
1.0
1.0
2.0
2.0
2.0
1.0
1.0
2.0
0.0
0.0
0.0
1.0
1.0
1.0
0.0
0.0
0.0
1.0
1.0
1.0
0.0
0.0
0.0
0.0
1.0
1.0
1.0
57.0
57.0
56.0
57.0
56.0
57.0
57.0
57.0
57.0
56.0
57.0
56.0
57.0
57.0
55.0
57.0
57.0
57.0
55.0
1.0
57.0
57.0
57.0
55.0
0.0
57.0
57.0
57.0
55.0
1.0
56.0
56.0
56.0
55.0
0.0
56.0
56.0
56.0
1.0
0.0
1.0
0.0
1.0
0.0
1.0
0.0
1.0
0.0
1.0
0.0
202.0
203.0
202.0
202.0
200.0
203.0
202.0
203.0
202.0
201.0
203.0
203.0
202.0
203.0
201.0
203.0
203.0
203.0
201.0
146.0
207.0
207.0
206.0
205.0
86.0
213.0
213.0
212.0
211.0
86.0
213.0
212.0
207.0
206.0
92.0
207.0
201.0
201.0
86.0
86.0
86.0
86.0
86.0
86.0
86.0
86.0
86.0
86.0
86.0
86.0
203.0
203.0
204.0
202.0
201.0
202.0
202.0
203.0
202.0
201.0
202.0
202.0
203.0
202.0
201.0
203.0
202.0
202.0
200.0
146.0
204.0
203.0
204.0
202.0
86.0
203.0
203.0
204.0
202.0
87.0
203.0
200.0
204.0
204.0
86.0
206.0
207.0
208.0
85.0
86.0
86.0
88.0
92.0
92.0
93.0
94.0
92.0
91.0
92.0
90.0
210.0
210.0
210.0
209.0
208.0
210.0
208.0
209.0
208.0
206.0
203.0
203.0
202.0
202.0
201.0
203.0
203.0
202.0
201.0
146.0
202.0
203.0
203.0
201.0
86.0
202.0
203.0
202.0
200.0
86.0
203.0
202.0
202.0
201.0
86.0
201.0
202.0
201.0
86.0
87.0
86.0
86.0
86.0
85.0
86.0
86.0
86.0
86.0
86.0
86.0
204.0
203.0
204.0
202.0
202.0
203.0
203.0
203.0
205.0
203.0
211.0
212.0
210.0
211.0
210.0
212.0
211.0
211.0
209.0
153.0
202.0
203.0
202.0
202.0
87.0
202.0
203.0
203.0
201.0
86.0
203.0
201.0
202.0
200.0
86.0
201.0
202.0
202.0
86.0
86.0
86.0
86.0
86.0
86.0
86.0
86.0
86.0
86.0
86.0
86.0
204.0
202.0
203.0
203.0
202.0
202.0
203.0
202.0
202.0
201.0
202.0
203.0
202.0
202.0
202.0
203.0
203.0
202.0
201.0
146.0
207.0
207.0
207.0
206.0
86.0
209.0
208.0
208.0
207.0
87.0
214.0
211.0
208.0
207.0
91.0
207.0
206.0
205.0
92.0
90.0
86.0
86.0
86.0
87.0
86.0
86.0
86.0
86.0
86.0
86.0
203.0
203.0
203.0
203.0
202.0
203.0
203.0
203.0
203.0
201.0
203.0
202.0
203.0
202.0
201.0
202.0
202.0
202.0
202.0
147.0
203.0
204.0
203.0
202.0
86.0
204.0
203.0
203.0
201.0
86.0
203.0
201.0
202.0
200.0
86.0
200.0
200.0
202.0
86.0
86.0
86.0
86.0
87.0
86.0
86.0
90.0
90.0
90.0
90.0
90.0
213.0
212.0
211.0
212.0
209.0
208.0
208.0
209.0
207.0
207.0
203.0
203.0
203.0
203.0
202.0
202.0
203.0
208.0
206.0
146.0
219.0
222.0
221.0
221.0
94.0
220.0
224.0
229.0
216.0
97.0
213.0
207.0
204.0
205.0
88.0
206.0
203.0
202.0
87.0
86.0
86.0
87.0
86.0
87.0
87.0
86.0
85.0
86.0
86.0
86.0
203.0
202.0
202.0
202.0
201.0
202.0
203.0
202.0
202.0
201.0
207.0
207.0
206.0
208.0
205.0
211.0
211.0
211.0
209.0
151.0
207.0
207.0
208.0
206.0
91.0
206.0
203.0
203.0
201.0
86.0
203.0
201.0
202.0
201.0
86.0
202.0
201.0
201.0
86.0
86.0
86.0
86.0
86.0
86.0
86.0
86.0
87.0
86.0
87.0
86.0
204.0
202.0
202.0
202.0
202.0
202.0
203.0
202.0
202.0
202.0
203.0
201.0
203.0
203.0
201.0
203.0
202.0
202.0
202.0
146.0
203.0
202.0
203.0
204.0
85.0
206.0
207.0
206.0
205.0
86.0
207.0
210.0
210.0
210.0
88.0
208.0
207.0
206.0
91.0
91.0
91.0
91.0
86.0
86.0
86.0
86.0
86.0
86.0
86.0
86.0
203.0
203.0
203.0
203.0
201.0
203.0
202.0
202.0
203.0
201.0
204.0
202.0
202.0
202.0
201.0
203.0
203.0
203.0
201.0
146.0
203.0
203.0
203.0
201.0
87.0
203.0
202.0
202.0
201.0
86.0
203.0
201.0
201.0
201.0
86.0
201.0
202.0
201.0
86.0
86.0
86.0
86.0
86.0
86.0
86.0
86.0
87.0
88.0
88.0
88.0
211.0
212.0
211.0
211.0
211.0
212.0
211.0
210.0
209.0
208.0
203.0
203.0
203.0
203.0
200.0
202.0
203.0
203.0
201.0
147.0
203.0
202.0
203.0
201.0
86.0
202.0
203.0
203.0
202.0
86.0
203.0
202.0
201.0
200.0
86.0
201.0
201.0
201.0
86.0
86.0
86.0
86.0
85.0
86.0
86.0
86.0
86.0
86.0
86.0
86.0
203.0
203.0
202.0
203.0
201.0
203.0
202.0
202.0
203.0
201.0
207.0
207.0
207.0
207.0
206.0
207.0
207.0
207.0
204.0
150.0
207.0
208.0
207.0
206.0
91.0
207.0
207.0
207.0
206.0
91.0
203.0
201.0
201.0
201.0
86.0
201.0
201.0
200.0
86.0
86.0
86.0
86.0
86.0
86.0
86.0
86.0
86.0
86.0
86.0
86.0
202.0
202.0
202.0
202.0
200.0
202.0
204.0
202.0
201.0
200.0
203.0
202.0
203.0
203.0
202.0
203.0
204.0
203.0
201.0
147.0
203.0
204.0
203.0
201.0
86.0
204.0
206.0
207.0
205.0
86.0
208.0
206.0
211.0
211.0
91.0
210.0
210.0
208.0
87.0
86.0
90.0
91.0
91.0
92.0
91.0
85.0
86.0
86.0
86.0
86.0
202.0
203.0
202.0
202.0
200.0
202.0
202.0
202.0
202.0
202.0
203.0
203.0
203.0
203.0
201.0
202.0
203.0
203.0
201.0
146.0
203.0
204.0
202.0
201.0
86.0
203.0
203.0
202.0
201.0
86.0
202.0
202.0
201.0
202.0
86.0
200.0
201.0
201.0
86.0
86.0
86.0
86.0
86.0
86.0
86.0
86.0
85.0
86.0
86.0
85.0
206.0
206.0
206.0
206.0
210.0
212.0
213.0
212.0
212.0
211.0
207.0
208.0
208.0
207.0
201.0
202.0
203.0
202.0
200.0
147.0
202.0
202.0
202.0
202.0
86.0
202.0
202.0
202.0
201.0
86.0
203.0
202.0
201.0
202.0
86.0
202.0
202.0
201.0
87.0
87.0
86.0
86.0
86.0
86.0
86.0
85.0
87.0
86.0
86.0
86.0
202.0
203.0
202.0
203.0
201.0
203.0
203.0
202.0
204.0
201.0
205.0
205.0
207.0
205.0
205.0
207.0
208.0
206.0
205.0
151.0
210.0
208.0
208.0
206.0
91.0
208.0
207.0
208.0
206.0
91.0
203.0
201.0
200.0
201.0
86.0
201.0
201.0
201.0
87.0
86.0
85.0
86.0
86.0
86.0
86.0
86.0
86.0
85.0
87.0
86.0
203.0
203.0
202.0
202.0
201.0
204.0
203.0
203.0
202.0
201.0
204.0
203.0
202.0
202.0
200.0
202.0
203.0
202.0
201.0
146.0
202.0
203.0
202.0
201.0
86.0
202.0
203.0
202.0
202.0
86.0
207.0
206.0
210.0
211.0
90.0
210.0
210.0
210.0
91.0
89.0
85.0
85.0
90.0
91.0
90.0
91.0
91.0
86.0
86.0
85.0
203.0
203.0
203.0
203.0
201.0
203.0
203.0
202.0
203.0
202.0
203.0
202.0
203.0
202.0
201.0
202.0
203.0
204.0
202.0
146.0
202.0
203.0
203.0
202.0
86.0
203.0
203.0
202.0
201.0
87.0
202.0
202.0
202.0
201.0
86.0
201.0
201.0
198.0
86.0
86.0
85.0
86.0
86.0
85.0
83.0
80.0
79.0
77.0
77.0
74.0
