1.0
1.0
1.0
1.0
1.0
1.0
0.0
0.0
1.0
1.0
18.0
18.0
129.0
129.0
129.0
129.0
128.0
128.0
128.0
128.0
128.0
129.0
128.0
128.0
128.0
128.0
128.0
128.0
128.0
128.0
17.0
17.0
128.0
127.0
127.0
127.0
127.0
127.0
127.0
127.0
127.0
127.0
127.0
127.0
126.0
127.0
127.0
127.0
128.0
127.0
17.0
17.0
126.0
127.0
127.0
127.0
128.0
127.0
127.0
128.0
127.0
127.0
128.0
127.0
127.0
127.0
127.0
127.0
127.0
127.0
17.0
17.0
126.0
126.0
126.0
126.0
125.0
126.0
135.0
136.0
136.0
136.0
135.0
135.0
136.0
136.0
136.0
136.0
126.0
126.0
17.0
17.0
126.0
126.0
126.0
126.0
126.0
125.0
127.0
126.0
126.0
126.0
126.0
126.0
126.0
126.0
126.0
126.0
126.0
126.0
17.0
17.0
126.0
127.0
126.0
126.0
126.0
126.0
126.0
126.0
126.0
126.0
126.0
126.0
126.0
126.0
126.0
126.0
126.0
126.0
17.0
17.0
126.0
126.0
125.0
126.0
126.0
126.0
126.0
126.0
126.0
126.0
126.0
126.0
125.0
126.0
126.0
126.0
126.0
126.0
16.0
15.0
125.0
125.0
124.0
125.0
124.0
124.0
125.0
125.0
125.0
125.0
125.0
125.0
126.0
125.0
125.0
125.0
124.0
124.0
17.0
17.0
126.0
126.0
126.0
126.0
125.0
126.0
126.0
126.0
127.0
126.0
126.0
126.0
126.0
126.0
127.0
126.0
126.0
126.0
15.0
15.0
125.0
125.0
124.0
125.0
124.0
125.0
124.0
125.0
135.0
136.0
134.0
135.0
134.0
134.0
134.0
134.0
131.0
131.0
18.0
18.0
18.0
18.0
18.0
17.0
17.0
2.0
1.0
1.0
18.0
18.0
19.0
18.0
18.0
18.0
17.0
3.0
0.0
0.0
128.0
129.0
128.0
128.0
128.0
127.0
128.0
112.0
62.0
62.0
128.0
128.0
127.0
128.0
128.0
127.0
127.0
113.0
63.0
62.0
128.0
128.0
128.0
128.0
128.0
128.0
127.0
113.0
62.0
62.0
128.0
128.0
128.0
129.0
128.0
128.0
126.0
112.0
63.0
62.0
128.0
128.0
128.0
128.0
128.0
128.0
127.0
113.0
63.0
63.0
128.0
135.0
136.0
137.0
137.0
135.0
135.0
121.0
62.0
62.0
136.0
137.0
136.0
128.0
128.0
128.0
127.0
113.0
62.0
62.0
128.0
128.0
128.0
128.0
128.0
128.0
127.0
112.0
62.0
62.0
128.0
128.0
128.0
128.0
128.0
128.0
127.0
113.0
62.0
62.0
128.0
128.0
128.0
128.0
128.0
128.0
127.0
113.0
63.0
63.0
128.0
128.0
128.0
128.0
128.0
128.0
126.0
112.0
62.0
62.0
128.0
128.0
128.0
128.0
128.0
127.0
126.0
113.0
62.0
63.0
129.0
128.0
128.0
129.0
128.0
128.0
127.0
113.0
63.0
63.0
128.0
128.0
128.0
129.0
129.0
128.0
127.0
113.0
62.0
62.0
128.0
128.0
128.0
128.0
128.0
127.0
127.0
112.0
62.0
63.0
128.0
128.0
129.0
128.0
128.0
128.0
127.0
113.0
62.0
62.0
128.0
129.0
128.0
128.0
128.0
128.0
126.0
113.0
63.0
62.0
128.0
128.0
128.0
128.0
128.0
127.0
127.0
112.0
62.0
62.0
18.0
17.0
17.0
16.0
16.0
15.0
15.0
0.0
1.0
1.0
18.0
17.0
17.0
16.0
16.0
15.0
15.0
1.0
1.0
1.0
136.0
136.0
135.0
134.0
134.0
132.0
132.0
70.0
70.0
70.0
128.0
127.0
127.0
126.0
127.0
125.0
125.0
62.0
62.0
62.0
129.0
129.0
127.0
127.0
126.0
126.0
126.0
62.0
62.0
62.0
128.0
129.0
127.0
126.0
126.0
125.0
125.0
62.0
62.0
61.0
128.0
128.0
128.0
126.0
126.0
125.0
125.0
62.0
62.0
62.0
128.0
128.0
127.0
126.0
126.0
124.0
125.0
62.0
62.0
62.0
128.0
128.0
127.0
126.0
126.0
125.0
124.0
62.0
62.0
62.0
127.0
128.0
127.0
125.0
126.0
125.0
124.0
62.0
62.0
63.0
128.0
128.0
126.0
126.0
126.0
125.0
125.0
61.0
62.0
62.0
129.0
127.0
126.0
126.0
126.0
125.0
125.0
62.0
61.0
62.0
128.0
128.0
127.0
126.0
125.0
125.0
125.0
62.0
62.0
62.0
128.0
128.0
127.0
126.0
126.0
125.0
125.0
62.0
63.0
62.0
128.0
127.0
127.0
126.0
125.0
125.0
125.0
62.0
62.0
62.0
128.0
128.0
127.0
126.0
126.0
125.0
125.0
62.0
62.0
62.0
136.0
136.0
135.0
134.0
134.0
133.0
133.0
70.0
69.0
70.0
128.0
129.0
127.0
126.0
126.0
125.0
125.0
62.0
62.0
62.0
128.0
128.0
127.0
125.0
126.0
124.0
125.0
62.0
62.0
62.0
127.0
128.0
127.0
126.0
126.0
125.0
125.0
62.0
62.0
62.0
17.0
18.0
17.0
15.0
16.0
14.0
15.0
1.0
1.0
0.0
18.0
18.0
17.0
16.0
16.0
15.0
15.0
1.0
1.0
0.0
128.0
128.0
127.0
126.0
126.0
125.0
125.0
62.0
62.0
62.0
128.0
128.0
127.0
126.0
126.0
125.0
125.0
63.0
62.0
62.0
127.0
128.0
126.0
126.0
126.0
125.0
125.0
62.0
62.0
62.0
128.0
127.0
127.0
126.0
125.0
126.0
125.0
62.0
62.0
62.0
128.0
128.0
127.0
126.0
126.0
124.0
125.0
62.0
62.0
62.0
128.0
127.0
127.0
126.0
126.0
125.0
125.0
62.0
62.0
62.0
128.0
128.0
127.0
126.0
126.0
125.0
125.0
62.0
62.0
62.0
128.0
128.0
127.0
126.0
126.0
124.0
125.0
62.0
63.0
62.0
128.0
127.0
127.0
126.0
126.0
125.0
125.0
62.0
62.0
62.0
136.0
137.0
136.0
134.0
135.0
133.0
133.0
70.0
70.0
70.0
127.0
128.0
127.0
126.0
125.0
124.0
125.0
62.0
62.0
62.0
128.0
128.0
127.0
127.0
127.0
126.0
125.0
62.0
62.0
62.0
129.0
128.0
128.0
126.0
126.0
126.0
125.0
62.0
62.0
62.0
127.0
128.0
127.0
126.0
126.0
125.0
125.0
62.0
62.0
62.0
128.0
128.0
127.0
125.0
126.0
125.0
125.0
62.0
63.0
62.0
128.0
128.0
127.0
126.0
126.0
125.0
126.0
62.0
62.0
62.0
128.0
128.0
128.0
126.0
126.0
125.0
125.0
62.0
62.0
62.0
128.0
128.0
127.0
126.0
126.0
125.0
125.0
62.0
62.0
62.0
16.0
16.0
16.0
16.0
16.0
15.0
15.0
0.0
1.0
1.0
16.0
16.0
16.0
16.0
16.0
15.0
15.0
1.0
0.0
1.0
126.0
126.0
126.0
126.0
126.0
125.0
125.0
62.0
62.0
62.0
126.0
126.0
126.0
126.0
126.0
124.0
124.0
62.0
62.0
62.0
126.0
126.0
126.0
126.0
126.0
125.0
125.0
62.0
62.0
62.0
126.0
126.0
126.0
126.0
126.0
125.0
125.0
62.0
62.0
62.0
126.0
126.0
134.0
135.0
136.0
134.0
133.0
62.0
62.0
62.0
135.0
135.0
136.0
135.0
135.0
126.0
125.0
62.0
62.0
62.0
127.0
126.0
127.0
126.0
126.0
125.0
125.0
62.0
62.0
62.0
126.0
126.0
126.0
126.0
126.0
125.0
125.0
62.0
62.0
62.0
126.0
126.0
126.0
126.0
126.0
125.0
125.0
62.0
62.0
62.0
126.0
126.0
126.0
126.0
126.0
125.0
125.0
62.0
62.0
62.0
126.0
126.0
126.0
125.0
126.0
125.0
125.0
62.0
62.0
62.0
126.0
126.0
126.0
126.0
126.0
124.0
125.0
62.0
62.0
62.0
126.0
125.0
126.0
126.0
126.0
125.0
125.0
62.0
62.0
62.0
126.0
126.0
126.0
126.0
126.0
125.0
125.0
62.0
62.0
62.0
126.0
126.0
135.0
135.0
140.0
136.0
136.0
63.0
62.0
62.0
141.0
142.0
141.0
141.0
142.0
139.0
137.0
67.0
67.0
67.0
135.0
135.0
135.0
134.0
134.0
135.0
134.0
69.0
66.0
64.0
128.0
125.0
126.0
126.0
126.0
125.0
124.0
62.0
62.0
62.0
16.0
16.0
16.0
16.0
16.0
14.0
15.0
0.0
1.0
0.0
16.0
16.0
16.0
16.0
17.0
15.0
15.0
0.0
1.0
0.0
134.0
134.0
135.0
135.0
135.0
133.0
134.0
71.0
71.0
71.0
126.0
126.0
126.0
126.0
126.0
125.0
125.0
62.0
62.0
62.0
126.0
126.0
126.0
126.0
126.0
125.0
126.0
62.0
62.0
62.0
128.0
127.0
127.0
128.0
127.0
126.0
126.0
63.0
63.0
62.0
126.0
126.0
126.0
126.0
126.0
125.0
125.0
62.0
62.0
62.0
126.0
126.0
126.0
126.0
126.0
125.0
125.0
63.0
62.0
62.0
126.0
126.0
126.0
126.0
126.0
125.0
125.0
62.0
62.0
62.0
126.0
126.0
126.0
126.0
126.0
125.0
125.0
62.0
62.0
62.0
126.0
126.0
126.0
126.0
126.0
125.0
125.0
62.0
62.0
62.0
126.0
126.0
126.0
126.0
126.0
125.0
125.0
62.0
62.0
62.0
126.0
126.0
126.0
126.0
126.0
125.0
124.0
62.0
62.0
62.0
126.0
126.0
126.0
126.0
126.0
125.0
126.0
62.0
62.0
62.0
126.0
126.0
126.0
126.0
126.0
125.0
125.0
62.0
62.0
62.0
126.0
126.0
126.0
136.0
136.0
134.0
134.0
62.0
62.0
62.0
136.0
136.0
136.0
136.0
137.0
136.0
125.0
62.0
62.0
62.0
126.0
126.0
126.0
126.0
126.0
125.0
125.0
62.0
62.0
62.0
125.0
126.0
126.0
126.0
126.0
125.0
125.0
62.0
62.0
62.0
125.0
126.0
126.0
126.0
126.0
125.0
125.0
62.0
61.0
62.0
16.0
16.0
16.0
16.0
16.0
15.0
15.0
1.0
0.0
0.0
16.0
16.0
16.0
16.0
16.0
15.0
15.0
0.0
1.0
1.0
126.0
126.0
126.0
126.0
126.0
125.0
76.0
63.0
62.0
62.0
126.0
126.0
126.0
126.0
126.0
125.0
76.0
62.0
62.0
62.0
126.0
126.0
125.0
126.0
126.0
125.0
76.0
62.0
62.0
62.0
125.0
126.0
126.0
126.0
126.0
125.0
77.0
62.0
62.0
62.0
126.0
125.0
126.0
125.0
125.0
125.0
76.0
62.0
62.0
62.0
126.0
125.0
126.0
126.0
125.0
124.0
76.0
62.0
62.0
62.0
126.0
127.0
126.0
127.0
126.0
125.0
76.0
63.0
63.0
62.0
126.0
126.0
126.0
125.0
125.0
124.0
76.0
62.0
62.0
62.0
126.0
126.0
126.0
126.0
126.0
125.0
76.0
63.0
63.0
63.0
126.0
125.0
126.0
136.0
134.0
135.0
76.0
62.0
62.0
62.0
135.0
136.0
135.0
135.0
135.0
135.0
85.0
62.0
63.0
62.0
126.0
126.0
126.0
126.0
126.0
124.0
76.0
62.0
62.0
62.0
126.0
126.0
125.0
126.0
126.0
124.0
76.0
62.0
62.0
63.0
126.0
127.0
126.0
126.0
126.0
126.0
77.0
62.0
63.0
63.0
126.0
126.0
126.0
126.0
126.0
125.0
75.0
62.0
62.0
62.0
126.0
126.0
126.0
126.0
127.0
125.0
76.0
62.0
62.0
62.0
127.0
127.0
127.0
126.0
127.0
125.0
76.0
62.0
62.0
63.0
126.0
126.0
126.0
126.0
126.0
125.0
76.0
62.0
62.0
62.0
16.0
16.0
15.0
16.0
16.0
15.0
14.0
1.0
1.0
0.0
16.0
16.0
16.0
16.0
16.0
15.0
15.0
1.0
1.0
0.0
126.0
126.0
126.0
126.0
126.0
125.0
125.0
62.0
62.0
62.0
126.0
126.0
126.0
126.0
126.0
125.0
125.0
62.0
62.0
62.0
126.0
126.0
126.0
126.0
127.0
125.0
125.0
62.0
62.0
62.0
128.0
128.0
128.0
128.0
128.0
127.0
127.0
62.0
62.0
64.0
128.0
128.0
126.0
126.0
126.0
125.0
125.0
62.0
62.0
62.0
135.0
137.0
136.0
136.0
136.0
135.0
136.0
63.0
63.0
72.0
136.0
136.0
127.0
126.0
127.0
125.0
126.0
62.0
63.0
62.0
128.0
127.0
127.0
127.0
127.0
126.0
126.0
63.0
63.0
63.0
127.0
126.0
127.0
126.0
127.0
126.0
126.0
63.0
63.0
63.0
126.0
126.0
125.0
126.0
126.0
125.0
125.0
62.0
62.0
62.0
128.0
128.0
128.0
129.0
129.0
127.0
127.0
64.0
64.0
64.0
127.0
126.0
126.0
127.0
127.0
126.0
126.0
62.0
62.0
62.0
127.0
128.0
128.0
128.0
128.0
126.0
126.0
63.0
63.0
62.0
127.0
127.0
127.0
128.0
127.0
126.0
126.0
63.0
63.0
63.0
127.0
127.0
126.0
126.0
126.0
126.0
125.0
62.0
62.0
62.0
128.0
128.0
128.0
128.0
129.0
128.0
127.0
64.0
64.0
64.0
127.0
127.0
127.0
127.0
127.0
126.0
126.0
62.0
62.0
63.0
127.0
128.0
128.0
128.0
128.0
127.0
127.0
63.0
63.0
63.0
16.0
15.0
15.0
15.0
14.0
1.0
0.0
1.0
0.0
1.0
15.0
15.0
15.0
15.0
15.0
0.0
1.0
1.0
0.0
1.0
126.0
125.0
126.0
126.0
126.0
62.0
62.0
62.0
62.0
62.0
136.0
136.0
136.0
136.0
135.0
73.0
72.0
72.0
72.0
72.0
126.0
126.0
127.0
126.0
127.0
62.0
62.0
63.0
63.0
62.0
128.0
128.0
127.0
127.0
127.0
63.0
62.0
63.0
63.0
62.0
127.0
128.0
128.0
128.0
128.0
63.0
63.0
63.0
63.0
63.0
129.0
129.0
130.0
130.0
130.0
65.0
65.0
64.0
64.0
65.0
129.0
129.0
129.0
129.0
128.0
64.0
64.0
64.0
64.0
63.0
128.0
128.0
128.0
128.0
128.0
63.0
63.0
63.0
63.0
64.0
128.0
129.0
129.0
128.0
128.0
64.0
64.0
63.0
64.0
63.0
127.0
128.0
128.0
128.0
128.0
64.0
63.0
63.0
63.0
64.0
127.0
128.0
128.0
128.0
128.0
63.0
62.0
63.0
62.0
62.0
127.0
128.0
127.0
128.0
127.0
62.0
63.0
62.0
62.0
62.0
125.0
125.0
125.0
125.0
125.0
62.0
62.0
62.0
61.0
61.0
125.0
125.0
125.0
124.0
125.0
62.0
62.0
62.0
62.0
61.0
125.0
125.0
125.0
125.0
126.0
62.0
62.0
62.0
63.0
63.0
125.0
125.0
125.0
124.0
125.0
63.0
62.0
62.0
62.0
62.0
124.0
125.0
125.0
125.0
124.0
62.0
62.0
62.0
63.0
62.0
135.0
135.0
135.0
135.0
135.0
73.0
72.0
73.0
72.0
73.0
16.0
16.0
15.0
16.0
16.0
15.0
14.0
1.0
0.0
1.0
15.0
16.0
16.0
16.0
16.0
15.0
15.0
0.0
1.0
0.0
127.0
127.0
127.0
127.0
126.0
125.0
125.0
62.0
62.0
62.0
126.0
126.0
126.0
126.0
126.0
125.0
125.0
62.0
62.0
62.0
127.0
127.0
127.0
126.0
126.0
125.0
125.0
62.0
62.0
62.0
126.0
126.0
127.0
126.0
126.0
125.0
125.0
62.0
62.0
62.0
126.0
126.0
126.0
126.0
126.0
125.0
125.0
62.0
62.0
62.0
126.0
126.0
126.0
127.0
126.0
125.0
125.0
62.0
62.0
62.0
126.0
126.0
126.0
126.0
127.0
125.0
124.0
62.0
62.0
62.0
126.0
126.0
127.0
127.0
126.0
125.0
125.0
62.0
62.0
62.0
129.0
129.0
129.0
129.0
129.0
128.0
128.0
65.0
65.0
65.0
126.0
127.0
126.0
127.0
126.0
125.0
126.0
62.0
62.0
62.0
126.0
126.0
126.0
126.0
126.0
125.0
125.0
62.0
62.0
62.0
126.0
127.0
126.0
126.0
127.0
125.0
125.0
62.0
62.0
62.0
126.0
126.0
126.0
126.0
125.0
124.0
136.0
62.0
61.0
62.0
137.0
137.0
137.0
136.0
137.0
136.0
135.0
73.0
72.0
62.0
126.0
126.0
126.0
126.0
127.0
125.0
125.0
62.0
62.0
62.0
126.0
126.0
126.0
126.0
127.0
125.0
125.0
62.0
63.0
62.0
127.0
126.0
127.0
126.0
127.0
126.0
126.0
62.0
63.0
63.0
127.0
126.0
126.0
126.0
125.0
125.0
125.0
61.0
62.0
62.0
15.0
15.0
14.0
14.0
1.0
0.0
1.0
1.0
1.0
0.0
15.0
15.0
15.0
14.0
0.0
0.0
1.0
1.0
1.0
0.0
124.0
124.0
125.0
125.0
62.0
62.0
62.0
62.0
61.0
62.0
125.0
125.0
125.0
125.0
62.0
62.0
62.0
63.0
62.0
62.0
125.0
125.0
125.0
124.0
62.0
62.0
62.0
62.0
62.0
62.0
125.0
125.0
124.0
124.0
62.0
62.0
62.0
62.0
62.0
61.0
125.0
125.0
124.0
124.0
62.0
62.0
62.0
62.0
61.0
62.0
125.0
125.0
124.0
125.0
62.0
62.0
62.0
62.0
62.0
62.0
124.0
125.0
125.0
124.0
62.0
61.0
62.0
62.0
62.0
62.0
125.0
124.0
125.0
125.0
62.0
61.0
62.0
62.0
62.0
62.0
125.0
125.0
125.0
125.0
62.0
62.0
62.0
62.0
62.0
62.0
125.0
125.0
125.0
125.0
62.0
62.0
62.0
62.0
62.0
62.0
134.0
134.0
135.0
135.0
62.0
61.0
62.0
72.0
71.0
71.0
134.0
135.0
134.0
125.0
62.0
62.0
62.0
62.0
62.0
62.0
125.0
124.0
125.0
125.0
62.0
62.0
62.0
62.0
62.0
62.0
125.0
125.0
125.0
124.0
62.0
62.0
62.0
62.0
62.0
62.0
125.0
126.0
126.0
126.0
63.0
63.0
62.0
62.0
63.0
62.0
124.0
125.0
125.0
125.0
62.0
62.0
63.0
62.0
62.0
62.0
125.0
125.0
124.0
124.0
62.0
62.0
62.0
62.0
62.0
62.0
122.0
122.0
115.0
115.0
62.0
62.0
59.0
59.0
60.0
60.0
