24.0
21.0
21.0
21.0
21.0
21.0
21.0
20.0
20.0
20.0
21.0
40.0
261.0
261.0
261.0
261.0
261.0
260.0
261.0
261.0
260.0
260.0
263.0
261.0
261.0
261.0
262.0
261.0
261.0
261.0
18.0
39.0
317.0
317.0
318.0
318.0
318.0
317.0
317.0
317.0
317.0
317.0
258.0
258.0
258.0
258.0
259.0
259.0
258.0
259.0
18.0
38.0
258.0
258.0
257.0
258.0
258.0
259.0
257.0
258.0
258.0
258.0
258.0
258.0
260.0
258.0
258.0
258.0
258.0
258.0
17.0
39.0
258.0
258.0
258.0
258.0
258.0
257.0
258.0
258.0
258.0
257.0
258.0
258.0
258.0
257.0
259.0
258.0
314.0
313.0
17.0
39.0
314.0
314.0
314.0
313.0
314.0
315.0
314.0
313.0
259.0
259.0
258.0
258.0
258.0
258.0
258.0
257.0
258.0
257.0
18.0
39.0
259.0
259.0
259.0
259.0
260.0
259.0
260.0
260.0
260.0
260.0
259.0
260.0
260.0
259.0
259.0
259.0
258.0
259.0
18.0
38.0
258.0
258.0
259.0
258.0
258.0
258.0
258.0
258.0
258.0
258.0
258.0
258.0
316.0
316.0
316.0
317.0
316.0
316.0
18.0
38.0
316.0
316.0
317.0
317.0
258.0
259.0
259.0
258.0
258.0
257.0
258.0
258.0
258.0
258.0
258.0
258.0
258.0
259.0
17.0
37.0
257.0
257.0
258.0
257.0
257.0
257.0
257.0
257.0
258.0
257.0
257.0
257.0
257.0
257.0
257.0
266.0
269.0
269.0
16.0
38.0
269.0
268.0
268.0
268.0
268.0
268.0
268.0
258.0
311.0
311.0
311.0
308.0
307.0
309.0
306.0
304.0
304.0
300.0
20.0
20.0
20.0
20.0
21.0
18.0
18.0
18.0
18.0
18.0
42.0
42.0
42.0
41.0
41.0
40.0
40.0
40.0
40.0
19.0
271.0
266.0
265.0
265.0
265.0
265.0
264.0
264.0
264.0
18.0
265.0
261.0
261.0
260.0
259.0
259.0
259.0
259.0
259.0
17.0
260.0
261.0
260.0
259.0
259.0
258.0
258.0
258.0
257.0
17.0
260.0
260.0
259.0
268.0
268.0
268.0
267.0
268.0
267.0
17.0
269.0
268.0
268.0
268.0
257.0
257.0
256.0
255.0
256.0
16.0
258.0
258.0
258.0
258.0
257.0
286.0
286.0
285.0
285.0
15.0
287.0
287.0
288.0
287.0
286.0
286.0
256.0
255.0
256.0
15.0
258.0
258.0
257.0
257.0
256.0
257.0
257.0
256.0
256.0
15.0
257.0
257.0
257.0
258.0
256.0
256.0
255.0
256.0
256.0
15.0
257.0
258.0
257.0
257.0
257.0
257.0
255.0
256.0
256.0
15.0
257.0
257.0
257.0
257.0
256.0
256.0
255.0
256.0
256.0
16.0
257.0
258.0
258.0
257.0
257.0
257.0
256.0
257.0
255.0
15.0
257.0
258.0
293.0
290.0
290.0
290.0
290.0
289.0
289.0
15.0
292.0
291.0
292.0
259.0
258.0
258.0
257.0
257.0
257.0
16.0
259.0
260.0
259.0
259.0
256.0
256.0
256.0
255.0
256.0
15.0
257.0
257.0
257.0
257.0
257.0
257.0
255.0
255.0
255.0
15.0
257.0
257.0
258.0
257.0
257.0
257.0
257.0
256.0
256.0
15.0
258.0
259.0
258.0
257.0
258.0
257.0
257.0
256.0
255.0
15.0
15.0
15.0
15.0
14.0
15.0
14.0
14.0
14.0
14.0
14.0
36.0
36.0
36.0
36.0
35.0
35.0
34.0
34.0
34.0
14.0
255.0
256.0
256.0
255.0
255.0
253.0
253.0
254.0
295.0
13.0
296.0
296.0
295.0
295.0
294.0
296.0
293.0
293.0
294.0
13.0
256.0
255.0
255.0
255.0
255.0
253.0
255.0
254.0
254.0
14.0
255.0
256.0
255.0
255.0
255.0
255.0
255.0
254.0
255.0
14.0
256.0
256.0
256.0
255.0
255.0
254.0
254.0
254.0
255.0
14.0
255.0
255.0
255.0
255.0
256.0
254.0
254.0
254.0
254.0
13.0
255.0
256.0
256.0
255.0
255.0
254.0
254.0
254.0
254.0
13.0
256.0
256.0
256.0
255.0
255.0
299.0
299.0
299.0
299.0
14.0
301.0
300.0
300.0
300.0
299.0
298.0
254.0
255.0
254.0
14.0
255.0
255.0
255.0
255.0
255.0
254.0
253.0
254.0
254.0
13.0
255.0
256.0
256.0
255.0
254.0
254.0
254.0
254.0
254.0
14.0
255.0
255.0
255.0
255.0
255.0
254.0
254.0
254.0
254.0
13.0
257.0
256.0
255.0
255.0
255.0
254.0
254.0
254.0
253.0
13.0
255.0
256.0
256.0
255.0
255.0
253.0
254.0
254.0
254.0
14.0
255.0
304.0
303.0
303.0
314.0
319.0
312.0
318.0
313.0
14.0
314.0
316.0
271.0
289.0
287.0
281.0
283.0
282.0
280.0
15.0
280.0
281.0
280.0
277.0
259.0
257.0
254.0
255.0
255.0
13.0
256.0
256.0
255.0
255.0
255.0
254.0
254.0
254.0
254.0
13.0
15.0
14.0
15.0
14.0
14.0
14.0
14.0
13.0
13.0
13.0
35.0
35.0
36.0
35.0
34.0
35.0
34.0
34.0
14.0
13.0
254.0
254.0
255.0
255.0
254.0
253.0
253.0
254.0
14.0
13.0
254.0
255.0
255.0
255.0
254.0
253.0
254.0
254.0
14.0
13.0
256.0
256.0
312.0
311.0
309.0
309.0
310.0
309.0
13.0
14.0
311.0
310.0
310.0
310.0
254.0
254.0
254.0
254.0
13.0
13.0
255.0
255.0
255.0
255.0
254.0
253.0
253.0
254.0
13.0
13.0
255.0
254.0
254.0
255.0
253.0
253.0
254.0
253.0
14.0
13.0
255.0
255.0
254.0
254.0
254.0
253.0
254.0
254.0
14.0
14.0
254.0
255.0
254.0
255.0
254.0
254.0
254.0
254.0
14.0
14.0
254.0
255.0
255.0
254.0
253.0
254.0
254.0
254.0
13.0
13.0
255.0
255.0
255.0
255.0
254.0
255.0
314.0
313.0
13.0
13.0
314.0
314.0
314.0
313.0
312.0
313.0
313.0
312.0
13.0
14.0
255.0
255.0
254.0
254.0
254.0
253.0
255.0
253.0
14.0
14.0
256.0
255.0
255.0
255.0
255.0
255.0
254.0
255.0
13.0
14.0
256.0
255.0
255.0
254.0
254.0
254.0
253.0
253.0
14.0
13.0
254.0
254.0
255.0
254.0
254.0
254.0
254.0
254.0
14.0
14.0
254.0
254.0
255.0
254.0
254.0
254.0
254.0
254.0
13.0
13.0
255.0
256.0
256.0
254.0
254.0
254.0
254.0
254.0
14.0
14.0
321.0
319.0
319.0
319.0
318.0
318.0
318.0
319.0
14.0
14.0
14.0
14.0
80.0
80.0
14.0
13.0
13.0
14.0
14.0
13.0
35.0
35.0
36.0
36.0
34.0
34.0
34.0
36.0
14.0
14.0
254.0
255.0
255.0
254.0
254.0
261.0
254.0
254.0
14.0
13.0
255.0
254.0
255.0
255.0
253.0
254.0
254.0
257.0
13.0
14.0
255.0
255.0
255.0
254.0
254.0
254.0
255.0
255.0
14.0
14.0
255.0
255.0
255.0
255.0
254.0
255.0
254.0
254.0
13.0
13.0
255.0
255.0
255.0
254.0
254.0
254.0
254.0
254.0
13.0
14.0
255.0
255.0
255.0
254.0
253.0
254.0
324.0
323.0
14.0
14.0
324.0
324.0
325.0
325.0
324.0
325.0
325.0
324.0
14.0
13.0
255.0
256.0
254.0
255.0
254.0
254.0
253.0
253.0
14.0
14.0
255.0
255.0
254.0
254.0
254.0
254.0
254.0
255.0
14.0
14.0
255.0
255.0
255.0
254.0
254.0
253.0
254.0
254.0
14.0
14.0
255.0
255.0
255.0
255.0
254.0
254.0
254.0
254.0
14.0
14.0
255.0
255.0
255.0
255.0
255.0
255.0
254.0
255.0
14.0
13.0
255.0
256.0
256.0
255.0
328.0
328.0
327.0
327.0
14.0
13.0
328.0
328.0
328.0
328.0
327.0
327.0
254.0
254.0
14.0
14.0
254.0
255.0
255.0
255.0
253.0
254.0
253.0
254.0
13.0
13.0
256.0
255.0
255.0
255.0
254.0
254.0
254.0
254.0
14.0
14.0
255.0
255.0
255.0
254.0
254.0
254.0
254.0
254.0
14.0
13.0
255.0
255.0
255.0
254.0
253.0
253.0
254.0
254.0
14.0
13.0
14.0
15.0
15.0
13.0
14.0
14.0
13.0
13.0
13.0
14.0
35.0
36.0
36.0
34.0
34.0
35.0
35.0
34.0
14.0
13.0
255.0
254.0
254.0
254.0
253.0
253.0
254.0
254.0
13.0
14.0
256.0
256.0
255.0
255.0
254.0
254.0
255.0
312.0
13.0
13.0
311.0
313.0
312.0
311.0
312.0
312.0
311.0
312.0
72.0
14.0
255.0
255.0
255.0
254.0
254.0
255.0
254.0
254.0
13.0
14.0
255.0
255.0
255.0
254.0
254.0
254.0
253.0
254.0
14.0
14.0
255.0
255.0
255.0
253.0
253.0
253.0
254.0
254.0
14.0
14.0
255.0
255.0
255.0
254.0
254.0
257.0
254.0
254.0
14.0
13.0
255.0
255.0
256.0
255.0
256.0
256.0
256.0
255.0
14.0
13.0
256.0
256.0
255.0
255.0
254.0
255.0
315.0
315.0
13.0
13.0
317.0
316.0
316.0
314.0
314.0
315.0
315.0
315.0
14.0
13.0
255.0
255.0
254.0
254.0
254.0
254.0
254.0
253.0
14.0
14.0
255.0
255.0
255.0
255.0
255.0
254.0
255.0
255.0
14.0
14.0
255.0
255.0
255.0
255.0
255.0
254.0
254.0
255.0
14.0
13.0
257.0
255.0
255.0
253.0
254.0
254.0
255.0
254.0
14.0
13.0
255.0
255.0
254.0
255.0
254.0
254.0
255.0
254.0
13.0
13.0
254.0
255.0
254.0
254.0
254.0
255.0
254.0
253.0
14.0
14.0
312.0
312.0
313.0
312.0
311.0
312.0
311.0
313.0
71.0
71.0
255.0
254.0
255.0
255.0
254.0
254.0
254.0
253.0
13.0
13.0
16.0
15.0
15.0
15.0
14.0
13.0
13.0
14.0
13.0
14.0
36.0
36.0
36.0
36.0
36.0
35.0
34.0
35.0
34.0
13.0
255.0
256.0
256.0
255.0
255.0
255.0
254.0
254.0
254.0
13.0
255.0
256.0
255.0
256.0
255.0
254.0
254.0
254.0
254.0
13.0
256.0
256.0
255.0
255.0
255.0
255.0
254.0
254.0
256.0
14.0
258.0
257.0
257.0
258.0
258.0
257.0
259.0
257.0
256.0
14.0
256.0
256.0
256.0
255.0
315.0
313.0
313.0
313.0
322.0
14.0
314.0
315.0
315.0
314.0
313.0
255.0
255.0
255.0
256.0
14.0
265.0
257.0
257.0
256.0
256.0
256.0
255.0
254.0
255.0
14.0
256.0
256.0
256.0
255.0
255.0
254.0
254.0
255.0
255.0
13.0
257.0
256.0
256.0
255.0
255.0
254.0
255.0
255.0
254.0
13.0
256.0
256.0
256.0
255.0
255.0
255.0
255.0
254.0
255.0
14.0
268.0
267.0
269.0
268.0
270.0
272.0
338.0
336.0
334.0
13.0
334.0
322.0
322.0
321.0
321.0
319.0
319.0
254.0
254.0
14.0
255.0
255.0
256.0
256.0
257.0
255.0
256.0
255.0
255.0
13.0
257.0
256.0
257.0
255.0
255.0
255.0
255.0
253.0
254.0
14.0
256.0
255.0
254.0
255.0
255.0
255.0
255.0
255.0
254.0
14.0
256.0
257.0
257.0
256.0
255.0
255.0
255.0
255.0
255.0
14.0
256.0
256.0
255.0
254.0
255.0
254.0
254.0
254.0
254.0
14.0
312.0
311.0
311.0
311.0
311.0
310.0
311.0
311.0
312.0
70.0
14.0
14.0
14.0
14.0
14.0
14.0
13.0
14.0
13.0
13.0
36.0
35.0
36.0
35.0
34.0
35.0
34.0
34.0
14.0
14.0
255.0
256.0
255.0
254.0
255.0
255.0
254.0
255.0
14.0
13.0
255.0
255.0
255.0
254.0
254.0
254.0
254.0
254.0
13.0
13.0
255.0
255.0
255.0
254.0
254.0
253.0
254.0
254.0
14.0
13.0
255.0
254.0
254.0
254.0
254.0
253.0
254.0
254.0
14.0
14.0
254.0
255.0
255.0
254.0
254.0
254.0
254.0
254.0
14.0
14.0
255.0
254.0
255.0
253.0
254.0
253.0
254.0
254.0
14.0
13.0
318.0
318.0
319.0
318.0
318.0
319.0
318.0
319.0
13.0
13.0
320.0
320.0
255.0
255.0
254.0
254.0
254.0
254.0
13.0
13.0
255.0
255.0
255.0
254.0
254.0
254.0
253.0
253.0
13.0
13.0
254.0
255.0
254.0
254.0
253.0
253.0
254.0
254.0
14.0
13.0
255.0
254.0
255.0
254.0
255.0
254.0
255.0
254.0
14.0
14.0
256.0
256.0
256.0
254.0
255.0
255.0
254.0
254.0
14.0
14.0
254.0
255.0
254.0
254.0
315.0
315.0
314.0
315.0
14.0
13.0
314.0
315.0
315.0
314.0
313.0
314.0
254.0
254.0
14.0
13.0
254.0
256.0
255.0
254.0
253.0
254.0
254.0
254.0
13.0
13.0
255.0
254.0
255.0
254.0
254.0
254.0
253.0
254.0
14.0
13.0
256.0
254.0
254.0
254.0
253.0
254.0
254.0
254.0
13.0
14.0
255.0
254.0
255.0
253.0
255.0
254.0
254.0
254.0
13.0
14.0
14.0
14.0
14.0
13.0
13.0
13.0
14.0
14.0
14.0
14.0
35.0
35.0
35.0
34.0
34.0
34.0
34.0
34.0
13.0
13.0
254.0
255.0
255.0
254.0
254.0
253.0
253.0
253.0
14.0
14.0
254.0
255.0
312.0
312.0
312.0
312.0
311.0
312.0
13.0
13.0
313.0
313.0
314.0
312.0
255.0
254.0
254.0
254.0
13.0
14.0
255.0
255.0
255.0
255.0
253.0
254.0
254.0
254.0
14.0
13.0
254.0
255.0
255.0
254.0
254.0
254.0
254.0
254.0
13.0
13.0
255.0
255.0
255.0
253.0
253.0
253.0
254.0
253.0
13.0
13.0
255.0
255.0
256.0
256.0
255.0
255.0
255.0
255.0
13.0
13.0
256.0
256.0
257.0
256.0
254.0
254.0
254.0
254.0
14.0
14.0
255.0
255.0
314.0
313.0
312.0
312.0
312.0
312.0
13.0
13.0
313.0
313.0
313.0
312.0
254.0
253.0
254.0
256.0
14.0
14.0
255.0
255.0
255.0
254.0
254.0
254.0
254.0
254.0
14.0
13.0
254.0
255.0
255.0
255.0
254.0
254.0
254.0
253.0
13.0
13.0
255.0
256.0
256.0
254.0
254.0
254.0
254.0
254.0
13.0
13.0
255.0
255.0
255.0
254.0
254.0
254.0
254.0
254.0
13.0
13.0
255.0
255.0
254.0
254.0
253.0
254.0
253.0
254.0
13.0
13.0
311.0
312.0
310.0
310.0
309.0
310.0
309.0
309.0
14.0
14.0
311.0
311.0
255.0
254.0
254.0
254.0
254.0
253.0
13.0
13.0
255.0
255.0
256.0
254.0
254.0
254.0
253.0
254.0
13.0
13.0
13.0
13.0
13.0
13.0
13.0
14.0
14.0
13.0
13.0
13.0
33.0
34.0
34.0
34.0
34.0
34.0
34.0
13.0
13.0
13.0
255.0
254.0
253.0
254.0
254.0
255.0
254.0
13.0
14.0
13.0
254.0
253.0
254.0
254.0
254.0
254.0
253.0
13.0
13.0
12.0
254.0
253.0
254.0
255.0
254.0
254.0
256.0
14.0
13.0
13.0
255.0
255.0
255.0
256.0
255.0
255.0
254.0
13.0
13.0
13.0
254.0
253.0
315.0
315.0
315.0
315.0
315.0
13.0
13.0
13.0
315.0
314.0
315.0
315.0
316.0
253.0
253.0
13.0
13.0
13.0
254.0
253.0
254.0
253.0
253.0
255.0
254.0
13.0
13.0
13.0
254.0
254.0
254.0
254.0
253.0
255.0
254.0
13.0
13.0
13.0
254.0
254.0
254.0
254.0
254.0
253.0
253.0
13.0
13.0
13.0
254.0
254.0
253.0
253.0
254.0
254.0
254.0
13.0
13.0
13.0
254.0
253.0
253.0
253.0
253.0
253.0
253.0
13.0
13.0
13.0
253.0
253.0
253.0
314.0
314.0
314.0
314.0
14.0
13.0
13.0
314.0
313.0
314.0
314.0
315.0
314.0
253.0
13.0
13.0
13.0
254.0
254.0
253.0
254.0
254.0
253.0
254.0
13.0
13.0
13.0
254.0
254.0
253.0
253.0
254.0
254.0
253.0
14.0
13.0
13.0
254.0
254.0
254.0
253.0
253.0
254.0
254.0
13.0
13.0
14.0
253.0
253.0
253.0
254.0
253.0
253.0
253.0
14.0
13.0
13.0
254.0
253.0
253.0
254.0
254.0
253.0
253.0
13.0
13.0
13.0
13.0
13.0
13.0
13.0
13.0
13.0
14.0
13.0
13.0
13.0
34.0
34.0
34.0
35.0
34.0
14.0
13.0
13.0
14.0
13.0
254.0
254.0
254.0
255.0
255.0
13.0
13.0
13.0
13.0
13.0
254.0
254.0
254.0
316.0
315.0
14.0
13.0
13.0
13.0
13.0
314.0
313.0
314.0
313.0
314.0
73.0
73.0
74.0
13.0
13.0
254.0
253.0
254.0
253.0
255.0
13.0
14.0
13.0
14.0
13.0
254.0
253.0
253.0
253.0
253.0
14.0
13.0
13.0
14.0
13.0
253.0
254.0
253.0
254.0
253.0
14.0
14.0
13.0
13.0
13.0
254.0
254.0
252.0
254.0
253.0
13.0
13.0
13.0
13.0
13.0
253.0
253.0
254.0
253.0
254.0
13.0
13.0
13.0
13.0
13.0
255.0
255.0
254.0
255.0
255.0
13.0
14.0
13.0
13.0
13.0
255.0
254.0
254.0
254.0
255.0
13.0
14.0
14.0
13.0
14.0
253.0
253.0
254.0
254.0
253.0
13.0
14.0
13.0
13.0
13.0
254.0
315.0
315.0
316.0
315.0
14.0
14.0
13.0
13.0
13.0
333.0
333.0
338.0
333.0
330.0
75.0
14.0
14.0
13.0
13.0
275.0
277.0
279.0
277.0
277.0
14.0
14.0
14.0
15.0
14.0
266.0
266.0
265.0
265.0
265.0
14.0
14.0
14.0
15.0
15.0
258.0
257.0
257.0
257.0
257.0
13.0
14.0
13.0
14.0
13.0
254.0
254.0
253.0
253.0
254.0
14.0
13.0
13.0
13.0
13.0
247.0
245.0
245.0
245.0
245.0
13.0
13.0
13.0
13.0
13.0
