5.0
5.0
3.0
3.0
3.0
4.0
3.0
3.0
4.0
4.0
27.0
26.0
16.0
15.0
15.0
15.0
15.0
15.0
26.0
25.0
26.0
26.0
26.0
26.0
26.0
26.0
45.0
45.0
45.0
45.0
26.0
26.0
26.0
26.0
26.0
26.0
26.0
26.0
26.0
26.0
26.0
26.0
46.0
46.0
46.0
46.0
26.0
25.0
25.0
25.0
26.0
26.0
46.0
46.0
46.0
46.0
26.0
26.0
26.0
24.0
26.0
26.0
21.0
25.0
25.0
25.0
26.0
25.0
46.0
46.0
46.0
46.0
20.0
27.0
26.0
26.0
27.0
26.0
22.0
25.0
26.0
26.0
25.0
25.0
21.0
46.0
46.0
45.0
45.0
26.0
26.0
26.0
26.0
26.0
21.0
25.0
25.0
25.0
25.0
25.0
21.0
46.0
46.0
36.0
36.0
21.0
26.0
25.0
25.0
26.0
1147.0
1141.0
989.0
985.0
1144.0
1147.0
1145.0
1149.0
1143.0
1240.0
2149.0
2142.0
2491.0
2486.0
2496.0
2492.0
2179.0
2493.0
2541.0
2491.0
2162.0
2165.0
2136.0
2456.0
2459.0
2482.0
2489.0
2464.0
2475.0
2477.0
2172.0
2810.0
2176.0
3010.0
2446.0
2442.0
2444.0
2445.0
2429.0
2433.0
2223.0
2247.0
2833.0
2764.0
2361.0
2356.0
2359.0
2361.0
2361.0
2340.0
2341.0
2308.0
2323.0
2314.0
2331.0
2320.0
2331.0
2370.0
2336.0
2327.0
2326.0
2311.0
2316.0
2328.0
2319.0
2362.0
2352.0
2312.0
2351.0
2312.0
2335.0
2317.0
2284.0
2328.0
2294.0
2284.0
2350.0
2308.0
2333.0
2325.0
2320.0
2310.0
2321.0
2328.0
2325.0
2323.0
2324.0
2323.0
2322.0
2299.0
2426.0
2335.0
2318.0
2591.0
2321.0
2629.0
2304.0
2277.0
2243.0
2213.0
15.0
15.0
15.0
26.0
26.0
15.0
15.0
15.0
25.0
4.0
26.0
15.0
15.0
15.0
15.0
15.0
14.0
25.0
25.0
4.0
14.0
14.0
14.0
14.0
14.0
14.0
25.0
24.0
14.0
3.0
14.0
15.0
14.0
14.0
14.0
24.0
24.0
25.0
4.0
2.0
14.0
14.0
14.0
15.0
25.0
14.0
14.0
15.0
2.0
3.0
14.0
15.0
25.0
25.0
14.0
14.0
14.0
24.0
4.0
2.0
25.0
15.0
14.0
14.0
14.0
14.0
14.0
24.0
4.0
2.0
14.0
14.0
14.0
24.0
14.0
24.0
14.0
2.0
2.0
2.0
14.0
25.0
14.0
14.0
14.0
14.0
14.0
3.0
3.0
4.0
24.0
24.0
14.0
14.0
14.0
14.0
24.0
2.0
3.0
2.0
25.0
25.0
44.0
25.0
25.0
25.0
26.0
44.0
44.0
4.0
26.0
44.0
26.0
26.0
25.0
25.0
20.0
44.0
24.0
2.0
25.0
21.0
25.0
26.0
26.0
44.0
44.0
44.0
25.0
2.0
20.0
25.0
25.0
24.0
25.0
43.0
20.0
25.0
3.0
3.0
44.0
25.0
25.0
30.0
25.0
25.0
27.0
20.0
3.0
2.0
25.0
25.0
25.0
44.0
25.0
24.0
25.0
20.0
3.0
2.0
25.0
44.0
25.0
25.0
25.0
20.0
25.0
25.0
2.0
2.0
25.0
25.0
43.0
24.0
20.0
24.0
24.0
2.0
2.0
2.0
25.0
25.0
25.0
43.0
25.0
20.0
25.0
3.0
3.0
2.0
24.0
25.0
25.0
25.0
24.0
24.0
20.0
4.0
3.0
4.0
26.0
45.0
26.0
26.0
45.0
25.0
25.0
20.0
26.0
3.0
25.0
25.0
21.0
25.0
25.0
25.0
25.0
24.0
26.0
4.0
44.0
26.0
25.0
44.0
25.0
25.0
25.0
25.0
25.0
3.0
36.0
25.0
36.0
25.0
25.0
25.0
24.0
25.0
3.0
3.0
44.0
45.0
25.0
25.0
25.0
25.0
38.0
26.0
2.0
3.0
26.0
40.0
26.0
24.0
24.0
24.0
25.0
25.0
3.0
4.0
38.0
44.0
44.0
25.0
36.0
25.0
25.0
25.0
2.0
2.0
25.0
24.0
24.0
24.0
24.0
25.0
28.0
2.0
3.0
2.0
24.0
24.0
44.0
44.0
25.0
25.0
25.0
3.0
2.0
2.0
25.0
20.0
25.0
20.0
25.0
25.0
25.0
1.0
2.0
2.0
26.0
26.0
21.0
21.0
25.0
26.0
25.0
25.0
25.0
2.0
26.0
20.0
21.0
25.0
25.0
25.0
25.0
25.0
25.0
2.0
25.0
21.0
20.0
25.0
25.0
25.0
25.0
25.0
24.0
2.0
25.0
25.0
20.0
20.0
25.0
25.0
25.0
24.0
2.0
2.0
25.0
24.0
20.0
25.0
20.0
25.0
24.0
27.0
2.0
3.0
21.0
25.0
24.0
24.0
25.0
25.0
24.0
24.0
2.0
2.0
20.0
25.0
36.0
35.0
25.0
25.0
25.0
25.0
3.0
3.0
24.0
24.0
20.0
25.0
25.0
24.0
24.0
2.0
2.0
2.0
25.0
25.0
25.0
35.0
20.0
35.0
25.0
2.0
3.0
2.0
25.0
24.0
25.0
20.0
24.0
24.0
24.0
3.0
2.0
2.0
36.0
25.0
37.0
21.0
25.0
25.0
25.0
25.0
25.0
3.0
25.0
20.0
25.0
25.0
26.0
25.0
25.0
24.0
35.0
3.0
25.0
36.0
21.0
25.0
25.0
25.0
25.0
25.0
25.0
3.0
20.0
24.0
36.0
35.0
25.0
25.0
24.0
25.0
3.0
2.0
20.0
25.0
25.0
25.0
25.0
24.0
25.0
20.0
2.0
2.0
36.0
26.0
25.0
25.0
36.0
25.0
20.0
24.0
2.0
2.0
25.0
25.0
24.0
25.0
25.0
25.0
35.0
20.0
3.0
3.0
25.0
35.0
24.0
25.0
25.0
24.0
25.0
2.0
2.0
2.0
20.0
25.0
25.0
35.0
25.0
24.0
24.0
3.0
2.0
2.0
24.0
25.0
35.0
20.0
24.0
24.0
24.0
2.0
3.0
2.0
25.0
25.0
20.0
26.0
25.0
36.0
25.0
35.0
25.0
2.0
21.0
26.0
25.0
25.0
25.0
25.0
25.0
25.0
36.0
2.0
20.0
25.0
36.0
25.0
25.0
25.0
25.0
25.0
21.0
2.0
25.0
25.0
25.0
36.0
25.0
25.0
25.0
24.0
2.0
3.0
20.0
35.0
24.0
24.0
25.0
25.0
25.0
24.0
2.0
3.0
20.0
25.0
35.0
25.0
24.0
35.0
25.0
24.0
3.0
2.0
21.0
25.0
25.0
24.0
25.0
35.0
25.0
19.0
2.0
3.0
25.0
24.0
24.0
24.0
25.0
35.0
24.0
1.0
2.0
2.0
20.0
25.0
24.0
25.0
25.0
25.0
35.0
2.0
3.0
2.0
25.0
25.0
20.0
34.0
24.0
25.0
24.0
2.0
2.0
2.0
25.0
26.0
21.0
26.0
26.0
37.0
26.0
25.0
25.0
3.0
36.0
26.0
20.0
26.0
25.0
25.0
24.0
25.0
24.0
3.0
21.0
36.0
25.0
25.0
25.0
25.0
35.0
25.0
20.0
2.0
25.0
25.0
26.0
24.0
24.0
24.0
35.0
20.0
2.0
3.0
25.0
25.0
25.0
36.0
25.0
24.0
20.0
25.0
2.0
2.0
26.0
25.0
25.0
35.0
24.0
25.0
25.0
20.0
3.0
2.0
36.0
25.0
25.0
25.0
25.0
25.0
20.0
25.0
2.0
2.0
35.0
25.0
25.0
24.0
20.0
25.0
24.0
2.0
3.0
2.0
35.0
25.0
24.0
24.0
24.0
20.0
25.0
3.0
2.0
3.0
25.0
24.0
35.0
25.0
25.0
25.0
20.0
3.0
3.0
2.0
36.0
25.0
25.0
25.0
26.0
25.0
25.0
21.0
25.0
3.0
36.0
25.0
25.0
25.0
25.0
20.0
38.0
25.0
24.0
3.0
26.0
26.0
26.0
23.0
26.0
26.0
41.0
25.0
25.0
2.0
39.0
25.0
25.0
25.0
23.0
25.0
24.0
25.0
3.0
2.0
25.0
25.0
36.0
20.0
24.0
25.0
25.0
25.0
2.0
3.0
46.0
56.0
46.0
41.0
45.0
45.0
45.0
45.0
2.0
3.0
56.0
45.0
25.0
20.0
25.0
25.0
35.0
24.0
3.0
2.0
24.0
24.0
25.0
20.0
25.0
25.0
35.0
2.0
2.0
2.0
25.0
25.0
24.0
24.0
20.0
36.0
25.0
2.0
3.0
2.0
24.0
24.0
20.0
25.0
25.0
35.0
25.0
2.0
2.0
2.0
25.0
25.0
26.0
25.0
36.0
21.0
25.0
25.0
25.0
3.0
25.0
25.0
36.0
21.0
25.0
25.0
25.0
25.0
25.0
3.0
36.0
26.0
20.0
25.0
25.0
25.0
35.0
24.0
25.0
2.0
25.0
20.0
24.0
25.0
25.0
25.0
35.0
25.0
2.0
2.0
25.0
20.0
25.0
35.0
24.0
25.0
25.0
25.0
2.0
2.0
21.0
26.0
25.0
35.0
25.0
25.0
24.0
25.0
2.0
2.0
36.0
20.0
25.0
25.0
24.0
25.0
25.0
24.0
3.0
2.0
20.0
35.0
24.0
25.0
24.0
24.0
25.0
3.0
2.0
2.0
20.0
25.0
35.0
25.0
24.0
24.0
25.0
3.0
3.0
2.0
24.0
35.0
20.0
25.0
24.0
24.0
25.0
3.0
3.0
2.0
36.0
25.0
25.0
21.0
26.0
25.0
25.0
25.0
36.0
3.0
25.0
20.0
25.0
25.0
25.0
25.0
24.0
35.0
25.0
2.0
20.0
25.0
25.0
26.0
36.0
25.0
25.0
25.0
25.0
2.0
21.0
25.0
36.0
25.0
24.0
25.0
25.0
25.0
2.0
2.0
35.0
25.0
20.0
25.0
25.0
24.0
24.0
25.0
3.0
2.0
25.0
36.0
20.0
25.0
25.0
35.0
25.0
25.0
2.0
2.0
25.0
25.0
20.0
25.0
25.0
24.0
35.0
24.0
2.0
2.0
25.0
20.0
24.0
25.0
35.0
25.0
24.0
3.0
2.0
2.0
26.0
20.0
25.0
25.0
35.0
24.0
25.0
2.0
2.0
2.0
25.0
25.0
35.0
20.0
24.0
25.0
25.0
3.0
2.0
2.0
1094.0
1104.0
1370.0
1093.0
931.0
1176.0
1093.0
1105.0
1105.0
3.0
1558.0
974.0
1056.0
1057.0
1056.0
1059.0
1441.0
1055.0
981.0
4.0
1070.0
1460.0
1047.0
1097.0
1104.0
1111.0
1039.0
1135.0
1115.0
2.0
1031.0
992.0
1007.0
1091.0
1007.0
1083.0
1086.0
1123.0
1069.0
2.0
1091.0
1015.0
1007.0
1027.0
1035.0
1037.0
1045.0
1046.0
1033.0
2.0
1097.0
1095.0
1083.0
1064.0
1084.0
1087.0
1072.0
1071.0
1055.0
2.0
1093.0
1052.0
1054.0
1038.0
1037.0
1052.0
1037.0
1054.0
1038.0
3.0
1047.0
1075.0
1056.0
1082.0
1066.0
1067.0
1073.0
2.0
2.0
2.0
1141.0
1111.0
1113.0
1103.0
1098.0
1085.0
1125.0
1075.0
1070.0
2.0
1074.0
1039.0
1042.0
1041.0
1046.0
1030.0
1034.0
2.0
2.0
2.0
2307.0
2293.0
2303.0
2337.0
2376.0
2373.0
2394.0
2344.0
2411.0
1262.0
2364.0
2408.0
2384.0
2356.0
2288.0
2306.0
2352.0
2373.0
2397.0
1271.0
2367.0
2353.0
2361.0
2367.0
2402.0
2356.0
2352.0
2353.0
2325.0
1281.0
2378.0
2385.0
2397.0
2379.0
2383.0
2402.0
2346.0
2354.0
2366.0
1316.0
2306.0
2289.0
2362.0
2334.0
2350.0
2334.0
2371.0
2346.0
2351.0
1266.0
2402.0
2398.0
2368.0
2387.0
2364.0
2359.0
2377.0
2361.0
2389.0
1282.0
2415.0
2411.0
2444.0
2417.0
2407.0
2407.0
2390.0
2388.0
2359.0
1317.0
2391.0
2350.0
2359.0
2367.0
2342.0
2368.0
2345.0
1316.0
1316.0
1332.0
2335.0
2294.0
2378.0
2336.0
2375.0
2398.0
2375.0
2385.0
2310.0
1321.0
2362.0
2379.0
2346.0
2389.0
2347.0
2336.0
2338.0
1313.0
1307.0
1271.0
2350.0
2355.0
2361.0
2360.0
2363.0
2362.0
2365.0
2348.0
2348.0
1325.0
2398.0
2377.0
2372.0
2391.0
2384.0
2388.0
2397.0
2404.0
2358.0
1328.0
2339.0
2330.0
2375.0
2385.0
2341.0
2346.0
2374.0
2333.0
2349.0
1299.0
2377.0
2361.0
2362.0
2362.0
2372.0
2397.0
2381.0
2365.0
2343.0
1309.0
2395.0
2368.0
2357.0
2368.0
2346.0
2396.0
2341.0
2321.0
2326.0
1346.0
2319.0
2390.0
2347.0
2373.0
2348.0
2369.0
2371.0
2330.0
2328.0
1259.0
2349.0
2365.0
2318.0
2318.0
2304.0
2356.0
2362.0
2381.0
2338.0
1272.0
2390.0
2350.0
2380.0
2362.0
2352.0
2324.0
2362.0
1307.0
1273.0
1314.0
2317.0
2330.0
2369.0
2381.0
2366.0
2359.0
2354.0
2334.0
2329.0
1306.0
2418.0
2388.0
2425.0
2423.0
2408.0
2423.0
2509.0
1305.0
1308.0
1301.0
2394.0
2380.0
2346.0
2326.0
2308.0
2310.0
2308.0
2309.0
2321.0
1300.0
2331.0
2340.0
2340.0
2310.0
2333.0
2342.0
2312.0
2323.0
2341.0
1324.0
2365.0
2334.0
2383.0
2343.0
2333.0
2338.0
2351.0
2333.0
2340.0
1326.0
2304.0
2321.0
2311.0
2312.0
2342.0
2332.0
2357.0
2372.0
2327.0
1262.0
2350.0
2356.0
2374.0
2351.0
2352.0
2323.0
2336.0
2300.0
2284.0
1270.0
2356.0
2327.0
2322.0
2343.0
2354.0
2342.0
2341.0
2330.0
2321.0
1296.0
2348.0
2362.0
2387.0
2380.0
2374.0
2363.0
2372.0
2388.0
2358.0
1321.0
2348.0
2312.0
2311.0
2299.0
2329.0
2348.0
2342.0
1273.0
1272.0
1263.0
2336.0
2337.0
2322.0
2323.0
2331.0
2338.0
2312.0
2275.0
2289.0
1275.0
2339.0
2328.0
2352.0
2333.0
2334.0
2346.0
2356.0
1299.0
1335.0
1332.0
2308.0
2362.0
2366.0
2360.0
2359.0
2338.0
2337.0
2327.0
2326.0
1321.0
2335.0
2289.0
2291.0
2300.0
2306.0
2306.0
2300.0
2382.0
2347.0
1273.0
2356.0
2327.0
2349.0
2332.0
2326.0
2330.0
2337.0
2370.0
2325.0
1270.0
2346.0
2372.0
2360.0
2353.0
2338.0
2410.0
2406.0
2346.0
2384.0
1294.0
2294.0
2318.0
2309.0
2327.0
2315.0
2310.0
2337.0
2329.0
2310.0
1273.0
2335.0
2316.0
2305.0
2301.0
2317.0
2284.0
2291.0
2389.0
2345.0
1272.0
2337.0
2335.0
2354.0
2327.0
2338.0
2326.0
2351.0
2356.0
2305.0
1269.0
2393.0
2342.0
2375.0
2353.0
2349.0
2332.0
2334.0
1325.0
1316.0
1333.0
2304.0
2294.0
2340.0
2330.0
2396.0
2330.0
2339.0
2295.0
2303.0
1261.0
2331.0
2375.0
2326.0
2350.0
2348.0
2362.0
2327.0
1322.0
1267.0
1259.0
2373.0
2344.0
2383.0
2357.0
2349.0
2359.0
2337.0
2332.0
2333.0
1295.0
2379.0
2331.0
2350.0
2312.0
2333.0
2319.0
2343.0
2343.0
2332.0
1336.0
2342.0
2316.0
2311.0
2293.0
2316.0
2344.0
2341.0
2366.0
2331.0
1274.0
2377.0
2363.0
2363.0
2396.0
2360.0
2330.0
2327.0
2310.0
2326.0
1270.0
2365.0
2360.0
2365.0
2338.0
2354.0
2338.0
2337.0
2342.0
2296.0
1311.0
2333.0
2331.0
2331.0
2332.0
2323.0
2335.0
2319.0
2375.0
2299.0
1314.0
2335.0
2338.0
2372.0
2454.0
2418.0
2379.0
2440.0
2343.0
2326.0
1283.0
2323.0
2338.0
2369.0
2363.0
2360.0
2309.0
2353.0
1293.0
1258.0
1260.0
2373.0
2383.0
2356.0
2381.0
2351.0
2329.0
2354.0
2308.0
2313.0
1338.0
2333.0
2348.0
2327.0
2311.0
2352.0
2317.0
2330.0
1306.0
1303.0
1313.0
2316.0
2304.0
2299.0
2307.0
2300.0
2303.0
2288.0
2291.0
2290.0
1272.0
2327.0
2335.0
2327.0
2319.0
2326.0
2321.0
2328.0
2313.0
2313.0
1289.0
2308.0
2332.0
2346.0
2343.0
2320.0
2333.0
2305.0
2338.0
2321.0
1324.0
2341.0
2333.0
2364.0
2381.0
2371.0
2343.0
2370.0
2346.0
2351.0
1276.0
2330.0
2301.0
2304.0
2375.0
2309.0
2334.0
2313.0
2366.0
2300.0
1272.0
2333.0
2360.0
2336.0
2336.0
2331.0
2356.0
2296.0
2317.0
2296.0
1279.0
2332.0
2317.0
2333.0
2315.0
2316.0
2334.0
2336.0
2310.0
2318.0
1280.0
2328.0
2344.0
2359.0
2370.0
2334.0
2356.0
2340.0
1282.0
1312.0
1314.0
2295.0
2327.0
2323.0
2301.0
2312.0
2308.0
2325.0
2300.0
2282.0
1268.0
2340.0
2339.0
2345.0
2345.0
2321.0
2353.0
2327.0
1305.0
1289.0
1307.0
2363.0
2378.0
2366.0
2376.0
2364.0
2379.0
2381.0
2336.0
2385.0
1343.0
2311.0
2287.0
2310.0
2300.0
2354.0
2314.0
2362.0
2362.0
2342.0
1275.0
2341.0
2325.0
2326.0
2338.0
2326.0
2314.0
2290.0
2309.0
2330.0
1258.0
2326.0
2306.0
2347.0
2326.0
2336.0
2383.0
2334.0
2338.0
2337.0
1281.0
2356.0
2364.0
2347.0
2347.0
2324.0
2331.0
2349.0
2398.0
2298.0
1334.0
2336.0
2357.0
2377.0
2363.0
2366.0
2384.0
2370.0
2403.0
2373.0
1256.0
2352.0
2309.0
2326.0
2326.0
2308.0
2296.0
2325.0
2305.0
2367.0
1282.0
2378.0
2380.0
2386.0
2425.0
2380.0
2397.0
2342.0
1346.0
1312.0
1349.0
2384.0
2387.0
2327.0
2326.0
2330.0
2342.0
2336.0
2315.0
2308.0
1325.0
2291.0
2289.0
2312.0
2341.0
2381.0
2346.0
2346.0
1268.0
1269.0
1262.0
2391.0
2384.0
2335.0
2388.0
2402.0
2390.0
2394.0
2428.0
2331.0
1305.0
2338.0
2365.0
2362.0
2340.0
2327.0
2322.0
2366.0
2383.0
2304.0
1293.0
2380.0
2387.0
2388.0
2374.0
2405.0
2372.0
2393.0
2370.0
2372.0
1341.0
2310.0
2367.0
2348.0
2409.0
2332.0
2425.0
2392.0
2379.0
2363.0
1273.0
2429.0
2382.0
2415.0
2381.0
2381.0
2399.0
2384.0
2371.0
2360.0
1317.0
2341.0
2370.0
2350.0
2363.0
2376.0
2369.0
2354.0
2359.0
2347.0
1313.0
2344.0
2327.0
2314.0
2330.0
2320.0
2339.0
2332.0
2354.0
2320.0
1304.0
2326.0
2311.0
2296.0
2295.0
2334.0
2345.0
2339.0
1269.0
1271.0
1269.0
2358.0
2351.0
2352.0
2348.0
2337.0
2353.0
2335.0
2292.0
2277.0
1270.0
2333.0
2321.0
2342.0
2330.0
2350.0
2361.0
2334.0
1280.0
1293.0
1286.0
2318.0
2337.0
2373.0
2337.0
2337.0
2342.0
2379.0
2360.0
2366.0
1265.0
2340.0
2357.0
2309.0
2324.0
2336.0
2298.0
2291.0
2313.0
2316.0
1259.0
2334.0
2335.0
2320.0
2324.0
2316.0
2326.0
2323.0
2312.0
2303.0
1277.0
2319.0
2308.0
2318.0
2405.0
2312.0
2346.0
2357.0
2309.0
2288.0
1320.0
2354.0
2326.0
2310.0
2362.0
2377.0
2299.0
2340.0
2301.0
2322.0
1287.0
2338.0
2320.0
2355.0
2298.0
2321.0
2308.0
2326.0
2397.0
2328.0
1270.0
2306.0
2332.0
2314.0
2361.0
2341.0
2311.0
2315.0
2304.0
2278.0
1257.0
2342.0
2348.0
2365.0
2342.0
2364.0
2380.0
2356.0
1322.0
1296.0
1313.0
2315.0
2305.0
2315.0
2312.0
2308.0
2349.0
2311.0
2328.0
2294.0
1259.0
2350.0
2310.0
2326.0
2238.0
2255.0
2229.0
2212.0
1273.0
1260.0
1267.0
