1.0
1.0
0.0
1.0
1.0
0.0
0.0
1.0
1.0
0.0
1.0
0.0
1.0
1.0
1.0
0.0
1.0
1.0
1.0
1.0
65.0
120.0
120.0
67.0
120.0
66.0
120.0
66.0
119.0
119.0
65.0
66.0
66.0
65.0
120.0
120.0
120.0
120.0
103.0
100.0
66.0
66.0
67.0
67.0
66.0
66.0
66.0
66.0
53.0
101.0
154.0
153.0
120.0
120.0
102.0
100.0
100.0
101.0
88.0
66.0
67.0
53.0
67.0
68.0
68.0
67.0
68.0
66.0
121.0
121.0
54.0
66.0
67.0
67.0
66.0
67.0
66.0
67.0
53.0
54.0
66.0
67.0
66.0
68.0
67.0
91.0
92.0
53.0
66.0
54.0
67.0
66.0
67.0
67.0
67.0
54.0
66.0
54.0
66.0
66.0
67.0
54.0
67.0
67.0
65.0
66.0
55.0
67.0
66.0
66.0
57.0
67.0
57.0
66.0
67.0
68.0
58.0
66.0
66.0
66.0
58.0
57.0
66.0
66.0
67.0
57.0
66.0
66.0
58.0
66.0
66.0
57.0
58.0
66.0
66.0
66.0
66.0
66.0
58.0
64.0
64.0
59.0
60.0
64.0
63.0
64.0
59.0
60.0
64.0
59.0
64.0
63.0
59.0
65.0
60.0
64.0
64.0
60.0
64.0
59.0
64.0
64.0
60.0
60.0
65.0
64.0
64.0
59.0
59.0
63.0
64.0
63.0
61.0
61.0
63.0
62.0
62.0
62.0
62.0
62.0
61.0
62.0
62.0
62.0
62.0
63.0
62.0
62.0
61.0
61.0
62.0
62.0
62.0
62.0
62.0
63.0
61.0
62.0
61.0
62.0
62.0
62.0
62.0
74.0
76.0
75.0
76.0
75.0
74.0
73.0
0.0
1.0
1.0
1.0
0.0
1.0
1.0
1.0
0.0
1.0
2.0
1.0
1.0
1.0
1.0
1.0
1.0
1.0
0.0
1.0
1.0
1.0
1.0
1.0
1.0
1.0
1.0
1.0
0.0
1.0
1.0
1.0
1.0
1.0
1.0
0.0
0.0
1.0
1.0
0.0
1.0
1.0
1.0
1.0
1.0
1.0
0.0
0.0
0.0
1.0
1.0
1.0
1.0
1.0
1.0
1.0
1.0
1.0
1.0
0.0
1.0
0.0
0.0
0.0
0.0
1.0
1.0
1.0
1.0
1.0
1.0
1.0
1.0
1.0
0.0
0.0
0.0
0.0
1.0
1.0
1.0
0.0
0.0
1.0
1.0
1.0
1.0
1.0
0.0
0.0
0.0
0.0
1.0
0.0
1.0
1.0
0.0
0.0
1.0
1.0
69.0
120.0
69.0
71.0
74.0
120.0
67.0
70.0
121.0
121.0
67.0
66.0
66.0
66.0
66.0
67.0
144.0
143.0
142.0
142.0
89.0
90.0
90.0
89.0
90.0
89.0
67.0
67.0
66.0
66.0
67.0
67.0
121.0
121.0
121.0
120.0
66.0
67.0
66.0
67.0
66.0
67.0
58.0
67.0
67.0
66.0
67.0
66.0
119.0
66.0
121.0
121.0
57.0
66.0
66.0
66.0
66.0
67.0
61.0
31.0
67.0
66.0
67.0
66.0
66.0
57.0
67.0
66.0
66.0
36.0
66.0
67.0
66.0
66.0
66.0
57.0
66.0
36.0
66.0
66.0
66.0
37.0
31.0
36.0
36.0
37.0
37.0
36.0
66.0
66.0
29.0
31.0
36.0
36.0
36.0
36.0
36.0
36.0
29.0
29.0
66.0
66.0
66.0
66.0
66.0
91.0
91.0
53.0
66.0
54.0
54.0
66.0
66.0
66.0
66.0
54.0
65.0
66.0
66.0
67.0
54.0
54.0
66.0
66.0
66.0
66.0
66.0
66.0
66.0
66.0
54.0
54.0
66.0
63.0
65.0
66.0
65.0
66.0
56.0
66.0
57.0
66.0
57.0
67.0
66.0
66.0
66.0
66.0
56.0
31.0
66.0
66.0
57.0
57.0
66.0
67.0
67.0
67.0
32.0
36.0
66.0
67.0
57.0
58.0
58.0
66.0
65.0
36.0
36.0
36.0
71.0
76.0
75.0
72.0
72.0
72.0
76.0
34.0
34.0
47.0
77.0
48.0
35.0
35.0
34.0
36.0
33.0
34.0
35.0
35.0
35.0
32.0
32.0
33.0
34.0
32.0
35.0
35.0
36.0
35.0
64.0
59.0
59.0
59.0
59.0
64.0
63.0
64.0
63.0
63.0
61.0
62.0
61.0
60.0
61.0
61.0
61.0
62.0
61.0
61.0
61.0
61.0
61.0
62.0
61.0
61.0
61.0
62.0
61.0
61.0
62.0
62.0
61.0
61.0
62.0
62.0
62.0
62.0
61.0
61.0
93.0
93.0
93.0
93.0
93.0
93.0
93.0
94.0
93.0
66.0
63.0
62.0
62.0
62.0
61.0
62.0
62.0
61.0
34.0
33.0
61.0
61.0
62.0
61.0
62.0
62.0
61.0
34.0
34.0
34.0
62.0
62.0
61.0
61.0
62.0
61.0
61.0
34.0
34.0
34.0
63.0
33.0
34.0
34.0
34.0
34.0
34.0
33.0
33.0
34.0
34.0
33.0
34.0
34.0
34.0
33.0
35.0
34.0
33.0
33.0
61.0
61.0
62.0
61.0
62.0
61.0
62.0
62.0
62.0
62.0
61.0
62.0
62.0
62.0
61.0
61.0
61.0
61.0
62.0
61.0
61.0
61.0
61.0
62.0
62.0
61.0
62.0
61.0
61.0
61.0
61.0
61.0
61.0
61.0
62.0
61.0
61.0
61.0
61.0
61.0
61.0
62.0
62.0
62.0
61.0
62.0
62.0
62.0
62.0
34.0
62.0
62.0
61.0
62.0
61.0
62.0
61.0
61.0
33.0
34.0
61.0
63.0
61.0
61.0
61.0
61.0
62.0
34.0
34.0
33.0
63.0
61.0
62.0
61.0
61.0
61.0
61.0
34.0
34.0
34.0
61.0
34.0
34.0
34.0
34.0
33.0
33.0
34.0
33.0
34.0
34.0
34.0
33.0
34.0
34.0
34.0
38.0
34.0
33.0
33.0
62.0
61.0
61.0
62.0
61.0
61.0
61.0
61.0
62.0
61.0
61.0
62.0
62.0
62.0
62.0
62.0
61.0
62.0
61.0
61.0
61.0
61.0
62.0
61.0
61.0
61.0
61.0
61.0
61.0
62.0
77.0
76.0
76.0
77.0
76.0
77.0
76.0
76.0
77.0
76.0
61.0
63.0
62.0
61.0
61.0
61.0
61.0
61.0
61.0
33.0
61.0
61.0
61.0
62.0
62.0
62.0
62.0
61.0
34.0
33.0
62.0
62.0
62.0
61.0
61.0
62.0
61.0
34.0
34.0
34.0
94.0
94.0
94.0
93.0
93.0
94.0
94.0
67.0
66.0
68.0
62.0
36.0
34.0
34.0
34.0
34.0
34.0
34.0
33.0
34.0
33.0
34.0
33.0
33.0
34.0
34.0
34.0
34.0
34.0
34.0
62.0
62.0
63.0
62.0
62.0
62.0
61.0
61.0
61.0
62.0
62.0
62.0
61.0
61.0
62.0
61.0
62.0
61.0
62.0
61.0
62.0
62.0
62.0
62.0
61.0
62.0
61.0
61.0
62.0
62.0
63.0
61.0
62.0
62.0
61.0
62.0
61.0
62.0
61.0
61.0
62.0
61.0
62.0
62.0
61.0
62.0
62.0
61.0
61.0
34.0
62.0
61.0
62.0
62.0
61.0
61.0
61.0
62.0
34.0
34.0
61.0
61.0
62.0
62.0
62.0
62.0
63.0
33.0
34.0
34.0
62.0
61.0
61.0
62.0
61.0
61.0
61.0
34.0
34.0
34.0
62.0
34.0
34.0
33.0
33.0
34.0
34.0
34.0
34.0
34.0
33.0
34.0
34.0
34.0
33.0
34.0
33.0
34.0
34.0
34.0
62.0
61.0
61.0
61.0
62.0
61.0
62.0
61.0
61.0
62.0
62.0
62.0
62.0
62.0
61.0
63.0
61.0
62.0
61.0
62.0
62.0
63.0
61.0
61.0
62.0
61.0
61.0
62.0
62.0
62.0
61.0
62.0
61.0
61.0
61.0
62.0
61.0
62.0
61.0
61.0
62.0
61.0
62.0
61.0
62.0
62.0
60.0
62.0
62.0
34.0
61.0
62.0
61.0
62.0
61.0
61.0
62.0
61.0
33.0
33.0
77.0
77.0
77.0
76.0
76.0
76.0
76.0
49.0
48.0
49.0
61.0
61.0
61.0
61.0
62.0
61.0
61.0
34.0
34.0
33.0
61.0
33.0
34.0
34.0
34.0
33.0
33.0
33.0
33.0
34.0
34.0
33.0
33.0
33.0
34.0
34.0
34.0
34.0
33.0
34.0
61.0
62.0
62.0
62.0
61.0
62.0
62.0
61.0
60.0
61.0
61.0
62.0
61.0
61.0
92.0
92.0
92.0
92.0
91.0
91.0
93.0
92.0
93.0
92.0
62.0
62.0
62.0
61.0
62.0
61.0
62.0
63.0
62.0
62.0
61.0
62.0
62.0
61.0
61.0
63.0
61.0
62.0
62.0
62.0
62.0
61.0
62.0
61.0
62.0
34.0
62.0
61.0
62.0
62.0
62.0
62.0
62.0
61.0
33.0
34.0
62.0
61.0
61.0
61.0
61.0
62.0
62.0
34.0
33.0
34.0
61.0
61.0
61.0
61.0
61.0
62.0
61.0
34.0
33.0
33.0
62.0
34.0
34.0
34.0
33.0
33.0
33.0
33.0
33.0
33.0
34.0
33.0
33.0
34.0
34.0
34.0
34.0
34.0
33.0
33.0
61.0
62.0
62.0
61.0
61.0
61.0
61.0
61.0
61.0
62.0
62.0
61.0
61.0
61.0
61.0
61.0
61.0
62.0
62.0
61.0
61.0
61.0
61.0
61.0
61.0
62.0
62.0
61.0
61.0
61.0
62.0
61.0
62.0
62.0
62.0
61.0
61.0
61.0
61.0
61.0
62.0
60.0
61.0
61.0
61.0
62.0
62.0
61.0
62.0
34.0
62.0
61.0
61.0
61.0
62.0
61.0
61.0
61.0
33.0
33.0
62.0
62.0
61.0
61.0
61.0
61.0
61.0
33.0
34.0
33.0
62.0
61.0
61.0
61.0
61.0
61.0
62.0
33.0
33.0
33.0
62.0
34.0
34.0
33.0
34.0
34.0
33.0
33.0
34.0
33.0
34.0
34.0
34.0
34.0
34.0
33.0
34.0
34.0
34.0
33.0
61.0
75.0
75.0
75.0
76.0
75.0
76.0
76.0
76.0
76.0
76.0
62.0
62.0
63.0
62.0
62.0
62.0
62.0
61.0
61.0
61.0
62.0
61.0
62.0
61.0
62.0
61.0
61.0
61.0
62.0
61.0
61.0
61.0
61.0
62.0
62.0
61.0
62.0
61.0
61.0
62.0
61.0
61.0
61.0
61.0
62.0
61.0
61.0
61.0
34.0
94.0
95.0
95.0
94.0
95.0
95.0
96.0
94.0
67.0
67.0
62.0
62.0
62.0
61.0
62.0
62.0
62.0
34.0
34.0
34.0
61.0
62.0
63.0
61.0
62.0
61.0
62.0
33.0
34.0
34.0
62.0
33.0
34.0
33.0
33.0
34.0
34.0
33.0
34.0
34.0
34.0
35.0
34.0
33.0
34.0
34.0
33.0
34.0
34.0
33.0
62.0
61.0
62.0
61.0
62.0
61.0
62.0
62.0
63.0
61.0
63.0
62.0
62.0
62.0
62.0
61.0
62.0
61.0
62.0
61.0
61.0
61.0
61.0
61.0
63.0
61.0
61.0
63.0
61.0
61.0
63.0
62.0
61.0
62.0
61.0
62.0
63.0
62.0
61.0
61.0
62.0
62.0
61.0
61.0
61.0
62.0
61.0
62.0
61.0
34.0
62.0
61.0
62.0
61.0
62.0
61.0
62.0
62.0
34.0
34.0
61.0
62.0
61.0
62.0
61.0
62.0
61.0
34.0
34.0
34.0
61.0
62.0
62.0
61.0
62.0
61.0
61.0
34.0
33.0
34.0
62.0
35.0
34.0
34.0
34.0
34.0
34.0
34.0
33.0
33.0
34.0
34.0
33.0
34.0
34.0
34.0
34.0
33.0
34.0
34.0
62.0
61.0
61.0
61.0
61.0
62.0
62.0
61.0
61.0
62.0
62.0
62.0
62.0
61.0
61.0
61.0
63.0
61.0
61.0
61.0
62.0
61.0
61.0
62.0
62.0
62.0
62.0
61.0
61.0
62.0
62.0
62.0
61.0
61.0
61.0
62.0
61.0
61.0
75.0
74.0
75.0
76.0
77.0
76.0
77.0
76.0
77.0
76.0
63.0
35.0
61.0
61.0
61.0
61.0
62.0
61.0
61.0
61.0
33.0
33.0
62.0
61.0
62.0
61.0
61.0
61.0
61.0
34.0
34.0
33.0
61.0
61.0
62.0
61.0
61.0
61.0
61.0
34.0
34.0
34.0
62.0
34.0
34.0
34.0
33.0
33.0
33.0
33.0
34.0
34.0
34.0
33.0
34.0
33.0
34.0
33.0
34.0
33.0
33.0
33.0
94.0
95.0
94.0
95.0
94.0
95.0
94.0
95.0
95.0
94.0
62.0
62.0
63.0
62.0
63.0
61.0
61.0
61.0
62.0
61.0
62.0
63.0
62.0
61.0
62.0
61.0
61.0
62.0
61.0
61.0
62.0
62.0
62.0
62.0
62.0
61.0
62.0
62.0
62.0
62.0
62.0
62.0
62.0
63.0
61.0
61.0
61.0
61.0
62.0
34.0
62.0
61.0
61.0
62.0
61.0
61.0
61.0
61.0
33.0
34.0
62.0
62.0
62.0
62.0
62.0
62.0
62.0
33.0
34.0
33.0
62.0
62.0
61.0
62.0
62.0
62.0
62.0
35.0
34.0
34.0
61.0
34.0
34.0
33.0
34.0
33.0
33.0
33.0
34.0
33.0
34.0
34.0
34.0
33.0
34.0
34.0
34.0
34.0
34.0
33.0
63.0
62.0
61.0
63.0
61.0
61.0
62.0
62.0
62.0
62.0
62.0
62.0
62.0
62.0
61.0
62.0
62.0
62.0
61.0
62.0
61.0
62.0
62.0
62.0
62.0
61.0
62.0
62.0
61.0
62.0
62.0
62.0
62.0
61.0
62.0
61.0
62.0
61.0
62.0
62.0
61.0
62.0
63.0
61.0
62.0
62.0
62.0
62.0
62.0
34.0
61.0
62.0
62.0
62.0
61.0
62.0
61.0
62.0
34.0
34.0
62.0
61.0
62.0
61.0
61.0
61.0
62.0
34.0
34.0
34.0
62.0
61.0
61.0
61.0
62.0
61.0
62.0
34.0
34.0
34.0
76.0
47.0
47.0
47.0
48.0
48.0
48.0
48.0
48.0
48.0
35.0
35.0
35.0
34.0
34.0
34.0
34.0
33.0
34.0
33.0
61.0
61.0
61.0
61.0
61.0
62.0
62.0
62.0
61.0
61.0
62.0
62.0
62.0
62.0
62.0
61.0
61.0
61.0
61.0
61.0
62.0
62.0
61.0
61.0
61.0
61.0
62.0
61.0
61.0
61.0
62.0
61.0
62.0
62.0
61.0
62.0
61.0
61.0
94.0
94.0
96.0
95.0
95.0
95.0
95.0
94.0
94.0
95.0
61.0
34.0
62.0
62.0
62.0
61.0
62.0
62.0
62.0
61.0
34.0
34.0
62.0
62.0
62.0
62.0
62.0
63.0
62.0
34.0
34.0
34.0
61.0
61.0
62.0
61.0
62.0
61.0
62.0
34.0
33.0
33.0
62.0
35.0
34.0
34.0
34.0
34.0
33.0
34.0
34.0
33.0
33.0
34.0
34.0
34.0
34.0
34.0
33.0
33.0
35.0
34.0
62.0
62.0
61.0
61.0
61.0
61.0
61.0
61.0
61.0
62.0
61.0
61.0
62.0
61.0
61.0
61.0
61.0
61.0
62.0
61.0
62.0
61.0
62.0
61.0
62.0
62.0
61.0
61.0
61.0
62.0
62.0
62.0
61.0
61.0
62.0
61.0
61.0
62.0
61.0
61.0
61.0
62.0
61.0
61.0
61.0
61.0
61.0
61.0
62.0
33.0
62.0
62.0
61.0
61.0
62.0
62.0
61.0
61.0
34.0
33.0
61.0
62.0
62.0
61.0
62.0
61.0
61.0
34.0
34.0
34.0
62.0
61.0
61.0
61.0
61.0
61.0
61.0
33.0
34.0
33.0
62.0
33.0
33.0
34.0
33.0
33.0
34.0
34.0
33.0
33.0
34.0
33.0
33.0
34.0
34.0
33.0
34.0
34.0
34.0
33.0
61.0
62.0
61.0
61.0
61.0
62.0
62.0
62.0
61.0
62.0
62.0
61.0
61.0
62.0
61.0
61.0
61.0
61.0
62.0
61.0
61.0
61.0
61.0
62.0
62.0
74.0
75.0
76.0
75.0
75.0
77.0
77.0
77.0
76.0
76.0
63.0
62.0
63.0
62.0
61.0
61.0
61.0
61.0
61.0
62.0
61.0
62.0
61.0
61.0
33.0
62.0
61.0
61.0
61.0
61.0
61.0
61.0
61.0
34.0
34.0
61.0
61.0
61.0
62.0
62.0
61.0
61.0
34.0
34.0
34.0
62.0
61.0
62.0
62.0
61.0
62.0
61.0
33.0
34.0
34.0
95.0
33.0
33.0
33.0
34.0
66.0
67.0
67.0
67.0
68.0
68.0
67.0
67.0
66.0
35.0
33.0
34.0
34.0
33.0
34.0
62.0
62.0
62.0
61.0
62.0
62.0
63.0
62.0
61.0
62.0
62.0
62.0
62.0
62.0
62.0
63.0
62.0
62.0
61.0
61.0
62.0
62.0
62.0
62.0
61.0
62.0
62.0
61.0
61.0
61.0
61.0
61.0
62.0
61.0
62.0
61.0
62.0
61.0
61.0
61.0
62.0
62.0
62.0
61.0
61.0
62.0
61.0
61.0
61.0
33.0
62.0
61.0
61.0
61.0
62.0
62.0
61.0
62.0
34.0
34.0
61.0
61.0
61.0
61.0
61.0
61.0
61.0
33.0
34.0
33.0
61.0
61.0
61.0
61.0
62.0
61.0
61.0
33.0
34.0
34.0
61.0
33.0
34.0
34.0
33.0
34.0
34.0
33.0
33.0
34.0
34.0
34.0
33.0
34.0
33.0
33.0
34.0
34.0
33.0
33.0
62.0
61.0
62.0
62.0
61.0
61.0
61.0
61.0
61.0
62.0
61.0
62.0
61.0
61.0
61.0
62.0
61.0
61.0
61.0
61.0
61.0
61.0
61.0
61.0
62.0
61.0
61.0
61.0
61.0
61.0
61.0
62.0
62.0
62.0
61.0
61.0
61.0
62.0
61.0
61.0
62.0
62.0
61.0
61.0
61.0
61.0
61.0
61.0
61.0
33.0
62.0
61.0
62.0
63.0
63.0
62.0
61.0
61.0
34.0
34.0
62.0
61.0
61.0
61.0
62.0
75.0
75.0
33.0
33.0
34.0
76.0
76.0
76.0
76.0
76.0
76.0
76.0
49.0
35.0
35.0
62.0
34.0
34.0
34.0
34.0
34.0
34.0
34.0
33.0
33.0
33.0
33.0
33.0
33.0
33.0
33.0
33.0
33.0
32.0
31.0
