6.0
4.0
5.0
4.0
7.0
5.0
6.0
5.0
7.0
6.0
4.0
5.0
4.0
5.0
5.0
5.0
4.0
5.0
4.0
4.0
4.0
5.0
5.0
5.0
4.0
5.0
5.0
4.0
4.0
4.0
5.0
5.0
5.0
5.0
5.0
4.0
4.0
5.0
5.0
4.0
5.0
5.0
5.0
5.0
4.0
5.0
4.0
4.0
4.0
4.0
5.0
4.0
5.0
4.0
5.0
4.0
5.0
4.0
5.0
4.0
5.0
5.0
4.0
4.0
5.0
5.0
5.0
4.0
4.0
5.0
4.0
4.0
4.0
5.0
4.0
4.0
4.0
5.0
5.0
5.0
4.0
5.0
5.0
5.0
4.0
4.0
4.0
4.0
5.0
4.0
4.0
4.0
5.0
5.0
4.0
4.0
5.0
5.0
4.0
5.0
4.0
4.0
4.0
5.0
4.0
5.0
5.0
5.0
4.0
5.0
4.0
5.0
4.0
5.0
5.0
5.0
5.0
5.0
5.0
5.0
4.0
4.0
5.0
4.0
4.0
5.0
4.0
4.0
5.0
4.0
4.0
4.0
4.0
4.0
5.0
4.0
5.0
5.0
5.0
4.0
5.0
4.0
4.0
5.0
5.0
5.0
5.0
5.0
5.0
4.0
4.0
5.0
5.0
4.0
5.0
5.0
4.0
4.0
4.0
5.0
4.0
4.0
4.0
5.0
4.0
4.0
4.0
5.0
5.0
4.0
4.0
5.0
5.0
5.0
5.0
5.0
5.0
4.0
5.0
5.0
5568.0
5593.0
5583.0
5561.0
5575.0
5603.0
5602.0
5569.0
5591.0
5597.0
5590.0
5601.0
5579.0
5609.0
5622.0
5601.0
5604.0
5604.0
5435.0
5392.0
5391.0
5418.0
5360.0
5356.0
5346.0
4.0
5.0
4.0
5.0
4.0
3.0
4.0
5.0
6.0
6.0
4.0
4.0
4.0
6.0
4.0
3.0
6.0
3.0
4.0
4.0
6.0
4.0
6.0
4.0
3.0
4.0
7.0
3.0
4.0
6.0
4.0
4.0
4.0
4.0
6.0
4.0
6.0
4.0
4.0
4.0
4.0
6.0
4.0
6.0
4.0
3.0
3.0
4.0
4.0
6.0
6.0
4.0
4.0
4.0
6.0
6.0
3.0
3.0
4.0
4.0
4.0
4.0
7.0
6.0
4.0
4.0
4.0
4.0
6.0
6.0
4.0
4.0
4.0
4.0
4.0
3.0
6.0
6.0
4.0
4.0
6.0
4.0
4.0
7.0
4.0
3.0
4.0
3.0
6.0
6.0
4.0
4.0
4.0
4.0
6.0
3.0
3.0
6.0
4.0
4.0
4.0
4.0
6.0
6.0
4.0
4.0
4.0
4.0
6.0
3.0
6.0
4.0
4.0
4.0
4.0
4.0
7.0
4.0
6.0
4.0
4.0
4.0
6.0
6.0
3.0
3.0
4.0
4.0
4.0
4.0
6.0
6.0
3.0
3.0
4.0
4.0
6.0
6.0
4.0
4.0
4.0
3.0
4.0
4.0
6.0
6.0
3.0
4.0
6.0
4.0
7.0
4.0
4.0
3.0
4.0
3.0
4.0
6.0
6.0
4.0
4.0
4.0
4.0
4.0
7.0
6.0
4.0
4.0
4.0
4.0
4.0
4.0
7.0
6.0
4.0
4.0
3.0
6.0
6.0
4.0
4.0
4.0
3.0
4.0
4.0
6.0
6.0
4.0
4.0
4.0
6.0
6.0
3.0
3.0
4.0
3.0
3.0
3.0
6.0
6.0
4.0
4.0
4.0
4.0
6.0
6.0
4.0
4.0
4.0
4.0
4.0
4.0
6.0
6.0
4.0
4.0
6.0
4.0
6.0
4.0
4.0
4.0
4.0
4.0
4.0
4.0
6.0
6.0
4.0
4.0
4.0
4.0
6.0
7.0
4.0
4.0
4.0
4.0
4.0
4.0
7.0
6.0
4.0
4.0
6.0
6.0
4.0
4.0
3.0
3.0
4.0
4.0
3.0
6.0
5.0
4.0
4.0
4.0
6.0
4.0
4.0
4.0
4.0
4.0
4.0
4.0
4.0
6.0
4.0
3.0
4.0
4.0
4.0
6.0
4.0
4.0
3.0
3.0
4.0
3.0
4.0
4.0
4.0
3.0
4.0
6.0
3.0
6.0
4.0
4.0
3.0
4.0
3.0
3.0
4.0
4.0
4.0
4.0
6.0
3.0
4.0
4.0
3.0
4.0
6.0
4.0
3.0
3.0
4.0
4.0
4.0
4.0
4.0
6.0
3.0
3.0
3.0
3.0
6.0
3.0
4.0
3.0
4.0
3.0
4.0
4.0
3.0
6.0
3.0
3.0
3.0
4.0
4.0
4.0
6.0
4.0
4.0
3.0
4.0
3.0
4.0
3.0
4.0
6.0
4.0
4.0
4.0
4.0
4.0
6.0
4.0
3.0
4.0
3.0
4.0
4.0
4.0
4.0
6.0
4.0
4.0
3.0
4.0
7.0
4.0
4.0
4.0
4.0
3.0
4.0
3.0
4.0
4.0
4.0
6.0
3.0
4.0
3.0
6.0
4.0
3.0
4.0
4.0
4.0
4.0
4.0
4.0
3.0
7.0
3.0
3.0
3.0
4.0
3.0
6.0
4.0
3.0
4.0
4.0
4.0
3.0
3.0
3.0
4.0
4.0
6.0
4.0
3.0
4.0
4.0
7.0
3.0
3.0
4.0
4.0
4.0
3.0
4.0
4.0
6.0
3.0
3.0
3.0
4.0
4.0
6.0
4.0
3.0
4.0
4.0
6.0
4.0
3.0
4.0
6.0
4.0
4.0
4.0
6.0
3.0
4.0
5.0
4.0
4.0
4.0
4.0
4.0
3.0
7.0
4.0
4.0
5.0
4.0
6.0
4.0
4.0
4.0
4.0
5.0
5.0
3.0
3.0
4.0
4.0
6.0
4.0
4.0
6.0
4.0
3.0
4.0
4.0
4.0
4.0
4.0
4.0
4.0
3.0
6.0
3.0
4.0
4.0
4.0
6.0
4.0
4.0
3.0
4.0
4.0
3.0
4.0
4.0
3.0
4.0
3.0
6.0
4.0
6.0
4.0
4.0
3.0
4.0
3.0
4.0
3.0
3.0
4.0
3.0
6.0
3.0
4.0
4.0
4.0
3.0
6.0
4.0
3.0
3.0
3.0
4.0
3.0
4.0
4.0
4.0
6.0
3.0
4.0
4.0
6.0
4.0
4.0
4.0
4.0
4.0
3.0
4.0
4.0
3.0
4.0
5.0
3.0
3.0
4.0
3.0
6.0
4.0
4.0
4.0
4.0
4.0
3.0
4.0
4.0
7.0
3.0
3.0
4.0
3.0
4.0
6.0
4.0
4.0
4.0
4.0
4.0
3.0
3.0
4.0
4.0
6.0
4.0
5.0
6.0
4.0
4.0
4.0
3.0
4.0
4.0
4.0
3.0
3.0
4.0
4.0
4.0
6.0
3.0
4.0
6.0
4.0
3.0
3.0
4.0
4.0
4.0
4.0
3.0
3.0
3.0
6.0
4.0
3.0
3.0
4.0
5.0
4.0
4.0
3.0
3.0
4.0
3.0
3.0
4.0
3.0
3.0
3.0
4.0
3.0
4.0
3.0
4.0
4.0
3.0
3.0
3.0
3.0
4.0
4.0
4.0
3.0
3.0
4.0
4.0
3.0
4.0
4.0
3.0
3.0
4.0
4.0
4.0
4.0
4.0
4.0
3.0
4.0
4.0
4.0
3.0
4.0
4.0
4.0
4.0
4.0
4.0
3.0
4.0
4.0
3.0
3.0
4.0
3.0
4.0
4.0
4.0
4.0
4.0
4.0
4.0
4.0
3.0
4.0
3.0
3.0
3.0
4.0
3.0
3.0
3.0
3.0
4.0
4.0
4.0
4.0
3.0
3.0
4.0
4.0
3.0
4.0
3.0
4.0
3.0
4.0
4.0
4.0
3.0
4.0
4.0
78.0
4.0
78.0
77.0
78.0
78.0
78.0
78.0
77.0
77.0
77.0
4.0
4.0
4.0
4.0
4.0
4.0
4.0
4.0
4.0
4.0
3.0
4.0
3.0
3.0
3.0
4.0
4.0
4.0
4.0
3.0
3.0
3.0
4.0
3.0
3.0
4.0
4.0
4.0
4.0
4.0
3.0
4.0
4.0
4.0
4.0
3.0
4.0
4.0
4.0
4.0
4.0
3.0
3.0
4.0
4.0
4.0
4.0
4.0
4.0
4.0
4.0
3.0
3.0
4.0
4.0
3.0
4.0
4.0
4.0
4.0
4.0
4.0
3.0
4.0
4.0
3.0
3.0
3.0
4.0
3.0
4.0
4.0
3.0
4.0
3.0
4.0
4.0
4.0
3.0
3.0
4.0
3.0
3.0
3.0
3.0
4.0
4.0
4.0
4.0
4.0
4.0
4.0
3.0
3.0
3.0
3.0
4.0
4.0
4.0
4.0
4.0
4.0
3.0
3.0
3.0
4.0
4.0
4.0
4.0
4.0
4.0
4.0
3.0
3.0
3.0
4.0
4.0
4.0
4.0
4.0
4.0
3.0
4.0
4.0
4.0
4.0
3.0
4.0
3.0
4.0
4.0
3.0
3.0
4.0
4.0
4.0
3.0
3.0
4.0
3.0
4.0
3.0
4.0
4.0
4.0
4.0
4.0
4.0
4.0
3.0
4.0
4.0
4.0
4.0
4.0
3.0
3.0
3.0
4.0
4.0
4.0
4.0
4.0
4.0
3.0
4.0
3.0
4.0
4.0
4.0
4.0
4.0
4.0
4.0
4.0
4.0
3.0
4.0
4.0
4.0
3.0
4.0
4.0
4.0
3.0
3.0
4.0
4.0
3.0
4.0
4.0
3.0
4.0
4.0
4.0
3.0
4.0
3.0
3.0
3.0
3.0
4.0
4.0
4.0
4.0
3.0
4.0
3.0
4.0
3.0
4.0
4.0
4.0
4.0
4.0
4.0
4.0
3.0
4.0
3.0
4.0
4.0
4.0
3.0
4.0
4.0
4.0
3.0
3.0
4.0
4.0
4.0
3.0
4.0
3.0
4.0
4.0
4.0
3.0
4.0
4.0
4.0
4.0
3.0
3.0
4.0
4.0
4.0
3.0
3.0
3.0
4.0
4.0
4.0
3.0
4.0
4.0
4.0
4.0
3.0
3.0
3.0
4.0
4.0
4.0
3.0
4.0
4.0
4.0
3.0
4.0
3.0
4.0
4.0
4.0
4.0
3.0
4.0
4.0
4.0
4.0
3.0
4.0
4.0
3.0
4.0
4.0
3.0
4.0
3.0
4.0
4.0
3.0
4.0
4.0
3.0
4.0
4.0
4.0
3.0
4.0
4.0
4.0
3.0
4.0
4.0
4.0
4.0
4.0
4.0
4.0
4.0
3.0
3.0
4.0
3.0
4.0
4.0
4.0
4.0
4.0
3.0
4.0
4.0
4.0
4.0
4.0
4.0
4.0
4.0
4.0
3.0
4.0
4.0
4.0
4.0
4.0
3.0
4.0
3.0
3.0
4.0
4.0
4.0
3.0
4.0
4.0
4.0
3.0
3.0
4.0
4.0
4.0
4.0
4.0
3.0
4.0
4.0
4.0
3.0
4.0
4.0
4.0
3.0
4.0
3.0
4.0
4.0
4.0
4.0
3.0
4.0
4.0
3.0
3.0
4.0
4.0
4.0
4.0
4.0
3.0
3.0
4.0
3.0
4.0
4.0
4.0
4.0
4.0
4.0
4.0
4.0
3.0
4.0
4.0
4.0
3.0
4.0
4.0
3.0
3.0
3.0
4.0
4.0
3.0
3.0
3.0
3.0
3.0
3.0
4.0
4.0
4.0
4.0
3.0
4.0
3.0
3.0
4.0
3.0
4.0
4.0
4.0
4.0
4.0
3.0
3.0
4.0
4.0
4.0
4.0
4.0
4.0
3.0
4.0
3.0
4.0
4.0
4.0
4.0
4.0
3.0
4.0
4.0
4.0
4.0
4.0
4.0
4.0
4.0
4.0
3.0
3.0
4.0
4.0
4.0
4.0
4.0
4.0
3.0
3.0
4.0
4.0
3.0
4.0
4.0
4.0
3.0
4.0
3.0
4.0
4.0
4.0
4.0
4.0
3.0
4.0
4.0
4.0
4.0
4.0
4.0
3.0
3.0
3.0
3.0
3.0
3.0
4.0
4.0
4.0
4.0
4.0
3.0
3.0
3.0
3.0
4.0
4.0
4.0
4.0
4.0
3.0
3.0
4.0
4.0
4.0
4.0
4.0
3.0
3.0
4.0
4.0
4.0
4.0
4.0
4.0
4.0
4.0
3.0
4.0
4.0
3.0
4.0
4.0
4.0
4.0
4.0
4.0
4.0
3.0
3.0
4.0
4.0
4.0
4.0
4.0
3.0
4.0
3.0
4.0
4.0
3.0
4.0
4.0
4.0
4.0
4.0
4.0
3.0
4.0
4.0
4.0
4.0
4.0
4.0
4.0
4.0
3.0
3.0
3.0
4.0
4.0
4.0
4.0
4.0
4.0
4.0
4.0
4.0
4.0
4.0
4.0
3.0
4.0
3.0
3.0
3.0
4.0
4.0
3.0
4.0
4.0
3.0
4.0
4.0
3.0
3.0
4.0
4.0
4.0
4.0
4.0
3.0
3.0
4.0
4.0
4.0
4.0
3.0
3.0
4.0
3.0
4.0
4.0
4.0
4.0
4.0
4.0
4.0
4.0
4.0
4.0
3.0
4.0
3.0
4.0
4.0
4.0
4.0
4.0
3.0
4.0
4.0
4.0
4.0
4.0
4.0
4.0
4.0
4.0
4.0
3.0
3.0
4.0
4.0
4.0
4.0
4.0
4.0
4.0
3.0
4.0
4.0
4.0
4.0
3.0
3.0
4.0
3.0
3.0
4.0
3.0
3.0
4.0
4.0
4.0
3.0
4.0
3.0
4.0
4.0
4.0
4.0
4.0
4.0
4.0
4.0
4.0
3.0
3.0
4.0
3.0
4.0
4.0
4.0
4.0
4.0
4.0
4.0
4.0
3.0
4.0
3.0
3.0
3.0
3.0
4.0
4.0
4.0
4.0
4.0
3.0
4.0
3.0
4.0
3.0
4.0
4.0
4.0
4.0
4.0
4.0
4.0
3.0
3.0
4.0
3.0
4.0
3.0
4.0
4.0
4.0
4.0
3.0
3.0
3.0
4.0
4.0
4.0
4.0
4.0
4.0
4.0
3.0
3.0
4.0
4.0
4.0
3.0
4.0
4.0
4.0
3.0
4.0
4.0
3.0
4.0
4.0
4.0
4.0
4.0
4.0
3.0
3.0
4.0
4.0
3.0
4.0
4.0
4.0
3.0
4.0
4.0
4.0
4.0
3.0
3.0
3.0
3.0
4.0
3.0
3.0
4.0
4.0
4.0
4.0
4.0
4.0
3.0
4.0
4.0
3.0
3.0
4.0
4.0
4.0
4.0
4.0
4.0
3.0
3.0
4.0
4.0
4.0
4.0
3.0
4.0
3.0
4.0
4.0
4.0
3.0
4.0
4.0
4.0
4.0
4.0
3.0
3.0
4.0
4.0
4.0
4.0
4.0
4.0
4.0
3.0
3.0
4.0
4.0
3.0
4.0
4.0
4.0
4.0
4.0
4.0
4.0
4.0
4.0
3.0
4.0
4.0
3.0
4.0
4.0
3.0
4.0
3.0
4.0
4.0
4.0
3.0
4.0
4.0
4.0
4.0
3.0
4.0
4.0
4.0
4.0
3.0
3.0
3.0
3.0
3.0
4.0
4.0
4.0
4.0
3.0
4.0
4.0
4.0
3.0
4.0
4.0
4.0
4.0
4.0
3.0
3.0
4.0
4.0
4.0
4.0
4.0
4.0
3.0
4.0
4.0
4.0
4.0
3.0
4.0
4.0
3.0
3.0
4.0
3.0
3.0
4.0
4.0
3.0
4.0
4.0
4.0
4.0
4.0
4.0
4.0
4.0
3.0
3.0
4.0
4.0
4.0
4.0
3.0
3.0
4.0
4.0
4.0
4.0
4.0
3.0
4.0
3.0
4.0
4.0
3.0
4.0
3.0
4.0
4.0
4.0
3.0
3.0
4.0
4.0
4.0
4.0
3.0
4.0
3.0
4.0
4.0
3.0
3.0
4.0
4.0
4.0
4.0
3.0
4.0
3.0
4.0
4.0
4.0
5.0
5.0
4.0
4.0
4.0
3.0
4.0
4.0
3.0
4.0
4.0
4.0
4.0
4.0
4.0
4.0
3.0
4.0
4.0
4.0
4.0
4.0
4.0
3.0
4.0
4.0
3.0
3.0
4.0
4.0
4.0
4.0
4.0
3.0
4.0
4.0
4.0
4.0
3.0
4.0
3.0
4.0
3.0
3.0
4.0
4.0
4.0
4.0
3.0
6488.0
6523.0
6435.0
6537.0
6562.0
6351.0
6528.0
6435.0
6042.0
6035.0
6031.0
6218.0
6230.0
6055.0
6168.0
6190.0
6284.0
6131.0
6000.0
6091.0
6004.0
6078.0
6003.0
6155.0
6017.0
5978.0
6210.0
6198.0
6258.0
6309.0
6257.0
6359.0
6346.0
6354.0
6368.0
6341.0
6313.0
6442.0
6510.0
6462.0
6393.0
6301.0
6330.0
6284.0
6339.0
6302.0
6236.0
6281.0
6280.0
6512.0
6436.0
6239.0
6240.0
6274.0
6448.0
6218.0
6204.0
6376.0
6452.0
6333.0
6269.0
6270.0
6351.0
6666.0
6527.0
6518.0
6418.0
6505.0
6595.0
6677.0
3621.0
6505.0
6418.0
6448.0
6486.0
6478.0
6384.0
6568.0
6419.0
3544.0
3466.0
3507.0
3481.0
3560.0
3641.0
3558.0
3647.0
3617.0
3607.0
3672.0
6284.0
6424.0
6529.0
6508.0
6587.0
6557.0
6507.0
6573.0
6433.0
6567.0
6405.0
6622.0
6566.0
6556.0
6452.0
6567.0
6568.0
6560.0
6438.0
6618.0
6643.0
6572.0
6518.0
6519.0
6423.0
6500.0
6723.0
6447.0
6589.0
6484.0
6577.0
6500.0
6661.0
6525.0
6493.0
6718.0
6531.0
6436.0
6509.0
6423.0
6106.0
6022.0
5718.0
5737.0
5750.0
5774.0
5771.0
5765.0
5764.0
5740.0
5685.0
5631.0
5604.0
5766.0
5769.0
5676.0
5645.0
5751.0
5636.0
5742.0
5634.0
5652.0
5510.0
5584.0
5539.0
5565.0
5609.0
5529.0
5539.0
5538.0
3121.0
5592.0
5549.0
5642.0
5521.0
5518.0
5593.0
5577.0
5536.0
3093.0
3136.0
3005.0
2967.0
2976.0
2973.0
3001.0
2965.0
2994.0
3103.0
3096.0
5570.0
5610.0
5648.0
5623.0
5565.0
5511.0
5693.0
5655.0
5493.0
5551.0
5540.0
5497.0
5563.0
5593.0
5486.0
5654.0
5533.0
5552.0
5571.0
5625.0
5566.0
5529.0
5469.0
5550.0
5627.0
5596.0
5579.0
5678.0
5623.0
5636.0
5477.0
5580.0
5573.0
5539.0
5607.0
5669.0
5667.0
5580.0
5634.0
5676.0
5699.0
5872.0
5824.0
5692.0
5663.0
5854.0
5623.0
5604.0
5859.0
5932.0
5665.0
5724.0
5727.0
5710.0
5698.0
5624.0
5588.0
5590.0
5573.0
5594.0
5563.0
5610.0
5789.0
5782.0
5614.0
5644.0
5621.0
5614.0
5633.0
5614.0
3175.0
5581.0
5695.0
5602.0
5603.0
5655.0
5700.0
5692.0
2987.0
3149.0
3121.0
2960.0
2990.0
2976.0
2977.0
2847.0
2844.0
2714.0
2719.0
