1.0
0.0
1.0
1.0
0.0
1.0
1.0
0.0
1.0
0.0
0.0
1.0
1.0
0.0
1.0
0.0
1.0
1.0
0.0
1.0
1.0
1.0
1.0
1.0
1.0
1.0
1.0
1.0
1.0
0.0
0.0
1.0
1.0
1.0
1.0
1.0
1.0
2.0
1.0
1.0
228.0
126.0
128.0
125.0
129.0
126.0
128.0
233.0
233.0
228.0
125.0
125.0
125.0
126.0
112.0
125.0
229.0
229.0
187.0
189.0
102.0
124.0
125.0
125.0
126.0
125.0
102.0
125.0
125.0
124.0
125.0
126.0
125.0
125.0
101.0
190.0
190.0
124.0
125.0
124.0
125.0
126.0
124.0
103.0
103.0
125.0
124.0
125.0
126.0
126.0
124.0
127.0
102.0
102.0
125.0
153.0
146.0
147.0
129.0
128.0
146.0
146.0
146.0
146.0
146.0
102.0
102.0
124.0
125.0
125.0
125.0
125.0
124.0
121.0
124.0
106.0
107.0
129.0
125.0
124.0
125.0
124.0
125.0
108.0
125.0
108.0
108.0
125.0
124.0
126.0
108.0
124.0
124.0
124.0
125.0
108.0
107.0
108.0
125.0
125.0
124.0
125.0
124.0
125.0
112.0
109.0
125.0
115.0
135.0
129.0
128.0
130.0
130.0
119.0
131.0
131.0
132.0
120.0
124.0
125.0
124.0
124.0
125.0
118.0
118.0
124.0
124.0
118.0
125.0
119.0
125.0
125.0
125.0
126.0
118.0
125.0
125.0
139.0
139.0
145.0
145.0
144.0
145.0
141.0
145.0
145.0
144.0
120.0
118.0
124.0
119.0
124.0
124.0
124.0
125.0
123.0
123.0
118.0
181.0
182.0
183.0
183.0
182.0
182.0
182.0
180.0
176.0
181.0
119.0
116.0
0.0
1.0
1.0
0.0
1.0
0.0
0.0
1.0
0.0
1.0
1.0
1.0
1.0
1.0
1.0
1.0
1.0
1.0
1.0
0.0
0.0
0.0
0.0
1.0
1.0
1.0
1.0
1.0
0.0
1.0
1.0
0.0
1.0
1.0
1.0
1.0
1.0
1.0
1.0
1.0
1.0
1.0
0.0
0.0
0.0
0.0
0.0
1.0
1.0
1.0
1.0
1.0
1.0
1.0
1.0
1.0
0.0
0.0
1.0
0.0
1.0
1.0
1.0
1.0
1.0
1.0
1.0
1.0
0.0
0.0
0.0
1.0
1.0
0.0
1.0
1.0
1.0
1.0
1.0
1.0
1.0
0.0
0.0
0.0
0.0
1.0
1.0
1.0
1.0
1.0
1.0
1.0
1.0
1.0
0.0
0.0
0.0
1.0
0.0
1.0
1.0
1.0
1.0
1.0
1.0
1.0
0.0
0.0
0.0
1.0
0.0
1.0
0.0
1.0
1.0
1.0
1.0
1.0
0.0
0.0
0.0
0.0
1.0
0.0
1.0
1.0
1.0
1.0
1.0
1.0
1.0
1.0
1.0
0.0
0.0
1.0
0.0
1.0
1.0
1.0
1.0
1.0
1.0
1.0
0.0
1.0
0.0
1.0
0.0
1.0
1.0
1.0
1.0
1.0
1.0
1.0
0.0
1.0
0.0
0.0
0.0
1.0
1.0
1.0
1.0
1.0
1.0
1.0
1.0
1.0
0.0
0.0
0.0
1.0
0.0
0.0
1.0
1.0
1.0
1.0
1.0
1.0
1.0
0.0
1.0
1.0
0.0
0.0
1.0
1.0
1.0
1.0
1.0
1.0
1.0
1.0
0.0
0.0
0.0
1.0
1.0
1.0
1.0
1.0
1.0
1.0
1.0
1.0
0.0
0.0
0.0
1.0
1.0
1.0
0.0
1.0
1.0
1.0
1.0
1.0
1.0
1.0
0.0
1.0
0.0
1.0
0.0
1.0
1.0
1.0
1.0
1.0
1.0
1.0
1.0
0.0
1.0
0.0
1.0
1.0
1.0
1.0
1.0
1.0
1.0
1.0
1.0
0.0
0.0
1.0
1.0
1.0
0.0
1.0
1.0
1.0
1.0
1.0
1.0
1.0
0.0
1.0
0.0
1.0
1.0
0.0
1.0
1.0
1.0
1.0
1.0
1.0
1.0
1.0
0.0
0.0
1.0
1.0
1.0
1.0
1.0
1.0
1.0
1.0
1.0
0.0
1.0
0.0
1.0
1.0
0.0
0.0
1.0
1.0
1.0
1.0
1.0
1.0
1.0
1.0
127.0
229.0
229.0
127.0
230.0
122.0
126.0
222.0
230.0
221.0
102.0
122.0
123.0
124.0
124.0
127.0
102.0
149.0
149.0
277.0
277.0
125.0
130.0
125.0
102.0
175.0
171.0
171.0
172.0
174.0
171.0
171.0
149.0
232.0
232.0
124.0
127.0
125.0
126.0
125.0
124.0
126.0
102.0
107.0
125.0
124.0
124.0
126.0
125.0
127.0
102.0
131.0
133.0
103.0
125.0
102.0
124.0
125.0
124.0
127.0
126.0
103.0
124.0
120.0
106.0
125.0
125.0
125.0
125.0
126.0
127.0
109.0
109.0
109.0
124.0
124.0
124.0
125.0
124.0
125.0
126.0
109.0
109.0
109.0
125.0
125.0
125.0
124.0
124.0
109.0
124.0
124.0
109.0
108.0
125.0
124.0
109.0
124.0
125.0
124.0
124.0
124.0
109.0
109.0
145.0
131.0
146.0
146.0
145.0
146.0
134.0
146.0
133.0
146.0
125.0
111.0
125.0
107.0
125.0
108.0
124.0
125.0
124.0
124.0
108.0
124.0
125.0
108.0
108.0
124.0
125.0
125.0
125.0
125.0
108.0
124.0
108.0
108.0
124.0
125.0
124.0
124.0
125.0
125.0
108.0
108.0
107.0
125.0
124.0
125.0
125.0
124.0
124.0
124.0
108.0
108.0
108.0
124.0
125.0
125.0
124.0
108.0
124.0
125.0
124.0
108.0
108.0
125.0
125.0
107.0
124.0
125.0
125.0
124.0
125.0
108.0
108.0
125.0
108.0
124.0
124.0
124.0
108.0
125.0
108.0
124.0
125.0
124.0
108.0
146.0
133.0
133.0
145.0
146.0
146.0
146.0
145.0
133.0
146.0
110.0
108.0
125.0
125.0
125.0
125.0
124.0
124.0
108.0
125.0
108.0
109.0
125.0
125.0
124.0
125.0
125.0
124.0
108.0
109.0
107.0
125.0
126.0
124.0
126.0
125.0
125.0
125.0
108.0
107.0
108.0
124.0
126.0
125.0
107.0
125.0
125.0
124.0
125.0
108.0
110.0
124.0
126.0
108.0
124.0
125.0
124.0
124.0
124.0
108.0
108.0
124.0
108.0
125.0
124.0
108.0
109.0
125.0
124.0
125.0
125.0
108.0
125.0
108.0
124.0
108.0
125.0
125.0
125.0
125.0
124.0
108.0
124.0
108.0
132.0
146.0
146.0
146.0
146.0
146.0
146.0
133.0
146.0
133.0
112.0
125.0
124.0
174.0
176.0
176.0
176.0
158.0
161.0
160.0
179.0
176.0
178.0
126.0
127.0
125.0
109.0
126.0
110.0
109.0
127.0
124.0
108.0
125.0
124.0
125.0
124.0
125.0
108.0
108.0
124.0
108.0
124.0
124.0
125.0
125.0
125.0
125.0
108.0
108.0
125.0
108.0
124.0
125.0
108.0
108.0
125.0
124.0
124.0
124.0
108.0
124.0
108.0
124.0
108.0
124.0
124.0
125.0
125.0
125.0
108.0
125.0
108.0
108.0
124.0
124.0
124.0
124.0
126.0
124.0
108.0
109.0
108.0
124.0
125.0
125.0
125.0
124.0
124.0
125.0
108.0
107.0
107.0
124.0
125.0
124.0
108.0
145.0
144.0
146.0
144.0
132.0
133.0
145.0
146.0
133.0
146.0
125.0
125.0
125.0
124.0
108.0
109.0
124.0
108.0
125.0
125.0
124.0
125.0
125.0
108.0
125.0
108.0
124.0
108.0
124.0
110.0
124.0
108.0
125.0
124.0
124.0
124.0
108.0
125.0
108.0
107.0
125.0
125.0
125.0
125.0
125.0
125.0
109.0
124.0
109.0
109.0
124.0
124.0
124.0
124.0
124.0
124.0
108.0
107.0
108.0
124.0
124.0
125.0
125.0
124.0
125.0
125.0
108.0
108.0
108.0
125.0
125.0
124.0
108.0
124.0
125.0
124.0
124.0
108.0
108.0
124.0
108.0
125.0
124.0
125.0
125.0
145.0
146.0
108.0
129.0
146.0
133.0
146.0
146.0
145.0
148.0
133.0
112.0
125.0
124.0
108.0
124.0
125.0
108.0
109.0
124.0
125.0
125.0
125.0
125.0
108.0
125.0
108.0
107.0
124.0
125.0
125.0
127.0
125.0
125.0
108.0
124.0
108.0
108.0
124.0
125.0
124.0
125.0
125.0
124.0
108.0
108.0
108.0
125.0
125.0
125.0
124.0
124.0
125.0
108.0
125.0
107.0
108.0
125.0
125.0
108.0
124.0
124.0
125.0
124.0
124.0
108.0
108.0
124.0
107.0
124.0
125.0
124.0
125.0
125.0
124.0
107.0
108.0
125.0
108.0
125.0
124.0
108.0
125.0
107.0
124.0
125.0
125.0
132.0
146.0
132.0
146.0
132.0
146.0
146.0
147.0
147.0
147.0
161.0
178.0
162.0
162.0
177.0
178.0
178.0
176.0
178.0
180.0
109.0
109.0
126.0
109.0
125.0
125.0
126.0
125.0
125.0
124.0
109.0
109.0
109.0
126.0
124.0
127.0
124.0
110.0
125.0
125.0
124.0
109.0
109.0
126.0
125.0
109.0
126.0
124.0
124.0
128.0
125.0
111.0
113.0
132.0
122.0
128.0
137.0
128.0
130.0
127.0
127.0
127.0
121.0
124.0
117.0
125.0
124.0
126.0
124.0
125.0
124.0
117.0
117.0
115.0
124.0
125.0
124.0
115.0
116.0
124.0
125.0
124.0
125.0
117.0
125.0
123.0
117.0
118.0
123.0
123.0
125.0
124.0
123.0
140.0
142.0
142.0
141.0
139.0
142.0
139.0
143.0
141.0
141.0
114.0
122.0
121.0
112.0
112.0
121.0
112.0
121.0
122.0
122.0
111.0
121.0
111.0
112.0
121.0
111.0
122.0
122.0
121.0
121.0
112.0
122.0
111.0
112.0
121.0
112.0
121.0
121.0
121.0
122.0
112.0
112.0
120.0
112.0
112.0
121.0
121.0
121.0
121.0
121.0
112.0
112.0
112.0
120.0
111.0
122.0
121.0
121.0
121.0
121.0
112.0
113.0
113.0
113.0
121.0
121.0
122.0
113.0
121.0
121.0
121.0
113.0
112.0
111.0
121.0
121.0
121.0
112.0
121.0
121.0
121.0
112.0
112.0
134.0
142.0
143.0
136.0
143.0
143.0
143.0
143.0
136.0
135.0
113.0
122.0
121.0
111.0
121.0
121.0
121.0
121.0
112.0
112.0
112.0
121.0
112.0
122.0
122.0
122.0
121.0
122.0
111.0
111.0
112.0
121.0
112.0
121.0
121.0
121.0
121.0
121.0
112.0
111.0
112.0
112.0
121.0
122.0
121.0
112.0
112.0
121.0
122.0
121.0
111.0
112.0
121.0
121.0
111.0
111.0
121.0
112.0
121.0
121.0
121.0
111.0
124.0
121.0
112.0
111.0
111.0
120.0
122.0
121.0
121.0
112.0
121.0
112.0
112.0
122.0
112.0
121.0
121.0
122.0
120.0
112.0
142.0
132.0
132.0
134.0
142.0
142.0
143.0
143.0
144.0
135.0
114.0
167.0
174.0
165.0
176.0
175.0
175.0
173.0
173.0
165.0
165.0
113.0
113.0
121.0
121.0
121.0
121.0
123.0
122.0
112.0
113.0
113.0
113.0
122.0
121.0
121.0
113.0
121.0
121.0
123.0
112.0
112.0
113.0
123.0
121.0
114.0
121.0
121.0
121.0
122.0
112.0
112.0
113.0
123.0
122.0
112.0
121.0
121.0
121.0
122.0
113.0
114.0
113.0
123.0
113.0
121.0
121.0
121.0
122.0
123.0
113.0
113.0
112.0
122.0
113.0
122.0
121.0
122.0
121.0
112.0
122.0
112.0
114.0
113.0
121.0
121.0
121.0
112.0
114.0
122.0
121.0
122.0
113.0
113.0
122.0
142.0
143.0
134.0
136.0
143.0
143.0
136.0
143.0
136.0
143.0
121.0
113.0
113.0
121.0
112.0
120.0
121.0
121.0
112.0
121.0
112.0
120.0
111.0
114.0
122.0
121.0
121.0
121.0
111.0
111.0
122.0
112.0
121.0
111.0
121.0
121.0
121.0
121.0
111.0
111.0
111.0
121.0
112.0
121.0
121.0
121.0
122.0
121.0
112.0
112.0
112.0
112.0
121.0
121.0
121.0
122.0
120.0
121.0
111.0
111.0
111.0
111.0
121.0
121.0
121.0
122.0
121.0
112.0
121.0
112.0
112.0
111.0
121.0
120.0
121.0
112.0
121.0
121.0
121.0
111.0
111.0
111.0
121.0
121.0
111.0
122.0
142.0
142.0
143.0
135.0
135.0
136.0
143.0
143.0
137.0
143.0
122.0
122.0
122.0
112.0
112.0
114.0
121.0
111.0
122.0
121.0
121.0
122.0
121.0
112.0
112.0
112.0
111.0
121.0
121.0
121.0
112.0
121.0
121.0
111.0
121.0
111.0
112.0
122.0
121.0
121.0
111.0
112.0
121.0
121.0
122.0
112.0
111.0
121.0
121.0
112.0
112.0
121.0
121.0
121.0
111.0
120.0
112.0
121.0
112.0
121.0
111.0
120.0
112.0
121.0
121.0
121.0
111.0
111.0
121.0
112.0
121.0
111.0
122.0
121.0
121.0
122.0
111.0
112.0
111.0
121.0
112.0
121.0
121.0
121.0
121.0
121.0
112.0
135.0
136.0
144.0
137.0
143.0
143.0
199.0
198.0
199.0
191.0
168.0
167.0
169.0
177.0
179.0
177.0
121.0
123.0
113.0
123.0
113.0
113.0
113.0
125.0
122.0
122.0
113.0
121.0
121.0
122.0
113.0
113.0
113.0
122.0
123.0
113.0
123.0
121.0
123.0
122.0
113.0
113.0
114.0
123.0
121.0
115.0
122.0
121.0
122.0
122.0
113.0
112.0
113.0
123.0
114.0
121.0
122.0
121.0
122.0
112.0
121.0
112.0
112.0
112.0
121.0
121.0
121.0
121.0
111.0
121.0
112.0
121.0
111.0
112.0
121.0
121.0
121.0
112.0
112.0
121.0
121.0
121.0
117.0
111.0
121.0
121.0
112.0
112.0
121.0
121.0
121.0
121.0
112.0
136.0
143.0
136.0
143.0
136.0
144.0
143.0
143.0
136.0
143.0
112.0
111.0
121.0
111.0
121.0
121.0
121.0
112.0
121.0
121.0
112.0
112.0
112.0
121.0
121.0
111.0
122.0
121.0
121.0
121.0
112.0
112.0
112.0
121.0
121.0
112.0
121.0
121.0
121.0
122.0
111.0
112.0
111.0
112.0
121.0
121.0
121.0
122.0
121.0
121.0
112.0
111.0
112.0
112.0
121.0
122.0
121.0
122.0
121.0
112.0
121.0
112.0
111.0
111.0
121.0
121.0
121.0
112.0
121.0
121.0
121.0
111.0
112.0
112.0
121.0
121.0
111.0
121.0
121.0
121.0
121.0
112.0
111.0
111.0
143.0
143.0
136.0
144.0
143.0
143.0
136.0
143.0
136.0
137.0
112.0
122.0
122.0
121.0
122.0
121.0
111.0
112.0
121.0
111.0
112.0
121.0
121.0
121.0
112.0
111.0
121.0
121.0
121.0
112.0
111.0
122.0
121.0
111.0
112.0
121.0
121.0
121.0
121.0
112.0
112.0
121.0
122.0
112.0
111.0
121.0
121.0
121.0
111.0
121.0
112.0
112.0
112.0
121.0
121.0
121.0
121.0
112.0
121.0
121.0
112.0
112.0
111.0
121.0
121.0
112.0
121.0
121.0
122.0
121.0
111.0
111.0
112.0
121.0
121.0
111.0
122.0
121.0
121.0
121.0
112.0
112.0
111.0
112.0
143.0
142.0
143.0
143.0
143.0
144.0
135.0
190.0
190.0
191.0
178.0
179.0
178.0
175.0
177.0
168.0
177.0
112.0
112.0
112.0
123.0
122.0
123.0
113.0
121.0
123.0
123.0
112.0
113.0
113.0
122.0
122.0
114.0
123.0
121.0
123.0
122.0
113.0
114.0
113.0
123.0
121.0
112.0
120.0
122.0
121.0
113.0
121.0
113.0
114.0
113.0
122.0
120.0
120.0
122.0
121.0
111.0
113.0
122.0
112.0
114.0
121.0
123.0
123.0
111.0
121.0
113.0
121.0
122.0
113.0
112.0
122.0
121.0
112.0
113.0
121.0
121.0
121.0
123.0
113.0
112.0
121.0
112.0
123.0
113.0
121.0
121.0
120.0
113.0
123.0
113.0
134.0
144.0
136.0
144.0
146.0
143.0
143.0
136.0
144.0
139.0
113.0
112.0
121.0
121.0
121.0
121.0
112.0
121.0
122.0
112.0
112.0
111.0
122.0
121.0
111.0
121.0
122.0
121.0
122.0
111.0
111.0
112.0
121.0
121.0
112.0
120.0
121.0
122.0
121.0
111.0
111.0
111.0
112.0
121.0
121.0
120.0
121.0
120.0
112.0
121.0
112.0
112.0
111.0
122.0
121.0
121.0
121.0
121.0
112.0
121.0
111.0
112.0
112.0
121.0
122.0
121.0
121.0
112.0
122.0
121.0
112.0
111.0
111.0
121.0
121.0
111.0
121.0
121.0
120.0
111.0
112.0
121.0
111.0
143.0
143.0
113.0
143.0
146.0
143.0
135.0
135.0
142.0
136.0
135.0
121.0
121.0
121.0
112.0
121.0
121.0
112.0
122.0
114.0
112.0
121.0
121.0
112.0
111.0
121.0
121.0
121.0
121.0
111.0
111.0
121.0
112.0
122.0
111.0
121.0
121.0
122.0
112.0
121.0
111.0
112.0
120.0
111.0
121.0
121.0
122.0
121.0
111.0
121.0
112.0
112.0
112.0
122.0
121.0
121.0
121.0
112.0
121.0
121.0
112.0
111.0
111.0
121.0
121.0
112.0
122.0
121.0
121.0
122.0
111.0
111.0
112.0
121.0
121.0
111.0
121.0
121.0
121.0
123.0
112.0
112.0
111.0
113.0
122.0
122.0
121.0
122.0
121.0
133.0
143.0
136.0
136.0
136.0
202.0
202.0
202.0
202.0
203.0
174.0
180.0
169.0
169.0
169.0
121.0
121.0
121.0
121.0
121.0
111.0
112.0
121.0
112.0
112.0
122.0
121.0
112.0
121.0
121.0
121.0
112.0
111.0
121.0
112.0
121.0
122.0
112.0
122.0
124.0
121.0
111.0
112.0
121.0
111.0
111.0
121.0
121.0
112.0
121.0
111.0
121.0
121.0
121.0
112.0
112.0
121.0
121.0
112.0
112.0
121.0
121.0
121.0
122.0
112.0
112.0
121.0
111.0
121.0
112.0
121.0
121.0
121.0
112.0
121.0
112.0
112.0
112.0
121.0
121.0
121.0
121.0
121.0
111.0
121.0
111.0
112.0
111.0
121.0
121.0
141.0
142.0
134.0
143.0
142.0
136.0
136.0
136.0
142.0
143.0
114.0
121.0
120.0
119.0
116.0
110.0
108.0
107.0
