3.0
3.0
2.0
2.0
2.0
2.0
2.0
2.0
2.0
2.0
2.0
2.0
2.0
2.0
2.0
3.0
2.0
2.0
2.0
2.0
39.0
39.0
39.0
39.0
39.0
38.0
38.0
38.0
38.0
38.0
38.0
38.0
38.0
38.0
38.0
39.0
38.0
39.0
39.0
39.0
39.0
38.0
39.0
39.0
39.0
39.0
38.0
38.0
38.0
38.0
38.0
38.0
38.0
39.0
39.0
39.0
39.0
39.0
39.0
39.0
39.0
39.0
38.0
38.0
38.0
38.0
38.0
38.0
38.0
38.0
38.0
38.0
38.0
38.0
38.0
39.0
39.0
38.0
39.0
39.0
39.0
39.0
39.0
39.0
39.0
38.0
38.0
38.0
38.0
38.0
1769.0
1775.0
1769.0
1768.0
1767.0
1765.0
1766.0
1768.0
1766.0
1772.0
1779.0
1779.0
1781.0
1783.0
1778.0
1779.0
1779.0
1779.0
1783.0
1779.0
1762.0
1758.0
1763.0
1757.0
1757.0
1758.0
1758.0
1760.0
1757.0
1758.0
1759.0
1757.0
1760.0
1758.0
1757.0
1759.0
1759.0
1756.0
1758.0
1755.0
1751.0
1752.0
1752.0
1751.0
1751.0
1751.0
1761.0
1754.0
1752.0
1750.0
1765.0
1765.0
1764.0
1764.0
1764.0
1762.0
1766.0
1765.0
1767.0
1785.0
1761.0
1758.0
1760.0
1760.0
1760.0
1759.0
1759.0
1760.0
1761.0
1760.0
1757.0
1756.0
1754.0
1756.0
1756.0
1756.0
1755.0
1754.0
1759.0
1757.0
1757.0
1757.0
1756.0
1755.0
1756.0
1756.0
1755.0
1756.0
1758.0
1760.0
1745.0
1745.0
1745.0
1746.0
1746.0
1746.0
1749.0
1744.0
1746.0
1744.0
1801.0
1798.0
1802.0
1800.0
1799.0
1801.0
1811.0
1806.0
1802.0
1803.0
1756.0
1757.0
1757.0
1757.0
1756.0
1755.0
1755.0
1755.0
1755.0
1751.0
2.0
2.0
2.0
2.0
2.0
2.0
1.0
1.0
1.0
2.0
39.0
39.0
39.0
39.0
39.0
40.0
39.0
40.0
39.0
39.0
39.0
39.0
39.0
39.0
38.0
38.0
38.0
38.0
38.0
38.0
38.0
38.0
38.0
38.0
38.0
38.0
38.0
39.0
38.0
39.0
38.0
38.0
38.0
38.0
38.0
38.0
38.0
38.0
38.0
38.0
38.0
38.0
38.0
38.0
38.0
38.0
38.0
38.0
38.0
38.0
39.0
39.0
39.0
39.0
39.0
39.0
38.0
38.0
38.0
38.0
38.0
38.0
38.0
38.0
38.0
38.0
38.0
38.0
38.0
38.0
1764.0
1764.0
1763.0
1770.0
1764.0
1764.0
1764.0
1764.0
1767.0
1765.0
1755.0
1753.0
1755.0
1755.0
1754.0
1754.0
1755.0
1755.0
1754.0
1759.0
1770.0
1769.0
1771.0
1771.0
1771.0
1772.0
1770.0
1770.0
1772.0
1777.0
1769.0
1770.0
1770.0
1770.0
1777.0
1772.0
1771.0
1769.0
1769.0
1772.0
1756.0
1764.0
1762.0
1762.0
1761.0
1759.0
1759.0
1759.0
1755.0
1773.0
1756.0
1753.0
1756.0
1756.0
1756.0
1758.0
1759.0
1761.0
1757.0
1761.0
1774.0
1779.0
1775.0
1783.0
1780.0
1778.0
1778.0
1775.0
1775.0
1782.0
1780.0
1781.0
1779.0
1777.0
1776.0
1776.0
1775.0
1776.0
1782.0
1782.0
1759.0
1761.0
1759.0
1761.0
1760.0
1760.0
1759.0
1759.0
1759.0
1766.0
1761.0
1761.0
1762.0
1760.0
1759.0
1760.0
1759.0
1759.0
1760.0
1767.0
1760.0
1760.0
1759.0
1759.0
1763.0
1759.0
1758.0
1758.0
1756.0
1764.0
1744.0
1749.0
1748.0
1754.0
1748.0
1749.0
1751.0
1746.0
1748.0
1755.0
2.0
2.0
1.0
6.0
2.0
1.0
2.0
2.0
1.0
2.0
40.0
40.0
40.0
40.0
40.0
40.0
40.0
40.0
39.0
38.0
39.0
38.0
39.0
38.0
39.0
39.0
38.0
38.0
38.0
39.0
39.0
38.0
38.0
39.0
38.0
38.0
39.0
39.0
39.0
38.0
38.0
38.0
38.0
38.0
38.0
38.0
38.0
38.0
48.0
47.0
48.0
48.0
48.0
47.0
47.0
48.0
47.0
47.0
38.0
38.0
38.0
38.0
38.0
38.0
39.0
38.0
38.0
38.0
38.0
38.0
38.0
38.0
38.0
38.0
38.0
38.0
38.0
38.0
38.0
38.0
1742.0
1743.0
1743.0
1744.0
1744.0
1744.0
1743.0
1744.0
1749.0
1744.0
1756.0
1756.0
1758.0
1757.0
1758.0
1758.0
1757.0
1756.0
1761.0
1759.0
1760.0
1764.0
1757.0
1759.0
1759.0
1758.0
1760.0
1762.0
1766.0
1759.0
1775.0
1775.0
1781.0
1772.0
1779.0
1786.0
1770.0
1775.0
1779.0
1786.0
1756.0
1755.0
1758.0
1756.0
1756.0
1757.0
1756.0
1757.0
1763.0
1761.0
1755.0
1757.0
1755.0
1754.0
1755.0
1759.0
1757.0
1759.0
1759.0
1761.0
1761.0
1761.0
1759.0
1761.0
1759.0
1759.0
1761.0
1761.0
1761.0
1764.0
1746.0
1745.0
1746.0
1745.0
1744.0
1753.0
1753.0
1748.0
1759.0
1760.0
1764.0
1766.0
1766.0
1772.0
1766.0
1759.0
1757.0
1758.0
1757.0
1779.0
1755.0
1754.0
1754.0
1755.0
1753.0
1753.0
1756.0
1757.0
1753.0
1759.0
1758.0
1757.0
1755.0
1760.0
1755.0
1755.0
1756.0
1757.0
1757.0
1760.0
1790.0
1785.0
1784.0
1782.0
1785.0
1784.0
1785.0
1785.0
1784.0
1790.0
2.0
2.0
1.0
1.0
1.0
2.0
2.0
2.0
1.0
1.0
39.0
38.0
38.0
38.0
38.0
38.0
38.0
38.0
38.0
38.0
39.0
38.0
38.0
38.0
38.0
38.0
38.0
38.0
38.0
38.0
38.0
38.0
38.0
38.0
38.0
38.0
38.0
38.0
38.0
38.0
38.0
38.0
38.0
41.0
43.0
44.0
45.0
44.0
44.0
44.0
45.0
45.0
44.0
40.0
40.0
39.0
38.0
38.0
38.0
38.0
38.0
38.0
38.0
38.0
38.0
38.0
38.0
38.0
38.0
38.0
38.0
38.0
38.0
38.0
38.0
38.0
38.0
38.0
38.0
38.0
1749.0
1747.0
1753.0
1751.0
1747.0
1747.0
1753.0
1750.0
1747.0
1749.0
1755.0
1753.0
1758.0
1754.0
1754.0
1763.0
1755.0
1762.0
1757.0
1753.0
1756.0
1755.0
1753.0
1753.0
1754.0
1754.0
1754.0
1754.0
1754.0
1763.0
1754.0
1754.0
1756.0
1755.0
1760.0
1757.0
1754.0
1754.0
1753.0
1762.0
1748.0
1749.0
1745.0
1746.0
1748.0
1757.0
1756.0
1756.0
1752.0
1758.0
1766.0
1765.0
1765.0
1764.0
1765.0
1759.0
1758.0
1758.0
1758.0
1760.0
1754.0
1756.0
1757.0
1753.0
1754.0
1755.0
1758.0
1755.0
1757.0
1762.0
1759.0
1759.0
1758.0
1761.0
1759.0
1761.0
1759.0
1760.0
1758.0
1768.0
1782.0
1790.0
1778.0
1782.0
1783.0
1786.0
1787.0
1787.0
1784.0
1789.0
1758.0
1758.0
1761.0
1762.0
1759.0
1759.0
1761.0
1761.0
1760.0
1765.0
1752.0
1754.0
1753.0
1755.0
1754.0
1755.0
1758.0
1754.0
1756.0
1758.0
1758.0
1757.0
1759.0
1758.0
1759.0
1759.0
1760.0
1758.0
1757.0
1761.0
2.0
1.0
1.0
2.0
2.0
1.0
1.0
2.0
2.0
2.0
38.0
38.0
38.0
38.0
38.0
38.0
38.0
38.0
38.0
38.0
38.0
38.0
38.0
38.0
38.0
38.0
38.0
38.0
38.0
38.0
38.0
38.0
38.0
38.0
38.0
38.0
38.0
38.0
38.0
38.0
38.0
38.0
38.0
38.0
38.0
38.0
38.0
38.0
38.0
38.0
39.0
38.0
38.0
38.0
38.0
39.0
38.0
38.0
38.0
38.0
38.0
38.0
38.0
38.0
38.0
37.0
38.0
38.0
38.0
38.0
39.0
38.0
38.0
38.0
38.0
38.0
38.0
38.0
38.0
38.0
1757.0
1754.0
1758.0
1764.0
1754.0
1759.0
1754.0
1755.0
1757.0
1755.0
1759.0
1750.0
1753.0
1767.0
1763.0
1758.0
1757.0
1757.0
1757.0
1759.0
1755.0
1755.0
1753.0
1761.0
1756.0
1754.0
1753.0
1752.0
1754.0
1755.0
1755.0
1756.0
1757.0
1758.0
1757.0
1756.0
1758.0
1755.0
1764.0
1761.0
1780.0
1777.0
1784.0
1786.0
1784.0
1787.0
1780.0
1777.0
1779.0
1782.0
1765.0
1763.0
1758.0
1763.0
1763.0
1766.0
1765.0
1770.0
1764.0
1769.0
1768.0
1768.0
1769.0
1768.0
1767.0
1766.0
1766.0
1767.0
1769.0
1771.0
1759.0
1758.0
1761.0
1758.0
1761.0
1758.0
1760.0
1760.0
1761.0
1767.0
1759.0
1756.0
1756.0
1757.0
1754.0
1759.0
1755.0
1753.0
1756.0
1761.0
1755.0
1755.0
1748.0
1750.0
1749.0
1750.0
1752.0
1756.0
1751.0
1758.0
1762.0
1756.0
1786.0
1757.0
1756.0
1755.0
1756.0
1759.0
1758.0
1762.0
1760.0
1759.0
1758.0
1758.0
1757.0
1757.0
1757.0
1760.0
1759.0
1762.0
2.0
2.0
1.0
2.0
2.0
2.0
2.0
1.0
1.0
2.0
38.0
38.0
38.0
38.0
38.0
38.0
38.0
38.0
38.0
38.0
38.0
38.0
38.0
38.0
38.0
38.0
38.0
38.0
38.0
39.0
38.0
39.0
38.0
38.0
38.0
38.0
39.0
39.0
39.0
38.0
39.0
38.0
39.0
39.0
39.0
39.0
39.0
38.0
38.0
39.0
39.0
39.0
38.0
38.0
38.0
38.0
38.0
38.0
38.0
38.0
38.0
38.0
38.0
38.0
38.0
38.0
38.0
38.0
38.0
38.0
38.0
38.0
38.0
38.0
38.0
38.0
38.0
38.0
38.0
38.0
1777.0
1780.0
1784.0
1777.0
1778.0
1778.0
1786.0
1781.0
1780.0
1779.0
1780.0
1779.0
1778.0
1777.0
1776.0
1776.0
1776.0
1779.0
1777.0
1777.0
1757.0
1763.0
1761.0
1761.0
1761.0
1760.0
1761.0
1762.0
1766.0
1763.0
1755.0
1754.0
1756.0
1753.0
1755.0
1756.0
1760.0
1755.0
1755.0
1757.0
1760.0
1760.0
1761.0
1760.0
1759.0
1761.0
1760.0
1759.0
1760.0
1761.0
1760.0
1761.0
1759.0
1761.0
1758.0
1758.0
1760.0
1763.0
1760.0
1759.0
1757.0
1760.0
1756.0
1755.0
1762.0
1756.0
1765.0
1763.0
1764.0
1762.0
1756.0
1755.0
1757.0
1755.0
1756.0
1755.0
1747.0
1752.0
1751.0
1749.0
1759.0
1761.0
1759.0
1757.0
1758.0
1758.0
1760.0
1762.0
1760.0
1759.0
1775.0
1779.0
1774.0
1774.0
1771.0
1771.0
1773.0
1770.0
1786.0
1772.0
1756.0
1758.0
1760.0
1757.0
1761.0
1761.0
1761.0
1761.0
1761.0
1762.0
1755.0
1754.0
1756.0
1756.0
1757.0
1756.0
1758.0
1756.0
1758.0
1756.0
2.0
2.0
1.0
1.0
2.0
1.0
2.0
1.0
2.0
1.0
38.0
38.0
38.0
38.0
38.0
38.0
38.0
38.0
39.0
38.0
38.0
38.0
38.0
38.0
38.0
38.0
38.0
38.0
37.0
38.0
38.0
38.0
38.0
38.0
38.0
39.0
39.0
39.0
38.0
38.0
39.0
39.0
39.0
39.0
39.0
38.0
38.0
39.0
39.0
39.0
42.0
42.0
42.0
43.0
43.0
44.0
45.0
45.0
45.0
45.0
42.0
41.0
42.0
41.0
41.0
41.0
39.0
39.0
39.0
39.0
39.0
39.0
38.0
38.0
38.0
38.0
39.0
39.0
38.0
39.0
1758.0
1761.0
1760.0
1760.0
1760.0
1759.0
1761.0
1759.0
1759.0
1760.0
1759.0
1758.0
1759.0
1758.0
1760.0
1760.0
1762.0
1762.0
1759.0
1764.0
1757.0
1760.0
1758.0
1762.0
1765.0
1760.0
1760.0
1758.0
1759.0
1758.0
1755.0
1755.0
1754.0
1754.0
1756.0
1755.0
1755.0
1760.0
1757.0
1755.0
1758.0
1760.0
1760.0
1758.0
1760.0
1761.0
1760.0
1756.0
1754.0
1758.0
1789.0
1792.0
1789.0
1790.0
1796.0
1788.0
1789.0
1791.0
1790.0
1790.0
1756.0
1755.0
1754.0
1754.0
1756.0
1755.0
1757.0
1756.0
1758.0
1758.0
1763.0
1759.0
1764.0
1763.0
1762.0
1760.0
1760.0
1762.0
1761.0
1759.0
1760.0
1760.0
1760.0
1768.0
1764.0
1761.0
1757.0
1762.0
1760.0
1762.0
1758.0
1759.0
1759.0
1758.0
1759.0
1760.0
1762.0
1758.0
1759.0
1760.0
1758.0
1757.0
1754.0
1757.0
1758.0
1757.0
1759.0
1758.0
1757.0
1758.0
1756.0
1756.0
1754.0
1755.0
1755.0
1754.0
1755.0
1757.0
1755.0
1758.0
2.0
2.0
1.0
1.0
1.0
2.0
2.0
2.0
1.0
1.0
38.0
38.0
38.0
38.0
38.0
38.0
38.0
38.0
38.0
38.0
39.0
39.0
38.0
39.0
38.0
38.0
38.0
38.0
38.0
38.0
38.0
38.0
38.0
38.0
39.0
38.0
38.0
38.0
38.0
38.0
38.0
38.0
38.0
38.0
38.0
38.0
38.0
39.0
38.0
39.0
39.0
38.0
38.0
38.0
38.0
38.0
38.0
38.0
38.0
38.0
38.0
38.0
38.0
38.0
38.0
39.0
39.0
38.0
39.0
39.0
39.0
38.0
38.0
39.0
38.0
38.0
38.0
38.0
38.0
38.0
1756.0
1756.0
1758.0
1760.0
1757.0
1758.0
1758.0
1758.0
1757.0
1755.0
1759.0
1756.0
1755.0
1755.0
1754.0
1753.0
1756.0
1758.0
1758.0
1755.0
1785.0
1787.0
1784.0
1789.0
1787.0
1786.0
1783.0
1784.0
1784.0
1783.0
1760.0
1760.0
1761.0
1759.0
1759.0
1759.0
1761.0
1762.0
1760.0
1759.0
1762.0
1761.0
1764.0
1765.0
1762.0
1763.0
1762.0
1764.0
1763.0
1762.0
1763.0
1765.0
1764.0
1764.0
1763.0
1764.0
1764.0
1766.0
1762.0
1763.0
1764.0
1764.0
1770.0
1768.0
1768.0
1769.0
1768.0
1770.0
1770.0
1789.0
1756.0
1758.0
1757.0
1757.0
1757.0
1756.0
1757.0
1757.0
1771.0
1754.0
1754.0
1755.0
1756.0
1754.0
1754.0
1754.0
1754.0
1759.0
1762.0
1755.0
1754.0
1755.0
1754.0
1756.0
1754.0
1755.0
1754.0
1759.0
1754.0
1756.0
1775.0
1779.0
1773.0
1776.0
1774.0
1777.0
1775.0
1778.0
1778.0
1776.0
1743.0
1746.0
1746.0
1748.0
1747.0
1744.0
1746.0
1749.0
1758.0
1756.0
1.0
2.0
2.0
1.0
2.0
1.0
2.0
1.0
2.0
2.0
50.0
49.0
50.0
50.0
50.0
50.0
51.0
40.0
39.0
39.0
39.0
38.0
38.0
38.0
37.0
38.0
38.0
38.0
38.0
38.0
39.0
38.0
38.0
38.0
38.0
38.0
38.0
47.0
47.0
47.0
47.0
47.0
47.0
46.0
47.0
47.0
47.0
38.0
38.0
38.0
38.0
38.0
38.0
38.0
38.0
38.0
38.0
38.0
38.0
39.0
39.0
38.0
38.0
38.0
38.0
38.0
38.0
38.0
38.0
38.0
38.0
38.0
39.0
38.0
38.0
38.0
38.0
38.0
38.0
38.0
1748.0
1745.0
1746.0
1747.0
1743.0
1747.0
1745.0
1745.0
1746.0
1749.0
1757.0
1760.0
1758.0
1758.0
1758.0
1757.0
1756.0
1761.0
1756.0
1755.0
1759.0
1758.0
1758.0
1756.0
1755.0
1755.0
1758.0
1756.0
1753.0
1753.0
1761.0
1756.0
1761.0
1758.0
1757.0
1759.0
1758.0
1757.0
1759.0
1757.0
1754.0
1757.0
1761.0
1755.0
1754.0
1755.0
1755.0
1755.0
1762.0
1754.0
1762.0
1759.0
1760.0
1759.0
1759.0
1758.0
1756.0
1760.0
1759.0
1763.0
1762.0
1760.0
1761.0
1761.0
1760.0
1762.0
1763.0
1762.0
1760.0
1766.0
1790.0
1790.0
1791.0
1785.0
1792.0
1786.0
1791.0
1788.0
1790.0
1786.0
1749.0
1751.0
1750.0
1772.0
1773.0
1752.0
1751.0
1760.0
1767.0
1764.0
1755.0
1755.0
1755.0
1755.0
1754.0
1743.0
1739.0
1743.0
1740.0
1740.0
1754.0
1756.0
1756.0
1755.0
1756.0
1757.0
1753.0
1757.0
1757.0
1755.0
1754.0
1754.0
1755.0
1754.0
1754.0
1755.0
1754.0
1754.0
1754.0
1755.0
2.0
2.0
1.0
2.0
1.0
1.0
1.0
2.0
2.0
2.0
38.0
38.0
38.0
39.0
38.0
38.0
38.0
38.0
38.0
38.0
39.0
38.0
38.0
38.0
38.0
38.0
38.0
38.0
38.0
38.0
38.0
38.0
38.0
38.0
38.0
38.0
39.0
38.0
38.0
38.0
38.0
38.0
39.0
38.0
38.0
38.0
38.0
38.0
38.0
38.0
39.0
39.0
37.0
39.0
38.0
38.0
38.0
38.0
38.0
38.0
38.0
38.0
38.0
38.0
38.0
38.0
38.0
38.0
38.0
38.0
38.0
38.0
38.0
38.0
38.0
39.0
38.0
38.0
39.0
38.0
1756.0
1755.0
1756.0
1757.0
1757.0
1760.0
1757.0
1755.0
1756.0
1757.0
1756.0
1753.0
1758.0
1755.0
1755.0
1758.0
1755.0
1754.0
1755.0
1757.0
1761.0
1759.0
1758.0
1759.0
1763.0
1759.0
1757.0
1754.0
1773.0
1759.0
1782.0
1782.0
1782.0
1780.0
1785.0
1782.0
1780.0
1782.0
1784.0
1781.0
1755.0
1757.0
1757.0
1755.0
1754.0
1756.0
1754.0
1766.0
1755.0
1757.0
1759.0
1757.0
1755.0
1756.0
1759.0
1757.0
1757.0
1757.0
1763.0
1758.0
1753.0
1757.0
1751.0
1751.0
1750.0
1750.0
1751.0
1765.0
1763.0
1763.0
1756.0
1755.0
1757.0
1754.0
1754.0
1756.0
1756.0
1744.0
1745.0
1745.0
1755.0
1758.0
1757.0
1758.0
1756.0
1761.0
1756.0
1760.0
1757.0
1759.0
1765.0
1763.0
1767.0
1765.0
1765.0
1766.0
1764.0
1768.0
1765.0
1764.0
1768.0
1769.0
1766.0
1767.0
1766.0
1765.0
1766.0
1762.0
1765.0
1768.0
1783.0
1780.0
1778.0
1788.0
1778.0
1781.0
1780.0
1786.0
1781.0
1787.0
2.0
2.0
1.0
2.0
1.0
2.0
2.0
2.0
2.0
1.0
2.0
1.0
2.0
2.0
2.0
2.0
2.0
2.0
2.0
2.0
2.0
2.0
2.0
1.0
2.0
2.0
2.0
1.0
1.0
1.0
2.0
1.0
1.0
2.0
2.0
2.0
2.0
2.0
2.0
2.0
2.0
2.0
2.0
2.0
2.0
2.0
2.0
1.0
2.0
2.0
2.0
1.0
2.0
2.0
2.0
1.0
1.0
2.0
2.0
1.0
2.0
2.0
2.0
2.0
1.0
2.0
2.0
1.0
1.0
2.0
2.0
2.0
1.0
2.0
2.0
2.0
1.0
2.0
2.0
2.0
951.0
955.0
951.0
952.0
951.0
950.0
950.0
950.0
949.0
948.0
961.0
960.0
959.0
961.0
958.0
960.0
961.0
960.0
959.0
959.0
947.0
948.0
948.0
952.0
947.0
947.0
947.0
946.0
947.0
947.0
963.0
961.0
962.0
963.0
962.0
962.0
964.0
962.0
964.0
962.0
951.0
950.0
950.0
950.0
953.0
952.0
950.0
952.0
950.0
951.0
962.0
963.0
961.0
961.0
959.0
964.0
962.0
962.0
962.0
960.0
945.0
943.0
945.0
945.0
945.0
947.0
945.0
945.0
946.0
946.0
942.0
942.0
943.0
945.0
946.0
942.0
947.0
946.0
944.0
945.0
953.0
953.0
952.0
952.0
951.0
954.0
951.0
951.0
951.0
952.0
946.0
944.0
945.0
947.0
948.0
945.0
945.0
947.0
946.0
946.0
958.0
957.0
959.0
956.0
976.0
958.0
960.0
956.0
956.0
958.0
944.0
944.0
943.0
944.0
942.0
943.0
943.0
943.0
941.0
940.0
