15.0
8.0
12.0
8.0
8.0
7.0
7.0
11.0
12.0
11.0
73.0
39.0
40.0
69.0
40.0
40.0
40.0
39.0
69.0
32.0
85.0
46.0
45.0
45.0
45.0
45.0
45.0
80.0
80.0
43.0
48.0
46.0
46.0
46.0
46.0
45.0
80.0
77.0
45.0
24.0
48.0
45.0
38.0
45.0
64.0
80.0
45.0
36.0
45.0
24.0
48.0
45.0
46.0
80.0
45.0
45.0
37.0
45.0
45.0
25.0
49.0
80.0
45.0
37.0
45.0
45.0
45.0
44.0
46.0
24.0
76.0
37.0
38.0
46.0
46.0
45.0
45.0
44.0
58.0
24.0
39.0
37.0
45.0
45.0
45.0
45.0
45.0
44.0
45.0
20.0
39.0
46.0
37.0
45.0
46.0
45.0
45.0
45.0
45.0
24.0
40.0
37.0
45.0
45.0
45.0
46.0
45.0
45.0
45.0
24.0
40.0
37.0
45.0
45.0
45.0
45.0
45.0
44.0
45.0
24.0
40.0
37.0
45.0
44.0
45.0
39.0
45.0
44.0
45.0
25.0
42.0
40.0
45.0
45.0
45.0
45.0
40.0
45.0
45.0
24.0
42.0
39.0
45.0
45.0
39.0
45.0
45.0
45.0
39.0
21.0
48.0
45.0
40.0
39.0
46.0
46.0
46.0
45.0
45.0
21.0
49.0
46.0
39.0
39.0
39.0
45.0
45.0
44.0
45.0
24.0
44.0
45.0
40.0
40.0
41.0
44.0
44.0
44.0
44.0
23.0
45.0
42.0
42.0
44.0
41.0
44.0
44.0
43.0
43.0
23.0
43.0
41.0
40.0
43.0
41.0
43.0
43.0
43.0
44.0
23.0
43.0
41.0
40.0
40.0
44.0
44.0
44.0
43.0
43.0
23.0
74.0
43.0
74.0
43.0
43.0
43.0
41.0
39.0
37.0
15.0
69.0
69.0
39.0
39.0
38.0
39.0
37.0
19.0
18.0
10.0
69.0
39.0
39.0
39.0
39.0
39.0
37.0
32.0
32.0
9.0
68.0
68.0
69.0
39.0
36.0
38.0
38.0
18.0
18.0
6.0
39.0
68.0
38.0
32.0
38.0
39.0
37.0
18.0
17.0
9.0
48.0
69.0
31.0
43.0
38.0
37.0
35.0
17.0
14.0
9.0
38.0
39.0
31.0
69.0
39.0
39.0
37.0
18.0
14.0
4.0
38.0
38.0
38.0
17.0
15.0
31.0
14.0
18.0
15.0
6.0
38.0
39.0
31.0
38.0
68.0
37.0
34.0
18.0
14.0
9.0
30.0
18.0
17.0
18.0
15.0
17.0
18.0
17.0
14.0
5.0
49.0
48.0
39.0
48.0
85.0
49.0
48.0
45.0
28.0
15.0
36.0
44.0
79.0
44.0
44.0
44.0
43.0
24.0
24.0
4.0
45.0
37.0
45.0
44.0
79.0
45.0
44.0
23.0
24.0
5.0
45.0
45.0
80.0
38.0
44.0
44.0
50.0
24.0
23.0
5.0
45.0
64.0
44.0
45.0
44.0
79.0
43.0
24.0
34.0
6.0
44.0
69.0
44.0
44.0
44.0
43.0
41.0
34.0
28.0
5.0
50.0
45.0
40.0
45.0
45.0
44.0
43.0
24.0
17.0
6.0
36.0
45.0
43.0
20.0
23.0
23.0
24.0
23.0
20.0
6.0
44.0
36.0
36.0
44.0
44.0
43.0
41.0
23.0
20.0
6.0
24.0
23.0
24.0
19.0
19.0
24.0
23.0
24.0
20.0
5.0
54.0
48.0
48.0
54.0
54.0
53.0
53.0
50.0
32.0
14.0
44.0
38.0
38.0
44.0
44.0
43.0
42.0
24.0
23.0
6.0
44.0
44.0
44.0
44.0
36.0
36.0
43.0
23.0
23.0
6.0
43.0
44.0
44.0
43.0
35.0
35.0
42.0
23.0
23.0
5.0
44.0
48.0
43.0
44.0
44.0
36.0
43.0
23.0
23.0
5.0
45.0
44.0
44.0
43.0
44.0
36.0
40.0
34.0
20.0
7.0
62.0
44.0
44.0
35.0
53.0
44.0
42.0
23.0
20.0
5.0
44.0
44.0
43.0
23.0
23.0
20.0
20.0
23.0
19.0
4.0
44.0
38.0
43.0
44.0
38.0
37.0
41.0
23.0
19.0
5.0
23.0
23.0
23.0
20.0
20.0
20.0
23.0
22.0
20.0
5.0
47.0
47.0
50.0
47.0
41.0
41.0
40.0
43.0
27.0
8.0
44.0
44.0
44.0
44.0
38.0
38.0
37.0
23.0
23.0
5.0
44.0
44.0
44.0
44.0
43.0
38.0
42.0
20.0
23.0
6.0
55.0
43.0
38.0
43.0
42.0
42.0
41.0
20.0
22.0
7.0
68.0
39.0
39.0
42.0
42.0
65.0
41.0
23.0
22.0
5.0
43.0
42.0
38.0
43.0
38.0
41.0
40.0
23.0
22.0
5.0
43.0
42.0
40.0
43.0
39.0
39.0
38.0
22.0
19.0
5.0
43.0
42.0
41.0
21.0
22.0
20.0
22.0
22.0
18.0
5.0
39.0
39.0
41.0
39.0
38.0
41.0
39.0
22.0
19.0
5.0
22.0
22.0
21.0
22.0
21.0
22.0
21.0
20.0
19.0
4.0
45.0
46.0
46.0
42.0
46.0
42.0
42.0
39.0
25.0
9.0
42.0
42.0
43.0
43.0
39.0
42.0
41.0
21.0
21.0
4.0
39.0
43.0
39.0
40.0
43.0
43.0
38.0
22.0
23.0
5.0
43.0
39.0
42.0
43.0
39.0
41.0
38.0
33.0
34.0
5.0
42.0
40.0
41.0
42.0
39.0
41.0
38.0
21.0
37.0
8.0
70.0
41.0
41.0
39.0
41.0
37.0
35.0
22.0
31.0
5.0
41.0
41.0
41.0
39.0
41.0
41.0
68.0
20.0
18.0
8.0
41.0
69.0
38.0
21.0
21.0
21.0
21.0
22.0
18.0
5.0
39.0
39.0
41.0
41.0
41.0
40.0
38.0
21.0
31.0
5.0
20.0
20.0
36.0
21.0
22.0
22.0
21.0
21.0
18.0
7.0
48.0
83.0
49.0
49.0
51.0
50.0
50.0
47.0
25.0
11.0
79.0
48.0
43.0
42.0
41.0
42.0
41.0
23.0
23.0
5.0
41.0
70.0
42.0
41.0
39.0
39.0
38.0
22.0
21.0
8.0
70.0
42.0
42.0
41.0
41.0
41.0
38.0
21.0
21.0
4.0
55.0
39.0
40.0
41.0
41.0
41.0
40.0
21.0
22.0
6.0
39.0
42.0
42.0
39.0
39.0
41.0
39.0
22.0
19.0
4.0
40.0
42.0
40.0
42.0
42.0
40.0
41.0
21.0
19.0
5.0
42.0
39.0
38.0
22.0
20.0
22.0
22.0
20.0
19.0
5.0
43.0
43.0
39.0
42.0
42.0
41.0
37.0
21.0
19.0
5.0
20.0
22.0
21.0
21.0
22.0
21.0
22.0
20.0
19.0
5.0
90.0
85.0
89.0
88.0
85.0
87.0
86.0
84.0
67.0
52.0
42.0
70.0
39.0
41.0
70.0
41.0
38.0
21.0
22.0
5.0
41.0
41.0
39.0
41.0
40.0
39.0
40.0
22.0
22.0
8.0
41.0
41.0
39.0
70.0
70.0
41.0
38.0
22.0
21.0
5.0
41.0
39.0
41.0
42.0
41.0
40.0
40.0
21.0
22.0
5.0
71.0
40.0
39.0
70.0
40.0
40.0
37.0
21.0
18.0
5.0
42.0
40.0
41.0
40.0
39.0
40.0
40.0
22.0
18.0
5.0
40.0
70.0
68.0
22.0
21.0
22.0
21.0
21.0
19.0
5.0
42.0
39.0
41.0
39.0
41.0
38.0
37.0
21.0
18.0
4.0
21.0
21.0
21.0
21.0
20.0
36.0
22.0
21.0
31.0
5.0
45.0
43.0
44.0
44.0
43.0
43.0
44.0
41.0
41.0
11.0
71.0
40.0
41.0
41.0
42.0
39.0
38.0
22.0
21.0
8.0
70.0
41.0
42.0
40.0
41.0
40.0
41.0
21.0
22.0
8.0
40.0
41.0
41.0
71.0
41.0
39.0
38.0
22.0
21.0
8.0
71.0
39.0
41.0
42.0
41.0
41.0
39.0
21.0
21.0
5.0
70.0
39.0
39.0
39.0
41.0
39.0
37.0
22.0
19.0
5.0
70.0
41.0
41.0
40.0
39.0
39.0
40.0
22.0
19.0
5.0
40.0
70.0
40.0
22.0
22.0
21.0
20.0
21.0
19.0
4.0
41.0
41.0
39.0
39.0
39.0
68.0
37.0
22.0
18.0
4.0
21.0
22.0
21.0
37.0
20.0
21.0
20.0
21.0
19.0
4.0
44.0
45.0
44.0
44.0
43.0
43.0
42.0
41.0
41.0
12.0
54.0
42.0
41.0
41.0
40.0
40.0
40.0
21.0
22.0
8.0
41.0
41.0
41.0
41.0
40.0
41.0
40.0
21.0
21.0
5.0
41.0
41.0
41.0
41.0
41.0
41.0
40.0
21.0
22.0
5.0
41.0
41.0
41.0
41.0
40.0
41.0
40.0
22.0
21.0
5.0
41.0
40.0
40.0
40.0
40.0
40.0
38.0
22.0
18.0
4.0
41.0
41.0
41.0
41.0
41.0
41.0
40.0
22.0
18.0
5.0
40.0
40.0
39.0
21.0
22.0
21.0
21.0
21.0
18.0
5.0
41.0
41.0
40.0
41.0
41.0
40.0
37.0
21.0
19.0
5.0
21.0
21.0
22.0
21.0
21.0
21.0
22.0
22.0
18.0
4.0
51.0
51.0
52.0
51.0
51.0
51.0
51.0
48.0
31.0
13.0
43.0
43.0
43.0
41.0
42.0
39.0
39.0
22.0
22.0
5.0
40.0
42.0
45.0
43.0
42.0
42.0
38.0
21.0
22.0
4.0
39.0
39.0
40.0
42.0
42.0
42.0
40.0
21.0
22.0
5.0
42.0
40.0
40.0
39.0
39.0
42.0
40.0
22.0
23.0
5.0
42.0
39.0
42.0
42.0
39.0
38.0
38.0
20.0
19.0
5.0
42.0
40.0
42.0
42.0
40.0
42.0
41.0
21.0
18.0
5.0
42.0
39.0
38.0
22.0
21.0
22.0
21.0
23.0
19.0
5.0
42.0
43.0
39.0
41.0
39.0
41.0
38.0
22.0
18.0
5.0
20.0
20.0
23.0
21.0
22.0
22.0
20.0
22.0
17.0
5.0
45.0
43.0
46.0
45.0
42.0
43.0
45.0
42.0
24.0
8.0
50.0
40.0
60.0
42.0
41.0
41.0
38.0
20.0
21.0
5.0
41.0
39.0
41.0
70.0
39.0
41.0
39.0
22.0
22.0
5.0
71.0
41.0
41.0
40.0
40.0
41.0
38.0
20.0
22.0
7.0
40.0
41.0
41.0
39.0
40.0
41.0
68.0
20.0
21.0
7.0
40.0
41.0
70.0
39.0
41.0
40.0
36.0
22.0
19.0
5.0
41.0
39.0
41.0
41.0
69.0
39.0
38.0
21.0
18.0
5.0
70.0
41.0
40.0
21.0
22.0
21.0
21.0
20.0
18.0
5.0
41.0
39.0
40.0
41.0
39.0
38.0
64.0
22.0
19.0
5.0
21.0
21.0
22.0
21.0
36.0
22.0
20.0
22.0
18.0
5.0
45.0
44.0
44.0
43.0
43.0
43.0
44.0
40.0
41.0
12.0
70.0
40.0
41.0
39.0
41.0
40.0
38.0
22.0
21.0
8.0
70.0
42.0
42.0
39.0
39.0
40.0
40.0
22.0
22.0
7.0
71.0
42.0
42.0
41.0
40.0
40.0
38.0
20.0
22.0
8.0
71.0
40.0
42.0
41.0
41.0
41.0
39.0
20.0
21.0
8.0
40.0
39.0
39.0
69.0
41.0
40.0
38.0
21.0
19.0
5.0
42.0
70.0
41.0
39.0
39.0
39.0
40.0
22.0
19.0
5.0
40.0
40.0
40.0
36.0
22.0
21.0
21.0
21.0
19.0
5.0
40.0
39.0
39.0
41.0
69.0
39.0
64.0
22.0
18.0
4.0
21.0
22.0
21.0
20.0
21.0
21.0
21.0
21.0
19.0
4.0
51.0
51.0
49.0
50.0
50.0
51.0
50.0
47.0
50.0
17.0
73.0
42.0
42.0
41.0
40.0
40.0
41.0
22.0
22.0
8.0
70.0
42.0
41.0
41.0
40.0
39.0
38.0
21.0
21.0
8.0
40.0
41.0
70.0
41.0
41.0
41.0
38.0
21.0
21.0
8.0
70.0
39.0
40.0
42.0
41.0
41.0
40.0
21.0
22.0
7.0
40.0
40.0
41.0
39.0
70.0
39.0
37.0
21.0
19.0
4.0
71.0
41.0
41.0
39.0
39.0
39.0
40.0
22.0
19.0
5.0
41.0
41.0
40.0
36.0
21.0
21.0
20.0
21.0
18.0
5.0
39.0
135.0
41.0
39.0
41.0
38.0
37.0
21.0
31.0
5.0
21.0
22.0
88.0
87.0
87.0
87.0
102.0
87.0
84.0
5.0
110.0
110.0
45.0
42.0
42.0
45.0
42.0
41.0
41.0
11.0
70.0
42.0
41.0
40.0
39.0
39.0
40.0
22.0
22.0
8.0
71.0
41.0
41.0
41.0
41.0
39.0
38.0
21.0
22.0
8.0
40.0
42.0
41.0
70.0
41.0
41.0
40.0
21.0
21.0
7.0
71.0
39.0
39.0
39.0
40.0
41.0
40.0
22.0
21.0
7.0
41.0
41.0
39.0
39.0
39.0
68.0
38.0
21.0
18.0
7.0
41.0
41.0
71.0
39.0
41.0
39.0
40.0
21.0
19.0
4.0
40.0
39.0
39.0
22.0
36.0
21.0
21.0
22.0
18.0
5.0
41.0
40.0
41.0
40.0
40.0
39.0
65.0
22.0
18.0
7.0
37.0
22.0
21.0
21.0
21.0
21.0
22.0
21.0
19.0
4.0
43.0
45.0
74.0
45.0
42.0
43.0
43.0
40.0
25.0
11.0
60.0
41.0
40.0
41.0
39.0
41.0
38.0
22.0
21.0
5.0
43.0
39.0
43.0
39.0
42.0
41.0
41.0
21.0
21.0
5.0
42.0
40.0
40.0
40.0
42.0
40.0
40.0
22.0
22.0
5.0
42.0
43.0
42.0
39.0
39.0
42.0
38.0
21.0
22.0
6.0
42.0
43.0
39.0
42.0
42.0
41.0
36.0
21.0
18.0
5.0
42.0
42.0
39.0
39.0
39.0
42.0
41.0
22.0
18.0
5.0
42.0
41.0
38.0
22.0
26.0
21.0
22.0
21.0
31.0
5.0
41.0
41.0
39.0
40.0
41.0
68.0
36.0
21.0
19.0
8.0
36.0
21.0
20.0
20.0
22.0
21.0
22.0
21.0
18.0
5.0
43.0
44.0
43.0
44.0
45.0
43.0
43.0
41.0
41.0
12.0
70.0
39.0
42.0
39.0
39.0
41.0
39.0
22.0
37.0
5.0
42.0
41.0
39.0
40.0
41.0
39.0
68.0
21.0
21.0
5.0
71.0
41.0
41.0
41.0
41.0
40.0
38.0
21.0
21.0
5.0
40.0
42.0
41.0
42.0
41.0
41.0
68.0
20.0
21.0
7.0
71.0
40.0
39.0
39.0
41.0
40.0
38.0
21.0
18.0
5.0
41.0
39.0
42.0
39.0
69.0
40.0
40.0
22.0
19.0
8.0
40.0
40.0
68.0
22.0
21.0
21.0
20.0
20.0
18.0
4.0
41.0
41.0
40.0
39.0
39.0
40.0
38.0
21.0
31.0
5.0
27.0
27.0
26.0
26.0
27.0
44.0
44.0
27.0
24.0
5.0
51.0
46.0
46.0
45.0
44.0
46.0
45.0
42.0
41.0
12.0
70.0
42.0
41.0
41.0
39.0
39.0
40.0
21.0
22.0
8.0
39.0
71.0
41.0
41.0
39.0
39.0
40.0
22.0
21.0
8.0
40.0
41.0
42.0
70.0
41.0
40.0
38.0
20.0
22.0
7.0
40.0
41.0
39.0
71.0
41.0
40.0
40.0
22.0
21.0
5.0
42.0
71.0
39.0
40.0
39.0
40.0
38.0
22.0
18.0
5.0
41.0
41.0
70.0
40.0
40.0
39.0
38.0
21.0
18.0
5.0
41.0
41.0
68.0
22.0
22.0
20.0
21.0
22.0
18.0
5.0
41.0
41.0
39.0
40.0
39.0
40.0
65.0
22.0
19.0
5.0
21.0
21.0
21.0
21.0
38.0
21.0
21.0
21.0
18.0
5.0
44.0
44.0
45.0
45.0
44.0
43.0
44.0
40.0
40.0
11.0
72.0
41.0
41.0
40.0
40.0
41.0
38.0
21.0
35.0
5.0
40.0
40.0
57.0
41.0
40.0
39.0
39.0
22.0
21.0
5.0
48.0
40.0
39.0
42.0
42.0
39.0
38.0
22.0
23.0
5.0
39.0
42.0
43.0
42.0
40.0
42.0
42.0
23.0
21.0
5.0
39.0
58.0
39.0
62.0
39.0
40.0
38.0
22.0
18.0
5.0
41.0
40.0
41.0
42.0
39.0
39.0
40.0
22.0
31.0
5.0
41.0
70.0
38.0
22.0
22.0
21.0
21.0
36.0
18.0
5.0
41.0
41.0
40.0
41.0
39.0
38.0
36.0
22.0
31.0
5.0
21.0
21.0
21.0
22.0
36.0
21.0
21.0
20.0
18.0
7.0
45.0
45.0
44.0
44.0
44.0
75.0
42.0
39.0
23.0
12.0
71.0
40.0
41.0
41.0
41.0
41.0
38.0
21.0
21.0
5.0
41.0
39.0
39.0
70.0
39.0
41.0
41.0
22.0
22.0
8.0
41.0
70.0
41.0
41.0
39.0
38.0
38.0
21.0
22.0
5.0
41.0
41.0
40.0
71.0
41.0
41.0
38.0
22.0
21.0
5.0
70.0
42.0
39.0
38.0
41.0
38.0
38.0
22.0
18.0
4.0
41.0
42.0
70.0
41.0
39.0
39.0
40.0
21.0
19.0
8.0
39.0
41.0
40.0
36.0
21.0
20.0
21.0
20.0
18.0
5.0
39.0
47.0
46.0
46.0
45.0
44.0
43.0
42.0
31.0
5.0
22.0
28.0
28.0
45.0
23.0
23.0
23.0
22.0
34.0
5.0
46.0
45.0
45.0
44.0
44.0
44.0
42.0
39.0
41.0
12.0
41.0
71.0
41.0
40.0
40.0
40.0
38.0
22.0
22.0
7.0
71.0
42.0
42.0
41.0
40.0
39.0
38.0
21.0
21.0
8.0
39.0
42.0
70.0
41.0
40.0
41.0
40.0
21.0
21.0
8.0
39.0
70.0
40.0
39.0
41.0
41.0
40.0
22.0
22.0
5.0
41.0
41.0
70.0
40.0
39.0
38.0
37.0
21.0
19.0
5.0
41.0
70.0
41.0
41.0
41.0
39.0
38.0
21.0
19.0
5.0
41.0
162.0
39.0
22.0
21.0
22.0
20.0
21.0
18.0
5.0
134.0
132.0
132.0
133.0
132.0
131.0
156.0
114.0
110.0
5.0
21.0
20.0
20.0
33.0
21.0
20.0
22.0
21.0
18.0
5.0
