1.0
1.0
1.0
1.0
2.0
2.0
1.0
1.0
1.0
1.0
9.0
9.0
6.0
6.0
6.0
6.0
6.0
6.0
10.0
10.0
6.0
6.0
6.0
5.0
6.0
7.0
10.0
10.0
10.0
10.0
6.0
6.0
6.0
6.0
5.0
438.0
435.0
440.0
440.0
389.0
441.0
624.0
517.0
539.0
621.0
370.0
437.0
435.0
439.0
437.0
438.0
378.0
437.0
389.0
435.0
384.0
437.0
441.0
437.0
440.0
442.0
384.0
439.0
393.0
441.0
385.0
383.0
440.0
438.0
441.0
440.0
440.0
388.0
438.0
440.0
386.0
383.0
439.0
439.0
442.0
441.0
441.0
387.0
439.0
385.0
440.0
383.0
384.0
437.0
438.0
439.0
439.0
442.0
439.0
383.0
443.0
382.0
383.0
437.0
440.0
439.0
440.0
438.0
384.0
477.0
424.0
485.0
428.0
480.0
423.0
6.0
6.0
5.0
5.0
5.0
5.0
5.0
6.0
5.0
5.0
6.0
6.0
5.0
5.0
5.0
6.0
6.0
6.0
5.0
4.0
6.0
6.0
6.0
5.0
5.0
489.0
482.0
493.0
485.0
432.0
380.0
450.0
379.0
377.0
434.0
437.0
440.0
452.0
451.0
380.0
438.0
382.0
443.0
383.0
438.0
382.0
439.0
440.0
437.0
437.0
439.0
382.0
437.0
389.0
381.0
434.0
438.0
437.0
438.0
439.0
380.0
435.0
382.0
439.0
383.0
438.0
384.0
448.0
438.0
440.0
437.0
440.0
383.0
437.0
381.0
435.0
382.0
438.0
436.0
438.0
439.0
438.0
382.0
436.0
381.0
385.0
429.0
390.0
416.0
429.0
429.0
428.0
425.0
394.0
407.0
391.0
412.0
419.0
415.0
406.0
9.0
9.0
6.0
6.0
6.0
6.0
5.0
6.0
10.0
10.0
6.0
6.0
6.0
6.0
5.0
6.0
10.0
9.0
9.0
10.0
6.0
5.0
6.0
6.0
5.0
436.0
399.0
451.0
452.0
449.0
437.0
548.0
703.0
550.0
706.0
365.0
437.0
437.0
440.0
437.0
437.0
433.0
364.0
434.0
433.0
356.0
478.0
476.0
481.0
478.0
478.0
398.0
477.0
437.0
481.0
473.0
374.0
436.0
467.0
446.0
426.0
447.0
429.0
465.0
420.0
427.0
396.0
456.0
401.0
411.0
417.0
417.0
407.0
405.0
407.0
414.0
410.0
411.0
407.0
416.0
420.0
421.0
408.0
405.0
406.0
413.0
410.0
411.0
408.0
412.0
412.0
412.0
407.0
406.0
407.0
408.0
411.0
412.0
409.0
410.0
5.0
5.0
5.0
5.0
4.0
5.0
5.0
5.0
4.0
4.0
5.0
5.0
6.0
5.0
4.0
5.0
5.0
5.0
4.0
4.0
5.0
5.0
6.0
4.0
4.0
407.0
407.0
409.0
405.0
407.0
407.0
409.0
409.0
407.0
407.0
409.0
408.0
410.0
405.0
407.0
410.0
411.0
409.0
406.0
406.0
409.0
407.0
411.0
440.0
445.0
448.0
452.0
451.0
450.0
450.0
449.0
449.0
454.0
405.0
405.0
409.0
410.0
410.0
407.0
405.0
408.0
408.0
409.0
404.0
406.0
406.0
410.0
409.0
406.0
404.0
407.0
409.0
410.0
404.0
406.0
406.0
409.0
408.0
405.0
405.0
409.0
408.0
410.0
405.0
406.0
408.0
412.0
410.0
408.0
406.0
407.0
409.0
409.0
405.0
408.0
5.0
6.0
5.0
5.0
5.0
6.0
5.0
6.0
5.0
5.0
6.0
5.0
5.0
6.0
5.0
5.0
6.0
6.0
5.0
5.0
6.0
5.0
5.0
5.0
5.0
408.0
409.0
409.0
411.0
408.0
423.0
429.0
424.0
429.0
419.0
417.0
433.0
438.0
416.0
414.0
411.0
465.0
431.0
430.0
409.0
410.0
418.0
442.0
445.0
451.0
450.0
458.0
462.0
452.0
451.0
449.0
452.0
412.0
410.0
409.0
410.0
412.0
419.0
410.0
407.0
410.0
408.0
407.0
407.0
408.0
407.0
407.0
426.0
408.0
408.0
408.0
408.0
410.0
408.0
408.0
410.0
410.0
446.0
412.0
410.0
411.0
411.0
410.0
409.0
408.0
411.0
409.0
408.0
410.0
421.0
408.0
408.0
407.0
406.0
407.0
5.0
5.0
5.0
5.0
4.0
5.0
5.0
5.0
5.0
4.0
5.0
5.0
5.0
5.0
4.0
5.0
5.0
5.0
5.0
4.0
5.0
5.0
5.0
4.0
4.0
410.0
406.0
404.0
407.0
410.0
405.0
409.0
406.0
404.0
407.0
405.0
407.0
405.0
408.0
403.0
406.0
410.0
410.0
405.0
407.0
406.0
408.0
405.0
407.0
407.0
444.0
448.0
446.0
443.0
444.0
443.0
445.0
443.0
445.0
444.0
406.0
410.0
405.0
405.0
408.0
406.0
408.0
406.0
408.0
405.0
406.0
408.0
408.0
405.0
406.0
407.0
407.0
407.0
409.0
407.0
405.0
408.0
405.0
406.0
405.0
406.0
416.0
405.0
406.0
406.0
405.0
406.0
406.0
405.0
407.0
406.0
409.0
414.0
410.0
407.0
6.0
5.0
5.0
5.0
5.0
6.0
5.0
5.0
5.0
5.0
5.0
5.0
5.0
5.0
5.0
5.0
5.0
5.0
5.0
5.0
6.0
5.0
5.0
5.0
5.0
410.0
406.0
405.0
407.0
410.0
408.0
411.0
405.0
410.0
408.0
406.0
407.0
408.0
406.0
407.0
406.0
405.0
407.0
409.0
408.0
404.0
406.0
405.0
411.0
409.0
442.0
442.0
452.0
448.0
446.0
454.0
451.0
442.0
444.0
445.0
407.0
405.0
406.0
410.0
409.0
406.0
412.0
413.0
408.0
406.0
406.0
406.0
407.0
409.0
408.0
406.0
412.0
412.0
411.0
408.0
406.0
405.0
414.0
409.0
409.0
407.0
409.0
405.0
405.0
407.0
406.0
407.0
408.0
410.0
409.0
405.0
405.0
407.0
411.0
408.0
5.0
5.0
5.0
4.0
4.0
5.0
5.0
6.0
4.0
4.0
5.0
5.0
6.0
4.0
3.0
6.0
6.0
5.0
4.0
4.0
6.0
5.0
5.0
4.0
4.0
404.0
408.0
405.0
409.0
406.0
405.0
406.0
405.0
405.0
406.0
405.0
406.0
407.0
410.0
406.0
406.0
405.0
404.0
407.0
407.0
405.0
404.0
408.0
407.0
405.0
404.0
407.0
405.0
440.0
440.0
443.0
448.0
451.0
448.0
452.0
451.0
451.0
443.0
408.0
415.0
407.0
419.0
421.0
421.0
417.0
415.0
406.0
407.0
408.0
431.0
407.0
417.0
414.0
418.0
410.0
414.0
406.0
407.0
408.0
427.0
406.0
413.0
408.0
419.0
410.0
406.0
418.0
404.0
406.0
416.0
406.0
411.0
408.0
408.0
412.0
6.0
5.0
5.0
5.0
5.0
6.0
5.0
5.0
5.0
5.0
6.0
5.0
5.0
5.0
5.0
6.0
6.0
6.0
5.0
5.0
6.0
5.0
5.0
5.0
5.0
407.0
405.0
408.0
405.0
409.0
406.0
406.0
410.0
409.0
409.0
406.0
407.0
405.0
405.0
409.0
406.0
406.0
408.0
411.0
411.0
405.0
413.0
408.0
406.0
409.0
406.0
406.0
408.0
409.0
410.0
445.0
446.0
441.0
445.0
450.0
442.0
439.0
452.0
454.0
456.0
414.0
410.0
413.0
412.0
411.0
406.0
404.0
407.0
413.0
412.0
410.0
407.0
406.0
406.0
409.0
407.0
407.0
409.0
408.0
409.0
407.0
407.0
406.0
405.0
408.0
417.0
422.0
422.0
423.0
420.0
418.0
425.0
421.0
425.0
425.0
5.0
5.0
5.0
4.0
4.0
5.0
6.0
5.0
4.0
4.0
5.0
5.0
5.0
5.0
4.0
5.0
5.0
5.0
5.0
4.0
5.0
5.0
5.0
4.0
4.0
411.0
420.0
412.0
419.0
417.0
408.0
409.0
418.0
409.0
416.0
407.0
407.0
417.0
420.0
418.0
406.0
406.0
407.0
417.0
417.0
405.0
405.0
412.0
413.0
412.0
406.0
406.0
406.0
407.0
409.0
442.0
446.0
451.0
453.0
444.0
450.0
450.0
448.0
444.0
451.0
406.0
413.0
420.0
404.0
415.0
417.0
413.0
415.0
409.0
420.0
407.0
417.0
411.0
406.0
410.0
420.0
418.0
417.0
410.0
420.0
408.0
416.0
407.0
410.0
409.0
415.0
413.0
408.0
416.0
414.0
408.0
411.0
405.0
409.0
411.0
5.0
5.0
5.0
5.0
5.0
6.0
5.0
5.0
6.0
5.0
6.0
5.0
5.0
5.0
4.0
6.0
5.0
5.0
5.0
5.0
5.0
5.0
6.0
5.0
5.0
407.0
409.0
407.0
407.0
409.0
408.0
409.0
407.0
410.0
410.0
409.0
408.0
408.0
409.0
409.0
408.0
408.0
406.0
410.0
411.0
407.0
407.0
407.0
408.0
409.0
407.0
407.0
406.0
411.0
408.0
445.0
446.0
444.0
444.0
452.0
445.0
451.0
442.0
455.0
453.0
410.0
406.0
411.0
409.0
414.0
408.0
405.0
408.0
411.0
410.0
407.0
408.0
406.0
409.0
408.0
407.0
406.0
407.0
409.0
408.0
408.0
405.0
408.0
410.0
407.0
407.0
405.0
407.0
411.0
408.0
406.0
407.0
407.0
410.0
408.0
5.0
5.0
4.0
4.0
4.0
5.0
5.0
5.0
4.0
4.0
5.0
4.0
5.0
5.0
4.0
5.0
4.0
5.0
5.0
4.0
5.0
5.0
4.0
4.0
4.0
408.0
405.0
407.0
408.0
407.0
407.0
407.0
408.0
407.0
407.0
405.0
406.0
404.0
410.0
409.0
410.0
415.0
407.0
407.0
409.0
407.0
405.0
406.0
412.0
409.0
404.0
406.0
406.0
409.0
405.0
407.0
406.0
406.0
409.0
408.0
445.0
446.0
450.0
445.0
444.0
443.0
454.0
445.0
447.0
455.0
416.0
417.0
420.0
409.0
407.0
405.0
406.0
422.0
410.0
416.0
418.0
413.0
408.0
414.0
407.0
405.0
409.0
406.0
408.0
411.0
412.0
407.0
411.0
412.0
410.0
406.0
407.0
409.0
410.0
410.0
6.0
5.0
5.0
5.0
5.0
5.0
5.0
5.0
5.0
5.0
6.0
5.0
5.0
5.0
4.0
6.0
5.0
5.0
5.0
5.0
6.0
5.0
6.0
5.0
4.0
409.0
407.0
408.0
409.0
408.0
406.0
406.0
408.0
410.0
409.0
406.0
415.0
408.0
411.0
409.0
409.0
407.0
408.0
410.0
420.0
408.0
408.0
410.0
409.0
409.0
404.0
412.0
408.0
411.0
413.0
407.0
407.0
405.0
408.0
406.0
441.0
443.0
442.0
443.0
443.0
442.0
444.0
443.0
446.0
444.0
405.0
409.0
408.0
409.0
408.0
407.0
408.0
407.0
411.0
410.0
405.0
407.0
407.0
408.0
407.0
408.0
407.0
407.0
410.0
407.0
405.0
406.0
407.0
410.0
408.0
409.0
407.0
408.0
407.0
409.0
5.0
4.0
5.0
5.0
4.0
5.0
4.0
4.0
5.0
4.0
5.0
5.0
4.0
4.0
4.0
5.0
5.0
4.0
4.0
4.0
6.0
4.0
4.0
4.0
4.0
405.0
405.0
407.0
407.0
409.0
408.0
406.0
407.0
408.0
408.0
406.0
406.0
408.0
406.0
408.0
406.0
406.0
407.0
408.0
408.0
404.0
406.0
404.0
408.0
408.0
407.0
407.0
405.0
413.0
407.0
404.0
405.0
405.0
405.0
407.0
406.0
404.0
407.0
447.0
445.0
447.0
456.0
454.0
451.0
458.0
455.0
455.0
457.0
410.0
409.0
415.0
420.0
419.0
422.0
420.0
418.0
421.0
419.0
424.0
426.0
423.0
412.0
411.0
421.0
421.0
410.0
409.0
410.0
420.0
419.0
415.0
409.0
410.0
415.0
412.0
6.0
5.0
4.0
4.0
4.0
5.0
5.0
5.0
4.0
4.0
5.0
5.0
4.0
4.0
4.0
6.0
5.0
4.0
4.0
4.0
6.0
5.0
5.0
4.0
4.0
406.0
407.0
410.0
405.0
410.0
406.0
405.0
403.0
409.0
408.0
409.0
405.0
404.0
408.0
407.0
408.0
408.0
406.0
408.0
409.0
409.0
406.0
406.0
407.0
406.0
405.0
404.0
405.0
407.0
406.0
404.0
404.0
406.0
408.0
407.0
406.0
405.0
405.0
409.0
407.0
452.0
445.0
450.0
447.0
451.0
456.0
455.0
442.0
455.0
456.0
407.0
413.0
420.0
405.0
416.0
407.0
417.0
414.0
413.0
416.0
406.0
409.0
418.0
418.0
408.0
405.0
413.0
419.0
407.0
408.0
408.0
409.0
417.0
412.0
417.0
5.0
4.0
4.0
4.0
4.0
4.0
4.0
3.0
4.0
3.0
4.0
4.0
4.0
4.0
4.0
4.0
4.0
4.0
4.0
4.0
5.0
4.0
4.0
4.0
4.0
405.0
415.0
417.0
409.0
407.0
409.0
409.0
409.0
411.0
410.0
405.0
406.0
410.0
405.0
408.0
407.0
407.0
406.0
404.0
404.0
404.0
405.0
406.0
408.0
406.0
406.0
406.0
409.0
406.0
405.0
406.0
407.0
406.0
411.0
407.0
407.0
409.0
408.0
405.0
408.0
445.0
445.0
454.0
448.0
446.0
446.0
449.0
444.0
447.0
445.0
404.0
414.0
418.0
410.0
408.0
411.0
408.0
406.0
407.0
408.0
406.0
407.0
409.0
407.0
408.0
405.0
405.0
405.0
407.0
405.0
405.0
405.0
406.0
406.0
405.0
6.0
4.0
4.0
4.0
4.0
6.0
4.0
4.0
4.0
4.0
5.0
4.0
5.0
5.0
4.0
6.0
4.0
4.0
4.0
4.0
5.0
4.0
4.0
4.0
4.0
408.0
408.0
406.0
405.0
406.0
407.0
403.0
407.0
405.0
407.0
410.0
407.0
406.0
411.0
406.0
411.0
409.0
408.0
410.0
410.0
407.0
408.0
407.0
407.0
407.0
412.0
406.0
405.0
410.0
410.0
406.0
406.0
407.0
407.0
411.0
408.0
407.0
406.0
408.0
406.0
408.0
405.0
404.0
406.0
406.0
445.0
443.0
449.0
445.0
443.0
445.0
452.0
444.0
445.0
448.0
405.0
406.0
414.0
408.0
409.0
409.0
405.0
408.0
416.0
407.0
408.0
406.0
419.0
407.0
406.0
404.0
405.0
406.0
407.0
415.0
4.0
4.0
4.0
4.0
0.0
4.0
4.0
4.0
4.0
1.0
4.0
4.0
4.0
4.0
1.0
4.0
4.0
4.0
4.0
1.0
4.0
4.0
4.0
4.0
1.0
408.0
403.0
407.0
407.0
403.0
406.0
405.0
408.0
411.0
402.0
405.0
406.0
407.0
406.0
404.0
405.0
405.0
405.0
405.0
403.0
405.0
407.0
406.0
405.0
405.0
404.0
415.0
405.0
405.0
403.0
406.0
407.0
408.0
404.0
404.0
406.0
408.0
404.0
407.0
412.0
405.0
407.0
405.0
408.0
403.0
447.0
449.0
449.0
448.0
449.0
447.0
446.0
451.0
447.0
447.0
406.0
404.0
406.0
404.0
404.0
405.0
405.0
407.0
407.0
412.0
404.0
404.0
407.0
405.0
404.0
405.0
404.0
408.0
408.0
404.0
4.0
1.0
1.0
1.0
1.0
4.0
1.0
1.0
1.0
1.0
5.0
1.0
1.0
1.0
1.0
4.0
1.0
1.0
1.0
1.0
4.0
1.0
1.0
1.0
1.0
405.0
402.0
403.0
401.0
404.0
407.0
400.0
404.0
403.0
404.0
404.0
402.0
408.0
409.0
401.0
405.0
402.0
404.0
404.0
404.0
407.0
402.0
404.0
401.0
401.0
405.0
401.0
404.0
403.0
404.0
405.0
402.0
405.0
405.0
403.0
408.0
403.0
410.0
411.0
412.0
419.0
420.0
415.0
412.0
416.0
415.0
413.0
449.0
447.0
446.0
456.0
449.0
452.0
451.0
449.0
453.0
452.0
415.0
407.0
415.0
405.0
407.0
415.0
411.0
413.0
416.0
423.0
405.0
415.0
409.0
404.0
403.0
407.0
411.0
412.0
1.0
1.0
1.0
1.0
1.0
1.0
1.0
1.0
1.0
1.0
1.0
1.0
1.0
1.0
1.0
1.0
1.0
1.0
1.0
1.0
1.0
1.0
1.0
1.0
1.0
403.0
404.0
405.0
224.0
224.0
400.0
403.0
402.0
223.0
224.0
404.0
401.0
403.0
223.0
224.0
402.0
403.0
401.0
224.0
223.0
406.0
401.0
404.0
224.0
224.0
402.0
400.0
402.0
225.0
223.0
401.0
403.0
401.0
224.0
224.0
403.0
404.0
401.0
224.0
224.0
404.0
403.0
401.0
223.0
224.0
403.0
400.0
404.0
225.0
223.0
402.0
404.0
404.0
223.0
223.0
404.0
401.0
401.0
223.0
224.0
404.0
407.0
443.0
225.0
225.0
443.0
442.0
443.0
266.0
260.0
450.0
452.0
448.0
261.0
229.0
1.0
1.0
1.0
1.0
1.0
2.0
1.0
1.0
1.0
1.0
1.0
1.0
1.0
1.0
1.0
1.0
1.0
1.0
1.0
1.0
2.0
1.0
1.0
1.0
1.0
229.0
227.0
224.0
225.0
222.0
233.0
228.0
227.0
222.0
224.0
223.0
227.0
235.0
226.0
223.0
224.0
232.0
223.0
225.0
224.0
226.0
227.0
223.0
232.0
224.0
223.0
223.0
223.0
223.0
224.0
228.0
228.0
224.0
235.0
223.0
223.0
222.0
230.0
222.0
224.0
231.0
223.0
231.0
230.0
223.0
222.0
224.0
223.0
223.0
224.0
222.0
230.0
228.0
231.0
223.0
222.0
222.0
223.0
224.0
223.0
225.0
230.0
231.0
229.0
223.0
224.0
223.0
223.0
225.0
224.0
224.0
224.0
223.0
225.0
224.0
1.0
1.0
1.0
1.0
1.0
1.0
1.0
1.0
1.0
1.0
1.0
1.0
1.0
1.0
1.0
1.0
1.0
1.0
1.0
1.0
1.0
1.0
1.0
1.0
1.0
222.0
223.0
225.0
224.0
223.0
225.0
222.0
223.0
226.0
222.0
223.0
224.0
223.0
225.0
224.0
224.0
223.0
223.0
224.0
224.0
223.0
222.0
225.0
222.0
225.0
224.0
222.0
222.0
225.0
223.0
222.0
223.0
225.0
232.0
224.0
224.0
223.0
223.0
224.0
224.0
222.0
223.0
224.0
223.0
224.0
223.0
225.0
223.0
224.0
224.0
226.0
224.0
224.0
223.0
225.0
224.0
223.0
222.0
224.0
222.0
224.0
261.0
261.0
265.0
264.0
266.0
263.0
266.0
265.0
263.0
257.0
212.0
204.0
206.0
208.0
