1.0
1.0
2.0
1.0
1.0
2.0
1.0
1.0
2.0
1.0
2.0
1.0
1.0
1.0
1.0
1.0
1.0
2.0
1.0
2.0
2.0
2.0
2.0
2.0
1.0
1.0
1.0
1.0
1.0
1.0
1.0
1.0
1.0
1.0
2.0
1.0
2.0
2.0
2.0
1.0
1.0
1.0
2.0
2.0
1.0
2.0
2.0
2.0
2.0
1.0
1.0
2.0
2.0
2.0
1.0
1.0
1.0
1.0
1.0
1.0
1.0
2.0
2.0
2.0
1.0
1.0
1.0
2.0
1.0
2.0
410.0
452.0
453.0
453.0
454.0
452.0
751.0
567.0
576.0
742.0
352.0
420.0
420.0
428.0
428.0
420.0
384.0
418.0
501.0
501.0
497.0
511.0
508.0
504.0
504.0
508.0
509.0
507.0
411.0
407.0
410.0
403.0
399.0
411.0
406.0
411.0
404.0
405.0
404.0
401.0
404.0
398.0
400.0
400.0
402.0
399.0
428.0
426.0
428.0
426.0
428.0
426.0
427.0
426.0
427.0
428.0
399.0
398.0
398.0
399.0
398.0
398.0
398.0
399.0
398.0
398.0
400.0
399.0
426.0
424.0
427.0
427.0
428.0
442.0
427.0
427.0
430.0
435.0
399.0
399.0
399.0
398.0
399.0
399.0
399.0
400.0
399.0
404.0
400.0
398.0
399.0
399.0
400.0
400.0
400.0
398.0
430.0
427.0
429.0
431.0
430.0
428.0
431.0
432.0
428.0
428.0
403.0
400.0
399.0
403.0
403.0
399.0
402.0
400.0
402.0
400.0
402.0
399.0
428.0
431.0
432.0
436.0
431.0
428.0
430.0
426.0
430.0
428.0
399.0
406.0
411.0
400.0
407.0
399.0
399.0
401.0
393.0
385.0
373.0
372.0
2.0
1.0
1.0
2.0
1.0
1.0
1.0
1.0
2.0
1.0
1.0
1.0
1.0
2.0
2.0
2.0
2.0
2.0
1.0
1.0
1.0
1.0
2.0
1.0
1.0
1.0
1.0
1.0
1.0
1.0
1.0
2.0
1.0
1.0
1.0
1.0
1.0
2.0
2.0
1.0
1.0
1.0
2.0
1.0
1.0
1.0
2.0
1.0
1.0
1.0
1.0
2.0
2.0
2.0
2.0
1.0
1.0
1.0
1.0
2.0
1.0
2.0
2.0
2.0
1.0
2.0
1.0
1.0
1.0
1.0
2.0
1.0
1.0
1.0
1.0
1.0
1.0
2.0
2.0
1.0
1.0
2.0
1.0
1.0
2.0
1.0
1.0
1.0
1.0
1.0
1.0
1.0
1.0
2.0
1.0
1.0
2.0
1.0
1.0
2.0
2.0
1.0
1.0
1.0
1.0
1.0
1.0
2.0
2.0
2.0
1.0
1.0
1.0
2.0
2.0
2.0
2.0
1.0
1.0
1.0
1.0
1.0
2.0
1.0
1.0
1.0
2.0
2.0
1.0
2.0
2.0
2.0
1.0
1.0
1.0
2.0
1.0
1.0
1.0
1.0
2.0
1.0
1.0
2.0
1.0
2.0
1.0
1.0
1.0
1.0
1.0
1.0
1.0
2.0
2.0
2.0
1.0
1.0
1.0
1.0
1.0
1.0
1.0
1.0
1.0
2.0
2.0
1.0
1.0
1.0
1.0
1.0
1.0
1.0
2.0
1.0
2.0
2.0
1.0
1.0
1.0
1.0
1.0
2.0
2.0
1.0
1.0
1.0
1.0
2.0
2.0
2.0
2.0
1.0
2.0
1.0
1.0
1.0
2.0
1.0
2.0
1.0
1.0
1.0
1.0
2.0
2.0
2.0
1.0
1.0
1.0
1.0
1.0
2.0
1.0
1.0
1.0
1.0
1.0
1.0
1.0
2.0
2.0
1.0
1.0
1.0
1.0
2.0
2.0
1.0
1.0
1.0
1.0
1.0
1.0
1.0
2.0
1.0
1.0
1.0
1.0
2.0
2.0
2.0
2.0
1.0
1.0
1.0
1.0
1.0
2.0
1.0
2.0
2.0
1.0
1.0
1.0
2.0
2.0
2.0
2.0
1.0
1.0
1.0
1.0
1.0
1.0
2.0
2.0
1.0
2.0
1.0
1.0
1.0
1.0
1.0
1.0
1.0
1.0
2.0
2.0
1.0
1.0
2.0
1.0
1.0
1.0
1.0
2.0
1.0
2.0
2.0
1.0
1.0
1.0
2.0
1.0
1.0
1.0
2.0
1.0
1.0
1.0
2.0
2.0
1.0
2.0
2.0
1.0
2.0
1.0
1.0
2.0
1.0
1.0
1.0
1.0
2.0
2.0
2.0
2.0
2.0
1.0
1.0
1.0
1.0
2.0
1.0
1.0
1.0
1.0
2.0
2.0
1.0
1.0
2.0
1.0
1.0
1.0
1.0
1.0
2.0
2.0
1.0
1.0
1.0
1.0
2.0
1.0
1.0
2.0
1.0
1.0
1.0
1.0
2.0
2.0
2.0
2.0
1.0
1.0
1.0
1.0
1.0
2.0
1.0
1.0
2.0
2.0
1.0
2.0
2.0
1.0
2.0
1.0
1.0
2.0
1.0
1.0
2.0
2.0
1.0
1.0
2.0
2.0
2.0
1.0
1.0
1.0
1.0
1.0
1.0
1.0
1.0
1.0
2.0
2.0
2.0
1.0
1.0
1.0
1.0
1.0
1.0
1.0
2.0
2.0
2.0
1.0
1.0
1.0
1.0
1.0
1.0
2.0
1.0
1.0
2.0
2.0
1.0
1.0
2.0
2.0
1.0
1.0
1.0
2.0
1.0
1.0
1.0
1.0
2.0
2.0
2.0
2.0
2.0
1.0
1.0
1.0
1.0
2.0
2.0
2.0
1.0
1.0
1.0
1.0
2.0
2.0
2.0
1.0
1.0
1.0
1.0
1.0
2.0
1.0
1.0
1.0
2.0
2.0
2.0
1.0
1.0
2.0
1.0
1.0
1.0
1.0
2.0
2.0
1.0
1.0
2.0
1.0
1.0
1.0
2.0
1.0
1.0
1.0
2.0
2.0
1.0
1.0
2.0
2.0
1.0
1.0
1.0
2.0
1.0
1.0
1.0
1.0
1.0
1.0
1.0
1.0
1.0
2.0
1.0
2.0
1.0
1.0
1.0
1.0
1.0
1.0
1.0
1.0
1.0
1.0
1.0
2.0
1.0
1.0
1.0
1.0
1.0
1.0
1.0
2.0
2.0
2.0
1.0
1.0
2.0
1.0
1.0
1.0
2.0
1.0
1.0
1.0
2.0
2.0
1.0
1.0
1.0
1.0
1.0
1.0
1.0
2.0
1.0
1.0
1.0
1.0
2.0
2.0
1.0
1.0
1.0
1.0
1.0
2.0
1.0
2.0
1.0
1.0
1.0
1.0
1.0
1.0
1.0
1.0
1.0
2.0
1.0
1.0
1.0
2.0
1.0
1.0
1.0
2.0
1.0
1.0
1.0
1.0
1.0
1.0
2.0
1.0
2.0
1.0
1.0
1.0
1.0
1.0
2.0
2.0
1.0
1.0
1.0
1.0
2.0
1.0
1.0
532.0
441.0
429.0
428.0
431.0
617.0
628.0
432.0
374.0
498.0
394.0
455.0
456.0
454.0
455.0
455.0
397.0
454.0
384.0
429.0
374.0
430.0
430.0
432.0
429.0
430.0
372.0
429.0
373.0
429.0
375.0
401.0
452.0
451.0
452.0
452.0
452.0
404.0
449.0
446.0
410.0
385.0
418.0
393.0
418.0
418.0
419.0
385.0
418.0
386.0
417.0
385.0
385.0
386.0
442.0
441.0
440.0
442.0
444.0
413.0
444.0
414.0
415.0
414.0
430.0
419.0
418.0
418.0
419.0
386.0
418.0
385.0
385.0
385.0
417.0
418.0
426.0
418.0
389.0
417.0
442.0
413.0
414.0
414.0
444.0
457.0
445.0
452.0
415.0
444.0
390.0
496.0
468.0
467.0
496.0
475.0
507.0
505.0
509.0
508.0
472.0
427.0
398.0
397.0
388.0
417.0
418.0
420.0
419.0
419.0
387.0
419.0
387.0
386.0
416.0
452.0
445.0
445.0
444.0
415.0
445.0
445.0
415.0
417.0
387.0
418.0
419.0
420.0
419.0
388.0
421.0
386.0
386.0
418.0
389.0
418.0
386.0
419.0
419.0
419.0
444.0
412.0
413.0
445.0
413.0
414.0
445.0
445.0
446.0
445.0
385.0
387.0
418.0
418.0
387.0
389.0
418.0
419.0
419.0
419.0
385.0
389.0
419.0
422.0
401.0
432.0
439.0
444.0
444.0
441.0
440.0
448.0
438.0
435.0
448.0
427.0
411.0
410.0
425.0
411.0
416.0
412.0
407.0
406.0
413.0
402.0
426.0
430.0
431.0
430.0
442.0
429.0
431.0
433.0
429.0
431.0
404.0
404.0
404.0
401.0
400.0
402.0
402.0
403.0
402.0
400.0
404.0
403.0
404.0
401.0
399.0
399.0
404.0
404.0
428.0
429.0
431.0
432.0
430.0
430.0
429.0
429.0
431.0
431.0
403.0
400.0
403.0
403.0
404.0
401.0
400.0
399.0
403.0
404.0
399.0
402.0
427.0
434.0
431.0
429.0
427.0
427.0
430.0
432.0
430.0
428.0
408.0
406.0
403.0
405.0
401.0
402.0
405.0
403.0
404.0
491.0
498.0
502.0
506.0
511.0
505.0
506.0
501.0
512.0
506.0
407.0
407.0
398.0
410.0
408.0
403.0
412.0
403.0
413.0
415.0
410.0
406.0
399.0
401.0
408.0
407.0
416.0
434.0
434.0
432.0
428.0
427.0
428.0
426.0
432.0
428.0
432.0
404.0
403.0
403.0
401.0
399.0
399.0
399.0
401.0
402.0
402.0
403.0
403.0
402.0
426.0
427.0
428.0
427.0
428.0
432.0
432.0
432.0
431.0
433.0
400.0
399.0
399.0
398.0
399.0
403.0
403.0
403.0
403.0
403.0
399.0
399.0
399.0
399.0
400.0
403.0
403.0
430.0
430.0
430.0
426.0
427.0
426.0
428.0
427.0
429.0
428.0
404.0
402.0
402.0
399.0
398.0
397.0
398.0
399.0
402.0
401.0
402.0
402.0
403.0
428.0
426.0
426.0
436.0
426.0
440.0
434.0
432.0
431.0
438.0
402.0
398.0
409.0
410.0
399.0
404.0
402.0
402.0
403.0
413.0
400.0
398.0
408.0
399.0
408.0
404.0
429.0
430.0
429.0
430.0
436.0
427.0
428.0
427.0
430.0
430.0
403.0
402.0
403.0
401.0
402.0
404.0
399.0
400.0
399.0
403.0
402.0
406.0
403.0
403.0
430.0
430.0
428.0
428.0
428.0
430.0
430.0
431.0
431.0
430.0
399.0
399.0
398.0
398.0
399.0
403.0
402.0
402.0
489.0
490.0
490.0
488.0
487.0
490.0
491.0
484.0
493.0
485.0
407.0
411.0
400.0
406.0
410.0
405.0
400.0
401.0
404.0
402.0
402.0
403.0
398.0
420.0
426.0
426.0
426.0
430.0
430.0
430.0
429.0
431.0
429.0
402.0
401.0
400.0
402.0
402.0
403.0
403.0
402.0
402.0
399.0
399.0
399.0
409.0
402.0
407.0
402.0
405.0
431.0
430.0
429.0
435.0
427.0
429.0
431.0
432.0
441.0
433.0
405.0
403.0
405.0
409.0
399.0
400.0
399.0
406.0
404.0
405.0
403.0
403.0
399.0
424.0
425.0
430.0
431.0
432.0
432.0
432.0
432.0
431.0
433.0
401.0
410.0
402.0
401.0
406.0
409.0
407.0
404.0
404.0
401.0
401.0
410.0
401.0
400.0
410.0
414.0
430.0
435.0
438.0
440.0
449.0
460.0
453.0
454.0
436.0
436.0
417.0
412.0
412.0
415.0
410.0
407.0
407.0
406.0
405.0
404.0
404.0
404.0
404.0
400.0
427.0
428.0
428.0
428.0
432.0
431.0
432.0
431.0
443.0
428.0
399.0
400.0
402.0
400.0
403.0
403.0
404.0
403.0
403.0
399.0
402.0
399.0
399.0
401.0
404.0
405.0
431.0
431.0
432.0
429.0
428.0
428.0
429.0
430.0
430.0
443.0
403.0
403.0
404.0
400.0
400.0
401.0
401.0
400.0
506.0
509.0
515.0
540.0
552.0
553.0
548.0
548.0
552.0
551.0
406.0
403.0
407.0
407.0
410.0
403.0
400.0
400.0
409.0
404.0
406.0
403.0
408.0
406.0
429.0
429.0
428.0
433.0
428.0
431.0
434.0
429.0
434.0
430.0
400.0
404.0
400.0
410.0
399.0
400.0
403.0
403.0
404.0
406.0
401.0
408.0
402.0
402.0
401.0
425.0
439.0
438.0
439.0
442.0
432.0
444.0
427.0
427.0
429.0
402.0
403.0
404.0
403.0
408.0
411.0
417.0
401.0
401.0
400.0
400.0
403.0
409.0
404.0
408.0
449.0
462.0
448.0
446.0
448.0
456.0
448.0
446.0
449.0
440.0
401.0
400.0
410.0
399.0
404.0
402.0
402.0
398.0
404.0
401.0
401.0
399.0
403.0
399.0
402.0
399.0
403.0
423.0
427.0
427.0
423.0
423.0
426.0
423.0
426.0
424.0
426.0
398.0
402.0
402.0
399.0
398.0
402.0
399.0
402.0
400.0
403.0
398.0
403.0
403.0
424.0
423.0
427.0
425.0
428.0
427.0
427.0
425.0
436.0
427.0
400.0
400.0
404.0
405.0
403.0
402.0
403.0
405.0
406.0
404.0
408.0
410.0
405.0
403.0
403.0
406.0
425.0
428.0
427.0
430.0
425.0
425.0
435.0
433.0
432.0
427.0
406.0
399.0
405.0
411.0
489.0
498.0
499.0
493.0
495.0
490.0
495.0
490.0
491.0
492.0
400.0
399.0
403.0
399.0
399.0
402.0
402.0
398.0
404.0
402.0
399.0
399.0
402.0
399.0
399.0
403.0
403.0
399.0
426.0
426.0
423.0
423.0
428.0
423.0
424.0
427.0
428.0
423.0
404.0
403.0
400.0
400.0
403.0
399.0
400.0
402.0
399.0
404.0
408.0
406.0
422.0
431.0
430.0
430.0
427.0
428.0
423.0
428.0
429.0
427.0
402.0
401.0
415.0
401.0
401.0
402.0
399.0
403.0
406.0
405.0
401.0
401.0
404.0
400.0
401.0
403.0
399.0
422.0
432.0
437.0
426.0
429.0
429.0
432.0
428.0
437.0
424.0
404.0
405.0
403.0
417.0
408.0
406.0
409.0
407.0
415.0
400.0
412.0
413.0
428.0
434.0
431.0
431.0
427.0
432.0
425.0
430.0
429.0
439.0
410.0
408.0
404.0
405.0
415.0
403.0
400.0
404.0
405.0
409.0
402.0
404.0
403.0
417.0
406.0
412.0
422.0
434.0
430.0
443.0
444.0
445.0
441.0
443.0
434.0
436.0
419.0
426.0
423.0
420.0
409.0
417.0
408.0
405.0
417.0
406.0
406.0
416.0
415.0
440.0
427.0
441.0
426.0
425.0
426.0
442.0
425.0
441.0
439.0
419.0
400.0
415.0
399.0
399.0
402.0
400.0
416.0
418.0
416.0
509.0
504.0
514.0
509.0
503.0
508.0
504.0
511.0
506.0
502.0
412.0
412.0
410.0
412.0
409.0
409.0
408.0
411.0
404.0
405.0
416.0
413.0
437.0
435.0
434.0
431.0
431.0
437.0
434.0
432.0
441.0
437.0
404.0
406.0
401.0
417.0
409.0
405.0
413.0
405.0
411.0
407.0
410.0
403.0
401.0
401.0
404.0
405.0
406.0
404.0
439.0
429.0
431.0
431.0
431.0
430.0
429.0
433.0
431.0
434.0
404.0
400.0
403.0
403.0
400.0
400.0
400.0
404.0
403.0
404.0
400.0
406.0
432.0
426.0
429.0
429.0
430.0
433.0
434.0
445.0
429.0
432.0
400.0
403.0
398.0
399.0
398.0
403.0
402.0
411.0
398.0
402.0
398.0
402.0
399.0
399.0
399.0
403.0
402.0
429.0
424.0
428.0
426.0
428.0
424.0
425.0
431.0
427.0
427.0
404.0
399.0
402.0
399.0
404.0
398.0
399.0
409.0
404.0
405.0
404.0
398.0
403.0
423.0
427.0
423.0
423.0
425.0
428.0
426.0
427.0
423.0
427.0
401.0
402.0
399.0
399.0
399.0
404.0
404.0
405.0
400.0
409.0
401.0
405.0
400.0
402.0
402.0
403.0
403.0
429.0
429.0
428.0
426.0
429.0
428.0
425.0
426.0
429.0
428.0
405.0
402.0
410.0
401.0
404.0
400.0
400.0
501.0
492.0
494.0
499.0
490.0
500.0
493.0
501.0
492.0
494.0
405.0
409.0
403.0
413.0
399.0
410.0
407.0
410.0
411.0
409.0
407.0
412.0
402.0
409.0
423.0
427.0
424.0
427.0
423.0
425.0
425.0
427.0
428.0
427.0
399.0
405.0
400.0
398.0
402.0
398.0
398.0
402.0
402.0
402.0
399.0
398.0
401.0
398.0
402.0
398.0
418.0
426.0
426.0
426.0
424.0
424.0
428.0
423.0
428.0
424.0
399.0
405.0
404.0
414.0
399.0
400.0
411.0
399.0
405.0
400.0
409.0
403.0
406.0
407.0
428.0
427.0
430.0
427.0
430.0
428.0
428.0
428.0
429.0
430.0
403.0
408.0
404.0
400.0
402.0
401.0
408.0
405.0
403.0
404.0
407.0
410.0
405.0
408.0
402.0
414.0
429.0
433.0
431.0
434.0
426.0
426.0
432.0
426.0
432.0
426.0
409.0
418.0
409.0
414.0
402.0
401.0
406.0
402.0
403.0
400.0
411.0
405.0
403.0
425.0
424.0
431.0
432.0
428.0
431.0
429.0
427.0
440.0
430.0
418.0
401.0
402.0
405.0
401.0
403.0
400.0
412.0
411.0
402.0
409.0
400.0
425.0
413.0
408.0
426.0
422.0
441.0
427.0
471.0
437.0
450.0
453.0
450.0
428.0
426.0
435.0
431.0
419.0
420.0
424.0
424.0
500.0
503.0
511.0
504.0
508.0
500.0
492.0
491.0
490.0
491.0
404.0
409.0
412.0
401.0
413.0
400.0
401.0
403.0
402.0
405.0
404.0
413.0
409.0
401.0
411.0
401.0
426.0
427.0
433.0
432.0
429.0
432.0
440.0
437.0
430.0
427.0
402.0
406.0
405.0
409.0
402.0
402.0
411.0
411.0
400.0
402.0
406.0
402.0
401.0
402.0
427.0
432.0
430.0
428.0
442.0
427.0
427.0
428.0
427.0
425.0
403.0
407.0
401.0
403.0
401.0
413.0
400.0
401.0
403.0
400.0
403.0
412.0
400.0
400.0
400.0
427.0
427.0
428.0
427.0
428.0
427.0
429.0
436.0
427.0
429.0
404.0
399.0
401.0
401.0
399.0
400.0
401.0
399.0
415.0
400.0
401.0
400.0
399.0
400.0
403.0
425.0
430.0
425.0
428.0
429.0
428.0
426.0
426.0
428.0
428.0
402.0
405.0
401.0
402.0
403.0
403.0
400.0
400.0
400.0
403.0
400.0
403.0
399.0
403.0
403.0
426.0
424.0
424.0
425.0
428.0
424.0
425.0
430.0
428.0
427.0
403.0
400.0
400.0
399.0
402.0
393.0
385.0
396.0
394.0
403.0
386.0
370.0
