3.0
3.0
3.0
3.0
2.0
2.0
3.0
3.0
3.0
3.0
12.0
25.0
25.0
25.0
26.0
25.0
25.0
26.0
25.0
25.0
25.0
25.0
3479.0
3479.0
3479.0
3478.0
3477.0
3479.0
3488.0
11.0
41.0
41.0
25.0
25.0
25.0
25.0
25.0
24.0
25.0
25.0
25.0
3460.0
3459.0
3463.0
3466.0
3464.0
3471.0
3464.0
11.0
25.0
25.0
25.0
25.0
25.0
24.0
24.0
25.0
25.0
25.0
25.0
3461.0
3459.0
3466.0
3466.0
3498.0
3497.0
3497.0
11.0
25.0
25.0
25.0
25.0
25.0
25.0
25.0
25.0
25.0
25.0
25.0
3515.0
3514.0
3511.0
3514.0
3510.0
3501.0
3469.0
13.0
27.0
26.0
25.0
26.0
25.0
25.0
24.0
24.0
25.0
25.0
25.0
3468.0
3467.0
3467.0
3463.0
3467.0
3468.0
3469.0
3465.0
11.0
25.0
25.0
25.0
25.0
25.0
25.0
25.0
25.0
25.0
25.0
26.0
3491.0
3494.0
3489.0
3491.0
3496.0
3493.0
3488.0
11.0
25.0
25.0
24.0
25.0
25.0
25.0
25.0
24.0
43.0
43.0
25.0
3471.0
3472.0
3461.0
3455.0
3460.0
3461.0
3459.0
11.0
25.0
25.0
25.0
24.0
25.0
24.0
25.0
25.0
24.0
25.0
25.0
3456.0
3453.0
3461.0
3465.0
3503.0
3522.0
3514.0
12.0
24.0
24.0
24.0
25.0
25.0
25.0
25.0
25.0
25.0
25.0
25.0
3523.0
3525.0
3565.0
3512.0
3531.0
3534.0
3462.0
10.0
24.0
24.0
25.0
24.0
24.0
24.0
24.0
24.0
25.0
24.0
24.0
3449.0
3452.0
3455.0
3449.0
3453.0
3447.0
3449.0
3442.0
11.0
24.0
24.0
25.0
25.0
25.0
25.0
25.0
24.0
25.0
24.0
25.0
3456.0
3454.0
3460.0
3456.0
3457.0
3465.0
3474.0
11.0
25.0
25.0
25.0
25.0
25.0
25.0
25.0
24.0
24.0
25.0
25.0
3454.0
3448.0
3485.0
3490.0
3485.0
3488.0
3489.0
11.0
24.0
25.0
25.0
25.0
25.0
25.0
24.0
24.0
25.0
25.0
25.0
3505.0
3494.0
3494.0
3507.0
3468.0
3473.0
3468.0
11.0
25.0
25.0
32.0
32.0
25.0
25.0
26.0
26.0
25.0
24.0
24.0
3454.0
3458.0
3464.0
3463.0
3456.0
3462.0
3456.0
11.0
25.0
25.0
24.0
25.0
25.0
25.0
25.0
25.0
25.0
24.0
25.0
3456.0
3457.0
3459.0
3465.0
3457.0
3464.0
3473.0
3458.0
11.0
24.0
25.0
25.0
25.0
25.0
25.0
25.0
25.0
25.0
24.0
24.0
3455.0
3457.0
3452.0
3458.0
3456.0
3458.0
3456.0
11.0
24.0
24.0
24.0
24.0
24.0
24.0
24.0
24.0
24.0
24.0
42.0
3480.0
3459.0
3509.0
3506.0
3510.0
3500.0
3496.0
10.0
42.0
42.0
24.0
24.0
24.0
24.0
24.0
24.0
24.0
24.0
24.0
3493.0
3500.0
3499.0
3549.0
3460.0
3456.0
3455.0
3.0
3.0
2.0
3.0
2.0
2.0
3.0
3.0
2.0
3.0
3.0
2.0
3436.0
3436.0
3438.0
3437.0
3439.0
3585.0
3429.0
3.0
3.0
3.0
3.0
3.0
2.0
2.0
3.0
2.0
3.0
3.0
2.0
1897.0
1896.0
1895.0
1896.0
1896.0
1902.0
1898.0
1896.0
11.0
25.0
25.0
24.0
24.0
24.0
24.0
24.0
24.0
25.0
25.0
25.0
3469.0
3473.0
3475.0
3472.0
3475.0
3475.0
3475.0
3499.0
11.0
25.0
24.0
24.0
25.0
25.0
24.0
24.0
25.0
25.0
24.0
24.0
3491.0
3493.0
3483.0
3497.0
3500.0
3498.0
3501.0
3499.0
11.0
25.0
43.0
25.0
24.0
25.0
24.0
25.0
25.0
24.0
25.0
25.0
3487.0
3481.0
3500.0
3489.0
3504.0
3502.0
3503.0
3503.0
11.0
24.0
25.0
25.0
24.0
24.0
25.0
25.0
24.0
24.0
24.0
24.0
3509.0
3507.0
3504.0
3528.0
3467.0
3486.0
3485.0
3489.0
11.0
25.0
24.0
24.0
24.0
25.0
24.0
24.0
24.0
25.0
25.0
24.0
3492.0
3518.0
3523.0
3523.0
3497.0
3489.0
3486.0
3483.0
11.0
25.0
25.0
24.0
24.0
25.0
25.0
24.0
24.0
24.0
25.0
25.0
3483.0
3485.0
3485.0
3455.0
3459.0
3456.0
3453.0
3457.0
10.0
24.0
23.0
24.0
24.0
24.0
24.0
23.0
24.0
24.0
24.0
24.0
3469.0
3472.0
3453.0
3455.0
3461.0
3458.0
3455.0
3457.0
2.0
16.0
16.0
16.0
16.0
16.0
16.0
16.0
16.0
16.0
16.0
16.0
3443.0
3450.0
3445.0
3446.0
3477.0
3478.0
3479.0
3486.0
3.0
2.0
2.0
3.0
2.0
2.0
3.0
2.0
2.0
3.0
2.0
2.0
3466.0
3468.0
3471.0
3471.0
3467.0
3474.0
3429.0
3430.0
2.0
3.0
2.0
2.0
3.0
2.0
2.0
3.0
2.0
2.0
2.0
2.0
1889.0
1889.0
1895.0
1891.0
1890.0
1894.0
1893.0
1894.0
11.0
25.0
24.0
24.0
25.0
24.0
24.0
24.0
25.0
25.0
24.0
24.0
3494.0
3490.0
3505.0
3496.0
3510.0
3487.0
3498.0
3502.0
10.0
26.0
25.0
24.0
25.0
25.0
24.0
24.0
25.0
25.0
24.0
24.0
3499.0
3494.0
3472.0
3466.0
3462.0
3470.0
3467.0
3472.0
11.0
24.0
24.0
25.0
24.0
24.0
25.0
25.0
24.0
24.0
25.0
24.0
3470.0
3468.0
3469.0
3466.0
3460.0
3462.0
3460.0
3462.0
11.0
25.0
25.0
24.0
24.0
24.0
24.0
25.0
25.0
24.0
24.0
24.0
3490.0
3476.0
3469.0
3471.0
3477.0
3471.0
3528.0
3529.0
11.0
24.0
24.0
25.0
24.0
24.0
24.0
51.0
50.0
24.0
25.0
25.0
3499.0
3487.0
3505.0
3502.0
3491.0
3485.0
3502.0
3503.0
11.0
24.0
24.0
25.0
24.0
24.0
25.0
24.0
24.0
25.0
24.0
24.0
3458.0
3455.0
3459.0
3462.0
3464.0
3457.0
3476.0
3469.0
10.0
24.0
24.0
23.0
24.0
24.0
24.0
24.0
23.0
24.0
24.0
23.0
3460.0
3455.0
3458.0
3454.0
3451.0
3454.0
3451.0
3464.0
3.0
2.0
2.0
2.0
3.0
3.0
2.0
2.0
2.0
2.0
3.0
3.0
3427.0
3429.0
3428.0
3433.0
3431.0
3432.0
3440.0
3436.0
3.0
2.0
2.0
3.0
2.0
2.0
3.0
2.0
2.0
2.0
3.0
2.0
3459.0
3434.0
3443.0
3446.0
3446.0
3444.0
3484.0
3482.0
2.0
2.0
3.0
2.0
3.0
2.0
2.0
2.0
2.0
2.0
2.0
2.0
1914.0
1917.0
1888.0
1888.0
1919.0
1921.0
1923.0
1923.0
11.0
24.0
24.0
25.0
25.0
24.0
24.0
24.0
24.0
25.0
24.0
24.0
3520.0
3520.0
3515.0
3519.0
3516.0
3508.0
3515.0
3502.0
12.0
25.0
25.0
31.0
32.0
26.0
26.0
25.0
25.0
24.0
25.0
26.0
3507.0
3505.0
3524.0
3525.0
3520.0
3519.0
3478.0
3484.0
11.0
24.0
24.0
24.0
24.0
25.0
25.0
24.0
24.0
25.0
25.0
24.0
3477.0
3479.0
3482.0
3508.0
3476.0
3474.0
3477.0
3471.0
11.0
24.0
24.0
24.0
25.0
24.0
24.0
24.0
24.0
25.0
25.0
24.0
3491.0
3489.0
3490.0
3486.0
3496.0
3471.0
3457.0
3459.0
11.0
24.0
24.0
24.0
24.0
25.0
25.0
24.0
24.0
24.0
24.0
25.0
3461.0
3458.0
3455.0
3450.0
3465.0
3465.0
3472.0
3474.0
11.0
24.0
24.0
25.0
24.0
24.0
25.0
24.0
24.0
25.0
24.0
24.0
3490.0
3484.0
3497.0
3494.0
3484.0
3489.0
3478.0
3478.0
12.0
26.0
26.0
26.0
27.0
27.0
26.0
25.0
24.0
23.0
24.0
24.0
3462.0
3464.0
3454.0
3455.0
3457.0
3454.0
3453.0
3452.0
2.0
3.0
2.0
2.0
3.0
2.0
2.0
3.0
2.0
2.0
2.0
2.0
3431.0
3430.0
3438.0
3438.0
3424.0
3435.0
3433.0
3427.0
2.0
2.0
2.0
3.0
2.0
2.0
3.0
2.0
2.0
2.0
2.0
3.0
3432.0
3436.0
3437.0
3437.0
3430.0
3434.0
3458.0
3482.0
2.0
3.0
2.0
2.0
3.0
2.0
2.0
3.0
2.0
2.0
3.0
2.0
1909.0
1908.0
1910.0
1911.0
1915.0
1915.0
1915.0
1917.0
10.0
25.0
25.0
24.0
24.0
24.0
24.0
25.0
24.0
24.0
24.0
24.0
3484.0
3485.0
3507.0
3510.0
3534.0
3527.0
3530.0
3534.0
30.0
25.0
24.0
25.0
25.0
25.0
25.0
25.0
25.0
24.0
25.0
25.0
3511.0
3509.0
3490.0
3490.0
3479.0
3479.0
3455.0
3454.0
11.0
24.0
24.0
24.0
25.0
24.0
24.0
24.0
24.0
25.0
24.0
24.0
3460.0
3454.0
3465.0
3454.0
3460.0
3468.0
3468.0
3470.0
11.0
24.0
24.0
24.0
24.0
25.0
25.0
24.0
24.0
25.0
25.0
24.0
3469.0
3471.0
3475.0
3472.0
3490.0
3483.0
3449.0
3457.0
11.0
24.0
24.0
25.0
25.0
24.0
24.0
24.0
24.0
24.0
25.0
24.0
3460.0
3457.0
3483.0
3462.0
3488.0
3483.0
3481.0
3472.0
11.0
24.0
25.0
24.0
24.0
25.0
25.0
24.0
24.0
24.0
24.0
25.0
3491.0
3491.0
3482.0
3485.0
3453.0
3454.0
3474.0
3471.0
10.0
23.0
23.0
23.0
24.0
24.0
24.0
24.0
24.0
24.0
23.0
23.0
3505.0
3516.0
3494.0
3493.0
3491.0
3492.0
3493.0
3495.0
2.0
2.0
3.0
3.0
3.0
2.0
2.0
3.0
3.0
2.0
2.0
3.0
3478.0
3478.0
3430.0
3439.0
3434.0
3434.0
3452.0
3451.0
2.0
2.0
3.0
2.0
2.0
24.0
25.0
3.0
2.0
2.0
2.0
2.0
3432.0
3434.0
3433.0
3432.0
3432.0
3439.0
3449.0
3447.0
2.0
2.0
2.0
3.0
2.0
2.0
3.0
2.0
2.0
2.0
3.0
3.0
1897.0
1898.0
1903.0
1901.0
1903.0
1903.0
1905.0
1909.0
11.0
24.0
24.0
24.0
25.0
26.0
26.0
25.0
25.0
24.0
24.0
24.0
3463.0
3469.0
3473.0
3472.0
3466.0
3479.0
3468.0
11.0
25.0
25.0
25.0
26.0
25.0
24.0
25.0
25.0
24.0
24.0
24.0
3496.0
3477.0
3511.0
3508.0
3497.0
3502.0
3506.0
3501.0
12.0
25.0
25.0
25.0
24.0
24.0
25.0
25.0
24.0
24.0
24.0
24.0
3490.0
3486.0
3490.0
3492.0
3458.0
3460.0
3460.0
3464.0
11.0
25.0
24.0
24.0
25.0
25.0
24.0
24.0
25.0
24.0
24.0
25.0
3459.0
3458.0
3483.0
3479.0
3485.0
3487.0
3456.0
3453.0
11.0
24.0
25.0
25.0
24.0
25.0
25.0
24.0
24.0
24.0
25.0
25.0
3481.0
3478.0
3477.0
3478.0
3457.0
3459.0
3458.0
3467.0
11.0
44.0
43.0
24.0
25.0
25.0
24.0
24.0
25.0
24.0
24.0
25.0
3452.0
3456.0
3451.0
3454.0
3452.0
3456.0
3449.0
10.0
24.0
24.0
23.0
24.0
24.0
23.0
24.0
24.0
24.0
25.0
24.0
3460.0
3450.0
3447.0
3449.0
3453.0
3452.0
3451.0
3456.0
2.0
16.0
15.0
16.0
16.0
16.0
16.0
16.0
16.0
16.0
16.0
16.0
3474.0
3471.0
3471.0
3461.0
3466.0
3465.0
3478.0
3482.0
2.0
3.0
2.0
2.0
3.0
2.0
2.0
3.0
2.0
2.0
3.0
2.0
3464.0
3463.0
3439.0
3435.0
3435.0
3443.0
3470.0
3452.0
3.0
2.0
3.0
2.0
3.0
3.0
2.0
2.0
3.0
3.0
2.0
2.0
1889.0
1889.0
1906.0
1904.0
1903.0
1905.0
1930.0
1929.0
11.0
25.0
24.0
24.0
25.0
24.0
24.0
25.0
24.0
24.0
25.0
25.0
3477.0
3481.0
3516.0
3518.0
3492.0
3506.0
3486.0
3495.0
12.0
27.0
25.0
24.0
25.0
24.0
24.0
24.0
25.0
24.0
24.0
25.0
3467.0
3466.0
3488.0
3491.0
3453.0
3453.0
3451.0
3451.0
11.0
24.0
24.0
24.0
24.0
24.0
25.0
24.0
24.0
24.0
24.0
24.0
3457.0
3449.0
3474.0
3471.0
3465.0
3466.0
3469.0
3465.0
11.0
24.0
24.0
25.0
24.0
24.0
25.0
24.0
24.0
25.0
24.0
24.0
3462.0
3468.0
3486.0
3477.0
3475.0
3472.0
3458.0
3471.0
10.0
25.0
25.0
24.0
24.0
24.0
24.0
25.0
25.0
24.0
24.0
24.0
3466.0
3469.0
3473.0
3475.0
3459.0
3461.0
3451.0
3451.0
11.0
24.0
25.0
24.0
24.0
25.0
25.0
25.0
24.0
24.0
25.0
24.0
3463.0
3463.0
3463.0
3467.0
3457.0
3458.0
3459.0
3457.0
10.0
23.0
24.0
23.0
23.0
24.0
24.0
24.0
24.0
23.0
24.0
24.0
3456.0
3460.0
3461.0
3464.0
3461.0
3469.0
3496.0
3505.0
2.0
3.0
3.0
2.0
2.0
2.0
2.0
3.0
3.0
2.0
2.0
2.0
3463.0
3465.0
3439.0
3439.0
3466.0
3470.0
3473.0
3470.0
2.0
3.0
2.0
2.0
2.0
3.0
2.0
2.0
3.0
2.0
2.0
2.0
3436.0
3437.0
3441.0
3438.0
3457.0
3457.0
3474.0
3479.0
2.0
2.0
3.0
2.0
2.0
2.0
3.0
2.0
2.0
2.0
3.0
2.0
1911.0
1917.0
1913.0
1915.0
1921.0
1913.0
1913.0
1932.0
11.0
24.0
24.0
25.0
24.0
24.0
24.0
24.0
24.0
24.0
24.0
24.0
3477.0
3484.0
3477.0
3484.0
3483.0
3499.0
3465.0
3468.0
11.0
24.0
25.0
24.0
24.0
24.0
25.0
25.0
24.0
24.0
24.0
24.0
3470.0
3467.0
3486.0
3479.0
3476.0
3488.0
3468.0
3467.0
11.0
24.0
24.0
24.0
24.0
25.0
24.0
24.0
24.0
24.0
24.0
25.0
3459.0
3462.0
3484.0
3465.0
3472.0
3470.0
3470.0
3473.0
11.0
25.0
24.0
24.0
25.0
24.0
24.0
24.0
24.0
24.0
25.0
24.0
3499.0
3488.0
3474.0
3474.0
3455.0
3458.0
3502.0
3503.0
10.0
25.0
24.0
24.0
45.0
45.0
25.0
24.0
24.0
24.0
24.0
24.0
3487.0
3481.0
3492.0
3484.0
3478.0
3480.0
3501.0
3505.0
11.0
24.0
24.0
25.0
24.0
24.0
24.0
24.0
24.0
25.0
24.0
24.0
3465.0
3466.0
3464.0
3467.0
3462.0
3471.0
3479.0
3488.0
2.0
2.0
2.0
2.0
3.0
2.0
2.0
3.0
2.0
2.0
2.0
2.0
3448.0
3446.0
3439.0
3437.0
3439.0
3442.0
3447.0
3459.0
3.0
2.0
2.0
3.0
2.0
2.0
2.0
3.0
2.0
2.0
2.0
2.0
3439.0
3439.0
3441.0
3442.0
3467.0
3455.0
3463.0
3470.0
2.0
3.0
2.0
2.0
3.0
2.0
2.0
2.0
3.0
2.0
2.0
2.0
3452.0
3452.0
3457.0
3456.0
3457.0
3457.0
3462.0
3457.0
2.0
2.0
3.0
2.0
2.0
3.0
2.0
3.0
2.0
2.0
3.0
2.0
1910.0
1916.0
1916.0
1919.0
1902.0
1904.0
1917.0
1917.0
12.0
25.0
25.0
26.0
26.0
27.0
26.0
24.0
24.0
25.0
24.0
25.0
3504.0
3505.0
3510.0
3504.0
3491.0
3487.0
3474.0
3478.0
11.0
24.0
24.0
25.0
25.0
24.0
24.0
25.0
25.0
24.0
24.0
24.0
3508.0
3497.0
3479.0
3478.0
3489.0
3479.0
3498.0
3497.0
10.0
24.0
24.0
24.0
24.0
24.0
24.0
24.0
25.0
24.0
24.0
24.0
3483.0
3498.0
3465.0
3465.0
3453.0
3455.0
3457.0
3458.0
11.0
24.0
24.0
24.0
24.0
25.0
24.0
24.0
24.0
24.0
24.0
24.0
3450.0
3452.0
3454.0
3457.0
3459.0
3460.0
3475.0
3473.0
11.0
24.0
24.0
25.0
24.0
24.0
24.0
32.0
32.0
25.0
25.0
25.0
3468.0
3469.0
3468.0
3464.0
3464.0
3466.0
3471.0
3469.0
11.0
25.0
24.0
24.0
24.0
24.0
24.0
25.0
25.0
24.0
24.0
25.0
3501.0
3501.0
3520.0
3525.0
3512.0
3524.0
3525.0
3505.0
2.0
2.0
2.0
3.0
3.0
2.0
2.0
2.0
2.0
2.0
3.0
3.0
3491.0
3493.0
3466.0
3468.0
3460.0
3474.0
3449.0
3440.0
3.0
2.0
2.0
3.0
2.0
2.0
2.0
3.0
2.0
2.0
3.0
2.0
3453.0
3449.0
3473.0
3470.0
3447.0
3450.0
3447.0
3457.0
2.0
2.0
2.0
3.0
2.0
2.0
2.0
3.0
2.0
2.0
2.0
2.0
3474.0
3497.0
3490.0
3488.0
3465.0
3464.0
3469.0
3466.0
2.0
2.0
2.0
2.0
2.0
3.0
2.0
2.0
3.0
2.0
2.0
3.0
1919.0
1926.0
1893.0
1891.0
1894.0
1893.0
1897.0
1898.0
11.0
23.0
31.0
32.0
25.0
24.0
23.0
24.0
24.0
23.0
24.0
24.0
3462.0
3457.0
3454.0
3453.0
3458.0
3455.0
3453.0
3453.0
10.0
23.0
24.0
24.0
24.0
24.0
24.0
24.0
23.0
24.0
24.0
23.0
3465.0
3465.0
3513.0
3505.0
3485.0
3488.0
3508.0
3503.0
10.0
32.0
33.0
27.0
26.0
24.0
24.0
23.0
23.0
24.0
24.0
24.0
3496.0
3496.0
3523.0
3516.0
3478.0
3485.0
3456.0
3455.0
2.0
2.0
2.0
2.0
2.0
3.0
2.0
2.0
2.0
2.0
2.0
2.0
3437.0
3435.0
3468.0
3456.0
3441.0
3440.0
3443.0
3450.0
2.0
2.0
2.0
3.0
2.0
2.0
2.0
2.0
2.0
2.0
2.0
2.0
3463.0
3461.0
3471.0
3472.0
3442.0
3444.0
3443.0
3443.0
2.0
2.0
2.0
3.0
2.0
2.0
2.0
2.0
3.0
2.0
2.0
2.0
3461.0
3458.0
3433.0
3430.0
3435.0
3433.0
3434.0
3438.0
2.0
2.0
2.0
2.0
3.0
2.0
2.0
2.0
2.0
3.0
2.0
2.0
3438.0
3460.0
3478.0
3485.0
3482.0
3485.0
3484.0
3483.0
2.0
2.0
3.0
2.0
2.0
3.0
2.0
2.0
2.0
2.0
2.0
2.0
3497.0
3507.0
3472.0
3473.0
3483.0
3487.0
3471.0
3490.0
3.0
2.0
2.0
2.0
2.0
2.0
3.0
3.0
2.0
2.0
2.0
2.0
3475.0
3475.0
3484.0
3477.0
3506.0
3504.0
3357.0
3360.0
2.0
2.0
3.0
2.0
2.0
2.0
3.0
2.0
2.0
3.0
2.0
2.0
1914.0
1918.0
1909.0
1906.0
1866.0
1862.0
1796.0
1794.0
