4.0
3.0
2.0
1.0
1.0
2.0
1.0
1.0
1.0
1.0
24.0
23.0
20.0
20.0
19.0
32.0
30.0
27.0
28.0
26.0
32.0
31.0
28.0
27.0
26.0
285.0
283.0
280.0
279.0
279.0
285.0
283.0
280.0
280.0
279.0
293.0
293.0
290.0
290.0
288.0
294.0
293.0
291.0
290.0
289.0
285.0
283.0
280.0
280.0
279.0
285.0
284.0
280.0
280.0
279.0
301.0
300.0
297.0
297.0
296.0
301.0
300.0
297.0
297.0
297.0
284.0
283.0
280.0
280.0
279.0
285.0
283.0
280.0
280.0
279.0
284.0
283.0
281.0
280.0
279.0
284.0
283.0
281.0
280.0
279.0
284.0
283.0
280.0
280.0
279.0
284.0
283.0
281.0
281.0
279.0
293.0
292.0
290.0
289.0
288.0
294.0
292.0
288.0
289.0
288.0
284.0
284.0
281.0
281.0
280.0
23.0
21.0
19.0
13.0
9.0
30.0
28.0
27.0
20.0
16.0
31.0
28.0
26.0
21.0
16.0
283.0
281.0
278.0
273.0
268.0
299.0
297.0
296.0
289.0
285.0
300.0
297.0
296.0
290.0
285.0
283.0
280.0
279.0
273.0
269.0
283.0
280.0
279.0
273.0
269.0
283.0
280.0
279.0
273.0
268.0
283.0
279.0
279.0
273.0
269.0
283.0
280.0
279.0
272.0
269.0
291.0
289.0
287.0
282.0
277.0
290.0
289.0
287.0
281.0
277.0
283.0
281.0
279.0
272.0
269.0
283.0
280.0
280.0
273.0
269.0
282.0
280.0
279.0
273.0
270.0
300.0
297.0
297.0
290.0
286.0
301.0
297.0
297.0
291.0
286.0
282.0
280.0
279.0
273.0
269.0
270.0
268.0
266.0
261.0
257.0
25.0
23.0
21.0
20.0
19.0
24.0
23.0
20.0
20.0
19.0
25.0
24.0
21.0
21.0
18.0
24.0
23.0
20.0
19.0
17.0
25.0
21.0
14.0
14.0
8.0
25.0
21.0
10.0
11.0
8.0
22.0
13.0
1.0
2.0
1.0
14.0
5.0
2.0
1.0
1.0
3.0
2.0
1.0
1.0
1.0
3.0
2.0
1.0
1.0
1.0
32.0
31.0
28.0
28.0
27.0
32.0
31.0
28.0
28.0
26.0
45.0
44.0
41.0
42.0
38.0
45.0
44.0
41.0
41.0
37.0
31.0
28.0
14.0
15.0
8.0
32.0
27.0
10.0
11.0
8.0
29.0
13.0
1.0
1.0
1.0
13.0
5.0
2.0
1.0
0.0
3.0
1.0
2.0
1.0
1.0
3.0
2.0
1.0
1.0
1.0
32.0
30.0
27.0
28.0
27.0
32.0
30.0
28.0
28.0
26.0
33.0
31.0
28.0
28.0
25.0
32.0
32.0
27.0
27.0
24.0
32.0
29.0
15.0
14.0
8.0
32.0
28.0
11.0
10.0
7.0
29.0
14.0
1.0
2.0
1.0
13.0
5.0
1.0
1.0
1.0
3.0
2.0
1.0
1.0
1.0
3.0
2.0
1.0
1.0
1.0
284.0
283.0
280.0
279.0
280.0
285.0
284.0
281.0
281.0
279.0
285.0
284.0
281.0
282.0
279.0
284.0
284.0
279.0
280.0
276.0
284.0
281.0
267.0
268.0
261.0
285.0
281.0
263.0
264.0
147.0
291.0
275.0
149.0
149.0
149.0
274.0
153.0
149.0
149.0
149.0
143.0
142.0
142.0
141.0
141.0
142.0
142.0
141.0
156.0
156.0
299.0
298.0
296.0
296.0
294.0
300.0
298.0
295.0
280.0
280.0
284.0
283.0
280.0
280.0
277.0
284.0
283.0
279.0
282.0
277.0
288.0
285.0
271.0
271.0
264.0
289.0
284.0
267.0
272.0
149.0
290.0
273.0
142.0
142.0
141.0
274.0
146.0
141.0
141.0
151.0
150.0
148.0
148.0
147.0
147.0
149.0
142.0
141.0
140.0
140.0
284.0
283.0
280.0
280.0
279.0
285.0
298.0
295.0
295.0
294.0
298.0
297.0
294.0
294.0
292.0
298.0
283.0
280.0
280.0
276.0
284.0
281.0
266.0
268.0
260.0
284.0
280.0
262.0
262.0
146.0
282.0
266.0
140.0
141.0
140.0
266.0
145.0
141.0
141.0
141.0
143.0
141.0
141.0
141.0
141.0
143.0
142.0
141.0
142.0
141.0
293.0
292.0
289.0
288.0
287.0
292.0
291.0
289.0
288.0
287.0
284.0
283.0
280.0
280.0
277.0
285.0
283.0
280.0
280.0
276.0
299.0
295.0
282.0
282.0
275.0
299.0
295.0
278.0
277.0
161.0
281.0
267.0
141.0
141.0
140.0
266.0
144.0
141.0
141.0
140.0
143.0
142.0
141.0
141.0
141.0
143.0
141.0
141.0
141.0
141.0
287.0
284.0
282.0
282.0
281.0
285.0
284.0
282.0
282.0
280.0
290.0
291.0
289.0
289.0
286.0
293.0
292.0
288.0
287.0
284.0
288.0
282.0
267.0
267.0
260.0
284.0
280.0
264.0
263.0
148.0
296.0
281.0
140.0
141.0
155.0
281.0
159.0
156.0
156.0
155.0
158.0
156.0
141.0
140.0
141.0
143.0
142.0
141.0
140.0
141.0
303.0
302.0
301.0
304.0
304.0
311.0
308.0
306.0
308.0
304.0
293.0
289.0
285.0
282.0
280.0
285.0
283.0
280.0
280.0
276.0
284.0
286.0
267.0
276.0
268.0
294.0
289.0
272.0
272.0
147.0
290.0
275.0
150.0
144.0
142.0
268.0
145.0
141.0
141.0
140.0
143.0
142.0
140.0
140.0
140.0
143.0
142.0
143.0
141.0
141.0
299.0
298.0
295.0
295.0
294.0
298.0
298.0
294.0
295.0
294.0
284.0
283.0
280.0
280.0
277.0
285.0
282.0
279.0
279.0
275.0
284.0
282.0
267.0
268.0
261.0
284.0
280.0
263.0
263.0
147.0
282.0
267.0
142.0
142.0
140.0
266.0
144.0
141.0
140.0
140.0
143.0
142.0
141.0
141.0
141.0
143.0
142.0
140.0
147.0
150.0
295.0
294.0
291.0
291.0
289.0
295.0
293.0
291.0
283.0
280.0
286.0
284.0
281.0
282.0
279.0
285.0
284.0
296.0
296.0
293.0
299.0
296.0
282.0
282.0
275.0
301.0
296.0
263.0
264.0
147.0
283.0
267.0
141.0
141.0
141.0
267.0
144.0
141.0
141.0
141.0
143.0
142.0
141.0
141.0
140.0
143.0
142.0
142.0
141.0
141.0
284.0
283.0
280.0
280.0
280.0
284.0
283.0
280.0
280.0
278.0
293.0
292.0
289.0
288.0
286.0
293.0
292.0
288.0
288.0
284.0
285.0
281.0
267.0
267.0
260.0
284.0
280.0
263.0
263.0
147.0
297.0
282.0
141.0
141.0
140.0
282.0
145.0
141.0
141.0
157.0
158.0
157.0
157.0
156.0
156.0
159.0
141.0
141.0
141.0
141.0
284.0
283.0
280.0
280.0
278.0
284.0
283.0
280.0
281.0
280.0
286.0
284.0
282.0
282.0
278.0
285.0
285.0
280.0
280.0
276.0
284.0
281.0
267.0
267.0
260.0
284.0
287.0
263.0
269.0
147.0
290.0
274.0
150.0
150.0
150.0
275.0
154.0
150.0
143.0
142.0
143.0
142.0
141.0
141.0
140.0
143.0
142.0
141.0
140.0
140.0
284.0
283.0
280.0
280.0
279.0
284.0
283.0
297.0
296.0
296.0
300.0
299.0
297.0
297.0
293.0
301.0
299.0
279.0
279.0
276.0
284.0
281.0
267.0
267.0
260.0
284.0
281.0
263.0
263.0
147.0
282.0
266.0
141.0
141.0
141.0
267.0
145.0
141.0
140.0
142.0
142.0
142.0
140.0
141.0
140.0
144.0
141.0
140.0
140.0
141.0
292.0
291.0
289.0
289.0
288.0
293.0
292.0
289.0
289.0
288.0
284.0
283.0
280.0
280.0
277.0
284.0
283.0
280.0
280.0
277.0
302.0
299.0
284.0
285.0
279.0
301.0
297.0
281.0
279.0
164.0
282.0
268.0
140.0
141.0
141.0
267.0
146.0
142.0
142.0
141.0
144.0
142.0
142.0
140.0
141.0
143.0
141.0
140.0
140.0
141.0
285.0
283.0
281.0
281.0
279.0
285.0
283.0
281.0
280.0
279.0
285.0
283.0
280.0
280.0
277.0
284.0
283.0
286.0
286.0
283.0
291.0
287.0
274.0
274.0
266.0
290.0
287.0
263.0
263.0
147.0
281.0
266.0
140.0
141.0
141.0
266.0
144.0
141.0
140.0
141.0
143.0
142.0
141.0
140.0
140.0
143.0
141.0
140.0
141.0
157.0
302.0
301.0
298.0
299.0
297.0
303.0
300.0
298.0
298.0
280.0
284.0
283.0
280.0
280.0
277.0
285.0
283.0
279.0
279.0
275.0
284.0
282.0
267.0
267.0
260.0
284.0
280.0
263.0
263.0
147.0
287.0
266.0
140.0
140.0
141.0
274.0
144.0
141.0
141.0
141.0
151.0
149.0
148.0
149.0
149.0
150.0
149.0
149.0
142.0
140.0
284.0
283.0
281.0
281.0
279.0
285.0
284.0
281.0
282.0
280.0
287.0
302.0
299.0
300.0
296.0
303.0
302.0
298.0
297.0
294.0
301.0
281.0
268.0
267.0
260.0
284.0
281.0
263.0
264.0
147.0
282.0
267.0
141.0
141.0
141.0
267.0
145.0
141.0
141.0
140.0
143.0
142.0
140.0
140.0
140.0
143.0
141.0
140.0
141.0
141.0
284.0
283.0
280.0
280.0
280.0
284.0
284.0
280.0
280.0
278.0
293.0
291.0
288.0
289.0
286.0
293.0
291.0
288.0
287.0
285.0
284.0
281.0
267.0
267.0
260.0
284.0
280.0
263.0
263.0
147.0
300.0
284.0
141.0
141.0
141.0
285.0
162.0
158.0
158.0
158.0
162.0
159.0
159.0
141.0
140.0
144.0
142.0
141.0
141.0
140.0
284.0
284.0
280.0
281.0
279.0
284.0
283.0
281.0
281.0
279.0
286.0
283.0
281.0
281.0
278.0
285.0
284.0
281.0
280.0
277.0
286.0
283.0
269.0
268.0
262.0
294.0
290.0
273.0
274.0
148.0
292.0
276.0
150.0
150.0
149.0
276.0
145.0
141.0
142.0
141.0
144.0
143.0
142.0
141.0
142.0
143.0
143.0
141.0
141.0
141.0
23.0
20.0
19.0
12.0
9.0
23.0
20.0
19.0
13.0
9.0
23.0
20.0
17.0
12.0
3.0
24.0
20.0
14.0
12.0
4.0
22.0
14.0
8.0
4.0
4.0
20.0
10.0
7.0
4.0
3.0
13.0
1.0
1.0
1.0
0.0
5.0
2.0
0.0
1.0
1.0
2.0
1.0
1.0
1.0
1.0
2.0
1.0
1.0
1.0
0.0
30.0
27.0
27.0
20.0
16.0
31.0
28.0
27.0
20.0
16.0
31.0
28.0
25.0
20.0
4.0
31.0
27.0
21.0
20.0
3.0
29.0
14.0
8.0
4.0
4.0
28.0
10.0
8.0
3.0
4.0
13.0
1.0
1.0
0.0
1.0
5.0
2.0
1.0
1.0
1.0
2.0
1.0
1.0
1.0
1.0
2.0
1.0
1.0
0.0
0.0
31.0
28.0
27.0
20.0
16.0
31.0
28.0
26.0
21.0
17.0
32.0
28.0
25.0
21.0
4.0
31.0
28.0
22.0
20.0
4.0
29.0
13.0
8.0
3.0
4.0
27.0
10.0
8.0
4.0
4.0
14.0
1.0
1.0
1.0
1.0
5.0
1.0
1.0
1.0
0.0
2.0
1.0
1.0
1.0
0.0
2.0
1.0
1.0
0.0
0.0
302.0
300.0
298.0
292.0
287.0
302.0
299.0
298.0
292.0
289.0
285.0
283.0
280.0
276.0
144.0
287.0
283.0
277.0
275.0
145.0
285.0
268.0
149.0
145.0
145.0
283.0
265.0
149.0
145.0
145.0
272.0
142.0
142.0
141.0
141.0
145.0
141.0
142.0
146.0
149.0
149.0
148.0
148.0
150.0
149.0
151.0
151.0
164.0
166.0
163.0
312.0
309.0
308.0
300.0
296.0
310.0
310.0
289.0
282.0
277.0
289.0
285.0
282.0
278.0
145.0
288.0
288.0
278.0
276.0
146.0
286.0
286.0
148.0
144.0
144.0
302.0
283.0
150.0
164.0
163.0
286.0
161.0
160.0
160.0
162.0
145.0
141.0
140.0
141.0
140.0
142.0
141.0
141.0
142.0
140.0
141.0
141.0
141.0
141.0
140.0
284.0
281.0
279.0
276.0
270.0
284.0
281.0
279.0
273.0
269.0
284.0
281.0
278.0
277.0
143.0
283.0
280.0
275.0
273.0
143.0
291.0
276.0
148.0
144.0
143.0
293.0
273.0
157.0
153.0
153.0
277.0
150.0
150.0
142.0
141.0
146.0
142.0
141.0
141.0
141.0
144.0
141.0
140.0
142.0
141.0
144.0
142.0
143.0
144.0
143.0
289.0
283.0
282.0
275.0
271.0
284.0
282.0
280.0
273.0
269.0
307.0
300.0
297.0
292.0
163.0
303.0
299.0
293.0
292.0
163.0
282.0
266.0
149.0
144.0
144.0
281.0
263.0
147.0
143.0
143.0
270.0
141.0
141.0
141.0
141.0
145.0
141.0
141.0
141.0
141.0
141.0
141.0
141.0
140.0
140.0
142.0
141.0
142.0
141.0
141.0
283.0
281.0
280.0
274.0
269.0
284.0
282.0
284.0
282.0
278.0
293.0
290.0
287.0
283.0
153.0
293.0
289.0
286.0
273.0
145.0
282.0
266.0
148.0
143.0
144.0
280.0
263.0
147.0
146.0
143.0
267.0
141.0
140.0
141.0
141.0
146.0
141.0
140.0
141.0
141.0
142.0
141.0
140.0
140.0
160.0
159.0
159.0
158.0
158.0
158.0
301.0
298.0
297.0
290.0
272.0
282.0
281.0
279.0
273.0
269.0
283.0
280.0
277.0
272.0
145.0
283.0
279.0
275.0
272.0
144.0
286.0
267.0
148.0
145.0
145.0
281.0
264.0
149.0
145.0
145.0
267.0
141.0
141.0
142.0
140.0
145.0
140.0
140.0
140.0
139.0
142.0
148.0
148.0
149.0
148.0
150.0
149.0
148.0
149.0
148.0
296.0
290.0
286.0
279.0
275.0
289.0
287.0
286.0
279.0
275.0
285.0
280.0
278.0
273.0
143.0
282.0
280.0
274.0
272.0
144.0
299.0
282.0
147.0
161.0
160.0
297.0
279.0
164.0
160.0
160.0
283.0
140.0
141.0
140.0
140.0
145.0
141.0
140.0
141.0
140.0
142.0
141.0
141.0
141.0
140.0
142.0
141.0
140.0
141.0
140.0
282.0
280.0
279.0
273.0
269.0
283.0
280.0
279.0
272.0
268.0
283.0
280.0
277.0
273.0
143.0
283.0
279.0
274.0
279.0
143.0
290.0
274.0
156.0
152.0
152.0
289.0
271.0
156.0
152.0
145.0
266.0
141.0
141.0
140.0
140.0
146.0
141.0
141.0
140.0
140.0
142.0
141.0
141.0
140.0
140.0
142.0
140.0
140.0
141.0
141.0
284.0
281.0
279.0
274.0
270.0
300.0
299.0
297.0
291.0
286.0
300.0
298.0
295.0
290.0
160.0
283.0
281.0
275.0
272.0
144.0
282.0
266.0
148.0
144.0
144.0
281.0
262.0
148.0
143.0
143.0
266.0
141.0
140.0
140.0
141.0
145.0
141.0
141.0
140.0
141.0
141.0
141.0
141.0
140.0
141.0
142.0
141.0
141.0
141.0
141.0
283.0
281.0
285.0
283.0
279.0
293.0
291.0
289.0
283.0
278.0
293.0
290.0
280.0
273.0
143.0
283.0
279.0
274.0
272.0
143.0
281.0
265.0
147.0
143.0
144.0
281.0
262.0
146.0
143.0
143.0
266.0
141.0
140.0
140.0
140.0
144.0
141.0
140.0
140.0
157.0
158.0
158.0
159.0
158.0
158.0
159.0
158.0
158.0
157.0
140.0
283.0
281.0
279.0
272.0
269.0
283.0
280.0
278.0
273.0
269.0
283.0
280.0
277.0
272.0
143.0
283.0
280.0
274.0
272.0
143.0
281.0
265.0
147.0
143.0
143.0
280.0
263.0
147.0
144.0
143.0
274.0
142.0
141.0
141.0
141.0
145.0
142.0
141.0
148.0
148.0
150.0
148.0
148.0
148.0
148.0
149.0
148.0
141.0
141.0
140.0
282.0
280.0
279.0
273.0
268.0
283.0
280.0
279.0
273.0
268.0
284.0
282.0
278.0
274.0
143.0
284.0
297.0
293.0
290.0
144.0
298.0
283.0
164.0
160.0
160.0
297.0
279.0
147.0
143.0
143.0
266.0
141.0
140.0
141.0
141.0
144.0
140.0
140.0
141.0
140.0
141.0
140.0
141.0
141.0
141.0
142.0
141.0
141.0
140.0
141.0
284.0
281.0
280.0
273.0
269.0
284.0
281.0
280.0
274.0
269.0
283.0
280.0
277.0
273.0
143.0
291.0
287.0
282.0
280.0
143.0
289.0
274.0
155.0
152.0
151.0
288.0
263.0
147.0
143.0
143.0
266.0
141.0
140.0
140.0
141.0
144.0
141.0
141.0
140.0
140.0
141.0
140.0
141.0
140.0
141.0
142.0
141.0
140.0
140.0
141.0
300.0
298.0
297.0
290.0
285.0
300.0
297.0
297.0
290.0
286.0
282.0
280.0
277.0
273.0
144.0
283.0
279.0
274.0
272.0
144.0
281.0
266.0
147.0
143.0
143.0
281.0
263.0
147.0
143.0
144.0
267.0
142.0
141.0
141.0
140.0
145.0
141.0
141.0
140.0
141.0
141.0
141.0
140.0
140.0
140.0
141.0
140.0
141.0
140.0
140.0
292.0
289.0
288.0
281.0
278.0
292.0
289.0
288.0
282.0
278.0
284.0
281.0
278.0
274.0
145.0
284.0
280.0
275.0
273.0
144.0
282.0
266.0
148.0
144.0
144.0
281.0
264.0
148.0
144.0
144.0
285.0
141.0
141.0
140.0
141.0
162.0
160.0
159.0
159.0
159.0
160.0
159.0
159.0
159.0
140.0
141.0
141.0
141.0
140.0
141.0
283.0
280.0
279.0
273.0
269.0
283.0
280.0
278.0
273.0
268.0
299.0
303.0
296.0
292.0
152.0
307.0
305.0
301.0
297.0
159.0
299.0
273.0
153.0
148.0
148.0
284.0
270.0
148.0
143.0
144.0
275.0
141.0
141.0
146.0
149.0
153.0
150.0
149.0
149.0
148.0
150.0
143.0
141.0
141.0
142.0
142.0
141.0
142.0
141.0
141.0
283.0
280.0
279.0
273.0
269.0
283.0
280.0
279.0
273.0
268.0
283.0
298.0
295.0
290.0
143.0
300.0
296.0
290.0
290.0
143.0
299.0
282.0
165.0
143.0
143.0
280.0
262.0
147.0
144.0
143.0
265.0
141.0
141.0
140.0
140.0
144.0
141.0
140.0
140.0
140.0
141.0
141.0
140.0
138.0
137.0
138.0
137.0
132.0
121.0
119.0
