33.0
24.0
30.0
30.0
26.0
24.0
22.0
32.0
31.0
28.0
26.0
127.0
74.0
354.0
352.0
350.0
355.0
349.0
697.0
697.0
581.0
408.0
542.0
426.0
422.0
426.0
426.0
425.0
296.0
348.0
17.0
76.0
127.0
405.0
319.0
345.0
349.0
354.0
344.0
353.0
353.0
359.0
347.0
311.0
341.0
338.0
344.0
337.0
344.0
341.0
17.0
73.0
62.0
355.0
314.0
331.0
319.0
326.0
328.0
324.0
323.0
324.0
324.0
326.0
323.0
325.0
325.0
322.0
322.0
323.0
15.0
67.0
65.0
326.0
324.0
324.0
327.0
325.0
325.0
390.0
391.0
389.0
387.0
390.0
390.0
390.0
391.0
393.0
391.0
326.0
15.0
66.0
66.0
327.0
329.0
326.0
327.0
325.0
325.0
326.0
326.0
324.0
325.0
324.0
324.0
323.0
323.0
322.0
322.0
324.0
16.0
66.0
67.0
331.0
327.0
330.0
324.0
327.0
371.0
324.0
326.0
330.0
323.0
317.0
328.0
371.0
328.0
316.0
436.0
327.0
16.0
67.0
63.0
444.0
325.0
318.0
318.0
327.0
324.0
323.0
324.0
391.0
390.0
390.0
390.0
391.0
393.0
391.0
393.0
393.0
15.0
132.0
68.0
328.0
325.0
326.0
327.0
334.0
330.0
336.0
326.0
328.0
330.0
340.0
327.0
335.0
329.0
341.0
334.0
334.0
15.0
67.0
67.0
325.0
325.0
325.0
325.0
324.0
327.0
326.0
326.0
326.0
326.0
325.0
326.0
324.0
323.0
323.0
323.0
324.0
15.0
66.0
65.0
323.0
323.0
322.0
324.0
321.0
325.0
330.0
323.0
331.0
323.0
395.0
392.0
392.0
379.0
379.0
374.0
370.0
22.0
121.0
119.0
349.0
345.0
347.0
345.0
618.0
416.0
453.0
448.0
367.0
568.0
348.0
345.0
347.0
347.0
350.0
344.0
286.0
14.0
64.0
56.0
346.0
293.0
312.0
343.0
341.0
347.0
343.0
307.0
340.0
336.0
308.0
333.0
311.0
313.0
332.0
334.0
332.0
11.0
59.0
65.0
332.0
314.0
331.0
312.0
331.0
313.0
315.0
331.0
332.0
331.0
312.0
332.0
331.0
313.0
332.0
353.0
334.0
12.0
65.0
65.0
353.0
332.0
351.0
351.0
352.0
354.0
331.0
312.0
332.0
316.0
331.0
314.0
332.0
331.0
332.0
313.0
332.0
12.0
61.0
62.0
339.0
320.0
328.0
340.0
328.0
342.0
346.0
347.0
331.0
344.0
345.0
330.0
331.0
329.0
341.0
338.0
340.0
12.0
68.0
66.0
338.0
338.0
332.0
327.0
336.0
328.0
328.0
337.0
336.0
337.0
336.0
325.0
335.0
320.0
340.0
319.0
320.0
13.0
66.0
66.0
337.0
334.0
336.0
337.0
318.0
334.0
318.0
357.0
346.0
346.0
359.0
349.0
361.0
352.0
361.0
356.0
348.0
12.0
66.0
64.0
323.0
333.0
325.0
326.0
322.0
321.0
327.0
324.0
321.0
323.0
320.0
324.0
324.0
321.0
323.0
322.0
326.0
12.0
63.0
63.0
321.0
320.0
319.0
320.0
320.0
320.0
321.0
319.0
320.0
321.0
318.0
321.0
319.0
321.0
320.0
321.0
320.0
12.0
63.0
63.0
319.0
320.0
321.0
319.0
318.0
319.0
320.0
321.0
320.0
321.0
324.0
324.0
322.0
323.0
323.0
319.0
358.0
12.0
65.0
62.0
355.0
357.0
352.0
355.0
354.0
357.0
357.0
355.0
353.0
329.0
321.0
324.0
329.0
325.0
334.0
330.0
327.0
12.0
65.0
64.0
331.0
322.0
329.0
322.0
324.0
328.0
333.0
336.0
330.0
327.0
322.0
335.0
324.0
325.0
326.0
325.0
325.0
12.0
64.0
63.0
325.0
322.0
322.0
322.0
324.0
323.0
321.0
322.0
324.0
323.0
324.0
324.0
322.0
321.0
323.0
325.0
319.0
13.0
63.0
65.0
320.0
326.0
320.0
325.0
326.0
327.0
320.0
365.0
363.0
361.0
364.0
365.0
362.0
362.0
361.0
364.0
361.0
12.0
63.0
63.0
324.0
324.0
325.0
320.0
326.0
320.0
321.0
320.0
321.0
321.0
320.0
325.0
325.0
320.0
320.0
324.0
322.0
12.0
63.0
63.0
325.0
321.0
323.0
322.0
324.0
327.0
321.0
321.0
321.0
322.0
322.0
321.0
320.0
320.0
325.0
322.0
322.0
12.0
63.0
62.0
320.0
322.0
320.0
321.0
321.0
322.0
320.0
320.0
322.0
321.0
323.0
325.0
321.0
322.0
366.0
368.0
363.0
12.0
64.0
62.0
369.0
367.0
366.0
370.0
365.0
372.0
367.0
321.0
321.0
317.0
326.0
325.0
325.0
325.0
321.0
322.0
321.0
12.0
64.0
65.0
320.0
321.0
324.0
326.0
326.0
325.0
326.0
323.0
327.0
320.0
322.0
323.0
330.0
325.0
322.0
330.0
329.0
12.0
64.0
65.0
321.0
328.0
328.0
326.0
327.0
325.0
327.0
327.0
323.0
322.0
320.0
326.0
325.0
319.0
320.0
322.0
321.0
12.0
64.0
64.0
323.0
321.0
322.0
322.0
369.0
370.0
365.0
371.0
369.0
373.0
368.0
370.0
372.0
367.0
327.0
324.0
320.0
12.0
64.0
64.0
323.0
324.0
323.0
324.0
321.0
324.0
322.0
320.0
325.0
320.0
321.0
323.0
322.0
321.0
321.0
322.0
320.0
12.0
63.0
64.0
319.0
324.0
322.0
321.0
323.0
322.0
322.0
321.0
321.0
322.0
320.0
320.0
322.0
321.0
321.0
324.0
322.0
12.0
63.0
63.0
322.0
323.0
324.0
319.0
324.0
321.0
322.0
325.0
321.0
324.0
324.0
373.0
371.0
368.0
370.0
372.0
371.0
12.0
63.0
63.0
373.0
376.0
373.0
372.0
325.0
325.0
318.0
322.0
326.0
323.0
322.0
325.0
325.0
319.0
321.0
324.0
317.0
12.0
66.0
64.0
325.0
324.0
323.0
321.0
324.0
321.0
323.0
321.0
319.0
320.0
323.0
324.0
324.0
326.0
324.0
321.0
322.0
12.0
62.0
65.0
322.0
323.0
327.0
327.0
327.0
322.0
325.0
324.0
323.0
320.0
318.0
325.0
322.0
323.0
324.0
322.0
323.0
12.0
63.0
63.0
320.0
373.0
380.0
374.0
377.0
380.0
382.0
380.0
379.0
380.0
376.0
322.0
319.0
328.0
322.0
325.0
324.0
12.0
63.0
64.0
327.0
324.0
322.0
321.0
328.0
319.0
328.0
324.0
323.0
323.0
324.0
325.0
324.0
323.0
322.0
319.0
323.0
12.0
64.0
65.0
323.0
325.0
325.0
324.0
325.0
326.0
321.0
320.0
325.0
323.0
324.0
325.0
323.0
326.0
325.0
324.0
322.0
12.0
64.0
64.0
326.0
330.0
330.0
331.0
332.0
332.0
339.0
335.0
329.0
342.0
400.0
401.0
382.0
386.0
385.0
383.0
406.0
13.0
129.0
125.0
402.0
340.0
325.0
337.0
322.0
334.0
326.0
323.0
322.0
326.0
320.0
323.0
325.0
321.0
320.0
319.0
324.0
12.0
64.0
63.0
324.0
325.0
325.0
319.0
324.0
322.0
325.0
318.0
320.0
323.0
323.0
321.0
325.0
321.0
324.0
324.0
323.0
12.0
63.0
62.0
318.0
321.0
324.0
323.0
322.0
326.0
321.0
323.0
323.0
322.0
320.0
322.0
322.0
328.0
324.0
395.0
385.0
12.0
64.0
65.0
384.0
385.0
386.0
381.0
411.0
390.0
388.0
385.0
324.0
341.0
322.0
325.0
323.0
319.0
323.0
322.0
321.0
12.0
63.0
64.0
326.0
322.0
325.0
323.0
325.0
323.0
319.0
324.0
323.0
325.0
323.0
323.0
325.0
324.0
323.0
324.0
321.0
13.0
63.0
63.0
320.0
322.0
323.0
325.0
323.0
325.0
324.0
323.0
324.0
320.0
322.0
318.0
320.0
323.0
326.0
324.0
325.0
12.0
63.0
64.0
321.0
323.0
324.0
321.0
320.0
388.0
389.0
389.0
392.0
389.0
389.0
387.0
390.0
390.0
388.0
320.0
321.0
12.0
63.0
63.0
324.0
324.0
320.0
323.0
320.0
323.0
323.0
321.0
320.0
320.0
321.0
323.0
322.0
322.0
320.0
325.0
319.0
12.0
63.0
62.0
320.0
321.0
324.0
319.0
322.0
325.0
319.0
324.0
325.0
321.0
322.0
320.0
322.0
322.0
324.0
325.0
324.0
12.0
63.0
64.0
325.0
320.0
325.0
323.0
321.0
321.0
323.0
321.0
322.0
322.0
396.0
392.0
398.0
393.0
395.0
396.0
400.0
12.0
66.0
63.0
397.0
395.0
394.0
322.0
325.0
323.0
321.0
321.0
326.0
325.0
322.0
321.0
321.0
321.0
324.0
321.0
323.0
12.0
64.0
64.0
321.0
319.0
319.0
319.0
322.0
321.0
323.0
324.0
320.0
322.0
319.0
322.0
320.0
319.0
324.0
322.0
325.0
12.0
63.0
63.0
323.0
320.0
324.0
325.0
322.0
321.0
320.0
322.0
320.0
322.0
321.0
322.0
326.0
320.0
320.0
320.0
320.0
12.0
63.0
63.0
403.0
401.0
401.0
402.0
401.0
404.0
399.0
404.0
403.0
397.0
321.0
323.0
324.0
319.0
320.0
322.0
319.0
12.0
12.0
12.0
11.0
11.0
12.0
12.0
11.0
11.0
12.0
12.0
12.0
12.0
11.0
11.0
11.0
11.0
12.0
12.0
11.0
11.0
11.0
12.0
12.0
12.0
12.0
11.0
11.0
11.0
11.0
12.0
12.0
12.0
11.0
12.0
11.0
11.0
12.0
12.0
12.0
11.0
11.0
11.0
11.0
11.0
11.0
11.0
11.0
12.0
11.0
11.0
12.0
12.0
11.0
11.0
11.0
11.0
11.0
11.0
11.0
11.0
11.0
11.0
12.0
12.0
11.0
12.0
12.0
12.0
11.0
12.0
11.0
11.0
11.0
11.0
11.0
12.0
11.0
12.0
12.0
12.0
12.0
12.0
11.0
12.0
11.0
11.0
11.0
11.0
11.0
11.0
11.0
11.0
11.0
11.0
12.0
11.0
11.0
11.0
12.0
12.0
64.0
63.0
322.0
324.0
320.0
324.0
325.0
321.0
320.0
320.0
319.0
327.0
321.0
321.0
323.0
323.0
320.0
320.0
322.0
11.0
63.0
63.0
327.0
321.0
320.0
321.0
323.0
319.0
324.0
325.0
319.0
321.0
324.0
321.0
322.0
320.0
320.0
321.0
413.0
12.0
63.0
62.0
409.0
408.0
407.0
415.0
412.0
417.0
401.0
422.0
395.0
333.0
352.0
312.0
314.0
334.0
329.0
333.0
316.0
11.0
98.0
63.0
322.0
343.0
323.0
319.0
324.0
329.0
319.0
322.0
324.0
321.0
324.0
323.0
323.0
322.0
323.0
318.0
325.0
12.0
63.0
63.0
320.0
324.0
322.0
323.0
322.0
323.0
320.0
324.0
318.0
325.0
322.0
323.0
321.0
320.0
321.0
324.0
325.0
13.0
63.0
63.0
328.0
320.0
322.0
324.0
325.0
416.0
418.0
414.0
415.0
420.0
416.0
412.0
414.0
414.0
414.0
324.0
323.0
12.0
63.0
63.0
322.0
320.0
325.0
325.0
318.0
321.0
320.0
318.0
321.0
322.0
322.0
321.0
323.0
322.0
319.0
321.0
320.0
12.0
62.0
63.0
323.0
321.0
319.0
323.0
320.0
322.0
317.0
324.0
320.0
320.0
322.0
320.0
321.0
325.0
321.0
319.0
323.0
11.0
64.0
63.0
323.0
322.0
321.0
324.0
320.0
320.0
321.0
319.0
319.0
322.0
390.0
388.0
390.0
390.0
389.0
388.0
390.0
12.0
63.0
131.0
391.0
389.0
318.0
319.0
321.0
322.0
321.0
323.0
321.0
320.0
322.0
320.0
317.0
321.0
321.0
323.0
322.0
12.0
64.0
63.0
320.0
323.0
321.0
320.0
322.0
319.0
320.0
321.0
322.0
334.0
331.0
328.0
329.0
331.0
331.0
327.0
332.0
12.0
75.0
69.0
329.0
322.0
329.0
331.0
324.0
319.0
325.0
320.0
324.0
320.0
321.0
323.0
323.0
321.0
321.0
323.0
391.0
11.0
62.0
62.0
390.0
386.0
392.0
391.0
391.0
388.0
390.0
390.0
388.0
322.0
320.0
318.0
323.0
321.0
321.0
321.0
323.0
12.0
62.0
63.0
323.0
323.0
320.0
322.0
318.0
322.0
323.0
323.0
321.0
321.0
323.0
324.0
319.0
320.0
320.0
323.0
320.0
11.0
64.0
62.0
324.0
325.0
320.0
328.0
327.0
320.0
318.0
326.0
319.0
318.0
321.0
321.0
320.0
320.0
321.0
322.0
321.0
12.0
63.0
63.0
321.0
318.0
320.0
387.0
386.0
385.0
386.0
389.0
386.0
387.0
390.0
384.0
389.0
324.0
324.0
325.0
322.0
12.0
63.0
64.0
327.0
320.0
322.0
322.0
320.0
322.0
326.0
323.0
320.0
325.0
320.0
322.0
324.0
322.0
319.0
321.0
321.0
11.0
63.0
62.0
321.0
320.0
322.0
319.0
323.0
320.0
322.0
318.0
320.0
320.0
322.0
319.0
324.0
323.0
325.0
320.0
319.0
11.0
62.0
63.0
318.0
320.0
322.0
322.0
319.0
321.0
319.0
321.0
321.0
320.0
386.0
391.0
390.0
391.0
393.0
390.0
391.0
12.0
62.0
131.0
391.0
391.0
326.0
319.0
321.0
324.0
322.0
321.0
321.0
321.0
319.0
322.0
323.0
320.0
321.0
323.0
325.0
11.0
63.0
64.0
323.0
322.0
321.0
324.0
325.0
321.0
320.0
327.0
324.0
321.0
325.0
321.0
326.0
322.0
323.0
321.0
319.0
12.0
62.0
64.0
324.0
321.0
323.0
320.0
322.0
321.0
321.0
324.0
321.0
326.0
326.0
321.0
322.0
322.0
327.0
321.0
390.0
11.0
63.0
64.0
387.0
390.0
391.0
393.0
392.0
388.0
392.0
394.0
392.0
327.0
319.0
324.0
325.0
325.0
323.0
323.0
321.0
12.0
64.0
63.0
321.0
321.0
322.0
321.0
323.0
321.0
321.0
326.0
323.0
320.0
319.0
320.0
321.0
319.0
317.0
320.0
321.0
12.0
62.0
62.0
321.0
325.0
321.0
319.0
319.0
323.0
319.0
321.0
323.0
321.0
319.0
325.0
324.0
320.0
321.0
322.0
319.0
12.0
63.0
63.0
322.0
324.0
319.0
384.0
391.0
387.0
387.0
386.0
386.0
383.0
387.0
390.0
387.0
323.0
323.0
324.0
327.0
12.0
65.0
63.0
319.0
322.0
324.0
326.0
323.0
323.0
326.0
321.0
322.0
323.0
320.0
326.0
324.0
325.0
325.0
324.0
325.0
11.0
64.0
64.0
325.0
322.0
323.0
321.0
322.0
323.0
324.0
324.0
320.0
323.0
322.0
322.0
321.0
319.0
320.0
320.0
321.0
12.0
63.0
64.0
320.0
322.0
322.0
320.0
320.0
319.0
319.0
319.0
322.0
393.0
394.0
395.0
391.0
396.0
395.0
394.0
392.0
11.0
135.0
136.0
319.0
321.0
322.0
325.0
323.0
323.0
322.0
321.0
319.0
323.0
319.0
321.0
321.0
323.0
321.0
323.0
324.0
13.0
62.0
62.0
320.0
320.0
321.0
320.0
323.0
320.0
323.0
322.0
322.0
321.0
320.0
320.0
320.0
320.0
321.0
322.0
321.0
12.0
64.0
63.0
324.0
322.0
321.0
320.0
319.0
320.0
321.0
323.0
322.0
322.0
323.0
322.0
389.0
387.0
388.0
387.0
387.0
12.0
63.0
62.0
389.0
387.0
390.0
389.0
386.0
326.0
319.0
322.0
322.0
324.0
323.0
321.0
321.0
321.0
321.0
324.0
317.0
12.0
62.0
64.0
322.0
322.0
322.0
320.0
321.0
322.0
322.0
322.0
319.0
317.0
324.0
323.0
323.0
321.0
320.0
323.0
323.0
12.0
62.0
61.0
319.0
322.0
321.0
320.0
319.0
319.0
319.0
319.0
323.0
320.0
319.0
321.0
320.0
320.0
320.0
319.0
385.0
12.0
64.0
64.0
387.0
389.0
391.0
388.0
393.0
390.0
389.0
385.0
386.0
319.0
319.0
322.0
326.0
323.0
324.0
325.0
320.0
12.0
63.0
63.0
320.0
319.0
319.0
328.0
330.0
331.0
330.0
331.0
341.0
345.0
336.0
338.0
338.0
335.0
335.0
335.0
338.0
12.0
65.0
65.0
334.0
335.0
336.0
334.0
333.0
334.0
335.0
334.0
335.0
334.0
333.0
335.0
336.0
334.0
332.0
332.0
331.0
13.0
65.0
65.0
326.0
327.0
325.0
390.0
388.0
389.0
389.0
386.0
387.0
389.0
383.0
391.0
389.0
321.0
322.0
323.0
322.0
11.0
64.0
63.0
325.0
324.0
321.0
319.0
325.0
323.0
323.0
320.0
325.0
324.0
322.0
323.0
321.0
318.0
322.0
321.0
322.0
12.0
64.0
63.0
323.0
322.0
322.0
324.0
324.0
319.0
320.0
321.0
321.0
324.0
323.0
319.0
321.0
324.0
321.0
319.0
319.0
11.0
64.0
62.0
324.0
319.0
322.0
323.0
321.0
319.0
321.0
324.0
319.0
384.0
388.0
391.0
389.0
390.0
390.0
390.0
391.0
78.0
131.0
63.0
319.0
325.0
322.0
323.0
322.0
321.0
320.0
324.0
324.0
322.0
318.0
323.0
322.0
320.0
325.0
323.0
318.0
11.0
62.0
62.0
321.0
320.0
322.0
318.0
322.0
322.0
322.0
323.0
325.0
319.0
320.0
320.0
322.0
318.0
321.0
318.0
314.0
11.0
11.0
12.0
11.0
11.0
11.0
11.0
11.0
11.0
11.0
11.0
11.0
11.0
11.0
12.0
12.0
12.0
11.0
11.0
11.0
11.0
11.0
11.0
11.0
11.0
12.0
11.0
12.0
11.0
12.0
11.0
12.0
11.0
11.0
12.0
12.0
11.0
12.0
11.0
11.0
11.0
11.0
12.0
11.0
12.0
12.0
11.0
11.0
11.0
12.0
11.0
11.0
11.0
12.0
11.0
11.0
11.0
11.0
12.0
11.0
11.0
12.0
11.0
11.0
12.0
11.0
11.0
11.0
11.0
11.0
11.0
11.0
11.0
11.0
12.0
11.0
11.0
11.0
12.0
11.0
11.0
11.0
11.0
11.0
11.0
12.0
11.0
11.0
11.0
11.0
11.0
11.0
12.0
12.0
11.0
12.0
12.0
11.0
11.0
11.0
12.0
11.0
11.0
11.0
12.0
11.0
11.0
11.0
11.0
11.0
11.0
12.0
11.0
11.0
11.0
11.0
12.0
12.0
11.0
11.0
