2.0
1.0
1.0
1.0
1.0
1.0
1.0
1.0
1.0
1.0
1.0
1.0
1.0
1.0
1.0
0.0
1.0
1.0
1.0
2.0
38.0
38.0
66.0
37.0
36.0
65.0
36.0
36.0
65.0
65.0
185.0
184.0
182.0
184.0
181.0
183.0
192.0
333.0
332.0
217.0
313.0
313.0
312.0
312.0
312.0
312.0
301.0
309.0
336.0
311.0
309.0
418.0
309.0
309.0
308.0
308.0
258.0
307.0
261.0
424.0
284.0
325.0
326.0
327.0
326.0
326.0
288.0
322.0
291.0
277.0
301.0
300.0
302.0
300.0
302.0
301.0
278.0
279.0
277.0
277.0
299.0
277.0
299.0
300.0
300.0
299.0
300.0
277.0
276.0
277.0
282.0
305.0
305.0
305.0
304.0
305.0
305.0
283.0
283.0
284.0
278.0
300.0
300.0
300.0
299.0
299.0
299.0
277.0
277.0
277.0
278.0
299.0
300.0
299.0
300.0
299.0
300.0
278.0
277.0
278.0
279.0
282.0
282.0
301.0
300.0
301.0
302.0
300.0
300.0
301.0
290.0
288.0
289.0
304.0
304.0
304.0
305.0
304.0
305.0
294.0
282.0
280.0
280.0
298.0
299.0
300.0
299.0
299.0
299.0
294.0
294.0
294.0
295.0
312.0
312.0
312.0
312.0
312.0
369.0
276.0
431.0
277.0
278.0
289.0
290.0
288.0
289.0
289.0
277.0
500.0
277.0
280.0
505.0
288.0
289.0
288.0
288.0
288.0
276.0
277.0
282.0
506.0
294.0
294.0
294.0
295.0
293.0
283.0
283.0
279.0
502.0
288.0
288.0
288.0
288.0
288.0
276.0
277.0
276.0
500.0
290.0
288.0
289.0
288.0
288.0
277.0
397.0
278.0
276.0
264.0
2.0
1.0
2.0
2.0
2.0
1.0
1.0
1.0
2.0
1.0
1.0
1.0
1.0
0.0
1.0
1.0
1.0
2.0
1.0
1.0
2.0
2.0
1.0
1.0
1.0
1.0
1.0
2.0
2.0
1.0
1.0
1.0
1.0
1.0
1.0
1.0
1.0
1.0
0.0
1.0
1.0
1.0
1.0
1.0
1.0
1.0
2.0
1.0
0.0
1.0
1.0
1.0
1.0
1.0
1.0
2.0
2.0
1.0
0.0
1.0
1.0
1.0
1.0
1.0
1.0
1.0
2.0
0.0
1.0
1.0
1.0
1.0
1.0
1.0
1.0
1.0
1.0
0.0
1.0
1.0
1.0
1.0
1.0
1.0
1.0
1.0
1.0
0.0
1.0
0.0
1.0
1.0
1.0
1.0
1.0
1.0
1.0
1.0
1.0
0.0
37.0
37.0
66.0
38.0
37.0
66.0
66.0
37.0
62.0
65.0
36.0
36.0
39.0
37.0
36.0
43.0
65.0
65.0
1.0
1.0
66.0
65.0
37.0
36.0
37.0
37.0
37.0
36.0
36.0
37.0
36.0
37.0
37.0
65.0
65.0
65.0
65.0
1.0
1.0
1.0
36.0
36.0
36.0
36.0
36.0
36.0
36.0
36.0
37.0
37.0
36.0
36.0
66.0
66.0
65.0
65.0
1.0
1.0
1.0
1.0
37.0
36.0
36.0
36.0
37.0
34.0
36.0
36.0
36.0
37.0
30.0
36.0
65.0
60.0
59.0
65.0
0.0
0.0
1.0
0.0
30.0
36.0
36.0
36.0
36.0
37.0
29.0
36.0
36.0
65.0
65.0
36.0
36.0
36.0
36.0
1.0
1.0
0.0
1.0
1.0
182.0
149.0
185.0
187.0
186.0
185.0
186.0
187.0
334.0
333.0
158.0
185.0
181.0
181.0
181.0
181.0
182.0
181.0
1.0
0.0
149.0
181.0
182.0
172.0
276.0
277.0
181.0
181.0
181.0
181.0
150.0
181.0
150.0
181.0
181.0
181.0
181.0
0.0
1.0
1.0
181.0
151.0
181.0
183.0
149.0
181.0
181.0
181.0
181.0
181.0
181.0
149.0
180.0
182.0
149.0
181.0
1.0
1.0
0.0
1.0
151.0
181.0
181.0
181.0
182.0
181.0
151.0
186.0
178.0
162.0
185.0
186.0
186.0
185.0
186.0
185.0
0.0
1.0
1.0
0.0
165.0
158.0
181.0
158.0
180.0
181.0
180.0
180.0
181.0
181.0
158.0
159.0
157.0
181.0
181.0
1.0
0.0
1.0
1.0
1.0
310.0
308.0
310.0
268.0
309.0
308.0
268.0
269.0
309.0
309.0
269.0
322.0
322.0
322.0
268.0
322.0
322.0
280.0
129.0
128.0
323.0
282.0
283.0
322.0
269.0
309.0
308.0
309.0
310.0
309.0
270.0
309.0
271.0
271.0
308.0
309.0
309.0
128.0
128.0
128.0
306.0
305.0
306.0
281.0
282.0
282.0
303.0
301.0
300.0
290.0
286.0
305.0
306.0
306.0
288.0
287.0
125.0
131.0
123.0
130.0
306.0
300.0
280.0
279.0
300.0
300.0
300.0
300.0
280.0
279.0
300.0
285.0
292.0
299.0
294.0
286.0
126.0
118.0
126.0
122.0
301.0
300.0
281.0
281.0
302.0
279.0
299.0
300.0
278.0
299.0
293.0
312.0
291.0
322.0
313.0
115.0
137.0
129.0
137.0
137.0
292.0
300.0
278.0
277.0
299.0
277.0
300.0
299.0
299.0
299.0
277.0
277.0
280.0
300.0
278.0
319.0
319.0
319.0
125.0
125.0
325.0
299.0
298.0
320.0
297.0
297.0
321.0
302.0
299.0
299.0
298.0
277.0
277.0
277.0
277.0
299.0
299.0
124.0
124.0
124.0
298.0
300.0
300.0
277.0
300.0
277.0
277.0
277.0
299.0
299.0
304.0
284.0
305.0
304.0
305.0
285.0
115.0
115.0
125.0
128.0
285.0
285.0
305.0
300.0
278.0
299.0
299.0
299.0
277.0
298.0
276.0
277.0
298.0
277.0
300.0
299.0
115.0
124.0
124.0
124.0
277.0
276.0
277.0
299.0
299.0
298.0
278.0
301.0
304.0
300.0
289.0
286.0
292.0
316.0
313.0
128.0
118.0
131.0
134.0
132.0
323.0
290.0
313.0
282.0
281.0
280.0
312.0
312.0
307.0
310.0
315.0
278.0
281.0
279.0
279.0
312.0
317.0
323.0
127.0
125.0
319.0
318.0
295.0
322.0
293.0
295.0
295.0
316.0
303.0
300.0
277.0
299.0
300.0
277.0
279.0
302.0
280.0
124.0
125.0
124.0
299.0
300.0
276.0
299.0
300.0
300.0
277.0
277.0
277.0
303.0
315.0
287.0
316.0
314.0
286.0
289.0
127.0
130.0
120.0
129.0
313.0
291.0
315.0
318.0
284.0
314.0
280.0
307.0
282.0
315.0
285.0
313.0
310.0
319.0
283.0
279.0
130.0
116.0
126.0
130.0
388.0
308.0
279.0
309.0
302.0
304.0
456.0
282.0
299.0
278.0
289.0
298.0
296.0
297.0
296.0
216.0
115.0
115.0
125.0
123.0
347.0
291.0
291.0
285.0
315.0
289.0
286.0
289.0
289.0
289.0
288.0
288.0
289.0
289.0
286.0
289.0
289.0
287.0
120.0
119.0
308.0
308.0
305.0
310.0
307.0
306.0
307.0
302.0
305.0
310.0
303.0
296.0
291.0
300.0
296.0
294.0
303.0
121.0
122.0
122.0
298.0
306.0
305.0
305.0
308.0
296.0
303.0
300.0
298.0
308.0
295.0
296.0
297.0
303.0
304.0
301.0
125.0
122.0
122.0
123.0
308.0
301.0
302.0
303.0
310.0
303.0
310.0
304.0
304.0
295.0
305.0
295.0
295.0
295.0
304.0
296.0
127.0
127.0
127.0
122.0
303.0
301.0
300.0
293.0
291.0
296.0
291.0
291.0
291.0
293.0
291.0
293.0
293.0
293.0
294.0
119.0
119.0
119.0
119.0
119.0
294.0
294.0
296.0
294.0
294.0
289.0
287.0
287.0
287.0
288.0
288.0
286.0
288.0
287.0
288.0
288.0
287.0
288.0
120.0
120.0
312.0
315.0
315.0
309.0
312.0
315.0
307.0
308.0
312.0
308.0
287.0
288.0
286.0
287.0
289.0
287.0
288.0
119.0
120.0
119.0
287.0
287.0
287.0
288.0
287.0
287.0
287.0
288.0
287.0
287.0
287.0
287.0
287.0
286.0
291.0
291.0
119.0
119.0
118.0
119.0
294.0
295.0
293.0
294.0
293.0
294.0
293.0
294.0
288.0
289.0
286.0
288.0
286.0
286.0
286.0
286.0
119.0
119.0
118.0
120.0
287.0
292.0
288.0
295.0
298.0
294.0
289.0
300.0
287.0
288.0
290.0
299.0
292.0
303.0
308.0
126.0
120.0
127.0
121.0
122.0
300.0
302.0
296.0
302.0
297.0
296.0
302.0
296.0
299.0
299.0
289.0
294.0
290.0
295.0
291.0
287.0
296.0
289.0
121.0
128.0
307.0
308.0
304.0
304.0
303.0
303.0
303.0
303.0
302.0
303.0
288.0
287.0
288.0
288.0
286.0
286.0
287.0
119.0
119.0
119.0
287.0
288.0
286.0
287.0
289.0
290.0
292.0
289.0
292.0
290.0
290.0
301.0
290.0
302.0
301.0
291.0
123.0
121.0
125.0
122.0
297.0
299.0
307.0
298.0
295.0
305.0
297.0
305.0
302.0
293.0
286.0
299.0
288.0
303.0
290.0
293.0
120.0
123.0
120.0
124.0
290.0
293.0
289.0
293.0
290.0
295.0
286.0
288.0
291.0
288.0
287.0
286.0
287.0
287.0
287.0
119.0
119.0
119.0
119.0
119.0
294.0
293.0
293.0
293.0
293.0
293.0
293.0
293.0
293.0
292.0
287.0
287.0
286.0
286.0
287.0
286.0
287.0
285.0
119.0
118.0
304.0
302.0
303.0
304.0
303.0
302.0
301.0
304.0
303.0
304.0
291.0
289.0
299.0
289.0
288.0
291.0
303.0
121.0
127.0
122.0
291.0
291.0
298.0
292.0
296.0
292.0
297.0
290.0
294.0
291.0
288.0
291.0
286.0
289.0
289.0
287.0
121.0
119.0
119.0
119.0
293.0
293.0
293.0
294.0
293.0
293.0
293.0
293.0
292.0
293.0
288.0
289.0
287.0
287.0
286.0
287.0
119.0
119.0
119.0
118.0
287.0
286.0
287.0
286.0
287.0
287.0
286.0
287.0
286.0
286.0
286.0
286.0
286.0
287.0
287.0
120.0
119.0
120.0
119.0
119.0
296.0
294.0
293.0
293.0
295.0
294.0
295.0
295.0
294.0
294.0
288.0
288.0
287.0
290.0
290.0
288.0
290.0
288.0
121.0
120.0
309.0
307.0
307.0
307.0
306.0
310.0
308.0
315.0
310.0
311.0
291.0
289.0
294.0
298.0
291.0
287.0
287.0
122.0
121.0
120.0
287.0
289.0
288.0
289.0
287.0
287.0
289.0
287.0
287.0
287.0
287.0
286.0
286.0
287.0
287.0
287.0
119.0
119.0
119.0
119.0
294.0
293.0
295.0
294.0
296.0
296.0
294.0
296.0
296.0
294.0
286.0
287.0
289.0
286.0
288.0
289.0
120.0
120.0
120.0
119.0
287.0
289.0
289.0
287.0
287.0
288.0
289.0
289.0
289.0
289.0
289.0
289.0
289.0
289.0
289.0
120.0
120.0
120.0
121.0
120.0
295.0
296.0
294.0
294.0
295.0
295.0
295.0
295.0
294.0
293.0
286.0
289.0
286.0
286.0
289.0
289.0
289.0
289.0
119.0
118.0
286.0
285.0
317.0
320.0
317.0
317.0
320.0
320.0
321.0
321.0
319.0
318.0
289.0
290.0
287.0
287.0
289.0
120.0
120.0
121.0
291.0
293.0
289.0
290.0
287.0
290.0
288.0
286.0
285.0
289.0
288.0
286.0
288.0
291.0
286.0
287.0
120.0
119.0
118.0
120.0
294.0
292.0
292.0
294.0
295.0
292.0
294.0
294.0
291.0
291.0
288.0
286.0
286.0
289.0
288.0
287.0
120.0
119.0
120.0
119.0
289.0
287.0
288.0
287.0
289.0
286.0
287.0
288.0
288.0
287.0
285.0
288.0
288.0
286.0
289.0
119.0
118.0
120.0
121.0
119.0
293.0
292.0
295.0
294.0
293.0
292.0
294.0
295.0
293.0
295.0
289.0
291.0
297.0
297.0
296.0
298.0
299.0
296.0
119.0
120.0
299.0
323.0
318.0
317.0
323.0
321.0
305.0
308.0
322.0
322.0
308.0
310.0
288.0
289.0
304.0
305.0
286.0
121.0
128.0
129.0
286.0
290.0
293.0
289.0
286.0
289.0
288.0
287.0
286.0
288.0
286.0
286.0
288.0
291.0
286.0
289.0
121.0
119.0
119.0
120.0
294.0
294.0
293.0
291.0
292.0
292.0
293.0
295.0
292.0
293.0
287.0
288.0
287.0
286.0
286.0
286.0
119.0
119.0
119.0
119.0
286.0
288.0
285.0
287.0
288.0
288.0
286.0
288.0
286.0
286.0
286.0
286.0
286.0
287.0
286.0
119.0
119.0
119.0
118.0
119.0
294.0
293.0
293.0
293.0
293.0
292.0
294.0
293.0
293.0
293.0
288.0
286.0
287.0
286.0
287.0
287.0
288.0
286.0
120.0
119.0
287.0
287.0
306.0
306.0
305.0
306.0
306.0
305.0
305.0
304.0
306.0
304.0
287.0
289.0
287.0
288.0
288.0
120.0
121.0
119.0
290.0
290.0
286.0
290.0
287.0
288.0
287.0
287.0
285.0
288.0
287.0
290.0
285.0
289.0
288.0
288.0
120.0
119.0
119.0
120.0
291.0
291.0
291.0
291.0
292.0
295.0
294.0
294.0
294.0
294.0
288.0
290.0
291.0
286.0
286.0
290.0
119.0
121.0
121.0
119.0
289.0
287.0
289.0
287.0
286.0
288.0
289.0
287.0
287.0
290.0
289.0
287.0
288.0
287.0
287.0
120.0
120.0
118.0
118.0
121.0
295.0
293.0
293.0
292.0
295.0
294.0
294.0
294.0
294.0
293.0
288.0
289.0
287.0
287.0
288.0
287.0
286.0
288.0
119.0
118.0
291.0
288.0
294.0
287.0
289.0
306.0
308.0
310.0
308.0
307.0
305.0
306.0
306.0
305.0
305.0
287.0
287.0
119.0
119.0
119.0
287.0
287.0
286.0
286.0
287.0
286.0
286.0
287.0
287.0
288.0
286.0
286.0
286.0
286.0
287.0
287.0
118.0
119.0
119.0
119.0
287.0
287.0
287.0
292.0
293.0
292.0
293.0
294.0
293.0
293.0
294.0
294.0
294.0
288.0
289.0
288.0
120.0
120.0
119.0
120.0
290.0
291.0
288.0
289.0
289.0
291.0
291.0
291.0
290.0
287.0
290.0
288.0
291.0
288.0
290.0
120.0
121.0
119.0
121.0
118.0
292.0
295.0
295.0
297.0
294.0
296.0
296.0
296.0
297.0
294.0
297.0
294.0
288.0
290.0
287.0
288.0
288.0
287.0
120.0
121.0
290.0
291.0
293.0
289.0
287.0
307.0
304.0
304.0
305.0
305.0
308.0
308.0
309.0
307.0
303.0
287.0
286.0
119.0
119.0
119.0
286.0
287.0
291.0
288.0
289.0
290.0
288.0
286.0
286.0
287.0
287.0
289.0
289.0
290.0
289.0
290.0
121.0
119.0
119.0
119.0
294.0
289.0
292.0
290.0
294.0
295.0
297.0
293.0
296.0
296.0
295.0
300.0
288.0
288.0
287.0
290.0
121.0
119.0
119.0
119.0
287.0
286.0
287.0
286.0
286.0
290.0
286.0
287.0
287.0
287.0
287.0
286.0
287.0
287.0
287.0
118.0
119.0
119.0
119.0
120.0
287.0
286.0
287.0
292.0
294.0
292.0
291.0
292.0
292.0
292.0
292.0
293.0
292.0
288.0
288.0
287.0
288.0
286.0
119.0
119.0
288.0
287.0
287.0
287.0
288.0
287.0
309.0
306.0
308.0
307.0
308.0
306.0
306.0
306.0
309.0
307.0
290.0
119.0
121.0
121.0
290.0
291.0
288.0
290.0
288.0
289.0
289.0
290.0
286.0
288.0
287.0
289.0
289.0
292.0
288.0
289.0
119.0
119.0
120.0
120.0
291.0
289.0
288.0
295.0
295.0
294.0
293.0
294.0
298.0
293.0
293.0
293.0
293.0
287.0
289.0
288.0
119.0
119.0
120.0
120.0
286.0
287.0
286.0
286.0
286.0
287.0
286.0
286.0
287.0
286.0
286.0
286.0
286.0
286.0
286.0
118.0
119.0
119.0
119.0
118.0
288.0
286.0
290.0
292.0
293.0
292.0
292.0
293.0
294.0
294.0
292.0
293.0
289.0
288.0
286.0
287.0
287.0
287.0
119.0
119.0
287.0
287.0
289.0
286.0
286.0
287.0
287.0
287.0
307.0
306.0
307.0
306.0
309.0
306.0
306.0
307.0
307.0
139.0
119.0
120.0
288.0
288.0
287.0
287.0
287.0
288.0
286.0
286.0
287.0
287.0
286.0
286.0
287.0
286.0
285.0
287.0
119.0
119.0
119.0
118.0
286.0
286.0
288.0
287.0
287.0
292.0
292.0
292.0
292.0
294.0
294.0
293.0
294.0
293.0
293.0
288.0
119.0
119.0
120.0
119.0
286.0
287.0
286.0
286.0
286.0
287.0
287.0
287.0
286.0
290.0
295.0
300.0
300.0
298.0
304.0
134.0
128.0
129.0
127.0
123.0
304.0
305.0
287.0
287.0
289.0
291.0
309.0
311.0
294.0
308.0
300.0
300.0
309.0
312.0
302.0
297.0
304.0
296.0
126.0
126.0
298.0
296.0
291.0
291.0
292.0
293.0
290.0
289.0
314.0
314.0
312.0
312.0
312.0
313.0
311.0
312.0
312.0
144.0
121.0
120.0
286.0
288.0
289.0
286.0
285.0
286.0
289.0
286.0
287.0
287.0
287.0
288.0
288.0
287.0
287.0
287.0
120.0
119.0
119.0
118.0
288.0
286.0
287.0
287.0
286.0
295.0
291.0
290.0
292.0
293.0
293.0
292.0
293.0
292.0
292.0
288.0
120.0
120.0
118.0
119.0
286.0
286.0
286.0
286.0
286.0
287.0
288.0
286.0
286.0
286.0
286.0
287.0
286.0
287.0
287.0
118.0
119.0
118.0
119.0
119.0
287.0
287.0
288.0
288.0
288.0
287.0
286.0
291.0
293.0
293.0
292.0
294.0
293.0
292.0
293.0
292.0
293.0
286.0
119.0
119.0
288.0
288.0
287.0
287.0
287.0
288.0
288.0
287.0
286.0
303.0
310.0
308.0
305.0
305.0
310.0
309.0
307.0
138.0
137.0
120.0
288.0
287.0
290.0
290.0
292.0
289.0
289.0
292.0
291.0
290.0
287.0
289.0
288.0
292.0
286.0
291.0
119.0
121.0
121.0
120.0
287.0
290.0
292.0
285.0
289.0
290.0
291.0
293.0
296.0
296.0
293.0
295.0
295.0
293.0
295.0
293.0
125.0
119.0
120.0
120.0
285.0
286.0
289.0
288.0
288.0
289.0
289.0
287.0
287.0
289.0
285.0
278.0
276.0
275.0
276.0
120.0
119.0
118.0
119.0
116.0
