2.0
2.0
2.0
2.0
1.0
2.0
1.0
2.0
2.0
2.0
3.0
2.0
2.0
2.0
2.0
3.0
2.0
2.0
3.0
3.0
2.0
2.0
2.0
3.0
3.0
269.0
270.0
266.0
464.0
266.0
827.0
708.0
935.0
848.0
990.0
829.0
827.0
826.0
828.0
849.0
758.0
842.0
743.0
845.0
753.0
847.0
850.0
844.0
849.0
809.0
735.0
744.0
812.0
750.0
807.0
801.0
799.0
802.0
753.0
801.0
748.0
739.0
800.0
736.0
801.0
757.0
809.0
808.0
809.0
816.0
781.0
795.0
793.0
804.0
800.0
785.0
820.0
819.0
819.0
803.0
808.0
799.0
799.0
796.0
800.0
798.0
773.0
765.0
763.0
773.0
773.0
773.0
774.0
775.0
775.0
779.0
775.0
776.0
776.0
762.0
764.0
761.0
775.0
778.0
774.0
773.0
778.0
777.0
777.0
773.0
2.0
2.0
2.0
1.0
1.0
2.0
2.0
1.0
2.0
1.0
2.0
2.0
1.0
2.0
1.0
259.0
258.0
246.0
245.0
246.0
791.0
790.0
787.0
794.0
799.0
793.0
793.0
793.0
791.0
792.0
760.0
774.0
760.0
763.0
779.0
775.0
773.0
780.0
781.0
780.0
773.0
777.0
772.0
775.0
774.0
765.0
764.0
763.0
762.0
761.0
774.0
774.0
772.0
773.0
774.0
776.0
777.0
773.0
775.0
770.0
789.0
793.0
788.0
791.0
790.0
791.0
790.0
791.0
791.0
793.0
763.0
777.0
773.0
774.0
775.0
776.0
777.0
777.0
775.0
774.0
774.0
762.0
763.0
765.0
762.0
765.0
767.0
765.0
768.0
770.0
773.0
766.0
765.0
775.0
759.0
773.0
774.0
773.0
770.0
722.0
3.0
1.0
2.0
2.0
2.0
2.0
2.0
2.0
3.0
3.0
2.0
1.0
2.0
3.0
2.0
396.0
271.0
271.0
272.0
264.0
827.0
948.0
1179.0
826.0
1169.0
678.0
819.0
815.0
817.0
727.0
826.0
826.0
1029.0
827.0
825.0
826.0
826.0
689.0
825.0
1246.0
825.0
826.0
835.0
690.0
847.0
921.0
848.0
1112.0
840.0
761.0
831.0
848.0
740.0
825.0
796.0
795.0
1240.0
797.0
1181.0
730.0
726.0
801.0
800.0
802.0
799.0
800.0
801.0
729.0
738.0
818.0
786.0
784.0
1197.0
1198.0
778.0
776.0
775.0
748.0
743.0
740.0
763.0
762.0
797.0
796.0
803.0
795.0
911.0
792.0
895.0
797.0
802.0
797.0
759.0
772.0
763.0
776.0
772.0
774.0
770.0
773.0
1.0
2.0
1.0
1.0
1.0
2.0
2.0
1.0
1.0
1.0
1.0
1.0
1.0
2.0
1.0
248.0
245.0
259.0
257.0
258.0
773.0
780.0
759.0
763.0
763.0
760.0
763.0
764.0
757.0
775.0
775.0
774.0
773.0
773.0
774.0
771.0
778.0
776.0
773.0
765.0
791.0
791.0
793.0
795.0
796.0
793.0
789.0
786.0
796.0
792.0
762.0
780.0
774.0
782.0
776.0
774.0
774.0
771.0
779.0
775.0
776.0
763.0
765.0
763.0
775.0
765.0
775.0
772.0
781.0
778.0
774.0
774.0
780.0
774.0
774.0
780.0
767.0
762.0
781.0
796.0
790.0
792.0
789.0
790.0
789.0
792.0
787.0
785.0
791.0
765.0
775.0
777.0
773.0
774.0
774.0
782.0
777.0
775.0
779.0
780.0
2.0
1.0
2.0
2.0
1.0
2.0
2.0
2.0
1.0
2.0
2.0
2.0
1.0
2.0
1.0
247.0
246.0
247.0
246.0
246.0
809.0
785.0
791.0
865.0
867.0
798.0
780.0
777.0
778.0
797.0
781.0
780.0
770.0
800.0
809.0
805.0
802.0
810.0
802.0
816.0
812.0
802.0
809.0
769.0
779.0
776.0
775.0
768.0
767.0
774.0
774.0
776.0
774.0
772.0
775.0
784.0
771.0
775.0
773.0
777.0
774.0
776.0
777.0
771.0
776.0
778.0
773.0
775.0
773.0
778.0
786.0
792.0
791.0
786.0
787.0
791.0
788.0
789.0
787.0
796.0
762.0
766.0
764.0
759.0
770.0
776.0
778.0
771.0
776.0
778.0
777.0
773.0
776.0
775.0
765.0
763.0
762.0
763.0
764.0
764.0
1.0
2.0
1.0
1.0
1.0
2.0
1.0
2.0
1.0
1.0
1.0
2.0
1.0
1.0
1.0
246.0
247.0
246.0
245.0
256.0
776.0
773.0
772.0
774.0
773.0
774.0
774.0
772.0
775.0
764.0
791.0
789.0
798.0
792.0
786.0
790.0
789.0
790.0
791.0
791.0
773.0
777.0
777.0
775.0
773.0
779.0
774.0
774.0
776.0
773.0
765.0
763.0
763.0
762.0
770.0
774.0
774.0
776.0
773.0
775.0
777.0
773.0
774.0
772.0
765.0
763.0
763.0
765.0
776.0
763.0
784.0
787.0
784.0
783.0
787.0
786.0
784.0
789.0
786.0
783.0
773.0
775.0
771.0
772.0
776.0
773.0
773.0
774.0
774.0
773.0
774.0
772.0
775.0
771.0
773.0
772.0
774.0
774.0
772.0
773.0
2.0
2.0
1.0
2.0
2.0
1.0
1.0
2.0
2.0
2.0
2.0
1.0
2.0
2.0
2.0
247.0
245.0
246.0
246.0
247.0
765.0
762.0
764.0
787.0
791.0
792.0
786.0
786.0
792.0
791.0
788.0
795.0
792.0
774.0
763.0
762.0
762.0
773.0
766.0
764.0
776.0
772.0
778.0
774.0
773.0
776.0
772.0
776.0
772.0
785.0
776.0
771.0
777.0
776.0
773.0
772.0
774.0
778.0
772.0
779.0
818.0
810.0
814.0
826.0
811.0
830.0
830.0
825.0
814.0
818.0
779.0
773.0
779.0
778.0
789.0
775.0
789.0
775.0
774.0
787.0
790.0
773.0
791.0
766.0
783.0
763.0
761.0
766.0
782.0
783.0
770.0
793.0
793.0
771.0
798.0
777.0
774.0
774.0
791.0
790.0
2.0
2.0
1.0
1.0
1.0
2.0
1.0
1.0
1.0
1.0
2.0
2.0
1.0
1.0
1.0
248.0
249.0
247.0
245.0
245.0
793.0
791.0
784.0
790.0
791.0
795.0
792.0
798.0
782.0
794.0
779.0
772.0
784.0
776.0
778.0
772.0
772.0
778.0
772.0
777.0
761.0
764.0
762.0
762.0
776.0
777.0
776.0
778.0
771.0
777.0
773.0
775.0
772.0
776.0
762.0
768.0
766.0
765.0
763.0
786.0
786.0
785.0
786.0
787.0
787.0
788.0
787.0
791.0
787.0
762.0
779.0
772.0
771.0
780.0
775.0
780.0
780.0
780.0
771.0
772.0
773.0
772.0
769.0
776.0
770.0
777.0
776.0
773.0
774.0
771.0
763.0
762.0
760.0
766.0
761.0
767.0
768.0
783.0
790.0
787.0
2.0
1.0
2.0
2.0
1.0
2.0
2.0
2.0
1.0
1.0
2.0
2.0
2.0
1.0
2.0
270.0
270.0
271.0
272.0
271.0
790.0
790.0
769.0
767.0
763.0
763.0
761.0
762.0
765.0
764.0
774.0
775.0
771.0
776.0
774.0
773.0
770.0
775.0
776.0
773.0
778.0
774.0
771.0
780.0
771.0
773.0
772.0
771.0
776.0
774.0
791.0
790.0
785.0
794.0
793.0
789.0
788.0
792.0
787.0
797.0
764.0
764.0
759.0
766.0
773.0
771.0
772.0
774.0
774.0
773.0
772.0
773.0
770.0
775.0
765.0
760.0
764.0
762.0
763.0
762.0
777.0
775.0
770.0
779.0
774.0
772.0
773.0
774.0
776.0
774.0
806.0
801.0
796.0
795.0
848.0
836.0
807.0
809.0
885.0
818.0
1.0
2.0
1.0
1.0
1.0
2.0
2.0
1.0
1.0
1.0
2.0
1.0
1.0
1.0
1.0
252.0
253.0
250.0
250.0
251.0
779.0
777.0
785.0
775.0
773.0
775.0
776.0
778.0
778.0
774.0
763.0
760.0
772.0
775.0
770.0
777.0
780.0
778.0
778.0
772.0
773.0
774.0
764.0
761.0
760.0
764.0
764.0
766.0
766.0
786.0
791.0
789.0
793.0
790.0
787.0
792.0
792.0
793.0
792.0
764.0
773.0
774.0
780.0
774.0
771.0
775.0
776.0
775.0
779.0
780.0
774.0
773.0
782.0
772.0
770.0
773.0
776.0
776.0
776.0
771.0
764.0
763.0
765.0
764.0
761.0
791.0
793.0
790.0
792.0
791.0
789.0
786.0
788.0
789.0
785.0
764.0
764.0
768.0
767.0
763.0
2.0
1.0
2.0
2.0
1.0
1.0
2.0
1.0
1.0
2.0
1.0
1.0
2.0
2.0
1.0
246.0
248.0
248.0
246.0
248.0
782.0
781.0
781.0
781.0
770.0
780.0
774.0
772.0
774.0
771.0
774.0
779.0
773.0
774.0
771.0
773.0
774.0
774.0
773.0
772.0
790.0
789.0
790.0
792.0
791.0
793.0
787.0
792.0
797.0
784.0
767.0
765.0
763.0
778.0
774.0
772.0
775.0
771.0
772.0
774.0
775.0
775.0
774.0
766.0
762.0
762.0
764.0
763.0
762.0
763.0
775.0
773.0
775.0
778.0
769.0
773.0
779.0
772.0
770.0
772.0
793.0
790.0
789.0
793.0
795.0
788.0
797.0
798.0
790.0
795.0
773.0
775.0
776.0
779.0
787.0
772.0
781.0
778.0
771.0
780.0
1.0
2.0
1.0
1.0
1.0
2.0
1.0
1.0
1.0
1.0
2.0
2.0
1.0
1.0
1.0
247.0
247.0
247.0
247.0
245.0
763.0
779.0
767.0
773.0
773.0
776.0
775.0
773.0
780.0
774.0
775.0
763.0
762.0
760.0
761.0
770.0
766.0
768.0
790.0
787.0
832.0
814.0
811.0
813.0
815.0
806.0
849.0
806.0
782.0
784.0
778.0
776.0
773.0
773.0
775.0
780.0
778.0
776.0
778.0
773.0
773.0
773.0
781.0
771.0
775.0
780.0
774.0
779.0
778.0
773.0
760.0
762.0
763.0
760.0
789.0
791.0
794.0
795.0
794.0
791.0
786.0
789.0
790.0
788.0
765.0
765.0
764.0
764.0
766.0
762.0
772.0
772.0
771.0
772.0
771.0
774.0
772.0
772.0
774.0
772.0
2.0
1.0
2.0
1.0
2.0
2.0
2.0
1.0
2.0
2.0
1.0
1.0
2.0
2.0
2.0
246.0
245.0
246.0
246.0
246.0
773.0
775.0
774.0
778.0
776.0
775.0
774.0
774.0
773.0
773.0
791.0
794.0
791.0
792.0
796.0
793.0
791.0
793.0
795.0
795.0
775.0
776.0
779.0
778.0
777.0
774.0
776.0
777.0
777.0
776.0
764.0
763.0
763.0
766.0
763.0
765.0
764.0
763.0
763.0
763.0
777.0
776.0
774.0
775.0
771.0
776.0
772.0
773.0
772.0
773.0
792.0
787.0
790.0
792.0
789.0
797.0
785.0
792.0
787.0
792.0
774.0
775.0
777.0
779.0
776.0
775.0
778.0
779.0
772.0
781.0
764.0
762.0
767.0
764.0
761.0
773.0
772.0
772.0
772.0
779.0
2.0
1.0
1.0
1.0
0.0
2.0
1.0
1.0
1.0
1.0
2.0
2.0
1.0
1.0
1.0
256.0
257.0
258.0
255.0
1.0
776.0
763.0
761.0
765.0
518.0
764.0
765.0
765.0
791.0
519.0
792.0
793.0
792.0
789.0
545.0
787.0
797.0
792.0
792.0
524.0
778.0
777.0
774.0
778.0
528.0
773.0
772.0
774.0
773.0
529.0
765.0
763.0
762.0
781.0
518.0
772.0
773.0
771.0
772.0
527.0
772.0
774.0
773.0
771.0
518.0
763.0
765.0
762.0
764.0
516.0
892.0
793.0
803.0
860.0
547.0
820.0
789.0
909.0
853.0
559.0
814.0
761.0
762.0
807.0
554.0
809.0
806.0
755.0
753.0
549.0
790.0
788.0
738.0
740.0
535.0
799.0
797.0
750.0
796.0
513.0
2.0
1.0
1.0
1.0
1.0
2.0
1.0
1.0
1.0
1.0
2.0
1.0
1.0
1.0
1.0
263.0
263.0
262.0
249.0
251.0
745.0
788.0
787.0
786.0
739.0
788.0
786.0
738.0
792.0
739.0
780.0
783.0
812.0
811.0
808.0
782.0
810.0
785.0
808.0
808.0
773.0
775.0
773.0
776.0
773.0
775.0
773.0
773.0
775.0
774.0
772.0
775.0
773.0
775.0
775.0
772.0
773.0
773.0
772.0
773.0
762.0
762.0
762.0
763.0
762.0
762.0
763.0
762.0
785.0
787.0
785.0
789.0
791.0
789.0
786.0
798.0
788.0
791.0
779.0
761.0
773.0
773.0
774.0
772.0
775.0
776.0
774.0
772.0
774.0
774.0
774.0
774.0
776.0
773.0
775.0
774.0
773.0
772.0
773.0
773.0
1.0
1.0
1.0
1.0
1.0
1.0
1.0
1.0
1.0
1.0
2.0
1.0
1.0
1.0
1.0
246.0
246.0
245.0
247.0
1.0
796.0
792.0
798.0
795.0
287.0
792.0
797.0
798.0
796.0
287.0
797.0
798.0
764.0
773.0
288.0
762.0
770.0
773.0
773.0
289.0
787.0
779.0
778.0
775.0
300.0
775.0
775.0
774.0
765.0
289.0
763.0
761.0
770.0
774.0
286.0
771.0
772.0
773.0
777.0
297.0
776.0
777.0
784.0
763.0
286.0
766.0
761.0
791.0
791.0
286.0
791.0
791.0
789.0
791.0
314.0
791.0
793.0
787.0
767.0
288.0
763.0
772.0
775.0
773.0
287.0
774.0
774.0
777.0
772.0
298.0
779.0
773.0
767.0
766.0
290.0
762.0
773.0
773.0
779.0
286.0
1.0
1.0
1.0
1.0
1.0
1.0
1.0
1.0
1.0
1.0
2.0
1.0
1.0
1.0
1.0
246.0
247.0
245.0
246.0
246.0
776.0
777.0
778.0
773.0
773.0
776.0
772.0
763.0
761.0
766.0
806.0
805.0
810.0
810.0
809.0
809.0
818.0
816.0
827.0
817.0
797.0
798.0
804.0
789.0
783.0
785.0
798.0
782.0
783.0
793.0
787.0
795.0
799.0
773.0
774.0
774.0
798.0
776.0
776.0
791.0
783.0
773.0
772.0
763.0
761.0
765.0
768.0
760.0
792.0
798.0
798.0
801.0
801.0
804.0
804.0
808.0
802.0
810.0
773.0
764.0
776.0
777.0
776.0
778.0
778.0
778.0
774.0
777.0
784.0
781.0
776.0
779.0
777.0
774.0
774.0
773.0
774.0
773.0
772.0
777.0
1.0
1.0
1.0
1.0
1.0
1.0
2.0
1.0
1.0
1.0
1.0
1.0
1.0
1.0
1.0
247.0
247.0
248.0
246.0
1.0
791.0
790.0
790.0
791.0
286.0
790.0
792.0
792.0
792.0
286.0
792.0
793.0
775.0
773.0
287.0
772.0
770.0
764.0
762.0
288.0
772.0
773.0
781.0
772.0
298.0
776.0
774.0
773.0
773.0
296.0
763.0
762.0
763.0
772.0
286.0
776.0
780.0
773.0
773.0
286.0
777.0
771.0
775.0
786.0
297.0
763.0
764.0
791.0
799.0
285.0
789.0
795.0
794.0
792.0
287.0
792.0
795.0
788.0
789.0
291.0
764.0
764.0
773.0
773.0
286.0
773.0
773.0
774.0
774.0
295.0
775.0
773.0
783.0
765.0
288.0
763.0
764.0
773.0
775.0
287.0
1.0
1.0
1.0
1.0
1.0
1.0
1.0
1.0
1.0
1.0
1.0
1.0
1.0
1.0
1.0
247.0
246.0
246.0
245.0
245.0
776.0
771.0
772.0
773.0
773.0
776.0
773.0
774.0
762.0
765.0
788.0
787.0
792.0
787.0
795.0
788.0
791.0
796.0
787.0
786.0
774.0
773.0
779.0
772.0
778.0
774.0
773.0
775.0
771.0
773.0
765.0
761.0
762.0
765.0
770.0
772.0
774.0
773.0
773.0
773.0
773.0
772.0
772.0
776.0
763.0
767.0
762.0
762.0
787.0
786.0
800.0
799.0
807.0
803.0
806.0
800.0
805.0
811.0
792.0
786.0
785.0
765.0
782.0
763.0
779.0
1236.0
778.0
776.0
1271.0
748.0
741.0
770.0
771.0
755.0
772.0
773.0
775.0
773.0
814.0
785.0
1.0
1.0
2.0
1.0
1.0
1.0
1.0
1.0
1.0
2.0
1.0
1.0
1.0
1.0
1.0
246.0
245.0
255.0
1.0
1.0
776.0
763.0
762.0
286.0
285.0
773.0
800.0
804.0
287.0
285.0
796.0
800.0
804.0
324.0
323.0
804.0
806.0
786.0
285.0
290.0
771.0
773.0
775.0
287.0
285.0
775.0
778.0
775.0
286.0
291.0
769.0
770.0
775.0
296.0
296.0
774.0
762.0
767.0
288.0
286.0
771.0
771.0
771.0
286.0
286.0
777.0
769.0
772.0
298.0
298.0
788.0
776.0
768.0
289.0
286.0
761.0
762.0
802.0
290.0
286.0
799.0
795.0
802.0
286.0
286.0
804.0
801.0
794.0
323.0
321.0
800.0
765.0
761.0
286.0
286.0
760.0
772.0
774.0
286.0
287.0
1.0
1.0
1.0
1.0
1.0
1.0
1.0
1.0
1.0
1.0
2.0
1.0
1.0
1.0
1.0
1.0
1.0
1.0
1.0
1.0
287.0
286.0
287.0
295.0
296.0
298.0
295.0
296.0
297.0
297.0
296.0
285.0
287.0
286.0
287.0
287.0
287.0
287.0
286.0
286.0
286.0
287.0
285.0
287.0
286.0
287.0
285.0
287.0
284.0
287.0
286.0
285.0
285.0
287.0
286.0
297.0
293.0
296.0
295.0
294.0
295.0
296.0
296.0
296.0
296.0
287.0
287.0
286.0
285.0
285.0
285.0
286.0
287.0
288.0
287.0
285.0
287.0
287.0
287.0
285.0
286.0
286.0
287.0
288.0
288.0
286.0
287.0
287.0
284.0
285.0
285.0
295.0
295.0
297.0
297.0
295.0
299.0
296.0
295.0
299.0
1.0
1.0
1.0
1.0
1.0
1.0
1.0
1.0
1.0
1.0
1.0
1.0
1.0
1.0
1.0
1.0
1.0
1.0
1.0
1.0
295.0
313.0
312.0
316.0
316.0
315.0
315.0
316.0
319.0
316.0
315.0
291.0
289.0
294.0
291.0
288.0
290.0
291.0
293.0
288.0
287.0
287.0
288.0
287.0
289.0
286.0
286.0
285.0
287.0
287.0
285.0
286.0
286.0
286.0
287.0
286.0
287.0
294.0
298.0
298.0
305.0
298.0
297.0
297.0
297.0
298.0
298.0
286.0
287.0
285.0
286.0
287.0
286.0
288.0
288.0
286.0
287.0
285.0
286.0
294.0
287.0
286.0
285.0
288.0
286.0
284.0
286.0
287.0
288.0
285.0
285.0
294.0
295.0
295.0
294.0
287.0
288.0
282.0
281.0
277.0
