2.0
2.0
1.0
1.0
1.0
2.0
2.0
2.0
2.0
1.0
12.0
12.0
12.0
12.0
12.0
276.0
588.0
588.0
587.0
587.0
591.0
588.0
588.0
588.0
588.0
579.0
599.0
596.0
597.0
598.0
11.0
12.0
12.0
12.0
11.0
267.0
597.0
596.0
596.0
598.0
593.0
595.0
579.0
581.0
581.0
580.0
581.0
581.0
578.0
583.0
12.0
11.0
12.0
12.0
11.0
267.0
588.0
587.0
601.0
588.0
588.0
588.0
587.0
588.0
589.0
592.0
580.0
580.0
581.0
580.0
11.0
11.0
11.0
11.0
11.0
267.0
580.0
579.0
580.0
579.0
582.0
587.0
587.0
587.0
588.0
587.0
588.0
588.0
585.0
604.0
11.0
11.0
16.0
12.0
12.0
268.0
596.0
595.0
596.0
592.0
594.0
595.0
603.0
595.0
594.0
576.0
579.0
580.0
581.0
586.0
11.0
11.0
11.0
11.0
11.0
267.0
588.0
588.0
586.0
587.0
590.0
588.0
587.0
586.0
589.0
579.0
579.0
579.0
581.0
579.0
11.0
11.0
11.0
11.0
11.0
267.0
587.0
587.0
588.0
590.0
590.0
589.0
598.0
586.0
589.0
590.0
597.0
596.0
595.0
595.0
11.0
11.0
11.0
11.0
11.0
267.0
596.0
596.0
594.0
595.0
595.0
596.0
579.0
581.0
580.0
580.0
580.0
580.0
579.0
579.0
11.0
11.0
11.0
11.0
12.0
266.0
588.0
588.0
587.0
586.0
587.0
586.0
586.0
587.0
586.0
588.0
580.0
580.0
578.0
580.0
11.0
11.0
11.0
11.0
11.0
267.0
580.0
587.0
586.0
588.0
586.0
587.0
583.0
557.0
558.0
556.0
541.0
500.0
495.0
491.0
13.0
12.0
13.0
13.0
13.0
274.0
592.0
590.0
589.0
592.0
591.0
591.0
592.0
594.0
591.0
600.0
599.0
601.0
603.0
603.0
11.0
12.0
12.0
11.0
11.0
284.0
599.0
603.0
603.0
601.0
582.0
585.0
588.0
591.0
591.0
592.0
590.0
591.0
591.0
592.0
12.0
12.0
11.0
11.0
12.0
277.0
596.0
588.0
587.0
587.0
588.0
588.0
591.0
588.0
588.0
588.0
590.0
595.0
594.0
596.0
11.0
11.0
12.0
12.0
12.0
268.0
595.0
595.0
595.0
595.0
592.0
615.0
605.0
600.0
599.0
602.0
600.0
599.0
602.0
600.0
11.0
12.0
12.0
12.0
11.0
287.0
580.0
579.0
578.0
578.0
579.0
582.0
579.0
582.0
579.0
581.0
590.0
589.0
590.0
590.0
11.0
12.0
12.0
11.0
11.0
277.0
590.0
591.0
590.0
590.0
590.0
586.0
586.0
586.0
586.0
594.0
594.0
595.0
594.0
594.0
12.0
12.0
11.0
12.0
12.0
272.0
587.0
587.0
588.0
588.0
588.0
597.0
597.0
597.0
595.0
596.0
597.0
598.0
597.0
598.0
12.0
11.0
11.0
12.0
11.0
285.0
584.0
581.0
581.0
581.0
580.0
580.0
589.0
587.0
590.0
591.0
589.0
592.0
590.0
591.0
12.0
11.0
12.0
11.0
12.0
279.0
591.0
577.0
580.0
580.0
580.0
581.0
577.0
579.0
580.0
580.0
584.0
586.0
589.0
589.0
11.0
11.0
11.0
11.0
12.0
267.0
588.0
587.0
585.0
589.0
587.0
605.0
597.0
592.0
595.0
597.0
596.0
596.0
594.0
596.0
27.0
12.0
12.0
11.0
12.0
268.0
579.0
580.0
582.0
579.0
579.0
581.0
581.0
589.0
587.0
588.0
588.0
589.0
586.0
590.0
11.0
10.0
11.0
11.0
11.0
276.0
588.0
588.0
581.0
578.0
581.0
580.0
580.0
580.0
580.0
585.0
588.0
587.0
587.0
587.0
12.0
12.0
11.0
11.0
12.0
275.0
588.0
588.0
588.0
604.0
600.0
598.0
600.0
598.0
597.0
597.0
598.0
597.0
597.0
579.0
11.0
11.0
11.0
11.0
11.0
267.0
580.0
580.0
578.0
582.0
582.0
581.0
589.0
590.0
588.0
594.0
593.0
595.0
594.0
593.0
12.0
12.0
12.0
11.0
17.0
281.0
588.0
586.0
585.0
584.0
580.0
581.0
579.0
580.0
579.0
587.0
587.0
589.0
597.0
587.0
11.0
11.0
11.0
11.0
11.0
274.0
586.0
586.0
587.0
588.0
597.0
596.0
594.0
596.0
597.0
596.0
597.0
597.0
601.0
597.0
11.0
11.0
11.0
12.0
11.0
268.0
580.0
580.0
582.0
582.0
582.0
588.0
588.0
589.0
591.0
599.0
618.0
621.0
620.0
621.0
1.0
1.0
2.0
1.0
1.0
268.0
601.0
604.0
604.0
605.0
599.0
593.0
570.0
570.0
574.0
576.0
579.0
580.0
579.0
583.0
2.0
1.0
2.0
1.0
2.0
1.0
323.0
323.0
323.0
323.0
316.0
315.0
313.0
314.0
315.0
313.0
314.0
314.0
313.0
331.0
1.0
1.0
1.0
2.0
1.0
1.0
331.0
331.0
332.0
334.0
332.0
332.0
330.0
331.0
331.0
313.0
313.0
314.0
312.0
311.0
11.0
12.0
11.0
11.0
11.0
268.0
579.0
581.0
578.0
582.0
578.0
578.0
580.0
578.0
580.0
589.0
587.0
587.0
590.0
587.0
11.0
11.0
11.0
11.0
11.0
274.0
587.0
588.0
587.0
587.0
581.0
579.0
589.0
590.0
588.0
588.0
589.0
590.0
589.0
588.0
11.0
12.0
11.0
11.0
12.0
277.0
591.0
595.0
596.0
597.0
597.0
597.0
596.0
597.0
596.0
596.0
596.0
577.0
581.0
580.0
10.0
11.0
11.0
11.0
11.0
265.0
584.0
580.0
579.0
577.0
580.0
578.0
585.0
590.0
592.0
592.0
592.0
596.0
593.0
592.0
11.0
11.0
12.0
11.0
11.0
279.0
589.0
584.0
584.0
580.0
579.0
582.0
579.0
580.0
579.0
579.0
584.0
587.0
587.0
587.0
11.0
11.0
11.0
11.0
10.0
274.0
588.0
587.0
587.0
587.0
587.0
596.0
593.0
595.0
594.0
596.0
597.0
596.0
594.0
597.0
11.0
11.0
27.0
12.0
11.0
266.0
579.0
580.0
577.0
578.0
579.0
588.0
590.0
590.0
591.0
589.0
589.0
589.0
590.0
589.0
11.0
10.0
10.0
11.0
11.0
276.0
580.0
581.0
580.0
581.0
580.0
580.0
576.0
579.0
579.0
586.0
589.0
588.0
590.0
588.0
12.0
11.0
11.0
12.0
11.0
275.0
591.0
588.0
590.0
610.0
601.0
600.0
601.0
598.0
600.0
601.0
598.0
595.0
598.0
583.0
11.0
11.0
11.0
11.0
11.0
267.0
580.0
583.0
581.0
581.0
582.0
582.0
590.0
586.0
589.0
590.0
589.0
590.0
592.0
590.0
11.0
10.0
12.0
11.0
11.0
276.0
590.0
587.0
579.0
582.0
581.0
582.0
582.0
587.0
592.0
589.0
590.0
590.0
596.0
591.0
11.0
11.0
11.0
11.0
11.0
276.0
592.0
591.0
600.0
599.0
601.0
598.0
599.0
599.0
595.0
597.0
594.0
599.0
578.0
577.0
11.0
11.0
11.0
11.0
11.0
267.0
582.0
580.0
588.0
579.0
580.0
589.0
587.0
598.0
586.0
587.0
589.0
590.0
590.0
589.0
11.0
11.0
16.0
12.0
12.0
268.0
582.0
584.0
583.0
583.0
582.0
582.0
580.0
580.0
587.0
582.0
588.0
588.0
586.0
587.0
10.0
11.0
10.0
11.0
11.0
274.0
587.0
586.0
608.0
596.0
595.0
597.0
595.0
597.0
596.0
595.0
597.0
596.0
578.0
577.0
10.0
11.0
11.0
11.0
11.0
266.0
588.0
595.0
598.0
604.0
615.0
614.0
614.0
615.0
618.0
615.0
602.0
600.0
596.0
590.0
1.0
1.0
2.0
1.0
1.0
257.0
570.0
570.0
569.0
570.0
568.0
570.0
569.0
573.0
576.0
578.0
578.0
580.0
579.0
578.0
1.0
1.0
1.0
1.0
2.0
266.0
579.0
579.0
590.0
587.0
587.0
587.0
587.0
585.0
588.0
587.0
590.0
585.0
570.0
571.0
1.0
1.0
1.0
1.0
1.0
2.0
315.0
315.0
315.0
313.0
317.0
315.0
314.0
314.0
313.0
312.0
314.0
313.0
314.0
314.0
1.0
1.0
1.0
2.0
1.0
1.0
314.0
318.0
321.0
320.0
322.0
320.0
322.0
322.0
322.0
322.0
322.0
318.0
313.0
314.0
11.0
11.0
11.0
11.0
11.0
267.0
576.0
580.0
580.0
580.0
580.0
580.0
579.0
580.0
579.0
587.0
583.0
588.0
591.0
588.0
10.0
11.0
11.0
10.0
11.0
275.0
587.0
587.0
588.0
589.0
597.0
601.0
597.0
600.0
598.0
602.0
598.0
599.0
597.0
600.0
11.0
11.0
11.0
11.0
11.0
266.0
579.0
576.0
579.0
579.0
579.0
577.0
585.0
585.0
588.0
589.0
588.0
586.0
588.0
588.0
10.0
10.0
11.0
11.0
11.0
276.0
585.0
579.0
579.0
580.0
578.0
578.0
579.0
582.0
585.0
585.0
586.0
586.0
585.0
585.0
11.0
11.0
11.0
11.0
11.0
270.0
585.0
586.0
597.0
595.0
596.0
597.0
595.0
597.0
596.0
597.0
597.0
596.0
579.0
577.0
11.0
11.0
10.0
11.0
11.0
266.0
579.0
575.0
579.0
578.0
579.0
587.0
588.0
587.0
587.0
585.0
587.0
585.0
588.0
587.0
11.0
10.0
11.0
11.0
11.0
275.0
580.0
580.0
579.0
579.0
580.0
579.0
580.0
579.0
584.0
584.0
587.0
586.0
587.0
585.0
11.0
11.0
11.0
10.0
10.0
274.0
587.0
585.0
604.0
598.0
596.0
596.0
596.0
596.0
596.0
597.0
597.0
597.0
580.0
578.0
11.0
11.0
11.0
10.0
11.0
265.0
576.0
579.0
580.0
579.0
577.0
587.0
588.0
588.0
588.0
589.0
584.0
590.0
588.0
588.0
11.0
11.0
11.0
17.0
12.0
269.0
578.0
580.0
578.0
579.0
578.0
579.0
577.0
580.0
587.0
586.0
587.0
587.0
587.0
587.0
12.0
11.0
10.0
10.0
11.0
274.0
587.0
584.0
600.0
593.0
593.0
593.0
594.0
593.0
594.0
593.0
594.0
593.0
578.0
579.0
11.0
11.0
11.0
11.0
11.0
266.0
578.0
579.0
579.0
579.0
580.0
586.0
587.0
587.0
587.0
587.0
585.0
587.0
589.0
587.0
11.0
17.0
12.0
12.0
11.0
267.0
579.0
579.0
579.0
579.0
579.0
579.0
579.0
584.0
589.0
588.0
590.0
588.0
589.0
589.0
10.0
11.0
11.0
11.0
11.0
277.0
588.0
589.0
596.0
595.0
594.0
594.0
594.0
591.0
605.0
607.0
618.0
619.0
606.0
608.0
11.0
11.0
11.0
11.0
11.0
284.0
607.0
610.0
610.0
602.0
601.0
600.0
598.0
592.0
589.0
587.0
586.0
586.0
588.0
588.0
11.0
11.0
11.0
11.0
10.0
267.0
579.0
579.0
579.0
578.0
579.0
578.0
578.0
585.0
589.0
588.0
588.0
588.0
590.0
587.0
1.0
1.0
2.0
1.0
1.0
265.0
586.0
594.0
587.0
588.0
586.0
585.0
585.0
588.0
586.0
588.0
588.0
567.0
568.0
569.0
1.0
2.0
1.0
1.0
1.0
1.0
311.0
312.0
312.0
313.0
313.0
313.0
312.0
314.0
314.0
312.0
314.0
311.0
314.0
312.0
1.0
1.0
2.0
1.0
1.0
1.0
314.0
321.0
322.0
319.0
321.0
321.0
320.0
320.0
325.0
321.0
321.0
314.0
313.0
311.0
1.0
1.0
1.0
2.0
1.0
1.0
314.0
314.0
314.0
313.0
314.0
314.0
314.0
313.0
314.0
314.0
313.0
313.0
313.0
314.0
10.0
11.0
11.0
11.0
11.0
266.0
588.0
587.0
588.0
588.0
589.0
591.0
591.0
591.0
590.0
590.0
599.0
599.0
598.0
601.0
11.0
11.0
11.0
11.0
10.0
284.0
600.0
601.0
600.0
602.0
603.0
590.0
587.0
587.0
583.0
585.0
586.0
586.0
585.0
589.0
11.0
11.0
11.0
11.0
11.0
270.0
592.0
591.0
591.0
590.0
591.0
592.0
594.0
591.0
591.0
586.0
583.0
583.0
583.0
583.0
11.0
11.0
11.0
11.0
11.0
269.0
590.0
590.0
591.0
590.0
591.0
591.0
591.0
591.0
589.0
593.0
597.0
597.0
596.0
597.0
11.0
11.0
11.0
11.0
11.0
269.0
596.0
594.0
593.0
592.0
591.0
594.0
580.0
579.0
582.0
578.0
580.0
581.0
588.0
588.0
10.0
11.0
11.0
11.0
11.0
267.0
586.0
588.0
588.0
589.0
589.0
589.0
588.0
588.0
580.0
582.0
580.0
580.0
581.0
581.0
10.0
11.0
11.0
11.0
11.0
267.0
586.0
589.0
589.0
587.0
588.0
589.0
586.0
591.0
587.0
588.0
595.0
594.0
594.0
593.0
11.0
11.0
11.0
11.0
11.0
281.0
594.0
593.0
591.0
595.0
592.0
579.0
577.0
578.0
581.0
576.0
579.0
578.0
586.0
587.0
11.0
11.0
11.0
11.0
11.0
266.0
587.0
586.0
588.0
589.0
588.0
586.0
589.0
589.0
581.0
582.0
581.0
581.0
580.0
580.0
11.0
11.0
10.0
11.0
11.0
266.0
586.0
587.0
590.0
587.0
587.0
588.0
589.0
587.0
588.0
603.0
598.0
598.0
600.0
596.0
11.0
11.0
11.0
11.0
11.0
285.0
597.0
597.0
596.0
595.0
580.0
579.0
576.0
578.0
580.0
578.0
579.0
585.0
585.0
589.0
11.0
11.0
11.0
10.0
11.0
267.0
592.0
587.0
590.0
589.0
590.0
589.0
590.0
581.0
581.0
578.0
581.0
578.0
582.0
580.0
11.0
11.0
11.0
11.0
10.0
268.0
588.0
591.0
587.0
593.0
596.0
588.0
586.0
586.0
598.0
601.0
617.0
618.0
622.0
622.0
1.0
1.0
1.0
1.0
2.0
289.0
608.0
613.0
613.0
602.0
601.0
582.0
577.0
576.0
577.0
578.0
575.0
584.0
585.0
584.0
11.0
11.0
11.0
11.0
11.0
271.0
595.0
596.0
595.0
595.0
594.0
594.0
595.0
586.0
588.0
588.0
589.0
587.0
587.0
587.0
2.0
1.0
1.0
1.0
1.0
2.0
317.0
317.0
318.0
319.0
317.0
324.0
325.0
327.0
328.0
328.0
326.0
327.0
328.0
327.0
8.0
1.0
2.0
1.0
2.0
262.0
592.0
588.0
592.0
591.0
589.0
592.0
592.0
592.0
591.0
591.0
575.0
575.0
574.0
573.0
1.0
1.0
2.0
1.0
1.0
1.0
315.0
316.0
318.0
318.0
317.0
317.0
316.0
319.0
318.0
317.0
322.0
316.0
318.0
318.0
1.0
1.0
1.0
1.0
2.0
1.0
317.0
315.0
324.0
324.0
324.0
324.0
323.0
324.0
324.0
323.0
323.0
323.0
314.0
315.0
1.0
1.0
2.0
1.0
1.0
1.0
315.0
316.0
315.0
315.0
315.0
315.0
316.0
316.0
316.0
315.0
315.0
315.0
315.0
316.0
11.0
11.0
11.0
11.0
11.0
268.0
590.0
592.0
591.0
594.0
595.0
598.0
595.0
595.0
595.0
595.0
605.0
604.0
603.0
599.0
11.0
11.0
11.0
10.0
11.0
285.0
595.0
597.0
598.0
598.0
598.0
576.0
579.0
579.0
578.0
579.0
577.0
581.0
579.0
580.0
11.0
11.0
11.0
11.0
11.0
266.0
585.0
587.0
588.0
588.0
586.0
587.0
586.0
587.0
587.0
589.0
578.0
579.0
579.0
579.0
10.0
11.0
11.0
11.0
10.0
266.0
579.0
586.0
587.0
587.0
585.0
586.0
586.0
586.0
586.0
587.0
602.0
596.0
595.0
594.0
11.0
11.0
11.0
11.0
10.0
267.0
592.0
594.0
598.0
595.0
596.0
595.0
578.0
577.0
581.0
578.0
578.0
578.0
587.0
586.0
11.0
11.0
10.0
10.0
11.0
267.0
586.0
585.0
584.0
586.0
586.0
586.0
587.0
587.0
580.0
581.0
579.0
579.0
578.0
578.0
11.0
11.0
11.0
11.0
11.0
267.0
579.0
579.0
587.0
588.0
587.0
588.0
588.0
589.0
590.0
590.0
605.0
606.0
597.0
599.0
10.0
11.0
11.0
11.0
11.0
268.0
597.0
597.0
595.0
593.0
596.0
596.0
578.0
576.0
577.0
579.0
576.0
576.0
576.0
582.0
10.0
11.0
11.0
11.0
11.0
267.0
586.0
584.0
584.0
582.0
584.0
587.0
584.0
586.0
584.0
576.0
579.0
579.0
579.0
576.0
10.0
11.0
11.0
11.0
11.0
266.0
586.0
587.0
587.0
588.0
585.0
590.0
588.0
588.0
589.0
602.0
595.0
593.0
594.0
593.0
11.0
10.0
11.0
11.0
11.0
282.0
596.0
593.0
593.0
592.0
578.0
576.0
576.0
579.0
577.0
576.0
580.0
580.0
577.0
584.0
1.0
1.0
1.0
1.0
1.0
257.0
579.0
581.0
583.0
583.0
581.0
580.0
583.0
581.0
583.0
574.0
570.0
570.0
570.0
569.0
11.0
11.0
11.0
11.0
11.0
266.0
595.0
610.0
612.0
612.0
612.0
613.0
612.0
612.0
613.0
612.0
605.0
595.0
596.0
597.0
2.0
1.0
1.0
1.0
1.0
258.0
587.0
584.0
583.0
585.0
585.0
584.0
567.0
570.0
567.0
572.0
572.0
570.0
581.0
578.0
11.0
11.0
11.0
11.0
11.0
267.0
592.0
590.0
591.0
591.0
592.0
591.0
593.0
588.0
580.0
580.0
583.0
579.0
580.0
580.0
1.0
1.0
1.0
1.0
1.0
1.0
314.0
313.0
313.0
314.0
314.0
313.0
314.0
314.0
314.0
321.0
321.0
322.0
324.0
322.0
1.0
1.0
1.0
1.0
2.0
265.0
579.0
580.0
578.0
579.0
585.0
586.0
587.0
586.0
588.0
584.0
586.0
585.0
586.0
588.0
1.0
1.0
1.0
1.0
1.0
2.0
313.0
313.0
315.0
314.0
314.0
314.0
314.0
313.0
314.0
314.0
314.0
314.0
314.0
314.0
2.0
1.0
1.0
1.0
1.0
2.0
313.0
314.0
322.0
324.0
322.0
323.0
321.0
322.0
322.0
323.0
323.0
322.0
317.0
317.0
1.0
1.0
2.0
1.0
1.0
1.0
316.0
317.0
317.0
317.0
318.0
349.0
317.0
317.0
294.0
289.0
276.0
276.0
276.0
273.0
