11.0
11.0
7.0
7.0
7.0
7.0
7.0
7.0
10.0
10.0
11.0
12.0
10.0
10.0
10.0
8.0
8.0
9.0
10.0
10.0
104.0
103.0
103.0
103.0
103.0
103.0
186.0
187.0
187.0
186.0
104.0
91.0
104.0
103.0
104.0
103.0
191.0
191.0
122.0
122.0
89.0
107.0
107.0
106.0
106.0
106.0
88.0
102.0
103.0
103.0
104.0
103.0
103.0
102.0
84.0
186.0
186.0
103.0
104.0
102.0
753.0
748.0
748.0
743.0
647.0
743.0
659.0
746.0
745.0
788.0
1815.0
1822.0
1817.0
1789.0
1785.0
1783.0
1809.0
1787.0
1781.0
1784.0
1751.0
1757.0
1758.0
1748.0
1751.0
1752.0
1751.0
1754.0
1749.0
1787.0
1780.0
1782.0
1794.0
1794.0
1780.0
1810.0
1781.0
1793.0
1780.0
1766.0
1810.0
1792.0
1818.0
1813.0
1788.0
1816.0
1796.0
1846.0
1793.0
1819.0
1776.0
1759.0
1762.0
1762.0
1772.0
1774.0
1762.0
1760.0
1805.0
1777.0
1787.0
1772.0
1776.0
1776.0
1787.0
1792.0
1780.0
1779.0
1800.0
1803.0
1761.0
1789.0
1758.0
1754.0
1774.0
1785.0
1780.0
1771.0
1768.0
1770.0
1783.0
1811.0
1796.0
1806.0
1804.0
1815.0
1784.0
1805.0
1805.0
1816.0
1814.0
1817.0
1806.0
1803.0
1815.0
1802.0
1798.0
1782.0
1805.0
1812.0
1751.0
1752.0
1753.0
1765.0
1767.0
1759.0
1759.0
1772.0
1773.0
1769.0
1781.0
1795.0
1787.0
1795.0
1801.0
1784.0
1786.0
1803.0
1800.0
1791.0
1764.0
1766.0
1765.0
1782.0
1768.0
1783.0
1768.0
1786.0
1795.0
1788.0
1790.0
1780.0
1779.0
1813.0
1781.0
1780.0
1810.0
1803.0
1803.0
1798.0
1754.0
1753.0
1751.0
1767.0
1754.0
1748.0
1758.0
1754.0
1769.0
1762.0
10.0
10.0
7.0
7.0
7.0
7.0
7.0
7.0
11.0
11.0
6.0
6.0
6.0
6.0
6.0
6.0
9.0
9.0
10.0
10.0
6.0
6.0
6.0
6.0
6.0
6.0
6.0
6.0
6.0
6.0
6.0
6.0
9.0
10.0
9.0
9.0
6.0
6.0
6.0
6.0
6.0
6.0
9.0
9.0
10.0
6.0
6.0
6.0
9.0
6.0
5.0
5.0
6.0
6.0
6.0
6.0
6.0
5.0
9.0
8.0
9.0
10.0
6.0
6.0
6.0
6.0
6.0
6.0
10.0
9.0
5.0
5.0
5.0
5.0
5.0
6.0
9.0
8.0
5.0
6.0
5.0
5.0
6.0
5.0
9.0
9.0
9.0
8.0
5.0
6.0
5.0
6.0
5.0
5.0
6.0
6.0
6.0
5.0
5.0
5.0
187.0
187.0
187.0
186.0
105.0
105.0
106.0
105.0
107.0
7.0
105.0
102.0
103.0
103.0
102.0
103.0
103.0
184.0
160.0
9.0
183.0
155.0
102.0
89.0
102.0
104.0
102.0
102.0
83.0
6.0
102.0
103.0
103.0
101.0
102.0
102.0
102.0
185.0
185.0
5.0
84.0
103.0
102.0
102.0
102.0
103.0
85.0
102.0
83.0
5.0
102.0
102.0
102.0
102.0
103.0
84.0
102.0
83.0
119.0
8.0
117.0
84.0
102.0
102.0
102.0
102.0
102.0
84.0
102.0
5.0
101.0
102.0
83.0
82.0
101.0
101.0
102.0
101.0
101.0
4.0
101.0
102.0
101.0
85.0
86.0
102.0
101.0
89.0
102.0
5.0
101.0
102.0
88.0
101.0
101.0
87.0
90.0
106.0
104.0
4.0
111.0
107.0
96.0
105.0
109.0
113.0
111.0
107.0
109.0
6.0
116.0
107.0
110.0
100.0
107.0
99.0
102.0
103.0
94.0
5.0
103.0
102.0
110.0
94.0
102.0
104.0
94.0
102.0
103.0
5.0
94.0
103.0
95.0
103.0
102.0
101.0
97.0
104.0
104.0
6.0
96.0
104.0
95.0
102.0
101.0
101.0
96.0
95.0
99.0
4.0
98.0
96.0
97.0
96.0
98.0
97.0
97.0
96.0
96.0
4.0
97.0
97.0
96.0
97.0
97.0
100.0
97.0
97.0
97.0
5.0
97.0
96.0
97.0
96.0
97.0
96.0
98.0
97.0
97.0
5.0
96.0
96.0
97.0
96.0
99.0
96.0
97.0
97.0
97.0
4.0
96.0
97.0
95.0
95.0
95.0
97.0
96.0
127.0
129.0
5.0
130.0
129.0
130.0
129.0
129.0
129.0
131.0
130.0
96.0
6.0
98.0
96.0
98.0
99.0
95.0
95.0
95.0
98.0
98.0
5.0
95.0
95.0
98.0
98.0
98.0
97.0
95.0
95.0
99.0
5.0
98.0
95.0
95.0
98.0
98.0
98.0
95.0
95.0
95.0
5.0
99.0
99.0
95.0
95.0
99.0
99.0
95.0
98.0
95.0
5.0
94.0
98.0
97.0
95.0
94.0
94.0
98.0
98.0
98.0
4.0
95.0
94.0
98.0
98.0
95.0
94.0
95.0
99.0
99.0
5.0
98.0
95.0
95.0
99.0
98.0
94.0
95.0
95.0
98.0
5.0
98.0
98.0
94.0
95.0
99.0
97.0
96.0
96.0
96.0
5.0
96.0
95.0
95.0
96.0
95.0
96.0
95.0
96.0
96.0
5.0
96.0
96.0
96.0
97.0
96.0
96.0
97.0
97.0
96.0
5.0
97.0
98.0
98.0
98.0
98.0
98.0
97.0
97.0
98.0
5.0
98.0
96.0
95.0
95.0
95.0
95.0
96.0
94.0
96.0
5.0
96.0
95.0
94.0
96.0
95.0
95.0
95.0
97.0
94.0
5.0
96.0
95.0
95.0
95.0
95.0
95.0
95.0
96.0
96.0
5.0
95.0
95.0
96.0
96.0
94.0
94.0
94.0
95.0
95.0
4.0
96.0
94.0
96.0
96.0
95.0
97.0
96.0
96.0
95.0
5.0
94.0
96.0
95.0
95.0
96.0
95.0
95.0
95.0
94.0
5.0
94.0
95.0
95.0
95.0
95.0
94.0
96.0
94.0
94.0
5.0
95.0
95.0
95.0
95.0
94.0
95.0
96.0
96.0
95.0
5.0
690.0
700.0
691.0
696.0
707.0
693.0
691.0
692.0
708.0
6.0
690.0
738.0
743.0
745.0
735.0
739.0
757.0
732.0
739.0
6.0
734.0
739.0
695.0
694.0
698.0
698.0
696.0
699.0
694.0
5.0
699.0
696.0
698.0
689.0
687.0
687.0
687.0
687.0
692.0
5.0
694.0
697.0
694.0
694.0
694.0
734.0
744.0
734.0
733.0
5.0
729.0
728.0
729.0
728.0
727.0
741.0
704.0
701.0
700.0
5.0
686.0
701.0
702.0
688.0
705.0
704.0
694.0
693.0
699.0
5.0
696.0
693.0
694.0
692.0
703.0
692.0
703.0
691.0
691.0
5.0
694.0
694.0
690.0
691.0
695.0
701.0
690.0
698.0
728.0
4.0
732.0
739.0
742.0
741.0
733.0
727.0
739.0
732.0
96.0
5.0
1816.0
1749.0
1747.0
1765.0
1776.0
1779.0
1745.0
1750.0
1748.0
6.0
1774.0
1853.0
1849.0
1842.0
1814.0
1843.0
1811.0
1853.0
1860.0
5.0
1830.0
1842.0
1766.0
1763.0
1759.0
1758.0
1762.0
1760.0
1764.0
5.0
1778.0
1757.0
1756.0
1846.0
1850.0
1831.0
1837.0
1853.0
1836.0
5.0
1861.0
1853.0
1851.0
1856.0
1761.0
1759.0
1780.0
1764.0
1799.0
5.0
1793.0
1796.0
1795.0
1801.0
1796.0
1791.0
1819.0
1835.0
1789.0
5.0
1796.0
1755.0
1795.0
1798.0
1751.0
1797.0
1795.0
1802.0
1835.0
5.0
1796.0
1840.0
1847.0
1815.0
1792.0
1819.0
1817.0
1747.0
1754.0
5.0
1765.0
1758.0
1758.0
1758.0
1756.0
1759.0
1759.0
1757.0
1814.0
4.0
1813.0
1800.0
1806.0
1818.0
1796.0
1815.0
1804.0
1799.0
94.0
5.0
1811.0
1764.0
1750.0
1755.0
1750.0
1749.0
1749.0
1748.0
1751.0
6.0
1749.0
1753.0
1785.0
1791.0
1791.0
1802.0
1812.0
1812.0
1819.0
5.0
1788.0
1806.0
1818.0
1801.0
1808.0
1828.0
1814.0
1832.0
1841.0
5.0
1835.0
1865.0
1815.0
1855.0
1830.0
1770.0
1757.0
1753.0
1758.0
5.0
1773.0
1776.0
1773.0
1777.0
1767.0
1852.0
1816.0
1819.0
1825.0
5.0
1801.0
1802.0
1803.0
1806.0
1816.0
1822.0
1778.0
1757.0
1757.0
5.0
1794.0
1788.0
1757.0
1759.0
1757.0
1776.0
1779.0
1814.0
1791.0
5.0
1805.0
1816.0
1797.0
1793.0
1821.0
1791.0
1822.0
1822.0
1796.0
5.0
1748.0
1753.0
1798.0
1804.0
1776.0
1785.0
1780.0
1791.0
1851.0
4.0
1834.0
1818.0
1813.0
1825.0
1809.0
1799.0
1808.0
1823.0
146.0
4.0
1762.0
1793.0
1769.0
1802.0
1807.0
1809.0
1811.0
1828.0
1810.0
6.0
1829.0
1826.0
1823.0
1821.0
1756.0
1773.0
1755.0
1765.0
1767.0
5.0
1776.0
1770.0
1782.0
1784.0
1831.0
1827.0
1830.0
1834.0
1825.0
6.0
1818.0
1836.0
1831.0
1820.0
1822.0
1773.0
1761.0
1760.0
1760.0
5.0
1761.0
1761.0
1772.0
1774.0
1764.0
1793.0
1830.0
1805.0
1787.0
5.0
1784.0
1788.0
1784.0
1822.0
1799.0
1796.0
1812.0
1768.0
1755.0
4.0
1755.0
1764.0
1762.0
1761.0
1800.0
1799.0
1797.0
1797.0
1801.0
5.0
1788.0
1804.0
1780.0
1782.0
1784.0
1767.0
1765.0
1766.0
1779.0
5.0
1806.0
1797.0
1800.0
1802.0
1782.0
1804.0
1797.0
1822.0
1824.0
4.0
1786.0
1796.0
1760.0
1769.0
1759.0
1759.0
1760.0
1769.0
96.0
5.0
1777.0
1772.0
1773.0
1821.0
1784.0
1783.0
1782.0
1781.0
1784.0
6.0
1835.0
1812.0
1799.0
1807.0
1824.0
1776.0
1771.0
1774.0
1769.0
5.0
1772.0
1918.0
1816.0
1821.0
1846.0
1818.0
1787.0
1802.0
1793.0
5.0
1792.0
1797.0
1825.0
1796.0
1802.0
1764.0
1753.0
1752.0
1754.0
5.0
1759.0
1759.0
1762.0
1791.0
1790.0
1788.0
1787.0
1798.0
1789.0
5.0
1791.0
1783.0
1777.0
1785.0
1770.0
1765.0
1779.0
1768.0
1799.0
5.0
1781.0
1782.0
1800.0
1784.0
1787.0
1805.0
1784.0
1793.0
1772.0
5.0
1881.0
1886.0
1869.0
1880.0
1875.0
1872.0
1880.0
1878.0
1865.0
5.0
1879.0
1790.0
1819.0
1805.0
1776.0
1777.0
1787.0
1785.0
1794.0
5.0
1781.0
1784.0
1762.0
1761.0
1760.0
1758.0
1757.0
1756.0
95.0
4.0
1778.0
1765.0
1788.0
1782.0
1800.0
1799.0
1806.0
1806.0
1808.0
6.0
1806.0
1846.0
1798.0
1777.0
1786.0
1766.0
1768.0
1773.0
1767.0
5.0
1787.0
1784.0
1784.0
1784.0
1790.0
1782.0
1782.0
1803.0
1773.0
29.0
1757.0
1753.0
1760.0
1760.0
1764.0
1761.0
1758.0
1779.0
1783.0
5.0
1781.0
1778.0
1797.0
1777.0
1773.0
1775.0
1770.0
1778.0
1774.0
5.0
1753.0
1756.0
1760.0
1762.0
1762.0
1760.0
1762.0
1776.0
1758.0
4.0
1774.0
1813.0
1804.0
1807.0
1782.0
1812.0
1799.0
1785.0
1782.0
5.0
1781.0
1765.0
1758.0
1756.0
1764.0
1762.0
1756.0
1783.0
1786.0
5.0
1789.0
1779.0
1785.0
1802.0
1786.0
1806.0
1804.0
1808.0
1773.0
5.0
1756.0
1750.0
1750.0
1750.0
1778.0
1777.0
1781.0
1780.0
94.0
5.0
1796.0
1795.0
1785.0
1803.0
1784.0
1818.0
1795.0
1806.0
1776.0
6.0
1780.0
1787.0
1784.0
1811.0
1800.0
1800.0
1778.0
1781.0
1786.0
5.0
1781.0
1780.0
1775.0
1777.0
1787.0
1781.0
1783.0
1756.0
1756.0
5.0
1761.0
1758.0
1757.0
1760.0
1757.0
1757.0
1751.0
1753.0
1814.0
5.0
1797.0
1799.0
1782.0
1806.0
1792.0
1793.0
1785.0
1797.0
1804.0
6.0
1756.0
1762.0
1760.0
1752.0
1750.0
1753.0
1785.0
1812.0
1799.0
5.0
1792.0
1783.0
1806.0
1805.0
1805.0
1797.0
1807.0
1772.0
1755.0
5.0
1774.0
1751.0
1762.0
1791.0
1791.0
1803.0
1795.0
1792.0
1807.0
4.0
1825.0
1817.0
1816.0
1780.0
1762.0
1750.0
1772.0
1757.0
1757.0
5.0
1755.0
1770.0
1770.0
1775.0
1796.0
1831.0
1787.0
1788.0
100.0
5.0
1847.0
1799.0
1802.0
1829.0
1838.0
1828.0
1758.0
1762.0
1759.0
6.0
1762.0
1757.0
1758.0
1752.0
1756.0
1752.0
1753.0
1790.0
1782.0
6.0
1796.0
1792.0
1795.0
1795.0
1792.0
1788.0
1793.0
1795.0
1758.0
6.0
1768.0
1752.0
1751.0
1752.0
1752.0
1779.0
1786.0
1787.0
1783.0
5.0
1785.0
1786.0
1786.0
1781.0
1809.0
1783.0
1755.0
1764.0
1762.0
5.0
1758.0
1783.0
1793.0
1777.0
1796.0
1795.0
1796.0
1783.0
1777.0
5.0
1781.0
1785.0
1774.0
1761.0
1756.0
1762.0
1759.0
1756.0
1762.0
5.0
1764.0
1758.0
1756.0
1783.0
1801.0
1789.0
1787.0
1784.0
1800.0
5.0
1781.0
1792.0
1790.0
1802.0
1760.0
1758.0
1759.0
1758.0
1758.0
4.0
1755.0
1762.0
1789.0
1826.0
1819.0
1813.0
1826.0
1831.0
95.0
4.0
1820.0
1822.0
1827.0
1820.0
1797.0
1875.0
1772.0
1763.0
1759.0
6.0
1750.0
1791.0
1791.0
1782.0
1801.0
1788.0
1804.0
1807.0
1785.0
5.0
1788.0
1818.0
1752.0
1765.0
1777.0
1758.0
1760.0
1762.0
1763.0
5.0
1790.0
1784.0
1777.0
1779.0
1779.0
1774.0
1780.0
1771.0
1779.0
5.0
1775.0
1765.0
1764.0
1769.0
1762.0
1798.0
1768.0
1762.0
1774.0
5.0
1761.0
1764.0
1803.0
1782.0
1803.0
1818.0
1808.0
1817.0
1802.0
4.0
1797.0
1834.0
1809.0
1768.0
1772.0
1758.0
1758.0
1756.0
1752.0
5.0
1762.0
1782.0
1784.0
1782.0
1783.0
1783.0
1780.0
1793.0
1784.0
4.0
1780.0
1775.0
1755.0
1750.0
1795.0
1795.0
1823.0
1806.0
1834.0
4.0
1835.0
1843.0
1845.0
1813.0
1831.0
1811.0
1790.0
1761.0
95.0
5.0
1752.0
1775.0
1758.0
1767.0
1773.0
1764.0
1762.0
1758.0
1784.0
6.0
1781.0
1786.0
1809.0
1805.0
1799.0
1823.0
1787.0
1783.0
1821.0
5.0
1761.0
1761.0
1758.0
1768.0
1762.0
1758.0
1763.0
1756.0
1749.0
5.0
1780.0
1776.0
1779.0
1779.0
1783.0
1806.0
1782.0
1783.0
1786.0
5.0
1783.0
1763.0
1762.0
1760.0
1748.0
1752.0
1755.0
1758.0
1797.0
5.0
1787.0
1781.0
1780.0
1791.0
1786.0
1782.0
1790.0
1773.0
1790.0
5.0
1750.0
1764.0
1756.0
1758.0
1782.0
1782.0
1776.0
1799.0
1776.0
5.0
1781.0
1783.0
1773.0
1805.0
1773.0
1750.0
1751.0
1762.0
1774.0
5.0
1774.0
1773.0
1780.0
1793.0
1789.0
1786.0
1835.0
1809.0
1832.0
5.0
1817.0
1812.0
1789.0
1783.0
1796.0
1789.0
1818.0
1767.0
95.0
5.0
1759.0
1759.0
1760.0
1756.0
1761.0
1759.0
1761.0
1782.0
1795.0
6.0
1784.0
1802.0
1800.0
1798.0
1796.0
1798.0
1794.0
1779.0
1765.0
5.0
1760.0
1751.0
1780.0
1777.0
1778.0
1800.0
1780.0
1780.0
1780.0
5.0
1780.0
1805.0
1782.0
1753.0
1751.0
1752.0
1756.0
1758.0
1765.0
5.0
1761.0
1778.0
1770.0
1779.0
1797.0
1814.0
1824.0
1829.0
1830.0
5.0
1788.0
1777.0
1812.0
1794.0
1771.0
1765.0
1762.0
1758.0
1765.0
4.0
1762.0
1761.0
1762.0
1781.0
1763.0
1801.0
1820.0
1810.0
1817.0
5.0
1798.0
1785.0
1807.0
1793.0
1802.0
1786.0
1787.0
1781.0
1781.0
4.0
1792.0
1786.0
1761.0
1824.0
1813.0
1831.0
1829.0
1787.0
1795.0
5.0
1794.0
1788.0
1794.0
1798.0
1760.0
1755.0
1757.0
1763.0
95.0
5.0
1788.0
1795.0
1782.0
1780.0
1809.0
1801.0
1777.0
1784.0
1783.0
6.0
1774.0
1766.0
1767.0
1759.0
1758.0
1769.0
1773.0
1762.0
1772.0
5.0
1764.0
1771.0
1784.0
1786.0
1794.0
1774.0
1791.0
1789.0
1785.0
5.0
1791.0
1788.0
1793.0
1770.0
1788.0
1767.0
1793.0
1774.0
1776.0
5.0
1760.0
1765.0
1794.0
1807.0
1793.0
1796.0
1801.0
1793.0
1814.0
5.0
1804.0
1788.0
1798.0
1767.0
1766.0
1757.0
1750.0
1755.0
1779.0
4.0
1778.0
1785.0
1775.0
1782.0
1776.0
1800.0
1798.0
1812.0
1796.0
5.0
1779.0
1771.0
1819.0
1775.0
1808.0
1804.0
1821.0
1781.0
1806.0
5.0
1794.0
1798.0
1777.0
1781.0
1773.0
1772.0
1793.0
1806.0
1762.0
5.0
1766.0
1769.0
1786.0
1763.0
1759.0
1761.0
1763.0
1752.0
95.0
5.0
1785.0
1778.0
1781.0
1781.0
1791.0
1787.0
1789.0
1786.0
1787.0
6.0
1789.0
1752.0
1762.0
1756.0
1760.0
1754.0
1755.0
1750.0
1785.0
5.0
1784.0
1793.0
1801.0
1799.0
1797.0
1792.0
1783.0
1803.0
1801.0
5.0
1753.0
1758.0
1766.0
1760.0
1777.0
1776.0
1793.0
1792.0
1790.0
5.0
1786.0
1799.0
1783.0
1779.0
1780.0
1753.0
1755.0
1758.0
1756.0
5.0
1758.0
1756.0
1757.0
1761.0
1757.0
1753.0
1773.0
1798.0
1768.0
5.0
1766.0
1800.0
1770.0
1772.0
1786.0
1792.0
1838.0
1774.0
1762.0
5.0
1790.0
1767.0
1773.0
1786.0
1760.0
1785.0
1793.0
1797.0
1789.0
4.0
1785.0
1801.0
1781.0
1781.0
1788.0
1785.0
1792.0
1759.0
1764.0
5.0
1753.0
1753.0
1783.0
1779.0
1793.0
1797.0
1784.0
1785.0
95.0
4.0
1800.0
1803.0
1779.0
1775.0
1773.0
1784.0
1789.0
1774.0
1759.0
6.0
1766.0
1764.0
1765.0
1778.0
1778.0
1774.0
1773.0
1778.0
1784.0
5.0
1770.0
1773.0
1786.0
1776.0
1759.0
1759.0
1756.0
1757.0
1759.0
5.0
1757.0
1761.0
1765.0
1750.0
1779.0
1774.0
1776.0
1780.0
1781.0
5.0
1783.0
1780.0
1804.0
1785.0
1778.0
1752.0
1766.0
1759.0
1751.0
5.0
1749.0
1758.0
1782.0
1783.0
1790.0
1786.0
1779.0
1802.0
1803.0
5.0
1800.0
1829.0
1793.0
1773.0
1776.0
1775.0
1779.0
1776.0
1779.0
5.0
1773.0
1772.0
1772.0
1774.0
1770.0
1771.0
1776.0
1769.0
1776.0
4.0
1751.0
1751.0
1756.0
1757.0
1759.0
1757.0
1760.0
1762.0
1758.0
5.0
1749.0
1777.0
1786.0
1782.0
1779.0
1776.0
1779.0
1774.0
95.0
4.0
1778.0
1779.0
1773.0
1757.0
1763.0
1758.0
1759.0
1757.0
1752.0
6.0
1753.0
1816.0
1798.0
1805.0
1817.0
1787.0
1813.0
1805.0
1783.0
5.0
1804.0
1809.0
1755.0
1768.0
1769.0
1756.0
1750.0
1788.0
1771.0
5.0
1759.0
1796.0
1756.0
1756.0
1738.0
1727.0
1867.0
1765.0
1750.0
5.0
1766.0
1756.0
1769.0
1871.0
1767.0
1752.0
1758.0
1816.0
1817.0
5.0
1809.0
1802.0
1817.0
1853.0
1831.0
1836.0
1817.0
1827.0
1767.0
5.0
1765.0
1766.0
1768.0
1767.0
1771.0
1758.0
1760.0
1759.0
1755.0
5.0
1805.0
1803.0
1788.0
1804.0
1797.0
1796.0
1803.0
1784.0
1781.0
5.0
1789.0
1762.0
1759.0
1760.0
1794.0
1792.0
1791.0
1794.0
1796.0
5.0
1787.0
1798.0
1700.0
1678.0
1678.0
1680.0
1668.0
1675.0
93.0
5.0
