2.0
1.0
1.0
1.0
1.0
2.0
2.0
1.0
1.0
1.0
11.0
184.0
106.0
619.0
561.0
560.0
561.0
560.0
555.0
882.0
561.0
561.0
813.0
552.0
526.0
556.0
555.0
559.0
556.0
555.0
9.0
105.0
105.0
553.0
552.0
527.0
515.0
603.0
543.0
618.0
543.0
543.0
541.0
533.0
532.0
532.0
533.0
532.0
532.0
533.0
9.0
100.0
100.0
532.0
537.0
538.0
540.0
539.0
538.0
539.0
539.0
539.0
538.0
539.0
557.0
557.0
557.0
558.0
556.0
555.0
9.0
124.0
124.0
556.0
556.0
533.0
531.0
532.0
532.0
531.0
533.0
532.0
532.0
576.0
543.0
545.0
547.0
547.0
547.0
563.0
10.0
101.0
108.0
588.0
618.0
555.0
545.0
549.0
542.0
542.0
541.0
549.0
532.0
536.0
535.0
534.0
535.0
535.0
535.0
534.0
9.0
100.0
100.0
535.0
535.0
534.0
535.0
532.0
532.0
533.0
531.0
531.0
532.0
532.0
532.0
533.0
537.0
535.0
534.0
535.0
10.0
100.0
101.0
556.0
557.0
556.0
557.0
557.0
556.0
556.0
554.0
555.0
555.0
532.0
532.0
532.0
533.0
532.0
531.0
534.0
9.0
100.0
100.0
538.0
538.0
539.0
539.0
540.0
538.0
538.0
539.0
539.0
541.0
533.0
532.0
533.0
532.0
533.0
532.0
532.0
9.0
99.0
100.0
531.0
531.0
532.0
537.0
538.0
536.0
537.0
537.0
538.0
537.0
537.0
535.0
538.0
531.0
532.0
531.0
531.0
9.0
100.0
100.0
531.0
532.0
531.0
531.0
532.0
540.0
538.0
539.0
538.0
541.0
562.0
547.0
559.0
540.0
547.0
522.0
523.0
10.0
184.0
184.0
563.0
562.0
561.0
561.0
562.0
652.0
715.0
502.0
514.0
640.0
503.0
547.0
580.0
546.0
546.0
546.0
542.0
9.0
94.0
94.0
561.0
529.0
535.0
540.0
539.0
539.0
540.0
540.0
540.0
540.0
539.0
541.0
540.0
532.0
533.0
534.0
533.0
10.0
102.0
101.0
534.0
533.0
533.0
535.0
533.0
533.0
539.0
540.0
540.0
539.0
539.0
540.0
540.0
540.0
540.0
539.0
560.0
10.0
101.0
102.0
560.0
561.0
572.0
560.0
559.0
559.0
558.0
558.0
560.0
533.0
533.0
533.0
533.0
533.0
533.0
533.0
533.0
10.0
100.0
100.0
539.0
538.0
539.0
539.0
539.0
539.0
539.0
539.0
540.0
539.0
533.0
533.0
533.0
532.0
532.0
532.0
533.0
9.0
101.0
100.0
532.0
532.0
532.0
539.0
540.0
538.0
538.0
539.0
539.0
539.0
539.0
539.0
541.0
533.0
532.0
532.0
533.0
9.0
100.0
100.0
532.0
533.0
537.0
538.0
539.0
537.0
539.0
538.0
565.0
565.0
564.0
565.0
559.0
558.0
558.0
558.0
557.0
9.0
126.0
100.0
532.0
532.0
532.0
532.0
533.0
532.0
535.0
532.0
532.0
532.0
538.0
539.0
540.0
538.0
539.0
538.0
538.0
9.0
100.0
100.0
538.0
538.0
539.0
532.0
531.0
531.0
532.0
532.0
532.0
532.0
538.0
538.0
538.0
538.0
538.0
538.0
538.0
2.0
1.0
1.0
246.0
246.0
246.0
239.0
239.0
239.0
239.0
239.0
239.0
239.0
240.0
239.0
240.0
238.0
239.0
238.0
239.0
9.0
101.0
101.0
532.0
537.0
539.0
541.0
540.0
541.0
541.0
540.0
542.0
540.0
567.0
559.0
559.0
558.0
558.0
558.0
558.0
9.0
101.0
101.0
558.0
559.0
558.0
532.0
597.0
533.0
533.0
533.0
595.0
533.0
533.0
533.0
538.0
540.0
540.0
540.0
541.0
9.0
101.0
100.0
539.0
540.0
541.0
540.0
540.0
533.0
533.0
533.0
532.0
532.0
534.0
539.0
538.0
538.0
539.0
538.0
544.0
9.0
100.0
101.0
549.0
548.0
550.0
549.0
546.0
544.0
545.0
545.0
542.0
542.0
546.0
539.0
552.0
553.0
549.0
538.0
538.0
10.0
104.0
100.0
543.0
539.0
564.0
565.0
558.0
558.0
558.0
558.0
558.0
559.0
558.0
557.0
532.0
533.0
532.0
533.0
534.0
9.0
100.0
100.0
531.0
531.0
532.0
537.0
539.0
538.0
538.0
538.0
539.0
539.0
538.0
539.0
540.0
532.0
531.0
532.0
531.0
9.0
100.0
100.0
532.0
531.0
536.0
537.0
538.0
538.0
538.0
537.0
539.0
538.0
539.0
539.0
533.0
533.0
532.0
532.0
531.0
9.0
100.0
100.0
532.0
531.0
531.0
531.0
538.0
538.0
537.0
537.0
539.0
537.0
562.0
562.0
560.0
560.0
554.0
555.0
554.0
8.0
8.0
9.0
464.0
464.0
463.0
440.0
440.0
441.0
441.0
441.0
440.0
440.0
440.0
441.0
441.0
441.0
447.0
448.0
448.0
1.0
1.0
2.0
243.0
246.0
244.0
247.0
246.0
246.0
247.0
239.0
239.0
239.0
239.0
238.0
239.0
239.0
239.0
238.0
239.0
9.0
101.0
100.0
532.0
532.0
532.0
532.0
531.0
532.0
531.0
532.0
533.0
533.0
538.0
539.0
538.0
539.0
538.0
538.0
538.0
9.0
105.0
107.0
537.0
533.0
532.0
531.0
532.0
532.0
531.0
531.0
534.0
532.0
538.0
538.0
539.0
566.0
566.0
566.0
566.0
9.0
106.0
107.0
565.0
560.0
558.0
559.0
559.0
559.0
531.0
533.0
534.0
532.0
531.0
533.0
532.0
532.0
532.0
532.0
538.0
9.0
100.0
100.0
539.0
539.0
538.0
539.0
539.0
540.0
540.0
541.0
540.0
532.0
533.0
532.0
532.0
532.0
532.0
532.0
532.0
9.0
100.0
100.0
531.0
540.0
538.0
538.0
539.0
538.0
538.0
538.0
539.0
539.0
539.0
532.0
532.0
531.0
532.0
532.0
532.0
9.0
99.0
100.0
531.0
536.0
536.0
537.0
538.0
563.0
565.0
564.0
564.0
565.0
562.0
558.0
560.0
557.0
557.0
532.0
533.0
9.0
100.0
100.0
531.0
533.0
530.0
532.0
531.0
531.0
531.0
532.0
538.0
538.0
540.0
538.0
538.0
538.0
539.0
538.0
538.0
8.0
106.0
100.0
532.0
532.0
531.0
532.0
531.0
531.0
532.0
531.0
532.0
532.0
538.0
538.0
537.0
538.0
538.0
539.0
538.0
1.0
1.0
1.0
245.0
245.0
245.0
238.0
238.0
239.0
239.0
238.0
238.0
238.0
239.0
238.0
239.0
239.0
239.0
239.0
239.0
1.0
1.0
1.0
239.0
238.0
238.0
239.0
239.0
238.0
239.0
238.0
238.0
240.0
239.0
239.0
244.0
245.0
246.0
245.0
247.0
8.0
100.0
101.0
565.0
565.0
566.0
567.0
566.0
563.0
559.0
557.0
560.0
568.0
533.0
532.0
532.0
531.0
532.0
537.0
544.0
9.0
100.0
100.0
541.0
543.0
543.0
547.0
554.0
558.0
561.0
584.0
560.0
567.0
554.0
541.0
550.0
535.0
535.0
536.0
534.0
9.0
100.0
100.0
532.0
532.0
532.0
532.0
537.0
538.0
537.0
539.0
539.0
538.0
539.0
538.0
538.0
540.0
533.0
532.0
532.0
9.0
100.0
100.0
532.0
533.0
532.0
532.0
537.0
538.0
537.0
538.0
538.0
565.0
566.0
565.0
564.0
564.0
560.0
560.0
558.0
9.0
100.0
100.0
558.0
559.0
532.0
532.0
532.0
532.0
534.0
532.0
532.0
531.0
538.0
537.0
539.0
538.0
538.0
538.0
539.0
9.0
100.0
100.0
537.0
538.0
538.0
532.0
531.0
532.0
532.0
531.0
531.0
531.0
531.0
537.0
537.0
538.0
537.0
538.0
537.0
9.0
100.0
99.0
538.0
539.0
537.0
539.0
532.0
532.0
531.0
531.0
533.0
531.0
533.0
532.0
533.0
532.0
539.0
538.0
538.0
8.0
99.0
100.0
563.0
564.0
564.0
563.0
564.0
564.0
563.0
558.0
558.0
558.0
533.0
532.0
532.0
532.0
532.0
531.0
530.0
1.0
1.0
1.0
239.0
240.0
239.0
240.0
240.0
240.0
239.0
239.0
238.0
244.0
246.0
246.0
245.0
244.0
244.0
245.0
245.0
1.0
1.0
1.0
245.0
244.0
239.0
238.0
238.0
238.0
239.0
239.0
238.0
239.0
239.0
239.0
238.0
239.0
239.0
239.0
238.0
9.0
101.0
100.0
532.0
533.0
532.0
532.0
531.0
538.0
539.0
538.0
540.0
538.0
539.0
539.0
538.0
540.0
539.0
531.0
532.0
9.0
100.0
101.0
533.0
532.0
532.0
531.0
532.0
539.0
539.0
539.0
539.0
539.0
540.0
538.0
539.0
565.0
566.0
559.0
559.0
9.0
100.0
101.0
561.0
558.0
558.0
557.0
558.0
559.0
532.0
532.0
532.0
533.0
532.0
532.0
533.0
532.0
533.0
532.0
539.0
9.0
100.0
100.0
538.0
539.0
539.0
538.0
540.0
540.0
538.0
539.0
538.0
533.0
533.0
531.0
532.0
532.0
531.0
532.0
538.0
9.0
100.0
100.0
538.0
539.0
538.0
539.0
539.0
538.0
538.0
538.0
538.0
532.0
532.0
533.0
533.0
533.0
532.0
532.0
537.0
9.0
100.0
100.0
537.0
538.0
538.0
538.0
564.0
565.0
565.0
564.0
564.0
558.0
557.0
557.0
557.0
557.0
534.0
531.0
531.0
8.0
100.0
99.0
532.0
531.0
531.0
531.0
532.0
531.0
538.0
537.0
538.0
539.0
538.0
538.0
538.0
538.0
538.0
537.0
532.0
8.0
100.0
100.0
533.0
531.0
533.0
534.0
532.0
532.0
531.0
538.0
537.0
538.0
538.0
538.0
539.0
537.0
537.0
538.0
537.0
1.0
1.0
1.0
239.0
238.0
238.0
239.0
239.0
238.0
245.0
245.0
246.0
249.0
264.0
249.0
247.0
256.0
255.0
247.0
249.0
1.0
1.0
2.0
241.0
241.0
241.0
252.0
246.0
252.0
252.0
256.0
246.0
254.0
246.0
247.0
246.0
240.0
242.0
242.0
241.0
10.0
105.0
103.0
562.0
560.0
559.0
559.0
558.0
559.0
559.0
559.0
559.0
559.0
533.0
533.0
532.0
532.0
533.0
533.0
532.0
9.0
100.0
101.0
532.0
539.0
538.0
540.0
539.0
539.0
539.0
538.0
540.0
539.0
539.0
534.0
533.0
533.0
533.0
533.0
532.0
10.0
101.0
101.0
539.0
538.0
539.0
539.0
538.0
538.0
539.0
540.0
539.0
539.0
532.0
532.0
532.0
532.0
533.0
531.0
533.0
9.0
101.0
100.0
532.0
538.0
539.0
538.0
537.0
539.0
538.0
539.0
539.0
566.0
564.0
559.0
559.0
559.0
558.0
559.0
559.0
36.0
127.0
100.0
532.0
533.0
532.0
532.0
533.0
532.0
531.0
532.0
533.0
533.0
538.0
538.0
539.0
539.0
539.0
541.0
540.0
9.0
106.0
106.0
539.0
533.0
531.0
531.0
531.0
531.0
532.0
532.0
532.0
538.0
537.0
540.0
539.0
540.0
539.0
539.0
539.0
9.0
107.0
107.0
533.0
532.0
534.0
532.0
532.0
531.0
532.0
532.0
532.0
532.0
539.0
538.0
538.0
540.0
539.0
540.0
565.0
8.0
100.0
100.0
565.0
564.0
565.0
559.0
559.0
559.0
568.0
558.0
556.0
532.0
531.0
531.0
531.0
534.0
531.0
532.0
531.0
9.0
8.0
8.0
440.0
441.0
447.0
449.0
446.0
447.0
445.0
447.0
447.0
446.0
447.0
447.0
440.0
440.0
440.0
440.0
440.0
1.0
1.0
1.0
239.0
239.0
239.0
241.0
239.0
239.0
239.0
239.0
239.0
238.0
239.0
239.0
239.0
239.0
239.0
244.0
245.0
9.0
100.0
100.0
539.0
539.0
540.0
539.0
538.0
539.0
539.0
539.0
531.0
531.0
531.0
532.0
532.0
537.0
538.0
538.0
539.0
9.0
100.0
100.0
538.0
539.0
538.0
565.0
566.0
565.0
559.0
558.0
558.0
558.0
558.0
558.0
557.0
532.0
532.0
532.0
533.0
9.0
100.0
100.0
532.0
534.0
532.0
532.0
532.0
533.0
538.0
539.0
538.0
538.0
538.0
539.0
538.0
538.0
538.0
538.0
531.0
9.0
100.0
100.0
531.0
532.0
532.0
532.0
532.0
532.0
532.0
532.0
537.0
538.0
538.0
538.0
539.0
538.0
538.0
538.0
538.0
9.0
106.0
101.0
532.0
532.0
532.0
532.0
532.0
533.0
532.0
531.0
532.0
538.0
539.0
539.0
562.0
563.0
562.0
563.0
562.0
8.0
106.0
106.0
554.0
555.0
554.0
554.0
555.0
531.0
531.0
533.0
533.0
541.0
531.0
532.0
531.0
539.0
542.0
548.0
557.0
9.0
100.0
100.0
592.0
559.0
549.0
576.0
551.0
554.0
559.0
550.0
538.0
537.0
572.0
535.0
549.0
553.0
539.0
538.0
546.0
9.0
103.0
104.0
537.0
538.0
539.0
537.0
580.0
538.0
531.0
531.0
532.0
531.0
532.0
531.0
532.0
537.0
539.0
558.0
539.0
1.0
1.0
1.0
238.0
238.0
239.0
245.0
245.0
244.0
245.0
245.0
246.0
239.0
239.0
239.0
240.0
239.0
240.0
239.0
239.0
1.0
1.0
1.0
262.0
262.0
262.0
262.0
261.0
264.0
261.0
263.0
262.0
262.0
239.0
239.0
238.0
238.0
238.0
239.0
239.0
9.0
100.0
100.0
531.0
532.0
532.0
533.0
532.0
533.0
532.0
532.0
533.0
531.0
539.0
539.0
540.0
539.0
538.0
538.0
539.0
9.0
106.0
107.0
538.0
532.0
532.0
532.0
533.0
532.0
532.0
533.0
532.0
537.0
537.0
540.0
539.0
539.0
537.0
538.0
538.0
9.0
106.0
107.0
533.0
533.0
532.0
532.0
532.0
532.0
531.0
532.0
532.0
533.0
538.0
538.0
539.0
539.0
538.0
539.0
559.0
9.0
106.0
106.0
561.0
555.0
555.0
553.0
553.0
555.0
554.0
554.0
554.0
532.0
535.0
533.0
532.0
533.0
532.0
532.0
537.0
9.0
100.0
100.0
538.0
539.0
539.0
539.0
538.0
539.0
538.0
538.0
539.0
533.0
531.0
531.0
531.0
532.0
533.0
534.0
532.0
9.0
99.0
99.0
538.0
539.0
539.0
539.0
540.0
538.0
537.0
537.0
539.0
538.0
532.0
532.0
532.0
532.0
532.0
531.0
533.0
8.0
99.0
100.0
537.0
538.0
537.0
538.0
538.0
538.0
561.0
560.0
561.0
561.0
554.0
557.0
554.0
555.0
555.0
556.0
532.0
8.0
100.0
100.0
532.0
532.0
531.0
532.0
531.0
531.0
531.0
537.0
539.0
538.0
537.0
538.0
538.0
538.0
538.0
538.0
537.0
1.0
1.0
1.0
238.0
238.0
239.0
239.0
238.0
239.0
239.0
238.0
239.0
239.0
239.0
240.0
239.0
239.0
239.0
238.0
239.0
1.0
1.0
1.0
239.0
240.0
238.0
239.0
238.0
238.0
238.0
239.0
239.0
245.0
245.0
246.0
245.0
246.0
245.0
246.0
245.0
14.0
106.0
101.0
532.0
531.0
533.0
532.0
532.0
531.0
531.0
532.0
531.0
532.0
537.0
537.0
538.0
538.0
537.0
538.0
537.0
8.0
100.0
99.0
537.0
561.0
561.0
555.0
554.0
556.0
554.0
555.0
555.0
555.0
556.0
531.0
532.0
532.0
531.0
532.0
532.0
9.0
100.0
99.0
537.0
536.0
537.0
536.0
537.0
537.0
537.0
536.0
537.0
538.0
534.0
532.0
534.0
531.0
532.0
532.0
532.0
9.0
100.0
99.0
531.0
538.0
538.0
538.0
538.0
538.0
538.0
538.0
538.0
537.0
538.0
532.0
533.0
531.0
532.0
531.0
531.0
8.0
100.0
99.0
537.0
541.0
538.0
546.0
550.0
555.0
560.0
553.0
543.0
547.0
560.0
580.0
559.0
554.0
563.0
562.0
571.0
9.0
122.0
126.0
555.0
531.0
535.0
532.0
534.0
532.0
532.0
534.0
532.0
539.0
538.0
538.0
537.0
539.0
537.0
538.0
538.0
8.0
106.0
106.0
532.0
532.0
532.0
532.0
531.0
531.0
531.0
532.0
531.0
531.0
537.0
539.0
538.0
539.0
538.0
538.0
538.0
8.0
8.0
8.0
252.0
253.0
252.0
246.0
246.0
246.0
246.0
246.0
246.0
246.0
246.0
246.0
247.0
246.0
246.0
246.0
246.0
1.0
1.0
1.0
239.0
239.0
238.0
238.0
238.0
239.0
239.0
239.0
238.0
238.0
238.0
239.0
239.0
241.0
238.0
239.0
244.0
1.0
1.0
1.0
244.0
246.0
244.0
245.0
245.0
245.0
245.0
245.0
245.0
240.0
238.0
238.0
238.0
239.0
240.0
238.0
261.0
8.0
100.0
100.0
555.0
553.0
554.0
554.0
554.0
554.0
555.0
554.0
553.0
533.0
531.0
532.0
530.0
531.0
537.0
537.0
537.0
8.0
99.0
99.0
537.0
538.0
539.0
538.0
538.0
540.0
538.0
533.0
530.0
532.0
533.0
531.0
531.0
532.0
537.0
537.0
538.0
8.0
99.0
99.0
539.0
538.0
538.0
538.0
539.0
538.0
539.0
532.0
531.0
531.0
531.0
531.0
531.0
532.0
532.0
532.0
537.0
9.0
99.0
100.0
538.0
539.0
540.0
538.0
539.0
563.0
561.0
562.0
562.0
554.0
554.0
554.0
554.0
555.0
554.0
532.0
532.0
9.0
99.0
99.0
532.0
531.0
531.0
531.0
537.0
540.0
539.0
539.0
540.0
540.0
540.0
538.0
539.0
539.0
532.0
532.0
532.0
8.0
100.0
100.0
531.0
532.0
531.0
532.0
532.0
533.0
537.0
537.0
537.0
538.0
539.0
538.0
537.0
537.0
539.0
537.0
531.0
9.0
9.0
9.0
246.0
246.0
246.0
246.0
246.0
246.0
245.0
246.0
246.0
246.0
246.0
246.0
246.0
246.0
246.0
246.0
247.0
9.0
8.0
9.0
245.0
246.0
247.0
245.0
245.0
246.0
245.0
252.0
254.0
254.0
254.0
253.0
254.0
253.0
254.0
254.0
254.0
1.0
1.0
1.0
240.0
238.0
240.0
239.0
239.0
238.0
238.0
262.0
262.0
263.0
262.0
261.0
262.0
263.0
262.0
262.0
263.0
1.0
1.0
1.0
239.0
239.0
239.0
239.0
238.0
239.0
238.0
238.0
238.0
239.0
233.0
238.0
237.0
224.0
221.0
233.0
228.0
