1.0
1.0
1.0
1.0
1.0
1.0
0.0
1.0
0.0
1.0
1.0
1.0
1.0
1.0
1.0
1.0
0.0
1.0
0.0
1.0
1.0
2.0
1.0
1.0
2.0
2.0
1.0
0.0
0.0
1.0
2.0
2.0
2.0
0.0
1.0
1.0
1.0
1.0
1.0
2.0
207.0
203.0
205.0
205.0
206.0
204.0
401.0
277.0
294.0
400.0
230.0
231.0
230.0
229.0
230.0
230.0
167.0
203.0
232.0
205.0
204.0
204.0
204.0
204.0
204.0
203.0
167.0
204.0
175.0
175.0
203.0
204.0
201.0
181.0
204.0
202.0
202.0
200.0
184.0
183.0
186.0
197.0
185.0
197.0
198.0
198.0
197.0
198.0
184.0
183.0
186.0
188.0
198.0
197.0
197.0
197.0
198.0
228.0
215.0
216.0
218.0
216.0
228.0
228.0
227.0
228.0
229.0
197.0
184.0
183.0
184.0
183.0
197.0
197.0
198.0
198.0
197.0
198.0
186.0
182.0
184.0
185.0
197.0
197.0
197.0
197.0
197.0
197.0
183.0
185.0
182.0
185.0
199.0
198.0
198.0
198.0
198.0
186.0
198.0
183.0
185.0
184.0
198.0
197.0
197.0
197.0
197.0
184.0
184.0
227.0
217.0
215.0
227.0
226.0
227.0
227.0
227.0
215.0
216.0
197.0
183.0
185.0
198.0
197.0
197.0
197.0
197.0
182.0
184.0
197.0
185.0
185.0
283.0
283.0
285.0
283.0
284.0
271.0
271.0
271.0
285.0
274.0
184.0
184.0
199.0
198.0
197.0
196.0
198.0
185.0
187.0
198.0
183.0
185.0
197.0
197.0
198.0
197.0
198.0
188.0
188.0
198.0
179.0
179.0
193.0
193.0
193.0
193.0
193.0
176.0
1.0
1.0
1.0
0.0
1.0
0.0
1.0
0.0
1.0
1.0
1.0
1.0
1.0
1.0
1.0
1.0
1.0
1.0
1.0
0.0
1.0
0.0
1.0
0.0
1.0
0.0
1.0
0.0
1.0
1.0
1.0
1.0
0.0
0.0
0.0
0.0
0.0
1.0
1.0
1.0
1.0
1.0
1.0
1.0
1.0
1.0
0.0
0.0
0.0
0.0
1.0
1.0
1.0
2.0
2.0
1.0
1.0
1.0
1.0
1.0
0.0
0.0
0.0
1.0
1.0
1.0
1.0
1.0
1.0
1.0
1.0
0.0
0.0
0.0
0.0
0.0
1.0
0.0
1.0
1.0
1.0
1.0
1.0
1.0
1.0
1.0
1.0
0.0
0.0
0.0
0.0
1.0
1.0
1.0
1.0
1.0
1.0
1.0
1.0
1.0
2.0
1.0
1.0
1.0
1.0
1.0
1.0
2.0
1.0
1.0
1.0
1.0
1.0
1.0
0.0
0.0
1.0
1.0
1.0
1.0
1.0
0.0
1.0
0.0
1.0
0.0
1.0
1.0
1.0
1.0
1.0
1.0
1.0
0.0
0.0
0.0
0.0
0.0
0.0
1.0
1.0
1.0
1.0
1.0
1.0
1.0
0.0
0.0
1.0
0.0
0.0
0.0
1.0
1.0
1.0
1.0
1.0
1.0
1.0
1.0
1.0
1.0
0.0
0.0
0.0
0.0
1.0
0.0
1.0
1.0
1.0
1.0
1.0
1.0
1.0
0.0
0.0
0.0
0.0
0.0
0.0
0.0
0.0
1.0
1.0
1.0
1.0
1.0
1.0
1.0
1.0
1.0
0.0
0.0
0.0
0.0
1.0
1.0
1.0
1.0
1.0
1.0
1.0
1.0
1.0
1.0
1.0
1.0
1.0
1.0
1.0
1.0
1.0
1.0
1.0
0.0
0.0
0.0
0.0
0.0
1.0
1.0
1.0
1.0
1.0
1.0
1.0
1.0
1.0
1.0
0.0
0.0
1.0
1.0
1.0
1.0
1.0
1.0
1.0
1.0
1.0
0.0
0.0
0.0
0.0
0.0
1.0
1.0
1.0
1.0
1.0
1.0
1.0
1.0
1.0
0.0
0.0
0.0
0.0
0.0
0.0
1.0
1.0
1.0
1.0
1.0
1.0
1.0
1.0
1.0
0.0
0.0
0.0
0.0
0.0
1.0
1.0
1.0
1.0
1.0
1.0
1.0
1.0
1.0
0.0
0.0
0.0
0.0
0.0
0.0
1.0
1.0
1.0
1.0
1.0
2.0
1.0
1.0
1.0
1.0
178.0
237.0
238.0
236.0
239.0
236.0
238.0
179.0
237.0
180.0
303.0
305.0
305.0
298.0
298.0
296.0
298.0
295.0
112.0
113.0
299.0
298.0
181.0
180.0
182.0
197.0
204.0
203.0
202.0
204.0
201.0
201.0
186.0
185.0
184.0
186.0
198.0
200.0
110.0
109.0
197.0
200.0
186.0
185.0
200.0
200.0
186.0
186.0
197.0
201.0
186.0
185.0
185.0
198.0
199.0
109.0
201.0
102.0
109.0
110.0
197.0
183.0
185.0
185.0
187.0
198.0
197.0
201.0
199.0
200.0
231.0
220.0
218.0
220.0
219.0
140.0
230.0
141.0
140.0
141.0
198.0
197.0
197.0
199.0
197.0
184.0
183.0
183.0
184.0
198.0
197.0
197.0
197.0
109.0
198.0
101.0
184.0
101.0
100.0
108.0
184.0
199.0
185.0
184.0
198.0
198.0
199.0
198.0
197.0
184.0
183.0
198.0
183.0
184.0
199.0
183.0
198.0
197.0
108.0
109.0
183.0
183.0
185.0
198.0
200.0
198.0
218.0
231.0
230.0
231.0
218.0
218.0
217.0
231.0
232.0
231.0
183.0
198.0
110.0
108.0
183.0
183.0
185.0
197.0
197.0
197.0
200.0
197.0
185.0
194.0
189.0
189.0
189.0
193.0
191.0
105.0
193.0
107.0
105.0
104.0
192.0
195.0
190.0
191.0
190.0
194.0
190.0
193.0
190.0
192.0
192.0
190.0
192.0
192.0
190.0
105.0
189.0
105.0
105.0
106.0
222.0
224.0
223.0
226.0
222.0
227.0
226.0
220.0
222.0
221.0
190.0
193.0
192.0
106.0
190.0
107.0
191.0
103.0
104.0
104.0
196.0
194.0
191.0
192.0
189.0
190.0
191.0
192.0
190.0
191.0
194.0
195.0
191.0
193.0
191.0
191.0
194.0
192.0
106.0
105.0
190.0
193.0
194.0
201.0
195.0
193.0
190.0
189.0
195.0
193.0
194.0
197.0
192.0
194.0
192.0
196.0
191.0
190.0
104.0
106.0
223.0
224.0
222.0
223.0
225.0
222.0
222.0
222.0
225.0
222.0
191.0
192.0
191.0
194.0
192.0
104.0
190.0
105.0
104.0
103.0
193.0
189.0
193.0
190.0
191.0
194.0
192.0
194.0
195.0
193.0
191.0
191.0
193.0
191.0
190.0
105.0
195.0
107.0
107.0
106.0
191.0
193.0
191.0
190.0
192.0
191.0
192.0
191.0
190.0
192.0
191.0
224.0
223.0
107.0
224.0
106.0
224.0
106.0
105.0
106.0
224.0
224.0
223.0
224.0
223.0
223.0
192.0
193.0
192.0
192.0
191.0
192.0
191.0
192.0
190.0
190.0
191.0
191.0
105.0
105.0
280.0
281.0
280.0
282.0
280.0
281.0
278.0
285.0
283.0
280.0
195.0
192.0
193.0
194.0
192.0
189.0
190.0
192.0
106.0
106.0
190.0
193.0
195.0
191.0
194.0
196.0
192.0
192.0
191.0
192.0
191.0
195.0
192.0
193.0
192.0
106.0
193.0
104.0
104.0
106.0
194.0
192.0
193.0
198.0
190.0
192.0
190.0
191.0
192.0
192.0
197.0
224.0
221.0
222.0
227.0
108.0
223.0
105.0
106.0
106.0
226.0
224.0
226.0
224.0
223.0
190.0
191.0
190.0
194.0
191.0
192.0
190.0
191.0
105.0
192.0
104.0
191.0
103.0
106.0
106.0
191.0
190.0
191.0
192.0
192.0
191.0
193.0
192.0
191.0
190.0
190.0
190.0
191.0
191.0
192.0
194.0
191.0
190.0
104.0
104.0
192.0
190.0
191.0
190.0
189.0
191.0
191.0
192.0
193.0
192.0
224.0
223.0
225.0
225.0
223.0
225.0
224.0
232.0
138.0
138.0
190.0
194.0
195.0
192.0
193.0
190.0
189.0
193.0
192.0
194.0
189.0
193.0
195.0
188.0
190.0
105.0
189.0
103.0
106.0
106.0
193.0
190.0
193.0
189.0
192.0
193.0
189.0
192.0
190.0
191.0
193.0
189.0
190.0
192.0
193.0
106.0
190.0
106.0
104.0
104.0
192.0
192.0
191.0
193.0
189.0
189.0
189.0
193.0
190.0
190.0
223.0
223.0
223.0
136.0
223.0
137.0
226.0
137.0
137.0
138.0
209.0
201.0
214.0
202.0
207.0
203.0
208.0
203.0
207.0
202.0
203.0
202.0
202.0
204.0
202.0
202.0
203.0
203.0
111.0
110.0
203.0
201.0
202.0
202.0
201.0
201.0
200.0
200.0
199.0
199.0
199.0
189.0
194.0
197.0
190.0
191.0
192.0
196.0
104.0
107.0
221.0
227.0
222.0
227.0
227.0
230.0
222.0
222.0
222.0
228.0
191.0
196.0
190.0
197.0
198.0
108.0
190.0
105.0
104.0
110.0
198.0
191.0
190.0
191.0
198.0
197.0
190.0
196.0
196.0
189.0
197.0
190.0
189.0
189.0
197.0
105.0
195.0
109.0
104.0
108.0
191.0
197.0
189.0
197.0
189.0
191.0
197.0
190.0
197.0
196.0
191.0
192.0
195.0
105.0
191.0
108.0
194.0
105.0
108.0
107.0
225.0
225.0
224.0
223.0
223.0
224.0
224.0
224.0
223.0
223.0
191.0
191.0
190.0
191.0
191.0
191.0
190.0
191.0
104.0
105.0
191.0
190.0
269.0
271.0
268.0
271.0
272.0
268.0
273.0
270.0
272.0
268.0
193.0
192.0
192.0
192.0
192.0
190.0
106.0
107.0
190.0
192.0
191.0
191.0
193.0
190.0
193.0
192.0
193.0
194.0
191.0
198.0
191.0
189.0
197.0
105.0
197.0
104.0
108.0
108.0
191.0
190.0
192.0
192.0
190.0
190.0
191.0
191.0
191.0
192.0
190.0
190.0
189.0
190.0
190.0
105.0
189.0
104.0
103.0
105.0
223.0
223.0
222.0
222.0
223.0
223.0
222.0
221.0
222.0
224.0
189.0
189.0
189.0
104.0
189.0
104.0
189.0
104.0
104.0
105.0
190.0
191.0
190.0
192.0
191.0
190.0
190.0
190.0
190.0
190.0
190.0
191.0
190.0
190.0
189.0
189.0
189.0
189.0
104.0
104.0
191.0
190.0
193.0
191.0
191.0
189.0
191.0
189.0
192.0
191.0
191.0
190.0
189.0
189.0
189.0
189.0
221.0
221.0
105.0
104.0
223.0
223.0
222.0
221.0
225.0
222.0
223.0
223.0
192.0
191.0
189.0
189.0
191.0
190.0
191.0
104.0
189.0
104.0
104.0
104.0
190.0
190.0
192.0
189.0
188.0
190.0
190.0
191.0
194.0
190.0
190.0
191.0
191.0
191.0
191.0
105.0
192.0
105.0
106.0
105.0
191.0
190.0
190.0
194.0
190.0
191.0
190.0
190.0
190.0
191.0
192.0
190.0
221.0
105.0
221.0
105.0
223.0
104.0
105.0
104.0
224.0
224.0
223.0
220.0
226.0
221.0
221.0
190.0
190.0
192.0
189.0
192.0
191.0
190.0
193.0
189.0
190.0
190.0
105.0
105.0
189.0
190.0
191.0
190.0
189.0
191.0
190.0
192.0
189.0
191.0
190.0
188.0
192.0
191.0
189.0
189.0
190.0
189.0
106.0
105.0
194.0
190.0
191.0
190.0
192.0
191.0
191.0
192.0
189.0
190.0
222.0
223.0
224.0
221.0
222.0
139.0
222.0
137.0
138.0
138.0
191.0
189.0
190.0
190.0
190.0
189.0
190.0
191.0
189.0
190.0
190.0
190.0
190.0
191.0
190.0
104.0
190.0
103.0
104.0
104.0
190.0
189.0
189.0
190.0
189.0
190.0
190.0
190.0
191.0
189.0
190.0
189.0
191.0
105.0
193.0
104.0
192.0
104.0
104.0
104.0
191.0
191.0
192.0
192.0
189.0
190.0
190.0
190.0
190.0
222.0
224.0
224.0
224.0
224.0
224.0
225.0
223.0
223.0
138.0
107.0
190.0
190.0
190.0
189.0
189.0
190.0
190.0
190.0
193.0
190.0
278.0
278.0
278.0
279.0
280.0
278.0
279.0
277.0
194.0
191.0
192.0
192.0
193.0
193.0
191.0
192.0
192.0
193.0
193.0
193.0
193.0
191.0
191.0
190.0
191.0
105.0
190.0
105.0
104.0
104.0
189.0
190.0
189.0
191.0
190.0
190.0
189.0
191.0
190.0
190.0
190.0
191.0
190.0
191.0
189.0
105.0
190.0
104.0
105.0
104.0
190.0
190.0
189.0
189.0
190.0
190.0
221.0
221.0
223.0
223.0
223.0
224.0
224.0
139.0
224.0
138.0
192.0
107.0
105.0
105.0
190.0
190.0
190.0
190.0
190.0
190.0
192.0
190.0
190.0
190.0
191.0
193.0
190.0
193.0
193.0
192.0
192.0
193.0
104.0
104.0
190.0
190.0
191.0
191.0
189.0
190.0
191.0
189.0
190.0
191.0
189.0
190.0
191.0
190.0
192.0
191.0
189.0
190.0
104.0
105.0
222.0
222.0
221.0
221.0
223.0
222.0
223.0
222.0
221.0
223.0
191.0
190.0
192.0
190.0
190.0
104.0
189.0
105.0
104.0
105.0
190.0
190.0
190.0
190.0
190.0
193.0
189.0
192.0
191.0
191.0
190.0
191.0
190.0
190.0
191.0
105.0
191.0
105.0
105.0
105.0
190.0
190.0
190.0
189.0
190.0
191.0
190.0
190.0
191.0
190.0
190.0
190.0
190.0
104.0
188.0
104.0
189.0
105.0
104.0
103.0
226.0
227.0
227.0
227.0
227.0
228.0
227.0
227.0
227.0
227.0
189.0
191.0
192.0
191.0
190.0
192.0
190.0
191.0
105.0
104.0
189.0
189.0
191.0
190.0
191.0
191.0
191.0
190.0
192.0
191.0
190.0
190.0
190.0
192.0
190.0
190.0
190.0
191.0
104.0
105.0
190.0
191.0
190.0
190.0
190.0
190.0
191.0
190.0
190.0
193.0
189.0
190.0
190.0
191.0
221.0
104.0
225.0
104.0
105.0
105.0
221.0
224.0
224.0
222.0
221.0
224.0
221.0
225.0
193.0
191.0
190.0
191.0
190.0
190.0
190.0
104.0
191.0
104.0
106.0
104.0
190.0
190.0
190.0
189.0
190.0
191.0
191.0
189.0
190.0
190.0
189.0
191.0
190.0
104.0
191.0
104.0
191.0
105.0
104.0
105.0
190.0
190.0
189.0
190.0
190.0
190.0
190.0
191.0
191.0
192.0
191.0
223.0
223.0
222.0
223.0
223.0
224.0
224.0
105.0
138.0
223.0
224.0
193.0
191.0
192.0
191.0
192.0
190.0
190.0
190.0
277.0
279.0
278.0
278.0
279.0
278.0
281.0
280.0
104.0
104.0
282.0
283.0
191.0
191.0
191.0
192.0
191.0
191.0
191.0
190.0
193.0
191.0
191.0
192.0
193.0
106.0
191.0
106.0
105.0
105.0
193.0
190.0
190.0
190.0
192.0
192.0
191.0
193.0
192.0
189.0
191.0
188.0
189.0
190.0
190.0
105.0
192.0
107.0
105.0
107.0
192.0
191.0
190.0
191.0
189.0
190.0
188.0
190.0
191.0
191.0
224.0
224.0
224.0
135.0
224.0
136.0
221.0
138.0
136.0
139.0
192.0
191.0
191.0
190.0
191.0
189.0
191.0
191.0
194.0
193.0
202.0
203.0
198.0
202.0
198.0
209.0
199.0
199.0
112.0
111.0
196.0
195.0
195.0
196.0
195.0
194.0
197.0
196.0
195.0
196.0
196.0
195.0
195.0
196.0
196.0
195.0
194.0
196.0
106.0
107.0
192.0
192.0
192.0
195.0
192.0
193.0
192.0
224.0
225.0
224.0
224.0
224.0
223.0
222.0
223.0
138.0
222.0
105.0
103.0
104.0
189.0
189.0
192.0
188.0
189.0
190.0
190.0
189.0
191.0
191.0
189.0
190.0
189.0
190.0
188.0
104.0
190.0
104.0
104.0
105.0
189.0
190.0
189.0
189.0
190.0
189.0
190.0
190.0
191.0
190.0
190.0
189.0
190.0
104.0
190.0
105.0
190.0
104.0
106.0
105.0
190.0
190.0
224.0
223.0
224.0
223.0
224.0
223.0
223.0
226.0
222.0
224.0
190.0
190.0
190.0
190.0
190.0
190.0
105.0
107.0
190.0
189.0
189.0
192.0
191.0
190.0
189.0
192.0
192.0
190.0
191.0
189.0
191.0
192.0
191.0
189.0
190.0
191.0
105.0
105.0
189.0
190.0
191.0
191.0
189.0
192.0
189.0
190.0
189.0
189.0
190.0
189.0
190.0
192.0
190.0
104.0
190.0
104.0
105.0
104.0
223.0
224.0
223.0
224.0
223.0
223.0
224.0
224.0
223.0
223.0
190.0
190.0
189.0
189.0
188.0
104.0
189.0
104.0
105.0
104.0
189.0
194.0
189.0
190.0
191.0
191.0
190.0
191.0
189.0
191.0
190.0
189.0
189.0
104.0
191.0
104.0
190.0
104.0
104.0
104.0
191.0
190.0
190.0
189.0
190.0
190.0
192.0
190.0
190.0
190.0
190.0
190.0
190.0
190.0
191.0
190.0
191.0
190.0
104.0
104.0
223.0
224.0
223.0
224.0
223.0
222.0
224.0
222.0
223.0
222.0
191.0
190.0
189.0
191.0
191.0
192.0
194.0
192.0
104.0
104.0
282.0
282.0
281.0
282.0
282.0
281.0
283.0
282.0
282.0
281.0
190.0
190.0
190.0
190.0
191.0
104.0
191.0
106.0
105.0
104.0
191.0
192.0
191.0
191.0
191.0
189.0
192.0
189.0
191.0
192.0
192.0
193.0
192.0
190.0
190.0
104.0
193.0
104.0
107.0
106.0
189.0
191.0
194.0
190.0
192.0
192.0
190.0
189.0
189.0
191.0
189.0
192.0
224.0
106.0
224.0
105.0
223.0
104.0
104.0
104.0
223.0
224.0
224.0
223.0
223.0
223.0
223.0
192.0
190.0
192.0
191.0
189.0
191.0
191.0
190.0
190.0
192.0
190.0
105.0
105.0
190.0
189.0
192.0
190.0
191.0
189.0
190.0
190.0
190.0
189.0
191.0
190.0
190.0
190.0
190.0
191.0
189.0
192.0
104.0
106.0
190.0
190.0
188.0
189.0
191.0
191.0
191.0
191.0
190.0
190.0
222.0
223.0
221.0
222.0
223.0
103.0
224.0
135.0
134.0
139.0
223.0
192.0
192.0
192.0
191.0
189.0
190.0
190.0
190.0
190.0
190.0
190.0
190.0
191.0
189.0
104.0
191.0
105.0
105.0
105.0
189.0
189.0
189.0
190.0
191.0
191.0
189.0
190.0
192.0
190.0
190.0
189.0
185.0
105.0
183.0
104.0
186.0
101.0
104.0
104.0
