2.0
1.0
1.0
1.0
1.0
2.0
1.0
2.0
1.0
1.0
2.0
2.0
2.0
2.0
2.0
2.0
2.0
2.0
2.0
2.0
2.0
2.0
3.0
2.0
3.0
3.0
1.0
2.0
2.0
2.0
4.0
2.0
2.0
2.0
2.0
3.0
3.0
3.0
2.0
2.0
576.0
574.0
575.0
580.0
862.0
512.0
577.0
862.0
681.0
696.0
456.0
548.0
547.0
547.0
546.0
546.0
467.0
547.0
475.0
574.0
505.0
575.0
575.0
575.0
575.0
575.0
506.0
575.0
508.0
543.0
478.0
484.0
537.0
517.0
536.0
536.0
537.0
533.0
491.0
520.0
561.0
522.0
610.0
653.0
651.0
650.0
650.0
608.0
650.0
579.0
619.0
579.0
490.0
536.0
531.0
532.0
531.0
490.0
531.0
491.0
533.0
491.0
525.0
560.0
562.0
562.0
561.0
524.0
561.0
523.0
562.0
526.0
492.0
491.0
531.0
532.0
532.0
532.0
490.0
533.0
532.0
491.0
523.0
523.0
562.0
562.0
562.0
562.0
524.0
562.0
535.0
571.0
503.0
511.0
547.0
548.0
545.0
558.0
525.0
553.0
522.0
554.0
577.0
552.0
550.0
559.0
550.0
558.0
557.0
552.0
542.0
509.0
513.0
508.0
507.0
508.0
511.0
512.0
512.0
513.0
509.0
541.0
545.0
540.0
541.0
541.0
544.0
543.0
545.0
546.0
543.0
511.0
515.0
510.0
509.0
510.0
515.0
515.0
514.0
514.0
541.0
541.0
545.0
541.0
540.0
540.0
545.0
544.0
544.0
544.0
509.0
509.0
512.0
508.0
509.0
509.0
512.0
511.0
511.0
603.0
599.0
598.0
608.0
590.0
576.0
573.0
597.0
594.0
596.0
493.0
2.0
2.0
2.0
2.0
2.0
2.0
2.0
2.0
2.0
1.0
1.0
1.0
2.0
3.0
2.0
3.0
2.0
1.0
1.0
2.0
2.0
2.0
2.0
2.0
2.0
2.0
2.0
2.0
1.0
1.0
2.0
1.0
1.0
1.0
1.0
1.0
1.0
1.0
2.0
1.0
1.0
1.0
1.0
1.0
1.0
1.0
2.0
2.0
1.0
1.0
1.0
2.0
1.0
1.0
1.0
2.0
1.0
1.0
1.0
2.0
2.0
1.0
1.0
1.0
1.0
1.0
1.0
2.0
1.0
1.0
1.0
1.0
1.0
1.0
1.0
1.0
1.0
1.0
1.0
1.0
1.0
1.0
1.0
1.0
2.0
1.0
1.0
2.0
2.0
1.0
1.0
1.0
2.0
2.0
1.0
1.0
1.0
1.0
1.0
2.0
2.0
3.0
1.0
1.0
1.0
2.0
3.0
2.0
2.0
2.0
2.0
2.0
2.0
2.0
1.0
2.0
3.0
3.0
1.0
1.0
3.0
2.0
2.0
2.0
2.0
1.0
1.0
3.0
1.0
1.0
1.0
2.0
2.0
1.0
1.0
1.0
1.0
1.0
1.0
1.0
1.0
1.0
1.0
1.0
1.0
1.0
1.0
1.0
2.0
1.0
2.0
1.0
1.0
1.0
1.0
1.0
2.0
2.0
1.0
1.0
1.0
2.0
1.0
1.0
1.0
2.0
1.0
1.0
1.0
2.0
2.0
1.0
1.0
1.0
1.0
1.0
1.0
1.0
1.0
1.0
1.0
1.0
1.0
1.0
1.0
1.0
1.0
1.0
1.0
2.0
1.0
1.0
1.0
1.0
1.0
1.0
2.0
2.0
1.0
1.0
2.0
2.0
3.0
3.0
2.0
2.0
2.0
1.0
2.0
2.0
1.0
2.0
2.0
2.0
2.0
2.0
3.0
3.0
2.0
1.0
3.0
1.0
2.0
2.0
2.0
2.0
2.0
3.0
1.0
1.0
1.0
2.0
2.0
1.0
1.0
1.0
2.0
1.0
1.0
1.0
1.0
1.0
1.0
1.0
1.0
1.0
1.0
1.0
1.0
1.0
1.0
1.0
2.0
1.0
1.0
1.0
1.0
2.0
2.0
1.0
2.0
1.0
1.0
1.0
1.0
1.0
1.0
1.0
1.0
1.0
1.0
2.0
2.0
2.0
2.0
1.0
1.0
1.0
1.0
1.0
1.0
1.0
1.0
1.0
1.0
1.0
1.0
1.0
1.0
1.0
1.0
1.0
1.0
1.0
1.0
1.0
1.0
2.0
1.0
2.0
862.0
584.0
604.0
585.0
585.0
586.0
588.0
584.0
323.0
381.0
550.0
674.0
464.0
548.0
547.0
547.0
548.0
546.0
158.0
202.0
577.0
558.0
762.0
517.0
571.0
888.0
571.0
571.0
188.0
188.0
568.0
574.0
476.0
532.0
478.0
531.0
539.0
531.0
302.0
188.0
573.0
517.0
569.0
646.0
645.0
523.0
565.0
568.0
222.0
221.0
491.0
520.0
519.0
527.0
523.0
491.0
662.0
491.0
286.0
181.0
552.0
535.0
574.0
552.0
552.0
553.0
541.0
549.0
179.0
217.0
546.0
512.0
510.0
509.0
509.0
510.0
509.0
510.0
179.0
180.0
511.0
510.0
512.0
549.0
546.0
551.0
546.0
547.0
181.0
180.0
549.0
547.0
549.0
547.0
548.0
512.0
513.0
180.0
180.0
180.0
512.0
512.0
513.0
513.0
513.0
513.0
512.0
513.0
181.0
180.0
548.0
551.0
550.0
547.0
636.0
639.0
639.0
641.0
216.0
217.0
605.0
612.0
610.0
602.0
601.0
608.0
515.0
512.0
181.0
183.0
512.0
511.0
513.0
512.0
511.0
512.0
543.0
544.0
180.0
181.0
548.0
547.0
546.0
545.0
545.0
549.0
547.0
546.0
182.0
181.0
509.0
509.0
509.0
510.0
511.0
511.0
509.0
509.0
179.0
180.0
541.0
541.0
541.0
541.0
540.0
542.0
541.0
541.0
178.0
212.0
540.0
508.0
509.0
509.0
510.0
508.0
509.0
510.0
181.0
180.0
508.0
508.0
509.0
544.0
548.0
553.0
568.0
552.0
181.0
179.0
570.0
551.0
572.0
548.0
570.0
532.0
534.0
180.0
194.0
181.0
509.0
510.0
510.0
514.0
512.0
511.0
540.0
541.0
179.0
179.0
541.0
540.0
543.0
542.0
541.0
543.0
544.0
544.0
180.0
179.0
510.0
512.0
510.0
511.0
512.0
511.0
512.0
512.0
180.0
180.0
545.0
544.0
543.0
545.0
543.0
541.0
546.0
542.0
213.0
215.0
508.0
512.0
512.0
512.0
509.0
512.0
509.0
508.0
181.0
179.0
625.0
620.0
621.0
624.0
623.0
622.0
619.0
623.0
285.0
290.0
513.0
512.0
517.0
517.0
513.0
517.0
513.0
519.0
180.0
180.0
508.0
511.0
539.0
540.0
545.0
541.0
542.0
545.0
181.0
183.0
544.0
543.0
545.0
544.0
511.0
511.0
512.0
510.0
182.0
181.0
511.0
512.0
511.0
510.0
512.0
511.0
542.0
179.0
182.0
180.0
542.0
543.0
540.0
542.0
544.0
544.0
541.0
544.0
211.0
179.0
514.0
509.0
510.0
511.0
508.0
510.0
513.0
513.0
181.0
181.0
542.0
543.0
544.0
543.0
541.0
550.0
542.0
543.0
212.0
212.0
513.0
514.0
509.0
512.0
514.0
509.0
510.0
512.0
179.0
179.0
542.0
543.0
538.0
567.0
542.0
566.0
539.0
542.0
179.0
211.0
541.0
507.0
509.0
511.0
510.0
509.0
512.0
508.0
180.0
180.0
507.0
509.0
542.0
540.0
540.0
542.0
539.0
543.0
178.0
179.0
540.0
540.0
539.0
542.0
511.0
510.0
511.0
511.0
179.0
182.0
511.0
516.0
511.0
510.0
513.0
513.0
625.0
623.0
179.0
180.0
625.0
626.0
620.0
626.0
625.0
619.0
622.0
294.0
181.0
181.0
522.0
516.0
519.0
519.0
515.0
519.0
509.0
519.0
179.0
182.0
544.0
545.0
547.0
546.0
543.0
545.0
542.0
544.0
212.0
212.0
510.0
517.0
511.0
510.0
516.0
511.0
510.0
513.0
182.0
180.0
546.0
546.0
546.0
549.0
547.0
547.0
548.0
549.0
179.0
181.0
547.0
549.0
513.0
510.0
510.0
510.0
518.0
510.0
180.0
180.0
512.0
513.0
510.0
543.0
545.0
542.0
542.0
543.0
182.0
180.0
544.0
542.0
543.0
543.0
542.0
513.0
511.0
510.0
180.0
180.0
511.0
510.0
513.0
510.0
511.0
513.0
541.0
544.0
180.0
181.0
544.0
543.0
543.0
547.0
543.0
543.0
545.0
543.0
180.0
180.0
516.0
510.0
512.0
515.0
509.0
512.0
509.0
179.0
182.0
180.0
544.0
547.0
546.0
546.0
547.0
546.0
545.0
545.0
181.0
182.0
552.0
553.0
515.0
520.0
536.0
541.0
541.0
543.0
179.0
180.0
536.0
565.0
560.0
576.0
561.0
641.0
648.0
648.0
190.0
191.0
627.0
629.0
628.0
595.0
591.0
593.0
594.0
511.0
178.0
180.0
509.0
510.0
509.0
509.0
512.0
509.0
508.0
509.0
179.0
179.0
541.0
541.0
544.0
542.0
541.0
541.0
543.0
541.0
212.0
212.0
508.0
508.0
509.0
508.0
508.0
508.0
509.0
508.0
180.0
178.0
541.0
541.0
540.0
539.0
541.0
540.0
540.0
540.0
211.0
211.0
509.0
509.0
509.0
509.0
510.0
510.0
508.0
509.0
179.0
180.0
539.0
540.0
540.0
541.0
543.0
541.0
540.0
180.0
179.0
179.0
542.0
543.0
542.0
510.0
510.0
511.0
509.0
509.0
180.0
180.0
510.0
507.0
509.0
508.0
539.0
542.0
542.0
542.0
178.0
179.0
548.0
543.0
545.0
543.0
544.0
542.0
511.0
511.0
180.0
180.0
508.0
508.0
509.0
509.0
510.0
510.0
511.0
509.0
179.0
179.0
543.0
541.0
541.0
540.0
542.0
542.0
546.0
542.0
211.0
211.0
509.0
509.0
509.0
508.0
508.0
508.0
508.0
509.0
179.0
179.0
596.0
596.0
597.0
596.0
598.0
596.0
598.0
596.0
267.0
266.0
509.0
508.0
509.0
509.0
508.0
511.0
508.0
509.0
180.0
179.0
541.0
541.0
541.0
541.0
542.0
543.0
542.0
540.0
180.0
209.0
541.0
510.0
508.0
509.0
508.0
508.0
509.0
179.0
179.0
179.0
509.0
509.0
510.0
510.0
542.0
543.0
542.0
543.0
180.0
180.0
544.0
544.0
542.0
541.0
541.0
543.0
509.0
511.0
179.0
179.0
509.0
508.0
508.0
510.0
509.0
509.0
509.0
509.0
179.0
179.0
542.0
544.0
543.0
541.0
540.0
544.0
540.0
540.0
211.0
212.0
510.0
508.0
509.0
508.0
508.0
509.0
508.0
510.0
179.0
179.0
541.0
540.0
541.0
541.0
542.0
542.0
541.0
541.0
209.0
211.0
510.0
511.0
508.0
508.0
508.0
510.0
509.0
508.0
179.0
179.0
508.0
538.0
540.0
541.0
541.0
541.0
540.0
539.0
178.0
179.0
543.0
541.0
541.0
509.0
509.0
508.0
510.0
514.0
180.0
179.0
508.0
509.0
508.0
508.0
617.0
619.0
620.0
181.0
179.0
180.0
619.0
622.0
624.0
622.0
622.0
621.0
620.0
511.0
180.0
179.0
509.0
508.0
510.0
512.0
509.0
511.0
509.0
510.0
180.0
180.0
541.0
541.0
541.0
541.0
541.0
544.0
541.0
541.0
212.0
211.0
509.0
508.0
509.0
508.0
509.0
512.0
514.0
517.0
180.0
179.0
531.0
523.0
565.0
565.0
562.0
563.0
570.0
575.0
190.0
188.0
569.0
558.0
557.0
564.0
530.0
526.0
523.0
522.0
190.0
190.0
508.0
509.0
551.0
507.0
551.0
539.0
540.0
552.0
183.0
184.0
550.0
551.0
543.0
543.0
543.0
521.0
512.0
517.0
178.0
183.0
512.0
514.0
514.0
514.0
510.0
509.0
539.0
548.0
179.0
179.0
542.0
549.0
543.0
545.0
544.0
543.0
544.0
212.0
180.0
182.0
511.0
510.0
511.0
511.0
510.0
509.0
509.0
509.0
179.0
179.0
542.0
541.0
542.0
542.0
544.0
543.0
541.0
543.0
211.0
212.0
510.0
509.0
511.0
510.0
510.0
510.0
511.0
512.0
179.0
180.0
509.0
623.0
625.0
626.0
625.0
625.0
622.0
624.0
179.0
179.0
624.0
629.0
629.0
511.0
514.0
515.0
511.0
512.0
181.0
181.0
508.0
512.0
511.0
514.0
511.0
545.0
543.0
542.0
179.0
180.0
543.0
543.0
544.0
544.0
544.0
544.0
540.0
510.0
179.0
180.0
509.0
508.0
508.0
510.0
507.0
509.0
510.0
509.0
179.0
179.0
541.0
540.0
541.0
542.0
541.0
540.0
540.0
541.0
212.0
212.0
510.0
508.0
508.0
508.0
509.0
508.0
508.0
180.0
179.0
179.0
541.0
542.0
540.0
545.0
541.0
543.0
541.0
541.0
212.0
210.0
510.0
508.0
510.0
514.0
508.0
511.0
508.0
510.0
179.0
178.0
508.0
543.0
545.0
540.0
549.0
541.0
541.0
550.0
178.0
182.0
541.0
548.0
540.0
516.0
514.0
508.0
515.0
508.0
179.0
182.0
509.0
510.0
512.0
512.0
508.0
541.0
541.0
541.0
179.0
180.0
540.0
544.0
545.0
546.0
542.0
540.0
540.0
509.0
178.0
179.0
507.0
508.0
509.0
510.0
513.0
511.0
510.0
508.0
179.0
180.0
626.0
627.0
627.0
630.0
626.0
628.0
630.0
630.0
295.0
294.0
514.0
515.0
509.0
514.0
508.0
513.0
514.0
508.0
179.0
179.0
540.0
542.0
546.0
545.0
540.0
543.0
540.0
180.0
180.0
179.0
545.0
545.0
540.0
509.0
508.0
518.0
513.0
508.0
181.0
179.0
513.0
509.0
513.0
539.0
546.0
541.0
541.0
547.0
181.0
179.0
545.0
541.0
545.0
547.0
545.0
508.0
513.0
508.0
178.0
181.0
507.0
513.0
511.0
510.0
513.0
542.0
544.0
540.0
180.0
179.0
545.0
542.0
541.0
545.0
549.0
540.0
544.0
514.0
180.0
178.0
511.0
508.0
512.0
508.0
508.0
512.0
515.0
508.0
181.0
180.0
551.0
555.0
558.0
554.0
556.0
554.0
555.0
557.0
211.0
218.0
542.0
530.0
526.0
527.0
522.0
526.0
521.0
524.0
187.0
184.0
546.0
546.0
544.0
545.0
541.0
540.0
542.0
540.0
179.0
178.0
542.0
542.0
510.0
510.0
510.0
507.0
509.0
178.0
179.0
178.0
510.0
509.0
510.0
510.0
509.0
540.0
626.0
626.0
181.0
179.0
627.0
627.0
632.0
626.0
633.0
627.0
632.0
598.0
180.0
179.0
510.0
509.0
515.0
508.0
510.0
509.0
517.0
508.0
181.0
182.0
544.0
545.0
542.0
540.0
542.0
540.0
541.0
541.0
214.0
211.0
509.0
509.0
507.0
508.0
510.0
508.0
509.0
508.0
179.0
180.0
543.0
540.0
541.0
542.0
541.0
541.0
542.0
542.0
180.0
212.0
547.0
509.0
512.0
508.0
508.0
509.0
510.0
508.0
180.0
179.0
510.0
509.0
514.0
541.0
540.0
541.0
541.0
541.0
180.0
180.0
541.0
540.0
542.0
540.0
540.0
508.0
507.0
509.0
179.0
179.0
508.0
508.0
509.0
508.0
510.0
509.0
539.0
179.0
178.0
179.0
543.0
543.0
541.0
542.0
545.0
543.0
542.0
543.0
212.0
181.0
509.0
508.0
509.0
508.0
509.0
509.0
509.0
508.0
179.0
180.0
541.0
543.0
541.0
541.0
541.0
542.0
542.0
542.0
212.0
211.0
509.0
508.0
509.0
510.0
508.0
508.0
509.0
508.0
180.0
179.0
597.0
599.0
598.0
599.0
600.0
599.0
599.0
604.0
265.0
268.0
511.0
515.0
514.0
517.0
509.0
520.0
521.0
513.0
183.0
183.0
519.0
517.0
543.0
544.0
545.0
541.0
548.0
547.0
184.0
182.0
545.0
543.0
542.0
543.0
510.0
512.0
508.0
509.0
180.0
181.0
512.0
512.0
514.0
508.0
509.0
512.0
540.0
544.0
179.0
179.0
541.0
541.0
545.0
545.0
544.0
541.0
541.0
213.0
179.0
181.0
513.0
511.0
510.0
512.0
511.0
512.0
512.0
512.0
179.0
179.0
543.0
543.0
545.0
540.0
540.0
546.0
541.0
547.0
212.0
214.0
516.0
513.0
508.0
509.0
515.0
510.0
510.0
515.0
178.0
180.0
539.0
546.0
547.0
547.0
540.0
542.0
545.0
541.0
179.0
181.0
540.0
545.0
511.0
512.0
512.0
513.0
508.0
510.0
180.0
178.0
511.0
509.0
508.0
544.0
539.0
544.0
547.0
541.0
180.0
180.0
545.0
542.0
545.0
541.0
540.0
510.0
513.0
514.0
183.0
180.0
518.0
508.0
512.0
508.0
512.0
509.0
538.0
630.0
181.0
180.0
633.0
636.0
640.0
639.0
640.0
638.0
648.0
642.0
273.0
179.0
530.0
526.0
529.0
525.0
526.0
523.0
520.0
191.0
185.0
184.0
545.0
546.0
541.0
541.0
542.0
548.0
547.0
547.0
209.0
210.0
512.0
517.0
511.0
514.0
511.0
510.0
510.0
513.0
181.0
182.0
513.0
544.0
541.0
545.0
543.0
544.0
540.0
541.0
179.0
181.0
543.0
544.0
543.0
512.0
513.0
515.0
512.0
513.0
178.0
180.0
518.0
517.0
518.0
512.0
542.0
545.0
544.0
545.0
183.0
181.0
542.0
546.0
542.0
542.0
542.0
545.0
513.0
511.0
179.0
180.0
508.0
512.0
509.0
511.0
509.0
508.0
509.0
512.0
180.0
180.0
546.0
546.0
542.0
541.0
545.0
545.0
541.0
542.0
211.0
213.0
509.0
512.0
511.0
509.0
512.0
509.0
512.0
512.0
179.0
179.0
542.0
542.0
541.0
545.0
545.0
547.0
545.0
179.0
181.0
212.0
542.0
546.0
512.0
509.0
509.0
509.0
513.0
512.0
179.0
180.0
509.0
514.0
509.0
514.0
636.0
632.0
636.0
631.0
180.0
181.0
639.0
640.0
635.0
642.0
638.0
642.0
513.0
513.0
182.0
179.0
511.0
509.0
513.0
514.0
507.0
512.0
509.0
513.0
180.0
179.0
544.0
539.0
539.0
538.0
547.0
545.0
539.0
539.0
212.0
212.0
512.0
513.0
512.0
509.0
509.0
509.0
514.0
511.0
179.0
178.0
541.0
542.0
544.0
543.0
544.0
540.0
540.0
540.0
212.0
212.0
512.0
513.0
508.0
508.0
512.0
513.0
509.0
511.0
179.0
179.0
539.0
540.0
543.0
544.0
541.0
540.0
544.0
543.0
179.0
180.0
536.0
535.0
502.0
499.0
485.0
481.0
486.0
179.0
180.0
179.0
