1.0
1.0
1.0
1.0
1.0
2.0
2.0
2.0
1.0
1.0
1.0
1.0
1.0
1.0
1.0
2.0
2.0
1.0
1.0
1.0
33.0
33.0
33.0
33.0
33.0
33.0
33.0
33.0
33.0
33.0
38.0
38.0
38.0
38.0
37.0
37.0
37.0
38.0
37.0
38.0
34.0
34.0
34.0
34.0
34.0
35.0
35.0
35.0
34.0
34.0
34.0
34.0
33.0
34.0
34.0
33.0
33.0
33.0
33.0
34.0
745.0
745.0
745.0
745.0
745.0
745.0
748.0
745.0
745.0
745.0
761.0
761.0
761.0
761.0
762.0
761.0
761.0
761.0
760.0
764.0
752.0
751.0
751.0
752.0
752.0
751.0
753.0
752.0
752.0
754.0
745.0
745.0
746.0
745.0
746.0
746.0
746.0
746.0
746.0
747.0
761.0
762.0
762.0
761.0
760.0
761.0
760.0
764.0
761.0
763.0
753.0
752.0
753.0
753.0
753.0
753.0
753.0
752.0
753.0
755.0
779.0
785.0
780.0
781.0
780.0
782.0
780.0
779.0
781.0
781.0
756.0
756.0
756.0
757.0
756.0
755.0
756.0
755.0
757.0
756.0
753.0
753.0
753.0
754.0
752.0
752.0
753.0
753.0
754.0
755.0
765.0
765.0
765.0
765.0
767.0
766.0
765.0
765.0
772.0
765.0
749.0
750.0
750.0
750.0
750.0
751.0
749.0
751.0
758.0
751.0
755.0
756.0
755.0
757.0
756.0
756.0
758.0
756.0
755.0
762.0
771.0
770.0
769.0
771.0
770.0
770.0
771.0
771.0
770.0
781.0
753.0
755.0
756.0
755.0
756.0
757.0
755.0
755.0
757.0
757.0
750.0
750.0
749.0
750.0
749.0
750.0
751.0
749.0
748.0
743.0
2.0
2.0
1.0
1.0
1.0
1.0
1.0
1.0
1.0
1.0
34.0
33.0
34.0
34.0
34.0
34.0
34.0
34.0
34.0
34.0
34.0
33.0
33.0
33.0
33.0
33.0
33.0
34.0
34.0
34.0
33.0
33.0
33.0
33.0
33.0
34.0
34.0
33.0
33.0
33.0
42.0
42.0
42.0
42.0
42.0
41.0
42.0
42.0
42.0
42.0
747.0
747.0
747.0
747.0
747.0
747.0
746.0
746.0
746.0
746.0
752.0
752.0
752.0
753.0
752.0
753.0
754.0
752.0
753.0
752.0
762.0
762.0
762.0
762.0
763.0
761.0
762.0
762.0
762.0
763.0
747.0
747.0
748.0
747.0
747.0
746.0
747.0
746.0
747.0
747.0
753.0
752.0
753.0
753.0
752.0
752.0
752.0
752.0
753.0
751.0
762.0
760.0
762.0
760.0
760.0
760.0
760.0
760.0
760.0
762.0
751.0
752.0
751.0
752.0
752.0
752.0
751.0
752.0
752.0
750.0
747.0
747.0
747.0
746.0
746.0
746.0
747.0
745.0
746.0
747.0
759.0
759.0
760.0
760.0
759.0
758.0
759.0
760.0
758.0
759.0
752.0
751.0
751.0
751.0
750.0
750.0
751.0
751.0
751.0
750.0
746.0
745.0
746.0
746.0
746.0
745.0
747.0
745.0
745.0
745.0
762.0
761.0
762.0
762.0
762.0
762.0
762.0
762.0
762.0
762.0
780.0
784.0
786.0
785.0
780.0
783.0
781.0
781.0
783.0
781.0
752.0
754.0
753.0
754.0
753.0
753.0
754.0
753.0
753.0
753.0
754.0
754.0
755.0
754.0
756.0
754.0
753.0
753.0
754.0
753.0
1.0
1.0
1.0
1.0
1.0
1.0
1.0
1.0
1.0
1.0
33.0
33.0
33.0
32.0
33.0
33.0
33.0
32.0
33.0
33.0
33.0
33.0
33.0
33.0
32.0
33.0
33.0
32.0
32.0
33.0
33.0
33.0
33.0
33.0
33.0
32.0
33.0
33.0
32.0
33.0
33.0
33.0
33.0
33.0
33.0
32.0
33.0
33.0
33.0
33.0
751.0
752.0
754.0
751.0
752.0
751.0
751.0
751.0
752.0
751.0
766.0
765.0
766.0
765.0
766.0
766.0
767.0
766.0
766.0
765.0
763.0
762.0
762.0
762.0
762.0
762.0
761.0
761.0
762.0
762.0
759.0
759.0
759.0
758.0
759.0
759.0
759.0
760.0
759.0
759.0
766.0
766.0
766.0
766.0
766.0
766.0
766.0
766.0
766.0
765.0
751.0
752.0
751.0
751.0
752.0
752.0
752.0
752.0
752.0
751.0
747.0
746.0
747.0
746.0
746.0
747.0
747.0
746.0
746.0
747.0
762.0
762.0
765.0
761.0
762.0
761.0
761.0
763.0
760.0
761.0
752.0
752.0
753.0
752.0
753.0
753.0
752.0
751.0
752.0
753.0
753.0
752.0
752.0
753.0
752.0
753.0
751.0
752.0
752.0
751.0
755.0
755.0
755.0
756.0
757.0
757.0
756.0
755.0
755.0
755.0
752.0
751.0
753.0
751.0
753.0
751.0
750.0
752.0
752.0
751.0
764.0
764.0
763.0
763.0
765.0
763.0
762.0
762.0
764.0
763.0
746.0
746.0
745.0
746.0
746.0
745.0
746.0
747.0
746.0
746.0
752.0
752.0
752.0
751.0
752.0
751.0
751.0
752.0
751.0
762.0
1.0
1.0
1.0
1.0
1.0
1.0
1.0
1.0
1.0
1.0
34.0
32.0
33.0
33.0
33.0
33.0
33.0
33.0
33.0
33.0
34.0
32.0
32.0
33.0
33.0
33.0
33.0
33.0
32.0
33.0
33.0
32.0
32.0
32.0
33.0
33.0
33.0
33.0
32.0
32.0
33.0
33.0
33.0
32.0
32.0
33.0
33.0
33.0
33.0
33.0
762.0
762.0
763.0
762.0
763.0
762.0
762.0
762.0
762.0
762.0
775.0
776.0
774.0
776.0
774.0
774.0
774.0
775.0
774.0
779.0
756.0
756.0
756.0
757.0
756.0
755.0
756.0
755.0
756.0
756.0
770.0
770.0
770.0
770.0
770.0
770.0
770.0
770.0
770.0
772.0
761.0
760.0
760.0
760.0
761.0
760.0
761.0
760.0
759.0
760.0
762.0
761.0
761.0
762.0
762.0
762.0
763.0
762.0
762.0
761.0
766.0
765.0
765.0
765.0
764.0
769.0
766.0
765.0
765.0
765.0
761.0
760.0
761.0
761.0
761.0
759.0
759.0
760.0
760.0
760.0
773.0
774.0
772.0
772.0
774.0
772.0
773.0
772.0
773.0
774.0
747.0
746.0
746.0
746.0
748.0
746.0
745.0
745.0
746.0
746.0
753.0
754.0
753.0
753.0
753.0
754.0
755.0
752.0
754.0
753.0
763.0
763.0
763.0
764.0
762.0
762.0
763.0
763.0
763.0
763.0
752.0
752.0
752.0
753.0
750.0
751.0
752.0
751.0
751.0
752.0
746.0
746.0
746.0
746.0
746.0
747.0
746.0
746.0
746.0
746.0
761.0
760.0
761.0
761.0
760.0
760.0
761.0
760.0
760.0
760.0
1.0
1.0
1.0
1.0
1.0
1.0
1.0
1.0
1.0
1.0
33.0
33.0
33.0
33.0
32.0
33.0
33.0
33.0
33.0
33.0
33.0
33.0
33.0
33.0
33.0
32.0
32.0
33.0
32.0
33.0
33.0
33.0
33.0
33.0
33.0
33.0
33.0
33.0
32.0
33.0
33.0
33.0
33.0
33.0
33.0
33.0
33.0
32.0
33.0
33.0
752.0
752.0
753.0
752.0
752.0
752.0
752.0
752.0
752.0
751.0
754.0
755.0
755.0
754.0
754.0
754.0
754.0
755.0
755.0
754.0
756.0
755.0
755.0
755.0
756.0
755.0
757.0
754.0
754.0
755.0
751.0
751.0
752.0
751.0
751.0
752.0
751.0
752.0
751.0
752.0
762.0
762.0
761.0
762.0
763.0
761.0
761.0
762.0
762.0
762.0
749.0
748.0
749.0
749.0
748.0
753.0
749.0
752.0
748.0
748.0
781.0
785.0
784.0
785.0
780.0
784.0
780.0
782.0
780.0
782.0
780.0
771.0
772.0
770.0
771.0
770.0
770.0
771.0
770.0
772.0
761.0
761.0
760.0
761.0
760.0
762.0
760.0
760.0
760.0
760.0
747.0
746.0
747.0
747.0
747.0
746.0
747.0
748.0
747.0
747.0
764.0
763.0
764.0
764.0
763.0
763.0
763.0
764.0
765.0
765.0
753.0
754.0
754.0
753.0
753.0
753.0
752.0
752.0
752.0
753.0
746.0
746.0
746.0
745.0
745.0
745.0
745.0
746.0
745.0
746.0
762.0
761.0
761.0
761.0
762.0
761.0
762.0
761.0
761.0
761.0
752.0
753.0
752.0
753.0
752.0
753.0
753.0
752.0
753.0
753.0
1.0
1.0
1.0
1.0
1.0
1.0
1.0
1.0
1.0
0.0
33.0
33.0
33.0
33.0
33.0
33.0
32.0
32.0
32.0
33.0
33.0
33.0
33.0
33.0
33.0
33.0
33.0
32.0
33.0
32.0
33.0
33.0
33.0
33.0
33.0
33.0
33.0
33.0
33.0
33.0
33.0
33.0
33.0
33.0
33.0
33.0
33.0
33.0
33.0
33.0
762.0
763.0
762.0
763.0
763.0
763.0
763.0
763.0
763.0
763.0
745.0
747.0
745.0
745.0
744.0
746.0
746.0
745.0
745.0
745.0
755.0
755.0
754.0
753.0
754.0
754.0
754.0
754.0
753.0
754.0
765.0
764.0
764.0
763.0
764.0
763.0
763.0
763.0
762.0
764.0
752.0
751.0
751.0
752.0
751.0
752.0
751.0
752.0
752.0
751.0
745.0
745.0
746.0
745.0
745.0
745.0
745.0
745.0
745.0
745.0
762.0
762.0
762.0
762.0
762.0
763.0
762.0
762.0
761.0
762.0
752.0
752.0
752.0
752.0
753.0
752.0
752.0
751.0
752.0
752.0
746.0
746.0
746.0
746.0
746.0
746.0
747.0
746.0
746.0
746.0
760.0
760.0
761.0
761.0
761.0
761.0
761.0
760.0
761.0
760.0
761.0
765.0
760.0
761.0
762.0
761.0
762.0
761.0
762.0
765.0
770.0
763.0
765.0
764.0
763.0
766.0
765.0
766.0
764.0
764.0
756.0
755.0
755.0
755.0
755.0
755.0
755.0
755.0
754.0
755.0
753.0
754.0
753.0
754.0
752.0
753.0
754.0
754.0
753.0
753.0
766.0
766.0
765.0
765.0
766.0
766.0
765.0
766.0
764.0
765.0
1.0
1.0
1.0
1.0
1.0
1.0
1.0
1.0
1.0
1.0
34.0
34.0
34.0
33.0
33.0
33.0
33.0
34.0
33.0
34.0
34.0
34.0
34.0
34.0
34.0
34.0
34.0
34.0
34.0
34.0
33.0
33.0
33.0
33.0
34.0
33.0
33.0
33.0
34.0
33.0
34.0
34.0
34.0
33.0
33.0
33.0
33.0
33.0
33.0
33.0
751.0
750.0
752.0
751.0
751.0
752.0
752.0
752.0
751.0
751.0
746.0
746.0
745.0
746.0
746.0
745.0
745.0
746.0
745.0
745.0
761.0
760.0
761.0
761.0
762.0
763.0
762.0
762.0
761.0
762.0
751.0
751.0
750.0
750.0
750.0
751.0
751.0
751.0
750.0
750.0
746.0
745.0
746.0
745.0
746.0
745.0
746.0
746.0
746.0
746.0
762.0
761.0
762.0
762.0
761.0
762.0
761.0
761.0
762.0
761.0
751.0
751.0
752.0
753.0
752.0
752.0
752.0
753.0
752.0
752.0
754.0
753.0
753.0
751.0
752.0
752.0
753.0
754.0
753.0
753.0
756.0
755.0
756.0
756.0
756.0
755.0
755.0
754.0
754.0
760.0
752.0
751.0
754.0
752.0
752.0
753.0
752.0
753.0
753.0
752.0
764.0
763.0
763.0
763.0
763.0
763.0
765.0
764.0
764.0
764.0
751.0
750.0
750.0
750.0
749.0
750.0
750.0
749.0
750.0
750.0
759.0
760.0
760.0
760.0
761.0
760.0
760.0
760.0
759.0
760.0
771.0
770.0
769.0
770.0
770.0
771.0
771.0
770.0
769.0
770.0
753.0
753.0
752.0
753.0
752.0
753.0
754.0
753.0
752.0
753.0
1.0
1.0
1.0
1.0
1.0
1.0
1.0
1.0
1.0
1.0
33.0
33.0
33.0
32.0
32.0
33.0
33.0
33.0
32.0
33.0
33.0
34.0
34.0
33.0
33.0
33.0
34.0
34.0
34.0
34.0
34.0
33.0
33.0
34.0
34.0
34.0
34.0
34.0
34.0
33.0
34.0
34.0
34.0
33.0
33.0
33.0
33.0
33.0
33.0
33.0
785.0
781.0
781.0
783.0
786.0
785.0
784.0
782.0
783.0
781.0
762.0
763.0
763.0
763.0
762.0
762.0
762.0
762.0
763.0
762.0
751.0
752.0
753.0
751.0
752.0
752.0
751.0
752.0
751.0
752.0
753.0
753.0
751.0
753.0
752.0
753.0
753.0
753.0
753.0
753.0
755.0
755.0
755.0
755.0
756.0
755.0
756.0
755.0
755.0
756.0
752.0
751.0
752.0
752.0
752.0
753.0
751.0
752.0
752.0
752.0
762.0
762.0
762.0
762.0
761.0
762.0
761.0
762.0
761.0
761.0
747.0
747.0
746.0
746.0
747.0
747.0
746.0
747.0
746.0
747.0
751.0
749.0
750.0
750.0
750.0
752.0
751.0
749.0
751.0
750.0
762.0
762.0
761.0
761.0
762.0
762.0
762.0
762.0
762.0
761.0
751.0
751.0
751.0
753.0
753.0
753.0
752.0
753.0
754.0
753.0
748.0
748.0
747.0
747.0
747.0
747.0
747.0
747.0
747.0
748.0
765.0
762.0
762.0
762.0
762.0
762.0
762.0
762.0
762.0
762.0
751.0
753.0
752.0
751.0
751.0
750.0
752.0
752.0
751.0
752.0
746.0
746.0
746.0
745.0
745.0
746.0
745.0
745.0
747.0
746.0
1.0
1.0
1.0
1.0
1.0
1.0
1.0
1.0
1.0
1.0
33.0
33.0
33.0
33.0
33.0
33.0
33.0
33.0
33.0
33.0
37.0
37.0
38.0
38.0
37.0
37.0
37.0
38.0
38.0
38.0
34.0
34.0
33.0
33.0
34.0
34.0
33.0
33.0
33.0
33.0
33.0
33.0
33.0
33.0
32.0
33.0
33.0
33.0
33.0
33.0
757.0
757.0
758.0
757.0
758.0
756.0
757.0
757.0
757.0
756.0
753.0
752.0
754.0
753.0
752.0
752.0
754.0
752.0
753.0
753.0
763.0
763.0
763.0
764.0
763.0
763.0
763.0
763.0
762.0
762.0
748.0
747.0
748.0
748.0
747.0
748.0
747.0
746.0
747.0
747.0
752.0
751.0
751.0
751.0
752.0
752.0
751.0
751.0
751.0
751.0
791.0
790.0
790.0
790.0
789.0
791.0
790.0
792.0
793.0
790.0
757.0
757.0
756.0
756.0
756.0
756.0
756.0
757.0
756.0
756.0
747.0
747.0
747.0
747.0
747.0
747.0
748.0
747.0
747.0
748.0
768.0
768.0
769.0
769.0
769.0
769.0
768.0
769.0
768.0
768.0
761.0
762.0
760.0
761.0
760.0
761.0
760.0
761.0
760.0
760.0
754.0
754.0
754.0
754.0
755.0
755.0
755.0
754.0
758.0
755.0
772.0
771.0
772.0
772.0
771.0
774.0
772.0
771.0
771.0
772.0
755.0
753.0
754.0
755.0
755.0
755.0
756.0
754.0
753.0
753.0
759.0
758.0
760.0
758.0
759.0
758.0
759.0
763.0
758.0
758.0
767.0
766.0
767.0
768.0
766.0
767.0
767.0
766.0
767.0
767.0
1.0
1.0
1.0
1.0
1.0
1.0
1.0
1.0
1.0
1.0
34.0
34.0
34.0
34.0
34.0
34.0
34.0
34.0
34.0
34.0
33.0
34.0
33.0
33.0
33.0
33.0
33.0
33.0
33.0
33.0
33.0
33.0
32.0
33.0
32.0
33.0
33.0
33.0
33.0
32.0
33.0
33.0
33.0
33.0
33.0
33.0
33.0
33.0
33.0
33.0
763.0
763.0
765.0
763.0
761.0
762.0
761.0
762.0
763.0
762.0
772.0
772.0
771.0
772.0
773.0
773.0
772.0
772.0
772.0
773.0
754.0
752.0
753.0
753.0
753.0
753.0
752.0
753.0
752.0
752.0
746.0
746.0
746.0
747.0
747.0
746.0
748.0
746.0
747.0
747.0
761.0
761.0
761.0
760.0
760.0
762.0
761.0
761.0
761.0
760.0
754.0
754.0
755.0
754.0
755.0
753.0
754.0
753.0
754.0
754.0
746.0
746.0
746.0
745.0
745.0
745.0
745.0
745.0
746.0
745.0
762.0
762.0
761.0
762.0
761.0
763.0
761.0
762.0
761.0
763.0
753.0
752.0
752.0
752.0
752.0
753.0
752.0
751.0
752.0
751.0
773.0
774.0
773.0
772.0
773.0
773.0
773.0
777.0
773.0
775.0
756.0
756.0
756.0
756.0
756.0
756.0
755.0
756.0
755.0
756.0
752.0
752.0
751.0
751.0
751.0
752.0
752.0
754.0
752.0
752.0
763.0
762.0
763.0
763.0
761.0
764.0
763.0
763.0
761.0
761.0
745.0
747.0
746.0
746.0
747.0
745.0
746.0
747.0
746.0
745.0
750.0
751.0
752.0
751.0
751.0
751.0
751.0
752.0
751.0
751.0
1.0
1.0
1.0
1.0
1.0
1.0
1.0
1.0
1.0
1.0
2.0
1.0
1.0
1.0
1.0
1.0
1.0
0.0
1.0
1.0
1.0
1.0
1.0
1.0
0.0
1.0
1.0
1.0
1.0
1.0
1.0
1.0
1.0
1.0
1.0
1.0
1.0
1.0
1.0
1.0
2.0
1.0
1.0
1.0
1.0
1.0
1.0
1.0
1.0
1.0
403.0
402.0
404.0
403.0
404.0
402.0
403.0
403.0
404.0
402.0
407.0
407.0
407.0
407.0
407.0
406.0
407.0
406.0
406.0
407.0
396.0
396.0
400.0
399.0
396.0
396.0
397.0
396.0
396.0
396.0
404.0
404.0
403.0
403.0
404.0
404.0
403.0
403.0
404.0
404.0
397.0
397.0
397.0
397.0
401.0
396.0
397.0
397.0
397.0
397.0
396.0
396.0
396.0
400.0
395.0
395.0
396.0
396.0
396.0
395.0
403.0
403.0
403.0
403.0
403.0
403.0
416.0
404.0
403.0
404.0
408.0
407.0
407.0
407.0
407.0
406.0
407.0
406.0
406.0
396.0
396.0
396.0
396.0
397.0
396.0
396.0
396.0
396.0
396.0
396.0
402.0
403.0
401.0
401.0
403.0
404.0
401.0
403.0
402.0
402.0
396.0
396.0
396.0
397.0
396.0
396.0
397.0
397.0
396.0
397.0
398.0
398.0
398.0
397.0
397.0
397.0
397.0
397.0
398.0
397.0
414.0
413.0
414.0
413.0
414.0
415.0
413.0
414.0
413.0
414.0
397.0
397.0
396.0
396.0
396.0
397.0
396.0
396.0
396.0
396.0
396.0
396.0
397.0
396.0
397.0
396.0
396.0
397.0
396.0
396.0
