1.0
1.0
1.0
0.0
1.0
0.0
1.0
1.0
0.0
1.0
0.0
1.0
0.0
1.0
1.0
0.0
1.0
0.0
1.0
1.0
305.0
304.0
304.0
304.0
304.0
304.0
305.0
175.0
304.0
175.0
275.0
275.0
275.0
275.0
275.0
275.0
276.0
146.0
275.0
145.0
275.0
276.0
276.0
275.0
276.0
276.0
276.0
146.0
275.0
145.0
276.0
276.0
276.0
275.0
275.0
276.0
305.0
145.0
305.0
147.0
305.0
305.0
305.0
305.0
305.0
305.0
304.0
175.0
276.0
146.0
276.0
276.0
276.0
276.0
276.0
276.0
276.0
146.0
276.0
145.0
275.0
275.0
275.0
275.0
276.0
275.0
276.0
146.0
276.0
146.0
276.0
276.0
276.0
275.0
305.0
306.0
305.0
146.0
305.0
146.0
305.0
305.0
305.0
305.0
305.0
306.0
275.0
146.0
275.0
146.0
275.0
275.0
275.0
275.0
275.0
276.0
276.0
145.0
275.0
146.0
276.0
275.0
275.0
275.0
276.0
276.0
275.0
145.0
275.0
147.0
276.0
275.0
306.0
306.0
306.0
305.0
305.0
146.0
306.0
146.0
370.0
370.0
371.0
370.0
339.0
340.0
340.0
211.0
340.0
211.0
275.0
275.0
276.0
276.0
275.0
275.0
275.0
145.0
275.0
146.0
274.0
275.0
275.0
274.0
275.0
275.0
275.0
146.0
278.0
146.0
277.0
279.0
278.0
279.0
279.0
278.0
278.0
148.0
278.0
147.0
306.0
307.0
305.0
306.0
305.0
305.0
305.0
176.0
305.0
176.0
275.0
276.0
276.0
274.0
275.0
274.0
275.0
146.0
275.0
146.0
276.0
275.0
275.0
276.0
275.0
275.0
248.0
145.0
248.0
146.0
1.0
0.0
1.0
1.0
0.0
1.0
1.0
0.0
1.0
0.0
0.0
0.0
1.0
1.0
1.0
1.0
1.0
1.0
1.0
1.0
1.0
0.0
0.0
0.0
0.0
0.0
0.0
1.0
1.0
1.0
1.0
1.0
1.0
1.0
1.0
1.0
0.0
0.0
0.0
0.0
1.0
1.0
1.0
1.0
1.0
1.0
1.0
1.0
1.0
1.0
1.0
1.0
1.0
1.0
1.0
1.0
1.0
1.0
1.0
1.0
0.0
0.0
0.0
0.0
0.0
0.0
0.0
0.0
1.0
0.0
1.0
1.0
1.0
0.0
0.0
0.0
0.0
0.0
1.0
0.0
1.0
1.0
1.0
1.0
0.0
1.0
1.0
1.0
1.0
0.0
1.0
1.0
1.0
1.0
1.0
1.0
1.0
1.0
1.0
1.0
275.0
275.0
275.0
275.0
275.0
275.0
275.0
275.0
275.0
275.0
275.0
275.0
276.0
276.0
275.0
276.0
276.0
146.0
275.0
146.0
276.0
276.0
275.0
275.0
275.0
275.0
275.0
146.0
275.0
146.0
313.0
312.0
314.0
313.0
324.0
324.0
323.0
183.0
327.0
183.0
157.0
157.0
157.0
157.0
158.0
156.0
146.0
146.0
147.0
146.0
146.0
146.0
146.0
145.0
146.0
146.0
146.0
146.0
146.0
146.0
146.0
146.0
146.0
146.0
146.0
146.0
145.0
145.0
145.0
145.0
146.0
146.0
146.0
145.0
146.0
146.0
146.0
146.0
146.0
146.0
146.0
145.0
146.0
146.0
146.0
146.0
146.0
146.0
146.0
146.0
147.0
146.0
147.0
147.0
147.0
146.0
177.0
178.0
178.0
177.0
306.0
307.0
306.0
306.0
306.0
306.0
276.0
276.0
276.0
276.0
276.0
275.0
276.0
276.0
276.0
276.0
274.0
145.0
354.0
145.0
354.0
354.0
354.0
353.0
353.0
353.0
353.0
225.0
357.0
145.0
277.0
277.0
277.0
278.0
278.0
278.0
277.0
148.0
277.0
146.0
146.0
146.0
145.0
146.0
146.0
146.0
146.0
146.0
146.0
146.0
146.0
145.0
145.0
146.0
146.0
145.0
145.0
145.0
146.0
146.0
146.0
146.0
146.0
146.0
146.0
146.0
146.0
146.0
145.0
145.0
146.0
146.0
173.0
173.0
173.0
173.0
174.0
174.0
174.0
175.0
176.0
176.0
148.0
148.0
148.0
149.0
148.0
148.0
148.0
148.0
146.0
147.0
146.0
146.0
146.0
146.0
146.0
146.0
146.0
146.0
275.0
275.0
277.0
277.0
277.0
277.0
277.0
277.0
278.0
277.0
277.0
277.0
275.0
276.0
275.0
275.0
275.0
146.0
275.0
146.0
275.0
275.0
304.0
303.0
306.0
307.0
306.0
146.0
307.0
146.0
307.0
307.0
307.0
307.0
279.0
279.0
275.0
146.0
275.0
146.0
146.0
146.0
146.0
145.0
146.0
146.0
146.0
145.0
146.0
146.0
146.0
146.0
146.0
145.0
145.0
146.0
146.0
147.0
146.0
146.0
146.0
146.0
146.0
147.0
145.0
146.0
146.0
146.0
146.0
146.0
146.0
145.0
146.0
146.0
145.0
145.0
145.0
146.0
146.0
146.0
174.0
175.0
174.0
174.0
175.0
175.0
175.0
175.0
175.0
175.0
148.0
148.0
148.0
148.0
147.0
148.0
148.0
148.0
148.0
149.0
278.0
278.0
278.0
278.0
277.0
278.0
277.0
278.0
277.0
276.0
276.0
276.0
276.0
276.0
276.0
275.0
277.0
146.0
276.0
147.0
276.0
275.0
276.0
276.0
276.0
276.0
276.0
146.0
276.0
146.0
385.0
385.0
386.0
386.0
386.0
386.0
386.0
256.0
387.0
255.0
147.0
147.0
147.0
147.0
147.0
146.0
145.0
146.0
146.0
146.0
146.0
146.0
146.0
147.0
146.0
147.0
147.0
146.0
147.0
147.0
147.0
147.0
147.0
147.0
147.0
146.0
146.0
146.0
146.0
147.0
146.0
146.0
146.0
146.0
145.0
146.0
146.0
146.0
146.0
145.0
146.0
146.0
146.0
146.0
146.0
146.0
146.0
146.0
146.0
146.0
146.0
146.0
146.0
146.0
178.0
178.0
178.0
178.0
178.0
179.0
308.0
308.0
308.0
309.0
276.0
276.0
276.0
276.0
276.0
276.0
276.0
275.0
275.0
275.0
275.0
275.0
275.0
146.0
275.0
145.0
275.0
274.0
275.0
274.0
275.0
276.0
275.0
145.0
275.0
146.0
309.0
308.0
308.0
307.0
308.0
309.0
308.0
146.0
308.0
178.0
178.0
145.0
146.0
146.0
146.0
145.0
146.0
145.0
146.0
146.0
147.0
147.0
147.0
147.0
147.0
147.0
147.0
146.0
146.0
147.0
146.0
146.0
146.0
146.0
145.0
145.0
146.0
146.0
145.0
146.0
145.0
146.0
145.0
146.0
145.0
145.0
146.0
146.0
146.0
146.0
145.0
146.0
146.0
146.0
146.0
146.0
146.0
145.0
146.0
146.0
146.0
146.0
146.0
146.0
146.0
146.0
146.0
146.0
146.0
145.0
307.0
306.0
307.0
306.0
307.0
307.0
306.0
306.0
306.0
307.0
275.0
275.0
275.0
275.0
275.0
275.0
275.0
146.0
276.0
146.0
275.0
275.0
275.0
275.0
275.0
275.0
275.0
146.0
275.0
145.0
275.0
276.0
276.0
275.0
304.0
306.0
305.0
145.0
305.0
146.0
176.0
176.0
176.0
176.0
176.0
176.0
224.0
223.0
224.0
224.0
223.0
223.0
223.0
223.0
223.0
223.0
146.0
146.0
145.0
146.0
146.0
146.0
146.0
145.0
145.0
146.0
145.0
145.0
146.0
145.0
145.0
145.0
146.0
146.0
146.0
146.0
145.0
146.0
145.0
146.0
146.0
146.0
146.0
146.0
146.0
146.0
146.0
146.0
146.0
146.0
147.0
147.0
146.0
147.0
148.0
147.0
148.0
147.0
148.0
148.0
277.0
277.0
277.0
277.0
277.0
276.0
306.0
306.0
306.0
306.0
306.0
306.0
306.0
305.0
305.0
306.0
275.0
145.0
275.0
146.0
275.0
275.0
274.0
275.0
275.0
275.0
275.0
146.0
275.0
145.0
275.0
276.0
275.0
276.0
275.0
275.0
276.0
146.0
275.0
146.0
146.0
146.0
145.0
145.0
145.0
145.0
145.0
146.0
146.0
145.0
145.0
146.0
177.0
177.0
177.0
177.0
176.0
177.0
176.0
177.0
176.0
177.0
146.0
146.0
146.0
145.0
145.0
145.0
146.0
146.0
146.0
146.0
145.0
145.0
146.0
146.0
146.0
146.0
146.0
145.0
146.0
146.0
146.0
146.0
145.0
146.0
146.0
146.0
145.0
146.0
146.0
146.0
145.0
145.0
145.0
145.0
146.0
146.0
146.0
147.0
275.0
276.0
276.0
276.0
276.0
276.0
275.0
275.0
276.0
275.0
305.0
306.0
305.0
305.0
305.0
306.0
305.0
177.0
305.0
176.0
275.0
275.0
276.0
275.0
275.0
275.0
275.0
146.0
275.0
146.0
277.0
277.0
277.0
277.0
276.0
276.0
276.0
147.0
276.0
147.0
146.0
145.0
146.0
145.0
146.0
145.0
146.0
145.0
146.0
146.0
146.0
146.0
145.0
145.0
145.0
146.0
146.0
146.0
177.0
252.0
252.0
252.0
252.0
252.0
252.0
252.0
252.0
252.0
220.0
145.0
146.0
146.0
146.0
146.0
146.0
146.0
145.0
146.0
145.0
146.0
146.0
145.0
146.0
146.0
146.0
145.0
145.0
146.0
148.0
151.0
153.0
155.0
155.0
155.0
156.0
157.0
153.0
159.0
163.0
163.0
298.0
299.0
297.0
297.0
297.0
297.0
296.0
295.0
286.0
283.0
306.0
306.0
306.0
307.0
306.0
306.0
306.0
146.0
306.0
177.0
306.0
275.0
276.0
276.0
275.0
275.0
275.0
146.0
275.0
146.0
275.0
275.0
274.0
275.0
275.0
274.0
274.0
146.0
275.0
146.0
146.0
145.0
146.0
146.0
146.0
146.0
145.0
145.0
145.0
146.0
146.0
146.0
145.0
146.0
146.0
146.0
146.0
146.0
146.0
145.0
146.0
146.0
145.0
146.0
174.0
176.0
176.0
176.0
176.0
176.0
176.0
177.0
176.0
176.0
148.0
146.0
146.0
146.0
146.0
145.0
146.0
145.0
145.0
146.0
145.0
145.0
146.0
146.0
145.0
146.0
146.0
146.0
146.0
146.0
148.0
148.0
147.0
147.0
148.0
147.0
278.0
278.0
277.0
278.0
276.0
276.0
276.0
277.0
276.0
275.0
275.0
275.0
275.0
275.0
303.0
305.0
305.0
145.0
306.0
145.0
305.0
306.0
306.0
306.0
306.0
306.0
278.0
146.0
275.0
145.0
275.0
275.0
275.0
275.0
275.0
275.0
275.0
146.0
275.0
146.0
146.0
146.0
146.0
146.0
146.0
146.0
146.0
146.0
146.0
146.0
146.0
147.0
146.0
146.0
147.0
147.0
146.0
146.0
147.0
146.0
147.0
145.0
146.0
146.0
146.0
146.0
146.0
146.0
146.0
146.0
146.0
176.0
177.0
177.0
177.0
177.0
177.0
177.0
177.0
178.0
249.0
219.0
219.0
219.0
219.0
219.0
219.0
219.0
219.0
218.0
147.0
146.0
146.0
146.0
145.0
146.0
146.0
146.0
146.0
146.0
276.0
275.0
276.0
276.0
276.0
276.0
276.0
276.0
276.0
276.0
275.0
275.0
276.0
275.0
276.0
276.0
276.0
145.0
276.0
146.0
277.0
277.0
276.0
307.0
308.0
307.0
306.0
147.0
307.0
146.0
307.0
308.0
308.0
307.0
307.0
278.0
277.0
147.0
278.0
147.0
148.0
149.0
149.0
149.0
149.0
150.0
149.0
149.0
149.0
149.0
148.0
147.0
147.0
147.0
146.0
147.0
146.0
146.0
147.0
146.0
147.0
147.0
146.0
146.0
146.0
146.0
146.0
146.0
146.0
146.0
146.0
146.0
146.0
147.0
146.0
147.0
146.0
146.0
146.0
146.0
146.0
146.0
147.0
146.0
147.0
146.0
175.0
176.0
176.0
176.0
177.0
177.0
176.0
176.0
176.0
176.0
147.0
145.0
146.0
146.0
276.0
276.0
277.0
277.0
277.0
277.0
277.0
277.0
276.0
276.0
275.0
275.0
275.0
275.0
275.0
275.0
275.0
145.0
274.0
146.0
275.0
275.0
275.0
275.0
275.0
276.0
276.0
145.0
276.0
145.0
306.0
305.0
306.0
306.0
306.0
305.0
306.0
176.0
305.0
175.0
146.0
147.0
145.0
146.0
146.0
145.0
145.0
146.0
146.0
146.0
145.0
145.0
146.0
145.0
146.0
146.0
146.0
146.0
146.0
145.0
147.0
146.0
146.0
146.0
145.0
146.0
146.0
146.0
146.0
146.0
146.0
146.0
145.0
146.0
145.0
145.0
146.0
146.0
146.0
145.0
146.0
146.0
146.0
146.0
146.0
146.0
146.0
146.0
146.0
146.0
145.0
146.0
174.0
177.0
177.0
177.0
177.0
177.0
178.0
178.0
378.0
378.0
349.0
346.0
345.0
346.0
346.0
346.0
345.0
346.0
276.0
275.0
275.0
275.0
276.0
275.0
276.0
146.0
275.0
146.0
275.0
275.0
275.0
275.0
275.0
274.0
275.0
146.0
275.0
145.0
275.0
275.0
276.0
275.0
276.0
276.0
304.0
146.0
306.0
146.0
177.0
177.0
177.0
177.0
177.0
177.0
176.0
176.0
148.0
146.0
146.0
145.0
146.0
145.0
145.0
146.0
146.0
146.0
146.0
146.0
146.0
146.0
145.0
146.0
145.0
145.0
146.0
145.0
146.0
145.0
145.0
146.0
146.0
146.0
146.0
146.0
145.0
146.0
145.0
146.0
146.0
145.0
146.0
146.0
146.0
146.0
146.0
146.0
146.0
146.0
146.0
146.0
146.0
146.0
145.0
146.0
146.0
146.0
146.0
146.0
307.0
307.0
306.0
306.0
306.0
306.0
306.0
306.0
306.0
306.0
275.0
275.0
275.0
276.0
275.0
275.0
276.0
145.0
275.0
145.0
275.0
275.0
276.0
275.0
276.0
275.0
275.0
146.0
275.0
146.0
275.0
277.0
276.0
276.0
276.0
276.0
276.0
146.0
277.0
146.0
147.0
147.0
147.0
146.0
174.0
176.0
177.0
177.0
176.0
176.0
177.0
177.0
176.0
176.0
148.0
145.0
145.0
145.0
145.0
146.0
146.0
146.0
145.0
146.0
146.0
146.0
146.0
145.0
146.0
145.0
146.0
146.0
146.0
146.0
146.0
146.0
146.0
146.0
146.0
145.0
145.0
146.0
146.0
145.0
146.0
146.0
146.0
146.0
146.0
146.0
146.0
146.0
146.0
147.0
145.0
146.0
146.0
145.0
145.0
146.0
275.0
275.0
276.0
275.0
303.0
305.0
305.0
306.0
306.0
306.0
375.0
374.0
374.0
375.0
345.0
344.0
343.0
214.0
344.0
214.0
275.0
276.0
276.0
275.0
275.0
275.0
275.0
146.0
275.0
146.0
275.0
275.0
275.0
275.0
275.0
275.0
275.0
147.0
275.0
146.0
145.0
145.0
146.0
145.0
145.0
146.0
145.0
145.0
146.0
146.0
146.0
146.0
146.0
146.0
146.0
146.0
146.0
145.0
146.0
176.0
176.0
177.0
176.0
176.0
176.0
176.0
177.0
176.0
176.0
146.0
146.0
146.0
146.0
147.0
146.0
146.0
145.0
146.0
146.0
145.0
146.0
145.0
145.0
145.0
146.0
146.0
146.0
146.0
146.0
146.0
146.0
146.0
146.0
146.0
145.0
146.0
146.0
147.0
146.0
147.0
278.0
278.0
278.0
278.0
278.0
278.0
278.0
278.0
278.0
277.0
306.0
307.0
307.0
307.0
306.0
307.0
306.0
146.0
306.0
177.0
306.0
276.0
275.0
275.0
275.0
275.0
275.0
145.0
275.0
146.0
283.0
281.0
280.0
287.0
286.0
288.0
288.0
149.0
288.0
152.0
156.0
154.0
155.0
154.0
154.0
153.0
152.0
150.0
149.0
150.0
150.0
148.0
149.0
149.0
148.0
145.0
145.0
146.0
146.0
146.0
146.0
146.0
146.0
146.0
146.0
177.0
176.0
177.0
176.0
176.0
177.0
177.0
176.0
177.0
177.0
146.0
146.0
146.0
146.0
145.0
146.0
146.0
145.0
145.0
146.0
146.0
146.0
145.0
146.0
145.0
145.0
146.0
147.0
146.0
146.0
146.0
145.0
146.0
145.0
146.0
276.0
276.0
275.0
276.0
276.0
276.0
275.0
276.0
275.0
275.0
276.0
276.0
276.0
276.0
276.0
306.0
309.0
146.0
307.0
147.0
373.0
372.0
373.0
372.0
373.0
373.0
372.0
213.0
342.0
212.0
277.0
277.0
278.0
276.0
277.0
277.0
276.0
146.0
277.0
147.0
148.0
146.0
146.0
145.0
145.0
146.0
145.0
146.0
146.0
145.0
145.0
146.0
146.0
145.0
146.0
146.0
146.0
145.0
146.0
146.0
146.0
146.0
145.0
146.0
146.0
146.0
146.0
146.0
146.0
146.0
146.0
145.0
146.0
146.0
146.0
146.0
146.0
146.0
145.0
146.0
175.0
177.0
177.0
177.0
177.0
177.0
177.0
177.0
178.0
177.0
148.0
146.0
146.0
146.0
145.0
145.0
146.0
146.0
146.0
146.0
275.0
276.0
275.0
275.0
276.0
276.0
275.0
275.0
275.0
275.0
275.0
275.0
276.0
275.0
275.0
275.0
275.0
146.0
276.0
146.0
276.0
276.0
275.0
306.0
305.0
306.0
306.0
145.0
306.0
146.0
306.0
306.0
306.0
305.0
306.0
276.0
276.0
146.0
275.0
146.0
146.0
146.0
145.0
146.0
146.0
146.0
145.0
146.0
145.0
146.0
145.0
146.0
146.0
145.0
146.0
146.0
146.0
145.0
146.0
146.0
146.0
146.0
146.0
146.0
146.0
146.0
146.0
146.0
145.0
146.0
146.0
145.0
146.0
146.0
146.0
146.0
146.0
146.0
146.0
146.0
145.0
146.0
145.0
146.0
146.0
146.0
146.0
176.0
176.0
175.0
177.0
176.0
176.0
176.0
176.0
176.0
176.0
146.0
146.0
148.0
276.0
276.0
277.0
276.0
277.0
277.0
277.0
276.0
276.0
275.0
275.0
275.0
274.0
276.0
275.0
275.0
275.0
145.0
275.0
145.0
275.0
275.0
276.0
275.0
275.0
275.0
275.0
146.0
275.0
145.0
371.0
371.0
370.0
371.0
370.0
371.0
372.0
241.0
371.0
242.0
147.0
146.0
146.0
146.0
147.0
147.0
147.0
146.0
146.0
146.0
146.0
146.0
146.0
146.0
146.0
145.0
145.0
146.0
146.0
146.0
146.0
146.0
146.0
146.0
145.0
146.0
146.0
145.0
145.0
145.0
146.0
145.0
146.0
145.0
146.0
145.0
146.0
146.0
146.0
146.0
146.0
146.0
145.0
146.0
146.0
146.0
146.0
146.0
145.0
146.0
146.0
146.0
146.0
138.0
138.0
131.0
130.0
130.0
129.0
127.0
