1.0
0.0
1.0
1.0
0.0
1.0
0.0
1.0
0.0
0.0
0.0
1.0
0.0
148.0
148.0
84.0
149.0
83.0
82.0
83.0
151.0
151.0
150.0
83.0
84.0
83.0
82.0
150.0
143.0
102.0
1.0
1.0
1.0
102.0
140.0
149.0
82.0
82.0
80.0
82.0
67.0
82.0
82.0
82.0
82.0
82.0
85.0
82.0
167.0
169.0
0.0
1.0
0.0
67.0
82.0
82.0
82.0
82.0
83.0
100.0
101.0
88.0
101.0
101.0
101.0
100.0
101.0
150.0
67.0
149.0
0.0
0.0
1.0
83.0
82.0
81.0
83.0
81.0
82.0
82.0
66.0
82.0
81.0
82.0
82.0
82.0
82.0
82.0
67.0
149.0
1.0
1.0
0.0
150.0
81.0
82.0
70.0
82.0
82.0
82.0
82.0
82.0
81.0
91.0
86.0
82.0
82.0
83.0
82.0
93.0
1.0
0.0
1.0
82.0
87.0
82.0
67.0
67.0
82.0
82.0
82.0
82.0
82.0
85.0
82.0
67.0
82.0
89.0
82.0
82.0
1.0
1.0
0.0
81.0
82.0
82.0
107.0
82.0
66.0
82.0
90.0
82.0
82.0
83.0
83.0
82.0
72.0
82.0
72.0
82.0
1.0
0.0
0.0
71.0
71.0
82.0
82.0
82.0
81.0
87.0
82.0
72.0
80.0
107.0
71.0
79.0
79.0
79.0
79.0
104.0
0.0
1.0
0.0
78.0
72.0
79.0
72.0
79.0
79.0
79.0
79.0
73.0
75.0
79.0
74.0
79.0
74.0
87.0
79.0
79.0
0.0
1.0
0.0
99.0
79.0
74.0
78.0
74.0
99.0
95.0
99.0
99.0
99.0
154.0
98.0
97.0
145.0
97.0
72.0
74.0
1.0
1.0
0.0
1.0
0.0
1.0
0.0
0.0
1.0
0.0
0.0
0.0
1.0
0.0
1.0
0.0
1.0
1.0
1.0
1.0
1.0
1.0
1.0
0.0
1.0
1.0
1.0
0.0
1.0
0.0
82.0
153.0
83.0
153.0
84.0
84.0
136.0
151.0
137.0
151.0
82.0
83.0
82.0
83.0
67.0
82.0
151.0
151.0
90.0
90.0
82.0
82.0
82.0
81.0
66.0
83.0
83.0
83.0
79.0
82.0
82.0
83.0
68.0
118.0
117.0
83.0
82.0
82.0
66.0
82.0
82.0
81.0
66.0
83.0
67.0
68.0
82.0
82.0
82.0
82.0
83.0
82.0
82.0
67.0
82.0
69.0
83.0
83.0
83.0
82.0
82.0
82.0
74.0
72.0
71.0
82.0
82.0
82.0
82.0
72.0
83.0
82.0
82.0
71.0
73.0
83.0
71.0
81.0
82.0
82.0
82.0
81.0
81.0
72.0
72.0
80.0
74.0
80.0
79.0
74.0
79.0
79.0
73.0
79.0
74.0
97.0
101.0
97.0
97.0
100.0
101.0
100.0
101.0
100.0
98.0
74.0
80.0
73.0
74.0
79.0
80.0
79.0
79.0
79.0
75.0
74.0
77.0
74.0
74.0
78.0
77.0
77.0
77.0
75.0
77.0
77.0
76.0
76.0
76.0
76.0
76.0
76.0
77.0
77.0
76.0
76.0
77.0
76.0
76.0
77.0
76.0
77.0
77.0
78.0
76.0
76.0
77.0
76.0
76.0
78.0
78.0
77.0
77.0
77.0
78.0
76.0
77.0
76.0
77.0
76.0
77.0
77.0
77.0
76.0
76.0
77.0
77.0
77.0
76.0
76.0
0.0
1.0
0.0
1.0
0.0
0.0
1.0
1.0
0.0
0.0
1.0
1.0
0.0
0.0
0.0
1.0
1.0
1.0
0.0
0.0
0.0
0.0
1.0
1.0
0.0
0.0
0.0
0.0
1.0
1.0
77.0
77.0
77.0
77.0
76.0
76.0
76.0
76.0
76.0
76.0
76.0
76.0
76.0
76.0
77.0
77.0
77.0
76.0
76.0
75.0
76.0
76.0
76.0
76.0
76.0
76.0
77.0
76.0
76.0
77.0
76.0
77.0
77.0
77.0
78.0
77.0
76.0
78.0
77.0
76.0
76.0
76.0
76.0
77.0
76.0
76.0
76.0
76.0
76.0
77.0
77.0
77.0
77.0
77.0
77.0
100.0
100.0
100.0
100.0
100.0
99.0
99.0
100.0
102.0
99.0
77.0
76.0
77.0
76.0
77.0
77.0
78.0
77.0
77.0
76.0
77.0
77.0
77.0
76.0
76.0
78.0
76.0
76.0
76.0
76.0
75.0
76.0
76.0
76.0
76.0
76.0
76.0
76.0
76.0
75.0
76.0
76.0
76.0
77.0
76.0
77.0
76.0
76.0
76.0
76.0
76.0
76.0
133.0
131.0
133.0
131.0
132.0
133.0
133.0
132.0
131.0
133.0
77.0
77.0
77.0
77.0
77.0
77.0
75.0
76.0
77.0
76.0
76.0
77.0
77.0
76.0
77.0
75.0
76.0
76.0
77.0
76.0
76.0
77.0
77.0
76.0
76.0
77.0
77.0
76.0
76.0
77.0
77.0
76.0
76.0
77.0
76.0
75.0
76.0
77.0
76.0
76.0
76.0
76.0
77.0
77.0
76.0
76.0
77.0
76.0
76.0
76.0
76.0
76.0
76.0
1.0
0.0
0.0
1.0
1.0
1.0
0.0
0.0
0.0
1.0
1.0
1.0
0.0
0.0
0.0
1.0
1.0
1.0
0.0
0.0
0.0
0.0
1.0
1.0
1.0
0.0
0.0
0.0
0.0
0.0
77.0
76.0
76.0
77.0
77.0
76.0
76.0
76.0
76.0
76.0
76.0
77.0
76.0
77.0
76.0
76.0
76.0
76.0
76.0
75.0
76.0
75.0
76.0
76.0
76.0
76.0
76.0
76.0
78.0
75.0
76.0
76.0
76.0
76.0
77.0
76.0
76.0
77.0
76.0
76.0
76.0
76.0
76.0
77.0
77.0
76.0
75.0
76.0
77.0
76.0
76.0
76.0
76.0
76.0
77.0
76.0
76.0
76.0
75.0
76.0
76.0
76.0
77.0
76.0
77.0
76.0
76.0
76.0
76.0
98.0
99.0
99.0
98.0
99.0
99.0
99.0
100.0
100.0
99.0
77.0
76.0
76.0
77.0
77.0
76.0
77.0
76.0
76.0
76.0
76.0
76.0
75.0
75.0
76.0
75.0
75.0
76.0
77.0
78.0
79.0
84.0
81.0
81.0
80.0
82.0
82.0
83.0
83.0
82.0
80.0
80.0
79.0
80.0
80.0
79.0
79.0
78.0
78.0
78.0
79.0
79.0
78.0
79.0
78.0
78.0
78.0
79.0
78.0
79.0
80.0
79.0
79.0
80.0
78.0
80.0
79.0
78.0
79.0
81.0
81.0
78.0
81.0
79.0
81.0
80.0
79.0
78.0
78.0
80.0
81.0
78.0
79.0
78.0
80.0
80.0
79.0
78.0
78.0
80.0
80.0
78.0
79.0
81.0
80.0
80.0
79.0
79.0
79.0
81.0
81.0
1.0
0.0
1.0
0.0
1.0
0.0
1.0
0.0
0.0
1.0
1.0
0.0
0.0
1.0
1.0
0.0
0.0
1.0
1.0
0.0
0.0
0.0
1.0
1.0
1.0
0.0
0.0
0.0
1.0
1.0
79.0
79.0
83.0
82.0
81.0
79.0
78.0
78.0
79.0
79.0
77.0
77.0
78.0
78.0
78.0
77.0
76.0
76.0
76.0
76.0
76.0
75.0
76.0
76.0
76.0
75.0
97.0
97.0
98.0
100.0
99.0
100.0
99.0
99.0
100.0
100.0
78.0
78.0
77.0
76.0
76.0
76.0
76.0
77.0
76.0
76.0
76.0
76.0
76.0
76.0
75.0
76.0
76.0
76.0
77.0
76.0
76.0
75.0
76.0
76.0
75.0
76.0
76.0
76.0
76.0
76.0
76.0
77.0
76.0
76.0
76.0
76.0
76.0
76.0
76.0
76.0
76.0
75.0
76.0
76.0
76.0
76.0
76.0
76.0
76.0
76.0
77.0
76.0
76.0
77.0
76.0
75.0
76.0
76.0
77.0
76.0
76.0
76.0
77.0
76.0
76.0
76.0
76.0
76.0
76.0
76.0
75.0
76.0
76.0
76.0
76.0
76.0
77.0
76.0
77.0
76.0
76.0
76.0
77.0
76.0
76.0
76.0
76.0
76.0
76.0
77.0
76.0
76.0
77.0
77.0
76.0
77.0
76.0
76.0
76.0
75.0
76.0
76.0
76.0
76.0
77.0
76.0
76.0
76.0
76.0
75.0
76.0
76.0
76.0
76.0
76.0
76.0
76.0
76.0
76.0
75.0
76.0
76.0
98.0
99.0
100.0
100.0
100.0
100.0
100.0
100.0
100.0
99.0
78.0
76.0
0.0
1.0
0.0
0.0
1.0
1.0
0.0
0.0
1.0
1.0
0.0
0.0
1.0
1.0
0.0
0.0
1.0
1.0
0.0
0.0
1.0
1.0
0.0
0.0
0.0
0.0
1.0
1.0
1.0
1.0
75.0
76.0
76.0
76.0
77.0
76.0
75.0
75.0
76.0
76.0
75.0
76.0
76.0
75.0
76.0
75.0
76.0
76.0
77.0
76.0
76.0
76.0
76.0
76.0
76.0
76.0
76.0
76.0
76.0
76.0
76.0
76.0
76.0
76.0
77.0
76.0
76.0
76.0
76.0
76.0
75.0
76.0
76.0
76.0
76.0
76.0
76.0
76.0
77.0
76.0
75.0
76.0
76.0
76.0
76.0
76.0
76.0
76.0
76.0
76.0
76.0
76.0
76.0
76.0
76.0
76.0
76.0
76.0
77.0
76.0
76.0
76.0
76.0
76.0
76.0
76.0
76.0
76.0
76.0
76.0
76.0
76.0
76.0
76.0
76.0
76.0
76.0
76.0
77.0
77.0
76.0
76.0
76.0
76.0
77.0
76.0
76.0
77.0
76.0
76.0
77.0
76.0
76.0
77.0
76.0
77.0
76.0
76.0
77.0
77.0
76.0
76.0
76.0
77.0
77.0
75.0
76.0
75.0
99.0
99.0
100.0
99.0
100.0
99.0
99.0
100.0
100.0
100.0
78.0
77.0
76.0
76.0
76.0
77.0
76.0
76.0
76.0
76.0
76.0
134.0
135.0
135.0
135.0
134.0
134.0
136.0
135.0
135.0
136.0
77.0
76.0
75.0
77.0
77.0
76.0
76.0
77.0
76.0
76.0
77.0
75.0
76.0
77.0
78.0
77.0
77.0
76.0
77.0
77.0
76.0
1.0
0.0
1.0
1.0
0.0
0.0
1.0
1.0
0.0
0.0
1.0
1.0
1.0
0.0
0.0
0.0
0.0
0.0
1.0
1.0
1.0
0.0
0.0
0.0
0.0
0.0
1.0
1.0
1.0
1.0
76.0
76.0
77.0
76.0
77.0
77.0
76.0
76.0
76.0
76.0
76.0
76.0
77.0
76.0
76.0
76.0
76.0
77.0
77.0
76.0
76.0
75.0
77.0
77.0
76.0
76.0
76.0
76.0
76.0
76.0
76.0
76.0
76.0
76.0
76.0
76.0
76.0
76.0
76.0
76.0
76.0
76.0
76.0
76.0
76.0
76.0
76.0
76.0
78.0
76.0
76.0
76.0
76.0
77.0
78.0
76.0
76.0
76.0
76.0
76.0
76.0
76.0
76.0
76.0
76.0
76.0
76.0
76.0
76.0
76.0
76.0
76.0
76.0
77.0
75.0
76.0
76.0
76.0
76.0
76.0
76.0
76.0
76.0
76.0
76.0
75.0
76.0
76.0
76.0
76.0
76.0
76.0
75.0
76.0
76.0
77.0
76.0
76.0
76.0
76.0
97.0
97.0
96.0
98.0
98.0
98.0
99.0
99.0
100.0
100.0
78.0
78.0
78.0
78.0
78.0
77.0
76.0
76.0
76.0
76.0
76.0
76.0
76.0
76.0
76.0
76.0
76.0
76.0
77.0
76.0
76.0
76.0
76.0
76.0
76.0
76.0
75.0
76.0
76.0
76.0
76.0
76.0
76.0
76.0
77.0
75.0
75.0
76.0
76.0
76.0
76.0
76.0
76.0
76.0
76.0
76.0
76.0
76.0
77.0
77.0
76.0
76.0
76.0
76.0
76.0
76.0
76.0
77.0
75.0
76.0
1.0
1.0
0.0
0.0
0.0
0.0
1.0
1.0
0.0
0.0
0.0
0.0
1.0
1.0
1.0
0.0
0.0
0.0
1.0
1.0
1.0
0.0
0.0
0.0
1.0
1.0
1.0
1.0
0.0
0.0
76.0
76.0
76.0
76.0
76.0
76.0
76.0
75.0
77.0
77.0
76.0
76.0
77.0
77.0
77.0
76.0
77.0
77.0
77.0
76.0
76.0
76.0
76.0
76.0
76.0
76.0
76.0
77.0
76.0
76.0
76.0
76.0
76.0
76.0
76.0
76.0
76.0
76.0
76.0
75.0
76.0
76.0
76.0
76.0
76.0
76.0
75.0
75.0
77.0
77.0
77.0
77.0
76.0
77.0
76.0
77.0
77.0
77.0
76.0
76.0
76.0
76.0
77.0
76.0
77.0
99.0
99.0
99.0
101.0
100.0
100.0
99.0
100.0
100.0
100.0
76.0
76.0
76.0
77.0
77.0
77.0
76.0
76.0
77.0
77.0
75.0
76.0
76.0
76.0
76.0
76.0
77.0
76.0
76.0
77.0
76.0
76.0
76.0
76.0
76.0
75.0
76.0
76.0
76.0
76.0
76.0
76.0
76.0
76.0
76.0
76.0
76.0
76.0
76.0
76.0
76.0
76.0
76.0
77.0
76.0
77.0
76.0
76.0
78.0
76.0
77.0
77.0
77.0
76.0
76.0
76.0
76.0
76.0
75.0
77.0
76.0
76.0
75.0
78.0
78.0
77.0
78.0
80.0
77.0
79.0
76.0
76.0
77.0
76.0
76.0
76.0
76.0
76.0
76.0
76.0
76.0
76.0
75.0
77.0
76.0
78.0
76.0
76.0
75.0
76.0
76.0
76.0
75.0
76.0
76.0
0.0
1.0
1.0
1.0
0.0
0.0
0.0
1.0
1.0
1.0
0.0
0.0
0.0
0.0
0.0
1.0
1.0
1.0
0.0
0.0
0.0
0.0
0.0
1.0
1.0
1.0
1.0
0.0
0.0
0.0
76.0
76.0
76.0
76.0
77.0
76.0
76.0
76.0
76.0
76.0
76.0
76.0
76.0
77.0
76.0
76.0
76.0
76.0
76.0
76.0
76.0
76.0
76.0
76.0
76.0
76.0
97.0
98.0
102.0
101.0
101.0
101.0
101.0
100.0
101.0
101.0
79.0
79.0
76.0
77.0
77.0
77.0
76.0
77.0
75.0
76.0
75.0
76.0
76.0
76.0
76.0
76.0
76.0
76.0
76.0
76.0
75.0
76.0
77.0
76.0
77.0
75.0
76.0
76.0
76.0
76.0
76.0
76.0
76.0
75.0
75.0
76.0
76.0
76.0
77.0
76.0
76.0
76.0
76.0
76.0
76.0
75.0
76.0
76.0
75.0
76.0
76.0
76.0
77.0
77.0
77.0
76.0
77.0
77.0
77.0
77.0
76.0
76.0
77.0
76.0
76.0
77.0
76.0
77.0
76.0
76.0
77.0
76.0
76.0
76.0
76.0
76.0
76.0
76.0
76.0
76.0
75.0
75.0
76.0
76.0
76.0
75.0
76.0
77.0
76.0
77.0
75.0
76.0
77.0
76.0
77.0
75.0
76.0
76.0
76.0
76.0
76.0
76.0
76.0
76.0
76.0
75.0
76.0
76.0
76.0
76.0
76.0
76.0
76.0
76.0
75.0
76.0
76.0
76.0
76.0
76.0
76.0
76.0
100.0
100.0
100.0
100.0
99.0
99.0
101.0
100.0
99.0
99.0
76.0
75.0
1.0
1.0
1.0
0.0
0.0
0.0
1.0
1.0
1.0
0.0
0.0
0.0
0.0
0.0
1.0
1.0
1.0
0.0
0.0
0.0
0.0
0.0
0.0
1.0
1.0
1.0
1.0
1.0
0.0
0.0
76.0
76.0
76.0
76.0
76.0
76.0
76.0
137.0
139.0
141.0
139.0
140.0
140.0
141.0
140.0
140.0
139.0
77.0
76.0
77.0
76.0
78.0
78.0
76.0
77.0
76.0
77.0
76.0
76.0
77.0
76.0
78.0
76.0
76.0
77.0
77.0
76.0
76.0
76.0
77.0
75.0
75.0
76.0
76.0
77.0
76.0
77.0
77.0
76.0
76.0
76.0
76.0
76.0
77.0
77.0
77.0
76.0
76.0
76.0
77.0
76.0
77.0
77.0
76.0
77.0
77.0
77.0
78.0
77.0
77.0
77.0
76.0
77.0
76.0
76.0
78.0
77.0
77.0
76.0
77.0
76.0
76.0
76.0
76.0
76.0
76.0
76.0
77.0
77.0
77.0
76.0
78.0
77.0
77.0
76.0
76.0
76.0
77.0
76.0
76.0
78.0
76.0
76.0
77.0
77.0
77.0
78.0
77.0
77.0
77.0
76.0
76.0
77.0
77.0
77.0
77.0
77.0
79.0
77.0
78.0
77.0
76.0
76.0
76.0
76.0
77.0
77.0
76.0
77.0
77.0
77.0
76.0
76.0
77.0
77.0
77.0
78.0
99.0
100.0
100.0
101.0
100.0
100.0
100.0
100.0
101.0
100.0
78.0
77.0
76.0
78.0
76.0
77.0
77.0
76.0
76.0
76.0
77.0
77.0
77.0
76.0
76.0
76.0
76.0
77.0
75.0
76.0
76.0
76.0
76.0
1.0
0.0
1.0
0.0
0.0
0.0
1.0
1.0
1.0
0.0
0.0
0.0
0.0
1.0
1.0
1.0
0.0
0.0
0.0
1.0
1.0
1.0
1.0
0.0
0.0
0.0
0.0
0.0
0.0
1.0
77.0
77.0
77.0
77.0
76.0
77.0
77.0
78.0
76.0
77.0
76.0
76.0
76.0
77.0
77.0
77.0
76.0
76.0
76.0
76.0
76.0
77.0
76.0
76.0
77.0
76.0
77.0
76.0
76.0
76.0
76.0
76.0
76.0
76.0
76.0
77.0
76.0
75.0
76.0
77.0
76.0
76.0
77.0
77.0
77.0
76.0
76.0
77.0
77.0
76.0
77.0
76.0
76.0
76.0
77.0
77.0
77.0
76.0
76.0
76.0
76.0
78.0
77.0
76.0
76.0
76.0
77.0
76.0
77.0
77.0
76.0
77.0
75.0
76.0
76.0
76.0
76.0
76.0
76.0
76.0
76.0
78.0
76.0
77.0
76.0
77.0
76.0
76.0
76.0
76.0
76.0
77.0
77.0
77.0
76.0
76.0
76.0
76.0
103.0
103.0
103.0
103.0
102.0
103.0
102.0
102.0
104.0
103.0
77.0
76.0
76.0
77.0
77.0
76.0
76.0
76.0
76.0
76.0
77.0
77.0
77.0
76.0
76.0
77.0
76.0
77.0
76.0
78.0
78.0
78.0
76.0
76.0
78.0
79.0
79.0
78.0
77.0
76.0
76.0
76.0
76.0
78.0
76.0
76.0
76.0
76.0
76.0
76.0
77.0
77.0
76.0
76.0
76.0
76.0
77.0
76.0
77.0
76.0
77.0
77.0
76.0
76.0
76.0
76.0
77.0
76.0
76.0
77.0
69.0
69.0
