14.0
12.0
11.0
11.0
11.0
11.0
11.0
12.0
11.0
11.0
68.0
258.0
578.0
577.0
578.0
578.0
577.0
578.0
579.0
579.0
578.0
574.0
570.0
570.0
571.0
571.0
571.0
570.0
571.0
570.0
111.0
250.0
607.0
566.0
605.0
606.0
606.0
606.0
607.0
605.0
676.0
676.0
566.0
567.0
567.0
566.0
568.0
566.0
566.0
565.0
67.0
250.0
607.0
567.0
568.0
609.0
568.0
567.0
571.0
567.0
567.0
568.0
569.0
610.0
613.0
568.0
610.0
611.0
611.0
611.0
71.0
213.0
533.0
532.0
531.0
532.0
534.0
531.0
532.0
532.0
532.0
532.0
531.0
532.0
573.0
532.0
534.0
573.0
529.0
530.0
66.0
249.0
566.0
608.0
608.0
567.0
569.0
566.0
611.0
567.0
608.0
609.0
607.0
568.0
566.0
566.0
607.0
608.0
568.0
567.0
29.0
171.0
531.0
531.0
530.0
573.0
573.0
572.0
530.0
531.0
533.0
571.0
530.0
530.0
572.0
530.0
531.0
531.0
531.0
529.0
72.0
172.0
531.0
532.0
573.0
577.0
532.0
532.0
531.0
531.0
530.0
573.0
531.0
572.0
531.0
532.0
531.0
532.0
531.0
531.0
71.0
170.0
530.0
530.0
572.0
530.0
530.0
530.0
530.0
574.0
570.0
572.0
529.0
571.0
530.0
530.0
529.0
535.0
572.0
533.0
30.0
212.0
531.0
532.0
533.0
532.0
531.0
573.0
576.0
573.0
530.0
532.0
530.0
573.0
530.0
531.0
573.0
532.0
531.0
533.0
33.0
216.0
535.0
576.0
534.0
535.0
534.0
536.0
535.0
533.0
533.0
534.0
567.0
518.0
512.0
503.0
498.0
497.0
444.0
431.0
145.0
286.0
613.0
613.0
612.0
613.0
614.0
612.0
613.0
613.0
540.0
538.0
535.0
535.0
535.0
535.0
535.0
534.0
534.0
534.0
65.0
207.0
531.0
585.0
552.0
553.0
556.0
551.0
551.0
552.0
551.0
551.0
552.0
545.0
531.0
531.0
532.0
533.0
531.0
531.0
68.0
210.0
534.0
581.0
578.0
532.0
532.0
532.0
532.0
532.0
532.0
532.0
531.0
534.0
534.0
533.0
583.0
582.0
582.0
583.0
66.0
255.0
581.0
580.0
535.0
532.0
532.0
533.0
533.0
532.0
533.0
532.0
534.0
532.0
531.0
532.0
532.0
581.0
531.0
530.0
31.0
174.0
497.0
496.0
496.0
499.0
497.0
499.0
499.0
504.0
500.0
499.0
499.0
499.0
499.0
498.0
499.0
499.0
498.0
499.0
29.0
171.0
497.0
497.0
497.0
497.0
497.0
544.0
545.0
544.0
545.0
497.0
495.0
495.0
495.0
495.0
543.0
495.0
495.0
494.0
33.0
175.0
499.0
499.0
499.0
499.0
499.0
499.0
498.0
498.0
498.0
498.0
498.0
499.0
499.0
497.0
497.0
545.0
500.0
497.0
32.0
173.0
496.0
495.0
497.0
497.0
541.0
540.0
540.0
494.0
495.0
493.0
494.0
496.0
494.0
493.0
495.0
494.0
493.0
494.0
37.0
178.0
500.0
500.0
499.0
503.0
500.0
544.0
500.0
499.0
500.0
499.0
500.0
501.0
545.0
545.0
544.0
501.0
499.0
500.0
34.0
176.0
497.0
497.0
496.0
496.0
497.0
496.0
496.0
496.0
497.0
496.0
495.0
496.0
496.0
496.0
496.0
497.0
496.0
497.0
37.0
179.0
498.0
499.0
543.0
543.0
542.0
543.0
499.0
499.0
499.0
499.0
500.0
499.0
500.0
500.0
500.0
501.0
500.0
502.0
35.0
177.0
498.0
499.0
497.0
542.0
498.0
497.0
497.0
496.0
497.0
497.0
497.0
541.0
541.0
497.0
499.0
497.0
497.0
497.0
24.0
210.0
485.0
490.0
487.0
487.0
486.0
485.0
486.0
486.0
486.0
486.0
487.0
531.0
487.0
488.0
486.0
486.0
489.0
486.0
22.0
208.0
485.0
528.0
485.0
484.0
485.0
485.0
484.0
485.0
484.0
484.0
484.0
484.0
485.0
485.0
484.0
486.0
485.0
485.0
13.0
167.0
167.0
166.0
122.0
122.0
122.0
122.0
122.0
121.0
122.0
122.0
122.0
122.0
123.0
122.0
122.0
122.0
122.0
167.0
12.0
165.0
164.0
165.0
165.0
164.0
165.0
165.0
165.0
165.0
120.0
120.0
120.0
120.0
119.0
120.0
120.0
119.0
119.0
120.0
12.0
70.0
70.0
69.0
69.0
70.0
70.0
69.0
70.0
69.0
70.0
70.0
70.0
70.0
71.0
70.0
70.0
69.0
70.0
70.0
10.0
68.0
67.0
115.0
115.0
114.0
115.0
114.0
115.0
114.0
115.0
114.0
116.0
69.0
68.0
68.0
68.0
68.0
68.0
68.0
12.0
12.0
11.0
12.0
11.0
11.0
12.0
12.0
11.0
12.0
12.0
12.0
12.0
11.0
11.0
12.0
11.0
12.0
12.0
12.0
10.0
9.0
10.0
10.0
10.0
9.0
10.0
10.0
10.0
10.0
10.0
9.0
10.0
10.0
9.0
9.0
9.0
10.0
10.0
10.0
66.0
257.0
532.0
532.0
533.0
533.0
532.0
532.0
532.0
533.0
532.0
531.0
582.0
579.0
578.0
579.0
578.0
577.0
578.0
578.0
112.0
206.0
531.0
576.0
528.0
528.0
528.0
527.0
528.0
527.0
528.0
529.0
528.0
531.0
531.0
531.0
531.0
531.0
530.0
531.0
66.0
257.0
533.0
591.0
543.0
551.0
597.0
597.0
597.0
599.0
596.0
596.0
597.0
538.0
538.0
529.0
530.0
531.0
530.0
530.0
65.0
206.0
529.0
527.0
529.0
528.0
529.0
576.0
528.0
528.0
529.0
529.0
528.0
530.0
576.0
576.0
575.0
529.0
575.0
574.0
29.0
218.0
494.0
540.0
539.0
495.0
499.0
493.0
494.0
494.0
540.0
494.0
494.0
494.0
494.0
494.0
493.0
494.0
494.0
540.0
28.0
169.0
492.0
492.0
492.0
492.0
495.0
492.0
492.0
493.0
492.0
492.0
491.0
491.0
491.0
490.0
536.0
535.0
535.0
535.0
76.0
173.0
496.0
496.0
497.0
497.0
495.0
495.0
497.0
499.0
496.0
497.0
496.0
496.0
539.0
539.0
542.0
539.0
493.0
493.0
30.0
171.0
492.0
493.0
536.0
536.0
494.0
493.0
492.0
492.0
492.0
492.0
491.0
535.0
493.0
492.0
491.0
492.0
491.0
492.0
34.0
220.0
541.0
541.0
501.0
500.0
507.0
502.0
503.0
503.0
502.0
503.0
503.0
501.0
500.0
501.0
505.0
500.0
498.0
544.0
34.0
220.0
541.0
498.0
498.0
499.0
499.0
505.0
503.0
544.0
543.0
499.0
500.0
500.0
500.0
499.0
543.0
543.0
548.0
499.0
35.0
178.0
501.0
500.0
501.0
544.0
545.0
544.0
498.0
505.0
503.0
500.0
500.0
500.0
543.0
500.0
502.0
500.0
502.0
502.0
34.0
221.0
507.0
545.0
543.0
500.0
502.0
500.0
502.0
501.0
501.0
498.0
542.0
498.0
503.0
498.0
497.0
497.0
497.0
497.0
22.0
207.0
529.0
491.0
486.0
485.0
486.0
485.0
487.0
530.0
530.0
529.0
485.0
493.0
488.0
487.0
488.0
531.0
530.0
487.0
13.0
154.0
479.0
479.0
478.0
475.0
476.0
475.0
518.0
474.0
475.0
474.0
480.0
474.0
475.0
519.0
519.0
519.0
475.0
475.0
12.0
120.0
120.0
120.0
163.0
163.0
164.0
163.0
163.0
120.0
120.0
120.0
119.0
120.0
120.0
119.0
120.0
119.0
119.0
120.0
11.0
119.0
119.0
119.0
119.0
119.0
119.0
119.0
164.0
164.0
163.0
163.0
164.0
163.0
163.0
163.0
164.0
164.0
119.0
119.0
10.0
68.0
68.0
68.0
68.0
68.0
68.0
68.0
68.0
68.0
68.0
68.0
68.0
68.0
68.0
68.0
69.0
69.0
69.0
68.0
9.0
67.0
67.0
67.0
67.0
68.0
67.0
67.0
67.0
67.0
112.0
113.0
113.0
113.0
112.0
112.0
113.0
112.0
112.0
112.0
10.0
10.0
10.0
10.0
9.0
9.0
10.0
9.0
10.0
10.0
10.0
10.0
9.0
9.0
10.0
10.0
10.0
10.0
10.0
10.0
9.0
8.0
9.0
9.0
9.0
9.0
9.0
9.0
9.0
9.0
9.0
9.0
9.0
9.0
9.0
9.0
9.0
9.0
9.0
9.0
65.0
208.0
531.0
531.0
531.0
531.0
532.0
531.0
532.0
531.0
531.0
578.0
576.0
576.0
576.0
576.0
576.0
576.0
576.0
577.0
112.0
206.0
529.0
574.0
528.0
528.0
528.0
527.0
527.0
528.0
527.0
527.0
574.0
528.0
575.0
572.0
573.0
573.0
573.0
572.0
65.0
252.0
573.0
528.0
528.0
573.0
528.0
528.0
529.0
529.0
528.0
529.0
529.0
575.0
575.0
537.0
588.0
591.0
589.0
590.0
65.0
251.0
587.0
587.0
542.0
545.0
545.0
580.0
533.0
530.0
529.0
530.0
528.0
528.0
574.0
573.0
574.0
528.0
572.0
572.0
28.0
215.0
537.0
537.0
535.0
492.0
491.0
496.0
492.0
536.0
492.0
492.0
492.0
492.0
492.0
493.0
536.0
536.0
536.0
491.0
28.0
213.0
490.0
534.0
534.0
534.0
534.0
489.0
492.0
488.0
489.0
490.0
535.0
490.0
489.0
490.0
492.0
491.0
494.0
491.0
31.0
217.0
538.0
493.0
491.0
492.0
493.0
492.0
536.0
535.0
535.0
536.0
492.0
493.0
536.0
536.0
536.0
537.0
493.0
493.0
30.0
171.0
491.0
492.0
536.0
536.0
495.0
491.0
491.0
490.0
490.0
490.0
534.0
534.0
490.0
490.0
490.0
490.0
491.0
490.0
34.0
218.0
538.0
496.0
496.0
496.0
495.0
544.0
540.0
540.0
540.0
539.0
496.0
494.0
538.0
539.0
538.0
496.0
494.0
494.0
33.0
175.0
495.0
538.0
537.0
539.0
498.0
494.0
495.0
495.0
538.0
537.0
542.0
495.0
494.0
494.0
538.0
537.0
538.0
538.0
34.0
175.0
495.0
497.0
539.0
538.0
538.0
539.0
495.0
496.0
495.0
496.0
539.0
538.0
494.0
495.0
494.0
494.0
494.0
494.0
34.0
217.0
538.0
494.0
495.0
494.0
496.0
495.0
495.0
495.0
538.0
538.0
496.0
494.0
495.0
537.0
538.0
538.0
538.0
538.0
13.0
155.0
473.0
474.0
518.0
518.0
518.0
476.0
477.0
476.0
476.0
476.0
520.0
521.0
476.0
477.0
475.0
475.0
519.0
518.0
10.0
196.0
518.0
474.0
473.0
474.0
473.0
473.0
516.0
516.0
473.0
474.0
472.0
472.0
472.0
516.0
515.0
516.0
472.0
473.0
11.0
118.0
118.0
119.0
163.0
163.0
162.0
162.0
162.0
119.0
119.0
119.0
119.0
119.0
119.0
119.0
118.0
119.0
119.0
119.0
11.0
69.0
68.0
68.0
69.0
69.0
69.0
114.0
113.0
113.0
114.0
113.0
113.0
113.0
112.0
113.0
113.0
69.0
69.0
69.0
9.0
68.0
68.0
67.0
68.0
68.0
67.0
68.0
68.0
67.0
67.0
67.0
67.0
67.0
67.0
67.0
67.0
67.0
67.0
67.0
9.0
34.0
34.0
34.0
34.0
34.0
34.0
34.0
34.0
34.0
34.0
34.0
34.0
34.0
34.0
34.0
34.0
80.0
81.0
81.0
9.0
9.0
10.0
9.0
9.0
9.0
9.0
9.0
9.0
56.0
56.0
56.0
56.0
56.0
55.0
56.0
10.0
9.0
9.0
10.0
9.0
9.0
9.0
9.0
9.0
8.0
9.0
9.0
9.0
9.0
9.0
9.0
9.0
8.0
9.0
9.0
9.0
9.0
9.0
9.0
64.0
206.0
529.0
528.0
529.0
529.0
528.0
528.0
528.0
529.0
576.0
576.0
575.0
575.0
576.0
574.0
575.0
576.0
576.0
575.0
64.0
251.0
571.0
525.0
570.0
570.0
569.0
571.0
568.0
569.0
569.0
571.0
572.0
571.0
527.0
527.0
527.0
527.0
527.0
527.0
64.0
251.0
571.0
527.0
528.0
570.0
570.0
570.0
570.0
571.0
570.0
570.0
526.0
570.0
571.0
527.0
569.0
569.0
570.0
569.0
27.0
214.0
533.0
533.0
488.0
488.0
490.0
536.0
490.0
491.0
490.0
491.0
490.0
490.0
547.0
553.0
550.0
510.0
564.0
551.0
28.0
231.0
553.0
572.0
554.0
495.0
493.0
493.0
536.0
532.0
490.0
489.0
490.0
533.0
551.0
533.0
533.0
532.0
489.0
489.0
69.0
210.0
531.0
487.0
488.0
507.0
488.0
531.0
529.0
530.0
531.0
531.0
529.0
529.0
528.0
547.0
529.0
490.0
488.0
486.0
30.0
172.0
535.0
535.0
492.0
492.0
492.0
500.0
534.0
534.0
534.0
534.0
493.0
493.0
536.0
536.0
536.0
552.0
494.0
495.0
28.0
170.0
491.0
535.0
536.0
538.0
491.0
492.0
493.0
538.0
533.0
534.0
534.0
492.0
492.0
535.0
536.0
535.0
534.0
501.0
34.0
179.0
501.0
543.0
539.0
539.0
540.0
497.0
496.0
496.0
539.0
550.0
537.0
495.0
496.0
538.0
538.0
541.0
540.0
539.0
29.0
122.0
124.0
122.0
121.0
165.0
166.0
164.0
165.0
164.0
122.0
122.0
122.0
122.0
121.0
121.0
120.0
121.0
121.0
121.0
34.0
219.0
538.0
539.0
550.0
539.0
540.0
539.0
538.0
539.0
539.0
495.0
500.0
501.0
545.0
561.0
545.0
543.0
544.0
543.0
29.0
168.0
169.0
122.0
123.0
166.0
165.0
165.0
165.0
121.0
121.0
121.0
121.0
121.0
127.0
121.0
122.0
121.0
122.0
121.0
13.0
200.0
521.0
519.0
520.0
538.0
518.0
519.0
520.0
518.0
518.0
476.0
475.0
475.0
475.0
474.0
476.0
497.0
475.0
519.0
9.0
66.0
111.0
110.0
67.0
67.0
67.0
67.0
67.0
67.0
67.0
111.0
112.0
111.0
111.0
111.0
111.0
114.0
111.0
112.0
11.0
120.0
120.0
120.0
121.0
120.0
120.0
120.0
119.0
119.0
125.0
120.0
120.0
120.0
165.0
165.0
165.0
166.0
164.0
165.0
9.0
115.0
112.0
112.0
112.0
67.0
67.0
67.0
70.0
67.0
67.0
66.0
67.0
67.0
67.0
67.0
67.0
67.0
70.0
67.0
9.0
68.0
69.0
69.0
69.0
70.0
70.0
70.0
70.0
70.0
70.0
116.0
116.0
115.0
115.0
114.0
115.0
114.0
115.0
115.0
9.0
9.0
55.0
9.0
9.0
8.0
9.0
9.0
8.0
9.0
9.0
9.0
9.0
8.0
9.0
8.0
9.0
9.0
8.0
9.0
9.0
9.0
9.0
9.0
9.0
9.0
9.0
9.0
9.0
9.0
9.0
9.0
10.0
9.0
9.0
9.0
9.0
9.0
9.0
9.0
8.0
9.0
8.0
9.0
8.0
9.0
8.0
9.0
9.0
9.0
9.0
9.0
9.0
9.0
8.0
8.0
9.0
9.0
9.0
9.0
64.0
255.0
577.0
577.0
577.0
577.0
576.0
578.0
577.0
577.0
577.0
575.0
571.0
570.0
570.0
570.0
569.0
570.0
569.0
570.0
31.0
217.0
535.0
535.0
534.0
533.0
534.0
535.0
535.0
533.0
536.0
535.0
492.0
534.0
492.0
492.0
492.0
492.0
492.0
491.0
64.0
248.0
568.0
568.0
568.0
568.0
567.0
567.0
567.0
567.0
567.0
567.0
570.0
568.0
527.0
569.0
570.0
570.0
569.0
570.0
74.0
216.0
493.0
537.0
536.0
536.0
536.0
493.0
534.0
534.0
534.0
534.0
533.0
492.0
533.0
532.0
532.0
533.0
533.0
532.0
28.0
211.0
529.0
533.0
529.0
529.0
529.0
533.0
530.0
529.0
531.0
530.0
534.0
529.0
530.0
488.0
488.0
488.0
533.0
531.0
31.0
172.0
533.0
533.0
535.0
534.0
534.0
533.0
534.0
533.0
492.0
533.0
492.0
534.0
533.0
533.0
533.0
533.0
532.0
533.0
71.0
171.0
490.0
533.0
533.0
490.0
491.0
535.0
533.0
534.0
532.0
534.0
534.0
601.0
548.0
541.0
541.0
502.0
543.0
540.0
18.0
109.0
158.0
160.0
217.0
115.0
111.0
110.0
153.0
152.0
151.0
153.0
152.0
152.0
152.0
152.0
110.0
110.0
110.0
109.0
34.0
175.0
538.0
538.0
537.0
540.0
537.0
545.0
538.0
537.0
541.0
538.0
494.0
538.0
539.0
538.0
540.0
538.0
539.0
538.0
9.0
66.0
109.0
110.0
67.0
66.0
67.0
67.0
67.0
67.0
110.0
110.0
110.0
67.0
67.0
67.0
67.0
67.0
67.0
67.0
34.0
219.0
539.0
540.0
539.0
537.0
540.0
538.0
538.0
539.0
539.0
538.0
538.0
537.0
537.0
537.0
539.0
537.0
536.0
540.0
8.0
67.0
109.0
66.0
67.0
67.0
67.0
109.0
108.0
67.0
67.0
66.0
67.0
67.0
66.0
67.0
66.0
67.0
66.0
67.0
11.0
197.0
516.0
515.0
517.0
515.0
517.0
516.0
518.0
517.0
516.0
516.0
514.0
514.0
515.0
515.0
515.0
514.0
517.0
517.0
9.0
67.0
109.0
67.0
66.0
67.0
67.0
109.0
109.0
67.0
67.0
67.0
67.0
67.0
66.0
67.0
67.0
66.0
67.0
66.0
10.0
163.0
163.0
163.0
163.0
162.0
163.0
163.0
163.0
162.0
163.0
119.0
119.0
118.0
119.0
119.0
118.0
119.0
119.0
119.0
8.0
66.0
111.0
111.0
110.0
112.0
110.0
110.0
111.0
109.0
111.0
110.0
66.0
67.0
66.0
67.0
67.0
67.0
66.0
66.0
9.0
34.0
34.0
34.0
34.0
35.0
34.0
34.0
34.0
34.0
34.0
33.0
34.0
34.0
34.0
34.0
34.0
35.0
35.0
34.0
8.0
8.0
9.0
9.0
9.0
8.0
9.0
8.0
8.0
8.0
8.0
9.0
8.0
9.0
8.0
8.0
9.0
9.0
9.0
8.0
9.0
9.0
9.0
9.0
9.0
10.0
9.0
9.0
9.0
55.0
56.0
56.0
56.0
55.0
56.0
55.0
56.0
55.0
55.0
9.0
8.0
9.0
8.0
8.0
9.0
8.0
8.0
8.0
9.0
9.0
9.0
8.0
9.0
9.0
8.0
8.0
8.0
7.0
8.0
8.0
