1.0
1.0
1.0
1.0
1.0
1.0
1.0
1.0
1.0
1.0
30.0
60.0
232.0
231.0
231.0
231.0
232.0
232.0
231.0
232.0
238.0
239.0
239.0
238.0
239.0
238.0
238.0
237.0
239.0
238.0
29.0
59.0
232.0
234.0
233.0
233.0
233.0
233.0
232.0
233.0
233.0
233.0
232.0
230.0
230.0
231.0
230.0
229.0
230.0
230.0
29.0
59.0
230.0
229.0
231.0
230.0
230.0
230.0
231.0
230.0
230.0
230.0
231.0
230.0
230.0
234.0
234.0
234.0
233.0
234.0
29.0
59.0
234.0
233.0
234.0
234.0
233.0
230.0
230.0
230.0
229.0
229.0
231.0
230.0
230.0
230.0
231.0
237.0
237.0
237.0
29.0
59.0
236.0
236.0
236.0
236.0
236.0
236.0
237.0
229.0
230.0
230.0
230.0
230.0
230.0
231.0
230.0
229.0
231.0
230.0
29.0
59.0
230.0
230.0
230.0
230.0
230.0
230.0
230.0
230.0
230.0
230.0
230.0
230.0
230.0
230.0
230.0
230.0
230.0
230.0
29.0
59.0
230.0
232.0
234.0
235.0
234.0
235.0
234.0
234.0
235.0
235.0
234.0
233.0
230.0
230.0
230.0
230.0
230.0
230.0
28.0
58.0
228.0
229.0
229.0
236.0
235.0
236.0
236.0
235.0
236.0
236.0
236.0
236.0
236.0
229.0
229.0
228.0
229.0
229.0
30.0
59.0
230.0
229.0
230.0
230.0
230.0
231.0
230.0
230.0
229.0
230.0
230.0
230.0
229.0
229.0
230.0
230.0
230.0
230.0
15.0
44.0
216.0
216.0
216.0
216.0
216.0
216.0
215.0
216.0
220.0
221.0
220.0
216.0
214.0
214.0
209.0
209.0
209.0
201.0
31.0
31.0
30.0
30.0
29.0
25.0
25.0
12.0
9.0
2.0
61.0
61.0
61.0
61.0
59.0
55.0
55.0
12.0
9.0
1.0
232.0
232.0
232.0
231.0
230.0
226.0
225.0
183.0
105.0
97.0
230.0
230.0
230.0
230.0
229.0
225.0
224.0
182.0
103.0
96.0
231.0
230.0
230.0
230.0
230.0
224.0
225.0
182.0
104.0
97.0
234.0
235.0
234.0
234.0
233.0
229.0
229.0
186.0
108.0
101.0
230.0
230.0
230.0
230.0
229.0
225.0
225.0
182.0
104.0
96.0
235.0
235.0
235.0
234.0
233.0
230.0
229.0
187.0
109.0
102.0
230.0
230.0
231.0
230.0
229.0
225.0
225.0
183.0
104.0
97.0
230.0
230.0
230.0
230.0
229.0
224.0
225.0
183.0
104.0
96.0
231.0
230.0
230.0
230.0
228.0
225.0
225.0
182.0
104.0
97.0
230.0
231.0
230.0
230.0
229.0
226.0
225.0
183.0
104.0
97.0
235.0
235.0
235.0
236.0
233.0
229.0
229.0
187.0
107.0
101.0
229.0
230.0
230.0
230.0
229.0
224.0
224.0
183.0
103.0
97.0
236.0
236.0
236.0
235.0
234.0
230.0
230.0
188.0
109.0
103.0
231.0
230.0
230.0
229.0
229.0
225.0
225.0
182.0
104.0
96.0
229.0
231.0
230.0
230.0
229.0
225.0
224.0
183.0
104.0
97.0
230.0
230.0
230.0
230.0
229.0
225.0
224.0
182.0
104.0
96.0
230.0
230.0
230.0
230.0
228.0
225.0
224.0
182.0
104.0
97.0
234.0
235.0
235.0
235.0
233.0
230.0
229.0
187.0
109.0
102.0
29.0
28.0
29.0
28.0
28.0
23.0
23.0
12.0
8.0
1.0
59.0
59.0
59.0
58.0
58.0
54.0
53.0
12.0
8.0
1.0
229.0
230.0
230.0
235.0
234.0
229.0
231.0
182.0
104.0
97.0
235.0
236.0
236.0
234.0
235.0
230.0
224.0
182.0
104.0
96.0
229.0
230.0
229.0
228.0
229.0
224.0
225.0
181.0
104.0
97.0
230.0
229.0
230.0
228.0
228.0
224.0
224.0
182.0
104.0
97.0
230.0
230.0
230.0
229.0
229.0
224.0
225.0
182.0
103.0
97.0
230.0
229.0
230.0
228.0
230.0
226.0
228.0
182.0
104.0
96.0
234.0
234.0
235.0
234.0
234.0
229.0
229.0
186.0
105.0
97.0
231.0
231.0
231.0
230.0
228.0
224.0
225.0
182.0
104.0
97.0
234.0
235.0
235.0
233.0
233.0
229.0
230.0
187.0
109.0
101.0
231.0
230.0
230.0
229.0
228.0
225.0
225.0
182.0
104.0
96.0
230.0
232.0
231.0
230.0
231.0
226.0
226.0
184.0
104.0
97.0
234.0
233.0
234.0
231.0
231.0
226.0
226.0
184.0
106.0
98.0
231.0
230.0
231.0
230.0
229.0
226.0
225.0
183.0
105.0
98.0
234.0
234.0
235.0
232.0
233.0
230.0
229.0
187.0
108.0
102.0
231.0
231.0
231.0
230.0
231.0
226.0
226.0
182.0
105.0
98.0
237.0
236.0
236.0
235.0
235.0
232.0
232.0
188.0
109.0
102.0
231.0
231.0
231.0
229.0
229.0
226.0
225.0
182.0
104.0
97.0
231.0
231.0
231.0
229.0
230.0
225.0
226.0
183.0
105.0
97.0
29.0
29.0
30.0
28.0
28.0
24.0
24.0
12.0
8.0
1.0
59.0
58.0
59.0
58.0
57.0
54.0
54.0
12.0
8.0
0.0
231.0
231.0
232.0
230.0
229.0
226.0
226.0
184.0
104.0
97.0
231.0
231.0
231.0
229.0
230.0
225.0
225.0
183.0
104.0
97.0
236.0
236.0
235.0
234.0
233.0
230.0
229.0
187.0
108.0
102.0
231.0
231.0
230.0
230.0
230.0
226.0
226.0
183.0
105.0
97.0
238.0
237.0
238.0
236.0
237.0
232.0
233.0
189.0
110.0
103.0
231.0
232.0
231.0
230.0
230.0
225.0
226.0
183.0
104.0
98.0
232.0
232.0
231.0
230.0
231.0
227.0
228.0
184.0
106.0
98.0
231.0
230.0
231.0
231.0
229.0
225.0
225.0
182.0
104.0
96.0
230.0
230.0
230.0
230.0
228.0
224.0
226.0
182.0
104.0
97.0
233.0
234.0
234.0
232.0
231.0
227.0
228.0
186.0
106.0
99.0
232.0
230.0
231.0
229.0
229.0
225.0
226.0
183.0
104.0
97.0
229.0
230.0
230.0
235.0
235.0
231.0
231.0
189.0
104.0
97.0
243.0
243.0
247.0
244.0
248.0
237.0
237.0
192.0
104.0
96.0
244.0
242.0
235.0
234.0
230.0
227.0
226.0
185.0
104.0
98.0
230.0
231.0
230.0
229.0
229.0
225.0
225.0
183.0
104.0
97.0
230.0
231.0
230.0
228.0
229.0
225.0
224.0
182.0
103.0
97.0
229.0
230.0
231.0
231.0
233.0
229.0
230.0
186.0
104.0
97.0
235.0
235.0
235.0
234.0
231.0
227.0
225.0
181.0
104.0
96.0
29.0
29.0
29.0
28.0
28.0
24.0
24.0
10.0
1.0
1.0
59.0
59.0
59.0
58.0
58.0
54.0
53.0
11.0
0.0
1.0
236.0
235.0
236.0
235.0
235.0
231.0
230.0
181.0
96.0
97.0
236.0
236.0
237.0
228.0
229.0
224.0
224.0
182.0
96.0
96.0
230.0
230.0
230.0
228.0
229.0
224.0
225.0
182.0
97.0
97.0
229.0
229.0
229.0
229.0
229.0
224.0
224.0
181.0
96.0
96.0
230.0
230.0
229.0
229.0
228.0
225.0
224.0
181.0
96.0
97.0
230.0
229.0
232.0
232.0
233.0
230.0
230.0
181.0
97.0
96.0
235.0
235.0
235.0
234.0
233.0
226.0
226.0
182.0
96.0
97.0
230.0
229.0
229.0
228.0
229.0
224.0
224.0
182.0
97.0
96.0
236.0
236.0
236.0
235.0
235.0
230.0
230.0
187.0
103.0
103.0
230.0
230.0
230.0
229.0
228.0
224.0
225.0
181.0
97.0
96.0
230.0
230.0
230.0
228.0
229.0
225.0
224.0
182.0
97.0
97.0
230.0
230.0
229.0
229.0
228.0
225.0
224.0
181.0
96.0
97.0
230.0
229.0
229.0
228.0
229.0
225.0
224.0
181.0
97.0
96.0
234.0
235.0
234.0
234.0
234.0
230.0
229.0
186.0
101.0
100.0
230.0
231.0
230.0
229.0
230.0
225.0
224.0
181.0
97.0
97.0
230.0
229.0
237.0
235.0
235.0
231.0
232.0
188.0
97.0
96.0
236.0
236.0
237.0
236.0
228.0
225.0
224.0
181.0
97.0
96.0
230.0
230.0
230.0
229.0
229.0
224.0
224.0
181.0
97.0
97.0
29.0
29.0
29.0
28.0
28.0
24.0
24.0
11.0
8.0
1.0
59.0
59.0
59.0
57.0
58.0
53.0
54.0
11.0
8.0
1.0
230.0
230.0
230.0
229.0
229.0
224.0
225.0
182.0
103.0
96.0
230.0
230.0
229.0
229.0
228.0
225.0
225.0
182.0
104.0
97.0
235.0
235.0
236.0
234.0
234.0
230.0
230.0
188.0
108.0
100.0
232.0
232.0
231.0
229.0
229.0
225.0
225.0
183.0
104.0
97.0
230.0
236.0
236.0
235.0
236.0
232.0
232.0
182.0
103.0
96.0
238.0
237.0
237.0
236.0
229.0
225.0
224.0
182.0
104.0
96.0
229.0
230.0
229.0
229.0
228.0
225.0
225.0
181.0
104.0
97.0
230.0
230.0
231.0
229.0
229.0
224.0
225.0
182.0
104.0
96.0
230.0
230.0
230.0
228.0
228.0
224.0
225.0
182.0
104.0
97.0
229.0
229.0
231.0
231.0
233.0
229.0
229.0
182.0
104.0
97.0
233.0
234.0
234.0
232.0
232.0
226.0
226.0
182.0
104.0
97.0
229.0
230.0
230.0
229.0
229.0
225.0
225.0
183.0
103.0
97.0
236.0
236.0
237.0
236.0
235.0
231.0
230.0
188.0
110.0
103.0
230.0
230.0
230.0
228.0
229.0
225.0
225.0
182.0
103.0
97.0
230.0
230.0
230.0
229.0
228.0
225.0
225.0
182.0
103.0
96.0
230.0
230.0
230.0
228.0
228.0
225.0
224.0
182.0
103.0
97.0
230.0
230.0
231.0
229.0
229.0
226.0
225.0
182.0
105.0
97.0
234.0
234.0
234.0
232.0
232.0
229.0
229.0
186.0
108.0
101.0
29.0
29.0
29.0
28.0
28.0
24.0
23.0
1.0
0.0
1.0
59.0
59.0
59.0
58.0
58.0
53.0
52.0
1.0
1.0
1.0
230.0
230.0
230.0
228.0
229.0
224.0
224.0
97.0
97.0
97.0
237.0
237.0
237.0
236.0
236.0
231.0
231.0
104.0
104.0
103.0
229.0
230.0
230.0
228.0
228.0
224.0
223.0
96.0
97.0
97.0
229.0
230.0
230.0
229.0
229.0
225.0
224.0
97.0
97.0
96.0
229.0
230.0
230.0
229.0
228.0
225.0
223.0
96.0
96.0
96.0
230.0
230.0
230.0
229.0
228.0
225.0
224.0
97.0
96.0
97.0
235.0
235.0
234.0
233.0
234.0
230.0
229.0
97.0
99.0
99.0
234.0
232.0
231.0
228.0
229.0
225.0
224.0
96.0
96.0
97.0
230.0
230.0
229.0
228.0
229.0
225.0
224.0
96.0
96.0
97.0
236.0
238.0
237.0
236.0
236.0
232.0
232.0
104.0
103.0
104.0
230.0
230.0
230.0
229.0
229.0
225.0
224.0
97.0
97.0
97.0
230.0
230.0
229.0
228.0
229.0
224.0
224.0
96.0
96.0
96.0
230.0
230.0
230.0
229.0
228.0
225.0
224.0
96.0
96.0
96.0
230.0
229.0
230.0
229.0
228.0
225.0
223.0
97.0
96.0
96.0
230.0
230.0
236.0
234.0
233.0
230.0
229.0
97.0
97.0
97.0
235.0
235.0
235.0
234.0
234.0
224.0
224.0
97.0
97.0
96.0
230.0
229.0
230.0
228.0
228.0
225.0
224.0
97.0
97.0
97.0
237.0
237.0
237.0
236.0
236.0
232.0
231.0
104.0
104.0
104.0
29.0
29.0
29.0
28.0
28.0
24.0
24.0
9.0
7.0
1.0
59.0
58.0
58.0
58.0
58.0
54.0
53.0
10.0
8.0
1.0
231.0
230.0
230.0
229.0
229.0
226.0
224.0
105.0
104.0
96.0
230.0
231.0
231.0
229.0
229.0
223.0
224.0
105.0
103.0
97.0
231.0
232.0
231.0
230.0
230.0
226.0
226.0
107.0
104.0
98.0
230.0
230.0
229.0
228.0
228.0
224.0
224.0
105.0
103.0
96.0
234.0
235.0
235.0
233.0
233.0
229.0
230.0
110.0
108.0
101.0
229.0
230.0
229.0
228.0
228.0
225.0
224.0
105.0
103.0
96.0
238.0
238.0
237.0
236.0
236.0
232.0
233.0
106.0
111.0
104.0
237.0
230.0
230.0
229.0
229.0
225.0
224.0
106.0
104.0
96.0
230.0
230.0
230.0
229.0
228.0
225.0
224.0
105.0
104.0
96.0
230.0
230.0
229.0
228.0
228.0
224.0
224.0
105.0
104.0
96.0
230.0
230.0
229.0
229.0
228.0
224.0
224.0
106.0
104.0
97.0
229.0
230.0
230.0
233.0
233.0
229.0
229.0
105.0
104.0
97.0
234.0
233.0
234.0
232.0
234.0
228.0
225.0
105.0
104.0
97.0
229.0
230.0
230.0
228.0
229.0
224.0
225.0
105.0
103.0
97.0
236.0
237.0
236.0
234.0
235.0
231.0
231.0
112.0
110.0
103.0
229.0
229.0
229.0
229.0
228.0
230.0
233.0
106.0
103.0
97.0
254.0
251.0
251.0
251.0
251.0
251.0
251.0
122.0
116.0
108.0
249.0
241.0
241.0
238.0
239.0
233.0
233.0
114.0
110.0
101.0
29.0
29.0
28.0
28.0
24.0
22.0
14.0
1.0
1.0
0.0
59.0
59.0
58.0
58.0
54.0
52.0
44.0
1.0
1.0
0.0
230.0
230.0
229.0
229.0
224.0
223.0
139.0
97.0
97.0
96.0
234.0
234.0
233.0
233.0
229.0
228.0
144.0
101.0
101.0
102.0
230.0
230.0
228.0
229.0
225.0
223.0
139.0
96.0
96.0
96.0
230.0
230.0
236.0
235.0
231.0
230.0
140.0
98.0
96.0
97.0
236.0
236.0
235.0
235.0
231.0
229.0
139.0
97.0
96.0
97.0
230.0
230.0
228.0
229.0
225.0
223.0
139.0
97.0
97.0
97.0
230.0
229.0
229.0
228.0
224.0
223.0
139.0
97.0
96.0
96.0
230.0
230.0
229.0
229.0
224.0
223.0
139.0
97.0
96.0
97.0
229.0
230.0
229.0
228.0
225.0
223.0
139.0
96.0
96.0
96.0
235.0
234.0
233.0
232.0
229.0
228.0
144.0
97.0
99.0
99.0
233.0
232.0
230.0
228.0
224.0
222.0
139.0
96.0
96.0
96.0
230.0
230.0
229.0
229.0
224.0
223.0
139.0
97.0
97.0
97.0
237.0
237.0
236.0
235.0
231.0
229.0
145.0
103.0
103.0
103.0
230.0
230.0
229.0
228.0
224.0
223.0
139.0
96.0
97.0
97.0
230.0
229.0
228.0
229.0
224.0
223.0
139.0
97.0
97.0
97.0
230.0
230.0
229.0
228.0
225.0
223.0
139.0
96.0
97.0
96.0
230.0
229.0
228.0
228.0
224.0
223.0
140.0
96.0
96.0
97.0
229.0
231.0
230.0
231.0
228.0
228.0
139.0
96.0
97.0
96.0
29.0
29.0
29.0
28.0
28.0
24.0
24.0
8.0
1.0
1.0
63.0
64.0
63.0
63.0
61.0
57.0
56.0
9.0
1.0
0.0
230.0
230.0
229.0
228.0
228.0
224.0
223.0
104.0
96.0
97.0
230.0
229.0
229.0
235.0
236.0
231.0
232.0
103.0
97.0
97.0
236.0
236.0
236.0
235.0
236.0
231.0
224.0
103.0
97.0
96.0
230.0
229.0
230.0
228.0
229.0
224.0
224.0
104.0
96.0
96.0
230.0
229.0
230.0
229.0
229.0
224.0
224.0
103.0
96.0
97.0
229.0
229.0
230.0
228.0
229.0
225.0
225.0
104.0
96.0
96.0
230.0
231.0
230.0
229.0
229.0
225.0
225.0
104.0
97.0
97.0
235.0
234.0
235.0
233.0
233.0
230.0
228.0
108.0
100.0
100.0
230.0
230.0
230.0
229.0
229.0
225.0
224.0
104.0
96.0
96.0
229.0
230.0
230.0
229.0
229.0
225.0
224.0
103.0
97.0
97.0
237.0
236.0
236.0
234.0
235.0
231.0
230.0
110.0
103.0
103.0
229.0
230.0
230.0
228.0
229.0
224.0
224.0
103.0
96.0
96.0
231.0
230.0
230.0
228.0
228.0
225.0
224.0
104.0
97.0
96.0
230.0
230.0
229.0
228.0
228.0
225.0
223.0
104.0
97.0
96.0
231.0
231.0
230.0
229.0
230.0
224.0
225.0
105.0
98.0
97.0
235.0
234.0
235.0
233.0
234.0
230.0
230.0
108.0
102.0
102.0
231.0
230.0
230.0
229.0
229.0
225.0
225.0
104.0
97.0
96.0
230.0
236.0
237.0
236.0
235.0
232.0
231.0
104.0
96.0
96.0
19.0
19.0
15.0
13.0
13.0
14.0
1.0
0.0
1.0
1.0
55.0
55.0
51.0
50.0
43.0
43.0
0.0
0.0
1.0
1.0
222.0
222.0
217.0
216.0
140.0
141.0
97.0
96.0
97.0
96.0
221.0
222.0
217.0
216.0
140.0
139.0
96.0
96.0
96.0
97.0
221.0
221.0
217.0
216.0
141.0
139.0
97.0
97.0
97.0
97.0
220.0
220.0
217.0
215.0
140.0
140.0
97.0
97.0
97.0
98.0
220.0
220.0
217.0
216.0
140.0
140.0
98.0
97.0
98.0
97.0
223.0
224.0
219.0
217.0
138.0
139.0
96.0
96.0
97.0
97.0
227.0
229.0
224.0
222.0
145.0
146.0
100.0
100.0
100.0
99.0
221.0
221.0
218.0
217.0
141.0
140.0
97.0
96.0
97.0
96.0
220.0
221.0
216.0
216.0
140.0
140.0
96.0
96.0
96.0
96.0
228.0
228.0
224.0
222.0
146.0
147.0
103.0
104.0
104.0
104.0
222.0
221.0
217.0
217.0
139.0
140.0
98.0
97.0
97.0
97.0
223.0
222.0
218.0
217.0
141.0
141.0
97.0
97.0
98.0
98.0
220.0
220.0
216.0
214.0
139.0
139.0
96.0
96.0
97.0
96.0
220.0
220.0
216.0
215.0
139.0
139.0
96.0
96.0
96.0
96.0
220.0
220.0
215.0
215.0
139.0
139.0
96.0
96.0
96.0
97.0
221.0
222.0
218.0
217.0
139.0
139.0
96.0
97.0
96.0
96.0
223.0
222.0
219.0
217.0
142.0
142.0
97.0
97.0
97.0
97.0
209.0
209.0
205.0
204.0
139.0
139.0
96.0
96.0
95.0
94.0
