5.0
4.0
2.0
2.0
3.0
3.0
3.0
4.0
4.0
4.0
3.0
3.0
3.0
2.0
3.0
4.0
2.0
3.0
4.0
4.0
2.0
2.0
3.0
3.0
3.0
2.0
4.0
4.0
4.0
3.0
4.0
2.0
2.0
2.0
3.0
2.0
3.0
3.0
3.0
3.0
2.0
4.0
4.0
3.0
5.0
4.0
2.0
2.0
2.0
2.0
3.0
2.0
4.0
3.0
4.0
3.0
3.0
3.0
4.0
2.0
4.0
3.0
2.0
2.0
2.0
2.0
3.0
3.0
4.0
4.0
4.0
3.0
4.0
3.0
3.0
3.0
2.0
2.0
2.0
2.0
2.0
3.0
4.0
3.0
4.0
4.0
3.0
5.0
3.0
3.0
3.0
2.0
3.0
3.0
4.0
4.0
2.0
4.0
2.0
3.0
3.0
4.0
2.0
2.0
3.0
2.0
2.0
2.0
3.0
4.0
4.0
4.0
3.0
4.0
2.0
3.0
3.0
3.0
2.0
3.0
1947.0
1906.0
2255.0
1975.0
1906.0
1892.0
2246.0
1910.0
1905.0
1911.0
1762.0
1759.0
1767.0
1757.0
1750.0
1755.0
1783.0
1827.0
1795.0
1816.0
1786.0
1789.0
1797.0
1774.0
1788.0
1780.0
1744.0
1743.0
1750.0
1746.0
1821.0
1814.0
1807.0
1784.0
1778.0
1814.0
1798.0
1832.0
1819.0
1785.0
1803.0
1817.0
1832.0
1811.0
1798.0
1810.0
1834.0
1807.0
1779.0
1788.0
1751.0
1745.0
1773.0
1757.0
1757.0
1779.0
1774.0
1754.0
1747.0
1760.0
1791.0
1784.0
1824.0
1789.0
1820.0
1789.0
1834.0
1810.0
1785.0
1875.0
1791.0
1801.0
1825.0
1796.0
1814.0
1830.0
1797.0
1808.0
1789.0
1789.0
1781.0
1772.0
1800.0
1797.0
1811.0
1802.0
1787.0
1771.0
1769.0
1744.0
3.0
3.0
2.0
4.0
3.0
3.0
2.0
3.0
3.0
4.0
3.0
2.0
2.0
4.0
4.0
2.0
3.0
4.0
3.0
2.0
3.0
2.0
2.0
2.0
2.0
4.0
2.0
4.0
3.0
4.0
4.0
4.0
3.0
3.0
2.0
3.0
2.0
2.0
3.0
4.0
4.0
3.0
2.0
2.0
3.0
3.0
4.0
2.0
2.0
2.0
2.0
4.0
3.0
3.0
2.0
3.0
3.0
3.0
2.0
2.0
2.0
3.0
2.0
4.0
4.0
2.0
2.0
4.0
4.0
4.0
4.0
2.0
2.0
3.0
3.0
3.0
3.0
3.0
2.0
2.0
2.0
2.0
3.0
3.0
4.0
3.0
3.0
2.0
2.0
4.0
4.0
4.0
4.0
4.0
3.0
2.0
2.0
2.0
2.0
2.0
2.0
4.0
4.0
4.0
2.0
2.0
4.0
4.0
4.0
2.0
3.0
3.0
3.0
3.0
3.0
4.0
3.0
2.0
2.0
2.0
3.0
4.0
4.0
2.0
2.0
2.0
2.0
4.0
4.0
3.0
4.0
3.0
3.0
2.0
2.0
2.0
2.0
2.0
4.0
4.0
4.0
2.0
2.0
2.0
4.0
4.0
4.0
2.0
2.0
2.0
2.0
3.0
3.0
3.0
2.0
3.0
2.0
2.0
3.0
4.0
3.0
3.0
2.0
2.0
4.0
4.0
4.0
2.0
4.0
4.0
3.0
2.0
2.0
2.0
2.0
2.0
3.0
3.0
4.0
2.0
2.0
3.0
4.0
2.0
4.0
2.0
2.0
3.0
3.0
4.0
3.0
4.0
2.0
4.0
2.0
2.0
3.0
4.0
2.0
3.0
2.0
2.0
4.0
4.0
3.0
2.0
4.0
4.0
2.0
4.0
2.0
2.0
3.0
2.0
4.0
4.0
4.0
2.0
2.0
4.0
4.0
3.0
2.0
3.0
2.0
2.0
4.0
4.0
4.0
3.0
2.0
3.0
4.0
2.0
2.0
4.0
2.0
2.0
2.0
2.0
3.0
3.0
4.0
3.0
3.0
2.0
4.0
2.0
3.0
2.0
2.0
4.0
3.0
4.0
3.0
2.0
2.0
4.0
4.0
3.0
2.0
2.0
2.0
2.0
3.0
3.0
4.0
2.0
3.0
2.0
4.0
2.0
2.0
4.0
2.0
2.0
2.0
2.0
4.0
3.0
3.0
4.0
3.0
2.0
4.0
2.0
2.0
3.0
3.0
2.0
4.0
4.0
3.0
2.0
2.0
3.0
4.0
3.0
2.0
2.0
2.0
2.0
3.0
3.0
4.0
3.0
4.0
2.0
4.0
2.0
4.0
3.0
2.0
2.0
2.0
4.0
3.0
3.0
2.0
4.0
3.0
4.0
2.0
2.0
3.0
2.0
4.0
4.0
2.0
3.0
4.0
2.0
3.0
4.0
3.0
3.0
3.0
2.0
2.0
2.0
3.0
3.0
4.0
3.0
2.0
2.0
3.0
2.0
4.0
2.0
2.0
2.0
2.0
4.0
3.0
3.0
4.0
2.0
3.0
2.0
4.0
2.0
2.0
2.0
3.0
2.0
2.0
4.0
4.0
3.0
3.0
4.0
3.0
2.0
2.0
2.0
2.0
3.0
3.0
3.0
2.0
2.0
4.0
3.0
2.0
3.0
4.0
3.0
3.0
2.0
2.0
4.0
4.0
4.0
3.0
4.0
2.0
2.0
2.0
3.0
2.0
3.0
2.0
2.0
4.0
2.0
4.0
2.0
3.0
4.0
4.0
2.0
2.0
3.0
3.0
17.0
18.0
18.0
18.0
17.0
17.0
16.0
16.0
18.0
18.0
2.0
2.0
2.0
3.0
3.0
3.0
3.0
4.0
3.0
4.0
2.0
2.0
2.0
2.0
3.0
4.0
4.0
2.0
3.0
2.0
3.0
2.0
4.0
3.0
2.0
2.0
2.0
2.0
3.0
3.0
3.0
4.0
2.0
2.0
3.0
2.0
4.0
2.0
2.0
2.0
3.0
2.0
3.0
3.0
2.0
3.0
4.0
2.0
3.0
2.0
2.0
2.0
4.0
3.0
3.0
2.0
2.0
3.0
2.0
3.0
2.0
3.0
2.0
2.0
2.0
3.0
3.0
3.0
2.0
4.0
2.0
4.0
2.0
2.0
3.0
3.0
2.0
2.0
4.0
3.0
4.0
3.0
3.0
3.0
2.0
2.0
4.0
2.0
2.0
3.0
2.0
4.0
2.0
4.0
4.0
2.0
2.0
4.0
3.0
2.0
2.0
2.0
2.0
4.0
3.0
3.0
3.0
2.0
3.0
3.0
2.0
2.0
4.0
2.0
2.0
3.0
2.0
3.0
2.0
4.0
4.0
3.0
2.0
3.0
2.0
2.0
2.0
4.0
2.0
4.0
3.0
3.0
2.0
2.0
2.0
3.0
3.0
2.0
2.0
2.0
2.0
3.0
3.0
3.0
4.0
2.0
3.0
2.0
2.0
2.0
3.0
2.0
3.0
4.0
2.0
3.0
4.0
2.0
3.0
4.0
2.0
3.0
2.0
2.0
2.0
3.0
2.0
3.0
3.0
3.0
2.0
2.0
2.0
3.0
4.0
2.0
2.0
2.0
2.0
3.0
4.0
4.0
4.0
2.0
4.0
2.0
2.0
3.0
2.0
2.0
3.0
3.0
2.0
4.0
4.0
2.0
3.0
3.0
2.0
3.0
2.0
2.0
2.0
4.0
2.0
4.0
3.0
3.0
2.0
3.0
2.0
2.0
3.0
2.0
2.0
3.0
3.0
3.0
3.0
3.0
2.0
2.0
3.0
2.0
4.0
2.0
3.0
2.0
4.0
4.0
2.0
4.0
3.0
2.0
4.0
2.0
2.0
3.0
2.0
2.0
2.0
3.0
3.0
2.0
3.0
3.0
2.0
2.0
3.0
4.0
2.0
2.0
2.0
2.0
3.0
3.0
4.0
4.0
2.0
2.0
4.0
2.0
3.0
2.0
2.0
2.0
4.0
3.0
3.0
2.0
3.0
2.0
3.0
2.0
4.0
3.0
2.0
2.0
2.0
3.0
3.0
3.0
4.0
2.0
2.0
4.0
2.0
3.0
2.0
2.0
2.0
4.0
4.0
2.0
3.0
3.0
2.0
3.0
2.0
2.0
4.0
2.0
2.0
3.0
3.0
3.0
4.0
3.0
3.0
2.0
2.0
4.0
3.0
2.0
2.0
2.0
2.0
4.0
4.0
3.0
2.0
2.0
3.0
2.0
2.0
2.0
2.0
2.0
2.0
3.0
3.0
3.0
2.0
2.0
2.0
2.0
2.0
4.0
2.0
2.0
2.0
2.0
2.0
2.0
4.0
4.0
4.0
2.0
2.0
2.0
2.0
2.0
3.0
2.0
2.0
2.0
2.0
3.0
2.0
3.0
3.0
3.0
2.0
2.0
2.0
4.0
2.0
2.0
2.0
2.0
2.0
2.0
4.0
4.0
4.0
2.0
2.0
2.0
3.0
3.0
2.0
2.0
3.0
2.0
2.0
3.0
3.0
3.0
2.0
2.0
2.0
2.0
2.0
4.0
3.0
2.0
3.0
3.0
2.0
2.0
4.0
4.0
4.0
2.0
2.0
2.0
2.0
3.0
2.0
2.0
2.0
2.0
2.0
2.0
3.0
3.0
3.0
2.0
2.0
2.0
4.0
2.0
2.0
2.0
2.0
2.0
2.0
4.0
4.0
4.0
2.0
2.0
2.0
2.0
2.0
3.0
2.0
2.0
2.0
2.0
2.0
2.0
3.0
3.0
3.0
3.0
2.0
2.0
2.0
3.0
2.0
2.0
2.0
2.0
2.0
3.0
2.0
3.0
3.0
2.0
2.0
4.0
2.0
2.0
2.0
2.0
2.0
3.0
4.0
4.0
3.0
2.0
2.0
2.0
2.0
3.0
2.0
3.0
2.0
2.0
2.0
2.0
2.0
2.0
3.0
3.0
4.0
2.0
2.0
3.0
3.0
3.0
2.0
2.0
2.0
3.0
3.0
3.0
3.0
2.0
2.0
2.0
2.0
4.0
3.0
2.0
2.0
2.0
2.0
2.0
3.0
3.0
4.0
2.0
2.0
2.0
2.0
2.0
2.0
3.0
2.0
2.0
2.0
2.0
2.0
2.0
3.0
3.0
3.0
2.0
2.0
2.0
4.0
2.0
3.0
2.0
2.0
2.0
3.0
3.0
4.0
2.0
2.0
2.0
2.0
3.0
2.0
2.0
2.0
2.0
2.0
2.0
4.0
4.0
3.0
2.0
2.0
2.0
2.0
2.0
2.0
3.0
2.0
2.0
3.0
2.0
2.0
3.0
3.0
2.0
3.0
2.0
2.0
3.0
2.0
2.0
2.0
3.0
2.0
2.0
2.0
2.0
3.0
2.0
2.0
2.0
2.0
2.0
4.0
2.0
2.0
3.0
2.0
2.0
2.0
2.0
2.0
2.0
4.0
3.0
2.0
2.0
2.0
3.0
1.0
3.0
2.0
2.0
2.0
2.0
2.0
2.0
2.0
2.0
3.0
2.0
2.0
2.0
2.0
3.0
2.0
2.0
2.0
2.0
2.0
3.0
2.0
2.0
2.0
3.0
2.0
2.0
2.0
2.0
3.0
1.0
2.0
2.0
2.0
2.0
2.0
2.0
2.0
2.0
3.0
2.0
2.0
2.0
2.0
2.0
2.0
3.0
2.0
2.0
2.0
2.0
2.0
2.0
1.0
2.0
2.0
3.0
2.0
2.0
2.0
2.0
2.0
4.0
1.0
2.0
2.0
2.0
2.0
2.0
2.0
1849.0
1759.0
1840.0
1728.0
1848.0
1845.0
1629.0
1845.0
1930.0
1759.0
1723.0
1722.0
1724.0
1720.0
1861.0
1861.0
1864.0
1858.0
1858.0
1866.0
1679.0
1734.0
1731.0
1731.0
1864.0
1866.0
1864.0
1866.0
1864.0
1865.0
1728.0
1685.0
1682.0
1681.0
1820.0
1822.0
1823.0
1827.0
1821.0
1821.0
1723.0
1723.0
1724.0
1724.0
1853.0
1850.0
1850.0
1852.0
1869.0
1847.0
1722.0
1728.0
1730.0
1729.0
1831.0
1791.0
1795.0
1793.0
1816.0
1825.0
1791.0
1802.0
1805.0
1811.0
1785.0
1781.0
1789.0
1780.0
1778.0
1783.0
1860.0
1849.0
1871.0
1872.0
1849.0
1844.0
1856.0
1869.0
1835.0
1834.0
1784.0
1855.0
1752.0
1797.0
1792.0
1819.0
1818.0
1829.0
1821.0
1803.0
1800.0
1795.0
1762.0
1746.0
1776.0
1770.0
1811.0
1799.0
1794.0
1775.0
1849.0
1822.0
1855.0
1815.0
1813.0
1838.0
1804.0
1816.0
1812.0
1827.0
1799.0
1814.0
1828.0
1801.0
1840.0
1811.0
1813.0
1812.0
1815.0
1809.0
1756.0
1747.0
1781.0
1793.0
1759.0
1780.0
1771.0
1840.0
1770.0
1808.0
1860.0
1815.0
1858.0
1840.0
1823.0
1829.0
1831.0
1827.0
1790.0
1774.0
1800.0
1826.0
1812.0
1794.0
1810.0
1828.0
1866.0
1832.0
1808.0
1852.0
1785.0
1750.0
1757.0
1797.0
1815.0
1828.0
1821.0
1831.0
1806.0
1836.0
1789.0
1793.0
1791.0
1802.0
1744.0
1756.0
1742.0
1801.0
1799.0
1761.0
1809.0
1833.0
1797.0
1809.0
1799.0
1807.0
1799.0
1810.0
1802.0
1812.0
1748.0
1756.0
1753.0
1768.0
1808.0
1827.0
1811.0
1816.0
1824.0
1815.0
1816.0
1814.0
1808.0
1822.0
1751.0
1753.0
1776.0
1789.0
1768.0
1764.0
1784.0
1822.0
1785.0
1830.0
1788.0
1790.0
1802.0
1797.0
1800.0
1802.0
1740.0
1738.0
1741.0
1753.0
1784.0
1784.0
1796.0
1798.0
1799.0
1798.0
1786.0
1791.0
1788.0
1798.0
1746.0
1745.0
1764.0
1765.0
1762.0
1758.0
1803.0
1802.0
1802.0
1833.0
1802.0
1840.0
1854.0
1846.0
1915.0
1840.0
1771.0
1761.0
1758.0
1837.0
1813.0
1819.0
1811.0
1816.0
1780.0
1825.0
1787.0
1780.0
1781.0
1744.0
1753.0
1752.0
1779.0
1801.0
1802.0
1819.0
1790.0
1797.0
1796.0
1818.0
1790.0
1792.0
1766.0
1769.0
1764.0
1757.0
1774.0
1790.0
1800.0
1801.0
1790.0
1821.0
1805.0
1808.0
1832.0
1857.0
1742.0
1743.0
1747.0
1754.0
1764.0
1810.0
1812.0
1781.0
1790.0
1790.0
1775.0
1769.0
1772.0
1800.0
1754.0
1750.0
1766.0
1756.0
1755.0
1753.0
1793.0
1777.0
1800.0
1808.0
1776.0
1777.0
1787.0
1789.0
1788.0
1790.0
1753.0
1741.0
1741.0
1763.0
1845.0
1818.0
1819.0
1805.0
1806.0
1806.0
1827.0
1825.0
1829.0
1822.0
1759.0
1782.0
1773.0
1756.0
1761.0
1760.0
1788.0
1774.0
1784.0
1807.0
1821.0
1821.0
1815.0
1791.0
1787.0
1811.0
1749.0
1763.0
1754.0
1804.0
1821.0
1815.0
1792.0
1794.0
1792.0
1788.0
1784.0
1787.0
1786.0
1755.0
1748.0
1743.0
1743.0
1747.0
1767.0
1787.0
1793.0
1773.0
1775.0
1772.0
1775.0
1779.0
1775.0
1773.0
1746.0
1744.0
1742.0
1743.0
1739.0
1764.0
1764.0
1763.0
1763.0
1769.0
1763.0
1763.0
1771.0
1769.0
1767.0
1740.0
1740.0
1800.0
1799.0
1774.0
1800.0
1798.0
1814.0
1772.0
1769.0
1771.0
1798.0
1759.0
1746.0
1751.0
1749.0
1786.0
1820.0
1810.0
1799.0
1814.0
1796.0
1791.0
1817.0
1819.0
1816.0
1833.0
1742.0
1746.0
1745.0
1756.0
1791.0
1815.0
1806.0
1778.0
1803.0
1775.0
1775.0
1778.0
1779.0
1770.0
1747.0
1741.0
1747.0
1746.0
1779.0
1756.0
1776.0
1816.0
1819.0
1776.0
1818.0
1828.0
1778.0
1777.0
1777.0
1779.0
1739.0
1761.0
1748.0
1745.0
1814.0
1784.0
1783.0
1836.0
1784.0
1780.0
1825.0
1823.0
1818.0
1786.0
1747.0
1760.0
1746.0
1766.0
1755.0
1783.0
1837.0
1834.0
1782.0
1792.0
1793.0
1795.0
1792.0
1794.0
1801.0
1754.0
1753.0
1748.0
1750.0
1810.0
1819.0
1797.0
1801.0
1827.0
1825.0
1794.0
1808.0
1804.0
1797.0
1786.0
1765.0
1800.0
1807.0
1801.0
1806.0
1801.0
1786.0
1778.0
1779.0
1773.0
1776.0
1744.0
1738.0
1741.0
1742.0
1740.0
1766.0
1777.0
1783.0
1764.0
1809.0
1772.0
1804.0
1814.0
1796.0
1766.0
1755.0
1751.0
1757.0
1749.0
1800.0
1813.0
1817.0
1810.0
1818.0
1781.0
1785.0
1773.0
1774.0
1778.0
1750.0
1762.0
1757.0
1742.0
1748.0
1746.0
1782.0
1790.0
1771.0
1773.0
1777.0
1783.0
1782.0
1772.0
1784.0
1796.0
1739.0
1740.0
1739.0
1758.0
1804.0
1794.0
1810.0
1806.0
1808.0
1809.0
1766.0
1817.0
1769.0
1777.0
1757.0
1753.0
1767.0
1748.0
1769.0
1789.0
1812.0
1777.0
1819.0
1785.0
1796.0
1809.0
1815.0
1816.0
1813.0
1840.0
1775.0
1777.0
1775.0
1810.0
1804.0
1811.0
1813.0
1792.0
1810.0
1888.0
1787.0
1784.0
1797.0
1752.0
1742.0
1765.0
1790.0
1767.0
1764.0
1764.0
1768.0
1768.0
1767.0
1765.0
1771.0
1740.0
1746.0
1740.0
1740.0
1740.0
1739.0
1741.0
1767.0
1801.0
1786.0
1785.0
1785.0
1823.0
1780.0
1781.0
1800.0
1787.0
1759.0
1744.0
1782.0
1776.0
1780.0
1827.0
1805.0
1802.0
1822.0
1818.0
1785.0
1784.0
1742.0
1747.0
1747.0
1752.0
1748.0
1756.0
1805.0
1822.0
1817.0
1784.0
1786.0
1772.0
1775.0
1777.0
1780.0
1789.0
1777.0
1747.0
1774.0
1748.0
1800.0
1779.0
1784.0
1777.0
1791.0
1781.0
1791.0
1806.0
1801.0
1813.0
1780.0
1779.0
1775.0
1778.0
1763.0
1817.0
1839.0
1834.0
1833.0
1793.0
1840.0
1797.0
1805.0
1810.0
1811.0
1756.0
1751.0
1750.0
1760.0
1780.0
1825.0
1815.0
1786.0
1783.0
1811.0
1783.0
1796.0
1795.0
1795.0
1742.0
1741.0
1772.0
1776.0
1807.0
1854.0
1803.0
1776.0
1774.0
1824.0
1779.0
1784.0
1748.0
1749.0
1746.0
1745.0
1740.0
1777.0
1767.0
1788.0
1809.0
1825.0
1789.0
1789.0
1788.0
1836.0
1794.0
1748.0
1781.0
1770.0
1743.0
1811.0
1797.0
1775.0
1768.0
1820.0
1797.0
1776.0
1812.0
1812.0
1805.0
1758.0
1753.0
1747.0
1741.0
1753.0
1750.0
1801.0
1804.0
1803.0
1762.0
1779.0
1802.0
1798.0
1807.0
1785.0
1799.0
1745.0
1751.0
1752.0
1771.0
1777.0
1764.0
1771.0
1767.0
1770.0
1773.0
1772.0
1776.0
1774.0
1764.0
1790.0
1738.0
1744.0
1740.0
1784.0
1781.0
1770.0
1808.0
1811.0
1767.0
1807.0
1819.0
1770.0
1772.0
1778.0
1750.0
1743.0
1756.0
1748.0
1740.0
1771.0
1772.0
1778.0
1770.0
1772.0
1781.0
1774.0
1777.0
1771.0
1771.0
1742.0
1792.0
1797.0
1790.0
1840.0
1811.0
1806.0
1825.0
1811.0
1802.0
1814.0
1749.0
1745.0
1740.0
1750.0
1744.0
1738.0
1769.0
1774.0
1786.0
1770.0
1773.0
1774.0
1771.0
1772.0
1768.0
1770.0
1742.0
1737.0
1743.0
1766.0
1788.0
1770.0
1777.0
1794.0
1777.0
1779.0
1782.0
1809.0
1783.0
1793.0
1752.0
1794.0
1805.0
1782.0
1754.0
1780.0
1803.0
1770.0
1806.0
1799.0
1787.0
1767.0
1776.0
1787.0
1777.0
1739.0
1751.0
1738.0
1749.0
1788.0
1767.0
1771.0
1774.0
1772.0
1769.0
1770.0
1773.0
1773.0
1774.0
1742.0
1739.0
1745.0
1741.0
1782.0
1782.0
1770.0
1767.0
1765.0
1769.0
1775.0
1770.0
1770.0
1770.0
1741.0
1742.0
1742.0
1740.0
1741.0
1744.0
1803.0
1772.0
1775.0
1774.0
1774.0
1798.0
1768.0
1827.0
1772.0
1812.0
1764.0
1782.0
1780.0
1782.0
1806.0
1819.0
1782.0
1811.0
1799.0
1781.0
1743.0
1699.0
1671.0
1687.0
1653.0
1616.0
