1.0
0.0
0.0
1.0
1.0
1.0
1.0
0.0
0.0
1.0
1.0
1.0
1.0
0.0
1.0
1.0
1.0
0.0
0.0
1.0
1.0
1.0
1.0
1.0
1.0
1.0
1.0
1.0
1.0
0.0
0.0
0.0
0.0
1.0
1.0
1.0
1.0
1.0
1.0
1.0
152.0
86.0
85.0
86.0
84.0
86.0
85.0
155.0
155.0
151.0
84.0
84.0
85.0
86.0
86.0
85.0
150.0
151.0
153.0
153.0
84.0
81.0
84.0
84.0
86.0
86.0
68.0
84.0
85.0
84.0
84.0
84.0
89.0
88.0
152.0
152.0
69.0
84.0
85.0
84.0
87.0
84.0
69.0
84.0
84.0
95.0
95.0
95.0
95.0
95.0
84.0
135.0
134.0
88.0
95.0
84.0
85.0
84.0
84.0
84.0
70.0
69.0
84.0
84.0
84.0
84.0
83.0
83.0
84.0
84.0
69.0
69.0
84.0
84.0
71.0
76.0
85.0
84.0
84.0
84.0
88.0
74.0
84.0
73.0
72.0
90.0
84.0
85.0
84.0
72.0
84.0
85.0
84.0
72.0
73.0
73.0
84.0
84.0
84.0
84.0
85.0
84.0
73.0
73.0
84.0
73.0
84.0
84.0
85.0
84.0
84.0
84.0
74.0
73.0
84.0
73.0
84.0
84.0
84.0
85.0
84.0
87.0
73.0
73.0
73.0
85.0
84.0
84.0
84.0
84.0
84.0
73.0
72.0
84.0
76.0
83.0
85.0
73.0
84.0
84.0
84.0
73.0
84.0
84.0
72.0
84.0
73.0
73.0
83.0
84.0
84.0
84.0
84.0
73.0
84.0
84.0
73.0
73.0
84.0
84.0
84.0
73.0
86.0
83.0
82.0
73.0
73.0
77.0
82.0
83.0
0.0
1.0
1.0
1.0
0.0
0.0
0.0
1.0
1.0
1.0
1.0
1.0
1.0
0.0
0.0
0.0
1.0
0.0
1.0
0.0
1.0
1.0
1.0
1.0
1.0
1.0
1.0
1.0
0.0
0.0
1.0
0.0
0.0
0.0
1.0
1.0
1.0
1.0
1.0
1.0
0.0
0.0
0.0
1.0
0.0
0.0
0.0
1.0
1.0
1.0
1.0
1.0
1.0
1.0
1.0
0.0
0.0
0.0
0.0
1.0
0.0
1.0
1.0
1.0
1.0
1.0
1.0
1.0
0.0
0.0
0.0
0.0
1.0
0.0
1.0
1.0
1.0
1.0
1.0
1.0
1.0
1.0
0.0
0.0
1.0
0.0
0.0
1.0
1.0
1.0
1.0
1.0
1.0
1.0
1.0
1.0
0.0
0.0
0.0
1.0
0.0
0.0
1.0
1.0
1.0
1.0
1.0
1.0
1.0
1.0
1.0
0.0
1.0
0.0
1.0
1.0
0.0
1.0
1.0
1.0
1.0
1.0
1.0
0.0
0.0
1.0
0.0
1.0
1.0
0.0
1.0
1.0
1.0
1.0
1.0
1.0
1.0
0.0
0.0
0.0
1.0
1.0
0.0
1.0
0.0
1.0
1.0
1.0
1.0
1.0
0.0
0.0
1.0
1.0
1.0
0.0
0.0
0.0
1.0
1.0
1.0
1.0
1.0
1.0
1.0
1.0
1.0
0.0
1.0
0.0
1.0
1.0
1.0
1.0
1.0
1.0
1.0
0.0
0.0
0.0
0.0
1.0
0.0
1.0
1.0
1.0
1.0
1.0
1.0
1.0
1.0
0.0
0.0
0.0
0.0
1.0
1.0
0.0
0.0
1.0
1.0
1.0
1.0
1.0
1.0
1.0
0.0
1.0
0.0
1.0
0.0
1.0
1.0
1.0
1.0
1.0
1.0
1.0
1.0
0.0
0.0
0.0
1.0
0.0
0.0
1.0
1.0
1.0
1.0
1.0
1.0
1.0
1.0
0.0
0.0
0.0
0.0
1.0
1.0
1.0
1.0
1.0
1.0
1.0
1.0
0.0
1.0
0.0
0.0
0.0
0.0
1.0
1.0
1.0
1.0
1.0
1.0
1.0
1.0
1.0
1.0
0.0
0.0
0.0
1.0
0.0
1.0
1.0
1.0
1.0
1.0
1.0
1.0
1.0
1.0
0.0
1.0
1.0
0.0
1.0
0.0
0.0
1.0
1.0
1.0
1.0
1.0
1.0
0.0
1.0
1.0
1.0
0.0
1.0
0.0
1.0
1.0
1.0
1.0
1.0
85.0
122.0
87.0
85.0
159.0
159.0
131.0
87.0
90.0
75.0
79.0
91.0
91.0
91.0
90.0
90.0
92.0
83.0
68.0
153.0
153.0
84.0
85.0
84.0
84.0
85.0
83.0
84.0
68.0
84.0
79.0
84.0
84.0
84.0
68.0
85.0
85.0
110.0
109.0
70.0
84.0
84.0
84.0
84.0
68.0
84.0
84.0
98.0
115.0
115.0
98.0
114.0
114.0
113.0
113.0
116.0
115.0
69.0
70.0
86.0
86.0
85.0
86.0
85.0
84.0
69.0
85.0
85.0
69.0
85.0
85.0
85.0
84.0
86.0
84.0
71.0
71.0
84.0
85.0
86.0
73.0
84.0
84.0
84.0
84.0
73.0
73.0
84.0
84.0
73.0
74.0
85.0
84.0
85.0
84.0
83.0
81.0
82.0
107.0
73.0
74.0
82.0
81.0
81.0
82.0
81.0
96.0
81.0
75.0
75.0
75.0
81.0
81.0
81.0
81.0
81.0
76.0
81.0
75.0
76.0
75.0
80.0
80.0
79.0
79.0
108.0
106.0
76.0
78.0
76.0
77.0
78.0
77.0
79.0
78.0
79.0
78.0
79.0
78.0
78.0
78.0
78.0
78.0
79.0
79.0
78.0
78.0
78.0
78.0
78.0
78.0
78.0
78.0
78.0
78.0
78.0
78.0
78.0
79.0
78.0
78.0
78.0
78.0
78.0
78.0
78.0
78.0
79.0
78.0
79.0
79.0
89.0
90.0
89.0
90.0
91.0
90.0
90.0
90.0
91.0
91.0
80.0
79.0
79.0
79.0
78.0
78.0
78.0
79.0
78.0
79.0
78.0
78.0
78.0
77.0
78.0
79.0
79.0
78.0
78.0
78.0
78.0
79.0
78.0
78.0
78.0
78.0
78.0
79.0
79.0
78.0
79.0
79.0
79.0
79.0
79.0
78.0
79.0
78.0
78.0
79.0
78.0
77.0
79.0
78.0
78.0
78.0
78.0
78.0
78.0
78.0
78.0
78.0
78.0
78.0
78.0
79.0
78.0
79.0
78.0
78.0
78.0
77.0
78.0
78.0
79.0
78.0
78.0
78.0
79.0
78.0
79.0
78.0
78.0
79.0
78.0
79.0
78.0
78.0
78.0
78.0
78.0
77.0
77.0
78.0
78.0
78.0
79.0
78.0
79.0
78.0
78.0
78.0
78.0
78.0
79.0
78.0
78.0
78.0
78.0
78.0
78.0
78.0
78.0
78.0
78.0
78.0
78.0
79.0
78.0
78.0
78.0
79.0
78.0
78.0
78.0
78.0
78.0
78.0
89.0
90.0
91.0
90.0
91.0
91.0
91.0
91.0
91.0
91.0
80.0
81.0
78.0
78.0
78.0
78.0
79.0
82.0
78.0
78.0
78.0
78.0
78.0
78.0
78.0
79.0
78.0
78.0
79.0
79.0
79.0
78.0
78.0
77.0
78.0
78.0
78.0
78.0
78.0
78.0
78.0
77.0
82.0
78.0
78.0
78.0
78.0
77.0
78.0
78.0
78.0
78.0
78.0
78.0
78.0
78.0
78.0
79.0
79.0
78.0
79.0
79.0
79.0
78.0
78.0
78.0
79.0
78.0
78.0
79.0
78.0
78.0
78.0
78.0
78.0
79.0
79.0
78.0
78.0
78.0
78.0
78.0
79.0
78.0
78.0
78.0
78.0
78.0
79.0
78.0
78.0
78.0
79.0
79.0
78.0
79.0
79.0
78.0
78.0
78.0
78.0
79.0
78.0
77.0
78.0
78.0
78.0
78.0
78.0
79.0
79.0
78.0
79.0
78.0
78.0
80.0
78.0
79.0
78.0
78.0
78.0
79.0
77.0
78.0
78.0
78.0
90.0
90.0
90.0
90.0
91.0
92.0
91.0
91.0
92.0
91.0
80.0
79.0
80.0
79.0
78.0
78.0
78.0
78.0
77.0
78.0
113.0
113.0
111.0
113.0
112.0
112.0
113.0
112.0
113.0
113.0
79.0
80.0
79.0
79.0
78.0
78.0
79.0
79.0
78.0
79.0
78.0
79.0
78.0
79.0
79.0
79.0
78.0
82.0
78.0
78.0
78.0
78.0
79.0
78.0
78.0
78.0
79.0
78.0
77.0
78.0
78.0
79.0
79.0
78.0
78.0
79.0
77.0
78.0
78.0
79.0
78.0
78.0
78.0
78.0
78.0
78.0
77.0
78.0
78.0
78.0
78.0
79.0
78.0
79.0
78.0
78.0
78.0
77.0
78.0
78.0
80.0
82.0
79.0
78.0
78.0
78.0
78.0
77.0
78.0
78.0
78.0
78.0
78.0
79.0
78.0
78.0
78.0
78.0
78.0
79.0
78.0
79.0
79.0
78.0
78.0
79.0
78.0
78.0
78.0
78.0
78.0
79.0
78.0
78.0
79.0
78.0
79.0
78.0
78.0
78.0
79.0
78.0
78.0
78.0
78.0
78.0
78.0
78.0
78.0
78.0
78.0
79.0
78.0
79.0
78.0
81.0
78.0
78.0
89.0
89.0
91.0
91.0
91.0
91.0
91.0
91.0
91.0
91.0
80.0
80.0
80.0
78.0
78.0
78.0
78.0
78.0
81.0
80.0
80.0
81.0
78.0
78.0
79.0
78.0
79.0
78.0
78.0
78.0
78.0
78.0
78.0
79.0
78.0
79.0
78.0
79.0
79.0
79.0
78.0
79.0
77.0
79.0
78.0
78.0
78.0
78.0
78.0
77.0
78.0
78.0
78.0
78.0
79.0
79.0
78.0
78.0
78.0
78.0
78.0
78.0
78.0
79.0
78.0
78.0
79.0
78.0
78.0
78.0
78.0
77.0
78.0
78.0
79.0
78.0
78.0
78.0
78.0
78.0
78.0
79.0
78.0
79.0
78.0
79.0
79.0
78.0
78.0
78.0
78.0
78.0
78.0
78.0
78.0
78.0
79.0
78.0
79.0
78.0
78.0
78.0
78.0
79.0
79.0
78.0
78.0
78.0
79.0
78.0
77.0
78.0
78.0
78.0
78.0
78.0
78.0
79.0
78.0
78.0
78.0
79.0
78.0
78.0
79.0
78.0
78.0
89.0
90.0
91.0
91.0
91.0
91.0
91.0
91.0
91.0
91.0
79.0
80.0
79.0
79.0
79.0
79.0
78.0
78.0
79.0
79.0
79.0
78.0
78.0
78.0
78.0
78.0
78.0
79.0
78.0
78.0
79.0
78.0
78.0
78.0
78.0
78.0
79.0
78.0
79.0
79.0
78.0
78.0
78.0
78.0
79.0
79.0
78.0
78.0
78.0
78.0
78.0
78.0
79.0
78.0
78.0
78.0
78.0
78.0
79.0
79.0
79.0
78.0
78.0
78.0
79.0
79.0
79.0
79.0
78.0
78.0
78.0
79.0
79.0
78.0
78.0
78.0
78.0
78.0
79.0
79.0
78.0
78.0
77.0
78.0
78.0
78.0
79.0
78.0
78.0
78.0
79.0
78.0
78.0
78.0
79.0
78.0
78.0
79.0
79.0
79.0
79.0
79.0
79.0
77.0
78.0
78.0
78.0
78.0
78.0
78.0
78.0
77.0
77.0
78.0
78.0
78.0
78.0
78.0
79.0
78.0
79.0
78.0
79.0
78.0
78.0
78.0
90.0
90.0
90.0
91.0
91.0
90.0
90.0
90.0
91.0
91.0
80.0
80.0
80.0
79.0
79.0
79.0
79.0
79.0
116.0
116.0
117.0
117.0
115.0
115.0
115.0
116.0
116.0
116.0
78.0
78.0
78.0
79.0
78.0
78.0
79.0
78.0
78.0
78.0
79.0
78.0
79.0
78.0
78.0
79.0
78.0
79.0
79.0
78.0
78.0
78.0
78.0
78.0
78.0
78.0
78.0
78.0
77.0
78.0
78.0
78.0
79.0
78.0
79.0
79.0
79.0
79.0
79.0
78.0
79.0
79.0
78.0
78.0
78.0
78.0
78.0
78.0
78.0
79.0
78.0
78.0
78.0
79.0
79.0
78.0
79.0
78.0
78.0
77.0
78.0
78.0
79.0
78.0
78.0
78.0
78.0
79.0
79.0
79.0
78.0
78.0
78.0
78.0
78.0
79.0
78.0
78.0
78.0
78.0
78.0
78.0
79.0
79.0
81.0
79.0
78.0
78.0
78.0
78.0
78.0
78.0
79.0
79.0
78.0
79.0
78.0
78.0
78.0
78.0
79.0
78.0
78.0
78.0
79.0
78.0
78.0
78.0
78.0
79.0
78.0
79.0
78.0
79.0
78.0
79.0
90.0
90.0
90.0
90.0
90.0
90.0
91.0
91.0
91.0
91.0
80.0
80.0
79.0
79.0
78.0
79.0
79.0
78.0
78.0
78.0
79.0
79.0
78.0
78.0
79.0
78.0
78.0
78.0
78.0
78.0
78.0
78.0
78.0
78.0
78.0
78.0
80.0
79.0
78.0
78.0
78.0
78.0
78.0
78.0
78.0
78.0
78.0
79.0
78.0
79.0
79.0
78.0
78.0
78.0
78.0
78.0
78.0
79.0
78.0
78.0
78.0
78.0
77.0
78.0
79.0
78.0
79.0
78.0
78.0
78.0
78.0
77.0
77.0
78.0
78.0
79.0
78.0
79.0
78.0
79.0
78.0
78.0
77.0
78.0
78.0
78.0
79.0
78.0
79.0
78.0
78.0
78.0
78.0
78.0
79.0
78.0
78.0
78.0
78.0
79.0
79.0
78.0
78.0
77.0
78.0
79.0
78.0
79.0
78.0
78.0
78.0
78.0
78.0
77.0
78.0
78.0
78.0
78.0
78.0
79.0
79.0
78.0
78.0
78.0
78.0
78.0
90.0
90.0
89.0
89.0
91.0
90.0
90.0
90.0
91.0
91.0
80.0
79.0
80.0
79.0
78.0
79.0
79.0
79.0
78.0
78.0
78.0
78.0
78.0
79.0
83.0
78.0
77.0
78.0
79.0
82.0
85.0
85.0
84.0
86.0
86.0
87.0
84.0
87.0
84.0
85.0
86.0
83.0
82.0
84.0
81.0
81.0
80.0
81.0
81.0
80.0
82.0
84.0
83.0
83.0
80.0
84.0
81.0
80.0
81.0
81.0
83.0
84.0
84.0
83.0
81.0
81.0
81.0
83.0
81.0
81.0
84.0
83.0
84.0
84.0
80.0
80.0
81.0
83.0
80.0
80.0
84.0
84.0
84.0
82.0
81.0
80.0
81.0
83.0
81.0
81.0
83.0
84.0
83.0
80.0
82.0
81.0
80.0
83.0
80.0
81.0
84.0
81.0
84.0
80.0
84.0
84.0
81.0
83.0
81.0
80.0
79.0
80.0
78.0
78.0
80.0
79.0
80.0
78.0
79.0
78.0
78.0
78.0
78.0
78.0
79.0
79.0
79.0
90.0
90.0
91.0
91.0
91.0
92.0
91.0
91.0
91.0
92.0
80.0
80.0
78.0
78.0
78.0
119.0
78.0
118.0
117.0
118.0
118.0
118.0
118.0
118.0
120.0
119.0
78.0
78.0
79.0
82.0
78.0
78.0
79.0
79.0
79.0
80.0
78.0
78.0
78.0
78.0
79.0
78.0
80.0
78.0
78.0
79.0
80.0
78.0
78.0
79.0
78.0
78.0
80.0
80.0
79.0
80.0
79.0
80.0
78.0
78.0
80.0
78.0
82.0
80.0
81.0
78.0
80.0
78.0
81.0
78.0
80.0
78.0
81.0
80.0
79.0
79.0
79.0
80.0
82.0
78.0
78.0
80.0
81.0
78.0
78.0
78.0
79.0
79.0
79.0
79.0
79.0
79.0
79.0
79.0
79.0
79.0
79.0
78.0
78.0
79.0
78.0
78.0
79.0
78.0
78.0
78.0
78.0
79.0
78.0
79.0
78.0
79.0
80.0
77.0
79.0
82.0
78.0
78.0
78.0
79.0
79.0
78.0
78.0
78.0
78.0
78.0
78.0
79.0
79.0
79.0
78.0
78.0
78.0
79.0
78.0
79.0
78.0
78.0
78.0
78.0
78.0
78.0
88.0
90.0
91.0
91.0
91.0
90.0
91.0
91.0
92.0
91.0
80.0
79.0
79.0
79.0
79.0
78.0
78.0
78.0
78.0
79.0
78.0
78.0
78.0
78.0
78.0
79.0
79.0
78.0
79.0
78.0
78.0
78.0
78.0
79.0
77.0
79.0
78.0
78.0
78.0
78.0
78.0
78.0
78.0
78.0
78.0
79.0
79.0
78.0
78.0
78.0
78.0
78.0
78.0
78.0
78.0
78.0
78.0
79.0
79.0
78.0
78.0
78.0
79.0
82.0
79.0
78.0
78.0
78.0
78.0
78.0
79.0
78.0
78.0
78.0
78.0
79.0
79.0
78.0
78.0
78.0
78.0
78.0
78.0
79.0
78.0
78.0
78.0
78.0
79.0
79.0
79.0
79.0
78.0
78.0
78.0
79.0
79.0
78.0
78.0
78.0
78.0
77.0
79.0
78.0
78.0
78.0
78.0
78.0
79.0
78.0
78.0
77.0
78.0
79.0
78.0
78.0
79.0
78.0
78.0
78.0
78.0
79.0
78.0
78.0
79.0
79.0
78.0
78.0
78.0
78.0
90.0
91.0
91.0
92.0
91.0
91.0
92.0
90.0
92.0
91.0
79.0
78.0
79.0
78.0
79.0
78.0
80.0
77.0
79.0
78.0
78.0
78.0
79.0
77.0
78.0
78.0
79.0
78.0
78.0
79.0
78.0
78.0
79.0
79.0
79.0
79.0
77.0
79.0
78.0
78.0
78.0
78.0
78.0
79.0
78.0
78.0
79.0
80.0
78.0
78.0
77.0
78.0
78.0
78.0
78.0
79.0
77.0
80.0
78.0
78.0
78.0
79.0
78.0
79.0
78.0
78.0
78.0
78.0
79.0
79.0
78.0
78.0
78.0
78.0
78.0
79.0
78.0
78.0
80.0
79.0
78.0
78.0
78.0
78.0
79.0
78.0
78.0
78.0
78.0
79.0
78.0
78.0
78.0
79.0
78.0
78.0
78.0
78.0
78.0
79.0
78.0
79.0
78.0
79.0
79.0
78.0
79.0
78.0
79.0
79.0
78.0
78.0
78.0
78.0
78.0
78.0
78.0
78.0
78.0
78.0
79.0
78.0
78.0
78.0
78.0
79.0
78.0
78.0
78.0
78.0
90.0
90.0
90.0
90.0
91.0
91.0
91.0
90.0
91.0
91.0
117.0
119.0
118.0
117.0
118.0
118.0
117.0
118.0
118.0
118.0
79.0
80.0
79.0
78.0
79.0
78.0
79.0
79.0
79.0
78.0
80.0
78.0
78.0
78.0
83.0
78.0
80.0
78.0
78.0
80.0
78.0
78.0
83.0
78.0
78.0
80.0
78.0
80.0
78.0
79.0
79.0
79.0
78.0
79.0
78.0
78.0
79.0
79.0
79.0
79.0
79.0
79.0
78.0
82.0
79.0
79.0
80.0
79.0
78.0
79.0
77.0
78.0
75.0
69.0
75.0
