2.0
2.0
2.0
2.0
2.0
2.0
2.0
2.0
2.0
2.0
10.0
17.0
17.0
10.0
316.0
964.0
967.0
933.0
1021.0
1146.0
965.0
960.0
942.0
1109.0
948.0
872.0
869.0
928.0
926.0
926.0
10.0
10.0
10.0
9.0
306.0
867.0
869.0
927.0
928.0
927.0
872.0
869.0
872.0
923.0
927.0
922.0
874.0
917.0
912.0
930.0
9.0
9.0
9.0
9.0
296.0
927.0
918.0
927.0
934.0
917.0
936.0
930.0
920.0
932.0
894.0
897.0
898.0
900.0
912.0
900.0
10.0
9.0
10.0
9.0
298.0
902.0
896.0
904.0
895.0
905.0
896.0
897.0
897.0
896.0
897.0
896.0
898.0
897.0
897.0
894.0
10.0
9.0
10.0
9.0
295.0
896.0
900.0
896.0
896.0
898.0
896.0
898.0
895.0
895.0
907.0
942.0
940.0
925.0
926.0
944.0
9.0
10.0
9.0
9.0
312.0
951.0
927.0
922.0
935.0
919.0
895.0
896.0
893.0
897.0
889.0
896.0
895.0
897.0
898.0
893.0
10.0
9.0
10.0
9.0
297.0
899.0
896.0
901.0
895.0
899.0
896.0
896.0
902.0
900.0
895.0
898.0
898.0
899.0
894.0
898.0
9.0
9.0
10.0
10.0
295.0
898.0
896.0
897.0
894.0
893.0
923.0
922.0
929.0
920.0
926.0
923.0
929.0
928.0
944.0
937.0
9.0
9.0
8.0
9.0
297.0
908.0
893.0
894.0
896.0
897.0
902.0
892.0
895.0
917.0
898.0
893.0
908.0
894.0
894.0
898.0
9.0
9.0
9.0
9.0
296.0
893.0
896.0
898.0
897.0
899.0
894.0
893.0
885.0
876.0
897.0
865.0
889.0
867.0
867.0
862.0
10.0
16.0
17.0
10.0
320.0
963.0
951.0
883.0
1149.0
928.0
962.0
958.0
1029.0
1113.0
939.0
867.0
877.0
1420.0
896.0
1422.0
10.0
9.0
10.0
9.0
295.0
895.0
878.0
897.0
895.0
902.0
890.0
895.0
923.0
923.0
896.0
922.0
927.0
943.0
902.0
898.0
9.0
9.0
9.0
10.0
295.0
925.0
932.0
931.0
928.0
933.0
928.0
933.0
955.0
928.0
930.0
905.0
910.0
913.0
928.0
917.0
9.0
9.0
10.0
9.0
296.0
914.0
915.0
900.0
931.0
913.0
928.0
920.0
924.0
921.0
921.0
917.0
912.0
897.0
903.0
918.0
9.0
9.0
9.0
9.0
300.0
899.0
908.0
908.0
903.0
903.0
897.0
900.0
897.0
896.0
910.0
917.0
936.0
940.0
938.0
969.0
9.0
10.0
10.0
9.0
306.0
948.0
947.0
945.0
950.0
966.0
948.0
953.0
937.0
906.0
898.0
896.0
895.0
895.0
896.0
896.0
9.0
9.0
9.0
9.0
294.0
895.0
899.0
897.0
896.0
897.0
896.0
897.0
897.0
899.0
920.0
903.0
898.0
893.0
899.0
899.0
9.0
9.0
10.0
9.0
293.0
898.0
897.0
892.0
900.0
891.0
895.0
892.0
894.0
898.0
895.0
917.0
923.0
919.0
930.0
928.0
8.0
9.0
9.0
8.0
320.0
921.0
934.0
926.0
921.0
892.0
897.0
894.0
898.0
898.0
900.0
896.0
897.0
900.0
896.0
894.0
2.0
1.0
1.0
1.0
2.0
358.0
357.0
358.0
357.0
360.0
360.0
359.0
359.0
358.0
368.0
357.0
357.0
360.0
358.0
358.0
10.0
9.0
9.0
9.0
296.0
899.0
897.0
898.0
898.0
913.0
897.0
901.0
900.0
896.0
894.0
902.0
896.0
899.0
900.0
897.0
10.0
9.0
9.0
9.0
296.0
901.0
902.0
897.0
896.0
926.0
928.0
925.0
939.0
941.0
927.0
936.0
932.0
938.0
924.0
904.0
9.0
9.0
9.0
9.0
295.0
896.0
895.0
897.0
899.0
897.0
901.0
898.0
900.0
907.0
906.0
924.0
919.0
912.0
912.0
937.0
9.0
9.0
9.0
9.0
306.0
937.0
916.0
932.0
923.0
904.0
904.0
912.0
900.0
897.0
899.0
899.0
900.0
909.0
902.0
899.0
9.0
9.0
9.0
9.0
295.0
942.0
932.0
923.0
942.0
935.0
938.0
934.0
936.0
923.0
931.0
899.0
900.0
903.0
901.0
899.0
9.0
9.0
9.0
9.0
297.0
898.0
899.0
896.0
894.0
896.0
897.0
903.0
898.0
903.0
899.0
896.0
914.0
908.0
911.0
902.0
10.0
9.0
9.0
9.0
293.0
908.0
901.0
897.0
897.0
901.0
910.0
898.0
902.0
897.0
905.0
927.0
928.0
932.0
918.0
924.0
9.0
9.0
9.0
9.0
295.0
924.0
935.0
925.0
920.0
934.0
914.0
907.0
901.0
900.0
902.0
898.0
912.0
899.0
906.0
904.0
8.0
8.0
9.0
9.0
298.0
897.0
896.0
899.0
903.0
894.0
901.0
894.0
896.0
896.0
895.0
895.0
897.0
895.0
897.0
895.0
2.0
1.0
1.0
2.0
1.0
358.0
358.0
359.0
360.0
358.0
357.0
357.0
359.0
358.0
359.0
359.0
360.0
359.0
357.0
358.0
9.0
10.0
9.0
9.0
296.0
921.0
920.0
919.0
932.0
926.0
927.0
917.0
929.0
919.0
922.0
897.0
897.0
897.0
908.0
900.0
9.0
9.0
9.0
10.0
302.0
894.0
898.0
907.0
897.0
898.0
895.0
894.0
902.0
898.0
894.0
895.0
898.0
894.0
896.0
895.0
9.0
10.0
9.0
9.0
293.0
895.0
896.0
896.0
896.0
895.0
900.0
894.0
898.0
896.0
897.0
894.0
901.0
896.0
899.0
916.0
9.0
10.0
9.0
9.0
295.0
923.0
924.0
925.0
926.0
933.0
921.0
919.0
921.0
935.0
902.0
915.0
913.0
900.0
913.0
912.0
9.0
9.0
9.0
9.0
295.0
926.0
914.0
924.0
911.0
909.0
909.0
922.0
910.0
910.0
908.0
898.0
895.0
896.0
894.0
896.0
9.0
10.0
9.0
9.0
295.0
895.0
895.0
897.0
896.0
896.0
897.0
894.0
897.0
894.0
896.0
895.0
895.0
938.0
939.0
935.0
9.0
8.0
9.0
9.0
292.0
945.0
931.0
935.0
932.0
932.0
929.0
935.0
895.0
914.0
918.0
898.0
896.0
901.0
896.0
899.0
8.0
9.0
8.0
9.0
294.0
894.0
894.0
898.0
898.0
897.0
897.0
896.0
895.0
895.0
896.0
892.0
896.0
897.0
894.0
894.0
1.0
2.0
1.0
1.0
287.0
886.0
888.0
886.0
889.0
888.0
889.0
890.0
888.0
889.0
888.0
915.0
917.0
930.0
920.0
922.0
1.0
1.0
2.0
1.0
1.0
381.0
387.0
386.0
385.0
382.0
368.0
367.0
366.0
359.0
358.0
365.0
364.0
368.0
359.0
358.0
10.0
9.0
9.0
9.0
300.0
896.0
912.0
897.0
897.0
899.0
899.0
903.0
897.0
897.0
901.0
899.0
899.0
899.0
893.0
897.0
10.0
9.0
9.0
9.0
294.0
896.0
895.0
898.0
898.0
896.0
897.0
909.0
901.0
900.0
916.0
897.0
915.0
900.0
901.0
900.0
9.0
9.0
9.0
9.0
296.0
930.0
927.0
927.0
932.0
938.0
935.0
931.0
940.0
927.0
921.0
917.0
900.0
913.0
914.0
900.0
9.0
9.0
10.0
9.0
295.0
899.0
909.0
896.0
914.0
896.0
897.0
907.0
900.0
900.0
898.0
907.0
895.0
897.0
914.0
908.0
9.0
9.0
9.0
10.0
299.0
912.0
895.0
909.0
902.0
907.0
898.0
900.0
914.0
903.0
911.0
920.0
930.0
924.0
928.0
927.0
9.0
9.0
10.0
9.0
294.0
921.0
924.0
939.0
941.0
944.0
914.0
926.0
925.0
921.0
918.0
924.0
927.0
912.0
910.0
914.0
9.0
9.0
8.0
9.0
297.0
897.0
899.0
897.0
896.0
900.0
900.0
894.0
901.0
896.0
901.0
902.0
898.0
900.0
897.0
899.0
8.0
9.0
8.0
9.0
294.0
898.0
896.0
895.0
900.0
896.0
900.0
896.0
897.0
897.0
900.0
928.0
929.0
929.0
928.0
923.0
2.0
1.0
1.0
2.0
315.0
929.0
929.0
930.0
924.0
901.0
911.0
888.0
889.0
905.0
891.0
895.0
894.0
887.0
888.0
891.0
1.0
1.0
2.0
1.0
1.0
359.0
358.0
357.0
359.0
357.0
358.0
358.0
359.0
359.0
357.0
360.0
359.0
358.0
358.0
359.0
10.0
9.0
9.0
9.0
295.0
895.0
896.0
895.0
893.0
897.0
893.0
897.0
893.0
895.0
897.0
897.0
896.0
895.0
895.0
895.0
9.0
9.0
9.0
9.0
295.0
896.0
896.0
894.0
896.0
925.0
928.0
928.0
933.0
916.0
921.0
935.0
922.0
936.0
924.0
918.0
9.0
9.0
9.0
9.0
296.0
895.0
904.0
899.0
898.0
898.0
897.0
900.0
897.0
899.0
902.0
898.0
900.0
893.0
897.0
895.0
9.0
9.0
10.0
9.0
294.0
894.0
899.0
898.0
896.0
901.0
910.0
896.0
896.0
904.0
900.0
904.0
899.0
911.0
908.0
935.0
9.0
9.0
9.0
10.0
298.0
920.0
918.0
931.0
925.0
924.0
923.0
921.0
924.0
919.0
894.0
892.0
896.0
898.0
894.0
893.0
9.0
9.0
9.0
9.0
296.0
898.0
896.0
899.0
895.0
899.0
894.0
894.0
897.0
895.0
895.0
899.0
896.0
900.0
906.0
908.0
8.0
8.0
9.0
9.0
296.0
898.0
896.0
911.0
894.0
898.0
897.0
910.0
896.0
899.0
915.0
936.0
939.0
1036.0
947.0
942.0
9.0
9.0
8.0
9.0
304.0
959.0
953.0
947.0
944.0
1031.0
914.0
905.0
920.0
903.0
910.0
905.0
897.0
900.0
894.0
896.0
1.0
1.0
2.0
1.0
288.0
890.0
913.0
893.0
896.0
893.0
898.0
895.0
901.0
892.0
895.0
893.0
891.0
887.0
890.0
890.0
2.0
1.0
1.0
2.0
1.0
362.0
357.0
357.0
357.0
358.0
359.0
358.0
357.0
358.0
357.0
358.0
360.0
360.0
358.0
359.0
10.0
10.0
9.0
9.0
293.0
917.0
923.0
919.0
920.0
922.0
927.0
923.0
915.0
919.0
915.0
901.0
905.0
906.0
923.0
910.0
10.0
9.0
9.0
10.0
301.0
908.0
931.0
928.0
907.0
919.0
907.0
903.0
900.0
909.0
908.0
899.0
892.0
902.0
903.0
904.0
9.0
9.0
9.0
9.0
294.0
897.0
894.0
893.0
896.0
894.0
898.0
897.0
894.0
897.0
899.0
895.0
897.0
894.0
898.0
927.0
9.0
10.0
9.0
9.0
294.0
941.0
934.0
928.0
955.0
930.0
935.0
938.0
940.0
934.0
893.0
901.0
896.0
903.0
900.0
894.0
9.0
10.0
9.0
9.0
295.0
896.0
897.0
895.0
897.0
892.0
901.0
901.0
899.0
898.0
899.0
897.0
895.0
904.0
896.0
898.0
9.0
10.0
9.0
9.0
294.0
905.0
895.0
909.0
901.0
896.0
906.0
900.0
918.0
920.0
898.0
903.0
920.0
937.0
917.0
928.0
9.0
9.0
9.0
9.0
298.0
930.0
921.0
923.0
927.0
917.0
927.0
922.0
897.0
903.0
901.0
909.0
905.0
913.0
911.0
899.0
9.0
9.0
9.0
9.0
295.0
917.0
913.0
910.0
903.0
914.0
901.0
904.0
902.0
904.0
904.0
907.0
896.0
898.0
907.0
897.0
8.0
9.0
8.0
9.0
293.0
924.0
928.0
904.0
905.0
911.0
928.0
928.0
906.0
904.0
934.0
925.0
925.0
932.0
930.0
934.0
2.0
1.0
1.0
2.0
1.0
379.0
386.0
377.0
377.0
384.0
367.0
361.0
364.0
359.0
367.0
360.0
374.0
361.0
359.0
360.0
9.0
9.0
9.0
9.0
298.0
894.0
908.0
907.0
901.0
897.0
913.0
913.0
913.0
898.0
914.0
896.0
894.0
896.0
894.0
894.0
9.0
9.0
9.0
9.0
294.0
901.0
897.0
895.0
899.0
896.0
894.0
896.0
898.0
894.0
896.0
898.0
894.0
894.0
895.0
901.0
10.0
9.0
9.0
9.0
294.0
928.0
925.0
926.0
922.0
935.0
927.0
942.0
943.0
951.0
932.0
895.0
894.0
900.0
896.0
898.0
9.0
9.0
9.0
9.0
299.0
899.0
900.0
900.0
895.0
891.0
895.0
902.0
897.0
896.0
898.0
896.0
896.0
900.0
899.0
894.0
9.0
9.0
9.0
9.0
294.0
908.0
903.0
912.0
901.0
908.0
908.0
912.0
902.0
896.0
896.0
899.0
928.0
934.0
926.0
928.0
9.0
9.0
9.0
9.0
298.0
942.0
937.0
926.0
917.0
929.0
916.0
898.0
897.0
906.0
896.0
903.0
903.0
895.0
895.0
897.0
9.0
8.0
9.0
8.0
295.0
901.0
908.0
901.0
909.0
899.0
914.0
901.0
898.0
897.0
900.0
895.0
913.0
898.0
894.0
899.0
8.0
8.0
9.0
9.0
295.0
897.0
898.0
898.0
896.0
896.0
894.0
893.0
897.0
895.0
915.0
917.0
913.0
917.0
919.0
918.0
1.0
2.0
1.0
1.0
306.0
907.0
910.0
929.0
894.0
891.0
906.0
893.0
895.0
895.0
892.0
891.0
893.0
891.0
892.0
892.0
2.0
1.0
1.0
2.0
1.0
360.0
359.0
360.0
357.0
360.0
360.0
359.0
357.0
358.0
359.0
358.0
361.0
359.0
358.0
357.0
9.0
9.0
10.0
10.0
294.0
912.0
926.0
916.0
921.0
916.0
916.0
910.0
918.0
913.0
916.0
896.0
894.0
894.0
900.0
893.0
9.0
9.0
9.0
9.0
294.0
896.0
896.0
897.0
934.0
942.0
936.0
949.0
937.0
940.0
937.0
933.0
947.0
949.0
912.0
906.0
9.0
9.0
9.0
9.0
296.0
897.0
892.0
898.0
898.0
899.0
898.0
893.0
898.0
893.0
899.0
895.0
895.0
900.0
894.0
896.0
9.0
9.0
9.0
10.0
294.0
898.0
895.0
893.0
898.0
893.0
894.0
896.0
903.0
895.0
899.0
895.0
896.0
895.0
914.0
934.0
10.0
9.0
9.0
9.0
297.0
928.0
938.0
935.0
926.0
932.0
922.0
915.0
918.0
937.0
912.0
899.0
908.0
907.0
896.0
897.0
9.0
9.0
9.0
9.0
297.0
894.0
896.0
904.0
894.0
895.0
894.0
896.0
896.0
898.0
902.0
900.0
897.0
899.0
910.0
905.0
8.0
9.0
8.0
9.0
298.0
900.0
896.0
899.0
904.0
902.0
898.0
909.0
899.0
902.0
902.0
914.0
912.0
923.0
916.0
922.0
8.0
8.0
9.0
8.0
294.0
930.0
933.0
928.0
914.0
913.0
895.0
898.0
895.0
897.0
905.0
896.0
904.0
896.0
904.0
893.0
2.0
1.0
1.0
1.0
287.0
886.0
896.0
893.0
886.0
888.0
889.0
907.0
889.0
890.0
887.0
888.0
889.0
889.0
885.0
887.0
1.0
2.0
1.0
1.0
2.0
358.0
359.0
359.0
357.0
357.0
359.0
360.0
359.0
358.0
358.0
356.0
357.0
357.0
357.0
358.0
9.0
8.0
9.0
8.0
295.0
921.0
914.0
918.0
914.0
918.0
925.0
926.0
914.0
913.0
929.0
894.0
905.0
910.0
895.0
911.0
9.0
8.0
9.0
8.0
294.0
911.0
898.0
892.0
916.0
895.0
921.0
908.0
907.0
909.0
910.0
930.0
932.0
923.0
926.0
923.0
9.0
9.0
8.0
9.0
297.0
899.0
899.0
897.0
898.0
900.0
897.0
894.0
894.0
896.0
898.0
893.0
900.0
897.0
897.0
916.0
8.0
8.0
8.0
9.0
295.0
917.0
917.0
926.0
924.0
915.0
912.0
915.0
929.0
920.0
897.0
911.0
910.0
917.0
917.0
897.0
8.0
9.0
8.0
8.0
294.0
905.0
892.0
897.0
898.0
901.0
893.0
897.0
902.0
899.0
900.0
893.0
895.0
898.0
898.0
896.0
9.0
8.0
8.0
9.0
293.0
894.0
898.0
899.0
898.0
895.0
895.0
893.0
893.0
891.0
894.0
892.0
896.0
919.0
915.0
917.0
8.0
9.0
9.0
8.0
293.0
934.0
930.0
933.0
913.0
924.0
931.0
947.0
916.0
898.0
904.0
901.0
917.0
902.0
896.0
908.0
1.0
1.0
2.0
1.0
292.0
898.0
896.0
888.0
887.0
894.0
885.0
888.0
887.0
888.0
888.0
887.0
887.0
887.0
886.0
888.0
1.0
1.0
2.0
1.0
287.0
888.0
888.0
887.0
888.0
889.0
890.0
887.0
889.0
886.0
889.0
907.0
909.0
909.0
912.0
915.0
2.0
1.0
1.0
1.0
2.0
358.0
385.0
376.0
376.0
376.0
377.0
358.0
360.0
357.0
357.0
358.0
361.0
358.0
358.0
358.0
9.0
9.0
9.0
8.0
295.0
898.0
897.0
895.0
896.0
895.0
914.0
913.0
892.0
897.0
896.0
897.0
894.0
893.0
896.0
893.0
8.0
8.0
9.0
9.0
295.0
893.0
894.0
895.0
894.0
894.0
896.0
893.0
894.0
895.0
896.0
897.0
894.0
895.0
893.0
895.0
9.0
9.0
8.0
8.0
293.0
914.0
918.0
916.0
912.0
928.0
918.0
933.0
932.0
929.0
923.0
917.0
920.0
902.0
903.0
910.0
9.0
9.0
8.0
9.0
294.0
932.0
931.0
910.0
969.0
934.0
920.0
899.0
898.0
902.0
901.0
909.0
901.0
909.0
948.0
899.0
9.0
8.0
9.0
9.0
297.0
898.0
903.0
907.0
900.0
900.0
899.0
900.0
902.0
898.0
950.0
900.0
901.0
905.0
922.0
916.0
1.0
1.0
1.0
1.0
290.0
923.0
910.0
930.0
928.0
929.0
918.0
926.0
926.0
909.0
888.0
891.0
894.0
909.0
887.0
889.0
1.0
1.0
2.0
1.0
287.0
896.0
886.0
904.0
885.0
885.0
889.0
891.0
895.0
886.0
889.0
889.0
889.0
888.0
883.0
888.0
1.0
1.0
1.0
2.0
286.0
893.0
891.0
889.0
888.0
891.0
889.0
889.0
885.0
893.0
888.0
890.0
923.0
916.0
917.0
921.0
1.0
2.0
1.0
1.0
1.0
357.0
358.0
387.0
394.0
383.0
394.0
386.0
383.0
364.0
363.0
358.0
357.0
359.0
357.0
368.0
1.0
1.0
2.0
1.0
1.0
366.0
360.0
366.0
364.0
365.0
358.0
359.0
357.0
357.0
355.0
357.0
348.0
350.0
331.0
320.0
