12.0
8.0
11.0
8.0
8.0
8.0
7.0
7.0
11.0
11.0
8.0
11.0
7.0
10.0
6.0
7.0
7.0
7.0
11.0
11.0
8.0
7.0
7.0
7.0
6.0
7.0
10.0
10.0
10.0
10.0
8.0
7.0
6.0
6.0
6.0
7.0
11.0
7.0
11.0
7.0
409.0
398.0
409.0
610.0
408.0
419.0
409.0
404.0
474.0
594.0
337.0
409.0
408.0
407.0
408.0
416.0
386.0
409.0
404.0
395.0
377.0
440.0
457.0
426.0
433.0
431.0
430.0
456.0
361.0
384.0
369.0
379.0
522.0
379.0
385.0
381.0
367.0
487.0
369.0
377.0
382.0
381.0
380.0
383.0
382.0
381.0
403.0
404.0
403.0
397.0
2413.0
2349.0
2351.0
2344.0
2355.0
2350.0
2323.0
2331.0
2328.0
2325.0
2369.0
2355.0
2357.0
2372.0
2381.0
2355.0
2352.0
2356.0
2363.0
2381.0
2379.0
2398.0
2393.0
2461.0
2397.0
2399.0
2363.0
2387.0
2377.0
2369.0
2319.0
2351.0
2351.0
2350.0
2353.0
2366.0
2346.0
2397.0
2399.0
2380.0
2355.0
2357.0
2355.0
2358.0
2357.0
2379.0
2357.0
2349.0
2382.0
2453.0
2384.0
2362.0
2379.0
2384.0
2379.0
2418.0
2368.0
2365.0
2365.0
2380.0
2375.0
2353.0
2354.0
2386.0
2384.0
2388.0
2399.0
2360.0
2348.0
2353.0
2350.0
2360.0
2354.0
2322.0
2323.0
2326.0
2332.0
2326.0
2322.0
2331.0
2346.0
2359.0
2373.0
2354.0
2352.0
2352.0
2353.0
2359.0
2352.0
2437.0
2443.0
2395.0
2423.0
2393.0
2437.0
2462.0
2444.0
2439.0
2468.0
2468.0
2348.0
2326.0
2327.0
2331.0
2334.0
2351.0
2354.0
2414.0
2359.0
2394.0
2378.0
2404.0
2400.0
2380.0
2388.0
2372.0
2347.0
2345.0
2360.0
2307.0
7.0
10.0
6.0
6.0
9.0
7.0
6.0
6.0
10.0
10.0
8.0
7.0
6.0
6.0
6.0
7.0
10.0
9.0
9.0
9.0
7.0
6.0
6.0
6.0
6.0
7.0
6.0
6.0
6.0
10.0
7.0
6.0
9.0
9.0
10.0
7.0
6.0
6.0
6.0
6.0
7.0
10.0
10.0
6.0
9.0
11.0
6.0
6.0
6.0
6.0
6.0
6.0
6.0
6.0
6.0
6.0
9.0
9.0
9.0
6.0
10.0
6.0
6.0
6.0
6.0
6.0
6.0
6.0
9.0
10.0
10.0
6.0
6.0
6.0
6.0
10.0
6.0
6.0
6.0
6.0
7.0
6.0
9.0
9.0
6.0
10.0
6.0
6.0
9.0
6.0
6.0
5.0
6.0
6.0
6.0
7.0
10.0
10.0
6.0
6.0
11.0
6.0
9.0
6.0
6.0
7.0
6.0
6.0
6.0
9.0
7.0
10.0
6.0
9.0
6.0
7.0
10.0
5.0
6.0
6.0
7.0
6.0
10.0
6.0
6.0
11.0
6.0
9.0
6.0
10.0
7.0
6.0
6.0
6.0
5.0
11.0
6.0
6.0
6.0
10.0
12.0
6.0
6.0
9.0
6.0
7.0
6.0
6.0
6.0
6.0
6.0
10.0
10.0
10.0
6.0
10.0
6.0
6.0
6.0
6.0
6.0
6.0
6.0
6.0
5.0
6.0
9.0
9.0
6.0
9.0
10.0
6.0
6.0
6.0
5.0
6.0
6.0
10.0
5.0
10.0
6.0
6.0
6.0
10.0
6.0
10.0
6.0
6.0
6.0
6.0
6.0
6.0
5.0
9.0
9.0
10.0
6.0
9.0
5.0
6.0
7.0
6.0
5.0
6.0
10.0
6.0
6.0
10.0
6.0
6.0
7.0
10.0
10.0
5.0
6.0
6.0
6.0
6.0
6.0
9.0
6.0
10.0
6.0
9.0
9.0
7.0
6.0
5.0
6.0
5.0
7.0
10.0
6.0
6.0
6.0
11.0
6.0
5.0
9.0
9.0
7.0
6.0
6.0
5.0
5.0
7.0
10.0
5.0
10.0
10.0
6.0
6.0
5.0
9.0
6.0
6.0
5.0
6.0
6.0
6.0
6.0
10.0
6.0
5.0
9.0
10.0
9.0
6.0
6.0
6.0
6.0
6.0
5.0
9.0
5.0
6.0
6.0
5.0
9.0
9.0
6.0
9.0
6.0
6.0
5.0
6.0
6.0
5.0
5.0
10.0
10.0
10.0
4.0
10.0
6.0
6.0
6.0
6.0
6.0
5.0
407.0
368.0
404.0
405.0
402.0
405.0
549.0
559.0
333.0
404.0
377.0
378.0
445.0
431.0
422.0
429.0
428.0
430.0
357.0
396.0
369.0
370.0
376.0
394.0
377.0
382.0
379.0
379.0
375.0
379.0
376.0
374.0
381.0
382.0
385.0
385.0
385.0
383.0
381.0
383.0
382.0
388.0
374.0
376.0
381.0
7.0
5.0
6.0
5.0
5.0
378.0
378.0
378.0
375.0
378.0
375.0
376.0
375.0
375.0
380.0
379.0
379.0
379.0
375.0
380.0
382.0
380.0
382.0
381.0
385.0
385.0
386.0
398.0
382.0
384.0
375.0
375.0
374.0
375.0
378.0
377.0
378.0
378.0
375.0
379.0
376.0
376.0
405.0
407.0
409.0
411.0
410.0
410.0
407.0
5.0
5.0
5.0
6.0
5.0
5.0
412.0
405.0
408.0
375.0
379.0
380.0
380.0
382.0
378.0
379.0
382.0
375.0
379.0
376.0
375.0
379.0
378.0
378.0
379.0
379.0
379.0
378.0
380.0
377.0
378.0
385.0
384.0
384.0
382.0
382.0
385.0
378.0
379.0
375.0
377.0
383.0
378.0
380.0
377.0
380.0
379.0
375.0
375.0
375.0
374.0
6.0
5.0
5.0
5.0
5.0
380.0
393.0
379.0
379.0
375.0
383.0
381.0
380.0
382.0
378.0
384.0
385.0
384.0
384.0
381.0
383.0
379.0
381.0
380.0
375.0
378.0
392.0
382.0
381.0
376.0
390.0
378.0
378.0
410.0
407.0
413.0
415.0
408.0
412.0
414.0
410.0
409.0
411.0
380.0
376.0
382.0
378.0
378.0
381.0
5.0
6.0
5.0
5.0
5.0
5.0
383.0
395.0
375.0
378.0
378.0
377.0
381.0
380.0
376.0
380.0
386.0
391.0
380.0
382.0
380.0
381.0
390.0
380.0
389.0
389.0
389.0
377.0
379.0
375.0
377.0
377.0
375.0
379.0
378.0
379.0
379.0
376.0
379.0
375.0
375.0
377.0
381.0
382.0
383.0
385.0
385.0
382.0
385.0
381.0
382.0
6.0
5.0
6.0
5.0
5.0
382.0
375.0
377.0
378.0
377.0
379.0
375.0
378.0
393.0
376.0
375.0
374.0
378.0
378.0
377.0
388.0
376.0
378.0
384.0
381.0
419.0
420.0
423.0
422.0
424.0
423.0
422.0
423.0
415.0
417.0
376.0
378.0
379.0
377.0
380.0
381.0
379.0
379.0
379.0
381.0
374.0
378.0
383.0
382.0
6.0
5.0
5.0
5.0
5.0
5.0
388.0
387.0
395.0
395.0
396.0
400.0
401.0
405.0
399.0
403.0
398.0
398.0
393.0
396.0
397.0
390.0
389.0
386.0
396.0
398.0
396.0
396.0
385.0
396.0
382.0
382.0
381.0
379.0
387.0
385.0
386.0
383.0
378.0
380.0
377.0
379.0
377.0
378.0
383.0
378.0
391.0
379.0
375.0
378.0
375.0
6.0
5.0
5.0
5.0
5.0
376.0
376.0
376.0
378.0
378.0
378.0
378.0
376.0
379.0
375.0
378.0
377.0
377.0
422.0
422.0
419.0
421.0
421.0
421.0
430.0
415.0
414.0
416.0
378.0
381.0
379.0
380.0
377.0
379.0
379.0
378.0
375.0
375.0
378.0
378.0
381.0
378.0
375.0
379.0
375.0
378.0
377.0
380.0
383.0
6.0
5.0
5.0
5.0
5.0
5.0
386.0
382.0
385.0
382.0
384.0
382.0
378.0
379.0
378.0
378.0
384.0
379.0
379.0
378.0
380.0
378.0
374.0
377.0
376.0
381.0
381.0
379.0
379.0
377.0
381.0
379.0
382.0
378.0
378.0
381.0
387.0
381.0
386.0
375.0
382.0
391.0
376.0
375.0
376.0
379.0
379.0
381.0
378.0
374.0
378.0
7.0
5.0
5.0
5.0
5.0
376.0
375.0
375.0
375.0
382.0
384.0
381.0
382.0
418.0
424.0
418.0
417.0
418.0
419.0
420.0
423.0
420.0
418.0
379.0
379.0
378.0
374.0
379.0
377.0
379.0
383.0
382.0
379.0
378.0
379.0
375.0
373.0
376.0
379.0
384.0
387.0
386.0
385.0
380.0
385.0
381.0
379.0
380.0
380.0
5.0
5.0
5.0
5.0
5.0
5.0
2406.0
2404.0
2405.0
2406.0
2381.0
2399.0
2373.0
2374.0
2376.0
2374.0
2347.0
2360.0
2353.0
2321.0
2349.0
2353.0
2323.0
2390.0
2325.0
2323.0
2396.0
2368.0
2399.0
2397.0
2426.0
2419.0
2368.0
2381.0
2376.0
2405.0
2379.0
2449.0
2465.0
2447.0
2449.0
2394.0
2388.0
2451.0
2385.0
2385.0
2324.0
2347.0
2352.0
2322.0
2351.0
6.0
6.0
6.0
5.0
5.0
2325.0
2350.0
2341.0
2330.0
2361.0
2377.0
2400.0
2379.0
2467.0
2418.0
2394.0
2407.0
2371.0
2370.0
2391.0
2386.0
2399.0
2382.0
2375.0
2413.0
2374.0
2410.0
2372.0
2398.0
2408.0
2330.0
2334.0
2350.0
2418.0
2340.0
2349.0
2344.0
2429.0
2355.0
2345.0
2383.0
2389.0
2415.0
2371.0
2375.0
2397.0
2371.0
2408.0
2411.0
5.0
6.0
5.0
5.0
5.0
5.0
2411.0
2402.0
2403.0
2442.0
2393.0
2404.0
2411.0
2453.0
2446.0
2464.0
2452.0
2340.0
2331.0
2326.0
2346.0
2326.0
2378.0
2390.0
2402.0
2402.0
2399.0
2373.0
2384.0
2380.0
2380.0
2404.0
2327.0
2343.0
2346.0
2348.0
2346.0
2380.0
2398.0
2388.0
2379.0
2409.0
2422.0
2414.0
2423.0
2425.0
2409.0
2373.0
2399.0
2378.0
2383.0
6.0
5.0
5.0
5.0
5.0
2373.0
2405.0
2399.0
2394.0
2395.0
2400.0
2327.0
2326.0
2324.0
2326.0
2369.0
2343.0
2344.0
2345.0
2343.0
2343.0
2360.0
2360.0
2362.0
2391.0
2361.0
2392.0
2396.0
2403.0
2413.0
2389.0
2395.0
2479.0
2403.0
2402.0
2446.0
2452.0
2522.0
2450.0
2404.0
2389.0
2328.0
2330.0
2336.0
2332.0
2326.0
2341.0
2337.0
2353.0
5.0
5.0
5.0
5.0
5.0
5.0
2340.0
2347.0
2384.0
2372.0
2391.0
2399.0
2359.0
2354.0
2357.0
2350.0
2394.0
2454.0
2394.0
2389.0
2380.0
2422.0
2404.0
2395.0
2466.0
2370.0
2401.0
2431.0
2348.0
2344.0
2357.0
2358.0
2346.0
2326.0
2326.0
2362.0
2354.0
2378.0
2380.0
2370.0
2378.0
2386.0
2362.0
2360.0
2366.0
2328.0
2332.0
2348.0
2429.0
2432.0
2411.0
6.0
6.0
5.0
5.0
5.0
2440.0
2373.0
2362.0
2399.0
2388.0
2388.0
2415.0
2336.0
2325.0
2347.0
2429.0
2344.0
2347.0
2346.0
2389.0
2349.0
2344.0
2350.0
2347.0
2321.0
2320.0
2320.0
2325.0
2325.0
2320.0
2323.0
2322.0
2370.0
2362.0
2364.0
2359.0
2348.0
2353.0
2353.0
2358.0
2403.0
2352.0
2351.0
2377.0
2376.0
2350.0
2376.0
2365.0
2381.0
5.0
5.0
5.0
5.0
5.0
5.0
2352.0
2363.0
2348.0
2333.0
2333.0
2332.0
2321.0
2336.0
2387.0
2331.0
2334.0
2332.0
2327.0
2381.0
2411.0
2400.0
2395.0
2424.0
2396.0
2396.0
2386.0
2367.0
2417.0
2382.0
2365.0
2372.0
2356.0
2368.0
2367.0
2358.0
2365.0
2357.0
2372.0
2345.0
2345.0
2349.0
2333.0
2358.0
2331.0
2337.0
2327.0
2329.0
2364.0
2374.0
2392.0
6.0
6.0
5.0
5.0
5.0
2366.0
2354.0
2371.0
2356.0
2362.0
2346.0
2357.0
2342.0
2378.0
2398.0
2385.0
2384.0
2363.0
2371.0
2353.0
2425.0
2370.0
2393.0
2353.0
2353.0
2324.0
2341.0
2324.0
2366.0
2343.0
2357.0
2356.0
2363.0
2357.0
2368.0
2351.0
2377.0
2360.0
2347.0
2326.0
2331.0
2338.0
2352.0
2398.0
2402.0
2412.0
2409.0
2401.0
2411.0
5.0
5.0
5.0
5.0
5.0
5.0
2418.0
2403.0
2397.0
2390.0
2367.0
2374.0
2372.0
2385.0
2359.0
2414.0
2394.0
2383.0
2399.0
2420.0
2344.0
2340.0
2340.0
2347.0
2324.0
2335.0
2348.0
2339.0
2329.0
2346.0
2377.0
2407.0
2370.0
2426.0
2378.0
2384.0
2376.0
2385.0
2384.0
2384.0
2370.0
2382.0
2383.0
2371.0
2382.0
2376.0
2399.0
2370.0
2369.0
2375.0
2351.0
6.0
6.0
5.0
5.0
5.0
2328.0
2346.0
2334.0
2355.0
2338.0
2358.0
2344.0
2338.0
2366.0
2405.0
2420.0
2419.0
2386.0
2441.0
2401.0
2423.0
2417.0
2419.0
2388.0
2397.0
2367.0
2367.0
2390.0
2399.0
2350.0
2386.0
2361.0
2359.0
2374.0
2349.0
2332.0
2330.0
2349.0
2327.0
2344.0
2355.0
2350.0
2363.0
2362.0
2358.0
2348.0
2350.0
2362.0
2351.0
6.0
5.0
28.0
5.0
6.0
5.0
2343.0
2331.0
2324.0
2342.0
2345.0
2385.0
2346.0
2341.0
2377.0
2582.0
2382.0
2687.0
2334.0
2401.0
2377.0
2342.0
2247.0
2242.0
2369.0
2269.0
2389.0
2364.0
4078.0
2363.0
4016.0
2383.0
2307.0
2302.0
2354.0
2298.0
2356.0
2365.0
2357.0
2386.0
2363.0
2369.0
2368.0
2364.0
2354.0
2369.0
2368.0
2368.0
2371.0
2328.0
2355.0
6.0
6.0
5.0
5.0
5.0
2334.0
2326.0
2323.0
2357.0
2367.0
2373.0
2391.0
2370.0
2348.0
2360.0
2344.0
2352.0
2353.0
2324.0
2339.0
2352.0
2345.0
2348.0
2378.0
2352.0
2380.0
2353.0
2386.0
2376.0
2370.0
2367.0
2365.0
2397.0
2358.0
2359.0
2363.0
2379.0
2359.0
2355.0
2373.0
2381.0
2377.0
2374.0
2323.0
2334.0
2328.0
2351.0
2331.0
2325.0
5.0
5.0
6.0
5.0
5.0
5.0
2355.0
2354.0
2367.0
2384.0
2381.0
2418.0
2365.0
2406.0
2391.0
2363.0
2407.0
2411.0
2403.0
2371.0
2353.0
2361.0
2358.0
2363.0
2373.0
2355.0
2383.0
2380.0
2380.0
2373.0
2322.0
2325.0
2328.0
2329.0
2351.0
2330.0
2364.0
2369.0
2393.0
2377.0
2366.0
2358.0
2379.0
2342.0
2364.0
2367.0
2344.0
2336.0
2341.0
2340.0
2357.0
6.0
5.0
5.0
5.0
5.0
2358.0
2375.0
2383.0
2364.0
2376.0
2377.0
2373.0
2374.0
2380.0
2391.0
2336.0
2331.0
2326.0
2366.0
2374.0
2372.0
2378.0
2372.0
2371.0
2363.0
2375.0
2387.0
2385.0
2378.0
2347.0
2377.0
2442.0
2382.0
2409.0
2352.0
2345.0
2348.0
2352.0
2366.0
2345.0
2365.0
2371.0
2367.0
2364.0
2353.0
2354.0
2353.0
2355.0
2373.0
5.0
5.0
5.0
5.0
5.0
5.0
2360.0
2370.0
2379.0
2369.0
2366.0
2333.0
2323.0
2325.0
2327.0
2349.0
2328.0
2349.0
2381.0
2369.0
2396.0
2362.0
2360.0
2362.0
2390.0
2385.0
2387.0
2387.0
2349.0
2353.0
2352.0
2353.0
2359.0
2358.0
2357.0
2368.0
2353.0
2369.0
2369.0
2369.0
2368.0
2323.0
2327.0
2349.0
2343.0
2366.0
2367.0
2417.0
2439.0
2422.0
2417.0
6.0
6.0
5.0
5.0
5.0
2392.0
2379.0
2368.0
2380.0
2399.0
2374.0
2350.0
2373.0
2344.0
2351.0
2361.0
2402.0
2399.0
2398.0
2385.0
2390.0
2411.0
2392.0
2415.0
2402.0
2339.0
2341.0
2339.0
2347.0
2383.0
2371.0
2368.0
2392.0
2389.0
2374.0
2345.0
2357.0
2360.0
2341.0
2342.0
2334.0
2342.0
2425.0
2344.0
2374.0
2346.0
2454.0
2383.0
2365.0
5.0
5.0
6.0
5.0
5.0
5.0
2374.0
2357.0
2376.0
2371.0
2367.0
2341.0
2352.0
2381.0
2382.0
2384.0
2383.0
2372.0
2403.0
2405.0
2403.0
2429.0
2329.0
2338.0
2332.0
2351.0
2387.0
2384.0
2405.0
2415.0
2414.0
2411.0
2352.0
2410.0
2378.0
2377.0
2378.0
2376.0
2366.0
2358.0
2356.0
2352.0
2383.0
2358.0
2385.0
2378.0
2370.0
2371.0
2383.0
2436.0
2373.0
6.0
6.0
5.0
5.0
5.0
2436.0
2328.0
2334.0
2333.0
2333.0
2369.0
2348.0
2386.0
2378.0
2363.0
2363.0
2359.0
2357.0
2357.0
2385.0
2359.0
2355.0
2360.0
2360.0
2361.0
2388.0
2365.0
2386.0
2387.0
2434.0
2380.0
2381.0
2381.0
2394.0
2371.0
2347.0
2362.0
2384.0
2393.0
2400.0
2393.0
2415.0
2422.0
2411.0
2408.0
2403.0
2351.0
2328.0
2321.0
5.0
5.0
5.0
6.0
5.0
5.0
2326.0
2324.0
2346.0
2347.0
2387.0
2393.0
2386.0
2349.0
2362.0
2358.0
2382.0
2354.0
2389.0
2370.0
2355.0
2341.0
2343.0
2348.0
2351.0
2349.0
2352.0
2359.0
2371.0
2371.0
2370.0
2360.0
2373.0
2325.0
2323.0
2326.0
2334.0
2367.0
2394.0
2408.0
2383.0
2398.0
2394.0
2380.0
2373.0
2371.0
2367.0
2409.0
2360.0
2351.0
2332.0
7.0
5.0
5.0
5.0
5.0
2346.0
2357.0
2355.0
2359.0
2355.0
2377.0
2385.0
2373.0
2385.0
2372.0
2374.0
2373.0
2346.0
2347.0
2356.0
2365.0
2368.0
2367.0
2358.0
2346.0
2359.0
2359.0
2351.0
2348.0
2353.0
2324.0
2347.0
2323.0
2330.0
2362.0
2366.0
2370.0
2358.0
2360.0
2363.0
2360.0
2359.0
2362.0
2346.0
2322.0
2316.0
2323.0
2350.0
2350.0
5.0
6.0
5.0
5.0
5.0
5.0
2354.0
2349.0
2375.0
2346.0
2350.0
2352.0
2347.0
2350.0
2323.0
2370.0
2324.0
2322.0
2400.0
2330.0
2365.0
2354.0
2352.0
2355.0
2367.0
2370.0
2361.0
2352.0
2348.0
2356.0
2325.0
2338.0
2337.0
2382.0
2380.0
2418.0
2389.0
2381.0
2381.0
2390.0
2384.0
2367.0
2386.0
2459.0
2322.0
2326.0
2342.0
2358.0
2374.0
2356.0
2378.0
6.0
5.0
5.0
6.0
5.0
2390.0
2349.0
2375.0
2365.0
2371.0
2370.0
2339.0
2351.0
2345.0
2351.0
2364.0
2366.0
2397.0
2367.0
2360.0
2358.0
2453.0
2386.0
2384.0
2379.0
2327.0
2340.0
2354.0
2425.0
2356.0
2345.0
2356.0
2368.0
2369.0
2366.0
2356.0
2375.0
2370.0
2327.0
2327.0
2341.0
2330.0
2351.0
2351.0
2379.0
2384.0
2380.0
2403.0
2429.0
5.0
5.0
6.0
5.0
5.0
5.0
2406.0
2378.0
2409.0
2402.0
2421.0
2366.0
2353.0
2387.0
2369.0
2375.0
2361.0
2364.0
2360.0
2361.0
2356.0
2361.0
2360.0
2348.0
2355.0
2325.0
2333.0
2331.0
2356.0
2380.0
2360.0
2385.0
2354.0
2380.0
2350.0
2346.0
2352.0
2369.0
2319.0
2329.0
2329.0
2330.0
2331.0
2356.0
2374.0
2356.0
2356.0
2389.0
2388.0
2449.0
2358.0
7.0
5.0
6.0
5.0
5.0
2339.0
2368.0
2343.0
2381.0
2337.0
2351.0
2380.0
2381.0
2357.0
2364.0
2366.0
2371.0
2354.0
2374.0
2346.0
2323.0
2323.0
2324.0
2370.0
2366.0
2391.0
2379.0
2410.0
2391.0
2389.0
2395.0
2391.0
2395.0
2367.0
2363.0
2321.0
2326.0
2331.0
2368.0
2357.0
2351.0
2346.0
2326.0
2349.0
2337.0
2303.0
2243.0
2269.0
2172.0
5.0
5.0
6.0
5.0
5.0
5.0
