11.0
9.0
8.0
8.0
7.0
9.0
9.0
8.0
8.0
7.0
92.0
88.0
85.0
86.0
85.0
87.0
86.0
82.0
78.0
76.0
69.0
63.0
60.0
61.0
61.0
63.0
60.0
57.0
52.0
51.0
546.0
547.0
541.0
541.0
540.0
543.0
527.0
524.0
518.0
519.0
1096.0
1090.0
1091.0
1087.0
1079.0
1085.0
1082.0
1073.0
1066.0
1067.0
1122.0
1117.0
1111.0
1112.0
1111.0
1117.0
1106.0
1097.0
1100.0
1099.0
1087.0
1097.0
1089.0
1087.0
1079.0
1082.0
1076.0
1073.0
1069.0
1068.0
1212.0
1195.0
1194.0
1196.0
1201.0
1197.0
1185.0
1184.0
1184.0
1178.0
1118.0
1116.0
1113.0
1114.0
1110.0
1107.0
1098.0
1096.0
1098.0
1093.0
1092.0
1085.0
1084.0
1086.0
1084.0
1086.0
1084.0
1075.0
1068.0
1067.0
1126.0
1113.0
1114.0
1112.0
1116.0
1105.0
1103.0
1099.0
1088.0
1089.0
1091.0
1084.0
1085.0
1089.0
1082.0
1084.0
1076.0
1067.0
1066.0
1068.0
1122.0
1110.0
1117.0
1116.0
1113.0
1114.0
1097.0
1094.0
1091.0
1092.0
1108.0
1089.0
1092.0
1097.0
1089.0
1098.0
1084.0
1075.0
1073.0
1068.0
1123.0
1124.0
1120.0
1114.0
1118.0
1122.0
1109.0
1102.0
1100.0
1091.0
1099.0
1095.0
1093.0
1083.0
1092.0
1091.0
1079.0
1076.0
1073.0
1077.0
1124.0
1117.0
1113.0
1113.0
1116.0
1117.0
1105.0
1104.0
1095.0
1093.0
1096.0
1086.0
1086.0
1086.0
1086.0
1091.0
1076.0
1071.0
1065.0
1066.0
1145.0
1137.0
1129.0
1135.0
1138.0
1137.0
1127.0
1121.0
1113.0
1116.0
1094.0
1093.0
1084.0
1084.0
1083.0
1089.0
1077.0
1069.0
1061.0
1065.0
1130.0
1125.0
1127.0
1125.0
1127.0
1134.0
1118.0
1111.0
1110.0
1110.0
37.0
33.0
30.0
30.0
30.0
32.0
19.0
18.0
11.0
10.0
37.0
32.0
30.0
30.0
29.0
33.0
19.0
15.0
10.0
10.0
38.0
31.0
27.0
27.0
23.0
31.0
17.0
11.0
11.0
10.0
37.0
31.0
23.0
23.0
12.0
31.0
12.0
11.0
11.0
9.0
35.0
27.0
22.0
22.0
11.0
27.0
11.0
11.0
11.0
10.0
29.0
22.0
21.0
10.0
10.0
21.0
10.0
7.0
7.0
6.0
29.0
21.0
20.0
9.0
9.0
21.0
9.0
6.0
7.0
6.0
29.0
19.0
18.0
7.0
6.0
18.0
7.0
7.0
6.0
6.0
28.0
18.0
18.0
7.0
7.0
19.0
7.0
7.0
6.0
6.0
10.0
7.0
7.0
7.0
7.0
8.0
7.0
7.0
7.0
6.0
67.0
62.0
59.0
59.0
59.0
62.0
48.0
47.0
39.0
39.0
92.0
86.0
85.0
85.0
85.0
89.0
74.0
69.0
64.0
63.0
70.0
62.0
59.0
60.0
54.0
62.0
49.0
42.0
41.0
39.0
66.0
59.0
53.0
53.0
41.0
60.0
40.0
40.0
40.0
38.0
64.0
56.0
52.0
51.0
39.0
56.0
40.0
40.0
40.0
39.0
57.0
50.0
50.0
40.0
39.0
51.0
39.0
36.0
37.0
6.0
156.0
146.0
147.0
136.0
135.0
146.0
135.0
133.0
132.0
6.0
154.0
47.0
47.0
36.0
36.0
47.0
37.0
36.0
35.0
7.0
58.0
18.0
18.0
7.0
7.0
18.0
7.0
7.0
7.0
6.0
10.0
8.0
8.0
8.0
7.0
7.0
7.0
7.0
7.0
6.0
547.0
540.0
539.0
538.0
535.0
537.0
524.0
516.0
513.0
518.0
569.0
566.0
564.0
563.0
562.0
570.0
552.0
546.0
545.0
549.0
607.0
600.0
599.0
595.0
589.0
600.0
587.0
577.0
578.0
579.0
548.0
539.0
529.0
526.0
525.0
540.0
517.0
519.0
519.0
514.0
566.0
568.0
556.0
561.0
544.0
562.0
547.0
546.0
548.0
379.0
536.0
605.0
605.0
591.0
593.0
614.0
597.0
597.0
350.0
322.0
629.0
610.0
549.0
357.0
358.0
535.0
357.0
358.0
357.0
293.0
479.0
362.0
360.0
348.0
348.0
361.0
347.0
350.0
348.0
7.0
368.0
19.0
18.0
7.0
7.0
18.0
7.0
6.0
7.0
6.0
10.0
7.0
7.0
7.0
7.0
7.0
7.0
7.0
7.0
7.0
1154.0
1088.0
1153.0
1074.0
1085.0
1083.0
1079.0
1068.0
1133.0
1123.0
1147.0
1144.0
1150.0
1149.0
1147.0
1138.0
1063.0
1086.0
1072.0
1067.0
1125.0
1115.0
1112.0
1112.0
1112.0
1119.0
1105.0
1116.0
1106.0
1100.0
1095.0
1089.0
1072.0
1075.0
1066.0
1085.0
1065.0
1077.0
1072.0
1066.0
1145.0
1134.0
1131.0
1140.0
1121.0
1144.0
1123.0
1141.0
1136.0
960.0
1086.0
1083.0
1075.0
1077.0
1067.0
1079.0
1072.0
1058.0
897.0
878.0
1147.0
1132.0
1077.0
955.0
961.0
1137.0
957.0
951.0
955.0
832.0
1052.0
881.0
879.0
871.0
867.0
874.0
866.0
876.0
859.0
6.0
912.0
18.0
18.0
7.0
7.0
19.0
7.0
7.0
7.0
6.0
10.0
8.0
7.0
8.0
6.0
7.0
7.0
7.0
7.0
6.0
1089.0
1086.0
1083.0
1094.0
1084.0
1093.0
1070.0
1071.0
1069.0
1124.0
1148.0
1148.0
1146.0
1143.0
1141.0
1145.0
1147.0
1131.0
1128.0
1070.0
1112.0
1108.0
1109.0
1105.0
1107.0
1107.0
1098.0
1079.0
1101.0
1125.0
1157.0
1150.0
1145.0
1142.0
1133.0
1141.0
1135.0
1135.0
1130.0
1070.0
1095.0
1085.0
1085.0
1075.0
1067.0
1085.0
1060.0
1067.0
1067.0
874.0
1177.0
1161.0
1164.0
1151.0
1148.0
1171.0
1156.0
1157.0
958.0
930.0
1089.0
1078.0
1012.0
865.0
864.0
1071.0
869.0
872.0
866.0
807.0
1088.0
968.0
964.0
956.0
965.0
971.0
957.0
962.0
961.0
7.0
956.0
18.0
18.0
7.0
6.0
18.0
7.0
7.0
7.0
6.0
10.0
8.0
7.0
7.0
6.0
7.0
7.0
7.0
7.0
6.0
1088.0
1082.0
1085.0
1084.0
1086.0
1084.0
1071.0
1073.0
1073.0
1066.0
1155.0
1151.0
1150.0
1150.0
1148.0
1160.0
1140.0
1137.0
1139.0
1124.0
1086.0
1087.0
1080.0
1081.0
1076.0
1086.0
1068.0
1069.0
1078.0
1063.0
1149.0
1143.0
1144.0
1148.0
1130.0
1149.0
1135.0
1126.0
1128.0
1129.0
1097.0
1079.0
1073.0
1078.0
1066.0
1076.0
1067.0
1072.0
1062.0
904.0
1150.0
1152.0
1143.0
1127.0
1130.0
1145.0
1135.0
1133.0
968.0
931.0
1086.0
1073.0
1012.0
900.0
899.0
1074.0
902.0
900.0
896.0
830.0
1097.0
979.0
982.0
969.0
972.0
977.0
967.0
968.0
961.0
6.0
988.0
18.0
18.0
7.0
7.0
18.0
7.0
7.0
7.0
6.0
10.0
7.0
7.0
7.0
7.0
7.0
7.0
7.0
7.0
6.0
1097.0
1091.0
1084.0
1085.0
1085.0
1080.0
1072.0
1071.0
1071.0
1060.0
1166.0
1161.0
1161.0
1156.0
1161.0
1162.0
1150.0
1149.0
1131.0
1139.0
1082.0
1089.0
1079.0
1083.0
1076.0
1088.0
1072.0
1059.0
1065.0
1065.0
1178.0
1169.0
1158.0
1170.0
1150.0
1168.0
1146.0
1157.0
1145.0
1154.0
1090.0
1080.0
1080.0
1082.0
1069.0
1084.0
1062.0
1066.0
1069.0
902.0
1137.0
1135.0
1135.0
1117.0
1121.0
1133.0
1121.0
1122.0
947.0
921.0
1081.0
1078.0
1015.0
891.0
896.0
1072.0
891.0
890.0
902.0
830.0
1021.0
908.0
904.0
890.0
891.0
902.0
885.0
903.0
900.0
7.0
982.0
19.0
19.0
7.0
6.0
18.0
7.0
7.0
6.0
6.0
10.0
7.0
7.0
7.0
7.0
8.0
7.0
7.0
7.0
7.0
1116.0
1143.0
1111.0
1109.0
1108.0
1111.0
1104.0
1121.0
1115.0
1066.0
1118.0
1112.0
1109.0
1120.0
1109.0
1109.0
1074.0
1069.0
1063.0
1116.0
1140.0
1143.0
1132.0
1129.0
1128.0
1137.0
1117.0
1119.0
1119.0
1063.0
1093.0
1090.0
1087.0
1082.0
1063.0
1088.0
1054.0
1062.0
1063.0
1126.0
1141.0
1106.0
1123.0
1123.0
1084.0
1128.0
1107.0
1107.0
1108.0
869.0
1113.0
1102.0
1108.0
1072.0
1067.0
1075.0
1078.0
1062.0
870.0
840.0
1139.0
1127.0
1037.0
925.0
929.0
1102.0
925.0
916.0
930.0
861.0
1025.0
907.0
910.0
901.0
900.0
910.0
898.0
903.0
901.0
31.0
890.0
19.0
19.0
7.0
7.0
19.0
7.0
7.0
6.0
6.0
10.0
8.0
8.0
7.0
6.0
8.0
7.0
6.0
6.0
7.0
1148.0
1146.0
1142.0
1139.0
1134.0
1146.0
1135.0
1124.0
1118.0
1120.0
1123.0
1115.0
1115.0
1119.0
1119.0
1120.0
1106.0
1102.0
1091.0
1094.0
1144.0
1135.0
1133.0
1134.0
1131.0
1143.0
1125.0
1120.0
1115.0
1117.0
1090.0
1088.0
1081.0
1082.0
1066.0
1083.0
1068.0
1069.0
1067.0
1063.0
1149.0
1140.0
1138.0
1133.0
1120.0
1139.0
1120.0
1117.0
1118.0
954.0
1095.0
1079.0
1089.0
1077.0
1074.0
1085.0
1072.0
1065.0
905.0
878.0
1138.0
1125.0
1065.0
948.0
954.0
1127.0
955.0
948.0
948.0
884.0
1014.0
905.0
904.0
901.0
895.0
899.0
896.0
893.0
892.0
6.0
919.0
19.0
18.0
8.0
7.0
18.0
7.0
7.0
6.0
7.0
10.0
8.0
8.0
7.0
7.0
8.0
7.0
7.0
7.0
6.0
1150.0
1146.0
1145.0
1144.0
1142.0
1140.0
1132.0
1127.0
1117.0
1123.0
1091.0
1080.0
1094.0
1088.0
1082.0
1081.0
1068.0
1069.0
1076.0
1066.0
1153.0
1140.0
1131.0
1138.0
1130.0
1145.0
1125.0
1119.0
1122.0
1116.0
1095.0
1087.0
1082.0
1079.0
1069.0
1094.0
1070.0
1070.0
1066.0
1064.0
1148.0
1136.0
1128.0
1129.0
1118.0
1133.0
1118.0
1118.0
1124.0
953.0
1078.0
1073.0
1080.0
1063.0
1063.0
1086.0
1060.0
1064.0
893.0
862.0
1135.0
1124.0
1073.0
951.0
951.0
1136.0
952.0
950.0
945.0
889.0
1041.0
945.0
928.0
920.0
919.0
931.0
917.0
921.0
918.0
6.0
943.0
19.0
18.0
7.0
7.0
19.0
7.0
7.0
7.0
6.0
10.0
7.0
7.0
7.0
7.0
8.0
7.0
7.0
7.0
7.0
1089.0
1091.0
1081.0
1076.0
1086.0
1161.0
1071.0
1127.0
1127.0
1126.0
1156.0
1146.0
1136.0
1141.0
1139.0
1150.0
1071.0
1089.0
1075.0
1071.0
1152.0
1138.0
1141.0
1141.0
1131.0
1140.0
1135.0
1117.0
1141.0
1126.0
1096.0
1088.0
1084.0
1077.0
1071.0
1088.0
1075.0
1073.0
1090.0
1067.0
1149.0
1139.0
1136.0
1136.0
1128.0
1139.0
1116.0
1123.0
1123.0
953.0
1080.0
1074.0
1073.0
1060.0
1058.0
1078.0
1067.0
1054.0
862.0
834.0
1101.0
1111.0
1019.0
897.0
891.0
1131.0
898.0
886.0
894.0
796.0
1081.0
933.0
938.0
920.0
932.0
940.0
927.0
927.0
921.0
6.0
886.0
19.0
18.0
7.0
7.0
19.0
7.0
7.0
7.0
6.0
10.0
8.0
7.0
7.0
7.0
8.0
7.0
7.0
7.0
7.0
1098.0
1083.0
1083.0
1077.0
1085.0
1082.0
1072.0
1060.0
1069.0
1092.0
1155.0
1136.0
1134.0
1142.0
1139.0
1138.0
1136.0
1129.0
1126.0
1098.0
1094.0
1083.0
1077.0
1078.0
1081.0
1080.0
1068.0
1070.0
1065.0
1090.0
1152.0
1130.0
1130.0
1135.0
1123.0
1137.0
1123.0
1118.0
1116.0
1093.0
1081.0
1088.0
1083.0
1078.0
1066.0
1077.0
1064.0
1066.0
1064.0
898.0
1172.0
1165.0
1160.0
1154.0
1147.0
1159.0
1147.0
1141.0
978.0
947.0
1077.0
1074.0
1011.0
902.0
888.0
1067.0
899.0
895.0
888.0
831.0
1076.0
959.0
960.0
944.0
947.0
956.0
956.0
949.0
948.0
6.0
964.0
19.0
18.0
8.0
6.0
18.0
8.0
7.0
7.0
6.0
10.0
7.0
7.0
7.0
7.0
8.0
7.0
7.0
7.0
6.0
1098.0
1083.0
1099.0
1084.0
1078.0
1093.0
1077.0
1065.0
1068.0
1066.0
1155.0
1138.0
1137.0
1135.0
1134.0
1147.0
1141.0
1122.0
1118.0
1118.0
1101.0
1088.0
1085.0
1078.0
1085.0
1093.0
1075.0
1072.0
1074.0
1068.0
1144.0
1142.0
1134.0
1131.0
1116.0
1137.0
1121.0
1119.0
1119.0
1120.0
1094.0
1088.0
1074.0
1084.0
1071.0
1081.0
1069.0
1065.0
1065.0
900.0
1139.0
1127.0
1132.0
1122.0
1111.0
1135.0
1115.0
1113.0
949.0
919.0
1079.0
1073.0
1016.0
898.0
901.0
1080.0
894.0
889.0
894.0
829.0
1071.0
961.0
961.0
943.0
952.0
958.0
949.0
947.0
948.0
6.0
968.0
18.0
18.0
7.0
7.0
18.0
8.0
7.0
6.0
6.0
10.0
7.0
7.0
8.0
7.0
8.0
7.0
7.0
7.0
6.0
1090.0
1082.0
1086.0
1083.0
1083.0
1088.0
1077.0
1073.0
1064.0
1069.0
1147.0
1131.0
1131.0
1135.0
1141.0
1131.0
1118.0
1121.0
1119.0
1111.0
1094.0
1079.0
1082.0
1081.0
1079.0
1089.0
1071.0
1070.0
1067.0
1063.0
1169.0
1218.0
1210.0
1149.0
1148.0
1159.0
1143.0
1145.0
1137.0
1140.0
1098.0
1082.0
1077.0
1076.0
1063.0
1084.0
1068.0
1058.0
1069.0
899.0
1129.0
1132.0
1120.0
1119.0
1120.0
1133.0
1130.0
1115.0
946.0
921.0
1088.0
1075.0
1015.0
900.0
896.0
1080.0
897.0
898.0
893.0
836.0
1079.0
959.0
955.0
944.0
954.0
965.0
948.0
949.0
950.0
6.0
968.0
19.0
18.0
8.0
6.0
18.0
7.0
6.0
6.0
7.0
11.0
7.0
7.0
7.0
7.0
7.0
7.0
6.0
7.0
6.0
1091.0
1084.0
1083.0
1078.0
1076.0
1088.0
1072.0
1062.0
1068.0
1058.0
1117.0
1120.0
1111.0
1107.0
1110.0
1114.0
1101.0
1096.0
1101.0
1086.0
1086.0
1082.0
1080.0
1089.0
1076.0
1086.0
1060.0
1063.0
1072.0
1062.0
1140.0
1137.0
1137.0
1135.0
1122.0
1137.0
1124.0
1123.0
1123.0
1115.0
1089.0
1079.0
1070.0
1077.0
1066.0
1082.0
1060.0
1067.0
1069.0
896.0
1142.0
1130.0
1131.0
1125.0
1119.0
1131.0
1121.0
1114.0
953.0
925.0
1086.0
1079.0
1011.0
897.0
894.0
1072.0
888.0
894.0
899.0
829.0
1079.0
904.0
902.0
896.0
889.0
959.0
954.0
953.0
950.0
6.0
969.0
75.0
74.0
63.0
63.0
19.0
7.0
7.0
7.0
6.0
10.0
8.0
7.0
7.0
7.0
7.0
7.0
7.0
7.0
6.0
1093.0
1091.0
1089.0
1088.0
1095.0
1095.0
1073.0
1072.0
1066.0
1067.0
1151.0
1152.0
1143.0
1138.0
1146.0
1143.0
1135.0
1139.0
1125.0
1128.0
1097.0
1096.0
1089.0
1086.0
1090.0
1096.0
1073.0
1072.0
1077.0
1066.0
1141.0
1137.0
1140.0
1138.0
1118.0
1130.0
1119.0
1121.0
1112.0
1113.0
1089.0
1109.0
1078.0
1071.0
1064.0
1085.0
1069.0
1074.0
1065.0
903.0
1135.0
1128.0
1125.0
1117.0
1109.0
1125.0
1116.0
1127.0
949.0
929.0
1081.0
1068.0
1013.0
896.0
892.0
1070.0
890.0
892.0
894.0
836.0
1083.0
910.0
899.0
888.0
899.0
904.0
891.0
897.0
892.0
6.0
975.0
19.0
18.0
7.0
7.0
18.0
7.0
6.0
7.0
6.0
10.0
7.0
7.0
7.0
7.0
7.0
7.0
7.0
6.0
7.0
1141.0
1137.0
1137.0
1133.0
1133.0
1130.0
1127.0
1124.0
1070.0
1058.0
1125.0
1118.0
1118.0
1107.0
1109.0
1111.0
1102.0
1097.0
1096.0
1090.0
1091.0
1084.0
1075.0
1074.0
1078.0
1083.0
1059.0
1065.0
1071.0
1067.0
1143.0
1136.0
1129.0
1128.0
1119.0
1140.0
1119.0
1115.0
1127.0
1122.0
1093.0
1077.0
1073.0
1070.0
1066.0
1081.0
1064.0
1061.0
1075.0
896.0
1130.0
1131.0
1126.0
1114.0
1114.0
1138.0
1120.0
1114.0
951.0
925.0
1091.0
1084.0
1008.0
894.0
893.0
1069.0
899.0
888.0
885.0
825.0
1029.0
880.0
884.0
867.0
865.0
896.0
903.0
892.0
893.0
6.0
979.0
43.0
44.0
7.0
33.0
46.0
8.0
8.0
8.0
7.0
12.0
9.0
8.0
9.0
8.0
9.0
9.0
7.0
7.0
7.0
1137.0
1129.0
1133.0
1123.0
1129.0
1123.0
1110.0
1108.0
1132.0
1063.0
1174.0
1165.0
1165.0
1169.0
1170.0
1162.0
1161.0
1150.0
1124.0
1120.0
1094.0
1079.0
1083.0
1076.0
1082.0
1073.0
1070.0
1072.0
1062.0
1061.0
1121.0
1107.0
1103.0
1104.0
1092.0
1118.0
1102.0
1099.0
1098.0
1091.0
1095.0
1082.0
1081.0
1075.0
1074.0
1080.0
1075.0
1065.0
1076.0
897.0
1140.0
1131.0
1128.0
1114.0
1115.0
1133.0
1114.0
1113.0
947.0
921.0
1088.0
1064.0
1010.0
902.0
897.0
1072.0
891.0
888.0
889.0
822.0
1022.0
872.0
883.0
867.0
872.0
882.0
870.0
868.0
892.0
7.0
974.0
19.0
18.0
7.0
7.0
19.0
7.0
6.0
7.0
6.0
10.0
8.0
7.0
8.0
7.0
8.0
7.0
7.0
7.0
6.0
1141.0
1143.0
1137.0
1136.0
1134.0
1133.0
1119.0
1099.0
1093.0
1060.0
1120.0
1175.0
1177.0
1173.0
1170.0
1177.0
1098.0
1107.0
1155.0
1122.0
1155.0
1138.0
1148.0
1090.0
1078.0
1090.0
1080.0
1077.0
1066.0
1071.0
1139.0
1126.0
1112.0
1130.0
1111.0
1133.0
1114.0
1113.0
1114.0
1104.0
1087.0
1085.0
1086.0
1080.0
1066.0
1078.0
1054.0
1070.0
1067.0
892.0
1207.0
1211.0
1157.0
1143.0
1205.0
1159.0
1142.0
1141.0
961.0
953.0
1113.0
1096.0
1014.0
901.0
902.0
1069.0
898.0
903.0
890.0
827.0
1021.0
881.0
880.0
869.0
891.0
921.0
895.0
891.0
893.0
7.0
971.0
43.0
43.0
31.0
8.0
21.0
8.0
7.0
7.0
7.0
12.0
8.0
8.0
8.0
7.0
8.0
8.0
7.0
7.0
6.0
1118.0
1113.0
1118.0
1112.0
1109.0
1119.0
1098.0
1120.0
1109.0
1057.0
1143.0
1135.0
1143.0
1137.0
1133.0
1150.0
1130.0
1093.0
1085.0
1093.0
1095.0
1078.0
1079.0
1090.0
1073.0
1081.0
1071.0
1061.0
1077.0
1065.0
1119.0
1112.0
1100.0
1106.0
1101.0
1114.0
1093.0
1088.0
1096.0
1088.0
1086.0
1075.0
1077.0
1072.0
1063.0
1076.0
1063.0
1075.0
1062.0
898.0
1109.0
1103.0
1106.0
1089.0
1093.0
1104.0
1093.0
1085.0
925.0
898.0
1084.0
1072.0
1008.0
896.0
892.0
1073.0
896.0
891.0
888.0
829.0
1019.0
899.0
905.0
894.0
897.0
900.0
892.0
890.0
899.0
6.0
878.0
18.0
18.0
8.0
7.0
19.0
7.0
6.0
7.0
7.0
10.0
7.0
7.0
8.0
7.0
8.0
7.0
6.0
7.0
6.0
