11.0
11.0
10.0
10.0
10.0
10.0
10.0
10.0
10.0
10.0
12.0
11.0
11.0
15.0
15.0
11.0
10.0
11.0
17.0
16.0
11.0
11.0
10.0
10.0
11.0
11.0
16.0
17.0
17.0
11.0
12.0
11.0
17.0
11.0
11.0
12.0
10.0
16.0
10.0
11.0
19.0
12.0
11.0
10.0
17.0
18.0
11.0
11.0
11.0
11.0
12.0
11.0
18.0
17.0
11.0
11.0
11.0
19.0
17.0
11.0
950.0
951.0
946.0
944.0
832.0
1118.0
948.0
947.0
1005.0
1089.0
893.0
904.0
902.0
903.0
898.0
898.0
918.0
898.0
896.0
907.0
898.0
895.0
903.0
905.0
905.0
903.0
908.0
896.0
895.0
905.0
895.0
897.0
906.0
905.0
908.0
904.0
906.0
897.0
899.0
903.0
897.0
904.0
914.0
909.0
911.0
905.0
911.0
907.0
915.0
910.0
888.0
925.0
919.0
914.0
911.0
912.0
911.0
917.0
912.0
907.0
908.0
859.0
862.0
862.0
862.0
855.0
864.0
896.0
899.0
904.0
1065.0
1069.0
1065.0
1072.0
1071.0
1069.0
1070.0
1018.0
1025.0
1016.0
905.0
901.0
902.0
907.0
907.0
906.0
904.0
898.0
900.0
904.0
898.0
900.0
898.0
906.0
910.0
907.0
900.0
906.0
906.0
907.0
905.0
903.0
903.0
915.0
908.0
908.0
903.0
908.0
902.0
908.0
859.0
904.0
905.0
909.0
910.0
913.0
903.0
912.0
903.0
910.0
906.0
859.0
868.0
863.0
859.0
864.0
864.0
863.0
902.0
907.0
905.0
902.0
901.0
902.0
906.0
908.0
908.0
908.0
861.0
863.0
902.0
897.0
897.0
893.0
906.0
909.0
907.0
905.0
880.0
887.0
13.0
10.0
10.0
10.0
9.0
14.0
10.0
10.0
15.0
15.0
10.0
10.0
10.0
9.0
14.0
9.0
9.0
14.0
9.0
14.0
9.0
9.0
9.0
14.0
9.0
9.0
15.0
9.0
9.0
9.0
9.0
15.0
9.0
9.0
15.0
15.0
9.0
9.0
9.0
9.0
9.0
14.0
8.0
15.0
9.0
9.0
9.0
9.0
9.0
9.0
16.0
16.0
15.0
9.0
10.0
9.0
9.0
9.0
9.0
14.0
8.0
14.0
9.0
14.0
9.0
9.0
9.0
9.0
14.0
9.0
14.0
8.0
8.0
8.0
8.0
9.0
14.0
14.0
8.0
9.0
9.0
9.0
14.0
8.0
8.0
14.0
8.0
8.0
9.0
9.0
9.0
14.0
8.0
13.0
14.0
8.0
8.0
8.0
9.0
13.0
9.0
10.0
16.0
9.0
15.0
9.0
9.0
9.0
9.0
9.0
16.0
15.0
9.0
9.0
9.0
9.0
9.0
8.0
14.0
14.0
9.0
9.0
8.0
13.0
8.0
9.0
7.0
14.0
9.0
8.0
14.0
9.0
9.0
7.0
14.0
8.0
15.0
8.0
7.0
8.0
14.0
9.0
9.0
9.0
14.0
7.0
9.0
13.0
9.0
9.0
10.0
9.0
15.0
8.0
14.0
8.0
9.0
8.0
8.0
14.0
9.0
14.0
7.0
9.0
8.0
13.0
9.0
9.0
14.0
7.0
9.0
8.0
14.0
14.0
9.0
7.0
9.0
9.0
8.0
13.0
9.0
13.0
7.0
9.0
9.0
8.0
9.0
14.0
14.0
8.0
7.0
8.0
8.0
14.0
9.0
8.0
14.0
7.0
9.0
9.0
15.0
10.0
10.0
10.0
14.0
7.0
9.0
14.0
9.0
14.0
8.0
9.0
9.0
9.0
8.0
14.0
11.0
9.0
8.0
9.0
9.0
8.0
9.0
15.0
9.0
7.0
9.0
9.0
9.0
9.0
8.0
14.0
8.0
9.0
7.0
8.0
9.0
13.0
9.0
9.0
9.0
9.0
7.0
8.0
14.0
8.0
9.0
7.0
9.0
9.0
10.0
9.0
9.0
13.0
9.0
9.0
7.0
8.0
9.0
9.0
9.0
9.0
13.0
7.0
8.0
8.0
9.0
9.0
14.0
8.0
9.0
8.0
7.0
9.0
9.0
15.0
9.0
9.0
9.0
9.0
9.0
7.0
14.0
10.0
9.0
9.0
7.0
8.0
9.0
8.0
9.0
14.0
7.0
8.0
8.0
9.0
9.0
8.0
8.0
9.0
15.0
7.0
10.0
10.0
9.0
9.0
8.0
9.0
14.0
9.0
8.0
10.0
10.0
8.0
9.0
15.0
10.0
8.0
9.0
7.0
14.0
9.0
8.0
8.0
9.0
9.0
8.0
7.0
9.0
13.0
8.0
9.0
9.0
7.0
8.0
9.0
9.0
9.0
14.0
7.0
9.0
8.0
9.0
9.0
8.0
9.0
14.0
9.0
7.0
8.0
16.0
10.0
10.0
10.0
9.0
9.0
9.0
7.0
9.0
14.0
8.0
9.0
8.0
8.0
9.0
7.0
9.0
15.0
9.0
9.0
8.0
9.0
7.0
8.0
9.0
9.0
14.0
8.0
7.0
8.0
9.0
9.0
9.0
9.0
14.0
9.0
7.0
9.0
8.0
8.0
9.0
14.0
9.0
8.0
9.0
7.0
8.0
9.0
9.0
14.0
9.0
10.0
10.0
8.0
9.0
14.0
9.0
8.0
9.0
7.0
9.0
9.0
9.0
9.0
14.0
9.0
9.0
8.0
8.0
7.0
14.0
9.0
9.0
9.0
8.0
7.0
9.0
10.0
7.0
14.0
8.0
8.0
8.0
7.0
9.0
7.0
8.0
14.0
8.0
9.0
9.0
6.0
9.0
7.0
8.0
14.0
9.0
9.0
7.0
8.0
9.0
8.0
9.0
15.0
9.0
9.0
9.0
7.0
9.0
7.0
9.0
14.0
9.0
8.0
7.0
8.0
8.0
7.0
8.0
13.0
8.0
8.0
8.0
7.0
9.0
7.0
8.0
13.0
8.0
9.0
6.0
9.0
8.0
7.0
13.0
8.0
9.0
9.0
7.0
8.0
8.0
7.0
9.0
15.0
9.0
8.0
7.0
8.0
9.0
6.0
905.0
964.0
960.0
961.0
959.0
837.0
958.0
831.0
961.0
50.0
958.0
845.0
845.0
840.0
957.0
958.0
951.0
958.0
957.0
8.0
958.0
955.0
1033.0
1036.0
1024.0
1035.0
1109.0
1093.0
1095.0
8.0
1108.0
1109.0
1092.0
834.0
830.0
862.0
871.0
933.0
931.0
9.0
931.0
930.0
933.0
932.0
864.0
866.0
821.0
865.0
930.0
8.0
934.0
935.0
933.0
937.0
932.0
866.0
866.0
866.0
822.0
9.0
945.0
938.0
940.0
941.0
943.0
939.0
884.0
883.0
886.0
8.0
887.0
944.0
946.0
948.0
948.0
950.0
949.0
867.0
868.0
8.0
865.0
867.0
893.0
893.0
894.0
891.0
892.0
893.0
7.0
8.0
867.0
868.0
872.0
870.0
935.0
935.0
935.0
934.0
8.0
8.0
938.0
935.0
828.0
829.0
822.0
865.0
952.0
942.0
940.0
8.0
941.0
940.0
946.0
884.0
883.0
867.0
869.0
1094.0
1074.0
8.0
1092.0
1091.0
1093.0
1097.0
1083.0
1027.0
1024.0
987.0
896.0
8.0
901.0
900.0
902.0
900.0
895.0
900.0
901.0
905.0
901.0
8.0
903.0
904.0
905.0
905.0
900.0
905.0
907.0
912.0
912.0
8.0
904.0
899.0
903.0
903.0
898.0
908.0
902.0
904.0
901.0
8.0
907.0
902.0
856.0
897.0
897.0
900.0
902.0
901.0
902.0
8.0
900.0
907.0
900.0
899.0
856.0
853.0
852.0
853.0
852.0
8.0
854.0
855.0
856.0
900.0
905.0
900.0
901.0
899.0
8.0
7.0
898.0
899.0
898.0
901.0
900.0
851.0
896.0
896.0
7.0
7.0
898.0
902.0
898.0
898.0
897.0
901.0
897.0
899.0
1020.0
8.0
1022.0
1027.0
1034.0
1025.0
1021.0
1021.0
1026.0
1022.0
1023.0
8.0
894.0
896.0
896.0
894.0
895.0
902.0
893.0
906.0
894.0
8.0
894.0
894.0
895.0
894.0
895.0
893.0
894.0
896.0
900.0
7.0
896.0
894.0
892.0
895.0
892.0
894.0
893.0
894.0
895.0
8.0
899.0
894.0
911.0
875.0
879.0
883.0
879.0
879.0
881.0
8.0
882.0
932.0
925.0
913.0
898.0
894.0
896.0
899.0
895.0
8.0
901.0
894.0
855.0
862.0
897.0
894.0
895.0
895.0
897.0
8.0
893.0
894.0
905.0
896.0
896.0
850.0
893.0
893.0
7.0
8.0
897.0
901.0
900.0
910.0
898.0
905.0
894.0
901.0
8.0
8.0
1010.0
1011.0
1011.0
1020.0
1011.0
1014.0
1016.0
1010.0
1007.0
8.0
1021.0
894.0
898.0
894.0
895.0
898.0
895.0
902.0
893.0
8.0
899.0
900.0
893.0
895.0
895.0
896.0
895.0
898.0
893.0
8.0
895.0
898.0
896.0
850.0
850.0
852.0
852.0
894.0
896.0
7.0
894.0
894.0
896.0
894.0
903.0
893.0
900.0
896.0
852.0
8.0
853.0
851.0
850.0
857.0
897.0
891.0
891.0
894.0
897.0
8.0
895.0
899.0
893.0
893.0
898.0
854.0
893.0
896.0
908.0
8.0
904.0
894.0
895.0
897.0
894.0
897.0
895.0
894.0
894.0
8.0
896.0
894.0
896.0
895.0
895.0
901.0
900.0
894.0
8.0
8.0
1022.0
1022.0
1023.0
1022.0
1027.0
1025.0
1024.0
1027.0
8.0
8.0
1020.0
1025.0
898.0
898.0
896.0
906.0
908.0
896.0
911.0
8.0
895.0
909.0
908.0
893.0
894.0
904.0
907.0
905.0
896.0
8.0
904.0
893.0
903.0
902.0
850.0
857.0
855.0
859.0
850.0
8.0
901.0
901.0
894.0
902.0
906.0
918.0
919.0
923.0
924.0
8.0
934.0
881.0
880.0
882.0
884.0
924.0
913.0
908.0
907.0
8.0
904.0
911.0
912.0
909.0
899.0
909.0
866.0
895.0
894.0
8.0
896.0
894.0
911.0
910.0
900.0
912.0
911.0
916.0
903.0
8.0
894.0
895.0
896.0
904.0
908.0
895.0
908.0
910.0
911.0
8.0
1024.0
1022.0
1029.0
1026.0
1027.0
1022.0
1027.0
1063.0
8.0
8.0
1055.0
1026.0
904.0
904.0
901.0
905.0
893.0
899.0
7.0
8.0
898.0
900.0
900.0
897.0
850.0
853.0
896.0
896.0
895.0
9.0
901.0
902.0
902.0
901.0
900.0
895.0
894.0
849.0
852.0
8.0
850.0
861.0
861.0
898.0
904.0
904.0
895.0
894.0
896.0
8.0
894.0
897.0
901.0
903.0
858.0
858.0
904.0
895.0
894.0
8.0
894.0
896.0
894.0
901.0
903.0
901.0
903.0
860.0
896.0
8.0
895.0
896.0
896.0
895.0
903.0
904.0
905.0
903.0
904.0
8.0
898.0
897.0
895.0
896.0
909.0
905.0
906.0
906.0
906.0
8.0
904.0
1037.0
1047.0
1034.0
1031.0
1023.0
1037.0
1058.0
1045.0
8.0
1038.0
1036.0
898.0
894.0
906.0
906.0
895.0
905.0
8.0
8.0
912.0
909.0
908.0
905.0
852.0
851.0
853.0
853.0
8.0
7.0
895.0
904.0
903.0
910.0
905.0
903.0
895.0
897.0
895.0
8.0
911.0
857.0
870.0
860.0
916.0
904.0
904.0
902.0
901.0
8.0
911.0
899.0
897.0
908.0
933.0
874.0
873.0
909.0
929.0
9.0
931.0
922.0
910.0
904.0
918.0
924.0
904.0
904.0
875.0
8.0
919.0
912.0
904.0
896.0
913.0
901.0
900.0
922.0
903.0
7.0
901.0
918.0
927.0
902.0
910.0
903.0
903.0
899.0
928.0
8.0
902.0
912.0
1039.0
1036.0
1051.0
1030.0
1032.0
1046.0
1044.0
8.0
1049.0
1037.0
1052.0
932.0
935.0
913.0
906.0
903.0
902.0
8.0
909.0
904.0
926.0
903.0
869.0
884.0
867.0
861.0
7.0
7.0
873.0
905.0
906.0
905.0
929.0
907.0
921.0
905.0
8.0
8.0
925.0
908.0
908.0
870.0
862.0
907.0
931.0
903.0
904.0
8.0
917.0
907.0
903.0
928.0
909.0
913.0
861.0
871.0
859.0
8.0
900.0
899.0
898.0
900.0
903.0
899.0
903.0
904.0
899.0
8.0
901.0
902.0
901.0
902.0
898.0
901.0
902.0
903.0
907.0
7.0
902.0
902.0
907.0
904.0
901.0
903.0
908.0
902.0
904.0
8.0
906.0
902.0
903.0
1036.0
1038.0
1036.0
1042.0
1039.0
1035.0
8.0
1033.0
1035.0
1035.0
1043.0
854.0
910.0
906.0
908.0
899.0
8.0
899.0
900.0
902.0
899.0
899.0
900.0
859.0
858.0
857.0
7.0
855.0
855.0
901.0
905.0
901.0
902.0
903.0
914.0
7.0
8.0
904.0
908.0
904.0
903.0
855.0
860.0
854.0
898.0
8.0
8.0
902.0
902.0
906.0
897.0
899.0
902.0
905.0
905.0
905.0
8.0
865.0
889.0
889.0
892.0
898.0
893.0
926.0
924.0
922.0
8.0
935.0
931.0
899.0
897.0
898.0
906.0
898.0
903.0
903.0
8.0
907.0
907.0
906.0
897.0
899.0
899.0
910.0
900.0
899.0
7.0
905.0
907.0
910.0
906.0
1057.0
1056.0
1057.0
1058.0
1049.0
7.0
1057.0
1065.0
1056.0
1073.0
1066.0
857.0
856.0
857.0
853.0
8.0
858.0
896.0
911.0
899.0
899.0
898.0
893.0
910.0
895.0
7.0
894.0
902.0
850.0
900.0
901.0
900.0
900.0
894.0
896.0
8.0
896.0
895.0
902.0
896.0
860.0
859.0
901.0
901.0
8.0
8.0
894.0
893.0
894.0
892.0
904.0
895.0
902.0
903.0
9.0
9.0
860.0
859.0
898.0
895.0
894.0
896.0
903.0
894.0
902.0
8.0
905.0
903.0
902.0
897.0
896.0
902.0
900.0
904.0
896.0
8.0
901.0
900.0
902.0
901.0
893.0
892.0
901.0
902.0
900.0
8.0
895.0
901.0
902.0
901.0
901.0
866.0
850.0
851.0
1030.0
7.0
1037.0
1029.0
1040.0
1034.0
1038.0
1038.0
1030.0
1030.0
1032.0
8.0
852.0
865.0
853.0
905.0
902.0
901.0
901.0
908.0
895.0
7.0
894.0
894.0
910.0
895.0
858.0
899.0
901.0
903.0
894.0
8.0
915.0
895.0
894.0
894.0
902.0
903.0
859.0
861.0
859.0
8.0
901.0
894.0
894.0
893.0
905.0
905.0
906.0
917.0
8.0
8.0
905.0
906.0
909.0
903.0
904.0
902.0
913.0
917.0
7.0
7.0
923.0
922.0
919.0
921.0
906.0
907.0
910.0
904.0
903.0
8.0
914.0
904.0
902.0
903.0
906.0
850.0
853.0
850.0
910.0
8.0
895.0
902.0
901.0
903.0
903.0
903.0
897.0
897.0
899.0
9.0
852.0
1042.0
1048.0
1040.0
1056.0
1038.0
1035.0
1070.0
1059.0
8.0
1055.0
1072.0
884.0
843.0
891.0
909.0
903.0
894.0
897.0
7.0
894.0
895.0
898.0
894.0
896.0
851.0
897.0
896.0
897.0
8.0
896.0
893.0
893.0
895.0
895.0
900.0
903.0
861.0
857.0
8.0
856.0
895.0
895.0
896.0
899.0
894.0
899.0
896.0
899.0
8.0
897.0
897.0
894.0
895.0
895.0
895.0
895.0
897.0
7.0
8.0
894.0
899.0
898.0
896.0
894.0
894.0
894.0
895.0
8.0
7.0
896.0
904.0
905.0
905.0
903.0
901.0
851.0
851.0
854.0
7.0
851.0
896.0
901.0
902.0
902.0
903.0
911.0
894.0
894.0
8.0
897.0
894.0
1035.0
1042.0
1036.0
1036.0
1036.0
1061.0
1045.0
7.0
1042.0
1043.0
1046.0
857.0
853.0
901.0
902.0
902.0
907.0
8.0
894.0
894.0
895.0
894.0
909.0
903.0
860.0
897.0
902.0
8.0
901.0
894.0
894.0
887.0
895.0
893.0
901.0
901.0
859.0
8.0
857.0
862.0
896.0
901.0
894.0
894.0
894.0
911.0
903.0
7.0
912.0
907.0
901.0
896.0
894.0
899.0
895.0
895.0
900.0
7.0
908.0
911.0
919.0
919.0
918.0
928.0
917.0
919.0
8.0
7.0
917.0
953.0
946.0
939.0
934.0
932.0
850.0
850.0
8.0
7.0
853.0
852.0
893.0
921.0
923.0
925.0
923.0
920.0
900.0
8.0
896.0
899.0
896.0
853.0
1046.0
1070.0
1059.0
1032.0
1029.0
8.0
1044.0
1043.0
1045.0
1046.0
1043.0
848.0
900.0
899.0
903.0
8.0
896.0
896.0
894.0
896.0
896.0
909.0
896.0
894.0
898.0
8.0
900.0
894.0
899.0
897.0
901.0
900.0
905.0
897.0
855.0
8.0
858.0
857.0
862.0
896.0
895.0
898.0
895.0
896.0
897.0
8.0
897.0
900.0
898.0
897.0
895.0
896.0
894.0
896.0
896.0
8.0
896.0
899.0
902.0
900.0
901.0
852.0
860.0
852.0
895.0
8.0
896.0
902.0
912.0
904.0
898.0
898.0
905.0
896.0
8.0
50.0
853.0
853.0
851.0
903.0
903.0
904.0
906.0
898.0
8.0
8.0
904.0
900.0
903.0
903.0
897.0
1054.0
1058.0
1058.0
1058.0
8.0
1073.0
1047.0
1055.0
1058.0
1063.0
1065.0
857.0
900.0
900.0
8.0
898.0
900.0
898.0
895.0
898.0
895.0
898.0
898.0
891.0
7.0
899.0
897.0
895.0
895.0
897.0
895.0
895.0
893.0
896.0
8.0
854.0
857.0
854.0
895.0
899.0
895.0
894.0
894.0
894.0
8.0
898.0
903.0
900.0
897.0
856.0
895.0
895.0
898.0
896.0
8.0
894.0
898.0
904.0
904.0
899.0
902.0
876.0
869.0
895.0
8.0
901.0
904.0
909.0
925.0
926.0
923.0
918.0
885.0
883.0
8.0
855.0
855.0
855.0
897.0
882.0
884.0
885.0
881.0
8.0
8.0
884.0
884.0
897.0
886.0
886.0
1050.0
1046.0
1046.0
7.0
8.0
1062.0
1046.0
1063.0
1066.0
1067.0
1067.0
1066.0
850.0
894.0
8.0
896.0
900.0
894.0
901.0
900.0
914.0
900.0
901.0
895.0
8.0
894.0
896.0
894.0
895.0
899.0
901.0
902.0
908.0
902.0
8.0
894.0
850.0
852.0
851.0
854.0
901.0
900.0
900.0
901.0
8.0
900.0
896.0
896.0
897.0
896.0
904.0
902.0
901.0
902.0
8.0
902.0
902.0
898.0
894.0
898.0
896.0
897.0
854.0
851.0
8.0
892.0
897.0
896.0
895.0
895.0
902.0
900.0
895.0
895.0
8.0
895.0
853.0
851.0
855.0
898.0
894.0
898.0
895.0
897.0
8.0
893.0
894.0
896.0
894.0
893.0
1008.0
1013.0
1012.0
8.0
8.0
1016.0
1019.0
1011.0
1004.0
1000.0
997.0
981.0
798.0
8.0
8.0
