0.0
0.0
1.0
1.0
1.0
0.0
0.0
1.0
1.0
1.0
1.0
1.0
1.0
1.0
118.0
117.0
114.0
115.0
116.0
115.0
119.0
116.0
115.0
115.0
110.0
111.0
110.0
110.0
110.0
110.0
110.0
110.0
110.0
111.0
107.0
107.0
107.0
107.0
107.0
107.0
107.0
108.0
107.0
108.0
124.0
124.0
124.0
124.0
123.0
123.0
1.0
1.0
1.0
2.0
124.0
123.0
123.0
123.0
100.0
99.0
100.0
100.0
101.0
99.0
101.0
100.0
100.0
100.0
101.0
100.0
100.0
100.0
101.0
100.0
100.0
100.0
100.0
100.0
100.0
100.0
101.0
101.0
100.0
100.0
101.0
100.0
100.0
100.0
100.0
100.0
1.0
1.0
1.0
1.0
100.0
100.0
101.0
101.0
101.0
100.0
100.0
101.0
101.0
100.0
101.0
100.0
100.0
100.0
100.0
100.0
101.0
100.0
101.0
100.0
101.0
100.0
100.0
100.0
100.0
100.0
100.0
100.0
100.0
100.0
100.0
100.0
101.0
99.0
101.0
100.0
1.0
1.0
1.0
1.0
101.0
101.0
101.0
100.0
100.0
100.0
100.0
100.0
101.0
100.0
100.0
100.0
101.0
100.0
101.0
100.0
103.0
100.0
100.0
100.0
101.0
101.0
110.0
109.0
109.0
109.0
110.0
109.0
110.0
109.0
109.0
109.0
101.0
100.0
101.0
100.0
1.0
1.0
1.0
1.0
100.0
101.0
101.0
100.0
100.0
100.0
100.0
100.0
100.0
100.0
101.0
100.0
100.0
101.0
101.0
101.0
100.0
100.0
100.0
100.0
100.0
100.0
100.0
100.0
100.0
100.0
100.0
100.0
100.0
100.0
100.0
100.0
101.0
100.0
99.0
100.0
1.0
1.0
1.0
1.0
1.0
1.0
1.0
1.0
1.0
0.0
1.0
1.0
1.0
1.0
1.0
1.0
1.0
1.0
1.0
1.0
1.0
1.0
1.0
1.0
1.0
1.0
1.0
1.0
1.0
1.0
1.0
1.0
1.0
1.0
1.0
1.0
1.0
1.0
1.0
1.0
103.0
103.0
103.0
103.0
103.0
105.0
103.0
103.0
103.0
58.0
101.0
100.0
100.0
100.0
100.0
100.0
100.0
101.0
100.0
55.0
100.0
101.0
101.0
101.0
101.0
101.0
101.0
101.0
100.0
55.0
101.0
101.0
100.0
100.0
101.0
101.0
101.0
101.0
100.0
56.0
101.0
101.0
101.0
101.0
101.0
101.0
100.0
101.0
100.0
56.0
100.0
100.0
100.0
100.0
101.0
100.0
101.0
101.0
100.0
55.0
111.0
111.0
111.0
111.0
110.0
111.0
112.0
112.0
111.0
65.0
102.0
102.0
102.0
102.0
102.0
102.0
101.0
100.0
100.0
56.0
100.0
101.0
100.0
100.0
101.0
101.0
101.0
101.0
100.0
56.0
100.0
101.0
101.0
101.0
101.0
100.0
102.0
100.0
100.0
56.0
100.0
100.0
100.0
100.0
100.0
100.0
100.0
101.0
100.0
56.0
100.0
101.0
100.0
101.0
101.0
101.0
101.0
100.0
100.0
56.0
100.0
101.0
100.0
100.0
100.0
100.0
100.0
100.0
100.0
56.0
100.0
101.0
100.0
101.0
101.0
101.0
100.0
101.0
100.0
56.0
119.0
119.0
119.0
119.0
119.0
119.0
119.0
119.0
119.0
74.0
100.0
101.0
101.0
100.0
101.0
101.0
100.0
100.0
100.0
56.0
100.0
100.0
100.0
100.0
100.0
100.0
100.0
100.0
100.0
56.0
100.0
101.0
101.0
101.0
101.0
101.0
100.0
100.0
100.0
56.0
101.0
101.0
100.0
100.0
100.0
100.0
100.0
101.0
100.0
55.0
101.0
100.0
101.0
101.0
101.0
101.0
101.0
101.0
100.0
56.0
101.0
101.0
101.0
100.0
101.0
101.0
101.0
101.0
100.0
56.0
101.0
101.0
101.0
101.0
101.0
101.0
101.0
101.0
100.0
56.0
100.0
100.0
100.0
100.0
101.0
101.0
100.0
101.0
100.0
55.0
107.0
107.0
115.0
114.0
112.0
110.0
111.0
112.0
111.0
67.0
107.0
106.0
107.0
107.0
115.0
116.0
114.0
114.0
114.0
57.0
118.0
119.0
118.0
118.0
118.0
111.0
111.0
111.0
111.0
62.0
106.0
106.0
107.0
106.0
106.0
105.0
102.0
101.0
101.0
56.0
100.0
101.0
100.0
100.0
101.0
100.0
101.0
100.0
100.0
55.0
101.0
101.0
100.0
101.0
101.0
100.0
101.0
100.0
100.0
56.0
100.0
100.0
100.0
101.0
100.0
100.0
101.0
100.0
100.0
55.0
101.0
101.0
101.0
101.0
101.0
101.0
101.0
100.0
100.0
56.0
101.0
101.0
101.0
101.0
101.0
100.0
100.0
100.0
100.0
56.0
101.0
100.0
100.0
100.0
100.0
119.0
120.0
119.0
119.0
56.0
119.0
121.0
120.0
120.0
120.0
120.0
101.0
101.0
100.0
55.0
100.0
101.0
100.0
100.0
101.0
100.0
100.0
100.0
100.0
55.0
100.0
101.0
101.0
100.0
101.0
100.0
101.0
101.0
100.0
56.0
1.0
1.0
1.0
1.0
1.0
1.0
1.0
1.0
0.0
0.0
1.0
1.0
1.0
1.0
0.0
0.0
0.0
0.0
1.0
1.0
1.0
1.0
1.0
1.0
1.0
1.0
1.0
1.0
1.0
1.0
1.0
0.0
0.0
0.0
0.0
0.0
1.0
1.0
1.0
1.0
101.0
100.0
100.0
100.0
100.0
100.0
102.0
102.0
101.0
56.0
101.0
101.0
101.0
101.0
102.0
102.0
102.0
100.0
100.0
55.0
100.0
101.0
101.0
101.0
101.0
100.0
100.0
100.0
100.0
56.0
100.0
99.0
100.0
100.0
100.0
100.0
100.0
100.0
100.0
56.0
101.0
101.0
101.0
101.0
101.0
101.0
101.0
101.0
101.0
56.0
100.0
100.0
100.0
100.0
100.0
100.0
100.0
100.0
100.0
56.0
100.0
101.0
101.0
100.0
100.0
100.0
100.0
101.0
100.0
55.0
110.0
109.0
109.0
110.0
110.0
110.0
110.0
110.0
110.0
65.0
101.0
101.0
101.0
101.0
100.0
100.0
101.0
101.0
100.0
56.0
100.0
100.0
100.0
100.0
100.0
100.0
100.0
100.0
100.0
56.0
100.0
101.0
100.0
101.0
101.0
101.0
101.0
101.0
100.0
56.0
100.0
100.0
100.0
100.0
100.0
100.0
100.0
100.0
100.0
56.0
100.0
100.0
101.0
100.0
101.0
100.0
100.0
100.0
100.0
55.0
100.0
100.0
100.0
100.0
100.0
100.0
100.0
101.0
101.0
55.0
101.0
100.0
101.0
101.0
101.0
101.0
101.0
101.0
100.0
55.0
120.0
120.0
120.0
120.0
120.0
119.0
120.0
119.0
120.0
75.0
101.0
101.0
100.0
101.0
100.0
100.0
101.0
100.0
100.0
55.0
99.0
100.0
100.0
100.0
100.0
100.0
100.0
100.0
100.0
56.0
100.0
101.0
100.0
100.0
102.0
101.0
102.0
102.0
100.0
56.0
101.0
102.0
102.0
102.0
102.0
101.0
101.0
100.0
101.0
57.0
100.0
101.0
100.0
100.0
100.0
100.0
100.0
100.0
100.0
55.0
100.0
100.0
100.0
99.0
100.0
100.0
100.0
100.0
100.0
56.0
101.0
101.0
101.0
100.0
101.0
101.0
101.0
101.0
100.0
56.0
100.0
99.0
100.0
99.0
100.0
100.0
100.0
100.0
100.0
56.0
100.0
100.0
100.0
100.0
100.0
101.0
100.0
100.0
100.0
56.0
100.0
110.0
110.0
110.0
110.0
110.0
110.0
110.0
110.0
56.0
111.0
111.0
101.0
101.0
101.0
101.0
101.0
100.0
100.0
56.0
100.0
100.0
100.0
100.0
100.0
100.0
100.0
100.0
101.0
55.0
101.0
101.0
100.0
101.0
101.0
101.0
101.0
101.0
100.0
55.0
101.0
100.0
100.0
100.0
100.0
101.0
101.0
101.0
101.0
56.0
101.0
101.0
102.0
101.0
101.0
102.0
101.0
101.0
100.0
56.0
100.0
101.0
101.0
101.0
101.0
101.0
100.0
101.0
101.0
56.0
102.0
102.0
101.0
101.0
101.0
101.0
101.0
100.0
100.0
56.0
120.0
120.0
119.0
120.0
120.0
120.0
120.0
120.0
121.0
76.0
100.0
100.0
101.0
100.0
101.0
100.0
100.0
101.0
100.0
55.0
100.0
100.0
101.0
100.0
101.0
100.0
100.0
100.0
100.0
56.0
1.0
1.0
1.0
1.0
1.0
1.0
0.0
0.0
1.0
1.0
0.0
0.0
1.0
1.0
0.0
0.0
1.0
1.0
0.0
0.0
1.0
1.0
1.0
1.0
1.0
1.0
0.0
0.0
1.0
1.0
0.0
0.0
1.0
1.0
0.0
0.0
1.0
1.0
0.0
0.0
101.0
101.0
101.0
100.0
100.0
100.0
100.0
100.0
100.0
55.0
100.0
100.0
100.0
100.0
100.0
100.0
100.0
100.0
55.0
56.0
101.0
100.0
101.0
101.0
100.0
100.0
100.0
100.0
99.0
56.0
100.0
100.0
100.0
100.0
100.0
100.0
100.0
100.0
56.0
56.0
100.0
101.0
100.0
100.0
100.0
100.0
100.0
100.0
100.0
56.0
100.0
100.0
100.0
100.0
100.0
100.0
100.0
100.0
56.0
55.0
101.0
101.0
100.0
101.0
100.0
100.0
100.0
100.0
100.0
55.0
100.0
100.0
100.0
100.0
100.0
100.0
100.0
100.0
56.0
55.0
111.0
110.0
111.0
111.0
110.0
111.0
110.0
111.0
110.0
66.0
100.0
100.0
100.0
101.0
100.0
100.0
100.0
100.0
55.0
56.0
101.0
100.0
101.0
100.0
100.0
100.0
100.0
100.0
100.0
56.0
100.0
100.0
100.0
100.0
100.0
100.0
100.0
100.0
56.0
55.0
101.0
101.0
100.0
101.0
99.0
100.0
100.0
100.0
100.0
55.0
100.0
99.0
100.0
100.0
100.0
100.0
100.0
100.0
56.0
55.0
100.0
101.0
100.0
100.0
100.0
100.0
99.0
100.0
99.0
56.0
100.0
100.0
100.0
100.0
100.0
100.0
100.0
99.0
56.0
55.0
121.0
121.0
121.0
122.0
120.0
121.0
120.0
120.0
121.0
77.0
100.0
100.0
100.0
100.0
99.0
100.0
100.0
100.0
56.0
56.0
100.0
100.0
100.0
100.0
100.0
100.0
100.0
100.0
101.0
56.0
100.0
100.0
100.0
100.0
100.0
100.0
100.0
100.0
56.0
55.0
100.0
101.0
100.0
100.0
100.0
100.0
100.0
100.0
100.0
55.0
100.0
100.0
100.0
100.0
100.0
100.0
100.0
100.0
55.0
56.0
101.0
100.0
101.0
101.0
100.0
100.0
100.0
100.0
100.0
56.0
100.0
100.0
100.0
100.0
99.0
101.0
100.0
100.0
56.0
56.0
101.0
100.0
100.0
100.0
100.0
100.0
100.0
100.0
100.0
56.0
100.0
100.0
100.0
100.0
100.0
100.0
99.0
99.0
56.0
56.0
100.0
100.0
100.0
100.0
100.0
100.0
100.0
100.0
100.0
55.0
111.0
112.0
111.0
111.0
111.0
111.0
111.0
111.0
67.0
67.0
100.0
101.0
100.0
101.0
100.0
100.0
100.0
99.0
100.0
55.0
100.0
100.0
100.0
100.0
100.0
100.0
100.0
100.0
55.0
56.0
101.0
100.0
101.0
101.0
100.0
100.0
100.0
100.0
100.0
56.0
100.0
99.0
100.0
100.0
99.0
100.0
100.0
100.0
56.0
55.0
100.0
101.0
101.0
100.0
100.0
99.0
99.0
100.0
100.0
56.0
100.0
100.0
100.0
100.0
100.0
100.0
100.0
100.0
55.0
55.0
101.0
101.0
101.0
101.0
100.0
100.0
100.0
100.0
100.0
56.0
121.0
121.0
121.0
121.0
121.0
121.0
121.0
121.0
77.0
76.0
1.0
1.0
1.0
1.0
1.0
1.0
0.0
0.0
0.0
1.0
1.0
1.0
1.0
0.0
0.0
0.0
0.0
1.0
1.0
1.0
1.0
1.0
1.0
1.0
1.0
0.0
0.0
0.0
0.0
1.0
1.0
1.0
1.0
0.0
0.0
0.0
0.0
1.0
1.0
1.0
101.0
100.0
100.0
100.0
100.0
100.0
100.0
100.0
100.0
56.0
100.0
100.0
100.0
100.0
100.0
100.0
100.0
100.0
56.0
56.0
100.0
100.0
100.0
100.0
100.0
100.0
100.0
100.0
100.0
56.0
100.0
99.0
100.0
99.0
100.0
100.0
100.0
100.0
56.0
56.0
100.0
101.0
100.0
101.0
100.0
100.0
100.0
100.0
100.0
56.0
100.0
100.0
100.0
100.0
100.0
100.0
100.0
100.0
55.0
56.0
100.0
100.0
100.0
101.0
100.0
100.0
100.0
100.0
100.0
55.0
100.0
100.0
100.0
100.0
100.0
100.0
100.0
100.0
56.0
56.0
100.0
101.0
101.0
100.0
100.0
100.0
100.0
100.0
100.0
56.0
100.0
100.0
100.0
100.0
100.0
100.0
99.0
107.0
55.0
56.0
112.0
111.0
111.0
112.0
111.0
111.0
111.0
112.0
112.0
59.0
100.0
100.0
100.0
100.0
100.0
100.0
100.0
100.0
55.0
55.0
101.0
101.0
100.0
101.0
100.0
101.0
100.0
100.0
100.0
56.0
100.0
100.0
100.0
100.0
100.0
100.0
99.0
100.0
56.0
56.0
100.0
100.0
100.0
100.0
100.0
100.0
100.0
100.0
100.0
56.0
100.0
100.0
100.0
99.0
100.0
100.0
100.0
100.0
56.0
56.0
100.0
101.0
100.0
101.0
100.0
100.0
100.0
100.0
100.0
55.0
101.0
100.0
100.0
100.0
100.0
100.0
101.0
100.0
56.0
56.0
122.0
121.0
122.0
122.0
121.0
122.0
122.0
122.0
121.0
77.0
100.0
100.0
101.0
100.0
100.0
100.0
100.0
99.0
55.0
56.0
101.0
100.0
101.0
101.0
100.0
100.0
100.0
100.0
100.0
55.0
100.0
100.0
100.0
100.0
100.0
100.0
100.0
100.0
56.0
56.0
101.0
101.0
101.0
101.0
101.0
101.0
101.0
101.0
101.0
56.0
101.0
100.0
100.0
101.0
100.0
100.0
100.0
99.0
55.0
56.0
100.0
100.0
100.0
101.0
100.0
100.0
100.0
101.0
100.0
55.0
100.0
100.0
100.0
100.0
100.0
100.0
100.0
100.0
55.0
55.0
101.0
101.0
101.0
100.0
100.0
100.0
100.0
101.0
100.0
56.0
100.0
100.0
100.0
100.0
100.0
101.0
100.0
100.0
55.0
55.0
101.0
101.0
108.0
108.0
107.0
107.0
108.0
110.0
111.0
56.0
111.0
111.0
111.0
103.0
104.0
103.0
103.0
102.0
57.0
56.0
101.0
100.0
100.0
100.0
100.0
100.0
100.0
100.0
100.0
56.0
100.0
100.0
100.0
100.0
100.0
101.0
100.0
100.0
56.0
56.0
100.0
100.0
101.0
101.0
100.0
100.0
100.0
99.0
100.0
56.0
100.0
100.0
100.0
100.0
100.0
100.0
100.0
100.0
55.0
56.0
101.0
100.0
100.0
101.0
99.0
100.0
100.0
100.0
100.0
56.0
100.0
100.0
100.0
100.0
100.0
100.0
100.0
100.0
56.0
56.0
1.0
0.0
1.0
0.0
1.0
0.0
0.0
1.0
1.0
0.0
0.0
0.0
0.0
1.0
1.0
0.0
0.0
0.0
0.0
0.0
1.0
1.0
1.0
1.0
0.0
0.0
0.0
0.0
1.0
1.0
1.0
1.0
0.0
0.0
0.0
0.0
1.0
1.0
1.0
1.0
100.0
100.0
100.0
100.0
100.0
100.0
100.0
100.0
121.0
56.0
122.0
121.0
121.0
121.0
121.0
122.0
122.0
78.0
77.0
56.0
100.0
100.0
100.0
100.0
100.0
100.0
100.0
100.0
100.0
55.0
100.0
100.0
100.0
100.0
100.0
100.0
100.0
56.0
56.0
55.0
100.0
100.0
100.0
100.0
100.0
100.0
100.0
100.0
100.0
56.0
101.0
101.0
101.0
101.0
101.0
101.0
101.0
56.0
56.0
56.0
100.0
101.0
101.0
100.0
100.0
100.0
100.0
100.0
99.0
55.0
100.0
100.0
100.0
100.0
100.0
100.0
100.0
56.0
56.0
56.0
100.0
100.0
100.0
100.0
100.0
100.0
99.0
100.0
100.0
56.0
100.0
100.0
100.0
100.0
100.0
100.0
100.0
56.0
56.0
56.0
100.0
100.0
100.0
100.0
100.0
100.0
100.0
100.0
100.0
56.0
100.0
108.0
107.0
107.0
107.0
108.0
108.0
56.0
56.0
56.0
110.0
110.0
110.0
110.0
102.0
102.0
102.0
102.0
101.0
57.0
100.0
100.0
100.0
100.0
100.0
100.0
100.0
56.0
56.0
56.0
100.0
100.0
100.0
100.0
100.0
100.0
100.0
100.0
100.0
56.0
100.0
100.0
100.0
100.0
100.0
100.0
100.0
56.0
56.0
56.0
100.0
100.0
100.0
100.0
100.0
100.0
100.0
100.0
100.0
55.0
100.0
100.0
100.0
100.0
100.0
100.0
100.0
56.0
56.0
55.0
100.0
100.0
101.0
101.0
101.0
102.0
102.0
102.0
102.0
57.0
101.0
101.0
101.0
101.0
101.0
101.0
100.0
55.0
55.0
55.0
123.0
123.0
123.0
122.0
122.0
122.0
122.0
122.0
122.0
78.0
100.0
100.0
100.0
100.0
100.0
100.0
100.0
56.0
56.0
56.0
100.0
100.0
100.0
101.0
100.0
100.0
100.0
100.0
100.0
56.0
100.0
100.0
100.0
100.0
100.0
100.0
100.0
56.0
56.0
56.0
100.0
100.0
100.0
100.0
100.0
100.0
100.0
100.0
100.0
56.0
100.0
100.0
100.0
100.0
100.0
100.0
100.0
56.0
55.0
55.0
99.0
100.0
99.0
100.0
100.0
100.0
100.0
100.0
100.0
56.0
99.0
100.0
99.0
100.0
99.0
99.0
100.0
56.0
56.0
55.0
100.0
100.0
100.0
100.0
100.0
100.0
100.0
100.0
100.0
56.0
100.0
100.0
100.0
100.0
100.0
99.0
101.0
56.0
56.0
56.0
100.0
100.0
100.0
100.0
100.0
100.0
100.0
100.0
100.0
55.0
111.0
111.0
111.0
111.0
111.0
110.0
110.0
67.0
67.0
66.0
100.0
100.0
100.0
100.0
100.0
100.0
100.0
100.0
100.0
55.0
100.0
100.0
100.0
100.0
100.0
100.0
100.0
56.0
55.0
56.0
100.0
100.0
100.0
100.0
100.0
101.0
100.0
100.0
100.0
56.0
99.0
99.0
99.0
98.0
98.0
98.0
98.0
56.0
56.0
54.0
