7.0
6.0
4.0
4.0
4.0
3.0
4.0
6.0
6.0
6.0
25.0
25.0
15.0
15.0
15.0
14.0
15.0
15.0
25.0
25.0
15.0
15.0
15.0
15.0
4773.0
4637.0
4991.0
4927.0
4831.0
14.0
15.0
14.0
15.0
16.0
16.0
16.0
16.0
15.0
15.0
15.0
15.0
14.0
14.0
4623.0
4778.0
4768.0
4775.0
4687.0
13.0
13.0
14.0
13.0
13.0
13.0
13.0
13.0
14.0
13.0
14.0
13.0
13.0
14.0
4721.0
4772.0
4682.0
4751.0
4753.0
4723.0
13.0
13.0
12.0
13.0
13.0
13.0
12.0
13.0
13.0
13.0
13.0
13.0
13.0
13.0
4732.0
4686.0
4699.0
4698.0
4734.0
13.0
13.0
13.0
12.0
12.0
13.0
13.0
13.0
13.0
12.0
13.0
13.0
13.0
12.0
4725.0
4727.0
4721.0
4711.0
4708.0
4723.0
13.0
12.0
13.0
13.0
12.0
12.0
13.0
12.0
13.0
13.0
12.0
12.0
13.0
13.0
4709.0
4698.0
4657.0
4849.0
4817.0
13.0
13.0
13.0
12.0
13.0
13.0
13.0
13.0
12.0
13.0
12.0
12.0
13.0
13.0
4784.0
4726.0
4754.0
4790.0
4762.0
13.0
13.0
13.0
12.0
12.0
13.0
13.0
13.0
13.0
12.0
13.0
12.0
12.0
13.0
4706.0
4738.0
4663.0
4730.0
4690.0
4692.0
12.0
13.0
13.0
13.0
13.0
13.0
12.0
12.0
13.0
13.0
13.0
13.0
13.0
12.0
4724.0
4661.0
4726.0
4760.0
4686.0
13.0
13.0
13.0
12.0
13.0
13.0
13.0
12.0
12.0
12.0
13.0
13.0
13.0
12.0
4823.0
4715.0
4797.0
4689.0
4742.0
4802.0
25.0
25.0
25.0
15.0
15.0
15.0
15.0
23.0
6.0
6.0
26.0
26.0
15.0
16.0
15.0
15.0
24.0
23.0
6.0
6.0
14.0
14.0
15.0
25.0
15.0
26.0
24.0
23.0
4.0
4.0
14.0
14.0
25.0
25.0
15.0
15.0
24.0
24.0
6.0
6.0
15.0
15.0
14.0
15.0
25.0
25.0
24.0
24.0
4.0
4.0
15.0
14.0
15.0
15.0
25.0
25.0
25.0
24.0
4.0
4.0
15.0
14.0
15.0
15.0
25.0
25.0
24.0
24.0
4.0
4.0
14.0
15.0
25.0
14.0
15.0
25.0
24.0
24.0
4.0
4.0
15.0
14.0
25.0
26.0
14.0
14.0
24.0
23.0
4.0
4.0
15.0
14.0
15.0
15.0
25.0
25.0
24.0
23.0
4.0
4.0
14.0
15.0
25.0
25.0
14.0
15.0
24.0
24.0
5.0
4.0
15.0
25.0
14.0
25.0
14.0
14.0
24.0
23.0
4.0
4.0
15.0
15.0
25.0
25.0
15.0
14.0
24.0
23.0
4.0
4.0
26.0
24.0
14.0
15.0
14.0
15.0
31.0
30.0
4.0
4.0
4884.0
4780.0
5085.0
4909.0
4851.0
5080.0
4906.0
5121.0
2862.0
4831.0
4835.0
4820.0
4763.0
4815.0
4721.0
4726.0
4761.0
4802.0
2544.0
4776.0
4781.0
4692.0
4675.0
4695.0
4695.0
4672.0
4651.0
2578.0
4664.0
4652.0
4649.0
4634.0
4731.0
4716.0
4711.0
4790.0
2537.0
4740.0
4724.0
4768.0
4757.0
4736.0
4736.0
4759.0
4748.0
2584.0
4767.0
4761.0
4714.0
4757.0
4749.0
4733.0
4744.0
4735.0
2540.0
13.0
12.0
13.0
13.0
13.0
13.0
11.0
2.0
2.0
3.0
13.0
13.0
12.0
12.0
12.0
12.0
11.0
3.0
3.0
3.0
12.0
13.0
13.0
13.0
12.0
12.0
12.0
3.0
3.0
3.0
13.0
13.0
12.0
12.0
12.0
13.0
12.0
3.0
3.0
3.0
13.0
12.0
13.0
13.0
12.0
13.0
11.0
3.0
2.0
3.0
13.0
13.0
13.0
12.0
12.0
13.0
12.0
3.0
3.0
3.0
13.0
13.0
12.0
12.0
13.0
13.0
12.0
3.0
3.0
3.0
13.0
12.0
12.0
13.0
12.0
13.0
12.0
3.0
2.0
2.0
13.0
13.0
13.0
13.0
13.0
12.0
11.0
2.0
3.0
3.0
13.0
12.0
13.0
13.0
13.0
13.0
11.0
3.0
3.0
3.0
12.0
12.0
12.0
13.0
13.0
13.0
11.0
3.0
3.0
3.0
12.0
13.0
12.0
13.0
13.0
12.0
11.0
3.0
3.0
2.0
13.0
13.0
13.0
13.0
13.0
12.0
11.0
3.0
3.0
3.0
12.0
12.0
13.0
12.0
13.0
13.0
12.0
3.0
3.0
3.0
4725.0
4782.0
4778.0
4770.0
4721.0
4875.0
4692.0
4769.0
4712.0
2562.0
4716.0
4727.0
4781.0
4735.0
4739.0
4868.0
4856.0
4788.0
4759.0
2603.0
4831.0
4758.0
4845.0
4812.0
4728.0
4770.0
4650.0
4612.0
4629.0
2547.0
4635.0
4628.0
4625.0
4632.0
4636.0
4615.0
4624.0
4657.0
4645.0
2533.0
4724.0
4686.0
4701.0
4733.0
4744.0
4680.0
4687.0
4686.0
4672.0
2557.0
4775.0
4680.0
4790.0
4722.0
4682.0
4689.0
4800.0
4794.0
4673.0
2532.0
13.0
12.0
12.0
13.0
13.0
12.0
11.0
3.0
2.0
3.0
13.0
13.0
13.0
12.0
13.0
12.0
11.0
3.0
3.0
3.0
12.0
13.0
13.0
12.0
13.0
12.0
12.0
3.0
2.0
3.0
13.0
13.0
13.0
13.0
12.0
12.0
11.0
3.0
3.0
2.0
13.0
12.0
13.0
13.0
12.0
13.0
12.0
3.0
3.0
3.0
12.0
12.0
13.0
12.0
12.0
12.0
12.0
2.0
3.0
3.0
13.0
13.0
13.0
13.0
13.0
12.0
11.0
3.0
3.0
3.0
13.0
12.0
13.0
13.0
13.0
13.0
11.0
3.0
3.0
3.0
13.0
13.0
12.0
13.0
12.0
13.0
11.0
3.0
3.0
3.0
12.0
13.0
13.0
12.0
13.0
12.0
11.0
3.0
3.0
3.0
12.0
12.0
13.0
13.0
13.0
13.0
11.0
3.0
3.0
3.0
13.0
13.0
13.0
13.0
12.0
13.0
12.0
3.0
3.0
3.0
12.0
13.0
13.0
12.0
13.0
13.0
12.0
3.0
3.0
2.0
13.0
13.0
12.0
12.0
13.0
13.0
11.0
3.0
3.0
3.0
4690.0
4771.0
4674.0
4719.0
4673.0
4771.0
4639.0
4755.0
2633.0
4729.0
4674.0
4708.0
4702.0
4703.0
4716.0
4762.0
4713.0
4708.0
2560.0
4725.0
4745.0
4812.0
4718.0
4742.0
4963.0
4782.0
4756.0
2557.0
4754.0
4717.0
4825.0
4733.0
4672.0
4712.0
4735.0
4712.0
2531.0
4783.0
4710.0
4810.0
4676.0
4717.0
4763.0
4636.0
4711.0
2593.0
4733.0
4688.0
4691.0
4667.0
4750.0
4722.0
4720.0
4709.0
2524.0
12.0
12.0
13.0
12.0
12.0
12.0
12.0
3.0
3.0
2.0
12.0
13.0
12.0
12.0
12.0
11.0
12.0
3.0
3.0
3.0
12.0
12.0
12.0
12.0
13.0
12.0
12.0
2.0
3.0
3.0
12.0
12.0
12.0
12.0
12.0
11.0
11.0
3.0
2.0
3.0
12.0
12.0
12.0
12.0
13.0
11.0
12.0
3.0
2.0
3.0
13.0
12.0
12.0
12.0
46.0
46.0
46.0
3.0
3.0
38.0
12.0
12.0
13.0
12.0
12.0
12.0
11.0
3.0
3.0
3.0
12.0
12.0
12.0
12.0
12.0
12.0
12.0
2.0
3.0
3.0
12.0
12.0
12.0
12.0
12.0
12.0
12.0
3.0
3.0
3.0
12.0
12.0
12.0
12.0
13.0
12.0
12.0
3.0
3.0
3.0
12.0
12.0
12.0
12.0
12.0
12.0
12.0
3.0
3.0
3.0
12.0
12.0
12.0
12.0
12.0
11.0
12.0
3.0
3.0
2.0
13.0
12.0
13.0
12.0
12.0
12.0
11.0
3.0
3.0
3.0
12.0
12.0
12.0
12.0
12.0
12.0
12.0
2.0
3.0
3.0
4722.0
4685.0
4686.0
4685.0
4729.0
4768.0
4716.0
4754.0
4742.0
2646.0
4720.0
4753.0
4737.0
4738.0
4663.0
4773.0
4715.0
4806.0
4732.0
2550.0
4764.0
4765.0
4775.0
4732.0
4728.0
4722.0
4708.0
4661.0
4716.0
2543.0
4765.0
4774.0
4793.0
4792.0
4821.0
4795.0
4917.0
4783.0
4835.0
2577.0
4693.0
4693.0
4664.0
4694.0
4694.0
4663.0
4665.0
4664.0
4709.0
2529.0
4707.0
4767.0
4743.0
4740.0
4718.0
4759.0
4692.0
4731.0
4720.0
2556.0
12.0
13.0
12.0
13.0
12.0
12.0
12.0
3.0
2.0
3.0
13.0
12.0
12.0
13.0
12.0
11.0
12.0
2.0
3.0
3.0
12.0
13.0
13.0
12.0
12.0
12.0
12.0
3.0
3.0
2.0
13.0
12.0
12.0
13.0
12.0
12.0
12.0
3.0
2.0
3.0
13.0
12.0
12.0
12.0
12.0
12.0
11.0
3.0
3.0
3.0
12.0
12.0
12.0
12.0
12.0
12.0
12.0
3.0
3.0
3.0
12.0
12.0
12.0
12.0
13.0
12.0
12.0
3.0
3.0
3.0
12.0
12.0
12.0
12.0
12.0
11.0
12.0
3.0
3.0
3.0
12.0
12.0
12.0
12.0
12.0
12.0
11.0
2.0
3.0
3.0
13.0
13.0
12.0
12.0
12.0
12.0
12.0
3.0
3.0
2.0
13.0
12.0
12.0
13.0
12.0
12.0
12.0
2.0
3.0
3.0
12.0
12.0
13.0
13.0
12.0
11.0
12.0
3.0
3.0
3.0
12.0
12.0
12.0
13.0
12.0
11.0
11.0
3.0
3.0
2.0
12.0
13.0
12.0
13.0
12.0
12.0
12.0
2.0
3.0
3.0
4661.0
4657.0
4742.0
4738.0
4766.0
4738.0
4767.0
4651.0
2530.0
4806.0
4701.0
4701.0
4722.0
4656.0
4638.0
4657.0
4656.0
4652.0
2579.0
4736.0
4687.0
4688.0
4717.0
4699.0
4720.0
4701.0
4727.0
2542.0
4727.0
4722.0
4710.0
4661.0
4734.0
4741.0
4712.0
4733.0
2531.0
4745.0
4752.0
4763.0
4900.0
4733.0
4771.0
4712.0
4710.0
2596.0
4714.0
4731.0
4729.0
4678.0
4731.0
4722.0
4714.0
4701.0
2556.0
12.0
12.0
12.0
13.0
12.0
2.0
3.0
3.0
2.0
3.0
13.0
12.0
12.0
12.0
12.0
3.0
3.0
2.0
3.0
3.0
12.0
12.0
12.0
12.0
12.0
3.0
2.0
3.0
3.0
2.0
12.0
12.0
13.0
12.0
12.0
2.0
2.0
3.0
3.0
3.0
12.0
12.0
13.0
12.0
12.0
3.0
2.0
2.0
3.0
3.0
12.0
12.0
12.0
12.0
12.0
3.0
3.0
3.0
3.0
2.0
12.0
12.0
12.0
12.0
12.0
3.0
3.0
2.0
3.0
3.0
12.0
12.0
12.0
12.0
12.0
3.0
3.0
3.0
3.0
2.0
12.0
12.0
13.0
12.0
13.0
3.0
2.0
3.0
3.0
3.0
12.0
12.0
12.0
12.0
12.0
3.0
3.0
3.0
3.0
2.0
12.0
12.0
12.0
12.0
12.0
3.0
3.0
3.0
3.0
3.0
12.0
12.0
12.0
12.0
12.0
3.0
3.0
3.0
2.0
3.0
12.0
12.0
12.0
12.0
12.0
3.0
3.0
3.0
2.0
3.0
12.0
12.0
12.0
12.0
12.0
3.0
3.0
3.0
2.0
3.0
4724.0
4704.0
4732.0
4719.0
4675.0
4672.0
4659.0
4693.0
4709.0
2527.0
4679.0
4693.0
4703.0
4710.0
4689.0
4689.0
4686.0
4768.0
4737.0
2564.0
4738.0
4738.0
4735.0
4787.0
4670.0
4715.0
4661.0
4692.0
4692.0
2633.0
4718.0
4710.0
4724.0
4787.0
4720.0
4701.0
4787.0
4607.0
4621.0
2585.0
4635.0
4676.0
4667.0
4684.0
4658.0
4652.0
4666.0
4744.0
4700.0
2545.0
4691.0
4692.0
4700.0
4709.0
4734.0
4759.0
4682.0
4696.0
4757.0
2523.0
13.0
12.0
12.0
13.0
12.0
12.0
12.0
3.0
2.0
3.0
12.0
12.0
12.0
12.0
13.0
12.0
12.0
2.0
3.0
3.0
12.0
12.0
12.0
12.0
12.0
11.0
12.0
3.0
3.0
3.0
12.0
12.0
12.0
23.0
22.0
22.0
22.0
3.0
2.0
3.0
13.0
13.0
12.0
13.0
13.0
12.0
12.0
3.0
2.0
3.0
12.0
12.0
12.0
12.0
12.0
11.0
12.0
3.0
3.0
3.0
12.0
12.0
12.0
12.0
12.0
12.0
12.0
3.0
3.0
3.0
12.0
12.0
12.0
12.0
12.0
12.0
12.0
3.0
2.0
3.0
12.0
12.0
12.0
12.0
12.0
12.0
11.0
3.0
3.0
3.0
12.0
12.0
12.0
12.0
12.0
11.0
12.0
3.0
3.0
3.0
12.0
12.0
12.0
13.0
12.0
12.0
12.0
2.0
3.0
2.0
12.0
13.0
13.0
12.0
12.0
11.0
11.0
3.0
3.0
3.0
12.0
13.0
12.0
12.0
12.0
11.0
11.0
3.0
2.0
3.0
12.0
12.0
12.0
12.0
12.0
12.0
12.0
3.0
3.0
3.0
4841.0
4676.0
4679.0
4679.0
4653.0
4866.0
4641.0
4638.0
2550.0
4609.0
4706.0
4715.0
4729.0
4809.0
4697.0
4792.0
4700.0
4678.0
2532.0
4748.0
4710.0
4666.0
4725.0
4775.0
4723.0
4801.0
4762.0
2577.0
4769.0
4753.0
4777.0
4694.0
4658.0
4656.0
4647.0
4767.0
2552.0
4660.0
4657.0
4712.0
4677.0
4703.0
4706.0
4717.0
4723.0
2545.0
4701.0
4717.0
4686.0
4780.0
4691.0
4675.0
4754.0
4676.0
2547.0
12.0
13.0
12.0
12.0
12.0
3.0
3.0
3.0
2.0
3.0
12.0
12.0
12.0
12.0
12.0
3.0
3.0
3.0
3.0
2.0
12.0
12.0
12.0
13.0
12.0
3.0
3.0
3.0
3.0
2.0
12.0
12.0
12.0
12.0
12.0
2.0
3.0
3.0
3.0
3.0
12.0
12.0
12.0
12.0
12.0
3.0
3.0
3.0
2.0
3.0
12.0
12.0
12.0
12.0
12.0
3.0
3.0
2.0
3.0
2.0
12.0
12.0
12.0
12.0
12.0
3.0
3.0
2.0
3.0
3.0
12.0
12.0
12.0
12.0
13.0
3.0
3.0
3.0
2.0
2.0
12.0
12.0
12.0
12.0
12.0
3.0
3.0
3.0
2.0
3.0
12.0
12.0
12.0
12.0
12.0
2.0
2.0
3.0
3.0
3.0
12.0
12.0
12.0
12.0
12.0
3.0
3.0
3.0
2.0
3.0
12.0
13.0
12.0
12.0
12.0
2.0
3.0
3.0
3.0
3.0
12.0
12.0
12.0
12.0
12.0
2.0
3.0
2.0
3.0
3.0
12.0
12.0
12.0
12.0
12.0
3.0
3.0
3.0
2.0
2.0
4901.0
4836.0
4761.0
4805.0
4849.0
4941.0
4795.0
4722.0
4735.0
2662.0
4676.0
4684.0
4732.0
4708.0
4723.0
4657.0
4618.0
4642.0
4662.0
2553.0
4644.0
4648.0
4693.0
4667.0
4772.0
4761.0
4684.0
4690.0
4675.0
2546.0
4712.0
4734.0
4741.0
4730.0
4721.0
4674.0
4666.0
4699.0
4728.0
2579.0
4659.0
4703.0
4686.0
4690.0
4671.0
4675.0
4654.0
4692.0
4655.0
2552.0
4700.0
4718.0
4733.0
4732.0
4679.0
4664.0
4661.0
4658.0
4696.0
2535.0
13.0
12.0
12.0
12.0
13.0
12.0
12.0
2.0
3.0
3.0
12.0
12.0
12.0
13.0
12.0
12.0
12.0
3.0
3.0
2.0
12.0
12.0
12.0
12.0
12.0
11.0
12.0
3.0
3.0
3.0
12.0
12.0
12.0
13.0
12.0
12.0
11.0
3.0
3.0
3.0
12.0
12.0
13.0
12.0
12.0
11.0
12.0
3.0
3.0
3.0
12.0
12.0
12.0
12.0
12.0
12.0
11.0
3.0
3.0
3.0
12.0
12.0
12.0
12.0
12.0
12.0
12.0
3.0
3.0
3.0
12.0
12.0
12.0
12.0
12.0
11.0
12.0
3.0
2.0
3.0
12.0
12.0
12.0
12.0
12.0
12.0
11.0
3.0
3.0
3.0
12.0
12.0
12.0
12.0
12.0
11.0
12.0
3.0
3.0
3.0
12.0
12.0
12.0
12.0
12.0
11.0
11.0
3.0
3.0
3.0
12.0
12.0
12.0
13.0
12.0
11.0
11.0
2.0
3.0
3.0
12.0
12.0
12.0
12.0
12.0
12.0
12.0
3.0
2.0
3.0
12.0
12.0
12.0
12.0
12.0
11.0
11.0
2.0
2.0
3.0
4738.0
4696.0
4687.0
4746.0
4772.0
4791.0
4681.0
4655.0
2527.0
4718.0
4662.0
4731.0
4697.0
4718.0
4706.0
4742.0
4727.0
4727.0
2621.0
4783.0
4754.0
4681.0
4726.0
4731.0
4725.0
4720.0
4712.0
2536.0
4786.0
4772.0
4794.0
4815.0
4650.0
4758.0
4808.0
4809.0
2563.0
4785.0
4786.0
4822.0
4774.0
4734.0
4799.0
4635.0
4658.0
2614.0
4699.0
4785.0
4834.0
4777.0
4764.0
4777.0
4746.0
4723.0
2533.0
13.0
12.0
12.0
13.0
66.0
3.0
3.0
3.0
3.0
3.0
12.0
12.0
12.0
12.0
12.0
3.0
3.0
2.0
3.0
3.0
12.0
12.0
13.0
12.0
12.0
3.0
3.0
3.0
3.0
3.0
12.0
12.0
12.0
12.0
12.0
2.0
3.0
3.0
3.0
3.0
12.0
12.0
12.0
12.0
12.0
3.0
3.0
3.0
3.0
3.0
12.0
12.0
12.0
13.0
12.0
3.0
3.0
3.0
2.0
2.0
12.0
13.0
13.0
12.0
12.0
2.0
3.0
3.0
3.0
3.0
12.0
12.0
12.0
12.0
12.0
3.0
3.0
2.0
3.0
2.0
12.0
12.0
13.0
12.0
12.0
2.0
3.0
3.0
3.0
3.0
12.0
12.0
12.0
12.0
12.0
3.0
3.0
3.0
3.0
3.0
12.0
12.0
12.0
12.0
13.0
3.0
2.0
2.0
2.0
2.0
13.0
13.0
12.0
12.0
12.0
2.0
3.0
3.0
3.0
3.0
12.0
12.0
12.0
12.0
12.0
3.0
3.0
2.0
3.0
3.0
12.0
12.0
12.0
12.0
12.0
3.0
3.0
3.0
3.0
3.0
4724.0
4755.0
4720.0
4719.0
4675.0
4672.0
4678.0
4641.0
2547.0
2602.0
4657.0
4656.0
4672.0
4671.0
4628.0
4773.0
4717.0
4732.0
2582.0
2577.0
4739.0
4750.0
4870.0
4872.0
4886.0
4884.0
4771.0
4888.0
2628.0
2530.0
4581.0
4571.0
4527.0
4880.0
4857.0
4511.0
4864.0
2633.0
2702.0
4898.0
5014.0
4617.0
4579.0
4947.0
4591.0
4579.0
4940.0
2669.0
2635.0
4865.0
4797.0
4786.0
4662.0
4441.0
4434.0
4419.0
2500.0
2569.0
