29.0
29.0
20.0
17.0
23.0
23.0
22.0
23.0
27.0
27.0
22.0
21.0
15.0
253.0
253.0
253.0
253.0
252.0
383.0
472.0
240.0
551.0
384.0
348.0
349.0
348.0
349.0
348.0
220.0
348.0
12.0
12.0
13.0
333.0
461.0
289.0
369.0
252.0
250.0
251.0
251.0
252.0
251.0
218.0
218.0
251.0
249.0
250.0
250.0
251.0
12.0
11.0
12.0
219.0
251.0
217.0
249.0
217.0
250.0
252.0
251.0
250.0
250.0
218.0
219.0
251.0
217.0
250.0
256.0
263.0
12.0
12.0
12.0
262.0
261.0
261.0
237.0
239.0
238.0
258.0
258.0
225.0
242.0
225.0
243.0
245.0
244.0
225.0
225.0
245.0
12.0
12.0
12.0
243.0
225.0
225.0
244.0
243.0
244.0
245.0
225.0
225.0
245.0
244.0
225.0
225.0
243.0
225.0
244.0
225.0
12.0
12.0
11.0
244.0
244.0
244.0
244.0
224.0
226.0
225.0
224.0
329.0
327.0
328.0
329.0
328.0
308.0
328.0
308.0
308.0
95.0
11.0
11.0
244.0
225.0
243.0
244.0
242.0
244.0
224.0
224.0
243.0
225.0
225.0
244.0
244.0
244.0
244.0
245.0
224.0
11.0
11.0
11.0
226.0
224.0
244.0
224.0
243.0
243.0
242.0
243.0
224.0
243.0
225.0
225.0
244.0
226.0
244.0
257.0
257.0
11.0
12.0
12.0
257.0
241.0
256.0
240.0
239.0
256.0
240.0
257.0
243.0
243.0
224.0
242.0
243.0
225.0
225.0
225.0
243.0
12.0
12.0
11.0
243.0
242.0
242.0
225.0
243.0
224.0
224.0
244.0
225.0
241.0
235.0
234.0
235.0
221.0
217.0
226.0
216.0
14.0
14.0
21.0
22.0
14.0
15.0
14.0
13.0
21.0
20.0
13.0
14.0
13.0
14.0
13.0
13.0
22.0
20.0
21.0
20.0
13.0
14.0
14.0
13.0
13.0
14.0
14.0
12.0
12.0
13.0
261.0
260.0
468.0
402.0
466.0
387.0
261.0
261.0
262.0
12.0
263.0
250.0
250.0
250.0
251.0
250.0
251.0
203.0
250.0
17.0
362.0
353.0
249.0
250.0
249.0
251.0
272.0
250.0
259.0
11.0
251.0
250.0
248.0
251.0
249.0
249.0
205.0
250.0
248.0
9.0
205.0
263.0
306.0
345.0
345.0
343.0
344.0
345.0
327.0
11.0
344.0
329.0
332.0
216.0
247.0
247.0
247.0
245.0
280.0
9.0
263.0
216.0
244.0
242.0
222.0
241.0
241.0
238.0
239.0
10.0
224.0
223.0
291.0
239.0
223.0
370.0
233.0
233.0
233.0
11.0
232.0
224.0
223.0
236.0
423.0
224.0
249.0
247.0
247.0
11.0
240.0
249.0
240.0
423.0
250.0
240.0
234.0
234.0
232.0
10.0
225.0
224.0
233.0
407.0
234.0
225.0
408.0
233.0
233.0
10.0
223.0
224.0
234.0
233.0
235.0
225.0
407.0
235.0
233.0
10.0
226.0
223.0
234.0
234.0
235.0
225.0
422.0
224.0
234.0
11.0
223.0
233.0
234.0
233.0
248.0
241.0
511.0
326.0
327.0
10.0
336.0
336.0
333.0
335.0
311.0
321.0
493.0
224.0
224.0
11.0
235.0
235.0
234.0
234.0
225.0
235.0
408.0
224.0
224.0
10.0
233.0
234.0
233.0
235.0
407.0
224.0
233.0
224.0
223.0
10.0
9.0
9.0
9.0
10.0
9.0
10.0
9.0
9.0
8.0
9.0
9.0
8.0
14.0
9.0
10.0
9.0
8.0
9.0
9.0
9.0
9.0
10.0
15.0
9.0
10.0
9.0
9.0
9.0
9.0
13.0
234.0
232.0
232.0
233.0
232.0
223.0
421.0
224.0
224.0
13.0
423.0
240.0
249.0
248.0
248.0
248.0
248.0
239.0
240.0
14.0
403.0
222.0
233.0
232.0
233.0
233.0
232.0
222.0
223.0
13.0
403.0
223.0
233.0
233.0
233.0
232.0
233.0
222.0
223.0
13.0
359.0
223.0
233.0
233.0
233.0
233.0
234.0
303.0
225.0
9.0
225.0
246.0
247.0
247.0
246.0
247.0
246.0
329.0
328.0
9.0
328.0
328.0
313.0
313.0
314.0
313.0
312.0
312.0
233.0
9.0
231.0
231.0
232.0
232.0
233.0
231.0
231.0
230.0
229.0
9.0
232.0
231.0
230.0
232.0
231.0
232.0
232.0
231.0
231.0
9.0
230.0
235.0
233.0
233.0
236.0
236.0
230.0
232.0
231.0
9.0
231.0
232.0
237.0
236.0
250.0
250.0
249.0
245.0
245.0
9.0
248.0
247.0
247.0
247.0
247.0
234.0
231.0
231.0
231.0
10.0
231.0
230.0
231.0
230.0
233.0
231.0
231.0
231.0
231.0
9.0
230.0
231.0
230.0
231.0
230.0
231.0
230.0
230.0
231.0
9.0
232.0
231.0
231.0
231.0
231.0
232.0
232.0
231.0
230.0
9.0
320.0
318.0
319.0
318.0
319.0
318.0
316.0
318.0
317.0
8.0
318.0
231.0
233.0
232.0
231.0
230.0
230.0
231.0
233.0
9.0
9.0
10.0
9.0
10.0
10.0
9.0
9.0
9.0
8.0
9.0
10.0
9.0
9.0
9.0
10.0
10.0
9.0
9.0
9.0
9.0
9.0
9.0
9.0
10.0
9.0
10.0
8.0
9.0
9.0
9.0
231.0
231.0
230.0
232.0
230.0
230.0
230.0
230.0
230.0
9.0
232.0
231.0
232.0
232.0
232.0
231.0
230.0
231.0
231.0
9.0
232.0
232.0
245.0
244.0
244.0
245.0
247.0
246.0
247.0
9.0
246.0
246.0
247.0
232.0
231.0
232.0
231.0
230.0
230.0
9.0
230.0
230.0
230.0
232.0
231.0
231.0
230.0
231.0
232.0
9.0
232.0
231.0
231.0
232.0
232.0
232.0
231.0
231.0
230.0
9.0
230.0
230.0
231.0
232.0
232.0
233.0
322.0
321.0
321.0
8.0
320.0
320.0
320.0
321.0
319.0
319.0
319.0
231.0
231.0
9.0
230.0
229.0
232.0
231.0
231.0
230.0
229.0
231.0
231.0
9.0
231.0
230.0
230.0
232.0
231.0
230.0
230.0
231.0
231.0
9.0
232.0
231.0
231.0
232.0
230.0
230.0
231.0
230.0
230.0
9.0
232.0
231.0
231.0
229.0
231.0
232.0
231.0
231.0
230.0
9.0
244.0
248.0
247.0
246.0
246.0
246.0
245.0
245.0
246.0
22.0
231.0
232.0
232.0
232.0
231.0
231.0
230.0
233.0
233.0
9.0
232.0
232.0
233.0
231.0
231.0
232.0
230.0
231.0
231.0
9.0
231.0
230.0
230.0
230.0
232.0
232.0
231.0
231.0
230.0
9.0
230.0
231.0
230.0
232.0
231.0
326.0
325.0
324.0
324.0
9.0
9.0
9.0
9.0
10.0
10.0
9.0
9.0
9.0
9.0
103.0
105.0
104.0
104.0
103.0
103.0
10.0
9.0
9.0
9.0
9.0
10.0
9.0
9.0
9.0
10.0
10.0
9.0
9.0
9.0
9.0
231.0
230.0
231.0
231.0
232.0
230.0
232.0
230.0
230.0
9.0
232.0
230.0
229.0
230.0
230.0
230.0
230.0
232.0
231.0
9.0
231.0
231.0
232.0
233.0
231.0
233.0
230.0
230.0
232.0
9.0
231.0
231.0
230.0
230.0
231.0
231.0
230.0
230.0
230.0
8.0
246.0
247.0
248.0
247.0
247.0
247.0
245.0
247.0
246.0
9.0
251.0
239.0
248.0
241.0
242.0
246.0
245.0
247.0
243.0
10.0
243.0
242.0
240.0
238.0
244.0
242.0
239.0
239.0
240.0
9.0
239.0
238.0
239.0
239.0
237.0
237.0
235.0
231.0
231.0
9.0
231.0
232.0
231.0
231.0
231.0
321.0
320.0
320.0
321.0
9.0
321.0
323.0
322.0
321.0
321.0
322.0
233.0
231.0
230.0
9.0
232.0
231.0
232.0
230.0
230.0
231.0
232.0
230.0
230.0
9.0
230.0
231.0
230.0
231.0
230.0
229.0
231.0
231.0
232.0
9.0
231.0
230.0
232.0
232.0
231.0
230.0
230.0
231.0
231.0
9.0
246.0
246.0
246.0
247.0
247.0
246.0
246.0
246.0
245.0
9.0
246.0
232.0
230.0
230.0
232.0
233.0
232.0
232.0
232.0
8.0
230.0
232.0
231.0
230.0
231.0
231.0
230.0
230.0
230.0
9.0
231.0
231.0
232.0
232.0
232.0
231.0
231.0
231.0
231.0
9.0
10.0
9.0
9.0
9.0
10.0
9.0
9.0
9.0
8.0
9.0
9.0
10.0
9.0
9.0
9.0
9.0
8.0
9.0
9.0
9.0
9.0
10.0
9.0
10.0
9.0
9.0
9.0
8.0
9.0
9.0
236.0
232.0
237.0
231.0
332.0
330.0
329.0
324.0
325.0
9.0
324.0
325.0
325.0
324.0
324.0
231.0
230.0
232.0
231.0
8.0
229.0
230.0
231.0
231.0
230.0
231.0
230.0
231.0
233.0
9.0
230.0
231.0
231.0
231.0
231.0
232.0
231.0
230.0
230.0
9.0
229.0
231.0
230.0
230.0
231.0
231.0
230.0
231.0
231.0
9.0
231.0
231.0
247.0
246.0
246.0
246.0
246.0
246.0
245.0
8.0
246.0
245.0
245.0
233.0
233.0
233.0
232.0
231.0
231.0
8.0
232.0
230.0
231.0
230.0
230.0
230.0
230.0
230.0
231.0
8.0
230.0
232.0
231.0
231.0
231.0
230.0
230.0
231.0
232.0
8.0
232.0
232.0
231.0
232.0
232.0
232.0
323.0
323.0
323.0
8.0
322.0
323.0
323.0
323.0
322.0
323.0
322.0
231.0
230.0
9.0
230.0
232.0
230.0
231.0
232.0
232.0
231.0
230.0
230.0
9.0
230.0
230.0
230.0
230.0
231.0
232.0
231.0
230.0
230.0
8.0
230.0
231.0
230.0
232.0
231.0
230.0
230.0
231.0
232.0
9.0
230.0
230.0
231.0
231.0
246.0
246.0
244.0
245.0
246.0
8.0
245.0
247.0
247.0
246.0
247.0
229.0
233.0
232.0
229.0
9.0
226.0
236.0
226.0
239.0
239.0
238.0
223.0
237.0
296.0
8.0
9.0
9.0
9.0
9.0
9.0
9.0
8.0
9.0
8.0
8.0
9.0
9.0
9.0
9.0
9.0
9.0
9.0
9.0
8.0
9.0
10.0
9.0
9.0
9.0
10.0
9.0
9.0
8.0
9.0
8.0
223.0
223.0
233.0
385.0
232.0
233.0
231.0
222.0
231.0
13.0
407.0
224.0
224.0
233.0
233.0
233.0
232.0
223.0
232.0
13.0
503.0
320.0
319.0
330.0
328.0
328.0
328.0
320.0
330.0
110.0
405.0
223.0
223.0
233.0
233.0
233.0
232.0
223.0
405.0
9.0
232.0
223.0
224.0
232.0
232.0
231.0
231.0
222.0
404.0
9.0
234.0
223.0
222.0
233.0
233.0
232.0
232.0
222.0
418.0
9.0
233.0
223.0
223.0
247.0
420.0
248.0
247.0
247.0
239.0
9.0
248.0
240.0
240.0
406.0
234.0
234.0
232.0
233.0
223.0
9.0
222.0
222.0
232.0
407.0
234.0
224.0
231.0
230.0
232.0
8.0
223.0
223.0
232.0
405.0
234.0
222.0
232.0
232.0
231.0
13.0
223.0
222.0
407.0
232.0
224.0
234.0
232.0
231.0
231.0
13.0
418.0
241.0
241.0
346.0
343.0
345.0
345.0
346.0
346.0
9.0
330.0
330.0
329.0
231.0
231.0
231.0
233.0
231.0
230.0
9.0
230.0
231.0
232.0
231.0
230.0
232.0
231.0
230.0
230.0
9.0
232.0
231.0
231.0
231.0
230.0
231.0
230.0
231.0
230.0
9.0
230.0
231.0
230.0
231.0
231.0
231.0
232.0
231.0
244.0
9.0
247.0
248.0
245.0
247.0
247.0
246.0
244.0
247.0
246.0
9.0
10.0
9.0
10.0
10.0
9.0
9.0
9.0
9.0
9.0
9.0
10.0
10.0
9.0
9.0
9.0
9.0
8.0
9.0
9.0
9.0
9.0
10.0
9.0
9.0
9.0
10.0
9.0
9.0
9.0
8.0
232.0
231.0
233.0
231.0
231.0
230.0
231.0
229.0
229.0
9.0
231.0
232.0
230.0
231.0
232.0
230.0
231.0
230.0
230.0
8.0
232.0
233.0
230.0
230.0
231.0
231.0
229.0
231.0
229.0
9.0
230.0
232.0
232.0
317.0
317.0
317.0
316.0
316.0
317.0
8.0
317.0
316.0
317.0
317.0
231.0
232.0
230.0
231.0
231.0
8.0
230.0
232.0
232.0
231.0
233.0
231.0
230.0
230.0
229.0
9.0
232.0
231.0
232.0
232.0
232.0
231.0
230.0
230.0
232.0
9.0
231.0
231.0
231.0
231.0
232.0
232.0
232.0
245.0
244.0
9.0
245.0
244.0
247.0
245.0
246.0
245.0
245.0
246.0
230.0
8.0
231.0
231.0
231.0
232.0
230.0
230.0
230.0
232.0
230.0
9.0
231.0
230.0
231.0
230.0
230.0
232.0
230.0
230.0
230.0
9.0
232.0
231.0
231.0
230.0
231.0
231.0
230.0
230.0
230.0
8.0
231.0
231.0
314.0
316.0
316.0
315.0
312.0
314.0
314.0
9.0
313.0
315.0
314.0
231.0
231.0
232.0
231.0
231.0
230.0
9.0
230.0
231.0
231.0
232.0
232.0
231.0
230.0
231.0
231.0
8.0
230.0
232.0
232.0
232.0
232.0
230.0
231.0
231.0
231.0
9.0
232.0
232.0
230.0
231.0
232.0
233.0
231.0
232.0
229.0
9.0
9.0
9.0
9.0
10.0
9.0
9.0
9.0
9.0
9.0
9.0
9.0
9.0
10.0
9.0
10.0
10.0
9.0
9.0
8.0
8.0
9.0
9.0
9.0
10.0
10.0
9.0
9.0
8.0
8.0
8.0
244.0
244.0
247.0
245.0
245.0
247.0
248.0
248.0
246.0
8.0
248.0
233.0
232.0
231.0
232.0
232.0
231.0
230.0
230.0
8.0
232.0
231.0
233.0
232.0
231.0
232.0
230.0
230.0
233.0
9.0
231.0
231.0
231.0
240.0
240.0
239.0
237.0
242.0
237.0
9.0
244.0
243.0
245.0
243.0
328.0
330.0
327.0
327.0
327.0
9.0
326.0
329.0
328.0
328.0
327.0
234.0
233.0
236.0
234.0
9.0
234.0
234.0
232.0
231.0
232.0
230.0
230.0
230.0
231.0
8.0
230.0
230.0
231.0
231.0
233.0
231.0
231.0
232.0
231.0
9.0
232.0
231.0
230.0
229.0
233.0
233.0
231.0
231.0
230.0
9.0
230.0
232.0
231.0
232.0
229.0
248.0
244.0
245.0
246.0
8.0
247.0
246.0
247.0
246.0
246.0
247.0
230.0
230.0
230.0
8.0
231.0
231.0
231.0
231.0
230.0
230.0
231.0
232.0
230.0
8.0
232.0
231.0
231.0
231.0
231.0
231.0
231.0
229.0
231.0
8.0
230.0
230.0
230.0
231.0
230.0
230.0
230.0
230.0
230.0
9.0
316.0
355.0
356.0
313.0
316.0
316.0
316.0
311.0
316.0
9.0
313.0
232.0
232.0
231.0
230.0
230.0
231.0
230.0
229.0
8.0
230.0
231.0
232.0
233.0
231.0
230.0
230.0
232.0
231.0
9.0
9.0
10.0
10.0
9.0
9.0
10.0
9.0
9.0
9.0
9.0
10.0
9.0
10.0
9.0
10.0
9.0
9.0
9.0
9.0
8.0
9.0
9.0
10.0
10.0
10.0
9.0
9.0
9.0
8.0
9.0
231.0
231.0
231.0
230.0
230.0
231.0
230.0
230.0
231.0
9.0
229.0
232.0
230.0
230.0
230.0
248.0
248.0
248.0
248.0
9.0
249.0
248.0
248.0
249.0
248.0
249.0
232.0
231.0
231.0
8.0
231.0
231.0
231.0
232.0
231.0
230.0
230.0
231.0
230.0
9.0
230.0
232.0
231.0
231.0
232.0
231.0
230.0
230.0
230.0
9.0
231.0
304.0
276.0
279.0
275.0
299.0
299.0
302.0
298.0
9.0
393.0
393.0
323.0
321.0
322.0
321.0
321.0
322.0
320.0
8.0
321.0
232.0
232.0
232.0
232.0
231.0
231.0
230.0
230.0
9.0
231.0
229.0
231.0
231.0
230.0
230.0
232.0
230.0
231.0
9.0
230.0
230.0
230.0
233.0
230.0
232.0
230.0
230.0
229.0
9.0
231.0
231.0
231.0
231.0
230.0
247.0
248.0
248.0
248.0
9.0
247.0
249.0
250.0
250.0
247.0
250.0
232.0
234.0
233.0
9.0
231.0
232.0
230.0
231.0
231.0
232.0
231.0
230.0
230.0
9.0
231.0
230.0
230.0
231.0
231.0
232.0
231.0
233.0
233.0
8.0
232.0
231.0
233.0
230.0
230.0
230.0
232.0
230.0
230.0
9.0
231.0
231.0
230.0
321.0
322.0
320.0
320.0
320.0
321.0
9.0
323.0
321.0
321.0
321.0
233.0
230.0
231.0
231.0
231.0
9.0
10.0
9.0
10.0
9.0
10.0
9.0
9.0
9.0
9.0
9.0
9.0
9.0
9.0
10.0
9.0
10.0
8.0
9.0
9.0
9.0
10.0
10.0
9.0
10.0
10.0
9.0
9.0
9.0
9.0
9.0
231.0
231.0
232.0
231.0
231.0
232.0
230.0
230.0
9.0
9.0
231.0
231.0
231.0
230.0
232.0
232.0
231.0
229.0
9.0
8.0
229.0
231.0
231.0
230.0
231.0
232.0
230.0
229.0
8.0
9.0
230.0
230.0
231.0
248.0
249.0
248.0
247.0
249.0
9.0
9.0
249.0
248.0
249.0
247.0
248.0
232.0
232.0
231.0
8.0
8.0
233.0
230.0
231.0
231.0
232.0
231.0
228.0
231.0
9.0
9.0
231.0
231.0
231.0
231.0
231.0
232.0
231.0
231.0
9.0
9.0
231.0
230.0
231.0
231.0
231.0
231.0
230.0
229.0
8.0
9.0
230.0
230.0
316.0
316.0
315.0
315.0
315.0
315.0
9.0
9.0
315.0
314.0
315.0
315.0
230.0
231.0
230.0
231.0
9.0
9.0
231.0
230.0
230.0
232.0
230.0
231.0
231.0
231.0
9.0
8.0
231.0
232.0
231.0
230.0
230.0
231.0
230.0
230.0
8.0
9.0
231.0
231.0
231.0
230.0
230.0
231.0
231.0
230.0
9.0
9.0
230.0
231.0
232.0
231.0
244.0
244.0
244.0
246.0
9.0
9.0
245.0
246.0
246.0
245.0
245.0
246.0
231.0
231.0
8.0
9.0
231.0
231.0
230.0
230.0
231.0
230.0
231.0
229.0
8.0
9.0
227.0
228.0
232.0
212.0
230.0
233.0
231.0
231.0
8.0
8.0
