11.0
7.0
4.0
4.0
4.0
5.0
4.0
5.0
5.0
5.0
89.0
82.0
47.0
45.0
44.0
49.0
45.0
10.0
16.0
7.0
221.0
125.0
209.0
122.0
121.0
126.0
122.0
74.0
124.0
102.0
393.0
384.0
378.0
306.0
376.0
393.0
444.0
506.0
364.0
482.0
351.0
396.0
387.0
383.0
384.0
394.0
385.0
284.0
374.0
326.0
383.0
405.0
405.0
347.0
398.0
402.0
401.0
353.0
357.0
277.0
377.0
337.0
372.0
392.0
368.0
373.0
368.0
320.0
293.0
309.0
349.0
347.0
346.0
366.0
363.0
367.0
364.0
318.0
318.0
287.0
388.0
355.0
351.0
349.0
364.0
369.0
364.0
319.0
319.0
389.0
1974.0
2318.0
1977.0
1975.0
1997.0
1989.0
1987.0
1942.0
1971.0
2283.0
1996.0
2057.0
2061.0
2037.0
2050.0
2031.0
2043.0
1999.0
1953.0
1941.0
1979.0
1974.0
1979.0
1968.0
1979.0
1979.0
1969.0
1922.0
1918.0
1920.0
2011.0
2006.0
1998.0
2005.0
2007.0
2015.0
1988.0
1957.0
1950.0
1921.0
1996.0
2010.0
1991.0
2027.0
2022.0
2025.0
2006.0
1965.0
1986.0
1933.0
1998.0
2018.0
2053.0
2000.0
2007.0
1992.0
1997.0
1951.0
1965.0
1929.0
1970.0
1976.0
1970.0
1983.0
1978.0
1977.0
1967.0
1927.0
1938.0
1919.0
2022.0
2001.0
2016.0
2013.0
2013.0
2028.0
2012.0
2010.0
1972.0
1950.0
2067.0
2027.0
2060.0
2021.0
2043.0
2026.0
2057.0
1996.0
1978.0
1959.0
2124.0
2116.0
2101.0
2108.0
2117.0
2116.0
2099.0
2062.0
2065.0
2055.0
1966.0
2027.0
1969.0
1965.0
1974.0
1979.0
1964.0
1925.0
1928.0
1901.0
1988.0
2022.0
2017.0
2010.0
2008.0
2007.0
2013.0
1931.0
1965.0
1942.0
89.0
76.0
77.0
44.0
47.0
55.0
48.0
77.0
72.0
70.0
57.0
50.0
45.0
42.0
31.0
115.0
102.0
86.0
85.0
14.0
74.0
51.0
37.0
36.0
30.0
67.0
10.0
5.0
4.0
3.0
17.0
6.0
5.0
4.0
4.0
20.0
6.0
4.0
4.0
3.0
10.0
5.0
4.0
6.0
5.0
10.0
5.0
4.0
4.0
5.0
77.0
80.0
35.0
13.0
2.0
49.0
71.0
8.0
8.0
3.0
84.0
21.0
8.0
13.0
4.0
53.0
15.0
14.0
8.0
2.0
37.0
15.0
4.0
3.0
2.0
11.0
3.0
3.0
3.0
4.0
6.0
4.0
4.0
4.0
2.0
5.0
5.0
2.0
4.0
3.0
8.0
3.0
4.0
3.0
2.0
5.0
5.0
2.0
4.0
2.0
131.0
124.0
122.0
204.0
151.0
142.0
127.0
174.0
201.0
162.0
133.0
127.0
123.0
118.0
78.0
137.0
129.0
121.0
201.0
123.0
110.0
113.0
99.0
97.0
42.0
108.0
62.0
4.0
4.0
4.0
51.0
6.0
4.0
4.0
4.0
44.0
4.0
3.0
4.0
3.0
11.0
5.0
4.0
5.0
4.0
10.0
5.0
4.0
4.0
4.0
124.0
169.0
111.0
84.0
72.0
145.0
121.0
98.0
42.0
43.0
127.0
97.0
71.0
33.0
3.0
128.0
73.0
41.0
41.0
3.0
91.0
35.0
28.0
2.0
2.0
62.0
4.0
3.0
3.0
3.0
6.0
3.0
3.0
3.0
3.0
6.0
3.0
3.0
2.0
2.0
4.0
3.0
3.0
3.0
3.0
5.0
3.0
3.0
3.0
3.0
394.0
337.0
377.0
379.0
379.0
388.0
382.0
368.0
345.0
349.0
355.0
362.0
360.0
356.0
363.0
359.0
365.0
357.0
369.0
300.0
367.0
346.0
331.0
330.0
279.0
341.0
299.0
246.0
243.0
240.0
287.0
245.0
242.0
243.0
244.0
276.0
245.0
242.0
244.0
249.0
257.0
251.0
250.0
250.0
250.0
9.0
5.0
3.0
3.0
3.0
363.0
364.0
353.0
327.0
308.0
357.0
349.0
305.0
278.0
270.0
356.0
331.0
305.0
279.0
243.0
360.0
308.0
278.0
277.0
241.0
344.0
277.0
263.0
243.0
240.0
304.0
247.0
251.0
251.0
251.0
253.0
250.0
247.0
249.0
250.0
265.0
263.0
261.0
260.0
2.0
264.0
262.0
3.0
2.0
2.0
5.0
3.0
2.0
2.0
2.0
377.0
373.0
370.0
378.0
351.0
362.0
358.0
352.0
354.0
350.0
361.0
357.0
352.0
356.0
326.0
366.0
359.0
349.0
350.0
307.0
363.0
342.0
329.0
330.0
276.0
350.0
304.0
250.0
252.0
252.0
293.0
252.0
249.0
251.0
250.0
277.0
246.0
245.0
242.0
244.0
248.0
242.0
242.0
242.0
241.0
9.0
4.0
4.0
3.0
3.0
355.0
356.0
344.0
315.0
307.0
352.0
349.0
306.0
277.0
268.0
356.0
331.0
306.0
278.0
242.0
367.0
314.0
288.0
286.0
250.0
351.0
291.0
276.0
250.0
252.0
298.0
243.0
243.0
242.0
243.0
247.0
244.0
244.0
243.0
240.0
246.0
243.0
242.0
242.0
2.0
244.0
243.0
3.0
2.0
2.0
5.0
3.0
3.0
3.0
2.0
362.0
355.0
355.0
349.0
354.0
361.0
358.0
354.0
351.0
357.0
371.0
368.0
358.0
359.0
336.0
399.0
387.0
380.0
379.0
326.0
383.0
368.0
355.0
354.0
301.0
340.0
301.0
246.0
243.0
243.0
288.0
249.0
246.0
244.0
241.0
275.0
245.0
248.0
244.0
243.0
248.0
248.0
244.0
241.0
244.0
9.0
4.0
3.0
3.0
3.0
354.0
355.0
345.0
320.0
305.0
364.0
360.0
315.0
283.0
275.0
364.0
339.0
314.0
287.0
250.0
355.0
307.0
281.0
279.0
243.0
344.0
280.0
266.0
243.0
243.0
297.0
244.0
243.0
243.0
239.0
247.0
242.0
242.0
242.0
243.0
246.0
243.0
245.0
240.0
2.0
244.0
243.0
2.0
3.0
2.0
4.0
3.0
3.0
2.0
2.0
370.0
363.0
361.0
358.0
363.0
369.0
362.0
362.0
360.0
358.0
362.0
357.0
352.0
349.0
330.0
368.0
355.0
353.0
350.0
307.0
366.0
343.0
331.0
331.0
279.0
340.0
294.0
243.0
243.0
243.0
295.0
253.0
252.0
252.0
250.0
285.0
254.0
252.0
250.0
250.0
249.0
244.0
244.0
264.0
265.0
10.0
5.0
3.0
3.0
3.0
376.0
380.0
364.0
337.0
327.0
383.0
376.0
329.0
278.0
266.0
358.0
330.0
308.0
278.0
243.0
358.0
306.0
278.0
284.0
244.0
349.0
277.0
266.0
242.0
240.0
296.0
244.0
242.0
242.0
242.0
246.0
242.0
240.0
243.0
242.0
253.0
251.0
252.0
252.0
2.0
253.0
250.0
3.0
2.0
3.0
5.0
3.0
2.0
2.0
3.0
371.0
360.0
364.0
359.0
353.0
361.0
359.0
354.0
352.0
352.0
360.0
356.0
355.0
349.0
331.0
366.0
362.0
352.0
350.0
308.0
371.0
354.0
341.0
338.0
287.0
350.0
306.0
250.0
251.0
252.0
287.0
246.0
243.0
243.0
242.0
274.0
246.0
245.0
244.0
242.0
248.0
244.0
244.0
240.0
242.0
9.0
4.0
3.0
3.0
3.0
353.0
356.0
343.0
319.0
306.0
356.0
351.0
307.0
275.0
266.0
365.0
338.0
312.0
279.0
243.0
365.0
315.0
287.0
286.0
251.0
375.0
287.0
267.0
242.0
265.0
322.0
266.0
266.0
270.0
263.0
274.0
273.0
273.0
254.0
251.0
249.0
251.0
255.0
252.0
3.0
259.0
251.0
3.0
2.0
2.0
5.0
4.0
2.0
2.0
3.0
361.0
354.0
353.0
360.0
354.0
362.0
367.0
363.0
366.0
359.0
364.0
361.0
352.0
357.0
337.0
375.0
370.0
360.0
360.0
315.0
374.0
350.0
339.0
338.0
279.0
340.0
295.0
243.0
245.0
242.0
290.0
245.0
246.0
242.0
243.0
276.0
247.0
243.0
240.0
243.0
249.0
246.0
244.0
243.0
243.0
9.0
4.0
4.0
3.0
3.0
357.0
356.0
341.0
317.0
307.0
364.0
360.0
314.0
291.0
274.0
362.0
340.0
315.0
286.0
253.0
362.0
308.0
279.0
280.0
242.0
344.0
281.0
266.0
245.0
240.0
300.0
244.0
244.0
242.0
243.0
246.0
245.0
239.0
242.0
242.0
246.0
242.0
249.0
243.0
3.0
243.0
249.0
2.0
3.0
3.0
5.0
3.0
2.0
2.0
3.0
2010.0
2001.0
2018.0
2013.0
2020.0
2021.0
2016.0
2028.0
1987.0
1967.0
1968.0
1965.0
1954.0
1964.0
1932.0
1969.0
1967.0
1961.0
1958.0
1904.0
2012.0
2011.0
1987.0
1979.0
1914.0
1983.0
1981.0
1883.0
1875.0
1167.0
1891.0
1839.0
1128.0
1131.0
1133.0
1873.0
1133.0
1127.0
1124.0
1125.0
1131.0
1127.0
1125.0
1127.0
1119.0
891.0
884.0
886.0
880.0
884.0
2018.0
1987.0
2003.0
1975.0
1964.0
2002.0
2019.0
1946.0
1915.0
1895.0
1957.0
1938.0
1909.0
1882.0
1850.0
1958.0
1919.0
1888.0
1882.0
1853.0
1999.0
1929.0
1906.0
1178.0
1174.0
1951.0
1896.0
1170.0
1158.0
1162.0
1851.0
1122.0
1126.0
1118.0
1121.0
1127.0
1124.0
1123.0
1126.0
886.0
1129.0
1147.0
882.0
888.0
878.0
884.0
888.0
886.0
885.0
887.0
1995.0
2020.0
2012.0
1992.0
1993.0
1983.0
1984.0
1978.0
1979.0
1988.0
1976.0
1972.0
1970.0
1960.0
1943.0
1976.0
1971.0
1966.0
1989.0
1908.0
1999.0
2009.0
1965.0
1961.0
1914.0
1959.0
1934.0
1881.0
1880.0
1181.0
1899.0
1845.0
1122.0
1124.0
1123.0
1886.0
1139.0
1129.0
1128.0
1117.0
1127.0
1128.0
1121.0
1136.0
1135.0
893.0
884.0
877.0
885.0
890.0
2023.0
1999.0
2020.0
1960.0
1977.0
2007.0
2009.0
1950.0
1919.0
1915.0
1971.0
1958.0
1931.0
1889.0
1855.0
1975.0
1932.0
1896.0
1877.0
1900.0
2008.0
1927.0
1947.0
1147.0
1124.0
1969.0
1907.0
1175.0
1170.0
1183.0
1880.0
1171.0
1196.0
1171.0
1150.0
1122.0
1132.0
1127.0
1129.0
883.0
1137.0
1132.0
881.0
890.0
885.0
887.0
884.0
890.0
887.0
888.0
1961.0
1960.0
2022.0
1998.0
2001.0
2002.0
2002.0
2020.0
2026.0
2005.0
1988.0
1992.0
1959.0
1953.0
1960.0
1964.0
1961.0
1952.0
1957.0
1909.0
1964.0
1938.0
1967.0
1963.0
1905.0
1969.0
1924.0
1868.0
1875.0
1121.0
1916.0
1912.0
1149.0
1126.0
1139.0
1930.0
1132.0
1126.0
1136.0
1127.0
1123.0
1123.0
1124.0
1117.0
1115.0
886.0
904.0
884.0
912.0
886.0
2003.0
1983.0
2033.0
1950.0
1942.0
2021.0
2009.0
1964.0
1968.0
1921.0
1993.0
1965.0
1937.0
1903.0
1879.0
1994.0
1942.0
1905.0
1923.0
1865.0
1993.0
1928.0
1954.0
1137.0
1123.0
1939.0
1905.0
1122.0
1122.0
1116.0
1906.0
1163.0
1187.0
1181.0
1171.0
1141.0
1127.0
1127.0
1134.0
895.0
1127.0
1125.0
887.0
878.0
881.0
889.0
882.0
888.0
885.0
889.0
1967.0
1959.0
1957.0
1954.0
1952.0
1967.0
1957.0
1959.0
1979.0
2063.0
1998.0
2010.0
1987.0
1995.0
1986.0
1996.0
1996.0
1977.0
1961.0
1915.0
1971.0
1950.0
1933.0
1934.0
1880.0
1950.0
1903.0
1849.0
1907.0
1125.0
1911.0
1873.0
1156.0
1163.0
1156.0
1898.0
1151.0
1156.0
1166.0
1156.0
1139.0
1128.0
1128.0
1145.0
1120.0
888.0
949.0
887.0
881.0
885.0
1957.0
1959.0
1950.0
1928.0
1915.0
1963.0
1965.0
1976.0
1893.0
1915.0
2038.0
2005.0
1983.0
1960.0
1912.0
1996.0
1954.0
1930.0
1928.0
1855.0
1943.0
1897.0
1874.0
1125.0
1125.0
1900.0
1840.0
1123.0
1129.0
1118.0
1887.0
1129.0
1166.0
1165.0
1156.0
1164.0
1167.0
1162.0
1160.0
919.0
1173.0
1123.0
881.0
884.0
884.0
889.0
890.0
886.0
888.0
883.0
1967.0
1951.0
1948.0
1950.0
1950.0
1968.0
1957.0
1964.0
1959.0
1947.0
2001.0
2005.0
1988.0
1982.0
1961.0
2007.0
1993.0
1991.0
1989.0
1938.0
1975.0
1940.0
1931.0
1926.0
1880.0
1941.0
1906.0
1857.0
1850.0
1123.0
1925.0
1875.0
1161.0
1160.0
1137.0
1909.0
1149.0
1189.0
1152.0
1153.0
1130.0
1127.0
1122.0
1125.0
1123.0
890.0
886.0
887.0
889.0
944.0
1999.0
1968.0
1953.0
1965.0
1926.0
1969.0
2000.0
1952.0
1929.0
1936.0
2010.0
1960.0
1951.0
1928.0
1886.0
2003.0
1950.0
1921.0
1916.0
1838.0
1949.0
1890.0
1870.0
1120.0
1121.0
1928.0
1852.0
1127.0
1127.0
1125.0
1930.0
1132.0
1132.0
1131.0
1157.0
1169.0
1167.0
1144.0
1143.0
920.0
1142.0
1148.0
910.0
874.0
888.0
898.0
886.0
882.0
891.0
890.0
1972.0
1971.0
1972.0
1951.0
1968.0
1980.0
1954.0
1964.0
1967.0
1968.0
1987.0
1988.0
1989.0
1989.0
1962.0
1988.0
1987.0
1996.0
2000.0
1935.0
1971.0
1957.0
1943.0
1938.0
1869.0
1940.0
1912.0
1841.0
1839.0
1126.0
1916.0
1896.0
1130.0
1134.0
1158.0
1906.0
1179.0
1176.0
1145.0
1150.0
1164.0
1221.0
1130.0
1132.0
1136.0
899.0
893.0
894.0
892.0
903.0
1996.0
1985.0
1990.0
1983.0
1910.0
1990.0
2011.0
1951.0
1881.0
1859.0
1988.0
1967.0
1961.0
1893.0
1888.0
1992.0
1942.0
1924.0
1909.0
1867.0
1970.0
1886.0
1871.0
1126.0
1123.0
1893.0
1851.0
1128.0
1119.0
1120.0
1839.0
1126.0
1170.0
1122.0
1123.0
1127.0
1124.0
1133.0
1157.0
871.0
1174.0
1158.0
933.0
933.0
924.0
926.0
914.0
926.0
910.0
884.0
1968.0
1958.0
1955.0
1958.0
1954.0
1964.0
1955.0
1961.0
1959.0
1961.0
1988.0
1978.0
1991.0
1997.0
1950.0
2005.0
1983.0
1977.0
1981.0
1933.0
1968.0
1951.0
1937.0
1934.0
1881.0
1944.0
1929.0
1850.0
1853.0
1135.0
1907.0
1879.0
1121.0
1125.0
1122.0
1910.0
1126.0
1127.0
1117.0
1126.0
1186.0
1158.0
1169.0
1186.0
1191.0
929.0
947.0
901.0
921.0
897.0
1958.0
1960.0
1948.0
1922.0
1935.0
1985.0
1968.0
1930.0
1900.0
1868.0
1979.0
1959.0
1933.0
1898.0
1893.0
2012.0
1961.0
1913.0
1922.0
1868.0
1976.0
1889.0
1905.0
1175.0
1139.0
1911.0
1837.0
1125.0
1135.0
1144.0
1846.0
1130.0
1127.0
1123.0
1121.0
1123.0
1121.0
1125.0
1123.0
886.0
1159.0
1157.0
919.0
911.0
914.0
915.0
968.0
922.0
915.0
922.0
1963.0
1957.0
1960.0
1972.0
1965.0
1963.0
1964.0
1962.0
2004.0
1962.0
2011.0
1999.0
1976.0
1993.0
1958.0
1984.0
1987.0
2012.0
1974.0
1927.0
1968.0
1955.0
1928.0
1928.0
1879.0
1938.0
1903.0
1892.0
1844.0
1163.0
1957.0
1898.0
1126.0
1131.0
1126.0
1954.0
1134.0
1122.0
1122.0
1124.0
1178.0
1182.0
1218.0
1187.0
1171.0
960.0
937.0
925.0
893.0
889.0
1963.0
1964.0
1955.0
1919.0
1909.0
1950.0
1961.0
1904.0
1873.0
1863.0
1990.0
1959.0
1966.0
1910.0
1863.0
1976.0
1960.0
1910.0
1901.0
1862.0
1954.0
1880.0
1899.0
1122.0
1126.0
1898.0
1846.0
1122.0
1122.0
1119.0
1851.0
1117.0
1133.0
1127.0
1118.0
1123.0
1125.0
1125.0
1122.0
881.0
1121.0
1151.0
875.0
919.0
932.0
917.0
916.0
914.0
916.0
911.0
2003.0
1998.0
1956.0
1963.0
1965.0
1968.0
1971.0
1959.0
1962.0
1954.0
1962.0
1959.0
1991.0
2007.0
1976.0
1999.0
2018.0
1974.0
1978.0
1930.0
1996.0
1975.0
1934.0
1938.0
1886.0
1948.0
1897.0
1846.0
1843.0
1123.0
1915.0
1881.0
1145.0
1135.0
1143.0
1928.0
1140.0
1141.0
1158.0
1138.0
1170.0
1175.0
1151.0
1169.0
1146.0
937.0
936.0
936.0
934.0
883.0
1954.0
1963.0
1944.0
1922.0
1907.0
1961.0
1956.0
1912.0
1877.0
1854.0
1974.0
1993.0
1931.0
1897.0
1885.0
2017.0
1963.0
1904.0
1922.0
1858.0
1942.0
1896.0
1872.0
1125.0
1134.0
1907.0
1854.0
1124.0
1123.0
1127.0
1850.0
1119.0
1121.0
1123.0
1117.0
1126.0
1126.0
1121.0
1126.0
890.0
1122.0
1126.0
892.0
873.0
906.0
916.0
911.0
914.0
916.0
928.0
2002.0
1981.0
1980.0
1977.0
1951.0
1983.0
1964.0
1973.0
1951.0
1975.0
1983.0
1963.0
1984.0
1956.0
1987.0
2002.0
1997.0
1995.0
1985.0
1955.0
2005.0
1957.0
1986.0
1972.0
1903.0
1994.0
1935.0
1864.0
1869.0
1133.0
1936.0
1901.0
1173.0
1134.0
1158.0
1904.0
1179.0
1130.0
1175.0
1170.0
1133.0
1149.0
1151.0
1189.0
1160.0
965.0
943.0
954.0
926.0
905.0
2012.0
1949.0
1933.0
1933.0
1925.0
1965.0
1969.0
1909.0
1885.0
1864.0
1957.0
1928.0
1905.0
1903.0
1869.0
1977.0
1949.0
1923.0
1909.0
1888.0
1964.0
1906.0
1902.0
1129.0
1124.0
1903.0
1852.0
1180.0
1135.0
1119.0
1850.0
1132.0
1129.0
1130.0
1130.0
1136.0
1129.0
1128.0
1123.0
876.0
1129.0
1121.0
885.0
882.0
882.0
885.0
885.0
886.0
886.0
883.0
1997.0
1987.0
2005.0
2006.0
1995.0
2001.0
2035.0
1993.0
1980.0
1967.0
1970.0
1961.0
1953.0
1949.0
1940.0
1965.0
1962.0
1954.0
1954.0
1932.0
2009.0
2001.0
1985.0
1990.0
1925.0
1977.0
1941.0
1877.0
1897.0
1171.0
1887.0
1856.0
1164.0
1184.0
1182.0
1985.0
1165.0
1177.0
1205.0
1186.0
1135.0
1127.0
1123.0
1126.0
1126.0
892.0
886.0
886.0
883.0
913.0
1990.0
1992.0
2015.0
1942.0
1943.0
1990.0
1978.0
1940.0
1908.0
1869.0
1957.0
1928.0
1909.0
1884.0
1845.0
2015.0
1913.0
1883.0
1883.0
1872.0
1986.0
1900.0
1905.0
1175.0
1149.0
1931.0
1870.0
1143.0
1155.0
1129.0
1867.0
1119.0
1122.0
1123.0
1125.0
1131.0
1122.0
1121.0
1123.0
888.0
1121.0
1135.0
888.0
887.0
885.0
885.0
887.0
886.0
897.0
886.0
2009.0
1998.0
1977.0
2012.0
2009.0
1994.0
2011.0
2011.0
1992.0
1993.0
1967.0
1954.0
1957.0
1952.0
1939.0
1973.0
1968.0
1956.0
1959.0
1917.0
2035.0
1976.0
2006.0
1995.0
1962.0
2016.0
1931.0
1889.0
1894.0
1188.0
1932.0
1900.0
1176.0
1161.0
1168.0
1887.0
1143.0
1125.0
1127.0
1134.0
1134.0
1131.0
1130.0
1126.0
1124.0
891.0
894.0
891.0
885.0
881.0
1982.0
1996.0
2004.0
1970.0
1978.0
1993.0
2000.0
1951.0
1920.0
1886.0
1960.0
1937.0
1910.0
1882.0
1848.0
1961.0
1915.0
1877.0
1884.0
1839.0
1998.0
1898.0
1907.0
1170.0
1174.0
1942.0
1891.0
1220.0
1174.0
1148.0
1864.0
1133.0
1133.0
1133.0
1136.0
1128.0
1122.0
1124.0
1122.0
883.0
1129.0
1110.0
882.0
863.0
853.0
881.0
856.0
880.0
867.0
859.0
