2.0
2.0
1.0
1.0
1.0
1.0
1.0
1.0
1.0
0.0
45.0
35.0
16.0
16.0
16.0
24.0
20.0
17.0
30.0
30.0
248.0
246.0
239.0
238.0
238.0
250.0
452.0
300.0
267.0
443.0
237.0
244.0
238.0
242.0
238.0
252.0
198.0
240.0
250.0
248.0
209.0
245.0
201.0
240.0
240.0
250.0
245.0
260.0
215.0
217.0
272.0
265.0
260.0
261.0
260.0
271.0
268.0
275.0
290.0
196.0
248.0
243.0
239.0
241.0
238.0
250.0
245.0
279.0
196.0
203.0
248.0
242.0
238.0
238.0
238.0
248.0
242.0
194.0
222.0
201.0
248.0
243.0
238.0
238.0
238.0
216.0
243.0
237.0
212.0
213.0
222.0
246.0
240.0
240.0
239.0
250.0
244.0
239.0
208.0
257.0
216.0
388.0
231.0
232.0
231.0
240.0
236.0
230.0
207.0
382.0
17.0
14.0
14.0
16.0
16.0
19.0
15.0
16.0
16.0
16.0
210.0
235.0
231.0
231.0
206.0
235.0
231.0
231.0
383.0
206.0
211.0
232.0
231.0
230.0
388.0
236.0
231.0
231.0
212.0
212.0
240.0
234.0
234.0
234.0
234.0
239.0
388.0
206.0
382.0
206.0
236.0
231.0
231.0
231.0
231.0
236.0
207.0
207.0
286.0
230.0
235.0
230.0
230.0
230.0
230.0
246.0
212.0
212.0
335.0
227.0
231.0
227.0
227.0
213.0
226.0
218.0
401.0
214.0
227.0
218.0
232.0
228.0
227.0
226.0
240.0
244.0
422.0
235.0
244.0
243.0
249.0
244.0
244.0
416.0
214.0
218.0
214.0
223.0
223.0
223.0
227.0
222.0
214.0
313.0
213.0
210.0
236.0
209.0
208.0
208.0
44.0
20.0
14.0
25.0
15.0
25.0
20.0
14.0
25.0
25.0
253.0
244.0
239.0
238.0
240.0
251.0
423.0
417.0
278.0
299.0
250.0
246.0
240.0
218.0
239.0
250.0
206.0
240.0
239.0
238.0
202.0
243.0
238.0
238.0
238.0
201.0
243.0
272.0
266.0
237.0
248.0
200.0
239.0
239.0
237.0
248.0
243.0
226.0
207.0
259.0
245.0
238.0
234.0
234.0
234.0
242.0
238.0
213.0
214.0
218.0
243.0
222.0
233.0
233.0
233.0
244.0
239.0
217.0
252.0
214.0
222.0
230.0
223.0
224.0
224.0
232.0
330.0
215.0
290.0
234.0
245.0
242.0
240.0
238.0
238.0
246.0
245.0
223.0
221.0
223.0
231.0
226.0
224.0
224.0
222.0
231.0
229.0
223.0
221.0
221.0
18.0
13.0
14.0
14.0
13.0
19.0
14.0
13.0
13.0
13.0
225.0
222.0
223.0
221.0
220.0
226.0
223.0
223.0
221.0
222.0
227.0
221.0
222.0
221.0
221.0
226.0
225.0
224.0
220.0
221.0
229.0
226.0
230.0
224.0
225.0
229.0
225.0
224.0
224.0
225.0
226.0
221.0
220.0
221.0
221.0
226.0
221.0
222.0
221.0
221.0
226.0
221.0
220.0
221.0
222.0
227.0
221.0
221.0
223.0
221.0
226.0
222.0
221.0
221.0
221.0
226.0
221.0
221.0
221.0
221.0
227.0
221.0
221.0
220.0
222.0
225.0
221.0
225.0
225.0
226.0
231.0
227.0
226.0
226.0
226.0
231.0
227.0
222.0
221.0
222.0
226.0
220.0
221.0
221.0
221.0
225.0
221.0
221.0
221.0
220.0
23.0
18.0
13.0
13.0
13.0
23.0
18.0
13.0
14.0
13.0
231.0
226.0
222.0
222.0
221.0
229.0
225.0
221.0
220.0
221.0
230.0
225.0
221.0
221.0
221.0
231.0
226.0
239.0
240.0
238.0
248.0
243.0
239.0
238.0
239.0
248.0
243.0
222.0
221.0
221.0
230.0
225.0
222.0
221.0
220.0
230.0
226.0
224.0
221.0
221.0
231.0
225.0
221.0
221.0
220.0
233.0
226.0
221.0
221.0
221.0
231.0
225.0
222.0
221.0
222.0
231.0
226.0
221.0
221.0
221.0
235.0
230.0
225.0
225.0
226.0
234.0
230.0
226.0
226.0
225.0
230.0
225.0
221.0
222.0
221.0
231.0
226.0
222.0
221.0
221.0
230.0
227.0
220.0
221.0
221.0
231.0
225.0
222.0
222.0
222.0
18.0
13.0
13.0
13.0
13.0
18.0
13.0
13.0
14.0
13.0
226.0
222.0
221.0
222.0
221.0
225.0
221.0
221.0
220.0
221.0
229.0
226.0
223.0
223.0
225.0
232.0
227.0
227.0
226.0
227.0
228.0
224.0
223.0
224.0
223.0
227.0
221.0
221.0
221.0
221.0
226.0
223.0
222.0
221.0
222.0
226.0
221.0
221.0
221.0
221.0
226.0
221.0
221.0
221.0
221.0
225.0
221.0
221.0
220.0
220.0
243.0
239.0
238.0
238.0
240.0
244.0
239.0
240.0
240.0
239.0
225.0
221.0
220.0
220.0
223.0
226.0
230.0
223.0
224.0
221.0
226.0
223.0
222.0
221.0
222.0
226.0
221.0
222.0
221.0
222.0
225.0
221.0
221.0
221.0
222.0
226.0
220.0
221.0
221.0
221.0
23.0
18.0
14.0
14.0
13.0
22.0
18.0
13.0
13.0
13.0
230.0
229.0
224.0
220.0
224.0
233.0
224.0
223.0
219.0
227.0
228.0
300.0
219.0
279.0
230.0
227.0
235.0
231.0
230.0
229.0
223.0
218.0
214.0
222.0
222.0
232.0
228.0
223.0
397.0
397.0
222.0
218.0
214.0
222.0
222.0
236.0
228.0
223.0
213.0
214.0
223.0
371.0
223.0
223.0
360.0
238.0
232.0
227.0
233.0
237.0
245.0
242.0
234.0
230.0
233.0
240.0
239.0
233.0
232.0
230.0
241.0
231.0
227.0
227.0
226.0
235.0
277.0
272.0
236.0
236.0
230.0
226.0
238.0
221.0
222.0
230.0
230.0
224.0
223.0
223.0
231.0
226.0
222.0
221.0
221.0
232.0
227.0
221.0
221.0
221.0
18.0
13.0
13.0
14.0
14.0
18.0
13.0
13.0
13.0
13.0
244.0
240.0
240.0
239.0
239.0
245.0
240.0
239.0
238.0
241.0
225.0
224.0
223.0
221.0
221.0
228.0
221.0
222.0
222.0
220.0
226.0
221.0
221.0
221.0
221.0
226.0
221.0
221.0
222.0
222.0
226.0
221.0
221.0
222.0
222.0
225.0
221.0
221.0
222.0
221.0
226.0
221.0
221.0
221.0
221.0
225.0
226.0
226.0
226.0
226.0
230.0
226.0
226.0
226.0
226.0
230.0
224.0
223.0
227.0
224.0
227.0
222.0
222.0
225.0
222.0
227.0
225.0
225.0
225.0
225.0
227.0
223.0
223.0
222.0
224.0
228.0
221.0
222.0
221.0
222.0
228.0
223.0
223.0
223.0
221.0
227.0
222.0
220.0
220.0
220.0
16.0
14.0
13.0
13.0
13.0
17.0
14.0
14.0
13.0
14.0
228.0
227.0
227.0
226.0
230.0
231.0
226.0
226.0
225.0
225.0
225.0
224.0
224.0
221.0
223.0
226.0
222.0
221.0
222.0
221.0
224.0
224.0
224.0
223.0
223.0
226.0
222.0
221.0
220.0
220.0
225.0
224.0
223.0
223.0
223.0
227.0
222.0
221.0
221.0
222.0
243.0
242.0
242.0
241.0
242.0
245.0
241.0
239.0
240.0
240.0
225.0
224.0
225.0
223.0
225.0
228.0
222.0
222.0
223.0
223.0
226.0
224.0
226.0
223.0
224.0
228.0
222.0
221.0
225.0
222.0
226.0
224.0
221.0
225.0
225.0
228.0
221.0
221.0
225.0
224.0
223.0
223.0
223.0
225.0
226.0
232.0
227.0
226.0
228.0
227.0
14.0
13.0
13.0
13.0
14.0
14.0
13.0
14.0
14.0
13.0
228.0
228.0
226.0
228.0
228.0
225.0
223.0
221.0
221.0
222.0
225.0
223.0
223.0
222.0
222.0
224.0
221.0
221.0
221.0
221.0
223.0
221.0
223.0
223.0
222.0
224.0
222.0
222.0
221.0
221.0
222.0
223.0
224.0
223.0
222.0
224.0
222.0
221.0
220.0
221.0
226.0
228.0
227.0
227.0
227.0
227.0
225.0
226.0
225.0
225.0
222.0
223.0
222.0
223.0
223.0
223.0
221.0
222.0
223.0
222.0
222.0
224.0
228.0
223.0
223.0
225.0
221.0
221.0
221.0
221.0
223.0
223.0
223.0
223.0
224.0
223.0
222.0
222.0
223.0
222.0
239.0
240.0
240.0
239.0
240.0
240.0
240.0
240.0
239.0
240.0
17.0
14.0
13.0
14.0
14.0
16.0
13.0
14.0
13.0
13.0
224.0
223.0
223.0
223.0
224.0
229.0
224.0
223.0
223.0
223.0
225.0
223.0
223.0
223.0
223.0
226.0
222.0
221.0
222.0
222.0
226.0
221.0
222.0
223.0
223.0
226.0
221.0
222.0
222.0
220.0
229.0
229.0
228.0
228.0
227.0
231.0
226.0
226.0
225.0
226.0
224.0
223.0
223.0
223.0
223.0
226.0
222.0
220.0
221.0
221.0
224.0
223.0
223.0
222.0
222.0
226.0
222.0
222.0
221.0
222.0
225.0
224.0
224.0
223.0
223.0
224.0
221.0
223.0
221.0
221.0
224.0
223.0
223.0
223.0
223.0
224.0
223.0
221.0
222.0
221.0
230.0
227.0
227.0
227.0
225.0
228.0
225.0
226.0
224.0
225.0
13.0
14.0
14.0
13.0
13.0
14.0
13.0
13.0
13.0
14.0
220.0
220.0
221.0
221.0
221.0
221.0
221.0
221.0
221.0
221.0
221.0
221.0
222.0
220.0
222.0
222.0
221.0
221.0
221.0
222.0
221.0
221.0
221.0
220.0
221.0
222.0
221.0
221.0
221.0
221.0
241.0
240.0
241.0
240.0
242.0
242.0
240.0
241.0
241.0
239.0
222.0
222.0
225.0
225.0
223.0
221.0
223.0
223.0
223.0
223.0
222.0
221.0
222.0
222.0
222.0
222.0
223.0
223.0
222.0
222.0
221.0
221.0
221.0
222.0
221.0
221.0
225.0
221.0
221.0
222.0
226.0
225.0
225.0
225.0
226.0
227.0
225.0
225.0
224.0
225.0
222.0
222.0
221.0
225.0
222.0
222.0
222.0
221.0
222.0
220.0
14.0
14.0
13.0
14.0
14.0
14.0
13.0
14.0
14.0
13.0
221.0
221.0
222.0
221.0
221.0
221.0
221.0
221.0
221.0
221.0
222.0
222.0
221.0
222.0
221.0
222.0
221.0
222.0
221.0
222.0
222.0
222.0
221.0
222.0
221.0
222.0
222.0
221.0
221.0
221.0
227.0
227.0
225.0
225.0
226.0
227.0
227.0
226.0
226.0
226.0
222.0
221.0
222.0
221.0
221.0
223.0
221.0
222.0
221.0
222.0
222.0
221.0
221.0
222.0
222.0
222.0
222.0
222.0
222.0
222.0
229.0
229.0
224.0
222.0
229.0
228.0
228.0
222.0
223.0
221.0
242.0
243.0
241.0
243.0
240.0
240.0
242.0
243.0
245.0
244.0
224.0
223.0
221.0
221.0
221.0
223.0
224.0
222.0
224.0
224.0
13.0
13.0
13.0
14.0
13.0
13.0
13.0
13.0
13.0
13.0
222.0
222.0
223.0
126.0
125.0
224.0
224.0
221.0
126.0
125.0
221.0
222.0
221.0
125.0
124.0
222.0
222.0
222.0
125.0
125.0
222.0
222.0
222.0
125.0
125.0
221.0
224.0
228.0
124.0
124.0
226.0
227.0
226.0
129.0
129.0
228.0
226.0
227.0
126.0
125.0
223.0
223.0
222.0
125.0
125.0
223.0
222.0
222.0
125.0
125.0
222.0
221.0
221.0
124.0
124.0
222.0
222.0
222.0
125.0
124.0
223.0
223.0
222.0
124.0
125.0
223.0
222.0
222.0
125.0
124.0
222.0
221.0
223.0
125.0
126.0
221.0
222.0
225.0
126.0
125.0
228.0
227.0
226.0
130.0
130.0
228.0
228.0
227.0
129.0
125.0
14.0
14.0
13.0
14.0
13.0
14.0
13.0
13.0
13.0
13.0
237.0
233.0
129.0
133.0
129.0
233.0
232.0
135.0
136.0
133.0
228.0
245.0
134.0
135.0
135.0
222.0
224.0
135.0
126.0
135.0
224.0
229.0
131.0
124.0
125.0
228.0
231.0
127.0
125.0
125.0
224.0
222.0
124.0
126.0
126.0
222.0
224.0
124.0
126.0
126.0
223.0
239.0
126.0
127.0
126.0
243.0
244.0
125.0
144.0
145.0
245.0
246.0
145.0
144.0
145.0
227.0
227.0
128.0
127.0
128.0
224.0
224.0
127.0
127.0
126.0
226.0
226.0
127.0
125.0
126.0
222.0
225.0
128.0
125.0
124.0
226.0
227.0
127.0
127.0
129.0
225.0
229.0
126.0
129.0
128.0
233.0
225.0
131.0
134.0
131.0
14.0
13.0
14.0
14.0
13.0
15.0
13.0
14.0
13.0
13.0
225.0
126.0
130.0
127.0
132.0
230.0
129.0
126.0
132.0
125.0
225.0
130.0
128.0
128.0
129.0
239.0
125.0
128.0
129.0
132.0
228.0
133.0
133.0
132.0
129.0
230.0
130.0
129.0
129.0
129.0
225.0
126.0
126.0
127.0
126.0
223.0
126.0
125.0
125.0
125.0
223.0
126.0
125.0
125.0
125.0
221.0
124.0
126.0
125.0
125.0
223.0
126.0
125.0
126.0
124.0
223.0
126.0
124.0
125.0
124.0
223.0
126.0
126.0
125.0
125.0
222.0
125.0
125.0
125.0
125.0
223.0
125.0
124.0
126.0
126.0
222.0
125.0
124.0
125.0
124.0
221.0
125.0
125.0
125.0
125.0
228.0
124.0
128.0
127.0
127.0
14.0
14.0
13.0
14.0
5.0
14.0
14.0
13.0
14.0
6.0
228.0
130.0
130.0
128.0
121.0
226.0
127.0
125.0
125.0
118.0
224.0
125.0
124.0
124.0
117.0
222.0
125.0
129.0
125.0
118.0
222.0
125.0
124.0
125.0
118.0
224.0
125.0
126.0
124.0
118.0
221.0
124.0
126.0
124.0
117.0
224.0
126.0
124.0
125.0
117.0
224.0
125.0
125.0
125.0
118.0
223.0
127.0
126.0
125.0
118.0
223.0
125.0
126.0
125.0
117.0
223.0
124.0
125.0
125.0
116.0
245.0
124.0
125.0
124.0
117.0
245.0
148.0
146.0
149.0
139.0
245.0
147.0
148.0
148.0
118.0
222.0
126.0
125.0
124.0
118.0
223.0
126.0
124.0
125.0
119.0
222.0
126.0
124.0
125.0
119.0
14.0
13.0
6.0
5.0
6.0
14.0
13.0
6.0
6.0
6.0
126.0
124.0
116.0
116.0
117.0
124.0
125.0
116.0
117.0
116.0
125.0
125.0
117.0
117.0
118.0
125.0
124.0
116.0
118.0
117.0
124.0
125.0
116.0
117.0
118.0
125.0
124.0
117.0
117.0
117.0
124.0
124.0
117.0
118.0
118.0
124.0
124.0
117.0
117.0
117.0
124.0
124.0
117.0
116.0
116.0
124.0
124.0
116.0
117.0
117.0
128.0
128.0
119.0
121.0
122.0
129.0
129.0
121.0
121.0
122.0
126.0
124.0
116.0
118.0
116.0
125.0
125.0
117.0
116.0
117.0
124.0
125.0
117.0
117.0
116.0
125.0
125.0
117.0
117.0
117.0
124.0
124.0
116.0
117.0
117.0
125.0
124.0
117.0
116.0
116.0
1.0
1.0
1.0
1.0
1.0
1.0
0.0
0.0
0.0
1.0
112.0
112.0
112.0
112.0
112.0
113.0
111.0
111.0
112.0
112.0
112.0
113.0
111.0
111.0
111.0
111.0
112.0
111.0
111.0
112.0
112.0
112.0
112.0
111.0
111.0
112.0
111.0
112.0
111.0
112.0
111.0
112.0
112.0
112.0
112.0
112.0
111.0
111.0
111.0
111.0
111.0
112.0
111.0
116.0
111.0
111.0
111.0
112.0
111.0
116.0
117.0
117.0
115.0
116.0
116.0
118.0
118.0
116.0
118.0
112.0
113.0
111.0
113.0
111.0
114.0
112.0
112.0
112.0
112.0
112.0
112.0
111.0
112.0
112.0
112.0
112.0
111.0
111.0
111.0
112.0
112.0
112.0
111.0
112.0
111.0
112.0
112.0
111.0
111.0
112.0
1.0
1.0
1.0
1.0
1.0
0.0
0.0
0.0
1.0
1.0
112.0
111.0
111.0
112.0
112.0
112.0
112.0
112.0
116.0
112.0
111.0
112.0
112.0
112.0
112.0
111.0
111.0
111.0
111.0
112.0
112.0
112.0
112.0
112.0
111.0
111.0
111.0
112.0
111.0
112.0
111.0
111.0
112.0
113.0
112.0
112.0
112.0
112.0
112.0
112.0
112.0
112.0
112.0
112.0
112.0
112.0
112.0
112.0
112.0
115.0
117.0
115.0
114.0
115.0
138.0
138.0
139.0
136.0
138.0
134.0
134.0
133.0
133.0
133.0
112.0
112.0
112.0
112.0
113.0
112.0
112.0
117.0
113.0
114.0
112.0
114.0
112.0
112.0
111.0
117.0
112.0
112.0
113.0
112.0
112.0
111.0
111.0
112.0
112.0
114.0
1.0
1.0
0.0
1.0
0.0
1.0
1.0
0.0
1.0
1.0
112.0
111.0
114.0
112.0
111.0
112.0
113.0
113.0
111.0
114.0
112.0
112.0
112.0
112.0
113.0
112.0
111.0
113.0
111.0
113.0
112.0
113.0
113.0
111.0
112.0
111.0
112.0
112.0
111.0
113.0
112.0
112.0
112.0
113.0
113.0
112.0
111.0
111.0
112.0
112.0
116.0
112.0
113.0
112.0
112.0
112.0
112.0
111.0
112.0
112.0
114.0
115.0
114.0
116.0
116.0
116.0
115.0
116.0
117.0
117.0
114.0
113.0
114.0
113.0
114.0
112.0
112.0
112.0
113.0
113.0
112.0
113.0
113.0
113.0
112.0
113.0
113.0
113.0
113.0
113.0
113.0
113.0
113.0
112.0
113.0
112.0
112.0
111.0
113.0
113.0
1.0
0.0
1.0
1.0
0.0
0.0
1.0
1.0
0.0
0.0
112.0
113.0
113.0
111.0
112.0
112.0
112.0
112.0
113.0
113.0
111.0
112.0
112.0
112.0
112.0
112.0
111.0
111.0
112.0
112.0
112.0
111.0
113.0
113.0
112.0
112.0
111.0
111.0
113.0
113.0
113.0
111.0
112.0
112.0
113.0
112.0
112.0
112.0
112.0
112.0
112.0
112.0
113.0
113.0
112.0
111.0
112.0
111.0
113.0
116.0
116.0
115.0
116.0
116.0
116.0
116.0
115.0
116.0
116.0
114.0
112.0
112.0
113.0
113.0
113.0
112.0
111.0
111.0
113.0
112.0
111.0
111.0
113.0
112.0
112.0
112.0
111.0
111.0
112.0
113.0
112.0
112.0
112.0
113.0
113.0
110.0
110.0
110.0
108.0
101.0
