2.0
1.0
1.0
1.0
1.0
1.0
0.0
0.0
1.0
1.0
22.0
22.0
22.0
1.0
2.0
2.0
1.0
1.0
2.0
1.0
2.0
2.0
2.0
1.0
2.0
1.0
2.0
1.0
1.0
1.0
331.0
227.0
226.0
227.0
229.0
214.0
406.0
226.0
406.0
331.0
185.0
228.0
227.0
228.0
227.0
227.0
227.0
193.0
188.0
256.0
249.0
228.0
229.0
228.0
228.0
227.0
192.0
227.0
197.0
196.0
227.0
227.0
228.0
228.0
228.0
229.0
197.0
200.0
232.0
204.0
232.0
232.0
232.0
233.0
233.0
232.0
204.0
207.0
228.0
196.0
198.0
228.0
228.0
228.0
228.0
228.0
229.0
198.0
227.0
196.0
196.0
228.0
228.0
228.0
228.0
227.0
227.0
198.0
199.0
221.0
203.0
215.0
208.0
215.0
215.0
215.0
212.0
215.0
212.0
212.0
212.0
211.0
217.0
218.0
219.0
216.0
219.0
218.0
220.0
218.0
219.0
219.0
213.0
212.0
213.0
211.0
212.0
213.0
211.0
210.0
210.0
212.0
210.0
210.0
211.0
211.0
211.0
211.0
212.0
211.0
211.0
212.0
210.0
211.0
211.0
213.0
214.0
214.0
213.0
210.0
211.0
211.0
211.0
210.0
210.0
212.0
211.0
212.0
212.0
211.0
210.0
243.0
243.0
243.0
242.0
243.0
243.0
243.0
243.0
242.0
243.0
210.0
211.0
211.0
211.0
211.0
212.0
211.0
212.0
209.0
211.0
209.0
212.0
210.0
211.0
212.0
211.0
212.0
211.0
211.0
211.0
211.0
211.0
210.0
210.0
211.0
211.0
211.0
212.0
210.0
211.0
208.0
211.0
206.0
206.0
210.0
211.0
210.0
204.0
195.0
2.0
2.0
2.0
2.0
1.0
1.0
1.0
1.0
1.0
1.0
1.0
1.0
1.0
1.0
1.0
2.0
1.0
1.0
1.0
1.0
1.0
1.0
1.0
1.0
1.0
1.0
1.0
1.0
1.0
1.0
1.0
1.0
1.0
1.0
1.0
1.0
1.0
1.0
1.0
1.0
1.0
1.0
1.0
1.0
1.0
2.0
0.0
1.0
1.0
1.0
1.0
1.0
1.0
1.0
1.0
1.0
1.0
1.0
1.0
1.0
2.0
2.0
1.0
1.0
1.0
1.0
1.0
1.0
1.0
1.0
0.0
1.0
1.0
1.0
1.0
1.0
1.0
1.0
1.0
1.0
1.0
1.0
1.0
1.0
1.0
1.0
1.0
1.0
1.0
1.0
1.0
1.0
1.0
1.0
1.0
1.0
1.0
1.0
1.0
1.0
1.0
1.0
1.0
1.0
1.0
2.0
2.0
1.0
1.0
1.0
1.0
1.0
1.0
1.0
1.0
1.0
1.0
1.0
1.0
1.0
1.0
1.0
1.0
1.0
1.0
2.0
1.0
1.0
1.0
1.0
1.0
2.0
2.0
1.0
0.0
1.0
1.0
1.0
1.0
1.0
1.0
1.0
1.0
1.0
1.0
1.0
1.0
1.0
1.0
1.0
1.0
1.0
1.0
1.0
1.0
2.0
1.0
1.0
1.0
1.0
1.0
1.0
1.0
1.0
1.0
1.0
1.0
1.0
1.0
1.0
1.0
1.0
1.0
1.0
1.0
1.0
1.0
1.0
0.0
1.0
1.0
1.0
1.0
1.0
1.0
1.0
1.0
0.0
0.0
1.0
1.0
1.0
1.0
1.0
1.0
2.0
1.0
0.0
0.0
1.0
227.0
227.0
228.0
209.0
226.0
227.0
306.0
306.0
146.0
146.0
356.0
356.0
183.0
225.0
227.0
209.0
225.0
226.0
81.0
81.0
226.0
227.0
184.0
185.0
226.0
226.0
226.0
226.0
81.0
81.0
195.0
196.0
226.0
225.0
224.0
198.0
219.0
228.0
81.0
81.0
225.0
226.0
210.0
211.0
222.0
210.0
222.0
221.0
72.0
78.0
210.0
208.0
211.0
211.0
210.0
210.0
211.0
209.0
75.0
75.0
210.0
210.0
210.0
210.0
211.0
210.0
211.0
211.0
76.0
76.0
211.0
209.0
211.0
211.0
211.0
212.0
210.0
75.0
75.0
75.0
212.0
210.0
210.0
210.0
210.0
210.0
210.0
211.0
75.0
75.0
217.0
218.0
217.0
217.0
217.0
218.0
216.0
76.0
76.0
81.0
218.0
218.0
211.0
211.0
212.0
211.0
213.0
210.0
76.0
76.0
211.0
211.0
212.0
212.0
210.0
210.0
209.0
210.0
76.0
76.0
210.0
211.0
210.0
210.0
211.0
210.0
210.0
210.0
76.0
75.0
210.0
211.0
209.0
210.0
211.0
211.0
210.0
210.0
76.0
75.0
211.0
210.0
210.0
210.0
210.0
210.0
215.0
215.0
75.0
75.0
236.0
236.0
236.0
235.0
236.0
237.0
236.0
237.0
96.0
96.0
210.0
212.0
212.0
211.0
211.0
211.0
210.0
210.0
76.0
76.0
210.0
211.0
211.0
210.0
212.0
212.0
210.0
75.0
76.0
75.0
210.0
209.0
211.0
211.0
210.0
210.0
210.0
210.0
76.0
75.0
211.0
210.0
210.0
211.0
211.0
210.0
211.0
75.0
75.0
76.0
211.0
211.0
211.0
212.0
216.0
216.0
216.0
216.0
75.0
76.0
217.0
217.0
217.0
217.0
217.0
218.0
210.0
213.0
75.0
76.0
210.0
210.0
211.0
211.0
210.0
211.0
211.0
210.0
75.0
75.0
210.0
210.0
211.0
210.0
210.0
211.0
209.0
211.0
76.0
76.0
211.0
210.0
211.0
210.0
210.0
210.0
211.0
210.0
76.0
75.0
210.0
211.0
210.0
211.0
210.0
210.0
211.0
210.0
75.0
76.0
219.0
219.0
216.0
219.0
220.0
219.0
217.0
216.0
81.0
81.0
210.0
210.0
210.0
210.0
211.0
210.0
210.0
75.0
75.0
75.0
211.0
210.0
211.0
211.0
211.0
210.0
210.0
209.0
76.0
76.0
211.0
210.0
212.0
211.0
210.0
211.0
209.0
76.0
76.0
74.0
211.0
211.0
211.0
211.0
211.0
211.0
211.0
210.0
75.0
76.0
211.0
210.0
212.0
210.0
229.0
230.0
230.0
229.0
75.0
75.0
231.0
230.0
229.0
230.0
231.0
231.0
211.0
210.0
76.0
76.0
211.0
211.0
210.0
210.0
211.0
210.0
211.0
210.0
75.0
75.0
211.0
211.0
211.0
211.0
211.0
212.0
210.0
210.0
75.0
76.0
211.0
211.0
210.0
211.0
211.0
211.0
210.0
211.0
76.0
75.0
210.0
211.0
211.0
211.0
210.0
211.0
210.0
210.0
75.0
75.0
217.0
217.0
217.0
217.0
218.0
217.0
217.0
82.0
83.0
83.0
212.0
211.0
211.0
210.0
211.0
211.0
210.0
211.0
76.0
75.0
211.0
210.0
212.0
211.0
211.0
211.0
210.0
75.0
75.0
75.0
211.0
212.0
213.0
211.0
211.0
211.0
211.0
210.0
75.0
75.0
210.0
211.0
210.0
210.0
211.0
211.0
211.0
210.0
76.0
76.0
211.0
211.0
215.0
216.0
217.0
217.0
217.0
217.0
75.0
76.0
218.0
218.0
218.0
217.0
213.0
212.0
211.0
211.0
76.0
76.0
211.0
211.0
211.0
211.0
211.0
211.0
211.0
211.0
75.0
76.0
211.0
211.0
210.0
211.0
212.0
211.0
210.0
210.0
76.0
75.0
210.0
211.0
210.0
210.0
211.0
211.0
211.0
210.0
75.0
75.0
211.0
210.0
210.0
211.0
211.0
211.0
210.0
76.0
76.0
76.0
232.0
230.0
231.0
231.0
231.0
232.0
231.0
230.0
95.0
97.0
211.0
211.0
211.0
212.0
211.0
212.0
211.0
75.0
75.0
75.0
212.0
214.0
213.0
211.0
211.0
212.0
211.0
211.0
76.0
76.0
211.0
210.0
212.0
212.0
213.0
212.0
211.0
210.0
76.0
76.0
211.0
211.0
211.0
211.0
210.0
210.0
211.0
211.0
75.0
76.0
211.0
211.0
210.0
217.0
218.0
218.0
219.0
219.0
76.0
75.0
217.0
218.0
218.0
217.0
218.0
212.0
211.0
211.0
75.0
75.0
211.0
213.0
214.0
211.0
211.0
212.0
212.0
210.0
76.0
76.0
210.0
210.0
211.0
210.0
211.0
210.0
210.0
209.0
75.0
75.0
212.0
211.0
211.0
210.0
209.0
211.0
209.0
75.0
76.0
76.0
210.0
210.0
211.0
211.0
209.0
209.0
210.0
209.0
75.0
75.0
218.0
218.0
218.0
218.0
219.0
219.0
217.0
83.0
83.0
83.0
211.0
211.0
211.0
210.0
211.0
210.0
210.0
211.0
75.0
75.0
211.0
211.0
210.0
211.0
210.0
210.0
210.0
209.0
75.0
75.0
210.0
211.0
211.0
210.0
210.0
211.0
211.0
211.0
75.0
76.0
211.0
211.0
211.0
212.0
211.0
211.0
210.0
210.0
76.0
76.0
211.0
235.0
236.0
235.0
235.0
235.0
235.0
235.0
77.0
76.0
234.0
234.0
235.0
211.0
211.0
211.0
210.0
210.0
76.0
76.0
212.0
212.0
212.0
210.0
211.0
223.0
211.0
211.0
76.0
76.0
211.0
211.0
211.0
211.0
210.0
211.0
211.0
75.0
75.0
75.0
211.0
210.0
211.0
210.0
210.0
212.0
210.0
210.0
76.0
76.0
211.0
210.0
211.0
212.0
210.0
211.0
211.0
76.0
76.0
76.0
219.0
218.0
218.0
219.0
218.0
218.0
218.0
218.0
82.0
82.0
211.0
212.0
211.0
212.0
212.0
210.0
210.0
210.0
76.0
75.0
211.0
211.0
212.0
211.0
211.0
210.0
210.0
210.0
76.0
75.0
213.0
213.0
213.0
210.0
210.0
211.0
211.0
210.0
76.0
76.0
210.0
210.0
212.0
213.0
213.0
213.0
211.0
214.0
75.0
76.0
219.0
224.0
224.0
228.0
227.0
230.0
230.0
221.0
81.0
81.0
218.0
226.0
220.0
221.0
215.0
222.0
223.0
223.0
77.0
80.0
216.0
215.0
222.0
223.0
216.0
214.0
214.0
79.0
80.0
79.0
216.0
215.0
212.0
212.0
213.0
216.0
212.0
209.0
75.0
75.0
211.0
212.0
211.0
214.0
210.0
210.0
212.0
75.0
76.0
76.0
213.0
211.0
211.0
211.0
215.0
210.0
215.0
214.0
75.0
76.0
233.0
231.0
232.0
231.0
231.0
232.0
231.0
230.0
92.0
93.0
211.0
212.0
211.0
211.0
213.0
211.0
211.0
211.0
76.0
76.0
211.0
211.0
211.0
214.0
212.0
211.0
212.0
211.0
75.0
76.0
211.0
210.0
212.0
210.0
210.0
213.0
215.0
211.0
76.0
76.0
214.0
213.0
210.0
213.0
212.0
210.0
210.0
213.0
75.0
75.0
216.0
217.0
221.0
217.0
218.0
219.0
218.0
219.0
76.0
81.0
217.0
213.0
218.0
212.0
213.0
212.0
211.0
77.0
75.0
75.0
211.0
211.0
212.0
212.0
212.0
212.0
215.0
211.0
75.0
77.0
214.0
211.0
212.0
211.0
211.0
211.0
210.0
75.0
76.0
75.0
212.0
212.0
212.0
212.0
212.0
210.0
211.0
212.0
76.0
76.0
211.0
210.0
211.0
211.0
211.0
211.0
211.0
210.0
75.0
75.0
219.0
218.0
219.0
218.0
218.0
219.0
217.0
218.0
83.0
83.0
211.0
210.0
210.0
212.0
211.0
211.0
212.0
210.0
76.0
76.0
212.0
211.0
212.0
210.0
211.0
212.0
211.0
210.0
76.0
75.0
212.0
211.0
211.0
211.0
211.0
210.0
209.0
210.0
75.0
76.0
211.0
210.0
211.0
211.0
211.0
210.0
210.0
210.0
75.0
76.0
234.0
234.0
234.0
234.0
234.0
235.0
234.0
76.0
75.0
75.0
233.0
235.0
235.0
211.0
210.0
210.0
210.0
211.0
75.0
75.0
211.0
210.0
211.0
211.0
210.0
210.0
210.0
75.0
76.0
75.0
212.0
211.0
214.0
212.0
210.0
210.0
211.0
210.0
76.0
75.0
210.0
211.0
210.0
210.0
211.0
211.0
211.0
211.0
76.0
75.0
211.0
211.0
210.0
211.0
211.0
211.0
211.0
210.0
75.0
76.0
217.0
217.0
217.0
217.0
218.0
218.0
216.0
217.0
82.0
81.0
211.0
212.0
210.0
211.0
211.0
212.0
210.0
210.0
76.0
75.0
211.0
210.0
212.0
210.0
211.0
211.0
210.0
210.0
75.0
76.0
210.0
210.0
210.0
210.0
211.0
211.0
211.0
210.0
76.0
75.0
210.0
211.0
212.0
211.0
211.0
210.0
213.0
76.0
75.0
75.0
212.0
215.0
218.0
218.0
216.0
218.0
217.0
219.0
76.0
75.0
218.0
220.0
217.0
214.0
213.0
211.0
211.0
76.0
76.0
76.0
211.0
214.0
212.0
212.0
213.0
212.0
214.0
214.0
76.0
77.0
211.0
210.0
212.0
211.0
211.0
211.0
212.0
213.0
77.0
77.0
215.0
214.0
212.0
213.0
212.0
213.0
211.0
211.0
75.0
75.0
212.0
213.0
211.0
212.0
212.0
211.0
210.0
232.0
75.0
75.0
231.0
232.0
231.0
232.0
233.0
231.0
233.0
231.0
96.0
76.0
211.0
210.0
210.0
210.0
210.0
210.0
210.0
210.0
75.0
75.0
211.0
210.0
210.0
211.0
209.0
210.0
211.0
210.0
75.0
75.0
210.0
211.0
212.0
211.0
212.0
211.0
216.0
76.0
75.0
75.0
213.0
211.0
211.0
210.0
210.0
212.0
212.0
211.0
75.0
76.0
217.0
217.0
222.0
218.0
217.0
217.0
219.0
76.0
76.0
76.0
218.0
218.0
217.0
211.0
212.0
211.0
211.0
210.0
75.0
76.0
211.0
210.0
211.0
211.0
210.0
211.0
210.0
210.0
76.0
78.0
210.0
211.0
211.0
211.0
211.0
212.0
209.0
210.0
75.0
75.0
210.0
211.0
213.0
211.0
212.0
215.0
211.0
210.0
75.0
77.0
210.0
212.0
211.0
217.0
211.0
211.0
214.0
215.0
75.0
75.0
216.0
217.0
216.0
217.0
215.0
216.0
215.0
216.0
76.0
76.0
211.0
210.0
211.0
210.0
209.0
211.0
210.0
210.0
75.0
75.0
210.0
211.0
211.0
211.0
211.0
210.0
210.0
75.0
75.0
76.0
211.0
210.0
211.0
211.0
211.0
211.0
210.0
211.0
75.0
75.0
211.0
211.0
211.0
211.0
210.0
210.0
211.0
75.0
75.0
76.0
233.0
232.0
231.0
232.0
231.0
232.0
231.0
231.0
96.0
96.0
211.0
212.0
210.0
211.0
211.0
210.0
209.0
211.0
75.0
75.0
210.0
210.0
213.0
211.0
211.0
211.0
211.0
213.0
75.0
75.0
210.0
219.0
211.0
211.0
212.0
213.0
213.0
212.0
75.0
76.0
213.0
213.0
213.0
213.0
211.0
210.0
213.0
212.0
76.0
75.0
212.0
212.0
214.0
213.0
212.0
217.0
218.0
217.0
75.0
75.0
218.0
218.0
217.0
218.0
219.0
218.0
217.0
211.0
76.0
76.0
210.0
212.0
211.0
213.0
210.0
210.0
211.0
76.0
76.0
76.0
212.0
210.0
211.0
211.0
210.0
211.0
210.0
211.0
77.0
75.0
211.0
211.0
211.0
210.0
211.0
212.0
210.0
75.0
76.0
75.0
212.0
213.0
212.0
211.0
212.0
211.0
211.0
213.0
76.0
76.0
218.0
219.0
218.0
217.0
217.0
219.0
218.0
217.0
76.0
81.0
218.0
211.0
211.0
210.0
211.0
211.0
210.0
211.0
76.0
75.0
210.0
210.0
209.0
211.0
210.0
210.0
212.0
211.0
75.0
75.0
210.0
210.0
210.0
212.0
209.0
210.0
209.0
209.0
75.0
75.0
210.0
211.0
210.0
210.0
209.0
210.0
209.0
210.0
75.0
75.0
209.0
210.0
237.0
236.0
235.0
236.0
238.0
235.0
75.0
74.0
236.0
240.0
236.0
236.0
210.0
211.0
211.0
75.0
76.0
75.0
210.0
212.0
214.0
211.0
210.0
210.0
210.0
211.0
75.0
76.0
210.0
210.0
210.0
211.0
210.0
210.0
210.0
75.0
75.0
75.0
211.0
211.0
211.0
211.0
210.0
211.0
210.0
211.0
75.0
76.0
210.0
210.0
211.0
210.0
210.0
211.0
211.0
210.0
75.0
75.0
218.0
218.0
217.0
218.0
217.0
217.0
217.0
217.0
79.0
80.0
213.0
212.0
211.0
211.0
211.0
210.0
211.0
210.0
76.0
76.0
210.0
211.0
211.0
210.0
211.0
211.0
210.0
211.0
75.0
75.0
211.0
211.0
211.0
211.0
212.0
210.0
211.0
210.0
75.0
75.0
210.0
221.0
221.0
219.0
228.0
230.0
223.0
223.0
75.0
75.0
233.0
230.0
228.0
230.0
240.0
236.0
227.0
81.0
81.0
80.0
229.0
228.0
231.0
228.0
226.0
225.0
225.0
229.0
79.0
81.0
221.0
227.0
225.0
229.0
229.0
222.0
222.0
80.0
81.0
79.0
229.0
232.0
221.0
223.0
226.0
228.0
227.0
230.0
80.0
79.0
224.0
223.0
227.0
218.0
223.0
220.0
214.0
214.0
75.0
75.0
213.0
213.0
220.0
222.0
227.0
219.0
223.0
227.0
78.0
75.0
241.0
242.0
243.0
243.0
248.0
250.0
258.0
244.0
104.0
103.0
214.0
212.0
222.0
221.0
216.0
221.0
222.0
220.0
75.0
79.0
224.0
219.0
206.0
206.0
206.0
220.0
219.0
220.0
78.0
78.0
219.0
219.0
221.0
210.0
208.0
219.0
211.0
219.0
79.0
79.0
220.0
221.0
221.0
220.0
219.0
217.0
222.0
79.0
80.0
79.0
223.0
223.0
225.0
224.0
225.0
225.0
214.0
215.0
78.0
75.0
217.0
218.0
216.0
216.0
215.0
214.0
215.0
77.0
77.0
76.0
216.0
213.0
213.0
210.0
212.0
212.0
214.0
214.0
76.0
75.0
213.0
213.0
214.0
215.0
214.0
215.0
216.0
212.0
76.0
76.0
216.0
216.0
218.0
218.0
220.0
227.0
216.0
216.0
79.0
79.0
218.0
219.0
220.0
218.0
219.0
223.0
217.0
223.0
76.0
75.0
216.0
218.0
218.0
220.0
219.0
219.0
218.0
213.0
76.0
75.0
214.0
212.0
211.0
212.0
211.0
212.0
211.0
212.0
75.0
75.0
215.0
214.0
214.0
213.0
213.0
213.0
212.0
212.0
76.0
76.0
212.0
213.0
212.0
212.0
210.0
211.0
210.0
75.0
76.0
76.0
210.0
214.0
212.0
212.0
211.0
211.0
212.0
210.0
75.0
76.0
217.0
215.0
215.0
213.0
213.0
211.0
206.0
78.0
80.0
80.0
