2.0
2.0
2.0
2.0
2.0
3.0
3.0
2.0
2.0
2.0
23.0
23.0
22.0
22.0
13.0
22.0
22.0
13.0
13.0
2.0
22.0
22.0
22.0
22.0
12.0
22.0
22.0
12.0
13.0
2.0
22.0
22.0
23.0
22.0
13.0
22.0
22.0
13.0
13.0
2.0
22.0
22.0
23.0
22.0
13.0
22.0
22.0
12.0
13.0
2.0
23.0
22.0
22.0
22.0
13.0
22.0
22.0
13.0
13.0
2.0
22.0
22.0
22.0
22.0
13.0
22.0
23.0
12.0
13.0
2.0
22.0
22.0
23.0
22.0
13.0
23.0
22.0
12.0
13.0
2.0
22.0
23.0
22.0
22.0
13.0
22.0
22.0
13.0
12.0
2.0
22.0
22.0
22.0
22.0
13.0
22.0
22.0
13.0
13.0
2.0
1922.0
1920.0
1920.0
1920.0
1910.0
1921.0
1919.0
1910.0
1909.0
1900.0
1943.0
1944.0
1944.0
1947.0
1935.0
1943.0
1946.0
1935.0
1933.0
1922.0
1921.0
1919.0
1920.0
1920.0
1910.0
1918.0
1918.0
1909.0
1909.0
1899.0
1918.0
1917.0
1917.0
1917.0
1909.0
1918.0
1918.0
1907.0
1907.0
1897.0
1915.0
1918.0
1917.0
1916.0
1908.0
1916.0
1915.0
1907.0
1907.0
1899.0
1939.0
1940.0
1937.0
1938.0
1930.0
1938.0
1939.0
1930.0
1929.0
1919.0
1926.0
1926.0
1926.0
1926.0
1917.0
1925.0
1928.0
1917.0
1917.0
1907.0
1920.0
1919.0
1918.0
1918.0
1911.0
1918.0
1918.0
1909.0
1909.0
1904.0
1922.0
1918.0
1916.0
1918.0
1908.0
1917.0
1917.0
1908.0
1907.0
1898.0
1945.0
1947.0
1949.0
1945.0
1939.0
1946.0
1946.0
1938.0
1943.0
1929.0
1923.0
1919.0
1917.0
1918.0
1910.0
1919.0
1919.0
1909.0
1910.0
1900.0
23.0
22.0
22.0
23.0
13.0
23.0
23.0
13.0
12.0
1.0
22.0
22.0
23.0
23.0
13.0
23.0
23.0
12.0
13.0
2.0
22.0
23.0
22.0
22.0
13.0
22.0
22.0
12.0
12.0
1.0
22.0
22.0
21.0
22.0
2.0
22.0
22.0
2.0
2.0
1.0
22.0
21.0
21.0
22.0
2.0
22.0
22.0
1.0
2.0
2.0
22.0
22.0
22.0
21.0
1.0
22.0
21.0
2.0
1.0
1.0
22.0
2.0
2.0
2.0
2.0
2.0
2.0
1.0
2.0
2.0
3.0
2.0
2.0
1.0
1.0
2.0
1.0
1.0
1.0
2.0
3.0
2.0
2.0
1.0
1.0
2.0
1.0
1.0
2.0
2.0
2.0
2.0
2.0
2.0
2.0
2.0
2.0
2.0
2.0
2.0
22.0
22.0
22.0
22.0
12.0
22.0
22.0
12.0
12.0
2.0
22.0
22.0
22.0
22.0
12.0
22.0
22.0
13.0
12.0
2.0
22.0
22.0
22.0
21.0
12.0
22.0
21.0
12.0
12.0
2.0
22.0
22.0
22.0
22.0
2.0
22.0
22.0
2.0
2.0
2.0
23.0
22.0
22.0
21.0
1.0
22.0
22.0
2.0
1.0
2.0
23.0
21.0
22.0
21.0
1.0
22.0
22.0
1.0
2.0
2.0
22.0
2.0
2.0
2.0
1.0
2.0
2.0
2.0
1.0
1.0
2.0
2.0
2.0
2.0
1.0
2.0
2.0
1.0
2.0
2.0
2.0
2.0
2.0
2.0
2.0
2.0
2.0
1.0
2.0
2.0
2.0
1.0
2.0
2.0
2.0
2.0
2.0
1.0
1.0
1.0
22.0
22.0
22.0
22.0
12.0
22.0
22.0
13.0
13.0
2.0
22.0
22.0
21.0
21.0
12.0
22.0
22.0
12.0
12.0
2.0
22.0
22.0
22.0
22.0
12.0
22.0
22.0
13.0
12.0
1.0
22.0
22.0
22.0
21.0
2.0
22.0
22.0
2.0
2.0
2.0
22.0
22.0
22.0
22.0
2.0
22.0
22.0
2.0
2.0
2.0
22.0
22.0
22.0
21.0
2.0
21.0
21.0
1.0
2.0
2.0
22.0
2.0
2.0
2.0
1.0
2.0
2.0
2.0
1.0
1.0
2.0
2.0
2.0
2.0
1.0
2.0
2.0
2.0
2.0
2.0
2.0
1.0
2.0
2.0
2.0
2.0
2.0
1.0
2.0
2.0
1.0
2.0
2.0
2.0
2.0
1.0
1.0
2.0
2.0
1.0
22.0
22.0
22.0
22.0
12.0
21.0
22.0
13.0
12.0
2.0
22.0
22.0
22.0
21.0
12.0
22.0
22.0
12.0
13.0
2.0
22.0
22.0
22.0
22.0
12.0
22.0
22.0
13.0
12.0
1.0
22.0
22.0
22.0
21.0
1.0
22.0
21.0
2.0
2.0
1.0
22.0
21.0
21.0
22.0
2.0
22.0
21.0
2.0
2.0
1.0
22.0
22.0
22.0
22.0
2.0
22.0
22.0
2.0
2.0
2.0
22.0
2.0
1.0
2.0
2.0
2.0
1.0
2.0
2.0
2.0
2.0
2.0
2.0
2.0
2.0
2.0
2.0
2.0
2.0
2.0
2.0
2.0
2.0
2.0
1.0
2.0
2.0
2.0
1.0
1.0
2.0
2.0
2.0
2.0
2.0
2.0
2.0
2.0
2.0
2.0
22.0
21.0
22.0
21.0
13.0
22.0
22.0
12.0
12.0
1.0
23.0
22.0
22.0
22.0
13.0
22.0
21.0
12.0
13.0
1.0
22.0
21.0
21.0
22.0
12.0
21.0
22.0
12.0
13.0
2.0
22.0
22.0
22.0
22.0
2.0
22.0
21.0
1.0
1.0
2.0
22.0
22.0
22.0
22.0
2.0
22.0
21.0
2.0
2.0
1.0
22.0
22.0
22.0
22.0
2.0
22.0
22.0
2.0
1.0
1.0
22.0
2.0
2.0
2.0
2.0
2.0
2.0
1.0
2.0
2.0
3.0
2.0
2.0
2.0
2.0
2.0
1.0
2.0
1.0
1.0
2.0
2.0
2.0
1.0
2.0
2.0
2.0
2.0
2.0
2.0
2.0
2.0
2.0
1.0
1.0
2.0
2.0
2.0
2.0
2.0
22.0
22.0
22.0
22.0
12.0
22.0
21.0
12.0
12.0
2.0
22.0
22.0
22.0
22.0
13.0
22.0
22.0
13.0
12.0
1.0
23.0
22.0
22.0
22.0
13.0
23.0
22.0
12.0
13.0
2.0
23.0
22.0
22.0
22.0
1.0
23.0
22.0
2.0
2.0
1.0
23.0
22.0
22.0
22.0
1.0
22.0
22.0
2.0
1.0
2.0
23.0
22.0
22.0
22.0
2.0
22.0
22.0
2.0
1.0
1.0
23.0
2.0
2.0
2.0
2.0
2.0
2.0
2.0
1.0
1.0
2.0
2.0
2.0
2.0
2.0
2.0
2.0
2.0
2.0
2.0
2.0
2.0
2.0
2.0
2.0
2.0
2.0
2.0
2.0
2.0
2.0
1.0
2.0
2.0
2.0
1.0
1.0
2.0
2.0
2.0
22.0
22.0
22.0
22.0
13.0
23.0
22.0
12.0
12.0
1.0
23.0
22.0
22.0
22.0
12.0
22.0
22.0
12.0
12.0
2.0
22.0
22.0
22.0
22.0
12.0
22.0
22.0
13.0
12.0
1.0
22.0
22.0
22.0
21.0
1.0
22.0
21.0
2.0
2.0
1.0
22.0
21.0
21.0
21.0
2.0
21.0
22.0
2.0
2.0
2.0
22.0
22.0
21.0
22.0
2.0
22.0
22.0
2.0
1.0
2.0
22.0
2.0
1.0
2.0
2.0
2.0
1.0
2.0
2.0
2.0
2.0
2.0
2.0
2.0
2.0
2.0
2.0
2.0
2.0
2.0
2.0
2.0
2.0
2.0
1.0
2.0
2.0
2.0
1.0
1.0
2.0
2.0
1.0
2.0
2.0
2.0
2.0
2.0
2.0
2.0
22.0
22.0
21.0
21.0
13.0
22.0
22.0
12.0
12.0
2.0
22.0
21.0
22.0
22.0
13.0
22.0
22.0
13.0
12.0
1.0
23.0
22.0
21.0
22.0
13.0
22.0
22.0
12.0
13.0
2.0
23.0
22.0
22.0
23.0
2.0
23.0
23.0
1.0
1.0
1.0
23.0
23.0
23.0
23.0
1.0
23.0
23.0
1.0
2.0
2.0
23.0
23.0
23.0
23.0
2.0
23.0
23.0
2.0
2.0
2.0
22.0
2.0
2.0
1.0
2.0
2.0
2.0
2.0
2.0
2.0
2.0
2.0
2.0
2.0
1.0
2.0
2.0
1.0
2.0
1.0
2.0
2.0
2.0
2.0
2.0
2.0
2.0
2.0
2.0
2.0
2.0
2.0
2.0
1.0
1.0
2.0
2.0
2.0
2.0
2.0
22.0
22.0
23.0
23.0
13.0
22.0
22.0
12.0
12.0
2.0
23.0
22.0
22.0
22.0
12.0
22.0
22.0
12.0
13.0
2.0
22.0
22.0
22.0
22.0
12.0
22.0
22.0
13.0
12.0
1.0
43.0
42.0
42.0
41.0
2.0
42.0
42.0
2.0
2.0
2.0
42.0
41.0
42.0
41.0
2.0
22.0
22.0
1.0
1.0
2.0
22.0
22.0
22.0
22.0
2.0
23.0
22.0
2.0
2.0
2.0
22.0
2.0
1.0
2.0
2.0
2.0
2.0
2.0
1.0
2.0
2.0
2.0
3.0
2.0
2.0
2.0
2.0
2.0
1.0
1.0
2.0
2.0
2.0
2.0
2.0
2.0
2.0
2.0
2.0
2.0
2.0
2.0
2.0
1.0
1.0
2.0
2.0
2.0
2.0
2.0
1935.0
1935.0
1936.0
1934.0
1925.0
1935.0
1935.0
1928.0
1927.0
1914.0
1942.0
1943.0
1942.0
1944.0
1933.0
1941.0
1940.0
1931.0
1933.0
1922.0
1948.0
1948.0
1946.0
1946.0
1937.0
1944.0
1947.0
1938.0
1938.0
1925.0
1926.0
1927.0
1927.0
1927.0
1909.0
1926.0
1926.0
1907.0
1908.0
1909.0
1925.0
1926.0
1929.0
1925.0
1907.0
1928.0
1925.0
1905.0
1907.0
1906.0
1953.0
1954.0
1952.0
1953.0
1933.0
1953.0
1954.0
1933.0
1932.0
1934.0
1930.0
1912.0
1911.0
1910.0
1911.0
1911.0
1910.0
1909.0
1910.0
1911.0
1911.0
1910.0
1909.0
1911.0
1910.0
1910.0
1910.0
1910.0
1913.0
1044.0
1913.0
1909.0
1909.0
1908.0
1909.0
1909.0
1907.0
1048.0
1047.0
1048.0
1020.0
1022.0
1021.0
1021.0
1045.0
1046.0
1044.0
1044.0
1043.0
1044.0
1927.0
1927.0
1926.0
1928.0
1919.0
1928.0
1930.0
1919.0
1920.0
1909.0
1964.0
1967.0
1966.0
1968.0
1932.0
1942.0
1943.0
1941.0
1935.0
1925.0
1926.0
1929.0
1929.0
1930.0
1917.0
1926.0
1927.0
1916.0
1918.0
1907.0
1935.0
1934.0
1933.0
1934.0
1916.0
1934.0
1934.0
1915.0
1915.0
1915.0
1918.0
1921.0
1921.0
1924.0
1920.0
1939.0
1938.0
1921.0
1919.0
1919.0
1936.0
1937.0
1937.0
1938.0
1913.0
1932.0
1931.0
1912.0
1913.0
1914.0
1921.0
1900.0
1902.0
1903.0
1898.0
1898.0
1899.0
1899.0
1899.0
1899.0
1909.0
1909.0
1909.0
1910.0
1896.0
1895.0
1896.0
1896.0
1895.0
1033.0
1899.0
1898.0
1898.0
1899.0
1901.0
1907.0
1910.0
1037.0
1038.0
1037.0
1053.0
1062.0
1053.0
1053.0
1057.0
1057.0
1056.0
1058.0
1068.0
1064.0
1942.0
1940.0
1941.0
1940.0
1929.0
1941.0
1939.0
1944.0
1928.0
1917.0
1951.0
1950.0
1949.0
1949.0
1940.0
1950.0
1950.0
1930.0
1931.0
1920.0
1938.0
1938.0
1938.0
1938.0
1928.0
1938.0
1939.0
1928.0
1915.0
1904.0
1920.0
1919.0
1919.0
1920.0
1899.0
1919.0
1920.0
1902.0
1898.0
1899.0
1918.0
1918.0
1915.0
1917.0
1896.0
1919.0
1917.0
1897.0
1909.0
1910.0
1916.0
1916.0
1917.0
1918.0
1896.0
1917.0
1918.0
1895.0
1894.0
1896.0
1917.0
1895.0
1897.0
1895.0
1896.0
1895.0
1897.0
1897.0
1894.0
1895.0
1943.0
1942.0
1940.0
1942.0
1943.0
1945.0
1943.0
1944.0
1931.0
1056.0
1899.0
1898.0
1897.0
1896.0
1896.0
1897.0
1897.0
1022.0
1022.0
1034.0
1034.0
1036.0
1026.0
1024.0
1026.0
1026.0
1026.0
1024.0
1025.0
1026.0
1927.0
1928.0
1926.0
1927.0
1916.0
1927.0
1925.0
1916.0
1915.0
1905.0
1921.0
1921.0
1931.0
1932.0
1924.0
1934.0
1935.0
1924.0
1925.0
1914.0
1921.0
1921.0
1917.0
1919.0
1909.0
1917.0
1918.0
1910.0
1909.0
1897.0
1928.0
1931.0
1915.0
1916.0
1896.0
1916.0
1917.0
1897.0
1896.0
1895.0
1916.0
1916.0
1914.0
1916.0
1896.0
1915.0
1916.0
1895.0
1896.0
1898.0
1914.0
1917.0
1915.0
1916.0
1906.0
1929.0
1931.0
1911.0
1910.0
1910.0
1942.0
1925.0
1922.0
1922.0
1911.0
1908.0
1908.0
1909.0
1908.0
1907.0
1896.0
1896.0
1908.0
1908.0
1908.0
1908.0
1908.0
1909.0
1908.0
1033.0
1895.0
1895.0
1897.0
1894.0
1896.0
1894.0
1895.0
1021.0
1021.0
1021.0
1034.0
1035.0
1034.0
1034.0
1035.0
1035.0
1022.0
1020.0
1021.0
1020.0
1917.0
1917.0
1917.0
1917.0
1908.0
1919.0
1916.0
1907.0
1905.0
1896.0
1916.0
1915.0
1914.0
1924.0
1917.0
1929.0
1936.0
1929.0
1928.0
1917.0
1915.0
1914.0
1915.0
1914.0
1905.0
1919.0
1915.0
1904.0
1905.0
1893.0
1916.0
1915.0
1916.0
1914.0
1908.0
1937.0
1921.0
1903.0
1900.0
1901.0
1975.0
1975.0
1977.0
1976.0
1941.0
1963.0
1962.0
1938.0
1935.0
1927.0
1918.0
1919.0
1919.0
1919.0
1899.0
1920.0
1916.0
1898.0
1898.0
1897.0
1914.0
1895.0
1894.0
1894.0
1896.0
1896.0
1898.0
1894.0
1894.0
1895.0
1900.0
1900.0
1900.0
1899.0
1896.0
1900.0
1912.0
1909.0
1909.0
1036.0
1905.0
1907.0
1906.0
1906.0
1906.0
1907.0
1906.0
1022.0
1022.0
1023.0
1033.0
1034.0
1033.0
1034.0
1035.0
1035.0
1034.0
1034.0
1034.0
1035.0
1916.0
1916.0
1921.0
1915.0
1907.0
1918.0
1916.0
1906.0
1908.0
1899.0
1915.0
1916.0
1916.0
1916.0
1907.0
1916.0
1916.0
1905.0
1906.0
1896.0
1914.0
1915.0
1916.0
1914.0
1907.0
1923.0
1922.0
1911.0
1915.0
1917.0
1951.0
1948.0
1946.0
1946.0
1928.0
1943.0
1944.0
1922.0
1920.0
1926.0
1931.0
1931.0
1931.0
1932.0
1912.0
1931.0
1931.0
1911.0
1911.0
1903.0
1926.0
1926.0
1927.0
1925.0
1907.0
1926.0
1927.0
1907.0
1907.0
1910.0
1915.0
1895.0
1894.0
1895.0
1896.0
1896.0
1896.0
1895.0
1896.0
1898.0
1900.0
1902.0
1901.0
1899.0
1900.0
1898.0
1900.0
1899.0
1899.0
1038.0
1906.0
1900.0
1900.0
1901.0
1901.0
1901.0
1901.0
1039.0
1039.0
1040.0
1021.0
1020.0
1021.0
1023.0
1034.0
1034.0
1034.0
1033.0
1034.0
1033.0
1916.0
1915.0
1915.0
1931.0
1904.0
1915.0
1913.0
1904.0
1904.0
1893.0
1947.0
1941.0
1943.0
1935.0
1921.0
1929.0
1928.0
1919.0
1920.0
1913.0
1916.0
1915.0
1916.0
1919.0
1905.0
1916.0
1916.0
1905.0
1908.0
1895.0
1917.0
1916.0
1916.0
1921.0
1895.0
1917.0
1916.0
1896.0
1897.0
1897.0
1916.0
1914.0
1915.0
1918.0
1907.0
1929.0
1927.0
1908.0
1910.0
1908.0
1917.0
1915.0
1916.0
1921.0
1895.0
1916.0
1917.0
1896.0
1897.0
1896.0
1915.0
1896.0
1894.0
1911.0
1892.0
1894.0
1895.0
1895.0
1894.0
1894.0
1911.0
1911.0
1910.0
1902.0
1896.0
1897.0
1898.0
1897.0
1898.0
1036.0
1895.0
1896.0
1895.0
1894.0
1899.0
1893.0
1894.0
1033.0
1034.0
1035.0
1021.0
1021.0
1020.0
1021.0
1021.0
1022.0
1020.0
1029.0
1065.0
1065.0
1949.0
1950.0
1950.0
1947.0
1944.0
1948.0
1963.0
1952.0
1909.0
1897.0
1932.0
1933.0
1931.0
1931.0
1922.0
1932.0
1915.0
1908.0
1903.0
1895.0
1922.0
1921.0
1923.0
1922.0
1913.0
1923.0
1922.0
1914.0
1915.0
1906.0
1927.0
1926.0
1927.0
1927.0
1907.0
1926.0
1926.0
1908.0
1900.0
1900.0
1916.0
1916.0
1916.0
1916.0
1897.0
1916.0
1915.0
1898.0
1915.0
1906.0
1924.0
1922.0
1923.0
1925.0
1904.0
1923.0
1923.0
1905.0
1894.0
1893.0
1915.0
1895.0
1895.0
1895.0
1896.0
1895.0
1894.0
1907.0
1903.0
1903.0
1933.0
1935.0
1937.0
1938.0
1942.0
1940.0
1942.0
1926.0
1924.0
1021.0
1936.0
1905.0
1904.0
1902.0
1904.0
1900.0
1896.0
1021.0
1021.0
1035.0
1035.0
1037.0
1020.0
1021.0
1020.0
1021.0
1021.0
1022.0
1022.0
1021.0
1917.0
1917.0
1916.0
1918.0
1910.0
1919.0
1919.0
1909.0
1910.0
1910.0
1928.0
1929.0
1936.0
1936.0
1928.0
1937.0
1937.0
1929.0
1927.0
1896.0
1918.0
1918.0
1915.0
1918.0
1907.0
1917.0
1918.0
1909.0
1909.0
1897.0
1933.0
1930.0
1920.0
1920.0
1902.0
1921.0
1921.0
1902.0
1902.0
1901.0
1916.0
1918.0
1915.0
1914.0
1895.0
1916.0
1915.0
1896.0
1896.0
1894.0
1917.0
1918.0
1917.0
1918.0
1899.0
1918.0
1920.0
1899.0
1901.0
1899.0
1950.0
1929.0
1936.0
1934.0
1931.0
1932.0
1936.0
1933.0
1933.0
1932.0
1913.0
1916.0
1910.0
1911.0
1924.0
1925.0
1928.0
1928.0
1927.0
1042.0
1907.0
1906.0
1908.0
1917.0
1917.0
1902.0
1902.0
1023.0
1024.0
1023.0
1040.0
1040.0
1040.0
1040.0
1038.0
1040.0
1024.0
1023.0
1025.0
1025.0
1926.0
1925.0
1925.0
1924.0
1915.0
1926.0
1925.0
1913.0
1913.0
1904.0
1918.0
1917.0
1917.0
1916.0
1909.0
1919.0
1928.0
1921.0
1921.0
1908.0
1918.0
1918.0
1915.0
1917.0
1906.0
1917.0
1915.0
1905.0
1905.0
1895.0
1915.0
1916.0
1916.0
1915.0
1908.0
1931.0
1917.0
1898.0
1899.0
1899.0
1952.0
1951.0
1950.0
1953.0
1925.0
1950.0
1948.0
1927.0
1924.0
1925.0
1927.0
1927.0
1927.0
1923.0
1896.0
1917.0
1914.0
1895.0
1894.0
1894.0
1916.0
1895.0
1895.0
1895.0
1895.0
1899.0
1895.0
1894.0
1895.0
1895.0
1896.0
1896.0
1894.0
1896.0
1897.0
1899.0
1893.0
1894.0
1907.0
1033.0
1895.0
1895.0
1895.0
1894.0
1896.0
1896.0
1900.0
1032.0
1032.0
1019.0
1036.0
1036.0
1036.0
1035.0
1036.0
1036.0
1035.0
1035.0
1035.0
1036.0
1914.0
1915.0
1915.0
1915.0
1909.0
1917.0
1916.0
1908.0
1908.0
1899.0
1928.0
1928.0
1929.0
1928.0
1919.0
1928.0
1928.0
1918.0
1919.0
1911.0
1944.0
1942.0
1945.0
1943.0
1934.0
1941.0
1942.0
1933.0
1932.0
1920.0
1936.0
1934.0
1934.0
1933.0
1917.0
1945.0
1935.0
1919.0
1915.0
1935.0
1928.0
1929.0
1929.0
1930.0
1910.0
1929.0
1931.0
1909.0
1911.0
1898.0
1917.0
1915.0
1916.0
1918.0
1899.0
1918.0
1917.0
1897.0
1899.0
1898.0
1915.0
1894.0
1894.0
1894.0
1895.0
1895.0
1895.0
1894.0
1895.0
1896.0
1899.0
1899.0
1899.0
1899.0
1900.0
1900.0
1900.0
1898.0
1898.0
1038.0
1897.0
1895.0
1897.0
1896.0
1896.0
1897.0
1898.0
1034.0
1033.0
1034.0
1022.0
1022.0
1020.0
1005.0
949.0
936.0
943.0
936.0
925.0
909.0
