0.0
0.0
0.0
1.0
1.0
0.0
0.0
0.0
1.0
1.0
17.0
17.0
10.0
9.0
9.0
39.0
39.0
39.0
69.0
67.0
39.0
39.0
38.0
68.0
67.0
39.0
39.0
39.0
39.0
39.0
39.0
69.0
68.0
39.0
38.0
39.0
69.0
68.0
39.0
39.0
40.0
39.0
39.0
39.0
38.0
38.0
38.0
68.0
68.0
67.0
69.0
39.0
39.0
39.0
38.0
34.0
39.0
39.0
38.0
39.0
32.0
39.0
39.0
68.0
61.0
55.0
68.0
31.0
39.0
38.0
39.0
39.0
39.0
32.0
39.0
39.0
39.0
38.0
69.0
38.0
39.0
39.0
68.0
31.0
38.0
39.0
39.0
39.0
39.0
38.0
39.0
32.0
68.0
39.0
38.0
38.0
39.0
39.0
31.0
38.0
78.0
38.0
38.0
31.0
48.0
48.0
48.0
47.0
48.0
47.0
26.0
19.0
18.0
16.0
9.0
39.0
68.0
34.0
38.0
39.0
39.0
38.0
39.0
38.0
68.0
31.0
38.0
38.0
38.0
39.0
39.0
38.0
38.0
31.0
68.0
39.0
38.0
38.0
38.0
68.0
38.0
39.0
38.0
32.0
38.0
39.0
39.0
38.0
39.0
38.0
39.0
31.0
68.0
68.0
39.0
38.0
39.0
39.0
31.0
38.0
38.0
39.0
31.0
38.0
39.0
39.0
39.0
39.0
39.0
38.0
68.0
68.0
34.0
38.0
38.0
38.0
49.0
38.0
38.0
39.0
55.0
39.0
39.0
63.0
39.0
38.0
39.0
38.0
55.0
57.0
39.0
38.0
38.0
55.0
38.0
39.0
39.0
39.0
55.0
38.0
39.0
38.0
38.0
39.0
38.0
39.0
43.0
36.0
35.0
34.0
10.0
10.0
17.0
16.0
10.0
10.0
10.0
10.0
1.0
0.0
17.0
18.0
10.0
10.0
10.0
10.0
9.0
10.0
0.0
1.0
18.0
17.0
18.0
17.0
10.0
10.0
10.0
9.0
0.0
0.0
10.0
10.0
10.0
10.0
10.0
10.0
10.0
10.0
0.0
1.0
17.0
16.0
16.0
16.0
9.0
9.0
9.0
0.0
1.0
0.0
39.0
39.0
39.0
39.0
40.0
39.0
68.0
57.0
49.0
31.0
39.0
39.0
39.0
68.0
39.0
39.0
38.0
39.0
14.0
17.0
39.0
39.0
68.0
32.0
39.0
39.0
39.0
38.0
17.0
31.0
32.0
38.0
38.0
38.0
39.0
39.0
39.0
39.0
30.0
14.0
93.0
65.0
64.0
65.0
58.0
64.0
64.0
17.0
43.0
57.0
65.0
39.0
32.0
39.0
39.0
39.0
39.0
39.0
52.0
30.0
39.0
32.0
39.0
39.0
39.0
39.0
38.0
38.0
31.0
31.0
31.0
39.0
39.0
38.0
39.0
39.0
67.0
39.0
18.0
30.0
32.0
38.0
39.0
39.0
39.0
39.0
38.0
68.0
17.0
14.0
31.0
39.0
39.0
38.0
68.0
38.0
38.0
17.0
17.0
14.0
39.0
39.0
39.0
34.0
39.0
32.0
39.0
68.0
29.0
17.0
39.0
31.0
66.0
32.0
39.0
39.0
38.0
38.0
17.0
14.0
39.0
31.0
39.0
38.0
47.0
39.0
32.0
39.0
18.0
14.0
39.0
38.0
39.0
39.0
31.0
32.0
39.0
38.0
17.0
17.0
38.0
38.0
32.0
39.0
38.0
38.0
31.0
17.0
17.0
18.0
39.0
39.0
38.0
32.0
39.0
33.0
35.0
38.0
29.0
18.0
39.0
38.0
34.0
34.0
38.0
39.0
38.0
38.0
15.0
17.0
34.0
38.0
38.0
33.0
33.0
38.0
38.0
39.0
17.0
17.0
34.0
38.0
39.0
34.0
39.0
34.0
38.0
39.0
18.0
17.0
33.0
38.0
39.0
39.0
33.0
39.0
34.0
17.0
17.0
17.0
34.0
39.0
39.0
39.0
34.0
39.0
33.0
38.0
29.0
17.0
38.0
35.0
38.0
38.0
38.0
35.0
36.0
34.0
17.0
17.0
37.0
34.0
37.0
38.0
38.0
35.0
37.0
35.0
16.0
16.0
38.0
34.0
34.0
37.0
38.0
37.0
34.0
34.0
17.0
17.0
37.0
35.0
37.0
36.0
35.0
37.0
37.0
17.0
15.0
16.0
38.0
35.0
35.0
35.0
37.0
37.0
37.0
35.0
28.0
17.0
35.0
37.0
34.0
37.0
35.0
38.0
35.0
37.0
17.0
17.0
37.0
37.0
35.0
35.0
38.0
60.0
61.0
34.0
16.0
16.0
37.0
37.0
36.0
37.0
35.0
35.0
36.0
35.0
16.0
27.0
35.0
61.0
36.0
36.0
34.0
35.0
35.0
15.0
16.0
27.0
35.0
36.0
37.0
36.0
36.0
35.0
34.0
36.0
46.0
27.0
35.0
36.0
36.0
37.0
36.0
35.0
35.0
36.0
28.0
15.0
61.0
37.0
36.0
35.0
36.0
36.0
34.0
35.0
27.0
16.0
36.0
36.0
75.0
34.0
36.0
35.0
45.0
46.0
15.0
38.0
46.0
47.0
47.0
48.0
48.0
47.0
38.0
17.0
29.0
16.0
36.0
36.0
62.0
36.0
36.0
35.0
34.0
36.0
27.0
27.0
35.0
36.0
36.0
61.0
36.0
37.0
34.0
35.0
16.0
16.0
62.0
35.0
36.0
37.0
36.0
36.0
35.0
35.0
16.0
16.0
35.0
62.0
36.0
36.0
36.0
35.0
34.0
36.0
15.0
27.0
36.0
35.0
36.0
35.0
34.0
34.0
36.0
15.0
27.0
27.0
36.0
36.0
34.0
63.0
37.0
35.0
37.0
36.0
28.0
27.0
36.0
37.0
36.0
36.0
35.0
61.0
34.0
36.0
15.0
16.0
35.0
36.0
36.0
61.0
36.0
36.0
35.0
35.0
16.0
15.0
34.0
36.0
36.0
61.0
36.0
36.0
36.0
35.0
15.0
16.0
90.0
35.0
63.0
63.0
62.0
63.0
62.0
16.0
16.0
45.0
64.0
89.0
64.0
37.0
36.0
35.0
36.0
37.0
27.0
28.0
37.0
34.0
36.0
35.0
35.0
35.0
36.0
36.0
27.0
27.0
36.0
36.0
35.0
37.0
37.0
63.0
35.0
36.0
16.0
27.0
36.0
36.0
34.0
35.0
35.0
36.0
61.0
34.0
16.0
15.0
36.0
35.0
63.0
36.0
34.0
35.0
36.0
16.0
16.0
15.0
37.0
36.0
35.0
62.0
37.0
36.0
35.0
36.0
27.0
27.0
36.0
35.0
36.0
36.0
36.0
35.0
34.0
36.0
28.0
27.0
36.0
35.0
36.0
36.0
36.0
35.0
35.0
35.0
27.0
27.0
37.0
35.0
36.0
36.0
35.0
35.0
36.0
62.0
27.0
17.0
35.0
35.0
34.0
60.0
34.0
35.0
36.0
16.0
16.0
16.0
36.0
36.0
62.0
36.0
35.0
36.0
35.0
34.0
27.0
16.0
61.0
36.0
37.0
35.0
36.0
36.0
35.0
35.0
16.0
17.0
61.0
36.0
35.0
36.0
36.0
36.0
34.0
34.0
16.0
28.0
36.0
36.0
35.0
36.0
36.0
35.0
35.0
36.0
27.0
27.0
35.0
36.0
35.0
36.0
35.0
35.0
36.0
15.0
27.0
29.0
36.0
37.0
62.0
35.0
36.0
35.0
36.0
35.0
46.0
16.0
36.0
36.0
36.0
34.0
36.0
34.0
34.0
36.0
28.0
16.0
36.0
61.0
36.0
35.0
36.0
36.0
34.0
36.0
16.0
29.0
36.0
37.0
36.0
35.0
61.0
36.0
35.0
34.0
16.0
28.0
36.0
36.0
36.0
36.0
34.0
34.0
35.0
16.0
27.0
16.0
36.0
36.0
36.0
63.0
36.0
35.0
61.0
36.0
27.0
15.0
35.0
36.0
36.0
35.0
36.0
36.0
35.0
36.0
15.0
27.0
36.0
37.0
61.0
35.0
36.0
36.0
35.0
34.0
16.0
28.0
36.0
36.0
36.0
35.0
37.0
36.0
34.0
35.0
27.0
27.0
36.0
36.0
34.0
36.0
35.0
36.0
35.0
16.0
27.0
27.0
36.0
36.0
61.0
36.0
35.0
37.0
35.0
34.0
27.0
28.0
36.0
36.0
36.0
35.0
36.0
61.0
34.0
36.0
16.0
15.0
37.0
63.0
37.0
36.0
35.0
36.0
36.0
35.0
16.0
16.0
36.0
74.0
46.0
46.0
45.0
46.0
47.0
46.0
16.0
39.0
47.0
48.0
38.0
36.0
37.0
38.0
37.0
17.0
29.0
15.0
62.0
36.0
36.0
37.0
36.0
36.0
35.0
36.0
28.0
29.0
37.0
36.0
36.0
61.0
34.0
36.0
34.0
34.0
16.0
27.0
36.0
36.0
36.0
36.0
35.0
35.0
35.0
36.0
28.0
16.0
36.0
63.0
36.0
61.0
36.0
35.0
35.0
35.0
16.0
16.0
36.0
36.0
36.0
36.0
35.0
34.0
34.0
16.0
15.0
27.0
36.0
36.0
61.0
36.0
36.0
36.0
34.0
35.0
27.0
28.0
37.0
36.0
35.0
36.0
36.0
36.0
35.0
36.0
29.0
27.0
36.0
36.0
34.0
36.0
61.0
34.0
34.0
36.0
16.0
27.0
36.0
36.0
36.0
34.0
36.0
35.0
34.0
61.0
16.0
16.0
40.0
90.0
37.0
36.0
35.0
65.0
64.0
15.0
16.0
15.0
63.0
63.0
89.0
63.0
63.0
64.0
64.0
36.0
27.0
15.0
62.0
37.0
35.0
36.0
37.0
36.0
35.0
34.0
16.0
15.0
61.0
36.0
35.0
36.0
36.0
36.0
35.0
35.0
16.0
28.0
37.0
35.0
36.0
36.0
34.0
36.0
35.0
36.0
28.0
27.0
36.0
35.0
36.0
61.0
35.0
34.0
36.0
16.0
16.0
27.0
36.0
36.0
36.0
35.0
62.0
36.0
35.0
35.0
27.0
17.0
36.0
36.0
63.0
36.0
35.0
35.0
35.0
36.0
16.0
16.0
36.0
36.0
61.0
37.0
35.0
36.0
34.0
35.0
16.0
16.0
63.0
36.0
36.0
36.0
35.0
36.0
35.0
37.0
15.0
16.0
61.0
36.0
36.0
35.0
35.0
36.0
35.0
16.0
16.0
27.0
9.0
9.0
10.0
10.0
9.0
9.0
8.0
8.0
0.0
0.0
9.0
9.0
9.0
9.0
9.0
9.0
15.0
9.0
0.0
1.0
8.0
8.0
15.0
9.0
9.0
9.0
9.0
0.0
0.0
0.0
9.0
8.0
9.0
9.0
9.0
9.0
0.0
0.0
0.0
1.0
9.0
9.0
15.0
9.0
9.0
0.0
0.0
0.0
0.0
1.0
35.0
61.0
34.0
36.0
36.0
36.0
35.0
36.0
15.0
27.0
36.0
35.0
36.0
63.0
37.0
37.0
36.0
35.0
16.0
16.0
34.0
60.0
35.0
34.0
35.0
37.0
35.0
16.0
16.0
16.0
36.0
36.0
62.0
34.0
35.0
34.0
16.0
16.0
15.0
28.0
36.0
36.0
36.0
36.0
37.0
15.0
15.0
16.0
27.0
16.0
35.0
35.0
37.0
61.0
36.0
36.0
36.0
35.0
15.0
27.0
35.0
35.0
34.0
36.0
37.0
36.0
36.0
36.0
28.0
15.0
63.0
35.0
35.0
60.0
36.0
36.0
36.0
16.0
16.0
16.0
35.0
36.0
36.0
35.0
35.0
36.0
16.0
16.0
15.0
27.0
36.0
36.0
36.0
36.0
61.0
15.0
15.0
16.0
16.0
16.0
35.0
63.0
34.0
36.0
36.0
36.0
36.0
35.0
15.0
15.0
35.0
34.0
61.0
36.0
36.0
37.0
36.0
36.0
16.0
16.0
61.0
35.0
34.0
36.0
34.0
36.0
36.0
16.0
16.0
16.0
36.0
61.0
34.0
34.0
35.0
36.0
16.0
16.0
16.0
27.0
36.0
36.0
36.0
36.0
35.0
16.0
15.0
16.0
29.0
16.0
61.0
35.0
36.0
36.0
36.0
36.0
36.0
35.0
15.0
27.0
35.0
35.0
36.0
36.0
36.0
36.0
36.0
34.0
27.0
27.0
34.0
35.0
62.0
36.0
36.0
36.0
35.0
16.0
16.0
27.0
36.0
36.0
35.0
35.0
36.0
36.0
15.0
16.0
27.0
16.0
47.0
46.0
47.0
46.0
74.0
25.0
39.0
25.0
27.0
27.0
38.0
37.0
37.0
37.0
37.0
36.0
37.0
37.0
29.0
16.0
35.0
63.0
62.0
37.0
37.0
36.0
36.0
36.0
16.0
15.0
36.0
35.0
34.0
34.0
35.0
35.0
36.0
16.0
16.0
16.0
34.0
62.0
62.0
35.0
35.0
35.0
16.0
16.0
16.0
16.0
35.0
36.0
36.0
36.0
35.0
15.0
15.0
16.0
16.0
16.0
63.0
62.0
37.0
36.0
37.0
37.0
36.0
35.0
16.0
15.0
34.0
35.0
36.0
36.0
36.0
36.0
34.0
36.0
16.0
27.0
62.0
35.0
36.0
36.0
35.0
35.0
35.0
15.0
16.0
27.0
35.0
36.0
34.0
35.0
36.0
36.0
16.0
16.0
28.0
16.0
61.0
35.0
35.0
36.0
34.0
15.0
27.0
15.0
16.0
16.0
35.0
35.0
36.0
36.0
36.0
36.0
36.0
34.0
27.0
27.0
66.0
65.0
91.0
67.0
67.0
67.0
66.0
66.0
16.0
60.0
65.0
34.0
35.0
36.0
36.0
36.0
36.0
16.0
27.0
16.0
34.0
60.0
35.0
34.0
35.0
63.0
15.0
16.0
16.0
16.0
36.0
35.0
35.0
35.0
35.0
15.0
16.0
16.0
15.0
15.0
37.0
62.0
37.0
37.0
37.0
37.0
35.0
35.0
15.0
27.0
35.0
36.0
35.0
36.0
36.0
36.0
36.0
61.0
15.0
16.0
34.0
61.0
36.0
34.0
34.0
35.0
35.0
16.0
16.0
16.0
37.0
36.0
62.0
36.0
35.0
35.0
17.0
17.0
17.0
27.0
35.0
36.0
36.0
35.0
34.0
15.0
15.0
16.0
28.0
15.0
35.0
36.0
36.0
36.0
36.0
64.0
36.0
35.0
16.0
27.0
35.0
35.0
37.0
37.0
37.0
35.0
36.0
37.0
26.0
16.0
36.0
36.0
36.0
36.0
36.0
36.0
36.0
16.0
16.0
16.0
36.0
36.0
36.0
36.0
36.0
36.0
15.0
16.0
16.0
16.0
36.0
36.0
36.0
36.0
35.0
16.0
16.0
16.0
16.0
16.0
36.0
36.0
37.0
36.0
36.0
37.0
36.0
36.0
16.0
17.0
36.0
36.0
36.0
36.0
36.0
36.0
36.0
35.0
16.0
16.0
36.0
36.0
35.0
36.0
36.0
36.0
36.0
16.0
16.0
16.0
36.0
36.0
36.0
35.0
36.0
36.0
16.0
16.0
16.0
16.0
35.0
36.0
36.0
35.0
36.0
16.0
16.0
15.0
16.0
16.0
36.0
36.0
37.0
36.0
36.0
36.0
36.0
36.0
16.0
16.0
36.0
36.0
36.0
37.0
36.0
36.0
36.0
35.0
16.0
16.0
35.0
35.0
37.0
35.0
36.0
36.0
35.0
16.0
16.0
16.0
35.0
37.0
37.0
37.0
36.0
35.0
16.0
15.0
16.0
15.0
36.0
35.0
36.0
36.0
35.0
16.0
16.0
16.0
16.0
15.0
36.0
36.0
36.0
36.0
37.0
36.0
36.0
35.0
16.0
16.0
36.0
36.0
36.0
36.0
36.0
36.0
35.0
36.0
16.0
16.0
36.0
36.0
36.0
36.0
36.0
36.0
36.0
16.0
16.0
16.0
36.0
36.0
36.0
36.0
36.0
36.0
16.0
16.0
16.0
16.0
36.0
35.0
36.0
36.0
36.0
16.0
16.0
16.0
16.0
16.0
36.0
36.0
36.0
36.0
36.0
36.0
36.0
36.0
16.0
16.0
36.0
36.0
36.0
36.0
36.0
36.0
36.0
36.0
16.0
15.0
36.0
36.0
36.0
36.0
35.0
35.0
36.0
16.0
16.0
16.0
36.0
36.0
36.0
36.0
37.0
36.0
16.0
16.0
16.0
16.0
46.0
46.0
47.0
46.0
47.0
16.0
16.0
26.0
25.0
26.0
48.0
48.0
37.0
38.0
38.0
37.0
37.0
37.0
17.0
17.0
36.0
36.0
36.0
36.0
36.0
36.0
36.0
35.0
16.0
16.0
35.0
36.0
36.0
36.0
36.0
36.0
35.0
16.0
16.0
16.0
36.0
35.0
36.0
36.0
35.0
35.0
16.0
16.0
16.0
16.0
35.0
35.0
35.0
36.0
36.0
16.0
16.0
16.0
16.0
15.0
36.0
36.0
36.0
37.0
36.0
36.0
36.0
36.0
16.0
16.0
36.0
36.0
36.0
36.0
35.0
36.0
35.0
36.0
16.0
16.0
36.0
36.0
36.0
36.0
36.0
36.0
36.0
16.0
16.0
16.0
36.0
37.0
36.0
36.0
36.0
36.0
17.0
17.0
16.0
16.0
36.0
36.0
37.0
36.0
37.0
15.0
16.0
15.0
17.0
17.0
70.0
68.0
68.0
67.0
67.0
68.0
67.0
67.0
47.0
48.0
36.0
36.0
36.0
36.0
36.0
37.0
36.0
35.0
16.0
16.0
35.0
36.0
35.0
36.0
35.0
36.0
36.0
16.0
16.0
17.0
36.0
36.0
35.0
36.0
36.0
36.0
16.0
16.0
16.0
16.0
35.0
36.0
36.0
36.0
35.0
16.0
16.0
16.0
16.0
16.0
36.0
36.0
36.0
36.0
36.0
37.0
36.0
36.0
15.0
15.0
36.0
37.0
36.0
37.0
36.0
36.0
35.0
35.0
16.0
16.0
35.0
36.0
36.0
36.0
36.0
35.0
36.0
16.0
16.0
16.0
36.0
35.0
36.0
35.0
35.0
36.0
16.0
16.0
16.0
16.0
35.0
36.0
36.0
36.0
36.0
16.0
16.0
16.0
16.0
16.0
36.0
36.0
36.0
36.0
36.0
36.0
36.0
36.0
16.0
16.0
36.0
36.0
36.0
36.0
37.0
36.0
36.0
35.0
16.0
16.0
35.0
36.0
36.0
36.0
36.0
36.0
35.0
16.0
16.0
15.0
35.0
36.0
36.0
36.0
36.0
35.0
15.0
16.0
16.0
16.0
36.0
35.0
36.0
36.0
36.0
16.0
16.0
16.0
16.0
16.0
36.0
36.0
36.0
36.0
37.0
36.0
36.0
35.0
16.0
16.0
36.0
37.0
36.0
36.0
36.0
36.0
35.0
35.0
16.0
15.0
36.0
36.0
36.0
36.0
36.0
36.0
35.0
16.0
16.0
16.0
36.0
36.0
36.0
36.0
36.0
35.0
16.0
16.0
15.0
16.0
35.0
35.0
35.0
34.0
34.0
16.0
16.0
16.0
16.0
15.0
