10.0
10.0
7.0
7.0
10.0
9.0
10.0
10.0
10.0
10.0
7.0
7.0
5.0
5.0
5.0
5.0
4.0
5.0
7.0
8.0
32.0
33.0
32.0
32.0
32.0
31.0
57.0
57.0
55.0
55.0
119.0
121.0
120.0
122.0
121.0
120.0
211.0
216.0
216.0
211.0
120.0
119.0
120.0
120.0
100.0
119.0
99.0
124.0
120.0
119.0
121.0
120.0
120.0
120.0
288.0
288.0
99.0
189.0
189.0
188.0
189.0
189.0
190.0
175.0
165.0
173.0
175.0
98.0
119.0
120.0
121.0
119.0
121.0
121.0
100.0
112.0
114.0
115.0
117.0
114.0
114.0
119.0
114.0
113.0
116.0
113.0
113.0
113.0
112.0
112.0
117.0
117.0
116.0
113.0
117.0
114.0
112.0
112.0
112.0
111.0
112.0
113.0
112.0
111.0
112.0
112.0
111.0
112.0
111.0
112.0
113.0
112.0
110.0
111.0
112.0
112.0
110.0
111.0
112.0
111.0
112.0
111.0
111.0
110.0
112.0
113.0
111.0
112.0
113.0
112.0
112.0
112.0
111.0
111.0
114.0
113.0
113.0
112.0
113.0
112.0
114.0
113.0
112.0
111.0
114.0
114.0
112.0
113.0
112.0
113.0
113.0
112.0
111.0
111.0
114.0
112.0
113.0
112.0
113.0
112.0
113.0
111.0
112.0
112.0
114.0
114.0
113.0
114.0
114.0
114.0
122.0
123.0
121.0
113.0
118.0
115.0
181.0
181.0
181.0
186.0
212.0
214.0
182.0
181.0
183.0
179.0
110.0
111.0
111.0
109.0
111.0
113.0
121.0
119.0
112.0
111.0
110.0
111.0
111.0
112.0
111.0
110.0
112.0
112.0
112.0
109.0
106.0
106.0
105.0
104.0
7.0
7.0
4.0
5.0
6.0
6.0
7.0
7.0
7.0
6.0
5.0
4.0
7.0
7.0
7.0
6.0
6.0
7.0
7.0
7.0
4.0
4.0
6.0
7.0
6.0
4.0
4.0
7.0
7.0
6.0
6.0
7.0
4.0
5.0
7.0
6.0
6.0
6.0
7.0
7.0
7.0
6.0
4.0
4.0
4.0
4.0
7.0
7.0
7.0
6.0
6.0
7.0
7.0
7.0
4.0
4.0
6.0
6.0
7.0
7.0
7.0
4.0
6.0
6.0
4.0
7.0
4.0
4.0
7.0
6.0
6.0
6.0
6.0
7.0
7.0
6.0
4.0
4.0
4.0
6.0
7.0
7.0
7.0
7.0
5.0
6.0
7.0
7.0
4.0
4.0
7.0
6.0
6.0
6.0
6.0
7.0
4.0
7.0
7.0
4.0
31.0
32.0
43.0
31.0
55.0
56.0
56.0
54.0
45.0
52.0
31.0
31.0
31.0
31.0
31.0
31.0
56.0
56.0
56.0
55.0
31.0
31.0
31.0
31.0
32.0
31.0
31.0
31.0
31.0
31.0
31.0
56.0
56.0
55.0
55.0
31.0
31.0
31.0
31.0
30.0
31.0
30.0
32.0
32.0
31.0
31.0
7.0
7.0
7.0
7.0
31.0
56.0
56.0
56.0
56.0
31.0
31.0
31.0
31.0
31.0
32.0
31.0
31.0
31.0
31.0
31.0
55.0
55.0
56.0
56.0
30.0
31.0
31.0
31.0
30.0
31.0
31.0
28.0
32.0
5.0
32.0
31.0
55.0
55.0
6.0
55.0
30.0
55.0
31.0
4.0
25.0
31.0
31.0
4.0
4.0
4.0
4.0
4.0
4.0
3.0
118.0
97.0
119.0
118.0
160.0
217.0
217.0
119.0
119.0
183.0
97.0
119.0
119.0
119.0
119.0
119.0
111.0
97.0
119.0
156.0
159.0
120.0
118.0
119.0
120.0
119.0
98.0
97.0
119.0
119.0
119.0
119.0
119.0
119.0
98.0
119.0
119.0
97.0
118.0
119.0
116.0
119.0
99.0
100.0
120.0
119.0
3.0
4.0
4.0
3.0
119.0
115.0
120.0
104.0
104.0
103.0
119.0
120.0
119.0
119.0
120.0
119.0
117.0
104.0
105.0
132.0
115.0
115.0
114.0
115.0
114.0
133.0
107.0
134.0
107.0
128.0
132.0
161.0
132.0
4.0
131.0
130.0
128.0
161.0
24.0
110.0
108.0
110.0
111.0
4.0
110.0
111.0
136.0
5.0
6.0
5.0
6.0
4.0
3.0
5.0
110.0
123.0
111.0
111.0
114.0
111.0
115.0
112.0
114.0
115.0
114.0
113.0
113.0
111.0
112.0
111.0
114.0
111.0
112.0
112.0
113.0
112.0
110.0
112.0
113.0
112.0
110.0
111.0
110.0
110.0
111.0
110.0
111.0
110.0
111.0
110.0
109.0
111.0
111.0
110.0
110.0
110.0
111.0
110.0
111.0
110.0
4.0
3.0
3.0
4.0
110.0
110.0
109.0
110.0
110.0
110.0
110.0
110.0
111.0
110.0
111.0
110.0
110.0
110.0
111.0
111.0
111.0
111.0
111.0
110.0
110.0
111.0
110.0
110.0
111.0
110.0
110.0
110.0
111.0
4.0
110.0
111.0
111.0
110.0
4.0
110.0
110.0
111.0
111.0
3.0
110.0
113.0
111.0
3.0
3.0
4.0
4.0
4.0
3.0
3.0
111.0
111.0
111.0
112.0
111.0
111.0
111.0
111.0
112.0
116.0
111.0
121.0
116.0
111.0
114.0
110.0
113.0
111.0
115.0
114.0
112.0
112.0
119.0
115.0
116.0
110.0
111.0
110.0
134.0
131.0
131.0
130.0
130.0
132.0
131.0
130.0
132.0
131.0
113.0
110.0
112.0
111.0
109.0
111.0
111.0
111.0
3.0
3.0
4.0
3.0
111.0
112.0
111.0
110.0
113.0
112.0
109.0
111.0
110.0
111.0
113.0
112.0
110.0
112.0
111.0
111.0
111.0
111.0
110.0
110.0
113.0
113.0
110.0
112.0
112.0
113.0
111.0
111.0
110.0
3.0
110.0
112.0
112.0
111.0
4.0
111.0
110.0
112.0
109.0
4.0
110.0
111.0
110.0
3.0
3.0
4.0
4.0
3.0
3.0
3.0
112.0
111.0
111.0
112.0
117.0
111.0
111.0
111.0
111.0
111.0
112.0
110.0
110.0
110.0
111.0
115.0
111.0
112.0
112.0
115.0
111.0
111.0
113.0
114.0
113.0
117.0
118.0
116.0
114.0
117.0
113.0
113.0
113.0
113.0
112.0
117.0
116.0
118.0
113.0
112.0
112.0
112.0
112.0
113.0
111.0
114.0
4.0
3.0
4.0
3.0
113.0
112.0
114.0
110.0
115.0
113.0
112.0
113.0
112.0
110.0
110.0
113.0
111.0
110.0
114.0
113.0
111.0
113.0
112.0
110.0
110.0
113.0
110.0
110.0
138.0
137.0
136.0
138.0
136.0
3.0
136.0
136.0
135.0
135.0
3.0
137.0
112.0
112.0
111.0
3.0
113.0
111.0
112.0
3.0
4.0
4.0
3.0
3.0
3.0
4.0
111.0
110.0
110.0
112.0
111.0
111.0
111.0
112.0
110.0
110.0
110.0
110.0
110.0
110.0
110.0
111.0
110.0
111.0
111.0
111.0
115.0
112.0
113.0
110.0
111.0
112.0
112.0
111.0
112.0
116.0
116.0
115.0
117.0
113.0
113.0
112.0
112.0
112.0
112.0
112.0
113.0
116.0
116.0
114.0
112.0
112.0
4.0
3.0
4.0
4.0
112.0
113.0
110.0
120.0
112.0
119.0
122.0
112.0
113.0
114.0
113.0
112.0
110.0
113.0
114.0
111.0
110.0
113.0
113.0
111.0
112.0
113.0
110.0
111.0
112.0
111.0
110.0
111.0
113.0
4.0
110.0
113.0
113.0
111.0
3.0
110.0
113.0
110.0
110.0
4.0
111.0
112.0
109.0
3.0
4.0
4.0
3.0
3.0
4.0
4.0
112.0
112.0
110.0
111.0
110.0
113.0
109.0
111.0
110.0
113.0
111.0
112.0
112.0
110.0
112.0
109.0
112.0
110.0
110.0
113.0
111.0
112.0
113.0
110.0
141.0
141.0
144.0
140.0
141.0
140.0
138.0
138.0
139.0
143.0
115.0
115.0
113.0
116.0
116.0
108.0
107.0
106.0
106.0
113.0
115.0
114.0
4.0
4.0
3.0
4.0
114.0
115.0
111.0
114.0
112.0
111.0
111.0
111.0
112.0
113.0
112.0
116.0
111.0
113.0
111.0
111.0
111.0
111.0
111.0
110.0
113.0
112.0
111.0
112.0
110.0
110.0
110.0
111.0
110.0
4.0
110.0
113.0
112.0
112.0
3.0
111.0
111.0
111.0
110.0
3.0
110.0
110.0
110.0
3.0
3.0
4.0
4.0
4.0
4.0
4.0
112.0
112.0
111.0
112.0
110.0
110.0
110.0
110.0
111.0
110.0
110.0
111.0
111.0
111.0
110.0
110.0
110.0
110.0
111.0
110.0
110.0
110.0
110.0
110.0
111.0
111.0
110.0
110.0
111.0
110.0
111.0
110.0
110.0
111.0
110.0
110.0
110.0
111.0
110.0
110.0
111.0
109.0
110.0
110.0
113.0
111.0
3.0
4.0
3.0
4.0
110.0
111.0
110.0
111.0
112.0
111.0
111.0
112.0
112.0
113.0
110.0
111.0
112.0
111.0
112.0
110.0
110.0
111.0
111.0
112.0
112.0
149.0
149.0
150.0
150.0
154.0
150.0
150.0
153.0
3.0
152.0
152.0
114.0
117.0
4.0
114.0
111.0
113.0
115.0
3.0
112.0
112.0
111.0
3.0
3.0
4.0
3.0
4.0
3.0
4.0
111.0
112.0
110.0
112.0
111.0
111.0
113.0
111.0
111.0
111.0
111.0
111.0
110.0
110.0
110.0
110.0
110.0
110.0
112.0
110.0
110.0
110.0
110.0
109.0
111.0
111.0
111.0
110.0
110.0
111.0
111.0
110.0
111.0
110.0
110.0
110.0
110.0
110.0
111.0
110.0
111.0
110.0
111.0
110.0
111.0
111.0
4.0
4.0
3.0
4.0
111.0
110.0
110.0
111.0
111.0
110.0
112.0
112.0
112.0
112.0
112.0
112.0
113.0
111.0
112.0
112.0
111.0
111.0
111.0
111.0
110.0
111.0
112.0
111.0
112.0
111.0
110.0
110.0
110.0
4.0
110.0
111.0
111.0
110.0
3.0
111.0
110.0
110.0
110.0
3.0
111.0
111.0
111.0
3.0
3.0
4.0
4.0
4.0
3.0
3.0
113.0
111.0
110.0
112.0
113.0
110.0
110.0
111.0
115.0
111.0
113.0
116.0
119.0
122.0
120.0
112.0
113.0
112.0
115.0
112.0
156.0
157.0
164.0
161.0
157.0
160.0
155.0
156.0
157.0
156.0
111.0
111.0
112.0
113.0
112.0
112.0
110.0
112.0
112.0
111.0
112.0
111.0
112.0
111.0
113.0
112.0
4.0
3.0
3.0
3.0
112.0
111.0
112.0
112.0
110.0
110.0
112.0
112.0
111.0
112.0
110.0
110.0
112.0
112.0
110.0
111.0
113.0
112.0
111.0
113.0
111.0
110.0
112.0
113.0
111.0
109.0
112.0
114.0
112.0
4.0
114.0
111.0
110.0
113.0
4.0
111.0
110.0
111.0
116.0
3.0
114.0
112.0
117.0
3.0
3.0
4.0
4.0
3.0
3.0
4.0
113.0
112.0
112.0
112.0
110.0
113.0
117.0
116.0
113.0
120.0
112.0
112.0
114.0
113.0
111.0
112.0
120.0
116.0
112.0
119.0
113.0
112.0
113.0
113.0
111.0
113.0
117.0
118.0
113.0
115.0
113.0
110.0
111.0
114.0
112.0
113.0
112.0
115.0
113.0
110.0
111.0
114.0
114.0
113.0
112.0
111.0
3.0
4.0
3.0
4.0
116.0
118.0
115.0
118.0
121.0
125.0
118.0
119.0
120.0
119.0
115.0
118.0
117.0
114.0
114.0
163.0
162.0
158.0
161.0
159.0
161.0
166.0
164.0
160.0
160.0
122.0
116.0
117.0
116.0
3.0
116.0
116.0
117.0
116.0
4.0
116.0
117.0
117.0
114.0
4.0
115.0
116.0
113.0
4.0
4.0
3.0
4.0
3.0
4.0
4.0
116.0
115.0
116.0
115.0
116.0
117.0
116.0
119.0
116.0
114.0
116.0
115.0
118.0
113.0
115.0
118.0
113.0
114.0
114.0
115.0
112.0
112.0
112.0
111.0
110.0
111.0
112.0
110.0
112.0
112.0
111.0
112.0
110.0
111.0
112.0
111.0
110.0
111.0
112.0
110.0
111.0
110.0
111.0
110.0
111.0
112.0
3.0
4.0
4.0
3.0
111.0
110.0
110.0
110.0
111.0
110.0
110.0
111.0
110.0
110.0
111.0
110.0
111.0
110.0
110.0
111.0
110.0
110.0
110.0
111.0
110.0
110.0
110.0
110.0
111.0
110.0
110.0
111.0
110.0
3.0
110.0
111.0
111.0
110.0
4.0
110.0
110.0
111.0
111.0
3.0
111.0
111.0
111.0
4.0
4.0
4.0
3.0
3.0
3.0
4.0
110.0
110.0
111.0
110.0
111.0
110.0
110.0
111.0
112.0
111.0
110.0
111.0
111.0
111.0
161.0
161.0
160.0
160.0
160.0
161.0
161.0
159.0
160.0
160.0
111.0
111.0
112.0
111.0
112.0
112.0
111.0
111.0
111.0
111.0
112.0
112.0
112.0
112.0
111.0
111.0
110.0
112.0
110.0
112.0
112.0
112.0
4.0
4.0
3.0
4.0
111.0
111.0
112.0
111.0
110.0
110.0
111.0
112.0
112.0
112.0
112.0
111.0
111.0
111.0
111.0
112.0
111.0
111.0
111.0
111.0
111.0
111.0
110.0
111.0
111.0
112.0
110.0
111.0
111.0
4.0
111.0
111.0
111.0
112.0
4.0
111.0
111.0
110.0
113.0
3.0
111.0
112.0
111.0
3.0
3.0
3.0
4.0
3.0
4.0
3.0
113.0
111.0
111.0
111.0
111.0
110.0
111.0
110.0
111.0
111.0
112.0
112.0
112.0
111.0
113.0
112.0
111.0
114.0
112.0
112.0
112.0
112.0
112.0
114.0
111.0
111.0
111.0
114.0
113.0
112.0
112.0
113.0
112.0
113.0
113.0
111.0
112.0
110.0
111.0
111.0
111.0
113.0
112.0
112.0
112.0
111.0
3.0
4.0
4.0
3.0
113.0
111.0
111.0
111.0
111.0
111.0
111.0
164.0
162.0
162.0
163.0
162.0
162.0
162.0
163.0
164.0
163.0
112.0
113.0
113.0
111.0
112.0
111.0
112.0
113.0
112.0
113.0
111.0
112.0
4.0
112.0
111.0
111.0
111.0
3.0
113.0
112.0
113.0
112.0
3.0
111.0
111.0
111.0
4.0
4.0
4.0
3.0
3.0
4.0
4.0
110.0
111.0
111.0
113.0
113.0
114.0
113.0
111.0
113.0
113.0
112.0
111.0
111.0
114.0
112.0
112.0
114.0
113.0
114.0
113.0
114.0
114.0
111.0
116.0
114.0
113.0
114.0
111.0
114.0
111.0
112.0
113.0
113.0
113.0
113.0
114.0
114.0
112.0
114.0
113.0
113.0
113.0
111.0
112.0
113.0
110.0
3.0
4.0
4.0
3.0
113.0
112.0
114.0
113.0
111.0
113.0
112.0
112.0
112.0
110.0
113.0
110.0
112.0
113.0
110.0
112.0
110.0
113.0
113.0
111.0
111.0
112.0
112.0
113.0
110.0
113.0
112.0
113.0
112.0
4.0
115.0
112.0
115.0
113.0
4.0
112.0
111.0
113.0
112.0
3.0
113.0
111.0
113.0
3.0
4.0
4.0
3.0
3.0
3.0
3.0
113.0
113.0
111.0
113.0
110.0
114.0
168.0
170.0
169.0
169.0
169.0
169.0
169.0
169.0
171.0
168.0
112.0
111.0
111.0
111.0
112.0
112.0
111.0
112.0
110.0
111.0
111.0
112.0
112.0
113.0
111.0
111.0
114.0
111.0
112.0
110.0
111.0
116.0
113.0
114.0
113.0
113.0
114.0
112.0
113.0
114.0
5.0
3.0
4.0
4.0
112.0
113.0
111.0
112.0
113.0
112.0
111.0
112.0
110.0
111.0
111.0
112.0
111.0
112.0
113.0
113.0
111.0
111.0
111.0
111.0
112.0
111.0
111.0
113.0
111.0
112.0
112.0
110.0
110.0
3.0
112.0
111.0
111.0
111.0
4.0
113.0
111.0
110.0
112.0
4.0
110.0
112.0
111.0
3.0
4.0
4.0
3.0
4.0
3.0
4.0
111.0
111.0
111.0
112.0
111.0
111.0
111.0
111.0
111.0
111.0
111.0
111.0
110.0
111.0
110.0
111.0
111.0
112.0
112.0
113.0
114.0
111.0
116.0
115.0
111.0
114.0
111.0
112.0
111.0
116.0
111.0
113.0
116.0
115.0
111.0
111.0
113.0
115.0
112.0
115.0
111.0
111.0
111.0
172.0
172.0
175.0
3.0
4.0
5.0
4.0
173.0
173.0
171.0
173.0
173.0
172.0
172.0
112.0
113.0
112.0
113.0
112.0
112.0
112.0
112.0
113.0
112.0
111.0
111.0
111.0
112.0
113.0
111.0
113.0
113.0
113.0
110.0
111.0
110.0
4.0
111.0
112.0
113.0
112.0
3.0
112.0
113.0
113.0
111.0
3.0
111.0
111.0
111.0
3.0
3.0
4.0
4.0
4.0
3.0
4.0
112.0
112.0
112.0
111.0
113.0
111.0
112.0
111.0
111.0
110.0
113.0
111.0
112.0
111.0
112.0
111.0
111.0
112.0
111.0
111.0
112.0
111.0
111.0
112.0
111.0
111.0
110.0
111.0
111.0
110.0
111.0
111.0
111.0
112.0
110.0
111.0
111.0
111.0
112.0
111.0
111.0
112.0
111.0
111.0
112.0
112.0
4.0
3.0
4.0
3.0
114.0
112.0
110.0
112.0
110.0
114.0
115.0
112.0
111.0
113.0
115.0
114.0
112.0
112.0
112.0
111.0
113.0
113.0
112.0
112.0
113.0
112.0
112.0
111.0
112.0
112.0
114.0
112.0
111.0
3.0
113.0
112.0
112.0
111.0
4.0
111.0
173.0
173.0
175.0
4.0
173.0
174.0
175.0
3.0
4.0
4.0
4.0
3.0
3.0
4.0
175.0
175.0
174.0
175.0
112.0
112.0
112.0
111.0
112.0
114.0
113.0
113.0
112.0
110.0
112.0
111.0
114.0
110.0
112.0
112.0
112.0
111.0
112.0
112.0
113.0
112.0
111.0
112.0
113.0
111.0
111.0
114.0
111.0
114.0
116.0
115.0
112.0
110.0
114.0
111.0
111.0
113.0
112.0
111.0
113.0
115.0
4.0
3.0
3.0
4.0
112.0
110.0
113.0
112.0
110.0
111.0
114.0
114.0
113.0
113.0
111.0
112.0
114.0
111.0
112.0
111.0
111.0
112.0
114.0
114.0
112.0
112.0
112.0
112.0
113.0
110.0
111.0
113.0
115.0
4.0
112.0
110.0
110.0
112.0
3.0
109.0
110.0
106.0
109.0
4.0
105.0
107.0
107.0
3.0
4.0
4.0
4.0
3.0
3.0
4.0
