1.0
1.0
1.0
1.0
0.0
1.0
1.0
1.0
1.0
0.0
22.0
19.0
58.0
69.0
127.0
126.0
127.0
127.0
126.0
127.0
105.0
126.0
104.0
127.0
144.0
164.0
164.0
153.0
164.0
165.0
164.0
164.0
146.0
164.0
110.0
109.0
128.0
127.0
127.0
128.0
128.0
110.0
128.0
128.0
111.0
110.0
142.0
126.0
126.0
110.0
21.0
21.0
69.0
68.0
126.0
123.0
109.0
150.0
123.0
122.0
111.0
121.0
122.0
132.0
122.0
114.0
122.0
121.0
122.0
114.0
115.0
120.0
120.0
119.0
116.0
116.0
118.0
117.0
117.0
117.0
117.0
117.0
118.0
117.0
117.0
117.0
118.0
117.0
117.0
118.0
20.0
19.0
64.0
63.0
117.0
117.0
117.0
116.0
117.0
117.0
117.0
117.0
116.0
116.0
117.0
116.0
116.0
116.0
117.0
116.0
117.0
116.0
117.0
117.0
131.0
131.0
131.0
131.0
132.0
131.0
132.0
131.0
132.0
131.0
117.0
117.0
117.0
117.0
117.0
117.0
20.0
20.0
63.0
62.0
117.0
117.0
116.0
116.0
117.0
116.0
118.0
116.0
117.0
117.0
117.0
117.0
116.0
117.0
117.0
117.0
116.0
116.0
117.0
117.0
117.0
116.0
117.0
117.0
116.0
117.0
117.0
116.0
117.0
116.0
117.0
117.0
117.0
116.0
117.0
116.0
20.0
20.0
63.0
63.0
116.0
117.0
117.0
116.0
117.0
116.0
116.0
117.0
117.0
117.0
117.0
117.0
117.0
117.0
117.0
116.0
117.0
116.0
116.0
116.0
117.0
117.0
117.0
117.0
117.0
117.0
117.0
117.0
117.0
116.0
130.0
130.0
130.0
128.0
126.0
118.0
38.0
22.0
154.0
69.0
156.0
156.0
157.0
157.0
262.0
261.0
156.0
262.0
157.0
234.0
128.0
127.0
127.0
128.0
129.0
129.0
233.0
145.0
127.0
127.0
129.0
128.0
106.0
128.0
128.0
176.0
103.0
127.0
127.0
127.0
127.0
110.0
128.0
127.0
127.0
105.0
18.0
21.0
68.0
68.0
126.0
103.0
126.0
126.0
126.0
126.0
127.0
127.0
103.0
126.0
103.0
126.0
127.0
127.0
126.0
102.0
127.0
126.0
127.0
102.0
153.0
127.0
127.0
126.0
127.0
153.0
105.0
126.0
126.0
127.0
121.0
126.0
126.0
126.0
126.0
110.0
19.0
21.0
68.0
67.0
110.0
137.0
125.0
136.0
136.0
131.0
136.0
126.0
135.0
135.0
128.0
121.0
112.0
121.0
113.0
121.0
113.0
121.0
121.0
120.0
114.0
115.0
119.0
116.0
117.0
115.0
117.0
116.0
117.0
117.0
116.0
116.0
117.0
116.0
116.0
117.0
20.0
20.0
63.0
62.0
116.0
116.0
117.0
116.0
117.0
117.0
116.0
117.0
117.0
116.0
117.0
117.0
116.0
116.0
117.0
116.0
117.0
117.0
117.0
117.0
116.0
116.0
116.0
116.0
117.0
116.0
117.0
119.0
119.0
120.0
128.0
124.0
124.0
125.0
128.0
126.0
20.0
23.0
69.0
70.0
126.0
124.0
123.0
123.0
123.0
123.0
122.0
122.0
123.0
122.0
137.0
134.0
134.0
136.0
134.0
134.0
135.0
134.0
138.0
138.0
161.0
160.0
153.0
161.0
153.0
152.0
153.0
152.0
160.0
158.0
123.0
123.0
118.0
117.0
119.0
117.0
20.0
20.0
64.0
64.0
118.0
118.0
118.0
118.0
118.0
117.0
118.0
117.0
118.0
118.0
119.0
118.0
118.0
118.0
118.0
118.0
118.0
118.0
117.0
119.0
118.0
117.0
119.0
117.0
117.0
117.0
118.0
118.0
118.0
117.0
118.0
117.0
118.0
117.0
118.0
117.0
20.0
20.0
63.0
63.0
117.0
117.0
117.0
117.0
118.0
117.0
118.0
116.0
118.0
117.0
118.0
117.0
118.0
117.0
118.0
117.0
117.0
117.0
117.0
116.0
118.0
117.0
117.0
116.0
117.0
117.0
117.0
117.0
118.0
117.0
130.0
130.0
132.0
131.0
131.0
132.0
20.0
19.0
77.0
78.0
131.0
131.0
118.0
118.0
117.0
116.0
117.0
117.0
117.0
116.0
116.0
116.0
117.0
117.0
117.0
116.0
117.0
117.0
117.0
117.0
117.0
117.0
118.0
117.0
118.0
117.0
116.0
116.0
116.0
117.0
116.0
116.0
117.0
117.0
117.0
117.0
19.0
19.0
63.0
62.0
117.0
116.0
117.0
116.0
117.0
116.0
117.0
117.0
117.0
116.0
117.0
117.0
117.0
117.0
117.0
116.0
117.0
116.0
117.0
116.0
117.0
117.0
116.0
116.0
117.0
116.0
117.0
117.0
117.0
117.0
117.0
117.0
117.0
117.0
116.0
116.0
20.0
19.0
63.0
63.0
116.0
117.0
117.0
128.0
131.0
131.0
131.0
130.0
164.0
165.0
166.0
164.0
165.0
152.0
151.0
151.0
151.0
150.0
117.0
117.0
117.0
117.0
117.0
116.0
117.0
117.0
118.0
117.0
117.0
117.0
117.0
117.0
117.0
116.0
117.0
117.0
21.0
20.0
64.0
64.0
118.0
118.0
118.0
118.0
118.0
118.0
117.0
117.0
118.0
118.0
117.0
118.0
118.0
117.0
118.0
117.0
118.0
118.0
118.0
118.0
117.0
117.0
117.0
117.0
118.0
118.0
118.0
118.0
118.0
118.0
118.0
117.0
118.0
118.0
118.0
117.0
20.0
19.0
64.0
63.0
117.0
117.0
118.0
117.0
118.0
117.0
117.0
117.0
117.0
117.0
117.0
117.0
117.0
118.0
118.0
118.0
118.0
117.0
130.0
130.0
132.0
131.0
132.0
130.0
132.0
130.0
131.0
131.0
118.0
118.0
118.0
117.0
117.0
117.0
118.0
116.0
20.0
19.0
63.0
63.0
117.0
116.0
116.0
116.0
117.0
117.0
117.0
116.0
117.0
116.0
117.0
116.0
116.0
117.0
117.0
117.0
117.0
117.0
116.0
116.0
117.0
117.0
117.0
117.0
116.0
116.0
117.0
117.0
117.0
117.0
117.0
117.0
116.0
117.0
117.0
117.0
19.0
19.0
63.0
63.0
117.0
117.0
116.0
116.0
117.0
116.0
117.0
116.0
117.0
116.0
116.0
116.0
117.0
117.0
117.0
117.0
117.0
117.0
117.0
116.0
117.0
116.0
117.0
117.0
116.0
117.0
118.0
117.0
129.0
129.0
129.0
129.0
165.0
166.0
164.0
164.0
19.0
19.0
111.0
110.0
151.0
151.0
151.0
152.0
117.0
117.0
117.0
117.0
117.0
117.0
117.0
117.0
117.0
116.0
117.0
117.0
117.0
116.0
116.0
116.0
116.0
117.0
117.0
117.0
117.0
117.0
116.0
117.0
117.0
116.0
117.0
117.0
116.0
116.0
117.0
117.0
20.0
20.0
64.0
64.0
118.0
117.0
117.0
117.0
118.0
117.0
117.0
118.0
117.0
118.0
118.0
117.0
118.0
117.0
117.0
117.0
118.0
117.0
117.0
117.0
117.0
117.0
118.0
118.0
118.0
118.0
117.0
117.0
118.0
118.0
118.0
118.0
117.0
118.0
117.0
117.0
20.0
20.0
64.0
63.0
117.0
117.0
117.0
116.0
130.0
129.0
131.0
129.0
132.0
131.0
133.0
132.0
132.0
131.0
121.0
124.0
119.0
118.0
118.0
117.0
120.0
119.0
117.0
119.0
120.0
122.0
117.0
117.0
117.0
117.0
119.0
119.0
117.0
118.0
118.0
117.0
20.0
19.0
63.0
63.0
117.0
117.0
117.0
116.0
116.0
116.0
117.0
116.0
117.0
116.0
116.0
116.0
117.0
117.0
116.0
117.0
117.0
117.0
117.0
117.0
117.0
116.0
119.0
118.0
117.0
118.0
117.0
118.0
116.0
118.0
117.0
116.0
117.0
116.0
117.0
116.0
20.0
19.0
63.0
62.0
117.0
116.0
117.0
116.0
117.0
116.0
117.0
117.0
118.0
116.0
117.0
117.0
117.0
116.0
117.0
129.0
130.0
129.0
132.0
131.0
130.0
130.0
166.0
165.0
166.0
153.0
152.0
153.0
152.0
152.0
151.0
152.0
117.0
117.0
117.0
117.0
19.0
7.0
62.0
51.0
118.0
104.0
117.0
105.0
116.0
105.0
117.0
105.0
117.0
105.0
118.0
105.0
117.0
104.0
117.0
105.0
117.0
104.0
117.0
105.0
117.0
105.0
117.0
105.0
117.0
105.0
116.0
104.0
117.0
104.0
116.0
104.0
116.0
104.0
117.0
104.0
21.0
20.0
63.0
64.0
118.0
117.0
118.0
118.0
117.0
117.0
117.0
117.0
117.0
118.0
118.0
117.0
118.0
118.0
118.0
118.0
118.0
117.0
118.0
118.0
118.0
118.0
117.0
118.0
118.0
117.0
117.0
118.0
118.0
117.0
118.0
119.0
118.0
118.0
131.0
132.0
20.0
19.0
64.0
63.0
132.0
130.0
132.0
131.0
132.0
131.0
131.0
131.0
118.0
117.0
118.0
116.0
118.0
117.0
118.0
117.0
118.0
117.0
117.0
117.0
117.0
116.0
117.0
117.0
118.0
117.0
117.0
117.0
118.0
117.0
117.0
116.0
117.0
117.0
118.0
117.0
19.0
19.0
63.0
63.0
116.0
116.0
116.0
116.0
117.0
117.0
117.0
117.0
117.0
117.0
117.0
117.0
117.0
116.0
116.0
116.0
117.0
116.0
117.0
116.0
117.0
117.0
117.0
117.0
117.0
117.0
116.0
116.0
117.0
116.0
117.0
116.0
117.0
116.0
116.0
116.0
20.0
19.0
63.0
63.0
117.0
117.0
117.0
116.0
118.0
117.0
117.0
116.0
130.0
129.0
132.0
131.0
131.0
130.0
165.0
165.0
164.0
165.0
152.0
151.0
151.0
151.0
152.0
151.0
117.0
117.0
117.0
117.0
117.0
117.0
117.0
116.0
117.0
116.0
117.0
117.0
19.0
3.0
63.0
3.0
117.0
56.0
116.0
57.0
117.0
56.0
117.0
56.0
117.0
56.0
117.0
56.0
116.0
56.0
117.0
56.0
117.0
57.0
116.0
56.0
116.0
57.0
116.0
56.0
116.0
56.0
116.0
56.0
116.0
57.0
116.0
56.0
116.0
56.0
116.0
56.0
20.0
20.0
64.0
64.0
118.0
117.0
118.0
117.0
118.0
118.0
118.0
117.0
118.0
118.0
118.0
118.0
118.0
117.0
117.0
117.0
118.0
117.0
118.0
117.0
117.0
117.0
117.0
117.0
118.0
118.0
117.0
118.0
118.0
117.0
118.0
117.0
118.0
118.0
118.0
131.0
21.0
19.0
64.0
63.0
132.0
131.0
132.0
131.0
132.0
131.0
132.0
132.0
132.0
117.0
117.0
117.0
117.0
117.0
117.0
117.0
117.0
116.0
117.0
116.0
117.0
117.0
117.0
116.0
117.0
116.0
117.0
116.0
118.0
117.0
117.0
117.0
118.0
117.0
118.0
117.0
20.0
20.0
62.0
63.0
116.0
116.0
117.0
116.0
117.0
116.0
116.0
117.0
117.0
117.0
116.0
117.0
116.0
116.0
116.0
116.0
117.0
116.0
116.0
117.0
116.0
117.0
116.0
117.0
116.0
116.0
116.0
117.0
117.0
117.0
116.0
116.0
117.0
116.0
117.0
116.0
20.0
19.0
63.0
62.0
116.0
117.0
116.0
116.0
116.0
117.0
116.0
117.0
116.0
116.0
130.0
131.0
131.0
132.0
131.0
131.0
164.0
164.0
163.0
163.0
149.0
150.0
149.0
149.0
150.0
149.0
117.0
117.0
117.0
117.0
117.0
117.0
117.0
117.0
117.0
116.0
19.0
3.0
62.0
2.0
117.0
57.0
116.0
57.0
117.0
56.0
117.0
56.0
116.0
56.0
117.0
56.0
117.0
56.0
117.0
56.0
117.0
57.0
117.0
56.0
116.0
57.0
117.0
57.0
116.0
56.0
117.0
56.0
116.0
56.0
116.0
56.0
117.0
57.0
117.0
56.0
19.0
19.0
63.0
63.0
117.0
117.0
117.0
116.0
117.0
117.0
117.0
116.0
117.0
116.0
118.0
117.0
118.0
117.0
117.0
117.0
117.0
117.0
117.0
117.0
117.0
117.0
117.0
117.0
117.0
118.0
117.0
116.0
117.0
116.0
117.0
116.0
118.0
116.0
117.0
116.0
19.0
20.0
63.0
63.0
130.0
130.0
131.0
130.0
131.0
131.0
131.0
131.0
130.0
130.0
117.0
117.0
117.0
116.0
116.0
117.0
117.0
116.0
116.0
116.0
116.0
117.0
116.0
117.0
117.0
117.0
117.0
117.0
117.0
117.0
117.0
117.0
117.0
116.0
117.0
117.0
19.0
19.0
62.0
63.0
117.0
117.0
116.0
116.0
117.0
117.0
117.0
117.0
116.0
117.0
116.0
116.0
117.0
117.0
116.0
116.0
116.0
117.0
116.0
117.0
117.0
117.0
117.0
116.0
116.0
116.0
117.0
116.0
117.0
117.0
117.0
116.0
116.0
116.0
117.0
116.0
19.0
19.0
62.0
62.0
117.0
117.0
116.0
116.0
116.0
117.0
117.0
116.0
116.0
116.0
130.0
130.0
130.0
131.0
130.0
130.0
130.0
129.0
130.0
130.0
154.0
153.0
152.0
152.0
154.0
154.0
153.0
154.0
153.0
153.0
117.0
117.0
117.0
117.0
116.0
117.0
19.0
2.0
62.0
2.0
116.0
57.0
117.0
56.0
117.0
56.0
117.0
56.0
117.0
57.0
117.0
57.0
117.0
57.0
117.0
56.0
116.0
56.0
116.0
56.0
116.0
56.0
117.0
56.0
116.0
57.0
117.0
57.0
117.0
56.0
116.0
56.0
117.0
56.0
116.0
56.0
19.0
20.0
64.0
63.0
117.0
117.0
117.0
117.0
117.0
116.0
117.0
116.0
117.0
117.0
118.0
116.0
117.0
117.0
118.0
116.0
118.0
117.0
118.0
116.0
118.0
117.0
118.0
117.0
118.0
117.0
118.0
117.0
118.0
117.0
117.0
116.0
117.0
117.0
117.0
116.0
19.0
12.0
62.0
56.0
116.0
109.0
131.0
123.0
132.0
124.0
131.0
124.0
132.0
124.0
131.0
124.0
117.0
109.0
117.0
109.0
117.0
109.0
117.0
109.0
117.0
109.0
117.0
109.0
116.0
109.0
117.0
110.0
117.0
109.0
116.0
109.0
117.0
109.0
117.0
109.0
11.0
11.0
55.0
12.0
108.0
66.0
109.0
65.0
109.0
66.0
109.0
65.0
109.0
66.0
109.0
66.0
108.0
65.0
109.0
66.0
109.0
65.0
109.0
66.0
109.0
66.0
109.0
66.0
109.0
66.0
108.0
66.0
109.0
65.0
109.0
65.0
109.0
65.0
109.0
66.0
12.0
12.0
55.0
12.0
109.0
66.0
109.0
66.0
111.0
66.0
114.0
66.0
116.0
68.0
116.0
68.0
119.0
72.0
122.0
72.0
116.0
80.0
118.0
70.0
113.0
68.0
111.0
67.0
130.0
70.0
117.0
70.0
112.0
67.0
112.0
71.0
120.0
70.0
122.0
70.0
12.0
2.0
67.0
3.0
121.0
68.0
137.0
68.0
124.0
67.0
125.0
59.0
112.0
59.0
112.0
58.0
111.0
58.0
149.0
59.0
148.0
58.0
156.0
92.0
149.0
92.0
147.0
95.0
151.0
95.0
113.0
61.0
113.0
61.0
112.0
60.0
117.0
61.0
115.0
58.0
1.0
0.0
1.0
1.0
59.0
59.0
61.0
56.0
55.0
56.0
55.0
55.0
55.0
54.0
55.0
55.0
59.0
55.0
55.0
54.0
55.0
55.0
56.0
55.0
55.0
55.0
60.0
55.0
55.0
55.0
56.0
55.0
55.0
55.0
55.0
55.0
57.0
55.0
54.0
54.0
0.0
1.0
1.0
0.0
55.0
55.0
54.0
55.0
54.0
54.0
58.0
55.0
54.0
55.0
55.0
54.0
55.0
54.0
54.0
55.0
57.0
55.0
55.0
54.0
55.0
55.0
54.0
55.0
54.0
55.0
55.0
61.0
54.0
55.0
54.0
55.0
55.0
54.0
55.0
55.0
0.0
1.0
1.0
0.0
55.0
54.0
54.0
59.0
55.0
55.0
54.0
54.0
54.0
54.0
55.0
55.0
55.0
59.0
54.0
54.0
54.0
55.0
54.0
55.0
55.0
54.0
54.0
55.0
59.0
55.0
55.0
54.0
54.0
54.0
55.0
55.0
54.0
55.0
55.0
60.0
0.0
1.0
0.0
1.0
55.0
54.0
54.0
55.0
55.0
54.0
55.0
54.0
55.0
56.0
54.0
55.0
55.0
54.0
55.0
55.0
55.0
55.0
55.0
59.0
55.0
55.0
54.0
54.0
55.0
55.0
55.0
55.0
54.0
55.0
54.0
60.0
55.0
55.0
54.0
54.0
0.0
1.0
0.0
1.0
55.0
54.0
55.0
54.0
55.0
54.0
59.0
55.0
69.0
68.0
69.0
69.0
70.0
69.0
69.0
69.0
69.0
70.0
55.0
55.0
55.0
54.0
55.0
54.0
55.0
54.0
55.0
56.0
55.0
54.0
55.0
55.0
54.0
55.0
54.0
54.0
1.0
0.0
1.0
1.0
55.0
58.0
54.0
54.0
56.0
55.0
55.0
54.0
55.0
55.0
55.0
58.0
55.0
55.0
55.0
54.0
55.0
55.0
55.0
55.0
55.0
60.0
55.0
54.0
56.0
55.0
56.0
55.0
55.0
54.0
55.0
60.0
55.0
54.0
55.0
54.0
0.0
1.0
1.0
0.0
55.0
54.0
55.0
55.0
55.0
55.0
55.0
60.0
55.0
55.0
55.0
55.0
55.0
54.0
55.0
54.0
55.0
55.0
55.0
55.0
54.0
54.0
54.0
54.0
55.0
54.0
54.0
54.0
57.0
55.0
55.0
55.0
54.0
55.0
55.0
56.0
1.0
1.0
0.0
1.0
55.0
55.0
55.0
55.0
56.0
55.0
55.0
55.0
54.0
56.0
55.0
55.0
55.0
55.0
55.0
56.0
55.0
55.0
56.0
55.0
56.0
55.0
55.0
55.0
55.0
55.0
55.0
55.0
55.0
55.0
55.0
55.0
55.0
55.0
55.0
54.0
1.0
1.0
0.0
1.0
54.0
55.0
55.0
54.0
54.0
55.0
54.0
54.0
55.0
54.0
55.0
54.0
54.0
55.0
54.0
55.0
55.0
55.0
55.0
54.0
54.0
55.0
54.0
54.0
55.0
55.0
55.0
54.0
55.0
54.0
55.0
54.0
54.0
55.0
54.0
55.0
0.0
1.0
0.0
0.0
55.0
55.0
54.0
54.0
54.0
54.0
55.0
66.0
67.0
67.0
68.0
68.0
69.0
68.0
69.0
69.0
69.0
56.0
56.0
56.0
55.0
55.0
54.0
55.0
54.0
54.0
54.0
54.0
55.0
54.0
54.0
54.0
52.0
52.0
52.0
52.0
