0.0
0.0
1.0
0.0
0.0
0.0
0.0
0.0
0.0
0.0
119.0
61.0
16.0
16.0
17.0
30.0
16.0
16.0
33.0
33.0
60.0
30.0
16.0
16.0
16.0
31.0
16.0
16.0
17.0
33.0
121.0
31.0
16.0
16.0
16.0
63.0
16.0
16.0
16.0
16.0
121.0
30.0
16.0
16.0
17.0
30.0
16.0
16.0
17.0
16.0
59.0
31.0
17.0
16.0
17.0
30.0
32.0
33.0
16.0
16.0
59.0
25.0
16.0
16.0
16.0
62.0
33.0
33.0
17.0
16.0
59.0
30.0
14.0
16.0
16.0
25.0
16.0
33.0
33.0
33.0
59.0
31.0
17.0
13.0
16.0
30.0
13.0
33.0
17.0
16.0
76.0
62.0
16.0
32.0
13.0
30.0
16.0
16.0
16.0
13.0
63.0
31.0
17.0
13.0
17.0
30.0
33.0
16.0
14.0
16.0
59.0
25.0
16.0
17.0
33.0
30.0
16.0
33.0
17.0
16.0
59.0
31.0
13.0
16.0
16.0
30.0
17.0
33.0
13.0
33.0
59.0
31.0
16.0
13.0
16.0
31.0
13.0
16.0
16.0
16.0
121.0
63.0
16.0
13.0
16.0
31.0
16.0
16.0
16.0
14.0
59.0
31.0
16.0
16.0
16.0
25.0
16.0
16.0
17.0
16.0
59.0
31.0
16.0
16.0
13.0
30.0
17.0
33.0
13.0
16.0
59.0
30.0
16.0
16.0
13.0
31.0
17.0
13.0
17.0
16.0
113.0
30.0
16.0
17.0
13.0
30.0
17.0
33.0
17.0
16.0
48.0
30.0
16.0
17.0
16.0
30.0
16.0
16.0
16.0
16.0
56.0
58.0
16.0
16.0
17.0
30.0
16.0
17.0
16.0
16.0
141.0
141.0
79.0
80.0
80.0
79.0
79.0
80.0
33.0
33.0
113.0
84.0
17.0
16.0
16.0
16.0
17.0
17.0
17.0
17.0
31.0
17.0
17.0
16.0
16.0
16.0
16.0
17.0
16.0
33.0
17.0
16.0
16.0
16.0
17.0
17.0
33.0
33.0
16.0
16.0
17.0
17.0
16.0
33.0
16.0
33.0
16.0
17.0
16.0
16.0
45.0
32.0
33.0
33.0
16.0
16.0
16.0
16.0
33.0
32.0
17.0
16.0
16.0
17.0
16.0
33.0
33.0
17.0
16.0
16.0
16.0
16.0
17.0
33.0
33.0
16.0
16.0
16.0
17.0
16.0
16.0
33.0
33.0
16.0
17.0
17.0
16.0
17.0
17.0
33.0
33.0
17.0
16.0
16.0
16.0
16.0
17.0
33.0
23.0
16.0
59.0
59.0
59.0
59.0
60.0
121.0
62.0
59.0
13.0
33.0
37.0
31.0
16.0
17.0
16.0
16.0
33.0
16.0
13.0
16.0
31.0
16.0
17.0
16.0
13.0
16.0
16.0
16.0
16.0
16.0
16.0
13.0
33.0
16.0
17.0
16.0
17.0
16.0
16.0
13.0
16.0
16.0
16.0
16.0
16.0
13.0
16.0
33.0
16.0
17.0
92.0
31.0
13.0
16.0
17.0
16.0
17.0
17.0
16.0
13.0
17.0
16.0
16.0
16.0
16.0
33.0
16.0
13.0
16.0
16.0
16.0
16.0
16.0
16.0
13.0
16.0
16.0
16.0
16.0
16.0
13.0
16.0
16.0
33.0
16.0
17.0
13.0
16.0
16.0
17.0
16.0
16.0
17.0
16.0
13.0
17.0
17.0
16.0
17.0
33.0
59.0
120.0
59.0
48.0
59.0
49.0
59.0
59.0
16.0
16.0
92.0
31.0
13.0
16.0
16.0
13.0
16.0
13.0
16.0
16.0
25.0
16.0
16.0
16.0
13.0
16.0
16.0
16.0
17.0
13.0
16.0
16.0
16.0
13.0
17.0
17.0
14.0
16.0
16.0
17.0
13.0
17.0
13.0
16.0
16.0
33.0
31.0
16.0
13.0
16.0
45.0
30.0
13.0
16.0
16.0
14.0
16.0
16.0
13.0
13.0
16.0
17.0
16.0
17.0
16.0
16.0
13.0
16.0
13.0
16.0
16.0
16.0
16.0
16.0
13.0
16.0
16.0
16.0
13.0
17.0
14.0
17.0
16.0
16.0
16.0
16.0
17.0
13.0
16.0
13.0
16.0
16.0
16.0
16.0
16.0
16.0
14.0
16.0
16.0
13.0
59.0
50.0
59.0
54.0
59.0
59.0
59.0
59.0
13.0
16.0
39.0
31.0
14.0
14.0
16.0
16.0
14.0
17.0
17.0
17.0
31.0
14.0
16.0
14.0
16.0
14.0
16.0
16.0
16.0
16.0
14.0
16.0
14.0
14.0
16.0
17.0
14.0
16.0
17.0
16.0
16.0
16.0
14.0
14.0
16.0
14.0
16.0
16.0
16.0
16.0
45.0
27.0
16.0
14.0
16.0
15.0
16.0
16.0
16.0
16.0
14.0
16.0
14.0
17.0
14.0
16.0
16.0
17.0
17.0
15.0
16.0
15.0
14.0
16.0
16.0
16.0
14.0
17.0
16.0
16.0
16.0
14.0
14.0
16.0
16.0
14.0
17.0
16.0
16.0
16.0
17.0
14.0
14.0
16.0
14.0
17.0
16.0
16.0
16.0
17.0
52.0
53.0
57.0
52.0
57.0
57.0
57.0
57.0
15.0
15.0
40.0
30.0
15.0
14.0
16.0
15.0
16.0
16.0
14.0
15.0
28.0
15.0
15.0
16.0
14.0
15.0
16.0
16.0
15.0
16.0
14.0
15.0
16.0
15.0
16.0
16.0
14.0
15.0
15.0
15.0
16.0
16.0
15.0
15.0
16.0
15.0
14.0
14.0
16.0
14.0
50.0
29.0
14.0
16.0
15.0
16.0
15.0
15.0
15.0
16.0
15.0
15.0
23.0
23.0
21.0
22.0
22.0
22.0
23.0
24.0
26.0
16.0
18.0
16.0
16.0
16.0
16.0
17.0
16.0
16.0
16.0
16.0
15.0
17.0
15.0
15.0
16.0
16.0
16.0
14.0
16.0
16.0
15.0
15.0
15.0
15.0
16.0
16.0
16.0
15.0
57.0
53.0
57.0
53.0
53.0
57.0
57.0
57.0
14.0
15.0
41.0
29.0
14.0
16.0
14.0
15.0
16.0
15.0
16.0
16.0
27.0
15.0
15.0
15.0
14.0
15.0
15.0
16.0
15.0
15.0
16.0
14.0
14.0
15.0
16.0
15.0
16.0
15.0
16.0
16.0
15.0
15.0
15.0
14.0
16.0
16.0
15.0
15.0
16.0
15.0
40.0
30.0
14.0
15.0
15.0
15.0
16.0
14.0
16.0
16.0
15.0
14.0
16.0
15.0
15.0
15.0
15.0
16.0
16.0
14.0
15.0
15.0
14.0
16.0
16.0
15.0
16.0
15.0
15.0
15.0
14.0
15.0
16.0
15.0
15.0
15.0
16.0
15.0
16.0
15.0
16.0
15.0
15.0
15.0
15.0
16.0
15.0
15.0
15.0
15.0
55.0
55.0
55.0
55.0
55.0
55.0
55.0
55.0
16.0
15.0
41.0
29.0
15.0
15.0
15.0
16.0
15.0
15.0
15.0
15.0
29.0
15.0
15.0
15.0
15.0
15.0
15.0
15.0
16.0
15.0
16.0
15.0
15.0
15.0
15.0
15.0
15.0
15.0
15.0
15.0
15.0
15.0
16.0
15.0
15.0
15.0
15.0
15.0
15.0
15.0
42.0
29.0
15.0
16.0
15.0
15.0
16.0
15.0
15.0
15.0
15.0
15.0
16.0
15.0
15.0
15.0
15.0
15.0
15.0
15.0
15.0
15.0
15.0
15.0
15.0
15.0
15.0
15.0
15.0
15.0
15.0
15.0
15.0
15.0
16.0
15.0
15.0
16.0
15.0
15.0
15.0
15.0
15.0
15.0
15.0
15.0
15.0
15.0
15.0
16.0
55.0
55.0
55.0
55.0
55.0
55.0
55.0
56.0
16.0
15.0
42.0
29.0
15.0
15.0
15.0
15.0
15.0
15.0
15.0
15.0
29.0
15.0
15.0
15.0
15.0
15.0
15.0
16.0
15.0
15.0
15.0
15.0
15.0
15.0
15.0
15.0
15.0
15.0
14.0
15.0
15.0
15.0
15.0
15.0
15.0
15.0
15.0
15.0
15.0
16.0
42.0
29.0
15.0
15.0
16.0
15.0
15.0
15.0
15.0
15.0
15.0
15.0
15.0
15.0
15.0
15.0
15.0
15.0
15.0
15.0
15.0
15.0
15.0
15.0
15.0
15.0
16.0
15.0
15.0
15.0
15.0
15.0
15.0
15.0
15.0
15.0
15.0
15.0
15.0
16.0
15.0
15.0
15.0
15.0
15.0
15.0
15.0
15.0
15.0
15.0
55.0
56.0
56.0
55.0
55.0
55.0
55.0
56.0
16.0
15.0
41.0
29.0
15.0
15.0
15.0
15.0
15.0
15.0
15.0
16.0
29.0
15.0
15.0
15.0
15.0
15.0
15.0
16.0
15.0
15.0
15.0
15.0
15.0
15.0
15.0
15.0
15.0
15.0
15.0
15.0
15.0
15.0
15.0
16.0
15.0
15.0
15.0
15.0
15.0
16.0
41.0
28.0
16.0
15.0
15.0
15.0
15.0
16.0
15.0
15.0
15.0
15.0
15.0
15.0
15.0
15.0
15.0
15.0
15.0
15.0
15.0
15.0
15.0
15.0
15.0
16.0
16.0
15.0
15.0
15.0
15.0
15.0
15.0
15.0
15.0
15.0
15.0
15.0
15.0
15.0
15.0
15.0
15.0
15.0
15.0
15.0
15.0
15.0
15.0
16.0
55.0
55.0
55.0
55.0
55.0
56.0
56.0
55.0
15.0
15.0
41.0
29.0
15.0
15.0
15.0
15.0
16.0
15.0
15.0
15.0
29.0
15.0
15.0
15.0
15.0
15.0
15.0
15.0
15.0
15.0
15.0
15.0
16.0
15.0
39.0
40.0
40.0
40.0
40.0
39.0
39.0
40.0
39.0
40.0
15.0
15.0
15.0
15.0
15.0
15.0
42.0
28.0
15.0
15.0
15.0
15.0
15.0
15.0
15.0
15.0
15.0
15.0
15.0
15.0
16.0
15.0
15.0
15.0
15.0
15.0
15.0
15.0
15.0
15.0
15.0
16.0
16.0
15.0
15.0
15.0
15.0
15.0
15.0
15.0
15.0
15.0
15.0
15.0
15.0
15.0
15.0
15.0
16.0
15.0
15.0
15.0
15.0
15.0
15.0
15.0
55.0
55.0
55.0
55.0
55.0
55.0
55.0
55.0
15.0
16.0
42.0
28.0
16.0
15.0
15.0
16.0
16.0
15.0
15.0
15.0
29.0
15.0
15.0
15.0
15.0
15.0
15.0
15.0
15.0
15.0
15.0
15.0
15.0
16.0
15.0
15.0
15.0
16.0
15.0
15.0
15.0
15.0
15.0
15.0
15.0
15.0
15.0
15.0
15.0
15.0
42.0
28.0
15.0
15.0
15.0
15.0
15.0
15.0
15.0
15.0
15.0
15.0
15.0
15.0
15.0
15.0
15.0
15.0
15.0
15.0
15.0
16.0
16.0
15.0
15.0
15.0
15.0
15.0
15.0
15.0
15.0
15.0
15.0
15.0
15.0
15.0
16.0
15.0
15.0
15.0
15.0
15.0
15.0
15.0
16.0
15.0
15.0
15.0
15.0
16.0
55.0
55.0
55.0
54.0
55.0
55.0
56.0
55.0
15.0
15.0
41.0
28.0
15.0
15.0
15.0
15.0
16.0
16.0
15.0
15.0
29.0
15.0
15.0
15.0
16.0
15.0
15.0
15.0
15.0
15.0
15.0
15.0
15.0
15.0
15.0
15.0
15.0
15.0
15.0
16.0
15.0
15.0
16.0
15.0
15.0
15.0
15.0
16.0
15.0
15.0
41.0
29.0
15.0
15.0
15.0
15.0
15.0
15.0
15.0
15.0
15.0
15.0
15.0
15.0
15.0
15.0
15.0
15.0
15.0
15.0
15.0
15.0
16.0
15.0
15.0
15.0
15.0
16.0
15.0
15.0
15.0
16.0
15.0
15.0
15.0
15.0
15.0
15.0
15.0
15.0
15.0
15.0
15.0
15.0
15.0
15.0
15.0
15.0
15.0
16.0
55.0
55.0
55.0
55.0
56.0
55.0
54.0
55.0
15.0
15.0
42.0
29.0
15.0
15.0
15.0
15.0
15.0
15.0
15.0
16.0
29.0
15.0
15.0
15.0
15.0
15.0
15.0
15.0
15.0
15.0
15.0
15.0
15.0
15.0
15.0
15.0
15.0
15.0
15.0
15.0
15.0
15.0
15.0
15.0
15.0
15.0
15.0
15.0
15.0
15.0
42.0
29.0
15.0
15.0
15.0
16.0
15.0
15.0
15.0
15.0
15.0
15.0
15.0
15.0
16.0
15.0
15.0
15.0
15.0
15.0
15.0
16.0
15.0
15.0
15.0
15.0
16.0
15.0
15.0
16.0
16.0
15.0
15.0
15.0
15.0
15.0
15.0
15.0
15.0
15.0
15.0
15.0
15.0
15.0
15.0
15.0
15.0
15.0
15.0
15.0
55.0
55.0
56.0
55.0
55.0
55.0
55.0
55.0
15.0
15.0
41.0
28.0
15.0
15.0
15.0
15.0
15.0
16.0
15.0
15.0
28.0
15.0
15.0
15.0
15.0
15.0
15.0
15.0
15.0
16.0
15.0
15.0
15.0
15.0
15.0
15.0
15.0
15.0
15.0
15.0
16.0
15.0
15.0
15.0
15.0
15.0
15.0
15.0
15.0
15.0
41.0
29.0
15.0
15.0
15.0
15.0
15.0
15.0
15.0
16.0
15.0
15.0
16.0
15.0
15.0
15.0
15.0
15.0
15.0
16.0
15.0
15.0
15.0
15.0
15.0
15.0
15.0
15.0
15.0
15.0
15.0
15.0
15.0
16.0
15.0
15.0
16.0
15.0
15.0
15.0
15.0
15.0
15.0
15.0
15.0
15.0
15.0
15.0
15.0
15.0
54.0
55.0
56.0
55.0
55.0
55.0
56.0
54.0
16.0
15.0
42.0
29.0
15.0
15.0
15.0
15.0
16.0
16.0
15.0
15.0
29.0
15.0
15.0
15.0
15.0
15.0
15.0
15.0
15.0
15.0
15.0
15.0
15.0
15.0
15.0
15.0
15.0
15.0
15.0
15.0
15.0
15.0
15.0
15.0
15.0
15.0
15.0
15.0
16.0
15.0
50.0
36.0
16.0
16.0
15.0
15.0
15.0
15.0
22.0
22.0
22.0
22.0
22.0
23.0
23.0
23.0
16.0
16.0
16.0
16.0
16.0
17.0
16.0
16.0
16.0
16.0
16.0
15.0
15.0
15.0
15.0
15.0
16.0
15.0
16.0
15.0
16.0
15.0
16.0
15.0
15.0
15.0
15.0
15.0
15.0
15.0
15.0
15.0
15.0
15.0
55.0
55.0
55.0
55.0
55.0
55.0
56.0
55.0
15.0
15.0
41.0
29.0
16.0
16.0
15.0
15.0
15.0
15.0
15.0
15.0
29.0
15.0
15.0
15.0
16.0
15.0
16.0
16.0
15.0
15.0
15.0
15.0
15.0
15.0
15.0
15.0
15.0
15.0
15.0
16.0
15.0
15.0
15.0
15.0
15.0
15.0
15.0
15.0
15.0
15.0
41.0
28.0
15.0
15.0
15.0
15.0
15.0
15.0
15.0
15.0
16.0
15.0
15.0
15.0
15.0
15.0
15.0
16.0
15.0
15.0
15.0
15.0
15.0
16.0
15.0
15.0
15.0
15.0
15.0
15.0
16.0
15.0
15.0
15.0
15.0
15.0
15.0
15.0
15.0
15.0
15.0
15.0
15.0
15.0
15.0
15.0
16.0
15.0
15.0
15.0
55.0
55.0
55.0
55.0
55.0
55.0
54.0
55.0
16.0
16.0
41.0
28.0
15.0
15.0
15.0
15.0
15.0
16.0
15.0
15.0
29.0
15.0
15.0
16.0
16.0
15.0
15.0
15.0
15.0
15.0
15.0
15.0
15.0
15.0
15.0
15.0
15.0
15.0
16.0
15.0
15.0
15.0
15.0
15.0
15.0
15.0
15.0
15.0
15.0
15.0
42.0
28.0
15.0
15.0
15.0
15.0
15.0
15.0
15.0
15.0
15.0
15.0
15.0
15.0
15.0
15.0
15.0
16.0
15.0
15.0
15.0
16.0
15.0
15.0
15.0
15.0
15.0
15.0
15.0
16.0
15.0
15.0
15.0
15.0
15.0
15.0
15.0
15.0
15.0
15.0
15.0
15.0
15.0
15.0
15.0
15.0
15.0
16.0
15.0
15.0
55.0
55.0
55.0
55.0
55.0
55.0
55.0
55.0
15.0
15.0
42.0
29.0
15.0
16.0
15.0
15.0
15.0
15.0
15.0
15.0
29.0
15.0
15.0
15.0
15.0
16.0
15.0
15.0
15.0
15.0
15.0
15.0
15.0
15.0
15.0
15.0
16.0
15.0
15.0
15.0
15.0
15.0
15.0
15.0
15.0
15.0
15.0
15.0
15.0
15.0
42.0
29.0
15.0
16.0
15.0
15.0
15.0
15.0
15.0
16.0
16.0
15.0
15.0
15.0
15.0
15.0
15.0
15.0
15.0
15.0
15.0
15.0
16.0
15.0
15.0
15.0
15.0
15.0
15.0
15.0
15.0
15.0
15.0
15.0
15.0
15.0
16.0
15.0
15.0
15.0
15.0
15.0
15.0
16.0
15.0
15.0
15.0
15.0
15.0
15.0
56.0
56.0
55.0
55.0
56.0
55.0
56.0
55.0
15.0
15.0
43.0
29.0
15.0
15.0
15.0
15.0
15.0
15.0
15.0
15.0
29.0
15.0
15.0
15.0
15.0
15.0
15.0
15.0
16.0
15.0
15.0
15.0
15.0
15.0
16.0
15.0
15.0
15.0
15.0
16.0
15.0
15.0
15.0
15.0
15.0
15.0
15.0
15.0
15.0
15.0
42.0
29.0
16.0
15.0
15.0
15.0
15.0
15.0
15.0
15.0
15.0
15.0
15.0
15.0
15.0
15.0
15.0
16.0
15.0
15.0
16.0
15.0
15.0
16.0
15.0
39.0
38.0
38.0
39.0
38.0
38.0
39.0
39.0
38.0
38.0
15.0
16.0
15.0
15.0
16.0
15.0
15.0
15.0
15.0
15.0
15.0
15.0
15.0
15.0
15.0
55.0
55.0
55.0
55.0
56.0
55.0
56.0
56.0
15.0
15.0
42.0
29.0
15.0
15.0
15.0
15.0
15.0
15.0
15.0
15.0
28.0
15.0
15.0
16.0
15.0
15.0
15.0
15.0
15.0
15.0
15.0
16.0
15.0
15.0
15.0
15.0
15.0
15.0
15.0
16.0
15.0
15.0
15.0
15.0
15.0
15.0
16.0
15.0
15.0
15.0
42.0
28.0
15.0
15.0
15.0
15.0
15.0
15.0
15.0
15.0
15.0
15.0
15.0
15.0
15.0
15.0
15.0
15.0
15.0
15.0
15.0
15.0
15.0
15.0
15.0
15.0
16.0
15.0
15.0
15.0
16.0
15.0
15.0
15.0
15.0
15.0
15.0
16.0
15.0
16.0
15.0
15.0
15.0
15.0
15.0
14.0
15.0
14.0
14.0
14.0
