2.0
2.0
1.0
1.0
1.0
2.0
2.0
1.0
1.0
1.0
8.0
8.0
7.0
7.0
7.0
8.0
8.0
7.0
7.0
7.0
7.0
7.0
7.0
7.0
8.0
7.0
7.0
7.0
7.0
8.0
8.0
8.0
8.0
8.0
7.0
570.0
570.0
569.0
568.0
570.0
569.0
569.0
569.0
571.0
572.0
584.0
584.0
584.0
584.0
584.0
584.0
585.0
584.0
584.0
582.0
597.0
599.0
596.0
598.0
597.0
596.0
597.0
597.0
598.0
596.0
570.0
570.0
569.0
569.0
572.0
570.0
569.0
568.0
570.0
570.0
584.0
586.0
584.0
585.0
586.0
586.0
586.0
585.0
585.0
585.0
569.0
571.0
570.0
570.0
569.0
571.0
571.0
570.0
570.0
571.0
584.0
586.0
584.0
584.0
584.0
585.0
582.0
583.0
585.0
585.0
595.0
596.0
595.0
596.0
595.0
8.0
7.0
7.0
7.0
7.0
7.0
7.0
7.0
7.0
7.0
7.0
8.0
8.0
7.0
8.0
8.0
7.0
7.0
7.0
7.0
7.0
7.0
7.0
7.0
7.0
595.0
596.0
597.0
596.0
595.0
584.0
583.0
584.0
584.0
586.0
585.0
587.0
584.0
585.0
585.0
590.0
591.0
592.0
595.0
591.0
595.0
590.0
600.0
591.0
591.0
584.0
586.0
583.0
584.0
585.0
584.0
584.0
583.0
584.0
583.0
598.0
598.0
595.0
597.0
596.0
597.0
596.0
596.0
596.0
596.0
567.0
568.0
570.0
567.0
571.0
571.0
568.0
571.0
570.0
567.0
582.0
584.0
583.0
584.0
583.0
584.0
583.0
583.0
583.0
581.0
569.0
569.0
570.0
570.0
568.0
578.0
579.0
579.0
578.0
578.0
7.0
7.0
7.0
7.0
8.0
7.0
7.0
7.0
7.0
8.0
8.0
7.0
7.0
7.0
7.0
8.0
7.0
7.0
8.0
7.0
8.0
7.0
7.0
7.0
7.0
8.0
8.0
7.0
7.0
7.0
6.0
1.0
1.0
1.0
1.0
1.0
1.0
1.0
1.0
1.0
1.0
1.0
1.0
1.0
1.0
1.0
1.0
1.0
1.0
1.0
7.0
7.0
7.0
7.0
7.0
7.0
7.0
7.0
7.0
7.0
8.0
7.0
7.0
7.0
7.0
7.0
7.0
7.0
7.0
7.0
8.0
7.0
7.0
7.0
7.0
7.0
7.0
7.0
7.0
7.0
5.0
1.0
1.0
1.0
1.0
2.0
2.0
1.0
1.0
1.0
1.0
1.0
1.0
1.0
1.0
1.0
1.0
1.0
1.0
1.0
8.0
7.0
7.0
7.0
7.0
7.0
7.0
7.0
7.0
7.0
8.0
7.0
7.0
7.0
7.0
7.0
7.0
7.0
7.0
7.0
7.0
7.0
7.0
7.0
7.0
7.0
7.0
7.0
7.0
7.0
5.0
1.0
1.0
1.0
1.0
1.0
1.0
1.0
1.0
1.0
1.0
1.0
1.0
2.0
1.0
1.0
1.0
1.0
1.0
1.0
8.0
7.0
7.0
7.0
7.0
7.0
7.0
7.0
7.0
7.0
8.0
7.0
7.0
7.0
7.0
7.0
7.0
7.0
7.0
7.0
7.0
7.0
7.0
7.0
7.0
8.0
7.0
7.0
7.0
7.0
5.0
1.0
1.0
1.0
1.0
2.0
1.0
1.0
1.0
1.0
1.0
1.0
1.0
1.0
1.0
1.0
1.0
1.0
1.0
1.0
8.0
7.0
7.0
7.0
7.0
7.0
7.0
7.0
7.0
7.0
8.0
7.0
7.0
7.0
7.0
8.0
7.0
7.0
7.0
7.0
7.0
7.0
7.0
7.0
7.0
8.0
7.0
8.0
7.0
7.0
5.0
1.0
1.0
1.0
1.0
2.0
1.0
1.0
1.0
1.0
1.0
1.0
1.0
1.0
1.0
1.0
1.0
1.0
1.0
1.0
586.0
583.0
584.0
584.0
584.0
584.0
583.0
585.0
584.0
582.0
584.0
583.0
584.0
583.0
584.0
584.0
582.0
586.0
583.0
581.0
598.0
599.0
599.0
598.0
597.0
597.0
597.0
599.0
597.0
598.0
567.0
563.0
562.0
563.0
565.0
564.0
564.0
565.0
564.0
566.0
577.0
577.0
579.0
579.0
580.0
337.0
339.0
337.0
337.0
337.0
569.0
569.0
569.0
570.0
570.0
582.0
585.0
583.0
585.0
584.0
584.0
584.0
584.0
582.0
586.0
597.0
597.0
598.0
595.0
596.0
597.0
596.0
595.0
596.0
597.0
569.0
569.0
570.0
568.0
568.0
582.0
578.0
578.0
579.0
579.0
578.0
580.0
578.0
579.0
578.0
564.0
564.0
564.0
563.0
566.0
322.0
323.0
323.0
323.0
323.0
583.0
584.0
584.0
583.0
584.0
583.0
583.0
583.0
583.0
585.0
597.0
601.0
599.0
599.0
599.0
599.0
600.0
598.0
600.0
599.0
569.0
568.0
567.0
570.0
570.0
568.0
568.0
568.0
570.0
570.0
581.0
579.0
579.0
578.0
579.0
578.0
579.0
580.0
580.0
581.0
562.0
560.0
563.0
562.0
563.0
322.0
322.0
322.0
323.0
323.0
582.0
581.0
583.0
584.0
584.0
583.0
582.0
583.0
582.0
584.0
600.0
598.0
597.0
598.0
599.0
596.0
598.0
597.0
597.0
597.0
569.0
569.0
571.0
568.0
571.0
582.0
582.0
582.0
582.0
584.0
581.0
577.0
578.0
577.0
581.0
563.0
563.0
563.0
563.0
563.0
575.0
578.0
577.0
578.0
575.0
334.0
333.0
333.0
333.0
334.0
599.0
600.0
598.0
599.0
598.0
599.0
597.0
597.0
599.0
598.0
569.0
570.0
568.0
568.0
567.0
569.0
568.0
569.0
569.0
570.0
582.0
583.0
584.0
583.0
583.0
584.0
584.0
584.0
584.0
588.0
582.0
581.0
578.0
582.0
580.0
577.0
580.0
579.0
580.0
577.0
578.0
577.0
578.0
578.0
578.0
338.0
336.0
337.0
345.0
338.0
597.0
597.0
597.0
615.0
601.0
599.0
596.0
598.0
597.0
597.0
569.0
568.0
570.0
571.0
579.0
569.0
571.0
568.0
570.0
568.0
584.0
583.0
583.0
584.0
599.0
582.0
584.0
583.0
584.0
583.0
569.0
567.0
568.0
568.0
583.0
580.0
582.0
581.0
580.0
582.0
579.0
578.0
578.0
580.0
601.0
322.0
322.0
322.0
323.0
323.0
600.0
600.0
599.0
600.0
600.0
600.0
601.0
601.0
600.0
624.0
571.0
583.0
583.0
580.0
583.0
584.0
582.0
587.0
588.0
616.0
584.0
572.0
572.0
572.0
572.0
573.0
571.0
569.0
571.0
594.0
580.0
578.0
577.0
579.0
578.0
576.0
578.0
578.0
579.0
601.0
592.0
592.0
592.0
591.0
591.0
322.0
321.0
323.0
323.0
365.0
600.0
601.0
600.0
601.0
598.0
573.0
573.0
572.0
571.0
570.0
588.0
588.0
588.0
590.0
589.0
588.0
588.0
589.0
588.0
592.0
570.0
569.0
568.0
569.0
568.0
569.0
569.0
567.0
570.0
569.0
581.0
577.0
578.0
580.0
577.0
578.0
579.0
578.0
578.0
579.0
593.0
592.0
593.0
594.0
591.0
351.0
350.0
353.0
351.0
352.0
568.0
568.0
568.0
569.0
569.0
569.0
569.0
569.0
570.0
582.0
584.0
582.0
580.0
582.0
582.0
583.0
582.0
581.0
585.0
569.0
568.0
570.0
570.0
569.0
568.0
568.0
568.0
567.0
584.0
582.0
581.0
577.0
577.0
577.0
578.0
576.0
605.0
605.0
594.0
594.0
592.0
593.0
592.0
592.0
591.0
350.0
321.0
322.0
323.0
321.0
567.0
569.0
569.0
571.0
582.0
581.0
580.0
581.0
579.0
581.0
580.0
583.0
584.0
582.0
569.0
568.0
568.0
569.0
568.0
568.0
580.0
582.0
581.0
584.0
585.0
583.0
583.0
584.0
583.0
583.0
597.0
592.0
591.0
594.0
593.0
592.0
593.0
594.0
592.0
589.0
562.0
563.0
564.0
564.0
574.0
322.0
322.0
321.0
322.0
323.0
596.0
597.0
596.0
597.0
597.0
600.0
597.0
596.0
600.0
583.0
571.0
568.0
569.0
568.0
568.0
569.0
569.0
570.0
572.0
580.0
582.0
581.0
582.0
581.0
582.0
582.0
582.0
580.0
584.0
598.0
596.0
592.0
591.0
593.0
591.0
592.0
594.0
593.0
593.0
562.0
564.0
563.0
562.0
562.0
564.0
321.0
321.0
323.0
323.0
321.0
583.0
584.0
582.0
585.0
583.0
583.0
583.0
583.0
583.0
582.0
568.0
569.0
569.0
571.0
581.0
579.0
578.0
580.0
579.0
580.0
580.0
581.0
581.0
582.0
596.0
599.0
598.0
597.0
598.0
598.0
596.0
593.0
591.0
593.0
563.0
563.0
562.0
564.0
564.0
562.0
574.0
573.0
576.0
576.0
574.0
332.0
334.0
333.0
334.0
333.0
570.0
568.0
570.0
568.0
569.0
568.0
569.0
570.0
572.0
568.0
581.0
582.0
584.0
583.0
582.0
582.0
582.0
581.0
583.0
583.0
599.0
600.0
599.0
599.0
598.0
599.0
599.0
598.0
601.0
597.0
567.0
562.0
564.0
564.0
564.0
562.0
565.0
563.0
563.0
574.0
575.0
576.0
576.0
576.0
573.0
336.0
334.0
335.0
336.0
323.0
569.0
569.0
568.0
571.0
569.0
568.0
567.0
568.0
570.0
568.0
581.0
579.0
582.0
581.0
579.0
581.0
579.0
581.0
580.0
580.0
599.0
600.0
601.0
601.0
598.0
598.0
599.0
599.0
600.0
599.0
567.0
564.0
562.0
564.0
577.0
576.0
576.0
577.0
576.0
578.0
578.0
577.0
578.0
580.0
561.0
322.0
322.0
321.0
322.0
321.0
568.0
570.0
566.0
568.0
569.0
570.0
568.0
568.0
585.0
582.0
615.0
614.0
613.0
614.0
612.0
615.0
615.0
615.0
602.0
601.0
568.0
569.0
570.0
569.0
570.0
569.0
574.0
569.0
573.0
569.0
581.0
576.0
577.0
577.0
577.0
578.0
577.0
586.0
580.0
578.0
566.0
563.0
565.0
563.0
562.0
322.0
322.0
325.0
323.0
321.0
7.0
8.0
7.0
7.0
7.0
7.0
7.0
7.0
7.0
7.0
7.0
7.0
7.0
8.0
5.0
8.0
7.0
7.0
7.0
1.0
7.0
7.0
7.0
1.0
1.0
7.0
7.0
7.0
1.0
1.0
1.0
1.0
1.0
1.0
1.0
1.0
1.0
1.0
1.0
1.0
1.0
1.0
1.0
1.0
2.0
1.0
1.0
1.0
1.0
1.0
7.0
7.0
7.0
7.0
7.0
7.0
7.0
7.0
7.0
7.0
7.0
7.0
7.0
7.0
5.0
7.0
7.0
7.0
8.0
1.0
7.0
7.0
7.0
1.0
1.0
8.0
7.0
7.0
1.0
1.0
1.0
1.0
1.0
1.0
1.0
2.0
1.0
1.0
1.0
1.0
1.0
1.0
1.0
1.0
1.0
1.0
1.0
1.0
1.0
1.0
7.0
7.0
7.0
7.0
7.0
7.0
7.0
7.0
7.0
7.0
7.0
8.0
7.0
7.0
5.0
7.0
7.0
7.0
7.0
1.0
8.0
7.0
7.0
1.0
1.0
8.0
7.0
8.0
1.0
1.0
1.0
1.0
1.0
1.0
1.0
1.0
1.0
1.0
1.0
1.0
1.0
1.0
1.0
1.0
1.0
1.0
1.0
1.0
1.0
1.0
7.0
8.0
7.0
7.0
7.0
7.0
7.0
7.0
7.0
7.0
7.0
7.0
7.0
7.0
5.0
8.0
7.0
7.0
7.0
1.0
7.0
7.0
7.0
1.0
1.0
7.0
7.0
7.0
1.0
1.0
2.0
1.0
1.0
1.0
1.0
1.0
1.0
1.0
1.0
1.0
1.0
1.0
1.0
1.0
1.0
1.0
1.0
1.0
1.0
1.0
7.0
7.0
7.0
7.0
7.0
8.0
8.0
7.0
7.0
7.0
7.0
8.0
8.0
8.0
4.0
7.0
7.0
7.0
7.0
1.0
8.0
7.0
7.0
1.0
1.0
7.0
7.0
7.0
1.0
1.0
1.0
1.0
1.0
1.0
1.0
1.0
1.0
1.0
1.0
1.0
1.0
1.0
1.0
1.0
1.0
1.0
1.0
1.0
1.0
1.0
585.0
593.0
587.0
587.0
587.0
586.0
587.0
587.0
585.0
588.0
616.0
607.0
608.0
611.0
606.0
610.0
607.0
608.0
614.0
607.0
571.0
571.0
570.0
565.0
565.0
570.0
573.0
569.0
565.0
567.0
582.0
580.0
581.0
581.0
581.0
581.0
580.0
580.0
581.0
580.0
576.0
576.0
321.0
321.0
323.0
322.0
324.0
321.0
322.0
323.0
583.0
582.0
582.0
584.0
584.0
583.0
587.0
587.0
596.0
598.0
596.0
596.0
596.0
595.0
594.0
599.0
596.0
598.0
571.0
563.0
582.0
583.0
582.0
575.0
578.0
580.0
583.0
585.0
577.0
578.0
565.0
563.0
565.0
565.0
563.0
565.0
565.0
566.0
564.0
564.0
576.0
577.0
321.0
322.0
322.0
322.0
322.0
323.0
335.0
335.0
582.0
583.0
582.0
583.0
581.0
583.0
598.0
597.0
598.0
597.0
597.0
598.0
598.0
597.0
595.0
599.0
569.0
569.0
567.0
561.0
583.0
582.0
583.0
577.0
577.0
584.0
581.0
584.0
575.0
574.0
564.0
565.0
563.0
564.0
563.0
563.0
564.0
565.0
564.0
563.0
578.0
578.0
322.0
325.0
322.0
333.0
336.0
337.0
337.0
337.0
611.0
611.0
611.0
601.0
595.0
598.0
596.0
596.0
595.0
596.0
570.0
569.0
570.0
571.0
568.0
569.0
568.0
568.0
569.0
561.0
582.0
581.0
583.0
577.0
577.0
583.0
584.0
584.0
577.0
577.0
562.0
561.0
563.0
563.0
563.0
561.0
563.0
562.0
564.0
562.0
577.0
577.0
336.0
336.0
336.0
336.0
336.0
337.0
344.0
336.0
597.0
599.0
596.0
597.0
597.0
596.0
596.0
602.0
598.0
596.0
568.0
570.0
569.0
569.0
567.0
567.0
569.0
569.0
569.0
564.0
582.0
584.0
582.0
575.0
577.0
582.0
583.0
582.0
577.0
577.0
564.0
564.0
576.0
579.0
576.0
577.0
578.0
578.0
576.0
575.0
580.0
583.0
323.0
323.0
323.0
324.0
322.0
321.0
321.0
321.0
597.0
596.0
596.0
598.0
598.0
599.0
605.0
598.0
597.0
599.0
569.0
569.0
568.0
569.0
567.0
569.0
567.0
568.0
569.0
563.0
582.0
583.0
585.0
577.0
578.0
583.0
582.0
583.0
578.0
578.0
575.0
573.0
572.0
574.0
574.0
574.0
574.0
575.0
574.0
577.0
602.0
604.0
331.0
335.0
331.0
331.0
336.0
332.0
332.0
332.0
600.0
601.0
599.0
599.0
598.0
600.0
598.0
601.0
568.0
569.0
579.0
578.0
581.0
584.0
582.0
585.0
585.0
586.0
584.0
579.0
572.0
572.0
571.0
564.0
562.0
570.0
568.0
571.0
562.0
563.0
574.0
574.0
573.0
575.0
574.0
574.0
575.0
575.0
574.0
573.0
592.0
589.0
322.0
321.0
322.0
321.0
321.0
323.0
350.0
350.0
597.0
596.0
598.0
596.0
599.0
598.0
569.0
569.0
570.0
568.0
583.0
583.0
583.0
584.0
580.0
585.0
585.0
584.0
583.0
579.0
569.0
568.0
568.0
561.0
563.0
570.0
568.0
568.0
563.0
564.0
575.0
575.0
574.0
575.0
576.0
576.0
574.0
575.0
575.0
575.0
590.0
591.0
348.0
349.0
350.0
351.0
349.0
350.0
350.0
351.0
568.0
568.0
568.0
569.0
569.0
568.0
568.0
569.0
569.0
568.0
584.0
585.0
583.0
585.0
581.0
582.0
583.0
582.0
583.0
579.0
569.0
568.0
570.0
564.0
564.0
569.0
568.0
568.0
563.0
563.0
577.0
578.0
577.0
581.0
577.0
578.0
578.0
577.0
577.0
576.0
591.0
592.0
349.0
350.0
350.0
350.0
350.0
349.0
350.0
350.0
569.0
571.0
569.0
569.0
568.0
569.0
568.0
568.0
570.0
570.0
583.0
585.0
583.0
582.0
581.0
585.0
583.0
581.0
582.0
581.0
569.0
571.0
570.0
564.0
562.0
579.0
582.0
582.0
572.0
584.0
580.0
580.0
606.0
606.0
607.0
593.0
592.0
592.0
591.0
598.0
592.0
593.0
321.0
323.0
323.0
324.0
323.0
320.0
322.0
333.0
574.0
572.0
573.0
574.0
572.0
572.0
572.0
572.0
587.0
587.0
585.0
586.0
585.0
585.0
583.0
585.0
585.0
587.0
571.0
567.0
584.0
582.0
586.0
579.0
576.0
584.0
585.0
583.0
577.0
578.0
594.0
593.0
593.0
593.0
592.0
593.0
593.0
593.0
593.0
594.0
562.0
564.0
321.0
322.0
321.0
322.0
321.0
323.0
323.0
324.0
582.0
581.0
581.0
581.0
581.0
581.0
584.0
583.0
582.0
582.0
570.0
571.0
571.0
570.0
567.0
571.0
570.0
571.0
568.0
561.0
607.0
604.0
600.0
594.0
596.0
604.0
615.0
604.0
596.0
599.0
590.0
590.0
591.0
592.0
592.0
592.0
614.0
592.0
591.0
591.0
563.0
562.0
322.0
320.0
321.0
321.0
336.0
323.0
322.0
321.0
583.0
583.0
583.0
583.0
584.0
609.0
583.0
583.0
584.0
585.0
570.0
570.0
569.0
568.0
569.0
593.0
569.0
570.0
567.0
563.0
584.0
583.0
583.0
577.0
579.0
610.0
583.0
583.0
578.0
577.0
591.0
592.0
591.0
592.0
592.0
616.0
589.0
591.0
591.0
591.0
564.0
564.0
322.0
321.0
323.0
337.0
322.0
321.0
322.0
321.0
583.0
582.0
584.0
609.0
583.0
583.0
583.0
584.0
584.0
584.0
569.0
569.0
573.0
573.0
569.0
572.0
569.0
586.0
571.0
567.0
586.0
585.0
585.0
577.0
578.0
583.0
584.0
583.0
577.0
578.0
591.0
590.0
594.0
589.0
590.0
590.0
591.0
590.0
592.0
590.0
563.0
562.0
322.0
321.0
322.0
322.0
321.0
321.0
322.0
322.0
586.0
585.0
583.0
582.0
583.0
585.0
584.0
585.0
583.0
585.0
570.0
568.0
568.0
571.0
567.0
568.0
568.0
569.0
568.0
573.0
584.0
584.0
583.0
578.0
578.0
611.0
611.0
615.0
606.0
596.0
595.0
593.0
593.0
591.0
593.0
564.0
564.0
562.0
563.0
565.0
540.0
531.0
323.0
320.0
321.0
320.0
319.0
319.0
318.0
316.0
