5.0
4.0
4.0
4.0
5.0
5.0
4.0
4.0
4.0
5.0
27.0
27.0
27.0
27.0
28.0
27.0
27.0
27.0
28.0
28.0
51.0
51.0
51.0
50.0
51.0
51.0
51.0
51.0
50.0
51.0
28.0
28.0
28.0
28.0
27.0
28.0
28.0
28.0
27.0
27.0
27.0
27.0
27.0
27.0
28.0
27.0
27.0
27.0
27.0
27.0
28.0
27.0
28.0
27.0
27.0
28.0
27.0
28.0
28.0
28.0
27.0
27.0
27.0
27.0
27.0
29.0
27.0
27.0
27.0
27.0
28.0
28.0
28.0
28.0
27.0
28.0
27.0
28.0
28.0
27.0
28.0
27.0
27.0
27.0
27.0
28.0
27.0
27.0
27.0
27.0
52.0
52.0
52.0
52.0
51.0
52.0
52.0
52.0
52.0
51.0
9295.0
9217.0
9244.0
9218.0
9218.0
9299.0
9220.0
27.0
27.0
27.0
27.0
27.0
27.0
27.0
27.0
27.0
28.0
27.0
28.0
27.0
28.0
28.0
27.0
27.0
27.0
28.0
27.0
28.0
28.0
27.0
27.0
27.0
27.0
28.0
28.0
27.0
27.0
27.0
52.0
52.0
52.0
52.0
52.0
52.0
52.0
52.0
52.0
52.0
27.0
27.0
28.0
27.0
27.0
27.0
27.0
27.0
28.0
27.0
27.0
27.0
27.0
28.0
27.0
28.0
28.0
28.0
27.0
27.0
27.0
28.0
28.0
27.0
28.0
27.0
27.0
27.0
28.0
28.0
27.0
27.0
27.0
27.0
27.0
27.0
27.0
27.0
27.0
27.0
28.0
28.0
28.0
28.0
28.0
28.0
28.0
28.0
28.0
8967.0
8993.0
8974.0
8974.0
8979.0
8971.0
8984.0
8982.0
28.0
27.0
28.0
28.0
27.0
28.0
27.0
28.0
28.0
27.0
28.0
27.0
27.0
27.0
27.0
28.0
27.0
27.0
27.0
27.0
27.0
27.0
27.0
27.0
27.0
27.0
27.0
27.0
27.0
27.0
27.0
26.0
27.0
27.0
27.0
25.0
20.0
3.0
4.0
3.0
4.0
3.0
3.0
3.0
4.0
4.0
4.0
3.0
4.0
3.0
27.0
26.0
27.0
38.0
39.0
40.0
39.0
39.0
39.0
39.0
42.0
41.0
41.0
30.0
29.0
29.0
29.0
29.0
29.0
29.0
28.0
27.0
27.0
27.0
27.0
27.0
27.0
27.0
27.0
27.0
27.0
27.0
27.0
26.0
27.0
25.0
20.0
4.0
4.0
4.0
3.0
3.0
3.0
4.0
4.0
4.0
3.0
3.0
4.0
3.0
27.0
27.0
27.0
27.0
28.0
28.0
27.0
27.0
27.0
27.0
27.0
27.0
27.0
27.0
26.0
27.0
27.0
26.0
27.0
26.0
27.0
26.0
26.0
27.0
27.0
27.0
27.0
27.0
26.0
27.0
28.0
27.0
27.0
26.0
27.0
25.0
20.0
3.0
4.0
4.0
4.0
3.0
3.0
4.0
4.0
4.0
3.0
3.0
4.0
3.0
28.0
27.0
27.0
26.0
26.0
27.0
27.0
26.0
27.0
27.0
27.0
26.0
27.0
27.0
27.0
27.0
27.0
27.0
26.0
27.0
27.0
27.0
27.0
27.0
27.0
27.0
27.0
27.0
27.0
27.0
27.0
27.0
26.0
26.0
26.0
25.0
20.0
3.0
4.0
3.0
4.0
3.0
3.0
4.0
3.0
4.0
3.0
3.0
4.0
4.0
27.0
26.0
26.0
26.0
26.0
27.0
27.0
27.0
26.0
27.0
27.0
27.0
27.0
27.0
27.0
27.0
27.0
27.0
27.0
27.0
27.0
27.0
27.0
27.0
27.0
27.0
26.0
27.0
27.0
26.0
27.0
27.0
26.0
26.0
26.0
25.0
20.0
3.0
3.0
4.0
4.0
4.0
3.0
4.0
3.0
4.0
3.0
3.0
4.0
3.0
28.0
26.0
27.0
26.0
26.0
27.0
27.0
27.0
26.0
27.0
27.0
27.0
27.0
27.0
27.0
27.0
27.0
27.0
27.0
27.0
27.0
26.0
26.0
27.0
27.0
27.0
26.0
26.0
26.0
26.0
27.0
26.0
27.0
26.0
26.0
25.0
20.0
4.0
4.0
4.0
4.0
3.0
3.0
3.0
4.0
4.0
3.0
3.0
3.0
3.0
27.0
27.0
27.0
26.0
27.0
27.0
27.0
27.0
27.0
27.0
27.0
26.0
26.0
27.0
27.0
27.0
26.0
26.0
27.0
27.0
27.0
26.0
27.0
26.0
26.0
27.0
27.0
27.0
26.0
26.0
27.0
27.0
26.0
27.0
27.0
25.0
20.0
4.0
4.0
4.0
3.0
3.0
3.0
4.0
4.0
4.0
3.0
3.0
4.0
4.0
27.0
26.0
26.0
26.0
27.0
27.0
27.0
27.0
26.0
26.0
28.0
27.0
27.0
27.0
26.0
27.0
27.0
26.0
27.0
27.0
27.0
26.0
27.0
27.0
27.0
27.0
27.0
27.0
27.0
27.0
27.0
27.0
26.0
26.0
26.0
25.0
20.0
3.0
3.0
3.0
4.0
4.0
4.0
4.0
3.0
3.0
3.0
3.0
3.0
3.0
28.0
27.0
26.0
26.0
26.0
27.0
27.0
27.0
26.0
27.0
27.0
26.0
27.0
27.0
27.0
27.0
27.0
27.0
26.0
27.0
27.0
26.0
26.0
26.0
27.0
27.0
26.0
26.0
27.0
26.0
27.0
27.0
27.0
27.0
26.0
25.0
20.0
4.0
3.0
4.0
4.0
4.0
3.0
3.0
3.0
4.0
3.0
3.0
4.0
4.0
26.0
26.0
26.0
27.0
26.0
27.0
27.0
27.0
27.0
27.0
27.0
27.0
27.0
27.0
26.0
27.0
26.0
26.0
26.0
27.0
27.0
27.0
27.0
26.0
27.0
27.0
27.0
27.0
27.0
26.0
64.0
63.0
63.0
64.0
64.0
62.0
57.0
3.0
3.0
4.0
4.0
4.0
3.0
3.0
4.0
4.0
41.0
41.0
41.0
4.0
27.0
27.0
26.0
27.0
27.0
27.0
26.0
27.0
27.0
27.0
27.0
27.0
26.0
27.0
27.0
27.0
27.0
26.0
27.0
26.0
27.0
27.0
27.0
26.0
26.0
27.0
27.0
27.0
26.0
27.0
27.0
26.0
26.0
27.0
27.0
25.0
20.0
4.0
4.0
3.0
3.0
3.0
4.0
4.0
3.0
4.0
3.0
3.0
3.0
4.0
27.0
27.0
26.0
27.0
27.0
27.0
27.0
26.0
26.0
27.0
27.0
26.0
27.0
26.0
27.0
27.0
27.0
26.0
26.0
26.0
28.0
26.0
27.0
27.0
26.0
27.0
26.0
27.0
27.0
27.0
27.0
26.0
26.0
26.0
27.0
25.0
20.0
3.0
3.0
3.0
4.0
4.0
4.0
4.0
3.0
4.0
3.0
4.0
3.0
4.0
27.0
27.0
26.0
27.0
27.0
27.0
27.0
27.0
27.0
27.0
27.0
27.0
27.0
27.0
27.0
28.0
27.0
27.0
27.0
27.0
27.0
27.0
27.0
27.0
27.0
27.0
27.0
27.0
27.0
27.0
27.0
27.0
27.0
26.0
27.0
25.0
20.0
4.0
3.0
3.0
3.0
4.0
4.0
4.0
3.0
4.0
3.0
3.0
3.0
4.0
28.0
27.0
26.0
26.0
27.0
27.0
26.0
27.0
27.0
26.0
27.0
26.0
27.0
27.0
26.0
27.0
27.0
27.0
27.0
27.0
27.0
26.0
27.0
27.0
27.0
27.0
27.0
26.0
26.0
26.0
27.0
27.0
26.0
26.0
27.0
25.0
20.0
4.0
4.0
4.0
4.0
3.0
3.0
3.0
4.0
4.0
4.0
3.0
4.0
3.0
27.0
26.0
27.0
27.0
27.0
27.0
27.0
27.0
26.0
26.0
27.0
27.0
26.0
26.0
26.0
28.0
27.0
27.0
27.0
27.0
27.0
27.0
27.0
27.0
27.0
27.0
26.0
26.0
27.0
27.0
27.0
27.0
27.0
26.0
27.0
25.0
20.0
4.0
3.0
3.0
4.0
4.0
4.0
3.0
3.0
3.0
4.0
4.0
4.0
3.0
27.0
27.0
27.0
27.0
26.0
27.0
27.0
26.0
26.0
27.0
27.0
26.0
26.0
27.0
26.0
27.0
26.0
27.0
27.0
26.0
27.0
27.0
27.0
26.0
27.0
27.0
27.0
27.0
27.0
27.0
27.0
27.0
27.0
27.0
26.0
25.0
20.0
3.0
3.0
4.0
4.0
4.0
3.0
3.0
3.0
4.0
4.0
3.0
3.0
3.0
27.0
27.0
27.0
26.0
27.0
27.0
26.0
27.0
27.0
26.0
27.0
27.0
26.0
27.0
26.0
27.0
26.0
26.0
27.0
27.0
27.0
26.0
27.0
27.0
27.0
27.0
27.0
27.0
26.0
27.0
27.0
26.0
26.0
27.0
27.0
25.0
20.0
3.0
4.0
3.0
4.0
3.0
4.0
4.0
4.0
4.0
3.0
3.0
3.0
4.0
27.0
27.0
26.0
27.0
27.0
27.0
26.0
26.0
26.0
26.0
27.0
26.0
27.0
26.0
27.0
27.0
27.0
27.0
27.0
27.0
27.0
26.0
27.0
27.0
27.0
27.0
27.0
27.0
27.0
27.0
27.0
26.0
26.0
27.0
26.0
25.0
20.0
3.0
3.0
3.0
4.0
4.0
4.0
4.0
3.0
3.0
3.0
3.0
4.0
4.0
8999.0
8982.0
8979.0
8996.0
8995.0
8993.0
8994.0
8993.0
9038.0
9072.0
9308.0
9072.0
9072.0
9071.0
9071.0
8990.0
8991.0
8994.0
8987.0
9003.0
8991.0
9006.0
8998.0
9048.0
9046.0
9019.0
9015.0
9012.0
9003.0
8999.0
9066.0
8997.0
9051.0
9066.0
4829.0
4828.0
4832.0
4837.0
4834.0
9010.0
9007.0
9064.0
9123.0
9012.0
9090.0
9089.0
9070.0
9143.0
9143.0
9153.0
9130.0
9172.0
9120.0
9116.0
9113.0
9329.0
9328.0
9345.0
9344.0
9552.0
9550.0
9536.0
9523.0
9395.0
9395.0
9407.0
5213.0
4959.0
4971.0
4964.0
4966.0
63.0
26.0
27.0
27.0
26.0
54.0
26.0
27.0
27.0
26.0
27.0
27.0
77.0
70.0
54.0
26.0
27.0
27.0
54.0
27.0
26.0
26.0
27.0
26.0
26.0
27.0
51.0
27.0
27.0
26.0
27.0
27.0
27.0
10.0
10.0
20.0
4.0
3.0
4.0
3.0
4.0
3.0
3.0
4.0
3.0
3.0
3.0
4.0
4.0
3.0
52.0
53.0
27.0
27.0
26.0
27.0
26.0
27.0
27.0
27.0
27.0
27.0
27.0
27.0
26.0
27.0
27.0
27.0
27.0
27.0
26.0
27.0
27.0
27.0
27.0
27.0
27.0
27.0
26.0
27.0
27.0
27.0
26.0
10.0
11.0
20.0
3.0
4.0
3.0
4.0
3.0
4.0
4.0
3.0
3.0
3.0
4.0
3.0
3.0
3.0
27.0
27.0
27.0
27.0
27.0
26.0
27.0
27.0
27.0
26.0
27.0
27.0
27.0
27.0
27.0
26.0
27.0
27.0
27.0
26.0
27.0
27.0
27.0
27.0
27.0
27.0
26.0
27.0
27.0
27.0
51.0
52.0
27.0
10.0
10.0
21.0
4.0
3.0
3.0
4.0
3.0
3.0
4.0
4.0
3.0
3.0
3.0
4.0
3.0
3.0
27.0
27.0
26.0
27.0
27.0
27.0
26.0
27.0
27.0
27.0
27.0
27.0
26.0
26.0
27.0
26.0
26.0
27.0
27.0
27.0
27.0
27.0
27.0
26.0
26.0
28.0
27.0
26.0
26.0
27.0
27.0
27.0
26.0
11.0
10.0
20.0
4.0
3.0
4.0
3.0
4.0
4.0
3.0
3.0
3.0
4.0
3.0
3.0
4.0
3.0
27.0
27.0
28.0
28.0
27.0
27.0
27.0
26.0
27.0
27.0
27.0
27.0
27.0
26.0
27.0
27.0
27.0
27.0
26.0
27.0
27.0
27.0
27.0
27.0
26.0
27.0
27.0
27.0
27.0
27.0
26.0
27.0
67.0
22.0
12.0
46.0
3.0
4.0
3.0
4.0
3.0
4.0
3.0
3.0
4.0
4.0
3.0
3.0
4.0
3.0
26.0
26.0
27.0
27.0
26.0
27.0
27.0
27.0
27.0
27.0
26.0
27.0
27.0
27.0
26.0
27.0
27.0
27.0
27.0
27.0
27.0
28.0
27.0
27.0
26.0
27.0
28.0
28.0
28.0
27.0
27.0
28.0
27.0
10.0
11.0
20.0
3.0
4.0
3.0
4.0
3.0
4.0
3.0
3.0
3.0
3.0
4.0
3.0
3.0
3.0
27.0
27.0
26.0
26.0
27.0
26.0
27.0
27.0
26.0
26.0
27.0
27.0
27.0
27.0
26.0
26.0
27.0
27.0
27.0
27.0
26.0
26.0
27.0
27.0
26.0
26.0
27.0
27.0
27.0
26.0
26.0
27.0
27.0
10.0
10.0
19.0
3.0
4.0
3.0
3.0
4.0
4.0
3.0
3.0
14.0
15.0
4.0
4.0
4.0
4.0
30.0
29.0
27.0
27.0
27.0
26.0
27.0
27.0
27.0
27.0
27.0
27.0
27.0
27.0
27.0
27.0
27.0
27.0
27.0
27.0
27.0
27.0
27.0
27.0
27.0
27.0
27.0
27.0
27.0
26.0
27.0
27.0
27.0
11.0
11.0
20.0
4.0
3.0
4.0
3.0
4.0
3.0
3.0
4.0
4.0
3.0
3.0
4.0
4.0
3.0
27.0
27.0
27.0
27.0
27.0
27.0
27.0
27.0
26.0
27.0
27.0
26.0
27.0
27.0
27.0
26.0
27.0
27.0
26.0
27.0
26.0
26.0
26.0
27.0
27.0
27.0
27.0
27.0
27.0
27.0
26.0
57.0
57.0
10.0
10.0
49.0
3.0
3.0
3.0
4.0
4.0
4.0
4.0
3.0
34.0
34.0
33.0
33.0
34.0
34.0
27.0
27.0
26.0
26.0
27.0
26.0
27.0
26.0
26.0
27.0
26.0
27.0
27.0
27.0
27.0
27.0
26.0
27.0
27.0
27.0
27.0
27.0
27.0
27.0
26.0
27.0
27.0
27.0
27.0
26.0
27.0
26.0
26.0
10.0
11.0
20.0
4.0
3.0
3.0
3.0
3.0
4.0
3.0
4.0
3.0
4.0
3.0
3.0
4.0
3.0
27.0
26.0
27.0
27.0
26.0
27.0
27.0
26.0
27.0
27.0
27.0
27.0
26.0
26.0
27.0
26.0
26.0
27.0
26.0
26.0
26.0
27.0
27.0
27.0
26.0
27.0
27.0
26.0
27.0
26.0
27.0
26.0
26.0
10.0
11.0
20.0
3.0
4.0
4.0
4.0
3.0
3.0
4.0
3.0
3.0
3.0
4.0
3.0
3.0
3.0
27.0
27.0
26.0
27.0
27.0
27.0
27.0
27.0
27.0
27.0
27.0
27.0
27.0
26.0
26.0
27.0
26.0
26.0
27.0
27.0
26.0
27.0
27.0
27.0
27.0
27.0
27.0
27.0
26.0
26.0
27.0
26.0
26.0
10.0
10.0
19.0
3.0
4.0
3.0
4.0
4.0
4.0
4.0
3.0
4.0
3.0
3.0
3.0
3.0
4.0
26.0
27.0
27.0
27.0
27.0
26.0
27.0
27.0
27.0
27.0
27.0
26.0
27.0
26.0
26.0
27.0
27.0
26.0
26.0
27.0
27.0
27.0
26.0
27.0
27.0
27.0
26.0
27.0
27.0
26.0
26.0
27.0
27.0
10.0
10.0
20.0
4.0
3.0
3.0
3.0
4.0
4.0
4.0
4.0
4.0
4.0
3.0
3.0
3.0
3.0
26.0
26.0
27.0
27.0
27.0
27.0
26.0
27.0
26.0
26.0
27.0
27.0
26.0
27.0
27.0
27.0
27.0
27.0
27.0
27.0
27.0
27.0
27.0
26.0
26.0
27.0
27.0
27.0
27.0
27.0
27.0
27.0
27.0
11.0
11.0
20.0
3.0
4.0
3.0
3.0
4.0
3.0
3.0
3.0
3.0
4.0
3.0
3.0
3.0
4.0
27.0
26.0
27.0
27.0
26.0
26.0
26.0
26.0
27.0
26.0
27.0
27.0
26.0
27.0
27.0
27.0
27.0
27.0
27.0
26.0
27.0
27.0
27.0
27.0
27.0
27.0
27.0
27.0
27.0
27.0
27.0
27.0
27.0
10.0
10.0
20.0
3.0
3.0
3.0
4.0
4.0
3.0
3.0
4.0
4.0
3.0
3.0
4.0
4.0
3.0
26.0
27.0
27.0
26.0
26.0
27.0
27.0
26.0
27.0
27.0
28.0
27.0
27.0
28.0
28.0
28.0
27.0
27.0
27.0
27.0
27.0
27.0
27.0
27.0
27.0
26.0
27.0
27.0
27.0
27.0
27.0
27.0
27.0
10.0
10.0
20.0
4.0
3.0
3.0
3.0
4.0
4.0
4.0
4.0
4.0
4.0
3.0
3.0
3.0
3.0
26.0
27.0
27.0
27.0
27.0
27.0
27.0
26.0
27.0
27.0
28.0
27.0
27.0
27.0
27.0
27.0
28.0
27.0
27.0
27.0
27.0
27.0
27.0
27.0
27.0
26.0
27.0
27.0
27.0
26.0
27.0
27.0
27.0
10.0
10.0
20.0
3.0
3.0
3.0
3.0
4.0
4.0
4.0
4.0
4.0
3.0
3.0
3.0
3.0
3.0
27.0
27.0
27.0
27.0
27.0
27.0
27.0
26.0
27.0
27.0
26.0
26.0
26.0
26.0
26.0
27.0
27.0
26.0
26.0
26.0
27.0
27.0
27.0
27.0
26.0
26.0
26.0
27.0
27.0
27.0
27.0
26.0
26.0
10.0
10.0
20.0
4.0
3.0
3.0
3.0
4.0
4.0
4.0
4.0
4.0
4.0
3.0
3.0
3.0
3.0
9072.0
9065.0
9065.0
9069.0
9057.0
9065.0
9062.0
8994.0
8978.0
8978.0
8988.0
8988.0
8985.0
8987.0
8987.0
8995.0
8998.0
8998.0
8998.0
8998.0
8997.0
8997.0
8996.0
8992.0
8966.0
8966.0
8985.0
8974.0
8966.0
8966.0
8991.0
9002.0
9004.0
4845.0
4849.0
4846.0
4844.0
4841.0
4863.0
9056.0
9050.0
9050.0
9049.0
9024.0
9080.0
9079.0
9078.0
9052.0
9052.0
9053.0
9053.0
9052.0
9065.0
9070.0
9078.0
9334.0
9342.0
9340.0
9320.0
9334.0
9491.0
9488.0
9498.0
8753.0
8750.0
5117.0
5108.0
5090.0
4370.0
4370.0
4375.0
