7.0
7.0
7.0
7.0
8.0
8.0
1.0
1.0
1.0
1.0
1.0
97.0
204.0
338.0
339.0
339.0
338.0
339.0
338.0
338.0
338.0
338.0
338.0
331.0
331.0
331.0
331.0
331.0
331.0
331.0
1.0
97.0
203.0
330.0
329.0
330.0
330.0
329.0
330.0
330.0
330.0
330.0
330.0
330.0
332.0
336.0
336.0
336.0
338.0
336.0
1.0
97.0
204.0
336.0
337.0
337.0
343.0
344.0
338.0
338.0
339.0
338.0
338.0
340.0
338.0
339.0
332.0
331.0
331.0
332.0
1.0
96.0
204.0
331.0
333.0
330.0
331.0
330.0
330.0
330.0
330.0
330.0
330.0
331.0
332.0
330.0
331.0
331.0
337.0
337.0
1.0
96.0
210.0
337.0
344.0
344.0
347.0
344.0
343.0
344.0
337.0
337.0
337.0
338.0
330.0
330.0
331.0
331.0
330.0
330.0
1.0
96.0
203.0
331.0
330.0
330.0
331.0
330.0
331.0
331.0
331.0
331.0
332.0
331.0
330.0
330.0
335.0
335.0
346.0
336.0
1.0
96.0
203.0
336.0
344.0
345.0
346.0
347.0
347.0
344.0
344.0
351.0
342.0
341.0
333.0
335.0
332.0
331.0
331.0
331.0
1.0
96.0
204.0
330.0
330.0
331.0
331.0
330.0
329.0
330.0
330.0
330.0
330.0
331.0
330.0
330.0
330.0
334.0
337.0
336.0
1.0
96.0
203.0
336.0
336.0
342.0
343.0
343.0
343.0
344.0
340.0
337.0
338.0
338.0
337.0
331.0
331.0
330.0
330.0
330.0
1.0
96.0
204.0
333.0
334.0
333.0
333.0
333.0
333.0
334.0
333.0
333.0
331.0
319.0
313.0
309.0
297.0
296.0
292.0
291.0
1.0
1.0
1.0
1.0
1.0
1.0
1.0
1.0
1.0
1.0
98.0
99.0
98.0
97.0
97.0
97.0
97.0
98.0
98.0
1.0
205.0
203.0
204.0
203.0
203.0
203.0
203.0
203.0
203.0
1.0
330.0
329.0
330.0
330.0
330.0
331.0
330.0
330.0
329.0
128.0
330.0
330.0
331.0
330.0
330.0
330.0
330.0
330.0
329.0
127.0
343.0
343.0
343.0
342.0
342.0
343.0
343.0
344.0
343.0
140.0
329.0
330.0
331.0
330.0
329.0
330.0
330.0
330.0
331.0
128.0
329.0
330.0
330.0
329.0
330.0
329.0
331.0
330.0
331.0
128.0
337.0
337.0
337.0
337.0
337.0
336.0
344.0
343.0
343.0
134.0
337.0
337.0
337.0
338.0
337.0
337.0
338.0
329.0
331.0
128.0
329.0
330.0
330.0
330.0
329.0
330.0
330.0
329.0
330.0
127.0
331.0
330.0
331.0
330.0
330.0
330.0
330.0
330.0
330.0
128.0
342.0
343.0
343.0
342.0
343.0
343.0
343.0
342.0
343.0
133.0
337.0
330.0
330.0
331.0
330.0
330.0
330.0
330.0
330.0
127.0
330.0
331.0
331.0
329.0
330.0
329.0
329.0
330.0
330.0
127.0
330.0
331.0
330.0
336.0
344.0
343.0
342.0
343.0
343.0
128.0
344.0
343.0
343.0
343.0
338.0
331.0
331.0
331.0
330.0
127.0
331.0
332.0
331.0
331.0
332.0
333.0
331.0
332.0
332.0
129.0
331.0
332.0
332.0
333.0
333.0
332.0
332.0
336.0
336.0
129.0
339.0
340.0
340.0
340.0
339.0
339.0
347.0
349.0
343.0
132.0
1.0
1.0
1.0
1.0
0.0
0.0
1.0
1.0
1.0
1.0
104.0
104.0
104.0
104.0
104.0
104.0
104.0
97.0
97.0
0.0
205.0
205.0
205.0
205.0
205.0
205.0
205.0
205.0
204.0
1.0
333.0
332.0
333.0
333.0
333.0
334.0
333.0
333.0
334.0
130.0
332.0
332.0
334.0
333.0
334.0
333.0
334.0
334.0
334.0
130.0
339.0
347.0
347.0
347.0
347.0
347.0
347.0
347.0
348.0
135.0
341.0
342.0
333.0
333.0
333.0
334.0
334.0
333.0
333.0
129.0
332.0
332.0
333.0
334.0
333.0
332.0
333.0
333.0
333.0
128.0
334.0
335.0
335.0
335.0
338.0
338.0
337.0
337.0
337.0
129.0
344.0
345.0
345.0
345.0
345.0
339.0
338.0
339.0
339.0
137.0
330.0
330.0
330.0
330.0
330.0
331.0
330.0
330.0
329.0
128.0
330.0
330.0
330.0
330.0
330.0
330.0
330.0
340.0
341.0
128.0
347.0
347.0
348.0
349.0
347.0
350.0
351.0
347.0
345.0
135.0
337.0
338.0
338.0
338.0
338.0
337.0
338.0
338.0
338.0
127.0
330.0
329.0
330.0
330.0
331.0
330.0
330.0
331.0
330.0
128.0
330.0
331.0
330.0
330.0
330.0
329.0
330.0
330.0
330.0
128.0
335.0
334.0
334.0
334.0
342.0
343.0
342.0
343.0
343.0
132.0
338.0
338.0
338.0
338.0
337.0
329.0
330.0
330.0
329.0
128.0
330.0
331.0
330.0
330.0
330.0
329.0
331.0
331.0
332.0
128.0
331.0
331.0
331.0
331.0
330.0
331.0
330.0
335.0
336.0
127.0
0.0
1.0
0.0
1.0
1.0
0.0
0.0
0.0
1.0
1.0
97.0
96.0
96.0
96.0
96.0
97.0
102.0
102.0
101.0
0.0
208.0
209.0
209.0
208.0
217.0
212.0
211.0
211.0
211.0
0.0
338.0
339.0
338.0
339.0
339.0
330.0
330.0
330.0
331.0
127.0
330.0
331.0
329.0
330.0
329.0
331.0
330.0
330.0
330.0
128.0
329.0
329.0
329.0
329.0
331.0
330.0
330.0
329.0
334.0
128.0
345.0
343.0
344.0
345.0
344.0
343.0
345.0
344.0
344.0
136.0
329.0
329.0
329.0
329.0
329.0
330.0
330.0
330.0
329.0
128.0
330.0
330.0
330.0
330.0
330.0
330.0
330.0
330.0
330.0
129.0
329.0
330.0
334.0
334.0
336.0
333.0
336.0
337.0
337.0
128.0
346.0
347.0
347.0
342.0
341.0
342.0
342.0
341.0
340.0
137.0
331.0
330.0
330.0
330.0
329.0
329.0
329.0
329.0
330.0
128.0
330.0
329.0
329.0
330.0
330.0
329.0
330.0
331.0
330.0
127.0
331.0
336.0
336.0
338.0
337.0
336.0
336.0
335.0
336.0
128.0
344.0
344.0
339.0
339.0
337.0
338.0
339.0
338.0
338.0
136.0
330.0
330.0
330.0
330.0
330.0
330.0
330.0
330.0
329.0
127.0
330.0
329.0
329.0
330.0
329.0
330.0
330.0
330.0
330.0
127.0
335.0
335.0
335.0
336.0
336.0
336.0
336.0
336.0
336.0
127.0
346.0
337.0
339.0
338.0
338.0
338.0
340.0
340.0
339.0
138.0
330.0
329.0
329.0
329.0
330.0
331.0
330.0
330.0
330.0
127.0
1.0
1.0
0.0
1.0
1.0
1.0
0.0
1.0
1.0
0.0
96.0
96.0
95.0
96.0
96.0
96.0
96.0
96.0
97.0
1.0
204.0
205.0
203.0
204.0
204.0
204.0
204.0
204.0
204.0
0.0
331.0
336.0
336.0
334.0
335.0
336.0
336.0
336.0
336.0
128.0
345.0
345.0
339.0
338.0
339.0
339.0
339.0
338.0
339.0
136.0
330.0
329.0
329.0
330.0
330.0
329.0
329.0
330.0
330.0
127.0
330.0
330.0
330.0
330.0
330.0
330.0
329.0
329.0
330.0
128.0
335.0
335.0
335.0
336.0
335.0
335.0
335.0
342.0
342.0
133.0
337.0
337.0
337.0
337.0
337.0
337.0
337.0
339.0
330.0
127.0
331.0
331.0
331.0
331.0
331.0
331.0
332.0
331.0
331.0
127.0
329.0
330.0
330.0
329.0
329.0
330.0
331.0
330.0
330.0
127.0
336.0
336.0
335.0
337.0
338.0
338.0
337.0
337.0
337.0
134.0
339.0
339.0
338.0
338.0
339.0
338.0
337.0
338.0
338.0
136.0
330.0
330.0
330.0
329.0
329.0
330.0
330.0
330.0
330.0
127.0
330.0
329.0
330.0
330.0
329.0
329.0
329.0
330.0
329.0
127.0
335.0
335.0
335.0
335.0
335.0
342.0
342.0
342.0
342.0
133.0
337.0
338.0
338.0
338.0
338.0
338.0
329.0
329.0
330.0
128.0
331.0
330.0
330.0
330.0
330.0
330.0
331.0
331.0
330.0
128.0
330.0
329.0
329.0
330.0
329.0
330.0
330.0
330.0
334.0
128.0
334.0
335.0
335.0
335.0
335.0
335.0
335.0
342.0
341.0
127.0
1.0
1.0
0.0
1.0
1.0
0.0
1.0
1.0
0.0
1.0
103.0
104.0
103.0
103.0
103.0
103.0
103.0
104.0
96.0
0.0
203.0
203.0
203.0
202.0
203.0
202.0
203.0
202.0
203.0
1.0
329.0
330.0
330.0
330.0
331.0
331.0
330.0
330.0
331.0
128.0
331.0
329.0
330.0
330.0
330.0
330.0
330.0
330.0
330.0
128.0
335.0
337.0
336.0
343.0
346.0
346.0
346.0
348.0
349.0
134.0
359.0
361.0
362.0
365.0
364.0
366.0
364.0
362.0
360.0
149.0
344.0
344.0
342.0
346.0
336.0
331.0
330.0
331.0
331.0
128.0
330.0
330.0
329.0
330.0
334.0
330.0
336.0
337.0
336.0
127.0
337.0
337.0
337.0
336.0
336.0
339.0
342.0
339.0
338.0
128.0
338.0
337.0
337.0
338.0
337.0
337.0
341.0
329.0
331.0
128.0
331.0
330.0
331.0
331.0
330.0
331.0
331.0
334.0
330.0
127.0
330.0
330.0
330.0
330.0
330.0
329.0
330.0
330.0
333.0
127.0
336.0
343.0
344.0
343.0
344.0
344.0
344.0
345.0
344.0
135.0
341.0
337.0
330.0
329.0
330.0
330.0
330.0
329.0
330.0
127.0
329.0
334.0
330.0
331.0
331.0
332.0
330.0
330.0
330.0
127.0
332.0
331.0
334.0
330.0
334.0
334.0
336.0
336.0
337.0
128.0
335.0
336.0
336.0
339.0
336.0
339.0
338.0
338.0
336.0
128.0
337.0
336.0
337.0
337.0
341.0
337.0
331.0
330.0
330.0
128.0
330.0
329.0
330.0
329.0
330.0
334.0
330.0
330.0
330.0
127.0
1.0
1.0
0.0
1.0
0.0
1.0
1.0
1.0
0.0
0.0
97.0
96.0
96.0
97.0
97.0
96.0
96.0
97.0
96.0
0.0
203.0
203.0
203.0
203.0
203.0
203.0
205.0
203.0
203.0
0.0
336.0
344.0
344.0
343.0
345.0
344.0
344.0
348.0
346.0
134.0
343.0
344.0
335.0
336.0
336.0
337.0
336.0
336.0
335.0
131.0
331.0
331.0
331.0
330.0
329.0
331.0
331.0
330.0
330.0
128.0
330.0
330.0
331.0
331.0
334.0
333.0
335.0
335.0
336.0
128.0
335.0
336.0
335.0
335.0
342.0
338.0
338.0
338.0
338.0
128.0
337.0
337.0
337.0
337.0
337.0
330.0
330.0
329.0
329.0
127.0
330.0
330.0
329.0
330.0
330.0
330.0
329.0
329.0
329.0
128.0
330.0
330.0
330.0
330.0
330.0
330.0
330.0
330.0
335.0
128.0
336.0
343.0
343.0
343.0
342.0
344.0
343.0
344.0
343.0
127.0
338.0
338.0
332.0
332.0
331.0
332.0
332.0
332.0
331.0
129.0
330.0
329.0
331.0
330.0
331.0
330.0
330.0
331.0
330.0
128.0
332.0
332.0
331.0
332.0
336.0
336.0
336.0
337.0
338.0
130.0
336.0
336.0
337.0
343.0
343.0
341.0
341.0
340.0
339.0
128.0
339.0
339.0
339.0
338.0
331.0
331.0
332.0
332.0
331.0
128.0
332.0
333.0
331.0
331.0
331.0
330.0
331.0
331.0
331.0
129.0
330.0
331.0
333.0
331.0
331.0
331.0
335.0
336.0
337.0
128.0
344.0
343.0
342.0
344.0
343.0
343.0
342.0
337.0
338.0
135.0
1.0
1.0
0.0
1.0
1.0
0.0
1.0
0.0
0.0
1.0
96.0
96.0
96.0
96.0
96.0
96.0
96.0
96.0
96.0
1.0
203.0
203.0
202.0
203.0
203.0
202.0
203.0
203.0
203.0
1.0
330.0
330.0
330.0
330.0
330.0
329.0
329.0
329.0
330.0
127.0
330.0
329.0
329.0
331.0
333.0
336.0
336.0
335.0
335.0
128.0
335.0
335.0
335.0
343.0
343.0
341.0
339.0
339.0
338.0
128.0
339.0
340.0
339.0
340.0
332.0
332.0
329.0
331.0
330.0
127.0
329.0
329.0
329.0
330.0
330.0
331.0
330.0
330.0
330.0
128.0
330.0
329.0
330.0
330.0
330.0
329.0
335.0
335.0
335.0
128.0
342.0
342.0
342.0
342.0
343.0
342.0
343.0
338.0
337.0
135.0
330.0
330.0
330.0
329.0
329.0
330.0
330.0
330.0
329.0
128.0
330.0
330.0
330.0
331.0
330.0
331.0
331.0
330.0
330.0
128.0
331.0
331.0
337.0
336.0
336.0
336.0
337.0
337.0
337.0
128.0
337.0
344.0
344.0
338.0
338.0
337.0
336.0
337.0
337.0
128.0
337.0
337.0
330.0
331.0
330.0
330.0
330.0
329.0
330.0
128.0
329.0
330.0
330.0
331.0
330.0
331.0
331.0
331.0
331.0
128.0
331.0
331.0
330.0
331.0
335.0
336.0
335.0
336.0
336.0
127.0
342.0
343.0
343.0
344.0
343.0
341.0
340.0
347.0
346.0
135.0
349.0
354.0
348.0
353.0
351.0
351.0
351.0
357.0
345.0
136.0
335.0
334.0
333.0
334.0
333.0
332.0
331.0
329.0
330.0
127.0
0.0
1.0
0.0
1.0
1.0
0.0
1.0
1.0
0.0
1.0
96.0
96.0
96.0
95.0
96.0
96.0
96.0
96.0
96.0
1.0
208.0
209.0
208.0
207.0
208.0
208.0
208.0
208.0
96.0
0.0
346.0
345.0
339.0
340.0
339.0
340.0
339.0
340.0
233.0
130.0
337.0
329.0
329.0
330.0
330.0
330.0
330.0
330.0
223.0
128.0
330.0
329.0
330.0
329.0
330.0
330.0
330.0
329.0
222.0
127.0
329.0
329.0
330.0
334.0
337.0
337.0
337.0
337.0
230.0
128.0
345.0
345.0
345.0
345.0
339.0
338.0
338.0
338.0
231.0
128.0
337.0
330.0
330.0
330.0
330.0
331.0
331.0
330.0
223.0
128.0
330.0
330.0
330.0
330.0
330.0
330.0
331.0
330.0
223.0
127.0
331.0
331.0
331.0
333.0
335.0
336.0
337.0
336.0
223.0
128.0
337.0
346.0
345.0
345.0
346.0
343.0
340.0
341.0
232.0
128.0
341.0
341.0
335.0
333.0
332.0
333.0
332.0
332.0
225.0
129.0
330.0
330.0
329.0
329.0
330.0
330.0
330.0
330.0
223.0
128.0
330.0
331.0
330.0
329.0
331.0
334.0
335.0
335.0
224.0
128.0
335.0
342.0
342.0
343.0
343.0
343.0
342.0
338.0
231.0
128.0
338.0
338.0
330.0
329.0
331.0
330.0
330.0
331.0
223.0
127.0
330.0
330.0
330.0
331.0
330.0
330.0
330.0
330.0
223.0
128.0
330.0
329.0
330.0
329.0
330.0
329.0
332.0
333.0
223.0
128.0
336.0
335.0
343.0
344.0
343.0
344.0
344.0
345.0
233.0
129.0
1.0
0.0
1.0
1.0
0.0
1.0
1.0
0.0
1.0
1.0
103.0
104.0
104.0
97.0
96.0
96.0
96.0
96.0
96.0
1.0
203.0
203.0
203.0
203.0
203.0
202.0
203.0
203.0
202.0
1.0
330.0
330.0
329.0
331.0
329.0
329.0
329.0
330.0
330.0
128.0
331.0
330.0
330.0
331.0
329.0
329.0
331.0
329.0
330.0
128.0
333.0
333.0
333.0
340.0
340.0
341.0
341.0
340.0
340.0
132.0
336.0
338.0
337.0
337.0
330.0
330.0
330.0
330.0
329.0
128.0
329.0
330.0
330.0
330.0
329.0
330.0
330.0
329.0
329.0
128.0
330.0
330.0
330.0
330.0
330.0
331.0
335.0
336.0
336.0
128.0
336.0
336.0
342.0
343.0
343.0
343.0
343.0
338.0
338.0
128.0
338.0
338.0
338.0
330.0
330.0
331.0
331.0
330.0
331.0
128.0
331.0
330.0
330.0
330.0
329.0
330.0
330.0
329.0
329.0
127.0
331.0
329.0
330.0
330.0
330.0
330.0
332.0
335.0
335.0
128.0
335.0
342.0
342.0
342.0
342.0
343.0
341.0
340.0
337.0
128.0
338.0
338.0
329.0
330.0
330.0
330.0
330.0
329.0
330.0
128.0
330.0
329.0
330.0
330.0
330.0
330.0
330.0
330.0
329.0
127.0
331.0
330.0
330.0
329.0
336.0
335.0
335.0
335.0
336.0
127.0
343.0
343.0
343.0
344.0
344.0
337.0
338.0
337.0
339.0
127.0
337.0
330.0
330.0
330.0
331.0
330.0
330.0
329.0
331.0
127.0
330.0
330.0
329.0
330.0
330.0
330.0
330.0
330.0
330.0
127.0
1.0
1.0
0.0
1.0
0.0
1.0
1.0
0.0
1.0
0.0
96.0
96.0
96.0
95.0
96.0
96.0
95.0
96.0
96.0
1.0
202.0
202.0
202.0
203.0
202.0
204.0
202.0
96.0
96.0
0.0
335.0
343.0
342.0
342.0
343.0
342.0
343.0
236.0
235.0
133.0
338.0
338.0
330.0
331.0
330.0
330.0
330.0
224.0
223.0
128.0
329.0
330.0
329.0
330.0
329.0
330.0
330.0
223.0
223.0
128.0
330.0
330.0
330.0
331.0
331.0
331.0
331.0
223.0
223.0
127.0
336.0
336.0
335.0
343.0
343.0
343.0
343.0
228.0
228.0
133.0
338.0
337.0
338.0
337.0
338.0
337.0
330.0
223.0
223.0
128.0
330.0
329.0
329.0
330.0
330.0
329.0
330.0
223.0
222.0
128.0
329.0
330.0
330.0
330.0
330.0
330.0
330.0
223.0
224.0
127.0
336.0
337.0
335.0
336.0
335.0
336.0
335.0
229.0
229.0
134.0
338.0
338.0
338.0
337.0
337.0
338.0
337.0
231.0
230.0
135.0
329.0
338.0
340.0
342.0
351.0
346.0
348.0
230.0
231.0
128.0
359.0
359.0
352.0
350.0
352.0
347.0
346.0
238.0
237.0
138.0
336.0
336.0
336.0
335.0
335.0
335.0
335.0
229.0
229.0
128.0
343.0
337.0
337.0
337.0
337.0
338.0
337.0
230.0
230.0
135.0
330.0
329.0
329.0
330.0
329.0
330.0
329.0
223.0
223.0
128.0
329.0
330.0
330.0
330.0
330.0
330.0
329.0
223.0
223.0
128.0
329.0
324.0
324.0
324.0
324.0
324.0
317.0
220.0
218.0
128.0
