2.0
1.0
1.0
1.0
1.0
1.0
1.0
1.0
2.0
1.0
1.0
1.0
1.0
1.0
1.0
379.0
395.0
490.0
398.0
492.0
383.0
487.0
448.0
396.0
527.0
390.0
400.0
359.0
389.0
391.0
1.0
1.0
2.0
1.0
1.0
389.0
386.0
403.0
336.0
386.0
380.0
362.0
339.0
393.0
360.0
332.0
357.0
355.0
360.0
353.0
1.0
1.0
0.0
1.0
1.0
347.0
347.0
363.0
349.0
351.0
350.0
348.0
349.0
355.0
349.0
362.0
363.0
362.0
360.0
364.0
1.0
1.0
1.0
1.0
1.0
361.0
362.0
362.0
363.0
362.0
346.0
347.0
347.0
347.0
351.0
349.0
349.0
349.0
348.0
348.0
1.0
1.0
1.0
1.0
1.0
349.0
348.0
346.0
350.0
351.0
351.0
348.0
349.0
348.0
348.0
365.0
364.0
361.0
361.0
364.0
1.0
1.0
1.0
1.0
1.0
363.0
362.0
363.0
371.0
362.0
347.0
351.0
347.0
349.0
350.0
349.0
349.0
350.0
351.0
347.0
1.0
1.0
1.0
2.0
1.0
349.0
349.0
347.0
347.0
350.0
348.0
350.0
361.0
365.0
365.0
362.0
367.0
363.0
363.0
362.0
1.0
1.0
1.0
1.0
1.0
420.0
416.0
406.0
407.0
407.0
411.0
407.0
403.0
408.0
408.0
351.0
347.0
350.0
351.0
348.0
1.0
1.0
1.0
1.0
1.0
351.0
350.0
347.0
350.0
349.0
350.0
351.0
347.0
347.0
348.0
346.0
362.0
366.0
366.0
366.0
1.0
1.0
1.0
1.0
1.0
363.0
365.0
365.0
364.0
364.0
363.0
350.0
351.0
349.0
350.0
343.0
345.0
340.0
335.0
334.0
1.0
1.0
0.0
1.0
1.0
1.0
1.0
1.0
1.0
1.0
2.0
2.0
2.0
1.0
2.0
2.0
1.0
1.0
1.0
1.0
1.0
0.0
1.0
1.0
1.0
1.0
1.0
1.0
1.0
2.0
1.0
0.0
1.0
1.0
1.0
2.0
2.0
2.0
2.0
2.0
0.0
1.0
1.0
1.0
1.0
1.0
1.0
1.0
1.0
2.0
379.0
401.0
542.0
384.0
544.0
377.0
360.0
389.0
445.0
399.0
334.0
385.0
385.0
386.0
358.0
382.0
405.0
382.0
331.0
365.0
335.0
351.0
360.0
388.0
359.0
359.0
340.0
357.0
338.0
352.0
343.0
365.0
348.0
347.0
362.0
361.0
359.0
364.0
361.0
363.0
363.0
363.0
362.0
363.0
352.0
348.0
349.0
347.0
348.0
347.0
345.0
349.0
349.0
348.0
348.0
346.0
351.0
346.0
345.0
348.0
347.0
360.0
364.0
364.0
364.0
364.0
364.0
363.0
363.0
362.0
365.0
346.0
349.0
349.0
348.0
351.0
351.0
348.0
351.0
347.0
347.0
347.0
348.0
348.0
348.0
347.0
349.0
396.0
395.0
397.0
400.0
395.0
396.0
398.0
401.0
399.0
402.0
351.0
349.0
356.0
350.0
346.0
349.0
348.0
356.0
349.0
349.0
350.0
349.0
347.0
346.0
346.0
347.0
347.0
361.0
362.0
365.0
362.0
363.0
361.0
364.0
362.0
364.0
366.0
348.0
347.0
349.0
350.0
350.0
348.0
347.0
345.0
350.0
347.0
350.0
348.0
350.0
347.0
349.0
347.0
347.0
360.0
363.0
361.0
364.0
362.0
364.0
363.0
366.0
364.0
0.0
1.0
1.0
1.0
1.0
1.0
1.0
0.0
1.0
1.0
1.0
1.0
1.0
1.0
0.0
1.0
1.0
1.0
1.0
1.0
0.0
0.0
1.0
1.0
1.0
1.0
1.0
1.0
0.0
1.0
1.0
1.0
1.0
1.0
1.0
0.0
1.0
1.0
1.0
1.0
1.0
1.0
0.0
1.0
1.0
1.0
1.0
1.0
0.0
1.0
364.0
348.0
347.0
349.0
348.0
346.0
351.0
347.0
349.0
349.0
351.0
347.0
349.0
347.0
349.0
347.0
349.0
347.0
346.0
347.0
365.0
359.0
366.0
362.0
363.0
362.0
365.0
363.0
367.0
363.0
357.0
352.0
360.0
361.0
355.0
359.0
356.0
360.0
366.0
375.0
354.0
363.0
369.0
368.0
353.0
371.0
353.0
368.0
365.0
368.0
411.0
413.0
418.0
428.0
412.0
418.0
412.0
417.0
424.0
418.0
351.0
347.0
349.0
351.0
349.0
350.0
348.0
349.0
359.0
349.0
348.0
346.0
348.0
352.0
350.0
347.0
347.0
348.0
356.0
348.0
363.0
363.0
362.0
363.0
362.0
362.0
363.0
363.0
361.0
364.0
347.0
347.0
348.0
352.0
346.0
349.0
348.0
348.0
349.0
347.0
348.0
346.0
349.0
349.0
349.0
347.0
348.0
349.0
347.0
350.0
363.0
360.0
363.0
362.0
360.0
362.0
361.0
362.0
364.0
362.0
354.0
346.0
349.0
346.0
348.0
350.0
349.0
347.0
349.0
348.0
349.0
347.0
350.0
350.0
347.0
349.0
348.0
348.0
347.0
362.0
364.0
361.0
362.0
363.0
363.0
363.0
363.0
364.0
361.0
348.0
1.0
0.0
1.0
1.0
1.0
1.0
1.0
1.0
1.0
1.0
0.0
1.0
1.0
1.0
1.0
0.0
1.0
1.0
1.0
1.0
1.0
1.0
1.0
1.0
0.0
1.0
1.0
1.0
1.0
0.0
1.0
1.0
1.0
1.0
1.0
1.0
1.0
1.0
1.0
1.0
0.0
1.0
1.0
0.0
1.0
1.0
1.0
1.0
1.0
1.0
347.0
349.0
348.0
346.0
348.0
348.0
348.0
349.0
349.0
348.0
347.0
348.0
350.0
349.0
347.0
350.0
350.0
351.0
363.0
406.0
406.0
410.0
410.0
410.0
408.0
409.0
409.0
408.0
393.0
348.0
346.0
349.0
348.0
348.0
350.0
347.0
349.0
348.0
348.0
346.0
346.0
347.0
349.0
348.0
349.0
348.0
350.0
348.0
362.0
364.0
363.0
363.0
364.0
362.0
363.0
363.0
364.0
362.0
348.0
348.0
346.0
347.0
347.0
347.0
348.0
347.0
348.0
348.0
349.0
348.0
349.0
349.0
348.0
353.0
347.0
348.0
348.0
362.0
362.0
363.0
361.0
363.0
364.0
362.0
364.0
361.0
364.0
347.0
351.0
347.0
347.0
349.0
348.0
349.0
348.0
349.0
350.0
349.0
347.0
350.0
346.0
350.0
360.0
368.0
362.0
363.0
362.0
365.0
362.0
366.0
363.0
365.0
350.0
347.0
347.0
348.0
348.0
348.0
348.0
346.0
346.0
347.0
349.0
350.0
348.0
347.0
348.0
348.0
348.0
348.0
346.0
360.0
360.0
364.0
363.0
363.0
361.0
412.0
412.0
411.0
417.0
401.0
401.0
423.0
401.0
399.0
402.0
348.0
351.0
354.0
1.0
0.0
1.0
1.0
1.0
1.0
1.0
1.0
0.0
1.0
1.0
1.0
1.0
1.0
1.0
0.0
1.0
1.0
1.0
1.0
1.0
1.0
0.0
1.0
1.0
1.0
1.0
1.0
1.0
1.0
0.0
1.0
1.0
1.0
1.0
1.0
1.0
0.0
1.0
1.0
1.0
1.0
1.0
1.0
0.0
1.0
1.0
1.0
1.0
1.0
347.0
348.0
347.0
349.0
348.0
350.0
351.0
347.0
354.0
355.0
347.0
347.0
363.0
359.0
364.0
364.0
368.0
362.0
366.0
365.0
363.0
363.0
357.0
350.0
346.0
348.0
347.0
348.0
351.0
350.0
351.0
352.0
356.0
349.0
352.0
351.0
349.0
349.0
355.0
348.0
362.0
359.0
362.0
361.0
362.0
362.0
362.0
362.0
361.0
362.0
347.0
347.0
349.0
352.0
349.0
349.0
349.0
348.0
347.0
354.0
346.0
348.0
349.0
351.0
351.0
347.0
349.0
347.0
351.0
350.0
362.0
362.0
361.0
363.0
362.0
362.0
362.0
364.0
364.0
363.0
347.0
349.0
351.0
349.0
349.0
346.0
349.0
348.0
347.0
349.0
347.0
349.0
349.0
348.0
349.0
350.0
348.0
349.0
350.0
349.0
412.0
410.0
415.0
417.0
418.0
417.0
418.0
419.0
418.0
416.0
347.0
347.0
349.0
347.0
356.0
349.0
353.0
355.0
354.0
349.0
347.0
350.0
348.0
350.0
349.0
354.0
353.0
355.0
355.0
349.0
364.0
362.0
361.0
360.0
362.0
361.0
365.0
365.0
361.0
363.0
348.0
350.0
349.0
347.0
350.0
349.0
348.0
348.0
347.0
349.0
1.0
1.0
1.0
1.0
0.0
1.0
1.0
1.0
1.0
1.0
1.0
1.0
0.0
1.0
1.0
1.0
1.0
1.0
1.0
0.0
1.0
1.0
1.0
1.0
1.0
1.0
0.0
1.0
0.0
1.0
1.0
1.0
1.0
0.0
1.0
1.0
1.0
1.0
1.0
1.0
1.0
1.0
0.0
1.0
1.0
1.0
1.0
0.0
1.0
1.0
361.0
367.0
356.0
367.0
365.0
367.0
360.0
357.0
375.0
360.0
378.0
388.0
363.0
378.0
377.0
362.0
364.0
364.0
368.0
364.0
349.0
351.0
350.0
349.0
351.0
351.0
352.0
349.0
349.0
348.0
349.0
351.0
352.0
349.0
351.0
355.0
351.0
351.0
366.0
366.0
364.0
366.0
368.0
366.0
365.0
366.0
367.0
366.0
348.0
350.0
348.0
349.0
351.0
348.0
350.0
349.0
350.0
348.0
348.0
350.0
347.0
349.0
353.0
351.0
350.0
349.0
351.0
351.0
364.0
365.0
414.0
416.0
419.0
419.0
416.0
418.0
424.0
417.0
398.0
399.0
348.0
346.0
354.0
347.0
355.0
353.0
349.0
357.0
348.0
348.0
347.0
348.0
352.0
347.0
353.0
354.0
348.0
352.0
363.0
364.0
363.0
365.0
367.0
363.0
365.0
365.0
365.0
365.0
348.0
351.0
346.0
347.0
349.0
351.0
348.0
346.0
347.0
347.0
349.0
347.0
346.0
348.0
348.0
347.0
348.0
350.0
349.0
361.0
368.0
364.0
368.0
410.0
367.0
368.0
359.0
398.0
358.0
343.0
351.0
352.0
347.0
348.0
348.0
352.0
347.0
350.0
346.0
347.0
348.0
348.0
1.0
1.0
1.0
1.0
1.0
0.0
1.0
1.0
1.0
1.0
1.0
1.0
0.0
1.0
1.0
1.0
1.0
1.0
1.0
0.0
1.0
1.0
1.0
1.0
1.0
1.0
0.0
1.0
1.0
1.0
1.0
1.0
1.0
1.0
0.0
1.0
1.0
1.0
1.0
1.0
1.0
0.0
1.0
1.0
1.0
1.0
1.0
1.0
0.0
1.0
347.0
364.0
366.0
364.0
365.0
362.0
364.0
364.0
364.0
365.0
364.0
349.0
350.0
349.0
349.0
350.0
349.0
349.0
348.0
349.0
348.0
348.0
349.0
349.0
347.0
347.0
349.0
348.0
349.0
350.0
363.0
361.0
361.0
365.0
362.0
363.0
363.0
363.0
413.0
410.0
401.0
401.0
399.0
403.0
402.0
403.0
399.0
398.0
348.0
348.0
348.0
348.0
348.0
348.0
349.0
350.0
348.0
348.0
349.0
351.0
348.0
348.0
349.0
350.0
350.0
359.0
362.0
364.0
363.0
362.0
363.0
363.0
362.0
363.0
363.0
350.0
350.0
347.0
349.0
348.0
349.0
348.0
349.0
350.0
351.0
350.0
348.0
347.0
348.0
350.0
361.0
364.0
362.0
364.0
362.0
363.0
362.0
363.0
363.0
363.0
350.0
349.0
348.0
350.0
347.0
349.0
350.0
348.0
349.0
350.0
363.0
350.0
349.0
348.0
348.0
349.0
349.0
349.0
348.0
349.0
363.0
362.0
363.0
363.0
361.0
363.0
362.0
362.0
361.0
360.0
347.0
347.0
350.0
349.0
348.0
348.0
349.0
348.0
348.0
348.0
346.0
348.0
349.0
349.0
350.0
350.0
350.0
347.0
350.0
349.0
1.0
1.0
1.0
1.0
1.0
0.0
1.0
1.0
1.0
1.0
1.0
1.0
1.0
1.0
1.0
1.0
0.0
1.0
1.0
1.0
0.0
1.0
1.0
1.0
1.0
1.0
1.0
1.0
1.0
1.0
0.0
1.0
1.0
0.0
1.0
1.0
1.0
0.0
1.0
1.0
1.0
0.0
1.0
1.0
0.0
1.0
1.0
1.0
1.0
1.0
411.0
414.0
416.0
412.0
411.0
410.0
411.0
414.0
417.0
411.0
347.0
348.0
347.0
353.0
353.0
351.0
352.0
353.0
347.0
348.0
347.0
351.0
346.0
354.0
349.0
355.0
352.0
357.0
349.0
349.0
361.0
363.0
362.0
362.0
361.0
361.0
363.0
362.0
364.0
364.0
361.0
349.0
347.0
349.0
347.0
348.0
349.0
350.0
348.0
349.0
349.0
350.0
347.0
348.0
349.0
348.0
350.0
349.0
350.0
348.0
361.0
362.0
362.0
362.0
363.0
364.0
364.0
360.0
364.0
365.0
350.0
348.0
348.0
348.0
348.0
348.0
350.0
347.0
351.0
349.0
347.0
348.0
348.0
347.0
349.0
350.0
348.0
349.0
351.0
349.0
366.0
362.0
362.0
362.0
363.0
363.0
364.0
362.0
363.0
362.0
347.0
348.0
349.0
349.0
349.0
351.0
350.0
347.0
350.0
346.0
346.0
346.0
348.0
348.0
348.0
353.0
349.0
348.0
347.0
349.0
411.0
419.0
416.0
412.0
422.0
422.0
498.0
492.0
421.0
415.0
347.0
370.0
352.0
350.0
369.0
371.0
373.0
349.0
351.0
367.0
347.0
349.0
349.0
367.0
363.0
366.0
349.0
349.0
373.0
372.0
1.0
1.0
1.0
1.0
1.0
0.0
1.0
1.0
1.0
1.0
1.0
1.0
0.0
1.0
1.0
1.0
1.0
1.0
0.0
1.0
1.0
1.0
1.0
1.0
1.0
0.0
1.0
1.0
1.0
0.0
1.0
1.0
1.0
1.0
1.0
1.0
1.0
1.0
1.0
0.0
1.0
1.0
1.0
0.0
1.0
1.0
1.0
1.0
1.0
1.0
362.0
364.0
363.0
363.0
363.0
363.0
361.0
362.0
348.0
349.0
350.0
346.0
350.0
349.0
346.0
346.0
350.0
348.0
347.0
347.0
347.0
351.0
348.0
348.0
348.0
347.0
362.0
360.0
360.0
362.0
362.0
362.0
363.0
363.0
362.0
362.0
348.0
350.0
348.0
350.0
347.0
351.0
349.0
349.0
348.0
348.0
349.0
349.0
350.0
348.0
347.0
349.0
347.0
347.0
361.0
362.0
365.0
364.0
367.0
362.0
362.0
365.0
364.0
364.0
350.0
348.0
349.0
350.0
348.0
349.0
346.0
350.0
347.0
348.0
347.0
350.0
349.0
349.0
348.0
348.0
361.0
363.0
360.0
364.0
361.0
365.0
366.0
364.0
412.0
410.0
401.0
404.0
407.0
405.0
404.0
404.0
410.0
405.0
348.0
352.0
348.0
350.0
349.0
352.0
351.0
351.0
351.0
348.0
346.0
350.0
346.0
349.0
347.0
348.0
347.0
348.0
364.0
363.0
365.0
363.0
362.0
361.0
362.0
363.0
368.0
363.0
347.0
347.0
349.0
349.0
346.0
347.0
350.0
348.0
353.0
347.0
351.0
352.0
348.0
349.0
345.0
348.0
348.0
348.0
370.0
360.0
364.0
365.0
363.0
364.0
1.0
1.0
1.0
1.0
1.0
0.0
0.0
1.0
1.0
1.0
1.0
1.0
0.0
0.0
1.0
1.0
1.0
1.0
1.0
0.0
0.0
1.0
1.0
1.0
1.0
1.0
0.0
0.0
1.0
1.0
1.0
1.0
1.0
1.0
1.0
1.0
0.0
0.0
1.0
1.0
1.0
1.0
1.0
1.0
1.0
1.0
1.0
1.0
1.0
1.0
365.0
362.0
364.0
365.0
349.0
349.0
350.0
350.0
349.0
352.0
348.0
349.0
348.0
346.0
348.0
349.0
350.0
349.0
349.0
350.0
360.0
362.0
362.0
365.0
365.0
365.0
366.0
363.0
364.0
369.0
346.0
347.0
347.0
352.0
351.0
351.0
348.0
347.0
350.0
350.0
349.0
347.0
348.0
347.0
348.0
347.0
347.0
347.0
346.0
350.0
361.0
365.0
362.0
364.0
414.0
415.0
418.0
417.0
415.0
418.0
401.0
403.0
403.0
400.0
361.0
350.0
352.0
349.0
350.0
352.0
348.0
349.0
349.0
347.0
349.0
350.0
349.0
350.0
349.0
347.0
346.0
361.0
363.0
363.0
360.0
364.0
364.0
365.0
362.0
363.0
362.0
351.0
350.0
350.0
347.0
350.0
348.0
349.0
348.0
350.0
348.0
347.0
350.0
349.0
348.0
348.0
351.0
349.0
348.0
348.0
361.0
364.0
361.0
366.0
363.0
365.0
362.0
361.0
364.0
365.0
347.0
348.0
346.0
347.0
347.0
349.0
349.0
349.0
348.0
349.0
347.0
350.0
350.0
349.0
350.0
346.0
348.0
351.0
347.0
349.0
363.0
363.0
364.0
362.0
359.0
361.0
365.0
362.0
365.0
365.0
1.0
0.0
1.0
1.0
1.0
1.0
1.0
1.0
0.0
1.0
1.0
1.0
1.0
1.0
1.0
0.0
1.0
1.0
1.0
1.0
1.0
1.0
0.0
1.0
1.0
0.0
1.0
1.0
1.0
1.0
1.0
1.0
1.0
1.0
1.0
0.0
1.0
1.0
1.0
0.0
1.0
1.0
1.0
0.0
1.0
1.0
0.0
1.0
1.0
1.0
348.0
347.0
348.0
347.0
346.0
353.0
347.0
347.0
352.0
348.0
347.0
350.0
348.0
350.0
348.0
347.0
349.0
348.0
349.0
346.0
413.0
423.0
421.0
419.0
417.0
419.0
422.0
416.0
424.0
422.0
347.0
347.0
349.0
348.0
349.0
347.0
350.0
348.0
348.0
349.0
346.0
349.0
348.0
349.0
348.0
348.0
349.0
354.0
350.0
349.0
362.0
363.0
365.0
363.0
365.0
364.0
363.0
363.0
363.0
363.0
347.0
349.0
348.0
348.0
348.0
347.0
349.0
349.0
348.0
346.0
348.0
348.0
348.0
349.0
350.0
349.0
349.0
349.0
348.0
362.0
362.0
362.0
363.0
364.0
365.0
368.0
374.0
369.0
371.0
360.0
362.0
370.0
364.0
354.0
356.0
352.0
349.0
357.0
356.0
351.0
350.0
350.0
352.0
350.0
349.0
349.0
364.0
365.0
362.0
367.0
362.0
364.0
363.0
363.0
364.0
363.0
347.0
349.0
349.0
348.0
347.0
347.0
346.0
347.0
348.0
349.0
348.0
350.0
349.0
349.0
348.0
347.0
347.0
349.0
347.0
359.0
365.0
365.0
364.0
417.0
418.0
422.0
422.0
422.0
423.0
407.0
396.0
395.0
395.0
338.0
