3.0
2.0
2.0
2.0
2.0
2.0
2.0
2.0
2.0
2.0
9.0
68.0
142.0
82.0
81.0
81.0
793.0
898.0
1178.0
968.0
898.0
996.0
907.0
900.0
904.0
1137.0
736.0
854.0
854.0
747.0
8.0
39.0
80.0
80.0
80.0
82.0
858.0
858.0
856.0
854.0
753.0
859.0
735.0
754.0
854.0
856.0
859.0
859.0
759.0
861.0
8.0
40.0
80.0
79.0
79.0
81.0
855.0
753.0
855.0
736.0
837.0
835.0
728.0
859.0
858.0
856.0
757.0
859.0
861.0
759.0
7.0
33.0
97.0
98.0
91.0
79.0
832.0
733.0
831.0
826.0
838.0
848.0
764.0
843.0
771.0
844.0
834.0
910.0
895.0
878.0
8.0
58.0
77.0
71.0
76.0
77.0
870.0
874.0
871.0
866.0
871.0
863.0
909.0
786.0
783.0
793.0
808.0
802.0
812.0
809.0
5.0
35.0
72.0
72.0
73.0
73.0
801.0
802.0
849.0
804.0
805.0
809.0
782.0
782.0
786.0
786.0
800.0
802.0
800.0
802.0
7.0
36.0
74.0
74.0
76.0
74.0
816.0
803.0
805.0
801.0
818.0
800.0
783.0
803.0
801.0
806.0
800.0
801.0
802.0
801.0
6.0
34.0
72.0
73.0
73.0
73.0
800.0
811.0
798.0
775.0
779.0
798.0
800.0
801.0
802.0
801.0
801.0
803.0
869.0
874.0
27.0
36.0
74.0
72.0
71.0
72.0
850.0
849.0
864.0
859.0
863.0
843.0
862.0
871.0
776.0
789.0
798.0
799.0
808.0
801.0
2.0
31.0
67.0
70.0
69.0
69.0
795.0
802.0
798.0
803.0
798.0
796.0
751.0
809.0
802.0
762.0
747.0
791.0
780.0
779.0
8.0
8.0
13.0
13.0
8.0
7.0
2.0
3.0
3.0
3.0
39.0
39.0
69.0
69.0
39.0
37.0
33.0
33.0
59.0
3.0
143.0
81.0
81.0
79.0
79.0
79.0
74.0
118.0
132.0
3.0
117.0
80.0
79.0
80.0
81.0
79.0
74.0
133.0
73.0
2.0
66.0
80.0
79.0
80.0
79.0
79.0
74.0
132.0
62.0
2.0
80.0
81.0
80.0
79.0
79.0
78.0
74.0
132.0
61.0
3.0
831.0
748.0
859.0
858.0
862.0
855.0
853.0
851.0
736.0
451.0
838.0
757.0
756.0
752.0
860.0
857.0
852.0
849.0
852.0
419.0
857.0
856.0
734.0
729.0
731.0
858.0
852.0
849.0
846.0
417.0
856.0
860.0
853.0
756.0
753.0
755.0
836.0
833.0
830.0
418.0
856.0
756.0
855.0
858.0
752.0
751.0
852.0
901.0
898.0
436.0
786.0
784.0
783.0
887.0
889.0
891.0
886.0
882.0
833.0
417.0
735.0
732.0
755.0
858.0
858.0
858.0
851.0
852.0
847.0
437.0
757.0
758.0
732.0
856.0
857.0
854.0
851.0
859.0
851.0
419.0
754.0
755.0
863.0
755.0
836.0
826.0
835.0
835.0
834.0
425.0
817.0
808.0
809.0
815.0
827.0
802.0
804.0
806.0
803.0
418.0
800.0
802.0
802.0
798.0
803.0
800.0
792.0
793.0
795.0
417.0
841.0
838.0
841.0
837.0
842.0
839.0
832.0
834.0
834.0
447.0
779.0
782.0
801.0
801.0
801.0
800.0
795.0
794.0
801.0
411.0
799.0
801.0
779.0
780.0
780.0
779.0
775.0
775.0
777.0
390.0
8.0
6.0
7.0
7.0
6.0
6.0
1.0
2.0
1.0
1.0
35.0
35.0
37.0
36.0
34.0
35.0
30.0
31.0
30.0
1.0
75.0
74.0
74.0
75.0
73.0
75.0
68.0
69.0
69.0
1.0
73.0
74.0
93.0
94.0
93.0
91.0
68.0
69.0
88.0
2.0
94.0
94.0
95.0
95.0
93.0
75.0
71.0
70.0
69.0
1.0
75.0
75.0
74.0
75.0
74.0
74.0
68.0
68.0
69.0
2.0
781.0
779.0
782.0
779.0
780.0
781.0
771.0
774.0
774.0
387.0
801.0
800.0
800.0
802.0
800.0
800.0
796.0
797.0
793.0
409.0
799.0
800.0
799.0
800.0
803.0
799.0
800.0
796.0
799.0
412.0
851.0
849.0
842.0
839.0
848.0
836.0
842.0
851.0
841.0
457.0
807.0
798.0
808.0
812.0
800.0
800.0
793.0
795.0
799.0
410.0
782.0
780.0
779.0
781.0
782.0
798.0
794.0
795.0
795.0
389.0
799.0
798.0
801.0
800.0
801.0
801.0
792.0
791.0
790.0
389.0
800.0
802.0
805.0
800.0
799.0
802.0
798.0
776.0
771.0
390.0
800.0
800.0
800.0
800.0
799.0
798.0
795.0
797.0
851.0
406.0
849.0
837.0
838.0
843.0
847.0
833.0
835.0
836.0
843.0
401.0
802.0
800.0
800.0
800.0
799.0
803.0
798.0
795.0
799.0
397.0
800.0
779.0
779.0
797.0
798.0
799.0
794.0
798.0
791.0
390.0
798.0
803.0
800.0
798.0
780.0
779.0
777.0
775.0
774.0
389.0
800.0
800.0
800.0
813.0
813.0
815.0
811.0
812.0
809.0
409.0
7.0
7.0
7.0
7.0
6.0
6.0
2.0
1.0
1.0
2.0
36.0
36.0
36.0
37.0
35.0
36.0
30.0
31.0
31.0
2.0
73.0
73.0
75.0
76.0
81.0
80.0
75.0
75.0
70.0
1.0
78.0
76.0
76.0
75.0
77.0
75.0
72.0
70.0
72.0
1.0
76.0
78.0
76.0
76.0
77.0
77.0
72.0
70.0
70.0
2.0
77.0
76.0
78.0
75.0
75.0
77.0
73.0
70.0
69.0
1.0
809.0
807.0
801.0
805.0
799.0
798.0
793.0
794.0
800.0
410.0
840.0
839.0
840.0
837.0
837.0
839.0
833.0
830.0
833.0
449.0
800.0
808.0
799.0
801.0
800.0
808.0
794.0
801.0
797.0
410.0
779.0
778.0
781.0
800.0
799.0
799.0
794.0
797.0
796.0
390.0
800.0
801.0
799.0
800.0
798.0
798.0
795.0
793.0
795.0
389.0
805.0
800.0
807.0
802.0
800.0
780.0
776.0
775.0
783.0
394.0
799.0
803.0
801.0
800.0
802.0
799.0
857.0
859.0
857.0
422.0
863.0
838.0
850.0
856.0
849.0
842.0
837.0
782.0
773.0
397.0
800.0
797.0
801.0
801.0
802.0
801.0
796.0
796.0
796.0
409.0
807.0
798.0
796.0
803.0
801.0
802.0
797.0
795.0
797.0
409.0
781.0
783.0
781.0
777.0
780.0
782.0
776.0
775.0
777.0
390.0
801.0
802.0
801.0
800.0
799.0
800.0
796.0
798.0
797.0
410.0
799.0
799.0
802.0
799.0
796.0
797.0
794.0
795.0
794.0
411.0
849.0
847.0
847.0
840.0
850.0
848.0
832.0
849.0
847.0
458.0
7.0
7.0
7.0
7.0
6.0
6.0
2.0
1.0
1.0
2.0
35.0
36.0
36.0
36.0
35.0
35.0
30.0
30.0
30.0
2.0
73.0
73.0
74.0
74.0
74.0
72.0
68.0
69.0
69.0
2.0
74.0
73.0
75.0
75.0
74.0
72.0
69.0
68.0
68.0
2.0
73.0
74.0
75.0
74.0
74.0
73.0
70.0
69.0
68.0
1.0
74.0
74.0
74.0
76.0
73.0
73.0
70.0
68.0
68.0
1.0
813.0
802.0
799.0
801.0
802.0
798.0
796.0
798.0
794.0
410.0
800.0
806.0
799.0
800.0
799.0
800.0
794.0
794.0
794.0
409.0
781.0
782.0
798.0
801.0
799.0
804.0
796.0
799.0
793.0
390.0
802.0
802.0
798.0
779.0
780.0
780.0
773.0
774.0
779.0
391.0
801.0
798.0
802.0
801.0
876.0
875.0
870.0
876.0
868.0
409.0
873.0
852.0
851.0
876.0
879.0
806.0
814.0
803.0
808.0
398.0
815.0
801.0
801.0
802.0
802.0
799.0
793.0
773.0
776.0
391.0
799.0
803.0
802.0
808.0
800.0
797.0
794.0
797.0
795.0
409.0
779.0
778.0
799.0
799.0
799.0
797.0
797.0
796.0
793.0
387.0
800.0
798.0
800.0
780.0
783.0
782.0
774.0
776.0
774.0
388.0
801.0
797.0
801.0
796.0
801.0
802.0
796.0
794.0
793.0
408.0
833.0
848.0
850.0
863.0
851.0
831.0
827.0
844.0
827.0
451.0
798.0
807.0
804.0
800.0
800.0
802.0
797.0
797.0
796.0
414.0
779.0
779.0
777.0
802.0
798.0
800.0
796.0
797.0
799.0
390.0
7.0
7.0
6.0
7.0
6.0
6.0
1.0
2.0
1.0
1.0
36.0
36.0
36.0
35.0
55.0
55.0
51.0
50.0
30.0
1.0
74.0
74.0
73.0
74.0
72.0
73.0
68.0
68.0
68.0
2.0
73.0
74.0
74.0
73.0
73.0
73.0
68.0
68.0
69.0
2.0
75.0
74.0
74.0
73.0
74.0
73.0
68.0
69.0
68.0
1.0
73.0
73.0
75.0
75.0
73.0
72.0
68.0
68.0
69.0
1.0
797.0
798.0
801.0
802.0
801.0
807.0
795.0
795.0
794.0
389.0
802.0
779.0
801.0
800.0
795.0
806.0
796.0
795.0
800.0
388.0
801.0
801.0
870.0
851.0
849.0
850.0
846.0
837.0
836.0
390.0
862.0
859.0
846.0
806.0
809.0
801.0
795.0
806.0
807.0
402.0
798.0
799.0
798.0
799.0
779.0
780.0
776.0
777.0
776.0
389.0
799.0
800.0
800.0
800.0
800.0
815.0
796.0
798.0
797.0
410.0
802.0
800.0
798.0
800.0
800.0
799.0
801.0
795.0
794.0
416.0
781.0
782.0
778.0
780.0
780.0
780.0
775.0
807.0
795.0
389.0
866.0
867.0
868.0
868.0
866.0
867.0
860.0
863.0
841.0
461.0
791.0
784.0
796.0
799.0
800.0
792.0
791.0
786.0
785.0
392.0
832.0
810.0
804.0
890.0
830.0
792.0
817.0
816.0
786.0
406.0
806.0
803.0
802.0
822.0
800.0
797.0
814.0
814.0
814.0
436.0
782.0
817.0
803.0
799.0
799.0
802.0
809.0
807.0
806.0
398.0
802.0
798.0
780.0
802.0
800.0
802.0
797.0
794.0
797.0
391.0
5.0
6.0
1.0
1.0
2.0
1.0
1.0
2.0
1.0
1.0
34.0
34.0
30.0
31.0
30.0
30.0
30.0
30.0
1.0
2.0
72.0
71.0
68.0
68.0
68.0
67.0
68.0
69.0
1.0
1.0
72.0
72.0
68.0
67.0
88.0
87.0
88.0
88.0
1.0
1.0
71.0
73.0
69.0
68.0
68.0
68.0
68.0
68.0
1.0
2.0
71.0
72.0
68.0
68.0
69.0
67.0
68.0
69.0
2.0
1.0
859.0
856.0
864.0
862.0
849.0
862.0
861.0
863.0
388.0
389.0
857.0
863.0
798.0
801.0
802.0
802.0
795.0
795.0
393.0
391.0
799.0
798.0
801.0
795.0
779.0
780.0
778.0
775.0
393.0
388.0
799.0
797.0
795.0
797.0
793.0
794.0
793.0
795.0
408.0
408.0
803.0
801.0
794.0
797.0
795.0
797.0
795.0
800.0
413.0
410.0
776.0
780.0
784.0
774.0
776.0
777.0
778.0
773.0
389.0
388.0
796.0
797.0
864.0
864.0
867.0
868.0
866.0
866.0
410.0
410.0
859.0
859.0
845.0
854.0
778.0
786.0
772.0
782.0
396.0
401.0
804.0
796.0
798.0
805.0
801.0
804.0
792.0
795.0
408.0
415.0
799.0
799.0
795.0
791.0
792.0
796.0
794.0
795.0
388.0
407.0
800.0
781.0
774.0
781.0
775.0
775.0
774.0
775.0
389.0
388.0
800.0
799.0
795.0
795.0
796.0
793.0
794.0
795.0
411.0
410.0
776.0
795.0
789.0
791.0
793.0
797.0
796.0
794.0
390.0
390.0
868.0
877.0
863.0
852.0
863.0
859.0
856.0
843.0
465.0
468.0
7.0
7.0
7.0
7.0
6.0
6.0
1.0
2.0
1.0
1.0
36.0
35.0
36.0
35.0
35.0
35.0
31.0
30.0
31.0
2.0
73.0
73.0
73.0
75.0
73.0
73.0
69.0
69.0
68.0
1.0
74.0
74.0
75.0
75.0
73.0
73.0
69.0
69.0
68.0
1.0
74.0
75.0
74.0
75.0
74.0
73.0
68.0
68.0
68.0
1.0
75.0
74.0
74.0
74.0
73.0
73.0
69.0
68.0
68.0
1.0
801.0
804.0
802.0
798.0
798.0
799.0
790.0
796.0
794.0
410.0
790.0
828.0
802.0
832.0
838.0
835.0
823.0
798.0
796.0
395.0
796.0
796.0
779.0
783.0
783.0
781.0
777.0
776.0
779.0
389.0
800.0
801.0
801.0
802.0
803.0
798.0
794.0
793.0
795.0
410.0
799.0
799.0
800.0
800.0
800.0
797.0
795.0
797.0
794.0
411.0
852.0
857.0
846.0
856.0
844.0
844.0
856.0
854.0
857.0
461.0
814.0
808.0
799.0
810.0
799.0
798.0
794.0
794.0
797.0
410.0
780.0
783.0
782.0
781.0
778.0
778.0
775.0
795.0
797.0
390.0
800.0
800.0
800.0
801.0
800.0
802.0
795.0
795.0
793.0
388.0
800.0
801.0
800.0
802.0
800.0
800.0
795.0
793.0
800.0
392.0
799.0
804.0
799.0
806.0
803.0
816.0
800.0
803.0
797.0
388.0
874.0
844.0
853.0
843.0
862.0
859.0
855.0
857.0
858.0
465.0
786.0
781.0
803.0
802.0
796.0
816.0
800.0
801.0
799.0
401.0
800.0
800.0
800.0
799.0
800.0
801.0
796.0
799.0
794.0
389.0
5.0
6.0
2.0
2.0
1.0
1.0
1.0
1.0
1.0
1.0
34.0
34.0
31.0
31.0
30.0
30.0
31.0
29.0
1.0
1.0
73.0
73.0
67.0
68.0
68.0
68.0
68.0
68.0
1.0
1.0
91.0
92.0
88.0
87.0
69.0
69.0
69.0
68.0
1.0
2.0
72.0
72.0
68.0
68.0
67.0
68.0
68.0
68.0
2.0
1.0
72.0
72.0
68.0
68.0
68.0
68.0
68.0
68.0
1.0
2.0
785.0
783.0
791.0
778.0
783.0
811.0
805.0
779.0
392.0
389.0
801.0
801.0
794.0
797.0
798.0
798.0
796.0
796.0
392.0
389.0
799.0
801.0
796.0
795.0
796.0
795.0
794.0
802.0
409.0
410.0
846.0
850.0
856.0
859.0
854.0
846.0
838.0
848.0
462.0
454.0
801.0
800.0
794.0
795.0
794.0
796.0
797.0
796.0
409.0
410.0
779.0
778.0
774.0
775.0
776.0
772.0
774.0
774.0
389.0
390.0
799.0
798.0
794.0
801.0
801.0
804.0
805.0
805.0
410.0
411.0
817.0
814.0
814.0
811.0
811.0
818.0
816.0
815.0
416.0
421.0
786.0
791.0
784.0
784.0
780.0
781.0
797.0
795.0
388.0
389.0
868.0
871.0
859.0
874.0
869.0
865.0
867.0
867.0
456.0
459.0
781.0
780.0
780.0
773.0
778.0
774.0
773.0
778.0
391.0
396.0
801.0
798.0
794.0
795.0
793.0
794.0
798.0
795.0
409.0
410.0
800.0
801.0
797.0
796.0
796.0
798.0
795.0
795.0
411.0
412.0
777.0
779.0
773.0
774.0
777.0
774.0
796.0
798.0
389.0
389.0
5.0
6.0
1.0
2.0
1.0
1.0
1.0
1.0
1.0
2.0
34.0
33.0
30.0
30.0
30.0
31.0
30.0
30.0
1.0
1.0
72.0
72.0
68.0
68.0
69.0
69.0
70.0
68.0
1.0
1.0
94.0
94.0
91.0
92.0
90.0
90.0
90.0
90.0
2.0
1.0
72.0
71.0
68.0
68.0
68.0
68.0
68.0
70.0
1.0
1.0
72.0
72.0
68.0
68.0
68.0
68.0
69.0
69.0
1.0
2.0
778.0
777.0
775.0
778.0
777.0
777.0
776.0
778.0
393.0
392.0
810.0
803.0
882.0
879.0
871.0
873.0
867.0
877.0
414.0
411.0
863.0
848.0
849.0
860.0
774.0
773.0
775.0
810.0
389.0
400.0
799.0
798.0
800.0
797.0
796.0
796.0
797.0
800.0
410.0
388.0
797.0
799.0
807.0
796.0
795.0
795.0
796.0
806.0
411.0
410.0
779.0
778.0
776.0
776.0
775.0
776.0
776.0
775.0
388.0
396.0
805.0
804.0
797.0
798.0
798.0
799.0
795.0
798.0
411.0
414.0
801.0
799.0
796.0
795.0
799.0
795.0
796.0
799.0
410.0
410.0
856.0
847.0
840.0
850.0
851.0
845.0
843.0
839.0
452.0
453.0
799.0
803.0
798.0
797.0
799.0
797.0
797.0
797.0
411.0
409.0
778.0
774.0
773.0
776.0
776.0
774.0
774.0
774.0
387.0
387.0
801.0
801.0
798.0
802.0
797.0
797.0
797.0
799.0
411.0
412.0
801.0
801.0
797.0
796.0
794.0
796.0
795.0
797.0
409.0
407.0
794.0
800.0
789.0
777.0
781.0
779.0
809.0
827.0
393.0
405.0
1.0
1.0
1.0
1.0
1.0
1.0
1.0
2.0
1.0
1.0
30.0
32.0
30.0
33.0
32.0
30.0
32.0
2.0
1.0
1.0
69.0
73.0
68.0
72.0
67.0
73.0
73.0
1.0
1.0
2.0
68.0
68.0
89.0
92.0
89.0
92.0
92.0
2.0
1.0
1.0
93.0
90.0
90.0
69.0
73.0
69.0
73.0
2.0
1.0
2.0
71.0
72.0
71.0
71.0
72.0
70.0
69.0
1.0
1.0
2.0
844.0
858.0
853.0
856.0
846.0
853.0
851.0
389.0
458.0
460.0
846.0
776.0
775.0
797.0
804.0
810.0
809.0
387.0
400.0
396.0
798.0
797.0
799.0
800.0
798.0
796.0
774.0
392.0
389.0
389.0
795.0
796.0
796.0
795.0
795.0
793.0
795.0
388.0
388.0
410.0
795.0
802.0
804.0
797.0
802.0
800.0
796.0
394.0
388.0
389.0
796.0
796.0
795.0
798.0
794.0
775.0
775.0
388.0
389.0
390.0
806.0
795.0
802.0
795.0
792.0
792.0
794.0
389.0
409.0
410.0
868.0
846.0
855.0
850.0
859.0
845.0
854.0
464.0
463.0
468.0
774.0
795.0
777.0
779.0
794.0
802.0
796.0
390.0
404.0
399.0
795.0
793.0
795.0
796.0
793.0
794.0
793.0
389.0
388.0
389.0
795.0
794.0
797.0
797.0
797.0
797.0
797.0
406.0
410.0
417.0
770.0
776.0
773.0
796.0
800.0
797.0
799.0
386.0
390.0
388.0
795.0
796.0
805.0
795.0
795.0
795.0
773.0
389.0
388.0
387.0
785.0
785.0
785.0
782.0
779.0
781.0
777.0
409.0
408.0
402.0
