1.0
1.0
1.0
0.0
0.0
1.0
1.0
0.0
1.0
1.0
0.0
0.0
73.0
129.0
128.0
72.0
71.0
72.0
71.0
71.0
129.0
129.0
72.0
72.0
72.0
72.0
71.0
72.0
130.0
116.0
1.0
1.0
129.0
115.0
71.0
72.0
72.0
60.0
72.0
71.0
58.0
71.0
71.0
72.0
71.0
71.0
71.0
71.0
129.0
129.0
1.0
0.0
59.0
71.0
72.0
72.0
71.0
71.0
58.0
71.0
59.0
71.0
71.0
71.0
72.0
72.0
59.0
57.0
74.0
71.0
1.0
1.0
72.0
72.0
71.0
72.0
72.0
71.0
58.0
58.0
71.0
71.0
72.0
59.0
57.0
72.0
71.0
70.0
72.0
71.0
0.0
1.0
71.0
71.0
85.0
58.0
85.0
70.0
71.0
72.0
71.0
72.0
72.0
71.0
58.0
85.0
78.0
72.0
72.0
72.0
1.0
0.0
72.0
73.0
62.0
71.0
71.0
63.0
70.0
71.0
62.0
71.0
72.0
72.0
63.0
71.0
72.0
63.0
61.0
71.0
1.0
1.0
72.0
72.0
71.0
72.0
62.0
71.0
71.0
64.0
84.0
64.0
69.0
68.0
69.0
122.0
70.0
84.0
84.0
77.0
0.0
1.0
80.0
179.0
84.0
85.0
84.0
83.0
119.0
115.0
118.0
162.0
110.0
117.0
118.0
119.0
119.0
63.0
69.0
69.0
1.0
1.0
86.0
64.0
68.0
69.0
69.0
70.0
68.0
64.0
69.0
70.0
64.0
63.0
69.0
69.0
69.0
69.0
65.0
64.0
1.0
0.0
69.0
69.0
64.0
64.0
67.0
68.0
67.0
67.0
66.0
66.0
66.0
66.0
65.0
63.0
64.0
60.0
64.0
63.0
1.0
1.0
0.0
0.0
1.0
1.0
0.0
0.0
1.0
0.0
1.0
1.0
0.0
0.0
0.0
0.0
0.0
0.0
0.0
0.0
71.0
72.0
72.0
129.0
131.0
131.0
70.0
129.0
131.0
130.0
71.0
71.0
72.0
71.0
77.0
66.0
130.0
130.0
117.0
117.0
72.0
71.0
72.0
71.0
59.0
71.0
87.0
86.0
86.0
87.0
86.0
86.0
76.0
145.0
145.0
85.0
71.0
70.0
72.0
71.0
58.0
71.0
71.0
71.0
72.0
71.0
71.0
71.0
57.0
72.0
72.0
131.0
131.0
71.0
71.0
76.0
71.0
71.0
58.0
71.0
71.0
101.0
71.0
71.0
70.0
71.0
94.0
85.0
84.0
71.0
71.0
71.0
72.0
72.0
71.0
57.0
59.0
71.0
71.0
70.0
71.0
71.0
71.0
70.0
72.0
58.0
58.0
71.0
71.0
71.0
71.0
71.0
63.0
71.0
72.0
71.0
58.0
71.0
72.0
100.0
71.0
95.0
59.0
70.0
72.0
72.0
71.0
72.0
71.0
71.0
61.0
71.0
63.0
71.0
72.0
71.0
61.0
71.0
71.0
71.0
62.0
63.0
72.0
62.0
71.0
71.0
72.0
62.0
69.0
70.0
99.0
63.0
99.0
68.0
69.0
68.0
68.0
63.0
68.0
68.0
63.0
68.0
68.0
69.0
69.0
69.0
63.0
64.0
69.0
69.0
64.0
68.0
65.0
68.0
69.0
69.0
65.0
64.0
64.0
68.0
68.0
69.0
64.0
68.0
68.0
69.0
64.0
63.0
80.0
83.0
84.0
83.0
84.0
82.0
84.0
83.0
84.0
82.0
65.0
70.0
1.0
0.0
0.0
1.0
0.0
1.0
0.0
1.0
0.0
1.0
0.0
1.0
0.0
0.0
1.0
0.0
1.0
0.0
1.0
0.0
69.0
65.0
68.0
64.0
84.0
69.0
77.0
68.0
65.0
67.0
66.0
65.0
66.0
65.0
66.0
67.0
95.0
65.0
93.0
67.0
66.0
65.0
66.0
66.0
66.0
67.0
66.0
66.0
66.0
65.0
66.0
67.0
111.0
113.0
112.0
112.0
112.0
112.0
111.0
112.0
112.0
112.0
67.0
66.0
67.0
66.0
67.0
67.0
66.0
66.0
68.0
67.0
66.0
67.0
66.0
66.0
67.0
66.0
66.0
65.0
66.0
66.0
66.0
67.0
67.0
67.0
66.0
66.0
66.0
66.0
68.0
66.0
66.0
67.0
67.0
66.0
65.0
66.0
66.0
66.0
68.0
67.0
66.0
66.0
67.0
66.0
67.0
66.0
66.0
66.0
67.0
66.0
66.0
67.0
66.0
66.0
66.0
66.0
66.0
66.0
66.0
67.0
66.0
66.0
66.0
66.0
66.0
66.0
65.0
66.0
66.0
66.0
66.0
66.0
66.0
67.0
67.0
67.0
66.0
66.0
67.0
67.0
66.0
66.0
66.0
66.0
66.0
67.0
66.0
65.0
67.0
66.0
66.0
67.0
67.0
67.0
68.0
66.0
66.0
66.0
66.0
66.0
67.0
66.0
66.0
66.0
65.0
66.0
65.0
66.0
67.0
67.0
67.0
67.0
66.0
68.0
66.0
66.0
65.0
66.0
67.0
66.0
66.0
66.0
66.0
65.0
66.0
66.0
66.0
66.0
66.0
66.0
67.0
66.0
66.0
66.0
67.0
66.0
65.0
66.0
0.0
1.0
0.0
0.0
1.0
1.0
0.0
0.0
1.0
1.0
0.0
0.0
0.0
0.0
1.0
0.0
0.0
0.0
0.0
1.0
66.0
67.0
66.0
81.0
81.0
83.0
83.0
83.0
82.0
83.0
83.0
83.0
82.0
68.0
67.0
68.0
67.0
65.0
66.0
66.0
66.0
66.0
67.0
65.0
66.0
66.0
66.0
67.0
66.0
66.0
67.0
67.0
67.0
67.0
66.0
66.0
66.0
66.0
66.0
66.0
65.0
66.0
68.0
67.0
66.0
66.0
67.0
67.0
65.0
66.0
65.0
66.0
65.0
67.0
66.0
66.0
65.0
66.0
67.0
65.0
67.0
67.0
66.0
67.0
66.0
67.0
65.0
66.0
66.0
66.0
66.0
67.0
66.0
67.0
66.0
65.0
66.0
66.0
67.0
65.0
67.0
66.0
66.0
66.0
66.0
66.0
67.0
66.0
66.0
67.0
66.0
66.0
66.0
66.0
66.0
67.0
67.0
65.0
66.0
66.0
67.0
67.0
67.0
66.0
66.0
66.0
66.0
65.0
66.0
67.0
66.0
66.0
66.0
67.0
66.0
67.0
67.0
66.0
66.0
66.0
66.0
66.0
66.0
66.0
66.0
65.0
67.0
65.0
67.0
66.0
66.0
67.0
67.0
67.0
66.0
67.0
112.0
112.0
111.0
113.0
112.0
112.0
112.0
112.0
111.0
112.0
66.0
67.0
65.0
67.0
66.0
66.0
67.0
67.0
66.0
66.0
67.0
67.0
65.0
65.0
67.0
66.0
67.0
67.0
66.0
67.0
66.0
66.0
66.0
66.0
66.0
66.0
66.0
66.0
67.0
67.0
66.0
66.0
66.0
66.0
0.0
1.0
1.0
0.0
0.0
1.0
1.0
0.0
0.0
1.0
1.0
0.0
0.0
0.0
0.0
1.0
1.0
1.0
0.0
0.0
67.0
68.0
68.0
67.0
66.0
67.0
67.0
66.0
67.0
66.0
66.0
66.0
67.0
66.0
67.0
67.0
67.0
65.0
66.0
67.0
66.0
67.0
66.0
66.0
66.0
67.0
68.0
66.0
67.0
66.0
66.0
67.0
67.0
66.0
66.0
66.0
67.0
66.0
66.0
66.0
66.0
67.0
66.0
67.0
67.0
66.0
66.0
67.0
66.0
66.0
67.0
68.0
67.0
66.0
67.0
67.0
65.0
66.0
66.0
67.0
67.0
67.0
66.0
66.0
67.0
67.0
66.0
66.0
67.0
66.0
67.0
67.0
68.0
66.0
67.0
67.0
66.0
67.0
67.0
66.0
66.0
68.0
65.0
67.0
68.0
66.0
66.0
67.0
66.0
66.0
66.0
67.0
66.0
66.0
67.0
66.0
65.0
67.0
67.0
67.0
66.0
66.0
66.0
66.0
66.0
66.0
66.0
80.0
81.0
82.0
83.0
82.0
82.0
81.0
81.0
83.0
82.0
67.0
68.0
67.0
66.0
66.0
66.0
67.0
67.0
66.0
66.0
66.0
66.0
66.0
66.0
66.0
66.0
65.0
66.0
66.0
66.0
66.0
67.0
65.0
66.0
66.0
66.0
66.0
66.0
66.0
66.0
67.0
66.0
66.0
66.0
66.0
66.0
67.0
65.0
66.0
65.0
67.0
67.0
67.0
66.0
66.0
66.0
66.0
66.0
66.0
66.0
66.0
65.0
66.0
66.0
66.0
66.0
67.0
67.0
66.0
66.0
67.0
67.0
68.0
1.0
0.0
1.0
0.0
0.0
1.0
1.0
0.0
0.0
1.0
1.0
0.0
0.0
1.0
1.0
1.0
0.0
0.0
0.0
0.0
66.0
67.0
66.0
67.0
67.0
66.0
66.0
67.0
66.0
66.0
66.0
66.0
66.0
66.0
67.0
66.0
66.0
66.0
67.0
66.0
66.0
66.0
66.0
66.0
65.0
66.0
65.0
67.0
66.0
66.0
66.0
66.0
66.0
66.0
67.0
66.0
66.0
66.0
66.0
66.0
66.0
66.0
66.0
66.0
66.0
66.0
66.0
66.0
66.0
67.0
66.0
66.0
66.0
66.0
66.0
65.0
66.0
66.0
66.0
65.0
112.0
112.0
111.0
111.0
110.0
111.0
110.0
112.0
111.0
112.0
66.0
66.0
66.0
66.0
68.0
66.0
66.0
67.0
67.0
67.0
66.0
67.0
68.0
66.0
67.0
66.0
65.0
66.0
67.0
67.0
66.0
67.0
67.0
66.0
66.0
67.0
66.0
67.0
67.0
66.0
66.0
66.0
67.0
66.0
66.0
66.0
68.0
66.0
66.0
67.0
66.0
67.0
67.0
67.0
66.0
65.0
67.0
67.0
67.0
66.0
67.0
66.0
67.0
68.0
67.0
66.0
66.0
67.0
66.0
67.0
66.0
67.0
67.0
66.0
66.0
66.0
67.0
66.0
66.0
67.0
66.0
66.0
66.0
67.0
66.0
68.0
66.0
66.0
66.0
66.0
66.0
66.0
66.0
67.0
67.0
65.0
66.0
66.0
66.0
66.0
66.0
66.0
66.0
66.0
67.0
66.0
66.0
66.0
66.0
66.0
67.0
65.0
66.0
67.0
67.0
66.0
66.0
66.0
66.0
66.0
1.0
1.0
0.0
0.0
1.0
1.0
0.0
0.0
0.0
1.0
1.0
0.0
0.0
0.0
1.0
1.0
1.0
0.0
0.0
0.0
67.0
67.0
66.0
66.0
66.0
67.0
66.0
66.0
66.0
66.0
66.0
66.0
66.0
66.0
65.0
66.0
66.0
66.0
66.0
66.0
66.0
66.0
66.0
67.0
66.0
67.0
66.0
67.0
66.0
67.0
81.0
82.0
83.0
82.0
81.0
82.0
82.0
83.0
83.0
83.0
68.0
68.0
68.0
67.0
67.0
67.0
67.0
66.0
67.0
66.0
66.0
66.0
66.0
66.0
67.0
67.0
66.0
67.0
66.0
66.0
66.0
66.0
66.0
66.0
66.0
67.0
66.0
65.0
67.0
67.0
67.0
66.0
67.0
67.0
66.0
67.0
66.0
67.0
66.0
66.0
65.0
66.0
66.0
66.0
67.0
67.0
67.0
66.0
66.0
66.0
66.0
67.0
66.0
66.0
66.0
66.0
67.0
66.0
66.0
65.0
66.0
66.0
66.0
67.0
67.0
66.0
65.0
67.0
66.0
66.0
66.0
66.0
66.0
66.0
66.0
66.0
67.0
66.0
65.0
67.0
66.0
66.0
66.0
66.0
66.0
67.0
67.0
67.0
66.0
66.0
66.0
67.0
67.0
66.0
67.0
66.0
67.0
66.0
67.0
66.0
66.0
66.0
66.0
67.0
67.0
67.0
66.0
66.0
66.0
66.0
66.0
67.0
67.0
65.0
66.0
66.0
67.0
66.0
66.0
66.0
65.0
65.0
66.0
66.0
67.0
66.0
67.0
66.0
66.0
66.0
113.0
113.0
112.0
115.0
113.0
112.0
113.0
114.0
113.0
113.0
0.0
1.0
0.0
1.0
0.0
1.0
0.0
0.0
1.0
0.0
0.0
1.0
1.0
1.0
0.0
0.0
0.0
1.0
1.0
1.0
66.0
66.0
66.0
67.0
67.0
67.0
67.0
67.0
67.0
67.0
66.0
66.0
66.0
67.0
66.0
66.0
66.0
66.0
66.0
65.0
66.0
66.0
66.0
66.0
67.0
67.0
68.0
66.0
66.0
66.0
66.0
66.0
67.0
66.0
66.0
67.0
67.0
67.0
66.0
66.0
66.0
67.0
67.0
66.0
66.0
67.0
67.0
66.0
66.0
67.0
66.0
67.0
66.0
66.0
66.0
67.0
66.0
66.0
66.0
66.0
66.0
67.0
67.0
66.0
67.0
66.0
67.0
66.0
67.0
66.0
67.0
66.0
66.0
67.0
66.0
68.0
67.0
66.0
67.0
65.0
67.0
66.0
66.0
66.0
66.0
66.0
68.0
66.0
66.0
66.0
66.0
65.0
67.0
67.0
66.0
68.0
67.0
67.0
67.0
68.0
66.0
65.0
66.0
67.0
66.0
67.0
68.0
66.0
66.0
66.0
66.0
65.0
65.0
66.0
66.0
66.0
67.0
66.0
66.0
67.0
66.0
66.0
67.0
66.0
67.0
67.0
68.0
67.0
67.0
67.0
65.0
66.0
66.0
67.0
66.0
66.0
66.0
66.0
66.0
66.0
83.0
83.0
82.0
82.0
82.0
83.0
82.0
83.0
82.0
83.0
65.0
65.0
66.0
67.0
66.0
66.0
66.0
66.0
67.0
66.0
65.0
66.0
66.0
67.0
66.0
67.0
67.0
65.0
66.0
67.0
65.0
66.0
66.0
67.0
66.0
66.0
66.0
66.0
65.0
66.0
1.0
0.0
0.0
1.0
0.0
0.0
1.0
1.0
0.0
0.0
1.0
1.0
1.0
0.0
0.0
0.0
0.0
1.0
1.0
1.0
66.0
66.0
66.0
66.0
66.0
67.0
66.0
66.0
65.0
66.0
66.0
65.0
66.0
66.0
66.0
67.0
66.0
65.0
66.0
67.0
66.0
66.0
66.0
67.0
67.0
67.0
66.0
67.0
66.0
66.0
65.0
66.0
66.0
66.0
66.0
66.0
67.0
65.0
66.0
67.0
66.0
66.0
66.0
66.0
66.0
66.0
67.0
66.0
66.0
65.0
66.0
66.0
67.0
66.0
67.0
66.0
66.0
66.0
66.0
66.0
66.0
66.0
66.0
67.0
67.0
67.0
68.0
68.0
84.0
89.0
74.0
74.0
72.0
80.0
73.0
73.0
71.0
74.0
108.0
103.0
70.0
67.0
70.0
67.0
71.0
70.0
67.0
71.0
66.0
70.0
71.0
67.0
71.0
71.0
70.0
70.0
68.0
108.0
107.0
107.0
109.0
109.0
110.0
109.0
109.0
109.0
108.0
69.0
68.0
69.0
69.0
69.0
70.0
69.0
68.0
69.0
69.0
69.0
69.0
68.0
68.0
68.0
73.0
70.0
68.0
69.0
69.0
70.0
68.0
69.0
69.0
69.0
69.0
69.0
70.0
69.0
74.0
69.0
69.0
68.0
68.0
68.0
69.0
69.0
69.0
70.0
74.0
69.0
74.0
69.0
69.0
68.0
69.0
94.0
68.0
68.0
77.0
68.0
94.0
69.0
66.0
66.0
70.0
67.0
67.0
67.0
76.0
74.0
67.0
70.0
67.0
67.0
68.0
70.0
70.0
67.0
72.0
70.0
70.0
67.0
0.0
0.0
1.0
0.0
1.0
0.0
1.0
0.0
1.0
0.0
1.0
0.0
0.0
1.0
0.0
1.0
0.0
1.0
0.0
1.0
69.0
68.0
68.0
69.0
69.0
68.0
74.0
70.0
68.0
68.0
68.0
67.0
67.0
69.0
69.0
68.0
67.0
68.0
67.0
67.0
67.0
67.0
67.0
66.0
66.0
66.0
66.0
66.0
66.0
66.0
68.0
66.0
67.0
67.0
67.0
66.0
68.0
71.0
66.0
66.0
67.0
66.0
66.0
66.0
66.0
66.0
66.0
67.0
68.0
65.0
66.0
66.0
66.0
66.0
67.0
67.0
66.0
67.0
66.0
65.0
81.0
81.0
80.0
81.0
81.0
81.0
82.0
84.0
82.0
82.0
68.0
68.0
68.0
67.0
67.0
66.0
66.0
68.0
65.0
67.0
67.0
66.0
66.0
67.0
67.0
66.0
67.0
66.0
69.0
66.0
67.0
66.0
66.0
67.0
67.0
66.0
66.0
66.0
66.0
69.0
67.0
66.0
66.0
67.0
66.0
67.0
67.0
66.0
66.0
69.0
66.0
66.0
66.0
66.0
65.0
66.0
67.0
66.0
66.0
68.0
66.0
66.0
67.0
67.0
66.0
67.0
66.0
66.0
66.0
69.0
65.0
66.0
66.0
67.0
66.0
67.0
67.0
66.0
66.0
67.0
65.0
69.0
67.0
67.0
66.0
66.0
67.0
66.0
66.0
65.0
66.0
67.0
69.0
66.0
66.0
67.0
67.0
66.0
66.0
67.0
66.0
66.0
69.0
66.0
67.0
67.0
66.0
66.0
66.0
65.0
66.0
67.0
69.0
66.0
66.0
66.0
67.0
66.0
65.0
65.0
0.0
0.0
1.0
0.0
1.0
0.0
0.0
0.0
0.0
1.0
0.0
0.0
1.0
1.0
0.0
0.0
0.0
1.0
0.0
0.0
66.0
67.0
66.0
70.0
67.0
67.0
67.0
66.0
66.0
66.0
66.0
66.0
66.0
67.0
69.0
67.0
66.0
66.0
66.0
66.0
66.0
67.0
66.0
66.0
111.0
110.0
110.0
110.0
109.0
109.0
110.0
111.0
110.0
113.0
67.0
66.0
67.0
66.0
67.0
67.0
66.0
67.0
66.0
67.0
66.0
67.0
66.0
66.0
66.0
66.0
66.0
66.0
66.0
66.0
66.0
66.0
66.0
67.0
66.0
66.0
67.0
66.0
66.0
66.0
66.0
65.0
66.0
67.0
66.0
66.0
66.0
67.0
66.0
68.0
67.0
66.0
67.0
66.0
65.0
67.0
67.0
67.0
66.0
67.0
66.0
66.0
65.0
67.0
67.0
67.0
67.0
66.0
67.0
66.0
67.0
68.0
67.0
68.0
67.0
68.0
68.0
66.0
68.0
65.0
67.0
66.0
66.0
68.0
67.0
67.0
67.0
67.0
66.0
66.0
67.0
67.0
66.0
66.0
66.0
66.0
66.0
65.0
66.0
66.0
69.0
67.0
65.0
66.0
67.0
66.0
65.0
67.0
67.0
65.0
67.0
67.0
67.0
66.0
66.0
66.0
67.0
66.0
65.0
66.0
66.0
67.0
66.0
66.0
67.0
67.0
66.0
66.0
67.0
66.0
67.0
68.0
67.0
65.0
67.0
66.0
66.0
66.0
66.0
65.0
67.0
66.0
66.0
66.0
66.0
66.0
66.0
66.0
67.0
66.0
81.0
81.0
82.0
80.0
80.0
79.0
