1.0
1.0
0.0
1.0
1.0
1.0
1.0
1.0
1.0
0.0
1.0
1.0
0.0
1.0
1.0
1.0
0.0
1.0
1.0
1.0
1.0
1.0
1.0
1.0
1.0
1.0
1.0
0.0
1.0
1.0
1.0
1.0
1.0
1.0
1.0
1.0
1.0
1.0
0.0
1.0
276.0
276.0
275.0
276.0
275.0
276.0
275.0
276.0
275.0
274.0
333.0
333.0
333.0
333.0
334.0
333.0
333.0
333.0
333.0
333.0
269.0
268.0
269.0
269.0
269.0
268.0
269.0
269.0
270.0
270.0
269.0
268.0
268.0
269.0
268.0
269.0
269.0
269.0
269.0
270.0
269.0
270.0
269.0
270.0
269.0
269.0
269.0
270.0
270.0
270.0
293.0
293.0
292.0
293.0
292.0
292.0
293.0
292.0
292.0
294.0
269.0
269.0
269.0
269.0
269.0
269.0
270.0
270.0
270.0
269.0
270.0
270.0
269.0
270.0
270.0
269.0
269.0
269.0
270.0
270.0
269.0
269.0
270.0
269.0
269.0
269.0
269.0
269.0
269.0
270.0
293.0
292.0
292.0
292.0
292.0
292.0
292.0
292.0
292.0
292.0
270.0
269.0
269.0
270.0
270.0
270.0
270.0
270.0
270.0
270.0
270.0
270.0
270.0
269.0
270.0
270.0
270.0
269.0
270.0
270.0
290.0
290.0
290.0
290.0
290.0
290.0
289.0
289.0
291.0
292.0
316.0
316.0
316.0
315.0
315.0
316.0
316.0
316.0
314.0
315.0
269.0
268.0
269.0
270.0
270.0
269.0
268.0
269.0
270.0
270.0
271.0
270.0
271.0
270.0
270.0
270.0
270.0
270.0
269.0
270.0
291.0
290.0
291.0
290.0
291.0
292.0
291.0
291.0
291.0
290.0
0.0
1.0
1.0
1.0
1.0
1.0
1.0
0.0
0.0
1.0
1.0
1.0
1.0
1.0
1.0
1.0
1.0
1.0
0.0
1.0
1.0
1.0
1.0
1.0
1.0
1.0
1.0
1.0
1.0
0.0
1.0
0.0
0.0
1.0
0.0
1.0
1.0
1.0
1.0
1.0
1.0
0.0
0.0
0.0
0.0
0.0
0.0
0.0
0.0
1.0
1.0
1.0
1.0
1.0
1.0
1.0
1.0
1.0
1.0
0.0
1.0
1.0
1.0
1.0
1.0
1.0
1.0
1.0
1.0
1.0
1.0
0.0
0.0
1.0
1.0
1.0
1.0
1.0
1.0
1.0
1.0
1.0
0.0
0.0
0.0
0.0
0.0
0.0
0.0
0.0
1.0
1.0
1.0
1.0
1.0
1.0
1.0
1.0
0.0
0.0
1.0
1.0
1.0
1.0
1.0
1.0
1.0
1.0
1.0
1.0
0.0
0.0
0.0
0.0
1.0
1.0
1.0
1.0
1.0
1.0
1.0
1.0
1.0
0.0
0.0
0.0
0.0
0.0
0.0
0.0
1.0
1.0
1.0
1.0
1.0
1.0
0.0
1.0
1.0
1.0
1.0
1.0
1.0
1.0
1.0
1.0
1.0
1.0
1.0
1.0
1.0
0.0
1.0
1.0
1.0
1.0
1.0
1.0
1.0
1.0
1.0
0.0
0.0
0.0
0.0
0.0
0.0
0.0
0.0
0.0
1.0
1.0
1.0
1.0
1.0
1.0
1.0
1.0
1.0
1.0
1.0
1.0
1.0
1.0
1.0
1.0
1.0
1.0
1.0
1.0
1.0
1.0
1.0
1.0
1.0
1.0
1.0
1.0
1.0
1.0
0.0
0.0
0.0
0.0
0.0
0.0
0.0
0.0
0.0
0.0
1.0
1.0
1.0
1.0
1.0
1.0
1.0
1.0
0.0
1.0
1.0
1.0
1.0
1.0
1.0
1.0
1.0
1.0
1.0
1.0
1.0
0.0
0.0
0.0
1.0
1.0
1.0
1.0
1.0
1.0
1.0
1.0
0.0
0.0
0.0
0.0
0.0
0.0
0.0
0.0
1.0
1.0
1.0
1.0
0.0
1.0
1.0
0.0
0.0
0.0
1.0
1.0
1.0
1.0
1.0
1.0
1.0
1.0
1.0
1.0
0.0
0.0
0.0
0.0
0.0
1.0
1.0
1.0
1.0
1.0
1.0
1.0
1.0
0.0
0.0
0.0
0.0
0.0
0.0
0.0
1.0
1.0
1.0
1.0
1.0
1.0
1.0
1.0
1.0
1.0
269.0
269.0
270.0
269.0
269.0
270.0
270.0
269.0
269.0
270.0
270.0
269.0
269.0
270.0
270.0
269.0
270.0
269.0
270.0
269.0
270.0
268.0
269.0
269.0
269.0
269.0
269.0
269.0
269.0
270.0
292.0
291.0
291.0
291.0
291.0
291.0
292.0
291.0
292.0
291.0
269.0
270.0
269.0
270.0
270.0
270.0
270.0
269.0
270.0
270.0
270.0
274.0
270.0
270.0
269.0
270.0
270.0
270.0
270.0
270.0
288.0
289.0
289.0
290.0
290.0
290.0
290.0
290.0
290.0
142.0
292.0
367.0
366.0
367.0
367.0
367.0
368.0
367.0
145.0
145.0
365.0
364.0
365.0
269.0
268.0
269.0
269.0
143.0
143.0
143.0
143.0
144.0
143.0
144.0
143.0
144.0
143.0
143.0
143.0
143.0
269.0
269.0
270.0
269.0
270.0
269.0
269.0
269.0
270.0
269.0
269.0
269.0
269.0
270.0
269.0
270.0
269.0
269.0
269.0
269.0
292.0
292.0
292.0
292.0
291.0
292.0
291.0
292.0
292.0
292.0
269.0
270.0
270.0
269.0
270.0
270.0
269.0
270.0
269.0
270.0
269.0
269.0
269.0
269.0
270.0
270.0
269.0
269.0
270.0
269.0
269.0
269.0
270.0
269.0
269.0
269.0
291.0
292.0
292.0
292.0
291.0
292.0
291.0
292.0
292.0
292.0
269.0
270.0
269.0
143.0
269.0
270.0
270.0
270.0
269.0
270.0
270.0
269.0
143.0
144.0
269.0
270.0
269.0
269.0
269.0
269.0
269.0
143.0
143.0
143.0
143.0
143.0
143.0
143.0
143.0
143.0
143.0
143.0
143.0
144.0
345.0
345.0
346.0
345.0
345.0
345.0
345.0
345.0
346.0
345.0
269.0
270.0
269.0
269.0
269.0
269.0
269.0
269.0
269.0
269.0
269.0
269.0
269.0
269.0
269.0
269.0
269.0
269.0
270.0
270.0
269.0
269.0
290.0
290.0
290.0
290.0
290.0
290.0
290.0
290.0
295.0
295.0
290.0
288.0
292.0
290.0
290.0
293.0
290.0
290.0
297.0
299.0
281.0
281.0
281.0
280.0
281.0
280.0
281.0
281.0
270.0
269.0
269.0
270.0
270.0
270.0
270.0
269.0
269.0
143.0
293.0
292.0
292.0
291.0
291.0
292.0
292.0
292.0
166.0
166.0
269.0
270.0
270.0
269.0
270.0
270.0
269.0
144.0
144.0
143.0
143.0
144.0
144.0
144.0
143.0
143.0
144.0
143.0
143.0
144.0
271.0
270.0
270.0
270.0
271.0
271.0
270.0
271.0
270.0
270.0
347.0
347.0
347.0
347.0
346.0
348.0
347.0
347.0
347.0
347.0
268.0
269.0
269.0
269.0
269.0
269.0
268.0
269.0
268.0
269.0
269.0
268.0
269.0
268.0
269.0
268.0
268.0
269.0
269.0
269.0
269.0
269.0
268.0
269.0
270.0
269.0
269.0
269.0
269.0
269.0
292.0
292.0
292.0
292.0
292.0
292.0
292.0
293.0
291.0
291.0
269.0
269.0
269.0
269.0
269.0
269.0
269.0
269.0
269.0
143.0
269.0
269.0
270.0
269.0
268.0
270.0
270.0
269.0
144.0
143.0
269.0
269.0
270.0
269.0
270.0
270.0
269.0
143.0
143.0
144.0
144.0
144.0
144.0
144.0
166.0
165.0
166.0
166.0
165.0
166.0
292.0
292.0
292.0
292.0
269.0
269.0
269.0
269.0
269.0
271.0
270.0
269.0
269.0
270.0
269.0
270.0
269.0
270.0
270.0
270.0
270.0
269.0
269.0
269.0
269.0
269.0
271.0
269.0
270.0
270.0
349.0
347.0
348.0
348.0
347.0
347.0
347.0
346.0
347.0
346.0
269.0
269.0
269.0
269.0
269.0
268.0
269.0
269.0
269.0
269.0
269.0
270.0
269.0
269.0
268.0
269.0
268.0
269.0
269.0
269.0
269.0
270.0
269.0
269.0
292.0
292.0
291.0
291.0
291.0
143.0
292.0
292.0
292.0
292.0
293.0
269.0
269.0
269.0
143.0
144.0
269.0
269.0
270.0
269.0
269.0
269.0
270.0
142.0
143.0
143.0
143.0
143.0
142.0
143.0
143.0
143.0
143.0
143.0
143.0
143.0
269.0
268.0
269.0
269.0
269.0
269.0
269.0
269.0
270.0
269.0
293.0
293.0
293.0
293.0
293.0
292.0
293.0
293.0
293.0
295.0
270.0
269.0
269.0
269.0
270.0
270.0
270.0
269.0
270.0
272.0
269.0
269.0
269.0
270.0
269.0
270.0
270.0
270.0
269.0
271.0
348.0
347.0
348.0
347.0
348.0
348.0
348.0
348.0
348.0
350.0
270.0
270.0
270.0
270.0
271.0
270.0
270.0
270.0
270.0
275.0
272.0
272.0
271.0
272.0
271.0
271.0
272.0
272.0
272.0
145.0
275.0
271.0
271.0
270.0
270.0
271.0
272.0
270.0
144.0
143.0
293.0
293.0
296.0
295.0
295.0
295.0
296.0
166.0
165.0
166.0
147.0
147.0
147.0
147.0
147.0
147.0
144.0
144.0
144.0
144.0
272.0
272.0
272.0
271.0
272.0
274.0
272.0
272.0
271.0
272.0
274.0
273.0
272.0
272.0
272.0
278.0
273.0
272.0
272.0
274.0
274.0
274.0
275.0
275.0
275.0
299.0
295.0
296.0
296.0
296.0
293.0
293.0
293.0
292.0
293.0
271.0
269.0
270.0
270.0
269.0
270.0
269.0
270.0
270.0
270.0
270.0
270.0
269.0
269.0
269.0
269.0
270.0
270.0
270.0
269.0
270.0
270.0
271.0
270.0
270.0
348.0
346.0
347.0
347.0
347.0
347.0
346.0
346.0
346.0
220.0
269.0
271.0
269.0
270.0
269.0
269.0
270.0
271.0
143.0
143.0
270.0
272.0
270.0
271.0
270.0
270.0
271.0
145.0
145.0
143.0
143.0
143.0
143.0
143.0
142.0
142.0
142.0
143.0
143.0
142.0
268.0
269.0
291.0
292.0
292.0
292.0
292.0
292.0
292.0
292.0
293.0
292.0
269.0
269.0
269.0
269.0
270.0
269.0
269.0
269.0
269.0
270.0
269.0
269.0
268.0
269.0
270.0
270.0
269.0
270.0
270.0
269.0
269.0
269.0
270.0
269.0
270.0
270.0
270.0
269.0
291.0
293.0
292.0
292.0
292.0
292.0
292.0
293.0
292.0
293.0
270.0
269.0
269.0
269.0
269.0
269.0
270.0
269.0
269.0
269.0
269.0
270.0
270.0
269.0
269.0
269.0
269.0
269.0
270.0
144.0
270.0
270.0
270.0
348.0
348.0
349.0
348.0
348.0
145.0
144.0
347.0
348.0
347.0
347.0
347.0
269.0
269.0
143.0
143.0
143.0
143.0
143.0
143.0
143.0
143.0
143.0
144.0
143.0
143.0
143.0
268.0
271.0
268.0
268.0
269.0
269.0
268.0
269.0
270.0
269.0
269.0
270.0
269.0
268.0
269.0
268.0
269.0
270.0
269.0
269.0
313.0
308.0
313.0
309.0
311.0
313.0
310.0
311.0
312.0
310.0
273.0
272.0
271.0
271.0
271.0
272.0
271.0
270.0
269.0
269.0
269.0
270.0
269.0
270.0
269.0
269.0
269.0
269.0
270.0
269.0
269.0
269.0
269.0
269.0
269.0
270.0
269.0
269.0
292.0
292.0
292.0
292.0
292.0
292.0
292.0
293.0
292.0
292.0
270.0
143.0
269.0
269.0
269.0
269.0
270.0
269.0
269.0
269.0
143.0
143.0
269.0
270.0
270.0
270.0
270.0
269.0
270.0
142.0
143.0
143.0
144.0
144.0
144.0
143.0
143.0
143.0
143.0
143.0
144.0
143.0
351.0
350.0
351.0
351.0
352.0
351.0
351.0
351.0
350.0
351.0
269.0
269.0
269.0
269.0
269.0
269.0
269.0
269.0
269.0
269.0
269.0
269.0
268.0
270.0
269.0
269.0
269.0
269.0
269.0
269.0
269.0
268.0
269.0
269.0
291.0
291.0
292.0
292.0
292.0
292.0
292.0
291.0
292.0
292.0
270.0
270.0
269.0
270.0
269.0
269.0
269.0
269.0
270.0
269.0
269.0
269.0
268.0
269.0
269.0
270.0
269.0
269.0
269.0
270.0
269.0
269.0
268.0
269.0
271.0
143.0
270.0
270.0
290.0
290.0
292.0
293.0
292.0
292.0
144.0
143.0
292.0
292.0
291.0
292.0
272.0
272.0
269.0
143.0
144.0
143.0
143.0
143.0
144.0
145.0
143.0
143.0
143.0
143.0
143.0
144.0
271.0
270.0
270.0
271.0
271.0
269.0
271.0
271.0
270.0
279.0
352.0
352.0
351.0
352.0
352.0
351.0
352.0
351.0
352.0
355.0
269.0
270.0
268.0
269.0
269.0
268.0
268.0
269.0
268.0
268.0
269.0
269.0
269.0
270.0
270.0
269.0
269.0
269.0
269.0
270.0
269.0
269.0
269.0
269.0
270.0
269.0
270.0
269.0
269.0
269.0
292.0
292.0
292.0
292.0
292.0
292.0
292.0
292.0
292.0
292.0
270.0
270.0
269.0
269.0
269.0
269.0
269.0
269.0
270.0
143.0
269.0
269.0
269.0
268.0
270.0
270.0
270.0
270.0
144.0
143.0
269.0
269.0
270.0
269.0
270.0
270.0
269.0
145.0
143.0
143.0
144.0
144.0
143.0
143.0
144.0
164.0
166.0
165.0
165.0
166.0
292.0
291.0
292.0
292.0
292.0
271.0
269.0
269.0
269.0
269.0
269.0
268.0
269.0
269.0
269.0
269.0
269.0
270.0
268.0
270.0
270.0
270.0
269.0
269.0
269.0
270.0
270.0
270.0
269.0
270.0
352.0
352.0
353.0
352.0
352.0
352.0
352.0
352.0
353.0
352.0
269.0
269.0
269.0
269.0
268.0
269.0
269.0
270.0
269.0
270.0
269.0
269.0
268.0
269.0
269.0
269.0
270.0
269.0
269.0
269.0
269.0
269.0
269.0
269.0
269.0
269.0
291.0
292.0
292.0
143.0
292.0
292.0
291.0
291.0
292.0
292.0
292.0
270.0
143.0
143.0
269.0
268.0
269.0
269.0
269.0
269.0
269.0
143.0
143.0
143.0
143.0
143.0
143.0
144.0
144.0
144.0
143.0
143.0
143.0
143.0
270.0
269.0
269.0
269.0
269.0
269.0
269.0
270.0
270.0
270.0
292.0
293.0
292.0
292.0
291.0
292.0
292.0
292.0
292.0
292.0
269.0
269.0
269.0
270.0
268.0
269.0
269.0
269.0
269.0
269.0
269.0
270.0
270.0
270.0
270.0
270.0
272.0
270.0
271.0
271.0
271.0
270.0
349.0
349.0
348.0
348.0
348.0
348.0
348.0
348.0
348.0
348.0
269.0
269.0
269.0
269.0
268.0
268.0
269.0
269.0
269.0
269.0
269.0
268.0
269.0
270.0
269.0
269.0
269.0
143.0
269.0
269.0
269.0
268.0
269.0
268.0
269.0
269.0
143.0
142.0
291.0
291.0
290.0
290.0
292.0
292.0
292.0
143.0
162.0
164.0
165.0
145.0
145.0
145.0
145.0
145.0
145.0
143.0
144.0
143.0
269.0
268.0
269.0
269.0
271.0
269.0
269.0
269.0
269.0
269.0
269.0
270.0
268.0
269.0
269.0
269.0
269.0
270.0
270.0
270.0
270.0
270.0
270.0
270.0
270.0
270.0
270.0
291.0
292.0
292.0
292.0
291.0
292.0
292.0
292.0
292.0
291.0
271.0
270.0
269.0
269.0
269.0
269.0
270.0
269.0
269.0
270.0
269.0
270.0
270.0
270.0
270.0
271.0
271.0
271.0
271.0
270.0
271.0
270.0
270.0
350.0
350.0
350.0
349.0
349.0
349.0
349.0
348.0
348.0
223.0
268.0
268.0
268.0
268.0
269.0
269.0
269.0
268.0
143.0
143.0
269.0
269.0
269.0
269.0
269.0
269.0
269.0
144.0
143.0
143.0
143.0
143.0
143.0
143.0
143.0
143.0
143.0
147.0
149.0
147.0
286.0
285.0
287.0
321.0
308.0
310.0
309.0
307.0
310.0
305.0
295.0
295.0
294.0
281.0
269.0
269.0
269.0
269.0
270.0
269.0
270.0
269.0
270.0
282.0
269.0
270.0
269.0
269.0
269.0
270.0
269.0
270.0
269.0
282.0
270.0
269.0
269.0
270.0
270.0
270.0
292.0
293.0
293.0
292.0
304.0
292.0
293.0
292.0
292.0
292.0
270.0
270.0
269.0
269.0
269.0
269.0
282.0
269.0
269.0
270.0
271.0
270.0
271.0
271.0
270.0
271.0
271.0
270.0
283.0
145.0
270.0
270.0
269.0
269.0
357.0
357.0
357.0
357.0
143.0
149.0
357.0
356.0
356.0
357.0
357.0
370.0
268.0
143.0
143.0
142.0
143.0
143.0
142.0
143.0
143.0
143.0
143.0
143.0
150.0
143.0
269.0
269.0
270.0
271.0
269.0
270.0
269.0
269.0
283.0
270.0
270.0
269.0
269.0
270.0
269.0
269.0
269.0
269.0
281.0
270.0
293.0
292.0
293.0
292.0
293.0
293.0
293.0
293.0
296.0
292.0
270.0
270.0
271.0
270.0
270.0
270.0
270.0
269.0
273.0
271.0
270.0
270.0
271.0
271.0
271.0
272.0
272.0
272.0
274.0
270.0
272.0
271.0
271.0
270.0
269.0
270.0
270.0
270.0
295.0
292.0
290.0
291.0
291.0
291.0
291.0
291.0
291.0
292.0
280.0
143.0
271.0
270.0
271.0
273.0
271.0
272.0
272.0
273.0
144.0
150.0
271.0
277.0
272.0
271.0
272.0
271.0
270.0
143.0
144.0
143.0
144.0
144.0
145.0
145.0
148.0
144.0
144.0
144.0
231.0
231.0
357.0
356.0
356.0
356.0
357.0
355.0
356.0
356.0
270.0
270.0
269.0
269.0
269.0
269.0
270.0
270.0
270.0
269.0
271.0
269.0
270.0
270.0
269.0
269.0
269.0
271.0
271.0
270.0
271.0
270.0
270.0
269.0
270.0
270.0
295.0
295.0
294.0
295.0
295.0
295.0
295.0
295.0
295.0
294.0
269.0
270.0
269.0
270.0
269.0
270.0
270.0
270.0
270.0
273.0
270.0
270.0
270.0
271.0
270.0
271.0
271.0
270.0
270.0
270.0
271.0
271.0
270.0
271.0
271.0
144.0
294.0
293.0
293.0
293.0
293.0
293.0
293.0
293.0
166.0
166.0
271.0
271.0
270.0
270.0
271.0
270.0
271.0
144.0
144.0
144.0
144.0
145.0
145.0
144.0
142.0
141.0
142.0
141.0
142.0
141.0
