2.0
1.0
2.0
1.0
1.0
1.0
1.0
1.0
1.0
2.0
1.0
2.0
1.0
2.0
1.0
2.0
1.0
2.0
2.0
2.0
2.0
2.0
2.0
2.0
2.0
2.0
2.0
2.0
2.0
1.0
2.0
2.0
2.0
2.0
2.0
2.0
2.0
1.0
2.0
2.0
1.0
1.0
1.0
2.0
2.0
2.0
2.0
2.0
2.0
2.0
2.0
2.0
1.0
1.0
1.0
1.0
1.0
2.0
1.0
2.0
2.0
2.0
2.0
2.0
2.0
2.0
2.0
2.0
2.0
2.0
853.0
854.0
857.0
852.0
848.0
844.0
855.0
850.0
853.0
850.0
852.0
855.0
858.0
856.0
856.0
856.0
853.0
855.0
853.0
850.0
852.0
854.0
858.0
855.0
857.0
855.0
856.0
855.0
857.0
857.0
886.0
889.0
895.0
896.0
897.0
899.0
897.0
900.0
901.0
899.0
845.0
856.0
857.0
856.0
848.0
854.0
856.0
859.0
852.0
857.0
847.0
858.0
855.0
855.0
854.0
854.0
854.0
850.0
852.0
854.0
849.0
853.0
855.0
852.0
853.0
853.0
854.0
852.0
865.0
852.0
879.0
880.0
883.0
872.0
873.0
876.0
882.0
882.0
881.0
877.0
851.0
858.0
842.0
856.0
849.0
855.0
855.0
847.0
849.0
854.0
851.0
850.0
857.0
846.0
853.0
855.0
850.0
854.0
853.0
856.0
906.0
910.0
914.0
914.0
914.0
912.0
913.0
911.0
914.0
912.0
823.0
819.0
825.0
824.0
825.0
816.0
821.0
814.0
828.0
824.0
841.0
845.0
847.0
848.0
845.0
848.0
855.0
855.0
854.0
852.0
852.0
853.0
852.0
855.0
851.0
850.0
848.0
851.0
849.0
848.0
1.0
2.0
1.0
1.0
1.0
1.0
1.0
1.0
1.0
1.0
2.0
2.0
2.0
1.0
1.0
1.0
2.0
2.0
1.0
1.0
2.0
2.0
1.0
1.0
1.0
1.0
1.0
1.0
1.0
1.0
1.0
1.0
1.0
1.0
1.0
1.0
1.0
1.0
1.0
1.0
2.0
2.0
2.0
1.0
1.0
1.0
1.0
1.0
2.0
1.0
2.0
2.0
2.0
2.0
2.0
1.0
1.0
1.0
1.0
1.0
914.0
912.0
899.0
907.0
912.0
913.0
908.0
914.0
915.0
908.0
851.0
853.0
856.0
855.0
853.0
850.0
851.0
852.0
852.0
858.0
854.0
855.0
858.0
857.0
855.0
856.0
855.0
852.0
856.0
858.0
852.0
855.0
839.0
857.0
851.0
856.0
851.0
851.0
855.0
853.0
878.0
877.0
880.0
881.0
878.0
882.0
880.0
879.0
883.0
881.0
857.0
856.0
852.0
852.0
851.0
849.0
853.0
851.0
855.0
851.0
856.0
858.0
857.0
856.0
854.0
853.0
856.0
853.0
855.0
855.0
841.0
855.0
848.0
856.0
858.0
856.0
855.0
855.0
855.0
857.0
882.0
878.0
881.0
881.0
883.0
880.0
882.0
874.0
879.0
879.0
853.0
850.0
851.0
847.0
848.0
853.0
852.0
849.0
847.0
851.0
858.0
851.0
855.0
853.0
845.0
852.0
856.0
855.0
856.0
856.0
858.0
855.0
854.0
854.0
868.0
856.0
856.0
843.0
852.0
851.0
876.0
872.0
879.0
879.0
880.0
876.0
885.0
878.0
881.0
880.0
851.0
847.0
850.0
850.0
852.0
855.0
844.0
852.0
855.0
847.0
1.0
1.0
2.0
1.0
1.0
2.0
1.0
1.0
1.0
1.0
2.0
1.0
1.0
1.0
1.0
1.0
1.0
2.0
1.0
2.0
1.0
2.0
1.0
1.0
1.0
1.0
1.0
1.0
1.0
1.0
2.0
2.0
1.0
1.0
1.0
1.0
1.0
1.0
1.0
1.0
2.0
2.0
1.0
1.0
1.0
1.0
1.0
1.0
1.0
1.0
1.0
2.0
2.0
2.0
1.0
1.0
2.0
1.0
1.0
1.0
854.0
855.0
851.0
854.0
850.0
839.0
853.0
848.0
853.0
852.0
867.0
871.0
869.0
866.0
869.0
867.0
866.0
865.0
868.0
870.0
902.0
902.0
900.0
896.0
901.0
899.0
895.0
900.0
896.0
897.0
867.0
866.0
861.0
863.0
863.0
862.0
862.0
862.0
863.0
863.0
865.0
868.0
864.0
867.0
867.0
868.0
866.0
867.0
868.0
867.0
864.0
863.0
866.0
862.0
861.0
864.0
861.0
862.0
863.0
860.0
892.0
886.0
889.0
897.0
892.0
890.0
885.0
890.0
888.0
889.0
866.0
870.0
860.0
860.0
864.0
868.0
867.0
868.0
869.0
864.0
856.0
850.0
853.0
853.0
856.0
854.0
851.0
854.0
855.0
857.0
855.0
857.0
857.0
855.0
852.0
858.0
856.0
853.0
854.0
853.0
883.0
881.0
871.0
874.0
868.0
871.0
885.0
878.0
877.0
878.0
866.0
850.0
856.0
858.0
857.0
853.0
855.0
857.0
861.0
852.0
847.0
855.0
855.0
849.0
853.0
854.0
851.0
856.0
854.0
855.0
852.0
857.0
859.0
860.0
859.0
861.0
853.0
915.0
915.0
914.0
1.0
2.0
2.0
1.0
1.0
1.0
1.0
1.0
1.0
1.0
2.0
1.0
2.0
1.0
1.0
1.0
1.0
1.0
1.0
2.0
1.0
1.0
2.0
1.0
1.0
1.0
1.0
1.0
1.0
1.0
2.0
2.0
2.0
2.0
1.0
1.0
1.0
1.0
1.0
1.0
2.0
2.0
1.0
1.0
1.0
1.0
1.0
1.0
1.0
1.0
1.0
2.0
2.0
1.0
1.0
1.0
1.0
1.0
1.0
1.0
885.0
880.0
871.0
883.0
879.0
886.0
879.0
813.0
827.0
825.0
853.0
847.0
860.0
857.0
854.0
850.0
855.0
851.0
849.0
854.0
851.0
857.0
858.0
854.0
855.0
858.0
859.0
855.0
856.0
858.0
911.0
914.0
912.0
915.0
910.0
915.0
912.0
912.0
915.0
912.0
822.0
827.0
824.0
823.0
823.0
823.0
822.0
824.0
826.0
823.0
931.0
935.0
934.0
932.0
940.0
940.0
926.0
935.0
936.0
936.0
868.0
867.0
868.0
865.0
867.0
867.0
863.0
867.0
869.0
867.0
905.0
913.0
905.0
909.0
911.0
910.0
914.0
908.0
907.0
912.0
855.0
848.0
852.0
844.0
849.0
849.0
855.0
862.0
852.0
853.0
820.0
826.0
827.0
822.0
823.0
826.0
815.0
817.0
829.0
820.0
855.0
862.0
852.0
850.0
859.0
859.0
860.0
850.0
862.0
862.0
914.0
910.0
912.0
911.0
914.0
911.0
909.0
914.0
914.0
913.0
856.0
854.0
854.0
855.0
854.0
855.0
853.0
855.0
856.0
856.0
825.0
826.0
823.0
828.0
817.0
824.0
822.0
817.0
863.0
850.0
1.0
2.0
1.0
1.0
2.0
1.0
1.0
1.0
1.0
1.0
1.0
1.0
2.0
1.0
2.0
1.0
1.0
1.0
1.0
2.0
1.0
1.0
2.0
1.0
1.0
1.0
1.0
1.0
1.0
2.0
1.0
1.0
1.0
1.0
1.0
1.0
1.0
1.0
2.0
1.0
1.0
2.0
1.0
1.0
1.0
1.0
1.0
1.0
1.0
1.0
1.0
2.0
2.0
2.0
2.0
1.0
1.0
1.0
1.0
1.0
856.0
854.0
857.0
857.0
854.0
854.0
856.0
857.0
823.0
828.0
912.0
912.0
909.0
907.0
910.0
915.0
905.0
909.0
911.0
913.0
854.0
844.0
859.0
851.0
854.0
854.0
857.0
853.0
855.0
853.0
856.0
856.0
856.0
854.0
851.0
854.0
854.0
853.0
857.0
857.0
822.0
826.0
826.0
823.0
825.0
824.0
824.0
825.0
826.0
820.0
916.0
914.0
912.0
913.0
914.0
917.0
909.0
909.0
915.0
913.0
852.0
854.0
853.0
854.0
852.0
853.0
859.0
853.0
854.0
852.0
856.0
850.0
851.0
850.0
841.0
853.0
852.0
856.0
843.0
858.0
834.0
842.0
843.0
836.0
839.0
839.0
839.0
839.0
860.0
862.0
906.0
919.0
915.0
913.0
911.0
916.0
912.0
915.0
890.0
887.0
853.0
856.0
850.0
848.0
851.0
855.0
855.0
856.0
857.0
851.0
855.0
853.0
844.0
857.0
855.0
854.0
853.0
857.0
856.0
853.0
854.0
849.0
855.0
855.0
855.0
853.0
855.0
857.0
858.0
855.0
880.0
881.0
876.0
880.0
874.0
875.0
882.0
881.0
885.0
879.0
2.0
1.0
2.0
1.0
2.0
1.0
1.0
1.0
1.0
1.0
1.0
2.0
2.0
1.0
1.0
1.0
1.0
1.0
1.0
1.0
2.0
2.0
2.0
1.0
1.0
1.0
1.0
1.0
1.0
1.0
2.0
1.0
1.0
1.0
1.0
1.0
1.0
2.0
1.0
1.0
2.0
1.0
2.0
1.0
1.0
1.0
2.0
1.0
1.0
1.0
2.0
1.0
1.0
1.0
1.0
1.0
1.0
1.0
1.0
1.0
853.0
854.0
851.0
854.0
863.0
847.0
851.0
854.0
857.0
854.0
857.0
850.0
856.0
857.0
854.0
857.0
862.0
861.0
858.0
857.0
853.0
857.0
858.0
853.0
855.0
856.0
852.0
853.0
854.0
856.0
880.0
886.0
887.0
882.0
884.0
877.0
883.0
884.0
881.0
885.0
852.0
859.0
850.0
858.0
849.0
850.0
849.0
847.0
851.0
857.0
854.0
846.0
850.0
852.0
851.0
852.0
850.0
851.0
854.0
850.0
852.0
857.0
856.0
915.0
913.0
911.0
910.0
911.0
912.0
913.0
882.0
873.0
881.0
832.0
821.0
822.0
823.0
824.0
827.0
821.0
849.0
853.0
852.0
854.0
846.0
854.0
856.0
853.0
848.0
855.0
844.0
856.0
849.0
849.0
855.0
849.0
849.0
848.0
851.0
865.0
908.0
909.0
908.0
908.0
905.0
909.0
921.0
897.0
908.0
910.0
834.0
836.0
834.0
836.0
862.0
865.0
863.0
870.0
868.0
869.0
862.0
860.0
863.0
848.0
826.0
830.0
832.0
828.0
828.0
827.0
855.0
857.0
857.0
851.0
862.0
855.0
855.0
863.0
855.0
854.0
2.0
1.0
2.0
1.0
1.0
1.0
1.0
1.0
2.0
1.0
1.0
2.0
2.0
1.0
1.0
1.0
1.0
1.0
1.0
1.0
2.0
1.0
2.0
1.0
2.0
1.0
1.0
1.0
1.0
1.0
1.0
1.0
1.0
1.0
1.0
1.0
1.0
1.0
2.0
1.0
2.0
2.0
1.0
1.0
1.0
1.0
1.0
1.0
1.0
1.0
2.0
2.0
2.0
1.0
1.0
1.0
1.0
1.0
1.0
1.0
908.0
908.0
911.0
908.0
909.0
908.0
910.0
910.0
912.0
909.0
853.0
852.0
851.0
852.0
852.0
853.0
852.0
854.0
855.0
852.0
821.0
818.0
820.0
825.0
823.0
821.0
818.0
824.0
824.0
824.0
855.0
855.0
856.0
858.0
854.0
855.0
845.0
854.0
857.0
857.0
911.0
910.0
908.0
908.0
907.0
908.0
907.0
912.0
907.0
908.0
854.0
843.0
852.0
850.0
850.0
851.0
845.0
856.0
854.0
854.0
851.0
855.0
853.0
847.0
852.0
852.0
850.0
853.0
853.0
853.0
827.0
828.0
826.0
829.0
826.0
824.0
825.0
825.0
815.0
825.0
912.0
909.0
906.0
907.0
910.0
903.0
908.0
908.0
912.0
918.0
850.0
852.0
852.0
847.0
849.0
852.0
849.0
848.0
852.0
848.0
854.0
857.0
854.0
856.0
855.0
841.0
855.0
851.0
854.0
852.0
826.0
822.0
824.0
824.0
825.0
823.0
823.0
821.0
823.0
851.0
907.0
910.0
902.0
906.0
903.0
908.0
907.0
908.0
906.0
881.0
853.0
847.0
854.0
852.0
851.0
847.0
851.0
850.0
851.0
847.0
2.0
1.0
2.0
1.0
1.0
1.0
1.0
1.0
1.0
1.0
2.0
2.0
1.0
1.0
1.0
1.0
1.0
1.0
1.0
1.0
2.0
2.0
2.0
1.0
1.0
2.0
1.0
1.0
1.0
1.0
1.0
1.0
2.0
1.0
1.0
1.0
1.0
1.0
1.0
1.0
2.0
1.0
2.0
1.0
1.0
2.0
1.0
1.0
1.0
1.0
2.0
1.0
1.0
1.0
1.0
1.0
2.0
1.0
1.0
1.0
854.0
856.0
856.0
854.0
857.0
856.0
855.0
853.0
857.0
855.0
879.0
881.0
877.0
878.0
877.0
877.0
876.0
874.0
877.0
877.0
888.0
886.0
885.0
885.0
885.0
887.0
885.0
877.0
885.0
886.0
856.0
855.0
859.0
851.0
857.0
852.0
858.0
853.0
860.0
858.0
859.0
861.0
853.0
856.0
856.0
859.0
859.0
862.0
859.0
853.0
857.0
860.0
861.0
861.0
860.0
857.0
857.0
862.0
861.0
862.0
884.0
891.0
890.0
890.0
889.0
891.0
888.0
892.0
893.0
895.0
859.0
854.0
862.0
859.0
862.0
858.0
862.0
861.0
854.0
857.0
859.0
863.0
861.0
857.0
861.0
863.0
861.0
861.0
858.0
860.0
855.0
860.0
859.0
857.0
919.0
914.0
916.0
912.0
918.0
911.0
891.0
882.0
892.0
891.0
822.0
830.0
832.0
831.0
832.0
830.0
853.0
854.0
856.0
852.0
855.0
855.0
854.0
847.0
853.0
849.0
851.0
853.0
848.0
845.0
852.0
852.0
850.0
855.0
854.0
857.0
906.0
910.0
910.0
909.0
905.0
906.0
905.0
909.0
911.0
907.0
2.0
1.0
2.0
1.0
1.0
1.0
1.0
1.0
1.0
2.0
1.0
1.0
1.0
1.0
1.0
1.0
1.0
1.0
1.0
1.0
2.0
2.0
2.0
1.0
1.0
1.0
1.0
1.0
1.0
1.0
2.0
2.0
1.0
1.0
1.0
1.0
1.0
1.0
1.0
2.0
1.0
1.0
1.0
1.0
1.0
1.0
1.0
1.0
1.0
1.0
2.0
2.0
2.0
1.0
1.0
1.0
1.0
1.0
1.0
1.0
825.0
824.0
823.0
821.0
809.0
820.0
822.0
848.0
852.0
850.0
851.0
847.0
847.0
849.0
848.0
847.0
845.0
827.0
826.0
824.0
854.0
855.0
855.0
854.0
851.0
852.0
853.0
854.0
854.0
855.0
910.0
906.0
910.0
907.0
921.0
908.0
916.0
907.0
906.0
904.0
875.0
876.0
878.0
887.0
875.0
878.0
875.0
891.0
876.0
875.0
828.0
824.0
827.0
825.0
827.0
826.0
822.0
854.0
857.0
855.0
855.0
855.0
871.0
857.0
856.0
852.0
847.0
824.0
837.0
827.0
906.0
910.0
910.0
909.0
906.0
909.0
913.0
906.0
906.0
904.0
850.0
852.0
854.0
851.0
865.0
847.0
855.0
851.0
850.0
851.0
847.0
851.0
855.0
844.0
858.0
855.0
855.0
856.0
855.0
856.0
827.0
829.0
820.0
826.0
826.0
827.0
841.0
822.0
822.0
825.0
902.0
909.0
910.0
910.0
910.0
911.0
911.0
912.0
911.0
911.0
852.0
854.0
854.0
852.0
866.0
853.0
852.0
854.0
849.0
854.0
853.0
857.0
856.0
852.0
853.0
854.0
853.0
854.0
854.0
853.0
1.0
1.0
1.0
1.0
1.0
1.0
1.0
1.0
1.0
1.0
1.0
1.0
1.0
1.0
2.0
1.0
1.0
1.0
1.0
1.0
1.0
1.0
1.0
1.0
1.0
1.0
1.0
1.0
1.0
2.0
1.0
1.0
1.0
1.0
1.0
1.0
1.0
1.0
1.0
1.0
1.0
1.0
2.0
1.0
1.0
1.0
1.0
1.0
1.0
1.0
1.0
1.0
1.0
1.0
1.0
1.0
1.0
2.0
1.0
1.0
824.0
824.0
826.0
826.0
825.0
827.0
828.0
826.0
828.0
852.0
913.0
911.0
905.0
907.0
901.0
908.0
910.0
908.0
911.0
877.0
850.0
852.0
848.0
853.0
849.0
852.0
852.0
852.0
851.0
850.0
856.0
855.0
855.0
856.0
852.0
855.0
856.0
856.0
855.0
862.0
853.0
853.0
851.0
854.0
851.0
853.0
854.0
854.0
852.0
855.0
879.0
876.0
876.0
882.0
882.0
878.0
879.0
875.0
882.0
884.0
858.0
857.0
852.0
860.0
860.0
859.0
860.0
858.0
855.0
858.0
871.0
872.0
869.0
868.0
871.0
874.0
881.0
880.0
889.0
872.0
871.0
873.0
870.0
871.0
871.0
869.0
872.0
869.0
924.0
926.0
889.0
889.0
888.0
881.0
880.0
879.0
888.0
882.0
831.0
830.0
854.0
856.0
856.0
855.0
864.0
849.0
856.0
857.0
854.0
857.0
851.0
856.0
856.0
855.0
855.0
850.0
856.0
855.0
850.0
856.0
910.0
910.0
913.0
910.0
910.0
908.0
912.0
910.0
918.0
908.0
826.0
812.0
821.0
819.0
822.0
822.0
821.0
807.0
823.0
820.0
2.0
1.0
1.0
1.0
1.0
1.0
1.0
1.0
2.0
2.0
1.0
1.0
1.0
1.0
1.0
1.0
1.0
1.0
1.0
1.0
1.0
1.0
1.0
1.0
1.0
1.0
1.0
1.0
1.0
1.0
1.0
1.0
1.0
1.0
1.0
1.0
1.0
1.0
1.0
1.0
1.0
2.0
2.0
1.0
1.0
1.0
2.0
1.0
1.0
1.0
2.0
2.0
1.0
1.0
1.0
1.0
1.0
1.0
1.0
1.0
490.0
490.0
493.0
487.0
491.0
489.0
491.0
486.0
488.0
490.0
462.0
460.0
464.0
463.0
464.0
460.0
462.0
460.0
461.0
465.0
491.0
488.0
491.0
489.0
494.0
494.0
493.0
489.0
490.0
493.0
462.0
462.0
463.0
462.0
462.0
462.0
462.0
462.0
462.0
464.0
492.0
492.0
490.0
489.0
491.0
492.0
493.0
493.0
490.0
532.0
523.0
517.0
521.0
521.0
522.0
515.0
517.0
521.0
521.0
518.0
460.0
463.0
461.0
459.0
455.0
459.0
460.0
463.0
460.0
460.0
491.0
490.0
488.0
490.0
490.0
490.0
491.0
491.0
494.0
488.0
461.0
453.0
461.0
460.0
460.0
460.0
462.0
463.0
462.0
458.0
492.0
490.0
491.0
510.0
493.0
489.0
492.0
492.0
497.0
493.0
460.0
461.0
462.0
462.0
462.0
460.0
463.0
463.0
462.0
470.0
490.0
491.0
492.0
492.0
491.0
493.0
490.0
500.0
492.0
493.0
519.0
520.0
520.0
521.0
521.0
520.0
522.0
519.0
520.0
517.0
460.0
456.0
459.0
460.0
456.0
457.0
455.0
453.0
451.0
439.0
