8.0
7.0
4.0
4.0
3.0
3.0
3.0
4.0
7.0
7.0
57.0
56.0
32.0
32.0
31.0
33.0
33.0
32.0
56.0
54.0
33.0
33.0
32.0
32.0
31.0
34.0
57.0
55.0
54.0
54.0
33.0
32.0
32.0
32.0
31.0
33.0
32.0
32.0
32.0
32.0
34.0
33.0
56.0
55.0
54.0
58.0
32.0
32.0
32.0
32.0
33.0
32.0
31.0
31.0
30.0
34.0
33.0
69.0
32.0
68.0
3065.0
3245.0
3074.0
3076.0
3082.0
3125.0
3079.0
3082.0
3202.0
3104.0
3088.0
3081.0
3091.0
3092.0
3096.0
3109.0
3111.0
3099.0
3070.0
3088.0
3057.0
3058.0
3048.0
3065.0
3053.0
3060.0
3053.0
3054.0
3053.0
3032.0
3042.0
3041.0
3041.0
3044.0
3049.0
3053.0
3040.0
3059.0
3047.0
3036.0
3047.0
3048.0
3043.0
3045.0
3061.0
3051.0
3043.0
3050.0
3047.0
3045.0
31.0
30.0
27.0
27.0
27.0
32.0
30.0
27.0
27.0
27.0
31.0
29.0
27.0
27.0
27.0
31.0
30.0
27.0
27.0
27.0
31.0
30.0
27.0
27.0
27.0
31.0
30.0
27.0
27.0
27.0
31.0
30.0
27.0
27.0
27.0
31.0
30.0
27.0
26.0
26.0
31.0
30.0
27.0
27.0
27.0
31.0
30.0
27.0
27.0
27.0
3041.0
3050.0
3039.0
3035.0
3044.0
3041.0
3034.0
3037.0
3036.0
3068.0
3079.0
3061.0
3068.0
3062.0
3067.0
3051.0
3076.0
3062.0
3040.0
3044.0
3045.0
3044.0
3048.0
3044.0
3040.0
3048.0
3047.0
2815.0
2860.0
2808.0
2697.0
2696.0
57.0
32.0
32.0
55.0
30.0
33.0
32.0
32.0
55.0
53.0
33.0
32.0
31.0
31.0
31.0
33.0
56.0
54.0
54.0
53.0
33.0
32.0
31.0
31.0
30.0
33.0
32.0
31.0
31.0
30.0
33.0
32.0
54.0
54.0
53.0
58.0
32.0
31.0
31.0
31.0
33.0
32.0
31.0
31.0
31.0
33.0
32.0
55.0
55.0
54.0
3207.0
3035.0
3136.0
3134.0
3134.0
3132.0
3123.0
3281.0
3254.0
3060.0
3084.0
3091.0
3077.0
3089.0
3069.0
3084.0
3078.0
3083.0
3106.0
3029.0
3031.0
3034.0
3031.0
3032.0
3034.0
3022.0
3055.0
3054.0
3053.0
3043.0
3054.0
3047.0
3045.0
3045.0
3044.0
3051.0
3031.0
3022.0
3041.0
3042.0
3041.0
32.0
31.0
30.0
30.0
29.0
31.0
30.0
30.0
30.0
29.0
32.0
31.0
29.0
29.0
29.0
32.0
31.0
30.0
30.0
30.0
32.0
31.0
30.0
30.0
30.0
32.0
31.0
30.0
29.0
29.0
56.0
55.0
54.0
54.0
53.0
56.0
55.0
30.0
30.0
29.0
32.0
31.0
30.0
30.0
29.0
32.0
31.0
30.0
30.0
29.0
3024.0
3027.0
3020.0
3020.0
3019.0
3028.0
3019.0
3021.0
3039.0
3042.0
3053.0
3051.0
3045.0
3048.0
3044.0
3050.0
3047.0
3050.0
3083.0
3068.0
3089.0
3062.0
3063.0
3117.0
3070.0
3081.0
3067.0
3073.0
3039.0
3041.0
3045.0
3046.0
3039.0
3046.0
3041.0
3066.0
3043.0
3045.0
3040.0
3043.0
3046.0
3047.0
3040.0
3043.0
3044.0
3047.0
3059.0
3045.0
3037.0
3037.0
32.0
30.0
30.0
30.0
30.0
32.0
30.0
30.0
29.0
29.0
31.0
31.0
29.0
30.0
29.0
32.0
31.0
30.0
29.0
30.0
32.0
30.0
30.0
29.0
29.0
31.0
31.0
29.0
29.0
30.0
31.0
31.0
30.0
30.0
29.0
32.0
31.0
29.0
29.0
29.0
31.0
30.0
30.0
29.0
30.0
31.0
31.0
30.0
30.0
30.0
3045.0
3040.0
3040.0
3039.0
3041.0
3052.0
3039.0
3044.0
3037.0
3047.0
3049.0
3044.0
3043.0
3043.0
3041.0
3045.0
3053.0
3042.0
3061.0
3157.0
3071.0
3063.0
3098.0
3057.0
3073.0
3058.0
3082.0
3071.0
3040.0
3041.0
3041.0
3042.0
3040.0
3040.0
3041.0
3058.0
3039.0
3045.0
3044.0
3041.0
3053.0
3056.0
3045.0
3044.0
3044.0
3049.0
3046.0
3059.0
3039.0
3046.0
31.0
30.0
30.0
30.0
29.0
31.0
29.0
29.0
29.0
29.0
31.0
30.0
29.0
30.0
29.0
32.0
30.0
30.0
29.0
30.0
32.0
30.0
30.0
29.0
30.0
31.0
30.0
29.0
30.0
29.0
31.0
30.0
29.0
30.0
30.0
31.0
29.0
29.0
30.0
29.0
32.0
30.0
29.0
29.0
29.0
31.0
29.0
29.0
29.0
29.0
3047.0
3041.0
3057.0
3042.0
3057.0
3047.0
3047.0
3045.0
3042.0
3044.0
3060.0
3055.0
3051.0
3065.0
3061.0
3060.0
3066.0
3063.0
3053.0
3086.0
3065.0
3048.0
3061.0
3072.0
3054.0
3049.0
3055.0
3073.0
3046.0
3062.0
3065.0
3074.0
3076.0
3059.0
3059.0
3070.0
3088.0
3074.0
3079.0
3089.0
3078.0
3074.0
3071.0
3069.0
3069.0
3076.0
3068.0
3075.0
3055.0
3068.0
32.0
29.0
29.0
30.0
30.0
31.0
30.0
30.0
29.0
29.0
31.0
30.0
30.0
29.0
29.0
32.0
30.0
30.0
30.0
29.0
31.0
30.0
30.0
29.0
30.0
32.0
30.0
30.0
30.0
30.0
32.0
30.0
29.0
29.0
29.0
32.0
30.0
29.0
29.0
31.0
31.0
30.0
30.0
30.0
29.0
32.0
31.0
30.0
31.0
29.0
3074.0
3069.0
3070.0
3066.0
3066.0
3073.0
3072.0
3072.0
3022.0
3046.0
3083.0
3085.0
3112.0
3079.0
3078.0
3095.0
3093.0
3078.0
3080.0
3086.0
3050.0
3051.0
3051.0
3055.0
3062.0
3065.0
3054.0
3055.0
3053.0
3045.0
3058.0
3055.0
3063.0
3054.0
3055.0
3059.0
3055.0
3062.0
3047.0
3026.0
3043.0
3043.0
3039.0
3042.0
3042.0
3045.0
3042.0
3056.0
3043.0
3041.0
30.0
29.0
30.0
30.0
21.0
31.0
29.0
29.0
30.0
20.0
31.0
29.0
30.0
29.0
21.0
31.0
30.0
29.0
30.0
21.0
31.0
29.0
30.0
29.0
20.0
30.0
30.0
29.0
29.0
20.0
31.0
29.0
30.0
29.0
21.0
31.0
30.0
30.0
29.0
21.0
31.0
29.0
30.0
29.0
21.0
31.0
29.0
29.0
29.0
21.0
3049.0
3053.0
3053.0
3044.0
3040.0
3061.0
3058.0
3058.0
3057.0
3051.0
3156.0
3098.0
3066.0
3092.0
3051.0
3116.0
3085.0
3090.0
3117.0
3050.0
3042.0
3044.0
3048.0
3056.0
3033.0
3052.0
3053.0
3040.0
3049.0
3042.0
3056.0
3055.0
3059.0
3055.0
3053.0
3057.0
3056.0
3064.0
3054.0
3048.0
3041.0
3041.0
3049.0
3045.0
3036.0
3044.0
3041.0
3049.0
3040.0
3030.0
30.0
25.0
21.0
21.0
3.0
30.0
25.0
22.0
21.0
2.0
29.0
25.0
21.0
21.0
3.0
30.0
25.0
21.0
21.0
3.0
30.0
25.0
21.0
21.0
2.0
30.0
25.0
22.0
21.0
2.0
30.0
26.0
21.0
21.0
2.0
30.0
26.0
21.0
21.0
3.0
30.0
25.0
21.0
21.0
3.0
30.0
25.0
22.0
21.0
3.0
3039.0
3040.0
3032.0
3037.0
3017.0
3038.0
3036.0
3038.0
3054.0
3070.0
3127.0
3060.0
3040.0
3062.0
3097.0
3061.0
3055.0
3052.0
3052.0
3099.0
3037.0
3050.0
3037.0
3034.0
3028.0
3039.0
3039.0
3039.0
3035.0
3012.0
3035.0
3042.0
3035.0
3030.0
3014.0
3043.0
3040.0
3036.0
3038.0
3022.0
3042.0
3035.0
3027.0
3033.0
3022.0
3051.0
3039.0
3035.0
3040.0
3032.0
28.0
18.0
3.0
2.0
2.0
28.0
18.0
2.0
3.0
3.0
29.0
18.0
3.0
3.0
3.0
29.0
18.0
3.0
2.0
2.0
29.0
18.0
3.0
3.0
2.0
28.0
17.0
3.0
3.0
2.0
28.0
17.0
3.0
3.0
3.0
28.0
18.0
2.0
2.0
3.0
29.0
18.0
3.0
2.0
2.0
29.0
18.0
3.0
3.0
2.0
3053.0
3042.0
3017.0
3024.0
3022.0
3053.0
3031.0
3018.0
3038.0
3049.0
3077.0
3071.0
3052.0
3050.0
3039.0
3065.0
3071.0
3054.0
3035.0
3020.0
3046.0
3069.0
2996.0
2996.0
2992.0
3041.0
3033.0
3049.0
3032.0
3017.0
3046.0
3032.0
3021.0
2996.0
2999.0
3029.0
3012.0
2994.0
3011.0
3029.0
3048.0
3048.0
3028.0
3026.0
3027.0
3056.0
3037.0
3034.0
2994.0
3024.0
4.0
3.0
3.0
3.0
3.0
3.0
2.0
3.0
3.0
3.0
3.0
3.0
3.0
3.0
3.0
4.0
3.0
3.0
2.0
2.0
3.0
3.0
3.0
3.0
2.0
4.0
3.0
3.0
3.0
3.0
3.0
3.0
3.0
2.0
3.0
3.0
2.0
3.0
2.0
3.0
3.0
3.0
3.0
3.0
2.0
3.0
3.0
3.0
3.0
3.0
3015.0
3020.0
3021.0
3016.0
3014.0
3014.0
3024.0
3022.0
3049.0
3040.0
3037.0
3043.0
3047.0
3063.0
3042.0
3037.0
3047.0
3045.0
3030.0
3021.0
3027.0
3023.0
3028.0
3032.0
3024.0
3028.0
3028.0
3034.0
3032.0
2991.0
3019.0
3013.0
3014.0
3015.0
3011.0
3017.0
3016.0
3024.0
3014.0
3034.0
3014.0
3025.0
3010.0
3026.0
3016.0
3017.0
3019.0
3021.0
3019.0
3018.0
4.0
3.0
2.0
3.0
2.0
3.0
3.0
3.0
3.0
2.0
3.0
3.0
3.0
3.0
2.0
3.0
3.0
3.0
3.0
3.0
4.0
3.0
3.0
2.0
2.0
3.0
3.0
2.0
3.0
3.0
3.0
3.0
3.0
3.0
3.0
4.0
3.0
3.0
3.0
3.0
4.0
3.0
2.0
2.0
2.0
3.0
3.0
2.0
2.0
2.0
1660.0
1658.0
1661.0
1661.0
1660.0
1660.0
1663.0
1661.0
1660.0
1660.0
1659.0
1664.0
1659.0
1661.0
1658.0
1661.0
1664.0
1657.0
1671.0
1673.0
1672.0
1668.0
1666.0
1668.0
1667.0
1673.0
1673.0
1671.0
1659.0
1658.0
1660.0
1659.0
1660.0
1656.0
1658.0
1662.0
1662.0
1658.0
1657.0
1656.0
1658.0
1659.0
1660.0
1657.0
1659.0
1657.0
1666.0
1660.0
1654.0
1656.0
31.0
29.0
27.0
26.0
27.0
30.0
29.0
27.0
27.0
26.0
30.0
30.0
27.0
26.0
26.0
31.0
30.0
27.0
26.0
26.0
31.0
29.0
26.0
26.0
27.0
31.0
30.0
27.0
26.0
27.0
31.0
30.0
26.0
26.0
26.0
31.0
30.0
26.0
27.0
26.0
31.0
30.0
27.0
26.0
27.0
31.0
29.0
27.0
26.0
26.0
3048.0
3052.0
3042.0
3044.0
3037.0
3045.0
3046.0
3041.0
3046.0
3041.0
3049.0
3047.0
3042.0
3050.0
3042.0
3046.0
3046.0
3041.0
3052.0
3037.0
3051.0
3060.0
3050.0
3041.0
3042.0
3060.0
3045.0
3045.0
3051.0
3051.0
3071.0
3071.0
3081.0
3070.0
3082.0
3065.0
3179.0
3093.0
3049.0
3055.0
3052.0
3048.0
3041.0
3040.0
3044.0
3049.0
3056.0
3071.0
3049.0
3037.0
31.0
29.0
27.0
26.0
27.0
31.0
29.0
26.0
26.0
26.0
30.0
29.0
26.0
27.0
27.0
31.0
30.0
26.0
27.0
26.0
31.0
29.0
26.0
26.0
27.0
31.0
30.0
27.0
27.0
27.0
31.0
29.0
26.0
26.0
26.0
31.0
29.0
27.0
27.0
27.0
30.0
30.0
27.0
26.0
26.0
30.0
29.0
27.0
26.0
26.0
3053.0
3050.0
3043.0
3042.0
3041.0
3047.0
3044.0
3047.0
3042.0
3039.0
3050.0
3053.0
3048.0
3042.0
3048.0
3047.0
3041.0
3044.0
3037.0
3037.0
3049.0
3043.0
3046.0
3047.0
3039.0
3049.0
3049.0
3041.0
3057.0
3070.0
3068.0
3067.0
3062.0
3072.0
3068.0
3056.0
3054.0
3052.0
3043.0
3038.0
3044.0
3047.0
3053.0
3043.0
3040.0
3045.0
3041.0
3052.0
3038.0
3038.0
30.0
30.0
26.0
27.0
26.0
31.0
29.0
27.0
27.0
26.0
31.0
29.0
27.0
26.0
27.0
31.0
30.0
27.0
27.0
27.0
30.0
30.0
26.0
26.0
27.0
30.0
29.0
26.0
27.0
27.0
30.0
29.0
26.0
27.0
27.0
31.0
29.0
26.0
26.0
26.0
31.0
29.0
26.0
27.0
26.0
31.0
29.0
26.0
27.0
27.0
3047.0
3089.0
3036.0
3042.0
3040.0
3056.0
3043.0
3038.0
3039.0
3035.0
3042.0
3043.0
3043.0
3043.0
3039.0
3044.0
3049.0
3049.0
3055.0
3039.0
3045.0
3046.0
3042.0
3043.0
3043.0
3047.0
3052.0
3045.0
3090.0
3073.0
3107.0
3088.0
3098.0
3058.0
3069.0
3108.0
3105.0
3085.0
3047.0
3049.0
3056.0
3052.0
3051.0
3052.0
3055.0
3059.0
3060.0
3059.0
3045.0
3046.0
30.0
29.0
26.0
26.0
26.0
30.0
30.0
27.0
27.0
27.0
30.0
30.0
26.0
27.0
26.0
30.0
30.0
26.0
27.0
27.0
29.0
29.0
27.0
26.0
26.0
30.0
29.0
27.0
26.0
26.0
30.0
30.0
27.0
26.0
26.0
30.0
29.0
27.0
27.0
26.0
30.0
30.0
27.0
27.0
26.0
30.0
29.0
27.0
26.0
26.0
3044.0
3043.0
3041.0
3041.0
3039.0
3050.0
3045.0
3050.0
3039.0
3038.0
3041.0
3044.0
3041.0
3041.0
3039.0
3045.0
3044.0
3054.0
3038.0
3036.0
3080.0
3054.0
3053.0
3048.0
3055.0
3061.0
3050.0
3076.0
3061.0
3063.0
3054.0
3052.0
3045.0
3051.0
3053.0
3058.0
3047.0
3056.0
3041.0
3054.0
3044.0
3045.0
3048.0
3040.0
3041.0
3048.0
3050.0
3055.0
3038.0
3039.0
30.0
30.0
27.0
27.0
26.0
30.0
29.0
26.0
26.0
26.0
30.0
30.0
26.0
27.0
27.0
30.0
30.0
26.0
26.0
27.0
29.0
29.0
26.0
26.0
27.0
29.0
30.0
27.0
27.0
26.0
29.0
29.0
26.0
27.0
26.0
29.0
29.0
26.0
26.0
27.0
29.0
29.0
27.0
27.0
26.0
30.0
30.0
26.0
26.0
26.0
3039.0
3052.0
3037.0
3051.0
3071.0
3043.0
3043.0
3041.0
3036.0
3034.0
3044.0
3044.0
3048.0
3038.0
3040.0
3041.0
3043.0
3103.0
3048.0
3052.0
3079.0
3064.0
3070.0
3085.0
3076.0
3088.0
3075.0
3059.0
3063.0
3053.0
3042.0
3045.0
3040.0
3051.0
3043.0
3051.0
3088.0
3025.0
3035.0
3035.0
3040.0
3038.0
3036.0
3040.0
3057.0
3039.0
3074.0
3045.0
3035.0
3043.0
29.0
21.0
2.0
3.0
2.0
29.0
21.0
3.0
3.0
2.0
29.0
21.0
3.0
3.0
3.0
29.0
20.0
2.0
3.0
3.0
30.0
20.0
2.0
2.0
3.0
29.0
20.0
3.0
3.0
2.0
30.0
21.0
3.0
2.0
2.0
29.0
21.0
3.0
3.0
2.0
30.0
21.0
3.0
3.0
3.0
29.0
21.0
2.0
2.0
2.0
3042.0
3033.0
3024.0
3018.0
3017.0
3042.0
3040.0
3024.0
3015.0
3014.0
3041.0
3042.0
3026.0
3015.0
3013.0
3045.0
3037.0
3014.0
3015.0
3018.0
3074.0
3052.0
3034.0
3028.0
3025.0
3052.0
3063.0
3044.0
3027.0
3055.0
3054.0
3041.0
3029.0
3033.0
3028.0
3057.0
3046.0
3034.0
3013.0
3014.0
3039.0
3029.0
3024.0
3012.0
3014.0
3043.0
3041.0
3016.0
3029.0
3009.0
25.0
3.0
3.0
3.0
3.0
25.0
3.0
2.0
3.0
2.0
26.0
2.0
3.0
3.0
3.0
25.0
2.0
3.0
3.0
3.0
25.0
3.0
2.0
3.0
3.0
25.0
3.0
3.0
2.0
2.0
26.0
3.0
3.0
3.0
3.0
25.0
2.0
2.0
2.0
2.0
26.0
3.0
3.0
2.0
2.0
26.0
2.0
3.0
3.0
2.0
3090.0
3067.0
3040.0
3054.0
3044.0
3066.0
3040.0
3044.0
3013.0
3024.0
3045.0
3019.0
3017.0
3039.0
3017.0
3039.0
3019.0
3014.0
2997.0
3010.0
3101.0
3047.0
3055.0
3048.0
3063.0
3080.0
3048.0
3036.0
3075.0
3049.0
3041.0
3020.0
3021.0
3021.0
3022.0
3043.0
3019.0
3029.0
3022.0
3002.0
3036.0
3012.0
3013.0
3010.0
3014.0
3041.0
3015.0
3023.0
3024.0
3015.0
18.0
3.0
3.0
2.0
2.0
18.0
3.0
3.0
2.0
3.0
17.0
2.0
2.0
2.0
2.0
18.0
3.0
3.0
3.0
2.0
18.0
3.0
2.0
2.0
3.0
18.0
3.0
2.0
2.0
3.0
18.0
3.0
3.0
2.0
2.0
18.0
2.0
3.0
3.0
3.0
18.0
2.0
3.0
3.0
3.0
18.0
2.0
3.0
2.0
2.0
3038.0
3024.0
3024.0
1656.0
1655.0
3033.0
3017.0
3017.0
1670.0
1679.0
3046.0
3029.0
3006.0
1654.0
1665.0
3056.0
3031.0
3025.0
1666.0
1671.0
3027.0
3034.0
3030.0
1656.0
1657.0
3049.0
3044.0
3064.0
1673.0
1680.0
3078.0
3047.0
3009.0
1686.0
1678.0
3061.0
3019.0
3067.0
1659.0
1654.0
3029.0
3011.0
3012.0
1653.0
1654.0
3035.0
3017.0
3013.0
1654.0
1660.0
3.0
2.0
3.0
3.0
2.0
3.0
3.0
2.0
3.0
3.0
2.0
3.0
3.0
2.0
3.0
3.0
2.0
3.0
3.0
2.0
3.0
3.0
2.0
2.0
3.0
2.0
2.0
3.0
2.0
2.0
3.0
3.0
2.0
3.0
2.0
2.0
3.0
3.0
2.0
3.0
3.0
2.0
3.0
3.0
2.0
3.0
3.0
2.0
3.0
3.0
3015.0
3015.0
1658.0
1656.0
1657.0
3017.0
3021.0
1656.0
1656.0
1657.0
3014.0
3015.0
1655.0
1653.0
1657.0
3015.0
3029.0
1656.0
1667.0
1662.0
3028.0
3031.0
1671.0
1672.0
1673.0
3030.0
3031.0
1677.0
1673.0
1655.0
3021.0
3031.0
1660.0
1654.0
1666.0
3027.0
3028.0
1651.0
1665.0
1668.0
3039.0
3041.0
1673.0
1653.0
1682.0
3039.0
3027.0
1722.0
1668.0
1679.0
3.0
2.0
3.0
3.0
2.0
3.0
3.0
2.0
2.0
3.0
3.0
2.0
3.0
3.0
2.0
3.0
3.0
2.0
2.0
3.0
2.0
2.0
3.0
2.0
2.0
23.0
2.0
2.0
3.0
2.0
3.0
3.0
2.0
2.0
3.0
2.0
2.0
3.0
2.0
2.0
3.0
3.0
2.0
3.0
2.0
2.0
3.0
3.0
2.0
3.0
1675.0
1692.0
1671.0
1660.0
1658.0
1729.0
1658.0
1666.0
1664.0
1655.0
1657.0
1656.0
1666.0
1705.0
1660.0
1659.0
1657.0
1660.0
1657.0
1677.0
1672.0
1670.0
1672.0
1670.0
1685.0
1674.0
1677.0
1674.0
1663.0
1655.0
1655.0
1656.0
1655.0
1656.0
1655.0
1665.0
1657.0
1680.0
1674.0
1673.0
1697.0
1667.0
1671.0
1674.0
1667.0
1639.0
1648.0
1611.0
1564.0
1550.0
