5.0
3.0
4.0
4.0
4.0
5.0
5.0
4.0
5.0
4.0
16.0
179.0
178.0
475.0
355.0
594.0
334.0
355.0
594.0
474.0
356.0
356.0
356.0
4618.0
4548.0
4666.0
4555.0
4562.0
4566.0
14.0
178.0
178.0
299.0
325.0
323.0
303.0
340.0
340.0
337.0
312.0
312.0
310.0
4541.0
4550.0
4540.0
4534.0
4505.0
4501.0
4572.0
15.0
165.0
166.0
310.0
308.0
310.0
310.0
308.0
311.0
338.0
336.0
338.0
311.0
4614.0
4636.0
4587.0
4597.0
4589.0
4583.0
4597.0
14.0
196.0
196.0
308.0
308.0
309.0
391.0
391.0
391.0
309.0
309.0
309.0
309.0
4523.0
4525.0
4507.0
4526.0
4507.0
4517.0
4522.0
14.0
193.0
193.0
308.0
307.0
308.0
307.0
308.0
309.0
337.0
336.0
307.0
308.0
4502.0
4490.0
4475.0
4503.0
4489.0
4501.0
4510.0
13.0
165.0
165.0
334.0
338.0
336.0
310.0
308.0
309.0
309.0
309.0
308.0
308.0
4506.0
4471.0
4575.0
4574.0
4562.0
4531.0
4488.0
4.0
154.0
155.0
297.0
297.0
297.0
297.0
299.0
325.0
326.0
327.0
298.0
374.0
4743.0
4579.0
4606.0
4576.0
4518.0
4548.0
4517.0
4.0
159.0
185.0
300.0
298.0
298.0
327.0
327.0
300.0
298.0
300.0
301.0
328.0
4612.0
4624.0
4595.0
4495.0
4495.0
4496.0
4525.0
3.0
3.0
3.0
177.0
148.0
147.0
146.0
146.0
147.0
147.0
147.0
146.0
147.0
4376.0
4338.0
4370.0
4362.0
4336.0
4349.0
4322.0
4.0
3.0
3.0
146.0
147.0
148.0
147.0
175.0
176.0
175.0
147.0
147.0
146.0
4734.0
4688.0
4190.0
4287.0
4302.0
4297.0
3851.0
15.0
178.0
178.0
518.0
629.0
331.0
333.0
332.0
629.0
517.0
331.0
295.0
333.0
4805.0
4817.0
4818.0
6997.0
4820.0
4191.0
14.0
199.0
304.0
456.0
332.0
331.0
332.0
331.0
331.0
363.0
362.0
361.0
332.0
4791.0
6785.0
4833.0
4245.0
4756.0
4754.0
4755.0
15.0
172.0
171.0
288.0
321.0
287.0
353.0
322.0
423.0
384.0
419.0
321.0
288.0
4684.0
4700.0
4298.0
4697.0
4944.0
4343.0
13.0
171.0
171.0
318.0
314.0
478.0
310.0
310.0
342.0
667.0
434.0
402.0
310.0
6093.0
4617.0
4465.0
4630.0
4622.0
4636.0
4652.0
13.0
159.0
159.0
297.0
298.0
330.0
330.0
298.0
298.0
344.0
321.0
448.0
442.0
4698.0
4550.0
4553.0
4548.0
4525.0
4529.0
4523.0
45.0
167.0
165.0
309.0
308.0
308.0
309.0
340.0
340.0
340.0
308.0
308.0
308.0
4535.0
4551.0
4539.0
4544.0
4568.0
4556.0
4535.0
3.0
154.0
154.0
297.0
298.0
297.0
297.0
329.0
330.0
329.0
298.0
297.0
298.0
4572.0
4562.0
4571.0
4539.0
4626.0
4606.0
4504.0
3.0
155.0
154.0
300.0
297.0
332.0
330.0
330.0
300.0
298.0
297.0
300.0
298.0
4522.0
4570.0
4576.0
4652.0
4676.0
4647.0
4654.0
3.0
3.0
2.0
148.0
146.0
148.0
147.0
148.0
146.0
148.0
147.0
148.0
147.0
4428.0
4401.0
4406.0
4501.0
4480.0
4475.0
4364.0
3.0
3.0
2.0
148.0
147.0
147.0
148.0
148.0
147.0
148.0
147.0
148.0
146.0
4420.0
4401.0
4385.0
4381.0
4373.0
4370.0
4381.0
14.0
165.0
167.0
308.0
311.0
344.0
340.0
343.0
311.0
309.0
311.0
312.0
310.0
4554.0
4553.0
4538.0
4543.0
4540.0
4574.0
4524.0
13.0
165.0
164.0
308.0
340.0
341.0
307.0
309.0
408.0
409.0
309.0
309.0
308.0
4557.0
4537.0
4581.0
4595.0
4563.0
4591.0
4564.0
14.0
164.0
166.0
308.0
341.0
342.0
340.0
310.0
310.0
307.0
407.0
405.0
404.0
4590.0
4611.0
4533.0
4607.0
4550.0
4755.0
4595.0
14.0
168.0
174.0
315.0
315.0
311.0
405.0
400.0
407.0
307.0
308.0
316.0
309.0
4524.0
4564.0
4531.0
4564.0
4568.0
4537.0
4523.0
13.0
164.0
164.0
310.0
308.0
311.0
338.0
342.0
309.0
400.0
399.0
311.0
309.0
4486.0
4567.0
4519.0
4523.0
4551.0
4525.0
4554.0
14.0
166.0
164.0
342.0
340.0
311.0
309.0
307.0
311.0
340.0
343.0
343.0
308.0
4612.0
4629.0
4588.0
4513.0
4521.0
4488.0
4543.0
3.0
155.0
154.0
299.0
298.0
299.0
300.0
298.0
300.0
332.0
331.0
332.0
300.0
4604.0
4658.0
4646.0
4587.0
4586.0
4543.0
4538.0
3.0
154.0
187.0
329.0
300.0
308.0
312.0
310.0
315.0
344.0
336.0
340.0
299.0
4590.0
4654.0
4595.0
4522.0
4550.0
4557.0
4517.0
2.0
3.0
3.0
148.0
147.0
146.0
147.0
146.0
148.0
147.0
148.0
146.0
179.0
4380.0
4390.0
4327.0
4359.0
4393.0
4370.0
4333.0
3.0
2.0
3.0
148.0
147.0
148.0
147.0
147.0
147.0
148.0
180.0
179.0
179.0
4385.0
4383.0
4404.0
4350.0
4413.0
4369.0
4315.0
14.0
165.0
166.0
309.0
312.0
308.0
311.0
337.0
337.0
339.0
308.0
308.0
312.0
4524.0
4529.0
4576.0
4578.0
4588.0
4581.0
4593.0
13.0
165.0
247.0
390.0
311.0
309.0
311.0
308.0
337.0
337.0
313.0
308.0
311.0
4542.0
4538.0
4590.0
4587.0
4584.0
4632.0
4618.0
13.0
252.0
250.0
312.0
311.0
308.0
312.0
311.0
308.0
311.0
311.0
339.0
342.0
4563.0
4521.0
4553.0
4511.0
4527.0
4556.0
4479.0
13.0
164.0
166.0
340.0
342.0
343.0
311.0
312.0
311.0
308.0
310.0
310.0
307.0
4559.0
4572.0
4550.0
4552.0
4490.0
4531.0
4570.0
2.0
153.0
154.0
300.0
388.0
394.0
297.0
300.0
298.0
300.0
330.0
332.0
330.0
4455.0
4514.0
4806.0
4564.0
4583.0
4601.0
4553.0
14.0
164.0
195.0
343.0
309.0
311.0
400.0
401.0
308.0
308.0
310.0
309.0
309.0
4602.0
4860.0
4562.0
4577.0
4614.0
4550.0
4630.0
2.0
163.0
164.0
394.0
394.0
388.0
297.0
301.0
302.0
297.0
300.0
300.0
297.0
4523.0
4518.0
4491.0
4539.0
4494.0
4517.0
4495.0
3.0
155.0
155.0
332.0
329.0
380.0
376.0
300.0
298.0
300.0
300.0
297.0
299.0
4544.0
4512.0
4545.0
4602.0
4559.0
4518.0
4495.0
3.0
2.0
2.0
148.0
146.0
146.0
147.0
146.0
147.0
147.0
146.0
175.0
175.0
4310.0
4412.0
4406.0
4309.0
4343.0
4370.0
4411.0
2.0
3.0
3.0
147.0
147.0
147.0
146.0
148.0
146.0
147.0
148.0
173.0
174.0
4428.0
4323.0
4479.0
4419.0
4340.0
4344.0
4331.0
14.0
196.0
166.0
324.0
327.0
330.0
329.0
345.0
368.0
344.0
316.0
344.0
316.0
4645.0
4565.0
4662.0
4604.0
4648.0
4585.0
4507.0
13.0
166.0
165.0
336.0
338.0
307.0
307.0
308.0
309.0
334.0
335.0
310.0
308.0
4525.0
4527.0
4522.0
4518.0
4556.0
4555.0
4558.0
13.0
198.0
167.0
311.0
310.0
308.0
311.0
311.0
337.0
339.0
338.0
308.0
311.0
4518.0
4522.0
4544.0
4599.0
4595.0
4594.0
4508.0
14.0
166.0
166.0
309.0
339.0
339.0
338.0
310.0
310.0
310.0
311.0
311.0
311.0
4568.0
4668.0
4677.0
4687.0
4582.0
4641.0
4531.0
3.0
155.0
154.0
297.0
298.0
326.0
326.0
297.0
297.0
299.0
298.0
327.0
325.0
4505.0
4480.0
4522.0
4631.0
4510.0
4552.0
4576.0
14.0
165.0
166.0
309.0
311.0
336.0
339.0
308.0
308.0
311.0
308.0
308.0
310.0
4524.0
4521.0
4566.0
4606.0
4631.0
4590.0
4546.0
3.0
184.0
156.0
300.0
300.0
300.0
301.0
300.0
300.0
300.0
327.0
328.0
328.0
4515.0
4531.0
4553.0
4501.0
4512.0
4538.0
4451.0
3.0
154.0
154.0
297.0
300.0
325.0
326.0
299.0
298.0
298.0
298.0
298.0
329.0
4487.0
4484.0
4507.0
4654.0
4660.0
4641.0
4579.0
2.0
3.0
3.0
225.0
225.0
146.0
148.0
147.0
147.0
147.0
147.0
146.0
147.0
4353.0
4435.0
4360.0
4358.0
4353.0
4494.0
4344.0
3.0
3.0
3.0
2.0
3.0
3.0
3.0
3.0
2.0
2.0
3.0
3.0
3.0
4224.0
4253.0
4194.0
4168.0
4205.0
4193.0
4238.0
14.0
165.0
253.0
311.0
309.0
312.0
309.0
312.0
336.0
339.0
339.0
339.0
312.0
4471.0
4470.0
4520.0
4545.0
4572.0
4549.0
4523.0
40.0
167.0
164.0
310.0
309.0
310.0
308.0
339.0
337.0
310.0
308.0
393.0
391.0
4463.0
4517.0
4496.0
4524.0
4505.0
4544.0
4508.0
3.0
155.0
155.0
300.0
300.0
297.0
300.0
300.0
326.0
329.0
330.0
297.0
301.0
4620.0
4582.0
4633.0
4532.0
4532.0
4479.0
4509.0
2.0
154.0
183.0
334.0
337.0
315.0
314.0
313.0
396.0
386.0
386.0
301.0
298.0
4525.0
4531.0
4545.0
4506.0
4498.0
4518.0
4487.0
3.0
155.0
154.0
327.0
325.0
301.0
297.0
301.0
298.0
329.0
326.0
300.0
297.0
4540.0
4574.0
4535.0
4502.0
4508.0
4507.0
4528.0
14.0
164.0
165.0
307.0
341.0
339.0
312.0
308.0
312.0
309.0
308.0
310.0
335.0
4647.0
4665.0
4600.0
4565.0
4551.0
4574.0
4578.0
3.0
206.0
154.0
299.0
300.0
296.0
300.0
300.0
297.0
301.0
332.0
331.0
331.0
4724.0
4634.0
4662.0
4576.0
4592.0
4562.0
4566.0
3.0
154.0
155.0
297.0
300.0
329.0
332.0
298.0
301.0
297.0
300.0
300.0
330.0
4680.0
4702.0
4655.0
4552.0
4681.0
4618.0
4543.0
2.0
2.0
3.0
2.0
3.0
3.0
3.0
3.0
2.0
3.0
2.0
3.0
3.0
4262.0
4240.0
4248.0
4278.0
4302.0
4292.0
4217.0
3.0
3.0
2.0
3.0
3.0
3.0
3.0
2.0
3.0
3.0
3.0
2.0
2.0
4235.0
4281.0
4225.0
4271.0
4233.0
4230.0
4250.0
15.0
203.0
165.0
311.0
309.0
311.0
310.0
311.0
348.0
347.0
349.0
349.0
309.0
4521.0
4478.0
4495.0
4546.0
4531.0
4564.0
4547.0
13.0
164.0
165.0
307.0
341.0
396.0
395.0
310.0
307.0
309.0
309.0
336.0
336.0
4517.0
4538.0
4537.0
4653.0
4662.0
4676.0
4611.0
2.0
154.0
155.0
312.0
318.0
396.0
387.0
379.0
297.0
311.0
297.0
297.0
302.0
4507.0
4516.0
4530.0
4544.0
4549.0
4482.0
5230.0
2.0
155.0
155.0
298.0
300.0
300.0
298.0
327.0
329.0
326.0
301.0
299.0
297.0
4517.0
4542.0
5409.0
4441.0
4468.0
4538.0
4530.0
3.0
155.0
183.0
327.0
302.0
298.0
384.0
376.0
300.0
288.0
301.0
289.0
300.0
4463.0
4539.0
4646.0
4467.0
4468.0
4470.0
4462.0
13.0
164.0
166.0
336.0
310.0
308.0
309.0
382.0
417.0
384.0
308.0
308.0
309.0
4564.0
4566.0
4543.0
4516.0
4559.0
4525.0
4571.0
3.0
154.0
154.0
327.0
326.0
328.0
315.0
402.0
399.0
390.0
323.0
298.0
298.0
4483.0
4528.0
4513.0
4476.0
4482.0
4505.0
4461.0
3.0
154.0
153.0
326.0
298.0
298.0
376.0
375.0
375.0
298.0
298.0
298.0
297.0
4522.0
4504.0
4536.0
4471.0
4460.0
4517.0
4508.0
3.0
3.0
3.0
2.0
3.0
3.0
3.0
29.0
3.0
3.0
3.0
3.0
3.0
4183.0
4187.0
4204.0
4181.0
4166.0
4172.0
4208.0
3.0
3.0
3.0
2.0
3.0
3.0
3.0
2.0
3.0
3.0
3.0
2.0
2.0
4217.0
4174.0
4218.0
4195.0
4212.0
4281.0
4249.0
15.0
194.0
194.0
311.0
312.0
309.0
312.0
310.0
311.0
309.0
310.0
312.0
342.0
4603.0
4659.0
4645.0
4611.0
4572.0
4577.0
4612.0
14.0
165.0
166.0
390.0
308.0
330.0
308.0
319.0
337.0
337.0
308.0
308.0
308.0
4516.0
4509.0
4521.0
4505.0
4541.0
4518.0
4539.0
3.0
153.0
154.0
298.0
296.0
297.0
328.0
327.0
327.0
297.0
298.0
298.0
298.0
4527.0
4500.0
4510.0
4499.0
4590.0
4598.0
4527.0
3.0
156.0
153.0
299.0
298.0
299.0
300.0
298.0
299.0
328.0
327.0
329.0
300.0
4510.0
4530.0
4515.0
4541.0
4513.0
4509.0
4582.0
3.0
154.0
154.0
298.0
301.0
298.0
338.0
340.0
298.0
298.0
298.0
298.0
329.0
4556.0
4537.0
4539.0
4663.0
4642.0
4604.0
4626.0
13.0
168.0
164.0
393.0
394.0
329.0
323.0
327.0
323.0
324.0
348.0
343.0
342.0
4579.0
4541.0
4572.0
4562.0
4643.0
4667.0
4528.0
2.0
155.0
156.0
300.0
297.0
299.0
327.0
326.0
328.0
300.0
297.0
299.0
300.0
4539.0
4572.0
4590.0
4529.0
4469.0
4467.0
4608.0
3.0
155.0
155.0
300.0
298.0
300.0
298.0
337.0
335.0
299.0
297.0
298.0
298.0
4541.0
4508.0
4519.0
4488.0
4525.0
4522.0
4590.0
2.0
3.0
3.0
3.0
3.0
2.0
3.0
3.0
3.0
3.0
2.0
3.0
3.0
4274.0
4214.0
4231.0
4205.0
4202.0
4237.0
4294.0
3.0
3.0
3.0
2.0
3.0
3.0
3.0
3.0
2.0
3.0
3.0
3.0
3.0
4302.0
4287.0
4291.0
4301.0
4198.0
4198.0
4207.0
14.0
199.0
166.0
394.0
394.0
310.0
310.0
309.0
310.0
310.0
309.0
310.0
308.0
4517.0
4517.0
4531.0
4516.0
4531.0
4522.0
4552.0
13.0
164.0
196.0
309.0
308.0
341.0
340.0
307.0
308.0
308.0
309.0
339.0
339.0
4593.0
4594.0
4571.0
4519.0
4528.0
4526.0
4547.0
3.0
154.0
155.0
297.0
330.0
330.0
329.0
298.0
297.0
297.0
299.0
298.0
297.0
4504.0
4517.0
4600.0
4516.0
4524.0
4514.0
4542.0
3.0
154.0
154.0
298.0
298.0
297.0
298.0
329.0
329.0
330.0
298.0
296.0
383.0
4607.0
4610.0
4610.0
4608.0
4539.0
4550.0
4535.0
3.0
155.0
155.0
300.0
300.0
331.0
330.0
299.0
299.0
299.0
300.0
328.0
329.0
4588.0
4598.0
4614.0
4557.0
4550.0
4540.0
4557.0
13.0
193.0
166.0
308.0
307.0
309.0
308.0
350.0
352.0
309.0
309.0
308.0
307.0
4519.0
4549.0
4533.0
4522.0
4581.0
4522.0
4500.0
3.0
155.0
155.0
326.0
328.0
327.0
299.0
297.0
299.0
297.0
297.0
300.0
298.0
4475.0
4527.0
4583.0
4571.0
4599.0
4585.0
4566.0
3.0
154.0
154.0
297.0
298.0
325.0
324.0
299.0
298.0
296.0
297.0
297.0
297.0
4574.0
4548.0
4645.0
4619.0
4627.0
4530.0
4572.0
3.0
3.0
3.0
2.0
3.0
3.0
3.0
3.0
2.0
3.0
3.0
3.0
2.0
2279.0
2282.0
2287.0
2315.0
2328.0
2301.0
2314.0
3.0
3.0
3.0
2.0
3.0
3.0
3.0
3.0
2.0
2.0
3.0
3.0
3.0
2216.0
2215.0
2219.0
2226.0
2240.0
2237.0
2242.0
14.0
165.0
165.0
344.0
310.0
309.0
309.0
308.0
308.0
309.0
310.0
310.0
346.0
4527.0
4526.0
4538.0
4535.0
4515.0
4542.0
13.0
164.0
165.0
307.0
310.0
389.0
389.0
389.0
308.0
307.0
308.0
308.0
308.0
4541.0
4529.0
4476.0
4577.0
4571.0
4619.0
4622.0
3.0
228.0
229.0
298.0
297.0
299.0
299.0
300.0
300.0
298.0
327.0
328.0
326.0
4546.0
4569.0
4547.0
4592.0
4579.0
4556.0
4532.0
3.0
154.0
155.0
328.0
325.0
328.0
313.0
309.0
316.0
316.0
312.0
319.0
343.0
4501.0
4564.0
4483.0
4524.0
4537.0
4473.0
4537.0
3.0
157.0
154.0
330.0
326.0
304.0
299.0
298.0
382.0
385.0
298.0
302.0
298.0
4527.0
4501.0
4488.0
4472.0
4516.0
4481.0
4521.0
13.0
194.0
192.0
311.0
308.0
311.0
392.0
391.0
392.0
310.0
308.0
311.0
307.0
4534.0
4537.0
4490.0
4516.0
4540.0
4468.0
4590.0
3.0
240.0
237.0
385.0
297.0
302.0
300.0
298.0
301.0
299.0
297.0
300.0
328.0
4501.0
4591.0
4587.0
4560.0
4581.0
4582.0
4567.0
3.0
155.0
156.0
299.0
384.0
339.0
298.0
299.0
382.0
386.0
297.0
300.0
300.0
4542.0
4589.0
4581.0
4564.0
4531.0
4488.0
4478.0
3.0
3.0
3.0
3.0
3.0
3.0
3.0
2.0
2.0
3.0
3.0
3.0
2.0
2287.0
2294.0
2330.0
2229.0
2256.0
2214.0
2226.0
2.0
3.0
3.0
3.0
3.0
2.0
3.0
3.0
3.0
2.0
2.0
3.0
2.0
2322.0
2328.0
2313.0
2338.0
2314.0
2338.0
2336.0
4.0
3.0
4.0
4.0
3.0
4.0
3.0
4.0
4.0
3.0
4.0
3.0
4.0
2309.0
2302.0
2338.0
2252.0
2252.0
2271.0
2226.0
3.0
2.0
3.0
3.0
3.0
3.0
3.0
3.0
3.0
3.0
3.0
3.0
3.0
2227.0
2244.0
2236.0
2296.0
2324.0
2311.0
2319.0
3.0
3.0
3.0
3.0
2.0
3.0
3.0
3.0
3.0
3.0
3.0
2.0
2.0
2320.0
2289.0
2298.0
2314.0
2315.0
2333.0
2234.0
3.0
3.0
3.0
2.0
2.0
4.0
3.0
3.0
3.0
3.0
2.0
2.0
3.0
2239.0
2244.0
2259.0
2282.0
2333.0
2366.0
2363.0
3.0
3.0
3.0
3.0
3.0
4.0
3.0
3.0
3.0
3.0
2.0
2.0
4.0
2387.0
2326.0
2333.0
2362.0
2337.0
2373.0
2343.0
3.0
3.0
3.0
3.0
3.0
3.0
3.0
3.0
3.0
3.0
3.0
3.0
3.0
2295.0
2295.0
2283.0
2291.0
2284.0
2293.0
2272.0
3.0
3.0
3.0
3.0
3.0
3.0
3.0
3.0
3.0
3.0
3.0
3.0
3.0
2262.0
2270.0
2255.0
2297.0
2288.0
2339.0
2334.0
3.0
2.0
2.0
3.0
3.0
3.0
3.0
3.0
3.0
2.0
3.0
3.0
3.0
2335.0
2340.0
2309.0
2300.0
2354.0
2344.0
2241.0
3.0
3.0
3.0
2.0
3.0
3.0
3.0
3.0
2.0
2.0
3.0
3.0
3.0
2273.0
2217.0
2250.0
2253.0
2238.0
2341.0
2310.0
2.0
3.0
3.0
3.0
2.0
3.0
2.0
3.0
3.0
2.0
3.0
3.0
2.0
2275.0
2270.0
2218.0
2211.0
2190.0
2183.0
2149.0
