2.0
3.0
2.0
1.0
1.0
2.0
2.0
2.0
2.0
3.0
2.0
2.0
2.0
2.0
2.0
2.0
1.0
2.0
3.0
3.0
2.0
1.0
1.0
2.0
3.0
2.0
1.0
3.0
2.0
2.0
1.0
2.0
2.0
1.0
2.0
2.0
3.0
2.0
2.0
2.0
852.0
743.0
1055.0
894.0
844.0
1021.0
844.0
842.0
840.0
979.0
742.0
830.0
818.0
818.0
813.0
820.0
752.0
809.0
785.0
803.0
780.0
782.0
805.0
783.0
782.0
785.0
802.0
787.0
780.0
785.0
808.0
815.0
806.0
807.0
808.0
818.0
810.0
810.0
812.0
805.0
782.0
781.0
780.0
781.0
785.0
785.0
784.0
785.0
783.0
783.0
785.0
782.0
782.0
785.0
785.0
785.0
784.0
785.0
781.0
783.0
789.0
795.0
806.0
802.0
803.0
803.0
800.0
835.0
824.0
855.0
1.0
2.0
1.0
2.0
1.0
2.0
2.0
1.0
2.0
1.0
2.0
1.0
2.0
1.0
2.0
1.0
2.0
1.0
2.0
1.0
2.0
1.0
2.0
2.0
1.0
2.0
1.0
2.0
1.0
2.0
841.0
860.0
857.0
838.0
851.0
827.0
849.0
816.0
819.0
833.0
783.0
784.0
785.0
786.0
783.0
785.0
786.0
783.0
786.0
807.0
785.0
782.0
785.0
788.0
784.0
788.0
788.0
782.0
808.0
787.0
782.0
783.0
784.0
782.0
811.0
806.0
814.0
821.0
822.0
822.0
834.0
830.0
838.0
833.0
792.0
812.0
784.0
804.0
800.0
786.0
807.0
807.0
808.0
786.0
810.0
787.0
798.0
803.0
793.0
786.0
792.0
785.0
781.0
782.0
786.0
780.0
784.0
763.0
770.0
759.0
2.0
2.0
1.0
2.0
2.0
2.0
2.0
2.0
2.0
2.0
1.0
1.0
1.0
2.0
1.0
2.0
3.0
1.0
1.0
2.0
2.0
2.0
3.0
2.0
1.0
2.0
3.0
2.0
1.0
2.0
860.0
859.0
766.0
1059.0
806.0
858.0
865.0
860.0
924.0
1062.0
809.0
754.0
814.0
810.0
835.0
812.0
828.0
806.0
798.0
774.0
782.0
784.0
783.0
786.0
782.0
781.0
781.0
787.0
783.0
786.0
782.0
782.0
784.0
784.0
787.0
780.0
782.0
784.0
783.0
788.0
798.0
818.0
799.0
816.0
804.0
818.0
818.0
800.0
806.0
824.0
785.0
793.0
782.0
786.0
786.0
796.0
793.0
783.0
784.0
789.0
779.0
780.0
782.0
785.0
781.0
782.0
781.0
784.0
782.0
787.0
1.0
1.0
1.0
2.0
1.0
1.0
2.0
1.0
1.0
1.0
2.0
1.0
1.0
1.0
1.0
1.0
1.0
2.0
1.0
1.0
1.0
2.0
1.0
1.0
1.0
2.0
1.0
1.0
1.0
1.0
789.0
792.0
816.0
815.0
819.0
797.0
800.0
823.0
799.0
825.0
815.0
803.0
814.0
839.0
816.0
820.0
824.0
808.0
826.0
807.0
782.0
784.0
789.0
791.0
785.0
784.0
792.0
790.0
783.0
790.0
781.0
783.0
784.0
783.0
782.0
783.0
786.0
787.0
781.0
796.0
786.0
781.0
790.0
782.0
798.0
781.0
793.0
790.0
781.0
783.0
803.0
802.0
803.0
799.0
824.0
801.0
818.0
819.0
799.0
801.0
781.0
781.0
781.0
782.0
782.0
807.0
787.0
788.0
783.0
785.0
2.0
1.0
1.0
1.0
1.0
2.0
2.0
1.0
1.0
1.0
1.0
1.0
2.0
2.0
1.0
1.0
1.0
2.0
1.0
1.0
1.0
1.0
1.0
1.0
1.0
2.0
2.0
1.0
1.0
1.0
781.0
779.0
782.0
783.0
783.0
788.0
785.0
787.0
781.0
787.0
779.0
783.0
783.0
781.0
784.0
785.0
782.0
786.0
801.0
822.0
804.0
824.0
804.0
805.0
805.0
809.0
804.0
807.0
794.0
791.0
782.0
781.0
781.0
782.0
782.0
781.0
786.0
784.0
781.0
784.0
783.0
782.0
784.0
780.0
785.0
784.0
789.0
785.0
783.0
787.0
783.0
780.0
786.0
782.0
805.0
808.0
814.0
809.0
807.0
813.0
806.0
807.0
804.0
815.0
796.0
781.0
794.0
784.0
782.0
783.0
1.0
2.0
1.0
1.0
1.0
2.0
1.0
1.0
2.0
1.0
1.0
1.0
2.0
1.0
1.0
2.0
2.0
1.0
1.0
1.0
1.0
1.0
1.0
2.0
2.0
1.0
1.0
1.0
1.0
2.0
782.0
781.0
782.0
781.0
795.0
784.0
784.0
784.0
781.0
785.0
782.0
782.0
783.0
783.0
784.0
783.0
784.0
784.0
786.0
802.0
801.0
806.0
801.0
799.0
804.0
801.0
803.0
817.0
802.0
817.0
784.0
781.0
799.0
780.0
786.0
783.0
787.0
794.0
782.0
796.0
785.0
784.0
785.0
783.0
786.0
782.0
788.0
788.0
782.0
788.0
799.0
796.0
808.0
800.0
808.0
798.0
807.0
811.0
799.0
812.0
817.0
803.0
827.0
801.0
820.0
803.0
820.0
804.0
817.0
824.0
1.0
2.0
1.0
1.0
1.0
2.0
1.0
1.0
2.0
2.0
1.0
1.0
1.0
1.0
2.0
2.0
1.0
1.0
1.0
1.0
2.0
2.0
1.0
1.0
1.0
1.0
1.0
2.0
2.0
1.0
782.0
805.0
780.0
791.0
783.0
799.0
801.0
786.0
805.0
790.0
783.0
793.0
779.0
783.0
784.0
781.0
782.0
792.0
794.0
785.0
782.0
785.0
781.0
782.0
785.0
782.0
780.0
784.0
786.0
787.0
816.0
818.0
803.0
820.0
822.0
822.0
803.0
826.0
829.0
806.0
781.0
784.0
782.0
783.0
788.0
785.0
783.0
784.0
784.0
785.0
781.0
784.0
782.0
782.0
786.0
783.0
785.0
783.0
789.0
785.0
781.0
781.0
783.0
780.0
786.0
782.0
781.0
785.0
785.0
806.0
2.0
1.0
1.0
2.0
1.0
1.0
1.0
2.0
1.0
1.0
1.0
2.0
1.0
1.0
2.0
1.0
1.0
1.0
2.0
1.0
1.0
1.0
2.0
1.0
1.0
2.0
1.0
1.0
1.0
2.0
808.0
809.0
809.0
807.0
806.0
805.0
807.0
810.0
808.0
781.0
781.0
784.0
779.0
785.0
785.0
787.0
781.0
782.0
783.0
788.0
780.0
781.0
783.0
783.0
787.0
783.0
781.0
785.0
789.0
785.0
780.0
781.0
781.0
784.0
783.0
782.0
780.0
783.0
786.0
814.0
802.0
803.0
804.0
805.0
804.0
803.0
803.0
815.0
806.0
793.0
782.0
784.0
790.0
783.0
791.0
781.0
783.0
790.0
791.0
790.0
781.0
787.0
781.0
782.0
780.0
788.0
782.0
785.0
784.0
785.0
1.0
2.0
1.0
1.0
2.0
1.0
1.0
2.0
1.0
1.0
2.0
1.0
1.0
2.0
1.0
1.0
1.0
1.0
2.0
2.0
1.0
1.0
1.0
1.0
2.0
2.0
1.0
1.0
1.0
1.0
782.0
783.0
782.0
782.0
779.0
782.0
781.0
814.0
820.0
806.0
802.0
805.0
833.0
836.0
832.0
815.0
812.0
805.0
810.0
785.0
783.0
781.0
808.0
808.0
802.0
784.0
784.0
794.0
795.0
796.0
808.0
805.0
816.0
803.0
804.0
804.0
802.0
803.0
805.0
796.0
784.0
782.0
811.0
815.0
815.0
805.0
810.0
819.0
821.0
811.0
807.0
805.0
788.0
789.0
782.0
790.0
786.0
787.0
786.0
786.0
782.0
780.0
781.0
782.0
782.0
785.0
792.0
784.0
787.0
785.0
1.0
2.0
2.0
1.0
1.0
1.0
1.0
1.0
1.0
2.0
2.0
1.0
1.0
1.0
1.0
1.0
1.0
1.0
1.0
1.0
1.0
1.0
1.0
2.0
2.0
1.0
1.0
1.0
1.0
1.0
783.0
781.0
779.0
779.0
782.0
798.0
785.0
783.0
792.0
785.0
806.0
806.0
806.0
804.0
805.0
806.0
809.0
806.0
810.0
807.0
785.0
782.0
782.0
783.0
784.0
781.0
784.0
784.0
786.0
784.0
783.0
782.0
783.0
784.0
784.0
781.0
782.0
784.0
786.0
784.0
782.0
780.0
779.0
783.0
781.0
780.0
781.0
783.0
784.0
784.0
815.0
806.0
822.0
819.0
819.0
823.0
825.0
815.0
816.0
811.0
781.0
801.0
782.0
784.0
782.0
784.0
787.0
784.0
785.0
784.0
2.0
1.0
1.0
2.0
1.0
1.0
2.0
1.0
1.0
1.0
2.0
1.0
1.0
2.0
1.0
1.0
2.0
1.0
1.0
1.0
2.0
1.0
1.0
1.0
1.0
2.0
2.0
1.0
1.0
1.0
783.0
782.0
782.0
782.0
782.0
782.0
783.0
783.0
781.0
786.0
782.0
779.0
781.0
782.0
782.0
782.0
791.0
785.0
784.0
785.0
807.0
808.0
821.0
825.0
830.0
825.0
809.0
815.0
820.0
811.0
781.0
781.0
809.0
809.0
803.0
812.0
783.0
785.0
782.0
786.0
780.0
782.0
782.0
782.0
786.0
783.0
784.0
781.0
786.0
787.0
784.0
782.0
782.0
784.0
781.0
783.0
780.0
784.0
809.0
823.0
811.0
806.0
815.0
805.0
815.0
814.0
805.0
814.0
782.0
787.0
1.0
2.0
2.0
1.0
1.0
1.0
1.0
1.0
1.0
2.0
2.0
1.0
1.0
1.0
1.0
2.0
2.0
1.0
1.0
1.0
1.0
1.0
1.0
2.0
2.0
1.0
1.0
1.0
1.0
2.0
781.0
782.0
782.0
783.0
785.0
785.0
785.0
793.0
786.0
793.0
817.0
793.0
807.0
793.0
806.0
812.0
793.0
820.0
823.0
813.0
787.0
802.0
785.0
783.0
786.0
782.0
803.0
838.0
841.0
834.0
831.0
834.0
813.0
810.0
808.0
822.0
833.0
822.0
801.0
797.0
800.0
783.0
782.0
784.0
781.0
783.0
783.0
793.0
784.0
785.0
781.0
782.0
781.0
782.0
785.0
781.0
786.0
785.0
782.0
784.0
783.0
789.0
783.0
805.0
813.0
819.0
818.0
835.0
834.0
822.0
2.0
1.0
1.0
1.0
1.0
1.0
2.0
1.0
1.0
1.0
2.0
1.0
1.0
2.0
1.0
1.0
2.0
1.0
1.0
1.0
2.0
1.0
1.0
1.0
1.0
2.0
2.0
1.0
1.0
1.0
808.0
813.0
814.0
784.0
786.0
785.0
783.0
784.0
784.0
786.0
783.0
780.0
780.0
784.0
783.0
782.0
783.0
784.0
785.0
788.0
782.0
780.0
784.0
783.0
780.0
783.0
783.0
785.0
786.0
784.0
805.0
818.0
820.0
812.0
822.0
822.0
820.0
808.0
819.0
811.0
781.0
809.0
801.0
784.0
810.0
802.0
801.0
783.0
781.0
783.0
781.0
783.0
791.0
781.0
785.0
786.0
786.0
784.0
782.0
784.0
782.0
782.0
782.0
780.0
781.0
780.0
798.0
785.0
788.0
784.0
1.0
1.0
1.0
2.0
1.0
1.0
1.0
2.0
1.0
1.0
2.0
1.0
1.0
1.0
2.0
1.0
1.0
2.0
1.0
1.0
1.0
2.0
1.0
1.0
1.0
2.0
1.0
1.0
2.0
1.0
810.0
808.0
809.0
820.0
806.0
807.0
812.0
837.0
819.0
818.0
780.0
782.0
803.0
783.0
784.0
806.0
783.0
786.0
785.0
785.0
781.0
779.0
779.0
782.0
783.0
806.0
785.0
784.0
781.0
783.0
783.0
782.0
797.0
792.0
782.0
790.0
784.0
787.0
786.0
784.0
806.0
808.0
808.0
824.0
823.0
805.0
809.0
806.0
829.0
818.0
782.0
780.0
781.0
805.0
808.0
781.0
787.0
797.0
797.0
791.0
800.0
822.0
833.0
822.0
828.0
824.0
793.0
787.0
788.0
788.0
2.0
1.0
2.0
1.0
1.0
2.0
1.0
1.0
2.0
1.0
1.0
2.0
1.0
1.0
2.0
1.0
1.0
2.0
2.0
1.0
1.0
1.0
1.0
2.0
1.0
1.0
1.0
1.0
1.0
2.0
782.0
788.0
783.0
782.0
781.0
784.0
783.0
815.0
807.0
817.0
810.0
813.0
812.0
810.0
811.0
813.0
809.0
783.0
785.0
781.0
782.0
782.0
783.0
784.0
784.0
783.0
783.0
783.0
785.0
786.0
783.0
789.0
783.0
782.0
782.0
791.0
783.0
790.0
794.0
791.0
782.0
785.0
782.0
784.0
783.0
783.0
787.0
822.0
826.0
821.0
806.0
805.0
808.0
833.0
835.0
830.0
810.0
805.0
789.0
786.0
783.0
783.0
785.0
784.0
785.0
782.0
792.0
790.0
786.0
794.0
1.0
1.0
2.0
1.0
1.0
1.0
2.0
1.0
1.0
1.0
2.0
1.0
1.0
2.0
1.0
2.0
1.0
1.0
1.0
1.0
2.0
2.0
1.0
1.0
1.0
1.0
1.0
1.0
2.0
2.0
780.0
783.0
783.0
781.0
782.0
786.0
780.0
791.0
786.0
804.0
783.0
786.0
782.0
807.0
806.0
817.0
820.0
810.0
814.0
812.0
807.0
806.0
811.0
789.0
783.0
787.0
782.0
782.0
787.0
784.0
785.0
784.0
783.0
782.0
779.0
785.0
782.0
785.0
790.0
785.0
781.0
783.0
782.0
783.0
780.0
794.0
783.0
785.0
783.0
788.0
807.0
806.0
817.0
819.0
806.0
809.0
805.0
806.0
829.0
806.0
783.0
782.0
803.0
795.0
797.0
784.0
782.0
786.0
799.0
785.0
2.0
1.0
1.0
2.0
1.0
1.0
1.0
1.0
1.0
2.0
1.0
1.0
1.0
1.0
1.0
2.0
1.0
1.0
2.0
1.0
1.0
2.0
1.0
1.0
2.0
1.0
1.0
2.0
1.0
1.0
782.0
781.0
786.0
786.0
785.0
783.0
787.0
789.0
793.0
795.0
795.0
781.0
783.0
782.0
784.0
781.0
793.0
786.0
786.0
781.0
811.0
807.0
808.0
808.0
807.0
810.0
809.0
815.0
811.0
806.0
782.0
782.0
784.0
784.0
791.0
798.0
798.0
800.0
802.0
800.0
821.0
805.0
827.0
819.0
815.0
828.0
798.0
799.0
793.0
794.0
788.0
792.0
788.0
786.0
785.0
787.0
785.0
784.0
789.0
785.0
815.0
806.0
820.0
819.0
820.0
828.0
820.0
832.0
829.0
811.0
2.0
1.0
1.0
1.0
1.0
2.0
2.0
1.0
1.0
1.0
1.0
1.0
1.0
2.0
2.0
1.0
1.0
1.0
1.0
2.0
1.0
1.0
1.0
1.0
1.0
1.0
1.0
2.0
2.0
1.0
782.0
784.0
782.0
782.0
794.0
789.0
784.0
791.0
787.0
788.0
782.0
783.0
786.0
783.0
785.0
786.0
781.0
783.0
786.0
784.0
784.0
786.0
785.0
790.0
785.0
782.0
785.0
812.0
814.0
819.0
811.0
814.0
815.0
810.0
809.0
809.0
807.0
784.0
784.0
783.0
785.0
784.0
784.0
785.0
785.0
783.0
784.0
783.0
784.0
781.0
788.0
784.0
785.0
786.0
786.0
786.0
785.0
786.0
784.0
783.0
782.0
784.0
783.0
784.0
781.0
783.0
783.0
818.0
807.0
809.0
2.0
1.0
1.0
1.0
1.0
1.0
1.0
1.0
2.0
2.0
1.0
1.0
1.0
1.0
2.0
2.0
1.0
1.0
1.0
1.0
2.0
2.0
1.0
1.0
1.0
1.0
2.0
2.0
1.0
1.0
808.0
807.0
805.0
804.0
811.0
809.0
803.0
792.0
784.0
784.0
781.0
781.0
786.0
787.0
782.0
786.0
785.0
787.0
780.0
780.0
781.0
783.0
781.0
784.0
781.0
782.0
785.0
789.0
782.0
782.0
784.0
781.0
782.0
804.0
811.0
806.0
808.0
820.0
811.0
809.0
807.0
807.0
807.0
785.0
783.0
785.0
793.0
787.0
781.0
785.0
782.0
782.0
783.0
783.0
779.0
784.0
785.0
788.0
780.0
792.0
781.0
786.0
783.0
789.0
781.0
785.0
783.0
790.0
781.0
783.0
2.0
1.0
1.0
1.0
2.0
1.0
1.0
1.0
1.0
1.0
2.0
1.0
1.0
1.0
1.0
2.0
1.0
1.0
2.0
1.0
1.0
1.0
1.0
2.0
1.0
1.0
2.0
1.0
1.0
1.0
806.0
804.0
805.0
433.0
433.0
805.0
806.0
809.0
454.0
457.0
808.0
805.0
806.0
432.0
432.0
791.0
793.0
800.0
432.0
441.0
810.0
806.0
825.0
445.0
456.0
804.0
805.0
801.0
454.0
450.0
795.0
796.0
781.0
434.0
432.0
784.0
783.0
780.0
434.0
432.0
780.0
782.0
780.0
433.0
432.0
788.0
782.0
784.0
434.0
432.0
804.0
805.0
807.0
433.0
434.0
824.0
809.0
806.0
457.0
456.0
831.0
828.0
780.0
432.0
433.0
785.0
785.0
807.0
434.0
432.0
2.0
1.0
1.0
2.0
1.0
1.0
1.0
2.0
2.0
1.0
1.0
1.0
1.0
1.0
2.0
2.0
1.0
1.0
1.0
1.0
2.0
2.0
1.0
1.0
1.0
1.0
1.0
2.0
2.0
1.0
434.0
433.0
437.0
450.0
434.0
437.0
436.0
434.0
438.0
434.0
434.0
434.0
444.0
445.0
432.0
431.0
432.0
435.0
433.0
432.0
434.0
432.0
433.0
433.0
433.0
433.0
431.0
435.0
432.0
432.0
432.0
432.0
434.0
431.0
432.0
433.0
432.0
431.0
433.0
432.0
434.0
433.0
432.0
433.0
437.0
433.0
433.0
434.0
458.0
458.0
457.0
457.0
470.0
459.0
458.0
457.0
458.0
464.0
433.0
436.0
433.0
434.0
440.0
433.0
447.0
437.0
435.0
436.0
436.0
432.0
1.0
2.0
1.0
1.0
1.0
2.0
1.0
1.0
2.0
1.0
1.0
1.0
2.0
1.0
1.0
1.0
2.0
1.0
1.0
2.0
1.0
1.0
1.0
2.0
1.0
1.0
1.0
2.0
1.0
1.0
433.0
434.0
434.0
432.0
433.0
433.0
432.0
435.0
433.0
434.0
431.0
433.0
433.0
434.0
431.0
432.0
431.0
435.0
436.0
431.0
433.0
432.0
435.0
432.0
433.0
433.0
432.0
434.0
434.0
450.0
433.0
432.0
448.0
433.0
435.0
432.0
431.0
433.0
431.0
433.0
430.0
436.0
432.0
435.0
434.0
431.0
433.0
432.0
433.0
432.0
432.0
433.0
433.0
433.0
459.0
458.0
468.0
470.0
461.0
470.0
470.0
468.0
464.0
475.0
446.0
428.0
411.0
545.0
409.0
531.0
