1.0
0.0
1.0
0.0
1.0
0.0
1.0
0.0
1.0
0.0
1.0
1.0
165.0
92.0
92.0
92.0
92.0
167.0
92.0
92.0
168.0
168.0
91.0
92.0
92.0
92.0
92.0
93.0
167.0
139.0
1.0
2.0
139.0
167.0
92.0
92.0
91.0
76.0
91.0
92.0
73.0
92.0
91.0
92.0
92.0
92.0
92.0
92.0
167.0
73.0
1.0
2.0
168.0
92.0
91.0
91.0
92.0
92.0
92.0
83.0
74.0
91.0
91.0
92.0
91.0
92.0
75.0
75.0
91.0
98.0
1.0
1.0
91.0
92.0
92.0
91.0
92.0
91.0
74.0
74.0
92.0
92.0
91.0
77.0
77.0
91.0
91.0
92.0
91.0
91.0
1.0
1.0
91.0
79.0
91.0
79.0
80.0
91.0
92.0
91.0
91.0
92.0
80.0
91.0
91.0
80.0
80.0
92.0
91.0
91.0
1.0
1.0
91.0
91.0
80.0
91.0
80.0
80.0
120.0
121.0
122.0
122.0
121.0
122.0
113.0
112.0
122.0
112.0
91.0
91.0
0.0
0.0
92.0
93.0
79.0
91.0
93.0
79.0
79.0
91.0
91.0
80.0
90.0
89.0
86.0
90.0
90.0
81.0
82.0
88.0
1.0
0.0
88.0
82.0
88.0
82.0
89.0
82.0
88.0
81.0
89.0
88.0
87.0
83.0
84.0
84.0
86.0
84.0
86.0
86.0
0.0
0.0
86.0
85.0
85.0
85.0
85.0
85.0
85.0
85.0
85.0
85.0
86.0
85.0
86.0
85.0
85.0
85.0
85.0
85.0
0.0
0.0
85.0
86.0
85.0
86.0
85.0
85.0
85.0
84.0
85.0
86.0
85.0
85.0
85.0
82.0
80.0
81.0
79.0
78.0
0.0
1.0
0.0
1.0
0.0
1.0
0.0
1.0
1.0
1.0
1.0
1.0
1.0
2.0
0.0
1.0
1.0
1.0
0.0
1.0
93.0
93.0
94.0
169.0
94.0
168.0
93.0
93.0
168.0
94.0
94.0
94.0
92.0
87.0
93.0
93.0
196.0
174.0
173.0
122.0
107.0
121.0
120.0
120.0
120.0
120.0
74.0
167.0
167.0
51.0
91.0
92.0
92.0
92.0
92.0
91.0
92.0
74.0
93.0
52.0
92.0
92.0
93.0
86.0
74.0
91.0
91.0
146.0
145.0
51.0
91.0
92.0
74.0
74.0
92.0
92.0
92.0
91.0
92.0
52.0
75.0
75.0
92.0
92.0
92.0
91.0
94.0
91.0
91.0
42.0
76.0
92.0
91.0
83.0
78.0
92.0
92.0
92.0
92.0
51.0
80.0
92.0
92.0
80.0
79.0
92.0
92.0
91.0
91.0
51.0
80.0
92.0
79.0
80.0
92.0
92.0
91.0
91.0
79.0
51.0
92.0
80.0
81.0
91.0
92.0
92.0
91.0
91.0
79.0
52.0
91.0
79.0
80.0
91.0
92.0
91.0
92.0
92.0
91.0
45.0
92.0
80.0
80.0
80.0
91.0
91.0
122.0
121.0
121.0
52.0
113.0
113.0
121.0
113.0
121.0
122.0
122.0
92.0
92.0
52.0
79.0
79.0
79.0
91.0
91.0
92.0
91.0
92.0
91.0
51.0
79.0
79.0
80.0
91.0
91.0
91.0
91.0
92.0
91.0
51.0
79.0
80.0
79.0
92.0
92.0
91.0
92.0
91.0
91.0
45.0
92.0
79.0
80.0
79.0
91.0
91.0
92.0
91.0
91.0
45.0
1.0
1.0
0.0
1.0
1.0
0.0
1.0
1.0
0.0
0.0
1.0
1.0
1.0
0.0
0.0
1.0
1.0
1.0
0.0
0.0
91.0
79.0
93.0
79.0
79.0
92.0
91.0
91.0
91.0
51.0
80.0
91.0
91.0
79.0
79.0
92.0
91.0
92.0
92.0
51.0
79.0
91.0
91.0
79.0
79.0
91.0
91.0
91.0
79.0
51.0
91.0
79.0
79.0
91.0
93.0
91.0
91.0
92.0
80.0
51.0
92.0
79.0
80.0
91.0
91.0
92.0
92.0
92.0
91.0
44.0
79.0
92.0
79.0
79.0
92.0
91.0
91.0
91.0
91.0
51.0
79.0
79.0
92.0
80.0
92.0
122.0
122.0
121.0
121.0
51.0
113.0
113.0
113.0
121.0
121.0
121.0
91.0
92.0
91.0
52.0
80.0
79.0
79.0
92.0
159.0
161.0
161.0
163.0
160.0
51.0
150.0
151.0
149.0
163.0
160.0
92.0
91.0
92.0
92.0
51.0
79.0
79.0
80.0
92.0
93.0
92.0
92.0
92.0
91.0
44.0
80.0
92.0
80.0
80.0
91.0
91.0
92.0
92.0
92.0
45.0
92.0
80.0
92.0
79.0
80.0
91.0
92.0
92.0
92.0
51.0
79.0
92.0
92.0
79.0
79.0
91.0
91.0
91.0
92.0
45.0
92.0
92.0
80.0
80.0
91.0
79.0
92.0
91.0
91.0
52.0
92.0
79.0
91.0
80.0
91.0
80.0
92.0
91.0
91.0
51.0
79.0
92.0
79.0
91.0
79.0
92.0
92.0
91.0
92.0
51.0
79.0
80.0
92.0
81.0
91.0
91.0
91.0
92.0
92.0
51.0
1.0
0.0
1.0
0.0
1.0
1.0
1.0
0.0
0.0
0.0
1.0
0.0
0.0
1.0
1.0
0.0
0.0
1.0
0.0
0.0
80.0
80.0
79.0
92.0
91.0
92.0
91.0
92.0
91.0
51.0
79.0
80.0
80.0
92.0
91.0
91.0
92.0
92.0
91.0
51.0
79.0
80.0
79.0
121.0
121.0
122.0
121.0
121.0
121.0
81.0
112.0
113.0
113.0
92.0
91.0
91.0
92.0
91.0
92.0
51.0
80.0
79.0
80.0
92.0
91.0
91.0
92.0
91.0
91.0
51.0
79.0
80.0
79.0
92.0
91.0
91.0
92.0
92.0
80.0
52.0
80.0
91.0
80.0
91.0
91.0
92.0
79.0
91.0
79.0
51.0
79.0
91.0
92.0
91.0
91.0
92.0
79.0
79.0
91.0
44.0
91.0
92.0
91.0
80.0
91.0
92.0
81.0
80.0
91.0
51.0
93.0
92.0
91.0
79.0
91.0
79.0
79.0
92.0
91.0
51.0
91.0
91.0
91.0
79.0
91.0
91.0
79.0
79.0
91.0
51.0
92.0
80.0
92.0
91.0
91.0
79.0
79.0
91.0
91.0
51.0
79.0
91.0
91.0
91.0
79.0
79.0
91.0
92.0
91.0
51.0
79.0
92.0
92.0
79.0
79.0
91.0
92.0
91.0
91.0
51.0
79.0
91.0
79.0
79.0
121.0
120.0
121.0
121.0
121.0
51.0
113.0
113.0
113.0
121.0
121.0
91.0
92.0
91.0
92.0
51.0
80.0
79.0
79.0
92.0
92.0
91.0
92.0
92.0
91.0
51.0
80.0
80.0
79.0
92.0
92.0
91.0
92.0
91.0
91.0
51.0
0.0
1.0
1.0
0.0
1.0
0.0
1.0
0.0
1.0
0.0
1.0
0.0
1.0
0.0
1.0
0.0
1.0
0.0
1.0
0.0
80.0
79.0
80.0
91.0
92.0
92.0
92.0
91.0
91.0
50.0
79.0
79.0
80.0
92.0
91.0
91.0
92.0
91.0
91.0
52.0
79.0
80.0
80.0
91.0
91.0
91.0
93.0
92.0
91.0
51.0
80.0
79.0
79.0
92.0
91.0
91.0
91.0
93.0
80.0
51.0
91.0
80.0
81.0
90.0
90.0
90.0
90.0
83.0
82.0
51.0
90.0
82.0
83.0
90.0
91.0
89.0
82.0
89.0
82.0
51.0
82.0
82.0
89.0
88.0
89.0
89.0
89.0
82.0
82.0
50.0
82.0
82.0
88.0
89.0
89.0
88.0
88.0
82.0
83.0
50.0
82.0
82.0
89.0
90.0
120.0
121.0
114.0
121.0
113.0
50.0
114.0
114.0
120.0
121.0
119.0
90.0
89.0
82.0
83.0
49.0
82.0
82.0
89.0
89.0
89.0
89.0
88.0
89.0
82.0
46.0
82.0
82.0
83.0
89.0
89.0
88.0
88.0
82.0
88.0
49.0
82.0
82.0
82.0
88.0
89.0
90.0
89.0
88.0
81.0
50.0
81.0
82.0
82.0
89.0
88.0
88.0
88.0
89.0
82.0
50.0
82.0
82.0
82.0
88.0
88.0
88.0
89.0
82.0
89.0
50.0
82.0
82.0
82.0
89.0
88.0
88.0
88.0
81.0
89.0
49.0
82.0
82.0
82.0
89.0
89.0
88.0
89.0
83.0
89.0
49.0
82.0
82.0
83.0
89.0
88.0
89.0
89.0
81.0
89.0
49.0
1.0
0.0
1.0
1.0
0.0
1.0
0.0
1.0
0.0
0.0
1.0
1.0
0.0
1.0
1.0
0.0
0.0
1.0
1.0
0.0
82.0
82.0
83.0
89.0
88.0
89.0
89.0
83.0
88.0
50.0
82.0
82.0
82.0
88.0
89.0
89.0
89.0
81.0
88.0
52.0
82.0
82.0
83.0
88.0
89.0
88.0
118.0
82.0
119.0
50.0
114.0
114.0
115.0
119.0
118.0
119.0
119.0
114.0
89.0
50.0
83.0
82.0
82.0
88.0
89.0
89.0
82.0
88.0
89.0
49.0
82.0
82.0
89.0
82.0
89.0
89.0
89.0
82.0
89.0
49.0
82.0
82.0
81.0
89.0
89.0
89.0
88.0
82.0
88.0
49.0
82.0
82.0
81.0
89.0
89.0
88.0
82.0
88.0
89.0
50.0
82.0
82.0
81.0
89.0
88.0
89.0
89.0
82.0
90.0
50.0
81.0
82.0
82.0
89.0
88.0
88.0
89.0
81.0
89.0
50.0
82.0
81.0
82.0
89.0
89.0
89.0
82.0
89.0
89.0
49.0
82.0
81.0
89.0
81.0
89.0
89.0
88.0
82.0
158.0
50.0
152.0
154.0
155.0
158.0
162.0
162.0
160.0
152.0
159.0
51.0
83.0
82.0
82.0
89.0
89.0
89.0
82.0
89.0
88.0
50.0
82.0
81.0
90.0
82.0
88.0
89.0
88.0
82.0
88.0
50.0
82.0
83.0
83.0
89.0
89.0
89.0
89.0
83.0
89.0
49.0
82.0
82.0
82.0
89.0
88.0
88.0
82.0
89.0
89.0
49.0
82.0
82.0
83.0
89.0
89.0
88.0
89.0
82.0
89.0
49.0
0.0
1.0
1.0
0.0
1.0
1.0
0.0
0.0
1.0
1.0
0.0
0.0
1.0
1.0
1.0
1.0
0.0
0.0
0.0
0.0
83.0
82.0
82.0
89.0
89.0
82.0
89.0
89.0
89.0
49.0
82.0
82.0
82.0
89.0
88.0
88.0
82.0
89.0
89.0
49.0
82.0
82.0
82.0
89.0
88.0
89.0
89.0
82.0
88.0
50.0
83.0
82.0
82.0
88.0
88.0
89.0
89.0
82.0
88.0
50.0
83.0
82.0
82.0
89.0
88.0
89.0
82.0
89.0
88.0
50.0
82.0
82.0
89.0
82.0
89.0
89.0
89.0
82.0
88.0
50.0
112.0
113.0
119.0
115.0
119.0
114.0
119.0
120.0
119.0
80.0
84.0
84.0
82.0
89.0
89.0
89.0
82.0
88.0
88.0
49.0
82.0
82.0
88.0
82.0
89.0
89.0
89.0
82.0
89.0
49.0
82.0
82.0
82.0
89.0
89.0
89.0
89.0
81.0
89.0
49.0
82.0
82.0
82.0
89.0
91.0
88.0
81.0
89.0
88.0
49.0
82.0
82.0
88.0
82.0
89.0
89.0
89.0
82.0
89.0
50.0
82.0
82.0
89.0
82.0
89.0
83.0
88.0
89.0
89.0
50.0
82.0
82.0
82.0
90.0
90.0
90.0
85.0
93.0
92.0
50.0
89.0
90.0
92.0
96.0
95.0
93.0
91.0
90.0
89.0
57.0
87.0
87.0
89.0
87.0
89.0
89.0
89.0
88.0
86.0
50.0
89.0
88.0
89.0
88.0
88.0
89.0
89.0
89.0
89.0
50.0
88.0
88.0
89.0
89.0
90.0
88.0
89.0
89.0
88.0
49.0
0.0
0.0
1.0
1.0
1.0
1.0
0.0
0.0
1.0
1.0
0.0
0.0
1.0
1.0
1.0
1.0
0.0
0.0
0.0
0.0
119.0
118.0
118.0
118.0
120.0
118.0
118.0
118.0
118.0
81.0
90.0
90.0
89.0
90.0
89.0
88.0
90.0
89.0
88.0
50.0
89.0
89.0
89.0
89.0
90.0
89.0
89.0
90.0
89.0
50.0
89.0
87.0
87.0
88.0
88.0
89.0
86.0
89.0
89.0
48.0
82.0
88.0
81.0
82.0
89.0
82.0
89.0
89.0
89.0
50.0
82.0
81.0
82.0
89.0
89.0
82.0
89.0
89.0
88.0
50.0
83.0
81.0
82.0
89.0
89.0
82.0
88.0
88.0
88.0
50.0
89.0
82.0
82.0
81.0
82.0
89.0
89.0
89.0
88.0
50.0
82.0
88.0
89.0
82.0
81.0
82.0
89.0
89.0
89.0
50.0
83.0
82.0
81.0
89.0
90.0
88.0
82.0
89.0
89.0
49.0
82.0
82.0
82.0
89.0
81.0
88.0
89.0
89.0
89.0
50.0
81.0
87.0
80.0
90.0
91.0
81.0
91.0
91.0
91.0
52.0
112.0
113.0
122.0
112.0
121.0
122.0
121.0
121.0
121.0
83.0
79.0
91.0
79.0
80.0
91.0
92.0
91.0
93.0
92.0
51.0
79.0
79.0
79.0
91.0
92.0
91.0
92.0
92.0
92.0
51.0
79.0
79.0
79.0
91.0
91.0
91.0
91.0
91.0
91.0
52.0
80.0
79.0
79.0
92.0
92.0
91.0
92.0
91.0
91.0
52.0
79.0
79.0
79.0
91.0
92.0
91.0
91.0
91.0
91.0
52.0
1.0
0.0
1.0
0.0
1.0
1.0
0.0
0.0
1.0
0.0
1.0
1.0
0.0
0.0
1.0
1.0
0.0
0.0
1.0
1.0
79.0
79.0
79.0
91.0
92.0
92.0
91.0
92.0
51.0
51.0
79.0
79.0
80.0
91.0
91.0
91.0
91.0
92.0
51.0
51.0
79.0
79.0
79.0
91.0
91.0
91.0
91.0
91.0
51.0
51.0
80.0
80.0
79.0
91.0
91.0
92.0
91.0
90.0
51.0
51.0
79.0
79.0
80.0
91.0
92.0
92.0
92.0
91.0
51.0
51.0
80.0
80.0
79.0
91.0
91.0
92.0
91.0
91.0
52.0
51.0
79.0
79.0
79.0
121.0
122.0
122.0
122.0
121.0
81.0
81.0
113.0
113.0
113.0
92.0
91.0
91.0
90.0
91.0
51.0
51.0
79.0
79.0
79.0
92.0
91.0
92.0
93.0
92.0
51.0
51.0
80.0
80.0
80.0
92.0
91.0
91.0
92.0
91.0
51.0
51.0
79.0
79.0
79.0
91.0
91.0
91.0
91.0
91.0
51.0
51.0
79.0
79.0
79.0
92.0
92.0
92.0
91.0
91.0
52.0
51.0
79.0
79.0
79.0
91.0
91.0
92.0
92.0
91.0
51.0
51.0
79.0
79.0
79.0
91.0
91.0
92.0
92.0
91.0
51.0
51.0
79.0
80.0
79.0
91.0
92.0
92.0
91.0
91.0
51.0
44.0
79.0
91.0
79.0
92.0
79.0
167.0
165.0
169.0
51.0
51.0
154.0
157.0
166.0
166.0
166.0
157.0
166.0
91.0
52.0
45.0
91.0
80.0
92.0
92.0
80.0
79.0
91.0
91.0
52.0
51.0
1.0
0.0
1.0
0.0
1.0
0.0
1.0
0.0
1.0
0.0
1.0
0.0
1.0
1.0
0.0
0.0
1.0
1.0
0.0
0.0
79.0
92.0
91.0
93.0
80.0
80.0
91.0
91.0
92.0
51.0
79.0
92.0
91.0
92.0
79.0
79.0
91.0
91.0
91.0
51.0
82.0
91.0
81.0
81.0
92.0
92.0
91.0
91.0
92.0
51.0
81.0
79.0
80.0
91.0
92.0
92.0
90.0
91.0
92.0
51.0
80.0
80.0
79.0
91.0
92.0
91.0
91.0
92.0
91.0
51.0
80.0
79.0
79.0
92.0
91.0
91.0
92.0
92.0
91.0
51.0
80.0
79.0
81.0
91.0
92.0
91.0
91.0
92.0
91.0
51.0
79.0
80.0
79.0
92.0
91.0
92.0
91.0
91.0
79.0
51.0
91.0
79.0
80.0
92.0
91.0
92.0
92.0
80.0
91.0
51.0
92.0
79.0
80.0
91.0
92.0
92.0
91.0
80.0
122.0
51.0
112.0
112.0
121.0
121.0
122.0
121.0
113.0
122.0
122.0
51.0
80.0
80.0
92.0
91.0
91.0
91.0
79.0
105.0
92.0
51.0
79.0
79.0
91.0
92.0
92.0
79.0
91.0
91.0
91.0
44.0
79.0
91.0
92.0
79.0
79.0
92.0
91.0
92.0
91.0
44.0
91.0
92.0
80.0
79.0
91.0
80.0
92.0
92.0
91.0
51.0
91.0
91.0
79.0
79.0
79.0
92.0
91.0
91.0
91.0
51.0
91.0
92.0
79.0
79.0
79.0
92.0
92.0
91.0
92.0
52.0
79.0
80.0
91.0
79.0
92.0
91.0
91.0
91.0
91.0
51.0
0.0
0.0
1.0
0.0
0.0
0.0
1.0
1.0
0.0
0.0
0.0
1.0
0.0
0.0
0.0
1.0
1.0
0.0
0.0
0.0
80.0
80.0
79.0
91.0
91.0
91.0
91.0
51.0
51.0
51.0
79.0
79.0
79.0
91.0
91.0
91.0
92.0
51.0
52.0
51.0
80.0
80.0
91.0
80.0
91.0
91.0
91.0
51.0
52.0
51.0
79.0
79.0
91.0
91.0
79.0
91.0
91.0
51.0
52.0
52.0
123.0
112.0
112.0
121.0
112.0
121.0
121.0
81.0
81.0
82.0
91.0
92.0
92.0
80.0
80.0
80.0
91.0
51.0
51.0
50.0
92.0
91.0
90.0
92.0
91.0
79.0
80.0
44.0
52.0
51.0
79.0
92.0
91.0
91.0
79.0
78.0
92.0
51.0
51.0
51.0
79.0
92.0
91.0
91.0
92.0
79.0
79.0
51.0
51.0
51.0
79.0
92.0
91.0
91.0
91.0
91.0
91.0
45.0
45.0
51.0
79.0
79.0
80.0
92.0
92.0
91.0
91.0
51.0
51.0
52.0
79.0
79.0
79.0
92.0
92.0
91.0
93.0
51.0
51.0
52.0
79.0
79.0
79.0
91.0
92.0
91.0
91.0
51.0
51.0
52.0
91.0
92.0
79.0
79.0
79.0
91.0
91.0
51.0
51.0
51.0
91.0
79.0
79.0
79.0
92.0
92.0
91.0
51.0
52.0
51.0
92.0
93.0
79.0
79.0
92.0
79.0
92.0
51.0
51.0
51.0
91.0
91.0
91.0
91.0
79.0
79.0
78.0
52.0
51.0
51.0
121.0
121.0
129.0
111.0
111.0
111.0
127.0
52.0
51.0
51.0
