7.0
5.0
6.0
4.0
4.0
4.0
4.0
4.0
6.0
6.0
7.0
7.0
5.0
5.0
6.0
5.0
5.0
6.0
10.0
9.0
6.0
5.0
5.0
5.0
1356.0
1189.0
902.0
1011.0
1015.0
1355.0
1017.0
1012.0
3814.0
3897.0
3703.0
3688.0
3715.0
3714.0
3711.0
3749.0
3771.0
3747.0
3688.0
3749.0
3808.0
3726.0
3779.0
3796.0
3730.0
3726.0
4.0
4.0
5.0
4.0
4.0
4.0
5.0
4.0
5.0
4.0
4.0
4.0
4.0
4.0
945.0
958.0
947.0
959.0
1001.0
1005.0
1018.0
932.0
3706.0
3742.0
3694.0
3731.0
3724.0
3751.0
3751.0
3757.0
3704.0
3684.0
3671.0
3749.0
4.0
4.0
4.0
4.0
3.0
3.0
4.0
4.0
4.0
4.0
4.0
4.0
4.0
4.0
958.0
943.0
958.0
957.0
957.0
943.0
1012.0
1019.0
3812.0
3809.0
3743.0
3795.0
3733.0
3707.0
3678.0
3675.0
3662.0
3764.0
3704.0
3749.0
3750.0
3731.0
3753.0
3728.0
3735.0
3809.0
4.0
4.0
3.0
3.0
4.0
4.0
4.0
4.0
4.0
3.0
4.0
4.0
4.0
64.0
951.0
966.0
946.0
934.0
965.0
965.0
964.0
973.0
3685.0
3736.0
3676.0
3705.0
3709.0
3722.0
3703.0
3703.0
3685.0
3779.0
3831.0
3905.0
3783.0
3836.0
3852.0
3908.0
3905.0
3828.0
4.0
4.0
4.0
4.0
4.0
4.0
4.0
3.0
4.0
4.0
4.0
4.0
4.0
4.0
953.0
928.0
1007.0
1029.0
928.0
950.0
945.0
943.0
3743.0
3741.0
3714.0
3713.0
3746.0
3739.0
3711.0
3691.0
3734.0
3699.0
3760.0
3736.0
3745.0
3500.0
3730.0
3723.0
3478.0
3519.0
5.0
4.0
5.0
3.0
4.0
4.0
5.0
7.0
7.0
6.0
4.0
4.0
4.0
6.0
1074.0
1080.0
1069.0
1069.0
1029.0
1111.0
1069.0
1253.0
4244.0
3785.0
3443.0
3970.0
3970.0
3969.0
3967.0
3974.0
3462.0
3968.0
3451.0
3962.0
3472.0
3530.0
4058.0
4018.0
4018.0
3939.0
4.0
3.0
4.0
3.0
4.0
3.0
4.0
3.0
4.0
3.0
4.0
3.0
4.0
3.0
1076.0
1095.0
1012.0
1019.0
1014.0
895.0
1013.0
883.0
3443.0
3425.0
3996.0
4032.0
4011.0
3555.0
4014.0
3944.0
3941.0
3998.0
3600.0
3588.0
3847.0
3859.0
3866.0
3656.0
3853.0
3842.0
3.0
3.0
3.0
3.0
4.0
3.0
3.0
3.0
3.0
3.0
21.0
3.0
3.0
3.0
992.0
1021.0
1068.0
1053.0
937.0
978.0
984.0
958.0
3718.0
3736.0
3747.0
3678.0
3706.0
3695.0
3710.0
3726.0
3716.0
3726.0
3717.0
3716.0
3746.0
3748.0
3749.0
3710.0
3718.0
3719.0
3.0
2.0
2.0
3.0
3.0
3.0
2.0
2.0
3.0
3.0
3.0
3.0
3.0
2.0
1010.0
1010.0
964.0
957.0
944.0
952.0
998.0
981.0
3731.0
3756.0
3749.0
3738.0
3750.0
3740.0
3750.0
3750.0
3695.0
3699.0
3692.0
3809.0
3763.0
3713.0
3724.0
3752.0
3775.0
3765.0
3.0
2.0
3.0
3.0
3.0
2.0
3.0
3.0
3.0
2.0
3.0
2.0
3.0
3.0
956.0
955.0
1003.0
1000.0
966.0
969.0
925.0
944.0
3679.0
3739.0
3713.0
3740.0
3719.0
3700.0
3697.0
3724.0
3703.0
3682.0
3760.0
3719.0
3750.0
3718.0
3773.0
3734.0
3688.0
3741.0
4.0
3.0
4.0
3.0
4.0
4.0
4.0
4.0
4.0
3.0
4.0
3.0
4.0
4.0
1011.0
1007.0
955.0
953.0
954.0
953.0
979.0
988.0
3758.0
3822.0
3824.0
3768.0
3755.0
3784.0
3781.0
3744.0
3750.0
3705.0
3705.0
3696.0
3702.0
3750.0
3726.0
3760.0
3740.0
3751.0
4.0
3.0
3.0
3.0
4.0
3.0
3.0
3.0
4.0
3.0
4.0
3.0
4.0
2.0
947.0
952.0
1002.0
1011.0
961.0
970.0
947.0
946.0
3708.0
3743.0
3735.0
3717.0
3750.0
3722.0
3701.0
3697.0
3666.0
3683.0
3678.0
3668.0
3714.0
3707.0
3674.0
3712.0
3709.0
3695.0
3.0
2.0
3.0
3.0
3.0
3.0
3.0
3.0
2.0
3.0
3.0
3.0
3.0
3.0
1009.0
1003.0
945.0
945.0
949.0
948.0
992.0
1010.0
3770.0
3743.0
3752.0
3791.0
3825.0
3733.0
3762.0
3803.0
3682.0
3688.0
3703.0
3692.0
3702.0
3765.0
3771.0
3766.0
3775.0
3772.0
3.0
3.0
3.0
3.0
3.0
2.0
3.0
3.0
3.0
2.0
3.0
3.0
3.0
2.0
945.0
943.0
1008.0
1008.0
954.0
953.0
946.0
945.0
3728.0
3668.0
3765.0
3706.0
3771.0
3773.0
3736.0
3768.0
3667.0
3667.0
3684.0
3696.0
3712.0
3724.0
3736.0
3735.0
3759.0
3732.0
3.0
3.0
3.0
3.0
2.0
2.0
3.0
3.0
3.0
3.0
3.0
2.0
2.0
2.0
1028.0
1030.0
951.0
950.0
949.0
950.0
985.0
987.0
3776.0
3719.0
3781.0
3754.0
3764.0
3761.0
3803.0
3808.0
3670.0
3676.0
3712.0
3715.0
3741.0
3713.0
3742.0
3745.0
3738.0
3738.0
4.0
4.0
4.0
4.0
4.0
3.0
4.0
4.0
4.0
4.0
4.0
3.0
4.0
4.0
946.0
945.0
1020.0
1020.0
949.0
947.0
947.0
946.0
3748.0
3721.0
3676.0
3700.0
3731.0
3723.0
3701.0
3699.0
3702.0
3688.0
3680.0
3673.0
3694.0
3694.0
3718.0
3717.0
3724.0
3726.0
4.0
3.0
3.0
3.0
4.0
3.0
3.0
3.0
4.0
3.0
4.0
2.0
3.0
3.0
995.0
982.0
951.0
950.0
957.0
945.0
1002.0
999.0
3795.0
3769.0
3731.0
3793.0
3797.0
3796.0
3823.0
3756.0
3708.0
3734.0
3770.0
3749.0
3749.0
3757.0
3764.0
3762.0
3767.0
3749.0
3.0
3.0
3.0
3.0
3.0
3.0
3.0
2.0
3.0
3.0
3.0
3.0
3.0
2.0
945.0
944.0
1038.0
1039.0
961.0
961.0
952.0
944.0
3694.0
3725.0
3731.0
3727.0
3740.0
3742.0
3716.0
3742.0
3693.0
3710.0
3680.0
3735.0
3728.0
3730.0
3729.0
3736.0
3730.0
3733.0
2.0
3.0
3.0
3.0
3.0
2.0
3.0
3.0
3.0
2.0
3.0
55.0
55.0
3.0
935.0
951.0
953.0
947.0
956.0
949.0
989.0
1001.0
3746.0
3729.0
3751.0
3740.0
3749.0
3784.0
3737.0
3751.0
3698.0
3690.0
3753.0
3745.0
3753.0
3781.0
3782.0
3781.0
3778.0
3760.0
2.0
3.0
3.0
3.0
2.0
2.0
3.0
3.0
2.0
3.0
3.0
2.0
2.0
3.0
945.0
945.0
1032.0
1040.0
960.0
957.0
944.0
945.0
3686.0
3680.0
3709.0
3705.0
3703.0
3708.0
3706.0
3680.0
3738.0
3731.0
3704.0
3724.0
3734.0
3745.0
3710.0
3711.0
3741.0
3716.0
4.0
4.0
4.0
4.0
4.0
4.0
4.0
3.0
4.0
3.0
4.0
4.0
4.0
4.0
976.0
968.0
927.0
928.0
949.0
948.0
980.0
985.0
3766.0
3812.0
3796.0
3791.0
3813.0
3738.0
3794.0
3761.0
3685.0
3714.0
3785.0
3799.0
3791.0
3752.0
3821.0
3781.0
3749.0
3747.0
3.0
3.0
4.0
3.0
4.0
3.0
3.0
3.0
4.0
3.0
4.0
3.0
4.0
3.0
947.0
943.0
1033.0
1028.0
965.0
965.0
967.0
948.0
3674.0
3719.0
3741.0
3679.0
3753.0
3730.0
3759.0
3763.0
3772.0
3772.0
3692.0
3705.0
3697.0
3715.0
3692.0
3738.0
3711.0
3806.0
3.0
3.0
3.0
3.0
3.0
3.0
3.0
3.0
3.0
3.0
2.0
3.0
3.0
2.0
953.0
947.0
947.0
949.0
928.0
936.0
988.0
990.0
3744.0
3738.0
3766.0
3764.0
3761.0
3731.0
3733.0
3707.0
3707.0
3711.0
3750.0
3701.0
3772.0
3794.0
3797.0
3711.0
3795.0
3773.0
3.0
3.0
3.0
2.0
3.0
3.0
3.0
3.0
3.0
2.0
3.0
3.0
3.0
2.0
945.0
944.0
1023.0
1011.0
951.0
948.0
921.0
1001.0
3675.0
3673.0
3724.0
3676.0
3727.0
3724.0
3776.0
3779.0
3778.0
3758.0
3740.0
3749.0
3721.0
3713.0
3715.0
3716.0
3758.0
3796.0
3.0
3.0
3.0
2.0
2.0
3.0
3.0
3.0
3.0
2.0
3.0
3.0
3.0
3.0
961.0
958.0
948.0
946.0
936.0
928.0
998.0
997.0
3745.0
3800.0
3834.0
3724.0
3724.0
3800.0
3756.0
3744.0
3740.0
3711.0
3729.0
3751.0
3736.0
3739.0
3723.0
3737.0
3711.0
3734.0
4.0
4.0
4.0
3.0
4.0
3.0
4.0
3.0
4.0
4.0
4.0
4.0
4.0
3.0
954.0
953.0
1007.0
1015.0
965.0
964.0
955.0
948.0
3724.0
3735.0
3747.0
3714.0
3713.0
3740.0
3731.0
3731.0
3813.0
3766.0
3689.0
3682.0
3755.0
3773.0
3802.0
3752.0
3789.0
3782.0
3.0
3.0
4.0
3.0
4.0
3.0
4.0
3.0
4.0
3.0
3.0
3.0
3.0
3.0
946.0
952.0
946.0
951.0
1009.0
1024.0
1024.0
1023.0
3682.0
3754.0
3699.0
3715.0
3675.0
3732.0
3738.0
3721.0
3700.0
3703.0
3734.0
3706.0
3704.0
3724.0
3736.0
3743.0
3731.0
3736.0
3.0
2.0
2.0
3.0
3.0
3.0
3.0
3.0
3.0
3.0
3.0
2.0
3.0
3.0
945.0
947.0
1017.0
1008.0
952.0
951.0
945.0
945.0
3679.0
3727.0
3707.0
3701.0
3700.0
3714.0
3713.0
3706.0
3810.0
3802.0
3766.0
3773.0
3791.0
3771.0
3803.0
3827.0
3775.0
3810.0
2.0
2.0
3.0
3.0
3.0
3.0
3.0
2.0
3.0
3.0
3.0
3.0
3.0
2.0
955.0
953.0
945.0
944.0
1013.0
1011.0
958.0
953.0
3723.0
3720.0
3723.0
3706.0
3769.0
3722.0
3713.0
3738.0
3715.0
3723.0
3759.0
3762.0
3764.0
3756.0
3712.0
3767.0
3765.0
3786.0
3.0
3.0
3.0
2.0
3.0
3.0
3.0
2.0
3.0
3.0
3.0
2.0
3.0
3.0
949.0
981.0
1012.0
948.0
955.0
954.0
948.0
965.0
3707.0
3746.0
3726.0
3713.0
3701.0
3708.0
3809.0
3744.0
3812.0
3789.0
3855.0
3792.0
3795.0
3791.0
3809.0
3787.0
3882.0
3806.0
4.0
4.0
4.0
3.0
3.0
4.0
3.0
4.0
4.0
3.0
4.0
4.0
4.0
4.0
953.0
948.0
946.0
954.0
1009.0
1017.0
960.0
961.0
3743.0
3709.0
3714.0
3739.0
3731.0
3749.0
3753.0
3742.0
3732.0
3726.0
3726.0
3661.0
3728.0
3684.0
3677.0
3731.0
3741.0
3736.0
3.0
3.0
4.0
3.0
4.0
2.0
3.0
3.0
3.0
3.0
4.0
3.0
4.0
3.0
992.0
993.0
953.0
954.0
930.0
927.0
950.0
959.0
3669.0
3720.0
3683.0
3672.0
3672.0
3706.0
3710.0
3713.0
3766.0
3803.0
3798.0
3791.0
3777.0
3798.0
3800.0
3835.0
3807.0
3794.0
3.0
3.0
3.0
3.0
3.0
3.0
3.0
2.0
2.0
2.0
3.0
3.0
3.0
3.0
953.0
953.0
945.0
950.0
1010.0
1006.0
959.0
951.0
3687.0
3687.0
3697.0
3685.0
3717.0
3720.0
3727.0
3716.0
3701.0
3732.0
3724.0
3721.0
3747.0
3748.0
3728.0
3720.0
3721.0
3716.0
3.0
3.0
2.0
2.0
3.0
3.0
3.0
2.0
3.0
3.0
3.0
2.0
2.0
3.0
997.0
987.0
988.0
962.0
960.0
958.0
950.0
952.0
3662.0
3665.0
3678.0
3690.0
3666.0
3702.0
3699.0
3702.0
3761.0
3764.0
3785.0
3785.0
3767.0
3741.0
3752.0
3769.0
3787.0
3800.0
3.0
2.0
3.0
3.0
3.0
2.0
3.0
3.0
3.0
2.0
3.0
3.0
3.0
2.0
945.0
2.0
947.0
2.0
942.0
3.0
942.0
3.0
3788.0
1519.0
3687.0
1464.0
3741.0
1465.0
3734.0
1491.0
3745.0
1497.0
3722.0
1554.0
3711.0
1571.0
3714.0
1471.0
3686.0
1487.0
4.0
3.0
4.0
4.0
4.0
3.0
4.0
4.0
4.0
3.0
4.0
4.0
4.0
32.0
929.0
934.0
933.0
956.0
953.0
952.0
958.0
951.0
3727.0
3728.0
3721.0
3761.0
3788.0
3787.0
3816.0
3815.0
3799.0
3720.0
3785.0
3755.0
3797.0
3665.0
3691.0
3690.0
3717.0
3681.0
4.0
3.0
4.0
3.0
3.0
3.0
4.0
3.0
3.0
3.0
4.0
3.0
3.0
3.0
953.0
950.0
963.0
992.0
1001.0
954.0
954.0
948.0
3728.0
3725.0
3672.0
3710.0
3684.0
3720.0
3681.0
3717.0
3713.0
3685.0
3768.0
3743.0
3707.0
3698.0
3714.0
3702.0
3700.0
3706.0
3.0
3.0
3.0
3.0
3.0
3.0
2.0
3.0
3.0
3.0
3.0
3.0
3.0
3.0
1010.0
1018.0
958.0
951.0
956.0
949.0
991.0
1005.0
3796.0
3783.0
3800.0
3826.0
3823.0
3824.0
3801.0
3797.0
3744.0
3750.0
3670.0
3687.0
3656.0
3670.0
3686.0
3739.0
3686.0
3702.0
3.0
2.0
3.0
3.0
3.0
2.0
3.0
3.0
3.0
3.0
2.0
2.0
3.0
3.0
951.0
2.0
951.0
3.0
950.0
3.0
1007.0
62.0
3712.0
1479.0
4148.0
1504.0
3658.0
1458.0
4138.0
1473.0
3657.0
1471.0
3729.0
1555.0
3673.0
1552.0
3822.0
1468.0
3771.0
1484.0
2.0
3.0
3.0
2.0
3.0
3.0
3.0
2.0
3.0
3.0
3.0
2.0
3.0
2.0
959.0
3.0
959.0
3.0
959.0
3.0
966.0
3.0
3709.0
1554.0
3712.0
1606.0
3766.0
1578.0
3814.0
1569.0
3767.0
1475.0
3755.0
1457.0
3752.0
1459.0
3721.0
1580.0
3805.0
1555.0
4.0
3.0
4.0
4.0
4.0
3.0
4.0
4.0
3.0
4.0
4.0
3.0
4.0
4.0
1019.0
928.0
981.0
953.0
959.0
959.0
953.0
946.0
3690.0
3740.0
3711.0
3736.0
3715.0
3724.0
3724.0
3676.0
3737.0
3685.0
3697.0
3761.0
3750.0
3790.0
3754.0
3799.0
3756.0
3742.0
4.0
3.0
3.0
3.0
4.0
3.0
3.0
3.0
4.0
2.0
4.0
3.0
3.0
3.0
945.0
943.0
945.0
944.0
1007.0
1000.0
1022.0
965.0
3714.0
3672.0
3709.0
3700.0
3671.0
3729.0
3674.0
3720.0
3696.0
3677.0
3698.0
3711.0
3718.0
3740.0
3714.0
3724.0
3697.0
3720.0
3.0
3.0
3.0
3.0
3.0
3.0
2.0
3.0
3.0
3.0
3.0
3.0
3.0
3.0
943.0
946.0
1014.0
1014.0
944.0
944.0
952.0
951.0
3706.0
3682.0
3716.0
3707.0
3650.0
3720.0
3649.0
3748.0
3771.0
3771.0
3825.0
3791.0
3841.0
3764.0
3812.0
3753.0
3808.0
3716.0
3.0
2.0
3.0
3.0
3.0
3.0
3.0
2.0
3.0
3.0
3.0
3.0
2.0
2.0
956.0
3.0
954.0
2.0
945.0
3.0
945.0
3.0
3687.0
1528.0
3772.0
1457.0
3739.0
1469.0
3781.0
1471.0
3778.0
1486.0
3738.0
1546.0
3752.0
1538.0
3737.0
1554.0
3709.0
1475.0
3.0
3.0
2.0
2.0
3.0
3.0
3.0
2.0
3.0
3.0
3.0
2.0
3.0
3.0
956.0
3.0
954.0
3.0
944.0
3.0
943.0
2.0
3730.0
1455.0
3725.0
1539.0
3739.0
1528.0
3698.0
1539.0
3786.0
1572.0
3765.0
1468.0
3741.0
1480.0
3672.0
1579.0
3697.0
1560.0
4.0
4.0
4.0
3.0
4.0
4.0
4.0
4.0
4.0
4.0
4.0
3.0
4.0
4.0
1005.0
1024.0
1015.0
945.0
954.0
949.0
956.0
946.0
3693.0
3682.0
3684.0
3674.0
3683.0
3688.0
3677.0
3691.0
3692.0
3761.0
3670.0
3692.0
3663.0
3685.0
3672.0
3656.0
3671.0
3704.0
4.0
3.0
3.0
3.0
4.0
3.0
3.0
3.0
4.0
3.0
3.0
3.0
3.0
2.0
988.0
945.0
946.0
946.0
945.0
980.0
981.0
980.0
3720.0
3739.0
3729.0
3757.0
3766.0
3722.0
3708.0
3724.0
3694.0
3731.0
3689.0
3693.0
3690.0
3730.0
3689.0
3745.0
3740.0
3681.0
3.0
3.0
3.0
3.0
3.0
2.0
3.0
3.0
3.0
3.0
3.0
3.0
3.0
3.0
972.0
970.0
1018.0
1019.0
951.0
952.0
947.0
949.0
3705.0
2441.0
3729.0
2531.0
3729.0
2465.0
3706.0
2498.0
3679.0
2446.0
3692.0
2506.0
3680.0
2485.0
3712.0
2483.0
3727.0
2479.0
3.0
3.0
3.0
2.0
3.0
3.0
2.0
2.0
3.0
3.0
3.0
2.0
3.0
3.0
1002.0
3.0
1011.0
3.0
945.0
3.0
966.0
3.0
3700.0
1478.0
3659.0
1458.0
3731.0
1460.0
3677.0
1519.0
3685.0
1574.0
3786.0
1540.0
3774.0
1484.0
3706.0
1469.0
3760.0
1496.0
3.0
2.0
3.0
2.0
2.0
3.0
3.0
2.0
3.0
3.0
3.0
2.0
3.0
2.0
953.0
2.0
945.0
3.0
1005.0
2.0
1041.0
2.0
3830.0
1578.0
3753.0
1545.0
3695.0
1465.0
3702.0
1489.0
3715.0
1471.0
3727.0
1593.0
3777.0
1553.0
3765.0
1458.0
3781.0
1462.0
4.0
3.0
4.0
4.0
3.0
3.0
4.0
3.0
4.0
3.0
4.0
3.0
4.0
4.0
3.0
4.0
3.0
4.0
4.0
3.0
4.0
3.0
1484.0
1485.0
1481.0
1493.0
1569.0
1565.0
1552.0
1534.0
1555.0
1547.0
1613.0
1574.0
1541.0
1535.0
1530.0
1480.0
1474.0
1471.0
3.0
3.0
3.0
3.0
3.0
3.0
3.0
3.0
3.0
3.0
4.0
2.0
4.0
2.0
4.0
2.0
4.0
2.0
4.0
2.0
4.0
3.0
1566.0
1504.0
1533.0
1472.0
1491.0
1501.0
1496.0
1505.0
1503.0
1499.0
1539.0
1563.0
1565.0
1549.0
1572.0
1554.0
1534.0
1573.0
3.0
3.0
3.0
2.0
3.0
3.0
2.0
3.0
3.0
2.0
3.0
2.0
3.0
3.0
2.0
2.0
3.0
3.0
3.0
3.0
3.0
2.0
1584.0
1533.0
1488.0
1478.0
1481.0
1503.0
1476.0
1476.0
1502.0
1478.0
1471.0
1471.0
1488.0
1488.0
1487.0
1567.0
1553.0
1533.0
3.0
3.0
3.0
2.0
3.0
3.0
2.0
3.0
3.0
2.0
3.0
3.0
2.0
3.0
3.0
2.0
3.0
3.0
3.0
2.0
2.0
3.0
1577.0
1537.0
1526.0
1574.0
1541.0
1561.0
1537.0
1500.0
1504.0
1467.0
1479.0
1505.0
1548.0
1492.0
1515.0
1515.0
1482.0
1506.0
3.0
2.0
3.0
3.0
2.0
3.0
3.0
3.0
2.0
2.0
3.0
3.0
3.0
28.0
28.0
3.0
3.0
3.0
3.0
2.0
3.0
2.0
1476.0
1471.0
1467.0
1467.0
1464.0
1524.0
1527.0
1532.0
1576.0
1544.0
1546.0
1500.0
1512.0
1496.0
1533.0
1441.0
1386.0
1381.0
