1.0
2.0
1.0
2.0
1.0
1.0
2.0
1.0
2.0
1.0
3.0
3.0
3.0
1.0
3.0
1.0
1.0
2.0
1.0
2.0
3.0
3.0
6.0
2.0
6.0
2.0
1.0
2.0
2.0
1.0
3.0
3.0
3.0
2.0
5.0
2.0
2.0
2.0
1.0
1.0
3.0
3.0
3.0
3.0
5.0
2.0
1.0
2.0
2.0
2.0
5.0
3.0
3.0
1.0
3.0
3.0
2.0
3.0
1.0
2.0
3.0
3.0
5.0
1.0
5.0
1.0
1.0
2.0
3.0
2.0
995.0
881.0
992.0
917.0
1130.0
981.0
1071.0
996.0
1155.0
1072.0
937.0
936.0
937.0
942.0
940.0
939.0
940.0
937.0
950.0
939.0
934.0
935.0
938.0
935.0
941.0
937.0
944.0
937.0
1027.0
1025.0
989.0
991.0
989.0
988.0
993.0
990.0
992.0
992.0
903.0
909.0
935.0
933.0
936.0
934.0
943.0
941.0
942.0
946.0
939.0
940.0
937.0
935.0
939.0
934.0
939.0
938.0
938.0
940.0
935.0
941.0
934.0
939.0
938.0
933.0
942.0
939.0
939.0
942.0
935.0
941.0
934.0
947.0
935.0
939.0
945.0
941.0
939.0
942.0
958.0
941.0
1019.0
1023.0
1017.0
1033.0
1031.0
1027.0
1035.0
1031.0
1039.0
1033.0
902.0
903.0
943.0
937.0
944.0
945.0
944.0
955.0
936.0
942.0
935.0
936.0
907.0
905.0
939.0
934.0
938.0
941.0
935.0
943.0
937.0
937.0
941.0
937.0
911.0
905.0
907.0
939.0
936.0
937.0
935.0
936.0
938.0
935.0
940.0
938.0
947.0
924.0
915.0
917.0
945.0
938.0
938.0
936.0
951.0
952.0
939.0
1009.0
903.0
928.0
3.0
3.0
3.0
3.0
3.0
2.0
4.0
3.0
5.0
3.0
3.0
5.0
5.0
5.0
2.0
2.0
1.0
2.0
1.0
2.0
2.0
1.0
3.0
1.0
5.0
2.0
3.0
2.0
3.0
2.0
5.0
2.0
3.0
1.0
2.0
2.0
1.0
1.0
2.0
1.0
5.0
2.0
5.0
1.0
3.0
1.0
1.0
2.0
2.0
1.0
2.0
2.0
2.0
2.0
2.0
2.0
1.0
1.0
1.0
2.0
2.0
1.0
1.0
1.0
2.0
2.0
1.0
2.0
1.0
2.0
2.0
1.0
1.0
2.0
2.0
2.0
1.0
2.0
2.0
2.0
1.0
1.0
2.0
2.0
2.0
1.0
2.0
1.0
1.0
2.0
2.0
1.0
2.0
1.0
2.0
1.0
2.0
1.0
2.0
1.0
3.0
5.0
5.0
3.0
3.0
4.0
5.0
5.0
3.0
5.0
2.0
3.0
3.0
2.0
2.0
2.0
1.0
2.0
1.0
2.0
3.0
2.0
3.0
2.0
3.0
1.0
5.0
2.0
5.0
2.0
5.0
1.0
2.0
2.0
2.0
1.0
2.0
1.0
2.0
2.0
2.0
2.0
2.0
2.0
3.0
1.0
2.0
2.0
1.0
2.0
2.0
1.0
2.0
2.0
1.0
2.0
2.0
1.0
1.0
2.0
1.0
2.0
1.0
2.0
2.0
2.0
2.0
2.0
1.0
2.0
1.0
1.0
2.0
2.0
1.0
2.0
2.0
1.0
1.0
2.0
1.0
1.0
2.0
1.0
1.0
1.0
2.0
2.0
2.0
1.0
1.0
2.0
2.0
1.0
2.0
1.0
2.0
1.0
1.0
2.0
2.0
5.0
3.0
3.0
2.0
5.0
5.0
4.0
4.0
5.0
3.0
3.0
3.0
3.0
2.0
1.0
1.0
2.0
2.0
1.0
3.0
2.0
5.0
1.0
5.0
1.0
5.0
1.0
5.0
2.0
2.0
1.0
3.0
2.0
1.0
1.0
2.0
2.0
2.0
1.0
2.0
1.0
5.0
2.0
5.0
1.0
1.0
2.0
1.0
2.0
2.0
1.0
1.0
1.0
2.0
2.0
2.0
2.0
1.0
1.0
1.0
1.0
2.0
2.0
2.0
2.0
1.0
2.0
1.0
2.0
2.0
1.0
1.0
2.0
2.0
1.0
1.0
2.0
2.0
1.0
1.0
2.0
2.0
2.0
1.0
2.0
2.0
1.0
1.0
1.0
1.0
2.0
2.0
2.0
2.0
2.0
1.0
2.0
1.0
1.0
5.0
2.0
2.0
5.0
5.0
3.0
3.0
5.0
4.0
5.0
3.0
3.0
3.0
3.0
2.0
2.0
2.0
2.0
1.0
1.0
4.0
1.0
2.0
2.0
5.0
1.0
2.0
1.0
5.0
2.0
5.0
1.0
5.0
1.0
2.0
2.0
1.0
1.0
2.0
1.0
3.0
2.0
4.0
1.0
5.0
1.0
2.0
1.0
1.0
2.0
2.0
1.0
2.0
1.0
1.0
1.0
2.0
2.0
2.0
1.0
2.0
1.0
1.0
1.0
2.0
2.0
1.0
2.0
1.0
1.0
2.0
1.0
2.0
2.0
1.0
2.0
1.0
1.0
2.0
1.0
1.0
1.0
2.0
2.0
1.0
1.0
2.0
2.0
2.0
2.0
1.0
1.0
2.0
2.0
1.0
2.0
2.0
2.0
1.0
2.0
2.0
5.0
3.0
5.0
5.0
2.0
2.0
5.0
5.0
5.0
3.0
2.0
3.0
3.0
2.0
2.0
1.0
2.0
2.0
2.0
5.0
1.0
5.0
2.0
3.0
1.0
5.0
2.0
3.0
1.0
2.0
2.0
3.0
2.0
1.0
1.0
2.0
1.0
2.0
1.0
3.0
2.0
5.0
1.0
5.0
1.0
1.0
2.0
1.0
2.0
1.0
1.0
2.0
1.0
2.0
1.0
1.0
2.0
2.0
1.0
1.0
1.0
1.0
2.0
2.0
2.0
2.0
2.0
2.0
1.0
2.0
1.0
2.0
1.0
1.0
2.0
1.0
2.0
2.0
2.0
1.0
2.0
1.0
2.0
2.0
2.0
1.0
2.0
1.0
1.0
2.0
1.0
2.0
2.0
1.0
2.0
1.0
2.0
2.0
1.0
5.0
3.0
5.0
3.0
5.0
2.0
5.0
5.0
3.0
5.0
3.0
3.0
3.0
2.0
2.0
2.0
2.0
1.0
2.0
2.0
3.0
1.0
5.0
2.0
3.0
2.0
3.0
2.0
3.0
2.0
5.0
2.0
2.0
2.0
2.0
1.0
2.0
2.0
1.0
1.0
3.0
2.0
5.0
2.0
3.0
1.0
1.0
2.0
2.0
1.0
2.0
2.0
1.0
2.0
1.0
2.0
2.0
1.0
1.0
1.0
1.0
2.0
2.0
1.0
2.0
2.0
2.0
2.0
2.0
1.0
2.0
2.0
1.0
1.0
2.0
2.0
2.0
2.0
1.0
2.0
2.0
1.0
1.0
2.0
1.0
1.0
2.0
2.0
1.0
1.0
2.0
2.0
2.0
1.0
1.0
2.0
2.0
2.0
2.0
2.0
994.0
1306.0
993.0
994.0
839.0
1049.0
1216.0
1298.0
1175.0
964.0
878.0
879.0
1000.0
1001.0
998.0
997.0
879.0
998.0
527.0
528.0
958.0
1080.0
1083.0
967.0
1084.0
1094.0
1094.0
1091.0
968.0
1082.0
851.0
885.0
1004.0
1043.0
891.0
1005.0
1014.0
1046.0
559.0
559.0
909.0
874.0
966.0
986.0
989.0
907.0
984.0
910.0
977.0
985.0
908.0
907.0
977.0
871.0
972.0
970.0
970.0
906.0
511.0
510.0
905.0
903.0
975.0
969.0
969.0
905.0
939.0
967.0
906.0
972.0
905.0
904.0
971.0
906.0
971.0
983.0
969.0
475.0
510.0
511.0
901.0
988.0
992.0
1066.0
1058.0
993.0
1057.0
1057.0
1058.0
1062.0
959.0
875.0
871.0
967.0
970.0
905.0
968.0
511.0
512.0
536.0
905.0
970.0
903.0
905.0
971.0
942.0
971.0
912.0
972.0
973.0
905.0
906.0
906.0
971.0
972.0
969.0
874.0
941.0
512.0
510.0
905.0
971.0
905.0
903.0
972.0
970.0
971.0
907.0
972.0
971.0
907.0
908.0
904.0
969.0
969.0
971.0
969.0
906.0
542.0
539.0
905.0
1051.0
907.0
905.0
1057.0
1057.0
1063.0
989.0
1054.0
1054.0
961.0
951.0
963.0
940.0
971.0
969.0
905.0
969.0
510.0
511.0
905.0
971.0
976.0
906.0
906.0
970.0
939.0
968.0
873.0
970.0
906.0
903.0
903.0
969.0
972.0
970.0
904.0
540.0
511.0
510.0
971.0
900.0
971.0
901.0
902.0
969.0
969.0
970.0
921.0
968.0
902.0
969.0
969.0
905.0
905.0
968.0
974.0
539.0
506.0
542.0
968.0
911.0
913.0
977.0
918.0
1063.0
925.0
1099.0
1077.0
1058.0
980.0
980.0
1055.0
964.0
1051.0
963.0
959.0
1015.0
527.0
517.0
940.0
938.0
959.0
956.0
957.0
935.0
941.0
949.0
947.0
906.0
931.0
935.0
941.0
939.0
941.0
937.0
931.0
943.0
529.0
524.0
941.0
934.0
935.0
935.0
939.0
940.0
936.0
935.0
936.0
939.0
941.0
937.0
934.0
936.0
939.0
938.0
939.0
933.0
523.0
524.0
902.0
939.0
938.0
935.0
934.0
936.0
1016.0
1015.0
1012.0
1024.0
1014.0
1000.0
1005.0
999.0
1001.0
985.0
914.0
502.0
489.0
495.0
943.0
934.0
938.0
934.0
938.0
939.0
934.0
931.0
933.0
937.0
939.0
934.0
937.0
941.0
939.0
941.0
935.0
524.0
523.0
525.0
936.0
936.0
945.0
946.0
933.0
936.0
946.0
947.0
947.0
933.0
937.0
935.0
939.0
940.0
938.0
932.0
938.0
940.0
492.0
521.0
940.0
908.0
903.0
901.0
943.0
934.0
939.0
934.0
943.0
940.0
1031.0
1020.0
1031.0
1027.0
995.0
991.0
1000.0
987.0
581.0
583.0
944.0
946.0
939.0
932.0
933.0
933.0
952.0
938.0
937.0
934.0
940.0
939.0
942.0
931.0
935.0
934.0
940.0
940.0
524.0
522.0
943.0
934.0
949.0
940.0
940.0
933.0
934.0
935.0
947.0
943.0
926.0
922.0
957.0
973.0
954.0
959.0
962.0
510.0
503.0
505.0
936.0
940.0
936.0
935.0
939.0
908.0
940.0
940.0
935.0
934.0
1029.0
1027.0
1040.0
1031.0
1026.0
1037.0
1014.0
582.0
594.0
585.0
940.0
940.0
938.0
938.0
944.0
938.0
944.0
937.0
946.0
947.0
948.0
937.0
938.0
936.0
943.0
934.0
942.0
951.0
494.0
524.0
939.0
943.0
938.0
932.0
939.0
935.0
936.0
937.0
939.0
936.0
941.0
911.0
904.0
909.0
904.0
902.0
941.0
942.0
501.0
492.0
936.0
938.0
940.0
939.0
936.0
938.0
936.0
934.0
947.0
945.0
1028.0
1027.0
1021.0
1021.0
1020.0
1022.0
1017.0
1018.0
577.0
572.0
937.0
940.0
936.0
937.0
937.0
938.0
932.0
937.0
933.0
935.0
940.0
939.0
935.0
941.0
941.0
940.0
945.0
493.0
491.0
490.0
942.0
938.0
934.0
929.0
937.0
933.0
939.0
942.0
938.0
933.0
949.0
936.0
936.0
903.0
908.0
901.0
908.0
493.0
492.0
489.0
940.0
940.0
935.0
938.0
935.0
941.0
937.0
934.0
941.0
939.0
1036.0
1034.0
1037.0
1026.0
1040.0
1023.0
1032.0
1042.0
613.0
616.0
947.0
936.0
944.0
940.0
951.0
934.0
940.0
936.0
945.0
942.0
910.0
908.0
933.0
930.0
934.0
931.0
930.0
930.0
490.0
490.0
957.0
956.0
932.0
930.0
911.0
945.0
928.0
947.0
932.0
945.0
924.0
928.0
928.0
925.0
928.0
903.0
908.0
907.0
492.0
492.0
937.0
937.0
937.0
939.0
939.0
936.0
949.0
936.0
940.0
941.0
1033.0
1035.0
1041.0
1033.0
1037.0
1034.0
1040.0
617.0
615.0
619.0
932.0
936.0
940.0
935.0
938.0
939.0
939.0
939.0
933.0
938.0
901.0
905.0
902.0
907.0
902.0
936.0
939.0
492.0
493.0
491.0
941.0
942.0
942.0
939.0
940.0
937.0
944.0
939.0
933.0
937.0
935.0
942.0
941.0
935.0
940.0
935.0
941.0
938.0
491.0
497.0
939.0
940.0
939.0
938.0
940.0
935.0
942.0
937.0
940.0
938.0
1028.0
1024.0
1035.0
1034.0
1037.0
1033.0
1036.0
1034.0
524.0
523.0
996.0
1008.0
917.0
922.0
913.0
906.0
939.0
944.0
937.0
949.0
941.0
936.0
953.0
935.0
942.0
940.0
908.0
930.0
491.0
495.0
935.0
944.0
941.0
935.0
934.0
935.0
945.0
947.0
946.0
903.0
933.0
943.0
943.0
934.0
934.0
933.0
937.0
525.0
525.0
523.0
938.0
939.0
937.0
937.0
935.0
939.0
939.0
936.0
933.0
943.0
938.0
942.0
1019.0
1032.0
1030.0
1036.0
1027.0
520.0
530.0
523.0
1010.0
1010.0
1038.0
1018.0
1025.0
968.0
928.0
968.0
957.0
971.0
943.0
942.0
948.0
940.0
945.0
935.0
937.0
907.0
491.0
493.0
938.0
937.0
936.0
934.0
944.0
936.0
936.0
935.0
936.0
940.0
935.0
935.0
935.0
940.0
938.0
932.0
934.0
934.0
523.0
523.0
934.0
934.0
937.0
937.0
937.0
942.0
933.0
937.0
936.0
934.0
934.0
936.0
935.0
937.0
1019.0
1019.0
1019.0
1019.0
522.0
523.0
996.0
990.0
987.0
988.0
989.0
992.0
903.0
903.0
904.0
907.0
937.0
939.0
935.0
940.0
935.0
937.0
939.0
526.0
526.0
522.0
938.0
938.0
936.0
935.0
936.0
938.0
938.0
934.0
934.0
938.0
937.0
937.0
937.0
935.0
937.0
936.0
941.0
524.0
519.0
524.0
904.0
906.0
940.0
940.0
940.0
936.0
936.0
938.0
940.0
942.0
940.0
941.0
941.0
942.0
940.0
940.0
940.0
1036.0
492.0
494.0
1046.0
1038.0
1052.0
1046.0
1007.0
1003.0
1006.0
1005.0
1006.0
911.0
940.0
937.0
939.0
937.0
939.0
940.0
938.0
934.0
526.0
524.0
937.0
937.0
940.0
936.0
943.0
940.0
938.0
940.0
939.0
940.0
937.0
938.0
936.0
943.0
939.0
936.0
936.0
935.0
525.0
522.0
903.0
902.0
936.0
935.0
936.0
938.0
935.0
939.0
934.0
935.0
973.0
975.0
975.0
964.0
964.0
978.0
955.0
522.0
509.0
524.0
1056.0
1020.0
1051.0
1039.0
1059.0
1026.0
988.0
1006.0
987.0
1039.0
949.0
935.0
945.0
942.0
943.0
941.0
935.0
526.0
525.0
527.0
936.0
935.0
939.0
941.0
937.0
937.0
937.0
935.0
937.0
937.0
934.0
937.0
937.0
937.0
932.0
934.0
934.0
938.0
492.0
519.0
945.0
903.0
903.0
902.0
944.0
941.0
932.0
942.0
935.0
943.0
939.0
934.0
970.0
933.0
903.0
904.0
900.0
932.0
490.0
492.0
1039.0
1031.0
1033.0
1031.0
1035.0
1036.0
1038.0
1040.0
1030.0
998.0
935.0
934.0
934.0
934.0
933.0
932.0
937.0
936.0
522.0
522.0
935.0
934.0
931.0
935.0
932.0
946.0
935.0
933.0
939.0
936.0
912.0
939.0
932.0
945.0
939.0
947.0
935.0
493.0
503.0
505.0
935.0
937.0
943.0
936.0
902.0
902.0
937.0
931.0
938.0
941.0
935.0
945.0
946.0
936.0
945.0
934.0
917.0
490.0
497.0
491.0
1033.0
1036.0
1025.0
1028.0
1030.0
1029.0
1028.0
1032.0
1026.0
1029.0
937.0
941.0
935.0
935.0
939.0
936.0
941.0
934.0
518.0
523.0
908.0
906.0
938.0
939.0
937.0
937.0
939.0
935.0
940.0
933.0
942.0
940.0
907.0
935.0
930.0
929.0
936.0
944.0
493.0
491.0
1001.0
943.0
997.0
968.0
943.0
939.0
915.0
916.0
951.0
965.0
942.0
939.0
945.0
944.0
940.0
937.0
942.0
937.0
490.0
493.0
1036.0
1040.0
1043.0
1033.0
1042.0
1040.0
1038.0
1031.0
1033.0
1042.0
937.0
944.0
936.0
955.0
943.0
944.0
938.0
490.0
490.0
524.0
939.0
941.0
908.0
938.0
942.0
936.0
946.0
942.0
943.0
940.0
943.0
937.0
944.0
911.0
910.0
901.0
944.0
496.0
493.0
491.0
943.0
944.0
938.0
938.0
938.0
945.0
938.0
945.0
940.0
908.0
944.0
946.0
938.0
941.0
938.0
942.0
950.0
943.0
524.0
528.0
1036.0
1042.0
1037.0
1047.0
1050.0
1044.0
1046.0
1036.0
1044.0
1039.0
923.0
939.0
941.0
940.0
944.0
945.0
943.0
940.0
491.0
492.0
935.0
937.0
934.0
913.0
942.0
940.0
939.0
934.0
945.0
937.0
944.0
939.0
934.0
939.0
908.0
908.0
901.0
933.0
503.0
492.0
941.0
939.0
934.0
939.0
935.0
939.0
945.0
941.0
939.0
906.0
934.0
938.0
934.0
938.0
933.0
938.0
938.0
525.0
523.0
522.0
1019.0
1013.0
1014.0
1023.0
1032.0
1018.0
1027.0
1030.0
1029.0
1034.0
924.0
919.0
901.0
956.0
953.0
933.0
939.0
503.0
492.0
494.0
950.0
959.0
961.0
960.0
961.0
954.0
919.0
945.0
954.0
968.0
947.0
948.0
946.0
944.0
941.0
945.0
939.0
940.0
497.0
492.0
938.0
938.0
934.0
938.0
941.0
938.0
933.0
934.0
934.0
938.0
935.0
944.0
934.0
940.0
938.0
935.0
941.0
934.0
534.0
525.0
944.0
941.0
939.0
1022.0
1026.0
1032.0
1023.0
1033.0
1022.0
1016.0
994.0
993.0
989.0
904.0
910.0
940.0
937.0
941.0
489.0
490.0
937.0
935.0
934.0
938.0
936.0
933.0
940.0
907.0
934.0
939.0
935.0
935.0
936.0
940.0
936.0
935.0
938.0
526.0
495.0
494.0
939.0
939.0
935.0
932.0
940.0
933.0
938.0
934.0
934.0
938.0
938.0
938.0
937.0
934.0
940.0
938.0
939.0
521.0
529.0
525.0
906.0
948.0
939.0
941.0
940.0
937.0
937.0
1026.0
1031.0
1040.0
1028.0
1011.0
1016.0
998.0
1002.0
992.0
994.0
908.0
500.0
502.0
935.0
934.0
941.0
937.0
942.0
940.0
943.0
935.0
936.0
940.0
933.0
938.0
939.0
941.0
956.0
939.0
939.0
936.0
524.0
526.0
934.0
939.0
934.0
934.0
939.0
934.0
940.0
942.0
942.0
935.0
932.0
937.0
932.0
934.0
939.0
934.0
942.0
938.0
521.0
523.0
901.0
939.0
934.0
937.0
936.0
939.0
940.0
1031.0
1039.0
1039.0
1052.0
1029.0
1025.0
1029.0
1018.0
1105.0
1029.0
515.0
595.0
520.0
941.0
943.0
936.0
948.0
935.0
940.0
939.0
941.0
941.0
944.0
928.0
931.0
912.0
929.0
911.0
928.0
924.0
522.0
525.0
517.0
