3.0
2.0
2.0
3.0
2.0
2.0
1.0
3.0
3.0
3.0
4.0
4.0
2.0
2.0
2.0
2.0
492.0
1082.0
1144.0
1261.0
1082.0
1129.0
1096.0
1077.0
1200.0
1060.0
1052.0
1337.0
1001.0
1352.0
2.0
2.0
2.0
1.0
2.0
2.0
416.0
1009.0
967.0
998.0
953.0
995.0
949.0
987.0
982.0
945.0
981.0
981.0
946.0
1007.0
3.0
3.0
2.0
3.0
3.0
2.0
766.0
1722.0
974.0
1009.0
966.0
997.0
1027.0
968.0
998.0
1702.0
986.0
946.0
991.0
945.0
2.0
2.0
2.0
2.0
1.0
2.0
415.0
982.0
980.0
981.0
1557.0
979.0
947.0
949.0
980.0
1250.0
980.0
1024.0
1017.0
1010.0
1.0
2.0
2.0
2.0
2.0
1.0
437.0
988.0
993.0
1018.0
1013.0
1008.0
984.0
978.0
1006.0
978.0
979.0
985.0
980.0
981.0
2.0
2.0
1.0
2.0
2.0
2.0
431.0
982.0
984.0
982.0
979.0
998.0
983.0
982.0
987.0
1019.0
1021.0
1047.0
1058.0
1067.0
2.0
2.0
1.0
2.0
2.0
2.0
470.0
1023.0
1024.0
1055.0
1056.0
984.0
993.0
985.0
996.0
995.0
979.0
990.0
981.0
983.0
2.0
2.0
2.0
2.0
1.0
2.0
432.0
994.0
986.0
982.0
983.0
992.0
1017.0
995.0
1012.0
1013.0
1011.0
1009.0
1009.0
1027.0
2.0
2.0
2.0
2.0
1.0
2.0
450.0
1033.0
1009.0
989.0
1009.0
1004.0
982.0
982.0
989.0
981.0
992.0
988.0
985.0
979.0
2.0
2.0
2.0
2.0
2.0
1.0
430.0
981.0
983.0
982.0
981.0
1001.0
997.0
1000.0
1012.0
993.0
966.0
933.0
976.0
971.0
2.0
2.0
2.0
2.0
2.0
3.0
717.0
1233.0
1236.0
1216.0
944.0
1085.0
1090.0
1002.0
1076.0
1225.0
1088.0
918.0
918.0
1045.0
2.0
2.0
2.0
2.0
2.0
1.0
459.0
1064.0
1041.0
1040.0
1046.0
919.0
1062.0
1002.0
938.0
1498.0
1580.0
947.0
983.0
982.0
2.0
2.0
2.0
1.0
2.0
2.0
431.0
980.0
965.0
995.0
975.0
1014.0
963.0
1005.0
1005.0
1005.0
1720.0
952.0
1706.0
980.0
1.0
1.0
2.0
2.0
2.0
1.0
416.0
979.0
949.0
981.0
950.0
981.0
979.0
947.0
978.0
978.0
948.0
981.0
1318.0
954.0
2.0
2.0
2.0
2.0
2.0
1.0
429.0
982.0
1212.0
985.0
993.0
1006.0
1006.0
1007.0
1026.0
1019.0
1010.0
981.0
985.0
994.0
2.0
2.0
2.0
1.0
2.0
2.0
430.0
981.0
991.0
986.0
977.0
983.0
998.0
977.0
986.0
983.0
987.0
976.0
976.0
1005.0
2.0
2.0
2.0
2.0
2.0
1.0
428.0
1004.0
1008.0
1006.0
1012.0
1006.0
997.0
994.0
997.0
994.0
993.0
992.0
983.0
991.0
2.0
2.0
2.0
2.0
2.0
2.0
439.0
980.0
978.0
982.0
978.0
978.0
981.0
982.0
980.0
980.0
979.0
1001.0
1001.0
1010.0
2.0
2.0
2.0
2.0
2.0
1.0
431.0
1008.0
1010.0
1000.0
1006.0
1002.0
1008.0
1004.0
983.0
992.0
984.0
983.0
980.0
981.0
2.0
2.0
2.0
2.0
2.0
2.0
2.0
552.0
552.0
552.0
553.0
552.0
551.0
554.0
549.0
556.0
553.0
552.0
551.0
554.0
2.0
1.0
2.0
1.0
2.0
1.0
430.0
983.0
999.0
1009.0
1008.0
1010.0
1010.0
1009.0
996.0
996.0
1009.0
1003.0
1003.0
988.0
1.0
2.0
1.0
2.0
1.0
2.0
429.0
1012.0
1004.0
1001.0
989.0
996.0
1000.0
993.0
1001.0
989.0
989.0
986.0
985.0
982.0
2.0
1.0
2.0
1.0
2.0
2.0
431.0
981.0
981.0
998.0
995.0
1002.0
1008.0
998.0
1018.0
1006.0
1016.0
998.0
999.0
985.0
2.0
1.0
2.0
1.0
2.0
1.0
429.0
980.0
977.0
980.0
977.0
982.0
982.0
979.0
981.0
981.0
978.0
982.0
974.0
995.0
1.0
2.0
2.0
1.0
2.0
1.0
429.0
1005.0
1003.0
1005.0
1007.0
998.0
992.0
992.0
998.0
991.0
983.0
994.0
993.0
991.0
2.0
2.0
1.0
2.0
1.0
2.0
434.0
981.0
978.0
977.0
981.0
982.0
974.0
980.0
981.0
976.0
976.0
981.0
976.0
975.0
1.0
2.0
1.0
2.0
1.0
2.0
430.0
996.0
992.0
1008.0
994.0
997.0
1000.0
999.0
1006.0
991.0
1004.0
981.0
977.0
985.0
2.0
1.0
1.0
2.0
2.0
1.0
430.0
975.0
981.0
979.0
979.0
978.0
976.0
981.0
981.0
976.0
983.0
974.0
982.0
995.0
2.0
1.0
2.0
1.0
2.0
1.0
430.0
1011.0
1012.0
1012.0
1012.0
1012.0
1010.0
1007.0
1006.0
1008.0
979.0
978.0
977.0
979.0
1.0
2.0
1.0
2.0
1.0
1.0
1.0
552.0
551.0
551.0
553.0
550.0
551.0
552.0
551.0
552.0
550.0
551.0
552.0
552.0
2.0
1.0
1.0
2.0
1.0
2.0
434.0
974.0
980.0
977.0
1004.0
1008.0
1004.0
1006.0
996.0
1005.0
1015.0
1015.0
1027.0
994.0
1.0
2.0
1.0
2.0
1.0
2.0
442.0
983.0
979.0
992.0
977.0
1007.0
994.0
997.0
983.0
978.0
985.0
984.0
975.0
977.0
1.0
2.0
1.0
2.0
1.0
2.0
430.0
977.0
979.0
996.0
1010.0
1010.0
995.0
1009.0
1012.0
1019.0
1015.0
1020.0
1021.0
1021.0
2.0
1.0
2.0
1.0
2.0
1.0
442.0
1006.0
1003.0
1032.0
1105.0
1032.0
1012.0
1036.0
1024.0
1033.0
1029.0
1002.0
1001.0
1016.0
2.0
1.0
2.0
1.0
2.0
1.0
450.0
1020.0
1100.0
1029.0
1028.0
1025.0
1019.0
1018.0
1015.0
1012.0
1009.0
997.0
993.0
994.0
2.0
1.0
2.0
1.0
2.0
1.0
432.0
990.0
988.0
990.0
991.0
984.0
985.0
990.0
979.0
980.0
978.0
981.0
985.0
983.0
1.0
2.0
1.0
2.0
1.0
2.0
430.0
1012.0
997.0
1008.0
1016.0
1016.0
1017.0
997.0
1007.0
1037.0
1015.0
980.0
1010.0
981.0
2.0
1.0
1.0
2.0
1.0
1.0
430.0
979.0
1007.0
980.0
981.0
997.0
987.0
984.0
975.0
989.0
981.0
976.0
980.0
975.0
1.0
2.0
1.0
2.0
1.0
2.0
429.0
1007.0
1005.0
1007.0
1004.0
1002.0
1025.0
1029.0
998.0
1001.0
1023.0
985.0
982.0
984.0
1.0
2.0
1.0
2.0
1.0
2.0
1.0
554.0
550.0
554.0
554.0
551.0
554.0
553.0
553.0
552.0
552.0
554.0
556.0
556.0
1.0
2.0
1.0
2.0
1.0
2.0
434.0
979.0
982.0
977.0
1002.0
1007.0
1013.0
1011.0
1007.0
1021.0
1016.0
1020.0
1016.0
1021.0
2.0
1.0
2.0
1.0
1.0
1.0
442.0
990.0
986.0
983.0
983.0
987.0
985.0
978.0
993.0
989.0
1001.0
987.0
986.0
993.0
2.0
1.0
2.0
1.0
2.0
1.0
434.0
997.0
990.0
1000.0
1005.0
1023.0
1001.0
1010.0
1011.0
1005.0
1012.0
1002.0
1015.0
1005.0
2.0
1.0
2.0
1.0
1.0
1.0
435.0
995.0
979.0
984.0
980.0
976.0
982.0
987.0
980.0
991.0
1001.0
994.0
984.0
982.0
1.0
2.0
1.0
2.0
1.0
2.0
432.0
983.0
986.0
1006.0
1014.0
1015.0
1019.0
1017.0
1022.0
1037.0
1009.0
1016.0
1040.0
1011.0
1.0
2.0
1.0
1.0
1.0
1.0
438.0
1010.0
996.0
980.0
976.0
977.0
979.0
981.0
976.0
979.0
981.0
981.0
979.0
982.0
1.0
2.0
1.0
1.0
1.0
1.0
429.0
1013.0
1012.0
1001.0
1006.0
1006.0
1014.0
1024.0
1022.0
1019.0
1029.0
993.0
1002.0
982.0
2.0
1.0
2.0
1.0
2.0
1.0
439.0
986.0
992.0
988.0
985.0
1003.0
1001.0
1003.0
983.0
996.0
1004.0
999.0
984.0
1010.0
2.0
1.0
2.0
1.0
2.0
1.0
434.0
1024.0
1029.0
1020.0
1009.0
1008.0
1016.0
1019.0
1010.0
1006.0
1012.0
982.0
983.0
1012.0
2.0
1.0
2.0
1.0
2.0
1.0
2.0
574.0
553.0
555.0
551.0
552.0
553.0
556.0
554.0
550.0
553.0
550.0
552.0
553.0
1.0
2.0
1.0
2.0
1.0
2.0
432.0
983.0
983.0
983.0
1012.0
1009.0
1017.0
1020.0
1016.0
1002.0
1018.0
1009.0
1017.0
1018.0
2.0
1.0
1.0
1.0
1.0
2.0
442.0
983.0
986.0
989.0
1009.0
980.0
986.0
995.0
981.0
980.0
985.0
979.0
984.0
991.0
1.0
2.0
1.0
2.0
1.0
2.0
430.0
1005.0
977.0
1003.0
996.0
1004.0
1010.0
1015.0
996.0
1004.0
1015.0
1020.0
1033.0
1002.0
2.0
1.0
2.0
1.0
2.0
1.0
440.0
981.0
990.0
981.0
981.0
978.0
981.0
978.0
978.0
977.0
985.0
987.0
980.0
982.0
2.0
1.0
2.0
1.0
2.0
1.0
434.0
977.0
983.0
979.0
994.0
1004.0
1019.0
1010.0
1008.0
1022.0
1007.0
997.0
1014.0
998.0
1.0
2.0
1.0
2.0
1.0
2.0
440.0
986.0
983.0
983.0
981.0
982.0
981.0
982.0
982.0
983.0
979.0
979.0
978.0
983.0
1.0
2.0
1.0
1.0
1.0
1.0
429.0
1009.0
1010.0
1019.0
1017.0
1015.0
1017.0
1014.0
1025.0
1023.0
1016.0
989.0
991.0
991.0
1.0
2.0
1.0
2.0
1.0
2.0
432.0
980.0
985.0
980.0
977.0
979.0
979.0
981.0
980.0
983.0
980.0
981.0
987.0
979.0
2.0
1.0
2.0
1.0
1.0
2.0
429.0
1007.0
1007.0
1008.0
1007.0
1001.0
1001.0
1003.0
1020.0
1013.0
1020.0
979.0
1002.0
982.0
1.0
2.0
1.0
2.0
1.0
2.0
1.0
565.0
552.0
552.0
553.0
565.0
552.0
566.0
563.0
553.0
553.0
554.0
550.0
554.0
1.0
2.0
2.0
1.0
2.0
1.0
433.0
982.0
982.0
981.0
979.0
984.0
1002.0
1002.0
1012.0
1009.0
1017.0
1023.0
1001.0
1019.0
2.0
1.0
2.0
1.0
2.0
2.0
462.0
1000.0
1002.0
997.0
993.0
993.0
992.0
993.0
980.0
983.0
979.0
979.0
981.0
980.0
2.0
1.0
2.0
1.0
2.0
1.0
430.0
979.0
982.0
980.0
999.0
1007.0
999.0
1011.0
1004.0
1011.0
1005.0
1005.0
1005.0
1006.0
2.0
2.0
1.0
2.0
1.0
2.0
429.0
981.0
983.0
980.0
982.0
981.0
983.0
978.0
979.0
981.0
980.0
980.0
979.0
980.0
2.0
1.0
2.0
1.0
2.0
1.0
431.0
980.0
977.0
981.0
997.0
1002.0
1007.0
1004.0
1017.0
1019.0
1015.0
1028.0
1022.0
1014.0
2.0
1.0
2.0
1.0
2.0
1.0
439.0
995.0
1006.0
981.0
979.0
1003.0
981.0
981.0
1004.0
981.0
1000.0
979.0
989.0
980.0
2.0
1.0
2.0
1.0
2.0
1.0
429.0
1008.0
1008.0
1008.0
1000.0
999.0
1000.0
1001.0
1003.0
997.0
1003.0
982.0
1006.0
1009.0
1.0
2.0
1.0
2.0
1.0
2.0
428.0
981.0
981.0
977.0
981.0
976.0
980.0
978.0
982.0
989.0
986.0
999.0
1004.0
990.0
1.0
2.0
1.0
2.0
1.0
2.0
429.0
1012.0
1038.0
1007.0
1039.0
1039.0
996.0
1020.0
1024.0
1037.0
1017.0
990.0
980.0
980.0
2.0
1.0
2.0
1.0
2.0
1.0
2.0
561.0
550.0
554.0
552.0
553.0
548.0
553.0
555.0
550.0
551.0
550.0
552.0
551.0
1.0
2.0
1.0
1.0
2.0
1.0
429.0
985.0
976.0
981.0
983.0
977.0
997.0
1002.0
997.0
1003.0
1005.0
1010.0
1007.0
1010.0
1.0
2.0
1.0
2.0
1.0
1.0
454.0
1003.0
983.0
980.0
983.0
983.0
984.0
983.0
980.0
977.0
982.0
977.0
977.0
981.0
1.0
2.0
1.0
2.0
1.0
2.0
429.0
979.0
980.0
982.0
977.0
1011.0
1011.0
1013.0
1011.0
1014.0
1014.0
1020.0
1015.0
1026.0
1.0
2.0
1.0
1.0
2.0
1.0
461.0
982.0
1001.0
981.0
992.0
992.0
989.0
981.0
986.0
994.0
985.0
981.0
977.0
982.0
1.0
2.0
1.0
2.0
1.0
2.0
428.0
979.0
978.0
981.0
978.0
997.0
1004.0
1010.0
1023.0
1022.0
1028.0
1024.0
1026.0
1001.0
1.0
2.0
1.0
1.0
1.0
1.0
459.0
980.0
981.0
1001.0
993.0
988.0
986.0
985.0
982.0
983.0
980.0
981.0
981.0
977.0
1.0
1.0
1.0
2.0
1.0
2.0
429.0
1007.0
1006.0
1011.0
1011.0
1007.0
1013.0
1013.0
1013.0
1015.0
993.0
981.0
989.0
996.0
1.0
1.0
2.0
1.0
1.0
1.0
437.0
985.0
983.0
983.0
984.0
980.0
976.0
978.0
978.0
977.0
982.0
974.0
980.0
978.0
2.0
1.0
2.0
1.0
2.0
1.0
430.0
999.0
1006.0
1001.0
1001.0
1000.0
996.0
1004.0
997.0
999.0
995.0
982.0
977.0
976.0
1.0
2.0
1.0
2.0
1.0
2.0
1.0
552.0
553.0
550.0
554.0
551.0
554.0
551.0
553.0
552.0
551.0
564.0
551.0
553.0
1.0
2.0
1.0
2.0
1.0
1.0
429.0
1006.0
1030.0
1008.0
1025.0
1045.0
1032.0
1039.0
1042.0
1107.0
1053.0
1029.0
1026.0
1019.0
1.0
2.0
1.0
2.0
1.0
2.0
461.0
1008.0
990.0
985.0
1003.0
988.0
1053.0
1003.0
995.0
991.0
987.0
976.0
982.0
988.0
1.0
1.0
1.0
1.0
2.0
1.0
431.0
987.0
980.0
981.0
1001.0
1007.0
1008.0
1008.0
1009.0
1017.0
1010.0
1008.0
1000.0
1000.0
1.0
2.0
1.0
2.0
1.0
2.0
439.0
998.0
994.0
982.0
994.0
989.0
989.0
990.0
987.0
980.0
981.0
976.0
981.0
976.0
1.0
2.0
1.0
2.0
1.0
2.0
429.0
975.0
981.0
979.0
994.0
1002.0
1012.0
1003.0
1001.0
1013.0
1013.0
1008.0
1013.0
1011.0
1.0
2.0
1.0
2.0
1.0
2.0
440.0
982.0
1003.0
983.0
991.0
993.0
1011.0
990.0
983.0
986.0
982.0
987.0
1002.0
982.0
1.0
1.0
1.0
1.0
2.0
1.0
442.0
1019.0
1010.0
1016.0
999.0
1010.0
1018.0
1001.0
1006.0
1016.0
1005.0
1004.0
998.0
1000.0
1.0
2.0
1.0
1.0
1.0
1.0
439.0
989.0
989.0
997.0
1012.0
986.0
1003.0
979.0
997.0
984.0
992.0
984.0
977.0
985.0
1.0
2.0
1.0
1.0
2.0
1.0
2.0
556.0
554.0
553.0
556.0
586.0
582.0
588.0
588.0
588.0
586.0
585.0
579.0
589.0
2.0
1.0
2.0
1.0
2.0
1.0
1.0
579.0
564.0
552.0
555.0
566.0
569.0
566.0
553.0
562.0
566.0
554.0
552.0
555.0
2.0
1.0
2.0
1.0
1.0
2.0
431.0
994.0
1001.0
982.0
979.0
987.0
996.0
985.0
991.0
991.0
997.0
1021.0
1011.0
1011.0
1.0
2.0
1.0
2.0
1.0
1.0
431.0
1001.0
1023.0
1016.0
1005.0
1007.0
1025.0
1023.0
991.0
997.0
982.0
980.0
991.0
992.0
2.0
1.0
2.0
1.0
1.0
2.0
436.0
1002.0
1000.0
999.0
1016.0
996.0
1010.0
1007.0
1005.0
989.0
1001.0
1008.0
1006.0
1012.0
1.0
2.0
1.0
1.0
2.0
1.0
430.0
1000.0
1008.0
1009.0
1006.0
1006.0
1009.0
1000.0
983.0
984.0
978.0
977.0
979.0
976.0
1.0
1.0
2.0
1.0
2.0
1.0
429.0
978.0
983.0
981.0
984.0
975.0
984.0
977.0
995.0
1013.0
1007.0
998.0
1004.0
1016.0
1.0
2.0
1.0
1.0
1.0
1.0
430.0
1013.0
1010.0
1022.0
1009.0
1002.0
986.0
1011.0
983.0
984.0
984.0
1008.0
984.0
1008.0
2.0
1.0
2.0
1.0
1.0
2.0
430.0
995.0
986.0
992.0
979.0
983.0
982.0
982.0
981.0
1004.0
1009.0
1013.0
1007.0
1026.0
1.0
2.0
1.0
1.0
1.0
1.0
460.0
1005.0
1003.0
1005.0
1027.0
984.0
1003.0
1005.0
985.0
982.0
989.0
984.0
985.0
995.0
1.0
2.0
1.0
2.0
1.0
2.0
1.0
552.0
555.0
552.0
554.0
561.0
555.0
562.0
556.0
568.0
566.0
553.0
564.0
553.0
1.0
1.0
2.0
1.0
2.0
1.0
2.0
553.0
561.0
585.0
585.0
591.0
588.0
585.0
586.0
596.0
583.0
582.0
597.0
552.0
2.0
1.0
2.0
1.0
2.0
1.0
437.0
984.0
986.0
979.0
981.0
991.0
985.0
984.0
984.0
981.0
983.0
981.0
979.0
981.0
1.0
2.0
1.0
1.0
1.0
1.0
432.0
979.0
980.0
982.0
979.0
979.0
1002.0
999.0
1002.0
996.0
1005.0
996.0
1007.0
1006.0
1.0
1.0
1.0
1.0
2.0
1.0
449.0
999.0
983.0
986.0
978.0
982.0
978.0
982.0
981.0
980.0
983.0
992.0
980.0
984.0
1.0
1.0
2.0
1.0
2.0
1.0
430.0
1007.0
1008.0
1013.0
1009.0
1009.0
1006.0
1016.0
1016.0
1015.0
1017.0
985.0
1011.0
1010.0
2.0
1.0
2.0
1.0
1.0
2.0
439.0
994.0
991.0
1013.0
1015.0
1025.0
1015.0
1025.0
1013.0
1016.0
1009.0
1007.0
1013.0
1006.0
2.0
1.0
2.0
1.0
2.0
1.0
443.0
997.0
990.0
989.0
1009.0
1007.0
1008.0
1013.0
998.0
1016.0
1014.0
1023.0
1024.0
995.0
1.0
2.0
1.0
2.0
1.0
1.0
441.0
984.0
990.0
993.0
993.0
996.0
985.0
987.0
979.0
991.0
983.0
982.0
979.0
1000.0
1.0
1.0
1.0
2.0
1.0
2.0
432.0
1004.0
1011.0
1011.0
1006.0
1010.0
1011.0
1010.0
1009.0
1004.0
994.0
991.0
979.0
987.0
2.0
1.0
2.0
1.0
2.0
1.0
1.0
557.0
559.0
556.0
565.0
554.0
552.0
555.0
551.0
555.0
554.0
552.0
553.0
551.0
1.0
1.0
2.0
1.0
2.0
1.0
2.0
557.0
569.0
552.0
570.0
566.0
555.0
564.0
556.0
554.0
538.0
547.0
499.0
501.0
