1.0
1.0
1.0
1.0
0.0
1.0
1.0
1.0
1.0
1.0
2.0
3.0
2.0
3.0
1.0
2.0
2.0
2.0
3.0
2.0
2.0
2.0
2.0
3.0
3.0
2.0
2.0
3.0
2.0
1.0
231.0
232.0
407.0
231.0
230.0
229.0
231.0
408.0
296.0
276.0
356.0
370.0
355.0
353.0
354.0
354.0
327.0
354.0
433.0
412.0
355.0
354.0
354.0
355.0
354.0
299.0
339.0
354.0
355.0
314.0
329.0
336.0
353.0
354.0
352.0
353.0
329.0
368.0
329.0
337.0
319.0
320.0
528.0
334.0
334.0
333.0
333.0
577.0
320.0
331.0
318.0
319.0
332.0
332.0
332.0
331.0
319.0
609.0
332.0
326.0
353.0
610.0
367.0
366.0
366.0
366.0
352.0
358.0
344.0
318.0
334.0
335.0
332.0
334.0
575.0
318.0
322.0
333.0
575.0
319.0
332.0
334.0
334.0
334.0
318.0
319.0
334.0
320.0
342.0
585.0
344.0
343.0
343.0
330.0
589.0
329.0
342.0
330.0
332.0
332.0
331.0
332.0
323.0
337.0
324.0
332.0
581.0
332.0
332.0
331.0
331.0
584.0
320.0
318.0
318.0
332.0
342.0
342.0
342.0
341.0
335.0
401.0
337.0
337.0
341.0
330.0
329.0
330.0
329.0
329.0
330.0
329.0
329.0
330.0
329.0
329.0
329.0
329.0
329.0
328.0
330.0
354.0
354.0
354.0
355.0
355.0
354.0
356.0
355.0
354.0
354.0
332.0
332.0
331.0
330.0
331.0
331.0
331.0
331.0
331.0
330.0
331.0
329.0
330.0
332.0
329.0
332.0
332.0
332.0
332.0
330.0
369.0
336.0
334.0
372.0
323.0
339.0
339.0
339.0
339.0
2.0
2.0
2.0
3.0
2.0
2.0
2.0
2.0
3.0
3.0
1.0
1.0
3.0
2.0
2.0
2.0
1.0
1.0
1.0
0.0
1.0
3.0
1.0
3.0
2.0
3.0
2.0
2.0
2.0
3.0
2.0
1.0
1.0
2.0
2.0
2.0
1.0
1.0
1.0
1.0
2.0
2.0
1.0
1.0
1.0
3.0
2.0
3.0
3.0
3.0
2.0
2.0
2.0
2.0
2.0
1.0
1.0
1.0
1.0
1.0
2.0
3.0
2.0
2.0
2.0
2.0
1.0
3.0
3.0
3.0
1.0
2.0
2.0
2.0
2.0
2.0
1.0
0.0
0.0
0.0
1.0
0.0
3.0
1.0
3.0
1.0
3.0
1.0
2.0
1.0
1.0
0.0
2.0
1.0
2.0
1.0
0.0
1.0
1.0
1.0
2.0
2.0
2.0
1.0
2.0
3.0
2.0
3.0
3.0
3.0
2.0
2.0
2.0
1.0
1.0
1.0
1.0
1.0
1.0
1.0
2.0
3.0
2.0
2.0
1.0
1.0
2.0
3.0
3.0
3.0
2.0
2.0
2.0
2.0
2.0
1.0
1.0
1.0
1.0
0.0
2.0
2.0
3.0
3.0
3.0
3.0
2.0
1.0
1.0
1.0
1.0
1.0
2.0
2.0
2.0
2.0
1.0
1.0
1.0
1.0
2.0
2.0
1.0
2.0
2.0
3.0
3.0
3.0
2.0
3.0
2.0
2.0
2.0
1.0
1.0
2.0
1.0
1.0
1.0
1.0
2.0
1.0
3.0
1.0
2.0
0.0
1.0
1.0
2.0
1.0
3.0
1.0
3.0
0.0
2.0
1.0
1.0
1.0
1.0
1.0
202.0
223.0
223.0
221.0
221.0
298.0
402.0
221.0
401.0
298.0
180.0
220.0
221.0
221.0
222.0
221.0
228.0
200.0
1.0
1.0
195.0
237.0
237.0
229.0
229.0
228.0
228.0
229.0
183.0
220.0
189.0
221.0
193.0
220.0
221.0
221.0
220.0
220.0
1.0
1.0
192.0
221.0
191.0
192.0
221.0
191.0
221.0
222.0
221.0
221.0
220.0
192.0
221.0
193.0
192.0
221.0
220.0
220.0
1.0
0.0
220.0
221.0
221.0
192.0
221.0
192.0
191.0
229.0
230.0
230.0
230.0
230.0
230.0
205.0
230.0
204.0
204.0
1.0
1.0
1.0
220.0
190.0
222.0
220.0
221.0
219.0
220.0
190.0
220.0
1.0
192.0
1.0
191.0
1.0
226.0
1.0
224.0
1.0
1.0
0.0
358.0
358.0
363.0
360.0
321.0
322.0
401.0
373.0
399.0
404.0
367.0
404.0
400.0
391.0
365.0
367.0
357.0
328.0
136.0
136.0
331.0
330.0
343.0
331.0
331.0
339.0
339.0
340.0
337.0
330.0
332.0
329.0
333.0
329.0
330.0
332.0
331.0
332.0
126.0
124.0
343.0
340.0
341.0
340.0
342.0
339.0
340.0
343.0
343.0
342.0
332.0
329.0
329.0
329.0
333.0
329.0
329.0
332.0
125.0
125.0
332.0
332.0
332.0
329.0
329.0
330.0
330.0
329.0
332.0
332.0
343.0
342.0
340.0
342.0
339.0
340.0
339.0
135.0
137.0
136.0
330.0
332.0
332.0
331.0
331.0
328.0
332.0
328.0
330.0
124.0
332.0
124.0
332.0
126.0
370.0
125.0
370.0
126.0
126.0
126.0
374.0
371.0
371.0
372.0
370.0
372.0
369.0
372.0
333.0
329.0
332.0
330.0
329.0
331.0
329.0
332.0
329.0
332.0
126.0
125.0
332.0
329.0
333.0
330.0
330.0
332.0
330.0
332.0
329.0
331.0
340.0
343.0
342.0
341.0
340.0
342.0
340.0
343.0
136.0
137.0
330.0
331.0
330.0
331.0
331.0
329.0
329.0
332.0
329.0
333.0
329.0
332.0
329.0
333.0
332.0
329.0
328.0
330.0
124.0
126.0
338.0
344.0
340.0
344.0
340.0
343.0
343.0
340.0
341.0
342.0
332.0
333.0
330.0
332.0
330.0
332.0
331.0
124.0
125.0
126.0
329.0
328.0
332.0
327.0
332.0
367.0
371.0
367.0
371.0
126.0
371.0
125.0
370.0
166.0
369.0
165.0
370.0
126.0
125.0
126.0
333.0
334.0
331.0
330.0
331.0
332.0
335.0
329.0
329.0
332.0
334.0
332.0
331.0
330.0
332.0
333.0
333.0
329.0
125.0
126.0
341.0
344.0
344.0
341.0
343.0
341.0
343.0
341.0
344.0
342.0
331.0
332.0
333.0
331.0
332.0
331.0
332.0
328.0
126.0
125.0
332.0
329.0
328.0
332.0
332.0
329.0
332.0
329.0
332.0
329.0
332.0
330.0
341.0
343.0
343.0
340.0
342.0
339.0
126.0
125.0
339.0
343.0
342.0
340.0
329.0
331.0
331.0
334.0
331.0
330.0
335.0
329.0
330.0
336.0
336.0
329.0
328.0
134.0
124.0
128.0
367.0
371.0
370.0
367.0
370.0
368.0
369.0
367.0
369.0
163.0
330.0
126.0
332.0
124.0
332.0
125.0
330.0
125.0
126.0
125.0
330.0
331.0
331.0
330.0
332.0
330.0
331.0
331.0
331.0
331.0
329.0
332.0
330.0
338.0
342.0
338.0
342.0
337.0
126.0
134.0
338.0
342.0
342.0
337.0
335.0
330.0
332.0
329.0
333.0
329.0
329.0
332.0
330.0
333.0
335.0
330.0
331.0
329.0
126.0
125.0
332.0
329.0
330.0
332.0
329.0
332.0
344.0
340.0
343.0
341.0
344.0
339.0
339.0
343.0
340.0
343.0
332.0
329.0
126.0
126.0
329.0
333.0
332.0
330.0
331.0
333.0
331.0
333.0
333.0
330.0
368.0
370.0
371.0
366.0
366.0
371.0
365.0
164.0
162.0
162.0
334.0
332.0
330.0
328.0
335.0
332.0
329.0
328.0
333.0
125.0
329.0
127.0
329.0
126.0
329.0
126.0
332.0
126.0
124.0
125.0
332.0
332.0
334.0
332.0
329.0
329.0
329.0
341.0
341.0
343.0
342.0
343.0
343.0
343.0
341.0
341.0
340.0
329.0
125.0
126.0
333.0
330.0
332.0
333.0
332.0
332.0
329.0
330.0
330.0
329.0
333.0
332.0
333.0
332.0
333.0
331.0
331.0
331.0
125.0
126.0
343.0
340.0
343.0
340.0
343.0
344.0
343.0
341.0
344.0
340.0
329.0
330.0
332.0
330.0
332.0
332.0
330.0
329.0
125.0
125.0
329.0
333.0
365.0
367.0
369.0
366.0
369.0
368.0
370.0
367.0
368.0
369.0
331.0
332.0
334.0
328.0
333.0
126.0
126.0
126.0
334.0
332.0
330.0
329.0
332.0
333.0
341.0
341.0
340.0
126.0
345.0
131.0
347.0
133.0
345.0
136.0
345.0
132.0
126.0
126.0
353.0
342.0
352.0
354.0
347.0
347.0
349.0
349.0
347.0
339.0
341.0
339.0
340.0
340.0
342.0
341.0
336.0
334.0
130.0
130.0
331.0
330.0
331.0
329.0
330.0
329.0
329.0
329.0
329.0
329.0
339.0
339.0
340.0
340.0
338.0
342.0
339.0
337.0
136.0
135.0
330.0
330.0
329.0
329.0
329.0
329.0
329.0
329.0
330.0
329.0
330.0
330.0
329.0
329.0
330.0
331.0
361.0
364.0
126.0
125.0
363.0
364.0
365.0
365.0
364.0
365.0
366.0
366.0
332.0
332.0
334.0
333.0
334.0
334.0
333.0
333.0
332.0
126.0
127.0
127.0
333.0
331.0
331.0
331.0
331.0
329.0
330.0
330.0
331.0
126.0
340.0
125.0
342.0
125.0
342.0
134.0
340.0
136.0
136.0
138.0
341.0
341.0
333.0
331.0
330.0
330.0
330.0
330.0
330.0
329.0
329.0
329.0
331.0
329.0
329.0
329.0
328.0
329.0
126.0
125.0
329.0
329.0
330.0
329.0
339.0
339.0
341.0
340.0
340.0
340.0
342.0
340.0
343.0
342.0
330.0
330.0
328.0
330.0
125.0
126.0
330.0
329.0
329.0
329.0
330.0
329.0
330.0
330.0
330.0
329.0
363.0
360.0
385.0
366.0
383.0
361.0
364.0
364.0
158.0
156.0
333.0
330.0
332.0
329.0
333.0
330.0
329.0
329.0
332.0
333.0
332.0
330.0
332.0
330.0
329.0
334.0
328.0
125.0
126.0
126.0
340.0
343.0
343.0
341.0
344.0
342.0
341.0
340.0
344.0
135.0
331.0
125.0
334.0
125.0
330.0
126.0
332.0
124.0
125.0
126.0
330.0
332.0
333.0
330.0
330.0
332.0
330.0
332.0
329.0
332.0
330.0
331.0
333.0
329.0
329.0
331.0
337.0
342.0
125.0
126.0
341.0
342.0
340.0
345.0
342.0
341.0
341.0
343.0
332.0
332.0
331.0
333.0
331.0
334.0
332.0
330.0
329.0
331.0
125.0
126.0
363.0
366.0
363.0
366.0
363.0
365.0
367.0
363.0
364.0
366.0
333.0
333.0
330.0
333.0
330.0
332.0
332.0
330.0
125.0
126.0
330.0
334.0
329.0
333.0
330.0
330.0
332.0
332.0
332.0
331.0
330.0
340.0
338.0
342.0
341.0
340.0
340.0
126.0
126.0
125.0
341.0
339.0
340.0
339.0
331.0
329.0
329.0
329.0
330.0
125.0
330.0
125.0
329.0
124.0
330.0
124.0
329.0
124.0
125.0
125.0
332.0
330.0
329.0
330.0
330.0
329.0
329.0
330.0
329.0
337.0
341.0
341.0
341.0
341.0
340.0
342.0
341.0
340.0
135.0
127.0
329.0
330.0
329.0
332.0
328.0
329.0
329.0
329.0
329.0
330.0
328.0
331.0
329.0
363.0
359.0
363.0
360.0
362.0
126.0
126.0
364.0
364.0
360.0
359.0
361.0
334.0
332.0
332.0
331.0
335.0
337.0
338.0
326.0
338.0
326.0
340.0
325.0
337.0
124.0
130.0
327.0
337.0
335.0
332.0
328.0
329.0
330.0
340.0
343.0
343.0
340.0
341.0
343.0
340.0
341.0
340.0
338.0
125.0
126.0
126.0
330.0
332.0
329.0
332.0
332.0
332.0
329.0
332.0
330.0
126.0
329.0
124.0
332.0
125.0
332.0
126.0
331.0
125.0
125.0
125.0
330.0
329.0
341.0
340.0
341.0
343.0
340.0
343.0
343.0
343.0
341.0
339.0
337.0
329.0
329.0
333.0
329.0
331.0
126.0
126.0
329.0
329.0
333.0
335.0
329.0
332.0
329.0
333.0
329.0
362.0
359.0
360.0
361.0
363.0
360.0
364.0
361.0
362.0
155.0
125.0
330.0
332.0
330.0
330.0
332.0
335.0
330.0
334.0
331.0
333.0
330.0
332.0
329.0
332.0
332.0
334.0
329.0
332.0
125.0
126.0
339.0
342.0
340.0
341.0
340.0
340.0
342.0
343.0
339.0
341.0
329.0
332.0
329.0
332.0
330.0
329.0
332.0
125.0
125.0
126.0
347.0
343.0
379.0
348.0
378.0
334.0
356.0
375.0
332.0
135.0
365.0
136.0
349.0
135.0
342.0
170.0
355.0
126.0
135.0
137.0
347.0
349.0
346.0
345.0
341.0
341.0
330.0
341.0
334.0
330.0
334.0
329.0
332.0
332.0
330.0
330.0
329.0
334.0
125.0
125.0
359.0
359.0
358.0
358.0
360.0
359.0
358.0
358.0
359.0
362.0
330.0
330.0
332.0
331.0
332.0
331.0
330.0
330.0
124.0
129.0
331.0
343.0
334.0
330.0
334.0
331.0
332.0
333.0
330.0
330.0
339.0
340.0
350.0
341.0
342.0
341.0
341.0
339.0
125.0
125.0
339.0
340.0
331.0
330.0
331.0
332.0
337.0
330.0
331.0
332.0
330.0
329.0
329.0
329.0
329.0
330.0
329.0
125.0
124.0
124.0
330.0
328.0
331.0
329.0
330.0
328.0
340.0
339.0
339.0
125.0
339.0
135.0
340.0
134.0
343.0
135.0
341.0
125.0
126.0
125.0
330.0
330.0
332.0
332.0
332.0
330.0
330.0
329.0
335.0
335.0
324.0
337.0
337.0
364.0
364.0
350.0
350.0
353.0
128.0
154.0
356.0
359.0
360.0
360.0
335.0
331.0
330.0
329.0
332.0
332.0
330.0
331.0
334.0
334.0
332.0
332.0
329.0
330.0
126.0
126.0
332.0
332.0
329.0
331.0
332.0
333.0
340.0
342.0
340.0
340.0
342.0
341.0
342.0
342.0
342.0
342.0
332.0
330.0
125.0
124.0
330.0
330.0
330.0
330.0
330.0
332.0
332.0
331.0
331.0
332.0
330.0
329.0
331.0
330.0
329.0
332.0
330.0
125.0
126.0
126.0
342.0
341.0
341.0
342.0
342.0
340.0
340.0
341.0
342.0
136.0
332.0
126.0
331.0
125.0
329.0
125.0
329.0
125.0
125.0
125.0
331.0
331.0
330.0
332.0
329.0
330.0
331.0
358.0
357.0
357.0
359.0
360.0
358.0
359.0
358.0
357.0
360.0
330.0
126.0
126.0
332.0
333.0
330.0
331.0
332.0
333.0
332.0
331.0
332.0
332.0
331.0
332.0
330.0
330.0
330.0
332.0
330.0
329.0
126.0
126.0
341.0
341.0
342.0
340.0
342.0
340.0
340.0
342.0
341.0
340.0
336.0
332.0
332.0
330.0
331.0
330.0
329.0
331.0
125.0
126.0
330.0
329.0
333.0
331.0
331.0
330.0
332.0
329.0
330.0
332.0
340.0
341.0
343.0
342.0
342.0
341.0
342.0
125.0
125.0
136.0
341.0
342.0
332.0
329.0
330.0
332.0
331.0
330.0
331.0
125.0
332.0
125.0
330.0
126.0
329.0
125.0
356.0
125.0
125.0
125.0
360.0
357.0
358.0
360.0
362.0
360.0
361.0
360.0
360.0
331.0
331.0
331.0
330.0
333.0
333.0
331.0
333.0
332.0
127.0
126.0
331.0
332.0
332.0
330.0
332.0
334.0
333.0
331.0
334.0
332.0
341.0
342.0
340.0
341.0
342.0
343.0
342.0
341.0
135.0
135.0
333.0
330.0
330.0
330.0
332.0
330.0
330.0
332.0
331.0
332.0
331.0
330.0
330.0
330.0
330.0
332.0
329.0
331.0
125.0
125.0
332.0
332.0
331.0
338.0
339.0
340.0
340.0
341.0
340.0
341.0
341.0
342.0
342.0
331.0
330.0
330.0
328.0
126.0
125.0
125.0
331.0
328.0
331.0
331.0
331.0
330.0
329.0
328.0
329.0
124.0
358.0
126.0
358.0
125.0
359.0
124.0
356.0
152.0
153.0
154.0
358.0
359.0
359.0
332.0
331.0
332.0
332.0
332.0
329.0
329.0
332.0
331.0
329.0
329.0
330.0
332.0
330.0
330.0
125.0
125.0
329.0
331.0
329.0
328.0
329.0
336.0
340.0
341.0
340.0
342.0
341.0
341.0
341.0
340.0
341.0
332.0
331.0
331.0
124.0
125.0
333.0
333.0
333.0
330.0
330.0
330.0
331.0
330.0
336.0
334.0
335.0
338.0
329.0
334.0
329.0
329.0
328.0
328.0
126.0
126.0
342.0
340.0
340.0
341.0
339.0
341.0
339.0
340.0
339.0
340.0
333.0
337.0
338.0
342.0
340.0
343.0
339.0
124.0
125.0
127.0
370.0
372.0
367.0
369.0
369.0
365.0
368.0
362.0
368.0
128.0
361.0
128.0
335.0
128.0
336.0
129.0
333.0
126.0
126.0
126.0
330.0
330.0
331.0
330.0
329.0
329.0
329.0
329.0
331.0
330.0
329.0
329.0
330.0
329.0
330.0
330.0
329.0
336.0
125.0
124.0
339.0
341.0
340.0
341.0
341.0
340.0
340.0
341.0
339.0
331.0
329.0
330.0
330.0
330.0
330.0
329.0
328.0
328.0
125.0
125.0
330.0
329.0
329.0
330.0
331.0
330.0
330.0
329.0
330.0
331.0
339.0
340.0
340.0
340.0
340.0
340.0
338.0
339.0
135.0
135.0
331.0
329.0
331.0
331.0
330.0
331.0
330.0
329.0
330.0
330.0
331.0
330.0
331.0
356.0
356.0
356.0
355.0
126.0
125.0
126.0
358.0
356.0
355.0
356.0
356.0
357.0
333.0
331.0
332.0
125.0
331.0
125.0
330.0
126.0
332.0
125.0
331.0
126.0
126.0
126.0
331.0
332.0
332.0
333.0
333.0
332.0
332.0
332.0
332.0
331.0
342.0
343.0
342.0
342.0
341.0
342.0
339.0
340.0
136.0
136.0
332.0
331.0
332.0
331.0
331.0
332.0
330.0
332.0
329.0
331.0
332.0
330.0
332.0
329.0
332.0
331.0
328.0
331.0
124.0
125.0
331.0
340.0
342.0
340.0
342.0
340.0
342.0
341.0
340.0
341.0
341.0
331.0
331.0
331.0
331.0
331.0
331.0
331.0
126.0
126.0
329.0
331.0
330.0
330.0
331.0
330.0
332.0
329.0
355.0
356.0
355.0
356.0
354.0
355.0
355.0
355.0
355.0
149.0
125.0
127.0
332.0
330.0
331.0
332.0
334.0
329.0
332.0
330.0
330.0
125.0
326.0
126.0
321.0
126.0
318.0
126.0
303.0
121.0
119.0
122.0
