23.0
14.0
15.0
13.0
15.0
15.0
19.0
14.0
19.0
18.0
42.0
37.0
25.0
26.0
25.0
24.0
26.0
25.0
39.0
39.0
86.0
87.0
86.0
87.0
84.0
85.0
146.0
143.0
143.0
144.0
88.0
85.0
85.0
84.0
85.0
82.0
145.0
123.0
144.0
120.0
71.0
85.0
85.0
84.0
86.0
84.0
68.0
85.0
84.0
84.0
88.0
85.0
84.0
86.0
306.0
309.0
235.0
249.0
252.0
250.0
251.0
247.0
253.0
249.0
69.0
85.0
85.0
84.0
84.0
85.0
151.0
70.0
144.0
85.0
84.0
85.0
85.0
85.0
86.0
84.0
71.0
84.0
84.0
68.0
146.0
145.0
85.0
84.0
85.0
86.0
88.0
86.0
86.0
77.0
84.0
84.0
85.0
84.0
85.0
100.0
89.0
89.0
140.0
140.0
85.0
85.0
84.0
86.0
86.0
85.0
72.0
68.0
86.0
86.0
85.0
85.0
85.0
84.0
86.0
69.0
89.0
67.0
85.0
85.0
85.0
85.0
84.0
69.0
110.0
85.0
121.0
85.0
69.0
84.0
85.0
86.0
86.0
86.0
84.0
85.0
93.0
84.0
72.0
84.0
85.0
84.0
85.0
84.0
85.0
84.0
76.0
72.0
73.0
85.0
85.0
84.0
85.0
85.0
84.0
84.0
75.0
74.0
73.0
85.0
85.0
84.0
85.0
85.0
124.0
112.0
116.0
126.0
116.0
124.0
125.0
130.0
128.0
125.0
77.0
86.0
78.0
75.0
86.0
84.0
84.0
84.0
85.0
83.0
73.0
73.0
75.0
84.0
84.0
83.0
85.0
72.0
85.0
72.0
83.0
85.0
76.0
86.0
83.0
73.0
73.0
80.0
80.0
72.0
78.0
80.0
26.0
26.0
38.0
25.0
40.0
25.0
25.0
25.0
41.0
23.0
23.0
23.0
23.0
22.0
22.0
36.0
23.0
37.0
38.0
18.0
25.0
24.0
22.0
23.0
22.0
22.0
38.0
37.0
23.0
11.0
22.0
23.0
22.0
23.0
37.0
37.0
22.0
23.0
13.0
11.0
23.0
22.0
38.0
37.0
22.0
23.0
22.0
37.0
19.0
11.0
21.0
21.0
21.0
22.0
22.0
23.0
36.0
18.0
18.0
11.0
23.0
21.0
36.0
22.0
22.0
22.0
23.0
33.0
18.0
11.0
22.0
36.0
22.0
22.0
23.0
12.0
18.0
11.0
12.0
9.0
22.0
21.0
22.0
36.0
22.0
23.0
23.0
18.0
12.0
17.0
23.0
23.0
11.0
8.0
11.0
11.0
11.0
12.0
10.0
9.0
141.0
85.0
86.0
138.0
85.0
70.0
86.0
87.0
86.0
14.0
83.0
68.0
82.0
82.0
82.0
83.0
83.0
84.0
82.0
11.0
67.0
67.0
83.0
83.0
82.0
83.0
84.0
84.0
84.0
12.0
82.0
66.0
66.0
85.0
115.0
112.0
112.0
112.0
65.0
12.0
112.0
111.0
107.0
257.0
208.0
264.0
184.0
184.0
155.0
9.0
178.0
176.0
187.0
186.0
74.0
74.0
96.0
52.0
28.0
10.0
74.0
74.0
80.0
80.0
80.0
80.0
75.0
74.0
52.0
10.0
79.0
74.0
74.0
78.0
79.0
52.0
52.0
52.0
26.0
10.0
74.0
74.0
79.0
78.0
78.0
74.0
74.0
79.0
27.0
10.0
78.0
78.0
48.0
10.0
9.0
11.0
10.0
9.0
10.0
10.0
77.0
82.0
82.0
77.0
81.0
76.0
81.0
77.0
81.0
13.0
79.0
75.0
74.0
74.0
80.0
78.0
79.0
79.0
74.0
11.0
79.0
78.0
75.0
74.0
75.0
79.0
74.0
79.0
79.0
11.0
78.0
80.0
80.0
74.0
74.0
74.0
74.0
80.0
53.0
11.0
79.0
79.0
79.0
79.0
78.0
73.0
74.0
73.0
48.0
10.0
79.0
78.0
78.0
79.0
73.0
78.0
74.0
51.0
26.0
9.0
74.0
74.0
79.0
79.0
79.0
78.0
78.0
74.0
48.0
11.0
78.0
73.0
74.0
79.0
78.0
51.0
48.0
52.0
26.0
10.0
78.0
75.0
75.0
79.0
78.0
74.0
74.0
78.0
27.0
10.0
79.0
78.0
52.0
9.0
9.0
10.0
10.0
9.0
9.0
10.0
77.0
76.0
81.0
76.0
76.0
81.0
126.0
126.0
127.0
13.0
125.0
122.0
122.0
121.0
122.0
124.0
125.0
79.0
79.0
10.0
80.0
80.0
74.0
74.0
73.0
74.0
79.0
78.0
79.0
11.0
79.0
78.0
78.0
73.0
73.0
74.0
73.0
79.0
52.0
10.0
78.0
79.0
79.0
78.0
78.0
75.0
75.0
75.0
50.0
11.0
78.0
79.0
73.0
78.0
78.0
78.0
74.0
48.0
26.0
11.0
78.0
74.0
79.0
79.0
75.0
74.0
79.0
79.0
49.0
11.0
78.0
79.0
74.0
78.0
78.0
49.0
49.0
49.0
28.0
11.0
220.0
216.0
218.0
219.0
214.0
213.0
212.0
212.0
27.0
11.0
217.0
217.0
52.0
10.0
10.0
10.0
10.0
9.0
10.0
10.0
83.0
82.0
77.0
77.0
76.0
77.0
82.0
82.0
85.0
13.0
80.0
74.0
75.0
75.0
74.0
79.0
80.0
79.0
79.0
11.0
84.0
80.0
75.0
74.0
74.0
75.0
80.0
79.0
79.0
11.0
80.0
83.0
78.0
75.0
74.0
75.0
74.0
79.0
52.0
11.0
78.0
78.0
78.0
79.0
80.0
74.0
75.0
74.0
50.0
11.0
79.0
78.0
74.0
78.0
78.0
78.0
78.0
50.0
26.0
10.0
74.0
75.0
79.0
79.0
74.0
74.0
79.0
79.0
52.0
11.0
75.0
79.0
74.0
78.0
78.0
49.0
52.0
49.0
27.0
10.0
74.0
79.0
78.0
79.0
74.0
74.0
75.0
78.0
28.0
10.0
78.0
78.0
49.0
10.0
10.0
10.0
10.0
10.0
10.0
9.0
81.0
81.0
77.0
77.0
81.0
77.0
82.0
77.0
82.0
13.0
80.0
76.0
75.0
79.0
79.0
74.0
79.0
79.0
75.0
10.0
79.0
79.0
74.0
74.0
75.0
79.0
79.0
79.0
78.0
10.0
74.0
79.0
79.0
74.0
74.0
74.0
79.0
79.0
52.0
11.0
79.0
74.0
124.0
123.0
124.0
121.0
121.0
120.0
96.0
10.0
124.0
123.0
120.0
78.0
79.0
78.0
79.0
49.0
26.0
10.0
74.0
74.0
79.0
79.0
74.0
74.0
79.0
79.0
52.0
11.0
74.0
79.0
74.0
79.0
74.0
51.0
51.0
49.0
28.0
10.0
79.0
74.0
78.0
79.0
79.0
74.0
78.0
73.0
26.0
11.0
78.0
74.0
48.0
11.0
10.0
10.0
11.0
10.0
10.0
10.0
81.0
81.0
81.0
82.0
77.0
76.0
81.0
81.0
76.0
13.0
74.0
74.0
74.0
79.0
79.0
79.0
80.0
78.0
79.0
11.0
74.0
75.0
73.0
73.0
229.0
228.0
226.0
228.0
225.0
11.0
220.0
222.0
224.0
219.0
221.0
79.0
79.0
79.0
53.0
11.0
79.0
74.0
74.0
78.0
79.0
74.0
74.0
80.0
52.0
11.0
78.0
79.0
75.0
75.0
78.0
80.0
79.0
49.0
27.0
10.0
75.0
78.0
78.0
74.0
79.0
74.0
73.0
79.0
52.0
11.0
79.0
74.0
74.0
79.0
79.0
50.0
52.0
49.0
28.0
10.0
79.0
79.0
74.0
79.0
79.0
74.0
74.0
74.0
28.0
11.0
78.0
78.0
52.0
11.0
9.0
10.0
10.0
10.0
10.0
10.0
78.0
76.0
82.0
82.0
76.0
82.0
77.0
81.0
81.0
13.0
80.0
75.0
74.0
74.0
74.0
79.0
79.0
79.0
79.0
11.0
79.0
78.0
74.0
74.0
75.0
74.0
79.0
79.0
78.0
11.0
78.0
78.0
78.0
74.0
74.0
74.0
75.0
79.0
52.0
10.0
79.0
79.0
79.0
78.0
79.0
74.0
74.0
74.0
49.0
11.0
78.0
78.0
79.0
75.0
78.0
74.0
74.0
52.0
28.0
10.0
74.0
80.0
79.0
79.0
78.0
79.0
73.0
79.0
49.0
10.0
74.0
74.0
79.0
78.0
79.0
49.0
49.0
52.0
27.0
10.0
78.0
74.0
123.0
118.0
120.0
119.0
123.0
123.0
28.0
10.0
122.0
124.0
97.0
54.0
11.0
11.0
10.0
10.0
10.0
10.0
77.0
76.0
76.0
76.0
82.0
81.0
81.0
82.0
81.0
14.0
79.0
75.0
75.0
74.0
74.0
79.0
79.0
79.0
80.0
11.0
79.0
79.0
74.0
74.0
75.0
74.0
79.0
78.0
79.0
11.0
78.0
78.0
79.0
74.0
74.0
74.0
74.0
78.0
52.0
11.0
79.0
78.0
78.0
79.0
74.0
73.0
79.0
74.0
50.0
11.0
78.0
79.0
73.0
79.0
79.0
74.0
74.0
49.0
28.0
10.0
79.0
79.0
79.0
250.0
243.0
245.0
247.0
246.0
49.0
10.0
246.0
248.0
248.0
250.0
241.0
49.0
49.0
53.0
28.0
10.0
79.0
73.0
79.0
79.0
74.0
74.0
79.0
78.0
26.0
10.0
78.0
73.0
51.0
10.0
10.0
10.0
11.0
10.0
9.0
11.0
78.0
82.0
77.0
81.0
76.0
81.0
81.0
82.0
82.0
12.0
75.0
75.0
74.0
75.0
80.0
79.0
79.0
79.0
79.0
11.0
79.0
75.0
75.0
75.0
74.0
79.0
79.0
80.0
79.0
12.0
78.0
74.0
79.0
75.0
75.0
74.0
80.0
80.0
52.0
11.0
78.0
75.0
79.0
79.0
78.0
74.0
74.0
75.0
52.0
11.0
78.0
78.0
75.0
79.0
79.0
79.0
78.0
49.0
25.0
10.0
74.0
74.0
79.0
78.0
74.0
75.0
78.0
79.0
52.0
11.0
75.0
78.0
73.0
79.0
78.0
50.0
49.0
53.0
28.0
11.0
78.0
74.0
79.0
78.0
73.0
73.0
74.0
79.0
28.0
10.0
79.0
78.0
53.0
10.0
10.0
9.0
9.0
11.0
9.0
9.0
81.0
77.0
77.0
81.0
76.0
77.0
81.0
82.0
81.0
14.0
79.0
74.0
74.0
74.0
79.0
75.0
80.0
79.0
78.0
11.0
79.0
79.0
75.0
75.0
74.0
74.0
124.0
124.0
125.0
11.0
124.0
123.0
125.0
121.0
121.0
120.0
121.0
79.0
53.0
11.0
78.0
79.0
79.0
79.0
78.0
74.0
74.0
74.0
49.0
11.0
78.0
79.0
74.0
78.0
79.0
78.0
79.0
50.0
26.0
9.0
74.0
74.0
79.0
79.0
74.0
74.0
78.0
78.0
52.0
10.0
75.0
79.0
74.0
78.0
78.0
48.0
49.0
52.0
27.0
10.0
79.0
74.0
79.0
78.0
74.0
74.0
74.0
78.0
28.0
10.0
78.0
78.0
51.0
10.0
9.0
10.0
9.0
11.0
9.0
9.0
77.0
82.0
76.0
81.0
76.0
77.0
81.0
82.0
82.0
13.0
264.0
257.0
257.0
257.0
260.0
258.0
259.0
262.0
259.0
196.0
77.0
77.0
77.0
76.0
77.0
77.0
78.0
76.0
77.0
10.0
76.0
76.0
77.0
77.0
76.0
77.0
76.0
77.0
51.0
10.0
76.0
75.0
77.0
76.0
76.0
76.0
76.0
77.0
50.0
11.0
77.0
76.0
77.0
75.0
76.0
76.0
76.0
51.0
26.0
10.0
76.0
78.0
76.0
77.0
75.0
76.0
77.0
75.0
50.0
10.0
76.0
77.0
76.0
76.0
76.0
49.0
50.0
49.0
27.0
10.0
76.0
77.0
77.0
76.0
76.0
76.0
77.0
75.0
27.0
10.0
76.0
75.0
50.0
10.0
10.0
10.0
10.0
10.0
9.0
9.0
79.0
80.0
79.0
79.0
79.0
80.0
78.0
79.0
78.0
13.0
76.0
76.0
77.0
76.0
77.0
76.0
77.0
77.0
77.0
11.0
76.0
77.0
77.0
77.0
76.0
76.0
77.0
78.0
76.0
10.0
77.0
75.0
75.0
76.0
77.0
76.0
76.0
77.0
51.0
11.0
77.0
76.0
76.0
75.0
76.0
76.0
76.0
76.0
50.0
10.0
77.0
76.0
76.0
77.0
76.0
76.0
76.0
50.0
27.0
10.0
76.0
77.0
76.0
76.0
76.0
119.0
120.0
120.0
49.0
10.0
122.0
121.0
121.0
121.0
122.0
96.0
95.0
51.0
28.0
10.0
76.0
76.0
77.0
76.0
75.0
75.0
75.0
77.0
26.0
10.0
76.0
75.0
49.0
10.0
9.0
9.0
9.0
9.0
9.0
10.0
80.0
78.0
79.0
80.0
79.0
79.0
78.0
78.0
79.0
13.0
76.0
77.0
77.0
77.0
77.0
77.0
76.0
77.0
77.0
11.0
76.0
76.0
77.0
77.0
75.0
76.0
77.0
76.0
77.0
11.0
75.0
77.0
76.0
76.0
76.0
75.0
76.0
76.0
50.0
10.0
77.0
77.0
76.0
271.0
272.0
271.0
270.0
270.0
243.0
10.0
270.0
268.0
270.0
272.0
78.0
76.0
76.0
51.0
26.0
10.0
77.0
76.0
77.0
76.0
77.0
76.0
77.0
76.0
51.0
10.0
77.0
76.0
76.0
76.0
76.0
51.0
50.0
50.0
27.0
11.0
76.0
76.0
77.0
77.0
77.0
76.0
77.0
76.0
28.0
10.0
75.0
76.0
51.0
10.0
10.0
10.0
10.0
10.0
10.0
9.0
80.0
79.0
79.0
79.0
80.0
79.0
78.0
79.0
79.0
12.0
78.0
77.0
77.0
76.0
76.0
77.0
77.0
77.0
75.0
11.0
77.0
77.0
77.0
77.0
77.0
77.0
76.0
77.0
76.0
11.0
76.0
77.0
76.0
77.0
77.0
77.0
77.0
77.0
51.0
10.0
76.0
76.0
76.0
77.0
77.0
77.0
77.0
77.0
51.0
11.0
76.0
75.0
76.0
77.0
76.0
76.0
77.0
51.0
27.0
11.0
76.0
76.0
77.0
77.0
76.0
76.0
77.0
76.0
51.0
10.0
76.0
76.0
76.0
76.0
75.0
50.0
51.0
51.0
27.0
10.0
77.0
76.0
75.0
77.0
75.0
77.0
76.0
76.0
26.0
11.0
75.0
76.0
50.0
10.0
10.0
10.0
10.0
10.0
10.0
10.0
79.0
79.0
79.0
79.0
79.0
79.0
79.0
123.0
124.0
13.0
121.0
122.0
122.0
121.0
121.0
121.0
122.0
121.0
78.0
11.0
79.0
77.0
77.0
76.0
76.0
77.0
76.0
76.0
77.0
10.0
76.0
77.0
76.0
76.0
76.0
76.0
76.0
76.0
51.0
11.0
77.0
77.0
76.0
76.0
78.0
77.0
77.0
77.0
51.0
11.0
76.0
77.0
76.0
76.0
76.0
76.0
77.0
50.0
27.0
10.0
77.0
77.0
76.0
76.0
76.0
77.0
76.0
76.0
50.0
10.0
76.0
76.0
76.0
77.0
76.0
50.0
51.0
50.0
26.0
10.0
293.0
294.0
297.0
297.0
292.0
296.0
298.0
297.0
244.0
230.0
76.0
75.0
51.0
10.0
10.0
10.0
10.0
10.0
10.0
9.0
80.0
79.0
80.0
80.0
79.0
78.0
79.0
80.0
79.0
14.0
76.0
77.0
76.0
77.0
77.0
77.0
77.0
77.0
77.0
11.0
77.0
77.0
76.0
76.0
76.0
77.0
78.0
78.0
77.0
11.0
77.0
76.0
76.0
75.0
75.0
76.0
77.0
77.0
52.0
10.0
76.0
77.0
78.0
76.0
76.0
76.0
76.0
76.0
51.0
10.0
77.0
77.0
76.0
77.0
76.0
76.0
76.0
50.0
26.0
10.0
76.0
77.0
77.0
75.0
76.0
78.0
77.0
76.0
51.0
11.0
77.0
76.0
76.0
77.0
75.0
51.0
50.0
51.0
26.0
10.0
76.0
77.0
75.0
77.0
75.0
76.0
77.0
76.0
28.0
10.0
75.0
77.0
50.0
9.0
9.0
9.0
10.0
10.0
10.0
10.0
80.0
80.0
80.0
80.0
79.0
79.0
79.0
79.0
78.0
13.0
78.0
78.0
77.0
77.0
78.0
77.0
76.0
76.0
77.0
10.0
76.0
78.0
77.0
77.0
77.0
76.0
76.0
77.0
77.0
10.0
77.0
76.0
77.0
77.0
76.0
77.0
76.0
77.0
51.0
10.0
120.0
120.0
120.0
122.0
122.0
121.0
122.0
121.0
97.0
55.0
77.0
76.0
76.0
76.0
77.0
77.0
76.0
51.0
27.0
10.0
77.0
76.0
77.0
76.0
77.0
76.0
77.0
76.0
51.0
11.0
76.0
76.0
77.0
76.0
77.0
50.0
50.0
50.0
27.0
10.0
76.0
77.0
76.0
75.0
75.0
77.0
76.0
75.0
27.0
10.0
76.0
76.0
50.0
10.0
10.0
10.0
9.0
9.0
10.0
9.0
80.0
80.0
79.0
79.0
79.0
80.0
79.0
78.0
79.0
12.0
77.0
245.0
244.0
247.0
243.0
244.0
246.0
247.0
246.0
10.0
243.0
246.0
77.0
77.0
77.0
76.0
76.0
77.0
77.0
11.0
77.0
77.0
76.0
76.0
76.0
77.0
77.0
76.0
52.0
10.0
77.0
77.0
77.0
76.0
78.0
78.0
78.0
77.0
51.0
10.0
77.0
77.0
77.0
77.0
77.0
77.0
77.0
50.0
27.0
10.0
77.0
77.0
77.0
77.0
77.0
77.0
76.0
76.0
51.0
10.0
78.0
76.0
76.0
76.0
75.0
50.0
50.0
51.0
27.0
10.0
76.0
76.0
77.0
76.0
76.0
76.0
78.0
77.0
28.0
10.0
75.0
77.0
50.0
10.0
10.0
10.0
10.0
10.0
10.0
10.0
79.0
80.0
80.0
80.0
80.0
78.0
79.0
79.0
79.0
13.0
78.0
76.0
77.0
77.0
78.0
78.0
76.0
77.0
76.0
10.0
77.0
78.0
77.0
77.0
77.0
77.0
77.0
77.0
76.0
11.0
76.0
76.0
77.0
76.0
77.0
78.0
77.0
76.0
51.0
11.0
76.0
75.0
76.0
77.0
77.0
76.0
77.0
76.0
51.0
10.0
76.0
75.0
76.0
76.0
76.0
77.0
77.0
50.0
26.0
11.0
77.0
76.0
76.0
76.0
77.0
76.0
76.0
76.0
52.0
10.0
121.0
121.0
121.0
123.0
121.0
96.0
97.0
96.0
72.0
55.0
77.0
78.0
77.0
76.0
76.0
77.0
75.0
76.0
27.0
10.0
73.0
72.0
47.0
10.0
9.0
10.0
10.0
10.0
9.0
9.0
