3.0
3.0
2.0
2.0
2.0
2.0
2.0
3.0
2.0
2.0
3.0
2.0
3.0
2.0
2.0
2.0
2.0
3.0
3.0
2.0
3.0
4.0
4.0
4.0
2.0
2.0
2.0
2.0
2.0
2.0
4.0
2.0
2.0
2.0
3.0
3.0
3.0
2.0
3.0
2.0
158.0
158.0
155.0
158.0
158.0
157.0
300.0
300.0
298.0
298.0
352.0
387.0
390.0
386.0
388.0
386.0
442.0
437.0
411.0
406.0
354.0
375.0
324.0
373.0
376.0
376.0
371.0
367.0
370.0
398.0
406.0
324.0
379.0
380.0
378.0
379.0
375.0
365.0
372.0
399.0
1772.0
1768.0
1770.0
1772.0
1776.0
1783.0
1753.0
1762.0
1791.0
1764.0
1805.0
1808.0
1803.0
1811.0
1800.0
1810.0
1810.0
1802.0
1794.0
1792.0
1756.0
1748.0
1765.0
1768.0
1762.0
1771.0
1777.0
1770.0
1769.0
1776.0
1818.0
1818.0
1791.0
1796.0
1799.0
1799.0
1791.0
1795.0
1797.0
1788.0
1764.0
1772.0
1758.0
1771.0
1770.0
1771.0
1764.0
1764.0
1764.0
1760.0
1811.0
1812.0
1805.0
1806.0
1816.0
1817.0
1812.0
1814.0
1809.0
1815.0
1751.0
1750.0
1748.0
1755.0
1762.0
1787.0
1767.0
1778.0
1776.0
1782.0
1794.0
1785.0
1797.0
1781.0
1786.0
1770.0
1765.0
1766.0
1755.0
1755.0
1802.0
1798.0
1796.0
1790.0
1800.0
1797.0
1792.0
1791.0
1797.0
1803.0
1750.0
1761.0
1766.0
1763.0
1759.0
1779.0
1780.0
1766.0
1772.0
1770.0
1812.0
1793.0
1794.0
1789.0
1796.0
1793.0
1796.0
1798.0
1795.0
1805.0
1768.0
1761.0
1770.0
1763.0
1762.0
1772.0
1771.0
1762.0
1764.0
1750.0
1799.0
1785.0
1789.0
1801.0
1786.0
1786.0
1766.0
1776.0
1768.0
1762.0
2.0
2.0
2.0
2.0
2.0
2.0
2.0
2.0
3.0
1.0
3.0
3.0
2.0
3.0
2.0
2.0
2.0
2.0
2.0
1.0
2.0
3.0
2.0
2.0
2.0
3.0
2.0
2.0
3.0
2.0
2.0
2.0
2.0
3.0
2.0
2.0
2.0
3.0
2.0
1.0
2.0
2.0
3.0
1.0
2.0
2.0
1.0
2.0
1.0
2.0
4.0
1.0
2.0
2.0
2.0
3.0
2.0
2.0
2.0
2.0
3.0
1.0
2.0
2.0
2.0
3.0
1.0
3.0
3.0
2.0
2.0
1.0
2.0
2.0
2.0
2.0
3.0
3.0
2.0
2.0
3.0
2.0
2.0
2.0
2.0
2.0
2.0
2.0
2.0
2.0
4.0
3.0
2.0
3.0
1.0
2.0
3.0
2.0
2.0
2.0
2.0
2.0
2.0
3.0
3.0
2.0
2.0
3.0
2.0
2.0
4.0
2.0
2.0
1.0
1.0
2.0
3.0
2.0
3.0
2.0
2.0
3.0
2.0
1.0
2.0
2.0
3.0
2.0
3.0
3.0
2.0
2.0
2.0
3.0
2.0
2.0
2.0
3.0
2.0
2.0
3.0
1.0
3.0
3.0
2.0
2.0
3.0
2.0
2.0
2.0
2.0
2.0
2.0
3.0
3.0
3.0
2.0
2.0
2.0
1.0
3.0
2.0
2.0
2.0
2.0
2.0
3.0
2.0
1.0
1.0
3.0
3.0
1.0
2.0
2.0
2.0
3.0
1.0
1.0
3.0
3.0
1.0
2.0
3.0
2.0
2.0
2.0
3.0
3.0
2.0
2.0
1.0
1.0
3.0
2.0
2.0
3.0
2.0
3.0
2.0
3.0
2.0
2.0
2.0
3.0
3.0
2.0
2.0
1.0
2.0
2.0
2.0
2.0
3.0
2.0
2.0
3.0
2.0
2.0
1.0
3.0
2.0
2.0
2.0
2.0
2.0
3.0
2.0
2.0
3.0
4.0
1.0
1.0
2.0
2.0
2.0
3.0
2.0
3.0
2.0
3.0
1.0
2.0
3.0
2.0
1.0
3.0
2.0
3.0
2.0
2.0
2.0
2.0
3.0
2.0
3.0
2.0
2.0
1.0
2.0
4.0
2.0
2.0
3.0
2.0
3.0
2.0
2.0
1.0
3.0
2.0
2.0
1.0
2.0
3.0
2.0
1.0
3.0
2.0
3.0
2.0
2.0
3.0
2.0
2.0
1.0
2.0
3.0
2.0
2.0
2.0
2.0
1.0
3.0
2.0
1.0
2.0
2.0
2.0
2.0
158.0
297.0
157.0
153.0
294.0
156.0
252.0
158.0
158.0
250.0
143.0
166.0
167.0
166.0
167.0
167.0
155.0
153.0
234.0
127.0
233.0
154.0
155.0
156.0
156.0
156.0
126.0
156.0
126.0
156.0
156.0
156.0
156.0
157.0
153.0
155.0
126.0
127.0
156.0
155.0
158.0
156.0
157.0
154.0
135.0
135.0
134.0
155.0
156.0
156.0
135.0
157.0
157.0
156.0
155.0
135.0
136.0
156.0
156.0
135.0
157.0
135.0
155.0
156.0
155.0
155.0
135.0
157.0
156.0
150.0
153.0
153.0
170.0
169.0
169.0
169.0
170.0
169.0
169.0
137.0
136.0
135.0
156.0
155.0
155.0
156.0
157.0
156.0
136.0
155.0
2.0
1.0
2.0
2.0
1.0
1.0
2.0
2.0
1.0
1.0
324.0
322.0
371.0
372.0
374.0
371.0
370.0
374.0
323.0
373.0
323.0
323.0
372.0
373.0
372.0
371.0
373.0
324.0
387.0
387.0
342.0
339.0
349.0
392.0
388.0
391.0
393.0
389.0
372.0
373.0
362.0
411.0
366.0
351.0
350.0
415.0
352.0
352.0
370.0
346.0
373.0
382.0
372.0
364.0
365.0
362.0
363.0
422.0
421.0
408.0
417.0
412.0
409.0
393.0
389.0
393.0
392.0
344.0
346.0
344.0
345.0
346.0
345.0
347.0
347.0
347.0
343.0
346.0
345.0
346.0
347.0
346.0
345.0
347.0
346.0
347.0
347.0
363.0
360.0
362.0
364.0
363.0
361.0
362.0
363.0
362.0
364.0
145.0
144.0
144.0
2.0
2.0
1.0
2.0
2.0
1.0
2.0
2.0
1.0
2.0
346.0
347.0
346.0
345.0
346.0
346.0
347.0
344.0
347.0
347.0
345.0
346.0
346.0
346.0
348.0
344.0
360.0
360.0
359.0
361.0
364.0
362.0
363.0
362.0
364.0
363.0
347.0
348.0
346.0
345.0
357.0
345.0
348.0
350.0
352.0
350.0
344.0
347.0
346.0
346.0
345.0
349.0
346.0
349.0
349.0
345.0
362.0
362.0
365.0
363.0
364.0
363.0
365.0
365.0
363.0
364.0
346.0
343.0
348.0
348.0
395.0
394.0
393.0
394.0
395.0
394.0
392.0
392.0
395.0
394.0
348.0
347.0
346.0
346.0
348.0
347.0
347.0
347.0
346.0
347.0
346.0
346.0
344.0
345.0
349.0
344.0
345.0
146.0
145.0
143.0
2.0
1.0
2.0
2.0
1.0
1.0
1.0
2.0
2.0
2.0
362.0
362.0
364.0
364.0
361.0
362.0
363.0
364.0
362.0
362.0
349.0
347.0
347.0
348.0
344.0
346.0
347.0
346.0
347.0
347.0
346.0
345.0
344.0
347.0
344.0
345.0
346.0
348.0
345.0
345.0
366.0
364.0
362.0
363.0
365.0
363.0
364.0
363.0
364.0
364.0
346.0
345.0
346.0
347.0
346.0
345.0
347.0
347.0
346.0
347.0
347.0
346.0
345.0
344.0
345.0
346.0
345.0
346.0
346.0
347.0
365.0
362.0
363.0
364.0
365.0
362.0
362.0
365.0
364.0
365.0
348.0
347.0
346.0
344.0
345.0
347.0
348.0
398.0
396.0
396.0
397.0
396.0
396.0
399.0
395.0
396.0
395.0
145.0
144.0
145.0
2.0
1.0
2.0
2.0
1.0
2.0
2.0
1.0
2.0
1.0
1759.0
1750.0
1750.0
1778.0
1777.0
1775.0
1777.0
1777.0
1775.0
1770.0
1762.0
1774.0
1781.0
1760.0
1767.0
1758.0
1762.0
1755.0
1765.0
1750.0
1803.0
1800.0
1802.0
1809.0
1813.0
1821.0
1797.0
1806.0
1800.0
1811.0
1810.0
1821.0
1773.0
1778.0
1781.0
1774.0
1814.0
1805.0
1816.0
1777.0
1782.0
1805.0
1797.0
1807.0
1805.0
1811.0
1806.0
1814.0
1806.0
1810.0
1769.0
1751.0
1763.0
1751.0
1757.0
1753.0
1762.0
1755.0
1750.0
1749.0
1830.0
1825.0
1823.0
1819.0
1834.0
1830.0
1821.0
1832.0
1833.0
1830.0
1766.0
1763.0
1772.0
1770.0
1774.0
1767.0
1769.0
1767.0
1765.0
1769.0
1751.0
1740.0
1756.0
1746.0
1750.0
1747.0
1773.0
1549.0
944.0
947.0
797.0
797.0
854.0
858.0
861.0
862.0
861.0
864.0
864.0
838.0
1795.0
1815.0
1769.0
1768.0
1780.0
1768.0
1778.0
1775.0
1784.0
1773.0
1778.0
1782.0
1750.0
1766.0
1786.0
1769.0
1827.0
1838.0
1829.0
1824.0
1824.0
1843.0
1847.0
1819.0
1818.0
1827.0
1777.0
1778.0
1789.0
1776.0
1773.0
1774.0
1775.0
1777.0
1782.0
1787.0
1775.0
1782.0
1780.0
1774.0
1806.0
1820.0
1793.0
1793.0
1810.0
1812.0
1794.0
1813.0
1804.0
1812.0
1749.0
1776.0
1750.0
1740.0
1755.0
1765.0
1781.0
1772.0
1764.0
1776.0
1768.0
1841.0
1829.0
1828.0
1843.0
1812.0
1827.0
1819.0
1829.0
1826.0
1806.0
1767.0
1778.0
1766.0
1779.0
1769.0
1777.0
1774.0
1768.0
1770.0
1771.0
1769.0
1768.0
1772.0
1833.0
1828.0
1836.0
1580.0
959.0
952.0
856.0
865.0
862.0
863.0
834.0
844.0
840.0
789.0
788.0
785.0
1746.0
1755.0
1744.0
1746.0
1769.0
1766.0
1771.0
1773.0
1771.0
1769.0
1775.0
1782.0
1780.0
1778.0
1856.0
1827.0
1856.0
1888.0
1863.0
1864.0
1817.0
1811.0
1822.0
1823.0
1750.0
1753.0
1757.0
1771.0
1790.0
1763.0
1762.0
1777.0
1770.0
1767.0
1768.0
1769.0
1774.0
1756.0
1753.0
1753.0
1796.0
1789.0
1796.0
1796.0
1806.0
1822.0
1814.0
1823.0
1813.0
1824.0
1759.0
1762.0
1769.0
1757.0
1758.0
1757.0
1768.0
1774.0
1771.0
1767.0
1794.0
1796.0
1805.0
1802.0
1776.0
1784.0
1775.0
1795.0
1805.0
1807.0
1752.0
1745.0
1744.0
1768.0
1769.0
1767.0
1767.0
1750.0
1751.0
1748.0
1764.0
1762.0
1767.0
1752.0
1821.0
1813.0
1814.0
1617.0
942.0
942.0
848.0
846.0
862.0
854.0
848.0
858.0
800.0
806.0
803.0
801.0
1772.0
1782.0
1776.0
1775.0
1788.0
1780.0
1776.0
1757.0
1776.0
1767.0
1762.0
1759.0
1758.0
1765.0
1751.0
1772.0
1825.0
1827.0
1819.0
1825.0
1816.0
1827.0
1820.0
1815.0
1813.0
1801.0
1773.0
1764.0
1774.0
1773.0
1785.0
1765.0
1770.0
1768.0
1777.0
1784.0
1753.0
1748.0
1751.0
1755.0
1795.0
1810.0
1799.0
1791.0
1809.0
1820.0
1810.0
1818.0
1807.0
1801.0
1775.0
1772.0
1796.0
1776.0
1787.0
1760.0
1775.0
1777.0
1766.0
1768.0
1806.0
1797.0
1791.0
1807.0
1814.0
1807.0
1790.0
1806.0
1796.0
1789.0
1769.0
1764.0
1764.0
1776.0
1774.0
1769.0
1749.0
1756.0
1742.0
1754.0
1754.0
1765.0
1755.0
1746.0
1768.0
1767.0
1827.0
1613.0
947.0
947.0
860.0
860.0
861.0
860.0
862.0
878.0
853.0
846.0
830.0
819.0
1780.0
1794.0
1769.0
1782.0
1775.0
1770.0
1772.0
1776.0
1758.0
1754.0
1745.0
1753.0
1769.0
1761.0
1763.0
1773.0
1764.0
1818.0
1817.0
1813.0
1814.0
1813.0
1790.0
1789.0
1783.0
1783.0
1789.0
1746.0
1764.0
1768.0
1772.0
1773.0
1768.0
1765.0
1766.0
1759.0
1769.0
1761.0
1750.0
1756.0
1777.0
1771.0
1783.0
1792.0
1802.0
1791.0
1793.0
1789.0
1792.0
1787.0
1771.0
1763.0
1753.0
1754.0
1751.0
1753.0
1753.0
1752.0
1764.0
1774.0
1810.0
1808.0
1804.0
1810.0
1809.0
1814.0
1813.0
1791.0
1804.0
1809.0
1762.0
1761.0
1774.0
1765.0
1762.0
1764.0
1766.0
1765.0
1744.0
1772.0
1761.0
1772.0
1793.0
1789.0
1783.0
1798.0
1794.0
1592.0
960.0
957.0
850.0
853.0
853.0
850.0
829.0
830.0
835.0
835.0
828.0
790.0
1761.0
1765.0
1781.0
1768.0
1765.0
1762.0
1767.0
1770.0
1764.0
1766.0
1747.0
1752.0
1752.0
1767.0
1772.0
1801.0
1811.0
1815.0
1814.0
1819.0
1814.0
1813.0
1812.0
1797.0
1800.0
1763.0
1765.0
1749.0
1750.0
1757.0
1767.0
1779.0
1758.0
1763.0
1781.0
1774.0
1767.0
1766.0
1775.0
1774.0
1785.0
1795.0
1813.0
1796.0
1816.0
1807.0
1803.0
1807.0
1804.0
1817.0
1771.0
1752.0
1753.0
1752.0
1761.0
1757.0
1778.0
1769.0
1765.0
1782.0
1813.0
1826.0
1814.0
1818.0
1818.0
1821.0
1804.0
1798.0
1788.0
1803.0
1817.0
1827.0
1790.0
1825.0
1792.0
1784.0
1888.0
1824.0
1786.0
1786.0
1752.0
1795.0
1787.0
1770.0
1834.0
1830.0
1832.0
1577.0
972.0
951.0
872.0
889.0
863.0
832.0
836.0
835.0
834.0
785.0
788.0
780.0
1742.0
1746.0
1766.0
1768.0
1766.0
1771.0
1766.0
1765.0
1764.0
1765.0
1773.0
1763.0
1755.0
1809.0
1819.0
1811.0
1809.0
1816.0
1816.0
1815.0
1821.0
1811.0
1812.0
1748.0
1746.0
1757.0
1765.0
1747.0
1748.0
1775.0
1766.0
1760.0
1763.0
1761.0
1775.0
1775.0
1772.0
1761.0
1763.0
1757.0
1798.0
1798.0
1812.0
1812.0
1805.0
1805.0
1810.0
1807.0
1803.0
1808.0
1771.0
1764.0
1750.0
1750.0
1743.0
1768.0
1776.0
1763.0
1766.0
1770.0
1839.0
1878.0
1858.0
1829.0
1857.0
1841.0
1842.0
1816.0
1814.0
1819.0
1765.0
1750.0
1766.0
1771.0
1765.0
1766.0
1773.0
1779.0
1790.0
1787.0
1778.0
1771.0
1747.0
1826.0
1811.0
1821.0
1830.0
1579.0
956.0
953.0
856.0
860.0
859.0
856.0
854.0
836.0
785.0
783.0
782.0
787.0
1759.0
1780.0
1776.0
1766.0
1765.0
1783.0
1778.0
1763.0
1763.0
1762.0
1760.0
1755.0
1752.0
1750.0
1817.0
1821.0
1823.0
1818.0
1827.0
1819.0
1832.0
1819.0
1838.0
1817.0
1750.0
1767.0
1760.0
1754.0
1762.0
1772.0
1777.0
1783.0
1770.0
1775.0
1770.0
1778.0
1769.0
1784.0
1756.0
1757.0
1812.0
1802.0
1787.0
1812.0
1806.0
1825.0
1816.0
1831.0
1804.0
1818.0
1783.0
1774.0
1794.0
1790.0
1777.0
1776.0
1795.0
1793.0
1773.0
1811.0
1816.0
1819.0
1814.0
1819.0
1815.0
1791.0
1798.0
1794.0
1796.0
1800.0
1751.0
1772.0
1774.0
1768.0
1770.0
1763.0
1768.0
1769.0
1775.0
1773.0
1773.0
1749.0
1758.0
1757.0
1763.0
1822.0
1814.0
1624.0
940.0
947.0
846.0
850.0
860.0
857.0
848.0
853.0
830.0
789.0
794.0
805.0
1757.0
1779.0
1788.0
1787.0
1781.0
1785.0
1771.0
1780.0
1780.0
1755.0
1781.0
1754.0
1766.0
1770.0
1791.0
1778.0
1829.0
1841.0
1833.0
1820.0
1815.0
1809.0
1825.0
1829.0
1784.0
1808.0
1742.0
1770.0
1781.0
1766.0
1770.0
1774.0
1779.0
1787.0
1769.0
1777.0
1766.0
1781.0
1756.0
1760.0
1811.0
1814.0
1807.0
1822.0
1856.0
1827.0
1863.0
1814.0
1818.0
1819.0
1777.0
1771.0
1771.0
1747.0
1748.0
1749.0
1769.0
1761.0
1762.0
1771.0
1831.0
1834.0
1824.0
1832.0
1840.0
1826.0
1818.0
1796.0
1808.0
1842.0
1773.0
1778.0
1773.0
1776.0
1778.0
1779.0
1800.0
1767.0
1786.0
1795.0
1824.0
1812.0
1806.0
1812.0
1786.0
1818.0
1871.0
1578.0
973.0
971.0
858.0
863.0
864.0
865.0
846.0
833.0
842.0
830.0
835.0
794.0
1801.0
1807.0
1807.0
1808.0
1806.0
1789.0
1797.0
1772.0
1806.0
1820.0
1754.0
1769.0
1768.0
1778.0
1772.0
1776.0
1831.0
1816.0
1810.0
1846.0
1840.0
1834.0
1842.0
1822.0
1815.0
1811.0
1749.0
1753.0
1773.0
1782.0
1789.0
1828.0
1897.0
1824.0
1797.0
1800.0
1799.0
1835.0
1801.0
1817.0
1795.0
1816.0
1824.0
1909.0
1816.0
1818.0
1816.0
1830.0
1810.0
1835.0
1772.0
1776.0
1749.0
1745.0
1750.0
1750.0
1742.0
1773.0
1768.0
1767.0
1811.0
1838.0
1811.0
1810.0
1841.0
1815.0
1812.0
1793.0
1795.0
1814.0
1764.0
1765.0
1773.0
1769.0
1770.0
1769.0
1766.0
1761.0
1768.0
1750.0
1748.0
1748.0
1753.0
1770.0
1767.0
1771.0
1773.0
1574.0
947.0
944.0
844.0
850.0
843.0
847.0
848.0
825.0
832.0
828.0
826.0
826.0
1757.0
1775.0
1762.0
1777.0
1777.0
1772.0
1775.0
1774.0
1783.0
1781.0
1777.0
1772.0
1746.0
1783.0
1826.0
1810.0
1836.0
1816.0
1833.0
1817.0
1831.0
1821.0
1846.0
1834.0
1768.0
1775.0
1787.0
1764.0
1757.0
1782.0
1749.0
1767.0
1781.0
1775.0
1759.0
1789.0
1787.0
1771.0
1771.0
1785.0
1813.0
1785.0
1825.0
1824.0
1802.0
1825.0
1831.0
1802.0
1807.0
1822.0
1768.0
1766.0
1760.0
1744.0
1764.0
1780.0
1755.0
1782.0
1761.0
1779.0
1808.0
1808.0
1830.0
1809.0
1831.0
1812.0
1795.0
1813.0
1794.0
1802.0
1753.0
1765.0
1786.0
1763.0
1777.0
1761.0
1778.0
1767.0
1780.0
1788.0
1760.0
1751.0
1783.0
1764.0
1821.0
1799.0
1831.0
1571.0
955.0
947.0
850.0
848.0
856.0
849.0
852.0
825.0
826.0
786.0
781.0
793.0
1768.0
1741.0
1763.0
1764.0
1777.0
1763.0
1760.0
1776.0
1756.0
1773.0
1819.0
1771.0
1808.0
1759.0
1852.0
1839.0
1823.0
1828.0
1847.0
1855.0
1809.0
1817.0
1828.0
1807.0
1763.0
1759.0
1755.0
1746.0
1759.0
1776.0
1763.0
1779.0
1785.0
1764.0
1781.0
1768.0
1774.0
1769.0
1776.0
1760.0
1790.0
1804.0
1798.0
1801.0
1818.0
1805.0
1809.0
1813.0
1822.0
1819.0
1763.0
1787.0
1779.0
1750.0
1739.0
1774.0
1771.0
1759.0
1773.0
1778.0
1803.0
1819.0
1825.0
1812.0
1807.0
1805.0
1794.0
1792.0
1802.0
1806.0
1747.0
1767.0
1777.0
1763.0
1763.0
1792.0
1762.0
1756.0
1779.0
1784.0
1760.0
1778.0
1756.0
1749.0
1808.0
1807.0
1825.0
1564.0
950.0
945.0
850.0
848.0
855.0
848.0
853.0
846.0
824.0
783.0
778.0
788.0
1805.0
1782.0
1801.0
1796.0
1798.0
1786.0
1795.0
1792.0
1785.0
1793.0
1766.0
1752.0
1763.0
1771.0
1767.0
1772.0
1805.0
1814.0
1802.0
1815.0
1803.0
1824.0
1825.0
1818.0
1817.0
1792.0
1743.0
1753.0
1746.0
1785.0
1753.0
1782.0
1779.0
1785.0
1774.0
1761.0
1764.0
1766.0
1770.0
1759.0
1779.0
1802.0
1801.0
1822.0
1815.0
1804.0
1803.0
1798.0
1806.0
1821.0
1760.0
1786.0
1778.0
1758.0
1760.0
1744.0
1756.0
1763.0
1760.0
1776.0
1805.0
1821.0
1822.0
1819.0
1828.0
1803.0
1785.0
1793.0
1790.0
1814.0
1742.0
1778.0
1788.0
1780.0
1787.0
1768.0
1758.0
1763.0
1766.0
1764.0
1761.0
1777.0
1776.0
1795.0
1809.0
1775.0
1826.0
1585.0
942.0
949.0
875.0
951.0
859.0
884.0
880.0
865.0
813.0
860.0
799.0
753.0
