5.0
4.0
4.0
5.0
6.0
4.0
4.0
4.0
4.0
4.0
11.0
11.0
7.0
8.0
7.0
7.0
7.0
7.0
12.0
11.0
8.0
7.0
7.0
7.0
2100.0
4860.0
5007.0
5089.0
4918.0
5061.0
8.0
9.0
8.0
10.0
8.0
8.0
7.0
7.0
6.0
7.0
8.0
7.0
6.0
6.0
2222.0
4872.0
4800.0
4848.0
4767.0
4773.0
6.0
6.0
6.0
6.0
6.0
6.0
6.0
6.0
6.0
6.0
6.0
7.0
6.0
6.0
2181.0
4884.0
4859.0
4841.0
4752.0
4899.0
6.0
7.0
6.0
6.0
6.0
6.0
6.0
7.0
6.0
6.0
7.0
6.0
6.0
6.0
2182.0
4954.0
4807.0
4767.0
4795.0
4852.0
7.0
6.0
6.0
6.0
6.0
6.0
6.0
6.0
6.0
6.0
6.0
6.0
6.0
6.0
2202.0
4947.0
4933.0
4904.0
4835.0
4802.0
6.0
6.0
6.0
6.0
6.0
6.0
6.0
6.0
6.0
7.0
6.0
6.0
6.0
6.0
2112.0
4761.0
4830.0
4785.0
4776.0
4903.0
6.0
6.0
6.0
6.0
6.0
6.0
6.0
6.0
6.0
6.0
7.0
7.0
6.0
6.0
2120.0
4811.0
4780.0
4806.0
4817.0
4788.0
6.0
6.0
6.0
7.0
6.0
6.0
6.0
6.0
7.0
7.0
6.0
6.0
6.0
6.0
2183.0
4836.0
4793.0
4846.0
4862.0
4840.0
6.0
6.0
6.0
6.0
6.0
6.0
7.0
6.0
6.0
6.0
6.0
7.0
6.0
6.0
2146.0
4848.0
4846.0
4853.0
4784.0
4755.0
6.0
7.0
6.0
6.0
6.0
6.0
6.0
6.0
6.0
6.0
6.0
6.0
6.0
6.0
2225.0
4702.0
4749.0
4397.0
4374.0
4346.0
6.0
7.0
7.0
10.0
11.0
6.0
6.0
7.0
6.0
6.0
6.0
6.0
6.0
6.0
11.0
6.0
11.0
6.0
6.0
6.0
7.0
7.0
7.0
7.0
6.0
7.0
11.0
10.0
6.0
6.0
6.0
6.0
6.0
6.0
6.0
6.0
36.0
36.0
4.0
4.0
32.0
33.0
33.0
36.0
32.0
34.0
32.0
32.0
4.0
3.0
10.0
6.0
11.0
11.0
6.0
6.0
6.0
7.0
4.0
5.0
6.0
7.0
5.0
7.0
7.0
11.0
6.0
10.0
5.0
5.0
5.0
6.0
6.0
6.0
6.0
6.0
10.0
11.0
3.0
4.0
10.0
6.0
10.0
6.0
6.0
6.0
6.0
7.0
4.0
3.0
7.0
7.0
10.0
10.0
7.0
6.0
5.0
6.0
6.0
6.0
6.0
6.0
6.0
5.0
6.0
11.0
6.0
11.0
6.0
6.0
5.0
7.0
7.0
6.0
7.0
6.0
11.0
11.0
3.0
5.0
6.0
6.0
7.0
10.0
6.0
6.0
6.0
11.0
4.0
4.0
5.0
6.0
10.0
10.0
6.0
6.0
6.0
6.0
6.0
3.0
2160.0
2121.0
2183.0
2025.0
2301.0
2182.0
2184.0
2071.0
2293.0
11.0
4821.0
4778.0
4764.0
4790.0
4792.0
4789.0
4786.0
4861.0
4766.0
2657.0
4795.0
4810.0
4772.0
4824.0
4830.0
4774.0
4828.0
4780.0
4842.0
2656.0
4789.0
4907.0
4872.0
4848.0
4830.0
4849.0
4847.0
4880.0
4942.0
2751.0
4823.0
4854.0
4835.0
4827.0
4897.0
4983.0
4869.0
4981.0
4851.0
2620.0
4840.0
4839.0
4797.0
4786.0
4879.0
4764.0
4797.0
4793.0
4803.0
2607.0
6.0
6.0
5.0
6.0
5.0
6.0
5.0
4.0
3.0
3.0
5.0
6.0
5.0
6.0
5.0
6.0
5.0
3.0
3.0
3.0
6.0
5.0
5.0
6.0
6.0
5.0
5.0
3.0
3.0
3.0
6.0
6.0
6.0
5.0
5.0
5.0
6.0
3.0
3.0
3.0
5.0
6.0
6.0
6.0
5.0
5.0
5.0
3.0
3.0
3.0
6.0
6.0
6.0
5.0
5.0
5.0
6.0
3.0
3.0
3.0
6.0
5.0
6.0
5.0
5.0
5.0
6.0
3.0
3.0
3.0
5.0
6.0
5.0
5.0
5.0
5.0
5.0
3.0
3.0
3.0
6.0
5.0
6.0
6.0
6.0
5.0
6.0
3.0
3.0
3.0
5.0
5.0
5.0
6.0
5.0
6.0
6.0
3.0
3.0
3.0
6.0
5.0
6.0
5.0
5.0
5.0
6.0
3.0
3.0
3.0
5.0
6.0
5.0
6.0
5.0
6.0
5.0
2.0
3.0
3.0
5.0
5.0
5.0
5.0
6.0
5.0
6.0
3.0
3.0
2.0
6.0
6.0
6.0
6.0
5.0
5.0
5.0
3.0
3.0
3.0
2192.0
2240.0
2206.0
2228.0
2214.0
2222.0
2124.0
2127.0
2128.0
3.0
4768.0
4817.0
4819.0
4833.0
4820.0
4805.0
4791.0
4757.0
4765.0
2656.0
4796.0
4795.0
4765.0
4822.0
4822.0
4830.0
4774.0
4831.0
4879.0
2654.0
4794.0
4851.0
4795.0
4804.0
4804.0
4849.0
4802.0
4812.0
4813.0
2585.0
4902.0
4792.0
4783.0
4853.0
4827.0
4828.0
4824.0
4838.0
2706.0
4789.0
4807.0
4778.0
4800.0
4800.0
4887.0
4947.0
4997.0
4972.0
2695.0
6.0
5.0
6.0
5.0
6.0
5.0
6.0
3.0
3.0
3.0
6.0
5.0
5.0
6.0
5.0
5.0
5.0
3.0
3.0
3.0
6.0
5.0
5.0
6.0
5.0
5.0
6.0
3.0
3.0
3.0
6.0
5.0
5.0
6.0
6.0
5.0
5.0
3.0
3.0
3.0
6.0
6.0
5.0
5.0
6.0
5.0
5.0
3.0
4.0
3.0
5.0
6.0
5.0
5.0
6.0
6.0
5.0
3.0
3.0
3.0
5.0
6.0
5.0
5.0
5.0
6.0
5.0
3.0
3.0
3.0
5.0
6.0
6.0
5.0
5.0
6.0
5.0
3.0
3.0
2.0
5.0
6.0
6.0
5.0
5.0
6.0
5.0
3.0
3.0
3.0
5.0
6.0
6.0
5.0
5.0
6.0
6.0
3.0
3.0
3.0
5.0
5.0
6.0
5.0
5.0
5.0
6.0
3.0
3.0
3.0
5.0
5.0
6.0
6.0
5.0
5.0
6.0
3.0
3.0
3.0
5.0
6.0
6.0
5.0
5.0
5.0
6.0
3.0
2.0
3.0
6.0
5.0
5.0
6.0
6.0
5.0
5.0
3.0
3.0
3.0
2251.0
2236.0
2226.0
2250.0
2201.0
2201.0
2119.0
2112.0
2110.0
3.0
4872.0
4811.0
4790.0
4847.0
4862.0
4857.0
4857.0
4827.0
4816.0
2675.0
4782.0
4782.0
4798.0
4801.0
4807.0
4799.0
4817.0
4803.0
4802.0
2673.0
4814.0
4799.0
4811.0
4785.0
4769.0
4812.0
4839.0
4828.0
4814.0
2710.0
4799.0
4838.0
4841.0
4842.0
4880.0
4857.0
4927.0
4903.0
4901.0
2659.0
4864.0
4853.0
4816.0
4823.0
4850.0
4799.0
4794.0
4869.0
4909.0
2683.0
6.0
5.0
5.0
6.0
5.0
6.0
5.0
3.0
3.0
3.0
6.0
5.0
5.0
5.0
6.0
6.0
5.0
3.0
3.0
3.0
5.0
5.0
6.0
5.0
5.0
6.0
5.0
3.0
3.0
3.0
6.0
5.0
5.0
6.0
5.0
5.0
5.0
3.0
3.0
3.0
5.0
5.0
6.0
6.0
5.0
5.0
6.0
3.0
3.0
3.0
5.0
5.0
6.0
5.0
5.0
6.0
6.0
3.0
3.0
3.0
5.0
5.0
6.0
5.0
5.0
6.0
5.0
3.0
3.0
3.0
5.0
6.0
5.0
5.0
6.0
5.0
5.0
3.0
3.0
3.0
6.0
6.0
5.0
5.0
6.0
5.0
5.0
3.0
3.0
3.0
6.0
5.0
5.0
6.0
5.0
5.0
6.0
3.0
3.0
3.0
5.0
5.0
5.0
6.0
6.0
6.0
5.0
3.0
3.0
3.0
5.0
5.0
5.0
5.0
6.0
6.0
6.0
3.0
3.0
3.0
5.0
5.0
5.0
5.0
5.0
6.0
6.0
3.0
3.0
2.0
6.0
6.0
6.0
5.0
5.0
5.0
5.0
3.0
3.0
3.0
2253.0
2261.0
2269.0
2244.0
2148.0
2130.0
2120.0
2126.0
2184.0
3.0
4858.0
4787.0
4843.0
4832.0
4863.0
4858.0
4756.0
4806.0
4777.0
2662.0
4899.0
4813.0
4829.0
4816.0
4842.0
4817.0
4818.0
4887.0
2709.0
4797.0
4842.0
4848.0
4838.0
4831.0
4846.0
4826.0
4860.0
4824.0
2668.0
4768.0
4790.0
4811.0
4799.0
4764.0
4766.0
4794.0
4763.0
2672.0
4838.0
4863.0
4818.0
4803.0
4915.0
4942.0
4929.0
4963.0
2697.0
5.0
6.0
5.0
6.0
5.0
6.0
6.0
3.0
3.0
3.0
39.0
5.0
6.0
6.0
5.0
6.0
6.0
3.0
3.0
3.0
6.0
5.0
5.0
6.0
5.0
5.0
6.0
3.0
3.0
3.0
5.0
5.0
6.0
6.0
5.0
5.0
5.0
3.0
3.0
3.0
5.0
6.0
6.0
5.0
5.0
6.0
5.0
3.0
3.0
3.0
5.0
6.0
5.0
5.0
6.0
6.0
5.0
3.0
3.0
3.0
5.0
6.0
5.0
5.0
6.0
5.0
5.0
3.0
3.0
3.0
6.0
5.0
5.0
6.0
5.0
5.0
6.0
3.0
3.0
3.0
6.0
5.0
67.0
66.0
5.0
5.0
6.0
3.0
3.0
3.0
6.0
5.0
5.0
5.0
6.0
5.0
5.0
3.0
3.0
3.0
6.0
6.0
5.0
5.0
5.0
5.0
6.0
4.0
3.0
3.0
5.0
5.0
5.0
6.0
6.0
5.0
5.0
3.0
3.0
3.0
6.0
6.0
5.0
5.0
6.0
6.0
5.0
3.0
3.0
3.0
6.0
6.0
5.0
5.0
5.0
5.0
6.0
4.0
3.0
3.0
2151.0
2148.0
2201.0
2201.0
2264.0
2239.0
2196.0
2248.0
2140.0
3.0
4814.0
4822.0
4821.0
4863.0
4859.0
4816.0
4815.0
4850.0
2659.0
4769.0
4815.0
4806.0
4783.0
4804.0
4804.0
4784.0
4773.0
2592.0
4941.0
4781.0
4809.0
4807.0
4807.0
4820.0
4800.0
4805.0
2707.0
4805.0
4925.0
4916.0
4839.0
4839.0
4829.0
4821.0
4947.0
2702.0
4829.0
4858.0
4804.0
4808.0
4821.0
4783.0
4829.0
4800.0
2664.0
5.0
5.0
6.0
5.0
6.0
6.0
3.0
3.0
14.0
14.0
5.0
6.0
5.0
5.0
6.0
5.0
3.0
3.0
3.0
4.0
6.0
6.0
5.0
5.0
5.0
6.0
3.0
3.0
3.0
3.0
5.0
5.0
5.0
5.0
6.0
6.0
3.0
3.0
3.0
3.0
5.0
5.0
5.0
5.0
5.0
5.0
3.0
3.0
3.0
3.0
6.0
6.0
6.0
5.0
5.0
5.0
3.0
3.0
3.0
3.0
5.0
5.0
5.0
6.0
5.0
6.0
3.0
3.0
3.0
3.0
6.0
5.0
5.0
5.0
5.0
5.0
3.0
3.0
3.0
3.0
6.0
6.0
5.0
5.0
5.0
6.0
3.0
3.0
3.0
3.0
5.0
5.0
5.0
6.0
5.0
6.0
3.0
3.0
3.0
3.0
6.0
5.0
5.0
5.0
5.0
5.0
3.0
3.0
3.0
3.0
6.0
6.0
5.0
5.0
5.0
6.0
3.0
3.0
3.0
3.0
5.0
5.0
5.0
6.0
5.0
6.0
3.0
3.0
3.0
3.0
5.0
5.0
5.0
6.0
5.0
5.0
3.0
3.0
3.0
3.0
2223.0
2193.0
2194.0
2113.0
2171.0
2113.0
2121.0
2108.0
2107.0
3.0
4784.0
4809.0
4770.0
4784.0
4852.0
4834.0
4818.0
4852.0
4814.0
2686.0
4971.0
5025.0
5068.0
5006.0
4993.0
5055.0
5102.0
5046.0
2755.0
4817.0
4778.0
4784.0
4818.0
4763.0
4810.0
4818.0
4819.0
4879.0
2613.0
4767.0
4935.0
4782.0
4781.0
4819.0
4754.0
4756.0
4890.0
2602.0
4786.0
4877.0
4926.0
4935.0
4879.0
4834.0
4835.0
4808.0
2600.0
5.0
6.0
5.0
6.0
5.0
5.0
6.0
3.0
3.0
3.0
5.0
6.0
6.0
5.0
5.0
6.0
5.0
3.0
3.0
3.0
5.0
5.0
5.0
5.0
6.0
5.0
5.0
3.0
3.0
3.0
5.0
5.0
6.0
6.0
5.0
5.0
5.0
3.0
3.0
3.0
6.0
6.0
5.0
5.0
5.0
5.0
6.0
3.0
3.0
3.0
5.0
5.0
5.0
6.0
6.0
5.0
5.0
3.0
3.0
3.0
5.0
6.0
6.0
5.0
5.0
5.0
6.0
3.0
3.0
2.0
6.0
6.0
5.0
5.0
5.0
6.0
6.0
3.0
3.0
3.0
5.0
5.0
5.0
6.0
6.0
5.0
5.0
3.0
3.0
3.0
5.0
6.0
6.0
5.0
5.0
5.0
6.0
3.0
3.0
2.0
6.0
5.0
5.0
5.0
5.0
6.0
17.0
13.0
4.0
3.0
5.0
5.0
6.0
6.0
6.0
6.0
6.0
3.0
3.0
3.0
6.0
5.0
5.0
5.0
5.0
6.0
6.0
3.0
3.0
3.0
5.0
5.0
6.0
5.0
5.0
5.0
5.0
3.0
3.0
3.0
2237.0
2247.0
2187.0
2102.0
2110.0
2111.0
2104.0
2103.0
2099.0
3.0
4826.0
4797.0
4894.0
4825.0
4809.0
4791.0
4843.0
4798.0
4810.0
2722.0
4786.0
4762.0
4824.0
4797.0
4781.0
4762.0
4771.0
4759.0
4756.0
2646.0
4839.0
4780.0
4803.0
4847.0
4846.0
4850.0
4851.0
4841.0
5033.0
2691.0
4799.0
4827.0
4801.0
4785.0
4909.0
4947.0
4938.0
4857.0
4923.0
2587.0
4872.0
4813.0
4849.0
4869.0
4842.0
4849.0
4801.0
4843.0
4850.0
2614.0
5.0
5.0
5.0
5.0
5.0
5.0
3.0
3.0
3.0
3.0
5.0
6.0
5.0
5.0
5.0
6.0
3.0
3.0
3.0
3.0
6.0
5.0
5.0
5.0
5.0
6.0
3.0
3.0
3.0
3.0
5.0
5.0
6.0
5.0
5.0
6.0
3.0
3.0
3.0
3.0
5.0
5.0
6.0
5.0
5.0
5.0
3.0
3.0
2.0
3.0
5.0
6.0
5.0
6.0
5.0
5.0
3.0
3.0
3.0
2.0
5.0
6.0
6.0
6.0
5.0
5.0
2.0
3.0
3.0
2.0
5.0
5.0
6.0
5.0
5.0
5.0
2.0
2.0
3.0
2.0
5.0
5.0
6.0
5.0
5.0
5.0
3.0
3.0
3.0
3.0
6.0
5.0
5.0
5.0
5.0
6.0
3.0
2.0
2.0
3.0
6.0
5.0
5.0
5.0
5.0
5.0
3.0
3.0
3.0
3.0
5.0
5.0
5.0
6.0
5.0
5.0
3.0
3.0
3.0
3.0
5.0
6.0
5.0
5.0
5.0
5.0
3.0
3.0
3.0
3.0
5.0
6.0
5.0
5.0
5.0
5.0
2.0
3.0
3.0
3.0
2195.0
2179.0
2173.0
2175.0
2186.0
2189.0
2108.0
2129.0
3.0
2.0
4819.0
4810.0
4820.0
4832.0
4836.0
4845.0
4823.0
4834.0
2663.0
2671.0
4803.0
4801.0
4793.0
4760.0
4781.0
4775.0
4776.0
2724.0
2695.0
4789.0
4809.0
4805.0
4804.0
4851.0
4817.0
4799.0
4806.0
2689.0
2696.0
4767.0
4777.0
4788.0
4784.0
4840.0
4860.0
4793.0
2660.0
2650.0
4829.0
4848.0
4893.0
5005.0
4824.0
4828.0
4844.0
2669.0
2677.0
6.0
5.0
6.0
5.0
5.0
5.0
3.0
3.0
3.0
3.0
5.0
5.0
5.0
6.0
5.0
5.0
3.0
3.0
3.0
3.0
6.0
5.0
5.0
6.0
5.0
5.0
3.0
3.0
3.0
3.0
6.0
5.0
5.0
5.0
5.0
6.0
3.0
3.0
3.0
3.0
5.0
5.0
6.0
5.0
5.0
6.0
3.0
3.0
3.0
3.0
5.0
5.0
6.0
5.0
5.0
6.0
3.0
3.0
3.0
3.0
5.0
6.0
5.0
5.0
5.0
5.0
3.0
3.0
3.0
3.0
5.0
5.0
6.0
5.0
5.0
5.0
3.0
3.0
3.0
3.0
6.0
5.0
5.0
5.0
5.0
5.0
3.0
3.0
3.0
3.0
6.0
5.0
5.0
6.0
6.0
5.0
3.0
3.0
3.0
3.0
5.0
6.0
5.0
5.0
5.0
6.0
3.0
3.0
3.0
3.0
5.0
5.0
5.0
6.0
5.0
5.0
3.0
3.0
3.0
3.0
5.0
6.0
6.0
6.0
5.0
5.0
3.0
4.0
3.0
3.0
16.0
16.0
6.0
5.0
5.0
6.0
4.0
3.0
3.0
3.0
2182.0
2167.0
2125.0
2139.0
2185.0
2164.0
2184.0
2224.0
2226.0
3.0
4845.0
4889.0
4870.0
4973.0
4945.0
4872.0
4956.0
4894.0
4886.0
2611.0
4859.0
4847.0
4766.0
4799.0
4808.0
4834.0
4819.0
4820.0
4855.0
2585.0
4793.0
4863.0
4945.0
4922.0
4910.0
4788.0
4807.0
4792.0
4809.0
2587.0
5014.0
4872.0
4893.0
4839.0
4781.0
4761.0
4783.0
4776.0
4791.0
2720.0
4817.0
4801.0
4811.0
4791.0
4789.0
4771.0
4806.0
4804.0
4805.0
2705.0
5.0
5.0
5.0
5.0
6.0
5.0
3.0
3.0
3.0
3.0
5.0
5.0
6.0
5.0
5.0
6.0
35.0
3.0
3.0
3.0
6.0
6.0
5.0
6.0
6.0
5.0
3.0
3.0
3.0
3.0
5.0
6.0
5.0
5.0
5.0
5.0
3.0
3.0
3.0
3.0
5.0
6.0
5.0
5.0
5.0
5.0
2.0
3.0
2.0
3.0
6.0
5.0
5.0
5.0
5.0
5.0
3.0
3.0
3.0
3.0
5.0
5.0
6.0
6.0
5.0
5.0
3.0
3.0
3.0
3.0
5.0
5.0
5.0
6.0
6.0
5.0
3.0
3.0
3.0
3.0
5.0
5.0
5.0
5.0
5.0
6.0
3.0
3.0
2.0
3.0
6.0
6.0
5.0
5.0
5.0
6.0
3.0
3.0
3.0
3.0
5.0
5.0
5.0
6.0
5.0
5.0
3.0
3.0
3.0
3.0
5.0
6.0
5.0
5.0
6.0
5.0
3.0
2.0
2.0
3.0
5.0
6.0
5.0
5.0
5.0
5.0
3.0
3.0
3.0
3.0
5.0
5.0
6.0
5.0
5.0
5.0
3.0
3.0
3.0
3.0
2124.0
2151.0
2116.0
2148.0
2172.0
2151.0
2111.0
3.0
3.0
3.0
4810.0
4828.0
4817.0
4767.0
4777.0
4771.0
4774.0
2662.0
2666.0
2660.0
4819.0
4809.0
4805.0
4815.0
4800.0
4804.0
4939.0
2705.0
2678.0
2710.0
4833.0
4814.0
4812.0
4814.0
4801.0
4813.0
4841.0
2675.0
2699.0
2629.0
4886.0
4940.0
4940.0
4870.0
4934.0
4873.0
2737.0
2777.0
2768.0
4806.0
4866.0
4823.0
4709.0
4634.0
4626.0
4534.0
2678.0
2668.0
2685.0
