5.0
4.0
3.0
3.0
4.0
3.0
3.0
3.0
4.0
5.0
18.0
18.0
87.0
87.0
236.0
235.0
236.0
236.0
399.0
417.0
419.0
392.0
235.0
230.0
228.0
227.0
228.0
227.0
185.0
226.0
1217.0
1291.0
3265.0
2799.0
2567.0
2549.0
2549.0
2387.0
2908.0
2534.0
2519.0
2560.0
2515.0
2519.0
2543.0
2541.0
2528.0
2524.0
2509.0
2530.0
10.0
9.0
81.0
80.0
212.0
212.0
213.0
213.0
222.0
223.0
210.0
214.0
211.0
211.0
212.0
211.0
211.0
211.0
211.0
210.0
1228.0
1218.0
2477.0
2478.0
2497.0
2494.0
2489.0
2489.0
2461.0
2552.0
2541.0
2567.0
2516.0
2500.0
2547.0
2547.0
2552.0
2532.0
2518.0
2499.0
9.0
10.0
80.0
81.0
222.0
223.0
208.0
218.0
211.0
213.0
211.0
213.0
211.0
212.0
222.0
225.0
223.0
224.0
211.0
213.0
1232.0
1231.0
2511.0
2504.0
2468.0
2469.0
2480.0
2470.0
2509.0
2536.0
2551.0
2555.0
2510.0
2516.0
2509.0
2505.0
2517.0
2509.0
2511.0
2473.0
10.0
10.0
81.0
80.0
211.0
211.0
211.0
210.0
210.0
211.0
211.0
211.0
223.0
223.0
212.0
211.0
211.0
211.0
212.0
211.0
1223.0
1218.0
2527.0
2508.0
2527.0
2518.0
2547.0
2544.0
2542.0
2518.0
2521.0
2519.0
2457.0
2465.0
2466.0
2456.0
2464.0
2466.0
2467.0
2455.0
10.0
9.0
81.0
80.0
211.0
212.0
211.0
212.0
223.0
223.0
210.0
212.0
211.0
211.0
212.0
212.0
211.0
211.0
211.0
210.0
1220.0
1223.0
2532.0
2541.0
2540.0
2538.0
2521.0
2528.0
2525.0
2521.0
2506.0
2519.0
2412.0
2435.0
2432.0
2436.0
2440.0
2432.0
2412.0
2406.0
23.0
22.0
92.0
94.0
235.0
232.0
191.0
233.0
345.0
298.0
257.0
332.0
227.0
228.0
186.0
226.0
227.0
226.0
192.0
227.0
1196.0
1251.0
2506.0
2466.0
2474.0
2498.0
2524.0
2501.0
2473.0
2486.0
2445.0
2502.0
2499.0
2539.0
2527.0
2541.0
2563.0
2542.0
2562.0
2562.0
9.0
10.0
127.0
80.0
213.0
211.0
212.0
210.0
212.0
210.0
211.0
210.0
222.0
223.0
211.0
211.0
211.0
213.0
210.0
210.0
1217.0
1216.0
2481.0
2480.0
2457.0
2483.0
2487.0
2483.0
2456.0
2458.0
2515.0
2511.0
2530.0
2511.0
2539.0
2529.0
2506.0
2504.0
2528.0
2529.0
10.0
9.0
80.0
80.0
210.0
210.0
210.0
211.0
223.0
222.0
210.0
210.0
210.0
210.0
211.0
211.0
211.0
212.0
211.0
211.0
1220.0
1224.0
2501.0
2502.0
2517.0
2511.0
2509.0
2509.0
2519.0
2514.0
2588.0
2581.0
2534.0
2524.0
2508.0
2511.0
2520.0
2520.0
2555.0
2517.0
10.0
9.0
80.0
81.0
222.0
221.0
212.0
212.0
210.0
210.0
211.0
211.0
211.0
210.0
233.0
232.0
232.0
232.0
233.0
235.0
1220.0
1222.0
2459.0
2463.0
2505.0
2464.0
2462.0
2465.0
2474.0
2463.0
2500.0
2512.0
2516.0
2510.0
2515.0
2544.0
2506.0
2513.0
2525.0
2525.0
9.0
10.0
93.0
94.0
212.0
211.0
210.0
210.0
210.0
210.0
211.0
212.0
227.0
227.0
212.0
211.0
212.0
212.0
211.0
212.0
1222.0
1232.0
2468.0
2467.0
2463.0
2473.0
2507.0
2522.0
2516.0
2533.0
2519.0
2544.0
2529.0
2524.0
2531.0
2519.0
2460.0
2461.0
2472.0
2470.0
10.0
9.0
80.0
80.0
211.0
211.0
210.0
209.0
211.0
210.0
223.0
222.0
210.0
211.0
211.0
211.0
211.0
211.0
211.0
210.0
1221.0
1221.0
2559.0
2560.0
2560.0
2571.0
2558.0
2589.0
2607.0
2556.0
2520.0
2551.0
2463.0
2466.0
2469.0
2459.0
2461.0
2470.0
2496.0
2468.0
10.0
9.0
80.0
80.0
211.0
210.0
223.0
222.0
210.0
211.0
210.0
210.0
210.0
210.0
210.0
211.0
220.0
222.0
223.0
222.0
1231.0
1228.0
2502.0
2520.0
2513.0
2528.0
2492.0
2498.0
2504.0
2495.0
2489.0
2531.0
2466.0
2474.0
2472.0
2468.0
2469.0
2500.0
2470.0
2475.0
9.0
9.0
80.0
81.0
221.0
221.0
210.0
211.0
211.0
210.0
210.0
210.0
232.0
233.0
211.0
211.0
212.0
211.0
211.0
210.0
1220.0
1220.0
2550.0
2560.0
2557.0
2510.0
2567.0
2590.0
2538.0
2547.0
2531.0
2512.0
2471.0
2481.0
2482.0
2480.0
2482.0
2462.0
2481.0
2459.0
9.0
9.0
79.0
79.0
209.0
209.0
211.0
210.0
209.0
209.0
223.0
223.0
210.0
209.0
210.0
220.0
253.0
213.0
207.0
211.0
1227.0
1277.0
2551.0
2545.0
2541.0
2570.0
2564.0
2566.0
2575.0
2549.0
2575.0
2539.0
2455.0
2485.0
2455.0
2456.0
2457.0
2461.0
2456.0
2505.0
3.0
2.0
3.0
3.0
2.0
3.0
3.0
2.0
3.0
3.0
3.0
2.0
2.0
3.0
3.0
3.0
3.0
2.0
2.0
3.0
3.0
2.0
1240.0
1240.0
1241.0
1240.0
1249.0
1242.0
1242.0
1244.0
1253.0
1263.0
1259.0
1250.0
1324.0
1335.0
1359.0
1284.0
1359.0
1303.0
10.0
9.0
80.0
80.0
253.0
254.0
253.0
253.0
212.0
211.0
212.0
211.0
212.0
212.0
212.0
210.0
213.0
211.0
212.0
211.0
1235.0
1241.0
2481.0
2487.0
2482.0
2480.0
2457.0
2453.0
2457.0
2458.0
2468.0
2454.0
2497.0
2516.0
2505.0
2524.0
2518.0
2522.0
2532.0
2518.0
9.0
9.0
80.0
80.0
261.0
262.0
211.0
210.0
212.0
210.0
212.0
210.0
212.0
211.0
233.0
232.0
232.0
213.0
210.0
211.0
1217.0
1219.0
2457.0
2457.0
2458.0
2467.0
2460.0
2477.0
2463.0
2456.0
2517.0
2515.0
2529.0
2530.0
2528.0
2561.0
2560.0
2556.0
2558.0
2524.0
10.0
9.0
81.0
84.0
210.0
220.0
216.0
222.0
215.0
218.0
225.0
226.0
210.0
212.0
211.0
212.0
210.0
211.0
210.0
211.0
1220.0
1219.0
2454.0
2486.0
2459.0
2458.0
2473.0
2468.0
2480.0
2485.0
2548.0
2524.0
2516.0
2522.0
2522.0
2548.0
2525.0
2506.0
2534.0
2505.0
10.0
10.0
80.0
80.0
210.0
212.0
210.0
212.0
223.0
223.0
210.0
210.0
210.0
211.0
211.0
211.0
211.0
211.0
211.0
210.0
1231.0
1228.0
2464.0
2476.0
2472.0
2489.0
2474.0
2497.0
2478.0
2475.0
2502.0
2496.0
2490.0
2493.0
2509.0
2499.0
2513.0
2510.0
2513.0
2505.0
9.0
9.0
80.0
80.0
220.0
221.0
211.0
210.0
210.0
210.0
210.0
210.0
210.0
211.0
227.0
227.0
228.0
228.0
212.0
211.0
1221.0
1217.0
2461.0
2458.0
2464.0
2456.0
2464.0
2477.0
2458.0
2461.0
2529.0
2497.0
2538.0
2536.0
2530.0
2526.0
2535.0
2540.0
2527.0
2525.0
9.0
10.0
99.0
98.0
219.0
215.0
210.0
212.0
211.0
211.0
210.0
210.0
222.0
223.0
211.0
212.0
211.0
211.0
210.0
212.0
1218.0
1217.0
2471.0
2460.0
2456.0
2495.0
2507.0
2510.0
2509.0
2506.0
2509.0
2513.0
2509.0
2519.0
2506.0
2458.0
2464.0
2463.0
2459.0
2460.0
9.0
10.0
80.0
80.0
210.0
210.0
211.0
211.0
212.0
210.0
221.0
222.0
211.0
210.0
212.0
211.0
211.0
210.0
211.0
210.0
1220.0
1222.0
2507.0
2507.0
2510.0
2512.0
2519.0
2516.0
2513.0
2520.0
2512.0
2514.0
2456.0
2455.0
2456.0
2458.0
2468.0
2465.0
2475.0
2468.0
9.0
9.0
80.0
80.0
211.0
210.0
220.0
220.0
211.0
210.0
211.0
211.0
211.0
210.0
228.0
228.0
227.0
228.0
227.0
227.0
1222.0
1224.0
2500.0
2517.0
2508.0
2531.0
2556.0
2496.0
2551.0
2501.0
2580.0
2661.0
2548.0
2557.0
2558.0
2530.0
2530.0
2564.0
2531.0
2532.0
8.0
9.0
79.0
86.0
210.0
221.0
210.0
229.0
209.0
228.0
210.0
244.0
222.0
215.0
212.0
210.0
211.0
210.0
210.0
210.0
1217.0
1221.0
2519.0
2512.0
2511.0
2524.0
2510.0
2519.0
2509.0
2505.0
2512.0
2517.0
2468.0
2469.0
2468.0
2466.0
2468.0
2464.0
2483.0
2471.0
3.0
3.0
2.0
3.0
3.0
2.0
3.0
3.0
2.0
3.0
3.0
2.0
3.0
2.0
3.0
3.0
2.0
3.0
2.0
3.0
3.0
2.0
1241.0
1251.0
1238.0
1248.0
1245.0
1246.0
1244.0
1240.0
1245.0
1240.0
1244.0
1244.0
1320.0
1324.0
1324.0
1330.0
1281.0
1285.0
9.0
10.0
80.0
80.0
221.0
220.0
221.0
219.0
250.0
252.0
251.0
251.0
211.0
211.0
210.0
211.0
211.0
210.0
210.0
210.0
1225.0
1221.0
2477.0
2516.0
2468.0
2469.0
2500.0
2471.0
2471.0
2470.0
2477.0
2518.0
2495.0
2499.0
2506.0
2512.0
2513.0
2505.0
2500.0
2512.0
9.0
9.0
82.0
81.0
211.0
210.0
254.0
253.0
211.0
211.0
210.0
211.0
210.0
210.0
211.0
211.0
230.0
231.0
232.0
231.0
1279.0
1276.0
2486.0
2501.0
2489.0
2487.0
2513.0
2512.0
2511.0
2505.0
2460.0
2465.0
2529.0
2547.0
2519.0
2560.0
2526.0
2529.0
2528.0
2520.0
9.0
9.0
80.0
81.0
259.0
261.0
212.0
211.0
212.0
211.0
212.0
210.0
233.0
232.0
214.0
212.0
210.0
210.0
210.0
210.0
1226.0
1226.0
2465.0
2464.0
2457.0
2476.0
2457.0
2460.0
2461.0
2468.0
2512.0
2531.0
2517.0
2551.0
2535.0
2534.0
2536.0
2537.0
2536.0
2540.0
9.0
9.0
80.0
80.0
211.0
210.0
211.0
211.0
210.0
210.0
223.0
223.0
212.0
211.0
212.0
212.0
211.0
211.0
210.0
211.0
1223.0
1219.0
2466.0
2475.0
2477.0
2474.0
2483.0
2469.0
2472.0
2478.0
2513.0
2506.0
2510.0
2502.0
2495.0
2498.0
2500.0
2498.0
2501.0
2502.0
10.0
9.0
80.0
80.0
211.0
211.0
221.0
220.0
211.0
211.0
211.0
212.0
211.0
210.0
220.0
218.0
226.0
237.0
238.0
236.0
1222.0
1230.0
2464.0
2502.0
2514.0
2475.0
2470.0
2484.0
2454.0
2485.0
2487.0
2552.0
2524.0
2518.0
2555.0
2534.0
2518.0
2512.0
2509.0
2532.0
10.0
9.0
80.0
80.0
221.0
220.0
211.0
212.0
210.0
210.0
210.0
211.0
210.0
210.0
235.0
234.0
213.0
211.0
210.0
213.0
1219.0
1220.0
2454.0
2456.0
2459.0
2467.0
2455.0
2463.0
2459.0
2465.0
2494.0
2485.0
2501.0
2497.0
2502.0
2504.0
2511.0
2507.0
2504.0
2505.0
9.0
9.0
105.0
104.0
211.0
210.0
211.0
210.0
210.0
210.0
210.0
210.0
222.0
222.0
211.0
211.0
211.0
209.0
211.0
211.0
1229.0
1226.0
2534.0
2512.0
2510.0
2541.0
2542.0
2540.0
2553.0
2544.0
2522.0
2529.0
2467.0
2472.0
2487.0
2480.0
2480.0
2479.0
2483.0
2481.0
9.0
9.0
80.0
80.0
212.0
211.0
210.0
210.0
222.0
222.0
210.0
210.0
220.0
222.0
219.0
219.0
217.0
219.0
217.0
222.0
1226.0
1237.0
2542.0
2523.0
2528.0
2516.0
2568.0
2568.0
2551.0
2533.0
2533.0
2505.0
2459.0
2458.0
2471.0
2483.0
2476.0
2481.0
2474.0
2472.0
9.0
8.0
80.0
80.0
221.0
221.0
209.0
210.0
210.0
209.0
210.0
211.0
210.0
210.0
229.0
229.0
230.0
228.0
211.0
210.0
1217.0
1222.0
2503.0
2517.0
2501.0
2515.0
2513.0
2497.0
2508.0
2491.0
2514.0
2526.0
2464.0
2525.0
2500.0
2500.0
2481.0
2500.0
2500.0
2483.0
3.0
3.0
3.0
2.0
2.0
3.0
3.0
3.0
2.0
3.0
2.0
3.0
2.0
2.0
3.0
3.0
2.0
2.0
3.0
3.0
2.0
2.0
1251.0
1241.0
1254.0
1238.0
1255.0
1253.0
1249.0
1251.0
1240.0
1251.0
1241.0
1254.0
1314.0
1304.0
1299.0
1294.0
1304.0
1304.0
9.0
10.0
80.0
80.0
211.0
213.0
210.0
213.0
221.0
222.0
221.0
223.0
252.0
256.0
253.0
255.0
210.0
214.0
212.0
213.0
1218.0
1234.0
2481.0
2481.0
2512.0
2517.0
2519.0
2506.0
2533.0
2499.0
2516.0
2529.0
2546.0
2552.0
2504.0
2511.0
2564.0
2531.0
2535.0
2504.0
9.0
10.0
80.0
80.0
212.0
214.0
211.0
213.0
254.0
256.0
212.0
212.0
210.0
213.0
211.0
213.0
211.0
212.0
210.0
212.0
1218.0
1217.0
2464.0
2496.0
2498.0
2502.0
2477.0
2503.0
2502.0
2499.0
2487.0
2480.0
2536.0
2511.0
2547.0
2535.0
2498.0
2539.0
2585.0
2580.0
9.0
9.0
80.0
79.0
210.0
211.0
258.0
257.0
212.0
212.0
212.0
211.0
212.0
212.0
228.0
228.0
226.0
228.0
225.0
214.0
1220.0
1220.0
2506.0
2477.0
2477.0
2484.0
2457.0
2479.0
2460.0
2476.0
2457.0
2458.0
2535.0
2499.0
2535.0
2536.0
2504.0
2531.0
2504.0
2536.0
9.0
9.0
80.0
79.0
254.0
254.0
212.0
211.0
212.0
211.0
211.0
211.0
221.0
222.0
211.0
210.0
210.0
214.0
210.0
213.0
1218.0
1219.0
2497.0
2472.0
2511.0
2506.0
2475.0
2503.0
2483.0
2508.0
2555.0
2569.0
2554.0
2521.0
2559.0
2532.0
2539.0
2544.0
2540.0
2573.0
10.0
9.0
80.0
80.0
212.0
212.0
213.0
211.0
212.0
211.0
222.0
222.0
211.0
210.0
210.0
210.0
211.0
213.0
213.0
210.0
1219.0
1219.0
2511.0
2516.0
2488.0
2486.0
2514.0
2511.0
2502.0
2488.0
2521.0
2525.0
2515.0
2499.0
2523.0
2492.0
2523.0
2521.0
2495.0
2519.0
9.0
10.0
79.0
79.0
211.0
210.0
221.0
221.0
210.0
210.0
211.0
210.0
209.0
211.0
210.0
210.0
224.0
222.0
221.0
223.0
1228.0
1231.0
2489.0
2486.0
2465.0
2489.0
2483.0
2462.0
2456.0
2476.0
2506.0
2501.0
2515.0
2537.0
2540.0
2537.0
2504.0
2538.0
2518.0
2533.0
9.0
8.0
80.0
79.0
220.0
220.0
211.0
209.0
210.0
210.0
210.0
209.0
210.0
210.0
236.0
236.0
211.0
212.0
212.0
210.0
1219.0
1232.0
2490.0
2480.0
2524.0
2528.0
2484.0
2530.0
2591.0
2483.0
2551.0
2625.0
2526.0
2504.0
2530.0
2535.0
2521.0
2517.0
2546.0
2508.0
31.0
9.0
81.0
81.0
210.0
211.0
210.0
212.0
210.0
211.0
210.0
223.0
223.0
213.0
210.0
212.0
211.0
210.0
212.0
211.0
1216.0
1230.0
2515.0
2555.0
2545.0
2546.0
2576.0
2571.0
2557.0
2544.0
2524.0
2539.0
2457.0
2461.0
2462.0
2486.0
2486.0
2484.0
2483.0
2458.0
8.0
3.0
79.0
3.0
211.0
2.0
209.0
3.0
211.0
3.0
210.0
3.0
222.0
2.0
223.0
2.0
213.0
2.0
210.0
3.0
1229.0
3.0
2467.0
1243.0
2539.0
1238.0
2590.0
1258.0
2575.0
1267.0
2566.0
1285.0
2563.0
1337.0
2508.0
1308.0
2521.0
1294.0
2456.0
1239.0
3.0
3.0
2.0
3.0
3.0
2.0
3.0
2.0
3.0
3.0
2.0
3.0
3.0
2.0
3.0
2.0
2.0
3.0
2.0
3.0
3.0
2.0
1292.0
1288.0
1242.0
1241.0
1239.0
1240.0
1238.0
1251.0
1243.0
1239.0
1238.0
1259.0
1236.0
1238.0
1252.0
1247.0
1262.0
1254.0
9.0
9.0
80.0
80.0
221.0
221.0
221.0
221.0
210.0
210.0
211.0
211.0
211.0
211.0
210.0
210.0
210.0
210.0
211.0
211.0
1228.0
1252.0
2541.0
2552.0
2570.0
2558.0
2552.0
2561.0
2540.0
2562.0
2536.0
2531.0
2455.0
2456.0
2450.0
2467.0
2457.0
2463.0
2457.0
2458.0
9.0
9.0
79.0
80.0
211.0
211.0
212.0
211.0
210.0
210.0
222.0
221.0
210.0
211.0
211.0
211.0
211.0
210.0
211.0
210.0
1277.0
1266.0
2547.0
2519.0
2501.0
2519.0
2543.0
2529.0
2526.0
2507.0
2465.0
2463.0
2465.0
2486.0
2503.0
2475.0
2470.0
2477.0
2477.0
2490.0
9.0
9.0
80.0
80.0
213.0
212.0
223.0
222.0
212.0
210.0
211.0
212.0
211.0
213.0
211.0
212.0
232.0
235.0
235.0
215.0
1263.0
1273.0
2516.0
2539.0
2522.0
2522.0
2518.0
2517.0
2526.0
2512.0
2457.0
2462.0
2479.0
2496.0
2484.0
2497.0
2490.0
2506.0
2520.0
2505.0
9.0
10.0
91.0
92.0
211.0
211.0
210.0
210.0
211.0
210.0
210.0
210.0
232.0
234.0
223.0
222.0
223.0
217.0
221.0
216.0
1271.0
1275.0
2525.0
2527.0
2523.0
2532.0
2564.0
2516.0
2525.0
2534.0
2483.0
2483.0
2470.0
2487.0
2474.0
2469.0
2479.0
2493.0
2460.0
2500.0
9.0
9.0
81.0
79.0
211.0
211.0
211.0
211.0
210.0
210.0
231.0
223.0
211.0
225.0
211.0
213.0
212.0
217.0
211.0
217.0
1266.0
1250.0
2529.0
2553.0
2554.0
2516.0
2525.0
2531.0
2505.0
2522.0
2500.0
2507.0
2541.0
2529.0
2539.0
2497.0
2521.0
2502.0
2561.0
2568.0
9.0
10.0
80.0
81.0
213.0
213.0
213.0
215.0
223.0
223.0
210.0
211.0
211.0
211.0
212.0
211.0
259.0
259.0
259.0
261.0
1278.0
1284.0
2547.0
2517.0
2498.0
2508.0
2514.0
2526.0
2506.0
2527.0
2473.0
2458.0
2532.0
2528.0
2542.0
2531.0
2536.0
2533.0
2546.0
2532.0
10.0
8.0
80.0
80.0
210.0
210.0
222.0
222.0
218.0
219.0
220.0
221.0
271.0
266.0
211.0
211.0
211.0
210.0
212.0
210.0
1218.0
1217.0
2455.0
2454.0
2456.0
2461.0
2469.0
2455.0
2470.0
2457.0
2461.0
2456.0
2503.0
2555.0
2514.0
2551.0
2505.0
2559.0
2510.0
2554.0
9.0
8.0
92.0
91.0
211.0
210.0
209.0
211.0
210.0
209.0
255.0
256.0
212.0
212.0
213.0
213.0
211.0
209.0
210.0
210.0
1232.0
1215.0
2471.0
2473.0
2477.0
2466.0
2465.0
2475.0
2465.0
2478.0
2466.0
2468.0
2500.0
2496.0
2500.0
2495.0
2497.0
2490.0
2504.0
2494.0
9.0
2.0
80.0
3.0
211.0
2.0
210.0
2.0
210.0
2.0
255.0
3.0
255.0
2.0
211.0
2.0
210.0
2.0
210.0
3.0
1222.0
3.0
2461.0
1251.0
2474.0
1266.0
2476.0
1257.0
2480.0
1299.0
2475.0
1264.0
2471.0
1250.0
2453.0
1242.0
2537.0
1249.0
2558.0
1238.0
2.0
3.0
2.0
3.0
2.0
3.0
2.0
2.0
3.0
2.0
3.0
2.0
3.0
2.0
3.0
2.0
3.0
2.0
2.0
3.0
2.0
3.0
1243.0
1241.0
1243.0
1239.0
1317.0
1319.0
1325.0
1306.0
1323.0
1287.0
1336.0
1378.0
1216.0
1190.0
1154.0
1153.0
1139.0
1144.0
