0.0
0.0
0.0
0.0
1.0
1.0
0.0
0.0
0.0
0.0
23.0
53.0
53.0
54.0
54.0
54.0
53.0
53.0
53.0
54.0
53.0
53.0
53.0
53.0
53.0
53.0
54.0
53.0
53.0
53.0
23.0
53.0
53.0
53.0
53.0
53.0
53.0
53.0
53.0
53.0
53.0
53.0
52.0
53.0
53.0
53.0
53.0
52.0
52.0
53.0
22.0
53.0
53.0
52.0
53.0
53.0
53.0
53.0
53.0
53.0
53.0
53.0
53.0
54.0
53.0
53.0
53.0
53.0
53.0
54.0
22.0
53.0
53.0
53.0
52.0
53.0
53.0
53.0
53.0
52.0
52.0
64.0
63.0
64.0
65.0
64.0
64.0
64.0
65.0
65.0
33.0
54.0
54.0
54.0
52.0
53.0
53.0
53.0
52.0
53.0
53.0
53.0
53.0
53.0
53.0
53.0
53.0
53.0
53.0
52.0
22.0
53.0
53.0
53.0
53.0
53.0
53.0
53.0
53.0
53.0
53.0
53.0
53.0
53.0
53.0
53.0
53.0
53.0
53.0
53.0
23.0
53.0
53.0
53.0
53.0
53.0
53.0
53.0
53.0
53.0
53.0
53.0
53.0
53.0
53.0
54.0
53.0
53.0
53.0
53.0
22.0
53.0
52.0
53.0
53.0
53.0
53.0
53.0
52.0
52.0
53.0
53.0
53.0
53.0
53.0
52.0
52.0
52.0
53.0
52.0
22.0
53.0
53.0
53.0
53.0
53.0
53.0
53.0
53.0
53.0
53.0
53.0
53.0
53.0
52.0
52.0
53.0
53.0
53.0
53.0
1.0
31.0
31.0
31.0
31.0
30.0
30.0
31.0
30.0
31.0
58.0
58.0
57.0
58.0
58.0
59.0
58.0
58.0
57.0
56.0
32.0
23.0
23.0
24.0
1.0
0.0
0.0
1.0
1.0
1.0
64.0
55.0
55.0
55.0
32.0
32.0
33.0
32.0
32.0
32.0
63.0
55.0
54.0
54.0
32.0
31.0
31.0
31.0
32.0
32.0
62.0
54.0
54.0
54.0
31.0
31.0
31.0
31.0
31.0
31.0
62.0
53.0
53.0
53.0
31.0
31.0
31.0
31.0
31.0
31.0
62.0
54.0
53.0
53.0
31.0
32.0
31.0
32.0
31.0
31.0
63.0
53.0
54.0
53.0
32.0
32.0
31.0
32.0
32.0
32.0
62.0
53.0
54.0
53.0
32.0
32.0
31.0
32.0
32.0
31.0
62.0
53.0
53.0
53.0
31.0
32.0
32.0
31.0
31.0
32.0
62.0
53.0
53.0
54.0
32.0
31.0
31.0
32.0
31.0
31.0
62.0
54.0
54.0
53.0
32.0
31.0
31.0
31.0
32.0
31.0
62.0
54.0
54.0
53.0
31.0
32.0
31.0
31.0
32.0
31.0
62.0
53.0
53.0
54.0
31.0
32.0
31.0
31.0
31.0
31.0
62.0
53.0
54.0
54.0
32.0
32.0
31.0
32.0
31.0
31.0
62.0
53.0
54.0
53.0
31.0
31.0
31.0
31.0
31.0
32.0
62.0
53.0
54.0
54.0
32.0
31.0
32.0
31.0
31.0
32.0
62.0
54.0
53.0
54.0
32.0
31.0
32.0
31.0
31.0
32.0
87.0
78.0
78.0
78.0
32.0
55.0
55.0
56.0
55.0
56.0
86.0
54.0
54.0
53.0
32.0
31.0
31.0
31.0
31.0
32.0
62.0
54.0
54.0
53.0
32.0
31.0
31.0
31.0
32.0
32.0
30.0
22.0
23.0
23.0
0.0
1.0
0.0
0.0
0.0
0.0
61.0
53.0
53.0
53.0
31.0
31.0
31.0
30.0
31.0
31.0
61.0
53.0
54.0
53.0
31.0
31.0
31.0
31.0
31.0
32.0
62.0
53.0
53.0
53.0
31.0
31.0
31.0
31.0
30.0
31.0
62.0
54.0
53.0
53.0
32.0
31.0
31.0
31.0
32.0
31.0
62.0
53.0
53.0
53.0
31.0
32.0
31.0
31.0
31.0
31.0
62.0
53.0
53.0
53.0
31.0
31.0
31.0
31.0
31.0
31.0
61.0
53.0
53.0
53.0
31.0
31.0
31.0
31.0
31.0
31.0
61.0
53.0
53.0
53.0
31.0
31.0
31.0
31.0
31.0
31.0
62.0
53.0
52.0
53.0
31.0
31.0
31.0
31.0
31.0
31.0
62.0
54.0
53.0
53.0
31.0
32.0
31.0
31.0
32.0
31.0
62.0
52.0
53.0
53.0
31.0
31.0
31.0
31.0
31.0
31.0
61.0
53.0
53.0
53.0
31.0
31.0
31.0
31.0
31.0
31.0
62.0
53.0
53.0
53.0
31.0
31.0
31.0
31.0
31.0
31.0
61.0
53.0
53.0
53.0
31.0
31.0
31.0
31.0
31.0
31.0
62.0
53.0
53.0
53.0
31.0
31.0
31.0
31.0
31.0
31.0
62.0
53.0
53.0
53.0
31.0
31.0
31.0
31.0
31.0
31.0
61.0
53.0
53.0
53.0
31.0
31.0
31.0
31.0
31.0
31.0
61.0
53.0
53.0
53.0
31.0
31.0
31.0
31.0
31.0
31.0
62.0
53.0
53.0
53.0
31.0
31.0
31.0
31.0
31.0
31.0
31.0
23.0
22.0
0.0
1.0
0.0
0.0
0.0
0.0
1.0
62.0
53.0
53.0
31.0
31.0
30.0
31.0
31.0
31.0
31.0
61.0
53.0
53.0
31.0
31.0
31.0
31.0
30.0
31.0
31.0
72.0
63.0
63.0
31.0
31.0
31.0
31.0
31.0
41.0
41.0
81.0
72.0
70.0
46.0
48.0
37.0
39.0
38.0
38.0
38.0
71.0
60.0
60.0
35.0
35.0
35.0
35.0
35.0
35.0
35.0
69.0
60.0
59.0
35.0
35.0
34.0
34.0
34.0
35.0
35.0
68.0
59.0
59.0
34.0
35.0
34.0
35.0
35.0
34.0
34.0
69.0
59.0
59.0
35.0
35.0
35.0
35.0
34.0
35.0
34.0
67.0
58.0
57.0
34.0
34.0
33.0
34.0
34.0
34.0
33.0
64.0
55.0
54.0
33.0
32.0
32.0
32.0
32.0
32.0
32.0
62.0
53.0
53.0
31.0
31.0
31.0
31.0
32.0
31.0
31.0
62.0
54.0
54.0
31.0
31.0
31.0
31.0
32.0
32.0
31.0
63.0
53.0
54.0
32.0
31.0
31.0
31.0
31.0
31.0
31.0
62.0
53.0
53.0
31.0
31.0
31.0
32.0
31.0
32.0
31.0
61.0
54.0
53.0
31.0
31.0
31.0
31.0
32.0
32.0
31.0
62.0
54.0
53.0
31.0
31.0
31.0
31.0
31.0
31.0
32.0
64.0
54.0
54.0
32.0
31.0
32.0
31.0
31.0
32.0
32.0
64.0
56.0
55.0
33.0
34.0
33.0
33.0
33.0
33.0
32.0
63.0
53.0
54.0
31.0
31.0
31.0
31.0
31.0
31.0
31.0
31.0
23.0
23.0
1.0
1.0
0.0
0.0
1.0
1.0
1.0
62.0
53.0
53.0
32.0
31.0
31.0
31.0
31.0
31.0
32.0
62.0
54.0
53.0
32.0
31.0
32.0
31.0
32.0
31.0
31.0
62.0
54.0
53.0
32.0
31.0
31.0
31.0
32.0
31.0
31.0
62.0
53.0
54.0
32.0
31.0
32.0
31.0
32.0
31.0
31.0
61.0
53.0
53.0
31.0
31.0
31.0
31.0
31.0
31.0
31.0
62.0
53.0
54.0
32.0
32.0
31.0
32.0
31.0
31.0
32.0
61.0
53.0
53.0
31.0
31.0
32.0
31.0
31.0
31.0
32.0
62.0
54.0
53.0
32.0
31.0
31.0
31.0
31.0
31.0
32.0
73.0
64.0
65.0
32.0
31.0
31.0
41.0
41.0
41.0
42.0
74.0
66.0
66.0
33.0
33.0
34.0
33.0
32.0
33.0
32.0
61.0
54.0
53.0
31.0
31.0
31.0
31.0
31.0
31.0
31.0
62.0
54.0
53.0
31.0
31.0
32.0
31.0
31.0
31.0
32.0
62.0
54.0
53.0
31.0
31.0
31.0
31.0
32.0
31.0
31.0
62.0
54.0
53.0
31.0
31.0
31.0
31.0
31.0
32.0
31.0
62.0
53.0
54.0
31.0
32.0
31.0
31.0
31.0
32.0
32.0
62.0
53.0
53.0
31.0
32.0
31.0
32.0
31.0
31.0
32.0
62.0
53.0
54.0
31.0
31.0
31.0
31.0
32.0
31.0
32.0
62.0
54.0
54.0
32.0
31.0
31.0
31.0
31.0
31.0
32.0
61.0
53.0
54.0
32.0
31.0
31.0
31.0
31.0
31.0
31.0
31.0
22.0
23.0
0.0
1.0
0.0
0.0
0.0
0.0
0.0
62.0
54.0
54.0
32.0
31.0
31.0
32.0
32.0
31.0
31.0
62.0
54.0
54.0
31.0
31.0
31.0
31.0
31.0
31.0
32.0
62.0
54.0
53.0
31.0
32.0
32.0
31.0
31.0
31.0
31.0
62.0
53.0
53.0
31.0
32.0
31.0
31.0
31.0
32.0
32.0
62.0
53.0
54.0
31.0
32.0
31.0
31.0
32.0
31.0
32.0
86.0
78.0
78.0
56.0
55.0
56.0
56.0
56.0
56.0
56.0
62.0
53.0
54.0
32.0
31.0
31.0
31.0
31.0
31.0
32.0
62.0
54.0
54.0
31.0
31.0
31.0
31.0
31.0
31.0
32.0
62.0
53.0
53.0
32.0
31.0
31.0
31.0
31.0
31.0
31.0
62.0
54.0
54.0
31.0
31.0
32.0
32.0
32.0
31.0
32.0
62.0
54.0
53.0
31.0
31.0
32.0
31.0
31.0
31.0
31.0
62.0
53.0
53.0
31.0
31.0
31.0
31.0
31.0
31.0
31.0
62.0
53.0
54.0
31.0
31.0
32.0
32.0
31.0
32.0
31.0
62.0
54.0
53.0
31.0
32.0
31.0
31.0
31.0
31.0
31.0
62.0
53.0
54.0
31.0
31.0
32.0
31.0
31.0
31.0
31.0
62.0
54.0
53.0
31.0
32.0
31.0
31.0
32.0
31.0
31.0
62.0
53.0
53.0
32.0
31.0
31.0
31.0
31.0
31.0
32.0
62.0
53.0
54.0
31.0
32.0
32.0
31.0
32.0
31.0
32.0
62.0
53.0
53.0
32.0
31.0
31.0
32.0
31.0
31.0
31.0
31.0
23.0
23.0
22.0
0.0
1.0
1.0
0.0
0.0
0.0
62.0
54.0
54.0
54.0
31.0
32.0
31.0
31.0
32.0
31.0
63.0
53.0
54.0
54.0
31.0
32.0
31.0
31.0
31.0
32.0
62.0
53.0
54.0
54.0
32.0
31.0
32.0
31.0
31.0
31.0
62.0
53.0
53.0
53.0
32.0
31.0
31.0
31.0
31.0
31.0
61.0
54.0
54.0
53.0
31.0
32.0
32.0
32.0
32.0
31.0
62.0
53.0
53.0
53.0
31.0
31.0
31.0
31.0
32.0
32.0
62.0
54.0
53.0
54.0
31.0
31.0
32.0
32.0
31.0
32.0
62.0
54.0
53.0
53.0
32.0
31.0
31.0
32.0
31.0
31.0
62.0
53.0
54.0
53.0
31.0
32.0
31.0
31.0
32.0
31.0
62.0
53.0
54.0
54.0
31.0
31.0
32.0
31.0
32.0
31.0
62.0
54.0
53.0
53.0
31.0
31.0
31.0
31.0
31.0
32.0
75.0
67.0
67.0
66.0
43.0
43.0
43.0
44.0
44.0
44.0
63.0
54.0
54.0
54.0
32.0
31.0
31.0
31.0
32.0
31.0
62.0
54.0
54.0
53.0
31.0
32.0
32.0
32.0
31.0
32.0
62.0
53.0
53.0
53.0
32.0
31.0
31.0
31.0
31.0
31.0
61.0
53.0
54.0
53.0
31.0
31.0
31.0
32.0
31.0
31.0
62.0
54.0
54.0
53.0
32.0
32.0
32.0
31.0
32.0
32.0
61.0
53.0
53.0
53.0
31.0
31.0
31.0
31.0
31.0
32.0
62.0
54.0
54.0
53.0
32.0
31.0
31.0
32.0
32.0
31.0
31.0
22.0
23.0
0.0
0.0
1.0
0.0
0.0
0.0
0.0
62.0
54.0
54.0
31.0
31.0
32.0
31.0
32.0
31.0
31.0
62.0
53.0
53.0
31.0
31.0
31.0
31.0
31.0
31.0
31.0
62.0
53.0
54.0
32.0
31.0
31.0
32.0
31.0
32.0
31.0
62.0
54.0
54.0
31.0
32.0
31.0
32.0
32.0
31.0
31.0
62.0
53.0
54.0
31.0
31.0
32.0
31.0
31.0
31.0
31.0
63.0
54.0
54.0
32.0
32.0
32.0
32.0
32.0
32.0
32.0
63.0
54.0
54.0
32.0
32.0
32.0
32.0
32.0
32.0
32.0
62.0
54.0
53.0
32.0
32.0
31.0
31.0
32.0
32.0
31.0
62.0
53.0
54.0
31.0
31.0
31.0
32.0
31.0
32.0
32.0
61.0
53.0
53.0
31.0
31.0
31.0
32.0
31.0
31.0
31.0
62.0
54.0
54.0
31.0
31.0
31.0
31.0
32.0
31.0
32.0
62.0
54.0
54.0
32.0
31.0
31.0
31.0
31.0
31.0
32.0
62.0
54.0
54.0
32.0
32.0
31.0
31.0
31.0
31.0
32.0
62.0
53.0
54.0
32.0
32.0
31.0
31.0
31.0
31.0
31.0
62.0
53.0
54.0
31.0
31.0
31.0
31.0
32.0
31.0
31.0
62.0
54.0
53.0
32.0
31.0
31.0
32.0
31.0
31.0
31.0
71.0
54.0
53.0
31.0
31.0
32.0
31.0
31.0
31.0
32.0
72.0
64.0
63.0
42.0
42.0
42.0
41.0
41.0
41.0
32.0
62.0
53.0
53.0
31.0
32.0
32.0
31.0
32.0
31.0
32.0
32.0
22.0
22.0
1.0
0.0
0.0
0.0
0.0
0.0
0.0
62.0
54.0
54.0
32.0
32.0
31.0
31.0
31.0
31.0
31.0
62.0
53.0
53.0
32.0
32.0
31.0
31.0
31.0
31.0
32.0
61.0
53.0
53.0
31.0
31.0
31.0
31.0
31.0
31.0
31.0
62.0
54.0
54.0
32.0
32.0
31.0
31.0
31.0
31.0
31.0
62.0
53.0
53.0
31.0
32.0
32.0
31.0
31.0
31.0
32.0
61.0
53.0
53.0
31.0
31.0
31.0
31.0
32.0
31.0
31.0
63.0
54.0
54.0
32.0
31.0
31.0
31.0
31.0
31.0
32.0
62.0
54.0
54.0
32.0
32.0
32.0
31.0
31.0
31.0
31.0
62.0
53.0
53.0
32.0
32.0
32.0
31.0
31.0
31.0
31.0
62.0
53.0
54.0
32.0
32.0
32.0
32.0
32.0
31.0
31.0
62.0
53.0
53.0
31.0
31.0
31.0
32.0
32.0
31.0
31.0
62.0
54.0
54.0
31.0
31.0
31.0
31.0
31.0
32.0
31.0
62.0
53.0
54.0
31.0
31.0
31.0
31.0
31.0
31.0
32.0
89.0
79.0
79.0
58.0
58.0
58.0
58.0
57.0
57.0
58.0
62.0
54.0
54.0
32.0
32.0
32.0
32.0
32.0
31.0
31.0
62.0
53.0
54.0
32.0
32.0
32.0
31.0
31.0
32.0
32.0
61.0
53.0
53.0
32.0
32.0
31.0
32.0
31.0
31.0
31.0
61.0
53.0
53.0
31.0
31.0
31.0
31.0
32.0
32.0
31.0
62.0
54.0
54.0
32.0
31.0
31.0
32.0
32.0
32.0
32.0
31.0
23.0
23.0
0.0
0.0
0.0
0.0
0.0
1.0
1.0
61.0
53.0
53.0
31.0
31.0
32.0
32.0
31.0
31.0
31.0
62.0
54.0
53.0
31.0
31.0
31.0
31.0
31.0
31.0
32.0
62.0
54.0
54.0
31.0
31.0
32.0
31.0
31.0
31.0
32.0
63.0
54.0
53.0
32.0
32.0
32.0
31.0
31.0
31.0
32.0
62.0
53.0
53.0
32.0
32.0
32.0
31.0
32.0
31.0
31.0
62.0
53.0
53.0
31.0
31.0
31.0
32.0
31.0
32.0
31.0
62.0
53.0
54.0
31.0
32.0
31.0
31.0
31.0
32.0
31.0
62.0
53.0
54.0
32.0
32.0
31.0
31.0
31.0
31.0
32.0
62.0
53.0
53.0
32.0
31.0
31.0
31.0
31.0
31.0
31.0
61.0
53.0
54.0
31.0
32.0
31.0
31.0
31.0
31.0
31.0
62.0
53.0
54.0
32.0
32.0
31.0
32.0
32.0
31.0
32.0
62.0
54.0
54.0
31.0
31.0
32.0
31.0
32.0
31.0
32.0
62.0
53.0
53.0
32.0
31.0
32.0
31.0
31.0
31.0
31.0
62.0
53.0
53.0
31.0
31.0
31.0
32.0
31.0
31.0
31.0
63.0
55.0
55.0
31.0
32.0
32.0
32.0
32.0
32.0
32.0
64.0
55.0
55.0
32.0
33.0
33.0
32.0
32.0
32.0
33.0
64.0
54.0
54.0
32.0
32.0
32.0
32.0
32.0
32.0
32.0
64.0
55.0
55.0
32.0
32.0
32.0
33.0
33.0
33.0
32.0
63.0
55.0
54.0
32.0
32.0
32.0
32.0
32.0
32.0
32.0
22.0
0.0
0.0
0.0
0.0
0.0
0.0
1.0
1.0
0.0
64.0
31.0
31.0
31.0
31.0
31.0
31.0
31.0
42.0
42.0
66.0
44.0
44.0
43.0
44.0
44.0
45.0
33.0
33.0
33.0
53.0
31.0
32.0
30.0
31.0
31.0
31.0
31.0
31.0
31.0
53.0
31.0
31.0
31.0
31.0
31.0
31.0
31.0
31.0
31.0
52.0
30.0
31.0
31.0
31.0
31.0
31.0
31.0
31.0
31.0
53.0
31.0
30.0
31.0
31.0
31.0
31.0
31.0
31.0
31.0
53.0
31.0
31.0
31.0
31.0
31.0
31.0
31.0
31.0
31.0
53.0
31.0
31.0
31.0
31.0
31.0
31.0
31.0
31.0
31.0
53.0
31.0
31.0
31.0
31.0
31.0
31.0
31.0
30.0
31.0
53.0
31.0
31.0
31.0
31.0
31.0
31.0
30.0
31.0
31.0
52.0
31.0
31.0
31.0
31.0
31.0
31.0
31.0
31.0
31.0
53.0
31.0
31.0
31.0
31.0
30.0
31.0
31.0
31.0
32.0
53.0
31.0
31.0
31.0
31.0
31.0
31.0
31.0
30.0
31.0
53.0
31.0
31.0
31.0
31.0
31.0
31.0
31.0
31.0
31.0
53.0
31.0
31.0
31.0
30.0
31.0
31.0
31.0
31.0
31.0
52.0
31.0
31.0
30.0
31.0
31.0
31.0
30.0
31.0
31.0
53.0
31.0
31.0
31.0
31.0
31.0
31.0
31.0
31.0
30.0
52.0
31.0
30.0
31.0
31.0
31.0
31.0
31.0
31.0
31.0
51.0
31.0
31.0
31.0
31.0
30.0
30.0
30.0
30.0
30.0
