78.0
65.0
89.0
61.0
88.0
60.0
69.0
59.0
89.0
86.0
93.0
131.0
132.0
134.0
85.0
88.0
92.0
132.0
131.0
114.0
174.0
152.0
150.0
152.0
257.0
254.0
138.0
166.0
176.0
167.0
329.0
323.0
321.0
330.0
256.0
317.0
319.0
266.0
341.0
311.0
286.0
317.0
316.0
311.0
285.0
315.0
314.0
310.0
285.0
305.0
783.0
783.0
774.0
781.0
779.0
791.0
778.0
778.0
770.0
781.0
588.0
578.0
570.0
588.0
598.0
589.0
583.0
583.0
572.0
582.0
587.0
578.0
573.0
586.0
579.0
587.0
586.0
582.0
577.0
574.0
587.0
581.0
580.0
581.0
576.0
580.0
576.0
572.0
576.0
570.0
586.0
576.0
577.0
577.0
582.0
579.0
578.0
579.0
574.0
570.0
591.0
577.0
576.0
579.0
587.0
583.0
580.0
581.0
574.0
573.0
780.0
781.0
779.0
824.0
772.0
860.0
779.0
777.0
781.0
759.0
591.0
594.0
591.0
573.0
577.0
575.0
609.0
584.0
575.0
574.0
593.0
581.0
574.0
582.0
587.0
585.0
582.0
590.0
592.0
590.0
619.0
608.0
605.0
621.0
612.0
604.0
632.0
607.0
642.0
599.0
600.0
596.0
594.0
589.0
586.0
590.0
588.0
585.0
584.0
579.0
588.0
577.0
578.0
581.0
582.0
579.0
577.0
577.0
575.0
567.0
588.0
578.0
578.0
580.0
577.0
579.0
581.0
576.0
576.0
572.0
793.0
785.0
783.0
798.0
806.0
799.0
785.0
793.0
852.0
849.0
584.0
575.0
575.0
579.0
580.0
615.0
601.0
579.0
577.0
575.0
583.0
582.0
577.0
578.0
578.0
571.0
565.0
560.0
562.0
557.0
97.0
80.0
77.0
119.0
125.0
99.0
73.0
82.0
114.0
127.0
84.0
74.0
71.0
81.0
56.0
120.0
137.0
141.0
143.0
138.0
109.0
95.0
78.0
97.0
101.0
78.0
47.0
62.0
107.0
68.0
83.0
101.0
71.0
119.0
101.0
49.0
81.0
68.0
76.0
42.0
71.0
61.0
59.0
55.0
32.0
99.0
52.0
50.0
83.0
59.0
49.0
71.0
73.0
76.0
74.0
74.0
78.0
48.0
73.0
102.0
114.0
74.0
77.0
68.0
66.0
48.0
70.0
69.0
72.0
42.0
74.0
70.0
66.0
62.0
106.0
71.0
63.0
115.0
44.0
69.0
68.0
48.0
66.0
50.0
33.0
73.0
76.0
36.0
38.0
59.0
74.0
61.0
54.0
62.0
64.0
34.0
36.0
56.0
50.0
54.0
117.0
152.0
147.0
110.0
144.0
158.0
148.0
141.0
150.0
146.0
244.0
238.0
266.0
255.0
255.0
241.0
264.0
258.0
260.0
260.0
129.0
119.0
138.0
118.0
136.0
153.0
135.0
134.0
131.0
140.0
125.0
120.0
123.0
136.0
138.0
148.0
151.0
127.0
137.0
143.0
57.0
50.0
45.0
45.0
45.0
59.0
51.0
43.0
44.0
42.0
127.0
144.0
142.0
147.0
132.0
144.0
126.0
128.0
141.0
121.0
133.0
135.0
135.0
130.0
128.0
141.0
134.0
131.0
134.0
127.0
132.0
132.0
127.0
128.0
127.0
127.0
129.0
137.0
129.0
129.0
127.0
129.0
130.0
42.0
43.0
125.0
130.0
43.0
45.0
44.0
42.0
44.0
44.0
48.0
50.0
47.0
45.0
45.0
47.0
45.0
313.0
294.0
294.0
288.0
286.0
297.0
297.0
284.0
290.0
293.0
299.0
289.0
293.0
295.0
289.0
299.0
305.0
293.0
286.0
296.0
300.0
293.0
289.0
292.0
285.0
297.0
281.0
289.0
299.0
290.0
299.0
286.0
288.0
283.0
285.0
296.0
290.0
285.0
301.0
289.0
54.0
49.0
43.0
48.0
46.0
56.0
46.0
46.0
47.0
43.0
291.0
289.0
289.0
285.0
286.0
288.0
291.0
288.0
291.0
281.0
292.0
286.0
284.0
282.0
282.0
289.0
285.0
287.0
291.0
283.0
443.0
443.0
440.0
442.0
444.0
450.0
444.0
449.0
442.0
446.0
283.0
283.0
284.0
48.0
50.0
284.0
281.0
50.0
44.0
46.0
45.0
52.0
46.0
45.0
46.0
47.0
49.0
46.0
42.0
47.0
293.0
289.0
287.0
292.0
291.0
295.0
291.0
290.0
286.0
286.0
294.0
288.0
289.0
292.0
288.0
294.0
285.0
287.0
284.0
286.0
294.0
287.0
289.0
289.0
286.0
294.0
284.0
281.0
281.0
283.0
292.0
283.0
285.0
287.0
284.0
287.0
286.0
280.0
282.0
284.0
53.0
44.0
44.0
48.0
43.0
48.0
46.0
45.0
45.0
45.0
291.0
283.0
287.0
290.0
284.0
289.0
288.0
285.0
284.0
282.0
288.0
294.0
293.0
286.0
281.0
289.0
287.0
285.0
283.0
287.0
286.0
286.0
285.0
285.0
283.0
282.0
283.0
281.0
282.0
285.0
281.0
281.0
281.0
44.0
44.0
280.0
281.0
44.0
43.0
43.0
43.0
43.0
40.0
40.0
43.0
45.0
45.0
42.0
42.0
42.0
759.0
753.0
744.0
746.0
754.0
761.0
760.0
756.0
748.0
744.0
576.0
572.0
585.0
576.0
589.0
592.0
569.0
579.0
574.0
575.0
577.0
569.0
576.0
572.0
570.0
577.0
571.0
567.0
569.0
567.0
574.0
563.0
574.0
572.0
574.0
577.0
565.0
569.0
568.0
568.0
335.0
329.0
47.0
46.0
47.0
51.0
43.0
49.0
45.0
43.0
584.0
574.0
574.0
577.0
570.0
575.0
575.0
574.0
569.0
566.0
790.0
794.0
796.0
788.0
782.0
785.0
794.0
783.0
784.0
781.0
579.0
568.0
570.0
569.0
559.0
569.0
561.0
580.0
564.0
562.0
567.0
565.0
562.0
329.0
44.0
561.0
578.0
333.0
45.0
45.0
328.0
44.0
44.0
44.0
44.0
44.0
43.0
42.0
41.0
46.0
577.0
571.0
570.0
574.0
569.0
583.0
574.0
572.0
567.0
571.0
578.0
572.0
570.0
573.0
571.0
576.0
570.0
568.0
570.0
571.0
577.0
570.0
565.0
572.0
559.0
580.0
569.0
561.0
566.0
567.0
775.0
776.0
769.0
784.0
772.0
782.0
781.0
781.0
786.0
783.0
337.0
336.0
53.0
42.0
46.0
51.0
48.0
48.0
44.0
45.0
575.0
575.0
573.0
567.0
568.0
577.0
572.0
571.0
575.0
566.0
575.0
576.0
569.0
566.0
565.0
572.0
569.0
572.0
568.0
561.0
570.0
568.0
564.0
564.0
564.0
567.0
565.0
564.0
566.0
565.0
577.0
574.0
580.0
328.0
43.0
576.0
575.0
329.0
43.0
41.0
336.0
44.0
42.0
40.0
42.0
43.0
42.0
46.0
44.0
44.0
589.0
607.0
599.0
582.0
759.0
761.0
755.0
732.0
732.0
732.0
751.0
729.0
733.0
729.0
575.0
577.0
571.0
569.0
577.0
566.0
581.0
567.0
568.0
566.0
564.0
583.0
564.0
565.0
565.0
564.0
576.0
570.0
565.0
565.0
565.0
571.0
566.0
567.0
566.0
565.0
337.0
330.0
46.0
45.0
44.0
51.0
43.0
45.0
45.0
49.0
577.0
573.0
576.0
572.0
569.0
575.0
572.0
570.0
571.0
565.0
575.0
574.0
574.0
564.0
565.0
575.0
574.0
571.0
753.0
746.0
774.0
773.0
752.0
757.0
753.0
768.0
768.0
760.0
565.0
573.0
565.0
568.0
563.0
342.0
42.0
570.0
565.0
333.0
42.0
44.0
332.0
43.0
42.0
44.0
41.0
44.0
41.0
43.0
42.0
43.0
584.0
592.0
574.0
576.0
573.0
582.0
574.0
573.0
573.0
572.0
581.0
574.0
576.0
574.0
572.0
583.0
572.0
573.0
569.0
572.0
580.0
569.0
573.0
570.0
569.0
577.0
565.0
566.0
563.0
559.0
777.0
777.0
754.0
794.0
786.0
812.0
810.0
790.0
789.0
788.0
295.0
370.0
34.0
34.0
56.0
41.0
46.0
57.0
56.0
54.0
617.0
615.0
533.0
612.0
605.0
532.0
608.0
608.0
531.0
603.0
553.0
556.0
590.0
587.0
545.0
590.0
588.0
587.0
549.0
578.0
568.0
565.0
565.0
569.0
569.0
565.0
562.0
561.0
566.0
565.0
567.0
568.0
567.0
332.0
47.0
568.0
562.0
329.0
44.0
47.0
326.0
46.0
47.0
43.0
46.0
43.0
44.0
43.0
43.0
45.0
582.0
571.0
570.0
570.0
568.0
585.0
579.0
751.0
745.0
755.0
757.0
751.0
740.0
758.0
755.0
769.0
748.0
588.0
581.0
575.0
581.0
577.0
583.0
575.0
583.0
591.0
567.0
577.0
590.0
567.0
575.0
570.0
563.0
566.0
567.0
581.0
567.0
569.0
566.0
564.0
336.0
330.0
45.0
44.0
48.0
53.0
47.0
47.0
43.0
44.0
575.0
570.0
566.0
574.0
567.0
576.0
572.0
569.0
570.0
566.0
576.0
568.0
566.0
572.0
570.0
575.0
573.0
566.0
584.0
564.0
746.0
750.0
743.0
754.0
751.0
753.0
751.0
740.0
734.0
753.0
565.0
562.0
563.0
332.0
43.0
568.0
566.0
327.0
42.0
45.0
329.0
44.0
41.0
44.0
41.0
44.0
44.0
42.0
43.0
41.0
587.0
575.0
581.0
578.0
581.0
592.0
580.0
581.0
587.0
588.0
600.0
588.0
591.0
593.0
596.0
593.0
586.0
583.0
586.0
585.0
585.0
579.0
576.0
572.0
565.0
577.0
564.0
564.0
569.0
569.0
580.0
571.0
753.0
752.0
754.0
770.0
763.0
763.0
750.0
755.0
532.0
516.0
47.0
53.0
44.0
60.0
55.0
45.0
50.0
47.0
588.0
576.0
583.0
585.0
562.0
585.0
575.0
571.0
584.0
569.0
579.0
571.0
574.0
570.0
570.0
574.0
573.0
572.0
570.0
568.0
574.0
567.0
563.0
568.0
569.0
565.0
569.0
567.0
568.0
568.0
567.0
564.0
565.0
329.0
44.0
565.0
564.0
332.0
42.0
47.0
330.0
44.0
43.0
43.0
43.0
46.0
44.0
42.0
43.0
44.0
586.0
573.0
575.0
575.0
573.0
772.0
772.0
775.0
764.0
768.0
784.0
786.0
773.0
773.0
772.0
576.0
569.0
570.0
573.0
568.0
596.0
574.0
594.0
575.0
568.0
574.0
564.0
563.0
569.0
563.0
580.0
583.0
572.0
567.0
568.0
568.0
567.0
564.0
567.0
562.0
338.0
334.0
46.0
43.0
43.0
51.0
47.0
49.0
45.0
44.0
582.0
577.0
569.0
570.0
564.0
576.0
573.0
568.0
571.0
564.0
579.0
580.0
568.0
565.0
564.0
574.0
570.0
567.0
747.0
756.0
772.0
752.0
772.0
725.0
728.0
771.0
778.0
767.0
545.0
586.0
570.0
567.0
570.0
333.0
45.0
565.0
581.0
328.0
41.0
46.0
333.0
42.0
48.0
41.0
43.0
43.0
47.0
48.0
43.0
43.0
588.0
572.0
571.0
573.0
579.0
584.0
579.0
577.0
569.0
577.0
582.0
574.0
572.0
572.0
575.0
583.0
574.0
571.0
568.0
572.0
579.0
573.0
568.0
569.0
570.0
585.0
571.0
566.0
560.0
570.0
775.0
750.0
745.0
750.0
770.0
778.0
768.0
767.0
759.0
759.0
354.0
329.0
47.0
50.0
52.0
59.0
51.0
49.0
49.0
49.0
583.0
578.0
581.0
580.0
576.0
578.0
580.0
571.0
566.0
568.0
580.0
572.0
574.0
569.0
565.0
575.0
570.0
572.0
566.0
565.0
577.0
566.0
564.0
571.0
568.0
572.0
566.0
565.0
563.0
562.0
566.0
569.0
564.0
331.0
48.0
564.0
569.0
330.0
42.0
45.0
330.0
43.0
44.0
44.0
43.0
45.0
46.0
46.0
45.0
44.0
777.0
775.0
773.0
754.0
764.0
784.0
771.0
773.0
774.0
766.0
610.0
591.0
593.0
594.0
594.0
604.0
599.0
599.0
598.0
603.0
609.0
602.0
600.0
595.0
589.0
595.0
582.0
581.0
578.0
577.0
578.0
562.0
565.0
568.0
566.0
571.0
564.0
563.0
563.0
565.0
341.0
329.0
42.0
44.0
43.0
48.0
43.0
45.0
43.0
43.0
576.0
573.0
569.0
565.0
567.0
574.0
569.0
571.0
570.0
567.0
774.0
767.0
766.0
764.0
761.0
769.0
763.0
765.0
756.0
757.0
569.0
565.0
572.0
565.0
571.0
572.0
565.0
572.0
568.0
563.0
564.0
562.0
567.0
328.0
42.0
564.0
568.0
331.0
43.0
42.0
327.0
42.0
41.0
44.0
44.0
43.0
43.0
43.0
44.0
45.0
585.0
570.0
574.0
574.0
570.0
576.0
572.0
575.0
568.0
573.0
587.0
571.0
576.0
574.0
570.0
576.0
570.0
575.0
567.0
571.0
754.0
750.0
754.0
743.0
749.0
756.0
752.0
738.0
757.0
733.0
607.0
547.0
597.0
546.0
594.0
553.0
590.0
592.0
547.0
592.0
323.0
314.0
47.0
48.0
48.0
58.0
46.0
46.0
49.0
47.0
550.0
601.0
597.0
547.0
589.0
599.0
596.0
595.0
547.0
542.0
551.0
549.0
596.0
592.0
592.0
597.0
594.0
551.0
545.0
589.0
549.0
546.0
592.0
592.0
543.0
590.0
543.0
595.0
590.0
592.0
746.0
710.0
711.0
507.0
47.0
766.0
786.0
531.0
48.0
47.0
529.0
47.0
46.0
46.0
47.0
46.0
49.0
48.0
231.0
232.0
631.0
594.0
597.0
598.0
544.0
614.0
592.0
565.0
569.0
582.0
581.0
574.0
572.0
573.0
573.0
582.0
571.0
569.0
568.0
572.0
578.0
568.0
568.0
566.0
568.0
578.0
565.0
563.0
565.0
564.0
572.0
565.0
565.0
566.0
564.0
570.0
563.0
566.0
565.0
565.0
336.0
328.0
43.0
51.0
45.0
53.0
46.0
42.0
45.0
46.0
753.0
749.0
751.0
752.0
739.0
746.0
759.0
751.0
747.0
736.0
573.0
573.0
571.0
568.0
565.0
570.0
572.0
571.0
565.0
562.0
576.0
564.0
562.0
565.0
568.0
565.0
565.0
565.0
561.0
564.0
566.0
565.0
565.0
328.0
43.0
565.0
567.0
328.0
44.0
44.0
330.0
45.0
41.0
45.0
42.0
45.0
45.0
45.0
46.0
43.0
582.0
576.0
577.0
570.0
574.0
579.0
571.0
569.0
572.0
575.0
760.0
747.0
745.0
744.0
741.0
760.0
748.0
746.0
756.0
755.0
597.0
610.0
614.0
588.0
614.0
586.0
578.0
573.0
609.0
610.0
588.0
584.0
582.0
572.0
577.0
581.0
575.0
569.0
576.0
579.0
338.0
340.0
47.0
45.0
46.0
54.0
45.0
45.0
48.0
44.0
581.0
580.0
594.0
575.0
593.0
580.0
596.0
595.0
578.0
596.0
579.0
594.0
577.0
570.0
567.0
575.0
570.0
570.0
567.0
577.0
773.0
755.0
740.0
769.0
793.0
767.0
742.0
781.0
756.0
740.0
566.0
563.0
562.0
332.0
48.0
562.0
562.0
333.0
44.0
43.0
328.0
42.0
43.0
42.0
44.0
45.0
46.0
43.0
46.0
44.0
578.0
571.0
573.0
572.0
573.0
581.0
571.0
568.0
570.0
569.0
580.0
577.0
578.0
574.0
573.0
578.0
577.0
579.0
579.0
583.0
578.0
594.0
577.0
578.0
569.0
582.0
572.0
565.0
572.0
569.0
762.0
735.0
736.0
739.0
735.0
761.0
750.0
745.0
735.0
745.0
345.0
326.0
43.0
45.0
43.0
53.0
44.0
44.0
48.0
45.0
576.0
576.0
576.0
573.0
562.0
577.0
570.0
576.0
568.0
569.0
575.0
579.0
574.0
572.0
578.0
577.0
579.0
572.0
572.0
566.0
585.0
578.0
569.0
566.0
574.0
583.0
573.0
567.0
586.0
571.0
584.0
570.0
565.0
340.0
43.0
753.0
746.0
328.0
42.0
43.0
331.0
43.0
46.0
43.0
49.0
45.0
53.0
43.0
52.0
42.0
762.0
748.0
750.0
747.0
753.0
757.0
756.0
748.0
571.0
576.0
582.0
575.0
572.0
570.0
572.0
583.0
574.0
572.0
571.0
570.0
581.0
576.0
570.0
570.0
564.0
582.0
569.0
569.0
563.0
567.0
577.0
568.0
568.0
567.0
566.0
574.0
567.0
568.0
565.0
569.0
335.0
329.0
46.0
42.0
42.0
52.0
45.0
42.0
43.0
47.0
770.0
758.0
768.0
762.0
746.0
760.0
773.0
747.0
762.0
767.0
573.0
580.0
595.0
601.0
567.0
576.0
571.0
571.0
566.0
566.0
576.0
568.0
567.0
569.0
567.0
564.0
565.0
567.0
569.0
568.0
567.0
565.0
567.0
329.0
44.0
568.0
564.0
330.0
42.0
45.0
329.0
43.0
43.0
43.0
43.0
44.0
41.0
42.0
44.0
43.0
585.0
573.0
571.0
570.0
572.0
582.0
571.0
572.0
573.0
573.0
776.0
765.0
769.0
762.0
761.0
770.0
768.0
756.0
753.0
754.0
586.0
587.0
580.0
576.0
582.0
597.0
590.0
578.0
589.0
590.0
599.0
586.0
579.0
579.0
572.0
581.0
570.0
571.0
572.0
570.0
333.0
325.0
46.0
42.0
42.0
53.0
43.0
44.0
44.0
46.0
572.0
570.0
574.0
567.0
564.0
572.0
570.0
570.0
568.0
563.0
575.0
577.0
572.0
569.0
568.0
577.0
572.0
572.0
1008.0
1007.0
1136.0
1001.0
997.0
1094.0
997.0
1093.0
1072.0
1073.0
690.0
701.0
704.0
692.0
703.0
363.0
57.0
618.0
614.0
357.0
59.0
57.0
357.0
53.0
51.0
56.0
51.0
54.0
56.0
54.0
48.0
50.0
631.0
616.0
617.0
620.0
619.0
680.0
664.0
661.0
656.0
654.0
649.0
622.0
620.0
630.0
610.0
574.0
576.0
575.0
574.0
571.0
578.0
567.0
575.0
570.0
755.0
753.0
768.0
743.0
765.0
764.0
811.0
749.0
756.0
753.0
573.0
565.0
597.0
572.0
575.0
574.0
338.0
328.0
42.0
43.0
42.0
51.0
44.0
51.0
44.0
48.0
576.0
569.0
565.0
568.0
561.0
570.0
569.0
571.0
565.0
561.0
569.0
568.0
567.0
565.0
565.0
569.0
568.0
567.0
561.0
564.0
567.0
566.0
567.0
564.0
564.0
567.0
566.0
564.0
562.0
567.0
557.0
555.0
556.0
332.0
43.0
552.0
527.0
322.0
46.0
41.0
331.0
45.0
44.0
43.0
44.0
43.0
43.0
43.0
43.0
39.0
