5.0
4.0
4.0
4.0
4.0
4.0
5.0
4.0
4.0
4.0
12.0
97.0
97.0
98.0
97.0
97.0
97.0
98.0
98.0
97.0
96.0
92.0
92.0
92.0
92.0
93.0
2684.0
5781.0
5779.0
12.0
92.0
92.0
92.0
92.0
92.0
92.0
92.0
92.0
92.0
92.0
92.0
92.0
92.0
92.0
92.0
2689.0
5791.0
5788.0
5789.0
11.0
92.0
92.0
92.0
92.0
92.0
92.0
93.0
92.0
107.0
107.0
92.0
92.0
92.0
92.0
91.0
2683.0
5784.0
5762.0
5775.0
11.0
91.0
92.0
92.0
92.0
91.0
92.0
133.0
91.0
92.0
92.0
92.0
92.0
92.0
92.0
91.0
2702.0
5769.0
5776.0
5755.0
11.0
92.0
92.0
92.0
92.0
92.0
92.0
92.0
92.0
92.0
92.0
92.0
106.0
108.0
107.0
94.0
2660.0
5744.0
5745.0
5741.0
11.0
92.0
92.0
92.0
92.0
93.0
92.0
106.0
107.0
93.0
92.0
92.0
92.0
92.0
92.0
92.0
2677.0
5770.0
5763.0
5770.0
11.0
92.0
92.0
91.0
92.0
91.0
92.0
92.0
92.0
92.0
91.0
92.0
92.0
92.0
91.0
92.0
2678.0
5801.0
5774.0
5773.0
11.0
91.0
104.0
107.0
94.0
91.0
92.0
91.0
92.0
91.0
92.0
91.0
92.0
91.0
92.0
92.0
2704.0
5809.0
5850.0
5664.0
11.0
92.0
92.0
99.0
100.0
102.0
101.0
101.0
100.0
93.0
92.0
92.0
92.0
92.0
91.0
91.0
2695.0
5588.0
5629.0
5511.0
11.0
92.0
92.0
92.0
92.0
92.0
92.0
92.0
92.0
91.0
91.0
92.0
91.0
92.0
92.0
92.0
2492.0
5038.0
5007.0
5016.0
11.0
11.0
11.0
11.0
11.0
11.0
10.0
10.0
4.0
4.0
92.0
92.0
91.0
92.0
92.0
91.0
92.0
92.0
4.0
4.0
92.0
92.0
91.0
91.0
92.0
91.0
91.0
91.0
3.0
3.0
92.0
92.0
91.0
92.0
92.0
92.0
91.0
91.0
4.0
4.0
91.0
92.0
92.0
92.0
92.0
91.0
91.0
91.0
4.0
4.0
92.0
92.0
92.0
92.0
91.0
92.0
92.0
92.0
4.0
4.0
92.0
92.0
92.0
92.0
92.0
92.0
91.0
91.0
4.0
4.0
92.0
92.0
119.0
119.0
118.0
118.0
118.0
118.0
4.0
4.0
119.0
118.0
119.0
119.0
91.0
91.0
92.0
92.0
4.0
3.0
92.0
92.0
91.0
91.0
91.0
92.0
92.0
92.0
3.0
4.0
92.0
92.0
92.0
92.0
92.0
92.0
91.0
92.0
3.0
4.0
92.0
92.0
92.0
92.0
92.0
91.0
92.0
92.0
4.0
4.0
92.0
92.0
92.0
92.0
92.0
92.0
91.0
91.0
4.0
4.0
91.0
92.0
92.0
92.0
92.0
91.0
91.0
92.0
4.0
4.0
92.0
92.0
92.0
92.0
92.0
92.0
91.0
92.0
3.0
3.0
92.0
92.0
92.0
92.0
92.0
91.0
91.0
92.0
4.0
3.0
2683.0
2679.0
2681.0
2685.0
2679.0
2680.0
2681.0
2681.0
2591.0
4.0
5772.0
5790.0
5788.0
5785.0
5796.0
5787.0
5791.0
5678.0
3100.0
5836.0
5843.0
5855.0
5850.0
5858.0
5856.0
5762.0
3161.0
5858.0
5757.0
5782.0
5754.0
5757.0
5753.0
5681.0
3086.0
3.0
3.0
4.0
4.0
10.0
10.0
11.0
11.0
3.0
3.0
95.0
95.0
95.0
95.0
91.0
91.0
107.0
106.0
3.0
3.0
95.0
95.0
95.0
95.0
91.0
91.0
91.0
92.0
3.0
3.0
95.0
95.0
95.0
95.0
91.0
92.0
92.0
91.0
3.0
4.0
95.0
95.0
95.0
95.0
106.0
106.0
91.0
91.0
4.0
3.0
95.0
95.0
95.0
95.0
128.0
129.0
92.0
91.0
3.0
4.0
95.0
95.0
95.0
95.0
92.0
91.0
91.0
91.0
3.0
4.0
95.0
95.0
95.0
95.0
91.0
92.0
92.0
91.0
3.0
3.0
110.0
109.0
95.0
96.0
91.0
91.0
92.0
91.0
4.0
3.0
95.0
95.0
95.0
96.0
91.0
91.0
92.0
91.0
3.0
3.0
95.0
95.0
95.0
95.0
91.0
91.0
91.0
91.0
3.0
4.0
96.0
95.0
96.0
96.0
92.0
92.0
91.0
92.0
3.0
4.0
95.0
95.0
95.0
95.0
91.0
91.0
91.0
91.0
3.0
4.0
95.0
95.0
95.0
95.0
91.0
91.0
91.0
92.0
3.0
3.0
95.0
95.0
95.0
95.0
107.0
107.0
107.0
107.0
4.0
3.0
110.0
111.0
95.0
95.0
91.0
91.0
91.0
91.0
3.0
4.0
2719.0
2731.0
2724.0
2729.0
2718.0
2716.0
2675.0
2681.0
2588.0
4.0
5802.0
5821.0
5806.0
5796.0
5796.0
5801.0
5831.0
5736.0
3142.0
5873.0
5828.0
5875.0
5872.0
5864.0
5855.0
5754.0
3091.0
5820.0
5758.0
5792.0
5828.0
5825.0
5826.0
5741.0
3075.0
11.0
11.0
11.0
10.0
10.0
11.0
10.0
10.0
4.0
3.0
91.0
91.0
91.0
91.0
92.0
91.0
92.0
91.0
4.0
3.0
92.0
105.0
92.0
91.0
129.0
91.0
91.0
91.0
4.0
3.0
91.0
92.0
91.0
91.0
92.0
91.0
91.0
91.0
3.0
4.0
91.0
91.0
91.0
91.0
91.0
91.0
91.0
108.0
16.0
4.0
94.0
92.0
93.0
92.0
92.0
91.0
91.0
92.0
4.0
3.0
91.0
91.0
91.0
91.0
92.0
91.0
91.0
93.0
4.0
3.0
92.0
91.0
91.0
91.0
92.0
91.0
106.0
106.0
4.0
3.0
141.0
127.0
126.0
91.0
92.0
93.0
93.0
92.0
3.0
4.0
91.0
92.0
93.0
94.0
94.0
93.0
92.0
91.0
4.0
3.0
91.0
91.0
92.0
91.0
92.0
92.0
91.0
91.0
3.0
3.0
91.0
91.0
92.0
91.0
92.0
91.0
91.0
91.0
4.0
3.0
130.0
130.0
130.0
92.0
92.0
91.0
92.0
92.0
4.0
3.0
92.0
91.0
91.0
91.0
91.0
92.0
92.0
93.0
4.0
3.0
93.0
93.0
93.0
94.0
93.0
93.0
92.0
93.0
4.0
3.0
93.0
93.0
93.0
93.0
93.0
93.0
93.0
93.0
4.0
3.0
2709.0
2706.0
2698.0
2704.0
2707.0
2704.0
2705.0
2706.0
2619.0
4.0
5830.0
5825.0
5824.0
5825.0
5819.0
5841.0
5802.0
5715.0
3109.0
5832.0
5821.0
5805.0
5819.0
5810.0
5805.0
5719.0
3100.0
5790.0
5807.0
5805.0
5848.0
5843.0
5871.0
5769.0
3078.0
22.0
12.0
11.0
10.0
10.0
11.0
10.0
10.0
4.0
3.0
91.0
92.0
91.0
91.0
92.0
91.0
91.0
91.0
3.0
3.0
91.0
91.0
91.0
92.0
91.0
91.0
102.0
106.0
4.0
4.0
92.0
91.0
91.0
127.0
127.0
91.0
91.0
91.0
3.0
4.0
91.0
91.0
91.0
91.0
91.0
91.0
91.0
91.0
4.0
3.0
91.0
92.0
91.0
91.0
92.0
91.0
91.0
91.0
3.0
4.0
91.0
110.0
110.0
91.0
91.0
91.0
91.0
92.0
3.0
3.0
92.0
91.0
91.0
91.0
91.0
91.0
91.0
91.0
3.0
4.0
91.0
91.0
91.0
91.0
91.0
91.0
91.0
91.0
4.0
3.0
115.0
117.0
117.0
141.0
139.0
139.0
91.0
91.0
3.0
3.0
91.0
91.0
92.0
91.0
91.0
91.0
91.0
91.0
4.0
3.0
91.0
91.0
91.0
91.0
91.0
91.0
91.0
91.0
3.0
3.0
91.0
91.0
92.0
91.0
91.0
91.0
91.0
92.0
3.0
3.0
91.0
91.0
98.0
100.0
101.0
99.0
103.0
103.0
3.0
4.0
94.0
94.0
95.0
94.0
92.0
93.0
91.0
91.0
3.0
4.0
92.0
92.0
91.0
91.0
91.0
91.0
91.0
91.0
3.0
3.0
2693.0
2694.0
2698.0
2693.0
2694.0
2698.0
2661.0
2658.0
2569.0
3.0
5821.0
5817.0
5852.0
5865.0
5841.0
5840.0
5841.0
5759.0
3132.0
5757.0
5797.0
5791.0
5792.0
5789.0
5790.0
5706.0
3075.0
5790.0
5803.0
5802.0
5801.0
5795.0
5818.0
5719.0
3127.0
10.0
11.0
10.0
11.0
10.0
10.0
11.0
10.0
3.0
4.0
91.0
91.0
99.0
103.0
101.0
95.0
91.0
129.0
4.0
3.0
92.0
91.0
92.0
91.0
91.0
91.0
91.0
91.0
4.0
3.0
91.0
91.0
92.0
92.0
91.0
91.0
91.0
104.0
4.0
3.0
108.0
94.0
91.0
91.0
91.0
91.0
91.0
92.0
4.0
3.0
92.0
91.0
91.0
91.0
91.0
91.0
91.0
91.0
4.0
3.0
91.0
91.0
127.0
127.0
92.0
91.0
92.0
91.0
3.0
3.0
91.0
91.0
91.0
91.0
92.0
92.0
91.0
91.0
3.0
4.0
91.0
91.0
91.0
91.0
91.0
91.0
92.0
91.0
3.0
4.0
91.0
91.0
91.0
91.0
107.0
107.0
110.0
93.0
4.0
4.0
92.0
91.0
91.0
92.0
92.0
91.0
91.0
91.0
3.0
3.0
91.0
91.0
91.0
91.0
91.0
91.0
92.0
91.0
3.0
3.0
92.0
92.0
91.0
91.0
91.0
91.0
92.0
91.0
3.0
4.0
91.0
91.0
91.0
91.0
91.0
91.0
91.0
91.0
3.0
3.0
91.0
92.0
92.0
121.0
122.0
122.0
122.0
122.0
34.0
3.0
92.0
91.0
91.0
92.0
91.0
91.0
91.0
92.0
3.0
4.0
2675.0
2677.0
2680.0
2679.0
2682.0
2679.0
2664.0
2661.0
2569.0
3.0
5794.0
5800.0
5796.0
5796.0
5794.0
5792.0
5767.0
5686.0
3111.0
5878.0
5851.0
5884.0
5890.0
5880.0
5923.0
5777.0
3171.0
5913.0
5808.0
5871.0
5872.0
5839.0
5825.0
5744.0
3115.0
4.0
4.0
3.0
4.0
11.0
10.0
10.0
10.0
3.0
4.0
95.0
95.0
96.0
143.0
92.0
91.0
92.0
92.0
3.0
4.0
95.0
95.0
96.0
95.0
91.0
91.0
91.0
91.0
4.0
3.0
95.0
99.0
98.0
95.0
104.0
106.0
94.0
91.0
3.0
4.0
95.0
95.0
95.0
95.0
91.0
91.0
92.0
91.0
3.0
4.0
130.0
131.0
95.0
95.0
92.0
91.0
91.0
91.0
3.0
4.0
95.0
95.0
95.0
95.0
92.0
92.0
91.0
91.0
4.0
3.0
95.0
95.0
95.0
95.0
91.0
92.0
123.0
123.0
4.0
4.0
96.0
94.0
95.0
95.0
92.0
92.0
92.0
92.0
3.0
4.0
95.0
95.0
95.0
95.0
91.0
91.0
92.0
92.0
4.0
3.0
95.0
95.0
95.0
95.0
91.0
92.0
91.0
91.0
3.0
4.0
128.0
127.0
128.0
128.0
123.0
91.0
92.0
91.0
3.0
4.0
95.0
95.0
95.0
96.0
91.0
92.0
92.0
91.0
3.0
3.0
95.0
95.0
95.0
95.0
91.0
91.0
91.0
91.0
4.0
3.0
95.0
95.0
95.0
95.0
92.0
91.0
92.0
91.0
4.0
3.0
95.0
95.0
95.0
96.0
92.0
91.0
91.0
92.0
3.0
3.0
2751.0
2742.0
2733.0
2759.0
2758.0
2753.0
2697.0
2699.0
2608.0
3.0
5858.0
5849.0
5868.0
5844.0
5849.0
5854.0
5866.0
5766.0
3152.0
5837.0
5826.0
5831.0
5854.0
5822.0
5824.0
5747.0
3128.0
5824.0
5845.0
5839.0
5824.0
5827.0
5820.0
5732.0
3128.0
10.0
11.0
10.0
10.0
11.0
10.0
11.0
10.0
3.0
4.0
91.0
107.0
91.0
92.0
91.0
91.0
92.0
91.0
3.0
4.0
91.0
141.0
92.0
91.0
91.0
92.0
91.0
91.0
4.0
3.0
91.0
92.0
92.0
91.0
91.0
91.0
91.0
91.0
4.0
3.0
91.0
92.0
92.0
91.0
91.0
91.0
106.0
106.0
4.0
3.0
91.0
92.0
91.0
91.0
91.0
91.0
91.0
128.0
4.0
3.0
128.0
91.0
92.0
91.0
91.0
92.0
91.0
91.0
3.0
4.0
91.0
91.0
91.0
91.0
91.0
91.0
91.0
92.0
4.0
3.0
92.0
93.0
92.0
92.0
92.0
92.0
92.0
92.0
4.0
3.0
106.0
106.0
107.0
93.0
92.0
92.0
91.0
91.0
3.0
3.0
93.0
92.0
92.0
92.0
92.0
92.0
91.0
91.0
3.0
4.0
92.0
92.0
92.0
93.0
94.0
95.0
132.0
131.0
4.0
4.0
129.0
129.0
92.0
92.0
91.0
92.0
92.0
92.0
3.0
3.0
93.0
93.0
93.0
93.0
92.0
93.0
92.0
92.0
3.0
4.0
91.0
91.0
92.0
91.0
91.0
91.0
93.0
93.0
3.0
3.0
93.0
93.0
92.0
92.0
92.0
91.0
91.0
91.0
4.0
4.0
2750.0
2749.0
2748.0
2757.0
2755.0
2753.0
2760.0
2767.0
2646.0
3.0
5815.0
5816.0
5813.0
5864.0
5877.0
5844.0
5821.0
5727.0
3105.0
5843.0
5954.0
5941.0
5952.0
5892.0
5864.0
5816.0
3149.0
5894.0
5836.0
5827.0
5827.0
5829.0
5823.0
5737.0
3117.0
10.0
10.0
11.0
10.0
10.0
11.0
10.0
10.0
4.0
3.0
91.0
92.0
91.0
91.0
91.0
92.0
105.0
92.0
3.0
3.0
91.0
91.0
91.0
128.0
130.0
92.0
91.0
91.0
3.0
4.0
91.0
92.0
91.0
91.0
92.0
91.0
91.0
91.0
3.0
4.0
91.0
91.0
91.0
91.0
91.0
91.0
91.0
91.0
4.0
3.0
106.0
107.0
134.0
133.0
91.0
91.0
92.0
92.0
3.0
4.0
91.0
91.0
91.0
91.0
92.0
92.0
91.0
91.0
3.0
3.0
99.0
101.0
94.0
92.0
92.0
91.0
92.0
92.0
4.0
3.0
91.0
107.0
107.0
107.0
91.0
91.0
91.0
92.0
3.0
4.0
91.0
91.0
91.0
121.0
121.0
121.0
91.0
91.0
4.0
3.0
91.0
91.0
91.0
92.0
91.0
91.0
91.0
92.0
3.0
3.0
91.0
91.0
91.0
92.0
91.0
92.0
92.0
91.0
3.0
3.0
91.0
91.0
91.0
91.0
91.0
92.0
91.0
91.0
3.0
3.0
92.0
91.0
91.0
91.0
91.0
91.0
91.0
92.0
4.0
3.0
91.0
92.0
91.0
91.0
91.0
91.0
91.0
91.0
3.0
4.0
91.0
91.0
91.0
103.0
106.0
106.0
106.0
106.0
16.0
4.0
2737.0
2730.0
2730.0
2731.0
2728.0
2729.0
2737.0
2739.0
2655.0
16.0
5842.0
5843.0
5853.0
5847.0
5841.0
5839.0
5839.0
5741.0
3104.0
5881.0
5927.0
5922.0
5937.0
5934.0
5923.0
5853.0
3158.0
5937.0
6004.0
6004.0
6002.0
6070.0
6002.0
5919.0
3181.0
11.0
10.0
10.0
11.0
10.0
10.0
10.0
10.0
4.0
3.0
91.0
92.0
91.0
123.0
92.0
91.0
91.0
92.0
3.0
3.0
92.0
137.0
92.0
91.0
92.0
92.0
91.0
92.0
4.0
3.0
120.0
119.0
91.0
91.0
91.0
91.0
91.0
91.0
4.0
3.0
90.0
91.0
120.0
121.0
91.0
91.0
91.0
91.0
3.0
3.0
91.0
92.0
115.0
114.0
91.0
92.0
91.0
91.0
4.0
3.0
91.0
91.0
92.0
92.0
91.0
91.0
139.0
139.0
4.0
3.0
92.0
92.0
91.0
91.0
91.0
91.0
123.0
122.0
4.0
3.0
123.0
91.0
91.0
91.0
91.0
91.0
91.0
91.0
3.0
3.0
90.0
91.0
91.0
115.0
115.0
115.0
91.0
91.0
3.0
3.0
91.0
91.0
91.0
92.0
91.0
91.0
91.0
92.0
4.0
3.0
91.0
91.0
91.0
91.0
118.0
119.0
119.0
119.0
3.0
3.0
91.0
91.0
91.0
91.0
91.0
91.0
91.0
91.0
3.0
4.0
91.0
91.0
91.0
91.0
91.0
92.0
91.0
91.0
4.0
4.0
91.0
91.0
116.0
116.0
117.0
117.0
117.0
116.0
4.0
3.0
91.0
92.0
91.0
91.0
91.0
91.0
91.0
91.0
4.0
3.0
2850.0
2852.0
2889.0
2888.0
2879.0
2874.0
2930.0
2923.0
2807.0
3.0
6310.0
6294.0
6316.0
6315.0
6311.0
6314.0
6323.0
6225.0
3349.0
6113.0
5943.0
5955.0
5953.0
5952.0
5949.0
5888.0
3151.0
5832.0
5777.0
5770.0
5791.0
5792.0
5825.0
5666.0
3095.0
12.0
10.0
11.0
10.0
10.0
11.0
10.0
3.0
4.0
3.0
91.0
92.0
91.0
92.0
91.0
91.0
91.0
4.0
3.0
3.0
149.0
91.0
91.0
91.0
92.0
92.0
91.0
3.0
3.0
4.0
91.0
91.0
91.0
91.0
91.0
91.0
91.0
3.0
4.0
3.0
91.0
92.0
93.0
92.0
93.0
94.0
107.0
3.0
4.0
3.0
108.0
94.0
91.0
91.0
91.0
91.0
91.0
4.0
3.0
3.0
91.0
91.0
92.0
91.0
91.0
91.0
91.0
4.0
3.0
3.0
91.0
92.0
92.0
91.0
91.0
91.0
91.0
3.0
4.0
3.0
106.0
107.0
92.0
91.0
91.0
91.0
91.0
3.0
3.0
4.0
91.0
91.0
91.0
91.0
91.0
91.0
91.0
3.0
3.0
4.0
91.0
91.0
92.0
127.0
127.0
127.0
91.0
3.0
4.0
3.0
91.0
91.0
91.0
91.0
91.0
91.0
91.0
4.0
3.0
3.0
91.0
91.0
91.0
91.0
91.0
91.0
91.0
3.0
3.0
3.0
91.0
91.0
91.0
91.0
91.0
91.0
91.0
3.0
3.0
3.0
92.0
91.0
91.0
91.0
91.0
92.0
91.0
3.0
3.0
4.0
91.0
91.0
91.0
91.0
91.0
91.0
91.0
3.0
4.0
3.0
2677.0
2677.0
2677.0
2677.0
2681.0
2675.0
2662.0
2585.0
2575.0
3.0
5792.0
5806.0
5802.0
5794.0
5791.0
5794.0
5696.0
5703.0
3116.0
5791.0
5818.0
5833.0
5839.0
5831.0
5729.0
5742.0
3091.0
5833.0
5502.0
5439.0
5452.0
5222.0
5224.0
5200.0
5114.0
2888.0
