19.0
17.0
11.0
11.0
11.0
12.0
11.0
10.0
16.0
16.0
27.0
216.0
410.0
244.0
245.0
241.0
244.0
240.0
424.0
409.0
227.0
388.0
242.0
240.0
243.0
242.0
243.0
199.0
241.0
215.0
41.0
99.0
278.0
238.0
240.0
239.0
240.0
242.0
197.0
239.0
203.0
237.0
239.0
242.0
243.0
242.0
243.0
210.0
209.0
216.0
24.0
123.0
242.0
216.0
217.0
242.0
240.0
240.0
240.0
239.0
238.0
208.0
241.0
210.0
208.0
240.0
239.0
238.0
239.0
241.0
24.0
116.0
206.0
235.0
234.0
205.0
206.0
233.0
234.0
235.0
233.0
234.0
205.0
205.0
204.0
234.0
235.0
204.0
236.0
235.0
20.0
114.0
234.0
235.0
212.0
211.0
239.0
238.0
238.0
210.0
239.0
239.0
238.0
237.0
205.0
204.0
235.0
235.0
234.0
205.0
24.0
120.0
240.0
239.0
240.0
208.0
208.0
241.0
240.0
208.0
239.0
239.0
240.0
240.0
241.0
208.0
208.0
209.0
240.0
241.0
20.0
116.0
237.0
205.0
204.0
236.0
237.0
236.0
238.0
205.0
238.0
241.0
351.0
325.0
324.0
351.0
350.0
351.0
352.0
324.0
20.0
228.0
348.0
205.0
204.0
235.0
234.0
234.0
205.0
235.0
234.0
234.0
235.0
204.0
203.0
235.0
204.0
235.0
235.0
235.0
18.0
114.0
234.0
203.0
202.0
234.0
234.0
235.0
204.0
235.0
234.0
235.0
233.0
205.0
203.0
233.0
233.0
203.0
235.0
238.0
18.0
115.0
238.0
237.0
211.0
210.0
210.0
237.0
237.0
237.0
238.0
231.0
205.0
204.0
231.0
228.0
198.0
215.0
215.0
212.0
27.0
123.0
226.0
385.0
427.0
242.0
242.0
242.0
426.0
385.0
240.0
241.0
198.0
241.0
242.0
242.0
242.0
242.0
241.0
217.0
22.0
193.0
313.0
199.0
242.0
242.0
241.0
241.0
200.0
241.0
234.0
239.0
200.0
245.0
244.0
245.0
245.0
244.0
217.0
216.0
27.0
112.0
246.0
245.0
209.0
243.0
243.0
242.0
242.0
241.0
208.0
209.0
244.0
242.0
209.0
241.0
241.0
241.0
240.0
210.0
25.0
120.0
210.0
257.0
258.0
257.0
226.0
226.0
257.0
257.0
256.0
256.0
225.0
209.0
240.0
240.0
240.0
210.0
210.0
240.0
25.0
121.0
240.0
241.0
209.0
243.0
242.0
241.0
209.0
240.0
210.0
241.0
241.0
241.0
209.0
241.0
210.0
240.0
241.0
240.0
22.0
105.0
240.0
240.0
241.0
209.0
209.0
210.0
244.0
242.0
244.0
243.0
243.0
244.0
217.0
244.0
216.0
216.0
241.0
241.0
25.0
120.0
242.0
209.0
239.0
210.0
240.0
241.0
209.0
240.0
241.0
241.0
241.0
210.0
208.0
240.0
240.0
209.0
241.0
240.0
25.0
120.0
241.0
209.0
242.0
208.0
210.0
240.0
240.0
239.0
240.0
239.0
210.0
210.0
241.0
244.0
210.0
245.0
243.0
244.0
24.0
120.0
244.0
216.0
215.0
244.0
215.0
243.0
240.0
240.0
239.0
240.0
240.0
208.0
209.0
207.0
240.0
238.0
240.0
239.0
11.0
11.0
12.0
11.0
11.0
11.0
11.0
10.0
12.0
12.0
10.0
11.0
10.0
11.0
9.0
11.0
12.0
10.0
10.0
12.0
22.0
103.0
238.0
208.0
239.0
207.0
239.0
240.0
240.0
241.0
208.0
240.0
207.0
207.0
238.0
239.0
239.0
208.0
238.0
238.0
23.0
119.0
241.0
213.0
213.0
243.0
240.0
241.0
242.0
214.0
267.0
266.0
234.0
265.0
234.0
264.0
265.0
266.0
233.0
265.0
24.0
118.0
239.0
207.0
208.0
238.0
238.0
209.0
239.0
239.0
238.0
239.0
207.0
240.0
208.0
238.0
207.0
238.0
238.0
239.0
23.0
119.0
241.0
207.0
208.0
238.0
239.0
207.0
238.0
238.0
239.0
238.0
207.0
238.0
208.0
243.0
214.0
243.0
242.0
240.0
20.0
121.0
243.0
213.0
213.0
241.0
208.0
238.0
240.0
238.0
238.0
238.0
208.0
207.0
237.0
238.0
207.0
241.0
238.0
239.0
23.0
118.0
207.0
237.0
208.0
239.0
239.0
208.0
239.0
239.0
238.0
239.0
208.0
206.0
238.0
207.0
239.0
238.0
239.0
239.0
23.0
103.0
208.0
242.0
242.0
242.0
215.0
215.0
243.0
242.0
242.0
215.0
243.0
238.0
238.0
207.0
238.0
207.0
237.0
239.0
22.0
102.0
239.0
239.0
238.0
236.0
207.0
205.0
206.0
238.0
238.0
238.0
238.0
239.0
206.0
240.0
206.0
239.0
206.0
239.0
18.0
114.0
234.0
235.0
203.0
234.0
202.0
203.0
232.0
233.0
234.0
237.0
236.0
210.0
209.0
208.0
270.0
271.0
270.0
270.0
9.0
9.0
9.0
13.0
9.0
9.0
9.0
9.0
9.0
9.0
9.0
9.0
9.0
9.0
9.0
9.0
9.0
9.0
9.0
9.0
22.0
153.0
241.0
274.0
271.0
243.0
240.0
238.0
241.0
239.0
238.0
240.0
206.0
207.0
205.0
240.0
239.0
237.0
239.0
237.0
23.0
119.0
238.0
207.0
207.0
209.0
239.0
238.0
238.0
238.0
239.0
238.0
239.0
208.0
206.0
208.0
239.0
238.0
237.0
238.0
22.0
119.0
240.0
209.0
210.0
239.0
209.0
242.0
241.0
242.0
240.0
241.0
207.0
206.0
209.0
239.0
239.0
238.0
239.0
238.0
23.0
119.0
207.0
238.0
207.0
208.0
236.0
238.0
236.0
239.0
238.0
239.0
207.0
207.0
208.0
237.0
239.0
238.0
237.0
239.0
20.0
118.0
207.0
206.0
239.0
207.0
237.0
238.0
239.0
240.0
241.0
210.0
210.0
210.0
242.0
240.0
240.0
241.0
241.0
238.0
22.0
119.0
208.0
207.0
208.0
239.0
239.0
238.0
238.0
238.0
239.0
237.0
206.0
207.0
207.0
239.0
239.0
240.0
238.0
240.0
18.0
100.0
202.0
204.0
236.0
236.0
202.0
236.0
236.0
235.0
235.0
204.0
202.0
234.0
234.0
235.0
203.0
237.0
238.0
205.0
17.0
114.0
205.0
287.0
287.0
287.0
288.0
257.0
287.0
285.0
285.0
255.0
254.0
234.0
233.0
204.0
234.0
234.0
233.0
233.0
15.0
73.0
177.0
204.0
204.0
176.0
177.0
202.0
203.0
203.0
204.0
177.0
204.0
204.0
177.0
176.0
204.0
203.0
203.0
201.0
7.0
8.0
8.0
8.0
8.0
7.0
9.0
7.0
9.0
8.0
8.0
7.0
9.0
8.0
8.0
8.0
9.0
9.0
8.0
9.0
19.0
118.0
238.0
206.0
239.0
207.0
206.0
238.0
237.0
237.0
239.0
237.0
215.0
215.0
215.0
242.0
241.0
242.0
241.0
241.0
18.0
117.0
239.0
204.0
203.0
203.0
239.0
235.0
238.0
244.0
238.0
238.0
240.0
217.0
218.0
220.0
231.0
232.0
229.0
230.0
18.0
112.0
230.0
217.0
228.0
217.0
219.0
227.0
226.0
226.0
215.0
226.0
225.0
213.0
211.0
224.0
211.0
224.0
211.0
231.0
17.0
108.0
230.0
229.0
217.0
217.0
217.0
230.0
229.0
228.0
219.0
225.0
224.0
210.0
225.0
209.0
210.0
225.0
224.0
210.0
18.0
110.0
225.0
225.0
210.0
210.0
209.0
224.0
224.0
225.0
224.0
211.0
227.0
228.0
210.0
210.0
209.0
226.0
226.0
227.0
18.0
112.0
211.0
224.0
225.0
210.0
210.0
225.0
210.0
229.0
233.0
229.0
219.0
278.0
273.0
278.0
272.0
273.0
278.0
273.0
18.0
156.0
271.0
269.0
220.0
220.0
219.0
218.0
218.0
217.0
216.0
218.0
217.0
219.0
217.0
219.0
219.0
218.0
217.0
216.0
16.0
105.0
217.0
215.0
217.0
215.0
217.0
218.0
217.0
215.0
216.0
216.0
215.0
217.0
217.0
216.0
216.0
217.0
217.0
215.0
16.0
78.0
189.0
193.0
195.0
194.0
195.0
194.0
194.0
196.0
194.0
195.0
194.0
189.0
189.0
187.0
188.0
187.0
188.0
189.0
8.0
8.0
8.0
8.0
8.0
8.0
8.0
8.0
8.0
8.0
8.0
8.0
8.0
8.0
8.0
8.0
8.0
8.0
8.0
8.0
16.0
106.0
218.0
216.0
216.0
214.0
216.0
218.0
217.0
217.0
217.0
218.0
218.0
217.0
218.0
216.0
217.0
218.0
217.0
217.0
17.0
106.0
216.0
216.0
217.0
217.0
215.0
214.0
217.0
217.0
218.0
217.0
216.0
222.0
223.0
221.0
223.0
223.0
223.0
223.0
16.0
113.0
223.0
223.0
215.0
217.0
217.0
217.0
217.0
215.0
217.0
217.0
217.0
216.0
216.0
217.0
218.0
216.0
215.0
216.0
16.0
106.0
217.0
217.0
216.0
217.0
216.0
216.0
217.0
216.0
215.0
217.0
219.0
217.0
217.0
216.0
216.0
216.0
218.0
216.0
16.0
105.0
216.0
272.0
273.0
273.0
272.0
274.0
273.0
273.0
273.0
272.0
271.0
218.0
218.0
217.0
215.0
218.0
217.0
216.0
17.0
106.0
215.0
215.0
217.0
217.0
216.0
217.0
215.0
217.0
217.0
217.0
217.0
216.0
216.0
217.0
217.0
217.0
217.0
216.0
16.0
78.0
189.0
188.0
189.0
189.0
189.0
189.0
190.0
190.0
188.0
190.0
193.0
194.0
193.0
196.0
195.0
196.0
196.0
195.0
15.0
84.0
196.0
190.0
188.0
188.0
187.0
188.0
187.0
188.0
189.0
189.0
188.0
188.0
187.0
188.0
187.0
189.0
188.0
190.0
11.0
21.0
64.0
64.0
64.0
64.0
65.0
64.0
64.0
64.0
63.0
64.0
65.0
64.0
65.0
64.0
63.0
64.0
64.0
64.0
8.0
8.0
8.0
8.0
8.0
8.0
7.0
8.0
8.0
7.0
8.0
8.0
8.0
8.0
7.0
8.0
8.0
7.0
7.0
7.0
22.0
110.0
220.0
221.0
221.0
220.0
221.0
221.0
220.0
220.0
220.0
221.0
221.0
221.0
220.0
221.0
220.0
220.0
221.0
220.0
22.0
109.0
227.0
227.0
226.0
227.0
227.0
226.0
227.0
227.0
226.0
226.0
221.0
220.0
221.0
220.0
220.0
220.0
221.0
221.0
21.0
110.0
221.0
221.0
220.0
223.0
223.0
223.0
224.0
221.0
219.0
220.0
222.0
221.0
220.0
221.0
221.0
221.0
220.0
221.0
21.0
109.0
221.0
220.0
221.0
221.0
285.0
285.0
322.0
287.0
287.0
287.0
321.0
284.0
287.0
286.0
220.0
218.0
222.0
223.0
22.0
109.0
221.0
221.0
220.0
221.0
222.0
223.0
221.0
221.0
222.0
222.0
222.0
221.0
220.0
222.0
220.0
221.0
221.0
220.0
21.0
110.0
222.0
221.0
220.0
220.0
222.0
222.0
222.0
221.0
220.0
220.0
227.0
227.0
226.0
227.0
226.0
227.0
228.0
227.0
21.0
116.0
226.0
223.0
221.0
220.0
220.0
219.0
221.0
222.0
222.0
222.0
220.0
222.0
224.0
221.0
220.0
222.0
221.0
222.0
20.0
110.0
221.0
221.0
221.0
221.0
221.0
220.0
220.0
219.0
220.0
221.0
221.0
220.0
221.0
221.0
219.0
220.0
220.0
220.0
16.0
106.0
215.0
221.0
220.0
225.0
223.0
224.0
223.0
223.0
224.0
222.0
222.0
217.0
218.0
215.0
217.0
216.0
216.0
217.0
8.0
8.0
8.0
8.0
9.0
8.0
8.0
8.0
8.0
9.0
8.0
8.0
8.0
8.0
8.0
8.0
8.0
8.0
9.0
9.0
17.0
105.0
216.0
218.0
217.0
218.0
218.0
217.0
217.0
218.0
217.0
216.0
217.0
217.0
217.0
218.0
217.0
217.0
217.0
218.0
17.0
106.0
217.0
217.0
217.0
216.0
217.0
216.0
291.0
291.0
291.0
291.0
291.0
291.0
291.0
291.0
290.0
290.0
219.0
218.0
17.0
106.0
218.0
216.0
218.0
218.0
220.0
216.0
217.0
216.0
218.0
217.0
218.0
216.0
218.0
218.0
217.0
218.0
215.0
217.0
17.0
107.0
218.0
219.0
215.0
217.0
216.0
216.0
220.0
215.0
220.0
217.0
217.0
218.0
216.0
218.0
221.0
221.0
221.0
225.0
17.0
106.0
225.0
224.0
223.0
226.0
222.0
225.0
216.0
217.0
216.0
219.0
218.0
218.0
216.0
220.0
215.0
219.0
220.0
218.0
17.0
106.0
219.0
218.0
217.0
219.0
218.0
217.0
218.0
218.0
216.0
216.0
215.0
217.0
218.0
217.0
216.0
216.0
217.0
218.0
17.0
106.0
216.0
216.0
218.0
216.0
218.0
222.0
215.0
220.0
222.0
224.0
223.0
222.0
223.0
223.0
225.0
222.0
220.0
217.0
17.0
78.0
190.0
190.0
188.0
188.0
189.0
188.0
189.0
189.0
189.0
188.0
190.0
189.0
189.0
189.0
189.0
191.0
189.0
189.0
16.0
77.0
188.0
188.0
189.0
190.0
189.0
189.0
189.0
189.0
188.0
187.0
188.0
189.0
188.0
187.0
187.0
187.0
189.0
270.0
8.0
8.0
8.0
8.0
8.0
8.0
8.0
8.0
8.0
8.0
8.0
8.0
8.0
8.0
8.0
8.0
8.0
8.0
8.0
8.0
16.0
186.0
298.0
299.0
298.0
298.0
297.0
297.0
298.0
300.0
218.0
217.0
217.0
219.0
217.0
217.0
216.0
217.0
216.0
218.0
17.0
106.0
218.0
216.0
217.0
216.0
216.0
218.0
216.0
216.0
215.0
218.0
218.0
216.0
216.0
216.0
217.0
216.0
217.0
216.0
17.0
105.0
217.0
218.0
216.0
216.0
215.0
217.0
223.0
220.0
221.0
221.0
228.0
228.0
230.0
234.0
235.0
226.0
226.0
236.0
21.0
113.0
222.0
218.0
224.0
216.0
225.0
217.0
226.0
225.0
218.0
226.0
216.0
217.0
217.0
225.0
226.0
217.0
228.0
217.0
17.0
105.0
226.0
228.0
217.0
217.0
225.0
218.0
224.0
217.0
218.0
221.0
220.0
219.0
217.0
218.0
222.0
221.0
222.0
224.0
16.0
105.0
223.0
221.0
222.0
221.0
224.0
222.0
217.0
216.0
216.0
217.0
218.0
216.0
216.0
217.0
217.0
217.0
216.0
216.0
16.0
43.0
154.0
153.0
154.0
154.0
153.0
154.0
154.0
154.0
153.0
153.0
154.0
154.0
153.0
154.0
153.0
154.0
153.0
154.0
15.0
42.0
153.0
153.0
153.0
153.0
153.0
152.0
151.0
153.0
153.0
153.0
153.0
153.0
153.0
153.0
154.0
245.0
244.0
244.0
11.0
20.0
155.0
155.0
155.0
155.0
154.0
155.0
155.0
63.0
64.0
65.0
64.0
64.0
65.0
64.0
63.0
64.0
64.0
63.0
7.0
8.0
8.0
8.0
8.0
8.0
8.0
8.0
7.0
8.0
8.0
8.0
8.0
8.0
7.0
8.0
7.0
7.0
7.0
8.0
15.0
104.0
217.0
216.0
218.0
215.0
218.0
216.0
216.0
216.0
214.0
215.0
217.0
216.0
215.0
217.0
216.0
215.0
216.0
216.0
16.0
104.0
214.0
216.0
217.0
216.0
218.0
217.0
215.0
215.0
215.0
216.0
215.0
215.0
215.0
217.0
216.0
218.0
215.0
215.0
16.0
104.0
220.0
221.0
223.0
222.0
221.0
221.0
222.0
221.0
222.0
221.0
217.0
214.0
216.0
215.0
215.0
216.0
216.0
216.0
16.0
104.0
217.0
214.0
216.0
215.0
217.0
215.0
215.0
216.0
217.0
215.0
216.0
215.0
216.0
215.0
215.0
215.0
215.0
215.0
15.0
104.0
216.0
216.0
214.0
215.0
217.0
215.0
215.0
215.0
221.0
221.0
221.0
221.0
221.0
222.0
222.0
222.0
221.0
220.0
15.0
104.0
215.0
216.0
215.0
214.0
216.0
217.0
216.0
215.0
215.0
216.0
216.0
215.0
216.0
215.0
216.0
215.0
216.0
215.0
16.0
42.0
153.0
153.0
153.0
152.0
153.0
153.0
153.0
153.0
152.0
152.0
152.0
151.0
152.0
154.0
153.0
152.0
152.0
152.0
7.0
17.0
129.0
127.0
128.0
128.0
230.0
231.0
229.0
230.0
229.0
229.0
231.0
228.0
230.0
230.0
128.0
128.0
129.0
128.0
7.0
8.0
7.0
8.0
8.0
7.0
7.0
7.0
8.0
8.0
7.0
7.0
8.0
8.0
7.0
8.0
7.0
8.0
7.0
7.0
8.0
7.0
7.0
7.0
8.0
8.0
8.0
8.0
8.0
8.0
8.0
7.0
7.0
7.0
7.0
7.0
7.0
8.0
8.0
7.0
16.0
104.0
217.0
214.0
215.0
215.0
216.0
216.0
216.0
217.0
215.0
215.0
215.0
215.0
215.0
215.0
215.0
216.0
214.0
216.0
16.0
105.0
215.0
217.0
214.0
214.0
217.0
214.0
214.0
216.0
215.0
215.0
214.0
216.0
220.0
220.0
221.0
223.0
222.0
221.0
16.0
105.0
222.0
223.0
222.0
221.0
217.0
216.0
218.0
217.0
216.0
217.0
217.0
218.0
216.0
217.0
219.0
220.0
219.0
216.0
15.0
107.0
216.0
217.0
217.0
218.0
215.0
216.0
217.0
217.0
215.0
218.0
217.0
216.0
216.0
217.0
217.0
216.0
216.0
215.0
8.0
79.0
191.0
192.0
192.0
192.0
191.0
192.0
191.0
195.0
196.0
195.0
197.0
195.0
196.0
197.0
196.0
195.0
195.0
193.0
8.0
80.0
190.0
190.0
189.0
191.0
193.0
191.0
193.0
192.0
191.0
191.0
191.0
192.0
192.0
191.0
191.0
191.0
191.0
191.0
7.0
17.0
129.0
128.0
129.0
130.0
130.0
127.0
128.0
128.0
129.0
127.0
128.0
128.0
128.0
128.0
127.0
128.0
127.0
128.0
7.0
8.0
119.0
118.0
118.0
120.0
120.0
118.0
117.0
118.0
119.0
118.0
118.0
117.0
119.0
227.0
226.0
226.0
226.0
225.0
7.0
8.0
7.0
7.0
8.0
7.0
7.0
7.0
7.0
7.0
115.0
116.0
115.0
116.0
115.0
8.0
8.0
8.0
8.0
7.0
7.0
8.0
8.0
8.0
8.0
8.0
8.0
7.0
7.0
7.0
7.0
7.0
7.0
8.0
8.0
8.0
8.0
7.0
8.0
7.0
