17.0
14.0
10.0
15.0
10.0
9.0
15.0
10.0
14.0
14.0
14.0
51.0
31.0
31.0
31.0
32.0
32.0
31.0
52.0
52.0
53.0
31.0
31.0
32.0
31.0
31.0
31.0
52.0
52.0
53.0
9.0
31.0
30.0
30.0
31.0
30.0
120.0
30.0
98.0
98.0
98.0
97.0
97.0
97.0
119.0
120.0
119.0
53.0
32.0
32.0
11.0
33.0
32.0
33.0
33.0
54.0
33.0
34.0
33.0
34.0
54.0
54.0
33.0
32.0
54.0
35.0
33.0
33.0
33.0
32.0
10.0
49.0
32.0
48.0
55.0
33.0
33.0
32.0
33.0
54.0
32.0
34.0
31.0
33.0
34.0
32.0
27.0
34.0
34.0
54.0
10.0
55.0
26.0
33.0
32.0
33.0
32.0
31.0
34.0
32.0
27.0
32.0
33.0
32.0
33.0
33.0
53.0
32.0
33.0
53.0
8.0
26.0
32.0
32.0
33.0
33.0
33.0
33.0
32.0
26.0
52.0
34.0
32.0
33.0
33.0
33.0
51.0
33.0
32.0
27.0
9.0
32.0
32.0
31.0
32.0
33.0
33.0
34.0
26.0
30.0
33.0
33.0
33.0
26.0
33.0
33.0
28.0
34.0
32.0
31.0
10.0
26.0
30.0
31.0
25.0
30.0
30.0
30.0
29.0
30.0
29.0
24.0
25.0
30.0
30.0
30.0
30.0
30.0
29.0
29.0
9.0
25.0
30.0
25.0
30.0
30.0
30.0
30.0
30.0
30.0
30.0
24.0
24.0
30.0
29.0
30.0
30.0
30.0
30.0
25.0
9.0
30.0
25.0
29.0
30.0
30.0
24.0
30.0
30.0
31.0
30.0
25.0
30.0
29.0
29.0
25.0
28.0
28.0
25.0
27.0
13.0
31.0
86.0
31.0
30.0
67.0
31.0
31.0
85.0
86.0
86.0
66.0
66.0
66.0
65.0
65.0
30.0
54.0
51.0
50.0
7.0
29.0
29.0
29.0
29.0
49.0
29.0
28.0
30.0
29.0
29.0
29.0
29.0
29.0
48.0
49.0
54.0
49.0
29.0
29.0
8.0
29.0
29.0
28.0
29.0
29.0
29.0
29.0
29.0
47.0
48.0
29.0
29.0
52.0
49.0
29.0
29.0
28.0
28.0
29.0
7.0
25.0
49.0
49.0
29.0
29.0
29.0
30.0
50.0
53.0
29.0
24.0
30.0
29.0
29.0
29.0
29.0
23.0
49.0
49.0
12.0
51.0
28.0
28.0
29.0
29.0
23.0
29.0
48.0
23.0
28.0
28.0
29.0
28.0
47.0
28.0
48.0
23.0
52.0
49.0
9.0
29.0
29.0
29.0
29.0
29.0
24.0
39.0
94.0
30.0
30.0
30.0
30.0
73.0
25.0
72.0
91.0
73.0
72.0
74.0
51.0
67.0
70.0
29.0
29.0
29.0
49.0
23.0
29.0
29.0
30.0
29.0
48.0
29.0
29.0
29.0
24.0
28.0
28.0
29.0
8.0
49.0
29.0
29.0
29.0
28.0
24.0
48.0
29.0
29.0
29.0
28.0
29.0
29.0
23.0
29.0
48.0
29.0
28.0
29.0
6.0
29.0
28.0
30.0
23.0
28.0
49.0
28.0
29.0
29.0
24.0
29.0
29.0
28.0
29.0
36.0
29.0
28.0
25.0
28.0
7.0
28.0
28.0
29.0
28.0
26.0
29.0
25.0
29.0
28.0
28.0
29.0
28.0
25.0
29.0
29.0
25.0
29.0
29.0
29.0
8.0
26.0
29.0
30.0
30.0
30.0
29.0
26.0
29.0
29.0
30.0
25.0
30.0
30.0
30.0
30.0
30.0
25.0
76.0
78.0
7.0
72.0
75.0
74.0
74.0
74.0
70.0
75.0
76.0
23.0
29.0
28.0
29.0
28.0
24.0
29.0
29.0
29.0
29.0
24.0
7.0
28.0
23.0
29.0
29.0
30.0
29.0
29.0
29.0
29.0
23.0
23.0
29.0
29.0
29.0
28.0
29.0
24.0
29.0
29.0
7.0
24.0
28.0
29.0
23.0
29.0
28.0
29.0
29.0
28.0
28.0
23.0
28.0
23.0
28.0
29.0
29.0
29.0
28.0
23.0
7.0
28.0
29.0
28.0
23.0
28.0
24.0
29.0
29.0
29.0
29.0
29.0
23.0
29.0
28.0
23.0
28.0
28.0
28.0
28.0
8.0
26.0
29.0
30.0
26.0
30.0
26.0
29.0
29.0
29.0
29.0
25.0
29.0
26.0
29.0
26.0
29.0
85.0
80.0
85.0
8.0
83.0
78.0
82.0
82.0
78.0
83.0
82.0
26.0
29.0
25.0
29.0
28.0
25.0
29.0
29.0
28.0
29.0
25.0
25.0
7.0
29.0
25.0
30.0
29.0
29.0
29.0
28.0
28.0
25.0
25.0
26.0
29.0
29.0
29.0
28.0
28.0
28.0
29.0
25.0
6.0
25.0
25.0
29.0
28.0
29.0
29.0
29.0
25.0
29.0
28.0
25.0
25.0
27.0
27.0
28.0
26.0
28.0
28.0
25.0
7.0
25.0
25.0
28.0
28.0
27.0
25.0
28.0
27.0
28.0
26.0
26.0
26.0
27.0
26.0
27.0
28.0
27.0
28.0
26.0
8.0
27.0
27.0
28.0
29.0
27.0
29.0
28.0
27.0
29.0
28.0
26.0
26.0
29.0
29.0
27.0
80.0
80.0
27.0
80.0
7.0
78.0
77.0
77.0
78.0
77.0
76.0
76.0
28.0
28.0
26.0
25.0
28.0
28.0
27.0
27.0
26.0
26.0
27.0
27.0
7.0
26.0
26.0
26.0
27.0
27.0
27.0
26.0
27.0
27.0
27.0
27.0
26.0
26.0
27.0
27.0
27.0
27.0
27.0
27.0
7.0
27.0
27.0
27.0
27.0
27.0
27.0
26.0
27.0
27.0
27.0
27.0
27.0
27.0
27.0
26.0
26.0
27.0
27.0
27.0
7.0
27.0
27.0
26.0
27.0
27.0
27.0
27.0
27.0
27.0
26.0
27.0
27.0
26.0
27.0
27.0
27.0
27.0
26.0
27.0
8.0
28.0
28.0
28.0
27.0
27.0
28.0
28.0
27.0
27.0
28.0
28.0
27.0
28.0
27.0
28.0
28.0
28.0
28.0
81.0
7.0
80.0
80.0
81.0
81.0
79.0
80.0
81.0
80.0
80.0
27.0
27.0
27.0
27.0
27.0
27.0
27.0
27.0
27.0
27.0
7.0
27.0
27.0
26.0
27.0
27.0
28.0
27.0
28.0
27.0
27.0
27.0
27.0
27.0
27.0
27.0
26.0
27.0
26.0
27.0
7.0
27.0
27.0
27.0
27.0
26.0
27.0
27.0
27.0
26.0
27.0
26.0
27.0
27.0
27.0
27.0
26.0
27.0
27.0
26.0
7.0
27.0
27.0
27.0
27.0
26.0
27.0
27.0
26.0
27.0
27.0
26.0
27.0
27.0
26.0
27.0
27.0
26.0
28.0
27.0
8.0
28.0
27.0
28.0
28.0
28.0
28.0
27.0
28.0
28.0
28.0
28.0
28.0
28.0
28.0
28.0
28.0
28.0
84.0
84.0
7.0
82.0
83.0
82.0
82.0
82.0
83.0
83.0
84.0
27.0
27.0
27.0
26.0
27.0
27.0
27.0
27.0
27.0
27.0
27.0
7.0
27.0
27.0
27.0
27.0
27.0
27.0
27.0
27.0
27.0
26.0
28.0
27.0
26.0
27.0
27.0
27.0
27.0
26.0
27.0
7.0
27.0
27.0
27.0
27.0
26.0
27.0
27.0
26.0
27.0
27.0
27.0
27.0
27.0
27.0
26.0
27.0
27.0
27.0
27.0
7.0
26.0
27.0
27.0
27.0
27.0
27.0
26.0
27.0
27.0
27.0
27.0
27.0
28.0
28.0
27.0
27.0
27.0
27.0
27.0
7.0
28.0
28.0
28.0
28.0
28.0
28.0
28.0
28.0
27.0
28.0
28.0
28.0
28.0
28.0
28.0
28.0
28.0
27.0
84.0
7.0
82.0
82.0
83.0
82.0
82.0
83.0
82.0
82.0
82.0
27.0
27.0
27.0
27.0
27.0
28.0
28.0
27.0
27.0
27.0
7.0
27.0
27.0
27.0
27.0
27.0
27.0
27.0
27.0
27.0
27.0
27.0
27.0
27.0
27.0
27.0
27.0
27.0
27.0
27.0
7.0
27.0
27.0
27.0
27.0
26.0
27.0
27.0
27.0
27.0
27.0
27.0
27.0
27.0
26.0
27.0
27.0
26.0
27.0
27.0
7.0
27.0
27.0
27.0
27.0
26.0
27.0
27.0
26.0
27.0
27.0
26.0
27.0
27.0
26.0
27.0
27.0
27.0
27.0
27.0
8.0
28.0
28.0
28.0
27.0
28.0
27.0
28.0
28.0
28.0
27.0
28.0
28.0
27.0
28.0
28.0
28.0
28.0
80.0
81.0
7.0
79.0
80.0
78.0
80.0
79.0
79.0
79.0
78.0
27.0
28.0
27.0
27.0
27.0
27.0
27.0
28.0
27.0
26.0
27.0
7.0
16.0
16.0
16.0
15.0
15.0
16.0
15.0
15.0
16.0
15.0
15.0
15.0
15.0
15.0
16.0
15.0
15.0
15.0
15.0
7.0
16.0
15.0
16.0
16.0
15.0
16.0
16.0
15.0
16.0
16.0
16.0
16.0
15.0
15.0
16.0
15.0
15.0
16.0
15.0
7.0
15.0
15.0
15.0
16.0
15.0
16.0
15.0
15.0
15.0
15.0
15.0
16.0
16.0
15.0
16.0
15.0
16.0
14.0
16.0
8.0
7.0
8.0
8.0
8.0
8.0
7.0
8.0
7.0
8.0
8.0
8.0
8.0
8.0
8.0
9.0
8.0
8.0
8.0
8.0
7.0
7.0
7.0
7.0
7.0
7.0
7.0
6.0
7.0
6.0
7.0
7.0
7.0
6.0
7.0
7.0
7.0
7.0
7.0
6.0
8.0
7.0
7.0
7.0
7.0
7.0
7.0
7.0
6.0
7.0
7.0
7.0
7.0
7.0
7.0
7.0
7.0
6.0
7.0
7.0
7.0
7.0
7.0
7.0
7.0
7.0
6.0
7.0
7.0
7.0
6.0
7.0
7.0
7.0
7.0
7.0
7.0
7.0
7.0
7.0
7.0
6.0
7.0
7.0
7.0
6.0
7.0
7.0
7.0
7.0
7.0
6.0
8.0
7.0
7.0
6.0
69.0
7.0
69.0
67.0
68.0
88.0
87.0
87.0
87.0
88.0
87.0
27.0
27.0
28.0
27.0
27.0
28.0
28.0
28.0
27.0
27.0
27.0
27.0
27.0
7.0
27.0
27.0
26.0
26.0
27.0
27.0
27.0
27.0
27.0
27.0
26.0
27.0
26.0
27.0
26.0
27.0
27.0
27.0
27.0
7.0
26.0
27.0
27.0
27.0
27.0
26.0
27.0
27.0
27.0
27.0
27.0
27.0
27.0
27.0
27.0
27.0
26.0
27.0
27.0
7.0
27.0
27.0
26.0
27.0
26.0
27.0
27.0
26.0
27.0
27.0
27.0
27.0
27.0
26.0
26.0
27.0
27.0
27.0
27.0
7.0
27.0
27.0
27.0
27.0
26.0
27.0
27.0
27.0
27.0
27.0
26.0
26.0
26.0
26.0
85.0
86.0
85.0
85.0
85.0
7.0
85.0
87.0
85.0
86.0
85.0
27.0
27.0
27.0
27.0
27.0
27.0
27.0
26.0
27.0
26.0
27.0
27.0
27.0
27.0
7.0
27.0
26.0
27.0
27.0
27.0
26.0
27.0
27.0
27.0
27.0
27.0
26.0
27.0
27.0
27.0
27.0
27.0
26.0
27.0
7.0
27.0
27.0
27.0
26.0
27.0
27.0
27.0
27.0
26.0
26.0
27.0
27.0
27.0
27.0
26.0
27.0
27.0
27.0
27.0
7.0
27.0
27.0
27.0
27.0
26.0
26.0
27.0
27.0
26.0
27.0
27.0
27.0
27.0
27.0
27.0
27.0
27.0
27.0
27.0
7.0
26.0
27.0
26.0
27.0
27.0
27.0
26.0
27.0
27.0
27.0
27.0
26.0
27.0
26.0
26.0
27.0
27.0
82.0
83.0
7.0
82.0
83.0
82.0
82.0
82.0
83.0
82.0
82.0
28.0
27.0
27.0
27.0
27.0
27.0
27.0
27.0
27.0
27.0
27.0
7.0
27.0
27.0
26.0
27.0
27.0
27.0
26.0
27.0
27.0
27.0
26.0
27.0
26.0
27.0
27.0
27.0
26.0
26.0
27.0
7.0
26.0
26.0
26.0
27.0
26.0
27.0
27.0
27.0
27.0
27.0
27.0
27.0
26.0
27.0
26.0
27.0
27.0
27.0
27.0
7.0
26.0
27.0
26.0
27.0
26.0
27.0
27.0
27.0
26.0
27.0
26.0
26.0
26.0
26.0
27.0
27.0
26.0
26.0
27.0
7.0
27.0
27.0
27.0
27.0
27.0
27.0
27.0
27.0
27.0
26.0
27.0
26.0
26.0
27.0
27.0
26.0
27.0
26.0
27.0
6.0
79.0
79.0
79.0
79.0
78.0
78.0
79.0
79.0
78.0
79.0
27.0
26.0
27.0
27.0
27.0
27.0
27.0
27.0
27.0
7.0
26.0
27.0
26.0
26.0
27.0
27.0
26.0
27.0
27.0
26.0
27.0
26.0
27.0
27.0
26.0
27.0
26.0
27.0
27.0
7.0
27.0
27.0
27.0
26.0
27.0
26.0
27.0
27.0
26.0
27.0
26.0
26.0
27.0
26.0
27.0
27.0
26.0
26.0
27.0
7.0
27.0
27.0
26.0
26.0
27.0
26.0
27.0
26.0
27.0
27.0
27.0
27.0
27.0
27.0
26.0
27.0
26.0
27.0
27.0
6.0
26.0
26.0
26.0
27.0
27.0
27.0
27.0
27.0
26.0
26.0
27.0
26.0
26.0
26.0
26.0
26.0
27.0
27.0
27.0
7.0
87.0
87.0
87.0
88.0
88.0
88.0
87.0
87.0
87.0
87.0
29.0
28.0
30.0
29.0
29.0
31.0
28.0
29.0
29.0
8.0
30.0
28.0
30.0
28.0
29.0
30.0
28.0
28.0
29.0
29.0
29.0
28.0
28.0
29.0
29.0
30.0
29.0
30.0
29.0
8.0
29.0
30.0
30.0
28.0
27.0
28.0
29.0
29.0
28.0
29.0
30.0
30.0
29.0
30.0
28.0
29.0
28.0
29.0
30.0
8.0
28.0
30.0
30.0
29.0
28.0
29.0
27.0
28.0
28.0
28.0
29.0
29.0
28.0
29.0
30.0
29.0
30.0
28.0
29.0
8.0
29.0
29.0
29.0
29.0
29.0
27.0
29.0
29.0
29.0
29.0
29.0
29.0
29.0
28.0
28.0
28.0
29.0
29.0
28.0
8.0
29.0
30.0
29.0
29.0
29.0
28.0
29.0
28.0
30.0
28.0
30.0
28.0
28.0
29.0
30.0
29.0
28.0
29.0
28.0
8.0
27.0
28.0
27.0
28.0
28.0
28.0
26.0
26.0
27.0
27.0
27.0
27.0
27.0
27.0
27.0
27.0
26.0
26.0
27.0
6.0
82.0
81.0
80.0
81.0
80.0
81.0
82.0
82.0
81.0
80.0
26.0
27.0
27.0
27.0
27.0
27.0
27.0
26.0
27.0
7.0
27.0
27.0
27.0
27.0
27.0
27.0
27.0
26.0
27.0
27.0
26.0
27.0
27.0
27.0
26.0
27.0
26.0
27.0
27.0
7.0
27.0
26.0
27.0
26.0
26.0
26.0
27.0
27.0
27.0
26.0
27.0
27.0
26.0
27.0
28.0
27.0
27.0
27.0
26.0
7.0
27.0
26.0
27.0
27.0
27.0
27.0
27.0
27.0
27.0
26.0
27.0
27.0
27.0
27.0
27.0
27.0
27.0
26.0
27.0
7.0
26.0
26.0
27.0
28.0
27.0
26.0
27.0
27.0
27.0
27.0
27.0
27.0
26.0
26.0
27.0
27.0
27.0
27.0
26.0
7.0
27.0
27.0
27.0
27.0
27.0
27.0
27.0
27.0
27.0
26.0
26.0
27.0
26.0
27.0
26.0
26.0
27.0
26.0
27.0
7.0
27.0
27.0
26.0
27.0
26.0
27.0
27.0
27.0
27.0
27.0
26.0
27.0
27.0
26.0
27.0
79.0
81.0
80.0
79.0
7.0
79.0
78.0
79.0
79.0
79.0
80.0
27.0
27.0
26.0
27.0
27.0
27.0
27.0
26.0
27.0
26.0
27.0
27.0
26.0
7.0
27.0
27.0
27.0
27.0
27.0
27.0
27.0
27.0
27.0
27.0
26.0
26.0
27.0
27.0
27.0
27.0
27.0
27.0
27.0
7.0
27.0
27.0
26.0
27.0
27.0
27.0
27.0
27.0
27.0
26.0
27.0
27.0
26.0
27.0
26.0
27.0
27.0
27.0
27.0
7.0
27.0
27.0
27.0
27.0
27.0
26.0
26.0
26.0
26.0
27.0
26.0
26.0
27.0
27.0
26.0
27.0
27.0
27.0
27.0
6.0
27.0
27.0
27.0
27.0
27.0
27.0
26.0
27.0
27.0
27.0
27.0
27.0
27.0
26.0
26.0
26.0
27.0
26.0
26.0
6.0
27.0
26.0
26.0
26.0
27.0
27.0
27.0
26.0
27.0
27.0
26.0
26.0
26.0
27.0
26.0
26.0
27.0
27.0
26.0
7.0
26.0
27.0
26.0
26.0
27.0
27.0
27.0
26.0
26.0
26.0
88.0
86.0
88.0
87.0
87.0
87.0
87.0
87.0
88.0
68.0
16.0
15.0
15.0
15.0
15.0
15.0
16.0
16.0
16.0
15.0
16.0
15.0
15.0
16.0
15.0
16.0
15.0
15.0
15.0
7.0
15.0
15.0
16.0
15.0
15.0
15.0
15.0
15.0
15.0
16.0
16.0
15.0
15.0
15.0
15.0
16.0
15.0
15.0
16.0
6.0
15.0
15.0
16.0
15.0
15.0
16.0
15.0
16.0
15.0
15.0
16.0
16.0
15.0
16.0
16.0
15.0
16.0
15.0
15.0
7.0
7.0
7.0
7.0
7.0
7.0
7.0
7.0
7.0
7.0
7.0
7.0
7.0
7.0
7.0
7.0
7.0
6.0
7.0
7.0
7.0
7.0
7.0
7.0
7.0
7.0
7.0
7.0
7.0
7.0
7.0
7.0
7.0
7.0
7.0
7.0
7.0
7.0
7.0
7.0
7.0
7.0
7.0
6.0
7.0
7.0
7.0
7.0
7.0
7.0
7.0
7.0
8.0
6.0
7.0
7.0
7.0
6.0
7.0
7.0
7.0
7.0
8.0
7.0
7.0
7.0
7.0
7.0
7.0
7.0
7.0
7.0
6.0
7.0
7.0
7.0
7.0
7.0
7.0
6.0
7.0
7.0
7.0
7.0
7.0
7.0
7.0
7.0
7.0
7.0
7.0
7.0
7.0
7.0
7.0
8.0
7.0
7.0
7.0
6.0
7.0
7.0
7.0
7.0
7.0
7.0
6.0
7.0
7.0
7.0
6.0
7.0
7.0
7.0
7.0
7.0
7.0
7.0
6.0
7.0
