2.0
1.0
2.0
1.0
1.0
1.0
1.0
1.0
1.0
1.0
5.0
4.0
4.0
5.0
4.0
67.0
65.0
66.0
66.0
65.0
226.0
226.0
225.0
224.0
226.0
227.0
224.0
225.0
225.0
226.0
227.0
225.0
226.0
227.0
224.0
227.0
225.0
224.0
225.0
224.0
227.0
225.0
225.0
225.0
226.0
231.0
227.0
229.0
229.0
228.0
281.0
279.0
278.0
279.0
279.0
279.0
275.0
275.0
278.0
277.0
227.0
226.0
226.0
226.0
226.0
227.0
226.0
224.0
225.0
225.0
226.0
226.0
226.0
226.0
226.0
228.0
225.0
226.0
226.0
226.0
227.0
225.0
225.0
225.0
226.0
226.0
225.0
225.0
226.0
225.0
244.0
242.0
242.0
241.0
242.0
244.0
242.0
242.0
242.0
243.0
227.0
226.0
225.0
225.0
226.0
227.0
226.0
225.0
225.0
225.0
4.0
4.0
4.0
1.0
1.0
65.0
65.0
65.0
62.0
1.0
225.0
225.0
226.0
222.0
161.0
226.0
225.0
226.0
224.0
161.0
226.0
225.0
225.0
223.0
161.0
225.0
225.0
225.0
222.0
161.0
257.0
256.0
256.0
254.0
192.0
256.0
257.0
256.0
255.0
192.0
225.0
225.0
225.0
222.0
161.0
225.0
225.0
226.0
222.0
162.0
225.0
225.0
225.0
223.0
161.0
225.0
225.0
225.0
222.0
161.0
226.0
225.0
225.0
223.0
161.0
226.0
225.0
225.0
223.0
160.0
224.0
225.0
225.0
222.0
161.0
225.0
225.0
226.0
223.0
160.0
244.0
244.0
244.0
241.0
179.0
243.0
244.0
244.0
241.0
179.0
225.0
219.0
219.0
216.0
161.0
218.0
209.0
208.0
205.0
154.0
7.0
5.0
5.0
4.0
5.0
7.0
5.0
4.0
4.0
4.0
6.0
5.0
5.0
4.0
4.0
6.0
5.0
5.0
4.0
4.0
5.0
4.0
4.0
5.0
4.0
5.0
4.0
4.0
4.0
4.0
6.0
4.0
3.0
4.0
4.0
2.0
0.0
1.0
1.0
1.0
3.0
1.0
1.0
1.0
1.0
2.0
1.0
1.0
1.0
1.0
67.0
66.0
66.0
66.0
66.0
68.0
66.0
66.0
66.0
66.0
67.0
65.0
65.0
65.0
65.0
67.0
65.0
65.0
65.0
65.0
67.0
65.0
65.0
65.0
65.0
66.0
64.0
65.0
65.0
65.0
66.0
65.0
64.0
64.0
65.0
2.0
1.0
1.0
1.0
1.0
2.0
1.0
1.0
1.0
0.0
2.0
1.0
1.0
1.0
0.0
226.0
225.0
225.0
226.0
224.0
228.0
227.0
227.0
227.0
227.0
245.0
243.0
243.0
242.0
243.0
245.0
243.0
243.0
243.0
244.0
228.0
227.0
227.0
226.0
227.0
226.0
226.0
226.0
226.0
226.0
227.0
226.0
224.0
225.0
225.0
162.0
89.0
90.0
89.0
90.0
91.0
91.0
90.0
90.0
91.0
91.0
90.0
90.0
90.0
90.0
257.0
255.0
255.0
255.0
255.0
256.0
255.0
254.0
254.0
255.0
227.0
225.0
225.0
226.0
224.0
227.0
225.0
225.0
225.0
224.0
226.0
225.0
226.0
226.0
226.0
227.0
225.0
226.0
225.0
226.0
227.0
225.0
225.0
225.0
224.0
162.0
89.0
90.0
89.0
89.0
90.0
89.0
90.0
90.0
90.0
91.0
89.0
90.0
89.0
90.0
244.0
243.0
243.0
243.0
243.0
245.0
243.0
243.0
242.0
243.0
226.0
225.0
225.0
225.0
225.0
226.0
224.0
225.0
225.0
226.0
226.0
225.0
225.0
225.0
225.0
227.0
225.0
225.0
225.0
228.0
245.0
242.0
243.0
244.0
247.0
181.0
102.0
102.0
103.0
102.0
98.0
96.0
96.0
95.0
96.0
97.0
96.0
96.0
95.0
96.0
263.0
261.0
260.0
260.0
258.0
260.0
258.0
258.0
258.0
258.0
230.0
229.0
229.0
228.0
229.0
230.0
228.0
228.0
228.0
228.0
228.0
225.0
226.0
226.0
226.0
227.0
226.0
226.0
227.0
226.0
227.0
227.0
226.0
227.0
227.0
164.0
91.0
91.0
90.0
91.0
91.0
90.0
89.0
89.0
91.0
91.0
90.0
90.0
90.0
90.0
244.0
242.0
241.0
241.0
241.0
243.0
242.0
242.0
241.0
241.0
227.0
225.0
226.0
225.0
225.0
227.0
225.0
225.0
226.0
226.0
227.0
225.0
226.0
225.0
225.0
226.0
226.0
226.0
226.0
225.0
227.0
225.0
227.0
225.0
226.0
163.0
90.0
89.0
89.0
89.0
91.0
90.0
89.0
89.0
90.0
91.0
91.0
90.0
90.0
90.0
259.0
257.0
258.0
257.0
257.0
258.0
257.0
257.0
256.0
257.0
227.0
226.0
226.0
225.0
226.0
227.0
225.0
226.0
226.0
226.0
226.0
226.0
225.0
225.0
225.0
226.0
225.0
226.0
226.0
226.0
226.0
225.0
225.0
225.0
226.0
163.0
90.0
90.0
90.0
90.0
90.0
89.0
89.0
90.0
90.0
91.0
90.0
89.0
90.0
90.0
228.0
241.0
241.0
242.0
242.0
245.0
242.0
243.0
243.0
243.0
243.0
227.0
227.0
226.0
226.0
228.0
227.0
226.0
227.0
227.0
229.0
226.0
228.0
226.0
227.0
227.0
227.0
226.0
225.0
225.0
227.0
225.0
226.0
225.0
225.0
162.0
89.0
89.0
89.0
90.0
91.0
90.0
90.0
89.0
90.0
90.0
90.0
90.0
89.0
89.0
258.0
256.0
255.0
256.0
256.0
257.0
256.0
256.0
256.0
255.0
227.0
225.0
226.0
226.0
225.0
227.0
226.0
226.0
225.0
226.0
229.0
227.0
227.0
227.0
227.0
229.0
227.0
228.0
228.0
227.0
228.0
226.0
227.0
227.0
228.0
163.0
90.0
90.0
90.0
89.0
93.0
92.0
92.0
91.0
92.0
94.0
93.0
93.0
92.0
93.0
230.0
227.0
227.0
240.0
242.0
244.0
242.0
242.0
242.0
241.0
243.0
242.0
242.0
228.0
226.0
226.0
225.0
225.0
225.0
226.0
227.0
225.0
225.0
226.0
226.0
226.0
226.0
226.0
226.0
226.0
226.0
225.0
225.0
225.0
225.0
162.0
89.0
89.0
90.0
89.0
91.0
89.0
89.0
89.0
89.0
90.0
90.0
89.0
90.0
89.0
227.0
225.0
257.0
256.0
257.0
257.0
255.0
255.0
256.0
256.0
258.0
256.0
225.0
225.0
225.0
227.0
226.0
226.0
225.0
225.0
228.0
228.0
228.0
228.0
227.0
228.0
227.0
227.0
227.0
227.0
227.0
225.0
225.0
224.0
225.0
163.0
90.0
90.0
90.0
90.0
90.0
89.0
89.0
89.0
89.0
91.0
89.0
90.0
90.0
90.0
227.0
226.0
226.0
225.0
225.0
227.0
226.0
225.0
240.0
239.0
244.0
243.0
243.0
242.0
243.0
243.0
243.0
242.0
227.0
228.0
226.0
225.0
226.0
227.0
225.0
227.0
226.0
227.0
226.0
226.0
227.0
226.0
226.0
225.0
225.0
162.0
90.0
89.0
90.0
90.0
91.0
90.0
89.0
89.0
90.0
91.0
90.0
90.0
89.0
90.0
227.0
226.0
225.0
225.0
256.0
257.0
255.0
255.0
257.0
256.0
258.0
256.0
257.0
256.0
227.0
228.0
226.0
226.0
226.0
226.0
227.0
225.0
225.0
226.0
225.0
227.0
225.0
225.0
224.0
225.0
227.0
225.0
226.0
225.0
225.0
163.0
90.0
90.0
89.0
89.0
90.0
89.0
90.0
90.0
89.0
90.0
89.0
89.0
89.0
89.0
227.0
224.0
226.0
226.0
225.0
227.0
225.0
226.0
226.0
225.0
244.0
243.0
242.0
241.0
242.0
244.0
242.0
242.0
242.0
242.0
227.0
226.0
226.0
226.0
226.0
226.0
226.0
226.0
226.0
226.0
228.0
226.0
225.0
225.0
226.0
163.0
91.0
90.0
89.0
89.0
90.0
89.0
90.0
90.0
89.0
91.0
90.0
90.0
90.0
90.0
227.0
226.0
225.0
225.0
226.0
227.0
225.0
226.0
226.0
226.0
258.0
257.0
258.0
258.0
257.0
259.0
257.0
257.0
256.0
257.0
227.0
225.0
225.0
226.0
226.0
226.0
225.0
225.0
225.0
225.0
227.0
225.0
225.0
225.0
224.0
164.0
90.0
90.0
90.0
90.0
90.0
90.0
89.0
89.0
89.0
91.0
89.0
89.0
90.0
89.0
228.0
226.0
226.0
226.0
226.0
228.0
226.0
227.0
226.0
227.0
244.0
242.0
242.0
242.0
242.0
243.0
242.0
243.0
242.0
243.0
227.0
225.0
225.0
225.0
225.0
226.0
225.0
225.0
225.0
225.0
226.0
225.0
225.0
225.0
226.0
163.0
89.0
90.0
90.0
90.0
91.0
89.0
90.0
89.0
89.0
90.0
90.0
90.0
89.0
90.0
226.0
225.0
225.0
225.0
226.0
226.0
225.0
226.0
226.0
225.0
261.0
259.0
260.0
261.0
260.0
263.0
260.0
261.0
261.0
261.0
231.0
229.0
229.0
228.0
228.0
230.0
228.0
228.0
228.0
228.0
228.0
228.0
227.0
227.0
227.0
165.0
90.0
90.0
90.0
90.0
92.0
91.0
90.0
90.0
89.0
91.0
90.0
90.0
89.0
90.0
229.0
227.0
227.0
227.0
226.0
229.0
227.0
226.0
227.0
227.0
244.0
243.0
243.0
242.0
243.0
244.0
243.0
243.0
243.0
242.0
228.0
225.0
226.0
227.0
226.0
227.0
226.0
226.0
225.0
226.0
226.0
225.0
224.0
225.0
225.0
163.0
90.0
90.0
90.0
90.0
91.0
90.0
89.0
89.0
89.0
91.0
89.0
90.0
90.0
89.0
227.0
225.0
225.0
226.0
226.0
227.0
225.0
226.0
225.0
226.0
258.0
256.0
257.0
256.0
257.0
257.0
256.0
256.0
256.0
256.0
228.0
226.0
226.0
226.0
226.0
227.0
226.0
226.0
226.0
226.0
227.0
225.0
225.0
224.0
225.0
162.0
90.0
90.0
89.0
90.0
90.0
89.0
90.0
89.0
89.0
91.0
90.0
89.0
90.0
90.0
4.0
4.0
4.0
2.0
1.0
4.0
4.0
4.0
1.0
1.0
4.0
4.0
4.0
1.0
0.0
5.0
5.0
4.0
1.0
0.0
4.0
4.0
4.0
2.0
1.0
4.0
4.0
4.0
2.0
1.0
4.0
4.0
3.0
1.0
0.0
1.0
0.0
0.0
1.0
1.0
1.0
1.0
1.0
0.0
1.0
1.0
1.0
0.0
0.0
1.0
65.0
65.0
65.0
62.0
62.0
64.0
65.0
65.0
62.0
1.0
65.0
65.0
65.0
2.0
1.0
65.0
65.0
65.0
1.0
1.0
65.0
65.0
65.0
2.0
0.0
65.0
65.0
65.0
2.0
1.0
64.0
64.0
64.0
1.0
0.0
1.0
1.0
1.0
0.0
1.0
1.0
0.0
0.0
0.0
0.0
1.0
1.0
1.0
1.0
0.0
225.0
225.0
225.0
222.0
224.0
228.0
245.0
245.0
244.0
90.0
256.0
265.0
264.0
199.0
114.0
262.0
261.0
244.0
101.0
98.0
239.0
235.0
235.0
101.0
95.0
225.0
225.0
225.0
90.0
89.0
225.0
225.0
224.0
89.0
89.0
89.0
89.0
90.0
89.0
89.0
90.0
90.0
89.0
89.0
89.0
90.0
90.0
91.0
90.0
90.0
226.0
226.0
226.0
223.0
223.0
225.0
225.0
225.0
223.0
90.0
226.0
258.0
258.0
161.0
89.0
257.0
257.0
257.0
90.0
90.0
257.0
257.0
256.0
121.0
120.0
225.0
225.0
225.0
90.0
89.0
226.0
226.0
225.0
89.0
90.0
90.0
89.0
90.0
89.0
90.0
90.0
89.0
90.0
89.0
89.0
89.0
89.0
89.0
89.0
89.0
225.0
225.0
225.0
222.0
221.0
226.0
226.0
226.0
223.0
90.0
224.0
226.0
225.0
163.0
89.0
226.0
225.0
225.0
90.0
89.0
225.0
225.0
225.0
90.0
89.0
240.0
241.0
241.0
91.0
89.0
240.0
241.0
240.0
104.0
104.0
105.0
105.0
90.0
90.0
89.0
90.0
90.0
89.0
89.0
89.0
89.0
89.0
89.0
89.0
89.0
227.0
226.0
226.0
224.0
221.0
226.0
226.0
227.0
223.0
90.0
225.0
225.0
225.0
162.0
89.0
226.0
225.0
225.0
90.0
89.0
225.0
225.0
225.0
90.0
89.0
224.0
225.0
225.0
90.0
89.0
225.0
224.0
225.0
89.0
89.0
89.0
90.0
90.0
89.0
90.0
89.0
89.0
89.0
89.0
120.0
122.0
121.0
122.0
121.0
121.0
258.0
258.0
258.0
255.0
223.0
227.0
227.0
226.0
223.0
89.0
227.0
227.0
227.0
163.0
90.0
226.0
225.0
225.0
90.0
89.0
226.0
226.0
226.0
90.0
89.0
227.0
227.0
227.0
91.0
89.0
227.0
227.0
227.0
91.0
91.0
91.0
91.0
90.0
90.0
90.0
91.0
90.0
91.0
90.0
90.0
90.0
89.0
89.0
89.0
89.0
227.0
227.0
226.0
224.0
237.0
243.0
243.0
242.0
240.0
89.0
242.0
243.0
242.0
179.0
106.0
228.0
226.0
225.0
90.0
89.0
226.0
227.0
227.0
91.0
89.0
226.0
226.0
226.0
91.0
90.0
226.0
227.0
227.0
89.0
90.0
90.0
90.0
91.0
91.0
91.0
91.0
90.0
90.0
91.0
90.0
90.0
91.0
90.0
90.0
90.0
228.0
228.0
228.0
224.0
224.0
228.0
226.0
226.0
223.0
90.0
227.0
259.0
259.0
163.0
90.0
259.0
259.0
260.0
91.0
90.0
260.0
259.0
258.0
123.0
122.0
228.0
227.0
227.0
90.0
90.0
227.0
227.0
227.0
90.0
90.0
91.0
91.0
91.0
91.0
91.0
92.0
91.0
92.0
91.0
92.0
92.0
90.0
91.0
91.0
90.0
228.0
228.0
227.0
226.0
224.0
228.0
228.0
228.0
224.0
91.0
227.0
226.0
226.0
163.0
90.0
227.0
228.0
228.0
91.0
90.0
228.0
230.0
230.0
91.0
90.0
247.0
247.0
247.0
93.0
92.0
246.0
246.0
245.0
107.0
108.0
106.0
107.0
91.0
90.0
90.0
91.0
91.0
91.0
91.0
91.0
92.0
91.0
91.0
91.0
91.0
229.0
229.0
229.0
226.0
225.0
229.0
228.0
229.0
226.0
90.0
229.0
230.0
231.0
165.0
91.0
229.0
230.0
229.0
92.0
91.0
230.0
227.0
228.0
93.0
91.0
225.0
225.0
226.0
90.0
89.0
224.0
224.0
225.0
90.0
90.0
89.0
89.0
89.0
89.0
89.0
90.0
89.0
90.0
89.0
90.0
122.0
123.0
122.0
122.0
121.0
258.0
258.0
258.0
255.0
254.0
226.0
225.0
227.0
223.0
89.0
226.0
225.0
226.0
162.0
90.0
226.0
225.0
225.0
90.0
89.0
226.0
226.0
226.0
91.0
89.0
225.0
226.0
227.0
90.0
89.0
227.0
227.0
225.0
90.0
90.0
90.0
90.0
89.0
90.0
90.0
90.0
89.0
90.0
89.0
89.0
89.0
90.0
89.0
89.0
88.0
226.0
226.0
225.0
224.0
235.0
241.0
242.0
241.0
240.0
90.0
243.0
243.0
243.0
179.0
105.0
230.0
228.0
227.0
91.0
90.0
226.0
226.0
225.0
90.0
89.0
226.0
226.0
226.0
90.0
90.0
225.0
225.0
225.0
90.0
90.0
90.0
89.0
89.0
89.0
89.0
90.0
89.0
90.0
89.0
89.0
90.0
89.0
89.0
90.0
89.0
225.0
225.0
225.0
222.0
222.0
225.0
225.0
226.0
222.0
89.0
226.0
258.0
258.0
161.0
90.0
257.0
257.0
257.0
90.0
89.0
258.0
257.0
258.0
122.0
121.0
225.0
225.0
225.0
90.0
89.0
226.0
225.0
225.0
90.0
89.0
89.0
90.0
89.0
89.0
90.0
89.0
90.0
89.0
90.0
89.0
89.0
89.0
90.0
89.0
89.0
227.0
227.0
227.0
223.0
222.0
227.0
226.0
226.0
224.0
90.0
226.0
225.0
226.0
161.0
90.0
226.0
225.0
226.0
90.0
89.0
224.0
225.0
225.0
90.0
89.0
241.0
241.0
241.0
90.0
90.0
241.0
240.0
241.0
105.0
105.0
106.0
106.0
90.0
89.0
88.0
90.0
90.0
89.0
89.0
89.0
89.0
89.0
90.0
89.0
89.0
226.0
225.0
225.0
223.0
223.0
226.0
225.0
226.0
222.0
89.0
225.0
226.0
226.0
162.0
90.0
225.0
225.0
226.0
89.0
89.0
225.0
225.0
225.0
90.0
89.0
225.0
224.0
225.0
91.0
89.0
225.0
225.0
225.0
90.0
89.0
90.0
90.0
89.0
90.0
89.0
90.0
89.0
90.0
90.0
90.0
89.0
123.0
122.0
122.0
122.0
258.0
258.0
259.0
255.0
254.0
259.0
226.0
226.0
223.0
90.0
225.0
226.0
226.0
165.0
90.0
226.0
225.0
225.0
91.0
89.0
225.0
225.0
225.0
90.0
89.0
226.0
225.0
226.0
91.0
89.0
225.0
225.0
224.0
90.0
89.0
90.0
90.0
89.0
89.0
89.0
89.0
89.0
90.0
89.0
90.0
90.0
89.0
90.0
89.0
89.0
226.0
224.0
225.0
222.0
221.0
240.0
242.0
241.0
240.0
90.0
242.0
241.0
242.0
179.0
106.0
242.0
227.0
225.0
90.0
89.0
225.0
225.0
225.0
90.0
89.0
226.0
226.0
225.0
90.0
89.0
225.0
225.0
225.0
90.0
89.0
90.0
90.0
89.0
89.0
89.0
90.0
89.0
90.0
89.0
89.0
90.0
90.0
90.0
89.0
89.0
225.0
226.0
225.0
223.0
222.0
225.0
224.0
225.0
223.0
89.0
226.0
259.0
259.0
162.0
89.0
259.0
259.0
259.0
91.0
89.0
258.0
259.0
258.0
123.0
122.0
225.0
225.0
225.0
90.0
89.0
225.0
226.0
225.0
90.0
89.0
89.0
90.0
90.0
90.0
89.0
90.0
90.0
89.0
90.0
89.0
89.0
89.0
89.0
90.0
89.0
225.0
225.0
225.0
222.0
222.0
226.0
225.0
225.0
222.0
90.0
224.0
226.0
225.0
162.0
90.0
226.0
225.0
226.0
90.0
89.0
225.0
226.0
225.0
90.0
90.0
240.0
241.0
240.0
89.0
89.0
241.0
240.0
241.0
105.0
104.0
105.0
106.0
91.0
90.0
90.0
89.0
90.0
89.0
89.0
86.0
84.0
82.0
82.0
81.0
80.0
