7.0
6.0
6.0
6.0
6.0
6.0
6.0
6.0
6.0
5.0
25.0
24.0
24.0
24.0
25.0
24.0
24.0
24.0
24.0
24.0
106.0
105.0
105.0
109.0
105.0
105.0
105.0
105.0
105.0
105.0
162.0
161.0
161.0
161.0
161.0
161.0
161.0
161.0
162.0
161.0
161.0
161.0
161.0
161.0
161.0
161.0
161.0
161.0
161.0
161.0
543.0
543.0
543.0
543.0
543.0
543.0
543.0
542.0
542.0
542.0
551.0
551.0
551.0
551.0
551.0
551.0
551.0
551.0
550.0
551.0
1450.0
1449.0
1448.0
1449.0
1451.0
1449.0
1449.0
1450.0
1450.0
1447.0
1471.0
1472.0
1472.0
1471.0
1471.0
1470.0
1470.0
1471.0
1470.0
1470.0
1449.0
1449.0
1449.0
1450.0
1449.0
1449.0
1448.0
1448.0
1449.0
1449.0
1453.0
1452.0
1452.0
1451.0
1452.0
1453.0
1452.0
1452.0
1452.0
1451.0
1441.0
1440.0
1441.0
1440.0
1440.0
1439.0
1439.0
1441.0
1454.0
1440.0
1458.0
1456.0
1456.0
1456.0
1458.0
1456.0
1457.0
1457.0
1459.0
1456.0
1453.0
1452.0
1452.0
1452.0
1451.0
1451.0
1450.0
1451.0
1452.0
1453.0
1440.0
1442.0
1441.0
1439.0
1437.0
1439.0
1441.0
1440.0
1438.0
1439.0
7959.0
7961.0
7958.0
7969.0
7970.0
7957.0
7973.0
7978.0
7937.0
7945.0
7942.0
7934.0
7931.0
7943.0
7944.0
7948.0
7935.0
7943.0
7947.0
7943.0
7944.0
7957.0
7957.0
8107.0
7936.0
7927.0
7927.0
7930.0
7929.0
7932.0
7940.0
7930.0
27.0
26.0
26.0
26.0
27.0
27.0
26.0
26.0
26.0
26.0
59.0
58.0
58.0
57.0
57.0
57.0
57.0
57.0
58.0
57.0
24.0
24.0
24.0
24.0
24.0
23.0
24.0
22.0
23.0
23.0
23.0
23.0
23.0
23.0
23.0
23.0
23.0
23.0
23.0
23.0
24.0
23.0
23.0
23.0
23.0
23.0
23.0
23.0
23.0
24.0
24.0
23.0
24.0
23.0
23.0
23.0
24.0
22.0
23.0
22.0
24.0
23.0
24.0
24.0
24.0
22.0
23.0
21.0
22.0
4.0
23.0
22.0
22.0
12.0
22.0
5.0
22.0
4.0
12.0
4.0
5.0
5.0
5.0
5.0
4.0
4.0
4.0
4.0
5.0
4.0
5.0
5.0
5.0
5.0
4.0
5.0
4.0
4.0
5.0
5.0
96.0
94.0
94.0
94.0
94.0
94.0
95.0
95.0
94.0
94.0
95.0
95.0
95.0
94.0
95.0
94.0
94.0
94.0
95.0
94.0
95.0
94.0
95.0
95.0
95.0
94.0
94.0
95.0
94.0
94.0
95.0
94.0
94.0
94.0
94.0
95.0
95.0
94.0
94.0
94.0
95.0
95.0
95.0
95.0
94.0
94.0
95.0
94.0
95.0
95.0
95.0
94.0
94.0
94.0
95.0
95.0
94.0
93.0
94.0
93.0
95.0
94.0
95.0
95.0
95.0
93.0
94.0
93.0
94.0
4.0
94.0
93.0
94.0
84.0
93.0
4.0
93.0
4.0
84.0
5.0
5.0
5.0
4.0
5.0
4.0
5.0
4.0
4.0
4.0
4.0
5.0
5.0
5.0
5.0
5.0
5.0
4.0
4.0
4.0
4.0
165.0
164.0
164.0
164.0
198.0
197.0
198.0
200.0
198.0
198.0
196.0
195.0
195.0
196.0
161.0
161.0
160.0
160.0
161.0
160.0
161.0
160.0
160.0
160.0
160.0
160.0
160.0
161.0
160.0
160.0
161.0
161.0
160.0
160.0
160.0
160.0
160.0
160.0
161.0
161.0
161.0
161.0
160.0
161.0
160.0
160.0
160.0
160.0
160.0
160.0
161.0
162.0
160.0
161.0
161.0
160.0
161.0
159.0
161.0
159.0
162.0
160.0
160.0
160.0
166.0
165.0
167.0
165.0
166.0
4.0
167.0
166.0
165.0
156.0
167.0
71.0
200.0
70.0
190.0
5.0
71.0
70.0
70.0
5.0
110.0
4.0
110.0
5.0
4.0
4.0
6.0
5.0
4.0
5.0
5.0
5.0
4.0
5.0
4.0
4.0
201.0
201.0
200.0
200.0
200.0
200.0
160.0
160.0
160.0
160.0
161.0
160.0
161.0
161.0
161.0
160.0
161.0
160.0
160.0
160.0
161.0
161.0
161.0
160.0
160.0
160.0
161.0
161.0
161.0
161.0
161.0
161.0
161.0
161.0
161.0
160.0
160.0
160.0
160.0
160.0
161.0
161.0
161.0
160.0
160.0
161.0
160.0
161.0
161.0
160.0
161.0
160.0
161.0
160.0
161.0
160.0
161.0
160.0
160.0
159.0
167.0
167.0
167.0
167.0
166.0
166.0
167.0
167.0
167.0
5.0
166.0
194.0
194.0
184.0
194.0
105.0
194.0
104.0
185.0
4.0
105.0
104.0
70.0
5.0
70.0
4.0
70.0
5.0
4.0
5.0
5.0
5.0
5.0
4.0
5.0
5.0
5.0
4.0
4.0
4.0
544.0
541.0
542.0
541.0
541.0
541.0
543.0
543.0
543.0
549.0
582.0
582.0
581.0
581.0
581.0
581.0
582.0
582.0
581.0
587.0
541.0
542.0
541.0
542.0
541.0
543.0
542.0
542.0
542.0
546.0
550.0
549.0
548.0
548.0
548.0
583.0
584.0
583.0
584.0
594.0
576.0
575.0
575.0
576.0
576.0
544.0
543.0
542.0
543.0
543.0
549.0
549.0
548.0
549.0
548.0
549.0
548.0
553.0
549.0
547.0
573.0
572.0
572.0
571.0
573.0
572.0
573.0
571.0
572.0
416.0
541.0
547.0
547.0
536.0
546.0
451.0
549.0
452.0
539.0
4.0
452.0
489.0
491.0
424.0
491.0
5.0
485.0
5.0
419.0
5.0
5.0
5.0
4.0
4.0
5.0
5.0
5.0
4.0
4.0
4.0
575.0
575.0
574.0
574.0
541.0
542.0
542.0
542.0
542.0
541.0
541.0
541.0
543.0
541.0
584.0
588.0
591.0
594.0
592.0
591.0
592.0
591.0
594.0
594.0
548.0
546.0
545.0
546.0
546.0
545.0
545.0
544.0
545.0
544.0
581.0
582.0
582.0
582.0
582.0
581.0
580.0
580.0
580.0
581.0
541.0
541.0
542.0
542.0
542.0
541.0
542.0
542.0
542.0
543.0
576.0
573.0
574.0
574.0
575.0
574.0
575.0
575.0
574.0
575.0
541.0
541.0
541.0
540.0
541.0
385.0
541.0
540.0
540.0
531.0
547.0
457.0
575.0
458.0
564.0
5.0
458.0
486.0
485.0
420.0
486.0
5.0
478.0
5.0
413.0
4.0
6.0
4.0
5.0
4.0
5.0
4.0
32.0
31.0
4.0
4.0
1468.0
1467.0
1469.0
1469.0
1469.0
1468.0
1484.0
1468.0
1468.0
1467.0
1466.0
1466.0
1466.0
1467.0
1466.0
1467.0
1466.0
1471.0
1463.0
1465.0
1463.0
1461.0
1463.0
1461.0
1460.0
1462.0
1462.0
1467.0
1467.0
1467.0
1465.0
1463.0
1467.0
1468.0
1467.0
1487.0
1482.0
1493.0
1480.0
1480.0
1473.0
1471.0
1474.0
1473.0
1473.0
1451.0
1451.0
1458.0
1450.0
1449.0
1448.0
1448.0
1463.0
1449.0
1449.0
1449.0
1447.0
1452.0
1448.0
1447.0
1446.0
1444.0
1450.0
1447.0
1448.0
1447.0
1449.0
1450.0
1452.0
1292.0
1463.0
1464.0
1471.0
1455.0
1471.0
1384.0
1470.0
1384.0
1460.0
5.0
1385.0
1374.0
1373.0
1294.0
1376.0
5.0
1375.0
5.0
1298.0
5.0
5.0
5.0
5.0
4.0
5.0
4.0
5.0
4.0
5.0
4.0
1466.0
1469.0
1466.0
1450.0
1463.0
1464.0
1464.0
1465.0
1452.0
1448.0
1449.0
1451.0
1448.0
1447.0
1446.0
1449.0
1451.0
1452.0
1452.0
1450.0
1450.0
1453.0
1448.0
1449.0
1448.0
1448.0
1450.0
1448.0
1458.0
1447.0
1454.0
1457.0
1454.0
1453.0
1452.0
1459.0
1456.0
1458.0
1458.0
1471.0
1463.0
1466.0
1458.0
1460.0
1461.0
1462.0
1463.0
1462.0
1462.0
1468.0
1451.0
1453.0
1448.0
1446.0
1445.0
1448.0
1448.0
1448.0
1448.0
1447.0
1448.0
1451.0
1447.0
1448.0
1445.0
1444.0
1446.0
1445.0
1444.0
1289.0
1446.0
1455.0
1450.0
1441.0
1448.0
1358.0
1455.0
1358.0
1448.0
5.0
1361.0
1364.0
1370.0
1299.0
1372.0
4.0
1368.0
5.0
1303.0
5.0
5.0
5.0
4.0
5.0
5.0
4.0
5.0
4.0
5.0
4.0
1471.0
1471.0
1466.0
1465.0
1466.0
1464.0
1450.0
1449.0
1496.0
1496.0
1483.0
1530.0
1486.0
1484.0
1490.0
1484.0
1485.0
1484.0
1445.0
1447.0
1445.0
1447.0
1447.0
1510.0
1450.0
1458.0
1446.0
1448.0
1447.0
1445.0
1444.0
1445.0
1447.0
1519.0
1456.0
1455.0
1454.0
1462.0
1455.0
1460.0
1476.0
1476.0
1478.0
1474.0
1509.0
1471.0
1471.0
1458.0
1469.0
1462.0
1447.0
1451.0
1451.0
1453.0
1449.0
1451.0
1452.0
1451.0
1447.0
1445.0
1446.0
1446.0
1446.0
1448.0
1447.0
1447.0
1448.0
1445.0
1444.0
1287.0
1440.0
1443.0
1444.0
1444.0
1451.0
1359.0
1452.0
1359.0
1436.0
4.0
1359.0
1361.0
1375.0
1296.0
1366.0
4.0
1367.0
5.0
1302.0
4.0
5.0
4.0
5.0
5.0
4.0
5.0
4.0
4.0
5.0
4.0
1459.0
1457.0
1468.0
1472.0
1462.0
1462.0
1452.0
1453.0
1447.0
1452.0
1448.0
1446.0
1448.0
1448.0
1446.0
1446.0
1449.0
1512.0
1445.0
1447.0
1449.0
1448.0
1467.0
1468.0
1468.0
1464.0
1464.0
1465.0
1475.0
1474.0
1477.0
1472.0
1450.0
1448.0
1455.0
1456.0
1458.0
1464.0
1461.0
1467.0
1460.0
1474.0
1457.0
1468.0
1459.0
1460.0
1461.0
1445.0
1446.0
1450.0
1446.0
1463.0
1456.0
1447.0
1444.0
1446.0
1446.0
1444.0
1447.0
1449.0
1450.0
1445.0
1447.0
1451.0
1446.0
1445.0
1447.0
1445.0
1501.0
1294.0
1454.0
1462.0
1446.0
1436.0
1454.0
1354.0
1456.0
1364.0
1451.0
4.0
1372.0
1368.0
1360.0
1293.0
1364.0
5.0
1378.0
4.0
1303.0
4.0
5.0
5.0
5.0
4.0
5.0
4.0
5.0
4.0
5.0
4.0
1459.0
1463.0
1450.0
1449.0
1449.0
1450.0
1471.0
1464.0
1448.0
1447.0
1447.0
1449.0
1449.0
1448.0
1448.0
1449.0
1447.0
1446.0
1445.0
1444.0
1443.0
1449.0
1445.0
1448.0
1452.0
1456.0
1449.0
1448.0
1448.0
1448.0
1465.0
1470.0
1468.0
1467.0
1459.0
1460.0
1449.0
1465.0
1465.0
1467.0
1452.0
1461.0
1460.0
1460.0
1464.0
1463.0
1490.0
1460.0
1462.0
1461.0
1459.0
1456.0
1449.0
1448.0
1449.0
1449.0
1445.0
1444.0
1446.0
1444.0
1444.0
1449.0
1443.0
1451.0
1454.0
1460.0
1449.0
1450.0
1448.0
1293.0
1464.0
1471.0
1466.0
1450.0
1459.0
1356.0
1454.0
1363.0
1452.0
5.0
1373.0
1355.0
1362.0
1297.0
1355.0
4.0
1356.0
4.0
1292.0
4.0
5.0
5.0
5.0
4.0
5.0
4.0
5.0
5.0
4.0
4.0
1462.0
1460.0
1446.0
1448.0
1449.0
1449.0
1455.0
1448.0
1459.0
1448.0
1447.0
1446.0
1445.0
1445.0
1442.0
1441.0
1447.0
1445.0
1452.0
1452.0
1448.0
1446.0
1447.0
1446.0
1461.0
1461.0
1468.0
1463.0
1457.0
1457.0
1464.0
1464.0
1463.0
1463.0
1445.0
1446.0
1449.0
1446.0
1451.0
1446.0
1448.0
1447.0
1447.0
1446.0
1449.0
1445.0
1451.0
1446.0
1447.0
1463.0
1451.0
1450.0
1450.0
1448.0
1457.0
1447.0
1457.0
1454.0
1455.0
1477.0
1462.0
1464.0
1472.0
1468.0
1479.0
1485.0
1477.0
1472.0
1474.0
1305.0
1466.0
1465.0
1456.0
1447.0
1446.0
1356.0
1445.0
1360.0
1437.0
5.0
1360.0
1360.0
1358.0
1292.0
1357.0
5.0
1352.0
4.0
1293.0
4.0
5.0
5.0
4.0
5.0
5.0
4.0
5.0
4.0
5.0
5.0
1447.0
1447.0
1449.0
1449.0
1447.0
1447.0
1446.0
1445.0
1444.0
1448.0
1452.0
1450.0
1462.0
1462.0
1443.0
1443.0
1445.0
1449.0
1461.0
1466.0
1461.0
1472.0
1452.0
1449.0
1472.0
1471.0
1471.0
1462.0
1447.0
1450.0
1450.0
1446.0
1451.0
1449.0
1447.0
1447.0
1446.0
1445.0
1444.0
1450.0
1448.0
1446.0
1449.0
1449.0
1448.0
1449.0
1448.0
1445.0
1445.0
1448.0
1466.0
1465.0
1465.0
1465.0
1456.0
1453.0
1454.0
1453.0
1464.0
1467.0
1447.0
1447.0
1449.0
1448.0
1458.0
1457.0
1457.0
1454.0
1444.0
1294.0
1446.0
1446.0
1449.0
1439.0
1452.0
1359.0
1461.0
1354.0
1456.0
4.0
1379.0
1382.0
1401.0
1321.0
1385.0
5.0
1380.0
7.0
1314.0
5.0
5.0
6.0
8.0
6.0
5.0
5.0
5.0
5.0
5.0
5.0
1462.0
1463.0
1461.0
1451.0
1464.0
1463.0
1514.0
1466.0
1447.0
1446.0
1464.0
1462.0
1468.0
1463.0
1446.0
1446.0
1448.0
1446.0
1469.0
1468.0
1451.0
1452.0
1455.0
1449.0
1451.0
1451.0
1451.0
1449.0
1452.0
1453.0
1453.0
1452.0
1458.0
1450.0
1458.0
1455.0
1460.0
1459.0
1449.0
1448.0
1449.0
1449.0
1458.0
1456.0
1460.0
1459.0
1459.0
1456.0
1454.0
1453.0
1469.0
1466.0
1461.0
1457.0
1447.0
1446.0
1449.0
1447.0
1462.0
1460.0
1450.0
1450.0
1456.0
1451.0
1452.0
1450.0
1452.0
1451.0
1448.0
1293.0
1448.0
1448.0
1449.0
1435.0
1454.0
1360.0
1465.0
1364.0
1441.0
4.0
1361.0
1369.0
1366.0
1298.0
1372.0
5.0
1372.0
5.0
1306.0
4.0
5.0
5.0
4.0
4.0
5.0
16.0
5.0
4.0
5.0
4.0
7970.0
7965.0
7980.0
8012.0
8013.0
8038.0
8007.0
8027.0
7992.0
8005.0
7938.0
7962.0
7980.0
8002.0
8005.0
8002.0
8127.0
8116.0
8152.0
8166.0
8148.0
8155.0
8139.0
8140.0
8206.0
8139.0
8204.0
8148.0
8148.0
8177.0
8135.0
8131.0
7960.0
7952.0
7956.0
7939.0
7940.0
7942.0
7946.0
7949.0
7941.0
7943.0
7938.0
7938.0
7945.0
7958.0
7957.0
7961.0
7972.0
7968.0
7966.0
7967.0
7958.0
7956.0
7965.0
7819.0
7901.0
7892.0
7912.0
4857.0
7901.0
4864.0
7911.0
3495.0
4888.0
4880.0
4898.0
4824.0
4907.0
3500.0
4880.0
3513.0
4819.0
3537.0
3541.0
3532.0
3546.0
3536.0
3542.0
3507.0
3522.0
3519.0
3521.0
3517.0
7966.0
7972.0
7946.0
7951.0
7941.0
7969.0
7980.0
7960.0
7990.0
7937.0
7940.0
7957.0
7961.0
7938.0
7943.0
7929.0
7920.0
7911.0
7908.0
7937.0
7932.0
7942.0
7939.0
7954.0
7970.0
7946.0
7983.0
7949.0
7920.0
7957.0
7965.0
7962.0
7963.0
7950.0
7940.0
7931.0
7954.0
7979.0
7957.0
7956.0
7991.0
7981.0
8001.0
7993.0
7988.0
7932.0
7956.0
7947.0
7933.0
7770.0
7930.0
7937.0
7911.0
4862.0
4859.0
7998.0
3523.0
4981.0
4960.0
4962.0
4880.0
4964.0
3609.0
4996.0
3643.0
4873.0
3541.0
3583.0
3572.0
3587.0
3596.0
3586.0
3528.0
3535.0
3546.0
3524.0
3486.0
7909.0
7924.0
7945.0
7935.0
7935.0
7935.0
7969.0
7930.0
7921.0
7921.0
7927.0
7898.0
7902.0
7921.0
7938.0
7903.0
7894.0
7898.0
7925.0
7918.0
7930.0
7914.0
7938.0
7952.0
7964.0
7960.0
7985.0
7972.0
7971.0
7963.0
7939.0
7905.0
7935.0
7925.0
7877.0
7893.0
7935.0
7953.0
7933.0
7950.0
7957.0
8032.0
7988.0
7994.0
7816.0
7953.0
7949.0
4928.0
4930.0
7899.0
3507.0
4889.0
4911.0
4913.0
4828.0
4911.0
3486.0
4957.0
3581.0
4868.0
3558.0
3583.0
3576.0
3582.0
3580.0
3573.0
3602.0
3525.0
3552.0
3566.0
3589.0
7963.0
8006.0
8008.0
7965.0
7939.0
7905.0
7898.0
7897.0
7899.0
7904.0
7886.0
7882.0
7916.0
7897.0
7900.0
7927.0
7931.0
7943.0
7957.0
7955.0
7967.0
7985.0
8005.0
7974.0
7971.0
7985.0
7992.0
8049.0
8003.0
7981.0
8002.0
8006.0
7967.0
7977.0
8004.0
7996.0
7966.0
7922.0
7975.0
7814.0
7960.0
7981.0
4882.0
4915.0
7984.0
3585.0
4945.0
5004.0
4915.0
4860.0
4999.0
3537.0
4949.0
3541.0
4853.0
3526.0
3562.0
3563.0
3567.0
3580.0
3567.0
3574.0
3605.0
3539.0
3565.0
3555.0
7991.0
7999.0
7979.0
7978.0
7982.0
7955.0
7974.0
7983.0
7964.0
8024.0
8051.0
8024.0
8025.0
8062.0
8039.0
8053.0
8085.0
8072.0
8140.0
8128.0
8141.0
8154.0
8173.0
8142.0
8213.0
8210.0
8240.0
8110.0
8131.0
8194.0
8128.0
8182.0
8088.0
8041.0
8069.0
7826.0
7943.0
4898.0
4897.0
7920.0
3491.0
4873.0
4864.0
4870.0
4818.0
4926.0
3510.0
4907.0
3506.0
4841.0
3572.0
3540.0
3535.0
3548.0
3528.0
3550.0
3563.0
3549.0
3533.0
3532.0
3537.0
7935.0
7930.0
7932.0
7954.0
7954.0
7926.0
7942.0
7922.0
7928.0
7968.0
7973.0
7925.0
7938.0
7943.0
7951.0
7974.0
7963.0
7950.0
7916.0
7926.0
7914.0
7919.0
7929.0
7933.0
7910.0
7908.0
7896.0
7929.0
7919.0
7917.0
7919.0
7794.0
7912.0
4889.0
4904.0
7936.0
3464.0
4858.0
4881.0
4888.0
4806.0
4875.0
3512.0
4914.0
3526.0
4852.0
3536.0
3548.0
3547.0
3495.0
3499.0
3479.0
3426.0
3421.0
3233.0
3091.0
2934.0
