2.0
2.0
2.0
2.0
2.0
1.0
1.0
2.0
2.0
1.0
3.0
2.0
1.0
2.0
2.0
3.0
2.0
2.0
3.0
3.0
2.0
1.0
2.0
1.0
2.0
2.0
1.0
2.0
2.0
2.0
2.0
2.0
1.0
3.0
2.0
3.0
2.0
2.0
2.0
2.0
2.0
2.0
1.0
2.0
3.0
1.0
3.0
1.0
2.0
2.0
3.0
2.0
2.0
2.0
3.0
1.0
1.0
2.0
2.0
3.0
2.0
2.0
2.0
3.0
2.0
2.0
1.0
2.0
3.0
2.0
2.0
2.0
2.0
3.0
2.0
3.0
1.0
3.0
1.0
1.0
876.0
879.0
875.0
1124.0
877.0
959.0
808.0
884.0
1073.0
833.0
793.0
793.0
831.0
850.0
833.0
832.0
835.0
798.0
804.0
822.0
816.0
815.0
816.0
818.0
816.0
819.0
816.0
815.0
814.0
817.0
847.0
847.0
848.0
850.0
849.0
848.0
847.0
846.0
845.0
846.0
814.0
816.0
819.0
817.0
817.0
818.0
832.0
814.0
815.0
822.0
815.0
824.0
815.0
815.0
815.0
822.0
817.0
816.0
816.0
816.0
805.0
804.0
813.0
810.0
811.0
826.0
816.0
813.0
817.0
824.0
821.0
819.0
821.0
820.0
822.0
807.0
804.0
804.0
855.0
857.0
846.0
845.0
849.0
847.0
846.0
846.0
849.0
847.0
805.0
811.0
815.0
814.0
826.0
823.0
825.0
815.0
824.0
815.0
816.0
823.0
816.0
816.0
823.0
820.0
822.0
816.0
815.0
822.0
815.0
821.0
826.0
827.0
854.0
859.0
853.0
826.0
826.0
856.0
828.0
861.0
809.0
807.0
846.0
846.0
886.0
884.0
886.0
880.0
830.0
842.0
1.0
1.0
2.0
2.0
2.0
1.0
1.0
2.0
3.0
2.0
2.0
1.0
1.0
2.0
2.0
2.0
3.0
2.0
2.0
2.0
2.0
1.0
2.0
1.0
2.0
3.0
1.0
1.0
1.0
2.0
2.0
2.0
2.0
2.0
2.0
3.0
2.0
3.0
1.0
1.0
1.0
2.0
3.0
1.0
1.0
1.0
2.0
2.0
2.0
2.0
2.0
2.0
2.0
2.0
2.0
1.0
1.0
2.0
1.0
1.0
1.0
1.0
3.0
2.0
2.0
1.0
2.0
2.0
2.0
2.0
2.0
3.0
1.0
1.0
2.0
2.0
1.0
1.0
1.0
3.0
2.0
1.0
2.0
1.0
2.0
2.0
2.0
2.0
1.0
2.0
3.0
2.0
2.0
1.0
1.0
1.0
3.0
2.0
3.0
1.0
2.0
2.0
2.0
2.0
2.0
1.0
2.0
2.0
2.0
1.0
2.0
1.0
1.0
1.0
2.0
1.0
3.0
2.0
2.0
2.0
2.0
2.0
1.0
3.0
2.0
3.0
1.0
2.0
1.0
2.0
2.0
2.0
1.0
2.0
2.0
1.0
1.0
1.0
2.0
2.0
1.0
2.0
1.0
2.0
2.0
3.0
2.0
2.0
2.0
1.0
3.0
3.0
1.0
1.0
1.0
1.0
2.0
2.0
2.0
2.0
2.0
2.0
2.0
2.0
1.0
2.0
2.0
1.0
1.0
1.0
1.0
1.0
2.0
3.0
2.0
2.0
1.0
2.0
2.0
3.0
3.0
1.0
2.0
1.0
1.0
1.0
1.0
2.0
2.0
2.0
2.0
1.0
2.0
2.0
2.0
2.0
2.0
1.0
1.0
3.0
2.0
3.0
1.0
1.0
1.0
2.0
3.0
3.0
2.0
2.0
2.0
2.0
2.0
1.0
2.0
2.0
2.0
1.0
1.0
1.0
2.0
2.0
1.0
2.0
1.0
2.0
2.0
2.0
3.0
2.0
2.0
1.0
2.0
3.0
3.0
1.0
1.0
2.0
2.0
2.0
1.0
2.0
3.0
2.0
2.0
1.0
1.0
1.0
2.0
2.0
2.0
1.0
1.0
2.0
2.0
2.0
3.0
2.0
1.0
2.0
2.0
3.0
2.0
1.0
1.0
2.0
2.0
1.0
1.0
2.0
3.0
2.0
2.0
1.0
1.0
2.0
3.0
2.0
2.0
1.0
1.0
2.0
3.0
2.0
2.0
1.0
1.0
2.0
2.0
3.0
2.0
1.0
2.0
2.0
2.0
1.0
1.0
2.0
3.0
2.0
1.0
1.0
1.0
2.0
3.0
2.0
2.0
1.0
2.0
3.0
2.0
2.0
2.0
1.0
1.0
2.0
3.0
2.0
1.0
1.0
2.0
2.0
2.0
1.0
2.0
3.0
2.0
2.0
1.0
2.0
1.0
1.0
3.0
2.0
1.0
1.0
2.0
1.0
2.0
1.0
2.0
1.0
2.0
2.0
2.0
2.0
2.0
2.0
2.0
2.0
1.0
2.0
3.0
3.0
1.0
1.0
1.0
1.0
2.0
3.0
2.0
1.0
2.0
2.0
2.0
2.0
2.0
2.0
1.0
2.0
2.0
1.0
1.0
2.0
1.0
2.0
2.0
1.0
2.0
3.0
2.0
3.0
2.0
1.0
1.0
2.0
3.0
2.0
1.0
1.0
1.0
2.0
2.0
9.0
1.0
9.0
8.0
8.0
9.0
9.0
9.0
8.0
8.0
9.0
2.0
2.0
1.0
2.0
2.0
2.0
2.0
2.0
2.0
2.0
2.0
2.0
2.0
1.0
2.0
3.0
3.0
1.0
1.0
1.0
3.0
3.0
2.0
2.0
1.0
2.0
2.0
1.0
2.0
2.0
2.0
2.0
1.0
2.0
1.0
2.0
2.0
2.0
1.0
1.0
3.0
2.0
3.0
2.0
1.0
1.0
2.0
3.0
2.0
3.0
1.0
1.0
2.0
2.0
1.0
2.0
1.0
2.0
2.0
2.0
1.0
2.0
2.0
2.0
2.0
2.0
1.0
1.0
2.0
3.0
3.0
1.0
1.0
1.0
3.0
2.0
2.0
3.0
1.0
2.0
2.0
2.0
2.0
1.0
2.0
1.0
2.0
1.0
2.0
1.0
2.0
2.0
2.0
2.0
1.0
2.0
3.0
2.0
3.0
1.0
1.0
1.0
2.0
3.0
2.0
1.0
1.0
2.0
2.0
2.0
1.0
2.0
2.0
2.0
2.0
2.0
1.0
1.0
2.0
2.0
2.0
1.0
1.0
3.0
2.0
3.0
1.0
1.0
1.0
2.0
3.0
2.0
2.0
1.0
2.0
2.0
2.0
2.0
1.0
1.0
2.0
2.0
1.0
2.0
1.0
1.0
3.0
2.0
2.0
1.0
2.0
3.0
2.0
2.0
3.0
1.0
1.0
3.0
2.0
2.0
1.0
1.0
2.0
2.0
2.0
2.0
1.0
2.0
2.0
2.0
2.0
1.0
1.0
1.0
3.0
2.0
1.0
1.0
3.0
2.0
2.0
2.0
3.0
1.0
2.0
3.0
2.0
2.0
1.0
1.0
2.0
2.0
2.0
1.0
1.0
2.0
2.0
2.0
1.0
2.0
1.0
3.0
2.0
2.0
1.0
1.0
3.0
2.0
2.0
3.0
1.0
1.0
3.0
2.0
1.0
2.0
1.0
1.0
2.0
2.0
2.0
1.0
2.0
1.0
2.0
2.0
2.0
1.0
1.0
3.0
2.0
2.0
1.0
2.0
3.0
2.0
2.0
3.0
1.0
2.0
3.0
2.0
2.0
1.0
1.0
1.0
2.0
1.0
2.0
1.0
2.0
2.0
2.0
2.0
2.0
1.0
2.0
3.0
2.0
1.0
1.0
1.0
3.0
2.0
3.0
1.0
1.0
3.0
2.0
2.0
1.0
2.0
1.0
2.0
2.0
2.0
1.0
1.0
2.0
2.0
2.0
2.0
1.0
1.0
2.0
2.0
1.0
1.0
1.0
2.0
3.0
2.0
3.0
1.0
1.0
2.0
866.0
858.0
1078.0
866.0
864.0
802.0
865.0
1021.0
926.0
799.0
795.0
796.0
796.0
856.0
859.0
858.0
859.0
864.0
775.0
840.0
789.0
789.0
789.0
852.0
852.0
853.0
851.0
852.0
793.0
851.0
827.0
848.0
835.0
890.0
890.0
890.0
910.0
826.0
890.0
888.0
777.0
784.0
800.0
792.0
855.0
854.0
854.0
854.0
854.0
857.0
791.0
795.0
788.0
776.0
851.0
850.0
863.0
853.0
851.0
850.0
793.0
787.0
787.0
787.0
839.0
841.0
853.0
848.0
852.0
865.0
791.0
790.0
790.0
790.0
854.0
854.0
840.0
840.0
841.0
892.0
822.0
829.0
840.0
847.0
851.0
859.0
856.0
851.0
853.0
804.0
810.0
822.0
821.0
821.0
820.0
828.0
848.0
820.0
831.0
820.0
831.0
812.0
806.0
814.0
815.0
821.0
814.0
821.0
821.0
815.0
819.0
820.0
814.0
805.0
819.0
830.0
826.0
839.0
834.0
818.0
822.0
826.0
815.0
841.0
862.0
879.0
896.0
907.0
891.0
888.0
877.0
877.0
900.0
895.0
804.0
807.0
811.0
810.0
811.0
813.0
826.0
826.0
822.0
822.0
821.0
822.0
829.0
828.0
826.0
814.0
821.0
828.0
837.0
843.0
844.0
870.0
847.0
850.0
846.0
839.0
839.0
827.0
843.0
838.0
816.0
827.0
846.0
846.0
828.0
835.0
816.0
823.0
847.0
829.0
860.0
863.0
872.0
859.0
858.0
851.0
852.0
853.0
848.0
848.0
804.0
818.0
818.0
824.0
823.0
817.0
824.0
823.0
817.0
820.0
836.0
803.0
809.0
811.0
810.0
803.0
821.0
823.0
815.0
816.0
816.0
815.0
822.0
823.0
823.0
816.0
810.0
809.0
812.0
820.0
821.0
822.0
826.0
825.0
826.0
817.0
829.0
824.0
804.0
852.0
858.0
870.0
859.0
859.0
858.0
853.0
857.0
860.0
852.0
804.0
817.0
817.0
824.0
825.0
825.0
818.0
826.0
828.0
816.0
816.0
803.0
805.0
830.0
827.0
827.0
815.0
822.0
822.0
814.0
814.0
815.0
814.0
812.0
809.0
810.0
805.0
821.0
821.0
816.0
816.0
815.0
815.0
823.0
823.0
822.0
815.0
810.0
852.0
848.0
847.0
846.0
844.0
854.0
854.0
854.0
846.0
853.0
812.0
808.0
804.0
815.0
815.0
821.0
824.0
822.0
815.0
822.0
822.0
816.0
817.0
811.0
820.0
826.0
828.0
821.0
829.0
826.0
827.0
822.0
826.0
804.0
803.0
819.0
815.0
821.0
821.0
821.0
821.0
816.0
816.0
816.0
816.0
811.0
804.0
857.0
857.0
856.0
860.0
851.0
851.0
850.0
850.0
855.0
852.0
811.0
810.0
816.0
821.0
825.0
832.0
863.0
850.0
861.0
857.0
884.0
860.0
867.0
850.0
847.0
844.0
836.0
829.0
824.0
820.0
824.0
823.0
816.0
815.0
813.0
804.0
815.0
809.0
837.0
826.0
837.0
837.0
813.0
838.0
811.0
809.0
817.0
803.0
862.0
853.0
862.0
864.0
860.0
851.0
859.0
852.0
851.0
850.0
804.0
810.0
821.0
819.0
826.0
821.0
826.0
821.0
819.0
826.0
820.0
827.0
812.0
812.0
810.0
804.0
810.0
815.0
814.0
814.0
814.0
822.0
822.0
823.0
822.0
815.0
821.0
803.0
813.0
815.0
815.0
822.0
822.0
821.0
820.0
815.0
823.0
816.0
862.0
855.0
855.0
862.0
862.0
862.0
855.0
860.0
862.0
855.0
803.0
806.0
816.0
821.0
822.0
822.0
815.0
821.0
821.0
816.0
815.0
814.0
803.0
815.0
810.0
820.0
815.0
821.0
821.0
816.0
817.0
815.0
826.0
822.0
822.0
813.0
803.0
810.0
810.0
815.0
815.0
815.0
813.0
823.0
821.0
821.0
816.0
819.0
821.0
804.0
855.0
851.0
849.0
856.0
856.0
855.0
848.0
862.0
854.0
847.0
819.0
815.0
821.0
833.0
830.0
831.0
821.0
828.0
828.0
821.0
803.0
804.0
814.0
820.0
822.0
819.0
814.0
820.0
822.0
816.0
814.0
817.0
806.0
811.0
809.0
809.0
816.0
820.0
820.0
813.0
813.0
814.0
815.0
822.0
822.0
823.0
804.0
854.0
873.0
869.0
881.0
886.0
897.0
945.0
877.0
945.0
899.0
826.0
825.0
830.0
827.0
825.0
814.0
828.0
829.0
815.0
830.0
830.0
829.0
814.0
813.0
813.0
814.0
821.0
821.0
816.0
823.0
821.0
821.0
815.0
805.0
803.0
810.0
826.0
828.0
822.0
827.0
826.0
827.0
820.0
821.0
822.0
804.0
869.0
880.0
863.0
866.0
861.0
851.0
876.0
854.0
852.0
852.0
809.0
810.0
803.0
810.0
820.0
814.0
827.0
820.0
821.0
820.0
826.0
821.0
827.0
828.0
808.0
803.0
810.0
814.0
815.0
814.0
822.0
817.0
822.0
823.0
821.0
814.0
820.0
804.0
804.0
818.0
822.0
815.0
821.0
822.0
820.0
816.0
822.0
815.0
816.0
858.0
875.0
855.0
877.0
860.0
859.0
852.0
863.0
853.0
854.0
803.0
824.0
812.0
817.0
819.0
818.0
811.0
817.0
813.0
812.0
811.0
804.0
811.0
811.0
810.0
810.0
808.0
820.0
814.0
819.0
836.0
817.0
822.0
821.0
822.0
822.0
819.0
810.0
813.0
817.0
818.0
817.0
823.0
823.0
824.0
823.0
836.0
822.0
803.0
860.0
873.0
854.0
877.0
870.0
860.0
862.0
857.0
862.0
856.0
804.0
817.0
818.0
823.0
842.0
824.0
822.0
818.0
824.0
816.0
815.0
803.0
813.0
826.0
823.0
826.0
824.0
833.0
823.0
816.0
818.0
816.0
804.0
811.0
815.0
810.0
812.0
805.0
821.0
825.0
826.0
834.0
845.0
856.0
861.0
853.0
857.0
834.0
849.0
884.0
882.0
884.0
864.0
886.0
886.0
860.0
887.0
885.0
885.0
812.0
819.0
820.0
819.0
826.0
820.0
825.0
824.0
824.0
843.0
816.0
804.0
812.0
817.0
821.0
837.0
824.0
826.0
822.0
822.0
817.0
818.0
805.0
805.0
821.0
819.0
822.0
821.0
821.0
821.0
816.0
817.0
815.0
816.0
866.0
857.0
877.0
883.0
874.0
875.0
874.0
858.0
857.0
858.0
811.0
804.0
813.0
810.0
809.0
822.0
816.0
816.0
815.0
818.0
820.0
814.0
821.0
820.0
820.0
809.0
806.0
803.0
816.0
829.0
825.0
815.0
825.0
826.0
824.0
825.0
818.0
816.0
804.0
814.0
822.0
816.0
822.0
823.0
819.0
840.0
815.0
818.0
815.0
846.0
849.0
843.0
858.0
851.0
850.0
849.0
845.0
846.0
845.0
804.0
806.0
826.0
836.0
835.0
836.0
835.0
823.0
822.0
821.0
821.0
839.0
812.0
814.0
810.0
813.0
821.0
815.0
821.0
815.0
819.0
822.0
817.0
821.0
822.0
822.0
809.0
803.0
804.0
813.0
820.0
821.0
825.0
826.0
827.0
827.0
825.0
821.0
822.0
805.0
870.0
860.0
871.0
877.0
856.0
870.0
876.0
867.0
870.0
845.0
815.0
816.0
823.0
821.0
822.0
821.0
817.0
821.0
817.0
815.0
805.0
804.0
810.0
828.0
821.0
821.0
825.0
832.0
832.0
841.0
847.0
846.0
854.0
837.0
850.0
842.0
839.0
845.0
839.0
846.0
837.0
828.0
835.0
831.0
831.0
831.0
808.0
812.0
805.0
857.0
867.0
870.0
870.0
853.0
869.0
870.0
858.0
859.0
851.0
805.0
817.0
817.0
824.0
824.0
823.0
823.0
817.0
827.0
816.0
818.0
804.0
824.0
821.0
823.0
820.0
823.0
816.0
821.0
815.0
815.0
816.0
807.0
811.0
821.0
820.0
822.0
817.0
821.0
816.0
815.0
816.0
816.0
821.0
812.0
811.0
810.0
846.0
857.0
848.0
858.0
865.0
844.0
873.0
851.0
852.0
851.0
809.0
812.0
808.0
818.0
818.0
817.0
821.0
823.0
821.0
820.0
822.0
817.0
821.0
804.0
826.0
816.0
821.0
823.0
845.0
821.0
814.0
815.0
821.0
814.0
806.0
813.0
826.0
828.0
830.0
828.0
822.0
823.0
828.0
823.0
822.0
804.0
859.0
854.0
854.0
869.0
867.0
865.0
870.0
866.0
868.0
850.0
813.0
809.0
809.0
813.0
805.0
824.0
819.0
821.0
820.0
823.0
826.0
828.0
827.0
827.0
823.0
803.0
810.0
811.0
838.0
818.0
845.0
823.0
847.0
823.0
836.0
818.0
823.0
803.0
815.0
814.0
823.0
822.0
822.0
821.0
815.0
816.0
821.0
816.0
803.0
855.0
879.0
856.0
855.0
872.0
861.0
867.0
875.0
867.0
851.0
805.0
824.0
827.0
823.0
824.0
818.0
818.0
829.0
829.0
842.0
844.0
834.0
834.0
836.0
846.0
836.0
864.0
850.0
847.0
833.0
833.0
829.0
830.0
828.0
831.0
822.0
817.0
810.0
805.0
820.0
817.0
820.0
821.0
823.0
822.0
818.0
816.0
822.0
815.0
863.0
848.0
858.0
874.0
861.0
867.0
872.0
864.0
873.0
856.0
805.0
805.0
822.0
821.0
821.0
836.0
821.0
815.0
839.0
832.0
814.0
815.0
820.0
820.0
821.0
823.0
815.0
815.0
823.0
819.0
816.0
815.0
811.0
811.0
810.0
802.0
811.0
804.0
818.0
815.0
816.0
817.0
822.0
823.0
821.0
829.0
822.0
817.0
809.0
803.0
862.0
849.0
875.0
875.0
854.0
869.0
877.0
864.0
872.0
865.0
818.0
817.0
823.0
823.0
823.0
817.0
823.0
816.0
822.0
816.0
803.0
804.0
824.0
825.0
825.0
816.0
815.0
825.0
842.0
814.0
833.0
814.0
820.0
833.0
831.0
822.0
822.0
833.0
832.0
821.0
822.0
821.0
825.0
813.0
812.0
804.0
804.0
810.0
861.0
861.0
870.0
847.0
851.0
865.0
867.0
870.0
869.0
872.0
817.0
812.0
817.0
815.0
822.0
823.0
822.0
817.0
838.0
820.0
821.0
815.0
813.0
815.0
822.0
823.0
823.0
815.0
816.0
823.0
814.0
821.0
811.0
805.0
822.0
823.0
824.0
815.0
817.0
823.0
815.0
825.0
818.0
817.0
867.0
875.0
877.0
865.0
861.0
873.0
866.0
876.0
872.0
872.0
830.0
844.0
827.0
831.0
841.0
837.0
848.0
829.0
832.0
833.0
823.0
823.0
823.0
818.0
817.0
809.0
805.0
810.0
816.0
817.0
821.0
821.0
816.0
821.0
816.0
820.0
816.0
820.0
815.0
813.0
823.0
822.0
817.0
824.0
818.0
824.0
818.0
825.0
806.0
806.0
864.0
867.0
865.0
851.0
865.0
870.0
868.0
867.0
867.0
863.0
828.0
827.0
824.0
832.0
822.0
824.0
815.0
812.0
779.0
779.0
716.0
