9.0
9.0
9.0
6.0
6.0
6.0
5.0
9.0
9.0
9.0
10.0
9.0
6.0
6.0
6.0
6.0
6.0
6.0
10.0
8.0
30.0
31.0
30.0
30.0
31.0
31.0
54.0
54.0
54.0
53.0
62.0
62.0
62.0
62.0
61.0
62.0
112.0
112.0
111.0
110.0
61.0
61.0
61.0
62.0
61.0
61.0
61.0
53.0
62.0
60.0
63.0
61.0
112.0
111.0
112.0
112.0
52.0
61.0
62.0
60.0
64.0
62.0
49.0
61.0
61.0
61.0
61.0
112.0
112.0
61.0
112.0
112.0
49.0
61.0
61.0
61.0
61.0
62.0
49.0
110.0
111.0
112.0
112.0
61.0
61.0
61.0
60.0
61.0
49.0
49.0
60.0
60.0
61.0
61.0
60.0
69.0
68.0
49.0
111.0
110.0
61.0
60.0
61.0
61.0
61.0
49.0
61.0
61.0
61.0
60.0
61.0
60.0
61.0
49.0
111.0
111.0
61.0
61.0
60.0
59.0
60.0
61.0
60.0
49.0
60.0
61.0
61.0
61.0
49.0
60.0
55.0
61.0
87.0
87.0
50.0
61.0
61.0
49.0
61.0
60.0
61.0
61.0
54.0
56.0
64.0
64.0
64.0
65.0
64.0
64.0
65.0
64.0
53.0
51.0
59.0
60.0
60.0
61.0
61.0
60.0
60.0
61.0
52.0
52.0
53.0
61.0
61.0
61.0
61.0
60.0
61.0
61.0
52.0
53.0
53.0
61.0
61.0
60.0
61.0
60.0
61.0
53.0
60.0
53.0
124.0
132.0
131.0
132.0
124.0
130.0
131.0
131.0
123.0
132.0
54.0
53.0
61.0
61.0
60.0
59.0
54.0
59.0
60.0
59.0
54.0
53.0
51.0
53.0
54.0
53.0
9.0
10.0
9.0
5.0
6.0
6.0
6.0
9.0
9.0
7.0
5.0
5.0
5.0
6.0
10.0
10.0
9.0
9.0
9.0
8.0
6.0
6.0
6.0
5.0
6.0
6.0
9.0
6.0
6.0
7.0
9.0
9.0
9.0
9.0
5.0
5.0
5.0
5.0
9.0
8.0
9.0
10.0
9.0
9.0
6.0
6.0
6.0
6.0
5.0
5.0
6.0
6.0
10.0
10.0
10.0
9.0
9.0
9.0
5.0
5.0
5.0
5.0
9.0
9.0
6.0
6.0
6.0
6.0
9.0
7.0
9.0
9.0
5.0
6.0
5.0
5.0
10.0
9.0
8.0
7.0
5.0
9.0
8.0
5.0
5.0
5.0
5.0
4.0
5.0
5.0
8.0
8.0
8.0
8.0
8.0
8.0
5.0
4.0
4.0
5.0
53.0
30.0
30.0
30.0
53.0
29.0
53.0
52.0
52.0
51.0
29.0
29.0
29.0
30.0
53.0
54.0
53.0
53.0
53.0
52.0
30.0
30.0
30.0
29.0
29.0
29.0
29.0
25.0
48.0
30.0
48.0
31.0
53.0
53.0
24.0
29.0
29.0
29.0
30.0
23.0
30.0
30.0
30.0
30.0
29.0
30.0
54.0
54.0
24.0
28.0
29.0
29.0
29.0
29.0
30.0
24.0
29.0
29.0
28.0
28.0
29.0
29.0
24.0
29.0
30.0
56.0
56.0
29.0
29.0
23.0
33.0
33.0
33.0
33.0
33.0
30.0
33.0
31.0
28.0
4.0
28.0
52.0
51.0
28.0
28.0
28.0
25.0
25.0
4.0
4.0
4.0
5.0
5.0
5.0
5.0
4.0
4.0
4.0
4.0
4.0
60.0
60.0
60.0
60.0
60.0
49.0
60.0
48.0
64.0
63.0
48.0
49.0
60.0
60.0
60.0
60.0
60.0
59.0
60.0
60.0
49.0
48.0
60.0
60.0
60.0
60.0
59.0
60.0
60.0
59.0
49.0
48.0
60.0
60.0
60.0
59.0
60.0
54.0
52.0
59.0
60.0
52.0
52.0
59.0
59.0
60.0
60.0
60.0
51.0
51.0
60.0
60.0
52.0
60.0
60.0
60.0
60.0
51.0
59.0
51.0
60.0
60.0
53.0
53.0
53.0
60.0
60.0
59.0
59.0
59.0
59.0
59.0
53.0
53.0
53.0
58.0
58.0
58.0
54.0
4.0
58.0
58.0
58.0
53.0
53.0
53.0
53.0
57.0
4.0
4.0
4.0
4.0
4.0
4.0
5.0
4.0
4.0
4.0
4.0
4.0
58.0
58.0
58.0
58.0
58.0
53.0
54.0
54.0
54.0
57.0
57.0
57.0
57.0
55.0
57.0
57.0
55.0
55.0
55.0
55.0
56.0
56.0
55.0
56.0
56.0
57.0
56.0
55.0
56.0
55.0
56.0
56.0
57.0
56.0
56.0
56.0
55.0
55.0
55.0
55.0
56.0
55.0
56.0
56.0
55.0
56.0
56.0
56.0
56.0
55.0
56.0
55.0
56.0
56.0
57.0
56.0
56.0
56.0
55.0
55.0
56.0
56.0
56.0
56.0
56.0
56.0
55.0
55.0
56.0
55.0
56.0
56.0
56.0
56.0
56.0
56.0
56.0
56.0
60.0
4.0
61.0
61.0
61.0
62.0
61.0
61.0
61.0
61.0
4.0
8.0
4.0
4.0
4.0
4.0
5.0
4.0
4.0
4.0
4.0
4.0
56.0
56.0
56.0
56.0
56.0
56.0
56.0
56.0
55.0
55.0
56.0
56.0
56.0
55.0
56.0
55.0
55.0
56.0
56.0
55.0
56.0
56.0
56.0
56.0
56.0
56.0
55.0
55.0
56.0
55.0
56.0
55.0
56.0
56.0
56.0
56.0
56.0
56.0
56.0
54.0
56.0
56.0
56.0
56.0
56.0
56.0
56.0
56.0
56.0
54.0
56.0
55.0
56.0
56.0
56.0
55.0
56.0
56.0
56.0
55.0
56.0
55.0
56.0
56.0
55.0
57.0
56.0
55.0
56.0
55.0
57.0
57.0
56.0
58.0
55.0
56.0
56.0
56.0
56.0
4.0
55.0
83.0
83.0
107.0
82.0
83.0
81.0
83.0
4.0
3.0
32.0
32.0
31.0
7.0
4.0
4.0
5.0
3.0
6.0
4.0
55.0
90.0
54.0
56.0
55.0
54.0
54.0
55.0
55.0
71.0
56.0
55.0
55.0
56.0
56.0
56.0
56.0
56.0
56.0
56.0
57.0
57.0
55.0
56.0
56.0
56.0
56.0
55.0
56.0
55.0
56.0
56.0
56.0
55.0
56.0
56.0
55.0
56.0
56.0
55.0
57.0
57.0
56.0
56.0
56.0
56.0
56.0
56.0
55.0
55.0
56.0
57.0
56.0
56.0
56.0
56.0
56.0
56.0
56.0
55.0
57.0
56.0
56.0
56.0
57.0
56.0
56.0
56.0
56.0
55.0
56.0
56.0
56.0
56.0
56.0
56.0
55.0
55.0
55.0
4.0
55.0
55.0
56.0
55.0
55.0
56.0
55.0
54.0
4.0
4.0
4.0
4.0
4.0
4.0
4.0
4.0
4.0
4.0
3.0
3.0
57.0
56.0
56.0
56.0
57.0
56.0
56.0
56.0
56.0
54.0
56.0
56.0
56.0
56.0
56.0
56.0
56.0
56.0
56.0
55.0
56.0
56.0
56.0
56.0
56.0
56.0
56.0
56.0
55.0
55.0
56.0
56.0
55.0
56.0
57.0
55.0
56.0
56.0
56.0
55.0
56.0
56.0
56.0
56.0
56.0
58.0
58.0
60.0
59.0
61.0
72.0
63.0
63.0
63.0
62.0
64.0
61.0
62.0
59.0
57.0
58.0
59.0
58.0
58.0
59.0
58.0
58.0
57.0
57.0
58.0
57.0
58.0
57.0
57.0
59.0
58.0
58.0
59.0
59.0
4.0
60.0
59.0
61.0
60.0
59.0
60.0
60.0
59.0
4.0
4.0
5.0
4.0
5.0
4.0
4.0
4.0
4.0
4.0
4.0
4.0
58.0
57.0
57.0
58.0
57.0
58.0
56.0
58.0
58.0
58.0
59.0
57.0
57.0
58.0
57.0
59.0
57.0
59.0
58.0
57.0
58.0
58.0
57.0
58.0
58.0
58.0
57.0
58.0
58.0
57.0
58.0
58.0
60.0
58.0
59.0
59.0
60.0
60.0
59.0
59.0
60.0
60.0
59.0
60.0
59.0
59.0
59.0
59.0
58.0
58.0
59.0
59.0
58.0
59.0
59.0
59.0
58.0
58.0
58.0
57.0
58.0
59.0
59.0
59.0
59.0
58.0
59.0
59.0
58.0
57.0
59.0
59.0
59.0
59.0
59.0
58.0
58.0
58.0
58.0
4.0
58.0
58.0
59.0
59.0
59.0
59.0
58.0
59.0
4.0
4.0
4.0
5.0
4.0
4.0
4.0
4.0
4.0
5.0
5.0
4.0
59.0
59.0
59.0
58.0
59.0
60.0
59.0
59.0
58.0
58.0
59.0
59.0
59.0
59.0
59.0
59.0
59.0
59.0
58.0
58.0
58.0
59.0
58.0
57.0
58.0
58.0
57.0
57.0
57.0
57.0
55.0
56.0
56.0
55.0
56.0
57.0
56.0
56.0
57.0
55.0
56.0
55.0
55.0
56.0
57.0
56.0
56.0
56.0
56.0
56.0
56.0
55.0
56.0
56.0
56.0
56.0
55.0
56.0
56.0
55.0
56.0
56.0
55.0
58.0
57.0
57.0
56.0
56.0
56.0
55.0
57.0
57.0
57.0
60.0
60.0
60.0
61.0
61.0
60.0
4.0
60.0
61.0
61.0
61.0
57.0
57.0
57.0
56.0
4.0
4.0
4.0
5.0
5.0
4.0
4.0
4.0
5.0
4.0
4.0
4.0
56.0
56.0
56.0
56.0
56.0
56.0
56.0
56.0
56.0
56.0
95.0
95.0
94.0
94.0
94.0
93.0
94.0
95.0
94.0
94.0
56.0
56.0
58.0
56.0
56.0
56.0
56.0
57.0
56.0
56.0
56.0
57.0
57.0
56.0
57.0
56.0
56.0
56.0
57.0
55.0
56.0
56.0
57.0
56.0
56.0
56.0
56.0
56.0
56.0
56.0
56.0
56.0
56.0
57.0
56.0
57.0
56.0
57.0
57.0
56.0
56.0
57.0
58.0
56.0
56.0
56.0
56.0
56.0
57.0
56.0
57.0
56.0
56.0
57.0
56.0
56.0
56.0
57.0
56.0
4.0
56.0
56.0
55.0
57.0
56.0
55.0
55.0
55.0
4.0
4.0
4.0
4.0
4.0
4.0
5.0
4.0
4.0
3.0
4.0
4.0
56.0
56.0
56.0
56.0
57.0
57.0
56.0
56.0
56.0
55.0
57.0
57.0
57.0
57.0
56.0
56.0
56.0
57.0
56.0
55.0
56.0
56.0
56.0
56.0
57.0
57.0
56.0
55.0
55.0
55.0
57.0
57.0
56.0
56.0
56.0
57.0
56.0
56.0
57.0
55.0
57.0
57.0
56.0
57.0
57.0
56.0
56.0
56.0
57.0
55.0
56.0
56.0
56.0
57.0
56.0
56.0
56.0
56.0
57.0
55.0
57.0
57.0
57.0
55.0
57.0
55.0
56.0
56.0
56.0
55.0
57.0
57.0
56.0
55.0
56.0
55.0
56.0
56.0
56.0
4.0
55.0
56.0
55.0
56.0
56.0
56.0
55.0
55.0
4.0
3.0
4.0
4.0
4.0
4.0
4.0
4.0
4.0
4.0
4.0
4.0
56.0
57.0
56.0
56.0
56.0
56.0
56.0
56.0
56.0
54.0
56.0
59.0
56.0
58.0
58.0
58.0
57.0
58.0
57.0
56.0
58.0
58.0
57.0
56.0
57.0
56.0
56.0
56.0
56.0
55.0
55.0
56.0
57.0
56.0
56.0
56.0
56.0
56.0
55.0
55.0
56.0
56.0
56.0
56.0
57.0
57.0
57.0
55.0
55.0
55.0
56.0
55.0
57.0
55.0
57.0
56.0
56.0
55.0
56.0
55.0
56.0
56.0
56.0
56.0
57.0
57.0
56.0
56.0
55.0
56.0
58.0
56.0
56.0
56.0
57.0
56.0
57.0
57.0
56.0
3.0
55.0
55.0
55.0
56.0
55.0
55.0
55.0
55.0
4.0
4.0
4.0
4.0
4.0
4.0
4.0
4.0
5.0
4.0
4.0
3.0
56.0
56.0
57.0
56.0
55.0
57.0
56.0
55.0
55.0
56.0
57.0
57.0
57.0
55.0
56.0
56.0
56.0
55.0
55.0
56.0
56.0
56.0
56.0
55.0
55.0
57.0
56.0
56.0
56.0
56.0
56.0
56.0
56.0
56.0
56.0
56.0
56.0
55.0
55.0
55.0
57.0
57.0
57.0
56.0
56.0
56.0
55.0
56.0
55.0
56.0
56.0
56.0
57.0
56.0
55.0
57.0
56.0
55.0
56.0
55.0
56.0
57.0
56.0
56.0
56.0
56.0
56.0
56.0
55.0
56.0
57.0
57.0
56.0
56.0
56.0
56.0
56.0
56.0
56.0
4.0
56.0
56.0
56.0
57.0
55.0
55.0
57.0
55.0
4.0
3.0
4.0
4.0
4.0
4.0
4.0
4.0
4.0
4.0
4.0
4.0
56.0
57.0
55.0
57.0
57.0
56.0
56.0
56.0
56.0
54.0
55.0
55.0
57.0
56.0
56.0
56.0
56.0
56.0
58.0
56.0
58.0
58.0
58.0
58.0
58.0
58.0
58.0
59.0
57.0
55.0
56.0
56.0
56.0
107.0
106.0
106.0
106.0
106.0
107.0
105.0
107.0
106.0
107.0
56.0
56.0
57.0
57.0
57.0
56.0
56.0
56.0
56.0
56.0
56.0
59.0
57.0
57.0
56.0
57.0
55.0
57.0
56.0
57.0
56.0
57.0
56.0
57.0
57.0
57.0
55.0
56.0
56.0
57.0
56.0
57.0
57.0
56.0
57.0
56.0
4.0
57.0
55.0
56.0
55.0
56.0
56.0
56.0
56.0
4.0
4.0
4.0
5.0
4.0
4.0
4.0
4.0
4.0
4.0
4.0
4.0
56.0
57.0
57.0
55.0
55.0
57.0
55.0
55.0
56.0
56.0
56.0
56.0
56.0
56.0
56.0
57.0
55.0
56.0
56.0
55.0
57.0
57.0
57.0
56.0
56.0
56.0
56.0
55.0
56.0
56.0
56.0
56.0
56.0
55.0
55.0
57.0
55.0
56.0
56.0
55.0
55.0
56.0
56.0
56.0
56.0
56.0
56.0
56.0
56.0
55.0
56.0
56.0
56.0
56.0
56.0
56.0
57.0
55.0
56.0
55.0
56.0
56.0
56.0
55.0
55.0
56.0
56.0
56.0
56.0
55.0
56.0
57.0
57.0
56.0
56.0
55.0
57.0
55.0
56.0
4.0
56.0
55.0
55.0
55.0
55.0
55.0
56.0
55.0
4.0
4.0
4.0
4.0
4.0
4.0
4.0
4.0
5.0
4.0
4.0
3.0
56.0
56.0
56.0
55.0
56.0
56.0
56.0
56.0
55.0
55.0
56.0
55.0
56.0
56.0
55.0
55.0
56.0
55.0
56.0
55.0
56.0
57.0
56.0
56.0
56.0
55.0
56.0
58.0
57.0
55.0
56.0
56.0
56.0
55.0
55.0
56.0
55.0
63.0
60.0
59.0
62.0
62.0
62.0
62.0
62.0
62.0
61.0
57.0
57.0
57.0
56.0
56.0
56.0
56.0
56.0
56.0
56.0
56.0
56.0
55.0
56.0
56.0
57.0
56.0
56.0
56.0
56.0
55.0
55.0
55.0
56.0
56.0
56.0
56.0
56.0
56.0
56.0
56.0
55.0
3.0
56.0
55.0
56.0
56.0
55.0
55.0
55.0
55.0
4.0
3.0
4.0
4.0
4.0
4.0
4.0
5.0
4.0
3.0
3.0
4.0
55.0
56.0
56.0
56.0
56.0
56.0
55.0
56.0
56.0
54.0
56.0
56.0
57.0
56.0
56.0
56.0
56.0
56.0
56.0
54.0
56.0
55.0
56.0
55.0
56.0
56.0
55.0
56.0
56.0
55.0
56.0
56.0
56.0
56.0
57.0
57.0
55.0
55.0
57.0
56.0
56.0
56.0
57.0
56.0
56.0
57.0
56.0
56.0
56.0
55.0
58.0
58.0
56.0
58.0
56.0
56.0
58.0
57.0
55.0
55.0
56.0
56.0
56.0
56.0
56.0
56.0
56.0
56.0
56.0
55.0
56.0
56.0
56.0
55.0
56.0
56.0
55.0
55.0
56.0
4.0
56.0
56.0
55.0
56.0
55.0
55.0
55.0
55.0
4.0
4.0
4.0
4.0
4.0
4.0
4.0
4.0
4.0
4.0
4.0
4.0
56.0
56.0
56.0
56.0
55.0
56.0
55.0
56.0
56.0
55.0
56.0
56.0
56.0
56.0
56.0
56.0
56.0
56.0
56.0
55.0
56.0
56.0
56.0
56.0
56.0
56.0
55.0
55.0
56.0
55.0
56.0
56.0
56.0
56.0
56.0
56.0
55.0
56.0
56.0
55.0
61.0
61.0
61.0
62.0
62.0
62.0
62.0
62.0
62.0
61.0
57.0
57.0
57.0
55.0
55.0
56.0
56.0
117.0
116.0
116.0
116.0
116.0
117.0
118.0
118.0
116.0
118.0
55.0
57.0
57.0
54.0
55.0
58.0
58.0
58.0
54.0
54.0
58.0
58.0
4.0
57.0
53.0
53.0
58.0
54.0
57.0
57.0
54.0
4.0
4.0
4.0
4.0
5.0
5.0
4.0
4.0
4.0
4.0
4.0
4.0
57.0
58.0
58.0
54.0
54.0
58.0
55.0
57.0
58.0
54.0
58.0
57.0
57.0
55.0
55.0
57.0
55.0
55.0
57.0
56.0
57.0
57.0
57.0
56.0
56.0
56.0
56.0
55.0
55.0
56.0
56.0
56.0
56.0
56.0
56.0
56.0
57.0
56.0
56.0
55.0
57.0
57.0
56.0
56.0
56.0
56.0
56.0
56.0
56.0
55.0
56.0
56.0
57.0
56.0
56.0
56.0
56.0
55.0
55.0
55.0
56.0
56.0
56.0
56.0
56.0
56.0
56.0
56.0
56.0
55.0
57.0
57.0
56.0
56.0
56.0
56.0
56.0
56.0
56.0
4.0
56.0
55.0
55.0
55.0
55.0
56.0
56.0
55.0
4.0
4.0
4.0
4.0
4.0
4.0
4.0
4.0
4.0
4.0
4.0
4.0
56.0
56.0
57.0
57.0
57.0
57.0
57.0
56.0
56.0
56.0
57.0
56.0
56.0
56.0
56.0
56.0
56.0
56.0
55.0
55.0
56.0
56.0
55.0
56.0
56.0
56.0
56.0
56.0
56.0
56.0
56.0
56.0
56.0
56.0
56.0
56.0
56.0
56.0
55.0
55.0
56.0
56.0
57.0
56.0
56.0
57.0
57.0
56.0
56.0
55.0
56.0
56.0
56.0
56.0
56.0
56.0
56.0
56.0
56.0
56.0
62.0
62.0
62.0
62.0
62.0
62.0
62.0
62.0
61.0
61.0
56.0
56.0
57.0
56.0
56.0
56.0
56.0
56.0
56.0
4.0
56.0
55.0
55.0
55.0
54.0
53.0
53.0
54.0
3.0
4.0
4.0
5.0
4.0
4.0
4.0
5.0
4.0
4.0
3.0
4.0
