1.0
0.0
1.0
1.0
1.0
1.0
1.0
1.0
0.0
1.0
1.0
1.0
1.0
1.0
0.0
1.0
1.0
1.0
1.0
1.0
1.0
1.0
0.0
1.0
1.0
1.0
1.0
2.0
1.0
1.0
182.0
180.0
181.0
181.0
334.0
181.0
333.0
335.0
181.0
334.0
180.0
180.0
180.0
181.0
181.0
163.0
329.0
199.0
329.0
198.0
160.0
186.0
186.0
186.0
185.0
186.0
152.0
157.0
181.0
181.0
181.0
184.0
182.0
180.0
150.0
186.0
180.0
152.0
180.0
180.0
181.0
182.0
180.0
181.0
155.0
157.0
181.0
163.0
180.0
186.0
179.0
179.0
181.0
180.0
161.0
161.0
159.0
180.0
181.0
181.0
180.0
181.0
181.0
180.0
158.0
158.0
158.0
216.0
212.0
215.0
216.0
216.0
212.0
215.0
193.0
190.0
189.0
186.0
180.0
161.0
1.0
1.0
1.0
1.0
1.0
1.0
1.0
1.0
1.0
1.0
1.0
0.0
1.0
1.0
1.0
1.0
1.0
1.0
1.0
1.0
180.0
183.0
183.0
182.0
184.0
160.0
159.0
183.0
161.0
180.0
159.0
180.0
183.0
180.0
184.0
182.0
159.0
183.0
159.0
158.0
179.0
158.0
180.0
182.0
184.0
183.0
182.0
161.0
183.0
160.0
160.0
181.0
180.0
181.0
180.0
182.0
181.0
161.0
161.0
161.0
180.0
181.0
185.0
186.0
185.0
188.0
186.0
168.0
168.0
167.0
188.0
186.0
181.0
180.0
179.0
179.0
182.0
160.0
158.0
158.0
180.0
179.0
181.0
181.0
181.0
180.0
180.0
160.0
159.0
160.0
180.0
180.0
178.0
177.0
177.0
177.0
157.0
176.0
158.0
157.0
1.0
1.0
1.0
1.0
1.0
0.0
1.0
1.0
1.0
1.0
1.0
1.0
2.0
1.0
2.0
1.0
0.0
0.0
1.0
1.0
184.0
182.0
187.0
183.0
307.0
334.0
332.0
181.0
303.0
181.0
181.0
180.0
153.0
183.0
180.0
184.0
179.0
183.0
225.0
205.0
149.0
181.0
180.0
180.0
186.0
187.0
186.0
153.0
188.0
161.0
187.0
185.0
185.0
186.0
192.0
185.0
159.0
181.0
198.0
151.0
181.0
182.0
181.0
181.0
181.0
185.0
264.0
206.0
171.0
291.0
203.0
204.0
202.0
202.0
207.0
205.0
149.0
182.0
269.0
182.0
181.0
181.0
181.0
186.0
183.0
270.0
148.0
184.0
180.0
180.0
181.0
180.0
183.0
149.0
186.0
275.0
181.0
278.0
154.0
181.0
1.0
1.0
1.0
0.0
1.0
1.0
0.0
1.0
1.0
1.0
1.0
0.0
1.0
1.0
0.0
1.0
1.0
1.0
1.0
1.0
181.0
180.0
181.0
183.0
181.0
180.0
274.0
150.0
181.0
182.0
181.0
180.0
180.0
181.0
268.0
150.0
181.0
186.0
186.0
186.0
187.0
187.0
186.0
280.0
158.0
186.0
281.0
181.0
181.0
182.0
180.0
180.0
182.0
149.0
180.0
271.0
179.0
179.0
180.0
182.0
149.0
180.0
181.0
269.0
181.0
149.0
179.0
181.0
179.0
179.0
181.0
181.0
286.0
180.0
161.0
288.0
180.0
180.0
181.0
180.0
180.0
181.0
154.0
181.0
272.0
181.0
181.0
180.0
181.0
183.0
179.0
281.0
148.0
186.0
185.0
186.0
185.0
187.0
187.0
186.0
1.0
1.0
1.0
1.0
0.0
1.0
1.0
1.0
0.0
1.0
1.0
1.0
1.0
0.0
1.0
1.0
1.0
0.0
1.0
1.0
159.0
280.0
180.0
269.0
180.0
180.0
181.0
182.0
181.0
181.0
150.0
180.0
190.0
180.0
181.0
180.0
181.0
151.0
180.0
180.0
187.0
180.0
151.0
180.0
193.0
180.0
180.0
181.0
180.0
180.0
269.0
180.0
152.0
181.0
180.0
179.0
271.0
181.0
180.0
179.0
151.0
181.0
254.0
189.0
189.0
188.0
188.0
187.0
189.0
165.0
232.0
213.0
205.0
202.0
207.0
202.0
207.0
202.0
184.0
183.0
182.0
183.0
179.0
177.0
178.0
177.0
179.0
269.0
159.0
159.0
291.0
177.0
174.0
175.0
176.0
175.0
159.0
159.0
175.0
298.0
1.0
1.0
1.0
0.0
1.0
1.0
1.0
0.0
1.0
1.0
1.0
0.0
1.0
1.0
1.0
0.0
1.0
1.0
1.0
0.0
176.0
174.0
162.0
174.0
161.0
175.0
175.0
175.0
296.0
174.0
163.0
162.0
175.0
175.0
175.0
175.0
175.0
294.0
174.0
159.0
159.0
174.0
174.0
296.0
179.0
179.0
181.0
168.0
166.0
180.0
180.0
181.0
176.0
178.0
291.0
175.0
158.0
288.0
157.0
176.0
173.0
175.0
174.0
174.0
174.0
158.0
157.0
293.0
174.0
175.0
174.0
174.0
175.0
174.0
295.0
163.0
163.0
175.0
175.0
175.0
174.0
176.0
175.0
296.0
159.0
159.0
184.0
175.0
174.0
214.0
174.0
175.0
174.0
159.0
159.0
223.0
182.0
183.0
183.0
185.0
2.0
1.0
1.0
1.0
1.0
2.0
1.0
1.0
1.0
1.0
2.0
1.0
1.0
1.0
1.0
1.0
1.0
2.0
0.0
1.0
201.0
185.0
169.0
166.0
167.0
179.0
178.0
178.0
178.0
177.0
219.0
156.0
157.0
177.0
254.0
175.0
175.0
160.0
174.0
161.0
175.0
174.0
175.0
292.0
295.0
163.0
163.0
174.0
175.0
175.0
175.0
175.0
175.0
161.0
161.0
174.0
175.0
174.0
291.0
176.0
174.0
175.0
290.0
157.0
157.0
175.0
175.0
175.0
176.0
176.0
175.0
183.0
183.0
311.0
197.0
197.0
201.0
311.0
197.0
197.0
202.0
160.0
158.0
175.0
176.0
178.0
174.0
174.0
179.0
290.0
159.0
162.0
293.0
175.0
175.0
181.0
176.0
175.0
178.0
163.0
0.0
1.0
1.0
0.0
1.0
1.0
0.0
1.0
1.0
0.0
1.0
1.0
0.0
1.0
1.0
0.0
1.0
1.0
0.0
1.0
163.0
175.0
175.0
297.0
176.0
175.0
179.0
179.0
163.0
294.0
161.0
175.0
175.0
175.0
175.0
176.0
179.0
158.0
160.0
298.0
174.0
174.0
298.0
175.0
175.0
181.0
157.0
164.0
182.0
181.0
181.0
182.0
182.0
168.0
176.0
158.0
175.0
288.0
289.0
175.0
175.0
157.0
175.0
180.0
158.0
173.0
175.0
158.0
174.0
175.0
158.0
295.0
175.0
175.0
176.0
174.0
298.0
162.0
162.0
175.0
175.0
174.0
176.0
174.0
176.0
298.0
163.0
161.0
175.0
175.0
175.0
290.0
174.0
175.0
181.0
165.0
177.0
186.0
187.0
186.0
1.0
1.0
1.0
0.0
1.0
1.0
1.0
1.0
0.0
1.0
1.0
1.0
1.0
0.0
1.0
1.0
0.0
1.0
1.0
1.0
202.0
204.0
187.0
190.0
168.0
171.0
167.0
182.0
186.0
186.0
182.0
181.0
182.0
165.0
166.0
166.0
168.0
179.0
180.0
179.0
223.0
176.0
218.0
177.0
167.0
168.0
166.0
170.0
169.0
170.0
170.0
170.0
168.0
167.0
302.0
168.0
298.0
170.0
169.0
169.0
170.0
164.0
169.0
165.0
165.0
172.0
173.0
176.0
174.0
183.0
165.0
163.0
176.0
164.0
165.0
199.0
202.0
197.0
200.0
194.0
321.0
328.0
199.0
194.0
195.0
169.0
173.0
169.0
162.0
172.0
171.0
164.0
163.0
169.0
301.0
170.0
169.0
303.0
164.0
172.0
1.0
1.0
1.0
0.0
1.0
1.0
0.0
0.0
1.0
1.0
1.0
1.0
1.0
0.0
0.0
1.0
1.0
1.0
0.0
1.0
171.0
165.0
164.0
169.0
169.0
169.0
165.0
169.0
163.0
164.0
169.0
300.0
252.0
170.0
169.0
170.0
168.0
169.0
164.0
164.0
228.0
168.0
172.0
164.0
169.0
169.0
165.0
165.0
169.0
310.0
310.0
177.0
178.0
172.0
178.0
173.0
174.0
178.0
178.0
169.0
163.0
168.0
169.0
163.0
164.0
169.0
299.0
168.0
300.0
168.0
163.0
168.0
168.0
165.0
163.0
169.0
168.0
168.0
163.0
168.0
299.0
169.0
165.0
164.0
169.0
299.0
169.0
168.0
164.0
170.0
169.0
163.0
164.0
169.0
169.0
293.0
162.0
169.0
169.0
277.0
1.0
1.0
1.0
0.0
1.0
1.0
1.0
0.0
0.0
1.0
1.0
1.0
0.0
1.0
1.0
0.0
0.0
1.0
1.0
1.0
162.0
168.0
162.0
168.0
174.0
172.0
175.0
176.0
175.0
174.0
174.0
176.0
170.0
169.0
173.0
167.0
168.0
167.0
168.0
168.0
168.0
170.0
169.0
173.0
168.0
169.0
168.0
167.0
169.0
169.0
168.0
168.0
168.0
168.0
168.0
170.0
168.0
168.0
169.0
169.0
168.0
169.0
167.0
169.0
169.0
168.0
168.0
169.0
169.0
169.0
169.0
169.0
169.0
168.0
197.0
201.0
201.0
199.0
200.0
199.0
201.0
202.0
202.0
199.0
173.0
170.0
172.0
171.0
172.0
173.0
170.0
170.0
171.0
168.0
173.0
171.0
172.0
171.0
170.0
172.0
1.0
1.0
1.0
0.0
1.0
1.0
1.0
0.0
1.0
1.0
0.0
1.0
1.0
1.0
0.0
1.0
1.0
0.0
0.0
1.0
170.0
169.0
172.0
169.0
171.0
170.0
169.0
169.0
169.0
170.0
169.0
170.0
169.0
170.0
170.0
168.0
170.0
169.0
170.0
168.0
168.0
168.0
170.0
168.0
168.0
170.0
169.0
169.0
168.0
169.0
169.0
169.0
170.0
168.0
176.0
179.0
176.0
176.0
177.0
176.0
179.0
177.0
176.0
175.0
168.0
167.0
170.0
168.0
173.0
169.0
169.0
168.0
168.0
169.0
170.0
169.0
168.0
168.0
168.0
168.0
168.0
169.0
169.0
171.0
169.0
172.0
169.0
170.0
169.0
169.0
168.0
168.0
168.0
170.0
169.0
169.0
169.0
168.0
169.0
169.0
1.0
1.0
0.0
1.0
1.0
1.0
0.0
1.0
1.0
0.0
0.0
1.0
1.0
0.0
1.0
1.0
1.0
1.0
1.0
0.0
169.0
169.0
169.0
169.0
169.0
170.0
169.0
168.0
168.0
168.0
168.0
169.0
169.0
177.0
176.0
176.0
175.0
176.0
175.0
176.0
176.0
177.0
176.0
170.0
170.0
168.0
169.0
168.0
170.0
169.0
169.0
168.0
168.0
168.0
170.0
169.0
168.0
169.0
169.0
168.0
168.0
169.0
169.0
168.0
173.0
168.0
169.0
168.0
169.0
168.0
169.0
169.0
169.0
169.0
170.0
168.0
194.0
197.0
196.0
198.0
194.0
198.0
196.0
194.0
197.0
195.0
168.0
173.0
169.0
170.0
169.0
170.0
168.0
168.0
171.0
170.0
169.0
168.0
169.0
170.0
1.0
1.0
0.0
1.0
1.0
1.0
0.0
1.0
1.0
1.0
0.0
0.0
1.0
1.0
1.0
1.0
0.0
1.0
1.0
0.0
169.0
170.0
169.0
168.0
170.0
169.0
169.0
169.0
171.0
169.0
168.0
168.0
168.0
168.0
170.0
169.0
168.0
169.0
167.0
170.0
168.0
168.0
168.0
169.0
168.0
167.0
168.0
168.0
170.0
170.0
170.0
169.0
169.0
169.0
171.0
178.0
175.0
176.0
176.0
179.0
175.0
176.0
175.0
176.0
175.0
174.0
169.0
168.0
170.0
169.0
170.0
169.0
169.0
169.0
170.0
168.0
171.0
169.0
170.0
169.0
169.0
169.0
169.0
168.0
175.0
169.0
169.0
169.0
170.0
171.0
168.0
168.0
168.0
172.0
170.0
169.0
170.0
169.0
167.0
171.0
1.0
1.0
1.0
1.0
0.0
1.0
0.0
0.0
1.0
1.0
1.0
1.0
0.0
0.0
1.0
1.0
1.0
1.0
1.0
1.0
170.0
168.0
168.0
170.0
169.0
169.0
168.0
169.0
169.0
168.0
169.0
169.0
168.0
170.0
175.0
176.0
177.0
176.0
176.0
177.0
176.0
176.0
177.0
177.0
169.0
169.0
168.0
169.0
170.0
169.0
169.0
169.0
169.0
168.0
169.0
169.0
172.0
169.0
168.0
170.0
170.0
170.0
168.0
168.0
169.0
168.0
169.0
168.0
169.0
169.0
168.0
169.0
169.0
169.0
169.0
169.0
169.0
169.0
197.0
196.0
198.0
199.0
199.0
201.0
196.0
197.0
195.0
198.0
169.0
168.0
169.0
170.0
169.0
169.0
167.0
169.0
168.0
168.0
169.0
170.0
1.0
1.0
0.0
0.0
1.0
1.0
1.0
0.0
1.0
1.0
1.0
0.0
1.0
1.0
1.0
0.0
1.0
1.0
1.0
0.0
168.0
170.0
169.0
167.0
171.0
169.0
170.0
169.0
168.0
169.0
169.0
169.0
169.0
168.0
169.0
169.0
168.0
167.0
169.0
169.0
169.0
169.0
167.0
168.0
168.0
167.0
168.0
168.0
170.0
170.0
169.0
168.0
169.0
168.0
170.0
169.0
170.0
169.0
175.0
179.0
176.0
176.0
176.0
176.0
177.0
175.0
176.0
175.0
171.0
168.0
168.0
168.0
168.0
168.0
169.0
168.0
169.0
168.0
170.0
169.0
168.0
169.0
169.0
168.0
169.0
168.0
170.0
168.0
169.0
168.0
168.0
169.0
167.0
169.0
170.0
169.0
170.0
168.0
169.0
170.0
1.0
0.0
1.0
0.0
1.0
1.0
1.0
1.0
1.0
1.0
0.0
0.0
1.0
1.0
1.0
0.0
1.0
1.0
1.0
0.0
168.0
169.0
169.0
170.0
167.0
172.0
169.0
167.0
169.0
170.0
171.0
169.0
168.0
168.0
167.0
168.0
174.0
174.0
176.0
175.0
176.0
175.0
175.0
177.0
176.0
177.0
172.0
169.0
171.0
170.0
167.0
168.0
167.0
168.0
170.0
171.0
169.0
169.0
169.0
170.0
168.0
168.0
169.0
172.0
168.0
169.0
169.0
169.0
169.0
170.0
169.0
169.0
169.0
170.0
169.0
168.0
169.0
169.0
168.0
167.0
197.0
195.0
196.0
196.0
196.0
199.0
196.0
198.0
196.0
199.0
169.0
169.0
169.0
171.0
169.0
168.0
169.0
170.0
169.0
169.0
0.0
1.0
1.0
0.0
1.0
1.0
0.0
1.0
1.0
0.0
0.0
1.0
1.0
1.0
1.0
1.0
1.0
0.0
0.0
1.0
169.0
170.0
168.0
168.0
168.0
170.0
168.0
169.0
169.0
169.0
168.0
170.0
168.0
169.0
169.0
168.0
170.0
168.0
170.0
169.0
169.0
169.0
169.0
168.0
168.0
170.0
169.0
169.0
170.0
169.0
170.0
169.0
169.0
169.0
168.0
168.0
168.0
168.0
169.0
168.0
175.0
175.0
175.0
178.0
176.0
180.0
175.0
176.0
176.0
177.0
169.0
168.0
169.0
169.0
168.0
172.0
168.0
168.0
168.0
168.0
169.0
169.0
169.0
168.0
169.0
169.0
170.0
171.0
170.0
169.0
169.0
169.0
168.0
169.0
170.0
168.0
168.0
168.0
169.0
169.0
1.0
1.0
1.0
0.0
1.0
1.0
0.0
0.0
1.0
1.0
1.0
0.0
1.0
1.0
1.0
0.0
0.0
1.0
1.0
1.0
169.0
169.0
169.0
168.0
169.0
168.0
170.0
169.0
169.0
168.0
174.0
169.0
169.0
168.0
170.0
169.0
169.0
168.0
168.0
174.0
175.0
176.0
176.0
177.0
176.0
176.0
176.0
175.0
177.0
169.0
169.0
168.0
174.0
168.0
168.0
169.0
169.0
168.0
167.0
168.0
168.0
168.0
168.0
174.0
169.0
170.0
169.0
169.0
168.0
168.0
172.0
172.0
178.0
175.0
178.0
182.0
176.0
178.0
186.0
181.0
178.0
177.0
176.0
202.0
203.0
203.0
200.0
201.0
216.0
197.0
207.0
208.0
205.0
170.0
180.0
182.0
171.0
169.0
167.0
186.0
1.0
0.0
1.0
1.0
1.0
1.0
1.0
1.0
0.0
1.0
1.0
0.0
1.0
1.0
1.0
1.0
0.0
1.0
1.0
0.0
182.0
181.0
181.0
168.0
179.0
169.0
172.0
180.0
172.0
186.0
169.0
179.0
176.0
176.0
172.0
171.0
169.0
172.0
170.0
187.0
167.0
171.0
171.0
170.0
170.0
171.0
170.0
170.0
171.0
169.0
183.0
170.0
169.0
170.0
169.0
169.0
169.0
170.0
171.0
174.0
176.0
186.0
177.0
177.0
177.0
176.0
176.0
177.0
177.0
169.0
170.0
170.0
170.0
185.0
170.0
168.0
170.0
170.0
171.0
168.0
170.0
170.0
171.0
178.0
169.0
170.0
168.0
169.0
169.0
171.0
169.0
170.0
170.0
174.0
170.0
170.0
168.0
170.0
170.0
168.0
1.0
1.0
1.0
0.0
1.0
1.0
1.0
1.0
0.0
0.0
0.0
1.0
1.0
1.0
1.0
1.0
1.0
0.0
0.0
0.0
170.0
170.0
170.0
170.0
169.0
168.0
169.0
169.0
169.0
168.0
168.0
169.0
169.0
168.0
168.0
171.0
170.0
169.0
168.0
176.0
177.0
177.0
179.0
179.0
177.0
176.0
179.0
176.0
175.0
170.0
169.0
168.0
172.0
168.0
168.0
168.0
170.0
169.0
170.0
168.0
168.0
172.0
170.0
168.0
169.0
168.0
170.0
169.0
169.0
169.0
169.0
169.0
168.0
171.0
169.0
169.0
171.0
168.0
170.0
170.0
169.0
169.0
169.0
169.0
198.0
199.0
205.0
200.0
201.0
201.0
202.0
201.0
202.0
202.0
173.0
169.0
169.0
170.0
168.0
168.0
1.0
0.0
1.0
1.0
1.0
0.0
0.0
1.0
1.0
1.0
1.0
0.0
0.0
1.0
0.0
1.0
1.0
1.0
1.0
1.0
172.0
175.0
171.0
169.0
171.0
171.0
167.0
173.0
169.0
171.0
170.0
169.0
172.0
169.0
169.0
168.0
169.0
168.0
168.0
171.0
172.0
171.0
173.0
169.0
168.0
170.0
167.0
169.0
169.0
169.0
171.0
170.0
169.0
171.0
169.0
170.0
170.0
169.0
169.0
169.0
171.0
169.0
169.0
175.0
174.0
173.0
178.0
176.0
176.0
175.0
177.0
177.0
177.0
169.0
169.0
169.0
168.0
170.0
168.0
168.0
168.0
169.0
169.0
169.0
170.0
168.0
170.0
168.0
168.0
170.0
168.0
168.0
168.0
168.0
166.0
168.0
167.0
163.0
164.0
159.0
