5.0
3.0
1.0
1.0
1.0
2.0
1.0
1.0
1.0
1.0
6.0
6.0
5.0
279.0
279.0
279.0
279.0
278.0
278.0
279.0
279.0
279.0
279.0
279.0
278.0
279.0
279.0
279.0
277.0
278.0
2.0
2.0
2.0
276.0
276.0
276.0
287.0
287.0
286.0
286.0
287.0
287.0
286.0
288.0
287.0
287.0
276.0
276.0
277.0
275.0
1.0
1.0
1.0
276.0
275.0
276.0
273.0
275.0
275.0
275.0
275.0
275.0
274.0
273.0
274.0
275.0
274.0
274.0
276.0
275.0
1.0
1.0
1.0
274.0
274.0
275.0
275.0
275.0
275.0
275.0
275.0
274.0
287.0
287.0
287.0
287.0
287.0
287.0
287.0
287.0
1.0
1.0
1.0
288.0
287.0
275.0
274.0
276.0
274.0
275.0
275.0
275.0
276.0
274.0
276.0
309.0
309.0
309.0
309.0
310.0
2.0
3.0
2.0
310.0
310.0
311.0
311.0
311.0
277.0
277.0
277.0
277.0
276.0
277.0
278.0
277.0
277.0
276.0
285.0
286.0
1.0
1.0
2.0
285.0
286.0
285.0
285.0
284.0
287.0
285.0
285.0
291.0
289.0
290.0
290.0
292.0
291.0
292.0
293.0
292.0
1.0
1.0
1.0
292.0
306.0
306.0
303.0
305.0
303.0
301.0
301.0
301.0
304.0
301.0
279.0
279.0
278.0
277.0
278.0
278.0
1.0
1.0
0.0
279.0
278.0
279.0
279.0
275.0
275.0
274.0
274.0
274.0
275.0
274.0
275.0
275.0
275.0
287.0
287.0
287.0
1.0
0.0
1.0
287.0
288.0
286.0
287.0
288.0
288.0
286.0
275.0
274.0
275.0
273.0
275.0
274.0
275.0
274.0
274.0
274.0
72.0
99.0
273.0
555.0
555.0
555.0
554.0
554.0
555.0
554.0
552.0
554.0
563.0
545.0
546.0
544.0
545.0
547.0
547.0
545.0
11.0
11.0
183.0
458.0
457.0
458.0
468.0
468.0
467.0
467.0
468.0
467.0
470.0
467.0
469.0
469.0
457.0
459.0
458.0
458.0
5.0
6.0
5.0
281.0
280.0
281.0
280.0
279.0
279.0
279.0
279.0
279.0
279.0
279.0
278.0
280.0
279.0
279.0
279.0
279.0
5.0
5.0
5.0
279.0
278.0
279.0
300.0
299.0
299.0
299.0
299.0
300.0
299.0
299.0
300.0
302.0
279.0
279.0
277.0
278.0
5.0
5.0
5.0
277.0
277.0
278.0
277.0
278.0
279.0
277.0
278.0
278.0
279.0
277.0
277.0
278.0
278.0
278.0
278.0
277.0
5.0
5.0
5.0
278.0
278.0
277.0
278.0
277.0
289.0
289.0
290.0
290.0
291.0
289.0
290.0
289.0
290.0
290.0
278.0
277.0
4.0
5.0
4.0
278.0
279.0
279.0
277.0
278.0
279.0
278.0
278.0
279.0
279.0
278.0
279.0
277.0
278.0
278.0
278.0
278.0
4.0
5.0
5.0
278.0
277.0
278.0
278.0
277.0
287.0
286.0
288.0
287.0
287.0
286.0
287.0
287.0
287.0
288.0
279.0
280.0
5.0
5.0
5.0
279.0
279.0
280.0
279.0
279.0
280.0
280.0
279.0
277.0
277.0
278.0
278.0
277.0
279.0
278.0
277.0
278.0
5.0
5.0
4.0
279.0
278.0
278.0
277.0
277.0
277.0
278.0
288.0
288.0
289.0
291.0
290.0
289.0
289.0
289.0
290.0
290.0
43.0
156.0
350.0
624.0
623.0
623.0
623.0
622.0
622.0
623.0
623.0
622.0
600.0
602.0
601.0
608.0
610.0
609.0
611.0
611.0
2.0
2.0
3.0
275.0
276.0
276.0
285.0
285.0
285.0
286.0
285.0
275.0
275.0
276.0
275.0
276.0
275.0
275.0
276.0
275.0
2.0
3.0
2.0
276.0
275.0
275.0
275.0
275.0
275.0
276.0
275.0
275.0
275.0
275.0
275.0
277.0
277.0
276.0
276.0
276.0
2.0
2.0
2.0
277.0
286.0
287.0
285.0
285.0
285.0
285.0
285.0
285.0
285.0
285.0
276.0
275.0
276.0
276.0
280.0
281.0
2.0
2.0
2.0
283.0
283.0
283.0
287.0
297.0
301.0
302.0
301.0
303.0
298.0
296.0
296.0
295.0
293.0
281.0
281.0
279.0
2.0
2.0
2.0
287.0
286.0
287.0
283.0
286.0
286.0
287.0
287.0
287.0
286.0
276.0
276.0
276.0
275.0
274.0
275.0
298.0
2.0
2.0
3.0
297.0
297.0
297.0
298.0
298.0
297.0
298.0
298.0
298.0
276.0
275.0
277.0
276.0
276.0
276.0
275.0
276.0
2.0
2.0
2.0
276.0
275.0
275.0
275.0
275.0
276.0
275.0
276.0
274.0
275.0
276.0
275.0
275.0
275.0
275.0
275.0
289.0
2.0
2.0
2.0
288.0
289.0
287.0
287.0
288.0
288.0
288.0
290.0
288.0
275.0
275.0
275.0
275.0
275.0
275.0
276.0
275.0
2.0
2.0
2.0
276.0
275.0
276.0
275.0
275.0
275.0
276.0
275.0
275.0
275.0
277.0
275.0
275.0
275.0
276.0
276.0
276.0
2.0
2.0
2.0
276.0
276.0
286.0
287.0
287.0
287.0
287.0
287.0
287.0
286.0
287.0
289.0
275.0
274.0
275.0
276.0
275.0
1.0
1.0
2.0
274.0
274.0
274.0
274.0
275.0
275.0
275.0
275.0
275.0
276.0
274.0
274.0
275.0
275.0
275.0
274.0
274.0
1.0
2.0
1.0
275.0
284.0
284.0
282.0
285.0
284.0
284.0
285.0
285.0
286.0
285.0
276.0
275.0
274.0
274.0
275.0
274.0
1.0
1.0
2.0
274.0
274.0
274.0
274.0
298.0
299.0
299.0
299.0
298.0
298.0
299.0
300.0
300.0
299.0
274.0
275.0
274.0
1.0
1.0
2.0
274.0
274.0
275.0
274.0
275.0
274.0
275.0
274.0
273.0
275.0
274.0
275.0
274.0
274.0
274.0
274.0
275.0
1.0
1.0
1.0
274.0
274.0
274.0
275.0
274.0
276.0
274.0
286.0
286.0
286.0
286.0
287.0
286.0
286.0
286.0
286.0
287.0
1.0
1.0
1.0
275.0
275.0
277.0
274.0
274.0
275.0
276.0
275.0
275.0
275.0
275.0
274.0
275.0
274.0
274.0
274.0
273.0
1.0
1.0
1.0
274.0
275.0
273.0
274.0
274.0
275.0
275.0
283.0
285.0
285.0
283.0
286.0
286.0
286.0
287.0
287.0
286.0
1.0
1.0
2.0
277.0
277.0
277.0
275.0
275.0
275.0
274.0
275.0
274.0
275.0
273.0
273.0
275.0
275.0
274.0
274.0
273.0
1.0
1.0
1.0
275.0
275.0
274.0
275.0
274.0
274.0
274.0
274.0
274.0
274.0
274.0
283.0
286.0
286.0
286.0
286.0
286.0
2.0
2.0
2.0
286.0
287.0
287.0
286.0
279.0
275.0
275.0
275.0
275.0
275.0
276.0
274.0
298.0
299.0
301.0
299.0
300.0
1.0
1.0
1.0
299.0
300.0
300.0
299.0
298.0
273.0
274.0
275.0
274.0
274.0
274.0
274.0
274.0
274.0
274.0
274.0
275.0
1.0
1.0
1.0
274.0
274.0
275.0
274.0
274.0
274.0
274.0
275.0
274.0
274.0
274.0
274.0
274.0
274.0
273.0
274.0
283.0
1.0
1.0
1.0
284.0
283.0
283.0
284.0
283.0
284.0
283.0
285.0
284.0
275.0
274.0
275.0
274.0
274.0
275.0
274.0
274.0
1.0
1.0
1.0
274.0
274.0
275.0
273.0
274.0
274.0
276.0
275.0
274.0
275.0
274.0
275.0
274.0
274.0
274.0
273.0
275.0
1.0
1.0
1.0
285.0
285.0
283.0
283.0
285.0
285.0
285.0
284.0
285.0
286.0
274.0
274.0
274.0
274.0
274.0
275.0
274.0
1.0
1.0
1.0
275.0
273.0
274.0
274.0
275.0
274.0
274.0
274.0
274.0
275.0
275.0
275.0
275.0
274.0
275.0
274.0
274.0
1.0
1.0
1.0
274.0
274.0
274.0
286.0
286.0
284.0
286.0
285.0
286.0
286.0
286.0
286.0
286.0
274.0
275.0
275.0
274.0
1.0
1.0
1.0
274.0
274.0
274.0
273.0
274.0
274.0
301.0
300.0
302.0
301.0
300.0
302.0
301.0
301.0
301.0
301.0
274.0
1.0
1.0
1.0
273.0
275.0
275.0
274.0
274.0
274.0
275.0
274.0
274.0
276.0
274.0
275.0
273.0
273.0
275.0
273.0
274.0
2.0
2.0
2.0
276.0
275.0
274.0
275.0
275.0
285.0
286.0
285.0
285.0
288.0
287.0
289.0
286.0
288.0
289.0
277.0
276.0
1.0
1.0
1.0
275.0
275.0
274.0
273.0
274.0
275.0
274.0
274.0
274.0
274.0
275.0
274.0
274.0
275.0
274.0
274.0
274.0
1.0
1.0
1.0
275.0
275.0
274.0
273.0
275.0
273.0
274.0
274.0
275.0
284.0
284.0
283.0
285.0
283.0
284.0
283.0
284.0
1.0
1.0
1.0
283.0
283.0
274.0
275.0
274.0
274.0
274.0
275.0
273.0
274.0
274.0
273.0
274.0
275.0
274.0
273.0
273.0
1.0
1.0
1.0
274.0
274.0
274.0
274.0
274.0
274.0
276.0
275.0
275.0
274.0
275.0
275.0
275.0
274.0
284.0
282.0
284.0
1.0
1.0
1.0
283.0
283.0
283.0
283.0
283.0
283.0
284.0
274.0
278.0
284.0
291.0
290.0
293.0
298.0
292.0
293.0
295.0
2.0
1.0
1.0
328.0
318.0
314.0
306.0
307.0
306.0
305.0
317.0
304.0
302.0
274.0
274.0
276.0
274.0
274.0
275.0
274.0
1.0
1.0
1.0
274.0
286.0
275.0
274.0
275.0
274.0
275.0
274.0
274.0
274.0
274.0
275.0
279.0
273.0
273.0
276.0
286.0
1.0
1.0
1.0
287.0
287.0
286.0
287.0
285.0
296.0
287.0
287.0
288.0
274.0
275.0
274.0
276.0
275.0
275.0
280.0
274.0
1.0
1.0
0.0
273.0
275.0
273.0
275.0
275.0
274.0
273.0
275.0
281.0
274.0
274.0
275.0
273.0
274.0
275.0
274.0
276.0
42.0
158.0
337.0
613.0
615.0
616.0
627.0
615.0
616.0
616.0
615.0
615.0
605.0
602.0
603.0
616.0
638.0
617.0
617.0
615.0
2.0
2.0
3.0
276.0
277.0
277.0
290.0
291.0
291.0
291.0
290.0
278.0
276.0
275.0
279.0
276.0
278.0
277.0
303.0
303.0
2.0
2.0
2.0
304.0
305.0
305.0
303.0
306.0
305.0
303.0
305.0
276.0
276.0
276.0
277.0
276.0
276.0
277.0
276.0
276.0
2.0
3.0
2.0
275.0
275.0
275.0
276.0
276.0
276.0
277.0
281.0
276.0
275.0
276.0
276.0
276.0
275.0
286.0
288.0
288.0
2.0
3.0
2.0
291.0
289.0
287.0
289.0
292.0
293.0
292.0
279.0
279.0
279.0
280.0
289.0
278.0
279.0
276.0
276.0
275.0
2.0
2.0
2.0
277.0
276.0
276.0
275.0
277.0
288.0
276.0
277.0
276.0
278.0
277.0
276.0
278.0
278.0
277.0
278.0
290.0
2.0
2.0
2.0
288.0
288.0
287.0
289.0
287.0
287.0
288.0
287.0
287.0
300.0
276.0
276.0
275.0
276.0
276.0
276.0
274.0
2.0
2.0
2.0
276.0
275.0
286.0
275.0
275.0
276.0
275.0
275.0
275.0
275.0
274.0
276.0
287.0
275.0
275.0
275.0
276.0
2.0
2.0
2.0
276.0
284.0
289.0
288.0
288.0
300.0
288.0
288.0
288.0
289.0
289.0
278.0
276.0
275.0
275.0
288.0
275.0
3.0
2.0
2.0
275.0
274.0
304.0
304.0
304.0
304.0
303.0
304.0
304.0
315.0
303.0
303.0
276.0
275.0
276.0
276.0
275.0
2.0
2.0
2.0
275.0
275.0
288.0
275.0
275.0
276.0
276.0
275.0
275.0
275.0
275.0
275.0
286.0
275.0
276.0
279.0
279.0
1.0
1.0
1.0
279.0
277.0
279.0
279.0
289.0
292.0
291.0
291.0
289.0
288.0
288.0
288.0
287.0
287.0
276.0
276.0
276.0
1.0
1.0
1.0
276.0
278.0
276.0
275.0
276.0
276.0
276.0
275.0
275.0
273.0
275.0
275.0
274.0
275.0
274.0
275.0
274.0
1.0
1.0
1.0
274.0
274.0
273.0
274.0
274.0
274.0
284.0
284.0
284.0
286.0
285.0
284.0
286.0
286.0
287.0
286.0
277.0
2.0
1.0
1.0
275.0
275.0
273.0
275.0
274.0
274.0
275.0
274.0
276.0
274.0
274.0
274.0
274.0
274.0
275.0
274.0
276.0
1.0
1.0
1.0
275.0
275.0
274.0
275.0
274.0
276.0
274.0
274.0
274.0
286.0
288.0
284.0
286.0
286.0
287.0
285.0
287.0
2.0
1.0
1.0
286.0
287.0
276.0
275.0
275.0
274.0
275.0
274.0
275.0
275.0
274.0
303.0
303.0
303.0
302.0
304.0
302.0
1.0
1.0
1.0
302.0
303.0
304.0
304.0
274.0
274.0
275.0
274.0
275.0
275.0
275.0
275.0
274.0
274.0
275.0
274.0
275.0
1.0
1.0
1.0
276.0
276.0
276.0
276.0
275.0
276.0
275.0
276.0
277.0
276.0
274.0
275.0
274.0
274.0
275.0
285.0
284.0
1.0
1.0
1.0
284.0
284.0
284.0
285.0
285.0
285.0
285.0
284.0
274.0
274.0
275.0
274.0
275.0
274.0
275.0
275.0
274.0
1.0
1.0
0.0
274.0
274.0
273.0
274.0
275.0
275.0
274.0
274.0
274.0
273.0
274.0
275.0
275.0
275.0
275.0
284.0
285.0
1.0
0.0
0.0
286.0
286.0
286.0
286.0
285.0
286.0
285.0
286.0
276.0
274.0
273.0
274.0
273.0
274.0
275.0
274.0
274.0
1.0
1.0
1.0
274.0
274.0
274.0
274.0
274.0
275.0
274.0
275.0
275.0
274.0
274.0
275.0
274.0
275.0
275.0
275.0
274.0
0.0
1.0
1.0
273.0
283.0
286.0
284.0
284.0
286.0
284.0
285.0
287.0
285.0
286.0
275.0
274.0
274.0
275.0
274.0
274.0
1.0
1.0
1.0
273.0
274.0
273.0
273.0
304.0
303.0
306.0
305.0
305.0
305.0
306.0
306.0
306.0
306.0
276.0
276.0
274.0
1.0
1.0
1.0
274.0
273.0
274.0
273.0
274.0
275.0
273.0
277.0
273.0
279.0
287.0
288.0
288.0
292.0
288.0
289.0
299.0
0.0
1.0
1.0
309.0
303.0
296.0
294.0
290.0
298.0
299.0
300.0
297.0
287.0
287.0
286.0
287.0
286.0
286.0
277.0
275.0
1.0
0.0
1.0
276.0
275.0
274.0
274.0
274.0
275.0
275.0
274.0
274.0
275.0
274.0
274.0
274.0
275.0
273.0
274.0
274.0
1.0
0.0
0.0
274.0
274.0
275.0
274.0
274.0
274.0
274.0
274.0
285.0
286.0
285.0
285.0
284.0
286.0
285.0
286.0
286.0
1.0
1.0
1.0
286.0
275.0
274.0
275.0
274.0
273.0
274.0
274.0
275.0
274.0
273.0
275.0
275.0
273.0
275.0
274.0
275.0
1.0
1.0
1.0
274.0
275.0
274.0
275.0
274.0
274.0
274.0
274.0
274.0
274.0
274.0
286.0
288.0
285.0
287.0
287.0
287.0
1.0
1.0
1.0
287.0
288.0
288.0
287.0
275.0
275.0
275.0
275.0
274.0
274.0
274.0
274.0
274.0
274.0
274.0
304.0
304.0
1.0
0.0
1.0
304.0
304.0
304.0
305.0
306.0
305.0
307.0
306.0
274.0
275.0
275.0
275.0
275.0
274.0
274.0
273.0
273.0
1.0
0.0
1.0
274.0
275.0
273.0
274.0
275.0
274.0
274.0
275.0
275.0
274.0
274.0
274.0
275.0
273.0
274.0
273.0
274.0
0.0
1.0
1.0
282.0
285.0
287.0
288.0
287.0
287.0
288.0
289.0
288.0
289.0
276.0
275.0
276.0
274.0
274.0
274.0
274.0
1.0
0.0
1.0
275.0
275.0
275.0
274.0
275.0
274.0
275.0
274.0
274.0
274.0
275.0
273.0
275.0
275.0
274.0
274.0
275.0
1.0
1.0
0.0
274.0
274.0
283.0
286.0
285.0
285.0
285.0
284.0
285.0
285.0
286.0
285.0
276.0
275.0
274.0
274.0
274.0
1.0
1.0
1.0
275.0
275.0
274.0
275.0
276.0
275.0
276.0
275.0
276.0
277.0
276.0
275.0
275.0
275.0
275.0
275.0
274.0
1.0
1.0
1.0
273.0
273.0
274.0
274.0
274.0
285.0
285.0
285.0
285.0
286.0
286.0
286.0
286.0
284.0
285.0
275.0
273.0
1.0
1.0
0.0
274.0
275.0
275.0
274.0
275.0
277.0
275.0
276.0
309.0
309.0
308.0
308.0
308.0
308.0
308.0
309.0
308.0
0.0
1.0
1.0
308.0
273.0
274.0
274.0
274.0
275.0
274.0
273.0
273.0
274.0
274.0
274.0
274.0
273.0
274.0
274.0
274.0
1.0
1.0
1.0
273.0
274.0
274.0
275.0
274.0
274.0
273.0
275.0
275.0
274.0
274.0
284.0
285.0
286.0
287.0
287.0
286.0
0.0
1.0
1.0
287.0
286.0
287.0
287.0
276.0
274.0
274.0
273.0
274.0
274.0
273.0
274.0
275.0
274.0
273.0
275.0
274.0
1.0
0.0
0.0
275.0
274.0
275.0
274.0
276.0
275.0
276.0
276.0
276.0
275.0
277.0
276.0
276.0
286.0
289.0
288.0
287.0
0.0
1.0
1.0
288.0
286.0
287.0
288.0
287.0
287.0
275.0
275.0
274.0
274.0
274.0
275.0
273.0
273.0
274.0
274.0
273.0
0.0
0.0
1.0
274.0
273.0
274.0
274.0
274.0
274.0
274.0
273.0
273.0
272.0
274.0
275.0
274.0
274.0
274.0
274.0
284.0
1.0
0.0
1.0
286.0
286.0
285.0
287.0
285.0
286.0
287.0
286.0
285.0
274.0
274.0
273.0
273.0
274.0
275.0
274.0
274.0
1.0
0.0
1.0
274.0
273.0
306.0
308.0
307.0
307.0
306.0
307.0
307.0
307.0
307.0
307.0
275.0
276.0
275.0
275.0
276.0
0.0
1.0
1.0
274.0
274.0
276.0
275.0
275.0
274.0
274.0
275.0
274.0
274.0
274.0
274.0
275.0
273.0
274.0
273.0
273.0
0.0
1.0
1.0
274.0
274.0
273.0
274.0
282.0
285.0
286.0
286.0
284.0
285.0
285.0
283.0
273.0
272.0
261.0
254.0
253.0
