5.0
4.0
3.0
3.0
3.0
3.0
3.0
3.0
3.0
3.0
9.0
9.0
93.0
92.0
536.0
537.0
537.0
535.0
536.0
536.0
537.0
535.0
535.0
537.0
541.0
539.0
540.0
540.0
2949.0
2953.0
2941.0
2949.0
2953.0
2952.0
2938.0
2944.0
2948.0
2944.0
2941.0
2940.0
2934.0
2938.0
2938.0
2942.0
2934.0
2941.0
2943.0
2947.0
2973.0
2974.0
8.0
8.0
91.0
91.0
542.0
542.0
543.0
542.0
537.0
537.0
537.0
538.0
537.0
537.0
535.0
536.0
568.0
567.0
2983.0
2987.0
2983.0
2984.0
2979.0
2990.0
2958.0
2958.0
2955.0
2954.0
2965.0
2973.0
2975.0
2966.0
2971.0
2966.0
2959.0
2963.0
2955.0
2954.0
2934.0
2931.0
8.0
8.0
92.0
92.0
537.0
538.0
538.0
537.0
546.0
551.0
547.0
548.0
547.0
547.0
539.0
538.0
537.0
536.0
2930.0
2933.0
2947.0
2941.0
2943.0
2945.0
2943.0
2946.0
2944.0
2943.0
2951.0
2953.0
2945.0
2947.0
2964.0
2960.0
2961.0
2962.0
2960.0
2961.0
2970.0
2975.0
8.0
8.0
91.0
91.0
551.0
551.0
540.0
538.0
539.0
538.0
542.0
542.0
542.0
542.0
541.0
542.0
536.0
535.0
2956.0
2957.0
2959.0
2967.0
2962.0
2958.0
2971.0
2958.0
2942.0
2952.0
2946.0
2945.0
2945.0
2947.0
2944.0
2945.0
2941.0
2944.0
2948.0
2947.0
2945.0
2943.0
8.0
8.0
91.0
91.0
541.0
541.0
541.0
541.0
537.0
535.0
537.0
536.0
537.0
536.0
542.0
542.0
542.0
542.0
2946.0
2944.0
2938.0
2939.0
2943.0
2940.0
2950.0
2951.0
2980.0
2951.0
2956.0
2951.0
2953.0
2958.0
2926.0
2926.0
2902.0
2905.0
2697.0
2691.0
2426.0
2425.0
8.0
7.0
8.0
6.0
7.0
7.0
7.0
7.0
7.0
7.0
8.0
8.0
7.0
7.0
7.0
7.0
7.0
5.0
4.0
2.0
97.0
96.0
97.0
96.0
97.0
96.0
97.0
97.0
97.0
97.0
90.0
90.0
91.0
90.0
90.0
89.0
90.0
75.0
3.0
3.0
536.0
535.0
535.0
535.0
533.0
534.0
535.0
533.0
535.0
534.0
557.0
557.0
558.0
556.0
557.0
557.0
557.0
543.0
3.0
2.0
559.0
558.0
535.0
536.0
535.0
535.0
533.0
534.0
535.0
535.0
535.0
535.0
542.0
541.0
541.0
541.0
541.0
526.0
3.0
3.0
542.0
541.0
542.0
542.0
535.0
535.0
535.0
535.0
535.0
534.0
535.0
535.0
535.0
534.0
540.0
540.0
540.0
525.0
3.0
3.0
540.0
540.0
540.0
540.0
540.0
540.0
536.0
536.0
537.0
536.0
537.0
535.0
537.0
537.0
536.0
536.0
551.0
537.0
3.0
2.0
552.0
551.0
551.0
550.0
553.0
550.0
552.0
549.0
535.0
536.0
536.0
536.0
537.0
536.0
538.0
538.0
539.0
521.0
3.0
2.0
541.0
539.0
540.0
539.0
539.0
539.0
538.0
537.0
539.0
536.0
536.0
538.0
540.0
540.0
541.0
540.0
540.0
525.0
3.0
2.0
540.0
541.0
542.0
538.0
537.0
536.0
537.0
535.0
536.0
536.0
537.0
535.0
552.0
551.0
552.0
552.0
552.0
537.0
3.0
2.0
2945.0
2943.0
2942.0
2941.0
2937.0
2933.0
2937.0
2933.0
2936.0
2934.0
2948.0
2940.0
2946.0
2954.0
2950.0
2946.0
2948.0
2932.0
1324.0
1321.0
2974.0
2974.0
2985.0
2986.0
2985.0
2980.0
2989.0
2989.0
2995.0
2991.0
2964.0
2963.0
2945.0
2956.0
2954.0
2951.0
2956.0
2938.0
1324.0
1325.0
2960.0
2956.0
2957.0
2956.0
2956.0
2953.0
2956.0
2956.0
2948.0
2951.0
2930.0
2934.0
2936.0
2934.0
2949.0
2948.0
2950.0
2926.0
1312.0
1309.0
2954.0
2949.0
2948.0
2941.0
2949.0
2950.0
2936.0
2938.0
2941.0
2941.0
2975.0
2967.0
2977.0
2972.0
2973.0
2977.0
2978.0
2968.0
1304.0
1304.0
2969.0
2983.0
2972.0
2954.0
2960.0
2963.0
2963.0
2961.0
2946.0
2942.0
2955.0
2956.0
2943.0
2943.0
2941.0
2939.0
2952.0
2930.0
1318.0
1318.0
2942.0
2942.0
2943.0
2946.0
2949.0
2952.0
2951.0
2948.0
2952.0
2952.0
2939.0
2940.0
2939.0
2939.0
2940.0
2944.0
2952.0
2938.0
1304.0
1300.0
2948.0
2943.0
2950.0
2951.0
2949.0
2946.0
2943.0
2943.0
2940.0
2946.0
2995.0
2994.0
2985.0
2986.0
2990.0
2987.0
3004.0
2989.0
1354.0
1347.0
2973.0
2980.0
2972.0
2973.0
2977.0
2974.0
2976.0
2974.0
2986.0
2979.0
2984.0
2986.0
2989.0
2988.0
2982.0
2981.0
2980.0
2960.0
1323.0
1317.0
2955.0
2961.0
2955.0
2954.0
2953.0
2950.0
2945.0
2948.0
2942.0
2952.0
2944.0
2940.0
2935.0
2948.0
2939.0
2941.0
2932.0
2917.0
1316.0
1312.0
2961.0
2960.0
2980.0
2969.0
2973.0
2976.0
2972.0
2970.0
2976.0
2971.0
2939.0
2946.0
2945.0
2943.0
2935.0
2942.0
2941.0
2925.0
1309.0
1306.0
2949.0
2948.0
2940.0
2939.0
2937.0
2940.0
2936.0
2938.0
2945.0
2941.0
2949.0
2937.0
2939.0
2939.0
2953.0
2968.0
2948.0
2939.0
1315.0
1315.0
7.0
6.0
6.0
7.0
7.0
6.0
7.0
6.0
6.0
8.0
8.0
7.0
8.0
7.0
7.0
7.0
5.0
3.0
3.0
3.0
90.0
90.0
90.0
89.0
90.0
89.0
90.0
90.0
90.0
90.0
90.0
90.0
89.0
89.0
89.0
89.0
75.0
73.0
3.0
3.0
546.0
546.0
546.0
537.0
536.0
537.0
536.0
536.0
543.0
539.0
540.0
538.0
540.0
539.0
540.0
541.0
532.0
529.0
2.0
3.0
543.0
543.0
541.0
544.0
543.0
543.0
543.0
544.0
538.0
538.0
539.0
537.0
536.0
536.0
537.0
536.0
522.0
519.0
3.0
2.0
542.0
545.0
540.0
540.0
540.0
539.0
540.0
540.0
540.0
541.0
539.0
537.0
542.0
542.0
542.0
543.0
527.0
525.0
2.0
3.0
542.0
543.0
543.0
543.0
538.0
537.0
538.0
553.0
537.0
537.0
537.0
537.0
551.0
550.0
553.0
553.0
538.0
536.0
2.0
3.0
556.0
553.0
554.0
553.0
539.0
539.0
537.0
536.0
536.0
537.0
537.0
537.0
537.0
537.0
540.0
540.0
524.0
523.0
3.0
3.0
540.0
539.0
539.0
539.0
539.0
539.0
558.0
558.0
568.0
562.0
561.0
561.0
564.0
562.0
564.0
564.0
529.0
527.0
2.0
3.0
541.0
540.0
540.0
540.0
539.0
539.0
539.0
539.0
537.0
536.0
536.0
535.0
536.0
537.0
537.0
536.0
522.0
520.0
3.0
3.0
2943.0
2940.0
2943.0
2942.0
2946.0
2948.0
2939.0
2947.0
2939.0
2942.0
2938.0
2943.0
2942.0
2945.0
2943.0
2944.0
2927.0
2926.0
1311.0
1314.0
2946.0
2954.0
2946.0
2942.0
2944.0
2944.0
2942.0
2945.0
2946.0
2942.0
2943.0
2946.0
2933.0
2938.0
2939.0
2944.0
2927.0
2918.0
1310.0
1311.0
2937.0
2935.0
2933.0
2935.0
2957.0
2964.0
2961.0
2969.0
2963.0
2962.0
2951.0
2954.0
2955.0
2960.0
2939.0
2940.0
2928.0
2924.0
1306.0
1305.0
2956.0
2953.0
2949.0
2952.0
2949.0
2958.0
2956.0
2958.0
2945.0
2943.0
2953.0
2949.0
2948.0
2948.0
2948.0
2956.0
2953.0
2959.0
1312.0
1310.0
2957.0
2961.0
2958.0
2959.0
2955.0
2961.0
2957.0
2960.0
2938.0
2936.0
2949.0
2948.0
2948.0
2951.0
2948.0
2947.0
2932.0
2929.0
1316.0
1316.0
2974.0
2976.0
2990.0
2994.0
2983.0
2982.0
2995.0
2996.0
2991.0
2994.0
2960.0
2957.0
2951.0
2952.0
2952.0
2954.0
2942.0
2939.0
1302.0
1305.0
2956.0
2955.0
2954.0
2957.0
2948.0
2950.0
2947.0
2948.0
2949.0
2949.0
2940.0
2946.0
2935.0
2934.0
2961.0
2936.0
2921.0
2924.0
1302.0
1301.0
2946.0
2943.0
2943.0
2945.0
2934.0
2936.0
2938.0
2930.0
2932.0
2937.0
2975.0
2973.0
2979.0
2987.0
2983.0
2988.0
2967.0
2957.0
1343.0
1355.0
2946.0
2941.0
2945.0
2945.0
2967.0
2943.0
2942.0
2950.0
2941.0
2952.0
2962.0
2958.0
2959.0
2960.0
2960.0
2958.0
2930.0
2924.0
1321.0
1320.0
2935.0
2933.0
2933.0
2934.0
2934.0
2932.0
2935.0
2937.0
2944.0
2941.0
2931.0
2938.0
2933.0
2951.0
2936.0
2941.0
2922.0
2928.0
1301.0
1301.0
2940.0
2943.0
2943.0
2951.0
2949.0
2965.0
2961.0
2963.0
2960.0
2965.0
2959.0
2955.0
2956.0
2955.0
2955.0
2950.0
2937.0
2934.0
1316.0
1312.0
6.0
6.0
6.0
6.0
7.0
6.0
6.0
6.0
7.0
6.0
6.0
4.0
6.0
5.0
6.0
3.0
3.0
2.0
2.0
3.0
90.0
89.0
89.0
90.0
90.0
89.0
90.0
89.0
94.0
94.0
90.0
88.0
90.0
88.0
90.0
86.0
73.0
72.0
3.0
3.0
535.0
535.0
544.0
544.0
544.0
543.0
536.0
536.0
536.0
536.0
536.0
533.0
535.0
534.0
535.0
532.0
523.0
522.0
3.0
2.0
547.0
546.0
546.0
547.0
547.0
547.0
547.0
546.0
543.0
543.0
535.0
534.0
535.0
534.0
536.0
532.0
519.0
519.0
2.0
3.0
541.0
540.0
540.0
541.0
541.0
541.0
539.0
539.0
540.0
542.0
536.0
533.0
535.0
533.0
535.0
531.0
521.0
519.0
2.0
3.0
535.0
535.0
540.0
540.0
540.0
541.0
540.0
541.0
540.0
540.0
540.0
539.0
535.0
533.0
534.0
532.0
518.0
517.0
3.0
2.0
542.0
542.0
542.0
542.0
542.0
542.0
542.0
541.0
542.0
542.0
535.0
533.0
537.0
532.0
535.0
532.0
517.0
517.0
2.0
3.0
535.0
535.0
539.0
539.0
540.0
540.0
540.0
540.0
539.0
540.0
540.0
539.0
536.0
532.0
536.0
531.0
517.0
517.0
3.0
2.0
534.0
535.0
534.0
535.0
541.0
541.0
542.0
541.0
542.0
542.0
541.0
539.0
541.0
539.0
536.0
531.0
517.0
518.0
2.0
3.0
2938.0
2931.0
2933.0
2940.0
2935.0
2935.0
2936.0
2940.0
2935.0
2937.0
2970.0
2964.0
2972.0
2972.0
2972.0
2968.0
2957.0
1831.0
1317.0
1315.0
2982.0
2987.0
2984.0
2951.0
2950.0
2954.0
2949.0
2953.0
2954.0
2954.0
2946.0
2945.0
2943.0
2941.0
2939.0
2936.0
2924.0
1831.0
1306.0
1312.0
2938.0
2930.0
2932.0
2939.0
2938.0
2947.0
2946.0
2949.0
2949.0
2949.0
2949.0
2951.0
2942.0
2944.0
2927.0
2928.0
2916.0
1816.0
1302.0
1301.0
2941.0
2933.0
2948.0
2950.0
2946.0
2952.0
2954.0
2949.0
2950.0
2958.0
2985.0
2985.0
2984.0
2995.0
2992.0
2993.0
2978.0
1874.0
1356.0
1341.0
2981.0
2978.0
2985.0
2982.0
2978.0
2985.0
2974.0
2978.0
2973.0
2975.0
2973.0
2966.0
2965.0
2953.0
2949.0
2954.0
2943.0
1847.0
1327.0
1314.0
2942.0
2948.0
2933.0
2938.0
2954.0
2946.0
2954.0
2955.0
2940.0
2943.0
2948.0
2957.0
2953.0
2949.0
2943.0
2952.0
2939.0
1832.0
1308.0
1316.0
2943.0
2937.0
2935.0
2949.0
2956.0
2971.0
2970.0
2963.0
2964.0
2956.0
2973.0
2965.0
2975.0
2957.0
2952.0
2940.0
2932.0
1832.0
1313.0
1314.0
2954.0
2943.0
2953.0
2950.0
2952.0
2947.0
2949.0
2948.0
2937.0
2942.0
2936.0
2942.0
2941.0
2941.0
2938.0
2939.0
2922.0
1822.0
1307.0
1307.0
2933.0
2937.0
2932.0
2949.0
2942.0
2942.0
2952.0
2951.0
2947.0
2944.0
2949.0
2949.0
2947.0
2918.0
2937.0
2928.0
2920.0
1824.0
1297.0
1304.0
2956.0
2962.0
2957.0
2962.0
2979.0
2966.0
2964.0
2961.0
2962.0
2957.0
2936.0
2954.0
2956.0
2947.0
2948.0
2940.0
2936.0
1840.0
1312.0
1311.0
2958.0
2966.0
2947.0
2952.0
2952.0
2961.0
2953.0
2965.0
2959.0
2960.0
2952.0
2956.0
2958.0
2954.0
2959.0
2950.0
2932.0
1827.0
1303.0
1306.0
6.0
6.0
7.0
6.0
7.0
6.0
6.0
7.0
6.0
6.0
7.0
2.0
6.0
3.0
6.0
2.0
3.0
2.0
3.0
2.0
90.0
97.0
90.0
89.0
90.0
90.0
104.0
103.0
103.0
89.0
89.0
85.0
90.0
86.0
89.0
86.0
73.0
2.0
2.0
3.0
535.0
534.0
536.0
535.0
535.0
534.0
538.0
539.0
538.0
539.0
539.0
535.0
539.0
535.0
539.0
535.0
518.0
2.0
3.0
2.0
535.0
535.0
536.0
535.0
536.0
535.0
536.0
535.0
536.0
539.0
540.0
535.0
538.0
535.0
539.0
536.0
522.0
2.0
3.0
2.0
539.0
538.0
535.0
535.0
535.0
535.0
535.0
535.0
534.0
541.0
541.0
537.0
541.0
538.0
542.0
538.0
524.0
2.0
3.0
2.0
541.0
542.0
534.0
534.0
534.0
535.0
535.0
535.0
535.0
536.0
538.0
536.0
540.0
537.0
540.0
536.0
523.0
3.0
3.0
2.0
540.0
540.0
540.0
537.0
534.0
536.0
535.0
536.0
535.0
536.0
540.0
535.0
540.0
536.0
541.0
535.0
523.0
3.0
2.0
3.0
540.0
540.0
540.0
535.0
535.0
537.0
542.0
543.0
560.0
564.0
560.0
555.0
568.0
564.0
568.0
563.0
541.0
2.0
3.0
3.0
558.0
545.0
542.0
542.0
542.0
535.0
535.0
534.0
535.0
535.0
536.0
530.0
535.0
530.0
538.0
536.0
522.0
3.0
3.0
2.0
2945.0
2945.0
2942.0
2946.0
2949.0
2945.0
2944.0
2942.0
2946.0
2952.0
2955.0
2950.0
2949.0
2952.0
2951.0
2947.0
2935.0
1301.0
1303.0
1303.0
2947.0
2945.0
2948.0
2942.0
2940.0
2944.0
2940.0
2952.0
2950.0
2952.0
2940.0
2936.0
2937.0
2931.0
2935.0
2934.0
2919.0
1303.0
1302.0
1301.0
2944.0
2948.0
2951.0
2950.0
2948.0
2950.0
2984.0
2985.0
2989.0
2982.0
2985.0
2970.0
2979.0
2979.0
2979.0
2974.0
2938.0
1318.0
1320.0
1320.0
2979.0
2979.0
2980.0
2975.0
2975.0
2973.0
2977.0
2980.0
2974.0
2978.0
2963.0
2967.0
2967.0
2970.0
2969.0
2960.0
2964.0
1319.0
1323.0
1323.0
2955.0
2952.0
2940.0
2935.0
2940.0
2942.0
2937.0
2937.0
2940.0
2929.0
2943.0
2936.0
2941.0
2939.0
2944.0
2939.0
2928.0
1310.0
1311.0
1310.0
2968.0
2962.0
2978.0
2963.0
2964.0
2969.0
2965.0
2969.0
2967.0
2973.0
2949.0
2952.0
2953.0
2952.0
2955.0
2942.0
2934.0
1315.0
1321.0
1321.0
2928.0
2930.0
2931.0
2929.0
2934.0
2930.0
2932.0
2941.0
2942.0
2945.0
2940.0
2937.0
2934.0
2933.0
2935.0
2930.0
2916.0
1300.0
1300.0
1305.0
2937.0
2938.0
2934.0
2940.0
2942.0
2937.0
2937.0
2938.0
2939.0
2940.0
2937.0
2943.0
2956.0
2955.0
2960.0
2966.0
2953.0
1310.0
1312.0
1313.0
2982.0
2995.0
2980.0
2986.0
2971.0
2973.0
2970.0
2963.0
2944.0
2950.0
2935.0
2921.0
2935.0
2928.0
2942.0
2935.0
2927.0
1298.0
1295.0
1298.0
2942.0
2931.0
2940.0
2934.0
2936.0
2937.0
2941.0
2943.0
2939.0
2939.0
2944.0
2932.0
2950.0
2945.0
2951.0
2952.0
2935.0
1309.0
1312.0
1314.0
2930.0
2933.0
2940.0
2934.0
2926.0
2932.0
2937.0
2938.0
2941.0
2940.0
2983.0
2967.0
2973.0
2968.0
2970.0
2965.0
2954.0
1301.0
1299.0
1309.0
6.0
6.0
6.0
7.0
6.0
6.0
7.0
6.0
6.0
7.0
15.0
2.0
15.0
2.0
3.0
2.0
2.0
2.0
3.0
3.0
89.0
89.0
90.0
90.0
96.0
101.0
101.0
101.0
100.0
100.0
98.0
94.0
98.0
90.0
86.0
86.0
72.0
3.0
2.0
2.0
539.0
539.0
539.0
536.0
534.0
535.0
535.0
535.0
535.0
534.0
535.0
530.0
539.0
536.0
536.0
536.0
524.0
2.0
3.0
2.0
541.0
542.0
541.0
542.0
542.0
540.0
536.0
537.0
537.0
535.0
536.0
531.0
535.0
534.0
541.0
540.0
527.0
2.0
3.0
2.0
545.0
545.0
546.0
545.0
546.0
546.0
543.0
536.0
536.0
536.0
535.0
530.0
535.0
531.0
531.0
532.0
524.0
2.0
2.0
2.0
539.0
539.0
539.0
540.0
540.0
539.0
539.0
539.0
539.0
534.0
535.0
531.0
534.0
531.0
532.0
533.0
521.0
3.0
2.0
3.0
538.0
538.0
539.0
538.0
538.0
540.0
539.0
539.0
538.0
536.0
536.0
532.0
536.0
532.0
533.0
530.0
525.0
2.0
2.0
2.0
542.0
542.0
541.0
542.0
542.0
541.0
542.0
542.0
543.0
535.0
535.0
532.0
535.0
531.0
533.0
531.0
518.0
3.0
2.0
3.0
535.0
539.0
539.0
539.0
539.0
539.0
539.0
539.0
539.0
539.0
540.0
531.0
534.0
531.0
532.0
530.0
518.0
3.0
2.0
3.0
2950.0
2944.0
2945.0
2948.0
2948.0
2945.0
2944.0
2945.0
2955.0
2956.0
2965.0
2951.0
2959.0
2957.0
2959.0
2961.0
2945.0
1318.0
1318.0
1319.0
2938.0
2941.0
2943.0
2973.0
3010.0
2961.0
2975.0
2963.0
2964.0
2966.0
2967.0
2962.0
2970.0
2938.0
3077.0
2941.0
2951.0
1306.0
1307.0
1304.0
2940.0
2946.0
2944.0
2955.0
2949.0
2955.0
2939.0
2938.0
2946.0
2996.0
2956.0
2954.0
2958.0
2941.0
2947.0
2943.0
2924.0
1319.0
1302.0
1304.0
2939.0
2941.0
2944.0
2948.0
2945.0
2944.0
2948.0
2950.0
2948.0
2946.0
2947.0
2941.0
2940.0
2934.0
2935.0
2934.0
2919.0
1299.0
1300.0
1314.0
2969.0
2968.0
2974.0
2970.0
2967.0
2966.0
2966.0
2974.0
2968.0
2967.0
2939.0
2931.0
2930.0
2926.0
2928.0
2934.0
2912.0
1300.0
1301.0
1303.0
2944.0
2941.0
2941.0
2939.0
2936.0
2932.0
2933.0
2932.0
2938.0
2966.0
2945.0
2936.0
2944.0
2950.0
2951.0
2940.0
2931.0
1315.0
1310.0
1314.0
2945.0
2947.0
2951.0
2951.0
2945.0
2936.0
2934.0
2940.0
2932.0
2931.0
2955.0
2967.0
2971.0
2964.0
2963.0
2971.0
2948.0
1303.0
1306.0
1318.0
2966.0
2966.0
2940.0
2942.0
2930.0
2932.0
2927.0
2928.0
2932.0
2925.0
2942.0
2937.0
2942.0
2931.0
2933.0
2930.0
2918.0
1310.0
1309.0
1307.0
2934.0
2943.0
2940.0
2940.0
2932.0
2935.0
2932.0
2935.0
2936.0
2939.0
2947.0
2943.0
2946.0
2937.0
2934.0
2937.0
2918.0
1313.0
1320.0
1317.0
2936.0
2943.0
2972.0
2947.0
2946.0
2944.0
2947.0
2945.0
2947.0
2946.0
2940.0
2939.0
2950.0
2951.0
2942.0
2941.0
2938.0
1321.0
1318.0
1321.0
2947.0
2950.0
2964.0
2951.0
2948.0
2941.0
2970.0
2953.0
2951.0
2944.0
2781.0
2768.0
2754.0
2743.0
2743.0
2736.0
2717.0
1310.0
1308.0
1299.0
