236.0
236.0
207.0
275.0
206.0
206.0
204.0
200.0
242.0
270.0
253.0
224.0
207.0
210.0
223.0
304.0
201.0
217.0
274.0
225.0
202.0
169.0
186.0
218.0
211.0
211.0
149.0
205.0
266.0
282.0
136.0
141.0
162.0
161.0
177.0
174.0
172.0
163.0
135.0
132.0
175.0
174.0
162.0
165.0
241.0
174.0
180.0
159.0
134.0
131.0
173.0
171.0
169.0
167.0
131.0
128.0
169.0
178.0
170.0
219.0
177.0
171.0
157.0
132.0
167.0
164.0
170.0
187.0
168.0
133.0
167.0
148.0
169.0
162.0
155.0
166.0
171.0
182.0
167.0
143.0
148.0
164.0
163.0
177.0
168.0
167.0
163.0
157.0
166.0
144.0
141.0
163.0
158.0
166.0
152.0
150.0
156.0
141.0
141.0
155.0
139.0
157.0
153.0
147.0
158.0
161.0
300.0
305.0
326.0
1400.0
1014.0
1239.0
1233.0
1192.0
1217.0
1183.0
1084.0
1066.0
1100.0
762.0
519.0
497.0
478.0
463.0
460.0
437.0
421.0
373.0
365.0
163.0
156.0
155.0
167.0
163.0
159.0
187.0
179.0
183.0
177.0
167.0
166.0
164.0
157.0
155.0
155.0
173.0
176.0
169.0
164.0
170.0
169.0
167.0
164.0
166.0
159.0
166.0
164.0
169.0
162.0
166.0
163.0
172.0
160.0
159.0
173.0
167.0
161.0
161.0
178.0
157.0
163.0
162.0
155.0
185.0
173.0
160.0
168.0
167.0
175.0
169.0
176.0
162.0
159.0
168.0
171.0
169.0
174.0
176.0
176.0
160.0
157.0
169.0
161.0
158.0
175.0
161.0
162.0
159.0
174.0
161.0
155.0
167.0
165.0
159.0
158.0
156.0
155.0
162.0
164.0
153.0
130.0
129.0
177.0
203.0
198.0
178.0
189.0
196.0
182.0
158.0
117.0
145.0
166.0
169.0
162.0
180.0
188.0
201.0
166.0
174.0
122.0
124.0
139.0
187.0
182.0
175.0
162.0
156.0
166.0
154.0
131.0
188.0
139.0
146.0
171.0
171.0
172.0
137.0
166.0
151.0
145.0
166.0
126.0
113.0
116.0
126.0
138.0
128.0
120.0
134.0
125.0
130.0
140.0
128.0
135.0
145.0
143.0
149.0
133.0
105.0
158.0
129.0
132.0
122.0
113.0
147.0
132.0
106.0
123.0
121.0
112.0
156.0
131.0
105.0
103.0
105.0
129.0
141.0
141.0
109.0
110.0
123.0
112.0
141.0
119.0
117.0
123.0
119.0
112.0
105.0
133.0
106.0
121.0
112.0
115.0
134.0
111.0
122.0
128.0
93.0
114.0
126.0
114.0
124.0
117.0
119.0
124.0
115.0
130.0
96.0
118.0
120.0
115.0
140.0
125.0
234.0
238.0
231.0
232.0
204.0
235.0
229.0
230.0
213.0
247.0
137.0
119.0
145.0
133.0
120.0
127.0
139.0
127.0
128.0
129.0
121.0
129.0
136.0
130.0
102.0
123.0
112.0
120.0
119.0
113.0
128.0
126.0
121.0
138.0
111.0
122.0
121.0
138.0
117.0
113.0
124.0
122.0
129.0
118.0
110.0
117.0
109.0
118.0
130.0
117.0
135.0
129.0
132.0
129.0
95.0
121.0
116.0
122.0
125.0
114.0
130.0
163.0
132.0
130.0
101.0
111.0
110.0
108.0
111.0
164.0
124.0
134.0
117.0
113.0
113.0
143.0
126.0
117.0
124.0
123.0
136.0
127.0
117.0
125.0
100.0
99.0
95.0
115.0
103.0
108.0
105.0
99.0
97.0
105.0
74.0
98.0
96.0
105.0
97.0
98.0
102.0
99.0
101.0
99.0
86.0
97.0
103.0
99.0
103.0
96.0
99.0
96.0
97.0
103.0
80.0
105.0
104.0
99.0
105.0
109.0
111.0
93.0
95.0
96.0
80.0
105.0
105.0
100.0
109.0
105.0
101.0
101.0
97.0
95.0
84.0
111.0
102.0
99.0
112.0
110.0
107.0
104.0
93.0
93.0
86.0
106.0
99.0
99.0
106.0
106.0
100.0
93.0
108.0
94.0
75.0
105.0
104.0
96.0
107.0
105.0
99.0
102.0
101.0
93.0
83.0
96.0
103.0
95.0
102.0
97.0
101.0
93.0
107.0
101.0
77.0
96.0
104.0
93.0
94.0
97.0
98.0
96.0
93.0
96.0
88.0
99.0
103.0
97.0
111.0
97.0
102.0
107.0
99.0
102.0
86.0
96.0
100.0
97.0
103.0
99.0
96.0
96.0
94.0
99.0
73.0
99.0
95.0
96.0
106.0
95.0
101.0
99.0
98.0
100.0
85.0
99.0
99.0
94.0
98.0
111.0
105.0
100.0
103.0
99.0
82.0
270.0
277.0
277.0
274.0
278.0
286.0
285.0
281.0
285.0
245.0
93.0
124.0
124.0
89.0
94.0
95.0
129.0
115.0
124.0
85.0
88.0
90.0
98.0
125.0
127.0
92.0
101.0
118.0
88.0
107.0
123.0
90.0
93.0
92.0
103.0
116.0
113.0
89.0
88.0
93.0
122.0
113.0
95.0
100.0
113.0
88.0
129.0
127.0
88.0
85.0
94.0
112.0
100.0
118.0
89.0
114.0
90.0
113.0
115.0
97.0
96.0
93.0
121.0
85.0
122.0
85.0
105.0
98.0
120.0
74.0
101.0
122.0
93.0
88.0
133.0
124.0
87.0
113.0
101.0
74.0
104.0
118.0
88.0
117.0
91.0
129.0
87.0
104.0
112.0
78.0
92.0
87.0
125.0
91.0
132.0
90.0
122.0
123.0
129.0
83.0
132.0
114.0
107.0
102.0
127.0
112.0
97.0
100.0
102.0
79.0
109.0
107.0
89.0
91.0
98.0
108.0
109.0
113.0
89.0
85.0
106.0
89.0
104.0
87.0
103.0
87.0
100.0
102.0
106.0
90.0
92.0
92.0
109.0
117.0
96.0
107.0
113.0
105.0
105.0
83.0
102.0
97.0
103.0
101.0
94.0
108.0
95.0
102.0
100.0
83.0
98.0
92.0
103.0
100.0
98.0
93.0
109.0
109.0
104.0
79.0
95.0
94.0
101.0
99.0
97.0
93.0
109.0
101.0
103.0
83.0
95.0
98.0
96.0
98.0
95.0
93.0
98.0
106.0
106.0
77.0
108.0
95.0
104.0
93.0
92.0
94.0
101.0
101.0
103.0
92.0
95.0
102.0
95.0
99.0
99.0
95.0
101.0
105.0
96.0
74.0
102.0
102.0
107.0
93.0
92.0
103.0
100.0
93.0
105.0
89.0
96.0
107.0
97.0
100.0
98.0
98.0
347.0
346.0
337.0
323.0
347.0
346.0
343.0
340.0
350.0
351.0
115.0
116.0
106.0
82.0
105.0
113.0
100.0
105.0
104.0
112.0
100.0
101.0
114.0
96.0
100.0
99.0
107.0
98.0
100.0
106.0
119.0
102.0
105.0
90.0
99.0
97.0
108.0
105.0
102.0
111.0
104.0
118.0
105.0
94.0
94.0
110.0
105.0
112.0
94.0
103.0
110.0
100.0
103.0
79.0
115.0
100.0
97.0
98.0
119.0
104.0
103.0
93.0
100.0
84.0
111.0
103.0
97.0
96.0
99.0
100.0
100.0
106.0
101.0
92.0
112.0
98.0
97.0
95.0
101.0
99.0
100.0
99.0
104.0
98.0
110.0
103.0
99.0
99.0
100.0
103.0
101.0
100.0
108.0
94.0
97.0
102.0
98.0
105.0
98.0
108.0
96.0
102.0
103.0
83.0
94.0
95.0
98.0
103.0
98.0
102.0
112.0
103.0
94.0
74.0
100.0
93.0
92.0
95.0
94.0
100.0
100.0
105.0
101.0
83.0
97.0
93.0
93.0
103.0
95.0
101.0
102.0
100.0
103.0
81.0
98.0
102.0
94.0
114.0
103.0
114.0
97.0
96.0
94.0
78.0
96.0
94.0
95.0
98.0
108.0
102.0
93.0
95.0
94.0
83.0
99.0
100.0
100.0
96.0
102.0
109.0
95.0
98.0
109.0
81.0
97.0
97.0
97.0
113.0
96.0
97.0
89.0
95.0
105.0
80.0
95.0
97.0
91.0
108.0
103.0
95.0
98.0
96.0
112.0
86.0
99.0
96.0
95.0
107.0
97.0
97.0
97.0
96.0
102.0
80.0
100.0
102.0
97.0
99.0
104.0
94.0
97.0
108.0
103.0
82.0
95.0
94.0
96.0
113.0
104.0
97.0
98.0
92.0
98.0
83.0
272.0
271.0
269.0
272.0
270.0
276.0
264.0
272.0
268.0
253.0
102.0
100.0
98.0
120.0
112.0
99.0
96.0
105.0
110.0
89.0
101.0
101.0
105.0
100.0
118.0
105.0
102.0
106.0
110.0
91.0
99.0
103.0
100.0
96.0
112.0
110.0
103.0
106.0
103.0
81.0
98.0
96.0
103.0
98.0
109.0
101.0
103.0
104.0
114.0
86.0
98.0
94.0
117.0
101.0
123.0
104.0
105.0
108.0
105.0
84.0
98.0
94.0
111.0
95.0
105.0
98.0
97.0
110.0
99.0
88.0
98.0
92.0
99.0
102.0
100.0
111.0
102.0
112.0
110.0
84.0
105.0
100.0
101.0
105.0
107.0
112.0
91.0
106.0
105.0
75.0
98.0
98.0
99.0
98.0
93.0
97.0
102.0
104.0
109.0
73.0
104.0
108.0
105.0
96.0
97.0
90.0
93.0
107.0
104.0
80.0
103.0
104.0
97.0
98.0
89.0
103.0
94.0
99.0
97.0
93.0
101.0
105.0
94.0
95.0
100.0
101.0
103.0
101.0
94.0
81.0
104.0
110.0
97.0
98.0
112.0
103.0
115.0
97.0
95.0
83.0
107.0
108.0
107.0
95.0
109.0
118.0
102.0
101.0
90.0
97.0
111.0
109.0
100.0
111.0
101.0
98.0
94.0
109.0
107.0
92.0
108.0
102.0
109.0
109.0
99.0
101.0
90.0
117.0
96.0
95.0
108.0
111.0
117.0
92.0
107.0
103.0
96.0
97.0
115.0
81.0
113.0
95.0
93.0
104.0
105.0
100.0
104.0
99.0
98.0
96.0
98.0
100.0
278.0
276.0
261.0
262.0
263.0
263.0
260.0
241.0
267.0
263.0
100.0
107.0
106.0
107.0
100.0
94.0
118.0
91.0
103.0
101.0
96.0
101.0
95.0
115.0
114.0
112.0
100.0
84.0
102.0
102.0
101.0
93.0
92.0
108.0
105.0
106.0
111.0
81.0
94.0
102.0
98.0
103.0
96.0
94.0
107.0
102.0
111.0
79.0
95.0
98.0
100.0
111.0
98.0
105.0
108.0
95.0
98.0
76.0
96.0
101.0
93.0
99.0
113.0
95.0
103.0
98.0
99.0
85.0
99.0
100.0
95.0
104.0
97.0
107.0
100.0
106.0
104.0
78.0
99.0
102.0
99.0
96.0
107.0
90.0
96.0
103.0
104.0
77.0
103.0
101.0
97.0
100.0
97.0
98.0
102.0
90.0
105.0
76.0
103.0
101.0
99.0
96.0
91.0
99.0
95.0
96.0
101.0
86.0
99.0
98.0
101.0
96.0
96.0
95.0
103.0
100.0
105.0
86.0
107.0
98.0
101.0
103.0
90.0
88.0
99.0
103.0
111.0
78.0
102.0
97.0
98.0
105.0
97.0
93.0
103.0
105.0
95.0
76.0
98.0
95.0
94.0
93.0
97.0
97.0
106.0
102.0
95.0
81.0
94.0
101.0
94.0
91.0
104.0
98.0
96.0
109.0
102.0
81.0
100.0
100.0
117.0
97.0
111.0
98.0
90.0
104.0
116.0
83.0
100.0
102.0
96.0
105.0
100.0
103.0
99.0
99.0
102.0
97.0
99.0
102.0
103.0
103.0
254.0
97.0
96.0
96.0
246.0
249.0
252.0
249.0
252.0
249.0
291.0
249.0
242.0
103.0
91.0
115.0
111.0
110.0
108.0
108.0
111.0
100.0
109.0
102.0
108.0
86.0
115.0
116.0
107.0
107.0
104.0
118.0
98.0
105.0
99.0
92.0
93.0
101.0
96.0
100.0
101.0
91.0
103.0
117.0
105.0
101.0
100.0
93.0
97.0
91.0
94.0
100.0
112.0
104.0
112.0
94.0
93.0
92.0
104.0
95.0
107.0
105.0
115.0
117.0
98.0
90.0
95.0
94.0
100.0
99.0
112.0
107.0
102.0
110.0
110.0
91.0
95.0
93.0
105.0
102.0
100.0
101.0
106.0
102.0
104.0
88.0
98.0
98.0
96.0
108.0
111.0
102.0
101.0
96.0
105.0
91.0
98.0
98.0
100.0
112.0
95.0
105.0
116.0
107.0
95.0
84.0
101.0
104.0
97.0
106.0
97.0
110.0
98.0
105.0
98.0
87.0
101.0
100.0
107.0
96.0
112.0
104.0
112.0
97.0
104.0
84.0
107.0
102.0
98.0
94.0
115.0
115.0
104.0
106.0
104.0
91.0
97.0
116.0
102.0
94.0
99.0
103.0
110.0
101.0
108.0
86.0
105.0
110.0
104.0
101.0
109.0
112.0
104.0
102.0
107.0
91.0
102.0
106.0
102.0
105.0
102.0
106.0
106.0
106.0
99.0
95.0
109.0
103.0
107.0
98.0
118.0
108.0
100.0
110.0
110.0
86.0
106.0
97.0
102.0
94.0
120.0
108.0
105.0
106.0
113.0
85.0
104.0
98.0
92.0
112.0
257.0
259.0
247.0
244.0
257.0
235.0
249.0
244.0
238.0
257.0
95.0
99.0
97.0
103.0
103.0
93.0
107.0
97.0
105.0
109.0
96.0
101.0
115.0
105.0
105.0
75.0
108.0
99.0
117.0
109.0
95.0
92.0
97.0
99.0
98.0
89.0
97.0
100.0
105.0
98.0
109.0
110.0
96.0
91.0
113.0
97.0
101.0
97.0
103.0
107.0
105.0
110.0
95.0
102.0
120.0
94.0
102.0
101.0
113.0
107.0
101.0
110.0
98.0
102.0
116.0
86.0
99.0
96.0
103.0
96.0
98.0
94.0
99.0
108.0
97.0
76.0
94.0
93.0
96.0
91.0
104.0
88.0
104.0
100.0
98.0
79.0
93.0
95.0
94.0
95.0
94.0
89.0
95.0
91.0
98.0
84.0
97.0
102.0
100.0
105.0
102.0
97.0
100.0
95.0
114.0
73.0
104.0
100.0
96.0
95.0
90.0
95.0
90.0
105.0
94.0
97.0
102.0
94.0
102.0
101.0
100.0
90.0
85.0
95.0
100.0
91.0
98.0
97.0
95.0
95.0
99.0
94.0
98.0
89.0
99.0
91.0
101.0
96.0
92.0
92.0
103.0
90.0
96.0
96.0
94.0
85.0
98.0
93.0
95.0
96.0
95.0
91.0
93.0
90.0
112.0
79.0
99.0
98.0
95.0
95.0
94.0
91.0
100.0
101.0
98.0
97.0
104.0
104.0
107.0
101.0
112.0
100.0
102.0
88.0
122.0
98.0
96.0
97.0
292.0
288.0
93.0
92.0
282.0
281.0
283.0
263.0
281.0
283.0
289.0
294.0
102.0
119.0
94.0
100.0
100.0
99.0
101.0
97.0
116.0
93.0
103.0
90.0
101.0
98.0
123.0
98.0
107.0
104.0
102.0
105.0
106.0
95.0
96.0
99.0
97.0
97.0
98.0
108.0
101.0
103.0
103.0
96.0
95.0
110.0
113.0
119.0
98.0
111.0
106.0
104.0
93.0
95.0
91.0
106.0
99.0
115.0
96.0
113.0
101.0
94.0
90.0
97.0
99.0
104.0
102.0
86.0
122.0
92.0
89.0
92.0
109.0
92.0
96.0
106.0
98.0
90.0
103.0
101.0
90.0
102.0
115.0
100.0
98.0
108.0
95.0
91.0
105.0
94.0
91.0
110.0
102.0
101.0
104.0
106.0
105.0
83.0
102.0
100.0
102.0
100.0
101.0
102.0
112.0
99.0
101.0
87.0
96.0
97.0
101.0
100.0
97.0
99.0
109.0
116.0
91.0
79.0
98.0
94.0
100.0
100.0
98.0
95.0
105.0
101.0
108.0
86.0
97.0
98.0
101.0
101.0
97.0
105.0
103.0
103.0
117.0
89.0
102.0
98.0
106.0
99.0
96.0
110.0
99.0
100.0
99.0
78.0
109.0
102.0
107.0
111.0
96.0
103.0
98.0
99.0
101.0
87.0
100.0
98.0
111.0
108.0
96.0
96.0
98.0
95.0
99.0
85.0
242.0
239.0
277.0
275.0
234.0
239.0
235.0
242.0
237.0
216.0
106.0
101.0
110.0
100.0
99.0
97.0
103.0
102.0
104.0
75.0
102.0
106.0
105.0
107.0
112.0
108.0
98.0
98.0
107.0
76.0
107.0
100.0
106.0
102.0
112.0
101.0
106.0
87.0
92.0
86.0
102.0
101.0
114.0
103.0
95.0
109.0
99.0
92.0
92.0
86.0
99.0
98.0
97.0
97.0
113.0
101.0
102.0
101.0
102.0
77.0
96.0
96.0
110.0
94.0
93.0
92.0
111.0
88.0
94.0
80.0
93.0
101.0
97.0
97.0
103.0
106.0
108.0
107.0
99.0
80.0
98.0
101.0
95.0
98.0
106.0
95.0
104.0
93.0
104.0
74.0
100.0
109.0
96.0
102.0
101.0
89.0
99.0
102.0
100.0
82.0
107.0
100.0
102.0
94.0
104.0
90.0
105.0
100.0
105.0
75.0
106.0
99.0
93.0
95.0
102.0
102.0
103.0
102.0
101.0
79.0
98.0
90.0
93.0
88.0
105.0
92.0
89.0
87.0
93.0
73.0
91.0
93.0
87.0
84.0
92.0
84.0
86.0
93.0
90.0
89.0
102.0
92.0
91.0
97.0
89.0
93.0
95.0
96.0
103.0
81.0
96.0
92.0
97.0
88.0
98.0
83.0
84.0
92.0
92.0
208.0
215.0
221.0
215.0
215.0
217.0
215.0
224.0
224.0
204.0
92.0
102.0
95.0
95.0
91.0
94.0
98.0
92.0
92.0
100.0
96.0
100.0
91.0
96.0
92.0
101.0
91.0
91.0
85.0
97.0
102.0
100.0
92.0
94.0
102.0
90.0
92.0
85.0
102.0
87.0
94.0
95.0
93.0
91.0
92.0
90.0
101.0
102.0
95.0
88.0
83.0
108.0
91.0
91.0
91.0
95.0
105.0
84.0
92.0
101.0
89.0
98.0
97.0
90.0
95.0
88.0
92.0
105.0
92.0
96.0
96.0
92.0
95.0
90.0
87.0
92.0
92.0
90.0
107.0
104.0
90.0
96.0
105.0
89.0
95.0
91.0
88.0
80.0
95.0
96.0
95.0
92.0
89.0
90.0
94.0
88.0
88.0
83.0
96.0
98.0
90.0
91.0
93.0
88.0
95.0
91.0
86.0
99.0
102.0
104.0
92.0
91.0
86.0
98.0
85.0
91.0
86.0
98.0
107.0
94.0
77.0
98.0
89.0
96.0
98.0
106.0
91.0
94.0
101.0
101.0
86.0
89.0
89.0
103.0
103.0
95.0
95.0
97.0
98.0
92.0
83.0
95.0
83.0
97.0
107.0
90.0
103.0
92.0
230.0
231.0
221.0
229.0
232.0
227.0
223.0
223.0
219.0
223.0
89.0
83.0
74.0
