15.0
8.0
5.0
4.0
4.0
5.0
4.0
4.0
7.0
7.0
92.0
92.0
92.0
174.0
175.0
91.0
91.0
91.0
3984.0
4098.0
4098.0
5839.0
4098.0
4129.0
4125.0
4282.0
6056.0
44.0
44.0
45.0
43.0
44.0
44.0
44.0
44.0
3793.0
3797.0
4018.0
3977.0
3983.0
4018.0
4019.0
3999.0
4015.0
3845.0
3839.0
3838.0
44.0
44.0
45.0
46.0
45.0
46.0
45.0
45.0
3837.0
3837.0
3839.0
3839.0
3855.0
3861.0
3878.0
3883.0
3962.0
3887.0
3880.0
3884.0
62.0
63.0
47.0
45.0
45.0
45.0
45.0
45.0
3919.0
3866.0
3886.0
3911.0
3982.0
3915.0
3857.0
3878.0
3889.0
3894.0
3872.0
3881.0
45.0
45.0
45.0
45.0
46.0
45.0
45.0
45.0
3849.0
3913.0
3893.0
3872.0
3918.0
3918.0
3920.0
3936.0
3923.0
3940.0
3970.0
3944.0
47.0
46.0
48.0
47.0
47.0
47.0
47.0
46.0
3874.0
3929.0
3839.0
3862.0
3852.0
3842.0
3824.0
3887.0
3889.0
3881.0
3867.0
3840.0
52.0
45.0
45.0
45.0
45.0
46.0
46.0
45.0
3909.0
3900.0
3906.0
3900.0
3909.0
3850.0
3825.0
3848.0
3897.0
3887.0
3900.0
3896.0
46.0
45.0
44.0
44.0
45.0
45.0
45.0
45.0
3956.0
3959.0
3959.0
3963.0
3970.0
3931.0
3964.0
3936.0
3950.0
3921.0
3912.0
3867.0
44.0
44.0
45.0
45.0
44.0
44.0
45.0
45.0
3937.0
3951.0
3978.0
3930.0
3869.0
3855.0
3868.0
3865.0
3858.0
3875.0
3883.0
3863.0
42.0
46.0
47.0
42.0
42.0
42.0
42.0
42.0
3863.0
3884.0
3852.0
3855.0
3779.0
3790.0
3793.0
3786.0
3796.0
3797.0
3689.0
3765.0
194.0
186.0
103.0
104.0
103.0
104.0
103.0
103.0
5621.0
4204.0
4199.0
4217.0
5280.0
4232.0
3637.0
4179.0
4403.0
86.0
86.0
85.0
86.0
113.0
85.0
86.0
94.0
4012.0
4003.0
3995.0
3999.0
3995.0
3968.0
4266.0
3910.0
3984.0
4275.0
3951.0
3949.0
82.0
83.0
83.0
83.0
83.0
83.0
83.0
84.0
3948.0
3931.0
3932.0
3965.0
3954.0
3950.0
3913.0
3895.0
3908.0
3905.0
3942.0
3928.0
93.0
93.0
85.0
84.0
83.0
83.0
84.0
83.0
3921.0
3934.0
3939.0
3912.0
4026.0
3946.0
3952.0
3953.0
3942.0
3947.0
3933.0
3946.0
82.0
82.0
83.0
119.0
118.0
84.0
82.0
83.0
3942.0
3888.0
3912.0
3973.0
3930.0
3904.0
3974.0
3908.0
3964.0
3960.0
3984.0
4063.0
82.0
83.0
89.0
85.0
84.0
85.0
84.0
84.0
2131.0
2143.0
2190.0
2231.0
2202.0
2204.0
2174.0
2172.0
2172.0
2172.0
2096.0
2107.0
81.0
82.0
80.0
81.0
83.0
83.0
81.0
81.0
2133.0
2133.0
2127.0
2132.0
2128.0
2129.0
2154.0
2141.0
2125.0
2144.0
2149.0
2153.0
75.0
76.0
77.0
77.0
92.0
92.0
92.0
92.0
2155.0
2138.0
2189.0
2135.0
2125.0
2203.0
2205.0
2128.0
2103.0
2105.0
2108.0
2105.0
41.0
42.0
41.0
42.0
43.0
42.0
42.0
42.0
2068.0
2069.0
2072.0
2068.0
2124.0
2134.0
2089.0
2084.0
2088.0
2085.0
2083.0
2091.0
12.0
12.0
12.0
12.0
12.0
12.0
12.0
12.0
2071.0
2059.0
2028.0
2037.0
2074.0
2077.0
2127.0
2104.0
2180.0
2105.0
2106.0
2134.0
56.0
56.0
56.0
55.0
57.0
56.0
56.0
56.0
3934.0
4021.0
3905.0
3927.0
3861.0
3879.0
3887.0
3859.0
3905.0
3950.0
3887.0
3911.0
13.0
12.0
13.0
12.0
12.0
13.0
13.0
12.0
3891.0
3913.0
3901.0
3960.0
3919.0
3897.0
3858.0
3861.0
3958.0
3837.0
3832.0
3832.0
13.0
12.0
13.0
12.0
13.0
12.0
13.0
12.0
3858.0
3826.0
3823.0
3905.0
3830.0
3868.0
3876.0
3854.0
3948.0
3922.0
3923.0
3912.0
11.0
11.0
11.0
64.0
65.0
13.0
12.0
12.0
3874.0
3887.0
3917.0
4022.0
3902.0
3890.0
3830.0
3889.0
3869.0
3867.0
3869.0
3864.0
12.0
11.0
11.0
12.0
12.0
12.0
12.0
12.0
2051.0
2077.0
2111.0
2134.0
2083.0
2086.0
2068.0
2080.0
2065.0
2076.0
2071.0
2077.0
10.0
11.0
10.0
10.0
11.0
11.0
10.0
10.0
2022.0
2029.0
2019.0
2030.0
2048.0
2056.0
2078.0
2059.0
2082.0
2075.0
2071.0
2075.0
5.0
5.0
6.0
6.0
6.0
5.0
5.0
6.0
2071.0
2074.0
2101.0
2077.0
2057.0
2052.0
2054.0
2054.0
2067.0
2071.0
2092.0
2097.0
5.0
5.0
4.0
5.0
5.0
5.0
5.0
5.0
2044.0
2049.0
2045.0
2053.0
2050.0
2086.0
2047.0
2057.0
2047.0
2093.0
2077.0
2130.0
5.0
4.0
5.0
4.0
4.0
4.0
4.0
4.0
2130.0
2152.0
2118.0
2068.0
2055.0
2064.0
2126.0
2065.0
2109.0
2081.0
2133.0
2187.0
5.0
5.0
5.0
5.0
4.0
4.0
5.0
5.0
2126.0
2126.0
2095.0
2095.0
2101.0
2102.0
2097.0
2103.0
2065.0
2108.0
2059.0
2105.0
22.0
21.0
21.0
21.0
21.0
21.0
22.0
21.0
3964.0
3978.0
3895.0
3897.0
3845.0
3839.0
3848.0
3867.0
3893.0
3881.0
4006.0
3834.0
11.0
11.0
12.0
12.0
11.0
11.0
11.0
11.0
3855.0
4005.0
3910.0
3906.0
3884.0
3866.0
3918.0
3862.0
3888.0
3883.0
3888.0
3906.0
11.0
11.0
11.0
11.0
11.0
11.0
11.0
11.0
3834.0
3834.0
3842.0
3857.0
3874.0
3881.0
3839.0
3843.0
3832.0
3871.0
3916.0
3929.0
11.0
10.0
10.0
10.0
35.0
12.0
11.0
10.0
3857.0
3869.0
3854.0
3859.0
3858.0
3871.0
3854.0
3861.0
3816.0
3816.0
3833.0
3858.0
10.0
10.0
11.0
11.0
10.0
11.0
10.0
11.0
2062.0
2057.0
2034.0
2052.0
2046.0
2154.0
2079.0
2126.0
2088.0
2082.0
2041.0
2043.0
10.0
10.0
10.0
9.0
10.0
9.0
9.0
10.0
2119.0
2058.0
2056.0
2023.0
2027.0
2030.0
2107.0
2073.0
2065.0
2102.0
2100.0
2059.0
5.0
4.0
5.0
5.0
21.0
5.0
5.0
4.0
2091.0
2046.0
2039.0
2054.0
2025.0
2029.0
2086.0
2097.0
2058.0
2085.0
2059.0
2084.0
4.0
4.0
4.0
3.0
3.0
4.0
4.0
4.0
2051.0
2092.0
2044.0
2048.0
2022.0
2016.0
2004.0
2049.0
2051.0
2061.0
2044.0
2054.0
3.0
3.0
4.0
3.0
4.0
3.0
4.0
3.0
2063.0
2058.0
2055.0
2049.0
2054.0
2008.0
2008.0
2013.0
2004.0
2015.0
2083.0
2083.0
3.0
3.0
3.0
3.0
3.0
4.0
3.0
4.0
2042.0
2049.0
2053.0
2042.0
2048.0
2058.0
2043.0
2045.0
2071.0
2063.0
2054.0
2068.0
21.0
21.0
21.0
21.0
21.0
21.0
21.0
21.0
3857.0
3906.0
3922.0
3906.0
3917.0
3960.0
3876.0
3840.0
3869.0
3837.0
3855.0
3855.0
11.0
11.0
11.0
11.0
11.0
11.0
12.0
11.0
3882.0
3886.0
3869.0
3882.0
3922.0
3972.0
3920.0
3916.0
3867.0
3862.0
3877.0
3856.0
12.0
11.0
12.0
11.0
11.0
11.0
12.0
11.0
3880.0
3875.0
3820.0
3835.0
3830.0
3842.0
3807.0
3875.0
3840.0
3849.0
3839.0
3855.0
11.0
11.0
11.0
11.0
11.0
11.0
11.0
11.0
3886.0
3944.0
3922.0
3942.0
3867.0
3923.0
3876.0
3884.0
3871.0
3866.0
3810.0
3863.0
11.0
11.0
11.0
11.0
11.0
10.0
10.0
10.0
2110.0
2104.0
2023.0
2017.0
2007.0
2062.0
2038.0
2012.0
2014.0
2089.0
2081.0
2097.0
9.0
9.0
9.0
10.0
10.0
10.0
9.0
9.0
2110.0
2121.0
2117.0
2119.0
2099.0
2126.0
2085.0
2082.0
2068.0
2078.0
2115.0
2134.0
3.0
4.0
4.0
4.0
4.0
4.0
3.0
4.0
2125.0
2080.0
2081.0
2116.0
2072.0
2104.0
2022.0
2022.0
2050.0
2050.0
2054.0
2049.0
4.0
4.0
3.0
4.0
4.0
4.0
4.0
4.0
2049.0
2052.0
2049.0
2067.0
2044.0
2057.0
2011.0
2014.0
2015.0
2019.0
2068.0
2057.0
3.0
4.0
3.0
4.0
3.0
4.0
3.0
3.0
2044.0
2119.0
2105.0
2062.0
2071.0
2077.0
2086.0
2069.0
2027.0
2027.0
2004.0
2038.0
4.0
3.0
4.0
3.0
4.0
3.0
4.0
3.0
2062.0
2054.0
2074.0
2081.0
2109.0
2115.0
2092.0
2059.0
2057.0
2116.0
2011.0
2057.0
20.0
20.0
20.0
20.0
20.0
20.0
21.0
20.0
3845.0
3868.0
3871.0
3919.0
3915.0
3924.0
3932.0
3991.0
3941.0
3886.0
3893.0
3910.0
11.0
11.0
11.0
11.0
10.0
10.0
10.0
10.0
3839.0
3842.0
3831.0
3835.0
3844.0
3839.0
3873.0
3855.0
3858.0
3959.0
3915.0
3937.0
11.0
11.0
11.0
11.0
11.0
11.0
11.0
11.0
3899.0
3925.0
3906.0
3922.0
3904.0
3838.0
3911.0
3952.0
3888.0
3865.0
3881.0
3909.0
11.0
10.0
10.0
12.0
11.0
11.0
10.0
10.0
3898.0
3859.0
3910.0
3895.0
3879.0
3974.0
3977.0
3987.0
3966.0
4008.0
4003.0
3942.0
10.0
10.0
11.0
11.0
10.0
10.0
11.0
11.0
2031.0
2059.0
2079.0
2077.0
2074.0
2032.0
2017.0
2021.0
2035.0
2034.0
2032.0
2068.0
9.0
8.0
8.0
9.0
9.0
9.0
9.0
8.0
2098.0
2094.0
2078.0
2066.0
2051.0
2061.0
2064.0
2060.0
2069.0
2021.0
2066.0
2110.0
4.0
3.0
4.0
4.0
3.0
3.0
4.0
4.0
2060.0
2052.0
2060.0
2058.0
2134.0
2109.0
2064.0
2046.0
2017.0
2017.0
2066.0
2112.0
3.0
4.0
4.0
3.0
4.0
4.0
3.0
4.0
2118.0
2117.0
2091.0
2066.0
2090.0
2076.0
2073.0
2072.0
2015.0
2014.0
2021.0
2024.0
3.0
3.0
3.0
3.0
3.0
3.0
3.0
3.0
2021.0
2018.0
2019.0
2058.0
2085.0
2068.0
2075.0
2069.0
2080.0
2077.0
2072.0
2074.0
4.0
3.0
3.0
3.0
3.0
3.0
3.0
3.0
2077.0
2030.0
2052.0
2099.0
2055.0
2098.0
2087.0
2086.0
2133.0
2110.0
2109.0
2092.0
56.0
57.0
57.0
57.0
57.0
57.0
56.0
56.0
3957.0
3939.0
3946.0
3944.0
3942.0
3921.0
3914.0
3960.0
4003.0
12.0
45.0
13.0
13.0
13.0
13.0
13.0
13.0
3865.0
3908.0
3892.0
3875.0
3901.0
3881.0
3884.0
3855.0
3850.0
12.0
13.0
12.0
13.0
12.0
13.0
12.0
12.0
3901.0
3898.0
3876.0
3814.0
3818.0
3932.0
3851.0
3907.0
3888.0
12.0
12.0
12.0
11.0
12.0
12.0
11.0
12.0
3979.0
3943.0
3922.0
3923.0
3919.0
3864.0
3866.0
3865.0
3892.0
11.0
11.0
12.0
12.0
12.0
12.0
12.0
12.0
2138.0
2053.0
2054.0
2054.0
2056.0
2050.0
2048.0
2050.0
2054.0
2066.0
2071.0
2090.0
11.0
11.0
11.0
10.0
11.0
10.0
11.0
10.0
2072.0
2069.0
2116.0
2087.0
2091.0
2087.0
2076.0
2077.0
2026.0
2031.0
2026.0
2027.0
5.0
6.0
5.0
5.0
6.0
6.0
5.0
6.0
2033.0
2039.0
2028.0
2030.0
2032.0
2070.0
2060.0
2065.0
2073.0
2063.0
2072.0
2070.0
5.0
5.0
5.0
5.0
5.0
4.0
4.0
5.0
2057.0
2068.0
2069.0
2019.0
2111.0
2109.0
2133.0
2131.0
2117.0
2087.0
2078.0
2097.0
4.0
4.0
4.0
4.0
5.0
4.0
5.0
4.0
2098.0
2081.0
2072.0
2120.0
2091.0
2069.0
2052.0
2099.0
2051.0
2080.0
2054.0
2058.0
4.0
5.0
5.0
4.0
5.0
4.0
5.0
4.0
2043.0
2035.0
2025.0
2032.0
2032.0
2027.0
2027.0
2037.0
2029.0
2094.0
2079.0
2079.0
22.0
21.0
22.0
21.0
22.0
22.0
22.0
22.0
3901.0
3902.0
3918.0
3912.0
3917.0
3912.0
3930.0
3861.0
3900.0
3952.0
3907.0
3904.0
12.0
11.0
11.0
11.0
12.0
11.0
11.0
11.0
3875.0
3867.0
3888.0
3912.0
3915.0
3913.0
3843.0
3837.0
3835.0
3833.0
3828.0
3833.0
11.0
11.0
11.0
11.0
11.0
11.0
12.0
11.0
3836.0
3883.0
3826.0
3831.0
3873.0
3873.0
3952.0
3923.0
3901.0
3926.0
3908.0
3934.0
10.0
10.0
11.0
11.0
11.0
11.0
11.0
11.0
3870.0
3940.0
3899.0
3873.0
3822.0
3822.0
3868.0
3824.0
3884.0
3822.0
3830.0
3830.0
11.0
11.0
11.0
11.0
11.0
10.0
11.0
11.0
2109.0
2053.0
2051.0
2101.0
2089.0
2075.0
2090.0
2091.0
2087.0
2077.0
2082.0
2075.0
10.0
10.0
10.0
9.0
9.0
10.0
10.0
10.0
2058.0
2056.0
2058.0
2103.0
2110.0
2056.0
2062.0
2102.0
2057.0
2060.0
2041.0
2037.0
5.0
4.0
4.0
5.0
5.0
4.0
5.0
5.0
2035.0
2037.0
2074.0
2103.0
2113.0
2120.0
2126.0
2115.0
2067.0
2066.0
2071.0
2087.0
4.0
4.0
4.0
4.0
4.0
4.0
3.0
4.0
2029.0
2031.0
2029.0
2035.0
2026.0
2029.0
2086.0
2103.0
2119.0
2078.0
2076.0
2082.0
3.0
3.0
3.0
3.0
4.0
3.0
4.0
3.0
2085.0
2144.0
2084.0
2109.0
2070.0
2140.0
2133.0
2121.0
2074.0
2146.0
2140.0
2084.0
4.0
4.0
3.0
3.0
4.0
3.0
3.0
4.0
2104.0
2103.0
2076.0
2131.0
2134.0
2121.0
2099.0
2058.0
2101.0
2103.0
2110.0
2084.0
21.0
20.0
21.0
20.0
20.0
20.0
20.0
20.0
3839.0
3846.0
3842.0
3845.0
3842.0
3848.0
3843.0
3840.0
3843.0
11.0
11.0
11.0
11.0
11.0
11.0
11.0
11.0
3931.0
3881.0
3874.0
3875.0
3872.0
3947.0
3932.0
3869.0
3871.0
10.0
11.0
11.0
11.0
11.0
11.0
11.0
11.0
3986.0
3877.0
3872.0
3897.0
3892.0
3938.0
3970.0
3936.0
3985.0
11.0
31.0
31.0
11.0
10.0
11.0
10.0
10.0
3915.0
3888.0
3922.0
3867.0
3905.0
3927.0
3896.0
3929.0
3890.0
6.0
6.0
6.0
6.0
5.0
5.0
6.0
6.0
2072.0
2075.0
2074.0
2127.0
2068.0
2074.0
2050.0
2046.0
2047.0
2050.0
2017.0
2017.0
4.0
4.0
4.0
4.0
4.0
4.0
4.0
4.0
2013.0
2014.0
2016.0
2016.0
2015.0
2016.0
2016.0
2017.0
2101.0
2099.0
2061.0
2047.0
3.0
3.0
4.0
4.0
3.0
3.0
3.0
4.0
2048.0
2046.0
2046.0
2102.0
2048.0
2114.0
2092.0
2057.0
2058.0
2057.0
2057.0
2053.0
3.0
3.0
4.0
3.0
3.0
3.0
4.0
3.0
2060.0
2055.0
2057.0
2064.0
2071.0
2093.0
2085.0
2061.0
2060.0
2079.0
2066.0
2065.0
3.0
4.0
3.0
3.0
4.0
3.0
3.0
3.0
2084.0
2098.0
2017.0
2015.0
2015.0
2031.0
2033.0
2030.0
2056.0
2063.0
2078.0
2085.0
4.0
3.0
3.0
4.0
3.0
3.0
4.0
3.0
2051.0
2052.0
2052.0
2048.0
2048.0
2060.0
2016.0
2022.0
2044.0
2020.0
2059.0
2061.0
19.0
19.0
19.0
19.0
19.0
19.0
19.0
19.0
3930.0
3937.0
3939.0
3950.0
3949.0
3939.0
3929.0
3920.0
3916.0
3923.0
3838.0
3867.0
10.0
9.0
10.0
9.0
10.0
10.0
10.0
10.0
3857.0
3855.0
3843.0
3843.0
3843.0
3844.0
3850.0
3847.0
3918.0
3909.0
3906.0
3902.0
9.0
10.0
10.0
9.0
10.0
9.0
9.0
10.0
3929.0
3922.0
3904.0
3896.0
3970.0
3971.0
3860.0
3836.0
3837.0
3840.0
3832.0
3911.0
9.0
10.0
10.0
9.0
10.0
10.0
9.0
9.0
2056.0
2054.0
2068.0
2059.0
2082.0
2081.0
2077.0
2075.0
2084.0
2075.0
2074.0
2025.0
5.0
5.0
5.0
5.0
5.0
5.0
5.0
5.0
2026.0
2026.0
2032.0
2025.0
2077.0
2072.0
2075.0
2075.0
2096.0
2059.0
2061.0
2060.0
4.0
4.0
4.0
4.0
4.0
3.0
4.0
3.0
2054.0
2053.0
2104.0
2050.0
2067.0
2043.0
2117.0
2057.0
2064.0
2114.0
2083.0
2075.0
3.0
3.0
3.0
4.0
3.0
3.0
4.0
3.0
2106.0
2114.0
2134.0
2072.0
2077.0
2129.0
2129.0
2103.0
2048.0
2097.0
2097.0
2099.0
3.0
3.0
3.0
4.0
3.0
3.0
3.0
3.0
2100.0
2044.0
2036.0
2056.0
2053.0
2056.0
2051.0
2097.0
2066.0
2061.0
2064.0
2059.0
4.0
3.0
4.0
3.0
4.0
3.0
3.0
3.0
2071.0
2058.0
2055.0
2073.0
2053.0
2018.0
2061.0
2063.0
2058.0
2078.0
2070.0
2102.0
3.0
3.0
3.0
3.0
3.0
4.0
3.0
3.0
2079.0
2101.0
2065.0
2053.0
2049.0
2052.0
2063.0
2050.0
2049.0
2054.0
2056.0
2061.0
14.0
14.0
13.0
13.0
13.0
14.0
13.0
14.0
3915.0
3915.0
3841.0
3840.0
3836.0
3840.0
3835.0
3841.0
3840.0
3850.0
3850.0
3824.0
8.0
8.0
8.0
8.0
8.0
8.0
9.0
8.0
3881.0
3873.0
3925.0
3872.0
3925.0
3927.0
3944.0
3943.0
3901.0
3902.0
3867.0
3865.0
8.0
8.0
8.0
8.0
9.0
8.0
8.0
9.0
3900.0
3885.0
3994.0
3870.0
3862.0
3874.0
3838.0
3840.0
3849.0
3867.0
3941.0
3964.0
8.0
9.0
9.0
8.0
8.0
8.0
8.0
8.0
2114.0
2052.0
2060.0
2143.0
2093.0
2091.0
2098.0
2091.0
2089.0
2090.0
2139.0
2143.0
3.0
4.0
4.0
4.0
4.0
4.0
4.0
3.0
2078.0
2074.0
2084.0
2071.0
2087.0
2071.0
2067.0
2063.0
2033.0
2031.0
2121.0
2040.0
4.0
4.0
3.0
4.0
4.0
4.0
4.0
4.0
2109.0
2081.0
2087.0
2085.0
2102.0
2086.0
2075.0
2070.0
2071.0
2041.0
2046.0
2044.0
4.0
3.0
3.0
3.0
3.0
3.0
3.0
3.0
2041.0
2043.0
2039.0
2046.0
2107.0
2096.0
2167.0
2119.0
2107.0
2088.0
2092.0
2097.0
3.0
3.0
3.0
3.0
3.0
3.0
3.0
3.0
2149.0
2147.0
2084.0
2070.0
2094.0
2049.0
2059.0
2069.0
2060.0
2048.0
2106.0
2103.0
3.0
3.0
3.0
3.0
3.0
3.0
3.0
4.0
2084.0
2091.0
2068.0
2116.0
2098.0
2048.0
2053.0
2103.0
2053.0
2104.0
2024.0
2013.0
3.0
3.0
4.0
3.0
3.0
3.0
3.0
3.0
2028.0
2029.0
2026.0
2031.0
2034.0
2030.0
2050.0
2059.0
1869.0
1872.0
1909.0
1853.0
