2.0
2.0
1.0
2.0
2.0
2.0
2.0
2.0
2.0
1.0
9.0
9.0
9.0
8.0
8.0
8.0
9.0
9.0
9.0
9.0
9.0
9.0
9.0
9.0
1072.0
1073.0
1072.0
1074.0
1073.0
1074.0
1072.0
1085.0
1085.0
1087.0
1083.0
1083.0
1089.0
1088.0
1088.0
1088.0
1088.0
1079.0
1079.0
1078.0
1081.0
1080.0
1079.0
1082.0
1081.0
1085.0
9.0
8.0
9.0
9.0
8.0
9.0
9.0
9.0
9.0
9.0
8.0
8.0
9.0
9.0
1082.0
1082.0
1079.0
1079.0
1073.0
1073.0
1073.0
1075.0
1075.0
1075.0
1075.0
1077.0
1073.0
1073.0
1090.0
1078.0
1079.0
1079.0
1080.0
1078.0
1078.0
1080.0
1081.0
1079.0
1086.0
1085.0
9.0
8.0
9.0
8.0
9.0
9.0
9.0
9.0
8.0
9.0
8.0
9.0
9.0
8.0
1088.0
1088.0
1089.0
1088.0
1088.0
1090.0
1087.0
1090.0
1072.0
1072.0
1074.0
1073.0
1075.0
1073.0
1074.0
1073.0
1076.0
1075.0
1081.0
1078.0
1079.0
1079.0
1079.0
1081.0
1078.0
1080.0
9.0
9.0
9.0
8.0
8.0
9.0
9.0
9.0
9.0
8.0
8.0
9.0
9.0
9.0
1078.0
1080.0
1104.0
1102.0
1127.0
1109.0
1103.0
1110.0
1113.0
1106.0
1111.0
1109.0
1072.0
1074.0
1075.0
1075.0
1074.0
1085.0
1075.0
1123.0
1074.0
1077.0
1081.0
1079.0
1082.0
1083.0
9.0
8.0
9.0
9.0
9.0
9.0
9.0
9.0
9.0
9.0
9.0
8.0
8.0
8.0
1082.0
1082.0
1083.0
1134.0
1081.0
1080.0
1085.0
1085.0
1087.0
1090.0
1090.0
1090.0
1088.0
1092.0
1087.0
1135.0
1071.0
1072.0
1070.0
1072.0
1061.0
1062.0
1061.0
1061.0
1057.0
1078.0
9.0
9.0
10.0
9.0
10.0
10.0
9.0
9.0
9.0
9.0
10.0
10.0
9.0
9.0
1096.0
1099.0
1095.0
1098.0
1096.0
1097.0
1091.0
1091.0
1091.0
1090.0
1078.0
1076.0
1078.0
1077.0
1081.0
1076.0
1079.0
1077.0
1077.0
1078.0
1094.0
1082.0
1083.0
1081.0
1080.0
1082.0
9.0
8.0
9.0
9.0
8.0
8.0
8.0
8.0
9.0
9.0
9.0
8.0
8.0
8.0
1083.0
1084.0
1083.0
1082.0
1089.0
1088.0
1089.0
1087.0
1088.0
1087.0
1090.0
1090.0
1089.0
1090.0
1081.0
1076.0
1073.0
1079.0
1074.0
1072.0
1076.0
1074.0
1074.0
1073.0
1080.0
1082.0
9.0
8.0
9.0
9.0
8.0
8.0
8.0
8.0
9.0
9.0
9.0
8.0
9.0
8.0
1082.0
1097.0
1085.0
1084.0
1084.0
1082.0
1083.0
1081.0
1071.0
1072.0
1073.0
1074.0
1076.0
1075.0
1074.0
1076.0
1074.0
1074.0
1102.0
1105.0
1105.0
1106.0
1110.0
1106.0
1108.0
1112.0
22.0
22.0
8.0
9.0
9.0
8.0
8.0
8.0
9.0
9.0
8.0
8.0
9.0
8.0
1097.0
1091.0
1079.0
1079.0
1080.0
1083.0
1083.0
1086.0
1080.0
1082.0
1081.0
1081.0
1073.0
1075.0
1075.0
1077.0
1077.0
1077.0
1078.0
1078.0
1073.0
1077.0
1079.0
1079.0
1081.0
1083.0
8.0
8.0
8.0
9.0
8.0
8.0
9.0
8.0
9.0
9.0
8.0
8.0
8.0
8.0
1083.0
1083.0
1083.0
1085.0
1084.0
1082.0
1084.0
1086.0
1085.0
1087.0
1094.0
1089.0
1086.0
1086.0
1087.0
1089.0
1069.0
1070.0
1071.0
1073.0
1075.0
1074.0
1072.0
1075.0
1074.0
1072.0
9.0
8.0
9.0
8.0
8.0
9.0
9.0
8.0
8.0
8.0
9.0
8.0
8.0
8.0
1080.0
1081.0
1080.0
1081.0
1084.0
1082.0
1082.0
1082.0
1082.0
1083.0
1071.0
1073.0
1077.0
1073.0
1075.0
1075.0
1074.0
1075.0
1088.0
1089.0
1091.0
1086.0
1089.0
1087.0
1093.0
1092.0
9.0
8.0
27.0
27.0
9.0
8.0
9.0
8.0
9.0
8.0
9.0
8.0
8.0
9.0
1074.0
1074.0
1076.0
1074.0
1082.0
1082.0
1083.0
1084.0
1085.0
1081.0
1083.0
1081.0
1082.0
1083.0
1074.0
1076.0
1075.0
1077.0
1077.0
1079.0
1079.0
1076.0
1073.0
1074.0
1078.0
1078.0
8.0
8.0
9.0
9.0
9.0
8.0
8.0
8.0
9.0
9.0
8.0
9.0
8.0
8.0
1081.0
1080.0
1083.0
1082.0
1083.0
1082.0
1083.0
1081.0
1083.0
1082.0
1086.0
1088.0
1087.0
1090.0
1088.0
1087.0
1088.0
1088.0
1075.0
1076.0
1086.0
1086.0
1089.0
1086.0
1089.0
1086.0
9.0
8.0
8.0
9.0
9.0
8.0
8.0
9.0
9.0
8.0
8.0
8.0
9.0
9.0
1089.0
1095.0
1095.0
1096.0
1092.0
1091.0
1094.0
1089.0
1091.0
1091.0
1089.0
1093.0
1076.0
1077.0
1092.0
1092.0
1093.0
1094.0
1093.0
1092.0
1091.0
1093.0
1088.0
1082.0
1076.0
1076.0
1.0
2.0
1.0
1.0
2.0
1.0
2.0
1.0
1.0
2.0
2.0
1.0
1.0
2.0
570.0
570.0
572.0
571.0
571.0
574.0
582.0
583.0
652.0
584.0
586.0
589.0
570.0
572.0
571.0
573.0
573.0
574.0
588.0
589.0
589.0
596.0
586.0
585.0
586.0
585.0
8.0
8.0
9.0
24.0
23.0
8.0
8.0
9.0
8.0
9.0
8.0
8.0
8.0
8.0
1077.0
1077.0
1078.0
1086.0
1078.0
1093.0
1076.0
1077.0
1077.0
1077.0
1082.0
1081.0
1081.0
1082.0
1084.0
1100.0
1080.0
1077.0
1079.0
1081.0
1074.0
1072.0
1072.0
1073.0
1073.0
1088.0
8.0
8.0
8.0
9.0
9.0
8.0
8.0
8.0
8.0
9.0
9.0
8.0
8.0
8.0
1084.0
1084.0
1083.0
1086.0
1083.0
1084.0
1081.0
1082.0
1083.0
1093.0
1082.0
1082.0
1081.0
1081.0
1090.0
1089.0
1090.0
1092.0
1090.0
1081.0
1080.0
1076.0
1080.0
1081.0
1071.0
1070.0
9.0
8.0
8.0
8.0
8.0
9.0
8.0
8.0
8.0
8.0
9.0
8.0
9.0
8.0
1072.0
1071.0
1071.0
1073.0
1088.0
1089.0
1085.0
1091.0
1082.0
1083.0
1084.0
1083.0
1084.0
1085.0
1070.0
1071.0
1069.0
1072.0
1087.0
1085.0
1086.0
1085.0
1086.0
1087.0
1075.0
1077.0
8.0
9.0
8.0
8.0
8.0
8.0
9.0
9.0
8.0
8.0
8.0
8.0
9.0
9.0
1079.0
1076.0
1070.0
1072.0
1073.0
1072.0
1072.0
1074.0
1068.0
1094.0
1071.0
1071.0
1078.0
1077.0
1079.0
1078.0
1079.0
1083.0
1094.0
1093.0
1099.0
1112.0
1098.0
1099.0
1097.0
1093.0
8.0
8.0
9.0
8.0
12.0
10.0
10.0
13.0
10.0
11.0
10.0
10.0
10.0
9.0
1101.0
1103.0
1091.0
1094.0
1084.0
1082.0
1084.0
1083.0
1090.0
1090.0
1083.0
1073.0
1073.0
1074.0
1074.0
1074.0
1085.0
1086.0
1079.0
1078.0
1078.0
1079.0
1077.0
1079.0
1080.0
1079.0
8.0
9.0
8.0
8.0
9.0
9.0
8.0
8.0
8.0
9.0
8.0
8.0
8.0
8.0
1073.0
1073.0
1073.0
1074.0
1071.0
1079.0
1083.0
1086.0
1086.0
1084.0
1079.0
1079.0
1078.0
1080.0
1078.0
1080.0
1072.0
1072.0
1072.0
1071.0
1089.0
1088.0
1087.0
1089.0
1087.0
1086.0
8.0
8.0
9.0
8.0
8.0
9.0
8.0
8.0
8.0
8.0
9.0
9.0
8.0
8.0
1081.0
1079.0
1077.0
1078.0
1072.0
1074.0
1073.0
1073.0
1073.0
1073.0
1071.0
1073.0
1088.0
1082.0
1083.0
1081.0
1079.0
1080.0
1079.0
1083.0
1084.0
1084.0
1075.0
1077.0
1089.0
1090.0
8.0
8.0
9.0
9.0
8.0
8.0
8.0
8.0
9.0
9.0
8.0
8.0
8.0
8.0
1097.0
1091.0
1091.0
1092.0
1086.0
1078.0
1080.0
1080.0
1068.0
1069.0
1070.0
1071.0
1073.0
1072.0
1071.0
1071.0
1071.0
1070.0
1076.0
1077.0
1078.0
1079.0
1077.0
1080.0
1078.0
1094.0
9.0
8.0
8.0
9.0
8.0
8.0
8.0
8.0
8.0
9.0
9.0
8.0
8.0
8.0
1079.0
1078.0
1073.0
1074.0
1073.0
1075.0
1075.0
1091.0
1083.0
1097.0
1086.0
1085.0
1079.0
1080.0
1083.0
1086.0
1085.0
1086.0
1073.0
1072.0
1073.0
1074.0
1103.0
1108.0
1121.0
1100.0
2.0
1.0
2.0
1.0
1.0
2.0
1.0
2.0
1.0
2.0
1.0
1.0
2.0
1.0
572.0
579.0
589.0
586.0
598.0
598.0
604.0
616.0
595.0
592.0
587.0
586.0
584.0
585.0
576.0
579.0
577.0
578.0
574.0
577.0
577.0
576.0
576.0
576.0
576.0
570.0
9.0
8.0
8.0
9.0
8.0
8.0
8.0
8.0
9.0
9.0
8.0
8.0
8.0
8.0
1081.0
1083.0
1079.0
1082.0
1082.0
1081.0
1082.0
1083.0
1083.0
1084.0
1071.0
1071.0
1087.0
1087.0
1090.0
1089.0
1089.0
1094.0
1091.0
1089.0
1083.0
1082.0
1069.0
1072.0
1072.0
1073.0
9.0
8.0
9.0
8.0
8.0
8.0
8.0
8.0
9.0
9.0
8.0
8.0
8.0
8.0
1073.0
1073.0
1077.0
1073.0
1095.0
1086.0
1078.0
1078.0
1079.0
1079.0
1083.0
1080.0
1081.0
1079.0
1072.0
1072.0
1071.0
1070.0
1073.0
1073.0
1073.0
1090.0
1089.0
1085.0
1080.0
1081.0
8.0
8.0
9.0
8.0
8.0
9.0
9.0
8.0
9.0
8.0
8.0
9.0
9.0
8.0
1080.0
1081.0
1081.0
1082.0
1084.0
1078.0
1076.0
1077.0
1091.0
1091.0
1089.0
1091.0
1093.0
1093.0
1080.0
1080.0
1081.0
1081.0
1075.0
1075.0
1074.0
1074.0
1075.0
1075.0
1072.0
1074.0
9.0
8.0
8.0
9.0
8.0
8.0
9.0
8.0
8.0
9.0
9.0
8.0
8.0
8.0
1072.0
1076.0
1078.0
1078.0
1077.0
1078.0
1079.0
1081.0
1078.0
1077.0
1078.0
1079.0
1070.0
1072.0
1085.0
1085.0
1086.0
1086.0
1086.0
1086.0
1087.0
1086.0
1081.0
1085.0
1073.0
1073.0
8.0
8.0
8.0
9.0
9.0
8.0
8.0
8.0
8.0
9.0
9.0
8.0
8.0
8.0
1076.0
1076.0
1075.0
1076.0
1073.0
1074.0
1085.0
1079.0
1076.0
1075.0
1078.0
1078.0
1076.0
1078.0
1077.0
1077.0
1075.0
1072.0
1102.0
1104.0
1108.0
1108.0
1108.0
1106.0
1106.0
1108.0
8.0
9.0
9.0
11.0
10.0
10.0
10.0
10.0
10.0
9.0
10.0
10.0
9.0
9.0
1093.0
1089.0
1069.0
1068.0
1072.0
1072.0
1069.0
1072.0
1071.0
1072.0
1098.0
1088.0
1085.0
1085.0
1084.0
1082.0
1077.0
1085.0
1085.0
1084.0
1075.0
1073.0
1071.0
1072.0
1074.0
1071.0
9.0
8.0
8.0
8.0
9.0
8.0
8.0
8.0
8.0
9.0
9.0
8.0
8.0
8.0
1074.0
1090.0
1086.0
1089.0
1078.0
1078.0
1076.0
1078.0
1077.0
1078.0
1084.0
1073.0
1071.0
1072.0
1084.0
1086.0
1083.0
1084.0
1083.0
1085.0
1085.0
1079.0
1079.0
1079.0
1072.0
1073.0
8.0
9.0
8.0
8.0
8.0
8.0
9.0
8.0
8.0
9.0
8.0
8.0
9.0
8.0
1071.0
1071.0
1071.0
1074.0
1073.0
1074.0
1072.0
1074.0
1078.0
1078.0
1080.0
1078.0
1079.0
1081.0
1079.0
1080.0
1079.0
1082.0
1072.0
1075.0
1084.0
1084.0
1085.0
1086.0
1084.0
1084.0
9.0
1.0
9.0
1.0
8.0
1.0
8.0
2.0
8.0
2.0
8.0
1.0
9.0
1.0
1084.0
1078.0
1088.0
1081.0
1076.0
1065.0
1074.0
1068.0
1075.0
1067.0
1075.0
1067.0
1084.0
1076.0
1082.0
1073.0
1085.0
1078.0
1086.0
1076.0
1086.0
1081.0
1079.0
1077.0
1078.0
1070.0
2.0
1.0
1.0
2.0
2.0
1.0
1.0
1.0
2.0
2.0
1.0
1.0
2.0
2.0
579.0
579.0
579.0
579.0
578.0
579.0
584.0
585.0
585.0
585.0
586.0
585.0
584.0
585.0
584.0
583.0
573.0
570.0
570.0
571.0
571.0
573.0
571.0
571.0
577.0
577.0
8.0
9.0
9.0
8.0
8.0
8.0
8.0
8.0
9.0
9.0
8.0
8.0
9.0
8.0
1084.0
1086.0
1085.0
1087.0
1086.0
1086.0
1086.0
1086.0
1078.0
1079.0
1083.0
1087.0
1084.0
1088.0
1096.0
1097.0
1096.0
1100.0
1098.0
1102.0
1091.0
1091.0
1091.0
1092.0
1085.0
1087.0
9.0
9.0
9.0
9.0
8.0
9.0
9.0
8.0
8.0
9.0
8.0
8.0
8.0
8.0
1095.0
1080.0
1081.0
1078.0
1071.0
1072.0
1076.0
1073.0
1072.0
1073.0
1086.0
1100.0
1087.0
1084.0
1077.0
1087.0
1082.0
1087.0
1084.0
1086.0
1075.0
1092.0
1075.0
1075.0
1084.0
1086.0
15.0
9.0
9.0
10.0
9.0
8.0
9.0
9.0
8.0
8.0
8.0
8.0
9.0
9.0
1079.0
1081.0
1078.0
1080.0
1079.0
1095.0
1080.0
1080.0
1078.0
1077.0
1080.0
1078.0
1078.0
1080.0
1076.0
1094.0
1089.0
1088.0
1077.0
1080.0
1080.0
1080.0
1079.0
1078.0
1086.0
1073.0
8.0
8.0
8.0
9.0
9.0
8.0
8.0
8.0
8.0
9.0
9.0
8.0
8.0
8.0
1075.0
1073.0
1084.0
1085.0
1086.0
1085.0
1086.0
1087.0
1076.0
1078.0
1078.0
1081.0
1073.0
1074.0
1077.0
1076.0
1078.0
1077.0
1076.0
1072.0
1093.0
1091.0
1080.0
1081.0
1079.0
1078.0
8.0
9.0
8.0
8.0
9.0
8.0
8.0
8.0
8.0
9.0
9.0
8.0
8.0
8.0
1080.0
1080.0
1080.0
1080.0
1073.0
1073.0
1082.0
1087.0
1085.0
1084.0
1085.0
1085.0
1084.0
1086.0
1077.0
1074.0
1069.0
1072.0
1072.0
1072.0
1074.0
1072.0
1072.0
1072.0
1070.0
1071.0
9.0
8.0
8.0
8.0
8.0
9.0
9.0
8.0
8.0
8.0
8.0
9.0
9.0
8.0
1080.0
1079.0
1079.0
1080.0
1080.0
1080.0
1079.0
1078.0
1078.0
1079.0
1072.0
1071.0
1086.0
1085.0
1086.0
1086.0
1085.0
1085.0
1085.0
1084.0
1113.0
1112.0
1101.0
1098.0
1102.0
1103.0
8.0
8.0
9.0
8.0
8.0
9.0
8.0
8.0
8.0
9.0
8.0
8.0
9.0
8.0
1100.0
1098.0
1098.0
1101.0
1078.0
1081.0
1078.0
1081.0
1079.0
1078.0
1078.0
1077.0
1077.0
1083.0
1074.0
1071.0
1073.0
1074.0
1072.0
1072.0
1088.0
1084.0
1085.0
1084.0
1079.0
1078.0
8.0
8.0
8.0
8.0
9.0
9.0
8.0
8.0
8.0
8.0
9.0
8.0
8.0
9.0
1078.0
1084.0
1085.0
1084.0
1075.0
1075.0
1075.0
1073.0
1088.0
1088.0
1094.0
1083.0
1083.0
1084.0
1079.0
1077.0
1079.0
1080.0
1071.0
1072.0
1072.0
1080.0
1074.0
1073.0
1073.0
1075.0
5.0
2.0
5.0
1.0
6.0
2.0
5.0
1.0
5.0
2.0
5.0
2.0
5.0
1.0
1080.0
577.0
1076.0
582.0
1078.0
583.0
1077.0
582.0
1078.0
583.0
1090.0
571.0
1069.0
575.0
1072.0
577.0
1084.0
577.0
1081.0
579.0
1084.0
576.0
1076.0
570.0
1075.0
583.0
1.0
1.0
2.0
2.0
1.0
1.0
2.0
1.0
1.0
2.0
2.0
1.0
1.0
1.0
584.0
583.0
584.0
582.0
574.0
569.0
572.0
571.0
571.0
572.0
573.0
572.0
578.0
579.0
581.0
578.0
575.0
578.0
579.0
578.0
579.0
577.0
569.0
569.0
570.0
582.0
9.0
8.0
8.0
8.0
9.0
9.0
8.0
8.0
8.0
8.0
8.0
8.0
8.0
9.0
1079.0
1080.0
1081.0
1087.0
1080.0
1080.0
1079.0
1087.0
1086.0
1072.0
1083.0
1086.0
1090.0
1086.0
1085.0
1087.0
1085.0
1079.0
1077.0
1077.0
1070.0
1072.0
1073.0
1080.0
1073.0
1073.0
8.0
8.0
9.0
8.0
8.0
9.0
8.0
8.0
9.0
8.0
8.0
9.0
8.0
9.0
1071.0
1073.0
1071.0
1071.0
1074.0
1080.0
1080.0
1082.0
1080.0
1082.0
1080.0
1080.0
1082.0
1084.0
1073.0
1090.0
1091.0
1088.0
1090.0
1090.0
1089.0
1090.0
1090.0
1082.0
1100.0
1090.0
8.0
8.0
9.0
9.0
8.0
8.0
8.0
8.0
8.0
8.0
9.0
8.0
8.0
8.0
1099.0
1092.0
1089.0
1092.0
1092.0
1088.0
1089.0
1092.0
1077.0
1080.0
1081.0
1093.0
1080.0
1080.0
1079.0
1080.0
1079.0
1078.0
1072.0
1074.0
1075.0
1074.0
1074.0
1083.0
1082.0
1086.0
8.0
9.0
8.0
8.0
8.0
8.0
8.0
8.0
9.0
8.0
8.0
9.0
8.0
8.0
1086.0
1084.0
1077.0
1079.0
1087.0
1091.0
1091.0
1084.0
1074.0
1079.0
1075.0
1074.0
1085.0
1087.0
1078.0
1079.0
1080.0
1077.0
1079.0
1079.0
1083.0
1078.0
1072.0
1073.0
1070.0
1071.0
9.0
8.0
8.0
9.0
8.0
8.0
9.0
8.0
8.0
8.0
8.0
9.0
9.0
8.0
1074.0
1069.0
1086.0
1089.0
1090.0
1091.0
1086.0
1089.0
1087.0
1087.0
1097.0
1086.0
1089.0
1076.0
1075.0
1075.0
1082.0
1083.0
1084.0
1083.0
1083.0
1084.0
1076.0
1078.0
1078.0
1077.0
8.0
8.0
9.0
8.0
8.0
9.0
9.0
8.0
8.0
8.0
8.0
9.0
9.0
8.0
1071.0
1075.0
1075.0
1075.0
1076.0
1075.0
1075.0
1073.0
1088.0
1089.0
1076.0
1077.0
1077.0
1077.0
1078.0
1077.0
1082.0
1081.0
1071.0
1073.0
1084.0
1086.0
1086.0
1086.0
1086.0
1087.0
9.0
10.0
9.0
9.0
9.0
9.0
9.0
8.0
8.0
9.0
9.0
8.0
8.0
8.0
1076.0
1078.0
1079.0
1079.0
1072.0
1072.0
1075.0
1072.0
1072.0
1073.0
1082.0
1074.0
1074.0
1074.0
1077.0
1077.0
1077.0
1078.0
1077.0
1077.0
1076.0
1076.0
1075.0
1078.0
1082.0
1081.0
8.0
8.0
8.0
8.0
9.0
8.0
8.0
8.0
8.0
8.0
8.0
9.0
9.0
8.0
1086.0
1087.0
1086.0
1087.0
1100.0
1097.0
1106.0
1106.0
1100.0
1102.0
1104.0
1103.0
1104.0
1111.0
1089.0
1087.0
1083.0
1084.0
1075.0
1077.0
1079.0
1080.0
1077.0
1087.0
1078.0
1078.0
2.0
1.0
1.0
2.0
1.0
2.0
1.0
1.0
2.0
2.0
1.0
1.0
1.0
1.0
1073.0
582.0
1069.0
575.0
1068.0
578.0
1067.0
578.0
1103.0
577.0
1085.0
579.0
1076.0
587.0
1077.0
589.0
1076.0
587.0
1076.0
587.0
1068.0
578.0
1066.0
571.0
1067.0
570.0
2.0
1.0
1.0
2.0
2.0
1.0
1.0
1.0
2.0
2.0
1.0
1.0
1.0
1.0
580.0
579.0
576.0
577.0
584.0
578.0
578.0
586.0
582.0
573.0
587.0
584.0
585.0
583.0
584.0
586.0
582.0
583.0
580.0
580.0
559.0
550.0
531.0
531.0
521.0
511.0
