1.0
1.0
1.0
1.0
1.0
1.0
1.0
1.0
1.0
1.0
8.0
5.0
8.0
5.0
9.0
5.0
8.0
5.0
561.0
557.0
560.0
556.0
560.0
556.0
560.0
556.0
559.0
557.0
578.0
574.0
577.0
574.0
577.0
575.0
577.0
575.0
579.0
574.0
538.0
535.0
538.0
534.0
539.0
535.0
537.0
535.0
538.0
534.0
560.0
557.0
5.0
5.0
5.0
5.0
5.0
5.0
5.0
5.0
556.0
552.0
557.0
552.0
556.0
553.0
556.0
553.0
535.0
531.0
536.0
531.0
535.0
531.0
535.0
533.0
535.0
531.0
557.0
553.0
556.0
552.0
556.0
553.0
558.0
554.0
557.0
553.0
572.0
569.0
573.0
570.0
5.0
5.0
5.0
5.0
5.0
5.0
5.0
5.0
570.0
570.0
571.0
569.0
569.0
570.0
530.0
530.0
530.0
530.0
530.0
530.0
530.0
530.0
531.0
529.0
565.0
563.0
563.0
563.0
565.0
565.0
567.0
566.0
566.0
567.0
562.0
561.0
564.0
562.0
563.0
567.0
6.0
5.0
6.0
6.0
5.0
6.0
5.0
6.0
564.0
563.0
564.0
564.0
572.0
572.0
573.0
572.0
571.0
571.0
570.0
570.0
570.0
571.0
531.0
530.0
530.0
530.0
530.0
531.0
531.0
532.0
530.0
531.0
552.0
552.0
552.0
552.0
551.0
552.0
552.0
552.0
5.0
5.0
5.0
5.0
5.0
5.0
5.0
5.0
554.0
552.0
530.0
530.0
530.0
530.0
529.0
530.0
530.0
531.0
531.0
530.0
552.0
551.0
552.0
552.0
552.0
552.0
552.0
551.0
553.0
551.0
569.0
570.0
569.0
569.0
569.0
567.0
566.0
567.0
559.0
562.0
9.0
8.0
8.0
9.0
8.0
8.0
9.0
9.0
1.0
1.0
5.0
5.0
4.0
5.0
1.0
1.0
1.0
1.0
1.0
1.0
8.0
9.0
9.0
8.0
8.0
8.0
8.0
8.0
1.0
1.0
4.0
5.0
5.0
5.0
1.0
1.0
1.0
1.0
1.0
1.0
9.0
8.0
8.0
8.0
8.0
8.0
8.0
9.0
1.0
1.0
5.0
4.0
5.0
5.0
1.0
1.0
1.0
1.0
0.0
1.0
8.0
8.0
8.0
8.0
8.0
9.0
9.0
8.0
0.0
1.0
5.0
5.0
5.0
5.0
1.0
1.0
0.0
1.0
0.0
1.0
566.0
562.0
562.0
562.0
561.0
561.0
561.0
562.0
554.0
305.0
573.0
572.0
571.0
571.0
568.0
568.0
569.0
569.0
568.0
320.0
537.0
538.0
538.0
538.0
538.0
538.0
538.0
538.0
531.0
281.0
558.0
558.0
558.0
557.0
553.0
553.0
553.0
553.0
553.0
305.0
537.0
538.0
537.0
537.0
538.0
539.0
538.0
538.0
530.0
282.0
557.0
556.0
556.0
556.0
552.0
552.0
552.0
552.0
552.0
303.0
574.0
574.0
575.0
574.0
575.0
575.0
575.0
574.0
567.0
318.0
534.0
535.0
535.0
534.0
530.0
530.0
531.0
550.0
549.0
282.0
559.0
559.0
559.0
559.0
558.0
559.0
559.0
559.0
530.0
282.0
534.0
534.0
534.0
534.0
530.0
531.0
531.0
531.0
531.0
282.0
559.0
559.0
559.0
559.0
559.0
559.0
560.0
559.0
552.0
303.0
572.0
572.0
572.0
572.0
568.0
568.0
568.0
568.0
568.0
319.0
538.0
537.0
538.0
537.0
538.0
537.0
538.0
538.0
530.0
282.0
557.0
555.0
556.0
555.0
552.0
552.0
552.0
552.0
552.0
303.0
538.0
538.0
537.0
537.0
558.0
558.0
559.0
558.0
551.0
282.0
555.0
555.0
556.0
556.0
552.0
567.0
567.0
567.0
567.0
282.0
575.0
575.0
575.0
574.0
574.0
574.0
537.0
538.0
531.0
281.0
535.0
534.0
534.0
534.0
530.0
531.0
530.0
550.0
551.0
281.0
558.0
558.0
558.0
559.0
559.0
558.0
558.0
558.0
531.0
282.0
535.0
534.0
534.0
534.0
530.0
530.0
550.0
548.0
549.0
282.0
595.0
597.0
597.0
596.0
597.0
596.0
596.0
578.0
570.0
284.0
572.0
533.0
534.0
534.0
531.0
530.0
530.0
530.0
530.0
282.0
538.0
538.0
572.0
571.0
572.0
573.0
578.0
573.0
566.0
282.0
577.0
580.0
577.0
547.0
541.0
539.0
539.0
539.0
539.0
302.0
539.0
539.0
539.0
582.0
560.0
560.0
560.0
560.0
553.0
283.0
556.0
557.0
556.0
557.0
595.0
571.0
570.0
570.0
569.0
283.0
575.0
576.0
575.0
576.0
576.0
559.0
538.0
538.0
531.0
282.0
556.0
557.0
557.0
557.0
554.0
553.0
573.0
554.0
555.0
302.0
541.0
540.0
540.0
539.0
539.0
540.0
539.0
563.0
531.0
282.0
557.0
558.0
557.0
558.0
554.0
554.0
554.0
554.0
577.0
305.0
577.0
577.0
576.0
577.0
576.0
576.0
577.0
576.0
569.0
333.0
561.0
535.0
534.0
535.0
530.0
530.0
531.0
530.0
531.0
282.0
5.0
5.0
5.0
4.0
1.0
1.0
1.0
1.0
1.0
1.0
5.0
4.0
1.0
1.0
1.0
1.0
1.0
1.0
0.0
0.0
5.0
5.0
5.0
5.0
1.0
0.0
1.0
1.0
1.0
1.0
5.0
5.0
0.0
1.0
1.0
1.0
1.0
1.0
1.0
1.0
4.0
5.0
5.0
5.0
1.0
1.0
0.0
1.0
1.0
1.0
5.0
5.0
1.0
0.0
1.0
1.0
1.0
1.0
1.0
1.0
4.0
5.0
5.0
5.0
1.0
1.0
1.0
0.0
1.0
1.0
5.0
5.0
1.0
1.0
0.0
1.0
1.0
1.0
1.0
1.0
557.0
582.0
556.0
558.0
554.0
553.0
553.0
553.0
553.0
282.0
562.0
540.0
541.0
537.0
537.0
536.0
536.0
537.0
535.0
288.0
555.0
555.0
556.0
557.0
553.0
552.0
553.0
553.0
553.0
302.0
574.0
575.0
571.0
571.0
570.0
569.0
570.0
569.0
570.0
321.0
534.0
534.0
535.0
534.0
530.0
530.0
531.0
531.0
530.0
282.0
558.0
557.0
553.0
553.0
553.0
553.0
554.0
553.0
554.0
305.0
536.0
535.0
535.0
535.0
531.0
531.0
532.0
532.0
532.0
283.0
557.0
556.0
553.0
553.0
553.0
553.0
553.0
552.0
552.0
304.0
572.0
572.0
573.0
573.0
568.0
568.0
569.0
569.0
569.0
321.0
534.0
535.0
531.0
531.0
531.0
531.0
531.0
530.0
531.0
283.0
556.0
556.0
557.0
556.0
554.0
552.0
553.0
553.0
553.0
304.0
536.0
536.0
531.0
531.0
532.0
531.0
532.0
531.0
532.0
283.0
555.0
554.0
555.0
556.0
551.0
551.0
551.0
551.0
551.0
303.0
574.0
574.0
571.0
570.0
572.0
570.0
570.0
570.0
571.0
322.0
535.0
534.0
534.0
534.0
532.0
537.0
532.0
531.0
532.0
283.0
557.0
557.0
553.0
553.0
553.0
552.0
552.0
555.0
562.0
304.0
535.0
536.0
535.0
536.0
531.0
532.0
532.0
552.0
556.0
282.0
558.0
558.0
554.0
553.0
553.0
554.0
553.0
596.0
575.0
287.0
594.0
580.0
580.0
580.0
577.0
577.0
576.0
577.0
538.0
286.0
570.0
566.0
562.0
561.0
561.0
565.0
568.0
567.0
561.0
308.0
558.0
558.0
559.0
558.0
554.0
555.0
554.0
555.0
555.0
304.0
537.0
540.0
535.0
554.0
552.0
554.0
553.0
552.0
554.0
282.0
559.0
560.0
555.0
555.0
534.0
578.0
572.0
572.0
572.0
283.0
574.0
574.0
570.0
571.0
569.0
570.0
530.0
530.0
530.0
282.0
535.0
535.0
535.0
535.0
548.0
551.0
552.0
552.0
552.0
283.0
555.0
555.0
552.0
551.0
551.0
532.0
530.0
530.0
530.0
282.0
536.0
536.0
536.0
536.0
533.0
533.0
554.0
554.0
554.0
284.0
556.0
556.0
552.0
553.0
552.0
552.0
552.0
570.0
570.0
283.0
574.0
574.0
574.0
574.0
570.0
570.0
570.0
570.0
530.0
282.0
535.0
552.0
547.0
546.0
546.0
547.0
550.0
549.0
551.0
283.0
557.0
558.0
539.0
539.0
535.0
534.0
534.0
533.0
534.0
284.0
535.0
552.0
552.0
553.0
553.0
552.0
552.0
552.0
552.0
282.0
5.0
4.0
1.0
1.0
1.0
1.0
1.0
0.0
1.0
1.0
1.0
1.0
1.0
1.0
1.0
1.0
0.0
1.0
1.0
1.0
5.0
4.0
1.0
1.0
1.0
1.0
1.0
1.0
1.0
1.0
0.0
1.0
1.0
1.0
1.0
1.0
1.0
0.0
1.0
1.0
5.0
5.0
1.0
1.0
1.0
1.0
0.0
1.0
1.0
1.0
1.0
0.0
1.0
1.0
1.0
1.0
1.0
1.0
1.0
1.0
4.0
5.0
1.0
1.0
1.0
0.0
1.0
0.0
1.0
1.0
1.0
1.0
1.0
1.0
1.0
1.0
0.0
1.0
1.0
1.0
557.0
557.0
574.0
570.0
571.0
571.0
572.0
571.0
572.0
282.0
570.0
571.0
571.0
531.0
532.0
532.0
531.0
530.0
531.0
282.0
535.0
535.0
549.0
552.0
552.0
552.0
552.0
553.0
552.0
282.0
552.0
552.0
551.0
531.0
530.0
530.0
530.0
530.0
530.0
282.0
552.0
556.0
594.0
551.0
551.0
551.0
551.0
552.0
552.0
301.0
575.0
575.0
574.0
575.0
576.0
575.0
575.0
575.0
573.0
326.0
535.0
534.0
531.0
531.0
530.0
530.0
531.0
530.0
530.0
282.0
552.0
552.0
551.0
552.0
552.0
552.0
551.0
552.0
552.0
304.0
535.0
535.0
531.0
531.0
531.0
531.0
531.0
531.0
530.0
282.0
550.0
551.0
552.0
551.0
551.0
551.0
551.0
551.0
551.0
301.0
577.0
576.0
572.0
571.0
573.0
571.0
572.0
572.0
572.0
324.0
532.0
532.0
532.0
532.0
533.0
532.0
531.0
532.0
532.0
283.0
556.0
556.0
552.0
552.0
552.0
552.0
552.0
553.0
553.0
304.0
531.0
531.0
531.0
530.0
530.0
530.0
530.0
531.0
530.0
282.0
556.0
555.0
551.0
551.0
551.0
551.0
551.0
552.0
551.0
303.0
578.0
576.0
582.0
579.0
583.0
584.0
584.0
596.0
596.0
329.0
555.0
554.0
550.0
550.0
548.0
544.0
542.0
542.0
532.0
282.0
553.0
551.0
551.0
551.0
553.0
553.0
553.0
553.0
553.0
304.0
534.0
535.0
530.0
531.0
531.0
531.0
531.0
531.0
531.0
282.0
552.0
549.0
552.0
552.0
551.0
551.0
551.0
551.0
551.0
305.0
574.0
575.0
571.0
571.0
570.0
571.0
571.0
571.0
571.0
322.0
530.0
531.0
530.0
531.0
530.0
530.0
530.0
530.0
529.0
281.0
560.0
559.0
554.0
555.0
556.0
556.0
556.0
556.0
556.0
306.0
532.0
532.0
532.0
532.0
531.0
530.0
530.0
531.0
531.0
282.0
557.0
557.0
553.0
553.0
553.0
553.0
552.0
592.0
592.0
304.0
570.0
570.0
570.0
570.0
570.0
570.0
570.0
570.0
530.0
282.0
534.0
534.0
530.0
531.0
530.0
530.0
530.0
531.0
550.0
283.0
551.0
552.0
552.0
552.0
552.0
553.0
552.0
552.0
552.0
283.0
536.0
536.0
531.0
531.0
532.0
531.0
531.0
531.0
531.0
282.0
553.0
551.0
551.0
552.0
551.0
551.0
552.0
553.0
552.0
304.0
577.0
575.0
570.0
570.0
571.0
571.0
571.0
571.0
570.0
322.0
530.0
531.0
535.0
530.0
549.0
548.0
548.0
551.0
551.0
282.0
5.0
5.0
1.0
0.0
0.0
1.0
1.0
1.0
1.0
1.0
1.0
1.0
0.0
1.0
1.0
1.0
1.0
1.0
1.0
0.0
5.0
5.0
1.0
1.0
1.0
1.0
1.0
1.0
1.0
1.0
0.0
1.0
1.0
1.0
1.0
1.0
1.0
0.0
1.0
1.0
5.0
5.0
1.0
1.0
0.0
1.0
0.0
1.0
1.0
1.0
1.0
0.0
1.0
1.0
1.0
1.0
1.0
1.0
1.0
1.0
4.0
4.0
1.0
1.0
0.0
1.0
1.0
1.0
1.0
1.0
1.0
1.0
1.0
1.0
1.0
1.0
1.0
1.0
1.0
1.0
556.0
562.0
552.0
552.0
552.0
533.0
532.0
531.0
531.0
283.0
531.0
530.0
530.0
531.0
535.0
548.0
553.0
283.0
282.0
283.0
558.0
558.0
553.0
554.0
554.0
555.0
556.0
563.0
573.0
284.0
574.0
575.0
574.0
574.0
574.0
574.0
574.0
325.0
331.0
286.0
536.0
535.0
532.0
532.0
532.0
531.0
532.0
532.0
553.0
282.0
553.0
553.0
553.0
552.0
553.0
553.0
553.0
304.0
303.0
283.0
538.0
538.0
534.0
535.0
535.0
535.0
535.0
550.0
553.0
286.0
550.0
551.0
551.0
550.0
550.0
551.0
551.0
301.0
283.0
282.0
577.0
575.0
572.0
571.0
572.0
572.0
571.0
571.0
572.0
324.0
531.0
530.0
531.0
530.0
530.0
531.0
530.0
283.0
282.0
282.0
556.0
556.0
552.0
551.0
552.0
552.0
552.0
552.0
552.0
304.0
531.0
530.0
531.0
530.0
531.0
531.0
530.0
282.0
283.0
282.0
556.0
555.0
552.0
552.0
554.0
555.0
556.0
561.0
565.0
304.0
582.0
586.0
585.0
584.0
585.0
586.0
579.0
332.0
325.0
322.0
535.0
535.0
530.0
531.0
531.0
531.0
531.0
531.0
530.0
282.0
553.0
553.0
553.0
553.0
553.0
552.0
553.0
304.0
304.0
304.0
535.0
534.0
530.0
530.0
531.0
530.0
531.0
530.0
531.0
282.0
551.0
551.0
552.0
552.0
552.0
552.0
551.0
303.0
303.0
303.0
574.0
574.0
570.0
570.0
570.0
569.0
569.0
569.0
570.0
322.0
530.0
530.0
530.0
529.0
531.0
530.0
530.0
282.0
283.0
282.0
556.0
555.0
551.0
552.0
551.0
552.0
552.0
551.0
552.0
304.0
530.0
530.0
531.0
531.0
530.0
530.0
530.0
282.0
282.0
282.0
554.0
554.0
550.0
549.0
550.0
550.0
550.0
551.0
550.0
302.0
569.0
569.0
568.0
569.0
569.0
569.0
569.0
282.0
281.0
320.0
574.0
574.0
531.0
531.0
531.0
530.0
530.0
530.0
530.0
282.0
552.0
552.0
553.0
552.0
552.0
553.0
553.0
282.0
282.0
303.0
557.0
556.0
532.0
531.0
531.0
530.0
530.0
530.0
530.0
282.0
546.0
549.0
550.0
551.0
551.0
552.0
552.0
282.0
282.0
301.0
555.0
594.0
571.0
571.0
571.0
570.0
569.0
570.0
569.0
282.0
569.0
569.0
530.0
530.0
530.0
529.0
530.0
281.0
281.0
282.0
534.0
534.0
530.0
530.0
551.0
552.0
551.0
552.0
551.0
282.0
551.0
552.0
551.0
552.0
551.0
530.0
530.0
282.0
282.0
282.0
1.0
1.0
1.0
1.0
1.0
1.0
1.0
1.0
0.0
1.0
1.0
0.0
1.0
1.0
1.0
1.0
1.0
1.0
1.0
1.0
1.0
1.0
0.0
1.0
1.0
1.0
0.0
1.0
1.0
1.0
0.0
1.0
1.0
1.0
1.0
1.0
1.0
1.0
1.0
1.0
1.0
1.0
1.0
1.0
0.0
1.0
1.0
1.0
0.0
0.0
1.0
1.0
1.0
0.0
0.0
1.0
1.0
1.0
1.0
1.0
1.0
1.0
1.0
0.0
1.0
1.0
1.0
1.0
1.0
1.0
1.0
1.0
0.0
1.0
1.0
1.0
0.0
0.0
0.0
1.0
531.0
530.0
530.0
531.0
551.0
551.0
551.0
551.0
551.0
282.0
551.0
550.0
550.0
550.0
590.0
570.0
282.0
282.0
282.0
281.0
569.0
570.0
570.0
569.0
570.0
570.0
570.0
571.0
530.0
282.0
530.0
531.0
530.0
531.0
531.0
551.0
282.0
282.0
282.0
282.0
551.0
552.0
552.0
552.0
552.0
551.0
552.0
551.0
551.0
282.0
530.0
530.0
530.0
530.0
530.0
530.0
282.0
283.0
282.0
282.0
551.0
551.0
551.0
551.0
552.0
551.0
551.0
552.0
552.0
303.0
570.0
570.0
570.0
569.0
569.0
569.0
321.0
322.0
322.0
321.0
531.0
530.0
531.0
530.0
531.0
530.0
531.0
530.0
531.0
283.0
552.0
552.0
552.0
552.0
552.0
552.0
303.0
305.0
304.0
303.0
530.0
530.0
529.0
531.0
530.0
531.0
531.0
530.0
530.0
282.0
574.0
575.0
575.0
585.0
578.0
575.0
323.0
319.0
322.0
320.0
577.0
577.0
576.0
577.0
573.0
572.0
573.0
597.0
573.0
322.0
532.0
532.0
533.0
533.0
532.0
531.0
283.0
282.0
297.0
282.0
548.0
549.0
576.0
551.0
552.0
551.0
551.0
551.0
551.0
298.0
532.0
532.0
531.0
557.0
531.0
530.0
282.0
283.0
282.0
281.0
548.0
550.0
551.0
550.0
552.0
552.0
552.0
552.0
578.0
282.0
592.0
572.0
572.0
572.0
572.0
571.0
283.0
283.0
282.0
328.0
570.0
571.0
571.0
532.0
536.0
530.0
531.0
532.0
532.0
282.0
534.0
533.0
534.0
553.0
554.0
560.0
284.0
283.0
284.0
284.0
552.0
553.0
552.0
553.0
552.0
552.0
552.0
531.0
531.0
286.0
541.0
531.0
531.0
531.0
530.0
531.0
282.0
282.0
282.0
282.0
553.0
554.0
553.0
554.0
554.0
565.0
554.0
554.0
553.0
305.0
567.0
571.0
570.0
571.0
570.0
570.0
322.0
321.0
322.0
324.0
531.0
532.0
531.0
556.0
532.0
531.0
532.0
532.0
533.0
283.0
557.0
558.0
558.0
558.0
583.0
558.0
308.0
308.0
308.0
307.0
533.0
534.0
533.0
532.0
532.0
532.0
532.0
532.0
532.0
296.0
554.0
575.0
556.0
556.0
557.0
557.0
304.0
304.0
305.0
306.0
577.0
578.0
578.0
576.0
575.0
575.0
575.0
575.0
574.0
324.0
532.0
530.0
531.0
530.0
530.0
531.0
282.0
282.0
282.0
282.0
551.0
552.0
551.0
551.0
551.0
552.0
551.0
551.0
551.0
300.0
525.0
523.0
519.0
506.0
496.0
489.0
283.0
284.0
283.0
277.0
