9.0
10.0
9.0
8.0
8.0
8.0
9.0
5.0
8.0
6.0
19.0
19.0
19.0
18.0
18.0
19.0
19.0
18.0
18.0
19.0
19.0
19.0
19.0
19.0
19.0
18.0
19.0
18.0
18.0
18.0
407.0
404.0
410.0
407.0
409.0
283.0
399.0
399.0
404.0
286.0
227.0
227.0
231.0
227.0
403.0
404.0
410.0
410.0
318.0
316.0
228.0
227.0
227.0
227.0
228.0
229.0
227.0
227.0
405.0
393.0
246.0
297.0
227.0
231.0
227.0
229.0
228.0
228.0
227.0
227.0
227.0
227.0
227.0
226.0
225.0
227.0
226.0
401.0
226.0
227.0
226.0
226.0
226.0
226.0
226.0
226.0
226.0
227.0
225.0
226.0
3800.0
3796.0
3784.0
3812.0
3794.0
3788.0
3793.0
3782.0
3820.0
3815.0
3822.0
3818.0
3823.0
3816.0
3826.0
3815.0
12.0
11.0
11.0
10.0
10.0
12.0
46.0
11.0
11.0
11.0
11.0
11.0
11.0
11.0
11.0
11.0
11.0
11.0
11.0
11.0
227.0
225.0
225.0
226.0
226.0
226.0
226.0
226.0
226.0
226.0
226.0
226.0
447.0
271.0
226.0
403.0
226.0
227.0
402.0
226.0
226.0
226.0
227.0
226.0
226.0
227.0
226.0
226.0
226.0
225.0
226.0
226.0
226.0
227.0
225.0
226.0
401.0
226.0
226.0
226.0
227.0
226.0
226.0
226.0
226.0
225.0
225.0
226.0
226.0
226.0
227.0
226.0
226.0
402.0
226.0
226.0
226.0
226.0
226.0
226.0
3794.0
3788.0
3798.0
3793.0
3813.0
3790.0
3786.0
3795.0
6318.0
3825.0
3821.0
3818.0
3813.0
3819.0
3825.0
3821.0
3810.0
18.0
18.0
18.0
18.0
18.0
18.0
18.0
17.0
17.0
10.0
11.0
18.0
18.0
18.0
18.0
19.0
19.0
17.0
17.0
18.0
276.0
458.0
455.0
451.0
455.0
452.0
451.0
457.0
451.0
451.0
226.0
255.0
401.0
401.0
401.0
342.0
407.0
407.0
406.0
406.0
226.0
226.0
225.0
226.0
401.0
402.0
401.0
406.0
406.0
405.0
404.0
226.0
225.0
225.0
225.0
227.0
226.0
402.0
401.0
401.0
406.0
406.0
406.0
405.0
225.0
227.0
225.0
226.0
226.0
401.0
401.0
402.0
406.0
406.0
406.0
407.0
225.0
225.0
226.0
225.0
6762.0
3806.0
3786.0
6923.0
6864.0
6932.0
6878.0
3797.0
3788.0
3793.0
3794.0
6757.0
6763.0
4704.0
17.0
17.0
17.0
16.0
17.0
17.0
17.0
17.0
17.0
17.0
17.0
17.0
16.0
17.0
17.0
18.0
17.0
17.0
16.0
17.0
403.0
404.0
401.0
404.0
403.0
403.0
226.0
225.0
225.0
226.0
226.0
403.0
404.0
403.0
225.0
227.0
226.0
225.0
404.0
403.0
403.0
226.0
225.0
225.0
226.0
226.0
275.0
452.0
452.0
450.0
280.0
280.0
308.0
230.0
245.0
403.0
404.0
402.0
402.0
396.0
229.0
227.0
403.0
401.0
403.0
402.0
401.0
225.0
404.0
401.0
403.0
226.0
402.0
400.0
225.0
404.0
404.0
403.0
402.0
226.0
3796.0
5285.0
6880.0
5673.0
6851.0
3794.0
6765.0
6755.0
6774.0
3801.0
3799.0
3790.0
3791.0
6856.0
6751.0
3790.0
3791.0
10.0
10.0
10.0
10.0
10.0
11.0
10.0
10.0
10.0
10.0
11.0
10.0
10.0
10.0
10.0
65.0
11.0
10.0
10.0
10.0
227.0
225.0
400.0
400.0
225.0
402.0
226.0
225.0
225.0
400.0
401.0
401.0
225.0
226.0
225.0
401.0
401.0
225.0
401.0
225.0
225.0
227.0
400.0
401.0
400.0
226.0
225.0
224.0
400.0
225.0
401.0
402.0
225.0
225.0
225.0
225.0
226.0
401.0
400.0
226.0
401.0
226.0
226.0
225.0
400.0
225.0
226.0
400.0
400.0
225.0
225.0
225.0
226.0
226.0
460.0
461.0
283.0
286.0
460.0
285.0
3867.0
3800.0
3824.0
3819.0
6705.0
6776.0
6750.0
6651.0
3790.0
6798.0
3795.0
3792.0
3797.0
3806.0
3793.0
6804.0
6783.0
6793.0
3785.0
11.0
10.0
10.0
10.0
10.0
11.0
10.0
10.0
10.0
10.0
10.0
10.0
10.0
10.0
10.0
11.0
11.0
10.0
10.0
10.0
226.0
226.0
226.0
403.0
225.0
225.0
226.0
225.0
226.0
226.0
405.0
226.0
226.0
226.0
226.0
226.0
225.0
226.0
403.0
225.0
227.0
226.0
225.0
226.0
226.0
401.0
226.0
226.0
226.0
226.0
228.0
226.0
226.0
404.0
227.0
226.0
226.0
226.0
226.0
227.0
226.0
448.0
268.0
269.0
268.0
268.0
226.0
226.0
226.0
226.0
403.0
226.0
227.0
225.0
226.0
227.0
226.0
226.0
225.0
404.0
3829.0
3828.0
3823.0
3816.0
3825.0
6720.0
6712.0
6703.0
6791.0
3808.0
3806.0
3801.0
3821.0
3821.0
3784.0
3782.0
3789.0
11.0
10.0
10.0
10.0
9.0
10.0
10.0
10.0
10.0
10.0
10.0
11.0
10.0
10.0
10.0
11.0
10.0
10.0
10.0
11.0
226.0
226.0
225.0
226.0
225.0
226.0
226.0
226.0
225.0
226.0
226.0
226.0
226.0
226.0
442.0
268.0
448.0
442.0
267.0
226.0
226.0
402.0
405.0
225.0
403.0
402.0
226.0
226.0
402.0
403.0
226.0
405.0
402.0
226.0
226.0
226.0
403.0
406.0
225.0
403.0
408.0
226.0
227.0
403.0
226.0
407.0
403.0
412.0
226.0
227.0
227.0
227.0
226.0
227.0
403.0
406.0
227.0
403.0
412.0
227.0
3807.0
5795.0
3814.0
3812.0
6849.0
6866.0
4663.0
4335.0
3849.0
3861.0
3868.0
3857.0
3868.0
3794.0
3809.0
4811.0
6767.0
17.0
18.0
14.0
15.0
6.0
18.0
17.0
15.0
14.0
6.0
18.0
17.0
15.0
14.0
6.0
18.0
17.0
15.0
14.0
6.0
403.0
226.0
224.0
420.0
272.0
329.0
284.0
225.0
398.0
223.0
235.0
226.0
241.0
232.0
221.0
228.0
243.0
399.0
243.0
222.0
226.0
227.0
227.0
226.0
242.0
228.0
228.0
400.0
226.0
224.0
227.0
234.0
226.0
225.0
222.0
226.0
235.0
226.0
400.0
220.0
227.0
231.0
225.0
225.0
223.0
227.0
227.0
400.0
229.0
221.0
227.0
227.0
225.0
225.0
224.0
227.0
227.0
225.0
225.0
220.0
3829.0
3792.0
3800.0
3797.0
3801.0
3800.0
3798.0
6801.0
6714.0
3853.0
3865.0
3880.0
3860.0
3857.0
3854.0
3852.0
6127.0
3850.0
3835.0
10.0
9.0
4.0
3.0
4.0
11.0
10.0
3.0
4.0
3.0
11.0
9.0
4.0
4.0
4.0
10.0
9.0
4.0
4.0
4.0
225.0
226.0
220.0
219.0
220.0
225.0
226.0
220.0
220.0
221.0
228.0
224.0
219.0
220.0
221.0
228.0
225.0
221.0
221.0
220.0
227.0
230.0
221.0
220.0
222.0
226.0
227.0
219.0
221.0
391.0
227.0
226.0
220.0
221.0
226.0
227.0
225.0
221.0
219.0
220.0
402.0
225.0
219.0
220.0
220.0
228.0
226.0
220.0
219.0
219.0
229.0
401.0
220.0
220.0
221.0
226.0
230.0
220.0
471.0
470.0
3906.0
3899.0
3924.0
3934.0
3988.0
4261.0
6787.0
4159.0
3823.0
3805.0
3792.0
3794.0
3791.0
3805.0
3781.0
3798.0
3794.0
3787.0
3828.0
8.0
4.0
4.0
4.0
4.0
7.0
4.0
4.0
4.0
4.0
7.0
4.0
4.0
4.0
4.0
7.0
4.0
4.0
3.0
3.0
222.0
219.0
220.0
220.0
219.0
222.0
220.0
219.0
220.0
219.0
222.0
220.0
220.0
221.0
220.0
224.0
221.0
220.0
221.0
221.0
223.0
220.0
220.0
220.0
221.0
225.0
219.0
222.0
221.0
220.0
225.0
221.0
221.0
222.0
222.0
222.0
221.0
223.0
220.0
221.0
223.0
222.0
221.0
222.0
220.0
226.0
220.0
220.0
219.0
219.0
223.0
220.0
219.0
221.0
219.0
260.0
257.0
257.0
256.0
256.0
3832.0
3864.0
3839.0
3804.0
3801.0
3801.0
3799.0
3801.0
3794.0
3824.0
3797.0
3801.0
3822.0
3805.0
3821.0
3811.0
6054.0
3804.0
4.0
5.0
4.0
4.0
3.0
4.0
4.0
4.0
4.0
4.0
4.0
4.0
4.0
4.0
4.0
4.0
4.0
4.0
4.0
3.0
231.0
231.0
386.0
224.0
220.0
391.0
223.0
222.0
222.0
219.0
220.0
219.0
223.0
222.0
391.0
222.0
222.0
220.0
220.0
393.0
220.0
219.0
219.0
219.0
219.0
219.0
220.0
219.0
392.0
220.0
219.0
220.0
219.0
219.0
392.0
220.0
220.0
220.0
220.0
220.0
220.0
220.0
220.0
392.0
220.0
219.0
219.0
392.0
219.0
219.0
219.0
219.0
219.0
220.0
220.0
219.0
220.0
219.0
429.0
257.0
3865.0
3861.0
3889.0
6826.0
3876.0
3866.0
3868.0
3840.0
6768.0
6843.0
3788.0
3795.0
3797.0
3796.0
3797.0
3798.0
3810.0
6603.0
3795.0
4.0
4.0
4.0
3.0
4.0
4.0
4.0
4.0
4.0
4.0
4.0
4.0
4.0
4.0
4.0
4.0
4.0
3.0
4.0
3.0
4.0
4.0
4.0
4.0
4.0
4.0
4.0
4.0
4.0
4.0
4.0
4.0
3.0
4.0
4.0
3.0
3.0
4.0
4.0
3.0
3.0
4.0
4.0
4.0
4.0
4.0
4.0
4.0
5.0
4.0
4.0
4.0
4.0
4.0
3.0
4.0
4.0
3.0
4.0
4.0
4.0
4.0
3.0
4.0
4.0
4.0
4.0
4.0
4.0
4.0
4.0
4.0
4.0
4.0
3.0
4.0
4.0
4.0
4.0
4.0
3598.0
3597.0
3587.0
6449.0
3589.0
3593.0
3598.0
3590.0
3583.0
4850.0
4841.0
3597.0
3591.0
3583.0
3622.0
6430.0
3576.0
3566.0
3559.0
10.0
10.0
10.0
10.0
10.0
10.0
10.0
10.0
10.0
10.0
10.0
10.0
10.0
10.0
10.0
10.0
10.0
9.0
10.0
10.0
225.0
226.0
226.0
225.0
225.0
226.0
226.0
226.0
225.0
226.0
404.0
404.0
225.0
225.0
225.0
226.0
403.0
405.0
225.0
226.0
225.0
225.0
452.0
452.0
273.0
273.0
227.0
226.0
226.0
403.0
404.0
226.0
225.0
225.0
227.0
226.0
226.0
403.0
404.0
226.0
226.0
226.0
226.0
404.0
404.0
226.0
226.0
226.0
225.0
226.0
226.0
226.0
225.0
226.0
403.0
406.0
225.0
225.0
225.0
225.0
3814.0
3828.0
3819.0
3815.0
3814.0
3813.0
6888.0
6847.0
6745.0
3804.0
3808.0
3805.0
3807.0
3799.0
3803.0
6788.0
3799.0
11.0
10.0
10.0
10.0
10.0
11.0
10.0
10.0
10.0
10.0
11.0
10.0
10.0
10.0
9.0
10.0
10.0
10.0
10.0
9.0
226.0
225.0
225.0
225.0
224.0
225.0
225.0
226.0
225.0
226.0
388.0
224.0
225.0
224.0
225.0
225.0
267.0
267.0
266.0
268.0
267.0
442.0
444.0
225.0
226.0
226.0
226.0
225.0
404.0
229.0
228.0
227.0
225.0
225.0
403.0
227.0
227.0
227.0
226.0
227.0
403.0
235.0
241.0
237.0
237.0
240.0
403.0
227.0
228.0
225.0
229.0
228.0
401.0
402.0
227.0
226.0
225.0
225.0
225.0
226.0
3795.0
3802.0
3791.0
3786.0
6880.0
3790.0
3788.0
3785.0
3784.0
3793.0
3780.0
3790.0
3786.0
3825.0
3777.0
6961.0
10.0
10.0
11.0
11.0
10.0
11.0
10.0
10.0
10.0
10.0
10.0
10.0
10.0
10.0
10.0
10.0
10.0
10.0
10.0
10.0
226.0
225.0
225.0
225.0
225.0
225.0
225.0
226.0
226.0
225.0
226.0
226.0
226.0
225.0
226.0
226.0
225.0
225.0
225.0
266.0
267.0
266.0
267.0
266.0
225.0
225.0
225.0
225.0
226.0
225.0
226.0
225.0
225.0
225.0
225.0
226.0
225.0
225.0
225.0
225.0
225.0
225.0
225.0
226.0
225.0
226.0
226.0
225.0
226.0
225.0
225.0
225.0
225.0
224.0
226.0
226.0
225.0
226.0
225.0
226.0
3784.0
3786.0
3806.0
3786.0
3782.0
3789.0
3813.0
3800.0
3811.0
3811.0
3798.0
3813.0
3806.0
3793.0
6819.0
3770.0
11.0
10.0
10.0
11.0
10.0
10.0
11.0
10.0
10.0
10.0
10.0
10.0
10.0
10.0
10.0
11.0
10.0
10.0
10.0
9.0
226.0
226.0
227.0
226.0
225.0
226.0
229.0
225.0
225.0
225.0
226.0
226.0
238.0
225.0
226.0
226.0
225.0
225.0
225.0
225.0
226.0
225.0
225.0
226.0
264.0
264.0
263.0
262.0
263.0
263.0
226.0
225.0
226.0
225.0
225.0
225.0
225.0
225.0
225.0
226.0
226.0
226.0
225.0
225.0
225.0
225.0
225.0
226.0
225.0
226.0
225.0
225.0
226.0
225.0
226.0
226.0
225.0
225.0
225.0
226.0
3801.0
3805.0
3802.0
3802.0
3801.0
3784.0
6833.0
3786.0
3798.0
3809.0
3794.0
3795.0
3793.0
3787.0
3817.0
3802.0
3800.0
10.0
10.0
10.0
10.0
10.0
11.0
10.0
10.0
10.0
10.0
10.0
10.0
10.0
10.0
10.0
17.0
10.0
10.0
9.0
10.0
225.0
226.0
225.0
400.0
10.0
225.0
225.0
225.0
225.0
9.0
226.0
403.0
226.0
225.0
9.0
226.0
225.0
225.0
225.0
10.0
226.0
225.0
442.0
225.0
10.0
226.0
226.0
226.0
263.0
10.0
264.0
263.0
263.0
225.0
16.0
404.0
226.0
226.0
226.0
9.0
226.0
225.0
240.0
237.0
10.0
240.0
237.0
238.0
400.0
9.0
225.0
226.0
226.0
229.0
10.0
226.0
404.0
225.0
225.0
10.0
3792.0
3813.0
3794.0
3793.0
3760.0
6821.0
3804.0
3798.0
3576.0
3796.0
3811.0
3795.0
3811.0
6429.0
6436.0
3793.0
6786.0
3781.0
3568.0
11.0
8.0
4.0
4.0
4.0
10.0
8.0
4.0
4.0
4.0
10.0
8.0
4.0
4.0
4.0
10.0
9.0
5.0
4.0
4.0
226.0
226.0
220.0
393.0
4.0
226.0
225.0
220.0
221.0
4.0
226.0
224.0
390.0
219.0
4.0
226.0
224.0
219.0
219.0
4.0
226.0
401.0
219.0
219.0
4.0
226.0
224.0
435.0
220.0
3.0
267.0
267.0
262.0
261.0
4.0
226.0
224.0
392.0
219.0
4.0
226.0
224.0
219.0
219.0
4.0
225.0
224.0
220.0
392.0
4.0
225.0
224.0
219.0
219.0
4.0
226.0
224.0
219.0
392.0
4.0
3806.0
3788.0
3783.0
3778.0
6496.0
6792.0
3791.0
3787.0
6957.0
6413.0
3804.0
3827.0
3796.0
3801.0
3569.0
3791.0
6775.0
3779.0
3560.0
9.0
4.0
4.0
4.0
4.0
9.0
4.0
3.0
3.0
4.0
10.0
4.0
4.0
4.0
4.0
9.0
4.0
3.0
3.0
4.0
225.0
219.0
219.0
219.0
4.0
224.0
220.0
220.0
220.0
4.0
225.0
391.0
219.0
219.0
4.0
225.0
220.0
219.0
219.0
4.0
225.0
394.0
219.0
219.0
4.0
224.0
219.0
221.0
220.0
4.0
225.0
438.0
219.0
219.0
3.0
273.0
266.0
266.0
266.0
3.0
224.0
219.0
392.0
220.0
3.0
225.0
219.0
219.0
219.0
4.0
225.0
393.0
219.0
219.0
6.0
401.0
218.0
221.0
220.0
4.0
3786.0
3777.0
3777.0
6499.0
3786.0
3779.0
3782.0
3561.0
6784.0
3779.0
3781.0
3790.0
3575.0
3800.0
6794.0
6788.0
3792.0
3574.0
4.0
4.0
4.0
4.0
4.0
4.0
3.0
3.0
4.0
4.0
4.0
4.0
4.0
4.0
3.0
4.0
3.0
4.0
4.0
4.0
221.0
220.0
219.0
219.0
4.0
219.0
221.0
219.0
220.0
3.0
220.0
220.0
219.0
220.0
4.0
219.0
226.0
235.0
234.0
4.0
231.0
232.0
219.0
225.0
4.0
230.0
220.0
219.0
224.0
4.0
228.0
219.0
219.0
220.0
4.0
228.0
261.0
260.0
263.0
4.0
267.0
219.0
221.0
224.0
4.0
228.0
221.0
393.0
220.0
4.0
223.0
228.0
220.0
220.0
3.0
220.0
225.0
394.0
219.0
5.0
3794.0
3812.0
3803.0
4119.0
5003.0
3796.0
3790.0
3931.0
6395.0
3778.0
3779.0
3778.0
3777.0
6346.0
3778.0
3792.0
3764.0
6842.0
3553.0
4.0
4.0
4.0
4.0
3.0
3.0
3.0
4.0
4.0
4.0
4.0
4.0
4.0
3.0
3.0
4.0
4.0
4.0
4.0
4.0
220.0
220.0
219.0
218.0
4.0
219.0
219.0
219.0
219.0
4.0
219.0
219.0
220.0
219.0
3.0
220.0
219.0
218.0
219.0
3.0
219.0
220.0
219.0
220.0
4.0
219.0
219.0
219.0
220.0
4.0
219.0
219.0
219.0
219.0
4.0
219.0
255.0
256.0
430.0
3.0
256.0
256.0
257.0
219.0
4.0
219.0
219.0
220.0
219.0
3.0
220.0
391.0
220.0
219.0
4.0
220.0
219.0
219.0
219.0
4.0
3790.0
3815.0
3811.0
3584.0
3808.0
3813.0
6746.0
3794.0
6456.0
3777.0
3778.0
3802.0
3782.0
3567.0
3780.0
3795.0
6372.0
4.0
4.0
4.0
4.0
4.0
4.0
4.0
3.0
3.0
4.0
4.0
4.0
4.0
4.0
4.0
4.0
4.0
4.0
4.0
3.0
4.0
3.0
4.0
4.0
3.0
4.0
4.0
4.0
4.0
4.0
4.0
4.0
4.0
3.0
4.0
3.0
4.0
3.0
3.0
4.0
4.0
4.0
4.0
4.0
4.0
4.0
4.0
4.0
4.0
3.0
4.0
4.0
3.0
4.0
4.0
4.0
4.0
4.0
4.0
4.0
4.0
4.0
4.0
4.0
4.0
3.0
4.0
4.0
3.0
3.0
4.0
4.0
3.0
4.0
4.0
4.0
3.0
4.0
4.0
4.0
3597.0
3579.0
3575.0
3576.0
3583.0
3574.0
3569.0
5825.0
3576.0
3570.0
3582.0
3571.0
3579.0
3564.0
3570.0
3815.0
4053.0
3455.0
3521.0
3538.0
