13.0
11.0
11.0
10.0
10.0
11.0
10.0
10.0
11.0
10.0
19.0
17.0
17.0
17.0
16.0
16.0
16.0
16.0
16.0
15.0
19.0
17.0
17.0
16.0
17.0
16.0
15.0
16.0
16.0
16.0
19.0
17.0
17.0
16.0
16.0
15.0
16.0
16.0
16.0
15.0
19.0
16.0
17.0
16.0
16.0
16.0
16.0
15.0
16.0
16.0
19.0
17.0
17.0
16.0
16.0
15.0
15.0
16.0
15.0
16.0
19.0
17.0
17.0
16.0
16.0
15.0
16.0
16.0
15.0
15.0
18.0
17.0
17.0
16.0
17.0
16.0
16.0
16.0
16.0
16.0
19.0
17.0
17.0
16.0
16.0
15.0
15.0
15.0
15.0
16.0
69.0
17.0
17.0
16.0
17.0
16.0
16.0
15.0
15.0
65.0
68.0
66.0
66.0
66.0
66.0
65.0
65.0
65.0
16.0
15.0
19.0
17.0
17.0
16.0
17.0
16.0
16.0
15.0
16.0
15.0
19.0
17.0
17.0
17.0
16.0
15.0
16.0
15.0
16.0
16.0
19.0
17.0
16.0
16.0
17.0
16.0
16.0
16.0
15.0
15.0
19.0
17.0
17.0
17.0
17.0
16.0
16.0
15.0
16.0
16.0
6655.0
6658.0
6643.0
6654.0
6656.0
6654.0
6655.0
6655.0
6698.0
6823.0
6694.0
6682.0
6700.0
6690.0
6697.0
6697.0
6726.0
6730.0
6735.0
6727.0
6731.0
6739.0
6736.0
6835.0
6674.0
6681.0
6681.0
6678.0
6677.0
6682.0
6680.0
6633.0
17.0
16.0
15.0
15.0
15.0
14.0
15.0
14.0
14.0
14.0
17.0
15.0
15.0
15.0
15.0
14.0
14.0
13.0
14.0
14.0
18.0
15.0
15.0
14.0
15.0
14.0
14.0
14.0
14.0
13.0
17.0
15.0
15.0
14.0
14.0
13.0
13.0
13.0
14.0
13.0
17.0
16.0
16.0
14.0
14.0
14.0
14.0
14.0
14.0
13.0
18.0
14.0
14.0
14.0
14.0
13.0
13.0
14.0
14.0
8.0
16.0
14.0
14.0
14.0
14.0
14.0
14.0
13.0
14.0
8.0
16.0
14.0
14.0
14.0
14.0
14.0
14.0
14.0
14.0
8.0
16.0
9.0
8.0
8.0
8.0
8.0
8.0
8.0
8.0
8.0
10.0
9.0
8.0
8.0
8.0
8.0
8.0
8.0
9.0
8.0
17.0
16.0
15.0
15.0
15.0
14.0
14.0
13.0
14.0
14.0
17.0
16.0
15.0
14.0
15.0
14.0
14.0
13.0
14.0
13.0
17.0
16.0
16.0
15.0
14.0
13.0
14.0
13.0
13.0
13.0
17.0
15.0
15.0
14.0
15.0
13.0
13.0
13.0
13.0
13.0
17.0
15.0
15.0
14.0
15.0
14.0
14.0
14.0
14.0
14.0
17.0
14.0
14.0
14.0
14.0
14.0
13.0
13.0
14.0
8.0
17.0
14.0
14.0
14.0
14.0
14.0
14.0
14.0
14.0
8.0
70.0
68.0
68.0
68.0
68.0
68.0
67.0
68.0
68.0
62.0
16.0
8.0
9.0
8.0
8.0
8.0
8.0
8.0
8.0
8.0
9.0
8.0
8.0
8.0
8.0
8.0
8.0
8.0
8.0
8.0
17.0
15.0
15.0
15.0
15.0
14.0
15.0
13.0
14.0
13.0
17.0
15.0
15.0
14.0
15.0
13.0
14.0
14.0
14.0
13.0
16.0
15.0
15.0
14.0
15.0
13.0
14.0
13.0
14.0
13.0
17.0
15.0
16.0
14.0
14.0
14.0
14.0
13.0
14.0
14.0
17.0
15.0
15.0
14.0
14.0
14.0
14.0
13.0
13.0
14.0
17.0
14.0
14.0
14.0
14.0
14.0
14.0
13.0
14.0
8.0
16.0
14.0
14.0
14.0
14.0
14.0
14.0
13.0
13.0
8.0
16.0
14.0
14.0
14.0
14.0
14.0
14.0
14.0
14.0
8.0
16.0
8.0
8.0
8.0
8.0
8.0
8.0
8.0
8.0
8.0
10.0
8.0
8.0
8.0
8.0
8.0
8.0
8.0
9.0
8.0
17.0
15.0
15.0
15.0
15.0
14.0
15.0
13.0
14.0
13.0
17.0
15.0
15.0
14.0
15.0
14.0
14.0
14.0
14.0
13.0
17.0
15.0
15.0
15.0
15.0
13.0
14.0
13.0
14.0
13.0
17.0
15.0
15.0
14.0
14.0
14.0
14.0
14.0
14.0
13.0
17.0
15.0
15.0
14.0
14.0
14.0
13.0
13.0
14.0
14.0
17.0
14.0
14.0
14.0
14.0
13.0
14.0
14.0
14.0
8.0
16.0
14.0
14.0
14.0
14.0
14.0
13.0
13.0
13.0
8.0
16.0
14.0
14.0
14.0
14.0
14.0
14.0
14.0
14.0
8.0
16.0
8.0
9.0
8.0
8.0
8.0
8.0
8.0
9.0
8.0
10.0
8.0
8.0
8.0
8.0
8.0
8.0
8.0
8.0
8.0
18.0
16.0
16.0
15.0
16.0
15.0
15.0
14.0
15.0
14.0
17.0
15.0
16.0
15.0
15.0
14.0
14.0
14.0
14.0
14.0
17.0
15.0
16.0
15.0
15.0
14.0
14.0
14.0
14.0
14.0
17.0
15.0
15.0
14.0
14.0
14.0
13.0
13.0
14.0
13.0
17.0
15.0
16.0
14.0
14.0
13.0
14.0
14.0
13.0
13.0
17.0
15.0
14.0
14.0
14.0
14.0
13.0
13.0
14.0
8.0
17.0
14.0
14.0
14.0
14.0
13.0
14.0
14.0
13.0
8.0
16.0
14.0
14.0
13.0
14.0
13.0
14.0
13.0
14.0
8.0
15.0
9.0
8.0
9.0
9.0
9.0
8.0
8.0
8.0
8.0
10.0
8.0
8.0
8.0
8.0
8.0
8.0
8.0
8.0
8.0
17.0
15.0
15.0
14.0
15.0
14.0
15.0
14.0
13.0
14.0
17.0
15.0
16.0
15.0
14.0
13.0
14.0
13.0
13.0
14.0
17.0
16.0
15.0
14.0
15.0
14.0
14.0
13.0
14.0
13.0
17.0
15.0
15.0
14.0
14.0
13.0
14.0
13.0
14.0
14.0
17.0
15.0
15.0
14.0
14.0
14.0
14.0
14.0
13.0
13.0
17.0
14.0
14.0
14.0
14.0
14.0
14.0
13.0
14.0
8.0
16.0
14.0
14.0
14.0
14.0
14.0
14.0
14.0
14.0
8.0
16.0
14.0
14.0
14.0
14.0
14.0
14.0
14.0
14.0
8.0
16.0
9.0
8.0
8.0
8.0
8.0
8.0
8.0
8.0
8.0
10.0
8.0
8.0
8.0
8.0
8.0
8.0
8.0
8.0
7.0
17.0
15.0
15.0
15.0
15.0
14.0
14.0
14.0
13.0
13.0
17.0
15.0
16.0
14.0
15.0
14.0
14.0
14.0
14.0
14.0
17.0
15.0
15.0
14.0
15.0
13.0
13.0
13.0
14.0
13.0
17.0
16.0
16.0
14.0
14.0
14.0
14.0
14.0
13.0
13.0
17.0
15.0
15.0
14.0
15.0
14.0
13.0
13.0
14.0
14.0
17.0
14.0
14.0
14.0
14.0
13.0
13.0
13.0
13.0
8.0
17.0
14.0
14.0
14.0
14.0
14.0
14.0
13.0
13.0
8.0
16.0
13.0
14.0
14.0
14.0
14.0
14.0
14.0
14.0
8.0
16.0
9.0
8.0
8.0
8.0
8.0
8.0
8.0
8.0
8.0
10.0
8.0
8.0
8.0
8.0
8.0
8.0
8.0
8.0
8.0
17.0
15.0
16.0
15.0
15.0
13.0
14.0
13.0
14.0
13.0
17.0
15.0
15.0
14.0
15.0
14.0
14.0
13.0
14.0
13.0
17.0
15.0
15.0
15.0
15.0
13.0
14.0
13.0
14.0
13.0
17.0
15.0
15.0
14.0
14.0
14.0
14.0
14.0
13.0
13.0
17.0
15.0
15.0
14.0
14.0
14.0
13.0
13.0
14.0
13.0
17.0
14.0
14.0
14.0
14.0
14.0
14.0
14.0
14.0
8.0
16.0
14.0
14.0
14.0
14.0
13.0
14.0
13.0
14.0
8.0
16.0
14.0
14.0
14.0
14.0
14.0
13.0
14.0
13.0
8.0
16.0
8.0
8.0
8.0
8.0
8.0
9.0
8.0
9.0
7.0
10.0
8.0
8.0
8.0
8.0
8.0
9.0
8.0
8.0
7.0
16.0
15.0
16.0
15.0
14.0
13.0
14.0
13.0
14.0
13.0
17.0
15.0
15.0
14.0
15.0
14.0
14.0
13.0
14.0
13.0
17.0
15.0
15.0
15.0
14.0
13.0
13.0
13.0
14.0
14.0
17.0
16.0
16.0
14.0
14.0
14.0
14.0
14.0
14.0
13.0
17.0
15.0
15.0
14.0
14.0
13.0
14.0
13.0
13.0
13.0
17.0
14.0
14.0
14.0
14.0
14.0
14.0
14.0
14.0
8.0
16.0
14.0
14.0
14.0
13.0
13.0
14.0
13.0
14.0
8.0
16.0
14.0
14.0
14.0
14.0
13.0
13.0
13.0
13.0
8.0
16.0
8.0
9.0
9.0
9.0
8.0
9.0
8.0
9.0
7.0
10.0
8.0
9.0
9.0
8.0
8.0
8.0
8.0
8.0
8.0
17.0
15.0
15.0
14.0
14.0
13.0
14.0
13.0
14.0
13.0
17.0
15.0
15.0
14.0
15.0
13.0
14.0
13.0
14.0
13.0
17.0
16.0
16.0
14.0
15.0
14.0
14.0
13.0
14.0
14.0
17.0
15.0
15.0
14.0
14.0
13.0
13.0
13.0
13.0
13.0
39.0
37.0
37.0
36.0
36.0
35.0
36.0
35.0
35.0
35.0
19.0
16.0
16.0
16.0
15.0
15.0
16.0
15.0
15.0
9.0
17.0
14.0
14.0
14.0
15.0
14.0
15.0
13.0
14.0
8.0
16.0
14.0
14.0
13.0
13.0
13.0
13.0
13.0
14.0
8.0
16.0
8.0
9.0
8.0
9.0
9.0
9.0
8.0
9.0
8.0
9.0
8.0
9.0
9.0
8.0
8.0
8.0
8.0
8.0
8.0
17.0
15.0
15.0
14.0
15.0
13.0
14.0
14.0
13.0
13.0
16.0
15.0
15.0
15.0
15.0
13.0
13.0
13.0
14.0
13.0
17.0
15.0
16.0
14.0
15.0
14.0
14.0
14.0
13.0
14.0
17.0
15.0
15.0
14.0
15.0
14.0
13.0
13.0
14.0
13.0
17.0
15.0
16.0
14.0
14.0
13.0
14.0
14.0
13.0
13.0
17.0
14.0
14.0
14.0
14.0
14.0
14.0
13.0
14.0
8.0
16.0
15.0
14.0
14.0
14.0
14.0
14.0
14.0
14.0
8.0
15.0
13.0
13.0
13.0
13.0
14.0
14.0
14.0
14.0
7.0
15.0
9.0
9.0
9.0
9.0
8.0
8.0
8.0
8.0
8.0
10.0
8.0
8.0
8.0
8.0
8.0
8.0
8.0
8.0
8.0
17.0
15.0
15.0
14.0
15.0
14.0
14.0
14.0
13.0
13.0
17.0
15.0
16.0
14.0
14.0
14.0
14.0
14.0
14.0
13.0
17.0
15.0
15.0
14.0
15.0
14.0
14.0
13.0
14.0
13.0
17.0
15.0
15.0
14.0
14.0
13.0
14.0
14.0
14.0
13.0
17.0
15.0
15.0
14.0
14.0
14.0
14.0
14.0
14.0
13.0
17.0
14.0
14.0
14.0
14.0
13.0
13.0
13.0
14.0
8.0
17.0
14.0
14.0
14.0
14.0
14.0
13.0
13.0
14.0
8.0
15.0
14.0
14.0
14.0
14.0
14.0
14.0
14.0
14.0
8.0
16.0
9.0
8.0
8.0
8.0
8.0
8.0
8.0
8.0
8.0
10.0
9.0
8.0
8.0
8.0
8.0
8.0
8.0
8.0
8.0
17.0
15.0
15.0
15.0
15.0
13.0
14.0
13.0
14.0
13.0
17.0
15.0
15.0
14.0
15.0
14.0
14.0
14.0
14.0
13.0
17.0
15.0
15.0
15.0
15.0
13.0
14.0
13.0
14.0
13.0
17.0
15.0
15.0
14.0
14.0
14.0
14.0
14.0
13.0
13.0
17.0
15.0
15.0
14.0
14.0
14.0
13.0
13.0
14.0
14.0
17.0
14.0
14.0
14.0
14.0
14.0
14.0
14.0
14.0
7.0
16.0
14.0
14.0
14.0
14.0
13.0
14.0
13.0
13.0
8.0
16.0
14.0
14.0
14.0
14.0
14.0
13.0
13.0
14.0
8.0
15.0
8.0
8.0
8.0
8.0
8.0
8.0
8.0
9.0
8.0
10.0
9.0
9.0
9.0
8.0
8.0
8.0
8.0
8.0
8.0
16.0
16.0
15.0
14.0
14.0
13.0
14.0
13.0
14.0
14.0
17.0
15.0
15.0
15.0
15.0
14.0
13.0
13.0
14.0
13.0
17.0
15.0
16.0
14.0
15.0
13.0
14.0
14.0
14.0
14.0
17.0
15.0
15.0
14.0
14.0
14.0
13.0
13.0
14.0
13.0
17.0
15.0
15.0
14.0
15.0
13.0
14.0
13.0
13.0
13.0
17.0
14.0
14.0
14.0
14.0
14.0
14.0
14.0
14.0
8.0
16.0
14.0
14.0
14.0
14.0
14.0
14.0
14.0
13.0
8.0
16.0
14.0
14.0
13.0
13.0
13.0
14.0
13.0
13.0
8.0
16.0
8.0
9.0
9.0
9.0
9.0
9.0
8.0
8.0
7.0
10.0
8.0
8.0
8.0
8.0
8.0
8.0
8.0
8.0
8.0
6841.0
6830.0
6830.0
6965.0
6845.0
6826.0
6826.0
6824.0
6647.0
6647.0
6643.0
6643.0
6667.0
6656.0
6682.0
6748.0
6692.0
6703.0
6693.0
6698.0
6701.0
6714.0
6721.0
6695.0
6636.0
6635.0
6633.0
6633.0
6639.0
6637.0
6659.0
6661.0
6702.0
6703.0
6700.0
6712.0
6709.0
6715.0
6729.0
6695.0
6654.0
6657.0
6662.0
6655.0
6642.0
6646.0
6665.0
6664.0
6703.0
6706.0
6695.0
6699.0
6695.0
6707.0
6719.0
6701.0
6647.0
6647.0
6660.0
6647.0
6665.0
6651.0
6659.0
6641.0
6639.0
6638.0
6644.0
6631.0
6642.0
6638.0
6692.0
7.0
10.0
8.0
8.0
8.0
9.0
8.0
8.0
8.0
8.0
8.0
6693.0
6738.0
6743.0
6741.0
6756.0
6748.0
6746.0
6687.0
6729.0
6639.0
6645.0
6643.0
6657.0
6647.0
6646.0
6659.0
6713.0
6769.0
6768.0
6766.0
6783.0
6776.0
6772.0
6784.0
6712.0
6626.0
6632.0
6623.0
6642.0
6637.0
6633.0
6649.0
6682.0
6710.0
6734.0
6725.0
6745.0
6733.0
6740.0
6757.0
6695.0
6651.0
6641.0
6636.0
6641.0
6634.0
6637.0
6643.0
6683.0
6685.0
6696.0
6688.0
6698.0
6704.0
6700.0
6704.0
6629.0
8.0
10.0
9.0
8.0
8.0
8.0
8.0
8.0
8.0
9.0
8.0
6658.0
6655.0
6661.0
6660.0
6671.0
6661.0
6673.0
6665.0
6731.0
6731.0
6723.0
6738.0
6728.0
6735.0
6731.0
6755.0
6665.0
6670.0
6664.0
6690.0
6678.0
6685.0
6677.0
6925.0
6673.0
6665.0
6694.0
6697.0
6697.0
6704.0
6690.0
6695.0
6669.0
6680.0
6679.0
6648.0
6807.0
6808.0
6661.0
6659.0
6656.0
6726.0
6680.0
6678.0
6684.0
6705.0
6703.0
6704.0
7.0
10.0
8.0
9.0
8.0
8.0
8.0
8.0
8.0
8.0
8.0
6713.0
6717.0
6687.0
6688.0
6687.0
6720.0
6740.0
6668.0
6737.0
6679.0
6686.0
6719.0
6670.0
6671.0
6673.0
6690.0
6722.0
6725.0
6735.0
6742.0
6665.0
6661.0
6660.0
6685.0
6710.0
6647.0
6647.0
6640.0
6672.0
6725.0
6726.0
6722.0
6684.0
6693.0
6694.0
6709.0
6701.0
6715.0
6652.0
6631.0
6625.0
6625.0
6682.0
30.0
11.0
9.0
9.0
9.0
9.0
8.0
8.0
8.0
8.0
8.0
6656.0
6647.0
6654.0
6666.0
6651.0
6721.0
6724.0
6721.0
6699.0
6727.0
6731.0
6713.0
6736.0
6918.0
6659.0
6658.0
6666.0
6700.0
6669.0
6669.0
6653.0
6679.0
6752.0
6739.0
6739.0
6742.0
6721.0
6708.0
6708.0
6737.0
6742.0
6680.0
6637.0
6633.0
6629.0
6662.0
6656.0
6662.0
6633.0
8.0
10.0
9.0
8.0
8.0
9.0
8.0
8.0
8.0
8.0
8.0
6653.0
6703.0
6703.0
6701.0
6706.0
6688.0
6690.0
6685.0
6716.0
6715.0
6667.0
6637.0
6636.0
6635.0
6671.0
6684.0
6687.0
6646.0
6671.0
6739.0
6700.0
6700.0
6705.0
6677.0
6666.0
6662.0
6661.0
6705.0
6604.0
5869.0
5882.0
5864.0
5834.0
5824.0
5819.0
7.0
10.0
8.0
36.0
9.0
9.0
8.0
8.0
8.0
8.0
8.0
