114.0
113.0
114.0
114.0
110.0
112.0
114.0
113.0
113.0
114.0
26.0
26.0
26.0
26.0
26.0
26.0
26.0
26.0
22.0
23.0
8.0
7.0
8.0
9.0
11.0
10.0
10.0
12.0
11.0
12.0
69.0
69.0
69.0
68.0
78.0
69.0
70.0
70.0
69.0
79.0
157.0
157.0
157.0
157.0
156.0
157.0
157.0
157.0
214.0
213.0
157.0
157.0
157.0
157.0
156.0
157.0
156.0
157.0
161.0
160.0
160.0
161.0
159.0
160.0
160.0
159.0
159.0
160.0
156.0
156.0
156.0
156.0
157.0
156.0
155.0
156.0
155.0
156.0
156.0
157.0
160.0
160.0
159.0
160.0
159.0
160.0
160.0
159.0
160.0
160.0
156.0
156.0
156.0
155.0
155.0
156.0
155.0
155.0
155.0
156.0
156.0
156.0
155.0
156.0
155.0
159.0
160.0
160.0
161.0
160.0
159.0
160.0
160.0
159.0
160.0
155.0
155.0
155.0
156.0
156.0
156.0
156.0
156.0
156.0
155.0
155.0
156.0
155.0
160.0
161.0
161.0
160.0
161.0
161.0
161.0
160.0
159.0
160.0
156.0
156.0
156.0
156.0
155.0
156.0
154.0
155.0
156.0
155.0
155.0
155.0
161.0
161.0
161.0
160.0
160.0
160.0
161.0
161.0
161.0
160.0
155.0
155.0
155.0
154.0
155.0
155.0
155.0
156.0
155.0
157.0
155.0
156.0
156.0
155.0
156.0
155.0
155.0
156.0
161.0
161.0
4539.0
4548.0
4561.0
4550.0
4542.0
4544.0
4549.0
4541.0
4539.0
9787.0
9801.0
9820.0
9828.0
9827.0
9831.0
9830.0
8452.0
8450.0
8439.0
8532.0
102.0
102.0
101.0
97.0
102.0
93.0
100.0
102.0
97.0
99.0
12.0
17.0
18.0
17.0
17.0
17.0
19.0
19.0
20.0
20.0
83.0
82.0
89.0
92.0
93.0
92.0
87.0
87.0
100.0
89.0
202.0
199.0
199.0
200.0
203.0
202.0
203.0
202.0
201.0
242.0
176.0
176.0
176.0
175.0
181.0
177.0
178.0
180.0
178.0
180.0
169.0
170.0
168.0
168.0
169.0
168.0
168.0
169.0
170.0
167.0
168.0
167.0
167.0
167.0
168.0
167.0
168.0
216.0
167.0
218.0
161.0
161.0
161.0
161.0
161.0
161.0
161.0
162.0
166.0
164.0
166.0
166.0
166.0
166.0
166.0
166.0
166.0
163.0
164.0
190.0
163.0
162.0
163.0
162.0
162.0
162.0
162.0
161.0
238.0
217.0
160.0
160.0
160.0
159.0
159.0
162.0
159.0
159.0
164.0
164.0
165.0
164.0
165.0
164.0
165.0
164.0
165.0
161.0
169.0
168.0
168.0
168.0
168.0
168.0
167.0
168.0
167.0
167.0
161.0
160.0
161.0
159.0
160.0
159.0
159.0
159.0
160.0
163.0
162.0
162.0
162.0
163.0
162.0
162.0
161.0
162.0
161.0
158.0
166.0
167.0
167.0
167.0
168.0
168.0
168.0
167.0
169.0
169.0
162.0
162.0
162.0
161.0
161.0
160.0
160.0
160.0
159.0
160.0
162.0
161.0
4748.0
4827.0
4747.0
4743.0
4741.0
4745.0
4762.0
4745.0
4754.0
9847.0
9845.0
9842.0
9928.0
9852.0
9902.0
9854.0
9846.0
9847.0
9843.0
5.0
35.0
5.0
5.0
5.0
5.0
4.0
5.0
4.0
5.0
5.0
5.0
5.0
4.0
4.0
4.0
5.0
5.0
4.0
5.0
65.0
66.0
65.0
65.0
64.0
63.0
64.0
63.0
63.0
63.0
155.0
156.0
156.0
157.0
157.0
157.0
156.0
155.0
169.0
168.0
168.0
168.0
158.0
159.0
159.0
159.0
159.0
158.0
158.0
158.0
157.0
156.0
173.0
173.0
174.0
175.0
157.0
157.0
160.0
158.0
158.0
158.0
156.0
156.0
155.0
155.0
158.0
158.0
158.0
158.0
156.0
155.0
156.0
155.0
157.0
156.0
156.0
155.0
157.0
157.0
156.0
156.0
159.0
157.0
157.0
158.0
156.0
156.0
156.0
156.0
156.0
156.0
155.0
156.0
157.0
155.0
156.0
155.0
171.0
172.0
180.0
177.0
168.0
173.0
169.0
168.0
163.0
156.0
155.0
156.0
157.0
156.0
156.0
155.0
156.0
155.0
156.0
154.0
159.0
158.0
158.0
158.0
155.0
155.0
156.0
156.0
157.0
156.0
156.0
156.0
157.0
156.0
156.0
156.0
156.0
156.0
156.0
156.0
170.0
169.0
169.0
168.0
156.0
155.0
156.0
156.0
156.0
155.0
170.0
169.0
171.0
170.0
155.0
156.0
156.0
155.0
154.0
155.0
156.0
155.0
155.0
155.0
175.0
175.0
174.0
175.0
156.0
155.0
155.0
155.0
4561.0
4553.0
4577.0
4570.0
4575.0
4564.0
4567.0
4559.0
4558.0
9887.0
9843.0
9854.0
9854.0
9856.0
9867.0
9894.0
9896.0
9803.0
9791.0
9791.0
9775.0
9813.0
9790.0
5.0
5.0
5.0
5.0
5.0
5.0
5.0
5.0
5.0
4.0
4.0
5.0
4.0
5.0
5.0
5.0
5.0
5.0
5.0
4.0
64.0
64.0
63.0
63.0
63.0
63.0
64.0
63.0
63.0
63.0
156.0
156.0
157.0
156.0
172.0
172.0
156.0
157.0
155.0
155.0
156.0
156.0
170.0
170.0
156.0
156.0
156.0
155.0
155.0
155.0
158.0
157.0
155.0
156.0
156.0
156.0
158.0
158.0
158.0
158.0
157.0
157.0
157.0
155.0
155.0
156.0
156.0
156.0
156.0
155.0
157.0
157.0
158.0
158.0
157.0
156.0
156.0
157.0
157.0
156.0
156.0
157.0
167.0
165.0
156.0
157.0
156.0
155.0
156.0
156.0
156.0
155.0
156.0
156.0
172.0
172.0
157.0
157.0
156.0
156.0
155.0
156.0
155.0
155.0
155.0
155.0
155.0
155.0
156.0
154.0
160.0
160.0
160.0
161.0
160.0
160.0
156.0
155.0
155.0
155.0
156.0
155.0
156.0
155.0
156.0
156.0
155.0
157.0
157.0
157.0
157.0
158.0
158.0
156.0
159.0
158.0
159.0
159.0
159.0
159.0
156.0
155.0
156.0
155.0
155.0
155.0
155.0
156.0
155.0
156.0
155.0
156.0
156.0
155.0
155.0
155.0
155.0
155.0
156.0
156.0
157.0
170.0
170.0
170.0
170.0
170.0
171.0
158.0
158.0
158.0
4609.0
4587.0
4600.0
4611.0
4601.0
4607.0
4604.0
4623.0
4626.0
4621.0
9854.0
9825.0
9824.0
9834.0
9808.0
9826.0
9831.0
9838.0
9803.0
9853.0
9840.0
9830.0
9794.0
9790.0
5.0
5.0
5.0
5.0
5.0
4.0
5.0
4.0
4.0
5.0
5.0
5.0
5.0
5.0
5.0
4.0
5.0
5.0
5.0
5.0
64.0
64.0
65.0
65.0
65.0
65.0
63.0
63.0
64.0
64.0
163.0
163.0
156.0
156.0
156.0
156.0
156.0
156.0
156.0
156.0
166.0
166.0
155.0
155.0
156.0
155.0
160.0
161.0
155.0
155.0
156.0
156.0
156.0
156.0
157.0
157.0
172.0
172.0
155.0
156.0
155.0
155.0
170.0
170.0
156.0
156.0
156.0
155.0
155.0
156.0
163.0
163.0
156.0
155.0
159.0
159.0
155.0
155.0
155.0
156.0
156.0
156.0
161.0
161.0
156.0
156.0
155.0
155.0
164.0
164.0
155.0
156.0
157.0
156.0
155.0
156.0
169.0
169.0
156.0
155.0
156.0
156.0
158.0
157.0
156.0
155.0
155.0
156.0
158.0
157.0
156.0
158.0
156.0
156.0
156.0
156.0
157.0
156.0
156.0
156.0
182.0
182.0
156.0
155.0
155.0
155.0
156.0
156.0
156.0
156.0
157.0
157.0
156.0
156.0
156.0
155.0
161.0
161.0
162.0
161.0
161.0
161.0
161.0
160.0
155.0
155.0
155.0
155.0
156.0
157.0
156.0
156.0
157.0
155.0
156.0
156.0
156.0
159.0
159.0
159.0
159.0
159.0
159.0
159.0
159.0
156.0
156.0
155.0
155.0
155.0
4579.0
4600.0
4598.0
4597.0
4603.0
4612.0
4604.0
4548.0
4548.0
9863.0
9864.0
9862.0
9863.0
9903.0
9908.0
9841.0
9834.0
9799.0
9846.0
9841.0
9790.0
9828.0
5.0
5.0
5.0
5.0
5.0
3.0
5.0
3.0
4.0
3.0
5.0
5.0
5.0
5.0
4.0
3.0
5.0
4.0
3.0
3.0
64.0
63.0
64.0
64.0
63.0
63.0
63.0
62.0
84.0
62.0
156.0
156.0
156.0
156.0
156.0
155.0
155.0
165.0
165.0
165.0
156.0
156.0
156.0
155.0
154.0
155.0
155.0
154.0
153.0
156.0
157.0
157.0
156.0
156.0
156.0
154.0
156.0
154.0
154.0
154.0
156.0
156.0
156.0
156.0
161.0
159.0
160.0
154.0
155.0
154.0
156.0
156.0
156.0
156.0
163.0
165.0
174.0
165.0
157.0
154.0
156.0
155.0
157.0
157.0
158.0
153.0
155.0
153.0
153.0
154.0
155.0
155.0
155.0
155.0
155.0
154.0
155.0
183.0
182.0
182.0
155.0
155.0
155.0
154.0
155.0
153.0
154.0
154.0
154.0
168.0
170.0
170.0
154.0
155.0
155.0
153.0
154.0
153.0
154.0
154.0
155.0
162.0
162.0
161.0
154.0
153.0
155.0
154.0
153.0
154.0
157.0
157.0
156.0
166.0
166.0
174.0
162.0
159.0
162.0
158.0
158.0
159.0
156.0
156.0
156.0
157.0
158.0
157.0
155.0
155.0
157.0
156.0
157.0
157.0
157.0
156.0
156.0
155.0
155.0
156.0
158.0
158.0
158.0
161.0
162.0
160.0
157.0
154.0
155.0
155.0
4570.0
4578.0
4582.0
4553.0
4549.0
4554.0
4560.0
4562.0
4559.0
4547.0
9798.0
9822.0
9858.0
9835.0
9845.0
9874.0
9865.0
9853.0
9913.0
9892.0
9908.0
9898.0
9929.0
9969.0
5.0
5.0
5.0
4.0
4.0
4.0
4.0
4.0
3.0
4.0
5.0
5.0
5.0
5.0
5.0
4.0
5.0
3.0
3.0
3.0
72.0
72.0
70.0
71.0
67.0
65.0
64.0
63.0
62.0
62.0
159.0
158.0
157.0
158.0
159.0
156.0
159.0
157.0
159.0
159.0
161.0
161.0
156.0
156.0
164.0
162.0
157.0
155.0
155.0
155.0
164.0
163.0
157.0
157.0
158.0
156.0
159.0
157.0
154.0
154.0
177.0
176.0
186.0
187.0
171.0
171.0
162.0
161.0
161.0
159.0
158.0
158.0
160.0
161.0
159.0
157.0
167.0
165.0
160.0
161.0
207.0
207.0
180.0
232.0
165.0
163.0
163.0
160.0
155.0
158.0
162.0
161.0
154.0
155.0
154.0
154.0
155.0
155.0
154.0
157.0
157.0
155.0
155.0
155.0
155.0
153.0
155.0
154.0
153.0
161.0
162.0
155.0
155.0
156.0
155.0
155.0
156.0
155.0
155.0
154.0
155.0
156.0
171.0
177.0
160.0
154.0
154.0
154.0
154.0
154.0
155.0
154.0
155.0
154.0
154.0
154.0
154.0
153.0
153.0
153.0
155.0
154.0
160.0
160.0
160.0
160.0
161.0
155.0
155.0
155.0
156.0
155.0
155.0
155.0
154.0
154.0
156.0
153.0
154.0
154.0
155.0
155.0
155.0
155.0
155.0
154.0
154.0
154.0
153.0
154.0
4566.0
4555.0
4554.0
4562.0
4552.0
4568.0
4563.0
4556.0
4521.0
9789.0
9814.0
9762.0
9827.0
9809.0
9785.0
9791.0
9733.0
9752.0
9732.0
3.0
4.0
3.0
4.0
4.0
3.0
3.0
3.0
3.0
3.0
3.0
3.0
4.0
4.0
3.0
3.0
3.0
3.0
4.0
4.0
61.0
62.0
61.0
61.0
61.0
61.0
61.0
74.0
74.0
3.0
165.0
165.0
153.0
153.0
154.0
153.0
153.0
154.0
153.0
3.0
154.0
154.0
153.0
168.0
167.0
167.0
167.0
153.0
154.0
3.0
153.0
153.0
154.0
153.0
152.0
153.0
153.0
153.0
156.0
3.0
156.0
155.0
155.0
153.0
153.0
153.0
154.0
154.0
154.0
3.0
154.0
154.0
153.0
153.0
156.0
155.0
156.0
155.0
153.0
4.0
153.0
153.0
154.0
154.0
153.0
154.0
153.0
153.0
155.0
4.0
156.0
156.0
156.0
153.0
153.0
153.0
154.0
154.0
154.0
4.0
154.0
153.0
154.0
153.0
152.0
158.0
160.0
164.0
163.0
4.0
169.0
172.0
169.0
168.0
167.0
168.0
163.0
164.0
155.0
3.0
154.0
154.0
153.0
153.0
153.0
152.0
153.0
156.0
156.0
4.0
156.0
157.0
154.0
153.0
154.0
153.0
154.0
154.0
153.0
3.0
154.0
155.0
155.0
155.0
154.0
153.0
153.0
153.0
154.0
3.0
167.0
169.0
166.0
167.0
153.0
154.0
154.0
153.0
153.0
3.0
168.0
167.0
167.0
168.0
153.0
153.0
154.0
153.0
154.0
4.0
4490.0
4487.0
4487.0
4491.0
4510.0
4507.0
4512.0
4506.0
4360.0
9780.0
9778.0
9791.0
9848.0
9846.0
9884.0
9661.0
9835.0
9783.0
9792.0
9785.0
9861.0
9801.0
9634.0
3.0
4.0
3.0
3.0
3.0
3.0
3.0
3.0
4.0
9.0
14.0
13.0
4.0
4.0
3.0
3.0
4.0
4.0
3.0
3.0
62.0
62.0
63.0
63.0
62.0
62.0
62.0
3.0
62.0
3.0
171.0
172.0
155.0
154.0
155.0
154.0
156.0
3.0
156.0
3.0
154.0
154.0
173.0
171.0
155.0
154.0
154.0
3.0
155.0
4.0
155.0
155.0
156.0
156.0
157.0
158.0
155.0
3.0
155.0
3.0
154.0
154.0
155.0
155.0
158.0
158.0
155.0
4.0
154.0
3.0
155.0
155.0
156.0
156.0
154.0
154.0
154.0
4.0
154.0
4.0
154.0
154.0
157.0
157.0
155.0
155.0
154.0
3.0
154.0
3.0
155.0
154.0
155.0
155.0
154.0
154.0
168.0
3.0
169.0
3.0
154.0
154.0
155.0
154.0
155.0
155.0
154.0
3.0
154.0
4.0
154.0
154.0
155.0
154.0
154.0
155.0
154.0
3.0
155.0
4.0
154.0
167.0
167.0
167.0
167.0
167.0
168.0
3.0
154.0
3.0
154.0
154.0
155.0
154.0
155.0
155.0
155.0
3.0
155.0
3.0
155.0
154.0
155.0
154.0
154.0
154.0
155.0
3.0
154.0
3.0
158.0
157.0
157.0
157.0
157.0
157.0
154.0
4.0
154.0
3.0
154.0
154.0
154.0
154.0
155.0
154.0
154.0
3.0
154.0
4.0
4575.0
4558.0
4621.0
4562.0
4566.0
4564.0
4545.0
4396.0
4526.0
4397.0
9811.0
9835.0
9821.0
9826.0
9840.0
9696.0
9875.0
9667.0
10015.0
10088.0
10087.0
9926.0
10106.0
9945.0
3.0
3.0
3.0
3.0
3.0
4.0
3.0
3.0
4.0
3.0
3.0
4.0
3.0
4.0
3.0
7.0
14.0
5.0
4.0
4.0
70.0
73.0
68.0
70.0
81.0
81.0
68.0
4.0
69.0
4.0
157.0
158.0
154.0
154.0
155.0
64.0
156.0
4.0
64.0
3.0
162.0
162.0
154.0
155.0
158.0
62.0
159.0
3.0
62.0
3.0
182.0
182.0
171.0
175.0
158.0
65.0
159.0
3.0
66.0
3.0
157.0
159.0
157.0
157.0
160.0
67.0
158.0
6.0
62.0
3.0
156.0
157.0
160.0
160.0
159.0
64.0
159.0
3.0
64.0
3.0
156.0
156.0
161.0
159.0
157.0
64.0
155.0
3.0
61.0
3.0
158.0
157.0
162.0
161.0
155.0
62.0
158.0
3.0
64.0
3.0
168.0
169.0
161.0
161.0
160.0
69.0
162.0
3.0
70.0
3.0
162.0
162.0
158.0
157.0
160.0
68.0
158.0
3.0
66.0
3.0
156.0
157.0
158.0
158.0
158.0
62.0
157.0
3.0
62.0
3.0
160.0
160.0
165.0
166.0
163.0
62.0
164.0
3.0
62.0
3.0
174.0
175.0
154.0
171.0
170.0
62.0
180.0
4.0
62.0
29.0
181.0
180.0
181.0
181.0
181.0
84.0
161.0
4.0
66.0
3.0
163.0
158.0
157.0
158.0
157.0
64.0
158.0
3.0
63.0
3.0
4587.0
4598.0
4589.0
4613.0
4591.0
4490.0
4592.0
4424.0
4424.0
4374.0
9786.0
9792.0
10337.0
9672.0
9761.0
9614.0
9675.0
9664.0
9824.0
9719.0
9794.0
9695.0
9739.0
9610.0
4.0
3.0
4.0
3.0
3.0
3.0
3.0
3.0
3.0
3.0
4.0
3.0
4.0
3.0
4.0
3.0
3.0
4.0
3.0
3.0
4.0
3.0
4.0
3.0
3.0
3.0
4.0
3.0
3.0
4.0
4.0
3.0
4.0
3.0
3.0
3.0
3.0
4.0
4.0
3.0
4.0
4.0
3.0
3.0
4.0
4.0
3.0
3.0
4.0
4.0
3.0
4.0
3.0
3.0
4.0
4.0
3.0
3.0
4.0
4.0
4.0
4.0
3.0
3.0
4.0
3.0
3.0
3.0
4.0
4.0
3.0
4.0
4.0
3.0
3.0
3.0
4.0
4.0
3.0
3.0
9.0
9.0
3.0
3.0
4.0
4.0
3.0
3.0
4.0
4.0
3.0
3.0
4.0
4.0
3.0
3.0
4.0
4.0
3.0
3.0
3.0
3.0
4.0
4.0
3.0
3.0
3.0
3.0
4.0
3.0
3.0
3.0
4.0
4.0
3.0
3.0
3.0
3.0
4.0
4.0
3.0
3.0
4.0
3.0
3.0
3.0
3.0
3.0
4.0
4.0
3.0
3.0
3.0
3.0
4.0
3.0
3.0
3.0
3.0
3.0
4.0
4.0
3.0
3.0
4.0
4.0
3.0
3.0
3.0
3.0
4.0
4.0
3.0
3.0
3.0
4.0
3.0
3.0
3.0
3.0
4.0
4.0
3.0
3.0
3.0
4.0
4.0
3.0
3.0
3.0
4.0
4.0
3.0
3.0
3.0
3.0
4.0
4.0
3.0
3.0
5245.0
5261.0
5241.0
5256.0
5230.0
5263.0
5252.0
5236.0
5243.0
5270.0
5253.0
5246.0
5007.0
5001.0
4732.0
4746.0
4746.0
4743.0
4743.0
4729.0
