2.0
1.0
1.0
1.0
1.0
1.0
1.0
1.0
1.0
1.0
21.0
21.0
22.0
21.0
422.0
422.0
422.0
422.0
421.0
421.0
421.0
422.0
421.0
422.0
392.0
395.0
393.0
392.0
392.0
393.0
21.0
20.0
21.0
20.0
392.0
393.0
392.0
393.0
408.0
408.0
408.0
408.0
407.0
408.0
408.0
408.0
409.0
408.0
392.0
393.0
21.0
20.0
20.0
21.0
392.0
392.0
393.0
392.0
392.0
393.0
393.0
393.0
393.0
392.0
392.0
395.0
392.0
392.0
393.0
393.0
20.0
20.0
20.0
21.0
392.0
391.0
409.0
407.0
407.0
407.0
407.0
407.0
406.0
407.0
407.0
406.0
421.0
421.0
420.0
419.0
20.0
20.0
21.0
20.0
421.0
421.0
421.0
422.0
420.0
421.0
392.0
392.0
391.0
391.0
392.0
391.0
391.0
392.0
392.0
391.0
21.0
20.0
21.0
21.0
392.0
392.0
404.0
405.0
405.0
405.0
407.0
407.0
407.0
407.0
408.0
409.0
395.0
395.0
395.0
395.0
20.0
20.0
20.0
21.0
393.0
393.0
392.0
393.0
392.0
392.0
393.0
393.0
393.0
393.0
392.0
393.0
393.0
392.0
406.0
406.0
21.0
20.0
20.0
20.0
405.0
406.0
405.0
407.0
406.0
407.0
406.0
406.0
422.0
421.0
422.0
422.0
422.0
421.0
422.0
420.0
20.0
21.0
21.0
20.0
420.0
420.0
392.0
392.0
392.0
394.0
391.0
391.0
393.0
392.0
394.0
392.0
391.0
392.0
392.0
391.0
20.0
21.0
20.0
20.0
392.0
391.0
404.0
403.0
406.0
406.0
407.0
407.0
404.0
404.0
400.0
400.0
385.0
385.0
376.0
375.0
21.0
21.0
21.0
21.0
20.0
20.0
20.0
1.0
1.0
1.0
21.0
21.0
20.0
20.0
20.0
20.0
20.0
2.0
2.0
2.0
20.0
20.0
20.0
20.0
21.0
21.0
21.0
2.0
2.0
1.0
20.0
20.0
20.0
21.0
21.0
21.0
20.0
1.0
1.0
1.0
421.0
421.0
421.0
421.0
422.0
421.0
421.0
404.0
402.0
235.0
393.0
392.0
393.0
392.0
393.0
392.0
392.0
374.0
373.0
206.0
393.0
393.0
407.0
408.0
414.0
407.0
407.0
389.0
388.0
206.0
408.0
408.0
408.0
393.0
392.0
392.0
392.0
373.0
373.0
206.0
392.0
392.0
392.0
393.0
392.0
392.0
393.0
373.0
373.0
205.0
406.0
405.0
405.0
405.0
406.0
405.0
405.0
386.0
387.0
218.0
397.0
392.0
392.0
393.0
392.0
392.0
421.0
402.0
403.0
205.0
421.0
421.0
420.0
420.0
420.0
420.0
420.0
376.0
373.0
206.0
392.0
392.0
393.0
392.0
393.0
391.0
392.0
373.0
373.0
205.0
407.0
407.0
407.0
408.0
407.0
408.0
406.0
387.0
388.0
220.0
392.0
392.0
392.0
393.0
393.0
393.0
392.0
373.0
373.0
206.0
393.0
393.0
393.0
393.0
392.0
392.0
396.0
375.0
374.0
206.0
406.0
406.0
405.0
411.0
406.0
407.0
406.0
386.0
386.0
219.0
420.0
420.0
422.0
423.0
420.0
420.0
420.0
401.0
402.0
233.0
392.0
392.0
391.0
392.0
393.0
392.0
392.0
374.0
373.0
206.0
392.0
392.0
394.0
392.0
392.0
392.0
393.0
374.0
373.0
205.0
21.0
20.0
20.0
20.0
21.0
20.0
20.0
1.0
1.0
1.0
20.0
21.0
20.0
20.0
21.0
20.0
20.0
1.0
1.0
1.0
20.0
20.0
21.0
20.0
21.0
20.0
20.0
1.0
1.0
1.0
20.0
20.0
20.0
20.0
20.0
21.0
20.0
1.0
1.0
1.0
407.0
407.0
406.0
408.0
408.0
407.0
406.0
388.0
387.0
219.0
392.0
392.0
392.0
393.0
393.0
392.0
392.0
373.0
374.0
205.0
393.0
393.0
406.0
406.0
405.0
405.0
407.0
387.0
387.0
205.0
406.0
406.0
405.0
420.0
421.0
420.0
421.0
402.0
401.0
206.0
420.0
419.0
420.0
420.0
392.0
392.0
392.0
373.0
373.0
205.0
393.0
393.0
393.0
392.0
393.0
392.0
392.0
374.0
373.0
206.0
405.0
405.0
406.0
405.0
404.0
404.0
402.0
386.0
386.0
218.0
392.0
392.0
392.0
393.0
392.0
392.0
391.0
372.0
373.0
205.0
392.0
392.0
392.0
392.0
393.0
392.0
392.0
372.0
373.0
205.0
406.0
405.0
405.0
406.0
407.0
407.0
406.0
386.0
388.0
220.0
421.0
421.0
422.0
422.0
421.0
422.0
421.0
403.0
402.0
231.0
391.0
392.0
392.0
392.0
392.0
392.0
392.0
373.0
373.0
205.0
392.0
393.0
393.0
393.0
393.0
392.0
393.0
373.0
376.0
205.0
407.0
406.0
407.0
406.0
407.0
406.0
406.0
388.0
387.0
219.0
392.0
392.0
391.0
391.0
392.0
392.0
393.0
373.0
373.0
205.0
393.0
392.0
392.0
393.0
392.0
406.0
407.0
387.0
387.0
205.0
21.0
20.0
20.0
20.0
20.0
20.0
20.0
1.0
1.0
1.0
21.0
21.0
20.0
20.0
21.0
21.0
20.0
1.0
1.0
1.0
20.0
20.0
31.0
32.0
32.0
32.0
34.0
1.0
12.0
1.0
23.0
22.0
22.0
22.0
21.0
21.0
21.0
1.0
1.0
1.0
405.0
406.0
411.0
405.0
411.0
407.0
405.0
388.0
386.0
205.0
445.0
426.0
425.0
426.0
426.0
424.0
425.0
405.0
404.0
237.0
393.0
393.0
392.0
392.0
392.0
391.0
391.0
374.0
373.0
205.0
393.0
392.0
406.0
408.0
407.0
408.0
410.0
388.0
387.0
206.0
408.0
408.0
409.0
395.0
394.0
394.0
395.0
375.0
375.0
207.0
393.0
392.0
393.0
394.0
392.0
392.0
392.0
373.0
372.0
206.0
407.0
407.0
406.0
406.0
406.0
406.0
407.0
388.0
388.0
219.0
420.0
422.0
423.0
422.0
422.0
422.0
423.0
402.0
401.0
233.0
394.0
393.0
395.0
392.0
392.0
392.0
392.0
372.0
373.0
205.0
393.0
392.0
393.0
393.0
393.0
393.0
393.0
374.0
374.0
206.0
407.0
407.0
406.0
408.0
408.0
406.0
406.0
388.0
387.0
220.0
393.0
392.0
393.0
391.0
392.0
393.0
393.0
374.0
373.0
205.0
394.0
394.0
394.0
394.0
406.0
408.0
409.0
387.0
386.0
206.0
407.0
407.0
408.0
410.0
411.0
398.0
398.0
378.0
378.0
205.0
429.0
426.0
426.0
426.0
423.0
421.0
421.0
402.0
402.0
236.0
392.0
393.0
392.0
393.0
393.0
392.0
392.0
374.0
373.0
206.0
20.0
20.0
20.0
21.0
21.0
20.0
1.0
1.0
1.0
1.0
20.0
20.0
20.0
20.0
21.0
20.0
2.0
1.0
1.0
1.0
20.0
20.0
20.0
20.0
20.0
20.0
2.0
1.0
1.0
1.0
20.0
20.0
20.0
20.0
20.0
20.0
2.0
1.0
1.0
0.0
407.0
406.0
407.0
406.0
406.0
407.0
388.0
387.0
206.0
205.0
409.0
408.0
393.0
393.0
396.0
394.0
377.0
374.0
206.0
206.0
392.0
393.0
393.0
393.0
394.0
393.0
375.0
374.0
206.0
206.0
405.0
405.0
406.0
406.0
406.0
406.0
389.0
388.0
218.0
218.0
399.0
398.0
398.0
398.0
399.0
398.0
378.0
378.0
208.0
208.0
425.0
425.0
427.0
426.0
425.0
425.0
407.0
406.0
239.0
238.0
393.0
394.0
394.0
393.0
394.0
393.0
374.0
373.0
205.0
206.0
393.0
393.0
392.0
393.0
407.0
408.0
388.0
388.0
206.0
206.0
408.0
407.0
406.0
406.0
407.0
407.0
374.0
373.0
206.0
205.0
395.0
395.0
395.0
396.0
396.0
396.0
376.0
376.0
209.0
208.0
406.0
406.0
406.0
406.0
406.0
406.0
387.0
387.0
206.0
205.0
405.0
405.0
392.0
392.0
421.0
421.0
403.0
403.0
206.0
206.0
422.0
423.0
421.0
422.0
422.0
422.0
374.0
374.0
206.0
205.0
393.0
392.0
392.0
393.0
392.0
392.0
373.0
372.0
205.0
205.0
393.0
391.0
401.0
406.0
404.0
405.0
385.0
385.0
205.0
205.0
404.0
404.0
404.0
404.0
393.0
393.0
373.0
372.0
205.0
205.0
20.0
20.0
20.0
21.0
20.0
20.0
2.0
1.0
1.0
1.0
20.0
20.0
20.0
20.0
20.0
21.0
2.0
1.0
1.0
1.0
20.0
20.0
21.0
20.0
20.0
20.0
2.0
1.0
1.0
1.0
20.0
20.0
20.0
20.0
20.0
20.0
1.0
2.0
1.0
1.0
391.0
392.0
392.0
392.0
391.0
392.0
378.0
374.0
205.0
205.0
404.0
405.0
407.0
405.0
405.0
405.0
387.0
387.0
217.0
216.0
396.0
395.0
393.0
392.0
422.0
421.0
405.0
403.0
205.0
206.0
421.0
421.0
421.0
421.0
421.0
421.0
374.0
374.0
205.0
205.0
392.0
392.0
392.0
392.0
392.0
392.0
374.0
373.0
205.0
205.0
407.0
408.0
406.0
406.0
407.0
406.0
388.0
387.0
205.0
205.0
406.0
407.0
392.0
392.0
391.0
392.0
373.0
373.0
205.0
205.0
392.0
392.0
391.0
393.0
392.0
393.0
374.0
374.0
205.0
205.0
405.0
406.0
406.0
406.0
406.0
405.0
390.0
389.0
219.0
219.0
408.0
403.0
434.0
432.0
437.0
433.0
415.0
417.0
218.0
213.0
422.0
422.0
424.0
422.0
392.0
393.0
374.0
373.0
205.0
205.0
391.0
392.0
391.0
391.0
392.0
391.0
373.0
373.0
205.0
205.0
392.0
392.0
405.0
405.0
408.0
408.0
388.0
387.0
205.0
206.0
407.0
408.0
407.0
406.0
394.0
393.0
373.0
373.0
206.0
205.0
391.0
391.0
395.0
393.0
392.0
392.0
373.0
373.0
206.0
205.0
405.0
406.0
406.0
406.0
406.0
405.0
387.0
386.0
206.0
205.0
32.0
32.0
22.0
22.0
20.0
20.0
20.0
1.0
1.0
1.0
21.0
20.0
20.0
20.0
20.0
20.0
20.0
2.0
1.0
1.0
20.0
21.0
20.0
20.0
20.0
20.0
20.0
1.0
1.0
1.0
20.0
20.0
20.0
21.0
21.0
21.0
20.0
1.0
1.0
1.0
423.0
423.0
424.0
424.0
424.0
423.0
423.0
403.0
403.0
206.0
421.0
392.0
392.0
392.0
393.0
391.0
393.0
373.0
373.0
205.0
392.0
393.0
391.0
392.0
392.0
392.0
392.0
372.0
373.0
206.0
406.0
405.0
405.0
406.0
406.0
406.0
405.0
387.0
387.0
219.0
391.0
393.0
393.0
392.0
392.0
392.0
392.0
372.0
373.0
205.0
393.0
394.0
393.0
392.0
393.0
406.0
406.0
387.0
387.0
205.0
407.0
407.0
406.0
407.0
406.0
406.0
392.0
372.0
373.0
205.0
422.0
422.0
421.0
421.0
423.0
422.0
421.0
403.0
402.0
236.0
392.0
392.0
392.0
392.0
391.0
392.0
393.0
373.0
372.0
205.0
392.0
392.0
393.0
392.0
392.0
402.0
403.0
373.0
373.0
205.0
407.0
406.0
406.0
406.0
407.0
407.0
406.0
388.0
376.0
207.0
392.0
392.0
392.0
392.0
392.0
393.0
392.0
373.0
373.0
206.0
392.0
392.0
405.0
405.0
405.0
406.0
405.0
385.0
387.0
205.0
405.0
405.0
405.0
422.0
422.0
423.0
422.0
405.0
403.0
205.0
421.0
421.0
423.0
422.0
392.0
392.0
393.0
372.0
373.0
205.0
392.0
392.0
392.0
392.0
392.0
392.0
392.0
374.0
373.0
206.0
20.0
20.0
21.0
21.0
20.0
20.0
1.0
1.0
2.0
0.0
21.0
20.0
20.0
20.0
20.0
20.0
1.0
1.0
2.0
1.0
20.0
20.0
20.0
20.0
20.0
20.0
1.0
1.0
1.0
1.0
21.0
20.0
20.0
20.0
20.0
20.0
1.0
1.0
1.0
1.0
409.0
407.0
407.0
407.0
406.0
407.0
388.0
387.0
219.0
221.0
392.0
391.0
391.0
392.0
393.0
391.0
373.0
372.0
205.0
205.0
391.0
392.0
392.0
392.0
392.0
392.0
375.0
373.0
206.0
206.0
403.0
405.0
404.0
406.0
404.0
404.0
385.0
385.0
217.0
217.0
423.0
423.0
424.0
425.0
429.0
423.0
405.0
405.0
237.0
236.0
392.0
392.0
392.0
392.0
392.0
393.0
373.0
373.0
206.0
205.0
391.0
392.0
392.0
392.0
392.0
392.0
373.0
373.0
205.0
206.0
406.0
407.0
407.0
407.0
407.0
406.0
388.0
388.0
219.0
220.0
393.0
392.0
393.0
393.0
392.0
392.0
373.0
373.0
205.0
205.0
392.0
392.0
392.0
391.0
391.0
393.0
373.0
372.0
205.0
205.0
405.0
406.0
405.0
405.0
405.0
406.0
386.0
387.0
219.0
219.0
421.0
421.0
422.0
421.0
421.0
423.0
402.0
403.0
205.0
234.0
420.0
393.0
392.0
391.0
391.0
392.0
374.0
373.0
205.0
205.0
392.0
392.0
392.0
393.0
395.0
392.0
374.0
373.0
205.0
206.0
405.0
405.0
404.0
405.0
405.0
406.0
386.0
386.0
218.0
218.0
392.0
392.0
392.0
392.0
392.0
392.0
374.0
374.0
205.0
205.0
21.0
20.0
20.0
20.0
20.0
20.0
1.0
1.0
2.0
0.0
21.0
21.0
20.0
20.0
20.0
20.0
2.0
1.0
1.0
0.0
21.0
21.0
20.0
20.0
20.0
20.0
1.0
1.0
1.0
1.0
20.0
20.0
20.0
20.0
20.0
21.0
2.0
1.0
1.0
1.0
392.0
392.0
392.0
392.0
392.0
392.0
375.0
206.0
205.0
205.0
410.0
411.0
411.0
415.0
418.0
416.0
398.0
220.0
220.0
220.0
433.0
436.0
431.0
437.0
427.0
427.0
404.0
236.0
236.0
235.0
392.0
392.0
392.0
392.0
395.0
392.0
373.0
206.0
206.0
205.0
392.0
396.0
392.0
391.0
392.0
392.0
373.0
205.0
205.0
205.0
406.0
406.0
406.0
407.0
408.0
407.0
389.0
220.0
220.0
219.0
392.0
393.0
392.0
393.0
393.0
393.0
374.0
206.0
205.0
205.0
394.0
393.0
394.0
394.0
393.0
393.0
374.0
206.0
206.0
206.0
406.0
406.0
406.0
407.0
406.0
405.0
387.0
220.0
219.0
219.0
393.0
393.0
394.0
393.0
393.0
394.0
376.0
207.0
209.0
206.0
420.0
420.0
421.0
421.0
421.0
421.0
402.0
235.0
235.0
236.0
392.0
392.0
394.0
393.0
393.0
392.0
374.0
205.0
205.0
205.0
392.0
392.0
392.0
393.0
392.0
393.0
388.0
205.0
206.0
205.0
408.0
407.0
407.0
407.0
408.0
408.0
388.0
220.0
221.0
205.0
395.0
396.0
396.0
398.0
398.0
398.0
380.0
207.0
207.0
208.0
398.0
398.0
397.0
397.0
398.0
410.0
388.0
207.0
207.0
207.0
20.0
20.0
20.0
20.0
2.0
1.0
1.0
1.0
1.0
1.0
20.0
20.0
20.0
20.0
1.0
2.0
1.0
1.0
1.0
1.0
20.0
20.0
20.0
20.0
2.0
2.0
2.0
1.0
1.0
0.0
20.0
20.0
31.0
31.0
1.0
1.0
2.0
1.0
1.0
0.0
406.0
406.0
405.0
406.0
388.0
387.0
378.0
208.0
205.0
205.0
421.0
420.0
421.0
420.0
402.0
403.0
402.0
236.0
236.0
235.0
392.0
391.0
392.0
392.0
373.0
373.0
374.0
205.0
205.0
205.0
393.0
392.0
392.0
392.0
373.0
373.0
374.0
207.0
205.0
205.0
406.0
406.0
406.0
408.0
388.0
388.0
388.0
219.0
219.0
220.0
392.0
393.0
393.0
393.0
374.0
374.0
374.0
206.0
206.0
206.0
392.0
392.0
396.0
392.0
374.0
373.0
374.0
205.0
206.0
205.0
407.0
407.0
407.0
407.0
389.0
388.0
390.0
220.0
221.0
220.0
392.0
391.0
421.0
421.0
403.0
402.0
403.0
205.0
205.0
205.0
420.0
422.0
421.0
420.0
401.0
373.0
374.0
205.0
205.0
205.0
392.0
391.0
392.0
391.0
374.0
374.0
375.0
205.0
205.0
206.0
392.0
405.0
406.0
406.0
387.0
387.0
388.0
205.0
205.0
205.0
405.0
406.0
406.0
405.0
374.0
373.0
374.0
205.0
206.0
206.0
394.0
392.0
392.0
392.0
373.0
374.0
374.0
205.0
205.0
205.0
392.0
405.0
405.0
405.0
386.0
388.0
387.0
205.0
205.0
205.0
405.0
405.0
405.0
405.0
374.0
373.0
373.0
206.0
205.0
204.0
20.0
20.0
1.0
2.0
1.0
2.0
1.0
1.0
1.0
0.0
20.0
20.0
2.0
2.0
1.0
1.0
2.0
1.0
1.0
1.0
20.0
20.0
1.0
2.0
2.0
1.0
1.0
1.0
1.0
1.0
21.0
20.0
2.0
1.0
2.0
2.0
1.0
1.0
1.0
1.0
421.0
420.0
401.0
402.0
400.0
402.0
235.0
234.0
234.0
234.0
392.0
392.0
374.0
373.0
373.0
372.0
205.0
205.0
205.0
205.0
392.0
392.0
373.0
375.0
374.0
373.0
206.0
205.0
205.0
205.0
406.0
406.0
388.0
388.0
388.0
388.0
219.0
219.0
220.0
220.0
393.0
392.0
373.0
372.0
373.0
373.0
205.0
205.0
205.0
206.0
392.0
392.0
373.0
374.0
373.0
373.0
206.0
206.0
206.0
205.0
406.0
406.0
387.0
387.0
388.0
388.0
206.0
206.0
217.0
217.0
405.0
407.0
374.0
373.0
373.0
372.0
206.0
205.0
205.0
205.0
421.0
421.0
401.0
402.0
402.0
402.0
235.0
235.0
235.0
234.0
392.0
392.0
374.0
374.0
374.0
374.0
206.0
205.0
205.0
206.0
391.0
392.0
373.0
374.0
373.0
373.0
205.0
205.0
205.0
205.0
405.0
406.0
387.0
387.0
388.0
388.0
220.0
220.0
219.0
219.0
392.0
393.0
373.0
373.0
373.0
373.0
206.0
206.0
205.0
205.0
392.0
391.0
373.0
373.0
373.0
374.0
205.0
205.0
205.0
206.0
418.0
419.0
401.0
405.0
410.0
409.0
230.0
226.0
228.0
235.0
394.0
393.0
373.0
371.0
364.0
365.0
212.0
210.0
203.0
202.0
