2.0
2.0
2.0
2.0
2.0
2.0
2.0
2.0
2.0
2.0
7.0
7.0
4.0
2.0
2.0
5.0
4.0
4.0
2.0
3.0
5.0
4.0
9.0
2.0
2.0
5.0
5.0
5.0
2.0
3.0
5.0
4.0
8.0
3.0
1.0
456.0
390.0
387.0
594.0
382.0
828.0
830.0
831.0
1025.0
817.0
825.0
821.0
742.0
816.0
737.0
820.0
820.0
801.0
797.0
784.0
748.0
776.0
814.0
772.0
759.0
759.0
760.0
759.0
755.0
767.0
767.0
769.0
768.0
766.0
772.0
771.0
770.0
768.0
767.0
755.0
760.0
797.0
801.0
794.0
806.0
807.0
807.0
807.0
787.0
789.0
789.0
780.0
757.0
759.0
759.0
769.0
776.0
769.0
765.0
765.0
768.0
768.0
768.0
765.0
766.0
774.0
769.0
771.0
764.0
769.0
771.0
775.0
772.0
772.0
769.0
4.0
2.0
1.0
2.0
1.0
4.0
1.0
2.0
2.0
1.0
4.0
1.0
1.0
2.0
2.0
4.0
1.0
1.0
1.0
2.0
5.0
2.0
1.0
1.0
1.0
354.0
354.0
353.0
353.0
353.0
770.0
767.0
767.0
767.0
766.0
770.0
765.0
766.0
765.0
767.0
799.0
787.0
798.0
794.0
788.0
789.0
786.0
787.0
786.0
788.0
756.0
766.0
767.0
767.0
766.0
766.0
763.0
767.0
763.0
767.0
768.0
756.0
758.0
755.0
754.0
758.0
756.0
755.0
756.0
758.0
766.0
766.0
766.0
765.0
765.0
767.0
764.0
765.0
764.0
766.0
767.0
766.0
766.0
768.0
766.0
767.0
764.0
766.0
764.0
767.0
797.0
796.0
793.0
795.0
782.0
781.0
787.0
784.0
780.0
767.0
9.0
5.0
7.0
5.0
5.0
2.0
3.0
2.0
2.0
2.0
5.0
4.0
4.0
8.0
2.0
1.0
1.0
1.0
2.0
1.0
5.0
5.0
4.0
5.0
1.0
2.0
3.0
2.0
1.0
2.0
3.0
6.0
1.0
2.0
1.0
2.0
1.0
1.0
2.0
2.0
3.0
2.0
2.0
2.0
2.0
2.0
1.0
2.0
3.0
1.0
5.0
5.0
4.0
5.0
8.0
2.0
2.0
3.0
2.0
2.0
4.0
5.0
8.0
8.0
2.0
3.0
1.0
2.0
2.0
1.0
4.0
8.0
4.0
4.0
2.0
2.0
1.0
1.0
1.0
2.0
4.0
3.0
2.0
2.0
2.0
2.0
2.0
1.0
2.0
1.0
6.0
1.0
1.0
1.0
1.0
2.0
2.0
1.0
2.0
1.0
6.0
6.0
5.0
4.0
4.0
3.0
3.0
2.0
3.0
2.0
8.0
8.0
8.0
8.0
1.0
2.0
2.0
1.0
1.0
2.0
5.0
4.0
4.0
4.0
2.0
1.0
1.0
1.0
1.0
2.0
3.0
4.0
2.0
2.0
2.0
1.0
2.0
2.0
2.0
2.0
3.0
1.0
1.0
2.0
1.0
2.0
2.0
2.0
3.0
2.0
5.0
10.0
5.0
5.0
4.0
1.0
2.0
2.0
2.0
2.0
5.0
4.0
8.0
8.0
2.0
1.0
1.0
1.0
2.0
1.0
5.0
5.0
8.0
4.0
1.0
2.0
2.0
2.0
1.0
1.0
3.0
6.0
2.0
2.0
1.0
1.0
1.0
1.0
1.0
2.0
6.0
2.0
2.0
2.0
1.0
2.0
2.0
1.0
1.0
1.0
10.0
10.0
5.0
4.0
5.0
2.0
2.0
2.0
2.0
2.0
5.0
5.0
8.0
8.0
1.0
1.0
2.0
1.0
1.0
2.0
4.0
5.0
5.0
4.0
1.0
1.0
2.0
2.0
2.0
3.0
3.0
3.0
2.0
1.0
1.0
2.0
2.0
3.0
3.0
2.0
3.0
2.0
2.0
1.0
1.0
3.0
2.0
2.0
2.0
2.0
398.0
397.0
399.0
396.0
401.0
402.0
544.0
394.0
456.0
3.0
503.0
367.0
399.0
382.0
380.0
380.0
387.0
379.0
378.0
2.0
325.0
380.0
384.0
372.0
369.0
369.0
369.0
397.0
1.0
1.0
336.0
336.0
375.0
371.0
350.0
622.0
630.0
365.0
1.0
1.0
366.0
365.0
351.0
350.0
355.0
355.0
339.0
355.0
1.0
2.0
775.0
774.0
744.0
744.0
774.0
771.0
967.0
963.0
752.0
417.0
757.0
757.0
761.0
759.0
756.0
757.0
757.0
764.0
796.0
405.0
814.0
802.0
810.0
813.0
795.0
809.0
794.0
811.0
435.0
405.0
765.0
767.0
764.0
767.0
770.0
774.0
767.0
765.0
404.0
413.0
768.0
762.0
755.0
754.0
754.0
762.0
762.0
762.0
407.0
405.0
777.0
769.0
770.0
775.0
769.0
765.0
766.0
773.0
772.0
419.0
775.0
775.0
769.0
768.0
771.0
765.0
764.0
765.0
772.0
418.0
808.0
806.0
807.0
799.0
789.0
806.0
796.0
794.0
446.0
451.0
755.0
793.0
787.0
790.0
767.0
786.0
776.0
785.0
404.0
405.0
771.0
770.0
771.0
757.0
756.0
757.0
757.0
757.0
406.0
405.0
774.0
775.0
767.0
768.0
767.0
773.0
774.0
773.0
766.0
415.0
757.0
765.0
776.0
766.0
764.0
765.0
772.0
772.0
772.0
405.0
808.0
811.0
810.0
809.0
804.0
807.0
797.0
798.0
409.0
439.0
825.0
792.0
828.0
796.0
792.0
835.0
769.0
775.0
418.0
432.0
755.0
805.0
803.0
804.0
747.0
801.0
801.0
741.0
431.0
391.0
794.0
745.0
745.0
787.0
828.0
782.0
782.0
780.0
849.0
401.0
757.0
756.0
756.0
759.0
767.0
767.0
767.0
766.0
767.0
404.0
768.0
768.0
771.0
769.0
765.0
800.0
800.0
801.0
405.0
405.0
792.0
797.0
793.0
794.0
791.0
792.0
794.0
758.0
407.0
408.0
769.0
766.0
766.0
766.0
764.0
764.0
764.0
764.0
416.0
416.0
759.0
771.0
769.0
770.0
769.0
768.0
765.0
765.0
765.0
407.0
765.0
771.0
759.0
760.0
756.0
756.0
757.0
754.0
754.0
405.0
767.0
767.0
768.0
769.0
767.0
766.0
767.0
767.0
415.0
415.0
788.0
796.0
805.0
803.0
805.0
789.0
789.0
789.0
437.0
446.0
768.0
773.0
764.0
764.0
765.0
764.0
768.0
768.0
415.0
415.0
760.0
759.0
760.0
759.0
759.0
756.0
755.0
756.0
764.0
405.0
770.0
777.0
769.0
771.0
767.0
767.0
766.0
767.0
767.0
407.0
769.0
770.0
770.0
770.0
768.0
766.0
766.0
766.0
426.0
416.0
805.0
798.0
796.0
796.0
791.0
797.0
789.0
802.0
447.0
445.0
757.0
759.0
776.0
778.0
778.0
774.0
769.0
778.0
405.0
417.0
774.0
773.0
771.0
773.0
760.0
757.0
755.0
755.0
756.0
404.0
771.0
769.0
769.0
772.0
767.0
766.0
767.0
766.0
767.0
417.0
773.0
769.0
772.0
767.0
770.0
767.0
765.0
765.0
407.0
418.0
806.0
797.0
793.0
797.0
793.0
797.0
803.0
788.0
406.0
405.0
795.0
795.0
779.0
796.0
788.0
803.0
772.0
767.0
426.0
412.0
770.0
788.0
768.0
767.0
781.0
772.0
774.0
766.0
763.0
406.0
768.0
768.0
769.0
767.0
778.0
767.0
767.0
766.0
766.0
415.0
758.0
760.0
760.0
759.0
766.0
767.0
765.0
770.0
404.0
404.0
768.0
768.0
766.0
765.0
795.0
806.0
790.0
800.0
405.0
406.0
808.0
812.0
791.0
798.0
798.0
795.0
754.0
771.0
404.0
418.0
768.0
781.0
783.0
769.0
770.0
768.0
767.0
765.0
766.0
416.0
760.0
756.0
767.0
770.0
766.0
766.0
767.0
767.0
764.0
404.0
767.0
771.0
769.0
756.0
756.0
757.0
756.0
756.0
406.0
405.0
765.0
770.0
768.0
768.0
768.0
769.0
769.0
801.0
418.0
417.0
806.0
803.0
805.0
808.0
797.0
803.0
807.0
796.0
448.0
408.0
780.0
774.0
776.0
777.0
778.0
768.0
768.0
773.0
766.0
418.0
758.0
758.0
760.0
769.0
764.0
765.0
766.0
766.0
767.0
405.0
769.0
769.0
769.0
769.0
757.0
757.0
757.0
754.0
404.0
404.0
768.0
778.0
767.0
767.0
767.0
770.0
766.0
768.0
417.0
416.0
791.0
789.0
787.0
789.0
788.0
787.0
792.0
789.0
438.0
438.0
772.0
768.0
771.0
774.0
771.0
769.0
775.0
768.0
770.0
406.0
774.0
759.0
758.0
759.0
755.0
756.0
755.0
772.0
754.0
405.0
770.0
770.0
770.0
769.0
765.0
767.0
764.0
767.0
415.0
415.0
766.0
773.0
767.0
767.0
766.0
767.0
766.0
765.0
405.0
415.0
804.0
797.0
788.0
802.0
799.0
790.0
801.0
790.0
439.0
439.0
787.0
773.0
773.0
811.0
798.0
799.0
780.0
840.0
778.0
415.0
768.0
768.0
768.0
793.0
783.0
781.0
782.0
756.0
755.0
407.0
769.0
769.0
780.0
771.0
765.0
765.0
765.0
765.0
415.0
416.0
758.0
769.0
767.0
766.0
767.0
766.0
763.0
765.0
407.0
406.0
766.0
764.0
770.0
800.0
799.0
799.0
803.0
789.0
406.0
406.0
794.0
793.0
791.0
791.0
793.0
759.0
758.0
759.0
756.0
406.0
770.0
772.0
770.0
768.0
765.0
770.0
766.0
767.0
767.0
417.0
771.0
774.0
773.0
772.0
769.0
768.0
770.0
772.0
415.0
417.0
759.0
759.0
756.0
756.0
757.0
756.0
757.0
755.0
406.0
406.0
770.0
770.0
767.0
767.0
767.0
767.0
768.0
765.0
415.0
417.0
793.0
794.0
803.0
803.0
801.0
800.0
798.0
798.0
796.0
439.0
771.0
774.0
771.0
773.0
768.0
770.0
770.0
770.0
769.0
420.0
765.0
760.0
762.0
761.0
768.0
771.0
769.0
769.0
408.0
406.0
775.0
773.0
775.0
774.0
773.0
770.0
759.0
759.0
407.0
407.0
770.0
770.0
771.0
768.0
773.0
774.0
770.0
770.0
418.0
418.0
4.0
4.0
4.0
4.0
1.0
1.0
2.0
1.0
1.0
1.0
3.0
4.0
1.0
1.0
1.0
1.0
2.0
1.0
1.0
1.0
2.0
1.0
1.0
1.0
1.0
2.0
1.0
1.0
1.0
1.0
2.0
1.0
1.0
1.0
1.0
2.0
1.0
1.0
1.0
1.0
2.0
1.0
1.0
1.0
1.0
2.0
1.0
1.0
1.0
1.0
4.0
4.0
3.0
4.0
2.0
1.0
1.0
1.0
2.0
1.0
3.0
3.0
1.0
2.0
1.0
1.0
1.0
1.0
1.0
1.0
1.0
1.0
1.0
1.0
1.0
1.0
1.0
2.0
1.0
1.0
1.0
1.0
1.0
1.0
2.0
1.0
1.0
1.0
1.0
1.0
1.0
1.0
1.0
1.0
1.0
1.0
1.0
1.0
2.0
1.0
4.0
4.0
4.0
4.0
2.0
2.0
1.0
1.0
1.0
1.0
3.0
3.0
1.0
1.0
1.0
2.0
1.0
1.0
2.0
1.0
1.0
2.0
1.0
1.0
2.0
1.0
1.0
1.0
1.0
1.0
1.0
1.0
1.0
1.0
1.0
2.0
1.0
1.0
2.0
1.0
1.0
1.0
1.0
1.0
2.0
1.0
1.0
1.0
1.0
1.0
4.0
4.0
4.0
4.0
1.0
1.0
2.0
1.0
1.0
1.0
3.0
3.0
1.0
1.0
2.0
2.0
1.0
1.0
1.0
1.0
2.0
1.0
1.0
1.0
1.0
1.0
1.0
1.0
1.0
1.0
1.0
1.0
1.0
1.0
1.0
1.0
1.0
1.0
1.0
1.0
2.0
2.0
1.0
1.0
1.0
1.0
1.0
1.0
1.0
1.0
5.0
5.0
4.0
4.0
1.0
1.0
1.0
1.0
2.0
2.0
3.0
3.0
1.0
1.0
1.0
1.0
1.0
1.0
1.0
1.0
1.0
2.0
1.0
2.0
1.0
1.0
2.0
1.0
1.0
1.0
1.0
1.0
1.0
1.0
1.0
1.0
1.0
1.0
1.0
1.0
1.0
1.0
1.0
1.0
1.0
1.0
1.0
1.0
2.0
2.0
392.0
392.0
395.0
395.0
392.0
388.0
392.0
392.0
391.0
1.0
395.0
353.0
353.0
351.0
352.0
353.0
360.0
358.0
1.0
1.0
351.0
354.0
352.0
351.0
351.0
351.0
353.0
351.0
1.0
1.0
355.0
354.0
351.0
352.0
352.0
362.0
362.0
2.0
2.0
1.0
361.0
361.0
364.0
362.0
362.0
362.0
2.0
1.0
1.0
1.0
769.0
768.0
758.0
758.0
755.0
756.0
756.0
755.0
756.0
405.0
766.0
768.0
765.0
764.0
764.0
767.0
764.0
766.0
416.0
416.0
766.0
775.0
764.0
767.0
767.0
765.0
766.0
766.0
416.0
417.0
799.0
789.0
800.0
798.0
788.0
800.0
787.0
449.0
446.0
436.0
783.0
775.0
780.0
780.0
802.0
800.0
423.0
431.0
427.0
426.0
807.0
833.0
808.0
807.0
768.0
768.0
769.0
768.0
779.0
425.0
770.0
772.0
831.0
773.0
771.0
777.0
776.0
776.0
421.0
419.0
766.0
761.0
769.0
769.0
773.0
772.0
791.0
769.0
410.0
408.0
767.0
765.0
766.0
772.0
763.0
798.0
809.0
410.0
406.0
405.0
810.0
796.0
796.0
792.0
808.0
805.0
456.0
455.0
420.0
414.0
784.0
783.0
776.0
783.0
780.0
765.0
765.0
764.0
766.0
415.0
757.0
764.0
761.0
762.0
773.0
774.0
764.0
766.0
406.0
403.0
763.0
779.0
765.0
772.0
773.0
773.0
762.0
762.0
404.0
405.0
766.0
765.0
766.0
765.0
771.0
773.0
774.0
418.0
419.0
419.0
792.0
793.0
794.0
785.0
786.0
791.0
435.0
436.0
441.0
439.0
758.0
758.0
765.0
765.0
763.0
773.0
772.0
765.0
767.0
404.0
771.0
770.0
768.0
771.0
772.0
772.0
761.0
762.0
406.0
406.0
766.0
766.0
767.0
767.0
765.0
774.0
773.0
773.0
419.0
419.0
754.0
762.0
762.0
765.0
765.0
766.0
765.0
408.0
407.0
407.0
770.0
769.0
769.0
766.0
797.0
796.0
406.0
407.0
406.0
407.0
791.0
791.0
793.0
796.0
790.0
794.0
795.0
788.0
757.0
406.0
768.0
767.0
766.0
768.0
767.0
766.0
766.0
766.0
415.0
415.0
756.0
755.0
754.0
767.0
766.0
769.0
765.0
765.0
405.0
404.0
768.0
767.0
765.0
767.0
767.0
754.0
757.0
405.0
404.0
404.0
767.0
764.0
767.0
767.0
767.0
765.0
416.0
415.0
415.0
415.0
789.0
789.0
791.0
790.0
789.0
797.0
802.0
801.0
800.0
436.0
785.0
767.0
763.0
789.0
797.0
789.0
795.0
766.0
405.0
406.0
766.0
766.0
765.0
765.0
765.0
755.0
754.0
756.0
404.0
406.0
766.0
768.0
767.0
766.0
768.0
767.0
767.0
416.0
416.0
418.0
765.0
767.0
764.0
767.0
768.0
768.0
404.0
404.0
405.0
405.0
771.0
772.0
775.0
773.0
789.0
798.0
790.0
794.0
793.0
405.0
796.0
791.0
791.0
804.0
788.0
755.0
767.0
756.0
417.0
417.0
770.0
765.0
767.0
767.0
765.0
766.0
766.0
765.0
416.0
415.0
768.0
762.0
767.0
770.0
770.0
770.0
768.0
407.0
406.0
405.0
772.0
771.0
767.0
758.0
756.0
755.0
408.0
408.0
407.0
404.0
770.0
770.0
770.0
773.0
769.0
766.0
764.0
766.0
768.0
415.0
787.0
789.0
786.0
786.0
785.0
786.0
785.0
785.0
435.0
437.0
754.0
755.0
761.0
769.0
769.0
768.0
768.0
770.0
404.0
404.0
768.0
769.0
770.0
772.0
760.0
756.0
756.0
405.0
405.0
405.0
767.0
765.0
768.0
766.0
767.0
766.0
417.0
416.0
416.0
415.0
764.0
762.0
768.0
774.0
770.0
784.0
774.0
772.0
773.0
408.0
771.0
772.0
798.0
795.0
794.0
797.0
793.0
788.0
405.0
405.0
801.0
784.0
786.0
786.0
768.0
775.0
772.0
775.0
405.0
404.0
767.0
764.0
770.0
764.0
763.0
766.0
765.0
417.0
416.0
417.0
766.0
765.0
765.0
764.0
767.0
766.0
404.0
403.0
405.0
404.0
767.0
766.0
769.0
766.0
757.0
756.0
755.0
755.0
759.0
405.0
768.0
766.0
763.0
766.0
763.0
766.0
767.0
766.0
414.0
415.0
796.0
789.0
797.0
800.0
802.0
800.0
802.0
807.0
437.0
436.0
791.0
790.0
804.0
788.0
787.0
801.0
805.0
433.0
428.0
427.0
771.0
768.0
755.0
754.0
754.0
757.0
405.0
405.0
406.0
407.0
768.0
768.0
769.0
767.0
767.0
764.0
766.0
765.0
766.0
416.0
765.0
769.0
768.0
767.0
768.0
769.0
768.0
769.0
406.0
404.0
768.0
769.0
792.0
796.0
789.0
801.0
800.0
793.0
405.0
404.0
801.0
798.0
810.0
808.0
756.0
761.0
757.0
405.0
416.0
404.0
766.0
767.0
766.0
772.0
767.0
766.0
416.0
414.0
416.0
415.0
757.0
759.0
758.0
758.0
772.0
768.0
766.0
766.0
765.0
405.0
769.0
769.0
768.0
766.0
765.0
758.0
755.0
755.0
404.0
406.0
767.0
766.0
766.0
766.0
768.0
765.0
768.0
765.0
417.0
417.0
785.0
789.0
785.0
792.0
791.0
791.0
791.0
446.0
437.0
437.0
756.0
753.0
764.0
763.0
765.0
765.0
405.0
404.0
405.0
408.0
767.0
767.0
766.0
768.0
764.0
765.0
755.0
755.0
756.0
405.0
766.0
768.0
765.0
767.0
766.0
766.0
763.0
764.0
414.0
416.0
762.0
769.0
767.0
768.0
768.0
769.0
771.0
767.0
404.0
403.0
767.0
805.0
795.0
786.0
783.0
785.0
792.0
404.0
405.0
404.0
791.0
786.0
786.0
785.0
760.0
755.0
406.0
405.0
405.0
407.0
774.0
772.0
771.0
766.0
764.0
770.0
769.0
769.0
769.0
419.0
767.0
773.0
769.0
770.0
769.0
768.0
770.0
768.0
406.0
404.0
769.0
769.0
755.0
756.0
753.0
754.0
756.0
755.0
404.0
403.0
766.0
764.0
765.0
765.0
766.0
767.0
765.0
415.0
414.0
415.0
797.0
795.0
795.0
788.0
783.0
790.0
443.0
441.0
431.0
432.0
