1.0
1.0
1.0
1.0
1.0
1.0
1.0
1.0
1.0
1.0
1.0
1.0
1.0
1.0
1.0
1.0
326.0
325.0
325.0
324.0
325.0
325.0
325.0
325.0
333.0
325.0
325.0
325.0
325.0
325.0
325.0
325.0
325.0
325.0
325.0
319.0
318.0
318.0
319.0
319.0
319.0
318.0
319.0
319.0
318.0
319.0
325.0
325.0
326.0
325.0
0.0
0.0
1.0
1.0
1.0
1.0
326.0
325.0
324.0
325.0
325.0
326.0
318.0
317.0
318.0
318.0
318.0
317.0
318.0
318.0
318.0
319.0
326.0
325.0
325.0
326.0
325.0
325.0
325.0
325.0
326.0
326.0
318.0
318.0
318.0
318.0
318.0
318.0
318.0
318.0
0.0
0.0
1.0
1.0
1.0
1.0
318.0
318.0
318.0
318.0
319.0
319.0
318.0
318.0
318.0
318.0
318.0
319.0
325.0
326.0
325.0
325.0
325.0
325.0
326.0
326.0
325.0
327.0
318.0
318.0
318.0
318.0
318.0
318.0
317.0
318.0
318.0
319.0
324.0
325.0
1.0
1.0
1.0
1.0
1.0
1.0
325.0
325.0
325.0
325.0
325.0
325.0
325.0
325.0
318.0
318.0
318.0
318.0
318.0
318.0
318.0
318.0
318.0
319.0
325.0
325.0
325.0
324.0
325.0
325.0
325.0
324.0
325.0
325.0
318.0
318.0
318.0
318.0
318.0
318.0
1.0
1.0
1.0
1.0
1.0
1.0
318.0
318.0
318.0
320.0
318.0
318.0
319.0
318.0
318.0
319.0
318.0
318.0
318.0
318.0
325.0
324.0
325.0
325.0
325.0
324.0
325.0
325.0
325.0
325.0
318.0
318.0
318.0
318.0
318.0
318.0
318.0
318.0
317.0
315.0
1.0
1.0
1.0
1.0
1.0
1.0
1.0
1.0
0.0
1.0
1.0
1.0
1.0
1.0
1.0
1.0
1.0
1.0
0.0
0.0
1.0
1.0
1.0
1.0
1.0
1.0
1.0
1.0
1.0
1.0
0.0
0.0
0.0
0.0
0.0
1.0
1.0
1.0
1.0
1.0
1.0
1.0
0.0
0.0
0.0
1.0
1.0
1.0
1.0
1.0
1.0
1.0
1.0
1.0
1.0
0.0
0.0
1.0
1.0
1.0
463.0
463.0
463.0
463.0
463.0
463.0
462.0
462.0
462.0
317.0
318.0
325.0
325.0
325.0
325.0
325.0
325.0
325.0
325.0
171.0
325.0
326.0
318.0
318.0
318.0
318.0
318.0
319.0
318.0
172.0
318.0
318.0
318.0
319.0
319.0
319.0
318.0
319.0
319.0
172.0
325.0
325.0
325.0
324.0
324.0
324.0
324.0
324.0
324.0
178.0
318.0
318.0
318.0
318.0
318.0
319.0
318.0
318.0
318.0
172.0
318.0
318.0
318.0
318.0
318.0
318.0
324.0
324.0
324.0
172.0
325.0
325.0
325.0
324.0
324.0
324.0
325.0
318.0
318.0
173.0
318.0
318.0
318.0
318.0
318.0
318.0
318.0
318.0
318.0
173.0
324.0
324.0
324.0
324.0
324.0
324.0
324.0
324.0
325.0
179.0
318.0
318.0
318.0
318.0
318.0
318.0
319.0
318.0
318.0
172.0
319.0
325.0
324.0
330.0
325.0
325.0
325.0
324.0
324.0
172.0
325.0
326.0
318.0
318.0
318.0
318.0
318.0
318.0
318.0
172.0
318.0
319.0
319.0
318.0
318.0
318.0
318.0
318.0
318.0
172.0
325.0
325.0
325.0
324.0
324.0
324.0
324.0
325.0
324.0
179.0
317.0
318.0
318.0
318.0
319.0
318.0
318.0
318.0
318.0
171.0
318.0
318.0
318.0
317.0
318.0
319.0
325.0
325.0
325.0
172.0
325.0
324.0
324.0
325.0
324.0
324.0
325.0
317.0
318.0
172.0
318.0
318.0
318.0
318.0
318.0
318.0
318.0
319.0
319.0
172.0
325.0
324.0
324.0
325.0
325.0
324.0
325.0
324.0
325.0
178.0
320.0
321.0
319.0
320.0
319.0
321.0
320.0
321.0
321.0
173.0
331.0
329.0
330.0
329.0
332.0
329.0
329.0
329.0
333.0
180.0
326.0
327.0
325.0
325.0
325.0
325.0
325.0
325.0
325.0
179.0
318.0
318.0
318.0
318.0
318.0
318.0
318.0
318.0
318.0
172.0
318.0
318.0
318.0
325.0
326.0
326.0
326.0
326.0
326.0
172.0
326.0
326.0
325.0
326.0
319.0
320.0
318.0
318.0
318.0
173.0
318.0
319.0
318.0
318.0
318.0
319.0
318.0
318.0
318.0
172.0
326.0
326.0
325.0
326.0
325.0
326.0
326.0
326.0
326.0
180.0
318.0
318.0
319.0
320.0
318.0
318.0
318.0
319.0
320.0
173.0
327.0
327.0
327.0
327.0
328.0
327.0
328.0
327.0
328.0
181.0
319.0
319.0
319.0
319.0
319.0
319.0
319.0
323.0
320.0
173.0
319.0
318.0
319.0
319.0
319.0
318.0
319.0
318.0
318.0
173.0
328.0
326.0
325.0
325.0
326.0
325.0
325.0
325.0
326.0
179.0
318.0
323.0
318.0
319.0
318.0
318.0
318.0
319.0
319.0
172.0
1.0
1.0
0.0
1.0
1.0
1.0
1.0
1.0
1.0
0.0
0.0
1.0
0.0
1.0
1.0
1.0
1.0
0.0
0.0
1.0
1.0
1.0
1.0
0.0
1.0
1.0
0.0
1.0
1.0
1.0
1.0
1.0
0.0
0.0
0.0
1.0
1.0
1.0
1.0
1.0
1.0
1.0
1.0
1.0
1.0
1.0
1.0
0.0
0.0
0.0
0.0
1.0
1.0
1.0
1.0
1.0
1.0
1.0
1.0
0.0
318.0
318.0
318.0
326.0
325.0
326.0
326.0
326.0
325.0
172.0
329.0
329.0
329.0
330.0
336.0
322.0
321.0
321.0
322.0
176.0
318.0
319.0
319.0
318.0
319.0
318.0
319.0
319.0
319.0
173.0
327.0
326.0
326.0
326.0
326.0
327.0
327.0
326.0
326.0
180.0
318.0
318.0
318.0
318.0
318.0
319.0
319.0
318.0
318.0
173.0
319.0
319.0
319.0
319.0
319.0
327.0
326.0
329.0
327.0
173.0
328.0
328.0
327.0
327.0
328.0
328.0
319.0
319.0
320.0
172.0
319.0
318.0
318.0
318.0
317.0
318.0
318.0
317.0
318.0
172.0
326.0
325.0
325.0
325.0
325.0
325.0
324.0
325.0
325.0
179.0
318.0
319.0
318.0
318.0
318.0
318.0
319.0
319.0
318.0
172.0
318.0
318.0
319.0
318.0
325.0
324.0
325.0
324.0
324.0
172.0
324.0
325.0
324.0
325.0
324.0
318.0
318.0
318.0
318.0
172.0
319.0
318.0
318.0
319.0
319.0
318.0
318.0
318.0
320.0
172.0
325.0
325.0
325.0
325.0
324.0
325.0
325.0
325.0
325.0
179.0
318.0
318.0
318.0
318.0
318.0
318.0
319.0
318.0
317.0
172.0
318.0
318.0
318.0
318.0
318.0
318.0
318.0
319.0
318.0
172.0
324.0
324.0
325.0
324.0
325.0
325.0
325.0
326.0
325.0
178.0
319.0
318.0
318.0
318.0
318.0
318.0
317.0
318.0
318.0
172.0
325.0
325.0
327.0
327.0
326.0
327.0
326.0
326.0
327.0
178.0
318.0
318.0
319.0
318.0
318.0
319.0
318.0
318.0
318.0
172.0
318.0
317.0
318.0
319.0
317.0
318.0
317.0
318.0
318.0
172.0
325.0
325.0
325.0
325.0
325.0
325.0
325.0
325.0
325.0
179.0
318.0
318.0
318.0
318.0
318.0
320.0
319.0
318.0
318.0
172.0
324.0
325.0
325.0
325.0
325.0
325.0
325.0
324.0
325.0
179.0
318.0
318.0
318.0
318.0
318.0
318.0
317.0
319.0
318.0
171.0
318.0
319.0
319.0
318.0
318.0
318.0
319.0
319.0
319.0
173.0
325.0
325.0
324.0
325.0
325.0
325.0
325.0
324.0
324.0
179.0
319.0
318.0
318.0
318.0
318.0
317.0
318.0
318.0
317.0
172.0
318.0
319.0
325.0
325.0
325.0
325.0
325.0
325.0
325.0
173.0
325.0
325.0
325.0
317.0
318.0
318.0
318.0
318.0
318.0
173.0
318.0
318.0
318.0
319.0
317.0
318.0
318.0
318.0
317.0
172.0
325.0
325.0
325.0
325.0
326.0
324.0
325.0
325.0
325.0
179.0
318.0
318.0
318.0
318.0
318.0
319.0
319.0
318.0
318.0
172.0
318.0
319.0
318.0
325.0
326.0
325.0
326.0
325.0
325.0
172.0
1.0
1.0
0.0
1.0
1.0
0.0
1.0
1.0
1.0
1.0
0.0
0.0
1.0
1.0
1.0
1.0
0.0
0.0
1.0
1.0
1.0
1.0
1.0
1.0
1.0
1.0
0.0
0.0
0.0
1.0
1.0
1.0
1.0
0.0
1.0
1.0
1.0
1.0
0.0
0.0
1.0
1.0
1.0
1.0
0.0
0.0
1.0
1.0
1.0
1.0
1.0
1.0
1.0
1.0
0.0
0.0
0.0
1.0
1.0
1.0
325.0
325.0
325.0
325.0
318.0
318.0
318.0
318.0
318.0
172.0
324.0
327.0
326.0
324.0
324.0
326.0
326.0
327.0
331.0
177.0
345.0
343.0
342.0
342.0
347.0
343.0
341.0
342.0
340.0
191.0
320.0
318.0
318.0
318.0
318.0
318.0
318.0
318.0
318.0
172.0
319.0
319.0
326.0
327.0
326.0
326.0
326.0
326.0
326.0
173.0
325.0
325.0
325.0
318.0
318.0
319.0
318.0
318.0
318.0
172.0
318.0
318.0
318.0
319.0
319.0
318.0
319.0
318.0
318.0
173.0
325.0
326.0
325.0
325.0
325.0
325.0
325.0
325.0
325.0
179.0
318.0
318.0
318.0
318.0
318.0
318.0
318.0
318.0
318.0
172.0
317.0
318.0
318.0
318.0
317.0
318.0
318.0
325.0
325.0
172.0
325.0
325.0
325.0
325.0
325.0
325.0
325.0
325.0
319.0
172.0
319.0
319.0
319.0
319.0
319.0
319.0
319.0
319.0
319.0
172.0
325.0
325.0
326.0
326.0
325.0
325.0
325.0
325.0
327.0
180.0
318.0
319.0
318.0
318.0
318.0
318.0
319.0
319.0
319.0
172.0
318.0
319.0
318.0
319.0
318.0
318.0
319.0
318.0
318.0
172.0
325.0
326.0
325.0
325.0
325.0
326.0
325.0
325.0
325.0
179.0
318.0
318.0
318.0
318.0
318.0
318.0
317.0
318.0
318.0
171.0
326.0
326.0
326.0
326.0
326.0
326.0
325.0
325.0
326.0
180.0
317.0
318.0
318.0
317.0
317.0
319.0
318.0
318.0
318.0
172.0
318.0
318.0
319.0
318.0
319.0
318.0
318.0
325.0
325.0
172.0
325.0
325.0
325.0
325.0
325.0
325.0
325.0
326.0
318.0
173.0
318.0
318.0
318.0
318.0
318.0
318.0
318.0
318.0
318.0
172.0
325.0
325.0
325.0
325.0
324.0
325.0
325.0
325.0
324.0
172.0
325.0
318.0
317.0
318.0
318.0
318.0
317.0
318.0
318.0
172.0
318.0
318.0
318.0
318.0
318.0
318.0
319.0
319.0
318.0
172.0
326.0
326.0
326.0
326.0
326.0
326.0
326.0
325.0
325.0
179.0
317.0
318.0
318.0
318.0
317.0
318.0
318.0
318.0
318.0
172.0
318.0
319.0
318.0
325.0
325.0
325.0
325.0
325.0
325.0
172.0
325.0
325.0
325.0
325.0
318.0
318.0
318.0
319.0
318.0
172.0
318.0
318.0
318.0
318.0
318.0
318.0
318.0
318.0
317.0
172.0
325.0
325.0
325.0
325.0
325.0
325.0
325.0
325.0
325.0
179.0
318.0
317.0
318.0
318.0
318.0
318.0
318.0
318.0
318.0
172.0
325.0
325.0
325.0
325.0
325.0
325.0
325.0
325.0
325.0
172.0
325.0
318.0
318.0
318.0
318.0
318.0
318.0
318.0
318.0
172.0
1.0
1.0
0.0
1.0
1.0
1.0
0.0
1.0
1.0
1.0
0.0
1.0
1.0
0.0
1.0
1.0
1.0
0.0
1.0
1.0
0.0
1.0
1.0
1.0
0.0
1.0
1.0
0.0
1.0
1.0
1.0
1.0
1.0
0.0
1.0
1.0
0.0
1.0
1.0
1.0
1.0
0.0
1.0
1.0
0.0
1.0
1.0
0.0
1.0
1.0
0.0
1.0
1.0
1.0
1.0
0.0
1.0
1.0
0.0
1.0
319.0
318.0
318.0
318.0
318.0
317.0
318.0
318.0
318.0
172.0
325.0
325.0
325.0
325.0
326.0
325.0
325.0
325.0
179.0
180.0
318.0
317.0
318.0
318.0
318.0
319.0
318.0
318.0
318.0
172.0
319.0
319.0
319.0
319.0
326.0
325.0
326.0
326.0
172.0
172.0
325.0
325.0
325.0
325.0
326.0
325.0
318.0
319.0
318.0
172.0
318.0
318.0
318.0
318.0
317.0
318.0
318.0
318.0
172.0
172.0
327.0
326.0
327.0
327.0
326.0
326.0
327.0
326.0
327.0
180.0
318.0
318.0
318.0
318.0
318.0
319.0
318.0
318.0
172.0
171.0
318.0
318.0
321.0
318.0
326.0
325.0
325.0
326.0
326.0
172.0
326.0
326.0
326.0
326.0
328.0
318.0
319.0
318.0
172.0
173.0
319.0
318.0
318.0
319.0
319.0
319.0
320.0
319.0
318.0
172.0
326.0
325.0
326.0
326.0
325.0
326.0
326.0
326.0
179.0
180.0
319.0
318.0
318.0
318.0
318.0
318.0
318.0
318.0
319.0
173.0
323.0
318.0
319.0
319.0
319.0
318.0
318.0
319.0
172.0
172.0
325.0
327.0
329.0
326.0
325.0
325.0
325.0
326.0
325.0
179.0
318.0
319.0
318.0
321.0
318.0
319.0
319.0
318.0
172.0
172.0
319.0
319.0
320.0
319.0
326.0
333.0
343.0
336.0
336.0
173.0
345.0
346.0
349.0
349.0
349.0
340.0
356.0
330.0
182.0
181.0
320.0
320.0
319.0
320.0
319.0
319.0
318.0
319.0
333.0
172.0
327.0
326.0
326.0
327.0
326.0
327.0
325.0
327.0
181.0
188.0
319.0
331.0
318.0
318.0
318.0
318.0
318.0
318.0
318.0
172.0
318.0
318.0
340.0
324.0
324.0
325.0
324.0
325.0
172.0
172.0
324.0
325.0
324.0
325.0
318.0
319.0
318.0
319.0
334.0
172.0
318.0
319.0
319.0
319.0
319.0
319.0
318.0
318.0
172.0
179.0
324.0
325.0
324.0
324.0
324.0
339.0
326.0
324.0
325.0
179.0
318.0
318.0
318.0
318.0
318.0
319.0
333.0
319.0
172.0
172.0
319.0
319.0
319.0
319.0
319.0
319.0
319.0
318.0
340.0
173.0
326.0
325.0
324.0
325.0
325.0
325.0
325.0
325.0
179.0
180.0
318.0
318.0
331.0
317.0
318.0
318.0
318.0
318.0
318.0
172.0
318.0
318.0
327.0
339.0
325.0
326.0
325.0
325.0
172.0
172.0
325.0
325.0
325.0
325.0
319.0
335.0
318.0
318.0
319.0
172.0
319.0
319.0
319.0
319.0
320.0
319.0
334.0
320.0
172.0
172.0
327.0
327.0
327.0
327.0
326.0
326.0
326.0
327.0
342.0
179.0
319.0
320.0
320.0
320.0
320.0
320.0
320.0
320.0
174.0
180.0
0.0
1.0
1.0
1.0
0.0
1.0
1.0
1.0
0.0
1.0
1.0
0.0
1.0
1.0
1.0
0.0
1.0
1.0
0.0
1.0
1.0
1.0
0.0
1.0
1.0
0.0
1.0
1.0
1.0
0.0
1.0
1.0
0.0
1.0
1.0
1.0
0.0
1.0
1.0
0.0
1.0
1.0
1.0
0.0
1.0
1.0
0.0
1.0
1.0
1.0
0.0
1.0
1.0
1.0
0.0
1.0
1.0
0.0
1.0
1.0
331.0
332.0
330.0
331.0
331.0
331.0
331.0
331.0
331.0
178.0
325.0
318.0
318.0
319.0
318.0
318.0
318.0
172.0
172.0
172.0
320.0
319.0
319.0
319.0
319.0
318.0
319.0
319.0
319.0
173.0
325.0
325.0
324.0
325.0
325.0
325.0
325.0
179.0
179.0
179.0
318.0
318.0
318.0
318.0
317.0
317.0
318.0
318.0
318.0
172.0
319.0
318.0
318.0
319.0
319.0
319.0
319.0
172.0
172.0
172.0
326.0
326.0
326.0
325.0
325.0
325.0
324.0
325.0
325.0
180.0
318.0
318.0
318.0
319.0
318.0
318.0
318.0
172.0
172.0
172.0
326.0
325.0
326.0
326.0
326.0
326.0
326.0
327.0
327.0
180.0
318.0
318.0
318.0
318.0
318.0
319.0
318.0
172.0
171.0
172.0
319.0
318.0
318.0
318.0
319.0
318.0
318.0
319.0
318.0
172.0
325.0
325.0
325.0
325.0
325.0
324.0
326.0
179.0
179.0
179.0
319.0
319.0
320.0
320.0
320.0
320.0
319.0
320.0
320.0
173.0
318.0
318.0
318.0
317.0
318.0
325.0
325.0
173.0
172.0
172.0
325.0
325.0
324.0
325.0
325.0
325.0
325.0
325.0
318.0
172.0
318.0
318.0
318.0
319.0
318.0
318.0
318.0
172.0
172.0
173.0
318.0
325.0
325.0
325.0
326.0
325.0
324.0
325.0
325.0
172.0
325.0
325.0
318.0
318.0
318.0
317.0
317.0
171.0
172.0
172.0
317.0
318.0
318.0
318.0
318.0
318.0
318.0
325.0
325.0
172.0
326.0
326.0
326.0
325.0
326.0
326.0
325.0
180.0
173.0
172.0
318.0
318.0
318.0
318.0
318.0
317.0
318.0
318.0
317.0
172.0
318.0
325.0
325.0
325.0
325.0
324.0
324.0
172.0
172.0
172.0
325.0
325.0
325.0
326.0
320.0
320.0
319.0
319.0
320.0
171.0
320.0
320.0
320.0
319.0
319.0
318.0
318.0
171.0
172.0
172.0
325.0
326.0
325.0
326.0
325.0
325.0
325.0
326.0
325.0
179.0
318.0
317.0
318.0
318.0
318.0
318.0
318.0
172.0
172.0
172.0
317.0
318.0
318.0
318.0
318.0
318.0
318.0
318.0
319.0
172.0
325.0
325.0
325.0
325.0
325.0
325.0
325.0
179.0
179.0
179.0
317.0
318.0
318.0
318.0
318.0
318.0
318.0
318.0
317.0
172.0
325.0
325.0
325.0
325.0
326.0
325.0
325.0
179.0
179.0
179.0
318.0
318.0
318.0
318.0
318.0
318.0
318.0
318.0
328.0
172.0
319.0
318.0
319.0
318.0
318.0
318.0
318.0
172.0
172.0
174.0
325.0
325.0
324.0
325.0
326.0
326.0
326.0
326.0
326.0
179.0
319.0
319.0
320.0
320.0
322.0
317.0
315.0
171.0
172.0
172.0
