2.0
2.0
1.0
1.0
1.0
1.0
1.0
1.0
1.0
1.0
4.0
4.0
3.0
3.0
3.0
4.0
3.0
4.0
5.0
5.0
72.0
72.0
72.0
72.0
71.0
71.0
129.0
128.0
127.0
128.0
291.0
290.0
290.0
290.0
290.0
264.0
482.0
349.0
354.0
482.0
313.0
286.0
287.0
287.0
287.0
286.0
287.0
306.0
287.0
314.0
287.0
287.0
287.0
268.0
287.0
286.0
287.0
234.0
287.0
442.0
437.0
287.0
287.0
287.0
287.0
288.0
239.0
291.0
291.0
291.0
292.0
292.0
292.0
291.0
244.0
308.0
372.0
366.0
309.0
266.0
308.0
309.0
309.0
311.0
310.0
284.0
248.0
363.0
248.0
282.0
280.0
281.0
281.0
280.0
439.0
278.0
249.0
250.0
278.0
448.0
278.0
277.0
278.0
278.0
278.0
248.0
404.0
248.0
278.0
283.0
284.0
283.0
283.0
260.0
282.0
262.0
322.0
277.0
272.0
271.0
271.0
386.0
256.0
256.0
269.0
256.0
466.0
268.0
258.0
268.0
270.0
269.0
259.0
257.0
268.0
464.0
267.0
256.0
268.0
267.0
268.0
256.0
257.0
268.0
407.0
274.0
266.0
273.0
274.0
274.0
268.0
328.0
269.0
272.0
265.0
265.0
266.0
266.0
265.0
265.0
265.0
266.0
266.0
267.0
267.0
266.0
266.0
266.0
266.0
266.0
267.0
266.0
266.0
266.0
266.0
266.0
266.0
266.0
266.0
265.0
265.0
265.0
265.0
271.0
273.0
273.0
273.0
272.0
272.0
274.0
273.0
296.0
295.0
291.0
287.0
289.0
289.0
290.0
288.0
287.0
288.0
264.0
263.0
268.0
248.0
264.0
243.0
260.0
260.0
261.0
4.0
4.0
4.0
3.0
3.0
3.0
3.0
4.0
5.0
4.0
3.0
3.0
3.0
3.0
1.0
1.0
1.0
2.0
1.0
1.0
3.0
5.0
5.0
3.0
3.0
2.0
5.0
3.0
3.0
5.0
3.0
3.0
3.0
2.0
0.0
1.0
0.0
1.0
2.0
1.0
2.0
4.0
4.0
5.0
3.0
3.0
3.0
3.0
2.0
4.0
3.0
1.0
3.0
1.0
1.0
1.0
0.0
1.0
1.0
1.0
3.0
4.0
5.0
2.0
3.0
4.0
3.0
3.0
4.0
3.0
3.0
1.0
2.0
1.0
1.0
1.0
0.0
0.0
1.0
1.0
5.0
5.0
3.0
3.0
4.0
2.0
3.0
3.0
5.0
3.0
3.0
1.0
3.0
0.0
1.0
1.0
1.0
1.0
0.0
0.0
133.0
74.0
133.0
75.0
133.0
75.0
76.0
74.0
75.0
132.0
73.0
72.0
72.0
72.0
70.0
70.0
85.0
87.0
1.0
1.0
130.0
130.0
72.0
72.0
72.0
72.0
72.0
72.0
71.0
72.0
58.0
71.0
71.0
72.0
70.0
69.0
95.0
1.0
2.0
1.0
128.0
59.0
71.0
72.0
72.0
71.0
72.0
72.0
72.0
57.0
128.0
70.0
71.0
69.0
70.0
0.0
1.0
1.0
0.0
0.0
71.0
72.0
72.0
57.0
128.0
71.0
72.0
72.0
71.0
72.0
77.0
69.0
70.0
110.0
70.0
1.0
0.0
0.0
1.0
0.0
71.0
71.0
72.0
71.0
71.0
87.0
83.0
95.0
72.0
72.0
72.0
69.0
72.0
69.0
70.0
1.0
0.0
1.0
1.0
0.0
233.0
274.0
286.0
286.0
288.0
287.0
287.0
286.0
288.0
296.0
256.0
275.0
310.0
309.0
308.0
306.0
290.0
290.0
122.0
110.0
306.0
267.0
267.0
286.0
280.0
281.0
281.0
280.0
305.0
283.0
253.0
253.0
291.0
294.0
269.0
269.0
252.0
114.0
115.0
107.0
262.0
263.0
266.0
268.0
266.0
285.0
267.0
266.0
266.0
265.0
270.0
269.0
273.0
272.0
270.0
110.0
110.0
116.0
115.0
117.0
272.0
273.0
267.0
266.0
266.0
267.0
265.0
266.0
265.0
266.0
266.0
264.0
266.0
265.0
263.0
109.0
110.0
110.0
109.0
109.0
266.0
266.0
266.0
265.0
268.0
267.0
268.0
267.0
265.0
267.0
265.0
263.0
267.0
264.0
264.0
110.0
110.0
110.0
110.0
110.0
304.0
270.0
269.0
279.0
268.0
279.0
279.0
307.0
280.0
267.0
274.0
259.0
260.0
261.0
272.0
270.0
255.0
245.0
114.0
114.0
266.0
266.0
266.0
266.0
266.0
265.0
266.0
266.0
265.0
266.0
267.0
266.0
266.0
266.0
264.0
263.0
249.0
110.0
110.0
111.0
293.0
292.0
292.0
291.0
293.0
291.0
292.0
292.0
291.0
293.0
266.0
266.0
267.0
266.0
264.0
109.0
111.0
110.0
110.0
110.0
266.0
266.0
266.0
266.0
267.0
267.0
268.0
270.0
267.0
265.0
266.0
266.0
275.0
264.0
267.0
111.0
111.0
110.0
110.0
109.0
269.0
265.0
271.0
271.0
273.0
273.0
276.0
280.0
272.0
276.0
272.0
271.0
273.0
265.0
264.0
110.0
110.0
109.0
110.0
109.0
266.0
267.0
266.0
266.0
266.0
266.0
266.0
267.0
266.0
267.0
267.0
267.0
267.0
267.0
265.0
265.0
249.0
250.0
111.0
110.0
266.0
266.0
266.0
266.0
273.0
273.0
272.0
273.0
274.0
273.0
274.0
274.0
274.0
273.0
265.0
264.0
249.0
110.0
110.0
110.0
267.0
266.0
265.0
266.0
266.0
266.0
267.0
266.0
266.0
266.0
268.0
264.0
268.0
264.0
264.0
110.0
112.0
112.0
110.0
112.0
267.0
265.0
266.0
267.0
265.0
266.0
267.0
266.0
266.0
266.0
291.0
289.0
292.0
289.0
290.0
117.0
117.0
117.0
116.0
134.0
284.0
286.0
284.0
287.0
266.0
266.0
268.0
266.0
267.0
266.0
267.0
267.0
267.0
268.0
265.0
111.0
110.0
110.0
110.0
110.0
265.0
267.0
267.0
265.0
268.0
267.0
268.0
269.0
268.0
267.0
267.0
269.0
267.0
267.0
266.0
273.0
257.0
259.0
111.0
110.0
275.0
275.0
274.0
274.0
275.0
274.0
274.0
268.0
270.0
269.0
266.0
266.0
267.0
268.0
266.0
266.0
250.0
110.0
110.0
111.0
266.0
269.0
269.0
267.0
268.0
266.0
267.0
267.0
266.0
266.0
273.0
274.0
273.0
276.0
280.0
110.0
113.0
115.0
114.0
115.0
289.0
278.0
281.0
276.0
286.0
283.0
278.0
276.0
281.0
277.0
266.0
265.0
267.0
265.0
266.0
110.0
111.0
110.0
111.0
110.0
268.0
266.0
266.0
268.0
266.0
266.0
266.0
266.0
267.0
266.0
267.0
265.0
266.0
264.0
263.0
110.0
109.0
110.0
110.0
109.0
276.0
277.0
275.0
276.0
276.0
276.0
278.0
276.0
295.0
295.0
286.0
286.0
284.0
285.0
283.0
282.0
270.0
268.0
111.0
110.0
267.0
266.0
266.0
266.0
266.0
265.0
266.0
265.0
268.0
265.0
266.0
265.0
267.0
266.0
264.0
264.0
250.0
109.0
109.0
110.0
266.0
266.0
265.0
266.0
265.0
272.0
272.0
273.0
273.0
272.0
272.0
270.0
272.0
271.0
271.0
110.0
110.0
109.0
110.0
110.0
266.0
266.0
267.0
266.0
267.0
266.0
266.0
267.0
266.0
266.0
266.0
263.0
265.0
263.0
263.0
109.0
111.0
109.0
110.0
110.0
266.0
266.0
266.0
266.0
265.0
267.0
266.0
265.0
265.0
266.0
273.0
271.0
272.0
272.0
271.0
117.0
117.0
117.0
117.0
117.0
268.0
266.0
267.0
266.0
265.0
265.0
265.0
266.0
267.0
265.0
267.0
267.0
266.0
267.0
265.0
264.0
249.0
249.0
110.0
110.0
266.0
266.0
267.0
267.0
266.0
265.0
266.0
265.0
265.0
266.0
273.0
277.0
292.0
294.0
292.0
294.0
274.0
112.0
110.0
111.0
292.0
291.0
293.0
286.0
288.0
269.0
268.0
266.0
269.0
268.0
266.0
264.0
266.0
264.0
267.0
111.0
110.0
110.0
109.0
109.0
270.0
267.0
266.0
267.0
266.0
266.0
266.0
266.0
267.0
267.0
267.0
265.0
266.0
264.0
265.0
110.0
109.0
110.0
110.0
112.0
272.0
273.0
273.0
272.0
273.0
274.0
276.0
275.0
276.0
275.0
266.0
264.0
266.0
266.0
264.0
110.0
110.0
110.0
109.0
110.0
267.0
267.0
266.0
267.0
267.0
267.0
267.0
265.0
266.0
266.0
267.0
266.0
268.0
268.0
264.0
264.0
250.0
251.0
110.0
112.0
273.0
273.0
272.0
273.0
274.0
274.0
272.0
274.0
274.0
274.0
271.0
266.0
267.0
266.0
265.0
269.0
255.0
109.0
113.0
115.0
269.0
267.0
269.0
268.0
267.0
268.0
271.0
270.0
271.0
267.0
267.0
266.0
267.0
267.0
267.0
111.0
113.0
110.0
110.0
111.0
272.0
276.0
274.0
275.0
275.0
274.0
273.0
273.0
294.0
292.0
287.0
285.0
287.0
283.0
286.0
130.0
129.0
130.0
111.0
111.0
267.0
266.0
267.0
267.0
266.0
267.0
266.0
266.0
266.0
266.0
266.0
264.0
267.0
264.0
264.0
110.0
109.0
110.0
110.0
110.0
267.0
266.0
267.0
270.0
267.0
268.0
266.0
268.0
266.0
267.0
276.0
274.0
274.0
275.0
273.0
273.0
258.0
258.0
119.0
118.0
269.0
267.0
268.0
267.0
266.0
267.0
268.0
269.0
268.0
269.0
266.0
266.0
266.0
266.0
264.0
265.0
251.0
110.0
110.0
112.0
266.0
269.0
265.0
266.0
266.0
266.0
266.0
267.0
266.0
266.0
272.0
272.0
272.0
272.0
272.0
110.0
110.0
111.0
110.0
110.0
274.0
273.0
274.0
274.0
273.0
269.0
267.0
268.0
265.0
265.0
266.0
264.0
265.0
263.0
264.0
110.0
109.0
109.0
110.0
110.0
266.0
267.0
267.0
266.0
267.0
266.0
265.0
267.0
267.0
265.0
267.0
264.0
267.0
269.0
270.0
110.0
111.0
110.0
109.0
112.0
296.0
293.0
295.0
296.0
294.0
294.0
294.0
293.0
288.0
292.0
266.0
267.0
269.0
266.0
265.0
264.0
251.0
250.0
110.0
112.0
266.0
269.0
266.0
266.0
267.0
266.0
268.0
266.0
270.0
267.0
265.0
266.0
266.0
268.0
264.0
264.0
249.0
110.0
111.0
110.0
268.0
268.0
271.0
272.0
276.0
274.0
272.0
274.0
272.0
273.0
272.0
269.0
267.0
264.0
265.0
110.0
109.0
110.0
110.0
110.0
265.0
267.0
267.0
265.0
267.0
267.0
266.0
266.0
266.0
265.0
266.0
264.0
265.0
264.0
263.0
109.0
110.0
109.0
110.0
110.0
267.0
266.0
267.0
266.0
273.0
274.0
273.0
273.0
274.0
273.0
273.0
272.0
274.0
271.0
266.0
111.0
111.0
110.0
110.0
110.0
267.0
266.0
267.0
266.0
268.0
268.0
267.0
267.0
266.0
267.0
269.0
268.0
268.0
268.0
267.0
266.0
251.0
249.0
110.0
110.0
268.0
268.0
269.0
267.0
268.0
268.0
267.0
267.0
268.0
267.0
292.0
293.0
293.0
294.0
291.0
292.0
276.0
117.0
117.0
117.0
286.0
285.0
288.0
268.0
268.0
268.0
266.0
266.0
266.0
266.0
266.0
264.0
266.0
264.0
264.0
109.0
109.0
110.0
110.0
110.0
266.0
266.0
266.0
266.0
266.0
266.0
266.0
265.0
265.0
265.0
272.0
270.0
272.0
271.0
270.0
110.0
110.0
109.0
109.0
110.0
274.0
273.0
273.0
279.0
279.0
288.0
273.0
273.0
276.0
273.0
281.0
279.0
281.0
272.0
273.0
113.0
114.0
114.0
112.0
114.0
274.0
274.0
275.0
274.0
279.0
277.0
275.0
277.0
274.0
274.0
276.0
276.0
276.0
271.0
271.0
269.0
260.0
255.0
112.0
116.0
273.0
272.0
273.0
271.0
272.0
272.0
272.0
272.0
271.0
271.0
265.0
266.0
265.0
266.0
265.0
263.0
249.0
109.0
110.0
109.0
266.0
266.0
267.0
266.0
267.0
266.0
267.0
266.0
267.0
267.0
268.0
265.0
270.0
267.0
265.0
110.0
111.0
111.0
111.0
110.0
307.0
294.0
297.0
298.0
295.0
305.0
299.0
301.0
295.0
293.0
269.0
265.0
267.0
264.0
264.0
110.0
110.0
110.0
111.0
110.0
265.0
268.0
267.0
270.0
265.0
268.0
267.0
267.0
267.0
266.0
266.0
265.0
266.0
266.0
265.0
111.0
109.0
110.0
111.0
111.0
267.0
267.0
267.0
266.0
267.0
266.0
266.0
267.0
273.0
273.0
275.0
274.0
275.0
274.0
272.0
272.0
256.0
255.0
111.0
110.0
266.0
265.0
265.0
266.0
266.0
266.0
266.0
265.0
266.0
265.0
266.0
268.0
270.0
272.0
264.0
268.0
248.0
109.0
110.0
110.0
274.0
274.0
269.0
269.0
266.0
272.0
269.0
285.0
270.0
287.0
276.0
283.0
282.0
273.0
274.0
117.0
118.0
118.0
115.0
115.0
273.0
270.0
270.0
273.0
277.0
277.0
275.0
280.0
269.0
272.0
277.0
272.0
274.0
276.0
280.0
116.0
112.0
115.0
112.0
113.0
278.0
278.0
279.0
268.0
269.0
268.0
267.0
267.0
268.0
274.0
278.0
275.0
275.0
271.0
289.0
116.0
116.0
117.0
116.0
117.0
286.0
287.0
286.0
287.0
286.0
289.0
286.0
286.0
286.0
265.0
265.0
267.0
266.0
266.0
265.0
264.0
251.0
248.0
111.0
110.0
266.0
266.0
266.0
268.0
266.0
267.0
266.0
266.0
265.0
266.0
267.0
266.0
266.0
267.0
265.0
266.0
249.0
109.0
109.0
110.0
278.0
276.0
277.0
273.0
273.0
273.0
276.0
276.0
278.0
275.0
277.0
275.0
275.0
267.0
265.0
109.0
110.0
112.0
113.0
112.0
268.0
269.0
268.0
272.0
271.0
268.0
273.0
271.0
267.0
267.0
266.0
264.0
266.0
265.0
264.0
110.0
109.0
110.0
110.0
109.0
274.0
274.0
274.0
273.0
274.0
275.0
273.0
274.0
273.0
273.0
266.0
264.0
265.0
264.0
264.0
109.0
109.0
109.0
110.0
109.0
266.0
266.0
268.0
266.0
267.0
266.0
266.0
266.0
266.0
265.0
266.0
266.0
267.0
267.0
264.0
264.0
249.0
249.0
110.0
109.0
266.0
266.0
272.0
272.0
272.0
272.0
272.0
273.0
272.0
272.0
295.0
295.0
287.0
287.0
285.0
286.0
269.0
131.0
131.0
130.0
268.0
266.0
269.0
268.0
267.0
268.0
266.0
267.0
266.0
266.0
266.0
266.0
266.0
265.0
264.0
110.0
110.0
110.0
110.0
110.0
265.0
268.0
265.0
266.0
266.0
271.0
268.0
267.0
268.0
265.0
275.0
272.0
275.0
273.0
282.0
120.0
120.0
118.0
118.0
118.0
269.0
271.0
272.0
265.0
267.0
267.0
268.0
266.0
268.0
267.0
266.0
264.0
267.0
264.0
264.0
110.0
109.0
110.0
110.0
110.0
265.0
266.0
265.0
266.0
268.0
265.0
266.0
266.0
266.0
266.0
273.0
272.0
272.0
273.0
271.0
270.0
256.0
255.0
109.0
110.0
273.0
272.0
266.0
266.0
267.0
268.0
266.0
266.0
266.0
266.0
266.0
267.0
267.0
266.0
264.0
265.0
248.0
110.0
109.0
110.0
265.0
266.0
266.0
265.0
266.0
266.0
266.0
266.0
267.0
266.0
265.0
264.0
266.0
270.0
271.0
109.0
110.0
109.0
109.0
109.0
294.0
296.0
295.0
296.0
295.0
297.0
296.0
295.0
289.0
287.0
266.0
265.0
267.0
265.0
264.0
112.0
110.0
110.0
109.0
110.0
268.0
266.0
266.0
266.0
265.0
268.0
269.0
267.0
266.0
267.0
271.0
269.0
274.0
264.0
264.0
109.0
110.0
110.0
114.0
112.0
273.0
274.0
275.0
275.0
273.0
274.0
275.0
275.0
273.0
273.0
267.0
267.0
267.0
266.0
266.0
265.0
248.0
249.0
109.0
111.0
266.0
266.0
266.0
265.0
265.0
266.0
266.0
266.0
266.0
265.0
265.0
266.0
265.0
265.0
264.0
264.0
249.0
110.0
110.0
109.0
266.0
265.0
266.0
273.0
273.0
272.0
273.0
272.0
272.0
273.0
274.0
272.0
274.0
265.0
264.0
110.0
110.0
110.0
110.0
110.0
265.0
266.0
266.0
265.0
266.0
266.0
265.0
265.0
266.0
265.0
266.0
264.0
265.0
263.0
264.0
110.0
110.0
110.0
110.0
109.0
266.0
266.0
266.0
266.0
266.0
265.0
266.0
271.0
270.0
272.0
296.0
294.0
295.0
295.0
295.0
139.0
140.0
134.0
134.0
134.0
270.0
269.0
269.0
271.0
268.0
266.0
267.0
266.0
269.0
271.0
276.0
286.0
279.0
284.0
282.0
280.0
265.0
265.0
116.0
115.0
287.0
283.0
283.0
283.0
284.0
292.0
281.0
277.0
277.0
277.0
285.0
284.0
282.0
281.0
280.0
278.0
263.0
115.0
115.0
119.0
274.0
273.0
282.0
266.0
266.0
265.0
266.0
265.0
266.0
266.0
266.0
265.0
276.0
263.0
264.0
110.0
110.0
110.0
110.0
109.0
265.0
266.0
266.0
266.0
266.0
266.0
266.0
272.0
266.0
266.0
272.0
269.0
273.0
270.0
271.0
109.0
110.0
112.0
110.0
109.0
272.0
272.0
278.0
273.0
273.0
266.0
268.0
266.0
266.0
267.0
267.0
265.0
273.0
265.0
265.0
111.0
111.0
111.0
112.0
111.0
268.0
267.0
268.0
267.0
268.0
266.0
267.0
267.0
267.0
266.0
265.0
265.0
265.0
266.0
265.0
264.0
249.0
248.0
110.0
110.0
293.0
295.0
294.0
296.0
296.0
295.0
296.0
294.0
296.0
293.0
268.0
269.0
268.0
283.0
272.0
268.0
250.0
113.0
114.0
110.0
279.0
273.0
268.0
269.0
271.0
267.0
266.0
268.0
267.0
270.0
267.0
263.0
265.0
266.0
266.0
110.0
111.0
109.0
111.0
109.0
267.0
268.0
266.0
268.0
271.0
272.0
274.0
273.0
274.0
273.0
274.0
271.0
273.0
271.0
266.0
112.0
111.0
110.0
110.0
109.0
266.0
266.0
266.0
265.0
267.0
266.0
266.0
267.0
265.0
266.0
266.0
263.0
261.0
253.0
254.0
110.0
109.0
109.0
109.0
109.0
