3.0
3.0
3.0
3.0
2.0
2.0
2.0
3.0
3.0
3.0
3.0
4.0
73.0
253.0
615.0
615.0
614.0
1181.0
1906.0
1906.0
1905.0
1978.0
1975.0
1895.0
1889.0
1891.0
1893.0
1905.0
1903.0
1904.0
3.0
2.0
72.0
245.0
613.0
614.0
613.0
1180.0
1899.0
1898.0
1900.0
1883.0
1884.0
1902.0
1900.0
1897.0
1899.0
1900.0
1898.0
1899.0
2.0
3.0
72.0
261.0
610.0
608.0
591.0
1165.0
1894.0
1901.0
1895.0
1894.0
1899.0
1896.0
1900.0
1900.0
1902.0
1902.0
1901.0
1903.0
3.0
2.0
72.0
245.0
605.0
605.0
606.0
1177.0
1895.0
1896.0
1899.0
1896.0
1896.0
1897.0
1896.0
1934.0
1938.0
1937.0
1929.0
1940.0
3.0
2.0
72.0
245.0
609.0
622.0
645.0
1214.0
1948.0
1925.0
1918.0
1889.0
1901.0
1905.0
1919.0
1926.0
1927.0
1935.0
1921.0
1924.0
3.0
2.0
73.0
275.0
624.0
610.0
609.0
1175.0
1907.0
1916.0
1910.0
1908.0
1910.0
1903.0
1906.0
1913.0
1907.0
1901.0
1884.0
1898.0
2.0
3.0
72.0
245.0
602.0
603.0
601.0
1170.0
1897.0
1895.0
1897.0
1905.0
1900.0
1900.0
1899.0
1899.0
1901.0
1903.0
1904.0
1892.0
3.0
2.0
72.0
245.0
593.0
592.0
592.0
1178.0
1900.0
1904.0
1901.0
1903.0
1902.0
1900.0
1901.0
1906.0
1902.0
1902.0
1902.0
1902.0
2.0
3.0
72.0
245.0
610.0
610.0
610.0
1183.0
1883.0
1900.0
1899.0
1899.0
1905.0
1900.0
1896.0
1886.0
1896.0
1900.0
1895.0
1896.0
3.0
2.0
72.0
245.0
591.0
592.0
591.0
1168.0
1897.0
1912.0
1915.0
1917.0
1910.0
1886.0
1858.0
1821.0
1781.0
1730.0
1640.0
1578.0
3.0
3.0
3.0
2.0
2.0
2.0
2.0
2.0
2.0
3.0
2.0
3.0
3.0
3.0
3.0
3.0
3.0
3.0
3.0
2.0
72.0
73.0
73.0
73.0
73.0
73.0
73.0
73.0
73.0
3.0
257.0
257.0
256.0
256.0
256.0
257.0
256.0
256.0
256.0
2.0
612.0
596.0
600.0
592.0
593.0
593.0
594.0
592.0
593.0
2.0
593.0
601.0
607.0
615.0
614.0
614.0
615.0
614.0
614.0
2.0
616.0
625.0
631.0
624.0
619.0
616.0
615.0
616.0
616.0
3.0
1182.0
1182.0
1181.0
1165.0
1168.0
1168.0
1167.0
1167.0
1166.0
2.0
1894.0
1903.0
1902.0
1902.0
1900.0
1914.0
1902.0
1904.0
1901.0
733.0
1911.0
1909.0
1909.0
1919.0
1913.0
1907.0
1912.0
1913.0
1913.0
745.0
1886.0
1886.0
1886.0
1908.0
1905.0
1905.0
1896.0
1903.0
1902.0
721.0
1913.0
1915.0
1911.0
1910.0
1922.0
1916.0
1915.0
1914.0
1906.0
725.0
1919.0
1919.0
1917.0
1918.0
1920.0
1920.0
1918.0
1918.0
1915.0
731.0
1915.0
1916.0
1917.0
1914.0
1914.0
1915.0
1900.0
1899.0
1896.0
727.0
1907.0
1911.0
1912.0
1911.0
1912.0
1912.0
1909.0
1900.0
1897.0
733.0
1915.0
1903.0
1918.0
1918.0
1916.0
1923.0
1918.0
1918.0
1914.0
753.0
1910.0
1909.0
1905.0
1904.0
1906.0
1906.0
1906.0
1907.0
1907.0
741.0
1902.0
1902.0
1902.0
1899.0
1896.0
1892.0
1894.0
1893.0
1895.0
719.0
1902.0
1906.0
1907.0
1911.0
1903.0
1906.0
1906.0
1905.0
1905.0
728.0
1909.0
1908.0
1894.0
1907.0
1906.0
1910.0
1908.0
1909.0
1907.0
726.0
2.0
3.0
2.0
2.0
2.0
2.0
2.0
2.0
2.0
3.0
3.0
2.0
2.0
2.0
3.0
2.0
2.0
2.0
2.0
2.0
71.0
72.0
72.0
72.0
71.0
72.0
71.0
71.0
71.0
2.0
244.0
245.0
245.0
269.0
269.0
270.0
260.0
244.0
244.0
2.0
592.0
592.0
593.0
592.0
592.0
592.0
592.0
598.0
600.0
3.0
599.0
600.0
600.0
599.0
599.0
600.0
601.0
598.0
594.0
2.0
592.0
592.0
605.0
606.0
606.0
607.0
605.0
604.0
606.0
2.0
1181.0
1179.0
1177.0
1166.0
1168.0
1167.0
1169.0
1169.0
1169.0
2.0
1898.0
1898.0
1903.0
1897.0
1897.0
1898.0
1898.0
1902.0
1902.0
734.0
1911.0
1908.0
1898.0
1913.0
1909.0
1909.0
1910.0
1909.0
1921.0
742.0
1925.0
1927.0
1946.0
1953.0
1946.0
1947.0
1962.0
1959.0
1959.0
753.0
1933.0
1933.0
1933.0
1917.0
1933.0
1931.0
1934.0
1914.0
1916.0
728.0
1920.0
1922.0
1918.0
1919.0
1915.0
1914.0
1915.0
1916.0
1919.0
734.0
1919.0
1920.0
1921.0
1922.0
1920.0
1920.0
1926.0
1928.0
1925.0
752.0
1934.0
1932.0
1931.0
1934.0
1934.0
1934.0
1929.0
1915.0
1918.0
729.0
1909.0
1914.0
1910.0
1907.0
1910.0
1907.0
1910.0
1909.0
1902.0
734.0
1913.0
1916.0
1907.0
1905.0
1905.0
1914.0
1913.0
1912.0
1915.0
720.0
1904.0
1904.0
1904.0
1906.0
1907.0
1907.0
1898.0
1895.0
1897.0
719.0
1906.0
1935.0
1934.0
1937.0
1935.0
1934.0
1937.0
1936.0
1951.0
727.0
1940.0
1943.0
1905.0
1904.0
1904.0
1906.0
1909.0
1905.0
1905.0
735.0
2.0
2.0
2.0
2.0
2.0
2.0
2.0
2.0
2.0
2.0
2.0
2.0
2.0
2.0
2.0
2.0
2.0
3.0
2.0
2.0
72.0
72.0
72.0
72.0
71.0
71.0
71.0
72.0
72.0
3.0
244.0
244.0
257.0
257.0
257.0
244.0
244.0
245.0
244.0
2.0
594.0
592.0
594.0
603.0
599.0
601.0
600.0
599.0
600.0
2.0
598.0
599.0
601.0
600.0
595.0
594.0
593.0
593.0
593.0
2.0
593.0
592.0
606.0
604.0
604.0
603.0
605.0
604.0
605.0
2.0
1179.0
1177.0
1176.0
1165.0
1164.0
1165.0
1167.0
1165.0
1166.0
2.0
1899.0
1897.0
1898.0
1900.0
1900.0
1902.0
1927.0
1899.0
1899.0
734.0
1905.0
1905.0
1898.0
1901.0
1904.0
1903.0
1904.0
1904.0
1903.0
739.0
1907.0
1916.0
1908.0
1908.0
1907.0
1899.0
1911.0
1909.0
1907.0
742.0
1893.0
1892.0
1896.0
1909.0
1909.0
1909.0
1910.0
1900.0
1906.0
720.0
1914.0
1902.0
1903.0
1898.0
1888.0
1907.0
1905.0
1909.0
1942.0
725.0
1944.0
1946.0
1946.0
1948.0
1945.0
1944.0
1951.0
1951.0
1951.0
739.0
1924.0
1927.0
1925.0
1927.0
1929.0
1925.0
1927.0
1921.0
1919.0
731.0
1906.0
1909.0
1904.0
1908.0
1911.0
1908.0
1907.0
1908.0
1892.0
719.0
1912.0
1908.0
1907.0
1908.0
1909.0
1911.0
1911.0
1911.0
1909.0
733.0
1903.0
1903.0
1903.0
1894.0
1895.0
1919.0
1904.0
1903.0
1917.0
724.0
1933.0
1910.0
1913.0
1909.0
1907.0
1910.0
1899.0
1900.0
1897.0
719.0
1913.0
1905.0
1907.0
1907.0
1908.0
1909.0
1909.0
1906.0
1909.0
731.0
2.0
2.0
2.0
2.0
2.0
2.0
2.0
2.0
2.0
2.0
2.0
2.0
2.0
2.0
2.0
2.0
2.0
2.0
2.0
2.0
71.0
72.0
71.0
71.0
71.0
72.0
72.0
71.0
71.0
2.0
268.0
268.0
269.0
246.0
246.0
245.0
245.0
245.0
244.0
2.0
591.0
592.0
598.0
599.0
599.0
599.0
598.0
600.0
601.0
3.0
599.0
600.0
599.0
591.0
591.0
592.0
592.0
592.0
604.0
2.0
604.0
605.0
604.0
604.0
604.0
605.0
603.0
605.0
603.0
2.0
1164.0
1165.0
1168.0
1189.0
1189.0
1193.0
1199.0
1203.0
1202.0
2.0
1931.0
1931.0
1937.0
1930.0
1908.0
1910.0
1905.0
1897.0
1912.0
732.0
1900.0
1903.0
1900.0
1902.0
1901.0
1903.0
1902.0
1904.0
1905.0
737.0
1905.0
1904.0
1903.0
1896.0
1907.0
1906.0
1904.0
1902.0
1903.0
740.0
1892.0
1914.0
1907.0
1911.0
1911.0
1905.0
1905.0
1908.0
1908.0
729.0
1905.0
1909.0
1889.0
1888.0
1888.0
1909.0
1917.0
1911.0
1901.0
720.0
1904.0
1905.0
1905.0
1907.0
1904.0
1905.0
1910.0
1910.0
1911.0
728.0
1934.0
1931.0
1933.0
1936.0
1939.0
1934.0
1934.0
1932.0
1937.0
741.0
1928.0
1921.0
1924.0
1925.0
1922.0
1920.0
1922.0
1922.0
1938.0
730.0
1930.0
1930.0
1935.0
1940.0
1939.0
1937.0
1934.0
1935.0
1942.0
727.0
1903.0
1909.0
1909.0
1900.0
1904.0
1912.0
1911.0
1909.0
1913.0
742.0
1889.0
1909.0
1914.0
1912.0
1912.0
1908.0
1901.0
1902.0
1903.0
720.0
1913.0
1909.0
1909.0
1911.0
1912.0
1911.0
1910.0
1910.0
1907.0
730.0
2.0
2.0
2.0
2.0
2.0
2.0
2.0
2.0
2.0
2.0
2.0
2.0
2.0
2.0
2.0
2.0
2.0
2.0
2.0
2.0
72.0
71.0
71.0
71.0
72.0
71.0
72.0
71.0
77.0
2.0
267.0
267.0
261.0
244.0
244.0
245.0
244.0
244.0
245.0
2.0
600.0
599.0
601.0
601.0
600.0
600.0
600.0
600.0
600.0
2.0
600.0
592.0
591.0
591.0
590.0
604.0
605.0
605.0
605.0
2.0
606.0
606.0
605.0
605.0
606.0
604.0
590.0
591.0
591.0
2.0
1168.0
1167.0
1167.0
1166.0
1168.0
1167.0
1171.0
1170.0
1167.0
2.0
1898.0
1894.0
1893.0
1897.0
1896.0
1901.0
1899.0
1898.0
1898.0
732.0
1901.0
1905.0
1901.0
1903.0
1902.0
1903.0
1905.0
1905.0
1901.0
741.0
1898.0
1899.0
1897.0
1887.0
1906.0
1911.0
1918.0
1921.0
1928.0
734.0
1926.0
1934.0
1932.0
1940.0
1929.0
1912.0
1906.0
1907.0
1912.0
745.0
1881.0
1894.0
1910.0
1909.0
1909.0
1907.0
1903.0
1904.0
1901.0
721.0
1909.0
1913.0
1896.0
1883.0
1883.0
1883.0
1899.0
1899.0
1899.0
725.0
1922.0
1903.0
1906.0
1907.0
1906.0
1908.0
1907.0
1911.0
1911.0
728.0
1913.0
1918.0
1916.0
1918.0
1918.0
1918.0
1917.0
1920.0
1922.0
727.0
1911.0
1911.0
1913.0
1916.0
1917.0
1916.0
1915.0
1916.0
1916.0
720.0
1915.0
1914.0
1915.0
1915.0
1915.0
1919.0
1917.0
1920.0
1919.0
749.0
1906.0
1907.0
1910.0
1906.0
1898.0
1899.0
1900.0
1906.0
1910.0
726.0
1944.0
1929.0
1951.0
1952.0
1950.0
1950.0
1946.0
1953.0
1936.0
756.0
2.0
3.0
2.0
2.0
2.0
2.0
2.0
2.0
2.0
2.0
2.0
3.0
3.0
2.0
2.0
2.0
2.0
2.0
2.0
2.0
71.0
71.0
72.0
96.0
96.0
95.0
72.0
72.0
72.0
2.0
245.0
246.0
245.0
244.0
244.0
244.0
244.0
245.0
245.0
2.0
600.0
601.0
601.0
600.0
601.0
599.0
600.0
600.0
601.0
2.0
601.0
592.0
592.0
592.0
593.0
604.0
609.0
605.0
604.0
2.0
605.0
604.0
607.0
607.0
608.0
607.0
596.0
595.0
595.0
2.0
1172.0
1171.0
1171.0
1170.0
1170.0
1169.0
1170.0
1168.0
1183.0
2.0
1918.0
1901.0
1903.0
1900.0
1900.0
1898.0
1902.0
1901.0
1901.0
720.0
1908.0
1904.0
1909.0
1909.0
1907.0
1908.0
1906.0
1910.0
1906.0
740.0
1907.0
1904.0
1904.0
1906.0
1906.0
1908.0
1921.0
1905.0
1907.0
739.0
1907.0
1909.0
1911.0
1906.0
1897.0
1900.0
1904.0
1902.0
1904.0
742.0
1891.0
1899.0
1929.0
1913.0
1913.0
1914.0
1928.0
1908.0
1911.0
735.0
1902.0
1902.0
1899.0
1886.0
1887.0
1890.0
1926.0
1931.0
1928.0
719.0
1938.0
1929.0
1929.0
1930.0
1930.0
1933.0
1922.0
1912.0
1901.0
724.0
1907.0
1913.0
1914.0
1916.0
1916.0
1919.0
1918.0
1918.0
1929.0
736.0
1938.0
1936.0
1941.0
1939.0
1936.0
1973.0
1940.0
1945.0
1940.0
728.0
1927.0
1912.0
1916.0
1920.0
1915.0
1920.0
1916.0
1918.0
1915.0
746.0
1918.0
1913.0
1916.0
1917.0
1911.0
1919.0
1910.0
1912.0
1921.0
748.0
1897.0
1897.0
1917.0
1920.0
1928.0
1912.0
1909.0
1911.0
1912.0
728.0
2.0
2.0
1.0
2.0
2.0
2.0
2.0
2.0
2.0
2.0
2.0
2.0
2.0
2.0
2.0
2.0
2.0
2.0
2.0
2.0
79.0
80.0
80.0
88.0
86.0
86.0
72.0
72.0
72.0
2.0
245.0
246.0
246.0
245.0
245.0
245.0
245.0
246.0
245.0
2.0
599.0
600.0
601.0
600.0
600.0
600.0
599.0
598.0
599.0
2.0
600.0
593.0
591.0
592.0
606.0
607.0
606.0
607.0
606.0
2.0
606.0
607.0
607.0
608.0
607.0
593.0
593.0
592.0
592.0
2.0
1168.0
1169.0
1171.0
1167.0
1167.0
1169.0
1168.0
1181.0
1185.0
3.0
1901.0
1932.0
1932.0
1939.0
1939.0
1935.0
1941.0
1939.0
1929.0
721.0
1954.0
1956.0
1933.0
1930.0
1933.0
1934.0
1935.0
1933.0
1930.0
751.0
1925.0
1930.0
1926.0
1921.0
1919.0
1917.0
1916.0
1916.0
1914.0
745.0
1913.0
1914.0
1913.0
1915.0
1914.0
1913.0
1913.0
1913.0
1913.0
746.0
1899.0
1913.0
1916.0
1917.0
1916.0
1905.0
1914.0
1907.0
1936.0
729.0
1907.0
1906.0
1893.0
1902.0
1915.0
1912.0
1917.0
1918.0
1915.0
723.0
1918.0
1917.0
1918.0
1916.0
1909.0
1896.0
1892.0
1914.0
1910.0
732.0
1907.0
1908.0
1908.0
1910.0
1910.0
1907.0
1910.0
1909.0
1912.0
727.0
1916.0
1917.0
1918.0
1921.0
1919.0
1918.0
1920.0
1926.0
1927.0
737.0
1938.0
1942.0
1943.0
1949.0
1945.0
1945.0
1944.0
1946.0
1936.0
770.0
1910.0
1904.0
1905.0
1898.0
1906.0
1906.0
1906.0
1908.0
1911.0
740.0
1892.0
1921.0
1912.0
1910.0
1911.0
1900.0
1901.0
1903.0
1909.0
720.0
2.0
2.0
2.0
2.0
2.0
8.0
3.0
2.0
2.0
3.0
2.0
2.0
2.0
2.0
2.0
3.0
2.0
2.0
2.0
2.0
87.0
87.0
71.0
72.0
71.0
71.0
71.0
2.0
2.0
2.0
244.0
244.0
245.0
244.0
245.0
244.0
244.0
2.0
2.0
2.0
600.0
600.0
600.0
599.0
599.0
600.0
603.0
2.0
2.0
2.0
602.0
603.0
593.0
594.0
593.0
593.0
593.0
2.0
2.0
2.0
606.0
604.0
603.0
603.0
604.0
604.0
606.0
2.0
2.0
2.0
1179.0
1179.0
1178.0
1166.0
1168.0
1166.0
1165.0
569.0
2.0
2.0
1903.0
1904.0
1901.0
1902.0
1904.0
1901.0
1903.0
1299.0
737.0
735.0
1909.0
1908.0
1907.0
1912.0
1908.0
1907.0
1901.0
1310.0
737.0
720.0
1911.0
1911.0
1885.0
1890.0
1890.0
1907.0
1908.0
1295.0
727.0
731.0
1906.0
1911.0
1911.0
1911.0
1909.0
1909.0
1908.0
1306.0
721.0
723.0
1943.0
1943.0
1938.0
1944.0
1936.0
1937.0
1937.0
1341.0
764.0
763.0
1922.0
1919.0
1906.0
1908.0
1909.0
1900.0
1897.0
1308.0
740.0
742.0
1896.0
1898.0
1917.0
1919.0
1919.0
1922.0
1921.0
1305.0
750.0
736.0
1911.0
1910.0
1909.0
1908.0
1927.0
1883.0
1882.0
1292.0
728.0
726.0
1898.0
1896.0
1911.0
1910.0
1916.0
1913.0
1910.0
1311.0
741.0
741.0
1909.0
1911.0
1912.0
1912.0
1898.0
1906.0
1906.0
1307.0
741.0
740.0
1903.0
1915.0
1918.0
1918.0
1918.0
1920.0
1922.0
1326.0
723.0
722.0
1916.0
1920.0
1911.0
1900.0
1901.0
1923.0
1927.0
1302.0
736.0
735.0
2.0
2.0
2.0
2.0
2.0
2.0
2.0
2.0
2.0
2.0
2.0
2.0
2.0
2.0
2.0
2.0
2.0
1.0
2.0
1.0
72.0
72.0
71.0
71.0
72.0
2.0
2.0
2.0
2.0
2.0
245.0
245.0
246.0
248.0
248.0
178.0
2.0
2.0
2.0
2.0
628.0
628.0
628.0
628.0
633.0
558.0
2.0
2.0
2.0
2.0
627.0
626.0
598.0
598.0
594.0
523.0
2.0
2.0
2.0
2.0
597.0
597.0
599.0
600.0
600.0
529.0
2.0
2.0
2.0
2.0
1183.0
1181.0
1181.0
1180.0
1176.0
1105.0
2.0
3.0
2.0
2.0
1923.0
1925.0
1928.0
1934.0
1923.0
1849.0
731.0
745.0
749.0
747.0
1935.0
1920.0
1920.0
1910.0
1906.0
1838.0
725.0
724.0
740.0
740.0
1902.0
1903.0
1904.0
1905.0
1903.0
1833.0
728.0
726.0
727.0
726.0
1908.0
1907.0
1909.0
1909.0
1909.0
1841.0
727.0
730.0
728.0
729.0
1899.0
1900.0
1906.0
1907.0
1906.0
1839.0
743.0
740.0
745.0
741.0
1888.0
1887.0
1884.0
1886.0
1909.0
1839.0
721.0
722.0
720.0
721.0
1909.0
1907.0
1908.0
1909.0
1909.0
1837.0
742.0
742.0
727.0
727.0
1907.0
1907.0
1906.0
1906.0
1907.0
1835.0
743.0
742.0
742.0
743.0
1891.0
1905.0
1910.0
1909.0
1909.0
1841.0
717.0
717.0
727.0
727.0
1914.0
1911.0
1902.0
1907.0
1901.0
1817.0
721.0
722.0
720.0
724.0
1906.0
1908.0
1906.0
1902.0
1931.0
1864.0
741.0
741.0
743.0
743.0
1946.0
1942.0
1949.0
1947.0
1948.0
1882.0
751.0
752.0
749.0
749.0
2.0
2.0
2.0
2.0
2.0
2.0
2.0
2.0
2.0
2.0
1.0
1.0
2.0
2.0
2.0
2.0
2.0
2.0
2.0
2.0
72.0
72.0
72.0
72.0
72.0
2.0
2.0
2.0
2.0
2.0
246.0
247.0
272.0
272.0
247.0
2.0
2.0
2.0
2.0
2.0
599.0
600.0
599.0
598.0
598.0
2.0
2.0
2.0
2.0
2.0
598.0
599.0
598.0
607.0
605.0
2.0
2.0
2.0
2.0
2.0
606.0
606.0
606.0
607.0
606.0
3.0
1.0
1.0
2.0
2.0
1196.0
1199.0
1196.0
1190.0
1190.0
576.0
2.0
2.0
2.0
2.0
1928.0
1930.0
1930.0
1931.0
1925.0
1313.0
737.0
733.0
737.0
741.0
1923.0
1923.0
1925.0
1923.0
1930.0
1324.0
752.0
753.0
753.0
755.0
1913.0
1917.0
1915.0
1933.0
1933.0
1337.0
735.0
738.0
737.0
726.0
1933.0
1935.0
1937.0
1932.0
1918.0
1326.0
743.0
730.0
737.0
734.0
1918.0
1917.0
1904.0
1906.0
1911.0
1311.0
745.0
744.0
745.0
742.0
1891.0
1887.0
1907.0
1913.0
1912.0
1294.0
729.0
730.0
730.0
723.0
1909.0
1909.0
1911.0
1911.0
1912.0
1320.0
745.0
721.0
720.0
724.0
1911.0
1910.0
1913.0
1906.0
1902.0
1323.0
723.0
725.0
745.0
745.0
1918.0
1915.0
1904.0
1907.0
1921.0
1304.0
725.0
731.0
737.0
740.0
1911.0
1914.0
1912.0
1909.0
1906.0
1305.0
741.0
733.0
732.0
720.0
1908.0
1909.0
1908.0
1908.0
1924.0
1317.0
720.0
726.0
728.0
726.0
1839.0
1822.0
1816.0
1802.0
1746.0
1257.0
727.0
728.0
721.0
696.0
