4.0
4.0
3.0
3.0
3.0
3.0
3.0
3.0
4.0
3.0
2.0
3.0
3.0
3.0
3.0
3.0
2.0
3.0
3.0
3.0
3.0
3.0
3.0
3.0
3.0
3.0
3.0
2.0
3.0
3.0
3.0
2.0
3.0
3.0
3.0
3.0
3.0
3.0
3.0
3.0
3.0
2.0
3.0
3.0
3.0
3.0
3.0
3.0
3.0
3.0
3.0
3.0
3.0
3.0
3.0
3.0
3.0
3.0
2.0
3.0
3.0
3.0
2.0
3.0
3.0
3.0
3.0
3.0
3.0
2.0
3.0
3.0
3.0
3.0
3.0
3.0
3.0
3.0
3.0
3.0
3.0
3.0
3.0
2.0
3.0
3.0
3.0
3.0
3.0
3.0
3.0
3.0
3.0
3.0
3.0
3.0
3.0
3.0
3.0
3.0
3.0
3.0
3.0
3.0
3.0
3.0
3.0
3.0
3.0
3.0
3.0
3.0
3.0
3.0
2.0
3.0
3.0
3.0
3.0
3.0
3.0
3.0
3.0
3.0
3.0
2.0
3.0
3.0
3.0
3.0
2.0
3.0
3.0
3.0
3.0
3.0
2.0
3.0
3.0
3.0
3.0
3.0
3.0
3.0
3.0
3.0
3.0
2.0
3.0
3.0
3.0
3.0
3.0
3.0
3.0
3.0
3.0
3.0
3.0
3.0
2741.0
2750.0
2759.0
2751.0
2859.0
2753.0
2744.0
2736.0
2748.0
2751.0
2717.0
2727.0
2722.0
2729.0
2724.0
2738.0
2742.0
2728.0
2728.0
2785.0
2726.0
2727.0
2728.0
2739.0
2724.0
2737.0
2739.0
2747.0
2741.0
2762.0
2709.0
2746.0
2744.0
2737.0
2752.0
2747.0
2740.0
2758.0
2729.0
2740.0
2752.0
2731.0
2735.0
2724.0
2747.0
2730.0
2724.0
2733.0
2727.0
2693.0
2.0
3.0
3.0
3.0
2.0
2.0
2.0
3.0
3.0
3.0
3.0
2.0
2.0
2.0
3.0
3.0
2.0
2.0
2.0
2.0
2.0
2.0
3.0
3.0
2.0
2.0
2.0
2.0
2.0
3.0
3.0
3.0
2.0
2.0
2.0
3.0
3.0
3.0
2.0
2.0
2.0
2.0
2.0
3.0
3.0
2.0
2.0
2.0
2.0
2.0
2.0
3.0
3.0
2.0
2.0
2.0
3.0
3.0
3.0
2.0
3.0
2.0
2.0
3.0
3.0
3.0
2.0
2.0
2.0
2.0
2.0
2.0
3.0
2.0
2.0
2.0
2.0
2.0
2.0
3.0
3.0
3.0
2.0
2.0
2.0
3.0
3.0
3.0
3.0
2.0
2.0
2.0
2.0
3.0
2.0
2.0
2.0
2.0
2.0
2.0
2.0
3.0
3.0
2.0
2.0
2.0
2.0
3.0
3.0
2.0
3.0
2.0
2.0
3.0
3.0
3.0
2.0
2.0
2.0
2.0
2.0
2.0
3.0
2.0
2.0
2.0
2.0
2.0
2.0
3.0
3.0
3.0
2.0
2.0
2.0
3.0
3.0
3.0
3.0
2.0
2.0
2.0
2.0
3.0
2.0
2.0
2.0
2.0
2.0
3.0
2714.0
2720.0
2718.0
2727.0
2705.0
2727.0
2716.0
2740.0
2722.0
2711.0
2737.0
2739.0
2723.0
2736.0
2753.0
2731.0
2737.0
2746.0
2746.0
2739.0
2690.0
2694.0
2710.0
2711.0
2703.0
2702.0
2720.0
2712.0
2712.0
2703.0
2695.0
2681.0
2702.0
2699.0
2703.0
2692.0
2703.0
2698.0
2715.0
2704.0
2695.0
2695.0
2694.0
2704.0
2713.0
2717.0
2687.0
2742.0
2705.0
2728.0
3.0
2.0
2.0
3.0
3.0
2.0
2.0
2.0
3.0
3.0
2.0
2.0
2.0
2.0
3.0
3.0
2.0
2.0
2.0
3.0
3.0
2.0
2.0
2.0
2.0
3.0
3.0
2.0
2.0
3.0
2.0
3.0
2.0
3.0
2.0
2.0
2.0
2.0
2.0
2.0
3.0
2.0
2.0
2.0
3.0
2.0
2.0
3.0
2.0
3.0
3.0
2.0
2.0
2.0
2.0
2.0
3.0
2.0
2.0
3.0
2.0
2.0
3.0
3.0
2.0
2.0
2.0
2.0
2.0
3.0
3.0
3.0
2.0
2.0
3.0
2.0
2.0
2.0
3.0
2.0
2.0
2.0
2.0
3.0
2.0
2.0
2.0
3.0
3.0
2.0
2.0
2.0
3.0
3.0
2.0
2.0
2.0
2.0
3.0
2.0
2.0
2.0
2.0
3.0
3.0
2.0
2.0
2.0
3.0
2.0
2.0
2.0
2.0
3.0
3.0
2.0
2.0
2.0
3.0
3.0
2.0
2.0
3.0
3.0
3.0
2.0
2.0
2.0
2.0
2.0
2.0
2.0
2.0
3.0
3.0
3.0
2.0
2.0
3.0
3.0
2.0
2.0
2.0
3.0
3.0
3.0
2.0
2.0
2.0
3.0
2701.0
2711.0
2704.0
2705.0
2698.0
2751.0
2705.0
2697.0
2708.0
2716.0
2745.0
2750.0
2751.0
2757.0
2765.0
2757.0
2758.0
2766.0
2758.0
2752.0
2730.0
2727.0
2723.0
2739.0
2735.0
2745.0
2720.0
2740.0
2746.0
2738.0
2737.0
2738.0
2741.0
2737.0
2737.0
2743.0
2736.0
2769.0
2765.0
2762.0
2810.0
2804.0
2810.0
2825.0
2814.0
2816.0
2806.0
2783.0
2778.0
2782.0
3.0
2.0
3.0
3.0
2.0
2.0
2.0
3.0
3.0
3.0
2.0
2.0
2.0
2.0
2.0
2.0
3.0
3.0
2.0
2.0
2.0
2.0
2.0
3.0
3.0
3.0
2.0
2.0
2.0
2.0
2.0
3.0
3.0
3.0
2.0
2.0
2.0
2.0
2.0
2.0
3.0
3.0
3.0
2.0
3.0
2.0
2.0
2.0
2.0
2.0
2.0
2.0
2.0
3.0
2.0
3.0
2.0
2.0
3.0
3.0
2.0
3.0
2.0
2.0
3.0
2.0
2.0
2.0
2.0
2.0
3.0
2.0
2.0
3.0
3.0
2.0
3.0
2.0
3.0
3.0
2.0
2.0
3.0
2.0
3.0
2.0
2.0
2.0
2.0
2.0
3.0
2.0
2.0
3.0
3.0
3.0
3.0
2.0
2.0
3.0
2.0
2.0
2.0
2.0
2.0
3.0
2.0
2.0
3.0
3.0
2.0
3.0
2.0
3.0
3.0
2.0
2.0
3.0
2.0
2.0
2.0
2.0
2.0
2.0
2.0
3.0
3.0
2.0
3.0
3.0
3.0
2.0
2.0
2.0
3.0
2.0
2.0
2.0
2.0
2.0
2.0
3.0
2.0
2.0
2.0
3.0
3.0
2.0
3.0
2.0
2804.0
2844.0
2806.0
2839.0
2802.0
2841.0
2848.0
2848.0
2846.0
2843.0
2816.0
2813.0
2815.0
2819.0
2799.0
2802.0
2788.0
2804.0
2788.0
2813.0
2702.0
2706.0
2702.0
2704.0
2699.0
2705.0
2702.0
2706.0
2732.0
2734.0
2721.0
2699.0
2688.0
2697.0
2697.0
2700.0
2706.0
2705.0
2682.0
2684.0
2697.0
2698.0
2704.0
2696.0
2710.0
2709.0
2716.0
2718.0
2699.0
2711.0
2.0
2.0
3.0
2.0
2.0
3.0
3.0
2.0
2.0
2.0
3.0
3.0
2.0
2.0
3.0
2.0
3.0
2.0
3.0
2.0
2.0
2.0
2.0
2.0
3.0
2.0
3.0
3.0
2.0
3.0
2.0
2.0
2.0
2.0
2.0
2.0
2.0
2.0
3.0
3.0
2.0
2.0
2.0
2.0
3.0
2.0
2.0
2.0
3.0
2.0
3.0
3.0
2.0
2.0
2.0
2.0
2.0
2.0
2.0
2.0
3.0
2.0
2.0
3.0
3.0
3.0
2.0
3.0
3.0
2.0
2.0
2.0
2.0
2.0
2.0
2.0
2.0
2.0
3.0
2.0
2.0
3.0
3.0
3.0
2.0
3.0
2.0
2.0
2.0
2.0
3.0
2.0
2.0
2.0
2.0
3.0
3.0
2.0
2.0
2.0
3.0
3.0
3.0
2.0
2.0
2.0
2.0
2.0
2.0
2.0
2.0
2.0
2.0
3.0
3.0
2.0
2.0
2.0
3.0
3.0
2.0
2.0
2.0
3.0
3.0
2.0
2.0
2.0
2.0
2.0
3.0
3.0
2.0
2.0
2.0
2.0
2.0
3.0
3.0
2.0
2.0
2.0
2.0
3.0
3.0
3.0
2.0
2.0
2.0
2.0
2680.0
2685.0
2678.0
2679.0
2668.0
2674.0
2680.0
2675.0
2673.0
2681.0
2803.0
2764.0
2836.0
2839.0
2842.0
2832.0
2789.0
2831.0
2835.0
2833.0
2716.0
2721.0
2726.0
2735.0
2723.0
2730.0
2730.0
2735.0
2734.0
2726.0
2698.0
2709.0
2698.0
2707.0
2702.0
2718.0
2716.0
2712.0
2721.0
2710.0
2674.0
2683.0
2687.0
2691.0
2687.0
2695.0
2694.0
2694.0
2693.0
2718.0
2.0
3.0
2.0
3.0
2.0
2.0
3.0
2.0
2.0
3.0
2.0
3.0
2.0
2.0
3.0
2.0
2.0
3.0
2.0
2.0
3.0
2.0
2.0
3.0
3.0
2.0
2.0
2.0
2.0
3.0
2.0
3.0
2.0
2.0
2.0
2.0
2.0
2.0
3.0
3.0
3.0
2.0
2.0
2.0
2.0
2.0
3.0
3.0
3.0
2.0
2.0
2.0
2.0
3.0
3.0
3.0
2.0
2.0
2.0
2.0
2.0
2.0
3.0
3.0
3.0
2.0
2.0
2.0
2.0
3.0
3.0
3.0
2.0
2.0
2.0
2.0
2.0
2.0
3.0
3.0
2.0
2.0
2.0
2.0
2.0
2.0
2.0
3.0
3.0
3.0
3.0
3.0
2.0
2.0
2.0
2.0
2.0
2.0
2.0
2.0
2.0
3.0
3.0
3.0
3.0
3.0
2.0
2.0
2.0
2.0
2.0
2.0
2.0
3.0
2.0
3.0
3.0
3.0
3.0
2.0
2.0
2.0
2.0
2.0
2.0
2.0
2.0
2.0
3.0
3.0
3.0
3.0
3.0
2.0
2.0
2.0
2.0
2.0
2.0
2.0
2.0
2.0
2.0
3.0
2.0
3.0
2.0
2.0
3.0
3.0
2711.0
2713.0
2711.0
2709.0
2697.0
2711.0
2709.0
2690.0
2695.0
2688.0
2734.0
2729.0
2730.0
2743.0
2742.0
2738.0
2739.0
2740.0
2740.0
2730.0
2727.0
2728.0
2727.0
2734.0
2732.0
2734.0
2738.0
2734.0
2729.0
2734.0
2696.0
2704.0
2704.0
2711.0
2702.0
2714.0
2711.0
2712.0
2716.0
2696.0
2703.0
2705.0
2707.0
2707.0
2710.0
2719.0
2719.0
2718.0
2716.0
2712.0
3.0
2.0
3.0
2.0
2.0
3.0
3.0
2.0
2.0
2.0
3.0
2.0
2.0
2.0
3.0
3.0
3.0
2.0
2.0
2.0
2.0
3.0
2.0
2.0
2.0
3.0
2.0
2.0
2.0
3.0
3.0
2.0
2.0
2.0
3.0
2.0
2.0
2.0
3.0
3.0
3.0
3.0
2.0
2.0
2.0
2.0
2.0
3.0
2.0
2.0
2.0
3.0
2.0
2.0
3.0
3.0
2.0
2.0
3.0
2.0
2.0
3.0
3.0
2.0
2.0
2.0
2.0
2.0
3.0
3.0
3.0
2.0
2.0
2.0
2.0
2.0
3.0
3.0
2.0
2.0
3.0
2.0
2.0
3.0
3.0
3.0
2.0
2.0
3.0
3.0
2.0
2.0
2.0
3.0
2.0
2.0
3.0
3.0
2.0
2.0
3.0
3.0
3.0
2.0
3.0
2.0
2.0
2.0
2.0
3.0
2.0
2.0
2.0
3.0
2.0
2.0
3.0
3.0
2.0
2.0
2.0
2.0
3.0
2.0
2.0
3.0
2.0
2.0
2.0
2.0
3.0
3.0
2.0
2.0
3.0
2.0
2.0
2.0
3.0
3.0
2.0
2.0
2.0
3.0
2.0
2.0
3.0
3.0
2.0
2.0
2699.0
2712.0
2711.0
2710.0
2720.0
2711.0
2715.0
2722.0
2700.0
2715.0
2732.0
2736.0
2745.0
2753.0
2742.0
2732.0
2745.0
2749.0
2751.0
2742.0
2737.0
2752.0
2746.0
2752.0
2740.0
2773.0
2773.0
2768.0
2744.0
2775.0
2746.0
2756.0
2757.0
2754.0
2769.0
2754.0
2738.0
2748.0
2757.0
2741.0
2764.0
2744.0
2733.0
2745.0
2746.0
2749.0
2750.0
2748.0
2756.0
2751.0
3.0
2.0
2.0
3.0
3.0
2.0
2.0
2.0
2.0
3.0
2.0
3.0
2.0
2.0
2.0
2.0
3.0
2.0
3.0
3.0
2.0
3.0
2.0
2.0
2.0
2.0
2.0
3.0
3.0
2.0
3.0
2.0
2.0
3.0
2.0
2.0
2.0
2.0
3.0
3.0
3.0
3.0
2.0
2.0
2.0
2.0
2.0
2.0
3.0
2.0
3.0
2.0
3.0
2.0
3.0
2.0
3.0
2.0
2.0
2.0
2.0
2.0
2.0
3.0
3.0
3.0
2.0
3.0
2.0
2.0
2.0
2.0
3.0
2.0
2.0
3.0
2.0
2.0
2.0
2.0
3.0
3.0
2.0
3.0
3.0
3.0
2.0
2.0
2.0
2.0
2.0
2.0
2.0
3.0
2.0
2.0
2.0
3.0
2.0
2.0
2.0
2.0
3.0
3.0
3.0
2.0
3.0
3.0
3.0
3.0
2.0
2.0
2.0
2.0
2.0
2.0
2.0
2.0
2.0
2.0
2.0
3.0
2.0
2.0
3.0
2.0
3.0
3.0
3.0
2.0
3.0
3.0
2.0
3.0
2.0
2.0
2.0
2.0
2.0
2.0
2.0
2.0
3.0
3.0
3.0
3.0
3.0
2.0
3.0
3.0
2765.0
2761.0
2770.0
2766.0
2770.0
2771.0
2762.0
2771.0
2759.0
2774.0
2790.0
2792.0
2805.0
2790.0
2811.0
2804.0
2809.0
2812.0
2812.0
2808.0
2816.0
2812.0
2879.0
2811.0
2816.0
2823.0
2804.0
2804.0
2838.0
2815.0
2895.0
2833.0
2835.0
2891.0
2899.0
2824.0
2832.0
2840.0
2851.0
2834.0
2705.0
2703.0
2702.0
2693.0
2708.0
2713.0
2705.0
2708.0
2711.0
2694.0
3.0
2.0
3.0
2.0
2.0
2.0
2.0
3.0
2.0
3.0
2.0
3.0
2.0
3.0
2.0
2.0
3.0
2.0
3.0
3.0
2.0
2.0
2.0
2.0
2.0
3.0
2.0
2.0
3.0
2.0
3.0
3.0
2.0
2.0
2.0
2.0
2.0
3.0
2.0
2.0
2.0
2.0
3.0
2.0
2.0
3.0
2.0
2.0
3.0
2.0
3.0
3.0
2.0
2.0
2.0
2.0
2.0
3.0
2.0
2.0
3.0
3.0
2.0
3.0
3.0
2.0
2.0
2.0
2.0
2.0
2.0
2.0
3.0
3.0
3.0
3.0
3.0
2.0
2.0
2.0
2.0
2.0
3.0
2.0
2.0
2.0
3.0
2.0
3.0
3.0
3.0
2.0
2.0
2.0
2.0
2.0
2.0
3.0
2.0
2.0
3.0
3.0
2.0
3.0
3.0
2.0
2.0
2.0
3.0
2.0
2.0
2.0
2.0
2.0
3.0
2.0
2.0
3.0
3.0
3.0
3.0
2.0
2.0
3.0
2.0
2.0
2.0
2.0
2.0
3.0
2.0
2.0
2.0
2.0
2.0
2.0
2.0
3.0
2.0
3.0
2.0
3.0
3.0
3.0
2.0
2.0
2.0
2.0
16.0
17.0
2710.0
2693.0
2698.0
2698.0
2704.0
2697.0
2709.0
2706.0
2688.0
2695.0
2732.0
2731.0
2774.0
2756.0
2751.0
2750.0
2747.0
2757.0
2756.0
2755.0
2680.0
2682.0
2680.0
2711.0
2681.0
2742.0
2688.0
2700.0
2699.0
2687.0
2689.0
2685.0
2703.0
2710.0
2698.0
2703.0
2719.0
2717.0
2708.0
2694.0
2709.0
2711.0
2721.0
2712.0
2718.0
2716.0
2724.0
2732.0
2718.0
2724.0
2.0
2.0
2.0
3.0
3.0
2.0
2.0
2.0
2.0
3.0
3.0
2.0
2.0
3.0
2.0
2.0
3.0
2.0
2.0
3.0
2.0
2.0
3.0
2.0
2.0
3.0
3.0
2.0
2.0
3.0
2.0
2.0
3.0
2.0
2.0
3.0
2.0
2.0
3.0
2.0
2.0
2.0
2.0
2.0
2.0
3.0
3.0
2.0
2.0
2.0
2.0
2.0
3.0
2.0
2.0
2.0
2.0
3.0
3.0
2.0
2.0
2.0
2.0
3.0
3.0
2.0
2.0
2.0
2.0
2.0
3.0
3.0
2.0
2.0
2.0
2.0
2.0
3.0
3.0
3.0
3.0
3.0
2.0
2.0
2.0
2.0
2.0
2.0
2.0
3.0
3.0
3.0
2.0
2.0
3.0
2.0
2.0
2.0
3.0
3.0
2.0
2.0
2.0
2.0
2.0
2.0
3.0
3.0
3.0
3.0
2.0
2.0
2.0
2.0
2.0
2.0
2.0
2.0
2.0
2.0
2.0
2.0
2.0
2.0
3.0
3.0
3.0
3.0
3.0
3.0
2.0
2.0
2.0
2.0
2.0
2.0
2.0
3.0
3.0
3.0
3.0
2.0
2.0
2.0
2.0
2.0
2.0
2.0
3.0
3.0
2710.0
2712.0
2712.0
2717.0
2713.0
2711.0
2715.0
2701.0
2709.0
2713.0
2679.0
2718.0
2710.0
2715.0
2713.0
2702.0
2710.0
2710.0
2706.0
2709.0
2706.0
2701.0
2709.0
2701.0
2698.0
2705.0
2712.0
2702.0
2712.0
2718.0
2700.0
2684.0
2692.0
2701.0
2710.0
2710.0
2715.0
2694.0
2710.0
2723.0
2695.0
2684.0
2693.0
2700.0
2698.0
2708.0
2708.0
2705.0
2733.0
2719.0
2.0
2.0
2.0
2.0
3.0
2.0
2.0
2.0
2.0
3.0
3.0
2.0
2.0
2.0
3.0
3.0
2.0
2.0
2.0
2.0
3.0
2.0
2.0
2.0
2.0
3.0
2.0
3.0
2.0
3.0
2.0
3.0
2.0
2.0
2.0
2.0
3.0
2.0
2.0
2.0
2.0
2.0
2.0
2.0
3.0
2.0
3.0
3.0
2.0
3.0
2.0
2.0
2.0
2.0
2.0
3.0
2.0
3.0
2.0
2.0
2.0
3.0
2.0
2.0
3.0
2.0
2.0
2.0
3.0
2.0
3.0
3.0
2.0
2.0
2.0
2.0
2.0
2.0
2.0
3.0
2.0
2.0
3.0
3.0
2.0
3.0
3.0
2.0
2.0
2.0
3.0
2.0
2.0
2.0
29.0
29.0
29.0
29.0
29.0
30.0
29.0
29.0
2.0
2.0
3.0
2.0
3.0
2.0
2.0
2.0
3.0
3.0
2.0
2.0
2.0
2.0
2.0
2.0
3.0
2.0
2.0
2.0
3.0
2.0
2.0
3.0
3.0
2.0
2.0
3.0
3.0
2.0
3.0
3.0
2.0
2.0
3.0
3.0
2.0
2.0
2.0
2.0
2.0
2.0
2.0
2.0
2.0
2.0
2.0
3.0
2684.0
2695.0
2691.0
2698.0
2686.0
2698.0
2684.0
2682.0
2693.0
2702.0
2709.0
2723.0
2726.0
2723.0
2719.0
2715.0
2719.0
2721.0
2715.0
2728.0
2700.0
2709.0
2713.0
2721.0
2719.0
2697.0
2713.0
2718.0
2724.0
2724.0
2708.0
2694.0
2724.0
2728.0
2727.0
2714.0
2717.0
2725.0
2740.0
2724.0
2694.0
2692.0
2718.0
2707.0
2696.0
2715.0
2712.0
2711.0
2692.0
2699.0
