5.0
5.0
4.0
4.0
3.0
3.0
3.0
3.0
5.0
5.0
45.0
45.0
26.0
26.0
26.0
25.0
26.0
26.0
46.0
46.0
26.0
26.0
27.0
26.0
26.0
25.0
47.0
45.0
46.0
46.0
26.0
26.0
2563.0
2560.0
2563.0
2568.0
2254.0
2570.0
2633.0
2715.0
2523.0
2381.0
2443.0
2422.0
2466.0
2468.0
2456.0
2444.0
2449.0
2484.0
24.0
24.0
46.0
25.0
24.0
24.0
24.0
56.0
57.0
24.0
24.0
24.0
24.0
24.0
24.0
24.0
24.0
24.0
24.0
24.0
25.0
24.0
2417.0
2410.0
2444.0
2443.0
2436.0
2430.0
2428.0
2431.0
2440.0
2445.0
2458.0
2457.0
2422.0
2430.0
2428.0
2435.0
2434.0
2462.0
24.0
24.0
24.0
24.0
24.0
24.0
25.0
25.0
25.0
24.0
25.0
25.0
25.0
25.0
25.0
25.0
25.0
25.0
25.0
25.0
25.0
25.0
2444.0
2464.0
2449.0
2444.0
2397.0
2384.0
2375.0
2392.0
2384.0
2402.0
2395.0
2428.0
2416.0
2406.0
2451.0
2442.0
2446.0
2451.0
25.0
24.0
24.0
24.0
24.0
24.0
24.0
24.0
24.0
24.0
44.0
43.0
25.0
25.0
24.0
24.0
24.0
25.0
24.0
24.0
25.0
24.0
2432.0
2459.0
2453.0
2455.0
2459.0
2440.0
2428.0
2437.0
2447.0
2469.0
2463.0
2469.0
2484.0
2491.0
2484.0
2503.0
2426.0
2433.0
44.0
26.0
26.0
25.0
25.0
25.0
25.0
26.0
26.0
26.0
25.0
25.0
26.0
26.0
26.0
24.0
24.0
24.0
25.0
24.0
24.0
24.0
2423.0
2429.0
2431.0
2444.0
2438.0
2442.0
2467.0
2459.0
2419.0
2421.0
2343.0
2345.0
2349.0
2385.0
2395.0
2395.0
2377.0
2382.0
46.0
46.0
26.0
25.0
26.0
26.0
26.0
4.0
5.0
5.0
25.0
45.0
45.0
25.0
25.0
26.0
25.0
3.0
2.0
3.0
26.0
26.0
46.0
46.0
46.0
46.0
26.0
3.0
3.0
3.0
26.0
26.0
26.0
26.0
25.0
26.0
25.0
3.0
2.0
2.0
26.0
27.0
27.0
26.0
45.0
46.0
46.0
5.0
5.0
3.0
26.0
26.0
45.0
25.0
25.0
25.0
25.0
3.0
3.0
2.0
26.0
26.0
26.0
26.0
26.0
26.0
46.0
4.0
5.0
5.0
45.0
39.0
45.0
26.0
25.0
26.0
26.0
3.0
3.0
2.0
26.0
27.0
26.0
26.0
21.0
26.0
26.0
3.0
3.0
3.0
46.0
25.0
26.0
26.0
45.0
21.0
26.0
3.0
3.0
2.0
26.0
26.0
26.0
26.0
26.0
27.0
21.0
3.0
4.0
3.0
26.0
25.0
25.0
26.0
46.0
45.0
26.0
3.0
2.0
3.0
26.0
21.0
25.0
26.0
26.0
26.0
26.0
3.0
3.0
3.0
21.0
26.0
25.0
26.0
35.0
36.0
26.0
3.0
3.0
2.0
21.0
25.0
26.0
26.0
25.0
26.0
26.0
2.0
3.0
3.0
21.0
26.0
25.0
26.0
26.0
21.0
25.0
3.0
3.0
3.0
26.0
25.0
25.0
22.0
21.0
26.0
26.0
3.0
3.0
3.0
26.0
25.0
25.0
25.0
25.0
26.0
21.0
2.0
2.0
2.0
21.0
26.0
26.0
26.0
26.0
26.0
26.0
3.0
3.0
2.0
26.0
25.0
21.0
21.0
26.0
26.0
26.0
3.0
2.0
2.0
26.0
26.0
27.0
22.0
25.0
26.0
21.0
3.0
3.0
3.0
26.0
26.0
20.0
25.0
25.0
25.0
21.0
2.0
3.0
3.0
2564.0
2557.0
2511.0
2629.0
2644.0
2684.0
2369.0
2543.0
2538.0
1430.0
2513.0
2406.0
2404.0
2413.0
2421.0
2419.0
2408.0
2392.0
2389.0
1310.0
2449.0
2432.0
2435.0
2458.0
2417.0
2434.0
2439.0
2408.0
2423.0
1350.0
2446.0
2452.0
2445.0
2427.0
2434.0
2442.0
2440.0
2411.0
2411.0
1350.0
2398.0
2389.0
2391.0
2393.0
2422.0
2419.0
2444.0
2406.0
2409.0
1308.0
2436.0
2415.0
2429.0
2426.0
2437.0
2373.0
2386.0
2382.0
2392.0
1312.0
2479.0
2476.0
2432.0
2453.0
2435.0
2480.0
2620.0
2369.0
2468.0
1363.0
2506.0
2362.0
2452.0
2440.0
2556.0
2389.0
2429.0
2424.0
2431.0
1314.0
2422.0
2443.0
2427.0
2451.0
2441.0
2445.0
2420.0
2412.0
2385.0
1324.0
2452.0
2515.0
2478.0
2461.0
2466.0
2454.0
2461.0
2452.0
2451.0
1361.0
2430.0
2420.0
2429.0
2434.0
2424.0
2436.0
2422.0
2412.0
2404.0
1299.0
2421.0
2375.0
2385.0
2397.0
2380.0
2379.0
2395.0
2363.0
2383.0
1296.0
2410.0
2414.0
2443.0
2409.0
2440.0
2427.0
2422.0
2427.0
2430.0
1348.0
2408.0
2423.0
2425.0
2458.0
2475.0
2444.0
2494.0
2442.0
2436.0
1387.0
2438.0
2424.0
2449.0
2434.0
2389.0
2422.0
2421.0
2392.0
2385.0
1306.0
2465.0
2461.0
2439.0
2451.0
2453.0
2440.0
2448.0
2427.0
2435.0
1349.0
2460.0
2446.0
2440.0
2438.0
2444.0
2438.0
2428.0
2401.0
2402.0
1347.0
2394.0
2392.0
2385.0
2379.0
2380.0
2392.0
2394.0
2411.0
2401.0
1303.0
23.0
24.0
23.0
23.0
24.0
24.0
23.0
2.0
2.0
2.0
24.0
24.0
24.0
24.0
23.0
23.0
24.0
2.0
2.0
2.0
24.0
23.0
23.0
24.0
23.0
23.0
23.0
3.0
3.0
2.0
23.0
23.0
23.0
23.0
24.0
24.0
24.0
2.0
2.0
2.0
23.0
24.0
23.0
23.0
24.0
23.0
23.0
2.0
2.0
2.0
24.0
23.0
23.0
23.0
24.0
23.0
23.0
2.0
2.0
2.0
24.0
23.0
23.0
24.0
24.0
23.0
24.0
3.0
2.0
2.0
23.0
24.0
23.0
24.0
24.0
23.0
23.0
2.0
2.0
2.0
24.0
24.0
24.0
24.0
24.0
23.0
23.0
3.0
2.0
2.0
24.0
23.0
23.0
23.0
23.0
23.0
24.0
2.0
3.0
2.0
30.0
31.0
31.0
31.0
31.0
31.0
31.0
2.0
2.0
9.0
26.0
25.0
25.0
25.0
24.0
24.0
25.0
3.0
2.0
2.0
23.0
23.0
24.0
23.0
23.0
24.0
24.0
2.0
2.0
2.0
23.0
24.0
24.0
23.0
24.0
23.0
23.0
2.0
2.0
3.0
23.0
24.0
24.0
23.0
23.0
23.0
24.0
3.0
2.0
2.0
23.0
24.0
23.0
23.0
23.0
23.0
23.0
2.0
3.0
2.0
23.0
24.0
23.0
24.0
23.0
24.0
23.0
2.0
3.0
2.0
23.0
24.0
23.0
23.0
23.0
24.0
23.0
2.0
2.0
3.0
23.0
24.0
23.0
24.0
23.0
24.0
23.0
3.0
2.0
2.0
23.0
23.0
23.0
23.0
23.0
24.0
23.0
2.0
2.0
3.0
23.0
24.0
24.0
24.0
23.0
23.0
23.0
2.0
3.0
2.0
24.0
23.0
23.0
24.0
24.0
24.0
24.0
2.0
3.0
2.0
2429.0
2421.0
2415.0
2411.0
2428.0
2442.0
2425.0
2406.0
2356.0
1291.0
2421.0
2427.0
2416.0
2425.0
2452.0
2462.0
2424.0
2422.0
2419.0
1366.0
2392.0
2398.0
2424.0
2415.0
2419.0
2430.0
2436.0
2416.0
2412.0
1299.0
2433.0
2431.0
2420.0
2388.0
2382.0
2377.0
2393.0
2373.0
2366.0
1310.0
2445.0
2444.0
2440.0
2436.0
2430.0
2423.0
2427.0
2421.0
2424.0
1335.0
2387.0
2432.0
2427.0
2430.0
2428.0
2432.0
2428.0
2408.0
2424.0
1304.0
2457.0
2437.0
2402.0
2405.0
2403.0
2383.0
2440.0
2407.0
2402.0
1311.0
2436.0
2428.0
2448.0
2459.0
2439.0
2484.0
2443.0
2382.0
2377.0
1304.0
2456.0
2489.0
2445.0
2500.0
2488.0
2490.0
2591.0
2408.0
2415.0
1332.0
2390.0
2396.0
2391.0
2406.0
2413.0
2423.0
2427.0
2371.0
2421.0
1296.0
2437.0
2433.0
2433.0
2430.0
2450.0
2456.0
2446.0
2438.0
2406.0
1311.0
2448.0
2414.0
2416.0
2429.0
2423.0
2469.0
2443.0
2430.0
2440.0
1333.0
2388.0
2409.0
2405.0
2398.0
2392.0
2388.0
2449.0
2434.0
2425.0
1313.0
2445.0
2419.0
2437.0
2427.0
2418.0
2434.0
2430.0
2386.0
2375.0
1302.0
2499.0
2490.0
2418.0
2515.0
2435.0
2429.0
2425.0
2411.0
2446.0
1398.0
2381.0
2410.0
2400.0
2398.0
2427.0
2424.0
2435.0
2407.0
2404.0
1303.0
2442.0
2462.0
2444.0
2450.0
2425.0
2394.0
2402.0
2364.0
2380.0
1298.0
2434.0
2446.0
2450.0
2443.0
2436.0
2421.0
2426.0
2410.0
2419.0
1337.0
24.0
23.0
23.0
24.0
24.0
23.0
23.0
2.0
2.0
2.0
23.0
24.0
32.0
31.0
25.0
16.0
14.0
2.0
2.0
2.0
24.0
23.0
23.0
24.0
23.0
24.0
23.0
2.0
2.0
2.0
23.0
23.0
23.0
24.0
23.0
13.0
13.0
3.0
2.0
2.0
23.0
24.0
23.0
24.0
24.0
23.0
24.0
2.0
3.0
2.0
23.0
23.0
23.0
24.0
23.0
14.0
13.0
2.0
3.0
2.0
23.0
23.0
23.0
25.0
25.0
25.0
24.0
2.0
2.0
2.0
24.0
24.0
24.0
24.0
24.0
13.0
14.0
2.0
2.0
2.0
24.0
24.0
23.0
24.0
24.0
24.0
24.0
2.0
2.0
2.0
24.0
24.0
23.0
23.0
23.0
14.0
14.0
2.0
2.0
2.0
24.0
24.0
23.0
23.0
24.0
24.0
24.0
2.0
2.0
2.0
23.0
23.0
23.0
24.0
23.0
14.0
14.0
2.0
2.0
2.0
23.0
24.0
25.0
24.0
24.0
23.0
24.0
2.0
2.0
2.0
23.0
24.0
24.0
23.0
23.0
14.0
14.0
2.0
2.0
2.0
23.0
23.0
24.0
23.0
23.0
24.0
24.0
2.0
3.0
2.0
23.0
23.0
23.0
24.0
24.0
14.0
14.0
2.0
2.0
2.0
23.0
23.0
23.0
24.0
24.0
23.0
23.0
3.0
3.0
2.0
23.0
24.0
25.0
23.0
24.0
14.0
14.0
3.0
2.0
2.0
23.0
23.0
23.0
23.0
24.0
24.0
23.0
2.0
2.0
3.0
24.0
23.0
23.0
23.0
23.0
14.0
13.0
2.0
2.0
3.0
23.0
23.0
23.0
23.0
24.0
24.0
24.0
2.0
2.0
3.0
24.0
24.0
24.0
25.0
23.0
14.0
14.0
2.0
2.0
2.0
2471.0
2471.0
2464.0
2468.0
2462.0
2462.0
2470.0
2437.0
2454.0
1359.0
2391.0
2407.0
2397.0
2395.0
2388.0
2383.0
2392.0
2385.0
2373.0
1300.0
2423.0
2435.0
2453.0
2453.0
2457.0
2439.0
2458.0
2446.0
2426.0
1353.0
2460.0
2435.0
2439.0
2414.0
2405.0
2418.0
2404.0
2412.0
2401.0
1340.0
2391.0
2395.0
2381.0
2389.0
2405.0
2415.0
2429.0
2409.0
2412.0
1295.0
2410.0
2433.0
2421.0
2410.0
2441.0
2376.0
2378.0
2375.0
2379.0
1299.0
2439.0
2465.0
2455.0
2451.0
2461.0
2447.0
2432.0
2411.0
2425.0
1352.0
2415.0
2404.0
2398.0
2433.0
2408.0
2389.0
2440.0
2400.0
2404.0
1323.0
2429.0
2427.0
2422.0
2431.0
2429.0
2441.0
2431.0
2372.0
2388.0
1306.0
2445.0
2461.0
2444.0
2473.0
2446.0
2467.0
2451.0
2421.0
2445.0
1345.0
2424.0
2411.0
2439.0
2433.0
2433.0
2413.0
2441.0
2428.0
2395.0
1301.0
2440.0
2393.0
2389.0
2382.0
2377.0
2371.0
2387.0
2364.0
2364.0
1295.0
2415.0
2421.0
2420.0
2425.0
2435.0
2425.0
2419.0
2410.0
2414.0
1345.0
2408.0
2388.0
2442.0
2428.0
2432.0
2423.0
2420.0
2413.0
2420.0
1308.0
2416.0
2451.0
2441.0
2395.0
2409.0
2406.0
2397.0
2398.0
2397.0
1317.0
2481.0
2459.0
2465.0
2473.0
2484.0
2435.0
2452.0
2461.0
2475.0
1363.0
2447.0
2610.0
2464.0
2469.0
2448.0
2453.0
2426.0
2419.0
2419.0
1359.0
2375.0
2381.0
2377.0
2382.0
2378.0
2383.0
2390.0
2409.0
2404.0
1298.0
23.0
24.0
24.0
23.0
23.0
23.0
24.0
2.0
3.0
2.0
23.0
24.0
24.0
23.0
23.0
14.0
14.0
3.0
2.0
2.0
23.0
23.0
23.0
23.0
23.0
24.0
24.0
2.0
3.0
2.0
23.0
24.0
23.0
23.0
24.0
14.0
14.0
2.0
2.0
3.0
23.0
24.0
23.0
23.0
23.0
24.0
24.0
3.0
3.0
2.0
23.0
24.0
23.0
23.0
23.0
13.0
13.0
2.0
2.0
2.0
23.0
23.0
23.0
24.0
23.0
23.0
24.0
3.0
2.0
2.0
24.0
23.0
23.0
24.0
23.0
14.0
14.0
2.0
2.0
2.0
24.0
24.0
23.0
23.0
24.0
23.0
23.0
2.0
2.0
3.0
24.0
23.0
24.0
23.0
24.0
14.0
13.0
2.0
3.0
2.0
36.0
36.0
37.0
37.0
37.0
37.0
37.0
3.0
3.0
2.0
24.0
24.0
24.0
24.0
24.0
14.0
14.0
2.0
2.0
2.0
23.0
24.0
23.0
23.0
23.0
23.0
23.0
2.0
2.0
3.0
23.0
23.0
23.0
23.0
24.0
14.0
14.0
3.0
2.0
2.0
24.0
24.0
24.0
24.0
24.0
24.0
24.0
2.0
2.0
2.0
24.0
23.0
23.0
23.0
24.0
14.0
14.0
2.0
3.0
2.0
23.0
23.0
24.0
24.0
24.0
23.0
23.0
2.0
2.0
2.0
25.0
24.0
24.0
23.0
23.0
14.0
14.0
3.0
2.0
2.0
23.0
23.0
24.0
24.0
23.0
23.0
23.0
3.0
2.0
2.0
24.0
24.0
24.0
23.0
23.0
14.0
14.0
3.0
2.0
2.0
23.0
24.0
24.0
24.0
23.0
23.0
23.0
2.0
3.0
2.0
23.0
24.0
23.0
23.0
23.0
14.0
14.0
3.0
3.0
2.0
2454.0
2452.0
2446.0
2450.0
2436.0
2436.0
2441.0
2402.0
2367.0
1311.0
2422.0
2431.0
2448.0
2435.0
2425.0
2431.0
2425.0
2412.0
1364.0
1337.0
2389.0
2403.0
2392.0
2431.0
2433.0
2429.0
2440.0
2413.0
2412.0
1304.0
2431.0
2433.0
2416.0
2425.0
2410.0
2398.0
2390.0
2386.0
1299.0
1298.0
2461.0
2458.0
2474.0
2441.0
2446.0
2456.0
2438.0
2408.0
2402.0
1343.0
2441.0
2407.0
2396.0
2419.0
2404.0
2422.0
2418.0
2403.0
1326.0
1324.0
2435.0
2429.0
2415.0
2429.0
2431.0
2439.0
2424.0
2363.0
2366.0
1309.0
2428.0
2451.0
2444.0
2430.0
2428.0
2433.0
2427.0
2434.0
1343.0
1338.0
2379.0
2394.0
2436.0
2452.0
2426.0
2438.0
2434.0
2428.0
2417.0
1293.0
2447.0
2436.0
2442.0
2393.0
2396.0
2396.0
2396.0
2375.0
1306.0
1308.0
2464.0
2450.0
2467.0
2432.0
2447.0
2462.0
2463.0
2444.0
2449.0
1366.0
2420.0
2437.0
2441.0
2416.0
2456.0
2427.0
2422.0
2410.0
1313.0
1308.0
2459.0
2446.0
2500.0
2446.0
2498.0
2453.0
2402.0
2386.0
2388.0
1300.0
2426.0
2441.0
2451.0
2422.0
2446.0
2438.0
2440.0
2404.0
1346.0
1337.0
2386.0
2415.0
2408.0
2421.0
2438.0
2397.0
2431.0
2427.0
2417.0
1297.0
2416.0
2427.0
2379.0
2390.0
2409.0
2382.0
2391.0
2389.0
1313.0
1296.0
2441.0
2450.0
2421.0
2429.0
2409.0
2422.0
2417.0
2407.0
2421.0
1350.0
2461.0
2451.0
2449.0
2396.0
2381.0
2418.0
2414.0
2422.0
1365.0
1356.0
23.0
23.0
24.0
23.0
24.0
14.0
14.0
3.0
2.0
2.0
23.0
23.0
24.0
24.0
23.0
14.0
2.0
2.0
2.0
2.0
24.0
24.0
23.0
23.0
23.0
14.0
14.0
2.0
2.0
2.0
24.0
24.0
24.0
24.0
24.0
14.0
2.0
2.0
2.0
2.0
23.0
23.0
23.0
24.0
23.0
14.0
13.0
2.0
2.0
2.0
50.0
49.0
50.0
49.0
49.0
15.0
3.0
2.0
2.0
2.0
49.0
49.0
23.0
24.0
23.0
14.0
14.0
2.0
2.0
2.0
23.0
23.0
23.0
23.0
23.0
14.0
2.0
2.0
2.0
2.0
24.0
24.0
24.0
24.0
23.0
14.0
13.0
2.0
3.0
2.0
23.0
24.0
24.0
24.0
23.0
14.0
3.0
2.0
2.0
2.0
24.0
24.0
23.0
23.0
23.0
14.0
14.0
2.0
2.0
3.0
23.0
23.0
23.0
23.0
24.0
13.0
2.0
3.0
2.0
2.0
24.0
24.0
24.0
24.0
23.0
13.0
13.0
2.0
2.0
2.0
23.0
23.0
23.0
24.0
23.0
14.0
2.0
2.0
3.0
2.0
23.0
23.0
23.0
24.0
23.0
14.0
14.0
2.0
2.0
3.0
24.0
23.0
24.0
23.0
24.0
14.0
3.0
2.0
2.0
2.0
23.0
23.0
24.0
24.0
23.0
14.0
14.0
3.0
2.0
2.0
24.0
23.0
24.0
23.0
24.0
14.0
3.0
2.0
2.0
2.0
24.0
23.0
23.0
23.0
24.0
14.0
14.0
2.0
2.0
2.0
24.0
23.0
23.0
23.0
24.0
14.0
2.0
2.0
3.0
2.0
23.0
24.0
23.0
23.0
24.0
14.0
14.0
2.0
2.0
3.0
24.0
24.0
23.0
23.0
24.0
14.0
2.0
2.0
2.0
2.0
2419.0
2383.0
2423.0
2401.0
2414.0
2372.0
2390.0
2359.0
2366.0
1302.0
2450.0
2430.0
2428.0
2441.0
2458.0
2433.0
2427.0
2441.0
1358.0
1337.0
2432.0
2434.0
2431.0
2455.0
2448.0
2443.0
2418.0
2418.0
2437.0
1304.0
2457.0
2401.0
2400.0
2416.0
2386.0
2383.0
2375.0
2373.0
1300.0
1305.0
2435.0
2441.0
2431.0
2430.0
2433.0
2439.0
2441.0
2425.0
2416.0
1350.0
2443.0
2460.0
2465.0
2473.0
2445.0
2435.0
2432.0
2435.0
1348.0
1357.0
2455.0
2467.0
2417.0
2451.0
2445.0
2437.0
2419.0
2385.0
2388.0
1303.0
2429.0
2432.0
2444.0
2441.0
2449.0
2444.0
2434.0
2407.0
1322.0
1326.0
2448.0
2442.0
2429.0
2432.0
2442.0
2428.0
2466.0
2443.0
2440.0
1341.0
2392.0
2408.0
2409.0
2406.0
2402.0
2399.0
2394.0
2428.0
1312.0
1308.0
2430.0
2428.0
2414.0
2446.0
2423.0
2410.0
2402.0
2419.0
2415.0
1312.0
2450.0
2460.0
2457.0
2423.0
2447.0
2436.0
2394.0
2414.0
1354.0
1346.0
2394.0
2391.0
2404.0
2393.0
2385.0
2431.0
2425.0
2412.0
2437.0
1347.0
2419.0
2445.0
2437.0
2436.0
2431.0
2421.0
2393.0
2397.0
1329.0
1295.0
2423.0
2434.0
2435.0
2458.0
2457.0
2445.0
2445.0
2435.0
2434.0
1337.0
2391.0
2392.0
2420.0
2437.0
2451.0
2423.0
2430.0
2429.0
1308.0
1296.0
2504.0
2463.0
2481.0
2474.0
2439.0
2446.0
2463.0
2445.0
2459.0
1356.0
2473.0
2460.0
2466.0
2456.0
2441.0
2341.0
2310.0
2279.0
1340.0
1351.0
