2.0
2.0
2.0
2.0
2.0
2.0
2.0
2.0
2.0
2.0
1.0
2.0
2.0
2.0
2.0
2.0
2.0
2.0
2.0
2.0
2.0
2.0
2.0
2.0
2.0
2.0
2.0
2.0
2.0
2.0
2.0
2.0
2.0
2.0
2.0
1.0
2.0
2.0
2.0
2.0
2.0
2.0
2.0
2.0
2.0
1.0
2.0
2.0
2.0
2.0
2.0
2.0
2.0
2.0
2.0
1.0
2.0
2.0
2.0
2.0
2.0
2.0
2.0
2.0
2.0
2.0
2.0
2.0
2.0
2.0
1.0
2.0
2.0
2.0
2.0
2.0
2.0
2.0
2.0
2.0
1.0
2.0
2.0
2.0
2.0
2.0
1.0
2.0
2.0
2.0
1.0
2.0
2.0
2.0
2.0
2.0
1.0
2.0
2.0
2.0
2.0
2.0
2.0
2.0
2.0
2.0
2.0
2.0
2.0
2.0
1389.0
1385.0
1382.0
1378.0
1379.0
1382.0
1380.0
1386.0
1380.0
1380.0
1407.0
1410.0
1406.0
1407.0
1400.0
1424.0
1414.0
1413.0
1411.0
1416.0
1371.0
1366.0
1362.0
1370.0
1371.0
1371.0
1370.0
1399.0
1367.0
1367.0
1386.0
1402.0
1400.0
1389.0
1397.0
1400.0
1402.0
1394.0
1391.0
1400.0
1376.0
1383.0
1376.0
1381.0
1383.0
1374.0
1375.0
1381.0
1375.0
1378.0
1361.0
1373.0
1370.0
1380.0
1375.0
1389.0
1389.0
1384.0
1381.0
1394.0
1401.0
1389.0
1390.0
1376.0
1392.0
1388.0
1405.0
1388.0
1381.0
1382.0
1376.0
1412.0
1373.0
1387.0
1375.0
1374.0
1382.0
1379.0
1386.0
1377.0
1372.0
1368.0
1383.0
1382.0
1389.0
1402.0
1405.0
1401.0
1401.0
1394.0
1380.0
1384.0
1394.0
1384.0
1386.0
1369.0
1358.0
1365.0
1363.0
1362.0
2.0
1.0
1.0
2.0
2.0
2.0
2.0
2.0
1.0
1.0
2.0
2.0
2.0
1.0
1.0
2.0
2.0
2.0
2.0
2.0
1.0
2.0
2.0
2.0
2.0
1.0
1.0
1.0
2.0
2.0
2.0
1.0
1.0
1.0
2.0
2.0
2.0
2.0
1.0
1.0
2.0
2.0
2.0
1.0
1.0
1.0
1.0
2.0
2.0
2.0
1.0
1.0
2.0
2.0
2.0
2.0
2.0
1.0
1.0
2.0
2.0
2.0
1.0
1.0
2.0
2.0
2.0
2.0
2.0
1.0
2.0
2.0
2.0
2.0
1.0
1.0
1.0
1.0
2.0
2.0
1.0
1.0
2.0
2.0
2.0
2.0
2.0
2.0
1.0
1.0
2.0
2.0
1.0
1.0
1.0
1.0
2.0
2.0
2.0
2.0
1399.0
1397.0
1384.0
1396.0
1399.0
1399.0
1404.0
1396.0
1398.0
1396.0
1381.0
1385.0
1381.0
1384.0
1388.0
1389.0
1377.0
1382.0
1381.0
1389.0
1380.0
1395.0
1382.0
1392.0
1394.0
1409.0
1394.0
1392.0
1391.0
1397.0
1364.0
1377.0
1366.0
1368.0
1374.0
1370.0
1374.0
1370.0
1375.0
1376.0
1425.0
1426.0
1426.0
1432.0
1415.0
1427.0
1437.0
1426.0
1429.0
1443.0
1393.0
1394.0
1386.0
1394.0
1396.0
1392.0
1397.0
1407.0
1389.0
1393.0
1367.0
1369.0
1373.0
1373.0
1372.0
1371.0
1370.0
1369.0
1384.0
1373.0
1410.0
1395.0
1400.0
1397.0
1401.0
1402.0
1410.0
1402.0
1408.0
1427.0
1381.0
1381.0
1380.0
1376.0
1389.0
1381.0
1387.0
1386.0
1383.0
1384.0
1365.0
1369.0
1363.0
1365.0
1369.0
1370.0
1365.0
1369.0
1373.0
1369.0
2.0
2.0
1.0
2.0
2.0
1.0
2.0
1.0
2.0
2.0
1.0
2.0
2.0
2.0
1.0
1.0
1.0
2.0
2.0
2.0
1.0
2.0
1.0
2.0
2.0
1.0
2.0
1.0
2.0
2.0
1.0
1.0
1.0
1.0
2.0
2.0
2.0
2.0
2.0
1.0
1.0
1.0
1.0
2.0
2.0
2.0
2.0
2.0
2.0
2.0
1.0
1.0
1.0
1.0
2.0
2.0
2.0
2.0
1.0
1.0
1.0
1.0
1.0
2.0
2.0
2.0
2.0
2.0
2.0
2.0
1.0
1.0
1.0
1.0
1.0
2.0
2.0
2.0
2.0
2.0
1.0
1.0
1.0
1.0
1.0
2.0
2.0
2.0
2.0
1.0
2.0
2.0
2.0
2.0
2.0
1.0
1.0
1.0
1.0
1.0
1393.0
1400.0
1391.0
1392.0
1395.0
1394.0
1401.0
1401.0
1404.0
1397.0
1387.0
1377.0
1382.0
1388.0
1388.0
1387.0
1380.0
1385.0
1386.0
1377.0
1362.0
1360.0
1367.0
1383.0
1383.0
1383.0
1387.0
1383.0
1390.0
1375.0
1414.0
1424.0
1410.0
1399.0
1385.0
1393.0
1397.0
1395.0
1384.0
1395.0
1377.0
1379.0
1373.0
1378.0
1376.0
1384.0
1374.0
1382.0
1373.0
1388.0
1407.0
1408.0
1414.0
1409.0
1401.0
1413.0
1400.0
1415.0
1406.0
1409.0
1388.0
1379.0
1393.0
1391.0
1384.0
1394.0
1386.0
1432.0
1390.0
1394.0
1375.0
1368.0
1377.0
1371.0
1379.0
1381.0
1378.0
1381.0
1375.0
1387.0
1376.0
1376.0
1374.0
1376.0
1372.0
1373.0
1373.0
1377.0
1381.0
1381.0
1380.0
1387.0
1380.0
1388.0
1382.0
1379.0
1391.0
1390.0
1390.0
1394.0
2.0
2.0
1.0
2.0
1.0
2.0
1.0
2.0
2.0
1.0
1.0
2.0
2.0
1.0
1.0
2.0
2.0
2.0
1.0
2.0
2.0
2.0
1.0
1.0
2.0
2.0
2.0
1.0
1.0
1.0
2.0
2.0
1.0
2.0
1.0
1.0
2.0
1.0
1.0
2.0
2.0
1.0
2.0
1.0
1.0
2.0
2.0
2.0
2.0
1.0
1.0
1.0
2.0
1.0
1.0
2.0
2.0
2.0
1.0
2.0
2.0
1.0
1.0
1.0
2.0
1.0
1.0
2.0
2.0
2.0
1.0
2.0
2.0
1.0
1.0
2.0
2.0
1.0
2.0
2.0
2.0
1.0
2.0
2.0
1.0
2.0
2.0
2.0
1.0
2.0
2.0
1.0
1.0
1.0
2.0
1.0
1.0
2.0
2.0
2.0
1379.0
1379.0
1376.0
1376.0
1374.0
1382.0
1384.0
1382.0
1387.0
1387.0
1374.0
1378.0
1378.0
1370.0
1374.0
1371.0
1397.0
1397.0
1399.0
1401.0
1396.0
1392.0
1387.0
1390.0
1387.0
1397.0
1373.0
1373.0
1371.0
1375.0
1377.0
1383.0
1387.0
1390.0
1384.0
1391.0
1383.0
1388.0
1396.0
1389.0
1397.0
1395.0
1399.0
1400.0
1402.0
1400.0
1401.0
1402.0
1400.0
1402.0
1387.0
1393.0
1395.0
1396.0
1392.0
1399.0
1400.0
1402.0
1404.0
1412.0
1394.0
1399.0
1399.0
1395.0
1398.0
1399.0
1394.0
1397.0
1402.0
1400.0
1391.0
1398.0
1400.0
1399.0
1399.0
1390.0
1395.0
1385.0
1387.0
1389.0
1367.0
1361.0
1367.0
1369.0
1370.0
1368.0
1372.0
1375.0
1369.0
1369.0
1383.0
1378.0
1393.0
1394.0
1388.0
1399.0
1393.0
1390.0
1397.0
1399.0
2.0
2.0
1.0
2.0
1.0
2.0
2.0
2.0
1.0
2.0
2.0
1.0
1.0
2.0
2.0
1.0
2.0
2.0
1.0
1.0
2.0
2.0
1.0
2.0
2.0
1.0
2.0
2.0
1.0
1.0
2.0
2.0
1.0
1.0
2.0
1.0
1.0
2.0
2.0
1.0
2.0
2.0
1.0
1.0
2.0
2.0
1.0
1.0
2.0
2.0
2.0
1.0
2.0
2.0
1.0
2.0
1.0
2.0
2.0
2.0
1.0
2.0
1.0
1.0
2.0
2.0
1.0
2.0
1.0
1.0
1.0
2.0
1.0
2.0
2.0
2.0
1.0
2.0
1.0
1.0
2.0
1.0
2.0
2.0
2.0
1.0
2.0
1.0
1.0
2.0
2.0
2.0
1.0
2.0
2.0
1.0
1.0
1.0
2.0
1.0
1394.0
1388.0
1386.0
1389.0
1386.0
1386.0
1392.0
1386.0
1374.0
1385.0
1360.0
1367.0
1372.0
1368.0
1368.0
1375.0
1377.0
1370.0
1371.0
1375.0
1393.0
1410.0
1396.0
1403.0
1396.0
1401.0
1405.0
1398.0
1410.0
1399.0
1373.0
1379.0
1383.0
1383.0
1373.0
1380.0
1377.0
1381.0
1376.0
1379.0
1365.0
1371.0
1360.0
1368.0
1366.0
1366.0
1365.0
1370.0
1371.0
1372.0
1392.0
1397.0
1400.0
1402.0
1392.0
1388.0
1396.0
1393.0
1390.0
1397.0
1405.0
1420.0
1413.0
1404.0
1413.0
1419.0
1407.0
1412.0
1417.0
1418.0
1361.0
1370.0
1376.0
1375.0
1375.0
1386.0
1388.0
1384.0
1386.0
1377.0
1395.0
1392.0
1391.0
1395.0
1388.0
1395.0
1387.0
1388.0
1392.0
1398.0
1371.0
1368.0
1373.0
1373.0
1377.0
1374.0
1378.0
1380.0
1379.0
1383.0
2.0
1.0
2.0
2.0
1.0
2.0
2.0
1.0
2.0
1.0
2.0
2.0
1.0
2.0
1.0
2.0
1.0
1.0
2.0
1.0
2.0
1.0
2.0
2.0
1.0
1.0
2.0
2.0
1.0
2.0
2.0
1.0
2.0
2.0
1.0
1.0
2.0
2.0
1.0
1.0
1.0
2.0
2.0
2.0
1.0
2.0
1.0
2.0
2.0
1.0
2.0
1.0
2.0
2.0
1.0
2.0
1.0
1.0
2.0
1.0
2.0
2.0
2.0
2.0
1.0
1.0
1.0
2.0
2.0
2.0
2.0
2.0
1.0
1.0
2.0
2.0
1.0
2.0
2.0
1.0
1.0
2.0
1.0
2.0
2.0
2.0
2.0
2.0
1.0
1.0
1.0
1.0
2.0
2.0
2.0
2.0
2.0
1.0
1.0
2.0
1377.0
1370.0
1373.0
1375.0
1375.0
1378.0
1379.0
1378.0
1377.0
1398.0
1395.0
1400.0
1388.0
1393.0
1388.0
1394.0
1398.0
1390.0
1398.0
1369.0
1381.0
1377.0
1383.0
1386.0
1372.0
1385.0
1392.0
1383.0
1390.0
1389.0
1380.0
1383.0
1433.0
1385.0
1412.0
1412.0
1406.0
1407.0
1415.0
1415.0
1382.0
1398.0
1391.0
1370.0
1370.0
1370.0
1351.0
1368.0
1368.0
1363.0
1370.0
1375.0
1375.0
1373.0
1376.0
1380.0
1383.0
1379.0
1377.0
1382.0
1383.0
1377.0
1381.0
1376.0
1384.0
1393.0
1379.0
1385.0
1375.0
1386.0
1382.0
1380.0
1382.0
1382.0
1381.0
1390.0
1387.0
1385.0
1399.0
1382.0
1383.0
1389.0
1390.0
1377.0
1393.0
1383.0
1394.0
1394.0
1414.0
1401.0
1385.0
1387.0
1388.0
1379.0
1383.0
1382.0
1383.0
1393.0
1396.0
1380.0
1.0
2.0
1.0
2.0
2.0
1.0
2.0
1.0
2.0
1.0
2.0
2.0
1.0
2.0
2.0
2.0
2.0
1.0
1.0
2.0
2.0
2.0
1.0
2.0
1.0
2.0
2.0
1.0
2.0
1.0
2.0
2.0
1.0
2.0
1.0
1.0
1.0
1.0
2.0
2.0
2.0
2.0
1.0
1.0
1.0
2.0
2.0
2.0
2.0
1.0
2.0
2.0
1.0
2.0
1.0
1.0
2.0
1.0
2.0
2.0
2.0
2.0
1.0
1.0
1.0
1.0
2.0
2.0
2.0
2.0
1.0
2.0
1.0
2.0
2.0
2.0
1.0
2.0
1.0
1.0
2.0
2.0
2.0
2.0
2.0
1.0
1.0
1.0
1.0
1.0
2.0
2.0
2.0
2.0
2.0
2.0
1.0
1.0
1.0
1.0
1355.0
1369.0
1369.0
1361.0
1372.0
1364.0
1371.0
1369.0
1384.0
1374.0
1395.0
1390.0
1402.0
1402.0
1397.0
1395.0
1398.0
1397.0
1407.0
1401.0
1372.0
1370.0
1374.0
1380.0
1376.0
1376.0
1371.0
1379.0
1390.0
1372.0
1357.0
1359.0
1364.0
1403.0
1364.0
1371.0
1367.0
1363.0
1366.0
1377.0
1400.0
1396.0
1404.0
1398.0
1403.0
1405.0
1406.0
1404.0
1397.0
1399.0
1372.0
1372.0
1373.0
1379.0
1375.0
1379.0
1373.0
1383.0
1378.0
1381.0
1370.0
1376.0
1390.0
1365.0
1384.0
1388.0
1375.0
1378.0
1399.0
1404.0
1376.0
1383.0
1381.0
1384.0
1376.0
1383.0
1390.0
1389.0
1369.0
1370.0
1406.0
1409.0
1395.0
1398.0
1413.0
1402.0
1406.0
1401.0
1404.0
1411.0
1370.0
1375.0
1370.0
1381.0
1382.0
1433.0
1378.0
1406.0
1405.0
1405.0
2.0
1.0
1.0
2.0
1.0
2.0
1.0
1.0
2.0
1.0
2.0
1.0
1.0
2.0
2.0
1.0
1.0
2.0
2.0
1.0
1.0
2.0
2.0
2.0
2.0
1.0
2.0
1.0
2.0
1.0
2.0
1.0
2.0
1.0
2.0
1.0
2.0
2.0
2.0
2.0
1.0
1.0
1.0
2.0
2.0
2.0
1.0
2.0
1.0
2.0
1.0
1.0
2.0
2.0
2.0
1.0
1.0
1.0
2.0
2.0
2.0
1.0
2.0
1.0
2.0
1.0
1.0
2.0
2.0
2.0
1.0
1.0
1.0
2.0
2.0
2.0
1.0
1.0
1.0
2.0
2.0
1.0
2.0
2.0
2.0
1.0
1.0
1.0
2.0
2.0
1.0
2.0
1.0
1.0
2.0
1.0
1.0
2.0
1.0
1.0
1406.0
1393.0
1396.0
1387.0
1398.0
1401.0
1370.0
1372.0
1370.0
1372.0
1374.0
1384.0
1373.0
1374.0
1381.0
1383.0
1379.0
1381.0
1378.0
1389.0
1378.0
1386.0
1385.0
1389.0
1394.0
1389.0
1386.0
1385.0
1387.0
1381.0
1366.0
1363.0
1366.0
1364.0
1375.0
1370.0
1370.0
1368.0
1363.0
1364.0
1373.0
1379.0
1379.0
1388.0
1393.0
1388.0
1388.0
1375.0
1400.0
1382.0
1379.0
1388.0
1376.0
1389.0
1380.0
1381.0
1382.0
1384.0
1377.0
1376.0
1363.0
1360.0
1367.0
1364.0
1377.0
1364.0
1364.0
1360.0
1365.0
1361.0
1393.0
1400.0
1392.0
1402.0
1403.0
1409.0
1399.0
1400.0
1406.0
1404.0
1372.0
1382.0
1378.0
1385.0
1382.0
1380.0
1375.0
1384.0
1381.0
1382.0
1389.0
1396.0
1388.0
1391.0
1390.0
1397.0
1385.0
1396.0
1400.0
1401.0
2.0
1.0
2.0
1.0
2.0
1.0
2.0
2.0
1.0
2.0
1.0
2.0
2.0
1.0
2.0
1.0
2.0
1.0
1.0
2.0
1.0
2.0
1.0
2.0
1.0
2.0
2.0
1.0
2.0
2.0
2.0
1.0
2.0
1.0
2.0
1.0
2.0
1.0
2.0
2.0
1.0
1.0
1.0
2.0
2.0
2.0
1.0
2.0
1.0
2.0
1.0
2.0
2.0
2.0
2.0
1.0
2.0
1.0
2.0
1.0
2.0
1.0
2.0
2.0
2.0
1.0
1.0
2.0
2.0
2.0
1.0
1.0
1.0
2.0
2.0
2.0
1.0
2.0
1.0
2.0
1.0
2.0
2.0
2.0
2.0
1.0
1.0
1.0
2.0
2.0
2.0
1.0
1.0
1.0
2.0
2.0
2.0
2.0
1.0
2.0
1406.0
1407.0
1398.0
1410.0
1397.0
1408.0
1405.0
1395.0
1397.0
1387.0
1381.0
1378.0
1376.0
1384.0
1383.0
1380.0
1380.0
1381.0
1377.0
1379.0
1386.0
1377.0
1383.0
1388.0
1384.0
1384.0
1377.0
1387.0
1403.0
1398.0
1376.0
1380.0
1389.0
1378.0
1392.0
1388.0
1389.0
1384.0
1368.0
1364.0
1378.0
1373.0
1382.0
1384.0
1381.0
1383.0
1387.0
1391.0
1375.0
1377.0
1382.0
1383.0
1381.0
1377.0
1380.0
1387.0
1393.0
1389.0
1402.0
1387.0
1357.0
1357.0
1368.0
1365.0
1361.0
1370.0
1371.0
1370.0
1359.0
1363.0
1385.0
1391.0
1386.0
1381.0
1382.0
1388.0
1384.0
1398.0
1396.0
1400.0
1388.0
1389.0
1389.0
1398.0
1390.0
1400.0
1396.0
1397.0
1394.0
1387.0
1386.0
1393.0
1391.0
1391.0
1399.0
1400.0
1400.0
1392.0
1404.0
1397.0
2.0
2.0
2.0
2.0
1.0
2.0
2.0
2.0
2.0
1.0
2.0
2.0
2.0
1.0
1.0
2.0
2.0
2.0
2.0
2.0
2.0
1.0
1.0
2.0
2.0
2.0
2.0
2.0
2.0
1.0
1.0
1.0
1.0
1.0
2.0
2.0
2.0
2.0
2.0
2.0
1.0
2.0
2.0
2.0
1.0
1.0
2.0
2.0
2.0
2.0
2.0
2.0
2.0
1.0
1.0
1.0
2.0
2.0
2.0
2.0
1.0
2.0
2.0
2.0
2.0
1.0
1.0
2.0
2.0
2.0
1.0
1.0
1.0
2.0
2.0
2.0
2.0
1.0
2.0
2.0
2.0
2.0
2.0
1.0
1.0
1.0
1.0
1.0
2.0
2.0
2.0
2.0
1.0
2.0
2.0
2.0
2.0
2.0
2.0
1.0
1405.0
1412.0
1410.0
1415.0
1400.0
1411.0
1411.0
1410.0
1407.0
1408.0
1377.0
1383.0
1378.0
1375.0
1374.0
1386.0
1377.0
1381.0
1383.0
1384.0
1358.0
1361.0
1361.0
1372.0
1407.0
1372.0
1379.0
1384.0
1372.0
1378.0
1393.0
1401.0
1398.0
1401.0
1394.0
1392.0
1396.0
1396.0
1393.0
1389.0
1375.0
1366.0
1386.0
1377.0
1377.0
1371.0
1383.0
1379.0
1372.0
1366.0
1385.0
1380.0
1382.0
1378.0
1384.0
1381.0
1372.0
1388.0
1397.0
1397.0
1395.0
1390.0
1394.0
1400.0
1393.0
1396.0
1399.0
1396.0
1369.0
1369.0
1371.0
1374.0
1377.0
1373.0
1372.0
1370.0
1383.0
1384.0
1378.0
1376.0
1376.0
1386.0
1389.0
1389.0
1377.0
1382.0
1382.0
1382.0
1383.0
1390.0
1365.0
1369.0
1370.0
1368.0
1359.0
1359.0
1369.0
1367.0
1367.0
1370.0
1.0
2.0
1.0
1.0
2.0
1.0
2.0
1.0
2.0
2.0
1.0
2.0
1.0
2.0
2.0
1.0
2.0
2.0
1.0
1.0
2.0
2.0
2.0
2.0
1.0
1.0
2.0
2.0
1.0
1.0
2.0
2.0
2.0
2.0
1.0
1.0
2.0
2.0
1.0
1.0
2.0
2.0
2.0
2.0
1.0
1.0
2.0
2.0
1.0
1.0
2.0
2.0
2.0
2.0
2.0
2.0
1.0
1.0
1.0
1.0
1.0
2.0
2.0
2.0
2.0
2.0
1.0
1.0
1.0
1.0
2.0
2.0
2.0
2.0
2.0
1.0
2.0
1.0
2.0
2.0
2.0
2.0
1.0
2.0
1.0
1.0
1.0
1.0
2.0
2.0
2.0
2.0
2.0
2.0
1.0
1.0
1.0
1.0
1.0
1.0
1403.0
1408.0
1402.0
1419.0
1419.0
1400.0
1412.0
1421.0
1429.0
1424.0
1386.0
1384.0
1389.0
1392.0
1384.0
1369.0
1379.0
1382.0
1400.0
1382.0
1368.0
1362.0
1362.0
1367.0
1368.0
1364.0
1371.0
1372.0
1370.0
1406.0
1384.0
1395.0
1390.0
1389.0
1394.0
1392.0
1390.0
1393.0
1397.0
1418.0
1376.0
1385.0
1382.0
1382.0
1379.0
1381.0
1385.0
1384.0
1391.0
1386.0
1354.0
1370.0
1361.0
1363.0
1384.0
1379.0
1376.0
1381.0
1373.0
1394.0
1465.0
1400.0
1393.0
1402.0
1392.0
1390.0
1449.0
1385.0
1398.0
1365.0
1378.0
1379.0
1371.0
1382.0
1375.0
1374.0
1382.0
1374.0
1386.0
1382.0
1379.0
1380.0
1379.0
1379.0
1372.0
1398.0
1402.0
1401.0
1406.0
1403.0
1383.0
1386.0
1385.0
1391.0
1387.0
1361.0
1350.0
1347.0
1345.0
1332.0
