9.0
5.0
5.0
5.0
7.0
5.0
4.0
5.0
7.0
7.0
88.0
47.0
126.0
61.0
69.0
67.0
68.0
66.0
108.0
125.0
68.0
54.0
614.0
602.0
607.0
618.0
606.0
509.0
512.0
604.0
659.0
643.0
482.0
741.0
596.0
593.0
595.0
592.0
594.0
599.0
594.0
889.0
7423.0
6492.0
6589.0
6445.0
6451.0
6443.0
72.0
69.0
122.0
104.0
104.0
96.0
80.0
57.0
58.0
57.0
57.0
69.0
521.0
891.0
531.0
977.0
596.0
553.0
987.0
529.0
543.0
683.0
549.0
550.0
560.0
561.0
549.0
561.0
562.0
550.0
550.0
599.0
6428.0
6504.0
6503.0
6459.0
6467.0
6478.0
6383.0
43.0
43.0
62.0
62.0
63.0
61.0
62.0
61.0
62.0
61.0
61.0
61.0
557.0
558.0
548.0
548.0
563.0
562.0
554.0
561.0
595.0
590.0
618.0
626.0
550.0
550.0
565.0
566.0
551.0
549.0
583.0
582.0
6295.0
6287.0
6297.0
6382.0
6336.0
6322.0
42.0
44.0
62.0
60.0
61.0
61.0
61.0
60.0
61.0
61.0
61.0
61.0
557.0
559.0
548.0
547.0
578.0
559.0
624.0
625.0
554.0
547.0
558.0
558.0
549.0
547.0
560.0
559.0
549.0
558.0
563.0
550.0
6435.0
6434.0
6419.0
6474.0
6471.0
6421.0
43.0
38.0
61.0
53.0
61.0
52.0
75.0
66.0
61.0
52.0
61.0
52.0
619.0
604.0
549.0
539.0
565.0
553.0
551.0
542.0
565.0
558.0
546.0
544.0
562.0
556.0
624.0
616.0
566.0
555.0
587.0
580.0
6157.0
6160.0
6200.0
6115.0
6198.0
6156.0
6095.0
56.0
46.0
75.0
122.0
142.0
66.0
76.0
66.0
141.0
123.0
75.0
66.0
608.0
598.0
611.0
533.0
610.0
601.0
731.0
670.0
813.0
784.0
516.0
591.0
590.0
593.0
601.0
592.0
547.0
585.0
560.0
590.0
6366.0
6408.0
6499.0
6407.0
6362.0
6409.0
51.0
44.0
71.0
63.0
71.0
64.0
71.0
62.0
67.0
61.0
67.0
62.0
569.0
558.0
556.0
553.0
589.0
570.0
643.0
644.0
574.0
548.0
562.0
566.0
552.0
552.0
566.0
566.0
553.0
553.0
572.0
571.0
6485.0
6336.0
6443.0
6427.0
6462.0
6488.0
45.0
24.0
64.0
43.0
63.0
43.0
63.0
43.0
64.0
43.0
64.0
43.0
568.0
548.0
642.0
604.0
555.0
539.0
575.0
554.0
569.0
534.0
568.0
534.0
569.0
544.0
559.0
535.0
578.0
553.0
557.0
535.0
6523.0
6500.0
6472.0
6489.0
6452.0
6481.0
45.0
24.0
63.0
43.0
63.0
42.0
64.0
43.0
63.0
44.0
63.0
42.0
550.0
533.0
565.0
542.0
564.0
549.0
574.0
541.0
596.0
587.0
554.0
546.0
636.0
658.0
550.0
550.0
572.0
557.0
553.0
538.0
6353.0
6420.0
6434.0
6383.0
6373.0
6384.0
6368.0
26.0
19.0
45.0
39.0
44.0
38.0
45.0
38.0
45.0
38.0
45.0
38.0
535.0
529.0
545.0
547.0
548.0
543.0
535.0
529.0
633.0
631.0
536.0
530.0
547.0
540.0
535.0
529.0
555.0
549.0
566.0
561.0
6517.0
6509.0
6481.0
6535.0
6533.0
6546.0
6486.0
21.0
19.0
39.0
37.0
40.0
37.0
41.0
38.0
40.0
37.0
39.0
37.0
540.0
537.0
603.0
609.0
545.0
537.0
549.0
546.0
526.0
524.0
539.0
536.0
526.0
523.0
540.0
536.0
582.0
578.0
644.0
640.0
6357.0
6365.0
6355.0
6336.0
6375.0
6368.0
6325.0
18.0
15.0
37.0
34.0
36.0
33.0
36.0
34.0
36.0
34.0
36.0
34.0
538.0
531.0
527.0
524.0
535.0
552.0
533.0
537.0
522.0
525.0
532.0
535.0
592.0
597.0
522.0
524.0
540.0
542.0
526.0
526.0
6365.0
6286.0
6283.0
6332.0
6319.0
6288.0
6356.0
6.0
4.0
25.0
22.0
25.0
22.0
24.0
22.0
25.0
21.0
24.0
22.0
526.0
520.0
509.0
514.0
523.0
522.0
599.0
598.0
512.0
520.0
523.0
523.0
510.0
512.0
523.0
523.0
510.0
519.0
529.0
528.0
6504.0
6509.0
6454.0
6554.0
6536.0
6509.0
6481.0
5.0
4.0
24.0
53.0
25.0
22.0
25.0
22.0
23.0
22.0
24.0
22.0
580.0
581.0
545.0
519.0
526.0
533.0
516.0
508.0
537.0
538.0
514.0
508.0
524.0
519.0
510.0
514.0
527.0
529.0
600.0
587.0
6385.0
6350.0
6387.0
6297.0
6362.0
6326.0
6335.0
5.0
4.0
5.0
4.0
5.0
3.0
5.0
4.0
5.0
4.0
5.0
4.0
5.0
3.0
5.0
3.0
6.0
3.0
5.0
3.0
5.0
4.0
5.0
4.0
5.0
4.0
5.0
4.0
5.0
4.0
5.0
4.0
3236.0
3235.0
3161.0
3160.0
3229.0
3196.0
3200.0
3214.0
43.0
23.0
62.0
42.0
62.0
42.0
61.0
42.0
61.0
42.0
61.0
42.0
569.0
541.0
562.0
543.0
552.0
536.0
567.0
544.0
563.0
547.0
568.0
549.0
552.0
528.0
547.0
529.0
611.0
589.0
603.0
588.0
6318.0
6622.0
6564.0
6614.0
6217.0
6242.0
6647.0
65.0
25.0
61.0
42.0
62.0
42.0
61.0
42.0
61.0
42.0
61.0
42.0
589.0
557.0
574.0
555.0
613.0
585.0
576.0
553.0
584.0
565.0
655.0
634.0
588.0
563.0
573.0
555.0
608.0
588.0
568.0
547.0
6616.0
6169.0
6564.0
6170.0
6573.0
6207.0
6222.0
25.0
25.0
45.0
44.0
45.0
44.0
44.0
55.0
45.0
43.0
45.0
44.0
553.0
552.0
564.0
562.0
635.0
630.0
556.0
557.0
578.0
574.0
563.0
563.0
554.0
553.0
572.0
568.0
533.0
536.0
575.0
573.0
6384.0
6408.0
6465.0
6451.0
6395.0
6396.0
6431.0
24.0
19.0
43.0
37.0
43.0
36.0
42.0
37.0
42.0
37.0
42.0
37.0
595.0
596.0
532.0
527.0
544.0
539.0
533.0
527.0
548.0
543.0
581.0
575.0
548.0
544.0
625.0
627.0
543.0
536.0
542.0
536.0
6294.0
6368.0
6348.0
6307.0
6401.0
6472.0
6386.0
20.0
19.0
38.0
36.0
38.0
37.0
50.0
47.0
38.0
37.0
37.0
36.0
526.0
524.0
536.0
535.0
527.0
526.0
553.0
537.0
595.0
594.0
545.0
526.0
535.0
552.0
525.0
525.0
535.0
539.0
528.0
528.0
6412.0
6508.0
6432.0
6380.0
6420.0
6517.0
6508.0
19.0
15.0
38.0
33.0
37.0
33.0
37.0
34.0
38.0
34.0
37.0
34.0
548.0
524.0
606.0
600.0
545.0
547.0
542.0
541.0
523.0
525.0
536.0
536.0
533.0
534.0
530.0
525.0
538.0
542.0
542.0
541.0
6397.0
6464.0
6427.0
6376.0
6382.0
6370.0
6327.0
17.0
3.0
37.0
23.0
35.0
22.0
33.0
22.0
34.0
22.0
34.0
22.0
533.0
522.0
541.0
500.0
534.0
525.0
520.0
509.0
556.0
548.0
521.0
509.0
593.0
579.0
521.0
510.0
536.0
524.0
523.0
509.0
6350.0
6329.0
6378.0
6288.0
6303.0
6313.0
6299.0
4.0
3.0
22.0
22.0
21.0
22.0
21.0
22.0
22.0
22.0
22.0
22.0
522.0
521.0
508.0
508.0
520.0
520.0
570.0
578.0
516.0
511.0
525.0
520.0
522.0
509.0
520.0
519.0
511.0
510.0
520.0
519.0
6405.0
6497.0
6449.0
6501.0
6504.0
6503.0
6503.0
3.0
4.0
33.0
3.0
23.0
3.0
23.0
4.0
22.0
3.0
23.0
3.0
572.0
554.0
516.0
515.0
532.0
529.0
537.0
511.0
539.0
527.0
512.0
495.0
527.0
506.0
516.0
495.0
590.0
576.0
535.0
495.0
6335.0
6337.0
6309.0
6328.0
6326.0
6287.0
6281.0
3.0
3.0
4.0
3.0
4.0
4.0
3.0
3.0
4.0
4.0
3.0
3.0
4.0
4.0
4.0
3.0
3.0
4.0
4.0
3.0
3.0
4.0
4.0
3.0
4.0
4.0
3.0
3.0
4.0
4.0
3.0
3.0
3252.0
3219.0
3158.0
3145.0
3189.0
3206.0
3186.0
3256.0
24.0
23.0
43.0
42.0
68.0
68.0
43.0
41.0
42.0
42.0
43.0
42.0
530.0
527.0
528.0
530.0
529.0
528.0
540.0
539.0
543.0
542.0
544.0
543.0
598.0
593.0
583.0
594.0
599.0
600.0
543.0
545.0
6318.0
6386.0
6486.0
6423.0
6371.0
6360.0
6366.0
24.0
23.0
43.0
42.0
42.0
41.0
42.0
42.0
42.0
42.0
43.0
41.0
527.0
528.0
540.0
539.0
544.0
548.0
570.0
569.0
535.0
536.0
590.0
602.0
528.0
531.0
539.0
539.0
529.0
528.0
555.0
554.0
6285.0
6384.0
6399.0
6357.0
6381.0
6413.0
6311.0
24.0
24.0
42.0
41.0
42.0
42.0
54.0
54.0
44.0
44.0
42.0
42.0
532.0
539.0
540.0
544.0
613.0
592.0
530.0
532.0
570.0
557.0
541.0
542.0
528.0
527.0
539.0
542.0
530.0
529.0
552.0
549.0
6537.0
6443.0
6374.0
6395.0
6367.0
6438.0
6400.0
73.0
18.0
42.0
36.0
41.0
36.0
41.0
36.0
41.0
36.0
42.0
36.0
526.0
524.0
535.0
538.0
529.0
531.0
537.0
534.0
530.0
523.0
547.0
530.0
627.0
593.0
538.0
552.0
555.0
568.0
535.0
526.0
6323.0
6321.0
6381.0
6420.0
6430.0
6338.0
6371.0
18.0
18.0
37.0
37.0
38.0
36.0
37.0
36.0
37.0
37.0
38.0
36.0
530.0
529.0
544.0
542.0
527.0
527.0
548.0
550.0
608.0
612.0
546.0
526.0
538.0
537.0
527.0
526.0
544.0
544.0
539.0
539.0
6526.0
6382.0
6448.0
6371.0
6411.0
6430.0
6393.0
18.0
15.0
37.0
34.0
37.0
34.0
37.0
34.0
37.0
34.0
36.0
34.0
540.0
532.0
605.0
588.0
544.0
549.0
530.0
521.0
542.0
534.0
524.0
534.0
535.0
539.0
525.0
525.0
605.0
606.0
549.0
549.0
6377.0
6372.0
6369.0
6335.0
6339.0
6381.0
6358.0
14.0
4.0
33.0
22.0
32.0
22.0
33.0
22.0
33.0
22.0
33.0
22.0
532.0
519.0
558.0
536.0
528.0
511.0
536.0
521.0
521.0
515.0
604.0
592.0
520.0
508.0
548.0
525.0
520.0
525.0
533.0
527.0
6337.0
6333.0
6322.0
6320.0
6303.0
6321.0
6363.0
3.0
4.0
22.0
22.0
22.0
22.0
22.0
22.0
22.0
33.0
33.0
23.0
511.0
509.0
519.0
522.0
575.0
590.0
511.0
509.0
548.0
545.0
512.0
507.0
522.0
520.0
510.0
509.0
525.0
541.0
512.0
510.0
6471.0
6378.0
6347.0
6405.0
6401.0
6390.0
6482.0
4.0
3.0
22.0
3.0
77.0
3.0
22.0
4.0
22.0
3.0
22.0
4.0
509.0
502.0
518.0
503.0
509.0
492.0
525.0
508.0
511.0
492.0
521.0
503.0
519.0
505.0
591.0
569.0
510.0
522.0
530.0
514.0
3705.0
6315.0
3799.0
6336.0
3700.0
6368.0
3681.0
3.0
4.0
3.0
4.0
3.0
4.0
3.0
4.0
3.0
4.0
3.0
4.0
4.0
3.0
4.0
3.0
4.0
3.0
4.0
3.0
4.0
3.0
4.0
3.0
4.0
3.0
4.0
3.0
3.0
3.0
4.0
3.0
3294.0
3308.0
3144.0
3146.0
3155.0
3157.0
3220.0
3142.0
23.0
23.0
42.0
41.0
41.0
41.0
61.0
42.0
42.0
42.0
43.0
42.0
537.0
533.0
553.0
529.0
565.0
567.0
571.0
569.0
570.0
568.0
571.0
568.0
529.0
528.0
529.0
537.0
529.0
571.0
575.0
572.0
6442.0
6442.0
6394.0
6430.0
6404.0
6398.0
24.0
22.0
42.0
41.0
42.0
41.0
42.0
41.0
42.0
41.0
41.0
41.0
531.0
530.0
544.0
541.0
528.0
528.0
550.0
549.0
531.0
530.0
547.0
547.0
595.0
592.0
541.0
543.0
576.0
574.0
535.0
529.0
6354.0
6410.0
6393.0
6357.0
6398.0
6395.0
6331.0
24.0
22.0
42.0
41.0
42.0
42.0
42.0
42.0
41.0
41.0
42.0
42.0
528.0
541.0
544.0
531.0
547.0
542.0
530.0
605.0
626.0
553.0
540.0
548.0
529.0
531.0
540.0
544.0
539.0
534.0
548.0
545.0
6451.0
6382.0
6382.0
6439.0
6426.0
6471.0
6530.0
18.0
17.0
38.0
36.0
37.0
36.0
38.0
36.0
37.0
36.0
37.0
36.0
606.0
599.0
533.0
534.0
542.0
535.0
527.0
523.0
539.0
535.0
524.0
527.0
533.0
539.0
523.0
527.0
624.0
622.0
535.0
531.0
6330.0
6374.0
6387.0
6403.0
6337.0
6323.0
6324.0
19.0
17.0
38.0
36.0
37.0
36.0
37.0
36.0
37.0
36.0
37.0
36.0
551.0
547.0
524.0
524.0
529.0
539.0
528.0
527.0
543.0
541.0
600.0
599.0
522.0
523.0
537.0
536.0
524.0
522.0
540.0
542.0
6302.0
6290.0
6366.0
6401.0
6404.0
6388.0
6364.0
38.0
16.0
37.0
34.0
36.0
34.0
36.0
33.0
36.0
34.0
37.0
34.0
521.0
520.0
597.0
604.0
523.0
520.0
534.0
531.0
523.0
524.0
540.0
531.0
521.0
533.0
534.0
535.0
524.0
521.0
557.0
556.0
6484.0
6471.0
6379.0
6413.0
6449.0
6347.0
6342.0
14.0
3.0
33.0
22.0
33.0
22.0
33.0
22.0
33.0
23.0
32.0
22.0
518.0
522.0
531.0
520.0
518.0
506.0
535.0
522.0
519.0
509.0
545.0
537.0
550.0
512.0
589.0
589.0
543.0
528.0
520.0
510.0
6284.0
6355.0
6311.0
6296.0
6291.0
6302.0
6286.0
3.0
3.0
22.0
22.0
22.0
22.0
22.0
22.0
22.0
22.0
22.0
22.0
518.0
520.0
511.0
512.0
520.0
520.0
513.0
512.0
588.0
574.0
519.0
508.0
522.0
523.0
519.0
523.0
514.0
514.0
548.0
551.0
6344.0
6432.0
6327.0
6403.0
6418.0
6351.0
6423.0
4.0
3.0
4.0
3.0
4.0
3.0
4.0
3.0
4.0
3.0
4.0
3.0
502.0
502.0
569.0
563.0
511.0
511.0
505.0
506.0
492.0
490.0
502.0
504.0
489.0
489.0
503.0
501.0
490.0
489.0
563.0
588.0
3663.0
6337.0
3659.0
6350.0
3673.0
6315.0
3717.0
3.0
4.0
3.0
4.0
3.0
3.0
4.0
3.0
4.0
3.0
3.0
4.0
3.0
4.0
3.0
4.0
3.0
4.0
3.0
3.0
4.0
4.0
3.0
3.0
4.0
4.0
3.0
3.0
4.0
4.0
3.0
3.0
3213.0
3213.0
3233.0
3237.0
3251.0
3158.0
3158.0
3162.0
23.0
14.0
41.0
59.0
41.0
33.0
42.0
32.0
42.0
33.0
41.0
33.0
528.0
522.0
532.0
568.0
572.0
565.0
574.0
563.0
572.0
521.0
530.0
519.0
529.0
520.0
531.0
520.0
539.0
532.0
541.0
532.0
6384.0
6425.0
6328.0
6362.0
6369.0
6338.0
6351.0
24.0
14.0
42.0
32.0
42.0
32.0
42.0
33.0
42.0
33.0
41.0
32.0
590.0
574.0
528.0
520.0
540.0
532.0
529.0
520.0
544.0
535.0
528.0
518.0
541.0
531.0
593.0
597.0
534.0
538.0
549.0
537.0
6321.0
6330.0
6324.0
6350.0
6323.0
6392.0
6358.0
23.0
14.0
54.0
45.0
43.0
34.0
42.0
33.0
42.0
32.0
41.0
32.0
528.0
521.0
578.0
584.0
530.0
520.0
551.0
541.0
594.0
585.0
529.0
518.0
539.0
531.0
529.0
522.0
546.0
535.0
532.0
521.0
6456.0
6557.0
6552.0
6397.0
6488.0
6455.0
6495.0
17.0
3.0
36.0
22.0
36.0
22.0
36.0
22.0
36.0
22.0
36.0
22.0
534.0
519.0
582.0
571.0
524.0
510.0
543.0
534.0
536.0
509.0
540.0
511.0
546.0
526.0
525.0
511.0
541.0
526.0
600.0
604.0
6408.0
6382.0
6370.0
6336.0
6360.0
6368.0
6314.0
18.0
3.0
36.0
22.0
36.0
22.0
37.0
22.0
36.0
22.0
36.0
22.0
522.0
507.0
534.0
521.0
524.0
508.0
538.0
523.0
525.0
510.0
602.0
604.0
537.0
535.0
534.0
534.0
527.0
522.0
544.0
531.0
6365.0
6319.0
6278.0
6357.0
6316.0
6441.0
6366.0
15.0
4.0
33.0
22.0
34.0
21.0
34.0
21.0
45.0
22.0
47.0
23.0
520.0
508.0
532.0
526.0
600.0
586.0
521.0
509.0
539.0
526.0
519.0
513.0
533.0
523.0
524.0
509.0
535.0
527.0
522.0
512.0
6391.0
6349.0
6390.0
6399.0
6360.0
6418.0
6408.0
3.0
4.0
22.0
21.0
23.0
21.0
22.0
22.0
22.0
22.0
22.0
22.0
513.0
508.0
524.0
520.0
511.0
513.0
527.0
522.0
512.0
511.0
526.0
527.0
516.0
512.0
576.0
572.0
511.0
513.0
529.0
531.0
6296.0
6391.0
6330.0
6373.0
6308.0
6357.0
6360.0
4.0
4.0
22.0
22.0
23.0
23.0
22.0
22.0
22.0
23.0
22.0
22.0
519.0
518.0
521.0
521.0
509.0
519.0
520.0
513.0
572.0
574.0
508.0
508.0
520.0
520.0
510.0
510.0
528.0
526.0
511.0
510.0
6429.0
6501.0
6562.0
6457.0
6462.0
6402.0
6415.0
4.0
3.0
4.0
3.0
3.0
3.0
3.0
4.0
3.0
4.0
3.0
4.0
506.0
505.0
577.0
558.0
493.0
516.0
519.0
508.0
495.0
496.0
511.0
510.0
494.0
492.0
504.0
505.0
495.0
494.0
588.0
597.0
3695.0
3712.0
3660.0
3703.0
3663.0
3707.0
3643.0
3679.0
3.0
3.0
3.0
3.0
4.0
3.0
4.0
3.0
4.0
3.0
4.0
3.0
3.0
4.0
4.0
3.0
3.0
3.0
4.0
4.0
3.0
3.0
4.0
3.0
3.0
3.0
4.0
4.0
3.0
3.0
4.0
3.0
3158.0
3214.0
2995.0
3051.0
3064.0
3046.0
3043.0
3044.0
