2.0
1.0
1.0
1.0
2.0
1.0
1.0
1.0
2.0
1.0
1.0
1.0
2.0
1.0
1.0
1.0
475.0
688.0
878.0
535.0
658.0
832.0
534.0
869.0
531.0
808.0
618.0
556.0
553.0
554.0
1.0
1.0
1.0
1.0
1.0
1.0
445.0
541.0
540.0
813.0
543.0
541.0
554.0
554.0
553.0
713.0
446.0
552.0
601.0
598.0
2.0
1.0
1.0
2.0
1.0
1.0
637.0
547.0
633.0
567.0
575.0
530.0
555.0
785.0
507.0
504.0
488.0
488.0
486.0
501.0
1.0
1.0
1.0
1.0
1.0
1.0
499.0
916.0
499.0
516.0
517.0
502.0
501.0
915.0
502.0
516.0
515.0
517.0
502.0
500.0
1.0
2.0
1.0
1.0
1.0
1.0
488.0
485.0
487.0
962.0
501.0
499.0
499.0
515.0
960.0
562.0
552.0
552.0
553.0
566.0
2.0
1.0
1.0
1.0
1.0
2.0
561.0
559.0
545.0
502.0
487.0
488.0
914.0
484.0
500.0
499.0
500.0
916.0
502.0
503.0
1.0
1.0
1.0
2.0
1.0
1.0
515.0
509.0
501.0
517.0
517.0
516.0
517.0
900.0
487.0
503.0
493.0
485.0
501.0
500.0
2.0
2.0
2.0
1.0
2.0
2.0
962.0
500.0
501.0
498.0
505.0
516.0
502.0
563.0
563.0
564.0
965.0
563.0
532.0
534.0
1.0
1.0
1.0
1.0
2.0
1.0
547.0
533.0
913.0
501.0
500.0
500.0
485.0
500.0
484.0
500.0
483.0
516.0
517.0
918.0
1.0
1.0
1.0
2.0
1.0
1.0
518.0
501.0
517.0
504.0
516.0
500.0
752.0
493.0
493.0
481.0
485.0
467.0
480.0
477.0
1.0
1.0
1.0
1.0
1.0
2.0
1.0
1.0
1.0
1.0
2.0
2.0
1.0
2.0
2.0
1.0
1.0
2.0
1.0
1.0
1.0
1.0
2.0
2.0
2.0
2.0
2.0
2.0
1.0
1.0
2.0
1.0
1.0
1.0
1.0
2.0
2.0
2.0
2.0
2.0
1.0
1.0
1.0
1.0
1.0
1.0
1.0
2.0
2.0
2.0
2.0
2.0
1.0
1.0
1.0
1.0
1.0
1.0
1.0
2.0
612.0
554.0
634.0
778.0
757.0
561.0
557.0
562.0
564.0
652.0
522.0
533.0
533.0
531.0
508.0
468.0
526.0
570.0
570.0
532.0
540.0
575.0
550.0
568.0
595.0
571.0
554.0
520.0
505.0
501.0
504.0
502.0
496.0
508.0
514.0
503.0
501.0
520.0
519.0
516.0
519.0
520.0
517.0
518.0
517.0
520.0
518.0
503.0
503.0
500.0
505.0
504.0
498.0
502.0
502.0
505.0
519.0
521.0
574.0
571.0
571.0
569.0
564.0
564.0
568.0
569.0
550.0
549.0
506.0
502.0
507.0
508.0
497.0
502.0
502.0
501.0
501.0
500.0
518.0
518.0
524.0
515.0
521.0
515.0
517.0
520.0
516.0
517.0
507.0
501.0
498.0
502.0
505.0
503.0
502.0
505.0
501.0
501.0
566.0
566.0
562.0
575.0
566.0
574.0
572.0
573.0
561.0
574.0
509.0
504.0
497.0
505.0
504.0
501.0
503.0
502.0
505.0
503.0
518.0
518.0
514.0
518.0
520.0
517.0
515.0
517.0
531.0
518.0
505.0
500.0
500.0
503.0
505.0
500.0
506.0
508.0
514.0
514.0
561.0
556.0
1.0
1.0
1.0
1.0
1.0
1.0
1.0
1.0
1.0
1.0
1.0
1.0
1.0
1.0
1.0
1.0
1.0
1.0
1.0
1.0
1.0
1.0
1.0
1.0
1.0
1.0
1.0
1.0
1.0
1.0
1.0
1.0
1.0
1.0
1.0
1.0
1.0
1.0
1.0
1.0
1.0
1.0
1.0
1.0
1.0
1.0
1.0
1.0
1.0
1.0
1.0
1.0
1.0
1.0
1.0
1.0
1.0
1.0
1.0
1.0
555.0
559.0
557.0
573.0
580.0
567.0
550.0
564.0
506.0
517.0
504.0
498.0
507.0
503.0
514.0
503.0
505.0
502.0
521.0
516.0
515.0
520.0
524.0
517.0
517.0
514.0
528.0
519.0
503.0
502.0
498.0
502.0
505.0
502.0
503.0
501.0
503.0
499.0
565.0
561.0
559.0
568.0
574.0
567.0
568.0
561.0
572.0
566.0
513.0
507.0
500.0
501.0
504.0
501.0
501.0
500.0
504.0
500.0
516.0
518.0
513.0
521.0
519.0
516.0
518.0
519.0
519.0
516.0
503.0
505.0
498.0
504.0
503.0
502.0
502.0
502.0
503.0
502.0
566.0
568.0
560.0
566.0
560.0
575.0
571.0
569.0
563.0
569.0
508.0
504.0
498.0
507.0
501.0
514.0
508.0
509.0
503.0
509.0
520.0
517.0
512.0
522.0
517.0
518.0
516.0
516.0
519.0
515.0
509.0
502.0
502.0
504.0
501.0
502.0
502.0
504.0
503.0
500.0
564.0
570.0
554.0
566.0
571.0
574.0
564.0
562.0
562.0
557.0
503.0
506.0
503.0
500.0
503.0
502.0
500.0
500.0
501.0
500.0
515.0
515.0
1.0
1.0
1.0
1.0
1.0
1.0
1.0
1.0
1.0
1.0
1.0
1.0
1.0
1.0
1.0
1.0
1.0
1.0
1.0
1.0
1.0
1.0
1.0
1.0
1.0
1.0
1.0
1.0
1.0
1.0
1.0
1.0
1.0
1.0
1.0
1.0
1.0
1.0
1.0
1.0
1.0
1.0
1.0
1.0
1.0
1.0
1.0
1.0
1.0
1.0
1.0
1.0
1.0
1.0
1.0
1.0
1.0
1.0
1.0
1.0
517.0
515.0
517.0
517.0
517.0
516.0
517.0
515.0
501.0
501.0
502.0
500.0
505.0
505.0
499.0
500.0
503.0
500.0
555.0
555.0
558.0
556.0
560.0
561.0
558.0
554.0
549.0
557.0
506.0
499.0
508.0
505.0
505.0
501.0
502.0
504.0
502.0
514.0
518.0
517.0
516.0
518.0
521.0
515.0
515.0
517.0
517.0
502.0
499.0
498.0
499.0
503.0
502.0
500.0
501.0
501.0
502.0
541.0
545.0
543.0
545.0
545.0
547.0
544.0
543.0
545.0
546.0
502.0
500.0
499.0
501.0
501.0
503.0
500.0
501.0
502.0
503.0
513.0
517.0
515.0
516.0
520.0
519.0
517.0
516.0
520.0
518.0
502.0
500.0
500.0
500.0
504.0
502.0
499.0
499.0
547.0
550.0
543.0
550.0
545.0
553.0
554.0
551.0
553.0
554.0
509.0
510.0
501.0
501.0
508.0
506.0
501.0
503.0
500.0
524.0
528.0
517.0
521.0
514.0
517.0
516.0
514.0
522.0
519.0
503.0
503.0
503.0
503.0
502.0
504.0
501.0
497.0
550.0
542.0
550.0
558.0
558.0
553.0
556.0
553.0
1.0
1.0
1.0
1.0
1.0
1.0
1.0
1.0
1.0
1.0
1.0
1.0
1.0
1.0
1.0
1.0
1.0
1.0
1.0
1.0
1.0
1.0
1.0
1.0
1.0
1.0
1.0
1.0
1.0
1.0
1.0
1.0
1.0
1.0
1.0
1.0
1.0
1.0
1.0
1.0
1.0
1.0
1.0
1.0
1.0
1.0
1.0
1.0
1.0
47.0
47.0
1.0
1.0
1.0
1.0
1.0
1.0
1.0
1.0
1.0
508.0
515.0
508.0
517.0
512.0
516.0
514.0
514.0
515.0
513.0
531.0
531.0
530.0
529.0
533.0
533.0
528.0
536.0
521.0
542.0
517.0
518.0
684.0
489.0
708.0
485.0
514.0
516.0
488.0
505.0
515.0
561.0
560.0
561.0
569.0
573.0
563.0
570.0
560.0
573.0
550.0
503.0
513.0
506.0
508.0
502.0
503.0
498.0
509.0
515.0
504.0
516.0
514.0
522.0
519.0
519.0
522.0
517.0
521.0
522.0
527.0
502.0
509.0
505.0
499.0
501.0
502.0
497.0
502.0
506.0
550.0
557.0
556.0
559.0
548.0
548.0
554.0
546.0
547.0
554.0
499.0
505.0
502.0
504.0
503.0
501.0
504.0
497.0
501.0
502.0
517.0
522.0
517.0
520.0
518.0
519.0
520.0
515.0
518.0
519.0
499.0
505.0
502.0
506.0
501.0
501.0
507.0
499.0
503.0
507.0
549.0
555.0
554.0
557.0
553.0
553.0
556.0
541.0
552.0
557.0
500.0
503.0
508.0
505.0
509.0
506.0
497.0
512.0
502.0
504.0
515.0
519.0
518.0
521.0
518.0
525.0
514.0
521.0
518.0
521.0
2.0
1.0
0.0
0.0
0.0
0.0
1.0
1.0
1.0
1.0
1.0
1.0
1.0
1.0
1.0
1.0
1.0
1.0
1.0
1.0
1.0
1.0
1.0
1.0
1.0
1.0
1.0
1.0
1.0
1.0
1.0
1.0
1.0
1.0
1.0
1.0
1.0
1.0
1.0
1.0
1.0
1.0
1.0
1.0
1.0
1.0
1.0
1.0
1.0
1.0
1.0
1.0
1.0
1.0
1.0
1.0
1.0
1.0
1.0
1.0
504.0
504.0
501.0
506.0
503.0
506.0
497.0
504.0
501.0
504.0
544.0
555.0
548.0
550.0
546.0
555.0
542.0
547.0
552.0
558.0
503.0
504.0
501.0
504.0
504.0
511.0
498.0
504.0
506.0
505.0
515.0
520.0
515.0
520.0
515.0
517.0
513.0
517.0
519.0
522.0
500.0
505.0
501.0
506.0
502.0
499.0
500.0
504.0
500.0
500.0
550.0
557.0
557.0
556.0
550.0
561.0
559.0
554.0
558.0
552.0
499.0
500.0
509.0
502.0
510.0
507.0
511.0
503.0
508.0
501.0
516.0
516.0
519.0
518.0
517.0
515.0
518.0
519.0
515.0
518.0
501.0
502.0
502.0
503.0
500.0
500.0
501.0
501.0
501.0
502.0
548.0
556.0
556.0
550.0
555.0
556.0
557.0
555.0
555.0
559.0
499.0
501.0
506.0
502.0
505.0
509.0
508.0
507.0
508.0
502.0
516.0
518.0
520.0
519.0
517.0
515.0
519.0
517.0
516.0
519.0
500.0
500.0
504.0
502.0
499.0
500.0
501.0
500.0
500.0
501.0
554.0
557.0
555.0
548.0
558.0
556.0
556.0
548.0
555.0
550.0
1.0
1.0
1.0
1.0
1.0
1.0
1.0
1.0
1.0
1.0
1.0
1.0
1.0
1.0
1.0
1.0
1.0
1.0
1.0
1.0
1.0
1.0
1.0
1.0
1.0
1.0
1.0
1.0
1.0
1.0
1.0
1.0
1.0
1.0
1.0
1.0
1.0
1.0
1.0
1.0
1.0
1.0
1.0
1.0
1.0
1.0
1.0
1.0
1.0
1.0
1.0
1.0
1.0
1.0
1.0
1.0
1.0
1.0
1.0
1.0
510.0
501.0
513.0
503.0
509.0
508.0
514.0
508.0
503.0
503.0
532.0
535.0
524.0
532.0
533.0
536.0
528.0
531.0
545.0
527.0
512.0
505.0
511.0
505.0
510.0
508.0
503.0
513.0
505.0
553.0
559.0
554.0
557.0
561.0
551.0
559.0
562.0
565.0
555.0
513.0
506.0
500.0
512.0
511.0
501.0
504.0
506.0
517.0
503.0
521.0
519.0
522.0
520.0
524.0
519.0
520.0
522.0
531.0
518.0
504.0
503.0
504.0
502.0
503.0
500.0
502.0
503.0
504.0
503.0
553.0
557.0
546.0
556.0
546.0
553.0
557.0
552.0
554.0
558.0
502.0
499.0
500.0
503.0
499.0
502.0
504.0
500.0
517.0
515.0
516.0
518.0
520.0
519.0
521.0
519.0
519.0
518.0
503.0
502.0
501.0
501.0
504.0
501.0
502.0
500.0
501.0
499.0
547.0
544.0
547.0
548.0
548.0
549.0
551.0
547.0
548.0
545.0
500.0
500.0
500.0
499.0
502.0
503.0
504.0
499.0
501.0
500.0
515.0
517.0
514.0
516.0
518.0
518.0
516.0
517.0
516.0
517.0
500.0
502.0
499.0
1.0
1.0
1.0
1.0
1.0
1.0
1.0
1.0
1.0
1.0
1.0
1.0
1.0
1.0
1.0
1.0
1.0
1.0
1.0
1.0
1.0
1.0
1.0
1.0
1.0
1.0
1.0
1.0
1.0
1.0
1.0
1.0
1.0
1.0
1.0
1.0
1.0
1.0
1.0
1.0
1.0
1.0
1.0
1.0
1.0
1.0
1.0
1.0
1.0
1.0
1.0
1.0
1.0
1.0
1.0
1.0
1.0
1.0
1.0
1.0
502.0
501.0
501.0
500.0
501.0
547.0
548.0
550.0
555.0
550.0
545.0
547.0
549.0
550.0
557.0
508.0
511.0
508.0
510.0
505.0
500.0
502.0
502.0
502.0
504.0
515.0
519.0
518.0
519.0
516.0
518.0
521.0
519.0
516.0
520.0
498.0
501.0
500.0
501.0
499.0
546.0
549.0
549.0
552.0
555.0
555.0
554.0
547.0
556.0
553.0
500.0
512.0
502.0
503.0
515.0
507.0
509.0
500.0
504.0
508.0
516.0
515.0
522.0
517.0
519.0
516.0
519.0
516.0
517.0
517.0
500.0
501.0
500.0
502.0
502.0
500.0
500.0
500.0
500.0
500.0
550.0
545.0
551.0
554.0
553.0
552.0
557.0
551.0
553.0
552.0
502.0
501.0
508.0
503.0
510.0
512.0
511.0
509.0
511.0
507.0
515.0
517.0
516.0
518.0
518.0
516.0
517.0
516.0
517.0
515.0
500.0
500.0
499.0
503.0
506.0
500.0
502.0
502.0
501.0
501.0
550.0
550.0
556.0
560.0
560.0
556.0
557.0
557.0
555.0
556.0
501.0
500.0
509.0
501.0
510.0
514.0
509.0
511.0
508.0
500.0
1.0
1.0
1.0
1.0
1.0
1.0
1.0
1.0
1.0
1.0
0.0
1.0
1.0
1.0
1.0
1.0
1.0
1.0
1.0
1.0
1.0
1.0
1.0
1.0
1.0
1.0
1.0
1.0
1.0
1.0
1.0
1.0
1.0
1.0
1.0
1.0
1.0
1.0
1.0
1.0
1.0
1.0
1.0
1.0
1.0
1.0
1.0
1.0
1.0
1.0
1.0
1.0
1.0
1.0
1.0
1.0
1.0
1.0
1.0
0.0
695.0
505.0
689.0
515.0
516.0
503.0
517.0
503.0
516.0
503.0
494.0
508.0
495.0
507.0
507.0
493.0
512.0
521.0
501.0
512.0
570.0
583.0
567.0
585.0
591.0
573.0
590.0
561.0
583.0
570.0
503.0
518.0
513.0
518.0
503.0
511.0
507.0
510.0
498.0
507.0
518.0
517.0
518.0
516.0
520.0
516.0
518.0
512.0
516.0
518.0
504.0
501.0
503.0
500.0
504.0
499.0
503.0
501.0
500.0
500.0
558.0
557.0
558.0
559.0
560.0
557.0
559.0
560.0
558.0
549.0
501.0
503.0
502.0
503.0
501.0
502.0
503.0
501.0
502.0
502.0
517.0
517.0
515.0
516.0
518.0
516.0
517.0
519.0
517.0
516.0
503.0
503.0
503.0
503.0
501.0
504.0
502.0
501.0
502.0
503.0
546.0
555.0
555.0
555.0
556.0
555.0
553.0
548.0
554.0
546.0
501.0
502.0
502.0
504.0
502.0
502.0
501.0
502.0
502.0
501.0
517.0
515.0
519.0
515.0
518.0
515.0
519.0
520.0
516.0
515.0
501.0
501.0
503.0
501.0
498.0
501.0
500.0
503.0
501.0
501.0
1.0
0.0
1.0
1.0
1.0
1.0
1.0
1.0
1.0
1.0
1.0
1.0
1.0
1.0
1.0
1.0
1.0
1.0
1.0
1.0
1.0
1.0
1.0
1.0
1.0
1.0
1.0
1.0
1.0
1.0
1.0
1.0
1.0
1.0
1.0
1.0
1.0
1.0
1.0
1.0
1.0
1.0
1.0
1.0
1.0
1.0
1.0
1.0
1.0
1.0
1.0
1.0
1.0
1.0
1.0
1.0
1.0
1.0
1.0
1.0
549.0
558.0
560.0
556.0
558.0
556.0
550.0
548.0
550.0
558.0
501.0
503.0
504.0
504.0
504.0
502.0
501.0
520.0
518.0
514.0
522.0
519.0
523.0
518.0
527.0
520.0
523.0
508.0
501.0
501.0
503.0
500.0
505.0
499.0
499.0
552.0
554.0
553.0
553.0
551.0
549.0
556.0
559.0
557.0
558.0
508.0
511.0
501.0
502.0
507.0
501.0
501.0
502.0
503.0
519.0
511.0
522.0
523.0
517.0
525.0
507.0
527.0
511.0
526.0
495.0
509.0
507.0
494.0
506.0
504.0
503.0
499.0
545.0
549.0
554.0
555.0
557.0
554.0
548.0
556.0
551.0
556.0
510.0
509.0
502.0
509.0
509.0
502.0
501.0
509.0
501.0
501.0
515.0
516.0
520.0
515.0
516.0
519.0
517.0
516.0
520.0
516.0
502.0
500.0
503.0
500.0
500.0
501.0
502.0
501.0
547.0
547.0
553.0
553.0
555.0
551.0
545.0
558.0
547.0
554.0
503.0
508.0
512.0
508.0
510.0
508.0
500.0
501.0
507.0
506.0
518.0
515.0
520.0
516.0
518.0
515.0
515.0
519.0
519.0
516.0
2.0
1.0
1.0
1.0
1.0
1.0
1.0
1.0
1.0
1.0
1.0
1.0
1.0
1.0
1.0
1.0
1.0
1.0
1.0
1.0
1.0
1.0
1.0
1.0
1.0
1.0
1.0
1.0
1.0
1.0
1.0
1.0
1.0
1.0
1.0
1.0
1.0
1.0
1.0
1.0
1.0
1.0
1.0
1.0
1.0
1.0
1.0
1.0
1.0
1.0
1.0
1.0
1.0
1.0
1.0
1.0
1.0
1.0
1.0
1.0
501.0
503.0
503.0
501.0
502.0
501.0
500.0
503.0
504.0
500.0
553.0
546.0
558.0
555.0
555.0
557.0
547.0
549.0
552.0
554.0
503.0
510.0
512.0
513.0
510.0
513.0
507.0
512.0
513.0
509.0
529.0
525.0
528.0
522.0
526.0
522.0
523.0
532.0
523.0
525.0
493.0
517.0
491.0
516.0
490.0
515.0
515.0
524.0
488.0
512.0
549.0
553.0
556.0
560.0
557.0
559.0
548.0
558.0
550.0
556.0
502.0
500.0
502.0
500.0
501.0
502.0
501.0
503.0
502.0
500.0
518.0
515.0
519.0
516.0
518.0
514.0
516.0
519.0
513.0
516.0
504.0
501.0
505.0
504.0
504.0
503.0
504.0
505.0
498.0
502.0
547.0
553.0
555.0
558.0
556.0
554.0
554.0
558.0
542.0
553.0
506.0
503.0
508.0
502.0
503.0
503.0
506.0
500.0
504.0
502.0
516.0
515.0
516.0
515.0
516.0
515.0
516.0
514.0
517.0
514.0
500.0
501.0
503.0
500.0
501.0
503.0
504.0
502.0
503.0
502.0
548.0
545.0
545.0
542.0
543.0
544.0
544.0
533.0
533.0
536.0
