1.0
0.0
0.0
0.0
0.0
1.0
1.0
1.0
1.0
0.0
4.0
4.0
5.0
5.0
5.0
41.0
41.0
40.0
40.0
40.0
95.0
95.0
94.0
94.0
94.0
95.0
95.0
95.0
95.0
95.0
101.0
101.0
101.0
101.0
101.0
101.0
101.0
101.0
101.0
101.0
96.0
96.0
96.0
96.0
96.0
95.0
95.0
95.0
95.0
96.0
94.0
94.0
94.0
94.0
94.0
95.0
95.0
95.0
95.0
94.0
95.0
95.0
95.0
95.0
95.0
95.0
95.0
95.0
95.0
96.0
95.0
95.0
95.0
95.0
95.0
95.0
94.0
94.0
94.0
94.0
94.0
94.0
94.0
94.0
94.0
95.0
95.0
94.0
94.0
95.0
95.0
95.0
95.0
95.0
94.0
94.0
94.0
94.0
94.0
95.0
97.0
97.0
97.0
97.0
98.0
111.0
110.0
111.0
110.0
110.0
5.0
5.0
5.0
5.0
4.0
53.0
53.0
53.0
53.0
54.0
95.0
94.0
94.0
94.0
95.0
94.0
94.0
95.0
94.0
94.0
94.0
94.0
95.0
95.0
95.0
95.0
95.0
95.0
94.0
95.0
96.0
95.0
96.0
95.0
96.0
96.0
95.0
96.0
95.0
95.0
94.0
95.0
95.0
94.0
94.0
95.0
94.0
94.0
94.0
94.0
95.0
94.0
94.0
95.0
95.0
95.0
94.0
95.0
95.0
95.0
94.0
94.0
95.0
94.0
94.0
94.0
94.0
95.0
94.0
95.0
95.0
94.0
94.0
94.0
95.0
94.0
94.0
95.0
94.0
94.0
94.0
94.0
94.0
95.0
95.0
94.0
95.0
94.0
94.0
94.0
95.0
95.0
94.0
94.0
94.0
94.0
93.0
94.0
94.0
94.0
5.0
5.0
5.0
4.0
5.0
5.0
5.0
5.0
5.0
5.0
5.0
5.0
5.0
4.0
4.0
5.0
5.0
5.0
5.0
5.0
5.0
5.0
5.0
5.0
5.0
5.0
4.0
5.0
5.0
5.0
5.0
5.0
5.0
5.0
5.0
5.0
4.0
0.0
0.0
0.0
0.0
0.0
0.0
1.0
1.0
1.0
0.0
0.0
0.0
1.0
41.0
41.0
41.0
40.0
41.0
41.0
41.0
41.0
41.0
41.0
41.0
40.0
40.0
40.0
40.0
40.0
40.0
40.0
41.0
41.0
40.0
40.0
41.0
40.0
41.0
41.0
41.0
41.0
40.0
40.0
40.0
40.0
40.0
41.0
40.0
40.0
40.0
36.0
36.0
36.0
43.0
43.0
1.0
0.0
1.0
0.0
0.0
0.0
0.0
0.0
101.0
101.0
101.0
102.0
100.0
101.0
101.0
101.0
94.0
94.0
95.0
95.0
94.0
94.0
95.0
95.0
94.0
94.0
95.0
95.0
94.0
94.0
94.0
95.0
94.0
95.0
94.0
94.0
94.0
94.0
94.0
94.0
95.0
94.0
94.0
94.0
94.0
90.0
90.0
90.0
90.0
90.0
55.0
54.0
55.0
55.0
54.0
55.0
54.0
54.0
94.0
94.0
94.0
94.0
95.0
94.0
94.0
95.0
95.0
95.0
94.0
95.0
94.0
95.0
94.0
94.0
95.0
94.0
94.0
94.0
95.0
94.0
94.0
94.0
94.0
95.0
94.0
94.0
94.0
94.0
94.0
94.0
95.0
94.0
94.0
94.0
94.0
90.0
90.0
90.0
101.0
101.0
65.0
65.0
66.0
65.0
65.0
65.0
65.0
65.0
94.0
95.0
94.0
94.0
95.0
95.0
94.0
94.0
94.0
94.0
94.0
94.0
94.0
95.0
94.0
95.0
94.0
95.0
95.0
95.0
94.0
94.0
95.0
94.0
94.0
94.0
94.0
94.0
94.0
94.0
95.0
95.0
94.0
95.0
95.0
95.0
95.0
91.0
90.0
90.0
90.0
90.0
55.0
54.0
54.0
54.0
54.0
54.0
54.0
55.0
94.0
95.0
94.0
94.0
94.0
95.0
95.0
94.0
95.0
94.0
95.0
94.0
94.0
94.0
95.0
94.0
94.0
95.0
94.0
94.0
94.0
95.0
95.0
94.0
94.0
94.0
95.0
94.0
94.0
94.0
94.0
94.0
94.0
94.0
94.0
95.0
94.0
90.0
90.0
90.0
90.0
90.0
54.0
55.0
54.0
55.0
54.0
55.0
55.0
55.0
94.0
94.0
94.0
94.0
94.0
94.0
94.0
97.0
99.0
99.0
102.0
102.0
102.0
101.0
102.0
101.0
101.0
98.0
97.0
97.0
94.0
94.0
94.0
94.0
94.0
94.0
94.0
94.0
94.0
95.0
94.0
94.0
94.0
94.0
94.0
95.0
95.0
91.0
90.0
90.0
90.0
90.0
54.0
55.0
54.0
54.0
54.0
54.0
54.0
54.0
94.0
94.0
94.0
95.0
94.0
94.0
94.0
95.0
94.0
95.0
94.0
94.0
94.0
94.0
94.0
94.0
95.0
95.0
94.0
94.0
95.0
94.0
94.0
94.0
94.0
94.0
94.0
94.0
94.0
94.0
94.0
95.0
95.0
94.0
95.0
94.0
94.0
90.0
90.0
90.0
101.0
101.0
65.0
65.0
65.0
65.0
65.0
65.0
65.0
65.0
95.0
95.0
94.0
94.0
95.0
95.0
95.0
94.0
94.0
94.0
94.0
94.0
94.0
94.0
94.0
95.0
94.0
94.0
95.0
94.0
94.0
94.0
94.0
95.0
94.0
95.0
94.0
95.0
94.0
94.0
95.0
95.0
95.0
94.0
94.0
94.0
95.0
90.0
90.0
90.0
90.0
90.0
54.0
54.0
55.0
55.0
54.0
54.0
54.0
54.0
94.0
94.0
94.0
94.0
94.0
94.0
94.0
94.0
94.0
94.0
95.0
95.0
94.0
95.0
94.0
94.0
95.0
94.0
94.0
94.0
94.0
94.0
95.0
94.0
95.0
95.0
94.0
94.0
94.0
95.0
94.0
94.0
94.0
95.0
94.0
94.0
94.0
90.0
90.0
90.0
90.0
90.0
54.0
54.0
54.0
55.0
54.0
54.0
55.0
54.0
94.0
94.0
98.0
97.0
98.0
98.0
98.0
99.0
99.0
99.0
100.0
100.0
96.0
96.0
96.0
96.0
95.0
95.0
95.0
95.0
94.0
95.0
94.0
94.0
94.0
94.0
94.0
94.0
94.0
94.0
95.0
95.0
94.0
95.0
94.0
94.0
94.0
90.0
90.0
91.0
90.0
90.0
55.0
54.0
55.0
55.0
54.0
55.0
55.0
54.0
94.0
94.0
94.0
94.0
94.0
94.0
94.0
94.0
94.0
94.0
95.0
95.0
94.0
94.0
94.0
94.0
94.0
95.0
94.0
95.0
94.0
94.0
95.0
95.0
95.0
95.0
95.0
94.0
95.0
95.0
95.0
94.0
94.0
94.0
94.0
94.0
94.0
90.0
90.0
90.0
101.0
101.0
65.0
65.0
65.0
65.0
65.0
65.0
65.0
65.0
94.0
95.0
94.0
95.0
95.0
95.0
94.0
95.0
94.0
95.0
95.0
94.0
95.0
94.0
94.0
94.0
94.0
95.0
94.0
94.0
94.0
95.0
94.0
94.0
94.0
94.0
94.0
94.0
94.0
94.0
94.0
94.0
94.0
95.0
94.0
95.0
94.0
90.0
91.0
90.0
90.0
90.0
54.0
54.0
54.0
54.0
54.0
54.0
54.0
54.0
95.0
94.0
94.0
95.0
95.0
94.0
94.0
95.0
94.0
94.0
94.0
95.0
94.0
94.0
94.0
95.0
95.0
94.0
94.0
95.0
95.0
94.0
94.0
94.0
95.0
95.0
94.0
94.0
95.0
94.0
94.0
94.0
94.0
95.0
94.0
94.0
94.0
90.0
90.0
90.0
90.0
90.0
54.0
54.0
54.0
55.0
55.0
54.0
54.0
54.0
95.0
94.0
94.0
95.0
99.0
100.0
100.0
100.0
101.0
101.0
101.0
101.0
101.0
100.0
96.0
96.0
95.0
96.0
94.0
94.0
104.0
111.0
103.0
105.0
103.0
106.0
103.0
106.0
104.0
105.0
97.0
97.0
97.0
97.0
96.0
96.0
97.0
93.0
92.0
91.0
96.0
97.0
58.0
58.0
58.0
59.0
59.0
61.0
59.0
59.0
104.0
104.0
103.0
102.0
103.0
102.0
102.0
101.0
101.0
101.0
94.0
94.0
94.0
94.0
94.0
94.0
94.0
95.0
94.0
94.0
94.0
94.0
94.0
94.0
95.0
95.0
94.0
94.0
94.0
94.0
94.0
94.0
94.0
94.0
94.0
94.0
95.0
90.0
91.0
90.0
101.0
101.0
65.0
65.0
65.0
65.0
65.0
65.0
65.0
65.0
95.0
94.0
95.0
94.0
94.0
94.0
94.0
94.0
95.0
95.0
94.0
95.0
94.0
94.0
94.0
94.0
94.0
95.0
94.0
94.0
95.0
94.0
94.0
95.0
95.0
95.0
95.0
94.0
94.0
95.0
94.0
94.0
95.0
94.0
94.0
94.0
94.0
90.0
90.0
90.0
90.0
90.0
54.0
54.0
54.0
55.0
54.0
55.0
55.0
55.0
95.0
95.0
94.0
94.0
94.0
94.0
94.0
94.0
94.0
94.0
94.0
94.0
95.0
94.0
95.0
95.0
94.0
94.0
95.0
95.0
94.0
94.0
94.0
95.0
94.0
94.0
94.0
95.0
94.0
94.0
95.0
94.0
94.0
94.0
94.0
94.0
95.0
90.0
90.0
90.0
90.0
91.0
55.0
54.0
55.0
55.0
54.0
54.0
55.0
54.0
94.0
95.0
94.0
94.0
99.0
99.0
100.0
100.0
101.0
101.0
101.0
101.0
101.0
102.0
97.0
97.0
95.0
95.0
94.0
94.0
95.0
94.0
94.0
94.0
95.0
94.0
94.0
94.0
94.0
94.0
94.0
94.0
94.0
94.0
94.0
94.0
95.0
90.0
91.0
91.0
90.0
91.0
55.0
54.0
55.0
55.0
54.0
54.0
54.0
54.0
94.0
95.0
94.0
94.0
94.0
94.0
94.0
94.0
94.0
94.0
95.0
95.0
95.0
95.0
95.0
96.0
96.0
95.0
95.0
95.0
94.0
94.0
95.0
94.0
94.0
94.0
94.0
94.0
95.0
94.0
94.0
95.0
94.0
95.0
94.0
94.0
94.0
90.0
90.0
90.0
101.0
100.0
65.0
65.0
65.0
65.0
65.0
65.0
65.0
65.0
4.0
4.0
5.0
4.0
5.0
5.0
5.0
5.0
5.0
4.0
4.0
4.0
4.0
5.0
4.0
5.0
4.0
5.0
5.0
1.0
4.0
5.0
4.0
5.0
0.0
5.0
5.0
5.0
0.0
1.0
5.0
4.0
4.0
0.0
1.0
4.0
1.0
0.0
0.0
0.0
1.0
1.0
0.0
0.0
0.0
0.0
0.0
1.0
1.0
1.0
41.0
41.0
40.0
40.0
40.0
40.0
40.0
41.0
41.0
41.0
41.0
40.0
41.0
40.0
41.0
41.0
40.0
40.0
40.0
36.0
40.0
41.0
41.0
40.0
36.0
40.0
40.0
40.0
37.0
37.0
40.0
40.0
40.0
37.0
36.0
40.0
36.0
36.0
1.0
1.0
36.0
0.0
0.0
1.0
0.0
1.0
0.0
0.0
1.0
0.0
94.0
94.0
94.0
94.0
95.0
95.0
94.0
94.0
95.0
95.0
95.0
94.0
95.0
95.0
94.0
94.0
94.0
94.0
94.0
90.0
94.0
94.0
94.0
94.0
90.0
94.0
94.0
95.0
90.0
90.0
94.0
94.0
94.0
90.0
90.0
94.0
90.0
90.0
54.0
54.0
89.0
54.0
54.0
55.0
55.0
54.0
54.0
54.0
54.0
54.0
95.0
95.0
94.0
94.0
95.0
95.0
95.0
95.0
94.0
95.0
94.0
94.0
94.0
95.0
94.0
94.0
94.0
94.0
94.0
90.0
94.0
94.0
95.0
94.0
90.0
94.0
94.0
94.0
90.0
90.0
95.0
94.0
99.0
95.0
96.0
99.0
96.0
96.0
54.0
55.0
97.0
61.0
61.0
61.0
57.0
56.0
56.0
55.0
55.0
56.0
94.0
94.0
94.0
94.0
94.0
94.0
94.0
94.0
94.0
94.0
94.0
94.0
95.0
94.0
94.0
95.0
94.0
95.0
94.0
90.0
94.0
95.0
94.0
94.0
90.0
95.0
95.0
95.0
90.0
90.0
94.0
94.0
94.0
90.0
90.0
95.0
90.0
90.0
54.0
54.0
90.0
54.0
54.0
55.0
54.0
54.0
55.0
55.0
54.0
54.0
95.0
94.0
94.0
95.0
95.0
94.0
94.0
94.0
94.0
94.0
94.0
94.0
94.0
94.0
94.0
94.0
94.0
94.0
94.0
90.0
106.0
105.0
105.0
105.0
101.0
105.0
105.0
105.0
101.0
101.0
94.0
95.0
95.0
90.0
90.0
94.0
90.0
91.0
55.0
54.0
90.0
55.0
55.0
54.0
54.0
54.0
54.0
55.0
54.0
54.0
94.0
95.0
94.0
94.0
94.0
95.0
94.0
94.0
94.0
95.0
95.0
94.0
95.0
95.0
95.0
94.0
94.0
94.0
94.0
90.0
94.0
95.0
94.0
94.0
90.0
94.0
94.0
94.0
90.0
89.0
95.0
94.0
95.0
90.0
90.0
95.0
91.0
90.0
55.0
55.0
90.0
54.0
54.0
55.0
54.0
54.0
55.0
54.0
54.0
54.0
95.0
95.0
95.0
95.0
95.0
95.0
95.0
94.0
95.0
95.0
94.0
94.0
94.0
94.0
94.0
94.0
94.0
94.0
94.0
90.0
94.0
94.0
94.0
94.0
90.0
94.0
94.0
94.0
91.0
90.0
95.0
94.0
94.0
91.0
90.0
94.0
89.0
90.0
54.0
54.0
97.0
59.0
59.0
61.0
60.0
61.0
60.0
61.0
60.0
61.0
96.0
95.0
94.0
95.0
94.0
94.0
94.0
94.0
94.0
94.0
94.0
95.0
95.0
94.0
94.0
95.0
94.0
94.0
94.0
90.0
94.0
94.0
94.0
95.0
91.0
94.0
95.0
95.0
91.0
91.0
94.0
94.0
94.0
90.0
90.0
94.0
90.0
90.0
54.0
54.0
90.0
55.0
54.0
54.0
55.0
54.0
54.0
55.0
54.0
54.0
94.0
95.0
94.0
94.0
94.0
94.0
94.0
94.0
94.0
94.0
94.0
94.0
95.0
94.0
95.0
95.0
94.0
94.0
94.0
91.0
95.0
94.0
94.0
95.0
90.0
94.0
94.0
94.0
91.0
89.0
105.0
106.0
106.0
101.0
102.0
106.0
101.0
101.0
65.0
66.0
90.0
54.0
55.0
54.0
55.0
54.0
54.0
54.0
54.0
54.0
95.0
94.0
94.0
94.0
94.0
95.0
95.0
95.0
94.0
94.0
94.0
95.0
95.0
94.0
95.0
95.0
94.0
94.0
95.0
90.0
94.0
94.0
94.0
94.0
90.0
94.0
95.0
94.0
90.0
90.0
94.0
94.0
94.0
90.0
90.0
95.0
90.0
90.0
54.0
54.0
90.0
54.0
54.0
54.0
54.0
55.0
55.0
54.0
54.0
54.0
94.0
94.0
94.0
94.0
94.0
94.0
95.0
94.0
94.0
94.0
95.0
95.0
95.0
95.0
94.0
94.0
94.0
94.0
95.0
91.0
94.0
94.0
94.0
94.0
90.0
94.0
94.0
94.0
90.0
90.0
94.0
94.0
95.0
91.0
90.0
94.0
91.0
90.0
55.0
55.0
90.0
54.0
55.0
54.0
54.0
54.0
54.0
54.0
55.0
54.0
100.0
100.0
100.0
100.0
100.0
101.0
100.0
100.0
101.0
101.0
94.0
95.0
94.0
95.0
95.0
94.0
95.0
95.0
94.0
90.0
95.0
94.0
95.0
94.0
90.0
94.0
94.0
95.0
90.0
90.0
94.0
94.0
94.0
90.0
90.0
94.0
90.0
90.0
54.0
54.0
90.0
54.0
54.0
54.0
54.0
54.0
54.0
54.0
54.0
54.0
95.0
95.0
95.0
95.0
95.0
95.0
95.0
95.0
95.0
95.0
95.0
95.0
94.0
94.0
94.0
94.0
94.0
94.0
94.0
90.0
95.0
95.0
95.0
95.0
90.0
95.0
94.0
94.0
90.0
90.0
95.0
96.0
107.0
103.0
102.0
107.0
103.0
103.0
55.0
55.0
102.0
66.0
66.0
66.0
54.0
54.0
54.0
54.0
54.0
54.0
95.0
95.0
96.0
95.0
95.0
95.0
94.0
95.0
95.0
94.0
94.0
95.0
94.0
94.0
94.0
94.0
95.0
94.0
94.0
90.0
95.0
94.0
95.0
95.0
91.0
95.0
95.0
94.0
90.0
90.0
94.0
95.0
94.0
91.0
90.0
94.0
90.0
91.0
54.0
55.0
90.0
54.0
55.0
54.0
55.0
54.0
55.0
54.0
55.0
54.0
94.0
94.0
95.0
94.0
94.0
94.0
95.0
94.0
94.0
94.0
95.0
94.0
94.0
96.0
95.0
94.0
94.0
94.0
95.0
90.0
94.0
94.0
95.0
96.0
90.0
95.0
94.0
95.0
91.0
91.0
95.0
95.0
94.0
90.0
90.0
95.0
90.0
91.0
54.0
54.0
90.0
54.0
54.0
54.0
55.0
55.0
54.0
55.0
54.0
55.0
94.0
95.0
95.0
98.0
98.0
100.0
99.0
100.0
100.0
100.0
102.0
102.0
102.0
98.0
98.0
97.0
98.0
97.0
97.0
96.0
95.0
94.0
94.0
95.0
91.0
94.0
94.0
94.0
91.0
91.0
94.0
95.0
95.0
90.0
90.0
94.0
91.0
91.0
55.0
55.0
90.0
54.0
55.0
54.0
54.0
55.0
55.0
54.0
56.0
55.0
95.0
94.0
94.0
94.0
95.0
94.0
94.0
94.0
94.0
94.0
94.0
94.0
95.0
94.0
94.0
94.0
95.0
94.0
94.0
93.0
95.0
95.0
94.0
94.0
91.0
95.0
94.0
98.0
91.0
90.0
94.0
94.0
94.0
90.0
90.0
94.0
90.0
91.0
54.0
56.0
104.0
57.0
55.0
55.0
55.0
55.0
67.0
68.0
67.0
68.0
107.0
111.0
107.0
108.0
108.0
97.0
96.0
96.0
96.0
96.0
97.0
96.0
96.0
95.0
96.0
95.0
95.0
95.0
95.0
91.0
94.0
95.0
94.0
94.0
90.0
95.0
94.0
94.0
91.0
90.0
94.0
94.0
94.0
90.0
90.0
94.0
90.0
90.0
54.0
55.0
90.0
54.0
54.0
54.0
55.0
55.0
54.0
55.0
54.0
55.0
94.0
94.0
95.0
94.0
94.0
94.0
94.0
94.0
95.0
94.0
94.0
95.0
94.0
95.0
94.0
95.0
95.0
95.0
94.0
90.0
95.0
94.0
94.0
94.0
90.0
94.0
94.0
94.0
90.0
90.0
94.0
94.0
94.0
90.0
90.0
94.0
90.0
90.0
54.0
54.0
88.0
55.0
54.0
54.0
54.0
53.0
53.0
52.0
52.0
52.0
