4.0
3.0
4.0
3.0
3.0
4.0
3.0
4.0
4.0
3.0
4.0
3.0
4.0
3.0
3.0
4.0
3.0
4.0
4.0
3.0
4.0
4.0
3.0
4.0
4.0
3.0
4.0
3.0
3.0
4.0
4.0
4.0
4.0
3.0
3.0
4.0
3.0
4.0
3.0
3.0
3.0
3.0
3.0
4.0
4.0
4.0
4.0
3.0
4.0
4.0
4.0
4.0
4.0
3.0
4.0
3.0
3.0
4.0
3.0
4.0
4.0
4.0
4.0
4.0
3.0
4.0
4.0
4.0
4.0
3.0
4.0
3.0
3.0
3.0
4.0
3.0
4.0
3.0
3.0
4.0
4.0
4.0
4.0
3.0
3.0
4.0
3.0
4.0
3.0
3.0
4.0
4.0
4.0
4.0
4.0
3.0
4.0
3.0
4.0
4.0
3.0
3.0
3.0
3.0
4.0
4.0
3.0
4.0
3.0
3.0
4.0
4.0
4.0
3.0
3.0
4.0
4.0
3.0
4.0
4.0
4.0
4.0
4.0
4.0
4.0
3.0
4.0
3.0
4.0
4.0
4.0
3.0
3.0
3.0
3.0
4.0
3.0
4.0
3.0
3.0
4.0
4.0
4.0
4.0
3.0
4.0
4.0
4.0
4.0
4.0
4.0
4.0
4.0
4.0
4.0
3.0
4.0
3.0
4.0
4.0
2698.0
2693.0
2693.0
2702.0
2710.0
2708.0
2701.0
2698.0
2708.0
2711.0
5839.0
5874.0
5882.0
5914.0
5916.0
5899.0
5885.0
5883.0
5907.0
5883.0
5882.0
5850.0
5900.0
5899.0
5870.0
5899.0
5867.0
5897.0
5920.0
5903.0
5894.0
5907.0
5893.0
5897.0
5928.0
6035.0
5920.0
5098.0
5084.0
5094.0
5092.0
5101.0
3.0
3.0
3.0
2.0
3.0
3.0
2.0
3.0
3.0
2.0
3.0
3.0
3.0
3.0
3.0
3.0
3.0
3.0
3.0
3.0
3.0
3.0
3.0
3.0
3.0
3.0
3.0
3.0
3.0
3.0
3.0
3.0
3.0
3.0
3.0
3.0
3.0
3.0
3.0
3.0
4.0
3.0
4.0
3.0
3.0
3.0
3.0
3.0
3.0
3.0
4.0
3.0
3.0
3.0
3.0
2.0
3.0
2.0
3.0
3.0
3.0
3.0
3.0
3.0
3.0
3.0
3.0
3.0
3.0
3.0
3.0
3.0
3.0
3.0
3.0
3.0
3.0
3.0
3.0
3.0
3.0
3.0
3.0
3.0
3.0
3.0
3.0
3.0
3.0
3.0
3.0
3.0
3.0
3.0
3.0
3.0
3.0
3.0
3.0
3.0
4.0
3.0
3.0
3.0
3.0
3.0
3.0
3.0
3.0
3.0
4.0
3.0
4.0
3.0
3.0
3.0
3.0
3.0
3.0
3.0
3.0
3.0
3.0
3.0
3.0
3.0
3.0
3.0
3.0
3.0
3.0
3.0
3.0
3.0
3.0
3.0
3.0
3.0
3.0
3.0
3.0
3.0
3.0
3.0
3.0
3.0
3.0
3.0
3.0
3.0
3.0
3.0
3.0
3.0
3.0
3.0
3.0
3.0
3.0
3.0
3.0
3.0
3.0
3.0
3.0
3.0
3.0
3.0
3.0
3.0
3.0
3.0
3.0
3.0
3.0
3.0
3.0
3.0
3.0
3.0
3.0
3.0
3.0
3.0
3.0
3.0
3.0
3.0
3.0
2.0
3.0
3.0
3.0
3.0
3.0
3.0
3.0
3.0
3.0
3.0
4.0
3.0
3.0
3.0
3.0
3.0
3.0
3.0
3.0
3.0
4.0
3.0
3.0
3.0
3.0
3.0
3.0
3.0
3.0
2.0
4.0
3.0
3.0
3.0
3.0
3.0
3.0
3.0
2.0
2.0
4.0
3.0
3.0
3.0
3.0
3.0
3.0
2.0
2.0
2.0
4.0
3.0
3.0
3.0
3.0
3.0
3.0
3.0
3.0
3.0
4.0
3.0
3.0
3.0
3.0
3.0
3.0
3.0
2.0
2.0
4.0
3.0
3.0
3.0
3.0
3.0
3.0
3.0
3.0
2.0
4.0
3.0
3.0
3.0
3.0
3.0
3.0
2.0
3.0
2.0
4.0
3.0
3.0
3.0
3.0
3.0
3.0
3.0
2.0
2.0
4.0
3.0
3.0
3.0
3.0
3.0
3.0
2.0
3.0
2.0
4.0
3.0
3.0
3.0
3.0
3.0
3.0
3.0
3.0
2.0
4.0
3.0
3.0
3.0
3.0
3.0
3.0
3.0
3.0
2.0
4.0
3.0
3.0
3.0
3.0
3.0
3.0
3.0
3.0
2.0
4.0
3.0
3.0
3.0
3.0
3.0
3.0
3.0
3.0
2.0
4.0
3.0
3.0
3.0
3.0
3.0
3.0
3.0
3.0
2.0
4.0
3.0
3.0
3.0
3.0
3.0
3.0
3.0
3.0
2.0
3.0
3.0
3.0
3.0
3.0
3.0
3.0
3.0
3.0
2.0
3.0
3.0
3.0
3.0
3.0
3.0
3.0
3.0
3.0
2.0
4.0
3.0
3.0
3.0
3.0
3.0
3.0
3.0
3.0
2.0
3.0
3.0
3.0
3.0
3.0
3.0
3.0
3.0
3.0
2.0
3.0
3.0
3.0
3.0
3.0
3.0
3.0
3.0
3.0
3.0
3.0
3.0
3.0
3.0
3.0
3.0
3.0
3.0
3.0
2.0
3.0
3.0
3.0
3.0
3.0
3.0
3.0
3.0
3.0
3.0
3.0
3.0
3.0
3.0
3.0
3.0
3.0
3.0
3.0
3.0
3.0
3.0
3.0
3.0
3.0
3.0
3.0
3.0
3.0
3.0
3.0
3.0
3.0
3.0
3.0
3.0
3.0
3.0
3.0
3.0
3.0
3.0
3.0
3.0
3.0
3.0
3.0
3.0
3.0
3.0
3.0
3.0
3.0
3.0
3.0
3.0
3.0
3.0
3.0
3.0
3.0
3.0
3.0
3.0
3.0
3.0
3.0
3.0
3.0
3.0
3.0
3.0
3.0
3.0
3.0
3.0
3.0
3.0
3.0
3.0
3.0
3.0
3.0
3.0
3.0
3.0
3.0
3.0
3.0
3.0
4.0
3.0
3.0
3.0
3.0
3.0
3.0
3.0
3.0
3.0
3.0
3.0
3.0
3.0
3.0
3.0
3.0
3.0
3.0
2.0
3.0
3.0
3.0
3.0
3.0
3.0
3.0
3.0
3.0
3.0
3.0
3.0
3.0
3.0
3.0
3.0
3.0
3.0
3.0
3.0
3.0
3.0
3.0
3.0
3.0
3.0
3.0
3.0
3.0
3.0
3.0
3.0
3.0
3.0
3.0
3.0
3.0
3.0
3.0
3.0
3.0
3.0
3.0
3.0
3.0
3.0
3.0
3.0
3.0
3.0
3.0
3.0
3.0
3.0
3.0
3.0
3.0
3.0
3.0
3.0
3.0
3.0
3.0
3.0
3.0
3.0
3.0
3.0
3.0
3.0
3.0
3.0
3.0
3.0
3.0
3.0
3.0
3.0
3.0
3.0
3.0
3.0
3.0
3.0
3.0
3.0
3.0
3.0
3.0
3.0
3.0
3.0
3.0
3.0
3.0
3.0
3.0
3.0
3.0
3.0
3.0
3.0
3.0
3.0
3.0
3.0
3.0
3.0
3.0
3.0
3.0
3.0
3.0
3.0
3.0
3.0
3.0
3.0
3.0
3.0
3.0
3.0
3.0
3.0
3.0
3.0
3.0
3.0
3.0
3.0
4.0
3.0
3.0
3.0
3.0
3.0
3.0
3.0
3.0
3.0
4.0
3.0
3.0
3.0
3.0
3.0
3.0
3.0
3.0
2.0
4.0
3.0
3.0
3.0
3.0
3.0
3.0
3.0
2.0
2.0
4.0
3.0
3.0
3.0
3.0
3.0
3.0
3.0
3.0
2.0
4.0
3.0
3.0
2.0
3.0
3.0
2.0
2.0
3.0
2.0
4.0
3.0
3.0
3.0
4.0
4.0
3.0
3.0
3.0
3.0
4.0
2.0
2.0
2.0
2.0
3.0
3.0
3.0
3.0
3.0
4.0
3.0
2.0
2.0
2.0
3.0
3.0
2.0
3.0
3.0
4.0
4.0
4.0
3.0
3.0
3.0
3.0
3.0
3.0
3.0
3.0
3.0
3.0
3.0
3.0
3.0
3.0
3.0
3.0
3.0
3.0
3.0
3.0
3.0
3.0
3.0
3.0
3.0
3.0
3.0
3.0
3.0
3.0
3.0
3.0
3.0
3.0
3.0
3.0
3.0
3.0
3.0
3.0
3.0
3.0
3.0
3.0
3.0
3.0
3.0
3.0
3.0
3.0
3.0
3.0
3.0
3.0
3.0
3.0
3.0
3.0
3.0
3.0
3.0
3.0
3.0
3.0
3.0
3.0
3.0
3.0
3.0
3.0
3.0
3.0
3.0
3.0
3.0
3.0
3.0
3.0
3.0
3.0
3.0
3.0
3.0
3.0
3.0
3.0
3.0
3.0
3.0
3.0
3.0
3.0
3.0
3.0
3.0
3.0
3.0
3.0
3.0
3.0
3.0
3.0
3.0
3.0
3.0
3.0
3.0
3.0
3.0
3.0
3.0
3.0
3.0
3.0
3.0
3.0
3.0
3.0
3.0
3.0
3.0
3.0
3.0
3.0
3.0
3.0
3.0
3.0
3.0
3.0
3.0
3.0
3.0
3.0
3.0
3.0
3.0
3.0
3.0
3.0
3.0
3.0
3.0
3.0
3.0
3.0
3.0
3.0
3.0
3.0
3.0
3.0
3.0
3.0
3.0
3.0
3.0
3.0
3.0
3.0
3.0
3.0
3.0
3.0
3.0
3.0
3.0
3.0
3.0
3.0
3.0
3.0
3.0
3.0
3.0
3.0
3.0
29.0
28.0
28.0
28.0
28.0
28.0
28.0
28.0
28.0
3.0
4.0
4.0
4.0
4.0
4.0
4.0
4.0
4.0
4.0
3.0
3.0
3.0
3.0
3.0
3.0
3.0
3.0
3.0
3.0
3.0
4.0
3.0
3.0
3.0
3.0
3.0
3.0
3.0
3.0
4.0
4.0
4.0
3.0
4.0
4.0
3.0
4.0
3.0
3.0
3.0
3.0
3.0
3.0
3.0
3.0
3.0
3.0
3.0
3.0
3.0
4.0
3.0
3.0
3.0
3.0
3.0
3.0
3.0
3.0
3.0
4.0
3.0
3.0
3.0
3.0
3.0
3.0
3.0
3.0
2.0
4.0
3.0
3.0
3.0
3.0
3.0
3.0
3.0
3.0
2.0
4.0
3.0
3.0
3.0
3.0
3.0
3.0
3.0
3.0
2.0
4.0
3.0
3.0
3.0
3.0
3.0
3.0
3.0
3.0
2.0
4.0
3.0
3.0
3.0
3.0
3.0
3.0
3.0
3.0
2.0
4.0
3.0
3.0
3.0
3.0
3.0
3.0
3.0
3.0
2.0
4.0
3.0
3.0
3.0
3.0
3.0
3.0
3.0
3.0
2.0
4.0
3.0
3.0
3.0
3.0
3.0
3.0
3.0
2.0
2.0
4.0
3.0
3.0
3.0
3.0
3.0
3.0
3.0
3.0
2.0
4.0
3.0
3.0
3.0
3.0
3.0
3.0
3.0
3.0
2.0
3.0
3.0
3.0
3.0
3.0
3.0
3.0
3.0
2.0
2.0
4.0
3.0
3.0
3.0
3.0
3.0
3.0
3.0
3.0
2.0
4.0
3.0
3.0
4.0
3.0
3.0
2.0
2.0
2.0
2.0
4.0
3.0
3.0
3.0
3.0
4.0
2.0
3.0
2.0
2.0
4.0
3.0
3.0
3.0
3.0
3.0
3.0
2.0
2.0
2.0
4.0
3.0
3.0
3.0
3.0
3.0
3.0
3.0
2.0
2.0
4.0
3.0
3.0
3.0
2.0
3.0
2.0
3.0
2.0
2.0
4.0
3.0
3.0
3.0
3.0
3.0
2.0
2.0
2.0
2.0
4.0
3.0
3.0
3.0
3.0
3.0
2.0
2.0
2.0
2.0
4.0
3.0
3.0
3.0
2.0
2.0
2.0
2.0
2.0
3.0
4.0
3.0
3.0
3.0
3.0
3.0
2.0
2.0
2.0
2.0
4.0
3.0
3.0
3.0
3.0
3.0
2.0
2.0
2.0
2.0
4.0
3.0
3.0
3.0
3.0
3.0
3.0
3.0
3.0
2.0
4.0
3.0
3.0
3.0
3.0
3.0
2.0
2.0
3.0
2.0
4.0
3.0
3.0
3.0
3.0
3.0
2.0
3.0
2.0
3.0
4.0
3.0
3.0
2.0
3.0
3.0
2.0
2.0
2.0
3.0
4.0
3.0
3.0
2.0
3.0
3.0
2.0
2.0
2.0
2.0
4.0
2.0
3.0
3.0
2.0
2.0
2.0
2.0
2.0
3.0
4.0
3.0
3.0
3.0
2.0
3.0
2.0
2.0
2.0
3.0
4.0
3.0
3.0
2.0
3.0
2.0
3.0
2.0
2.0
2.0
4.0
3.0
2.0
3.0
2.0
2.0
2.0
2.0
2.0
3.0
4.0
3.0
3.0
2.0
2.0
4.0
2.0
2.0
2.0
3.0
4.0
3.0
3.0
3.0
3.0
3.0
3.0
2.0
2.0
2.0
4.0
3.0
2.0
3.0
2.0
3.0
2.0
2.0
2.0
2.0
4.0
4.0
2.0
3.0
2.0
2.0
2.0
2.0
2.0
3.0
4.0
3.0
3.0
3.0
2.0
3.0
3.0
2.0
2.0
3.0
4.0
3.0
3.0
3.0
3.0
3.0
3.0
2.0
2.0
3.0
4.0
3.0
2.0
2.0
2.0
3.0
3.0
2.0
2.0
3.0
4.0
3.0
3.0
3.0
2.0
2.0
2.0
2.0
2.0
2.0
4.0
3.0
3.0
3.0
2.0
2.0
2.0
2.0
2.0
3.0
4.0
3.0
3.0
3.0
2.0
3.0
2.0
2.0
2.0
3.0
4.0
3.0
3.0
2.0
3.0
3.0
3.0
2.0
2.0
2.0
4.0
3.0
3.0
3.0
2.0
3.0
2.0
2.0
2.0
3.0
4.0
3.0
3.0
3.0
2.0
2.0
2.0
2.0
2.0
2.0
4.0
3.0
3.0
3.0
3.0
3.0
3.0
2.0
2.0
3.0
4.0
3.0
3.0
3.0
3.0
2.0
3.0
2.0
2.0
2.0
4.0
3.0
3.0
3.0
3.0
3.0
2.0
2.0
2.0
2.0
4.0
3.0
3.0
3.0
3.0
3.0
3.0
3.0
2.0
2.0
4.0
3.0
3.0
3.0
3.0
3.0
3.0
2.0
3.0
2.0
4.0
3.0
3.0
3.0
3.0
3.0
3.0
3.0
2.0
2.0
4.0
3.0
3.0
3.0
3.0
3.0
3.0
3.0
2.0
2.0
2797.0
2805.0
2817.0
2817.0
2809.0
2809.0
2803.0
2815.0
2802.0
2816.0
2746.0
2763.0
2756.0
2740.0
2746.0
2742.0
2752.0
2754.0
2757.0
2756.0
2726.0
2724.0
2718.0
2714.0
2710.0
2703.0
2702.0
2699.0
2732.0
2752.0
2680.0
2692.0
2679.0
2693.0
2676.0
2693.0
2671.0
2689.0
2703.0
2695.0
2695.0
2686.0
2688.0
2692.0
2700.0
2697.0
2677.0
2669.0
2697.0
2697.0
2785.0
2784.0
2802.0
2787.0
2773.0
2772.0
2792.0
2796.0
2792.0
2786.0
2686.0
2692.0
2701.0
2698.0
2701.0
2706.0
2695.0
2705.0
2700.0
2709.0
2725.0
2741.0
2712.0
2716.0
2727.0
2721.0
2710.0
2700.0
2730.0
2735.0
2694.0
2694.0
2695.0
2692.0
2688.0
2686.0
2697.0
2.0
3.0
3.0
3.0
3.0
3.0
3.0
3.0
3.0
3.0
3.0
3.0
3.0
5896.0
5918.0
5932.0
5928.0
5913.0
5928.0
5912.0
5951.0
5952.0
5883.0
5908.0
5924.0
5916.0
5915.0
5879.0
5898.0
5914.0
5925.0
5897.0
5939.0
5918.0
5942.0
5886.0
5886.0
5886.0
5913.0
5931.0
5988.0
6014.0
5952.0
5925.0
5932.0
5949.0
6003.0
5923.0
5981.0
5839.0
5901.0
5871.0
5866.0
5884.0
5873.0
5868.0
5851.0
5880.0
5870.0
5842.0
5864.0
5874.0
5834.0
5877.0
5878.0
5887.0
5865.0
5933.0
5964.0
5857.0
5870.0
5890.0
5923.0
5932.0
5907.0
5930.0
5857.0
5908.0
5866.0
5916.0
5910.0
5892.0
5853.0
5904.0
5940.0
5989.0
5978.0
5979.0
5964.0
5971.0
5986.0
3275.0
3220.0
3180.0
3248.0
3235.0
3209.0
3204.0
3251.0
3219.0
3236.0
3210.0
3213.0
3235.0
5980.0
5900.0
5860.0
5942.0
5982.0
5915.0
5949.0
5949.0
5956.0
5989.0
6001.0
5927.0
5933.0
5973.0
5991.0
6022.0
6010.0
6029.0
5997.0
5999.0
5998.0
6013.0
6034.0
5955.0
5960.0
5927.0
5958.0
6048.0
6044.0
6036.0
5981.0
6011.0
5996.0
6005.0
6022.0
6032.0
6043.0
6024.0
6034.0
6036.0
6073.0
6153.0
6121.0
6128.0
6161.0
6222.0
6287.0
6315.0
6283.0
6265.0
6436.0
6444.0
6437.0
6469.0
6729.0
6683.0
6652.0
6651.0
6695.0
6764.0
6764.0
6737.0
6770.0
6480.0
6526.0
6615.0
6647.0
6528.0
6280.0
6173.0
3462.0
3382.0
3219.0
3206.0
3182.0
3222.0
3157.0
3136.0
3142.0
3157.0
3164.0
3162.0
3163.0
5957.0
5986.0
5974.0
5965.0
5972.0
5990.0
5971.0
5975.0
5952.0
5947.0
5842.0
5864.0
5833.0
5841.0
5862.0
5806.0
5835.0
5826.0
5845.0
5817.0
5825.0
5828.0
5828.0
5816.0
5822.0
5861.0
5828.0
5843.0
5862.0
5878.0
5870.0
5886.0
5871.0
5876.0
5887.0
5862.0
5881.0
5774.0
5761.0
5819.0
5827.0
5793.0
5847.0
5825.0
5828.0
5822.0
5808.0
5781.0
5793.0
5813.0
5806.0
5815.0
5831.0
5820.0
5853.0
5826.0
5810.0
5815.0
5833.0
5831.0
5850.0
5831.0
5836.0
5834.0
5863.0
5855.0
5863.0
5891.0
5868.0
5843.0
3171.0
3179.0
3193.0
3188.0
3180.0
3209.0
3182.0
3214.0
3196.0
3174.0
3215.0
3205.0
3219.0
5905.0
5938.0
5966.0
5909.0
5895.0
5886.0
5823.0
5838.0
5874.0
5887.0
5809.0
5822.0
6009.0
5868.0
5863.0
5809.0
5851.0
5770.0
5833.0
5866.0
5838.0
5821.0
5817.0
5845.0
5841.0
5841.0
5884.0
5874.0
5845.0
5877.0
5874.0
5864.0
5831.0
5875.0
5864.0
5866.0
5829.0
5853.0
5799.0
5794.0
5826.0
5836.0
5797.0
5856.0
5838.0
5830.0
5864.0
5837.0
5857.0
5850.0
5846.0
5863.0
5866.0
5841.0
5772.0
5780.0
5843.0
5844.0
5827.0
5840.0
5844.0
5844.0
5820.0
5791.0
5836.0
5809.0
5824.0
5820.0
5833.0
5826.0
3176.0
3155.0
3166.0
3174.0
3166.0
3150.0
3055.0
3062.0
3031.0
3014.0
3027.0
3010.0
2990.0
