17.0
15.0
14.0
15.0
15.0
15.0
15.0
14.0
14.0
14.0
20.0
18.0
18.0
18.0
18.0
19.0
18.0
18.0
18.0
18.0
55.0
53.0
53.0
53.0
53.0
53.0
53.0
53.0
53.0
54.0
203.0
202.0
202.0
203.0
202.0
207.0
202.0
203.0
202.0
201.0
206.0
204.0
202.0
204.0
204.0
203.0
203.0
204.0
203.0
206.0
223.0
221.0
222.0
222.0
221.0
221.0
223.0
222.0
221.0
221.0
203.0
202.0
202.0
202.0
203.0
203.0
202.0
201.0
204.0
202.0
206.0
204.0
204.0
202.0
204.0
202.0
204.0
205.0
203.0
203.0
274.0
273.0
274.0
272.0
272.0
272.0
272.0
274.0
274.0
272.0
204.0
202.0
203.0
202.0
203.0
203.0
204.0
203.0
202.0
201.0
205.0
204.0
203.0
202.0
203.0
203.0
203.0
204.0
203.0
203.0
203.0
202.0
203.0
201.0
202.0
203.0
202.0
201.0
202.0
203.0
203.0
203.0
201.0
201.0
203.0
202.0
201.0
202.0
201.0
202.0
222.0
221.0
220.0
220.0
221.0
221.0
223.0
220.0
220.0
221.0
203.0
203.0
202.0
203.0
204.0
202.0
204.0
203.0
204.0
203.0
202.0
202.0
202.0
201.0
202.0
204.0
201.0
202.0
202.0
203.0
271.0
270.0
270.0
270.0
270.0
270.0
270.0
269.0
269.0
271.0
203.0
201.0
203.0
201.0
202.0
201.0
202.0
202.0
202.0
202.0
206.0
202.0
203.0
203.0
202.0
202.0
202.0
205.0
204.0
204.0
203.0
201.0
203.0
202.0
202.0
203.0
202.0
203.0
203.0
203.0
203.0
202.0
202.0
202.0
203.0
202.0
200.0
201.0
201.0
201.0
19.0
18.0
18.0
17.0
17.0
17.0
17.0
17.0
17.0
17.0
19.0
17.0
17.0
17.0
18.0
18.0
17.0
17.0
17.0
18.0
19.0
17.0
17.0
16.0
16.0
17.0
17.0
17.0
16.0
17.0
19.0
17.0
17.0
17.0
16.0
17.0
17.0
17.0
16.0
17.0
19.0
17.0
17.0
17.0
16.0
17.0
17.0
17.0
16.0
17.0
18.0
17.0
16.0
17.0
17.0
17.0
17.0
17.0
16.0
16.0
23.0
20.0
21.0
20.0
21.0
20.0
21.0
21.0
22.0
20.0
22.0
19.0
20.0
20.0
19.0
19.0
20.0
21.0
20.0
14.0
16.0
13.0
16.0
13.0
13.0
12.0
12.0
13.0
13.0
13.0
15.0
12.0
12.0
13.0
13.0
13.0
12.0
12.0
12.0
13.0
61.0
59.0
58.0
58.0
58.0
58.0
58.0
58.0
59.0
59.0
59.0
57.0
57.0
57.0
57.0
57.0
58.0
57.0
57.0
58.0
75.0
72.0
72.0
72.0
72.0
73.0
72.0
72.0
72.0
72.0
57.0
55.0
55.0
55.0
55.0
55.0
54.0
55.0
56.0
55.0
53.0
52.0
52.0
52.0
52.0
52.0
51.0
52.0
52.0
52.0
53.0
52.0
52.0
51.0
51.0
51.0
52.0
51.0
52.0
52.0
51.0
51.0
51.0
51.0
50.0
50.0
51.0
51.0
50.0
51.0
52.0
50.0
51.0
51.0
51.0
51.0
51.0
51.0
51.0
10.0
46.0
10.0
10.0
10.0
10.0
10.0
10.0
10.0
10.0
10.0
12.0
11.0
10.0
10.0
10.0
10.0
10.0
11.0
11.0
10.0
201.0
200.0
200.0
200.0
201.0
198.0
198.0
198.0
198.0
201.0
199.0
199.0
199.0
198.0
201.0
202.0
200.0
199.0
199.0
200.0
199.0
197.0
201.0
198.0
199.0
200.0
199.0
200.0
199.0
200.0
247.0
247.0
246.0
245.0
244.0
247.0
246.0
246.0
247.0
245.0
201.0
203.0
201.0
201.0
202.0
202.0
203.0
200.0
202.0
201.0
203.0
201.0
202.0
202.0
203.0
202.0
203.0
203.0
203.0
202.0
204.0
202.0
202.0
204.0
204.0
202.0
203.0
201.0
205.0
202.0
203.0
199.0
203.0
202.0
203.0
202.0
202.0
201.0
202.0
11.0
200.0
178.0
177.0
179.0
179.0
179.0
178.0
11.0
11.0
10.0
12.0
11.0
10.0
10.0
10.0
10.0
11.0
11.0
10.0
11.0
222.0
218.0
219.0
219.0
200.0
201.0
202.0
198.0
201.0
200.0
202.0
203.0
202.0
201.0
203.0
202.0
203.0
201.0
204.0
200.0
204.0
202.0
204.0
200.0
199.0
200.0
199.0
199.0
200.0
200.0
202.0
200.0
199.0
198.0
198.0
201.0
199.0
200.0
197.0
197.0
253.0
251.0
251.0
251.0
251.0
254.0
252.0
253.0
253.0
254.0
203.0
202.0
201.0
203.0
202.0
201.0
201.0
204.0
205.0
202.0
204.0
203.0
202.0
202.0
202.0
200.0
204.0
205.0
202.0
205.0
204.0
202.0
202.0
203.0
201.0
201.0
204.0
200.0
204.0
10.0
198.0
162.0
161.0
160.0
160.0
158.0
160.0
11.0
10.0
10.0
12.0
10.0
10.0
10.0
10.0
10.0
10.0
10.0
10.0
11.0
222.0
219.0
218.0
220.0
220.0
219.0
220.0
220.0
219.0
219.0
202.0
201.0
199.0
199.0
202.0
201.0
201.0
202.0
203.0
200.0
202.0
200.0
200.0
200.0
202.0
199.0
201.0
202.0
200.0
200.0
202.0
200.0
201.0
201.0
202.0
201.0
201.0
203.0
202.0
200.0
203.0
201.0
201.0
201.0
203.0
202.0
202.0
202.0
254.0
255.0
256.0
254.0
255.0
256.0
255.0
254.0
255.0
254.0
202.0
202.0
202.0
201.0
200.0
200.0
204.0
202.0
201.0
201.0
202.0
200.0
201.0
202.0
202.0
202.0
201.0
203.0
202.0
200.0
202.0
11.0
198.0
160.0
159.0
162.0
161.0
161.0
161.0
10.0
11.0
10.0
12.0
10.0
10.0
10.0
11.0
11.0
10.0
10.0
10.0
10.0
204.0
204.0
202.0
201.0
200.0
201.0
198.0
201.0
201.0
200.0
218.0
219.0
217.0
218.0
218.0
220.0
219.0
220.0
218.0
218.0
203.0
201.0
202.0
200.0
201.0
203.0
202.0
201.0
202.0
202.0
203.0
202.0
202.0
202.0
202.0
202.0
203.0
203.0
202.0
203.0
202.0
201.0
202.0
200.0
201.0
200.0
201.0
201.0
199.0
198.0
202.0
201.0
202.0
202.0
200.0
262.0
262.0
263.0
261.0
260.0
264.0
264.0
263.0
260.0
261.0
202.0
201.0
201.0
204.0
200.0
206.0
203.0
201.0
202.0
202.0
203.0
204.0
202.0
203.0
10.0
203.0
163.0
164.0
163.0
164.0
162.0
165.0
10.0
10.0
11.0
12.0
11.0
10.0
11.0
10.0
11.0
11.0
10.0
11.0
10.0
203.0
206.0
203.0
202.0
203.0
202.0
202.0
202.0
204.0
204.0
209.0
209.0
207.0
205.0
207.0
207.0
207.0
204.0
203.0
203.0
220.0
217.0
219.0
217.0
219.0
218.0
218.0
219.0
217.0
220.0
203.0
201.0
202.0
198.0
201.0
200.0
201.0
202.0
199.0
201.0
201.0
200.0
200.0
201.0
199.0
201.0
199.0
201.0
198.0
198.0
201.0
200.0
200.0
201.0
198.0
200.0
200.0
199.0
199.0
199.0
268.0
265.0
265.0
267.0
264.0
268.0
269.0
267.0
266.0
265.0
201.0
200.0
199.0
199.0
200.0
199.0
200.0
199.0
200.0
10.0
197.0
162.0
159.0
159.0
162.0
160.0
160.0
10.0
10.0
10.0
12.0
10.0
10.0
10.0
10.0
10.0
11.0
10.0
10.0
10.0
204.0
203.0
203.0
203.0
203.0
203.0
201.0
205.0
205.0
203.0
202.0
203.0
199.0
201.0
199.0
200.0
200.0
200.0
200.0
198.0
202.0
198.0
200.0
199.0
199.0
199.0
199.0
200.0
218.0
217.0
221.0
220.0
220.0
217.0
219.0
221.0
218.0
218.0
200.0
201.0
200.0
196.0
200.0
199.0
200.0
198.0
199.0
199.0
199.0
200.0
201.0
200.0
200.0
199.0
200.0
200.0
200.0
200.0
200.0
200.0
200.0
198.0
197.0
200.0
200.0
200.0
200.0
197.0
274.0
271.0
274.0
274.0
272.0
272.0
271.0
272.0
272.0
273.0
201.0
10.0
196.0
159.0
159.0
159.0
159.0
161.0
160.0
10.0
10.0
10.0
12.0
11.0
10.0
10.0
10.0
10.0
10.0
10.0
10.0
10.0
202.0
201.0
200.0
201.0
201.0
202.0
201.0
201.0
201.0
200.0
201.0
200.0
199.0
199.0
200.0
199.0
200.0
200.0
199.0
199.0
201.0
198.0
199.0
199.0
199.0
200.0
199.0
201.0
200.0
199.0
217.0
216.0
216.0
219.0
217.0
216.0
219.0
217.0
216.0
218.0
203.0
201.0
200.0
200.0
199.0
200.0
202.0
200.0
199.0
198.0
201.0
200.0
201.0
200.0
199.0
200.0
199.0
201.0
198.0
200.0
202.0
199.0
201.0
197.0
199.0
197.0
200.0
201.0
199.0
199.0
280.0
278.0
277.0
277.0
277.0
276.0
277.0
278.0
277.0
10.0
275.0
159.0
158.0
159.0
160.0
159.0
159.0
10.0
10.0
10.0
11.0
10.0
10.0
10.0
10.0
10.0
10.0
10.0
11.0
10.0
202.0
198.0
200.0
199.0
200.0
199.0
199.0
199.0
197.0
200.0
203.0
201.0
201.0
201.0
201.0
201.0
201.0
200.0
199.0
200.0
201.0
199.0
200.0
200.0
200.0
198.0
199.0
199.0
197.0
199.0
203.0
203.0
201.0
200.0
216.0
218.0
218.0
218.0
220.0
220.0
221.0
220.0
219.0
219.0
202.0
202.0
202.0
201.0
200.0
199.0
201.0
199.0
200.0
200.0
198.0
201.0
201.0
198.0
199.0
198.0
202.0
199.0
200.0
200.0
200.0
199.0
200.0
201.0
199.0
198.0
285.0
284.0
286.0
284.0
285.0
284.0
287.0
287.0
285.0
9.0
280.0
160.0
159.0
160.0
160.0
160.0
159.0
10.0
10.0
10.0
12.0
11.0
10.0
10.0
11.0
10.0
10.0
10.0
10.0
10.0
213.0
213.0
211.0
215.0
218.0
220.0
220.0
221.0
222.0
221.0
221.0
220.0
219.0
225.0
218.0
220.0
219.0
217.0
213.0
214.0
204.0
204.0
206.0
204.0
200.0
201.0
200.0
200.0
199.0
200.0
201.0
198.0
199.0
200.0
199.0
218.0
216.0
216.0
219.0
218.0
221.0
218.0
218.0
217.0
220.0
201.0
202.0
202.0
201.0
200.0
201.0
201.0
199.0
200.0
201.0
199.0
199.0
200.0
200.0
200.0
201.0
200.0
200.0
201.0
202.0
201.0
201.0
200.0
200.0
199.0
201.0
199.0
200.0
200.0
292.0
292.0
291.0
292.0
291.0
10.0
288.0
250.0
250.0
251.0
249.0
159.0
159.0
10.0
10.0
10.0
12.0
10.0
11.0
11.0
11.0
10.0
11.0
10.0
10.0
10.0
203.0
200.0
200.0
201.0
199.0
201.0
200.0
199.0
198.0
201.0
200.0
203.0
200.0
198.0
200.0
200.0
200.0
198.0
198.0
197.0
199.0
199.0
202.0
200.0
200.0
199.0
199.0
199.0
198.0
199.0
202.0
201.0
203.0
199.0
199.0
200.0
200.0
201.0
200.0
200.0
221.0
220.0
219.0
220.0
218.0
220.0
219.0
219.0
218.0
220.0
204.0
200.0
200.0
203.0
199.0
202.0
199.0
199.0
200.0
199.0
201.0
201.0
200.0
202.0
198.0
199.0
202.0
200.0
198.0
199.0
199.0
200.0
200.0
201.0
199.0
267.0
268.0
270.0
268.0
10.0
262.0
228.0
225.0
229.0
228.0
227.0
160.0
10.0
10.0
11.0
12.0
10.0
11.0
10.0
10.0
10.0
11.0
11.0
11.0
10.0
202.0
201.0
201.0
200.0
201.0
202.0
201.0
200.0
201.0
200.0
201.0
198.0
200.0
202.0
199.0
200.0
200.0
199.0
200.0
200.0
202.0
197.0
200.0
199.0
199.0
200.0
200.0
198.0
202.0
196.0
201.0
199.0
199.0
198.0
200.0
201.0
200.0
201.0
200.0
200.0
219.0
219.0
219.0
218.0
219.0
219.0
218.0
219.0
218.0
218.0
200.0
200.0
199.0
200.0
200.0
199.0
198.0
199.0
199.0
201.0
202.0
200.0
199.0
200.0
202.0
200.0
202.0
200.0
202.0
200.0
202.0
200.0
200.0
199.0
273.0
272.0
270.0
272.0
275.0
10.0
269.0
233.0
232.0
233.0
232.0
159.0
159.0
10.0
10.0
11.0
13.0
10.0
10.0
10.0
11.0
11.0
10.0
10.0
10.0
10.0
202.0
200.0
200.0
202.0
201.0
199.0
199.0
200.0
201.0
200.0
202.0
199.0
200.0
200.0
200.0
198.0
199.0
201.0
200.0
200.0
199.0
199.0
199.0
199.0
199.0
199.0
200.0
200.0
200.0
201.0
201.0
200.0
199.0
199.0
198.0
199.0
199.0
198.0
199.0
200.0
219.0
216.0
218.0
217.0
217.0
215.0
218.0
217.0
218.0
216.0
202.0
199.0
201.0
200.0
200.0
200.0
201.0
201.0
199.0
201.0
201.0
200.0
200.0
199.0
200.0
200.0
200.0
201.0
200.0
199.0
200.0
199.0
200.0
198.0
270.0
271.0
270.0
273.0
271.0
11.0
269.0
231.0
230.0
230.0
231.0
159.0
159.0
10.0
10.0
11.0
12.0
10.0
10.0
10.0
10.0
11.0
10.0
11.0
10.0
10.0
201.0
200.0
200.0
200.0
199.0
200.0
199.0
200.0
199.0
200.0
201.0
201.0
200.0
201.0
197.0
200.0
200.0
200.0
201.0
199.0
202.0
201.0
201.0
201.0
200.0
197.0
201.0
200.0
200.0
200.0
202.0
200.0
198.0
201.0
199.0
200.0
199.0
200.0
200.0
201.0
221.0
220.0
221.0
218.0
219.0
219.0
219.0
220.0
217.0
218.0
202.0
200.0
198.0
201.0
200.0
199.0
200.0
200.0
200.0
200.0
201.0
203.0
200.0
200.0
202.0
198.0
201.0
200.0
202.0
199.0
200.0
200.0
199.0
272.0
269.0
269.0
271.0
269.0
268.0
10.0
266.0
230.0
230.0
231.0
161.0
159.0
160.0
10.0
10.0
10.0
12.0
10.0
11.0
10.0
10.0
11.0
11.0
10.0
10.0
10.0
200.0
201.0
199.0
200.0
200.0
200.0
199.0
200.0
200.0
199.0
199.0
201.0
202.0
198.0
201.0
200.0
199.0
199.0
199.0
200.0
202.0
202.0
198.0
201.0
197.0
200.0
198.0
199.0
202.0
199.0
201.0
200.0
200.0
200.0
199.0
199.0
199.0
200.0
200.0
200.0
219.0
219.0
218.0
218.0
217.0
218.0
218.0
220.0
219.0
218.0
201.0
200.0
199.0
200.0
198.0
199.0
200.0
201.0
199.0
201.0
201.0
199.0
199.0
200.0
198.0
199.0
199.0
202.0
200.0
200.0
270.0
270.0
270.0
270.0
270.0
269.0
268.0
272.0
269.0
10.0
266.0
158.0
160.0
159.0
160.0
160.0
159.0
10.0
11.0
10.0
11.0
10.0
11.0
11.0
10.0
10.0
10.0
10.0
10.0
10.0
202.0
199.0
201.0
202.0
200.0
201.0
202.0
203.0
204.0
201.0
202.0
201.0
201.0
201.0
200.0
202.0
200.0
200.0
199.0
202.0
201.0
198.0
198.0
198.0
199.0
199.0
198.0
199.0
199.0
201.0
201.0
200.0
199.0
198.0
199.0
199.0
198.0
199.0
218.0
219.0
221.0
220.0
220.0
220.0
221.0
220.0
220.0
219.0
200.0
200.0
202.0
202.0
201.0
199.0
198.0
199.0
199.0
201.0
201.0
201.0
201.0
201.0
200.0
198.0
199.0
200.0
198.0
201.0
201.0
203.0
273.0
272.0
270.0
271.0
272.0
270.0
269.0
269.0
272.0
10.0
267.0
161.0
159.0
159.0
160.0
160.0
159.0
10.0
11.0
10.0
12.0
11.0
10.0
10.0
10.0
10.0
10.0
11.0
10.0
10.0
202.0
200.0
199.0
199.0
200.0
199.0
200.0
199.0
200.0
199.0
202.0
200.0
201.0
198.0
198.0
201.0
199.0
199.0
199.0
199.0
201.0
199.0
199.0
201.0
198.0
199.0
199.0
200.0
197.0
198.0
200.0
200.0
198.0
199.0
217.0
217.0
217.0
220.0
216.0
218.0
222.0
217.0
218.0
220.0
202.0
203.0
200.0
202.0
200.0
201.0
203.0
203.0
199.0
198.0
199.0
199.0
199.0
198.0
200.0
200.0
200.0
200.0
199.0
199.0
201.0
199.0
203.0
201.0
270.0
270.0
272.0
273.0
271.0
270.0
270.0
268.0
270.0
269.0
200.0
11.0
195.0
159.0
159.0
158.0
159.0
159.0
160.0
10.0
10.0
10.0
12.0
10.0
10.0
10.0
10.0
11.0
10.0
10.0
11.0
10.0
201.0
199.0
199.0
200.0
200.0
198.0
200.0
199.0
198.0
199.0
201.0
201.0
200.0
202.0
199.0
199.0
202.0
201.0
199.0
198.0
200.0
199.0
197.0
199.0
200.0
199.0
199.0
202.0
203.0
203.0
231.0
229.0
227.0
233.0
232.0
238.0
234.0
231.0
228.0
228.0
212.0
209.0
208.0
212.0
208.0
207.0
211.0
210.0
206.0
205.0
202.0
202.0
204.0
202.0
199.0
198.0
200.0
199.0
199.0
200.0
275.0
274.0
276.0
273.0
274.0
273.0
274.0
273.0
273.0
272.0
203.0
199.0
199.0
200.0
200.0
200.0
200.0
200.0
201.0
10.0
196.0
158.0
160.0
159.0
160.0
161.0
160.0
10.0
10.0
10.0
12.0
10.0
10.0
11.0
10.0
11.0
10.0
10.0
10.0
10.0
203.0
201.0
202.0
201.0
201.0
204.0
203.0
202.0
201.0
202.0
203.0
200.0
200.0
203.0
200.0
202.0
201.0
202.0
201.0
203.0
203.0
201.0
201.0
203.0
201.0
202.0
201.0
203.0
218.0
220.0
220.0
219.0
219.0
219.0
220.0
219.0
219.0
220.0
202.0
203.0
204.0
203.0
202.0
202.0
203.0
202.0
202.0
203.0
201.0
202.0
202.0
201.0
201.0
200.0
200.0
200.0
201.0
203.0
200.0
201.0
272.0
271.0
272.0
272.0
272.0
271.0
274.0
274.0
273.0
274.0
203.0
201.0
200.0
200.0
201.0
202.0
202.0
202.0
203.0
10.0
198.0
155.0
154.0
155.0
155.0
147.0
146.0
10.0
11.0
10.0
12.0
11.0
10.0
10.0
10.0
11.0
10.0
11.0
10.0
10.0
