4.0
4.0
4.0
4.0
4.0
3.0
4.0
4.0
4.0
4.0
4.0
4.0
104.0
104.0
105.0
105.0
105.0
105.0
104.0
104.0
105.0
104.0
105.0
105.0
104.0
104.0
105.0
105.0
105.0
105.0
105.0
105.0
105.0
105.0
105.0
105.0
104.0
104.0
105.0
105.0
6364.0
6383.0
6371.0
6362.0
6372.0
6369.0
6370.0
6359.0
4.0
4.0
105.0
105.0
118.0
118.0
118.0
119.0
118.0
118.0
118.0
118.0
118.0
118.0
105.0
105.0
104.0
104.0
104.0
105.0
105.0
105.0
104.0
105.0
104.0
105.0
105.0
105.0
105.0
105.0
6472.0
6522.0
6515.0
6482.0
6506.0
6503.0
6502.0
6497.0
4.0
4.0
142.0
142.0
142.0
104.0
105.0
105.0
105.0
105.0
105.0
104.0
105.0
105.0
105.0
119.0
118.0
118.0
118.0
118.0
118.0
118.0
117.0
118.0
118.0
104.0
105.0
118.0
118.0
119.0
6644.0
6590.0
6589.0
6590.0
6576.0
6569.0
6575.0
6617.0
4.0
4.0
105.0
105.0
105.0
106.0
106.0
106.0
106.0
106.0
107.0
105.0
105.0
105.0
105.0
104.0
105.0
104.0
105.0
125.0
125.0
125.0
126.0
126.0
126.0
126.0
125.0
126.0
125.0
104.0
6288.0
6305.0
6298.0
6302.0
6302.0
6303.0
6307.0
6299.0
4.0
4.0
119.0
118.0
118.0
118.0
119.0
118.0
118.0
118.0
119.0
119.0
105.0
104.0
105.0
104.0
104.0
105.0
104.0
105.0
104.0
104.0
104.0
105.0
105.0
104.0
105.0
104.0
105.0
104.0
6324.0
6324.0
6325.0
6322.0
6323.0
6317.0
6314.0
6340.0
4.0
4.0
105.0
105.0
106.0
105.0
106.0
106.0
106.0
105.0
105.0
105.0
105.0
104.0
105.0
104.0
104.0
104.0
104.0
104.0
105.0
104.0
105.0
103.0
104.0
104.0
104.0
104.0
104.0
104.0
6337.0
6342.0
6333.0
6335.0
6339.0
6339.0
6356.0
6329.0
3.0
4.0
105.0
105.0
105.0
105.0
105.0
105.0
106.0
105.0
106.0
106.0
105.0
107.0
105.0
104.0
105.0
103.0
104.0
104.0
104.0
104.0
105.0
104.0
106.0
106.0
106.0
106.0
106.0
106.0
6310.0
6325.0
6324.0
6320.0
6313.0
6313.0
6313.0
6313.0
4.0
3.0
104.0
103.0
104.0
104.0
104.0
104.0
105.0
104.0
104.0
104.0
105.0
104.0
105.0
104.0
104.0
104.0
104.0
103.0
104.0
104.0
104.0
104.0
104.0
104.0
106.0
106.0
106.0
106.0
6355.0
6358.0
6362.0
6580.0
6348.0
6355.0
6347.0
6354.0
3.0
3.0
104.0
104.0
104.0
104.0
104.0
104.0
104.0
104.0
105.0
104.0
105.0
104.0
104.0
104.0
106.0
106.0
106.0
106.0
107.0
106.0
107.0
107.0
107.0
108.0
107.0
106.0
107.0
106.0
6401.0
6391.0
6400.0
6400.0
6397.0
6401.0
6404.0
6403.0
4.0
3.0
104.0
104.0
105.0
104.0
104.0
103.0
105.0
104.0
104.0
104.0
104.0
104.0
104.0
104.0
104.0
118.0
119.0
119.0
119.0
119.0
119.0
119.0
119.0
118.0
119.0
105.0
104.0
104.0
6586.0
6590.0
6588.0
6592.0
6588.0
6606.0
6607.0
6601.0
4.0
3.0
122.0
123.0
122.0
122.0
123.0
122.0
123.0
123.0
105.0
105.0
105.0
104.0
105.0
105.0
105.0
105.0
105.0
117.0
117.0
118.0
118.0
118.0
118.0
117.0
118.0
117.0
118.0
107.0
6392.0
6385.0
6404.0
6393.0
6386.0
6391.0
6430.0
6401.0
3.0
4.0
104.0
103.0
104.0
103.0
104.0
104.0
104.0
104.0
104.0
103.0
104.0
104.0
104.0
104.0
104.0
104.0
105.0
104.0
104.0
104.0
105.0
103.0
104.0
104.0
105.0
104.0
105.0
104.0
6374.0
6340.0
6358.0
6355.0
6353.0
6379.0
6391.0
6381.0
4.0
3.0
105.0
104.0
105.0
105.0
105.0
105.0
106.0
104.0
105.0
104.0
105.0
104.0
105.0
103.0
104.0
104.0
104.0
104.0
104.0
104.0
104.0
103.0
104.0
104.0
104.0
104.0
104.0
104.0
6313.0
6308.0
6308.0
6312.0
6308.0
6318.0
6314.0
6289.0
3.0
4.0
104.0
104.0
104.0
103.0
104.0
103.0
104.0
110.0
111.0
111.0
114.0
114.0
114.0
114.0
114.0
114.0
114.0
107.0
107.0
106.0
104.0
103.0
104.0
104.0
104.0
104.0
104.0
104.0
6326.0
6329.0
6324.0
6350.0
6339.0
6325.0
6323.0
6329.0
4.0
3.0
3.0
3.0
3.0
3.0
4.0
3.0
3.0
3.0
3.0
3.0
4.0
3.0
3.0
3.0
4.0
3.0
4.0
3.0
3.0
3.0
4.0
3.0
3.0
3.0
3.0
3.0
4.0
3.0
3363.0
3432.0
3413.0
3407.0
3388.0
3411.0
3408.0
3407.0
3396.0
3.0
3.0
155.0
155.0
104.0
104.0
104.0
104.0
104.0
104.0
105.0
104.0
104.0
104.0
105.0
105.0
105.0
105.0
105.0
105.0
104.0
104.0
104.0
104.0
103.0
104.0
103.0
103.0
104.0
104.0
6355.0
6353.0
6349.0
6337.0
6370.0
6368.0
6367.0
6368.0
3.0
3.0
105.0
105.0
105.0
105.0
105.0
105.0
106.0
105.0
105.0
105.0
106.0
105.0
105.0
105.0
105.0
105.0
104.0
104.0
104.0
104.0
104.0
104.0
104.0
104.0
104.0
104.0
104.0
104.0
6354.0
6348.0
6366.0
6364.0
6369.0
6368.0
6363.0
6369.0
3.0
4.0
103.0
104.0
104.0
110.0
111.0
111.0
111.0
114.0
114.0
118.0
114.0
114.0
113.0
106.0
107.0
106.0
106.0
104.0
104.0
109.0
104.0
104.0
104.0
104.0
104.0
104.0
104.0
103.0
6302.0
6300.0
6418.0
6309.0
6311.0
6313.0
6318.0
6308.0
3.0
3.0
104.0
104.0
104.0
105.0
104.0
104.0
104.0
104.0
104.0
104.0
104.0
104.0
103.0
106.0
113.0
113.0
114.0
115.0
115.0
115.0
115.0
115.0
115.0
117.0
105.0
105.0
105.0
104.0
6375.0
6378.0
6371.0
6423.0
6381.0
6386.0
6382.0
6387.0
3.0
3.0
104.0
104.0
104.0
103.0
104.0
104.0
104.0
104.0
104.0
103.0
104.0
104.0
104.0
104.0
103.0
104.0
104.0
104.0
104.0
104.0
104.0
104.0
103.0
104.0
103.0
117.0
117.0
117.0
6469.0
6470.0
6470.0
6477.0
6480.0
6463.0
6460.0
6455.0
3.0
3.0
104.0
104.0
104.0
104.0
103.0
104.0
104.0
118.0
118.0
117.0
118.0
118.0
118.0
118.0
117.0
118.0
118.0
105.0
105.0
105.0
105.0
105.0
105.0
105.0
106.0
118.0
119.0
119.0
6553.0
6549.0
6537.0
6541.0
6538.0
6535.0
6529.0
6527.0
3.0
3.0
104.0
104.0
104.0
103.0
103.0
104.0
104.0
104.0
104.0
104.0
105.0
104.0
104.0
104.0
104.0
104.0
104.0
103.0
104.0
104.0
104.0
103.0
104.0
104.0
104.0
104.0
104.0
111.0
6391.0
6390.0
6376.0
6374.0
6398.0
6364.0
6393.0
6367.0
3.0
3.0
156.0
105.0
105.0
106.0
105.0
104.0
105.0
105.0
105.0
105.0
105.0
104.0
104.0
105.0
104.0
104.0
105.0
104.0
104.0
104.0
104.0
104.0
104.0
104.0
104.0
104.0
105.0
104.0
6294.0
6288.0
6295.0
6288.0
6294.0
6293.0
6315.0
6291.0
3.0
3.0
104.0
104.0
104.0
103.0
104.0
104.0
103.0
103.0
104.0
103.0
104.0
104.0
104.0
104.0
104.0
103.0
104.0
104.0
104.0
104.0
104.0
103.0
103.0
104.0
104.0
104.0
104.0
104.0
6314.0
6307.0
6310.0
6318.0
6313.0
6320.0
6314.0
6318.0
3.0
3.0
3.0
3.0
3.0
3.0
4.0
3.0
3.0
2.0
3.0
3.0
4.0
2.0
3.0
3.0
3.0
2.0
3.0
3.0
3.0
3.0
3.0
3.0
3.0
3.0
3.0
3.0
3.0
3.0
3371.0
3375.0
3371.0
3381.0
3374.0
3371.0
3376.0
3372.0
3377.0
3.0
3.0
104.0
103.0
104.0
104.0
104.0
104.0
104.0
104.0
104.0
103.0
104.0
103.0
104.0
103.0
104.0
103.0
104.0
104.0
104.0
103.0
104.0
104.0
104.0
104.0
104.0
104.0
103.0
104.0
6327.0
6327.0
6325.0
6324.0
6346.0
6337.0
6333.0
6325.0
3.0
3.0
142.0
106.0
105.0
106.0
106.0
106.0
104.0
104.0
105.0
104.0
104.0
104.0
103.0
104.0
104.0
104.0
104.0
103.0
103.0
103.0
103.0
105.0
104.0
103.0
103.0
104.0
104.0
104.0
6355.0
6387.0
6536.0
6379.0
6377.0
6384.0
6389.0
6379.0
4.0
3.0
104.0
104.0
105.0
104.0
104.0
104.0
105.0
104.0
104.0
104.0
104.0
104.0
120.0
120.0
120.0
120.0
121.0
126.0
122.0
122.0
121.0
122.0
106.0
105.0
104.0
105.0
104.0
109.0
6306.0
6308.0
6311.0
6303.0
6320.0
6315.0
6320.0
6381.0
3.0
3.0
104.0
104.0
103.0
104.0
104.0
104.0
103.0
104.0
104.0
103.0
103.0
104.0
111.0
113.0
113.0
114.0
114.0
113.0
113.0
113.0
114.0
113.0
106.0
104.0
104.0
104.0
103.0
104.0
6357.0
6356.0
6353.0
6351.0
6344.0
6357.0
6357.0
6340.0
3.0
3.0
115.0
114.0
114.0
114.0
115.0
114.0
114.0
106.0
106.0
105.0
104.0
104.0
104.0
105.0
104.0
104.0
104.0
103.0
104.0
104.0
104.0
104.0
104.0
104.0
104.0
104.0
104.0
118.0
6322.0
6320.0
6325.0
6330.0
6320.0
6323.0
6321.0
6322.0
3.0
3.0
104.0
104.0
103.0
104.0
103.0
103.0
103.0
104.0
104.0
104.0
104.0
104.0
104.0
103.0
103.0
104.0
104.0
104.0
104.0
104.0
104.0
104.0
105.0
105.0
105.0
105.0
105.0
104.0
6444.0
6474.0
6440.0
6448.0
6449.0
6442.0
6451.0
6440.0
3.0
3.0
104.0
104.0
104.0
103.0
116.0
117.0
117.0
117.0
117.0
117.0
117.0
116.0
117.0
117.0
104.0
104.0
104.0
104.0
104.0
103.0
104.0
104.0
104.0
104.0
104.0
103.0
104.0
104.0
6550.0
6554.0
6551.0
6559.0
6557.0
6557.0
6560.0
6560.0
3.0
3.0
104.0
104.0
105.0
105.0
105.0
103.0
104.0
103.0
117.0
116.0
117.0
116.0
116.0
116.0
116.0
117.0
117.0
117.0
103.0
104.0
104.0
103.0
104.0
104.0
103.0
117.0
116.0
117.0
6495.0
6495.0
6485.0
6540.0
6510.0
6494.0
6496.0
6488.0
3.0
3.0
104.0
104.0
105.0
105.0
104.0
105.0
104.0
104.0
104.0
104.0
104.0
105.0
104.0
105.0
104.0
104.0
106.0
119.0
120.0
121.0
120.0
120.0
120.0
121.0
120.0
122.0
121.0
108.0
6307.0
6306.0
6312.0
6302.0
6304.0
6320.0
6319.0
6312.0
3.0
3.0
3.0
3.0
3.0
3.0
3.0
3.0
3.0
3.0
3.0
3.0
3.0
3.0
3.0
3.0
3.0
3.0
3.0
3.0
3.0
3.0
3.0
3.0
3.0
3.0
3.0
3.0
3.0
3.0
3391.0
3397.0
3396.0
3396.0
3396.0
3390.0
3400.0
3401.0
3417.0
3.0
3.0
105.0
104.0
104.0
104.0
105.0
104.0
104.0
104.0
104.0
103.0
104.0
103.0
103.0
104.0
103.0
103.0
103.0
103.0
104.0
104.0
103.0
104.0
104.0
103.0
104.0
104.0
104.0
104.0
6352.0
6313.0
6358.0
6349.0
6349.0
6361.0
6382.0
6360.0
3.0
3.0
104.0
103.0
104.0
103.0
104.0
104.0
104.0
104.0
104.0
104.0
104.0
104.0
104.0
104.0
103.0
104.0
104.0
103.0
105.0
103.0
103.0
103.0
103.0
103.0
103.0
103.0
103.0
103.0
6312.0
6299.0
6301.0
6314.0
6312.0
6310.0
6314.0
6315.0
3.0
3.0
104.0
104.0
104.0
103.0
104.0
103.0
103.0
103.0
104.0
103.0
104.0
104.0
104.0
104.0
104.0
104.0
104.0
104.0
104.0
103.0
104.0
103.0
103.0
104.0
104.0
103.0
104.0
103.0
6350.0
6340.0
6387.0
6387.0
6366.0
6355.0
6353.0
6384.0
3.0
2.0
139.0
138.0
139.0
139.0
105.0
105.0
106.0
105.0
106.0
105.0
105.0
104.0
105.0
104.0
104.0
104.0
103.0
103.0
104.0
103.0
105.0
105.0
104.0
104.0
104.0
104.0
105.0
105.0
6325.0
6332.0
6321.0
6342.0
6329.0
6317.0
6322.0
6322.0
3.0
3.0
106.0
105.0
105.0
104.0
113.0
114.0
114.0
114.0
114.0
114.0
114.0
114.0
114.0
114.0
105.0
103.0
103.0
103.0
104.0
104.0
103.0
103.0
104.0
104.0
104.0
104.0
104.0
104.0
6306.0
6305.0
6308.0
6313.0
6308.0
6304.0
6304.0
6308.0
3.0
2.0
104.0
103.0
104.0
103.0
104.0
103.0
104.0
104.0
104.0
104.0
104.0
104.0
103.0
103.0
104.0
104.0
104.0
103.0
104.0
103.0
103.0
104.0
104.0
104.0
104.0
103.0
103.0
104.0
6374.0
6374.0
6374.0
6370.0
6370.0
6378.0
6371.0
6368.0
3.0
2.0
104.0
104.0
104.0
104.0
104.0
104.0
104.0
103.0
103.0
103.0
104.0
103.0
104.0
103.0
104.0
103.0
117.0
117.0
117.0
117.0
118.0
116.0
117.0
117.0
117.0
117.0
103.0
103.0
6486.0
6498.0
6488.0
6496.0
6498.0
6492.0
6493.0
6503.0
3.0
3.0
104.0
104.0
105.0
105.0
105.0
105.0
105.0
105.0
119.0
118.0
118.0
118.0
118.0
118.0
117.0
117.0
117.0
116.0
104.0
104.0
103.0
104.0
103.0
103.0
117.0
116.0
117.0
117.0
6602.0
6588.0
6602.0
6594.0
6586.0
6608.0
6580.0
6570.0
3.0
3.0
104.0
2.0
103.0
3.0
103.0
3.0
104.0
3.0
104.0
3.0
104.0
3.0
104.0
3.0
104.0
3.0
104.0
3.0
104.0
2.0
104.0
3.0
105.0
2.0
105.0
3.0
105.0
3.0
3383.0
6316.0
3460.0
6324.0
3414.0
6324.0
3411.0
6327.0
3458.0
3.0
3.0
3.0
3.0
3.0
3.0
3.0
3.0
3.0
2.0
2.0
3.0
3.0
3.0
3.0
3.0
3.0
3.0
3.0
3.0
3.0
3.0
3.0
3.0
3.0
3.0
3.0
3.0
2.0
2.0
3368.0
3369.0
3370.0
3368.0
3379.0
3336.0
3332.0
3338.0
3341.0
3343.0
3.0
3.0
104.0
104.0
104.0
104.0
104.0
104.0
103.0
104.0
103.0
104.0
104.0
103.0
103.0
104.0
115.0
115.0
115.0
115.0
115.0
103.0
103.0
104.0
104.0
103.0
104.0
103.0
104.0
104.0
6313.0
6273.0
6270.0
6305.0
6315.0
6313.0
6312.0
6314.0
6315.0
3.0
3.0
143.0
142.0
143.0
122.0
123.0
104.0
104.0
104.0
104.0
103.0
105.0
104.0
103.0
103.0
104.0
104.0
104.0
104.0
104.0
104.0
105.0
103.0
104.0
104.0
103.0
104.0
104.0
103.0
6268.0
6274.0
6265.0
6264.0
6266.0
6259.0
6269.0
6265.0
6273.0
3.0
3.0
106.0
105.0
105.0
103.0
104.0
103.0
104.0
103.0
103.0
103.0
104.0
104.0
105.0
104.0
103.0
104.0
105.0
103.0
104.0
104.0
106.0
107.0
108.0
110.0
110.0
108.0
108.0
108.0
6299.0
6298.0
6322.0
6341.0
6293.0
6301.0
6302.0
6296.0
6302.0
3.0
3.0
104.0
104.0
104.0
104.0
103.0
104.0
103.0
104.0
104.0
111.0
113.0
113.0
113.0
113.0
106.0
104.0
103.0
103.0
104.0
103.0
104.0
104.0
125.0
125.0
125.0
125.0
125.0
104.0
6279.0
6270.0
6278.0
6278.0
6280.0
6281.0
6286.0
6283.0
6285.0
3.0
3.0
104.0
104.0
104.0
103.0
104.0
104.0
104.0
104.0
104.0
104.0
104.0
104.0
104.0
104.0
104.0
104.0
104.0
103.0
104.0
103.0
104.0
104.0
104.0
104.0
104.0
104.0
105.0
104.0
6297.0
6299.0
6298.0
6307.0
6305.0
6300.0
6299.0
6299.0
3.0
3.0
104.0
105.0
104.0
104.0
104.0
104.0
105.0
104.0
104.0
104.0
104.0
103.0
104.0
103.0
104.0
104.0
104.0
105.0
105.0
104.0
105.0
105.0
105.0
104.0
105.0
104.0
104.0
104.0
6328.0
6326.0
6342.0
6339.0
6337.0
6361.0
6366.0
6362.0
3.0
3.0
106.0
106.0
106.0
105.0
104.0
104.0
105.0
104.0
104.0
104.0
104.0
104.0
104.0
104.0
104.0
104.0
105.0
103.0
104.0
104.0
104.0
103.0
104.0
103.0
104.0
104.0
104.0
105.0
6327.0
6328.0
6324.0
6335.0
6327.0
6337.0
6370.0
6327.0
3.0
3.0
104.0
104.0
104.0
104.0
104.0
103.0
103.0
103.0
104.0
103.0
103.0
104.0
104.0
104.0
104.0
104.0
104.0
104.0
104.0
104.0
103.0
104.0
104.0
104.0
103.0
103.0
103.0
103.0
6332.0
6330.0
6361.0
6327.0
6361.0
6409.0
6364.0
6355.0
3.0
3.0
103.0
3.0
103.0
3.0
104.0
3.0
103.0
3.0
104.0
3.0
103.0
2.0
103.0
2.0
104.0
2.0
119.0
3.0
118.0
3.0
118.0
3.0
118.0
3.0
118.0
3.0
119.0
3.0
3373.0
6274.0
3376.0
6260.0
3358.0
6285.0
3357.0
6287.0
3357.0
3.0
3.0
3.0
3.0
3.0
3.0
3.0
3.0
3.0
3.0
3.0
2.0
3.0
3.0
3.0
3.0
3.0
3.0
3.0
3.0
3.0
3.0
3.0
3.0
3.0
3.0
3.0
3.0
3.0
3.0
3377.0
3379.0
3375.0
3378.0
3376.0
3017.0
3009.0
2988.0
2981.0
2974.0
