2.0
1.0
1.0
1.0
1.0
1.0
1.0
1.0
1.0
1.0
1.0
1.0
1.0
2.0
1.0
571.0
356.0
356.0
359.0
359.0
479.0
332.0
569.0
469.0
355.0
276.0
336.0
337.0
337.0
338.0
1.0
1.0
1.0
1.0
1.0
336.0
275.0
337.0
311.0
334.0
285.0
335.0
335.0
335.0
338.0
339.0
293.0
334.0
295.0
295.0
1.0
1.0
1.0
1.0
1.0
357.0
362.0
360.0
363.0
357.0
318.0
360.0
357.0
320.0
320.0
335.0
297.0
331.0
334.0
328.0
1.0
1.0
1.0
2.0
1.0
333.0
332.0
301.0
328.0
304.0
327.0
304.0
325.0
300.0
323.0
323.0
322.0
300.0
303.0
324.0
1.0
2.0
1.0
1.0
1.0
392.0
370.0
369.0
395.0
392.0
390.0
394.0
369.0
370.0
390.0
323.0
300.0
301.0
326.0
323.0
1.0
1.0
1.0
1.0
1.0
326.0
326.0
300.0
304.0
324.0
300.0
325.0
303.0
325.0
322.0
302.0
323.0
322.0
302.0
325.0
1.0
1.0
1.0
1.0
1.0
301.0
346.0
324.0
326.0
349.0
347.0
328.0
350.0
349.0
350.0
326.0
304.0
328.0
300.0
303.0
1.0
1.0
1.0
1.0
1.0
328.0
325.0
328.0
324.0
324.0
300.0
301.0
322.0
302.0
302.0
326.0
323.0
325.0
323.0
301.0
1.0
1.0
1.0
1.0
1.0
323.0
303.0
325.0
301.0
327.0
346.0
346.0
350.0
350.0
327.0
349.0
324.0
350.0
324.0
301.0
1.0
1.0
1.0
1.0
1.0
324.0
327.0
325.0
325.0
303.0
302.0
325.0
298.0
320.0
296.0
312.0
311.0
309.0
309.0
283.0
1.0
1.0
1.0
1.0
1.0
355.0
354.0
632.0
359.0
357.0
359.0
614.0
353.0
611.0
633.0
336.0
335.0
333.0
335.0
334.0
1.0
1.0
1.0
1.0
1.0
333.0
277.0
334.0
433.0
432.0
335.0
338.0
337.0
335.0
338.0
288.0
311.0
352.0
308.0
358.0
0.0
1.0
0.0
1.0
1.0
358.0
357.0
357.0
356.0
355.0
357.0
361.0
297.0
379.0
378.0
377.0
378.0
403.0
378.0
353.0
1.0
1.0
1.0
1.0
1.0
375.0
357.0
358.0
318.0
317.0
315.0
316.0
317.0
308.0
309.0
316.0
311.0
312.0
313.0
314.0
1.0
1.0
1.0
1.0
0.0
310.0
311.0
312.0
314.0
311.0
314.0
312.0
313.0
313.0
334.0
333.0
333.0
334.0
332.0
332.0
1.0
1.0
1.0
1.0
1.0
333.0
333.0
334.0
333.0
314.0
312.0
313.0
314.0
312.0
310.0
312.0
312.0
311.0
312.0
314.0
1.0
1.0
0.0
1.0
1.0
312.0
310.0
312.0
311.0
311.0
311.0
310.0
313.0
313.0
313.0
310.0
312.0
311.0
313.0
312.0
1.0
0.0
1.0
1.0
1.0
330.0
335.0
335.0
335.0
335.0
335.0
335.0
335.0
334.0
334.0
314.0
311.0
311.0
313.0
313.0
1.0
1.0
1.0
1.0
1.0
313.0
311.0
313.0
313.0
313.0
311.0
311.0
310.0
312.0
366.0
364.0
365.0
367.0
365.0
364.0
1.0
1.0
1.0
0.0
1.0
365.0
366.0
365.0
365.0
311.0
312.0
313.0
314.0
313.0
309.0
310.0
310.0
310.0
311.0
312.0
1.0
1.0
1.0
1.0
1.0
311.0
314.0
314.0
311.0
312.0
313.0
311.0
312.0
311.0
332.0
331.0
330.0
332.0
332.0
335.0
1.0
1.0
1.0
0.0
1.0
335.0
336.0
335.0
334.0
312.0
314.0
313.0
312.0
313.0
313.0
313.0
310.0
311.0
310.0
311.0
1.0
1.0
1.0
0.0
0.0
311.0
314.0
314.0
313.0
313.0
312.0
313.0
311.0
315.0
312.0
311.0
313.0
311.0
314.0
314.0
1.0
1.0
1.0
0.0
1.0
313.0
336.0
333.0
333.0
333.0
334.0
336.0
335.0
336.0
334.0
333.0
312.0
311.0
312.0
312.0
1.0
1.0
1.0
1.0
1.0
313.0
313.0
313.0
311.0
311.0
313.0
311.0
312.0
310.0
364.0
365.0
367.0
366.0
364.0
366.0
1.0
1.0
0.0
1.0
1.0
365.0
365.0
367.0
367.0
311.0
313.0
315.0
313.0
311.0
311.0
313.0
312.0
312.0
312.0
310.0
1.0
1.0
1.0
1.0
1.0
314.0
312.0
314.0
312.0
311.0
313.0
311.0
312.0
314.0
312.0
312.0
311.0
333.0
335.0
332.0
1.0
1.0
1.0
1.0
1.0
333.0
333.0
334.0
334.0
334.0
337.0
337.0
313.0
316.0
315.0
313.0
313.0
310.0
310.0
310.0
1.0
1.0
1.0
0.0
1.0
311.0
312.0
311.0
314.0
313.0
312.0
311.0
313.0
310.0
312.0
311.0
312.0
311.0
312.0
311.0
1.0
1.0
1.0
1.0
1.0
313.0
335.0
335.0
337.0
334.0
334.0
335.0
333.0
334.0
335.0
334.0
312.0
310.0
311.0
312.0
1.0
1.0
1.0
1.0
1.0
314.0
314.0
314.0
313.0
313.0
312.0
311.0
314.0
311.0
370.0
369.0
371.0
370.0
368.0
369.0
1.0
0.0
1.0
1.0
1.0
369.0
371.0
370.0
369.0
310.0
315.0
314.0
312.0
311.0
312.0
315.0
312.0
314.0
313.0
312.0
1.0
1.0
1.0
1.0
1.0
314.0
312.0
314.0
311.0
315.0
312.0
313.0
310.0
312.0
311.0
313.0
311.0
312.0
311.0
313.0
1.0
0.0
1.0
1.0
1.0
333.0
333.0
333.0
331.0
333.0
331.0
335.0
334.0
334.0
335.0
313.0
310.0
311.0
309.0
310.0
1.0
1.0
1.0
1.0
0.0
313.0
311.0
310.0
313.0
312.0
313.0
311.0
312.0
312.0
313.0
311.0
312.0
311.0
312.0
310.0
1.0
1.0
1.0
1.0
0.0
313.0
334.0
335.0
335.0
333.0
336.0
333.0
334.0
334.0
335.0
334.0
311.0
311.0
313.0
312.0
1.0
1.0
1.0
0.0
0.0
313.0
313.0
313.0
313.0
315.0
311.0
312.0
311.0
310.0
358.0
363.0
364.0
362.0
363.0
364.0
1.0
1.0
1.0
1.0
1.0
365.0
364.0
366.0
365.0
312.0
314.0
312.0
311.0
315.0
314.0
312.0
311.0
313.0
313.0
312.0
1.0
0.0
0.0
1.0
1.0
313.0
313.0
313.0
313.0
312.0
311.0
313.0
312.0
311.0
311.0
312.0
312.0
314.0
311.0
311.0
1.0
1.0
1.0
0.0
1.0
334.0
334.0
333.0
335.0
334.0
341.0
339.0
344.0
338.0
351.0
320.0
326.0
329.0
334.0
334.0
1.0
1.0
1.0
1.0
1.0
328.0
320.0
342.0
319.0
320.0
318.0
331.0
328.0
329.0
324.0
318.0
318.0
317.0
315.0
320.0
1.0
0.0
1.0
1.0
1.0
335.0
341.0
338.0
336.0
332.0
333.0
333.0
335.0
334.0
332.0
314.0
313.0
310.0
311.0
312.0
1.0
1.0
1.0
1.0
1.0
313.0
312.0
311.0
311.0
312.0
312.0
311.0
312.0
311.0
367.0
367.0
368.0
370.0
367.0
367.0
1.0
1.0
1.0
1.0
0.0
368.0
367.0
368.0
368.0
313.0
314.0
313.0
313.0
315.0
311.0
312.0
312.0
310.0
311.0
310.0
1.0
1.0
0.0
1.0
1.0
311.0
313.0
315.0
311.0
313.0
312.0
313.0
313.0
314.0
312.0
314.0
313.0
311.0
313.0
331.0
1.0
1.0
1.0
1.0
1.0
334.0
335.0
336.0
333.0
334.0
335.0
334.0
335.0
334.0
315.0
311.0
311.0
312.0
311.0
312.0
0.0
1.0
0.0
1.0
1.0
312.0
312.0
313.0
311.0
311.0
311.0
312.0
313.0
311.0
310.0
312.0
311.0
312.0
314.0
310.0
1.0
1.0
1.0
1.0
1.0
332.0
334.0
334.0
334.0
335.0
333.0
334.0
335.0
334.0
335.0
313.0
312.0
310.0
312.0
311.0
1.0
1.0
1.0
0.0
1.0
312.0
312.0
312.0
313.0
312.0
313.0
312.0
312.0
311.0
364.0
366.0
365.0
366.0
366.0
364.0
0.0
0.0
1.0
1.0
1.0
364.0
367.0
366.0
366.0
310.0
311.0
311.0
312.0
315.0
311.0
312.0
310.0
310.0
313.0
312.0
1.0
1.0
1.0
1.0
1.0
312.0
310.0
319.0
314.0
311.0
313.0
314.0
311.0
311.0
312.0
334.0
313.0
336.0
333.0
329.0
1.0
1.0
1.0
1.0
1.0
337.0
336.0
334.0
335.0
335.0
335.0
314.0
312.0
313.0
312.0
313.0
311.0
310.0
312.0
314.0
0.0
1.0
1.0
1.0
1.0
311.0
313.0
310.0
313.0
310.0
312.0
311.0
312.0
312.0
312.0
311.0
313.0
312.0
311.0
314.0
1.0
1.0
1.0
0.0
0.0
334.0
335.0
334.0
336.0
335.0
335.0
334.0
334.0
333.0
336.0
312.0
315.0
311.0
311.0
313.0
1.0
1.0
1.0
0.0
1.0
312.0
314.0
312.0
311.0
312.0
313.0
311.0
311.0
313.0
367.0
367.0
369.0
368.0
366.0
367.0
1.0
1.0
1.0
0.0
0.0
368.0
367.0
369.0
368.0
314.0
314.0
310.0
311.0
313.0
314.0
315.0
314.0
310.0
312.0
312.0
1.0
1.0
0.0
1.0
1.0
311.0
314.0
311.0
314.0
313.0
313.0
311.0
312.0
313.0
311.0
335.0
331.0
337.0
331.0
334.0
1.0
1.0
1.0
1.0
1.0
334.0
336.0
334.0
335.0
336.0
314.0
312.0
314.0
311.0
313.0
313.0
313.0
310.0
311.0
312.0
1.0
1.0
1.0
1.0
0.0
312.0
313.0
315.0
314.0
310.0
311.0
314.0
311.0
310.0
310.0
309.0
312.0
313.0
312.0
312.0
1.0
1.0
1.0
1.0
1.0
332.0
333.0
338.0
335.0
333.0
335.0
334.0
334.0
335.0
334.0
312.0
315.0
312.0
310.0
310.0
1.0
0.0
1.0
1.0
1.0
313.0
313.0
313.0
311.0
311.0
311.0
312.0
313.0
311.0
369.0
370.0
371.0
370.0
370.0
371.0
0.0
1.0
1.0
1.0
1.0
374.0
371.0
368.0
373.0
312.0
313.0
313.0
312.0
311.0
313.0
311.0
312.0
312.0
313.0
312.0
1.0
1.0
1.0
1.0
1.0
313.0
314.0
314.0
314.0
313.0
313.0
310.0
312.0
314.0
314.0
336.0
335.0
334.0
337.0
334.0
1.0
1.0
0.0
1.0
1.0
334.0
333.0
334.0
335.0
332.0
312.0
314.0
313.0
311.0
312.0
313.0
314.0
313.0
312.0
314.0
1.0
1.0
0.0
1.0
1.0
314.0
314.0
314.0
314.0
313.0
313.0
313.0
310.0
310.0
310.0
311.0
314.0
311.0
311.0
312.0
1.0
1.0
0.0
1.0
1.0
334.0
334.0
335.0
335.0
337.0
335.0
333.0
335.0
334.0
335.0
311.0
313.0
313.0
311.0
310.0
0.0
1.0
1.0
1.0
1.0
313.0
314.0
310.0
312.0
313.0
312.0
314.0
311.0
310.0
366.0
368.0
370.0
371.0
369.0
371.0
1.0
0.0
1.0
1.0
1.0
369.0
369.0
370.0
370.0
310.0
313.0
311.0
314.0
312.0
314.0
313.0
309.0
313.0
313.0
310.0
1.0
1.0
1.0
1.0
1.0
314.0
315.0
315.0
316.0
314.0
313.0
312.0
310.0
312.0
313.0
335.0
334.0
335.0
333.0
333.0
1.0
1.0
0.0
1.0
1.0
337.0
332.0
332.0
333.0
334.0
315.0
315.0
313.0
312.0
312.0
311.0
314.0
313.0
312.0
312.0
1.0
1.0
1.0
0.0
1.0
312.0
310.0
312.0
312.0
312.0
317.0
317.0
369.0
323.0
314.0
392.0
355.0
352.0
434.0
393.0
1.0
1.0
1.0
1.0
1.0
322.0
355.0
351.0
367.0
325.0
328.0
326.0
328.0
324.0
304.0
305.0
324.0
322.0
304.0
303.0
0.0
1.0
1.0
1.0
1.0
324.0
321.0
322.0
320.0
302.0
303.0
321.0
319.0
304.0
304.0
377.0
376.0
373.0
370.0
375.0
1.0
1.0
1.0
1.0
0.0
371.0
372.0
373.0
374.0
372.0
314.0
311.0
312.0
315.0
314.0
311.0
312.0
312.0
313.0
314.0
1.0
1.0
1.0
0.0
1.0
314.0
313.0
310.0
311.0
311.0
312.0
314.0
311.0
313.0
312.0
334.0
336.0
336.0
335.0
336.0
1.0
1.0
1.0
0.0
1.0
337.0
338.0
335.0
339.0
337.0
313.0
312.0
312.0
312.0
312.0
311.0
311.0
312.0
312.0
311.0
1.0
1.0
1.0
1.0
1.0
311.0
311.0
311.0
311.0
312.0
310.0
313.0
312.0
310.0
311.0
334.0
334.0
333.0
333.0
335.0
1.0
1.0
1.0
1.0
1.0
337.0
335.0
334.0
336.0
335.0
312.0
312.0
311.0
313.0
312.0
315.0
313.0
311.0
312.0
312.0
1.0
1.0
0.0
1.0
1.0
312.0
311.0
313.0
314.0
314.0
311.0
311.0
312.0
374.0
373.0
373.0
373.0
375.0
376.0
375.0
0.0
1.0
1.0
1.0
1.0
377.0
376.0
377.0
311.0
311.0
311.0
314.0
313.0
314.0
312.0
313.0
314.0
312.0
315.0
312.0
1.0
1.0
1.0
1.0
1.0
313.0
310.0
312.0
314.0
313.0
311.0
311.0
311.0
310.0
314.0
335.0
336.0
335.0
337.0
335.0
1.0
1.0
1.0
1.0
1.0
337.0
335.0
335.0
337.0
336.0
312.0
312.0
313.0
314.0
311.0
311.0
311.0
311.0
313.0
311.0
1.0
0.0
1.0
1.0
1.0
312.0
312.0
311.0
314.0
311.0
312.0
312.0
313.0
313.0
312.0
336.0
332.0
337.0
337.0
334.0
1.0
1.0
1.0
0.0
1.0
339.0
336.0
335.0
336.0
335.0
313.0
314.0
312.0
312.0
312.0
313.0
313.0
312.0
313.0
311.0
1.0
0.0
1.0
1.0
1.0
312.0
312.0
311.0
314.0
311.0
312.0
311.0
373.0
374.0
374.0
376.0
373.0
375.0
377.0
376.0
1.0
1.0
1.0
1.0
1.0
375.0
375.0
314.0
314.0
313.0
313.0
311.0
313.0
315.0
311.0
312.0
312.0
312.0
314.0
313.0
1.0
0.0
1.0
1.0
1.0
312.0
312.0
314.0
312.0
312.0
312.0
312.0
312.0
313.0
310.0
335.0
336.0
335.0
337.0
338.0
1.0
0.0
1.0
1.0
1.0
334.0
336.0
336.0
335.0
335.0
313.0
313.0
318.0
314.0
313.0
313.0
313.0
312.0
313.0
313.0
1.0
0.0
1.0
1.0
0.0
311.0
315.0
319.0
312.0
311.0
312.0
311.0
312.0
309.0
311.0
335.0
337.0
335.0
336.0
335.0
1.0
1.0
1.0
1.0
1.0
338.0
336.0
336.0
337.0
338.0
310.0
310.0
313.0
311.0
311.0
314.0
312.0
310.0
311.0
310.0
1.0
1.0
0.0
1.0
1.0
313.0
314.0
316.0
315.0
314.0
312.0
378.0
379.0
381.0
377.0
378.0
378.0
381.0
379.0
378.0
0.0
1.0
1.0
1.0
1.0
377.0
313.0
314.0
311.0
310.0
313.0
310.0
314.0
315.0
313.0
312.0
313.0
313.0
315.0
313.0
1.0
1.0
1.0
1.0
1.0
314.0
313.0
313.0
313.0
313.0
312.0
311.0
314.0
311.0
310.0
336.0
335.0
335.0
338.0
339.0
1.0
1.0
0.0
1.0
1.0
336.0
335.0
335.0
336.0
336.0
311.0
313.0
313.0
314.0
313.0
313.0
312.0
312.0
313.0
313.0
1.0
0.0
0.0
1.0
1.0
311.0
313.0
314.0
312.0
313.0
313.0
312.0
314.0
311.0
313.0
335.0
335.0
338.0
337.0
337.0
1.0
1.0
1.0
0.0
1.0
336.0
336.0
336.0
334.0
336.0
311.0
309.0
312.0
312.0
314.0
310.0
312.0
311.0
310.0
310.0
0.0
1.0
0.0
0.0
1.0
311.0
312.0
314.0
311.0
312.0
382.0
380.0
382.0
380.0
383.0
380.0
383.0
381.0
383.0
382.0
1.0
1.0
1.0
1.0
0.0
310.0
312.0
311.0
313.0
311.0
312.0
313.0
312.0
314.0
312.0
311.0
311.0
310.0
313.0
312.0
1.0
1.0
0.0
1.0
1.0
313.0
311.0
313.0
313.0
312.0
311.0
313.0
334.0
336.0
338.0
337.0
336.0
338.0
338.0
338.0
1.0
1.0
1.0
1.0
1.0
337.0
339.0
311.0
313.0
311.0
311.0
311.0
310.0
313.0
312.0
312.0
311.0
310.0
311.0
311.0
1.0
1.0
1.0
1.0
1.0
312.0
313.0
312.0
314.0
312.0
311.0
311.0
313.0
311.0
313.0
336.0
338.0
334.0
336.0
338.0
1.0
1.0
1.0
1.0
0.0
344.0
343.0
342.0
347.0
343.0
325.0
399.0
349.0
403.0
330.0
328.0
328.0
334.0
311.0
331.0
1.0
0.0
1.0
1.0
1.0
311.0
368.0
422.0
370.0
399.0
396.0
370.0
371.0
396.0
398.0
371.0
309.0
312.0
341.0
312.0
1.0
1.0
1.0
0.0
0.0
323.0
323.0
314.0
320.0
320.0
311.0
311.0
313.0
310.0
340.0
310.0
314.0
314.0
315.0
314.0
1.0
1.0
0.0
0.0
1.0
311.0
311.0
313.0
334.0
335.0
338.0
338.0
367.0
338.0
341.0
335.0
338.0
337.0
313.0
314.0
1.0
1.0
1.0
1.0
1.0
315.0
317.0
314.0
322.0
313.0
313.0
312.0
311.0
312.0
313.0
312.0
311.0
313.0
313.0
313.0
1.0
1.0
1.0
1.0
1.0
311.0
310.0
313.0
311.0
312.0
314.0
313.0
336.0
335.0
338.0
335.0
337.0
336.0
333.0
334.0
1.0
0.0
0.0
1.0
1.0
339.0
334.0
312.0
314.0
313.0
310.0
310.0
313.0
312.0
310.0
311.0
311.0
312.0
313.0
313.0
1.0
1.0
1.0
1.0
1.0
311.0
376.0
376.0
380.0
378.0
379.0
381.0
380.0
383.0
381.0
382.0
313.0
312.0
314.0
313.0
1.0
1.0
1.0
0.0
1.0
312.0
314.0
311.0
313.0
313.0
313.0
313.0
309.0
304.0
301.0
311.0
312.0
310.0
308.0
307.0
