1.0
1.0
1.0
1.0
0.0
1.0
0.0
1.0
1.0
0.0
21.0
35.0
36.0
20.0
21.0
21.0
21.0
21.0
37.0
38.0
21.0
20.0
21.0
21.0
21.0
21.0
37.0
37.0
38.0
37.0
166.0
167.0
166.0
166.0
166.0
159.0
356.0
355.0
358.0
358.0
190.0
220.0
221.0
220.0
223.0
222.0
156.0
165.0
212.0
265.0
165.0
166.0
167.0
166.0
262.0
167.0
172.0
164.0
165.0
166.0
166.0
167.0
165.0
136.0
210.0
165.0
195.0
166.0
166.0
165.0
166.0
166.0
166.0
136.0
166.0
147.0
144.0
144.0
166.0
166.0
167.0
166.0
166.0
166.0
163.0
146.0
145.0
231.0
256.0
160.0
160.0
160.0
160.0
161.0
183.0
174.0
171.0
182.0
183.0
183.0
183.0
183.0
175.0
152.0
150.0
149.0
160.0
161.0
160.0
159.0
160.0
160.0
149.0
150.0
153.0
150.0
161.0
161.0
160.0
160.0
160.0
161.0
149.0
149.0
150.0
150.0
160.0
208.0
158.0
158.0
157.0
157.0
205.0
149.0
149.0
152.0
155.0
154.0
155.0
155.0
155.0
150.0
272.0
149.0
271.0
150.0
155.0
155.0
154.0
155.0
156.0
150.0
150.0
149.0
155.0
178.0
179.0
179.0
179.0
263.0
260.0
176.0
174.0
176.0
181.0
157.0
157.0
157.0
157.0
153.0
154.0
156.0
159.0
157.0
154.0
154.0
155.0
154.0
154.0
158.0
156.0
158.0
154.0
155.0
154.0
154.0
154.0
154.0
155.0
156.0
222.0
221.0
220.0
219.0
220.0
219.0
220.0
220.0
221.0
223.0
156.0
157.0
152.0
155.0
151.0
153.0
152.0
153.0
151.0
142.0
35.0
36.0
21.0
21.0
21.0
20.0
21.0
22.0
37.0
38.0
21.0
21.0
21.0
21.0
21.0
21.0
37.0
37.0
37.0
37.0
20.0
21.0
21.0
21.0
20.0
20.0
21.0
20.0
21.0
1.0
21.0
21.0
21.0
28.0
38.0
37.0
23.0
21.0
21.0
0.0
21.0
21.0
20.0
21.0
21.0
16.0
21.0
21.0
21.0
1.0
21.0
21.0
21.0
37.0
37.0
16.0
21.0
21.0
21.0
1.0
21.0
20.0
21.0
20.0
17.0
20.0
21.0
1.0
21.0
1.0
21.0
21.0
20.0
20.0
37.0
17.0
37.0
1.0
20.0
0.0
1.0
1.0
0.0
0.0
1.0
1.0
1.0
1.0
1.0
1.0
1.0
0.0
0.0
0.0
0.0
0.0
0.0
1.0
1.0
1.0
17.0
21.0
21.0
21.0
20.0
21.0
21.0
21.0
38.0
17.0
37.0
21.0
21.0
21.0
20.0
20.0
20.0
21.0
17.0
21.0
21.0
21.0
21.0
21.0
21.0
17.0
37.0
20.0
58.0
0.0
21.0
21.0
21.0
21.0
21.0
21.0
17.0
41.0
40.0
0.0
41.0
41.0
41.0
41.0
41.0
38.0
58.0
37.0
21.0
1.0
20.0
21.0
20.0
20.0
21.0
21.0
21.0
21.0
17.0
1.0
21.0
21.0
20.0
20.0
21.0
21.0
37.0
1.0
37.0
0.0
21.0
17.0
21.0
21.0
21.0
20.0
21.0
1.0
20.0
0.0
1.0
0.0
1.0
1.0
0.0
0.0
1.0
1.0
0.0
0.0
1.0
1.0
0.0
1.0
1.0
0.0
0.0
1.0
1.0
0.0
135.0
165.0
224.0
165.0
165.0
165.0
165.0
164.0
166.0
206.0
135.0
165.0
165.0
165.0
165.0
165.0
166.0
165.0
135.0
166.0
136.0
164.0
165.0
166.0
166.0
166.0
151.0
166.0
141.0
144.0
144.0
148.0
148.0
155.0
162.0
162.0
165.0
162.0
162.0
142.0
149.0
150.0
149.0
149.0
160.0
160.0
160.0
161.0
160.0
141.0
149.0
173.0
172.0
174.0
183.0
183.0
183.0
184.0
183.0
164.0
175.0
151.0
152.0
150.0
160.0
160.0
159.0
140.0
159.0
82.0
149.0
160.0
149.0
149.0
148.0
159.0
160.0
140.0
160.0
82.0
132.0
140.0
141.0
77.0
77.0
76.0
82.0
82.0
77.0
82.0
83.0
76.0
77.0
76.0
136.0
142.0
141.0
143.0
142.0
142.0
220.0
209.0
211.0
209.0
150.0
160.0
160.0
161.0
161.0
160.0
150.0
149.0
160.0
148.0
149.0
161.0
160.0
160.0
160.0
160.0
150.0
148.0
149.0
160.0
149.0
160.0
161.0
161.0
160.0
141.0
150.0
150.0
148.0
159.0
149.0
159.0
160.0
160.0
160.0
140.0
150.0
149.0
148.0
160.0
149.0
160.0
160.0
159.0
160.0
140.0
149.0
149.0
150.0
160.0
149.0
159.0
159.0
159.0
160.0
141.0
173.0
173.0
174.0
175.0
183.0
183.0
184.0
164.0
183.0
106.0
150.0
149.0
149.0
149.0
160.0
159.0
159.0
140.0
159.0
82.0
131.0
130.0
130.0
76.0
82.0
82.0
83.0
83.0
84.0
83.0
77.0
82.0
77.0
77.0
77.0
83.0
83.0
82.0
82.0
77.0
163.0
158.0
165.0
165.0
159.0
165.0
170.0
163.0
166.0
163.0
159.0
160.0
159.0
157.0
159.0
160.0
160.0
160.0
159.0
159.0
159.0
159.0
159.0
159.0
160.0
160.0
159.0
159.0
159.0
140.0
179.0
182.0
180.0
181.0
182.0
182.0
182.0
182.0
182.0
162.0
161.0
160.0
160.0
160.0
160.0
159.0
159.0
160.0
156.0
140.0
149.0
159.0
149.0
148.0
159.0
160.0
217.0
216.0
204.0
194.0
204.0
205.0
204.0
215.0
215.0
214.0
161.0
131.0
159.0
82.0
160.0
149.0
148.0
149.0
161.0
150.0
160.0
141.0
160.0
83.0
131.0
141.0
141.0
76.0
77.0
76.0
83.0
82.0
82.0
82.0
77.0
76.0
78.0
82.0
83.0
76.0
82.0
82.0
82.0
83.0
148.0
149.0
150.0
161.0
148.0
161.0
160.0
161.0
160.0
160.0
149.0
150.0
149.0
149.0
160.0
161.0
160.0
160.0
160.0
161.0
150.0
149.0
150.0
148.0
160.0
160.0
159.0
160.0
160.0
141.0
173.0
174.0
175.0
175.0
184.0
183.0
183.0
183.0
183.0
165.0
150.0
150.0
149.0
149.0
160.0
160.0
159.0
159.0
159.0
140.0
149.0
149.0
148.0
148.0
159.0
159.0
159.0
160.0
159.0
140.0
149.0
148.0
149.0
148.0
160.0
159.0
160.0
140.0
159.0
82.0
149.0
149.0
149.0
149.0
160.0
159.0
159.0
140.0
159.0
81.0
131.0
131.0
131.0
76.0
83.0
82.0
82.0
83.0
82.0
77.0
77.0
76.0
82.0
81.0
82.0
76.0
82.0
82.0
76.0
82.0
149.0
149.0
160.0
160.0
160.0
149.0
174.0
183.0
184.0
184.0
175.0
174.0
184.0
184.0
183.0
174.0
149.0
160.0
160.0
160.0
149.0
149.0
160.0
159.0
149.0
160.0
149.0
159.0
160.0
140.0
210.0
211.0
210.0
220.0
221.0
221.0
210.0
221.0
221.0
203.0
150.0
149.0
149.0
161.0
161.0
160.0
149.0
161.0
161.0
143.0
150.0
150.0
150.0
160.0
159.0
149.0
160.0
160.0
160.0
140.0
149.0
149.0
149.0
151.0
164.0
164.0
164.0
145.0
164.0
85.0
147.0
147.0
163.0
164.0
146.0
162.0
163.0
142.0
162.0
84.0
131.0
131.0
131.0
82.0
76.0
83.0
82.0
82.0
83.0
83.0
77.0
77.0
77.0
82.0
82.0
83.0
77.0
82.0
83.0
83.0
149.0
149.0
173.0
183.0
185.0
184.0
175.0
183.0
183.0
183.0
175.0
174.0
150.0
159.0
160.0
149.0
159.0
160.0
159.0
159.0
150.0
149.0
149.0
160.0
160.0
149.0
162.0
161.0
161.0
142.0
149.0
149.0
149.0
149.0
161.0
162.0
165.0
162.0
161.0
142.0
149.0
149.0
149.0
149.0
160.0
161.0
159.0
159.0
159.0
140.0
149.0
149.0
148.0
148.0
159.0
159.0
160.0
160.0
160.0
140.0
149.0
148.0
149.0
148.0
159.0
160.0
160.0
140.0
182.0
82.0
174.0
174.0
175.0
183.0
175.0
183.0
183.0
164.0
184.0
83.0
130.0
130.0
130.0
76.0
82.0
82.0
82.0
82.0
82.0
82.0
77.0
76.0
76.0
82.0
82.0
76.0
82.0
82.0
82.0
82.0
209.0
209.0
208.0
220.0
209.0
222.0
220.0
220.0
220.0
222.0
149.0
149.0
149.0
149.0
159.0
161.0
161.0
160.0
160.0
161.0
150.0
149.0
149.0
150.0
159.0
160.0
161.0
161.0
161.0
141.0
149.0
149.0
149.0
148.0
160.0
160.0
160.0
160.0
160.0
140.0
149.0
149.0
149.0
149.0
159.0
159.0
160.0
160.0
160.0
141.0
150.0
149.0
148.0
148.0
160.0
159.0
161.0
160.0
160.0
142.0
149.0
150.0
148.0
149.0
160.0
161.0
184.0
142.0
184.0
83.0
173.0
173.0
173.0
173.0
183.0
184.0
182.0
164.0
160.0
82.0
132.0
132.0
132.0
76.0
82.0
82.0
77.0
82.0
82.0
82.0
82.0
76.0
76.0
77.0
82.0
82.0
77.0
82.0
82.0
82.0
149.0
160.0
149.0
149.0
160.0
160.0
148.0
160.0
159.0
160.0
149.0
149.0
148.0
160.0
159.0
149.0
159.0
159.0
160.0
159.0
149.0
149.0
148.0
159.0
149.0
160.0
160.0
160.0
160.0
140.0
148.0
148.0
148.0
157.0
160.0
160.0
160.0
160.0
160.0
140.0
150.0
150.0
150.0
174.0
183.0
183.0
183.0
183.0
183.0
164.0
173.0
178.0
173.0
148.0
160.0
160.0
161.0
159.0
160.0
140.0
149.0
148.0
149.0
149.0
159.0
220.0
220.0
140.0
220.0
82.0
212.0
209.0
209.0
220.0
209.0
221.0
221.0
141.0
159.0
82.0
131.0
131.0
131.0
82.0
83.0
76.0
82.0
82.0
82.0
82.0
77.0
83.0
82.0
77.0
77.0
77.0
83.0
82.0
82.0
82.0
149.0
160.0
160.0
149.0
149.0
148.0
160.0
161.0
160.0
160.0
149.0
150.0
149.0
149.0
159.0
160.0
160.0
160.0
161.0
160.0
149.0
149.0
149.0
149.0
159.0
160.0
161.0
161.0
160.0
140.0
149.0
149.0
150.0
149.0
160.0
160.0
160.0
160.0
160.0
141.0
171.0
173.0
174.0
173.0
183.0
184.0
183.0
183.0
184.0
164.0
152.0
150.0
150.0
149.0
159.0
159.0
159.0
160.0
159.0
140.0
149.0
148.0
148.0
148.0
160.0
160.0
159.0
140.0
160.0
82.0
149.0
150.0
149.0
148.0
159.0
160.0
160.0
140.0
160.0
82.0
130.0
130.0
131.0
77.0
82.0
83.0
82.0
81.0
82.0
76.0
82.0
76.0
82.0
81.0
77.0
76.0
82.0
76.0
82.0
81.0
160.0
148.0
160.0
160.0
148.0
149.0
149.0
160.0
160.0
160.0
149.0
159.0
149.0
149.0
160.0
159.0
148.0
183.0
183.0
183.0
174.0
173.0
184.0
173.0
183.0
183.0
174.0
159.0
160.0
140.0
148.0
149.0
149.0
160.0
159.0
148.0
159.0
160.0
160.0
141.0
208.0
210.0
209.0
220.0
211.0
221.0
220.0
220.0
220.0
200.0
150.0
150.0
149.0
150.0
160.0
160.0
159.0
161.0
160.0
140.0
149.0
149.0
148.0
149.0
160.0
160.0
161.0
141.0
160.0
82.0
149.0
149.0
151.0
160.0
149.0
160.0
160.0
140.0
159.0
82.0
130.0
130.0
130.0
83.0
82.0
76.0
82.0
82.0
82.0
83.0
82.0
77.0
82.0
77.0
77.0
77.0
82.0
82.0
82.0
82.0
149.0
159.0
160.0
148.0
148.0
149.0
160.0
159.0
159.0
160.0
149.0
149.0
159.0
160.0
149.0
149.0
182.0
183.0
184.0
183.0
176.0
176.0
183.0
176.0
182.0
175.0
160.0
160.0
159.0
141.0
148.0
148.0
149.0
149.0
160.0
160.0
160.0
159.0
159.0
139.0
149.0
149.0
149.0
149.0
159.0
160.0
160.0
160.0
160.0
141.0
149.0
149.0
148.0
149.0
160.0
159.0
160.0
160.0
160.0
139.0
149.0
148.0
149.0
148.0
161.0
160.0
160.0
140.0
159.0
82.0
149.0
148.0
148.0
148.0
159.0
160.0
160.0
141.0
160.0
82.0
131.0
130.0
130.0
76.0
83.0
83.0
83.0
105.0
106.0
102.0
106.0
106.0
106.0
102.0
102.0
106.0
102.0
83.0
82.0
77.0
160.0
160.0
149.0
160.0
148.0
149.0
160.0
160.0
160.0
148.0
160.0
149.0
160.0
149.0
161.0
149.0
159.0
149.0
217.0
217.0
206.0
218.0
209.0
217.0
218.0
208.0
206.0
218.0
160.0
141.0
149.0
148.0
160.0
160.0
150.0
160.0
148.0
159.0
160.0
142.0
149.0
149.0
161.0
149.0
160.0
160.0
149.0
160.0
160.0
142.0
149.0
149.0
149.0
160.0
160.0
149.0
160.0
160.0
160.0
140.0
149.0
148.0
149.0
159.0
149.0
159.0
159.0
141.0
160.0
82.0
149.0
148.0
159.0
150.0
149.0
160.0
159.0
141.0
160.0
82.0
131.0
131.0
141.0
76.0
83.0
76.0
82.0
82.0
83.0
105.0
102.0
105.0
102.0
102.0
102.0
106.0
106.0
105.0
105.0
83.0
149.0
159.0
149.0
148.0
149.0
160.0
160.0
160.0
160.0
159.0
149.0
148.0
160.0
148.0
148.0
160.0
162.0
161.0
160.0
161.0
150.0
149.0
149.0
151.0
162.0
169.0
169.0
166.0
163.0
156.0
160.0
163.0
163.0
165.0
164.0
166.0
158.0
161.0
158.0
142.0
162.0
162.0
162.0
163.0
154.0
164.0
158.0
154.0
155.0
136.0
163.0
163.0
163.0
163.0
154.0
177.0
182.0
184.0
176.0
156.0
178.0
177.0
177.0
176.0
176.0
155.0
155.0
136.0
158.0
80.0
155.0
154.0
156.0
154.0
155.0
154.0
154.0
136.0
155.0
82.0
135.0
135.0
140.0
79.0
80.0
80.0
80.0
80.0
80.0
80.0
138.0
137.0
139.0
137.0
137.0
137.0
137.0
139.0
137.0
139.0
154.0
154.0
154.0
154.0
154.0
153.0
153.0
154.0
154.0
160.0
153.0
155.0
154.0
154.0
154.0
155.0
154.0
155.0
155.0
160.0
155.0
154.0
154.0
154.0
155.0
154.0
155.0
154.0
154.0
140.0
153.0
154.0
154.0
155.0
153.0
154.0
154.0
154.0
154.0
139.0
154.0
154.0
154.0
155.0
155.0
155.0
156.0
155.0
155.0
136.0
154.0
154.0
153.0
154.0
155.0
154.0
155.0
154.0
153.0
135.0
179.0
178.0
178.0
177.0
178.0
178.0
180.0
159.0
178.0
103.0
154.0
154.0
155.0
155.0
154.0
154.0
154.0
136.0
153.0
80.0
136.0
135.0
134.0
79.0
79.0
79.0
79.0
79.0
79.0
80.0
79.0
79.0
79.0
79.0
80.0
79.0
79.0
79.0
79.0
79.0
155.0
155.0
155.0
154.0
154.0
154.0
154.0
154.0
154.0
153.0
155.0
154.0
153.0
154.0
153.0
154.0
154.0
154.0
154.0
156.0
155.0
155.0
155.0
155.0
155.0
154.0
155.0
155.0
155.0
136.0
178.0
177.0
177.0
177.0
177.0
177.0
178.0
177.0
179.0
160.0
155.0
154.0
155.0
154.0
155.0
155.0
154.0
155.0
155.0
137.0
154.0
154.0
154.0
153.0
154.0
154.0
154.0
154.0
155.0
136.0
214.0
217.0
215.0
218.0
216.0
216.0
219.0
198.0
216.0
139.0
156.0
155.0
154.0
156.0
155.0
154.0
154.0
136.0
155.0
79.0
135.0
136.0
137.0
80.0
80.0
79.0
80.0
80.0
78.0
80.0
80.0
81.0
82.0
79.0
81.0
81.0
80.0
80.0
81.0
80.0
154.0
155.0
154.0
155.0
154.0
155.0
154.0
154.0
154.0
155.0
154.0
154.0
155.0
155.0
155.0
155.0
156.0
154.0
155.0
155.0
155.0
156.0
156.0
154.0
154.0
155.0
156.0
154.0
155.0
137.0
179.0
179.0
179.0
179.0
181.0
179.0
180.0
179.0
180.0
161.0
154.0
155.0
155.0
155.0
155.0
154.0
154.0
154.0
154.0
136.0
154.0
155.0
155.0
154.0
154.0
153.0
153.0
154.0
154.0
135.0
155.0
155.0
156.0
155.0
155.0
155.0
155.0
135.0
155.0
79.0
155.0
154.0
154.0
154.0
154.0
154.0
154.0
135.0
154.0
79.0
135.0
135.0
135.0
80.0
79.0
79.0
79.0
79.0
78.0
78.0
79.0
79.0
79.0
80.0
79.0
79.0
79.0
79.0
80.0
79.0
153.0
153.0
154.0
154.0
154.0
154.0
154.0
153.0
153.0
176.0
177.0
177.0
178.0
178.0
178.0
178.0
180.0
179.0
179.0
155.0
155.0
155.0
154.0
154.0
154.0
154.0
154.0
154.0
154.0
135.0
215.0
215.0
216.0
215.0
218.0
215.0
215.0
216.0
215.0
197.0
155.0
154.0
154.0
154.0
154.0
154.0
154.0
154.0
155.0
134.0
153.0
154.0
153.0
154.0
153.0
155.0
154.0
153.0
154.0
136.0
154.0
154.0
153.0
155.0
154.0
154.0
153.0
135.0
154.0
79.0
154.0
154.0
154.0
154.0
154.0
154.0
154.0
136.0
154.0
79.0
136.0
137.0
136.0
79.0
79.0
79.0
79.0
80.0
79.0
79.0
80.0
79.0
79.0
80.0
79.0
81.0
80.0
80.0
78.0
80.0
156.0
157.0
157.0
155.0
155.0
156.0
155.0
154.0
154.0
154.0
178.0
178.0
179.0
178.0
178.0
179.0
179.0
178.0
179.0
179.0
155.0
154.0
154.0
157.0
154.0
155.0
154.0
155.0
154.0
136.0
154.0
155.0
154.0
155.0
154.0
156.0
155.0
154.0
154.0
135.0
155.0
154.0
155.0
154.0
156.0
155.0
155.0
155.0
155.0
136.0
154.0
154.0
154.0
154.0
154.0
155.0
153.0
154.0
154.0
136.0
154.0
155.0
155.0
155.0
154.0
154.0
155.0
135.0
156.0
80.0
155.0
179.0
179.0
178.0
179.0
178.0
180.0
159.0
178.0
79.0
160.0
161.0
137.0
82.0
80.0
80.0
80.0
80.0
79.0
79.0
80.0
81.0
79.0
79.0
79.0
79.0
79.0
79.0
78.0
74.0
