4.0
5.0
5.0
3.0
3.0
3.0
4.0
5.0
4.0
4.0
4.0
50.0
29.0
50.0
28.0
29.0
29.0
29.0
1034.0
745.0
714.0
605.0
716.0
2672.0
2685.0
2690.0
2829.0
2913.0
3707.0
3313.0
5.0
23.0
28.0
23.0
29.0
23.0
29.0
23.0
770.0
642.0
1035.0
596.0
717.0
2332.0
2342.0
3201.0
2593.0
2608.0
2596.0
2563.0
3.0
29.0
27.0
28.0
28.0
28.0
28.0
28.0
686.0
683.0
636.0
1186.0
677.0
2440.0
2551.0
2436.0
2390.0
2528.0
2539.0
2537.0
4.0
26.0
27.0
27.0
46.0
27.0
46.0
27.0
1199.0
1195.0
678.0
720.0
891.0
3020.0
2438.0
2568.0
2567.0
2497.0
2511.0
2740.0
4.0
26.0
27.0
27.0
26.0
27.0
26.0
26.0
742.0
739.0
746.0
665.0
669.0
2494.0
2505.0
2505.0
2501.0
2538.0
2545.0
2543.0
4.0
30.0
28.0
29.0
29.0
30.0
27.0
27.0
711.0
710.0
657.0
672.0
675.0
2495.0
2542.0
2524.0
2531.0
2538.0
2528.0
2539.0
3.0
27.0
26.0
27.0
26.0
26.0
26.0
27.0
654.0
655.0
655.0
670.0
673.0
2557.0
2546.0
2544.0
2547.0
2518.0
2521.0
2521.0
3.0
26.0
27.0
27.0
27.0
26.0
26.0
26.0
674.0
673.0
673.0
718.0
722.0
2559.0
2495.0
2521.0
2520.0
2518.0
2531.0
2539.0
3.0
27.0
27.0
27.0
51.0
28.0
26.0
26.0
714.0
710.0
712.0
657.0
660.0
2493.0
2508.0
2505.0
2515.0
2525.0
2528.0
2522.0
3.0
27.0
26.0
26.0
27.0
27.0
27.0
27.0
706.0
712.0
708.0
674.0
674.0
2477.0
2470.0
2374.0
2351.0
2376.0
2393.0
2324.0
4.0
2.0
3.0
4.0
3.0
2.0
3.0
5.0
4.0
4.0
29.0
51.0
28.0
51.0
28.0
50.0
28.0
50.0
51.0
5.0
50.0
28.0
28.0
28.0
28.0
50.0
50.0
51.0
50.0
4.0
27.0
28.0
28.0
28.0
50.0
51.0
27.0
28.0
28.0
3.0
28.0
144.0
146.0
145.0
144.0
144.0
145.0
122.0
122.0
3.0
122.0
122.0
28.0
27.0
27.0
28.0
50.0
51.0
51.0
5.0
50.0
50.0
50.0
28.0
28.0
28.0
28.0
28.0
28.0
3.0
28.0
28.0
51.0
50.0
50.0
51.0
51.0
50.0
28.0
3.0
627.0
711.0
711.0
711.0
628.0
844.0
776.0
775.0
862.0
4.0
730.0
627.0
682.0
706.0
707.0
704.0
703.0
702.0
682.0
2.0
700.0
645.0
738.0
747.0
779.0
777.0
816.0
780.0
802.0
2.0
779.0
774.0
783.0
701.0
689.0
693.0
704.0
700.0
699.0
3.0
692.0
697.0
701.0
690.0
679.0
679.0
653.0
658.0
652.0
2.0
2544.0
2515.0
2537.0
2544.0
2541.0
2633.0
2624.0
2636.0
2634.0
1873.0
2618.0
2620.0
2633.0
2620.0
2620.0
2619.0
2525.0
2544.0
2509.0
1871.0
2514.0
2506.0
2497.0
2504.0
2499.0
2518.0
2502.0
2530.0
2530.0
1852.0
2507.0
2507.0
2505.0
2509.0
2514.0
2528.0
2528.0
2511.0
2496.0
1845.0
2484.0
2470.0
2474.0
2469.0
2468.0
2480.0
2494.0
2522.0
2518.0
1825.0
2568.0
2568.0
2599.0
2604.0
2594.0
2591.0
2563.0
2568.0
2553.0
1847.0
2502.0
2510.0
2512.0
2502.0
2500.0
2497.0
2508.0
2528.0
2516.0
1835.0
3.0
2.0
3.0
2.0
3.0
3.0
2.0
3.0
2.0
3.0
26.0
25.0
26.0
26.0
26.0
26.0
26.0
26.0
26.0
2.0
26.0
26.0
26.0
26.0
25.0
26.0
25.0
26.0
26.0
3.0
26.0
43.0
43.0
27.0
26.0
26.0
26.0
26.0
26.0
2.0
28.0
26.0
26.0
26.0
26.0
26.0
26.0
26.0
26.0
3.0
26.0
26.0
26.0
26.0
28.0
26.0
26.0
26.0
26.0
2.0
26.0
26.0
26.0
26.0
26.0
26.0
26.0
26.0
26.0
2.0
26.0
26.0
26.0
26.0
26.0
26.0
26.0
27.0
27.0
2.0
707.0
710.0
711.0
709.0
709.0
709.0
706.0
711.0
705.0
3.0
706.0
657.0
661.0
661.0
660.0
662.0
659.0
653.0
656.0
3.0
657.0
659.0
700.0
694.0
698.0
701.0
701.0
696.0
701.0
3.0
692.0
702.0
704.0
709.0
707.0
706.0
707.0
705.0
705.0
2.0
711.0
703.0
710.0
704.0
679.0
683.0
677.0
680.0
682.0
3.0
2570.0
2576.0
2545.0
2537.0
2544.0
2579.0
2597.0
2562.0
2604.0
1848.0
2501.0
2578.0
2571.0
2579.0
2567.0
2582.0
2523.0
2516.0
2519.0
1870.0
2590.0
2524.0
2523.0
2512.0
2510.0
2536.0
2525.0
2550.0
2513.0
1843.0
2639.0
2546.0
2642.0
2679.0
2544.0
2544.0
2539.0
2691.0
2574.0
1950.0
2557.0
2563.0
2571.0
2568.0
2563.0
2562.0
2563.0
2546.0
2564.0
1851.0
2550.0
2534.0
2551.0
2555.0
2556.0
2554.0
2542.0
2551.0
2545.0
1843.0
2589.0
2505.0
2517.0
2507.0
2522.0
2501.0
2535.0
2559.0
2551.0
1877.0
3.0
3.0
2.0
3.0
2.0
3.0
3.0
2.0
3.0
2.0
28.0
25.0
27.0
26.0
25.0
26.0
25.0
26.0
27.0
3.0
26.0
26.0
26.0
26.0
26.0
26.0
26.0
26.0
26.0
3.0
26.0
26.0
26.0
26.0
26.0
26.0
25.0
26.0
26.0
2.0
28.0
26.0
25.0
26.0
26.0
26.0
26.0
26.0
26.0
3.0
26.0
26.0
27.0
28.0
26.0
26.0
26.0
25.0
25.0
3.0
25.0
26.0
26.0
26.0
26.0
25.0
25.0
26.0
26.0
2.0
26.0
26.0
26.0
26.0
26.0
26.0
26.0
26.0
25.0
3.0
702.0
706.0
701.0
705.0
710.0
701.0
702.0
702.0
706.0
2.0
710.0
674.0
671.0
670.0
674.0
674.0
677.0
677.0
673.0
2.0
669.0
675.0
702.0
698.0
702.0
701.0
701.0
700.0
701.0
3.0
702.0
702.0
704.0
674.0
668.0
670.0
674.0
677.0
676.0
3.0
671.0
682.0
676.0
673.0
698.0
695.0
699.0
698.0
703.0
2.0
2543.0
2538.0
2540.0
2548.0
2535.0
2505.0
2511.0
2527.0
2509.0
1839.0
2523.0
2523.0
2539.0
2530.0
2539.0
2559.0
2517.0
2531.0
2550.0
1847.0
2515.0
2510.0
2517.0
2526.0
2510.0
2504.0
2503.0
2545.0
2547.0
1837.0
2556.0
2551.0
2559.0
2556.0
2552.0
2560.0
2566.0
2549.0
2519.0
1853.0
2546.0
2550.0
2527.0
2533.0
2535.0
2540.0
2528.0
2535.0
2541.0
1848.0
2504.0
2519.0
2501.0
2522.0
2488.0
2493.0
2505.0
2494.0
2510.0
1857.0
2548.0
2554.0
2552.0
2554.0
2575.0
2540.0
2573.0
2601.0
2578.0
1833.0
2.0
3.0
2.0
62.0
3.0
3.0
2.0
3.0
2.0
4.0
26.0
27.0
26.0
26.0
26.0
26.0
26.0
26.0
26.0
3.0
26.0
26.0
26.0
26.0
26.0
26.0
26.0
26.0
26.0
2.0
26.0
26.0
26.0
26.0
26.0
26.0
26.0
26.0
25.0
2.0
25.0
25.0
25.0
26.0
27.0
26.0
26.0
26.0
27.0
3.0
26.0
27.0
26.0
26.0
26.0
26.0
27.0
26.0
26.0
2.0
27.0
26.0
26.0
26.0
25.0
26.0
26.0
26.0
26.0
3.0
26.0
25.0
26.0
26.0
26.0
26.0
25.0
25.0
26.0
3.0
707.0
699.0
729.0
720.0
727.0
727.0
739.0
713.0
724.0
2.0
704.0
734.0
731.0
726.0
739.0
725.0
744.0
723.0
732.0
3.0
727.0
755.0
670.0
669.0
696.0
696.0
697.0
682.0
703.0
3.0
703.0
678.0
703.0
731.0
734.0
715.0
718.0
721.0
715.0
2.0
720.0
717.0
714.0
727.0
674.0
671.0
662.0
661.0
674.0
2.0
2588.0
2637.0
2581.0
2578.0
2640.0
2616.0
2640.0
2599.0
2610.0
1960.0
2517.0
2518.0
2527.0
2533.0
2543.0
2536.0
2563.0
2577.0
2573.0
1869.0
2573.0
2569.0
2587.0
2563.0
2550.0
2557.0
2563.0
2523.0
2525.0
1843.0
2523.0
2525.0
2550.0
2523.0
2544.0
2533.0
2534.0
2527.0
2508.0
1835.0
2496.0
2507.0
2496.0
2505.0
2515.0
2539.0
2521.0
2506.0
2605.0
1845.0
2594.0
2606.0
2596.0
2592.0
2596.0
2632.0
2619.0
2607.0
2592.0
1841.0
2496.0
2512.0
2517.0
2530.0
2536.0
2503.0
2522.0
2522.0
2525.0
1842.0
3.0
2.0
3.0
2.0
3.0
2.0
3.0
2.0
3.0
3.0
26.0
26.0
26.0
26.0
26.0
26.0
26.0
26.0
26.0
2.0
26.0
40.0
41.0
27.0
27.0
26.0
26.0
27.0
27.0
3.0
26.0
26.0
27.0
28.0
26.0
26.0
26.0
27.0
28.0
2.0
26.0
26.0
27.0
26.0
26.0
27.0
26.0
27.0
26.0
2.0
27.0
26.0
26.0
26.0
25.0
26.0
26.0
26.0
28.0
2.0
27.0
26.0
26.0
26.0
26.0
27.0
26.0
26.0
26.0
3.0
26.0
26.0
27.0
26.0
26.0
26.0
26.0
26.0
26.0
3.0
703.0
697.0
701.0
701.0
701.0
703.0
696.0
701.0
707.0
2.0
698.0
657.0
664.0
667.0
662.0
667.0
657.0
668.0
670.0
2.0
665.0
670.0
717.0
723.0
716.0
720.0
715.0
723.0
725.0
2.0
722.0
717.0
726.0
659.0
653.0
660.0
661.0
675.0
665.0
2.0
662.0
659.0
666.0
667.0
681.0
681.0
679.0
681.0
688.0
2.0
2507.0
2535.0
2525.0
2532.0
2546.0
2532.0
2546.0
2573.0
2565.0
1851.0
2538.0
2541.0
2562.0
2562.0
2560.0
2568.0
2507.0
2510.0
2511.0
1848.0
2519.0
2554.0
2551.0
2557.0
2596.0
2584.0
2551.0
2499.0
2541.0
1878.0
2472.0
2495.0
2481.0
2474.0
2485.0
2495.0
2484.0
2555.0
2526.0
1782.0
2541.0
2529.0
2529.0
2539.0
2544.0
2538.0
2535.0
2542.0
2515.0
1834.0
2510.0
2499.0
2515.0
2498.0
2508.0
2528.0
2517.0
2505.0
2515.0
1838.0
2524.0
2467.0
2470.0
2477.0
2504.0
2478.0
2520.0
2530.0
2517.0
1823.0
3.0
2.0
3.0
2.0
3.0
2.0
3.0
2.0
3.0
2.0
26.0
27.0
26.0
25.0
26.0
26.0
26.0
26.0
26.0
3.0
26.0
26.0
26.0
26.0
26.0
27.0
26.0
25.0
26.0
2.0
26.0
26.0
26.0
26.0
26.0
25.0
26.0
26.0
26.0
3.0
26.0
26.0
26.0
26.0
26.0
26.0
26.0
26.0
26.0
3.0
28.0
26.0
26.0
26.0
25.0
26.0
26.0
26.0
26.0
3.0
26.0
26.0
26.0
26.0
26.0
25.0
78.0
77.0
77.0
2.0
77.0
77.0
77.0
77.0
26.0
26.0
26.0
26.0
26.0
2.0
660.0
661.0
660.0
656.0
657.0
660.0
659.0
657.0
653.0
3.0
654.0
674.0
671.0
670.0
669.0
678.0
676.0
674.0
673.0
3.0
673.0
669.0
697.0
699.0
697.0
696.0
702.0
698.0
695.0
3.0
699.0
699.0
695.0
675.0
675.0
675.0
670.0
678.0
672.0
2.0
670.0
670.0
677.0
675.0
698.0
704.0
698.0
697.0
699.0
3.0
2566.0
2562.0
2559.0
2540.0
2571.0
2512.0
2507.0
2507.0
2520.0
1859.0
2491.0
2522.0
2511.0
2495.0
2514.0
2525.0
2513.0
2521.0
2530.0
1847.0
2501.0
2533.0
2518.0
2526.0
2521.0
2526.0
2544.0
2538.0
2551.0
1845.0
2539.0
2558.0
2534.0
2552.0
2564.0
2562.0
2538.0
2568.0
2498.0
1844.0
2511.0
2531.0
2526.0
2525.0
2520.0
2525.0
2533.0
2528.0
2533.0
1843.0
2499.0
2498.0
2497.0
2494.0
2497.0
2494.0
2485.0
2507.0
2500.0
1840.0
2575.0
2568.0
2574.0
2562.0
2583.0
2601.0
2595.0
2609.0
2597.0
1937.0
2.0
3.0
2.0
3.0
2.0
3.0
3.0
2.0
3.0
2.0
26.0
25.0
26.0
26.0
26.0
26.0
26.0
25.0
25.0
3.0
26.0
26.0
25.0
26.0
26.0
26.0
26.0
26.0
25.0
2.0
26.0
26.0
26.0
26.0
26.0
26.0
26.0
26.0
26.0
2.0
26.0
26.0
26.0
26.0
25.0
25.0
26.0
26.0
26.0
3.0
26.0
26.0
26.0
26.0
25.0
26.0
25.0
26.0
26.0
2.0
26.0
25.0
25.0
25.0
26.0
26.0
25.0
26.0
26.0
3.0
26.0
26.0
25.0
26.0
26.0
25.0
26.0
26.0
25.0
2.0
675.0
672.0
669.0
674.0
673.0
676.0
669.0
672.0
669.0
2.0
672.0
694.0
694.0
695.0
694.0
696.0
691.0
692.0
695.0
3.0
693.0
693.0
678.0
675.0
672.0
667.0
677.0
669.0
673.0
2.0
670.0
677.0
673.0
697.0
703.0
696.0
704.0
695.0
699.0
3.0
702.0
698.0
702.0
701.0
656.0
656.0
657.0
660.0
659.0
2.0
2507.0
2517.0
2519.0
2537.0
2539.0
2528.0
2528.0
2519.0
2545.0
1870.0
2487.0
2507.0
2508.0
2515.0
2513.0
2511.0
2535.0
2528.0
2532.0
1840.0
2530.0
2522.0
2534.0
2546.0
2525.0
2547.0
2541.0
2499.0
2497.0
1831.0
2518.0
2506.0
2501.0
2486.0
2497.0
2493.0
2510.0
2495.0
2544.0
1830.0
2512.0
2494.0
2506.0
2483.0
2579.0
2578.0
2573.0
2544.0
2586.0
1787.0
2543.0
2546.0
2543.0
2554.0
2542.0
2502.0
2484.0
2488.0
2486.0
1825.0
2485.0
2509.0
2511.0
2524.0
2502.0
2513.0
2498.0
2489.0
2524.0
1855.0
3.0
2.0
3.0
2.0
3.0
2.0
3.0
2.0
3.0
2.0
40.0
41.0
27.0
26.0
26.0
26.0
26.0
26.0
2.0
3.0
27.0
25.0
26.0
25.0
26.0
26.0
26.0
26.0
2.0
2.0
26.0
26.0
26.0
26.0
26.0
26.0
26.0
26.0
2.0
2.0
26.0
26.0
26.0
26.0
26.0
26.0
26.0
26.0
2.0
2.0
26.0
26.0
26.0
26.0
26.0
26.0
26.0
26.0
2.0
2.0
25.0
26.0
25.0
26.0
25.0
25.0
26.0
26.0
3.0
3.0
26.0
25.0
26.0
26.0
26.0
26.0
26.0
26.0
3.0
2.0
696.0
698.0
696.0
699.0
700.0
700.0
701.0
697.0
2.0
3.0
695.0
695.0
673.0
668.0
674.0
667.0
675.0
675.0
2.0
2.0
674.0
676.0
671.0
673.0
695.0
696.0
693.0
696.0
2.0
3.0
694.0
700.0
704.0
700.0
702.0
699.0
661.0
658.0
2.0
2.0
654.0
657.0
654.0
657.0
659.0
662.0
658.0
658.0
2.0
3.0
2491.0
2498.0
2499.0
2501.0
2492.0
2489.0
2494.0
2485.0
1839.0
1843.0
2522.0
2494.0
2552.0
2525.0
2538.0
2534.0
2531.0
2558.0
1855.0
1853.0
2606.0
2583.0
2650.0
2587.0
2508.0
2503.0
2514.0
2518.0
1851.0
1890.0
2510.0
2521.0
2508.0
2523.0
2540.0
2542.0
2525.0
2519.0
1835.0
1844.0
2469.0
2459.0
2541.0
2556.0
2549.0
2535.0
2553.0
2570.0
1772.0
1775.0
2544.0
2531.0
2557.0
2566.0
2502.0
2518.0
2531.0
2509.0
1836.0
1854.0
2516.0
2542.0
2531.0
2531.0
2531.0
2534.0
2550.0
2520.0
1820.0
1858.0
3.0
36.0
3.0
3.0
3.0
2.0
3.0
2.0
3.0
3.0
26.0
26.0
26.0
26.0
26.0
26.0
26.0
26.0
26.0
2.0
25.0
26.0
25.0
26.0
26.0
26.0
26.0
26.0
26.0
3.0
27.0
26.0
26.0
25.0
25.0
26.0
26.0
26.0
26.0
2.0
26.0
26.0
26.0
26.0
26.0
25.0
26.0
26.0
26.0
3.0
26.0
26.0
25.0
25.0
25.0
25.0
26.0
26.0
26.0
2.0
26.0
26.0
26.0
26.0
25.0
26.0
26.0
26.0
26.0
2.0
26.0
25.0
26.0
26.0
26.0
26.0
25.0
25.0
25.0
3.0
699.0
700.0
697.0
700.0
703.0
702.0
703.0
702.0
705.0
3.0
697.0
657.0
660.0
659.0
660.0
670.0
676.0
671.0
673.0
3.0
674.0
677.0
720.0
715.0
716.0
718.0
700.0
703.0
700.0
2.0
703.0
704.0
704.0
654.0
660.0
659.0
656.0
656.0
657.0
3.0
656.0
661.0
660.0
673.0
678.0
674.0
673.0
679.0
680.0
3.0
2532.0
2537.0
2511.0
2571.0
2574.0
2568.0
2566.0
2576.0
2571.0
1834.0
2549.0
2554.0
2545.0
2557.0
2519.0
2507.0
2524.0
2522.0
2516.0
1853.0
2511.0
2524.0
2511.0
2514.0
2508.0
2526.0
2517.0
2546.0
2545.0
1851.0
2534.0
2554.0
2566.0
2535.0
2527.0
2547.0
2543.0
2564.0
2509.0
1850.0
2526.0
2524.0
2511.0
2521.0
2535.0
2507.0
2529.0
2524.0
2517.0
1873.0
2496.0
2498.0
2510.0
2501.0
2495.0
2500.0
2504.0
2501.0
2534.0
1840.0
2591.0
2588.0
2599.0
2584.0
2571.0
2585.0
2563.0
2597.0
2598.0
1890.0
2.0
3.0
2.0
3.0
2.0
3.0
2.0
3.0
2.0
3.0
26.0
26.0
26.0
26.0
26.0
26.0
26.0
3.0
2.0
3.0
26.0
26.0
26.0
26.0
26.0
26.0
25.0
3.0
2.0
3.0
26.0
26.0
26.0
26.0
26.0
26.0
26.0
2.0
2.0
3.0
25.0
26.0
25.0
26.0
26.0
26.0
26.0
3.0
2.0
3.0
26.0
26.0
26.0
26.0
26.0
26.0
26.0
3.0
2.0
2.0
26.0
26.0
26.0
25.0
26.0
26.0
26.0
2.0
3.0
3.0
26.0
25.0
26.0
26.0
26.0
26.0
26.0
2.0
3.0
2.0
671.0
678.0
678.0
679.0
679.0
678.0
674.0
659.0
3.0
2.0
680.0
679.0
704.0
702.0
708.0
698.0
701.0
676.0
3.0
2.0
699.0
704.0
707.0
703.0
678.0
674.0
677.0
653.0
3.0
2.0
675.0
675.0
671.0
680.0
677.0
673.0
698.0
680.0
3.0
2.0
699.0
704.0
701.0
701.0
704.0
704.0
704.0
678.0
2.0
3.0
2530.0
2517.0
2519.0
2544.0
2520.0
2509.0
2543.0
2514.0
1836.0
1851.0
2522.0
2533.0
2494.0
2513.0
2506.0
2520.0
2486.0
2480.0
1857.0
1842.0
2474.0
2504.0
2500.0
2570.0
2552.0
2556.0
2551.0
2536.0
1841.0
1824.0
2566.0
2559.0
2561.0
2575.0
2573.0
2538.0
2510.0
2499.0
1850.0
1854.0
2585.0
2548.0
2581.0
2563.0
2577.0
2542.0
2542.0
2506.0
1909.0
1867.0
2546.0
2527.0
2556.0
2545.0
2555.0
2556.0
2543.0
2541.0
1838.0
1833.0
2570.0
2569.0
2468.0
2490.0
2471.0
2470.0
2483.0
2451.0
1839.0
1852.0
