1.0
1.0
1.0
1.0
1.0
0.0
1.0
1.0
1.0
1.0
1.0
1.0
1.0
1.0
1.0
1.0
1.0
1.0
1.0
2.0
2.0
2.0
1.0
1.0
2.0
198.0
195.0
193.0
196.0
196.0
197.0
325.0
327.0
339.0
339.0
181.0
184.0
182.0
186.0
181.0
187.0
148.0
181.0
263.0
295.0
197.0
196.0
196.0
199.0
199.0
199.0
214.0
195.0
180.0
180.0
180.0
183.0
183.0
186.0
183.0
152.0
171.0
194.0
195.0
238.0
197.0
197.0
198.0
197.0
197.0
164.0
207.0
182.0
181.0
158.0
181.0
181.0
181.0
180.0
181.0
160.0
217.0
247.0
174.0
190.0
189.0
190.0
191.0
190.0
173.0
192.0
160.0
276.0
174.0
175.0
158.0
289.0
174.0
174.0
175.0
175.0
172.0
173.0
188.0
189.0
190.0
190.0
190.0
191.0
290.0
1.0
1.0
1.0
1.0
1.0
2.0
0.0
1.0
1.0
1.0
1.0
1.0
0.0
1.0
1.0
161.0
276.0
159.0
174.0
174.0
177.0
176.0
176.0
176.0
176.0
175.0
290.0
189.0
189.0
190.0
193.0
193.0
191.0
290.0
162.0
162.0
173.0
174.0
176.0
175.0
176.0
176.0
160.0
290.0
174.0
289.0
189.0
189.0
188.0
188.0
188.0
192.0
173.0
158.0
174.0
174.0
173.0
174.0
290.0
174.0
158.0
177.0
290.0
159.0
187.0
190.0
190.0
190.0
190.0
175.0
188.0
174.0
276.0
175.0
289.0
174.0
157.0
178.0
178.0
177.0
158.0
174.0
188.0
173.0
190.0
192.0
192.0
173.0
189.0
189.0
289.0
254.0
158.0
175.0
174.0
157.0
177.0
174.0
175.0
169.0
0.0
1.0
1.0
1.0
1.0
1.0
2.0
1.0
1.0
1.0
1.0
1.0
1.0
1.0
1.0
1.0
0.0
0.0
1.0
1.0
1.0
1.0
1.0
1.0
1.0
1.0
1.0
1.0
0.0
0.0
1.0
1.0
1.0
1.0
1.0
2.0
1.0
2.0
1.0
0.0
1.0
1.0
1.0
1.0
1.0
1.0
0.0
1.0
0.0
1.0
1.0
1.0
1.0
1.0
2.0
1.0
1.0
0.0
1.0
1.0
1.0
1.0
1.0
1.0
1.0
1.0
0.0
1.0
1.0
1.0
1.0
1.0
1.0
1.0
1.0
1.0
2.0
0.0
1.0
1.0
1.0
1.0
1.0
1.0
1.0
1.0
0.0
1.0
0.0
0.0
1.0
1.0
1.0
1.0
0.0
1.0
1.0
1.0
1.0
1.0
1.0
1.0
1.0
2.0
1.0
0.0
1.0
1.0
1.0
1.0
1.0
1.0
1.0
1.0
0.0
0.0
0.0
1.0
1.0
1.0
1.0
1.0
1.0
1.0
0.0
2.0
1.0
0.0
1.0
1.0
1.0
1.0
1.0
2.0
2.0
1.0
0.0
1.0
1.0
1.0
1.0
1.0
1.0
2.0
1.0
0.0
1.0
1.0
0.0
1.0
199.0
180.0
181.0
259.0
201.0
256.0
235.0
340.0
340.0
163.0
200.0
197.0
196.0
185.0
186.0
148.0
184.0
185.0
278.0
184.0
183.0
180.0
180.0
185.0
180.0
186.0
203.0
201.0
198.0
121.0
197.0
197.0
164.0
196.0
203.0
215.0
184.0
152.0
181.0
104.0
209.0
180.0
181.0
182.0
185.0
156.0
199.0
200.0
190.0
104.0
198.0
198.0
173.0
202.0
201.0
179.0
197.0
163.0
183.0
106.0
165.0
159.0
178.0
223.0
181.0
182.0
178.0
178.0
177.0
103.0
244.0
174.0
190.0
192.0
195.0
193.0
194.0
192.0
206.0
91.0
165.0
164.0
173.0
173.0
236.0
229.0
175.0
174.0
173.0
94.0
183.0
182.0
184.0
184.0
189.0
186.0
184.0
188.0
174.0
99.0
172.0
169.0
174.0
168.0
168.0
173.0
170.0
170.0
188.0
97.0
187.0
189.0
190.0
186.0
185.0
185.0
188.0
186.0
188.0
99.0
172.0
169.0
171.0
168.0
172.0
173.0
168.0
170.0
169.0
99.0
187.0
185.0
186.0
185.0
184.0
188.0
186.0
186.0
185.0
113.0
168.0
169.0
169.0
169.0
169.0
167.0
170.0
170.0
170.0
97.0
184.0
184.0
187.0
185.0
184.0
188.0
183.0
189.0
188.0
111.0
169.0
172.0
169.0
169.0
171.0
170.0
171.0
168.0
173.0
97.0
185.0
188.0
187.0
183.0
185.0
189.0
186.0
187.0
186.0
115.0
167.0
171.0
174.0
172.0
169.0
169.0
168.0
171.0
170.0
96.0
183.0
184.0
187.0
188.0
187.0
188.0
187.0
184.0
188.0
114.0
173.0
169.0
169.0
170.0
171.0
170.0
169.0
172.0
170.0
99.0
186.0
187.0
184.0
184.0
186.0
187.0
186.0
186.0
187.0
114.0
171.0
173.0
172.0
168.0
170.0
169.0
174.0
171.0
172.0
98.0
186.0
187.0
185.0
183.0
187.0
184.0
186.0
189.0
184.0
113.0
170.0
171.0
168.0
168.0
168.0
174.0
169.0
170.0
173.0
97.0
185.0
186.0
185.0
186.0
184.0
183.0
187.0
183.0
186.0
113.0
171.0
170.0
171.0
171.0
170.0
168.0
169.0
173.0
169.0
98.0
186.0
187.0
186.0
184.0
185.0
186.0
183.0
186.0
185.0
114.0
173.0
172.0
173.0
173.0
171.0
171.0
170.0
168.0
170.0
96.0
185.0
188.0
187.0
186.0
188.0
189.0
187.0
184.0
186.0
114.0
171.0
169.0
171.0
172.0
169.0
170.0
169.0
169.0
169.0
98.0
185.0
186.0
183.0
185.0
187.0
186.0
183.0
184.0
185.0
112.0
170.0
170.0
171.0
168.0
172.0
171.0
169.0
169.0
170.0
98.0
183.0
186.0
185.0
185.0
183.0
184.0
184.0
185.0
181.0
113.0
174.0
176.0
180.0
174.0
178.0
172.0
180.0
181.0
179.0
102.0
186.0
185.0
184.0
193.0
193.0
183.0
194.0
185.0
193.0
119.0
171.0
170.0
169.0
181.0
178.0
169.0
181.0
179.0
172.0
102.0
186.0
188.0
185.0
193.0
182.0
194.0
195.0
195.0
195.0
112.0
172.0
173.0
172.0
171.0
168.0
172.0
171.0
173.0
171.0
101.0
183.0
186.0
184.0
183.0
186.0
182.0
184.0
184.0
182.0
111.0
171.0
172.0
171.0
168.0
172.0
172.0
168.0
172.0
168.0
97.0
182.0
184.0
185.0
184.0
182.0
185.0
182.0
185.0
183.0
109.0
169.0
168.0
168.0
169.0
168.0
169.0
170.0
171.0
170.0
97.0
184.0
185.0
184.0
187.0
185.0
186.0
184.0
183.0
185.0
111.0
171.0
171.0
168.0
171.0
169.0
168.0
169.0
170.0
168.0
97.0
184.0
183.0
183.0
181.0
181.0
182.0
182.0
182.0
182.0
111.0
168.0
172.0
169.0
169.0
168.0
168.0
169.0
169.0
167.0
97.0
183.0
182.0
183.0
183.0
182.0
182.0
181.0
182.0
183.0
96.0
182.0
170.0
168.0
169.0
168.0
169.0
169.0
168.0
169.0
97.0
182.0
184.0
185.0
184.0
186.0
186.0
185.0
185.0
185.0
97.0
186.0
171.0
172.0
169.0
168.0
174.0
171.0
168.0
171.0
97.0
168.0
186.0
186.0
186.0
183.0
183.0
187.0
185.0
183.0
98.0
182.0
185.0
172.0
168.0
171.0
168.0
168.0
169.0
172.0
97.0
170.0
168.0
181.0
185.0
182.0
184.0
183.0
183.0
183.0
98.0
185.0
186.0
183.0
171.0
172.0
168.0
169.0
171.0
168.0
96.0
183.0
183.0
184.0
184.0
182.0
181.0
185.0
184.0
182.0
97.0
183.0
168.0
170.0
170.0
167.0
168.0
169.0
168.0
170.0
97.0
181.0
181.0
182.0
183.0
181.0
185.0
182.0
182.0
183.0
96.0
185.0
169.0
169.0
171.0
169.0
169.0
170.0
171.0
171.0
98.0
186.0
187.0
184.0
185.0
184.0
184.0
185.0
184.0
186.0
101.0
186.0
171.0
171.0
169.0
172.0
170.0
169.0
171.0
169.0
98.0
172.0
184.0
184.0
184.0
186.0
185.0
182.0
184.0
184.0
96.0
182.0
183.0
171.0
168.0
169.0
173.0
170.0
169.0
170.0
97.0
170.0
169.0
182.0
189.0
185.0
182.0
186.0
182.0
184.0
97.0
185.0
185.0
184.0
172.0
172.0
175.0
170.0
170.0
172.0
98.0
169.0
188.0
184.0
186.0
187.0
186.0
185.0
185.0
185.0
98.0
188.0
184.0
168.0
169.0
168.0
171.0
172.0
172.0
168.0
96.0
169.0
188.0
183.0
184.0
185.0
184.0
186.0
185.0
186.0
98.0
185.0
185.0
169.0
168.0
169.0
168.0
170.0
170.0
169.0
97.0
185.0
186.0
187.0
186.0
184.0
184.0
184.0
187.0
186.0
113.0
170.0
173.0
172.0
172.0
168.0
172.0
168.0
171.0
171.0
98.0
170.0
187.0
187.0
185.0
186.0
185.0
187.0
182.0
186.0
99.0
186.0
187.0
173.0
171.0
170.0
172.0
169.0
168.0
171.0
96.0
168.0
171.0
185.0
184.0
183.0
184.0
185.0
186.0
183.0
97.0
184.0
184.0
184.0
170.0
169.0
168.0
168.0
169.0
168.0
97.0
168.0
170.0
169.0
185.0
184.0
184.0
184.0
184.0
184.0
97.0
182.0
185.0
182.0
186.0
171.0
172.0
173.0
172.0
170.0
99.0
168.0
185.0
185.0
184.0
184.0
187.0
186.0
186.0
185.0
97.0
187.0
185.0
171.0
171.0
172.0
168.0
171.0
170.0
170.0
99.0
186.0
184.0
182.0
186.0
187.0
185.0
185.0
184.0
184.0
112.0
169.0
169.0
169.0
169.0
170.0
168.0
170.0
168.0
170.0
96.0
171.0
184.0
184.0
184.0
186.0
185.0
187.0
185.0
187.0
97.0
184.0
185.0
168.0
169.0
168.0
170.0
168.0
173.0
168.0
99.0
171.0
186.0
188.0
187.0
184.0
187.0
188.0
187.0
185.0
97.0
188.0
188.0
173.0
172.0
169.0
167.0
172.0
171.0
170.0
97.0
1.0
0.0
1.0
0.0
0.0
1.0
0.0
0.0
1.0
0.0
1.0
0.0
0.0
1.0
1.0
0.0
1.0
0.0
0.0
1.0
1.0
0.0
1.0
1.0
0.0
0.0
1.0
1.0
1.0
0.0
1.0
1.0
1.0
0.0
0.0
1.0
1.0
1.0
0.0
0.0
1.0
1.0
0.0
0.0
1.0
1.0
1.0
0.0
0.0
1.0
1.0
1.0
0.0
1.0
1.0
1.0
0.0
0.0
1.0
1.0
1.0
0.0
1.0
1.0
1.0
0.0
0.0
1.0
1.0
1.0
0.0
1.0
1.0
1.0
0.0
0.0
1.0
1.0
1.0
0.0
1.0
1.0
1.0
0.0
0.0
0.0
1.0
1.0
0.0
0.0
1.0
1.0
1.0
0.0
0.0
0.0
1.0
1.0
1.0
1.0
0.0
0.0
1.0
1.0
0.0
0.0
0.0
0.0
1.0
1.0
1.0
1.0
1.0
1.0
1.0
1.0
0.0
0.0
0.0
0.0
1.0
1.0
1.0
1.0
0.0
1.0
1.0
1.0
0.0
0.0
0.0
0.0
1.0
1.0
1.0
1.0
0.0
0.0
1.0
1.0
1.0
1.0
0.0
0.0
1.0
1.0
1.0
1.0
0.0
0.0
184.0
188.0
184.0
186.0
185.0
184.0
185.0
188.0
185.0
112.0
168.0
168.0
169.0
169.0
169.0
171.0
169.0
168.0
170.0
96.0
184.0
185.0
186.0
185.0
186.0
184.0
186.0
186.0
184.0
114.0
171.0
172.0
170.0
171.0
173.0
172.0
170.0
96.0
97.0
97.0
168.0
183.0
184.0
184.0
184.0
184.0
98.0
96.0
98.0
97.0
183.0
187.0
183.0
182.0
184.0
168.0
172.0
168.0
169.0
96.0
169.0
183.0
183.0
183.0
184.0
186.0
183.0
182.0
182.0
97.0
183.0
182.0
169.0
168.0
168.0
169.0
172.0
168.0
168.0
97.0
168.0
167.0
168.0
183.0
183.0
184.0
185.0
96.0
96.0
97.0
186.0
182.0
185.0
184.0
185.0
181.0
96.0
97.0
99.0
99.0
169.0
171.0
170.0
171.0
171.0
168.0
171.0
185.0
184.0
98.0
184.0
186.0
186.0
183.0
182.0
183.0
186.0
183.0
168.0
97.0
169.0
171.0
170.0
169.0
170.0
169.0
169.0
187.0
183.0
96.0
183.0
183.0
184.0
183.0
182.0
184.0
184.0
111.0
97.0
97.0
171.0
169.0
169.0
168.0
168.0
168.0
97.0
96.0
96.0
98.0
182.0
183.0
182.0
181.0
182.0
181.0
182.0
181.0
182.0
110.0
168.0
169.0
169.0
169.0
169.0
168.0
169.0
168.0
170.0
97.0
184.0
185.0
185.0
186.0
186.0
184.0
186.0
187.0
187.0
113.0
171.0
172.0
171.0
168.0
171.0
170.0
167.0
97.0
99.0
98.0
183.0
186.0
185.0
185.0
183.0
186.0
112.0
113.0
112.0
112.0
169.0
169.0
169.0
169.0
169.0
169.0
168.0
169.0
169.0
97.0
186.0
183.0
184.0
185.0
183.0
184.0
184.0
185.0
185.0
112.0
170.0
171.0
172.0
169.0
172.0
172.0
168.0
171.0
172.0
98.0
186.0
186.0
186.0
183.0
185.0
182.0
187.0
113.0
113.0
112.0
171.0
172.0
170.0
170.0
170.0
169.0
97.0
97.0
98.0
98.0
184.0
184.0
182.0
185.0
183.0
184.0
184.0
186.0
184.0
110.0
172.0
170.0
168.0
168.0
169.0
172.0
169.0
169.0
171.0
99.0
187.0
185.0
186.0
183.0
184.0
184.0
187.0
184.0
184.0
112.0
168.0
171.0
171.0
172.0
168.0
168.0
171.0
98.0
97.0
97.0
184.0
184.0
186.0
185.0
187.0
186.0
97.0
97.0
97.0
98.0
183.0
183.0
183.0
183.0
175.0
171.0
171.0
171.0
170.0
97.0
168.0
168.0
184.0
184.0
183.0
187.0
185.0
189.0
186.0
99.0
188.0
189.0
186.0
171.0
169.0
169.0
172.0
170.0
171.0
98.0
170.0
172.0
170.0
182.0
182.0
183.0
182.0
97.0
97.0
99.0
181.0
186.0
182.0
184.0
182.0
185.0
96.0
98.0
98.0
97.0
167.0
168.0
171.0
168.0
169.0
172.0
168.0
186.0
183.0
98.0
182.0
182.0
183.0
183.0
182.0
182.0
183.0
185.0
168.0
97.0
169.0
168.0
169.0
168.0
168.0
168.0
184.0
184.0
187.0
97.0
185.0
186.0
187.0
182.0
186.0
185.0
185.0
97.0
97.0
97.0
184.0
179.0
177.0
177.0
179.0
176.0
104.0
105.0
103.0
104.0
186.0
196.0
194.0
185.0
186.0
196.0
199.0
186.0
195.0
114.0
169.0
169.0
170.0
178.0
178.0
168.0
168.0
179.0
178.0
102.0
184.0
184.0
189.0
182.0
190.0
192.0
185.0
185.0
188.0
114.0
171.0
172.0
169.0
169.0
170.0
172.0
173.0
98.0
97.0
97.0
185.0
184.0
184.0
184.0
182.0
182.0
112.0
113.0
110.0
112.0
169.0
175.0
168.0
171.0
172.0
171.0
172.0
169.0
170.0
97.0
184.0
185.0
185.0
185.0
186.0
185.0
184.0
186.0
186.0
113.0
170.0
168.0
171.0
171.0
171.0
171.0
172.0
171.0
172.0
98.0
183.0
181.0
181.0
185.0
185.0
184.0
184.0
112.0
112.0
112.0
171.0
169.0
168.0
171.0
169.0
171.0
96.0
97.0
99.0
96.0
183.0
184.0
186.0
185.0
186.0
184.0
183.0
182.0
185.0
111.0
171.0
170.0
174.0
168.0
169.0
171.0
172.0
169.0
168.0
97.0
183.0
185.0
184.0
183.0
182.0
183.0
183.0
183.0
183.0
111.0
169.0
168.0
171.0
168.0
170.0
169.0
168.0
96.0
97.0
97.0
184.0
186.0
185.0
185.0
186.0
188.0
97.0
111.0
112.0
113.0
185.0
168.0
169.0
168.0
172.0
170.0
168.0
168.0
170.0
98.0
183.0
183.0
183.0
185.0
184.0
186.0
183.0
184.0
182.0
97.0
183.0
173.0
172.0
168.0
172.0
170.0
172.0
172.0
168.0
97.0
185.0
184.0
187.0
186.0
189.0
188.0
186.0
98.0
99.0
113.0
192.0
194.0
164.0
175.0
166.0
178.0
95.0
102.0
101.0
93.0
164.0
178.0
163.0
190.0
181.0
192.0
179.0
188.0
189.0
101.0
183.0
184.0
184.0
184.0
168.0
169.0
169.0
172.0
169.0
97.0
168.0
171.0
169.0
184.0
183.0
182.0
185.0
185.0
185.0
98.0
183.0
186.0
185.0
184.0
173.0
174.0
169.0
100.0
97.0
97.0
169.0
172.0
169.0
171.0
171.0
171.0
99.0
100.0
98.0
97.0
184.0
184.0
213.0
187.0
212.0
184.0
185.0
185.0
185.0
111.0
170.0
169.0
169.0
169.0
170.0
184.0
182.0
183.0
184.0
97.0
185.0
184.0
183.0
183.0
184.0
186.0
172.0
170.0
170.0
99.0
171.0
170.0
169.0
168.0
169.0
182.0
185.0
97.0
99.0
97.0
185.0
186.0
184.0
184.0
182.0
183.0
112.0
111.0
98.0
98.0
170.0
169.0
170.0
172.0
169.0
171.0
171.0
173.0
168.0
97.0
183.0
185.0
184.0
184.0
187.0
185.0
182.0
182.0
182.0
112.0
168.0
171.0
172.0
172.0
172.0
173.0
173.0
169.0
169.0
97.0
183.0
184.0
184.0
183.0
184.0
183.0
182.0
111.0
111.0
111.0
168.0
169.0
170.0
170.0
172.0
169.0
97.0
96.0
97.0
96.0
184.0
182.0
185.0
185.0
183.0
183.0
186.0
184.0
186.0
113.0
171.0
171.0
169.0
171.0
169.0
170.0
169.0
170.0
172.0
99.0
186.0
184.0
184.0
185.0
186.0
184.0
185.0
185.0
182.0
111.0
173.0
172.0
171.0
169.0
172.0
171.0
169.0
98.0
98.0
96.0
186.0
184.0
186.0
186.0
186.0
186.0
113.0
114.0
112.0
113.0
171.0
172.0
171.0
172.0
169.0
170.0
172.0
172.0
169.0
98.0
184.0
185.0
185.0
183.0
184.0
182.0
184.0
185.0
185.0
111.0
171.0
172.0
171.0
171.0
168.0
172.0
169.0
170.0
170.0
99.0
187.0
186.0
187.0
185.0
188.0
185.0
184.0
113.0
112.0
115.0
169.0
169.0
170.0
169.0
166.0
166.0
99.0
98.0
98.0
97.0
