2.0
2.0
2.0
2.0
1.0
1.0
1.0
1.0
2.0
2.0
21.0
21.0
21.0
20.0
20.0
20.0
21.0
21.0
21.0
21.0
72.0
71.0
71.0
71.0
71.0
71.0
70.0
71.0
71.0
71.0
158.0
157.0
157.0
157.0
156.0
157.0
157.0
157.0
157.0
158.0
159.0
159.0
159.0
158.0
158.0
158.0
158.0
158.0
159.0
160.0
150.0
149.0
149.0
149.0
149.0
149.0
149.0
150.0
149.0
151.0
1012.0
1012.0
1011.0
1012.0
1011.0
1010.0
1010.0
1011.0
1012.0
1018.0
1011.0
1011.0
1011.0
1011.0
1011.0
1011.0
1012.0
1012.0
1010.0
1012.0
1006.0
1006.0
1005.0
1006.0
1006.0
1007.0
1007.0
1006.0
1007.0
1005.0
1005.0
1004.0
1004.0
1004.0
1003.0
1003.0
1003.0
1006.0
1005.0
1005.0
1005.0
1005.0
1005.0
1004.0
1005.0
1004.0
1004.0
1005.0
1004.0
1004.0
1009.0
1008.0
1008.0
1008.0
1008.0
1008.0
1007.0
1008.0
1009.0
1005.0
1006.0
1005.0
1005.0
1005.0
1005.0
1006.0
1004.0
1005.0
1005.0
1005.0
1003.0
1004.0
1003.0
1004.0
1004.0
1003.0
1003.0
1004.0
1003.0
1003.0
1006.0
1005.0
1004.0
1004.0
1004.0
1004.0
1005.0
1006.0
1006.0
1006.0
1005.0
1004.0
1004.0
1004.0
1004.0
1004.0
1003.0
1005.0
1005.0
1004.0
1020.0
1017.0
1017.0
1019.0
1019.0
1017.0
1022.0
1018.0
1017.0
1024.0
1007.0
1006.0
1005.0
1006.0
1005.0
1005.0
1006.0
1007.0
1005.0
1006.0
1004.0
1003.0
1004.0
1003.0
1003.0
1003.0
1003.0
1004.0
1005.0
1004.0
1004.0
1004.0
1004.0
1004.0
1005.0
1005.0
1004.0
1004.0
1006.0
1004.0
1006.0
1005.0
1005.0
1055.0
1004.0
1004.0
1004.0
1004.0
1004.0
1053.0
21.0
21.0
21.0
21.0
20.0
20.0
20.0
20.0
20.0
20.0
21.0
20.0
20.0
20.0
21.0
21.0
21.0
21.0
21.0
21.0
21.0
21.0
21.0
20.0
20.0
20.0
20.0
20.0
20.0
20.0
20.0
20.0
20.0
20.0
20.0
20.0
20.0
20.0
20.0
12.0
20.0
19.0
20.0
20.0
20.0
20.0
20.0
20.0
20.0
2.0
20.0
20.0
19.0
19.0
19.0
19.0
19.0
19.0
19.0
1.0
20.0
19.0
19.0
19.0
20.0
20.0
20.0
20.0
12.0
2.0
19.0
19.0
19.0
19.0
19.0
19.0
18.0
18.0
1.0
1.0
1.0
1.0
1.0
1.0
1.0
2.0
2.0
2.0
2.0
1.0
1.0
1.0
1.0
1.0
1.0
2.0
1.0
1.0
1.0
2.0
72.0
71.0
71.0
70.0
70.0
70.0
71.0
71.0
71.0
71.0
72.0
71.0
71.0
70.0
71.0
71.0
70.0
70.0
71.0
71.0
98.0
97.0
98.0
97.0
97.0
97.0
98.0
98.0
97.0
97.0
71.0
71.0
71.0
71.0
71.0
71.0
70.0
70.0
71.0
62.0
71.0
70.0
70.0
70.0
70.0
70.0
70.0
69.0
69.0
1.0
70.0
70.0
70.0
70.0
70.0
70.0
70.0
70.0
70.0
2.0
70.0
70.0
69.0
69.0
70.0
70.0
70.0
70.0
62.0
1.0
32.0
32.0
32.0
32.0
32.0
32.0
32.0
32.0
2.0
1.0
1.0
2.0
2.0
1.0
1.0
2.0
1.0
1.0
1.0
1.0
2.0
1.0
1.0
1.0
1.0
2.0
1.0
2.0
2.0
2.0
149.0
149.0
149.0
149.0
149.0
149.0
149.0
149.0
149.0
149.0
149.0
149.0
149.0
148.0
149.0
149.0
149.0
149.0
149.0
149.0
150.0
149.0
149.0
149.0
148.0
149.0
149.0
149.0
175.0
175.0
175.0
175.0
175.0
175.0
175.0
175.0
175.0
176.0
149.0
140.0
149.0
148.0
148.0
148.0
147.0
147.0
147.0
147.0
147.0
1.0
147.0
147.0
147.0
147.0
147.0
147.0
147.0
147.0
148.0
2.0
147.0
147.0
147.0
147.0
148.0
148.0
148.0
147.0
139.0
1.0
171.0
171.0
170.0
171.0
170.0
171.0
169.0
32.0
1.0
1.0
2.0
2.0
1.0
1.0
1.0
2.0
2.0
1.0
1.0
1.0
2.0
2.0
1.0
1.0
1.0
2.0
2.0
1.0
1.0
1.0
149.0
149.0
148.0
148.0
148.0
148.0
174.0
174.0
174.0
175.0
175.0
174.0
175.0
175.0
174.0
175.0
148.0
148.0
148.0
148.0
149.0
148.0
148.0
148.0
148.0
148.0
149.0
148.0
148.0
148.0
149.0
148.0
149.0
148.0
149.0
148.0
148.0
149.0
149.0
140.0
149.0
147.0
148.0
147.0
147.0
148.0
147.0
147.0
147.0
1.0
147.0
147.0
147.0
147.0
148.0
147.0
147.0
148.0
148.0
1.0
148.0
148.0
148.0
148.0
148.0
175.0
175.0
175.0
167.0
1.0
198.0
197.0
198.0
197.0
197.0
198.0
170.0
32.0
1.0
1.0
2.0
1.0
2.0
1.0
1.0
2.0
1.0
1.0
2.0
1.0
2.0
1.0
1.0
2.0
1.0
2.0
1.0
1.0
2.0
1.0
148.0
148.0
148.0
148.0
149.0
148.0
148.0
148.0
148.0
148.0
149.0
149.0
148.0
148.0
148.0
148.0
148.0
148.0
149.0
148.0
149.0
148.0
148.0
148.0
148.0
149.0
149.0
149.0
148.0
148.0
149.0
148.0
148.0
148.0
149.0
148.0
148.0
148.0
149.0
140.0
148.0
148.0
174.0
174.0
174.0
174.0
174.0
174.0
174.0
2.0
174.0
174.0
174.0
148.0
147.0
147.0
147.0
147.0
147.0
1.0
148.0
148.0
147.0
148.0
148.0
149.0
148.0
149.0
140.0
2.0
171.0
171.0
171.0
171.0
170.0
170.0
169.0
32.0
2.0
1.0
1.0
1.0
2.0
2.0
1.0
1.0
1.0
1.0
2.0
2.0
1.0
1.0
2.0
2.0
1.0
1.0
1.0
1.0
1.0
2.0
1022.0
1022.0
1023.0
1022.0
1023.0
1025.0
1022.0
1023.0
1021.0
1023.0
1032.0
1029.0
1029.0
1029.0
1030.0
1031.0
1030.0
1029.0
1030.0
1034.0
1029.0
1030.0
1030.0
1030.0
1030.0
1033.0
1030.0
1031.0
1030.0
1026.0
1025.0
1027.0
1026.0
1026.0
1025.0
1027.0
1025.0
1025.0
1025.0
1016.0
1022.0
1021.0
1021.0
1022.0
1021.0
1023.0
1021.0
1021.0
1021.0
877.0
1021.0
1022.0
1022.0
1021.0
1021.0
1020.0
1023.0
1021.0
1022.0
875.0
1016.0
1017.0
1017.0
1016.0
1017.0
1016.0
1016.0
1017.0
1008.0
463.0
1040.0
1038.0
1039.0
1039.0
1039.0
1039.0
1039.0
901.0
463.0
464.0
870.0
872.0
488.0
463.0
464.0
871.0
464.0
463.0
464.0
463.0
464.0
489.0
489.0
489.0
489.0
490.0
489.0
489.0
489.0
489.0
1016.0
1016.0
1014.0
1013.0
1016.0
1018.0
1018.0
1017.0
1019.0
1024.0
1052.0
1051.0
1051.0
1052.0
1049.0
1050.0
1047.0
1048.0
1046.0
1047.0
1012.0
1012.0
1011.0
1010.0
1010.0
1011.0
1011.0
1011.0
1011.0
1011.0
1010.0
1012.0
1009.0
1010.0
1010.0
1010.0
1010.0
1010.0
1010.0
1001.0
1016.0
1017.0
1016.0
1016.0
1017.0
1017.0
1017.0
1017.0
1018.0
869.0
1000.0
1001.0
1000.0
1011.0
1012.0
1015.0
1016.0
1016.0
1017.0
853.0
1008.0
1008.0
1008.0
1009.0
1003.0
1004.0
1010.0
1008.0
1001.0
464.0
1032.0
1031.0
1031.0
1031.0
1033.0
1026.0
1029.0
877.0
462.0
463.0
867.0
865.0
482.0
484.0
484.0
867.0
484.0
484.0
484.0
477.0
464.0
464.0
464.0
464.0
464.0
464.0
465.0
464.0
464.0
464.0
1011.0
1011.0
1010.0
1009.0
1011.0
1010.0
1011.0
1011.0
1012.0
1010.0
1008.0
1009.0
1007.0
1007.0
1009.0
1009.0
1009.0
1008.0
1008.0
1007.0
1010.0
1008.0
1007.0
1009.0
1009.0
1009.0
1009.0
1010.0
1010.0
1006.0
1008.0
1009.0
1009.0
1008.0
1008.0
1009.0
1009.0
1009.0
1009.0
1000.0
1008.0
1007.0
1007.0
1007.0
1008.0
1007.0
1007.0
1009.0
1008.0
862.0
1008.0
1008.0
1008.0
1008.0
1008.0
1007.0
1007.0
1008.0
1009.0
862.0
1008.0
1007.0
1008.0
1008.0
1009.0
1009.0
1012.0
1012.0
1005.0
480.0
1052.0
1060.0
1051.0
1056.0
1053.0
1052.0
1053.0
911.0
495.0
496.0
857.0
855.0
465.0
472.0
471.0
873.0
482.0
487.0
484.0
482.0
484.0
483.0
482.0
483.0
483.0
469.0
471.0
471.0
471.0
471.0
1025.0
1024.0
1024.0
1023.0
1024.0
1023.0
1022.0
1023.0
1021.0
1021.0
1011.0
1010.0
1010.0
1011.0
1013.0
1013.0
1013.0
1012.0
1012.0
1012.0
1018.0
1017.0
1016.0
1015.0
1013.0
1012.0
1013.0
1012.0
1013.0
1012.0
1011.0
1012.0
1011.0
1012.0
1011.0
1008.0
1012.0
1012.0
1010.0
1002.0
1004.0
1003.0
1003.0
1003.0
1004.0
1004.0
1004.0
1004.0
1003.0
857.0
1011.0
1010.0
1011.0
1012.0
1011.0
1011.0
1010.0
1009.0
1011.0
865.0
1009.0
1010.0
1008.0
1009.0
1009.0
1008.0
1009.0
1009.0
1001.0
464.0
1032.0
1024.0
1026.0
1025.0
1025.0
1026.0
1025.0
887.0
464.0
464.0
856.0
856.0
474.0
463.0
464.0
866.0
463.0
464.0
463.0
463.0
463.0
484.0
483.0
483.0
484.0
483.0
484.0
484.0
483.0
484.0
1005.0
1003.0
1004.0
1003.0
1003.0
1005.0
1003.0
1004.0
1004.0
1005.0
1006.0
1004.0
1003.0
1003.0
1004.0
1003.0
1005.0
1004.0
1003.0
1004.0
1006.0
1005.0
1006.0
1006.0
1006.0
1005.0
1006.0
1005.0
1005.0
1005.0
1006.0
1003.0
1004.0
1003.0
1003.0
1004.0
1002.0
1004.0
1003.0
995.0
1048.0
1049.0
1046.0
1046.0
1046.0
1045.0
1046.0
1049.0
1047.0
903.0
1004.0
1002.0
1002.0
1004.0
1002.0
1002.0
1003.0
1003.0
1003.0
857.0
1003.0
1003.0
1002.0
1003.0
1003.0
1003.0
1003.0
1001.0
994.0
463.0
1025.0
1028.0
1032.0
1030.0
1030.0
1030.0
1030.0
892.0
463.0
463.0
861.0
861.0
480.0
464.0
463.0
854.0
464.0
463.0
464.0
463.0
464.0
471.0
473.0
472.0
472.0
472.0
472.0
471.0
472.0
473.0
1004.0
1003.0
1002.0
1004.0
1004.0
1004.0
1003.0
1004.0
1003.0
1004.0
1010.0
1009.0
1009.0
1009.0
1009.0
1011.0
1008.0
1008.0
1008.0
1010.0
1010.0
1010.0
1009.0
1009.0
1010.0
1011.0
1009.0
1009.0
1009.0
1010.0
1009.0
1009.0
1009.0
1009.0
1008.0
1009.0
1011.0
1009.0
1010.0
1001.0
1011.0
1010.0
1010.0
1009.0
1010.0
1009.0
1012.0
1010.0
1011.0
864.0
1012.0
1011.0
1011.0
1012.0
1011.0
1011.0
1012.0
1014.0
1012.0
866.0
1008.0
1008.0
1008.0
1009.0
1009.0
1009.0
1009.0
1008.0
1009.0
480.0
1032.0
1033.0
1031.0
1032.0
1031.0
1032.0
1031.0
893.0
481.0
482.0
864.0
866.0
463.0
481.0
482.0
865.0
482.0
482.0
482.0
482.0
484.0
465.0
464.0
464.0
465.0
464.0
464.0
465.0
465.0
465.0
1012.0
1011.0
1011.0
1012.0
1013.0
1014.0
1014.0
1013.0
1014.0
1013.0
1042.0
1037.0
1038.0
1036.0
1034.0
1031.0
1035.0
1032.0
1034.0
1034.0
1003.0
1003.0
1003.0
1005.0
1003.0
1004.0
1003.0
1003.0
1003.0
1003.0
1004.0
1004.0
1003.0
1005.0
1003.0
1002.0
1003.0
1003.0
1003.0
994.0
1009.0
1007.0
1008.0
1010.0
1008.0
1007.0
1006.0
1008.0
1007.0
862.0
1002.0
1002.0
1002.0
1002.0
1004.0
1003.0
1003.0
1002.0
1002.0
856.0
1009.0
1009.0
1008.0
1008.0
1008.0
1012.0
1007.0
1007.0
1001.0
463.0
1031.0
1030.0
1030.0
1030.0
1030.0
1030.0
1033.0
893.0
464.0
463.0
862.0
862.0
481.0
463.0
463.0
864.0
463.0
463.0
463.0
463.0
464.0
483.0
482.0
482.0
482.0
482.0
482.0
483.0
483.0
485.0
1004.0
1003.0
1004.0
1005.0
1003.0
1005.0
1003.0
1004.0
1003.0
1005.0
1004.0
1002.0
1001.0
1002.0
1002.0
1002.0
1002.0
1002.0
1003.0
1005.0
1004.0
1002.0
1003.0
1003.0
1002.0
1003.0
1004.0
1004.0
1005.0
1007.0
1005.0
1005.0
1005.0
1004.0
1004.0
1004.0
1003.0
1003.0
1003.0
995.0
1004.0
1002.0
1001.0
1002.0
1001.0
1000.0
1001.0
1001.0
1000.0
858.0
1003.0
1001.0
1001.0
1002.0
1002.0
1002.0
1002.0
1002.0
1002.0
856.0
1003.0
1005.0
1002.0
1002.0
1003.0
1002.0
1002.0
1002.0
993.0
462.0
1053.0
1058.0
1061.0
1059.0
1060.0
1060.0
1061.0
919.0
488.0
489.0
865.0
866.0
482.0
464.0
464.0
857.0
465.0
464.0
465.0
465.0
465.0
472.0
473.0
473.0
484.0
487.0
486.0
485.0
485.0
484.0
1005.0
1005.0
1005.0
1005.0
1009.0
1011.0
1008.0
1007.0
1008.0
1007.0
1009.0
1008.0
1009.0
1008.0
1011.0
1012.0
1011.0
1010.0
1011.0
1008.0
1011.0
1010.0
1010.0
1010.0
998.0
1013.0
1012.0
1014.0
1014.0
1013.0
1018.0
1017.0
1016.0
1018.0
1008.0
1019.0
1014.0
1014.0
1014.0
1007.0
1013.0
1013.0
1014.0
1013.0
1013.0
994.0
992.0
998.0
998.0
845.0
1009.0
1009.0
1009.0
1010.0
1010.0
1009.0
1009.0
1012.0
1002.0
855.0
1017.0
1016.0
1017.0
1017.0
1018.0
1016.0
1017.0
1018.0
1010.0
485.0
1038.0
1039.0
1037.0
1037.0
1037.0
1037.0
1037.0
898.0
484.0
482.0
870.0
867.0
468.0
481.0
482.0
864.0
481.0
480.0
481.0
481.0
481.0
464.0
464.0
464.0
464.0
464.0
464.0
465.0
464.0
464.0
1015.0
1016.0
1016.0
1017.0
1017.0
1015.0
1015.0
1015.0
1014.0
1015.0
1009.0
1007.0
1008.0
1009.0
1008.0
1008.0
1007.0
1007.0
1008.0
1007.0
1004.0
1003.0
1003.0
1005.0
1002.0
1002.0
1003.0
1003.0
1003.0
1003.0
1003.0
1003.0
1003.0
1006.0
1003.0
1003.0
1004.0
1002.0
1003.0
994.0
1029.0
1028.0
1028.0
1030.0
1030.0
1029.0
1028.0
1030.0
1027.0
883.0
1009.0
1010.0
1010.0
1011.0
1012.0
1011.0
1011.0
1012.0
1012.0
862.0
1004.0
1005.0
1004.0
1004.0
1003.0
1004.0
1003.0
1002.0
995.0
474.0
1031.0
1031.0
1031.0
1031.0
1030.0
1030.0
1032.0
892.0
480.0
480.0
847.0
846.0
463.0
464.0
464.0
865.0
472.0
472.0
473.0
472.0
471.0
484.0
483.0
483.0
483.0
474.0
474.0
474.0
475.0
474.0
1005.0
1003.0
1003.0
1003.0
1003.0
1004.0
1004.0
1004.0
1004.0
1004.0
1003.0
1003.0
1003.0
1002.0
1002.0
1004.0
1003.0
1004.0
1004.0
1004.0
1004.0
1004.0
1005.0
1004.0
1004.0
1004.0
1004.0
1003.0
1003.0
1003.0
1004.0
1005.0
1004.0
1005.0
1005.0
1005.0
1003.0
1004.0
1004.0
995.0
1003.0
1002.0
1002.0
1002.0
1001.0
1002.0
1003.0
1002.0
1003.0
857.0
1002.0
1001.0
1002.0
1001.0
1002.0
1001.0
1002.0
1001.0
1001.0
856.0
1005.0
1004.0
1004.0
1004.0
1004.0
1004.0
1004.0
1003.0
996.0
465.0
1026.0
1030.0
1030.0
1030.0
1031.0
1030.0
1030.0
892.0
464.0
463.0
861.0
860.0
478.0
464.0
463.0
864.0
463.0
463.0
463.0
463.0
464.0
482.0
482.0
482.0
483.0
482.0
482.0
482.0
482.0
482.0
1005.0
1003.0
1003.0
1004.0
1003.0
1004.0
1004.0
1004.0
1005.0
1004.0
1037.0
1035.0
1035.0
1034.0
1036.0
1036.0
1038.0
1034.0
1034.0
1034.0
1005.0
1003.0
1002.0
1004.0
1003.0
1003.0
1003.0
1003.0
1003.0
1004.0
1005.0
1004.0
1006.0
1004.0
1004.0
1004.0
1005.0
1004.0
1005.0
996.0
1004.0
1002.0
1001.0
1002.0
1001.0
1002.0
1002.0
1002.0
1001.0
855.0
1004.0
1005.0
1006.0
1004.0
1005.0
1005.0
1005.0
1005.0
1005.0
859.0
1013.0
1013.0
1013.0
1014.0
1013.0
1014.0
1014.0
1013.0
1007.0
473.0
1027.0
1032.0
1033.0
1032.0
1032.0
1031.0
1031.0
895.0
463.0
463.0
866.0
867.0
481.0
467.0
467.0
867.0
467.0
466.0
466.0
466.0
467.0
482.0
482.0
482.0
482.0
482.0
482.0
482.0
482.0
482.0
1004.0
1004.0
1005.0
1005.0
1004.0
1005.0
1005.0
1005.0
1007.0
1003.0
1004.0
1002.0
1003.0
1003.0
1003.0
1004.0
1003.0
1003.0
1004.0
1004.0
1004.0
1002.0
1003.0
1004.0
1003.0
1003.0
1003.0
1003.0
1003.0
1003.0
1005.0
1004.0
1004.0
1004.0
1004.0
1004.0
1004.0
1005.0
1004.0
995.0
1006.0
1005.0
1006.0
1006.0
1005.0
1006.0
1006.0
1005.0
1005.0
859.0
1002.0
1002.0
1004.0
1002.0
1001.0
1001.0
1002.0
1003.0
1003.0
855.0
1005.0
1003.0
1004.0
1003.0
1004.0
1003.0
1003.0
1004.0
995.0
464.0
1025.0
1046.0
1049.0
1045.0
1046.0
1046.0
1046.0
908.0
463.0
463.0
877.0
878.0
494.0
465.0
464.0
867.0
463.0
464.0
464.0
464.0
464.0
485.0
485.0
482.0
485.0
486.0
486.0
486.0
486.0
486.0
1005.0
1003.0
1003.0
1004.0
1005.0
1003.0
1004.0
1004.0
1004.0
1005.0
1004.0
1004.0
1003.0
1004.0
1004.0
1004.0
1004.0
1005.0
1004.0
1003.0
1003.0
1003.0
1003.0
1004.0
1003.0
1003.0
1003.0
1003.0
1004.0
1003.0
1004.0
1004.0
1004.0
1004.0
1004.0
1005.0
1005.0
1004.0
1004.0
995.0
1003.0
1002.0
1002.0
1003.0
1002.0
1002.0
1001.0
1002.0
1002.0
856.0
1006.0
1005.0
1005.0
1005.0
1005.0
1004.0
1005.0
1006.0
1005.0
859.0
1004.0
1003.0
1003.0
1003.0
1002.0
1004.0
1003.0
1003.0
994.0
465.0
1025.0
1027.0
1027.0
1028.0
1027.0
1026.0
1028.0
888.0
464.0
463.0
859.0
860.0
477.0
466.0
465.0
856.0
465.0
465.0
465.0
464.0
464.0
473.0
472.0
472.0
484.0
485.0
483.0
484.0
486.0
485.0
1010.0
1009.0
1008.0
1008.0
1007.0
1005.0
1008.0
1006.0
1006.0
1006.0
1004.0
1004.0
1004.0
1004.0
1003.0
1004.0
1002.0
1004.0
1004.0
1002.0
1004.0
1003.0
1002.0
1004.0
1003.0
1003.0
1003.0
1002.0
1004.0
1003.0
1006.0
1005.0
1006.0
1005.0
1014.0
1012.0
1015.0
1015.0
1013.0
1006.0
1047.0
1054.0
1054.0
1054.0
1051.0
1048.0
1049.0
1054.0
1048.0
882.0
1038.0
1036.0
1029.0
1028.0
1028.0
1025.0
1036.0
1033.0
1037.0
864.0
1030.0
1029.0
1029.0
1028.0
1028.0
1028.0
1019.0
1012.0
1003.0
470.0
1045.0
1047.0
1046.0
1046.0
1046.0
1046.0
1046.0
907.0
481.0
481.0
875.0
874.0
469.0
487.0
486.0
874.0
488.0
488.0
487.0
487.0
488.0
468.0
469.0
467.0
463.0
458.0
455.0
454.0
454.0
449.0
