1.0
1.0
1.0
1.0
1.0
1.0
1.0
1.0
1.0
1.0
1.0
1.0
1.0
1.0
0.0
1.0
1.0
1.0
1.0
1.0
1.0
1.0
1.0
1.0
1.0
1.0
1.0
1.0
1.0
2.0
177.0
104.0
101.0
177.0
101.0
177.0
101.0
177.0
177.0
177.0
100.0
100.0
96.0
107.0
152.0
136.0
175.0
175.0
136.0
151.0
87.0
98.0
98.0
99.0
86.0
101.0
100.0
100.0
95.0
101.0
101.0
101.0
178.0
178.0
86.0
101.0
100.0
86.0
101.0
100.0
100.0
100.0
86.0
87.0
101.0
100.0
100.0
101.0
101.0
96.0
101.0
102.0
88.0
89.0
100.0
100.0
101.0
100.0
89.0
89.0
100.0
101.0
100.0
90.0
100.0
101.0
99.0
90.0
100.0
91.0
100.0
99.0
99.0
94.0
97.0
97.0
97.0
96.0
98.0
96.0
97.0
98.0
97.0
97.0
97.0
97.0
96.0
97.0
96.0
97.0
96.0
96.0
97.0
96.0
96.0
96.0
97.0
96.0
97.0
96.0
96.0
97.0
96.0
97.0
115.0
114.0
114.0
114.0
114.0
114.0
114.0
114.0
114.0
114.0
96.0
97.0
96.0
96.0
96.0
96.0
96.0
96.0
96.0
96.0
96.0
96.0
99.0
96.0
97.0
97.0
96.0
96.0
97.0
97.0
96.0
96.0
97.0
97.0
96.0
96.0
96.0
96.0
96.0
96.0
97.0
98.0
96.0
96.0
96.0
96.0
97.0
96.0
96.0
96.0
97.0
97.0
96.0
96.0
96.0
96.0
96.0
97.0
97.0
97.0
97.0
96.0
97.0
97.0
96.0
96.0
96.0
97.0
96.0
97.0
93.0
93.0
93.0
93.0
92.0
93.0
0.0
1.0
1.0
1.0
1.0
0.0
1.0
1.0
1.0
1.0
1.0
1.0
1.0
0.0
0.0
0.0
1.0
1.0
1.0
1.0
1.0
1.0
1.0
0.0
1.0
1.0
0.0
1.0
1.0
1.0
1.0
0.0
0.0
0.0
0.0
1.0
1.0
1.0
1.0
1.0
1.0
1.0
1.0
0.0
0.0
1.0
1.0
1.0
1.0
1.0
1.0
1.0
1.0
0.0
1.0
1.0
1.0
1.0
1.0
1.0
1.0
1.0
1.0
0.0
0.0
1.0
1.0
1.0
1.0
1.0
1.0
1.0
1.0
0.0
0.0
1.0
1.0
1.0
1.0
1.0
1.0
1.0
0.0
1.0
0.0
1.0
1.0
1.0
1.0
1.0
1.0
1.0
1.0
0.0
0.0
1.0
1.0
1.0
1.0
1.0
1.0
1.0
1.0
0.0
0.0
1.0
1.0
1.0
1.0
1.0
1.0
1.0
1.0
0.0
1.0
1.0
1.0
1.0
1.0
1.0
1.0
1.0
1.0
1.0
1.0
1.0
1.0
1.0
1.0
1.0
1.0
1.0
1.0
1.0
1.0
1.0
1.0
1.0
1.0
1.0
1.0
1.0
1.0
0.0
1.0
1.0
1.0
1.0
1.0
1.0
1.0
1.0
1.0
0.0
1.0
1.0
1.0
1.0
1.0
1.0
1.0
1.0
1.0
1.0
1.0
1.0
1.0
1.0
1.0
1.0
0.0
1.0
1.0
1.0
0.0
1.0
1.0
1.0
1.0
1.0
1.0
1.0
1.0
1.0
0.0
0.0
1.0
0.0
1.0
1.0
1.0
1.0
1.0
1.0
1.0
1.0
0.0
1.0
1.0
1.0
101.0
179.0
179.0
179.0
179.0
125.0
126.0
107.0
179.0
179.0
101.0
101.0
101.0
101.0
180.0
180.0
161.0
163.0
179.0
180.0
101.0
101.0
102.0
101.0
101.0
100.0
100.0
100.0
86.0
101.0
122.0
122.0
177.0
177.0
100.0
100.0
86.0
101.0
101.0
100.0
100.0
100.0
100.0
100.0
119.0
142.0
114.0
169.0
169.0
114.0
114.0
113.0
114.0
113.0
115.0
101.0
101.0
97.0
100.0
100.0
100.0
100.0
101.0
100.0
101.0
88.0
100.0
88.0
101.0
101.0
102.0
101.0
101.0
101.0
100.0
102.0
87.0
101.0
101.0
101.0
101.0
123.0
100.0
100.0
113.0
87.0
101.0
101.0
100.0
101.0
100.0
101.0
101.0
90.0
89.0
89.0
100.0
101.0
99.0
119.0
99.0
90.0
90.0
98.0
98.0
128.0
97.0
97.0
97.0
97.0
93.0
93.0
109.0
97.0
96.0
97.0
97.0
96.0
97.0
97.0
97.0
96.0
97.0
97.0
96.0
97.0
97.0
98.0
96.0
96.0
96.0
97.0
97.0
133.0
96.0
97.0
97.0
135.0
96.0
97.0
97.0
96.0
96.0
96.0
97.0
96.0
96.0
96.0
97.0
96.0
97.0
97.0
96.0
96.0
97.0
97.0
96.0
96.0
97.0
96.0
96.0
97.0
97.0
97.0
97.0
97.0
97.0
96.0
96.0
97.0
97.0
97.0
96.0
98.0
97.0
96.0
97.0
96.0
96.0
96.0
97.0
97.0
97.0
96.0
97.0
97.0
96.0
96.0
97.0
97.0
96.0
97.0
97.0
97.0
97.0
96.0
97.0
97.0
96.0
97.0
97.0
97.0
96.0
96.0
97.0
96.0
96.0
97.0
96.0
96.0
96.0
97.0
96.0
97.0
97.0
97.0
97.0
96.0
97.0
97.0
96.0
97.0
97.0
97.0
97.0
96.0
97.0
97.0
96.0
96.0
96.0
96.0
96.0
96.0
97.0
97.0
96.0
96.0
97.0
97.0
97.0
97.0
97.0
96.0
97.0
96.0
96.0
96.0
96.0
96.0
96.0
97.0
96.0
110.0
110.0
110.0
110.0
110.0
110.0
110.0
110.0
110.0
110.0
96.0
97.0
96.0
96.0
96.0
96.0
96.0
96.0
97.0
96.0
96.0
97.0
97.0
96.0
96.0
97.0
96.0
97.0
96.0
97.0
97.0
97.0
96.0
97.0
96.0
96.0
97.0
97.0
97.0
96.0
96.0
97.0
96.0
96.0
97.0
96.0
96.0
97.0
97.0
97.0
97.0
97.0
96.0
97.0
96.0
96.0
96.0
96.0
97.0
97.0
96.0
97.0
97.0
96.0
97.0
97.0
96.0
97.0
97.0
97.0
96.0
96.0
97.0
96.0
97.0
97.0
96.0
96.0
97.0
96.0
97.0
96.0
97.0
96.0
96.0
96.0
96.0
96.0
96.0
97.0
97.0
96.0
96.0
97.0
97.0
97.0
96.0
97.0
97.0
96.0
97.0
97.0
97.0
97.0
97.0
97.0
97.0
99.0
97.0
98.0
97.0
97.0
97.0
97.0
96.0
97.0
96.0
96.0
97.0
96.0
98.0
97.0
97.0
97.0
96.0
96.0
96.0
97.0
97.0
97.0
96.0
96.0
96.0
97.0
97.0
97.0
98.0
97.0
96.0
96.0
96.0
97.0
96.0
97.0
96.0
96.0
97.0
96.0
96.0
97.0
98.0
99.0
98.0
98.0
99.0
98.0
98.0
99.0
99.0
98.0
97.0
96.0
97.0
97.0
97.0
97.0
97.0
97.0
97.0
96.0
96.0
97.0
97.0
96.0
96.0
96.0
96.0
96.0
97.0
97.0
97.0
96.0
97.0
97.0
97.0
97.0
96.0
97.0
97.0
96.0
97.0
97.0
97.0
96.0
96.0
96.0
96.0
96.0
97.0
99.0
96.0
96.0
97.0
96.0
112.0
112.0
111.0
112.0
112.0
112.0
112.0
112.0
112.0
112.0
96.0
97.0
97.0
96.0
97.0
97.0
97.0
97.0
96.0
96.0
97.0
97.0
96.0
97.0
97.0
96.0
96.0
96.0
97.0
97.0
96.0
96.0
97.0
96.0
97.0
97.0
97.0
96.0
96.0
96.0
97.0
96.0
96.0
97.0
97.0
97.0
96.0
96.0
96.0
97.0
96.0
96.0
97.0
96.0
97.0
96.0
97.0
97.0
96.0
97.0
97.0
96.0
96.0
96.0
96.0
97.0
96.0
96.0
97.0
96.0
96.0
96.0
96.0
97.0
97.0
99.0
96.0
97.0
96.0
96.0
96.0
97.0
96.0
96.0
96.0
96.0
96.0
96.0
96.0
97.0
96.0
96.0
96.0
96.0
97.0
97.0
96.0
97.0
97.0
96.0
96.0
96.0
96.0
96.0
97.0
96.0
96.0
96.0
96.0
96.0
96.0
97.0
96.0
96.0
96.0
97.0
96.0
97.0
97.0
96.0
97.0
96.0
96.0
97.0
98.0
96.0
96.0
96.0
96.0
97.0
96.0
96.0
96.0
96.0
96.0
96.0
97.0
96.0
96.0
96.0
96.0
96.0
97.0
96.0
96.0
96.0
96.0
97.0
97.0
96.0
97.0
97.0
96.0
96.0
97.0
96.0
96.0
96.0
96.0
96.0
96.0
96.0
96.0
96.0
96.0
96.0
97.0
96.0
96.0
97.0
96.0
96.0
96.0
96.0
97.0
96.0
96.0
96.0
96.0
96.0
96.0
96.0
97.0
96.0
97.0
97.0
96.0
96.0
97.0
96.0
97.0
97.0
96.0
96.0
97.0
96.0
96.0
97.0
96.0
97.0
96.0
96.0
96.0
96.0
96.0
96.0
96.0
97.0
97.0
96.0
110.0
111.0
110.0
111.0
111.0
110.0
110.0
110.0
110.0
110.0
96.0
96.0
96.0
96.0
97.0
98.0
99.0
96.0
96.0
96.0
96.0
96.0
96.0
96.0
96.0
96.0
96.0
97.0
96.0
96.0
96.0
97.0
96.0
96.0
96.0
97.0
96.0
96.0
97.0
97.0
97.0
96.0
96.0
96.0
97.0
97.0
97.0
97.0
96.0
96.0
96.0
96.0
96.0
96.0
96.0
96.0
97.0
96.0
96.0
96.0
96.0
97.0
96.0
96.0
97.0
97.0
96.0
97.0
96.0
95.0
96.0
96.0
96.0
97.0
96.0
97.0
97.0
96.0
96.0
96.0
100.0
96.0
97.0
96.0
97.0
97.0
96.0
96.0
96.0
96.0
97.0
96.0
97.0
96.0
96.0
96.0
96.0
96.0
96.0
96.0
96.0
96.0
96.0
97.0
97.0
97.0
97.0
96.0
96.0
96.0
96.0
96.0
96.0
96.0
96.0
96.0
96.0
96.0
96.0
96.0
96.0
96.0
97.0
96.0
97.0
97.0
96.0
96.0
97.0
96.0
97.0
97.0
96.0
97.0
96.0
97.0
97.0
96.0
96.0
96.0
97.0
97.0
97.0
96.0
96.0
97.0
96.0
96.0
97.0
96.0
96.0
96.0
97.0
96.0
96.0
97.0
96.0
96.0
96.0
96.0
96.0
96.0
97.0
96.0
97.0
96.0
97.0
96.0
96.0
97.0
96.0
96.0
96.0
97.0
96.0
97.0
96.0
96.0
97.0
96.0
97.0
97.0
96.0
96.0
96.0
97.0
97.0
98.0
96.0
96.0
97.0
97.0
96.0
97.0
97.0
97.0
96.0
96.0
96.0
96.0
96.0
96.0
96.0
96.0
96.0
96.0
110.0
111.0
110.0
111.0
110.0
110.0
111.0
111.0
110.0
111.0
97.0
96.0
96.0
96.0
96.0
96.0
96.0
96.0
97.0
97.0
96.0
96.0
96.0
96.0
97.0
97.0
96.0
96.0
96.0
97.0
96.0
97.0
97.0
97.0
97.0
96.0
96.0
97.0
97.0
97.0
97.0
96.0
96.0
96.0
96.0
96.0
97.0
96.0
96.0
97.0
96.0
96.0
97.0
96.0
97.0
96.0
96.0
97.0
96.0
97.0
96.0
97.0
96.0
96.0
97.0
96.0
96.0
96.0
96.0
97.0
96.0
96.0
96.0
97.0
96.0
96.0
96.0
96.0
96.0
97.0
97.0
96.0
96.0
96.0
96.0
97.0
96.0
97.0
96.0
97.0
96.0
96.0
96.0
96.0
97.0
96.0
96.0
96.0
97.0
97.0
97.0
96.0
96.0
96.0
96.0
96.0
97.0
97.0
96.0
96.0
96.0
96.0
96.0
96.0
97.0
97.0
96.0
96.0
97.0
98.0
97.0
97.0
96.0
96.0
96.0
96.0
96.0
97.0
96.0
97.0
96.0
96.0
96.0
97.0
97.0
97.0
97.0
96.0
96.0
97.0
96.0
97.0
97.0
96.0
96.0
96.0
96.0
97.0
97.0
96.0
96.0
96.0
96.0
96.0
96.0
96.0
96.0
96.0
96.0
96.0
97.0
96.0
96.0
97.0
97.0
97.0
97.0
96.0
97.0
96.0
96.0
97.0
97.0
96.0
96.0
96.0
96.0
96.0
96.0
97.0
97.0
96.0
97.0
97.0
96.0
96.0
97.0
97.0
96.0
96.0
97.0
96.0
96.0
96.0
97.0
97.0
96.0
96.0
96.0
96.0
97.0
96.0
96.0
96.0
96.0
96.0
97.0
111.0
111.0
111.0
111.0
111.0
111.0
111.0
112.0
112.0
111.0
96.0
97.0
97.0
97.0
96.0
96.0
97.0
96.0
96.0
96.0
96.0
96.0
96.0
97.0
97.0
97.0
96.0
96.0
96.0
97.0
96.0
96.0
96.0
96.0
96.0
96.0
96.0
96.0
96.0
96.0
96.0
97.0
96.0
97.0
96.0
96.0
97.0
97.0
96.0
97.0
96.0
96.0
96.0
97.0
96.0
97.0
96.0
96.0
96.0
96.0
96.0
100.0
101.0
99.0
102.0
110.0
101.0
108.0
106.0
104.0
103.0
101.0
102.0
102.0
97.0
100.0
104.0
100.0
102.0
97.0
100.0
98.0
100.0
101.0
97.0
99.0
96.0
99.0
100.0
102.0
100.0
97.0
100.0
101.0
96.0
98.0
96.0
97.0
100.0
100.0
102.0
99.0
101.0
100.0
96.0
97.0
97.0
96.0
100.0
100.0
101.0
98.0
100.0
96.0
101.0
98.0
96.0
97.0
98.0
98.0
98.0
97.0
96.0
97.0
96.0
96.0
96.0
96.0
97.0
97.0
97.0
96.0
96.0
98.0
99.0
97.0
97.0
97.0
97.0
97.0
97.0
97.0
97.0
97.0
96.0
96.0
96.0
96.0
96.0
97.0
97.0
97.0
96.0
96.0
97.0
96.0
96.0
99.0
97.0
96.0
96.0
96.0
96.0
97.0
97.0
97.0
97.0
96.0
97.0
96.0
96.0
97.0
97.0
96.0
97.0
96.0
96.0
96.0
96.0
97.0
96.0
96.0
96.0
96.0
96.0
96.0
97.0
96.0
97.0
96.0
97.0
96.0
96.0
96.0
96.0
97.0
96.0
96.0
96.0
96.0
96.0
97.0
97.0
96.0
96.0
97.0
96.0
112.0
112.0
112.0
112.0
112.0
112.0
112.0
112.0
112.0
112.0
96.0
96.0
97.0
97.0
96.0
96.0
97.0
96.0
97.0
96.0
96.0
97.0
96.0
96.0
96.0
96.0
96.0
96.0
97.0
96.0
96.0
97.0
96.0
97.0
98.0
97.0
97.0
97.0
97.0
98.0
97.0
97.0
97.0
97.0
96.0
96.0
97.0
97.0
97.0
96.0
97.0
97.0
96.0
96.0
97.0
96.0
96.0
96.0
97.0
97.0
96.0
96.0
96.0
97.0
96.0
96.0
97.0
96.0
97.0
96.0
96.0
96.0
96.0
96.0
96.0
96.0
96.0
97.0
96.0
96.0
97.0
96.0
96.0
96.0
97.0
96.0
96.0
96.0
97.0
96.0
96.0
96.0
97.0
96.0
96.0
96.0
96.0
96.0
96.0
96.0
96.0
96.0
96.0
96.0
96.0
96.0
96.0
96.0
97.0
97.0
96.0
96.0
96.0
96.0
96.0
96.0
97.0
97.0
97.0
96.0
96.0
97.0
96.0
97.0
96.0
97.0
96.0
96.0
96.0
97.0
96.0
96.0
96.0
96.0
97.0
96.0
96.0
96.0
96.0
97.0
96.0
97.0
96.0
96.0
96.0
96.0
96.0
97.0
96.0
97.0
97.0
97.0
96.0
97.0
97.0
96.0
97.0
96.0
96.0
96.0
96.0
96.0
96.0
96.0
96.0
96.0
96.0
97.0
97.0
97.0
97.0
97.0
97.0
96.0
96.0
96.0
96.0
96.0
96.0
97.0
96.0
96.0
96.0
96.0
96.0
96.0
97.0
96.0
97.0
96.0
96.0
96.0
96.0
97.0
96.0
96.0
96.0
96.0
96.0
97.0
97.0
97.0
96.0
96.0
97.0
96.0
112.0
112.0
112.0
112.0
112.0
112.0
113.0
112.0
112.0
112.0
96.0
97.0
96.0
97.0
97.0
96.0
96.0
96.0
97.0
96.0
96.0
96.0
96.0
96.0
96.0
97.0
96.0
97.0
97.0
96.0
97.0
97.0
97.0
97.0
96.0
96.0
96.0
96.0
96.0
96.0
96.0
96.0
96.0
97.0
96.0
97.0
96.0
96.0
96.0
96.0
96.0
96.0
96.0
96.0
96.0
96.0
96.0
97.0
97.0
96.0
97.0
97.0
96.0
96.0
97.0
96.0
96.0
96.0
96.0
96.0
96.0
96.0
97.0
97.0
96.0
97.0
97.0
96.0
96.0
96.0
96.0
96.0
96.0
97.0
97.0
96.0
96.0
96.0
97.0
96.0
96.0
96.0
97.0
96.0
96.0
96.0
96.0
97.0
96.0
97.0
96.0
96.0
96.0
97.0
97.0
97.0
97.0
96.0
97.0
96.0
97.0
97.0
97.0
97.0
96.0
96.0
96.0
96.0
98.0
96.0
96.0
96.0
96.0
97.0
96.0
97.0
97.0
97.0
96.0
96.0
96.0
97.0
96.0
97.0
97.0
96.0
96.0
96.0
96.0
96.0
96.0
96.0
97.0
97.0
96.0
96.0
97.0
97.0
97.0
96.0
96.0
96.0
96.0
96.0
96.0
97.0
96.0
96.0
96.0
96.0
96.0
97.0
96.0
97.0
97.0
96.0
96.0
96.0
97.0
96.0
98.0
96.0
96.0
97.0
96.0
97.0
97.0
96.0
96.0
97.0
96.0
97.0
96.0
97.0
97.0
96.0
96.0
96.0
96.0
96.0
96.0
96.0
96.0
97.0
96.0
97.0
96.0
97.0
99.0
96.0
97.0
97.0
96.0
96.0
96.0
113.0
113.0
114.0
116.0
115.0
115.0
115.0
115.0
116.0
116.0
96.0
96.0
96.0
96.0
96.0
96.0
97.0
97.0
97.0
96.0
96.0
97.0
96.0
96.0
96.0
96.0
96.0
96.0
97.0
97.0
97.0
96.0
97.0
96.0
97.0
96.0
96.0
96.0
97.0
96.0
96.0
96.0
96.0
97.0
96.0
96.0
97.0
96.0
97.0
97.0
97.0
97.0
96.0
96.0
96.0
96.0
96.0
96.0
96.0
96.0
96.0
96.0
96.0
96.0
97.0
96.0
96.0
96.0
97.0
97.0
97.0
97.0
96.0
97.0
96.0
97.0
97.0
97.0
97.0
96.0
97.0
96.0
96.0
96.0
96.0
96.0
97.0
96.0
97.0
96.0
97.0
96.0
96.0
97.0
96.0
96.0
96.0
95.0
95.0
90.0
92.0
92.0
