3.0
3.0
3.0
3.0
3.0
3.0
3.0
3.0
3.0
3.0
5.0
5.0
4.0
4.0
3.0
3.0
3.0
3.0
5.0
5.0
4.0
8.0
5.0
3.0
5.0
3.0
3.0
3.0
5.0
3.0
5.0
5.0
8.0
3.0
2.0
3.0
5.0
3.0
3.0
3.0
8.0
5.0
8.0
3.0
3.0
3.0
4.0
3.0
3.0
3.0
4.0
8.0
5.0
3.0
3.0
3.0
3.0
4.0
3.0
5.0
9.0
5.0
4.0
3.0
3.0
3.0
3.0
5.0
3.0
3.0
9.0
5.0
8.0
3.0
3.0
3.0
3.0
3.0
5.0
3.0
5.0
8.0
5.0
3.0
3.0
3.0
2.0
3.0
4.0
4.0
5.0
9.0
5.0
3.0
3.0
4.0
4.0
3.0
3.0
5.0
9.0
9.0
4.0
3.0
3.0
3.0
3.0
3.0
3.0
3.0
5.0
8.0
8.0
2.0
3.0
3.0
3.0
3.0
3.0
3.0
2244.0
2148.0
1832.0
1831.0
1652.0
1868.0
1829.0
1819.0
1827.0
1922.0
3775.0
3734.0
3783.0
3766.0
3961.0
3724.0
3803.0
3780.0
3814.0
3705.0
3691.0
3714.0
3707.0
3713.0
3679.0
3660.0
3669.0
3693.0
3749.0
3799.0
3826.0
3819.0
3830.0
3833.0
3826.0
3799.0
3827.0
3771.0
3794.0
3775.0
3762.0
3779.0
3800.0
3804.0
3800.0
3795.0
3735.0
3718.0
3727.0
3728.0
3739.0
3702.0
3715.0
3685.0
3700.0
3770.0
3790.0
3697.0
3702.0
3693.0
3700.0
3753.0
3734.0
5.0
4.0
5.0
4.0
4.0
4.0
4.0
6.0
8.0
4.0
8.0
8.0
8.0
5.0
4.0
4.0
3.0
2.0
3.0
2.0
4.0
3.0
4.0
2.0
7.0
2.0
4.0
3.0
7.0
3.0
4.0
2.0
4.0
2.0
4.0
2.0
2.0
3.0
4.0
4.0
2.0
2.0
3.0
2.0
2.0
4.0
3.0
3.0
4.0
4.0
4.0
3.0
2.0
2.0
2.0
2.0
2.0
2.0
4.0
2.0
3.0
3.0
4.0
3.0
2.0
2.0
4.0
2.0
2.0
2.0
2.0
3.0
3.0
3.0
3.0
3.0
3.0
3.0
2.0
2.0
2.0
2.0
2.0
3.0
3.0
3.0
3.0
3.0
2.0
2.0
4.0
4.0
3.0
2.0
2.0
2.0
2.0
3.0
3.0
4.0
7.0
7.0
4.0
4.0
4.0
5.0
8.0
4.0
4.0
7.0
4.0
4.0
5.0
4.0
4.0
4.0
4.0
4.0
4.0
3.0
5.0
2.0
4.0
3.0
4.0
4.0
4.0
2.0
8.0
4.0
7.0
2.0
4.0
3.0
5.0
2.0
2.0
4.0
4.0
2.0
2.0
2.0
3.0
2.0
2.0
2.0
4.0
2.0
2.0
3.0
3.0
2.0
4.0
2.0
2.0
2.0
3.0
3.0
2.0
3.0
3.0
2.0
2.0
4.0
4.0
2.0
4.0
2.0
3.0
2.0
2.0
2.0
3.0
3.0
4.0
2.0
2.0
4.0
4.0
3.0
3.0
2.0
2.0
2.0
2.0
3.0
2.0
4.0
3.0
2.0
4.0
4.0
2.0
4.0
3.0
2.0
2.0
2.0
3.0
3.0
4.0
7.0
4.0
5.0
7.0
7.0
4.0
7.0
4.0
4.0
4.0
4.0
4.0
4.0
4.0
4.0
4.0
4.0
4.0
3.0
5.0
3.0
4.0
3.0
4.0
3.0
4.0
4.0
7.0
3.0
4.0
4.0
4.0
2.0
4.0
3.0
2.0
4.0
3.0
3.0
4.0
2.0
2.0
2.0
3.0
3.0
2.0
3.0
4.0
2.0
2.0
4.0
4.0
2.0
3.0
2.0
3.0
2.0
3.0
3.0
2.0
3.0
2.0
3.0
4.0
4.0
3.0
3.0
2.0
2.0
3.0
2.0
3.0
2.0
2.0
2.0
4.0
2.0
3.0
3.0
2.0
4.0
2.0
2.0
3.0
3.0
2.0
3.0
2.0
4.0
3.0
4.0
3.0
2.0
2.0
4.0
2.0
2.0
2.0
2.0
4.0
4.0
5.0
7.0
4.0
8.0
8.0
7.0
4.0
4.0
4.0
4.0
4.0
4.0
4.0
4.0
4.0
3.0
3.0
3.0
7.0
2.0
7.0
3.0
5.0
2.0
4.0
2.0
4.0
2.0
7.0
4.0
4.0
2.0
4.0
2.0
2.0
2.0
3.0
4.0
4.0
3.0
2.0
2.0
2.0
3.0
2.0
3.0
3.0
4.0
3.0
2.0
2.0
4.0
4.0
3.0
4.0
2.0
2.0
2.0
2.0
2.0
2.0
2.0
4.0
3.0
3.0
2.0
2.0
4.0
3.0
3.0
2.0
3.0
3.0
3.0
2.0
2.0
4.0
3.0
4.0
4.0
2.0
4.0
2.0
2.0
2.0
3.0
2.0
2.0
4.0
2.0
4.0
4.0
2.0
3.0
3.0
2.0
3.0
3.0
4.0
4.0
4.0
5.0
7.0
4.0
4.0
7.0
7.0
7.0
4.0
4.0
4.0
4.0
4.0
4.0
2.0
2.0
4.0
4.0
4.0
4.0
7.0
2.0
4.0
3.0
4.0
3.0
5.0
2.0
7.0
4.0
7.0
3.0
4.0
3.0
2.0
3.0
2.0
3.0
2.0
2.0
4.0
2.0
2.0
2.0
2.0
3.0
2.0
2.0
2.0
4.0
3.0
3.0
3.0
4.0
4.0
2.0
2.0
3.0
3.0
2.0
2.0
2.0
4.0
2.0
4.0
4.0
2.0
2.0
2.0
4.0
3.0
3.0
2.0
2.0
2.0
3.0
2.0
3.0
4.0
4.0
2.0
4.0
2.0
2.0
3.0
2.0
2.0
2.0
3.0
2.0
3.0
3.0
3.0
2.0
2.0
3.0
3.0
3.0
4.0
4.0
4.0
4.0
4.0
6.0
7.0
8.0
4.0
6.0
4.0
5.0
4.0
5.0
4.0
4.0
2.0
2.0
3.0
2.0
4.0
2.0
7.0
3.0
4.0
2.0
3.0
2.0
4.0
2.0
4.0
3.0
5.0
4.0
4.0
3.0
3.0
1.0
2.0
2.0
2.0
2.0
2.0
2.0
4.0
4.0
2.0
2.0
2.0
3.0
2.0
3.0
2.0
2.0
2.0
3.0
2.0
3.0
2.0
2.0
4.0
4.0
3.0
3.0
2.0
2.0
2.0
2.0
3.0
3.0
2.0
2.0
2.0
3.0
3.0
2.0
2.0
2.0
2.0
2.0
2.0
2.0
2.0
2.0
3.0
3.0
2.0
3.0
2.0
3.0
3.0
3.0
3.0
2.0
2.0
2.0
2.0
3.0
2.0
2.0
4.0
4.0
4.0
4.0
3.0
8.0
8.0
4.0
4.0
4.0
4.0
4.0
4.0
4.0
4.0
4.0
2.0
3.0
2.0
3.0
5.0
3.0
7.0
2.0
4.0
3.0
5.0
2.0
4.0
2.0
4.0
2.0
3.0
4.0
4.0
2.0
2.0
2.0
2.0
3.0
2.0
3.0
3.0
2.0
4.0
4.0
2.0
3.0
2.0
2.0
2.0
2.0
2.0
3.0
3.0
2.0
2.0
2.0
2.0
3.0
3.0
2.0
3.0
2.0
2.0
2.0
2.0
3.0
3.0
3.0
2.0
2.0
2.0
3.0
3.0
3.0
3.0
2.0
2.0
2.0
2.0
3.0
3.0
2.0
2.0
2.0
2.0
2.0
2.0
4.0
4.0
2.0
2.0
2.0
2.0
3.0
3.0
2.0
3.0
2.0
4.0
4.0
5.0
4.0
4.0
7.0
3.0
7.0
4.0
4.0
5.0
5.0
3.0
4.0
4.0
4.0
2.0
3.0
2.0
4.0
8.0
3.0
4.0
2.0
4.0
2.0
4.0
3.0
3.0
2.0
4.0
3.0
4.0
4.0
4.0
2.0
2.0
2.0
2.0
2.0
3.0
3.0
3.0
1.0
3.0
3.0
3.0
2.0
2.0
2.0
2.0
2.0
2.0
2.0
2.0
2.0
3.0
2.0
2.0
3.0
3.0
2.0
2.0
2.0
3.0
2.0
2.0
2.0
3.0
2.0
3.0
3.0
2.0
2.0
4.0
4.0
3.0
2.0
2.0
2.0
2.0
2.0
2.0
3.0
2.0
2.0
2.0
2.0
2.0
4.0
2.0
4.0
2.0
3.0
2.0
2.0
3.0
2.0
2.0
3.0
4.0
4.0
4.0
4.0
7.0
7.0
4.0
4.0
5.0
4.0
4.0
4.0
4.0
3.0
4.0
4.0
2.0
2.0
2.0
2.0
3.0
2.0
7.0
4.0
4.0
3.0
4.0
3.0
4.0
3.0
5.0
2.0
3.0
2.0
7.0
2.0
2.0
2.0
3.0
2.0
3.0
2.0
2.0
2.0
2.0
3.0
3.0
2.0
3.0
2.0
2.0
2.0
2.0
3.0
2.0
2.0
2.0
2.0
2.0
2.0
4.0
4.0
2.0
2.0
2.0
3.0
2.0
2.0
3.0
2.0
2.0
2.0
3.0
2.0
2.0
4.0
4.0
3.0
2.0
2.0
2.0
2.0
2.0
2.0
2.0
2.0
3.0
2.0
3.0
2.0
2.0
3.0
4.0
2.0
3.0
2.0
3.0
1.0
2.0
2.0
4.0
5.0
4.0
4.0
7.0
3.0
7.0
4.0
4.0
4.0
4.0
4.0
4.0
4.0
4.0
4.0
3.0
3.0
3.0
1.0
4.0
2.0
7.0
2.0
4.0
4.0
4.0
2.0
3.0
2.0
4.0
3.0
5.0
3.0
4.0
2.0
3.0
2.0
2.0
2.0
3.0
3.0
2.0
2.0
2.0
4.0
3.0
4.0
2.0
2.0
2.0
2.0
2.0
2.0
2.0
2.0
2.0
3.0
2.0
4.0
4.0
3.0
3.0
3.0
2.0
2.0
3.0
2.0
2.0
2.0
2.0
2.0
3.0
3.0
2.0
2.0
4.0
4.0
2.0
2.0
3.0
3.0
2.0
2.0
2.0
2.0
3.0
3.0
1.0
2.0
3.0
3.0
2.0
2.0
2.0
3.0
2.0
1.0
2.0
2.0
4.0
5.0
4.0
4.0
4.0
4.0
7.0
7.0
4.0
5.0
5.0
5.0
4.0
4.0
3.0
4.0
3.0
2.0
2.0
2.0
4.0
2.0
7.0
3.0
4.0
2.0
4.0
3.0
4.0
2.0
4.0
3.0
4.0
3.0
4.0
2.0
2.0
3.0
2.0
2.0
3.0
2.0
3.0
2.0
2.0
2.0
2.0
4.0
4.0
2.0
2.0
2.0
2.0
2.0
3.0
2.0
3.0
2.0
3.0
1.0
4.0
2.0
2.0
4.0
2.0
2.0
2.0
2.0
1.0
2.0
3.0
3.0
2.0
2.0
2.0
2.0
2.0
3.0
2.0
4.0
2.0
2.0
2.0
2.0
2.0
2.0
2.0
2.0
2.0
2.0
2.0
2.0
3.0
4.0
3.0
2.0
2.0
3.0
2.0
2.0
1894.0
1849.0
1894.0
1848.0
1848.0
1852.0
1696.0
1803.0
1710.0
1873.0
1687.0
1684.0
1652.0
1666.0
1657.0
1669.0
1661.0
1652.0
2.0
3.0
1654.0
1651.0
1682.0
1708.0
1743.0
1699.0
1704.0
1685.0
1703.0
1697.0
1680.0
1698.0
1646.0
1649.0
1649.0
1646.0
1646.0
1653.0
3.0
2.0
1652.0
1650.0
1643.0
1752.0
1775.0
1760.0
1781.0
1769.0
1760.0
1777.0
1778.0
1763.0
1762.0
1665.0
1772.0
1701.0
1710.0
1747.0
2.0
2.0
1717.0
1710.0
1709.0
1699.0
1714.0
1707.0
1651.0
1653.0
1653.0
1652.0
1660.0
1653.0
1660.0
1659.0
1656.0
1652.0
1770.0
1772.0
3.0
2.0
1762.0
1763.0
1766.0
1765.0
1764.0
1765.0
1767.0
1767.0
1689.0
1677.0
1686.0
1684.0
1685.0
1680.0
1687.0
1683.0
1685.0
1689.0
2.0
3.0
3753.0
3748.0
3730.0
3724.0
3744.0
3743.0
3757.0
3750.0
3752.0
3804.0
3787.0
3785.0
3799.0
3793.0
3792.0
3814.0
2109.0
2101.0
3741.0
3742.0
3863.0
3849.0
3900.0
3855.0
3900.0
3909.0
3841.0
3852.0
3787.0
3837.0
3662.0
3679.0
3785.0
3675.0
3675.0
3679.0
2029.0
2026.0
3805.0
3826.0
3784.0
3821.0
3799.0
3802.0
3783.0
3787.0
3794.0
3783.0
3661.0
3667.0
3747.0
3672.0
3695.0
3687.0
3695.0
3698.0
2019.0
2147.0
3846.0
3875.0
3874.0
3879.0
3852.0
3843.0
3810.0
3824.0
3843.0
3820.0
3670.0
3687.0
3677.0
3698.0
3696.0
3718.0
3861.0
3830.0
2057.0
2028.0
3871.0
3884.0
3846.0
3839.0
3851.0
3843.0
3837.0
3861.0
3687.0
3694.0
3676.0
3669.0
3669.0
3672.0
3674.0
3672.0
3725.0
3680.0
2028.0
2050.0
3919.0
3936.0
3824.0
3815.0
3822.0
3809.0
3793.0
3916.0
3893.0
3761.0
3783.0
3780.0
3772.0
3784.0
2033.0
2141.0
3776.0
3783.0
3768.0
3750.0
3710.0
3715.0
3723.0
3717.0
3724.0
3727.0
3681.0
3669.0
3883.0
3820.0
3797.0
3838.0
3877.0
3793.0
2202.0
2050.0
3799.0
3808.0
3792.0
3710.0
3699.0
3662.0
3701.0
3721.0
3727.0
3718.0
3716.0
3786.0
3841.0
3809.0
3819.0
3815.0
3755.0
3762.0
2123.0
2119.0
3793.0
3786.0
3678.0
3685.0
3688.0
3693.0
3680.0
3668.0
3701.0
3821.0
3824.0
3856.0
3879.0
3900.0
3898.0
3871.0
3878.0
3904.0
2121.0
2038.0
3703.0
3746.0
3721.0
3665.0
3709.0
3692.0
3691.0
3715.0
3737.0
3714.0
3921.0
3758.0
3758.0
3792.0
3897.0
3939.0
3917.0
3871.0
2109.0
2182.0
3714.0
3731.0
3709.0
3782.0
3817.0
3771.0
3784.0
3787.0
3793.0
3789.0
3774.0
3773.0
3769.0
3768.0
2031.0
2038.0
3739.0
3739.0
3738.0
3737.0
3694.0
3717.0
3750.0
3717.0
3964.0
3880.0
3835.0
3836.0
3849.0
3844.0
3837.0
3846.0
3844.0
3839.0
2061.0
2064.0
3748.0
3746.0
3759.0
3749.0
3701.0
3693.0
3766.0
3785.0
3790.0
3792.0
3766.0
3762.0
3792.0
3809.0
3795.0
3850.0
3725.0
3669.0
2023.0
2030.0
3837.0
3868.0
3811.0
3863.0
3795.0
3852.0
3862.0
3882.0
3779.0
3819.0
3708.0
3736.0
3736.0
3721.0
3738.0
3732.0
3741.0
3707.0
2037.0
2024.0
3825.0
3828.0
3796.0
3826.0
3794.0
3807.0
3809.0
3772.0
3828.0
3664.0
3714.0
3716.0
3735.0
3729.0
3717.0
3728.0
3696.0
2026.0
2028.0
3831.0
3795.0
3841.0
3781.0
3813.0
3767.0
3768.0
3793.0
3881.0
3769.0
3699.0
3747.0
3704.0
3720.0
2030.0
2041.0
3744.0
3710.0
3820.0
3843.0
3801.0
3822.0
3793.0
3853.0
3796.0
3866.0
3780.0
3817.0
3716.0
3766.0
3704.0
3711.0
3673.0
3768.0
2029.0
2033.0
3797.0
3781.0
3787.0
3768.0
3729.0
3776.0
3760.0
3773.0
3767.0
3677.0
3674.0
3694.0
3681.0
3666.0
3797.0
3797.0
3769.0
3780.0
2026.0
2032.0
3812.0
3803.0
3822.0
3841.0
3783.0
3793.0
3805.0
3729.0
3701.0
3702.0
3845.0
3712.0
3824.0
3796.0
3950.0
3868.0
3913.0
3786.0
2160.0
2116.0
3862.0
3862.0
3850.0
3841.0
3931.0
3875.0
3836.0
3764.0
3739.0
3840.0
3791.0
3905.0
3831.0
3890.0
3792.0
3873.0
3804.0
2091.0
2165.0
3835.0
3679.0
3749.0
3698.0
3736.0
3718.0
3695.0
3694.0
3703.0
3737.0
3848.0
3851.0
3790.0
3787.0
2152.0
2157.0
3828.0
3834.0
3875.0
3819.0
3682.0
3672.0
3673.0
3714.0
3697.0
3721.0
3744.0
3719.0
3695.0
3860.0
3836.0
3860.0
3821.0
3822.0
2124.0
2145.0
3805.0
3939.0
3884.0
3778.0
3687.0
3690.0
3684.0
3671.0
3713.0
3689.0
3760.0
3754.0
3794.0
3780.0
3816.0
3803.0
3780.0
3814.0
2156.0
2107.0
3711.0
3753.0
3721.0
3667.0
3682.0
3739.0
3673.0
3732.0
3767.0
3765.0
3779.0
3869.0
3775.0
3886.0
3885.0
3838.0
3889.0
3831.0
2111.0
2108.0
3693.0
3735.0
3710.0
3742.0
3709.0
3704.0
3722.0
3809.0
3773.0
3899.0
3845.0
3899.0
3800.0
3859.0
3946.0
3873.0
3883.0
2013.0
2026.0
3775.0
3659.0
3813.0
3816.0
3804.0
3816.0
3845.0
3820.0
3942.0
3892.0
3822.0
3826.0
3669.0
3694.0
2020.0
2030.0
3715.0
3705.0
3716.0
3672.0
3687.0
3704.0
3706.0
3794.0
3805.0
3807.0
3802.0
3808.0
3799.0
3801.0
3835.0
3777.0
3777.0
3697.0
2022.0
2027.0
3757.0
3749.0
3763.0
3696.0
3785.0
3760.0
3754.0
3812.0
3774.0
3745.0
3748.0
3747.0
3807.0
3775.0
3697.0
3720.0
3710.0
3673.0
2014.0
2032.0
3906.0
3856.0
3819.0
3853.0
3866.0
3802.0
3784.0
3841.0
3779.0
3797.0
3699.0
3692.0
3718.0
3731.0
3724.0
3674.0
3695.0
3694.0
2035.0
1996.0
3804.0
3840.0
3826.0
3812.0
3775.0
3785.0
3767.0
3825.0
3775.0
3785.0
3664.0
3722.0
3681.0
3718.0
3701.0
3745.0
3714.0
2017.0
2017.0
3795.0
3759.0
3825.0
3869.0
3761.0
3839.0
3793.0
3759.0
3777.0
3783.0
3655.0
3687.0
3652.0
3713.0
2020.0
2027.0
3824.0
3693.0
3838.0
3850.0
3809.0
3808.0
3828.0
3787.0
3808.0
3819.0
3788.0
3709.0
3699.0
3722.0
3680.0
4077.0
3737.0
3841.0
2021.0
2012.0
3762.0
3854.0
3861.0
3861.0
4764.0
3717.0
3737.0
3840.0
4392.0
3694.0
3658.0
3705.0
3696.0
3730.0
3705.0
3879.0
3817.0
3871.0
2029.0
2036.0
3789.0
3855.0
3893.0
3865.0
3788.0
3830.0
3792.0
3696.0
3720.0
3727.0
3728.0
3700.0
3708.0
3743.0
3858.0
3790.0
3795.0
3835.0
2048.0
2123.0
3787.0
3813.0
3804.0
3806.0
3778.0
3683.0
3666.0
3722.0
3719.0
3786.0
3805.0
3826.0
3751.0
3793.0
3908.0
3776.0
3801.0
2072.0
2157.0
3821.0
3663.0
3705.0
3713.0
3709.0
3697.0
3680.0
3665.0
3673.0
3690.0
3695.0
3826.0
3798.0
3799.0
2155.0
2136.0
3843.0
3825.0
3838.0
3875.0
3836.0
3713.0
3729.0
3698.0
3742.0
3718.0
3683.0
3689.0
3669.0
3836.0
3820.0
3828.0
3832.0
3812.0
2146.0
2143.0
3832.0
3831.0
3824.0
3682.0
3684.0
3680.0
3680.0
3710.0
3730.0
3685.0
3779.0
3787.0
3770.0
3808.0
3813.0
3799.0
3851.0
3837.0
2058.0
2090.0
3730.0
3753.0
3750.0
3748.0
3726.0
3742.0
3691.0
3695.0
3687.0
3722.0
3833.0
3907.0
3792.0
3800.0
3820.0
3804.0
3807.0
3799.0
2164.0
2180.0
3724.0
3722.0
3699.0
3738.0
3764.0
3720.0
3656.0
3837.0
3826.0
3786.0
3836.0
3825.0
3667.0
3793.0
3846.0
3897.0
3672.0
1971.0
1969.0
