12.0
9.0
7.0
6.0
6.0
5.0
5.0
4.0
7.0
6.0
145.0
260.0
274.0
644.0
645.0
644.0
645.0
645.0
760.0
835.0
638.0
578.0
749.0
664.0
3058.0
6095.0
6087.0
6062.0
6106.0
117.0
122.0
117.0
715.0
642.0
604.0
634.0
588.0
588.0
589.0
595.0
595.0
595.0
596.0
3102.0
6053.0
6045.0
6031.0
6095.0
6089.0
125.0
126.0
126.0
588.0
590.0
587.0
587.0
594.0
635.0
636.0
633.0
635.0
627.0
587.0
3061.0
6026.0
6020.0
6035.0
6091.0
6086.0
98.0
98.0
95.0
587.0
568.0
567.0
569.0
568.0
552.0
552.0
553.0
567.0
635.0
630.0
3051.0
6061.0
5966.0
5960.0
5971.0
6134.0
113.0
113.0
112.0
585.0
584.0
631.0
625.0
628.0
627.0
578.0
586.0
586.0
586.0
588.0
3061.0
5996.0
6061.0
6011.0
6005.0
6021.0
54.0
54.0
53.0
528.0
526.0
574.0
566.0
566.0
520.0
518.0
519.0
516.0
527.0
524.0
3043.0
5984.0
6030.0
6004.0
6044.0
5999.0
115.0
114.0
113.0
585.0
587.0
583.0
583.0
575.0
576.0
574.0
576.0
581.0
582.0
583.0
3146.0
6194.0
6104.0
6100.0
6153.0
6030.0
42.0
41.0
42.0
504.0
513.0
513.0
503.0
504.0
506.0
505.0
513.0
512.0
516.0
513.0
2993.0
6026.0
5944.0
5997.0
5986.0
5941.0
98.0
98.0
98.0
587.0
587.0
586.0
586.0
560.0
564.0
567.0
564.0
571.0
568.0
571.0
3078.0
6174.0
6092.0
5965.0
6150.0
5894.0
41.0
41.0
41.0
507.0
513.0
507.0
503.0
509.0
502.0
508.0
512.0
511.0
513.0
555.0
2929.0
5657.0
5798.0
5676.0
5561.0
5455.0
273.0
133.0
116.0
111.0
197.0
100.0
99.0
74.0
16.0
16.0
334.0
255.0
116.0
111.0
100.0
100.0
92.0
74.0
10.0
15.0
183.0
133.0
115.0
90.0
100.0
99.0
198.0
151.0
17.0
15.0
467.0
661.0
623.0
615.0
605.0
605.0
107.0
74.0
17.0
16.0
682.0
712.0
616.0
527.0
512.0
674.0
98.0
75.0
10.0
10.0
638.0
708.0
614.0
685.0
675.0
672.0
98.0
65.0
10.0
9.0
636.0
627.0
612.0
608.0
601.0
520.0
98.0
74.0
10.0
10.0
561.0
628.0
617.0
608.0
519.0
602.0
85.0
65.0
9.0
9.0
496.0
557.0
624.0
614.0
604.0
528.0
105.0
80.0
10.0
17.0
561.0
629.0
616.0
607.0
519.0
519.0
98.0
74.0
10.0
10.0
566.0
558.0
623.0
614.0
603.0
530.0
98.0
74.0
11.0
10.0
570.0
636.0
622.0
539.0
518.0
595.0
97.0
74.0
11.0
10.0
560.0
547.0
617.0
608.0
599.0
518.0
98.0
74.0
11.0
10.0
633.0
703.0
613.0
683.0
595.0
674.0
97.0
74.0
9.0
8.0
2904.0
3303.0
3271.0
3176.0
3271.0
2877.0
2684.0
74.0
10.0
8.0
5754.0
6343.0
6327.0
5888.0
6318.0
5896.0
5417.0
3174.0
3106.0
3150.0
5849.0
6402.0
6331.0
6359.0
6361.0
6436.0
5402.0
2971.0
2909.0
3141.0
6037.0
6001.0
6332.0
6273.0
6269.0
5799.0
3183.0
3146.0
2908.0
6172.0
6143.0
6064.0
5997.0
5989.0
5566.0
3020.0
2985.0
2988.0
6054.0
6050.0
6066.0
6148.0
5629.0
3023.0
2973.0
2966.0
124.0
126.0
108.0
164.0
89.0
88.0
88.0
8.0
6.0
5.0
124.0
127.0
108.0
100.0
89.0
94.0
89.0
8.0
6.0
6.0
124.0
126.0
108.0
100.0
89.0
88.0
88.0
8.0
6.0
6.0
598.0
600.0
577.0
563.0
587.0
581.0
87.0
8.0
6.0
6.0
629.0
613.0
647.0
556.0
602.0
617.0
88.0
9.0
6.0
6.0
648.0
650.0
641.0
622.0
556.0
559.0
88.0
8.0
6.0
6.0
591.0
589.0
586.0
571.0
554.0
549.0
87.0
8.0
6.0
6.0
592.0
596.0
588.0
576.0
563.0
559.0
88.0
8.0
6.0
6.0
597.0
600.0
589.0
571.0
554.0
554.0
86.0
7.0
6.0
6.0
588.0
593.0
582.0
562.0
563.0
571.0
88.0
8.0
6.0
6.0
594.0
601.0
587.0
576.0
560.0
558.0
95.0
7.0
6.0
6.0
594.0
596.0
582.0
566.0
550.0
554.0
87.0
8.0
6.0
6.0
589.0
587.0
577.0
561.0
598.0
601.0
88.0
8.0
6.0
5.0
634.0
642.0
631.0
620.0
615.0
615.0
93.0
8.0
7.0
5.0
3094.0
3099.0
3054.0
3071.0
3146.0
3063.0
2582.0
9.0
7.0
6.0
6200.0
6006.0
6104.0
6090.0
6054.0
5562.0
2999.0
2904.0
2925.0
6201.0
6170.0
6028.0
6062.0
6093.0
5632.0
2974.0
2965.0
2961.0
6196.0
6161.0
6211.0
6148.0
5779.0
2982.0
3023.0
3018.0
6142.0
6106.0
6188.0
6041.0
5925.0
5540.0
2926.0
2927.0
2968.0
6026.0
6071.0
6065.0
6063.0
5496.0
2918.0
2924.0
2926.0
124.0
127.0
108.0
98.0
89.0
87.0
88.0
8.0
6.0
5.0
123.0
160.0
141.0
100.0
89.0
87.0
88.0
8.0
6.0
6.0
123.0
126.0
107.0
99.0
88.0
87.0
88.0
8.0
6.0
6.0
627.0
633.0
620.0
605.0
596.0
592.0
87.0
8.0
6.0
5.0
585.0
591.0
578.0
561.0
554.0
549.0
94.0
8.0
6.0
6.0
592.0
595.0
587.0
572.0
558.0
549.0
87.0
8.0
6.0
6.0
593.0
597.0
592.0
575.0
560.0
558.0
88.0
8.0
7.0
5.0
600.0
596.0
579.0
566.0
550.0
554.0
86.0
8.0
6.0
5.0
589.0
593.0
577.0
565.0
555.0
557.0
87.0
8.0
6.0
6.0
599.0
601.0
590.0
599.0
590.0
591.0
87.0
8.0
7.0
5.0
623.0
627.0
614.0
593.0
578.0
576.0
114.0
8.0
7.0
6.0
586.0
588.0
576.0
564.0
555.0
561.0
88.0
8.0
7.0
5.0
590.0
594.0
591.0
573.0
558.0
559.0
86.0
8.0
6.0
6.0
593.0
600.0
585.0
572.0
562.0
551.0
87.0
8.0
6.0
6.0
3114.0
3114.0
3105.0
3100.0
3083.0
3091.0
2638.0
8.0
6.0
6.0
6113.0
6038.0
6044.0
6057.0
6008.0
5501.0
2974.0
3026.0
2980.0
6043.0
6063.0
5993.0
5950.0
6010.0
5941.0
5576.0
2972.0
2905.0
2935.0
6062.0
6080.0
6058.0
6072.0
5546.0
2972.0
2935.0
2977.0
6135.0
6153.0
6045.0
6070.0
6026.0
5594.0
2957.0
3002.0
2994.0
6094.0
5988.0
6012.0
6079.0
5560.0
2962.0
2977.0
3003.0
92.0
91.0
68.0
7.0
6.0
7.0
4.0
4.0
5.0
4.0
93.0
89.0
68.0
7.0
6.0
6.0
4.0
5.0
5.0
5.0
91.0
90.0
67.0
8.0
6.0
7.0
5.0
4.0
4.0
5.0
591.0
584.0
530.0
473.0
469.0
473.0
5.0
5.0
4.0
5.0
559.0
552.0
538.0
473.0
476.0
481.0
5.0
5.0
4.0
4.0
567.0
563.0
543.0
469.0
468.0
472.0
5.0
5.0
4.0
5.0
562.0
566.0
539.0
471.0
480.0
482.0
4.0
5.0
12.0
5.0
610.0
611.0
580.0
526.0
518.0
516.0
5.0
4.0
5.0
4.0
608.0
560.0
530.0
473.0
468.0
468.0
5.0
5.0
5.0
4.0
554.0
556.0
534.0
471.0
478.0
481.0
5.0
5.0
5.0
4.0
562.0
566.0
540.0
481.0
478.0
480.0
5.0
5.0
5.0
4.0
567.0
570.0
534.0
473.0
468.0
468.0
4.0
5.0
5.0
4.0
555.0
556.0
531.0
473.0
471.0
469.0
5.0
5.0
4.0
5.0
566.0
564.0
538.0
477.0
481.0
477.0
4.0
5.0
4.0
4.0
3100.0
3062.0
3043.0
3015.0
2971.0
3005.0
5.0
5.0
4.0
4.0
6153.0
6051.0
6070.0
5973.0
6135.0
3030.0
2967.0
2976.0
2984.0
6119.0
6190.0
6123.0
6070.0
6084.0
6044.0
2986.0
2987.0
3033.0
2978.0
6075.0
5938.0
5972.0
5919.0
2925.0
2909.0
2918.0
2905.0
6084.0
6127.0
6005.0
5981.0
6007.0
2981.0
2981.0
2961.0
2975.0
6056.0
5998.0
5986.0
5980.0
3003.0
2958.0
2978.0
2977.0
115.0
112.0
113.0
87.0
86.0
85.0
86.0
4.0
5.0
4.0
115.0
113.0
111.0
88.0
86.0
85.0
95.0
5.0
4.0
4.0
124.0
113.0
113.0
87.0
86.0
86.0
85.0
5.0
5.0
4.0
637.0
632.0
578.0
550.0
586.0
583.0
86.0
5.0
5.0
4.0
577.0
575.0
587.0
562.0
557.0
556.0
86.0
5.0
4.0
5.0
585.0
587.0
587.0
561.0
556.0
556.0
86.0
5.0
5.0
4.0
575.0
582.0
574.0
554.0
547.0
551.0
86.0
5.0
5.0
4.0
576.0
574.0
579.0
560.0
556.0
556.0
86.0
5.0
5.0
4.0
589.0
589.0
583.0
586.0
585.0
583.0
94.0
5.0
5.0
5.0
607.0
605.0
601.0
576.0
578.0
579.0
85.0
5.0
5.0
4.0
605.0
579.0
573.0
549.0
552.0
551.0
85.0
4.0
5.0
4.0
576.0
574.0
579.0
553.0
557.0
560.0
86.0
5.0
5.0
4.0
585.0
586.0
582.0
561.0
555.0
556.0
93.0
4.0
5.0
4.0
589.0
579.0
573.0
552.0
547.0
551.0
85.0
5.0
4.0
5.0
3095.0
3054.0
3079.0
3052.0
3073.0
3066.0
2572.0
5.0
5.0
4.0
6061.0
6091.0
6075.0
6124.0
6128.0
5567.0
3006.0
3001.0
3005.0
6035.0
6063.0
6093.0
6045.0
6098.0
5525.0
2920.0
2951.0
2927.0
6105.0
6104.0
6054.0
6087.0
5640.0
2893.0
2926.0
2924.0
6153.0
6094.0
6108.0
6106.0
6085.0
5651.0
2967.0
3005.0
2971.0
6122.0
6050.0
6016.0
6013.0
5610.0
3004.0
3050.0
2993.0
69.0
57.0
8.0
7.0
6.0
4.0
4.0
4.0
4.0
4.0
69.0
57.0
8.0
6.0
6.0
4.0
4.0
4.0
4.0
3.0
69.0
56.0
8.0
7.0
6.0
4.0
4.0
4.0
4.0
4.0
558.0
548.0
474.0
470.0
477.0
384.0
4.0
4.0
4.0
4.0
538.0
529.0
482.0
477.0
484.0
393.0
4.0
4.0
4.0
4.0
531.0
524.0
474.0
469.0
472.0
386.0
4.0
5.0
4.0
4.0
543.0
529.0
481.0
482.0
476.0
392.0
4.0
4.0
4.0
4.0
567.0
558.0
510.0
509.0
508.0
418.0
4.0
4.0
4.0
3.0
568.0
518.0
474.0
473.0
469.0
384.0
4.0
4.0
4.0
3.0
534.0
523.0
470.0
477.0
476.0
391.0
4.0
4.0
4.0
4.0
543.0
527.0
481.0
476.0
480.0
395.0
4.0
4.0
4.0
4.0
538.0
523.0
473.0
468.0
472.0
385.0
4.0
4.0
4.0
4.0
531.0
517.0
474.0
473.0
469.0
381.0
5.0
4.0
4.0
4.0
542.0
527.0
482.0
480.0
479.0
390.0
4.0
4.0
4.0
3.0
3028.0
2998.0
2960.0
2948.0
2959.0
2850.0
4.0
5.0
4.0
3.0
5989.0
5971.0
5987.0
6024.0
5961.0
2987.0
2985.0
2980.0
3005.0
6085.0
6102.0
6094.0
6098.0
5932.0
3060.0
3068.0
3006.0
3000.0
5961.0
5901.0
5935.0
5832.0
2925.0
2906.0
2903.0
2943.0
5975.0
5951.0
5960.0
5960.0
5884.0
2979.0
2987.0
2975.0
2986.0
5971.0
6060.0
6051.0
5970.0
3089.0
3013.0
3020.0
2957.0
122.0
122.0
111.0
93.0
85.0
92.0
84.0
5.0
5.0
5.0
122.0
112.0
119.0
86.0
93.0
85.0
83.0
5.0
5.0
4.0
117.0
112.0
112.0
95.0
95.0
86.0
84.0
5.0
5.0
5.0
625.0
626.0
573.0
554.0
582.0
583.0
85.0
5.0
5.0
4.0
579.0
577.0
577.0
553.0
553.0
551.0
83.0
4.0
5.0
4.0
580.0
588.0
587.0
562.0
558.0
556.0
84.0
5.0
5.0
4.0
589.0
583.0
583.0
562.0
557.0
552.0
84.0
5.0
4.0
5.0
580.0
576.0
574.0
556.0
552.0
552.0
84.0
4.0
4.0
4.0
588.0
585.0
583.0
562.0
589.0
587.0
84.0
5.0
5.0
4.0
618.0
613.0
617.0
588.0
582.0
579.0
84.0
5.0
5.0
4.0
607.0
610.0
580.0
551.0
554.0
550.0
84.0
6.0
4.0
5.0
582.0
580.0
577.0
551.0
549.0
562.0
83.0
4.0
4.0
4.0
590.0
590.0
587.0
561.0
564.0
562.0
85.0
5.0
4.0
5.0
591.0
588.0
589.0
558.0
552.0
555.0
84.0
5.0
5.0
4.0
3072.0
3093.0
3079.0
3059.0
3056.0
3051.0
2579.0
5.0
5.0
4.0
6046.0
6064.0
6108.0
6103.0
6111.0
5562.0
3036.0
3004.0
2955.0
6061.0
6113.0
6067.0
6021.0
6062.0
5591.0
2971.0
2905.0
2932.0
6027.0
6022.0
6035.0
6034.0
5564.0
2975.0
2975.0
2890.0
6107.0
6089.0
6041.0
6043.0
6127.0
5623.0
2964.0
2984.0
2971.0
6137.0
6079.0
6102.0
6098.0
5624.0
3076.0
3031.0
3028.0
16.0
5.0
5.0
6.0
5.0
4.0
3.0
4.0
3.0
3.0
16.0
5.0
5.0
5.0
5.0
4.0
3.0
3.0
4.0
3.0
22.0
6.0
6.0
6.0
6.0
3.0
3.0
3.0
3.0
4.0
483.0
515.0
527.0
503.0
484.0
407.0
3.0
4.0
4.0
3.0
493.0
498.0
478.0
483.0
479.0
389.0
3.0
4.0
3.0
4.0
488.0
478.0
479.0
468.0
467.0
383.0
4.0
3.0
4.0
3.0
484.0
473.0
471.0
472.0
473.0
380.0
3.0
3.0
4.0
3.0
490.0
476.0
482.0
475.0
516.0
382.0
3.0
4.0
3.0
4.0
517.0
505.0
512.0
515.0
502.0
417.0
4.0
3.0
3.0
3.0
493.0
468.0
482.0
466.0
476.0
380.0
4.0
3.0
4.0
3.0
479.0
475.0
467.0
472.0
475.0
383.0
4.0
3.0
4.0
3.0
489.0
476.0
475.0
479.0
483.0
390.0
3.0
4.0
3.0
4.0
486.0
479.0
478.0
467.0
471.0
381.0
3.0
4.0
3.0
4.0
483.0
467.0
471.0
467.0
467.0
383.0
3.0
3.0
4.0
3.0
2996.0
2970.0
2942.0
2968.0
2974.0
390.0
3.0
3.0
3.0
4.0
5959.0
6015.0
6004.0
5978.0
3424.0
3077.0
2970.0
3067.0
2993.0
6028.0
6009.0
6050.0
5957.0
3443.0
3039.0
2969.0
3029.0
3056.0
5935.0
5963.0
5946.0
3416.0
2956.0
2948.0
2964.0
2956.0
5913.0
5938.0
5932.0
5933.0
3370.0
2992.0
2990.0
2956.0
2979.0
5977.0
6057.0
6030.0
3398.0
2963.0
2968.0
2999.0
3003.0
112.0
100.0
87.0
86.0
85.0
83.0
26.0
5.0
4.0
3.0
112.0
100.0
87.0
85.0
84.0
83.0
25.0
4.0
4.0
4.0
113.0
100.0
88.0
87.0
120.0
117.0
25.0
4.0
4.0
4.0
608.0
595.0
592.0
552.0
556.0
545.0
26.0
4.0
4.0
4.0
587.0
581.0
557.0
556.0
569.0
553.0
26.0
5.0
4.0
4.0
594.0
570.0
565.0
582.0
582.0
584.0
26.0
4.0
4.0
4.0
609.0
602.0
583.0
585.0
587.0
552.0
26.0
4.0
5.0
4.0
583.0
569.0
554.0
559.0
548.0
557.0
27.0
4.0
4.0
4.0
587.0
583.0
568.0
571.0
567.0
562.0
26.0
5.0
4.0
4.0
595.0
582.0
570.0
550.0
552.0
545.0
26.0
4.0
5.0
4.0
575.0
566.0
550.0
553.0
548.0
550.0
26.0
4.0
4.0
4.0
587.0
570.0
561.0
565.0
564.0
566.0
26.0
4.0
4.0
3.0
593.0
589.0
567.0
574.0
579.0
563.0
26.0
4.0
4.0
3.0
608.0
566.0
549.0
577.0
546.0
544.0
27.0
4.0
4.0
4.0
3084.0
3071.0
3048.0
3015.0
3043.0
3013.0
26.0
4.0
4.0
4.0
6118.0
6001.0
6000.0
6055.0
6047.0
3073.0
3005.0
3003.0
2971.0
6087.0
6124.0
6098.0
6095.0
6057.0
2995.0
2987.0
2980.0
3083.0
6054.0
6150.0
6030.0
6008.0
5950.0
3017.0
3000.0
2965.0
2970.0
6015.0
6003.0
5945.0
6004.0
5952.0
2929.0
3059.0
2995.0
2992.0
6061.0
6025.0
5962.0
5996.0
6017.0
3012.0
3003.0
3009.0
2988.0
5.0
5.0
5.0
5.0
5.0
3.0
3.0
4.0
3.0
3.0
5.0
4.0
5.0
5.0
5.0
3.0
3.0
3.0
3.0
3.0
5.0
5.0
5.0
5.0
5.0
3.0
3.0
4.0
10.0
3.0
525.0
477.0
477.0
472.0
471.0
3.0
4.0
3.0
3.0
3.0
501.0
471.0
468.0
468.0
470.0
3.0
3.0
4.0
3.0
3.0
467.0
467.0
471.0
467.0
479.0
3.0
3.0
3.0
3.0
3.0
479.0
476.0
476.0
479.0
475.0
3.0
3.0
3.0
4.0
3.0
476.0
479.0
475.0
503.0
503.0
3.0
3.0
3.0
3.0
3.0
497.0
501.0
503.0
504.0
503.0
4.0
3.0
3.0
3.0
3.0
505.0
498.0
476.0
477.0
466.0
4.0
3.0
3.0
4.0
3.0
473.0
477.0
471.0
472.0
467.0
3.0
3.0
4.0
3.0
3.0
472.0
479.0
482.0
476.0
477.0
3.0
3.0
3.0
3.0
4.0
480.0
476.0
476.0
476.0
480.0
4.0
3.0
4.0
3.0
4.0
472.0
470.0
468.0
466.0
470.0
3.0
4.0
3.0
3.0
3.0
2960.0
2960.0
2968.0
2981.0
2986.0
3.0
3.0
3.0
3.0
3.0
6028.0
6004.0
5994.0
5996.0
3048.0
3032.0
3047.0
3029.0
3025.0
5948.0
5963.0
6003.0
5960.0
2994.0
3068.0
2966.0
3038.0
3057.0
5951.0
5890.0
5920.0
5924.0
2938.0
2948.0
2985.0
3016.0
3022.0
6006.0
6021.0
5969.0
5949.0
2970.0
3006.0
3014.0
2979.0
3017.0
6038.0
5535.0
5627.0
5615.0
3028.0
2945.0
2938.0
3003.0
2570.0
