1.0
1.0
0.0
1.0
1.0
1.0
1.0
0.0
1.0
1.0
1.0
1.0
1.0
1.0
1.0
0.0
1.0
1.0
1.0
1.0
1.0
1.0
1.0
0.0
0.0
1.0
1.0
1.0
1.0
1.0
1.0
1.0
1.0
1.0
0.0
1.0
1.0
1.0
1.0
1.0
366.0
367.0
366.0
366.0
366.0
366.0
365.0
366.0
365.0
366.0
423.0
422.0
422.0
422.0
422.0
423.0
422.0
422.0
422.0
422.0
365.0
365.0
366.0
365.0
365.0
366.0
366.0
365.0
366.0
366.0
367.0
366.0
367.0
367.0
367.0
367.0
366.0
366.0
366.0
366.0
396.0
397.0
396.0
396.0
397.0
397.0
397.0
397.0
397.0
396.0
366.0
365.0
366.0
366.0
365.0
365.0
365.0
366.0
366.0
365.0
395.0
396.0
395.0
395.0
396.0
396.0
396.0
396.0
395.0
395.0
366.0
365.0
365.0
366.0
366.0
366.0
366.0
366.0
366.0
365.0
365.0
365.0
366.0
365.0
365.0
366.0
365.0
366.0
366.0
366.0
421.0
421.0
421.0
421.0
422.0
422.0
421.0
421.0
421.0
421.0
365.0
365.0
366.0
366.0
365.0
365.0
365.0
366.0
366.0
366.0
366.0
366.0
366.0
367.0
366.0
366.0
365.0
366.0
366.0
366.0
397.0
397.0
397.0
396.0
397.0
397.0
397.0
397.0
397.0
397.0
366.0
365.0
365.0
366.0
366.0
365.0
366.0
366.0
366.0
366.0
397.0
396.0
398.0
397.0
397.0
397.0
397.0
396.0
397.0
397.0
366.0
365.0
365.0
365.0
365.0
366.0
365.0
365.0
366.0
365.0
366.0
366.0
366.0
366.0
366.0
366.0
366.0
366.0
366.0
368.0
0.0
1.0
1.0
1.0
1.0
0.0
1.0
1.0
0.0
1.0
1.0
1.0
1.0
1.0
1.0
1.0
0.0
0.0
0.0
0.0
1.0
1.0
1.0
1.0
1.0
1.0
1.0
1.0
1.0
0.0
1.0
1.0
1.0
1.0
1.0
1.0
1.0
1.0
1.0
1.0
0.0
0.0
0.0
0.0
0.0
1.0
1.0
1.0
1.0
1.0
1.0
1.0
1.0
1.0
0.0
0.0
0.0
0.0
0.0
1.0
1.0
1.0
1.0
1.0
1.0
1.0
1.0
1.0
0.0
0.0
1.0
1.0
1.0
1.0
1.0
1.0
1.0
1.0
1.0
1.0
1.0
1.0
1.0
1.0
1.0
1.0
1.0
1.0
1.0
1.0
0.0
0.0
0.0
0.0
1.0
1.0
1.0
1.0
1.0
1.0
1.0
1.0
0.0
0.0
0.0
0.0
0.0
0.0
0.0
0.0
1.0
1.0
1.0
1.0
1.0
1.0
0.0
1.0
1.0
0.0
1.0
1.0
1.0
1.0
1.0
1.0
1.0
1.0
1.0
1.0
1.0
1.0
1.0
1.0
1.0
1.0
1.0
1.0
1.0
1.0
1.0
1.0
1.0
1.0
1.0
1.0
1.0
1.0
1.0
1.0
0.0
0.0
0.0
0.0
0.0
1.0
1.0
1.0
1.0
1.0
1.0
1.0
1.0
0.0
0.0
0.0
0.0
0.0
0.0
0.0
1.0
1.0
1.0
1.0
1.0
1.0
1.0
1.0
1.0
1.0
1.0
1.0
1.0
1.0
1.0
1.0
1.0
1.0
1.0
1.0
1.0
1.0
1.0
1.0
1.0
1.0
1.0
1.0
1.0
1.0
0.0
0.0
1.0
0.0
1.0
1.0
1.0
1.0
1.0
1.0
1.0
0.0
0.0
0.0
0.0
0.0
0.0
0.0
0.0
0.0
1.0
1.0
1.0
1.0
1.0
0.0
0.0
0.0
0.0
0.0
1.0
1.0
1.0
1.0
1.0
1.0
1.0
1.0
1.0
1.0
1.0
1.0
1.0
1.0
1.0
1.0
1.0
1.0
1.0
1.0
1.0
1.0
1.0
1.0
1.0
1.0
1.0
1.0
1.0
1.0
1.0
0.0
1.0
0.0
1.0
1.0
1.0
1.0
1.0
1.0
1.0
0.0
0.0
0.0
0.0
0.0
0.0
0.0
0.0
0.0
1.0
1.0
0.0
1.0
0.0
1.0
1.0
0.0
0.0
0.0
1.0
1.0
1.0
1.0
1.0
1.0
1.0
1.0
1.0
1.0
366.0
366.0
366.0
366.0
366.0
366.0
366.0
366.0
366.0
366.0
396.0
395.0
396.0
396.0
396.0
396.0
397.0
396.0
397.0
397.0
366.0
366.0
365.0
366.0
366.0
366.0
366.0
366.0
366.0
366.0
392.0
392.0
394.0
394.0
394.0
394.0
394.0
393.0
393.0
393.0
368.0
369.0
367.0
367.0
368.0
368.0
367.0
368.0
369.0
368.0
419.0
419.0
419.0
420.0
421.0
420.0
420.0
421.0
420.0
420.0
365.0
366.0
366.0
366.0
365.0
366.0
366.0
365.0
366.0
366.0
367.0
366.0
366.0
366.0
367.0
366.0
366.0
195.0
366.0
196.0
396.0
396.0
396.0
224.0
224.0
225.0
224.0
225.0
225.0
225.0
197.0
197.0
197.0
196.0
197.0
197.0
197.0
197.0
196.0
195.0
365.0
366.0
365.0
365.0
365.0
366.0
366.0
365.0
366.0
366.0
365.0
365.0
366.0
366.0
366.0
365.0
366.0
366.0
366.0
396.0
396.0
397.0
396.0
397.0
397.0
397.0
397.0
397.0
397.0
366.0
365.0
366.0
366.0
366.0
365.0
366.0
366.0
366.0
366.0
365.0
421.0
420.0
421.0
421.0
421.0
421.0
420.0
420.0
421.0
420.0
366.0
366.0
365.0
365.0
365.0
365.0
366.0
366.0
366.0
366.0
365.0
366.0
366.0
366.0
366.0
366.0
366.0
365.0
366.0
395.0
396.0
396.0
397.0
396.0
397.0
396.0
396.0
225.0
397.0
195.0
367.0
365.0
366.0
196.0
196.0
196.0
196.0
195.0
195.0
196.0
195.0
195.0
196.0
195.0
196.0
195.0
195.0
196.0
196.0
195.0
393.0
392.0
393.0
393.0
392.0
393.0
393.0
393.0
395.0
395.0
368.0
368.0
368.0
368.0
367.0
367.0
368.0
368.0
365.0
366.0
366.0
366.0
366.0
366.0
366.0
366.0
365.0
366.0
421.0
420.0
421.0
421.0
421.0
421.0
422.0
422.0
420.0
422.0
366.0
365.0
366.0
366.0
365.0
366.0
366.0
365.0
366.0
366.0
365.0
366.0
366.0
366.0
366.0
366.0
365.0
366.0
365.0
365.0
397.0
396.0
396.0
396.0
396.0
397.0
396.0
396.0
397.0
398.0
382.0
384.0
388.0
388.0
390.0
388.0
387.0
388.0
388.0
217.0
371.0
200.0
366.0
395.0
395.0
196.0
196.0
196.0
195.0
195.0
196.0
224.0
224.0
224.0
225.0
225.0
224.0
224.0
225.0
196.0
195.0
195.0
366.0
366.0
366.0
366.0
366.0
366.0
366.0
365.0
365.0
366.0
366.0
365.0
365.0
365.0
366.0
366.0
365.0
421.0
420.0
421.0
421.0
421.0
421.0
421.0
420.0
420.0
421.0
366.0
365.0
366.0
366.0
366.0
365.0
366.0
365.0
366.0
366.0
366.0
365.0
365.0
392.0
394.0
394.0
393.0
392.0
392.0
392.0
395.0
395.0
396.0
368.0
367.0
368.0
368.0
367.0
367.0
368.0
366.0
366.0
365.0
366.0
366.0
365.0
366.0
366.0
365.0
367.0
365.0
365.0
366.0
396.0
398.0
397.0
397.0
397.0
398.0
397.0
227.0
397.0
227.0
366.0
366.0
366.0
195.0
195.0
196.0
196.0
195.0
196.0
196.0
196.0
196.0
196.0
195.0
195.0
196.0
195.0
195.0
195.0
195.0
367.0
368.0
367.0
367.0
368.0
368.0
425.0
425.0
425.0
425.0
424.0
424.0
424.0
424.0
423.0
425.0
367.0
366.0
367.0
366.0
372.0
371.0
371.0
371.0
371.0
371.0
372.0
372.0
373.0
373.0
399.0
399.0
400.0
399.0
399.0
401.0
398.0
398.0
399.0
399.0
368.0
367.0
367.0
368.0
367.0
367.0
367.0
367.0
367.0
367.0
367.0
366.0
367.0
367.0
366.0
367.0
368.0
368.0
368.0
368.0
399.0
398.0
398.0
398.0
398.0
399.0
396.0
396.0
397.0
397.0
366.0
367.0
366.0
366.0
366.0
367.0
366.0
196.0
366.0
196.0
366.0
366.0
366.0
197.0
196.0
196.0
196.0
196.0
196.0
196.0
250.0
250.0
250.0
250.0
251.0
251.0
252.0
251.0
251.0
252.0
367.0
366.0
367.0
366.0
366.0
368.0
367.0
368.0
368.0
367.0
368.0
368.0
368.0
368.0
369.0
365.0
366.0
366.0
366.0
366.0
396.0
397.0
396.0
396.0
396.0
395.0
396.0
396.0
396.0
397.0
366.0
366.0
365.0
366.0
367.0
366.0
365.0
366.0
366.0
365.0
366.0
366.0
365.0
365.0
366.0
365.0
365.0
392.0
392.0
395.0
396.0
397.0
396.0
396.0
396.0
396.0
396.0
368.0
368.0
367.0
366.0
365.0
365.0
365.0
366.0
365.0
365.0
366.0
366.0
365.0
423.0
423.0
423.0
423.0
422.0
421.0
421.0
252.0
422.0
252.0
365.0
366.0
365.0
195.0
195.0
195.0
196.0
195.0
195.0
196.0
195.0
196.0
196.0
196.0
196.0
196.0
196.0
195.0
195.0
196.0
366.0
366.0
366.0
366.0
365.0
365.0
366.0
365.0
366.0
365.0
397.0
397.0
396.0
397.0
397.0
396.0
396.0
396.0
396.0
397.0
366.0
366.0
366.0
365.0
365.0
365.0
366.0
366.0
366.0
365.0
365.0
365.0
365.0
366.0
397.0
397.0
397.0
398.0
397.0
398.0
397.0
397.0
398.0
398.0
365.0
365.0
366.0
366.0
366.0
367.0
366.0
366.0
365.0
366.0
365.0
365.0
365.0
365.0
366.0
366.0
422.0
422.0
422.0
422.0
421.0
421.0
422.0
421.0
422.0
421.0
365.0
365.0
366.0
367.0
366.0
366.0
365.0
196.0
365.0
195.0
366.0
366.0
366.0
195.0
195.0
196.0
195.0
195.0
196.0
196.0
196.0
196.0
195.0
225.0
224.0
226.0
225.0
225.0
225.0
225.0
396.0
396.0
398.0
376.0
378.0
379.0
386.0
380.0
378.0
380.0
384.0
387.0
384.0
377.0
376.0
376.0
376.0
375.0
375.0
375.0
372.0
371.0
399.0
401.0
402.0
401.0
402.0
402.0
402.0
402.0
402.0
402.0
374.0
371.0
370.0
372.0
372.0
372.0
372.0
371.0
371.0
371.0
370.0
370.0
370.0
370.0
370.0
369.0
370.0
370.0
428.0
427.0
428.0
427.0
427.0
427.0
428.0
428.0
427.0
427.0
373.0
371.0
371.0
371.0
371.0
372.0
371.0
371.0
371.0
372.0
371.0
370.0
370.0
400.0
400.0
400.0
400.0
197.0
400.0
197.0
399.0
399.0
399.0
229.0
228.0
196.0
196.0
196.0
196.0
195.0
197.0
197.0
196.0
197.0
197.0
197.0
197.0
197.0
196.0
196.0
368.0
367.0
366.0
365.0
366.0
366.0
366.0
366.0
366.0
367.0
395.0
394.0
395.0
395.0
395.0
395.0
395.0
395.0
394.0
394.0
367.0
368.0
368.0
367.0
368.0
368.0
368.0
368.0
368.0
369.0
368.0
368.0
367.0
366.0
366.0
366.0
367.0
367.0
367.0
366.0
424.0
425.0
428.0
428.0
429.0
428.0
427.0
428.0
428.0
428.0
370.0
371.0
365.0
366.0
366.0
366.0
366.0
365.0
365.0
366.0
366.0
366.0
396.0
396.0
397.0
397.0
396.0
397.0
397.0
396.0
397.0
397.0
366.0
366.0
365.0
365.0
366.0
196.0
366.0
196.0
365.0
365.0
365.0
195.0
195.0
195.0
196.0
196.0
195.0
195.0
196.0
195.0
195.0
195.0
195.0
195.0
195.0
196.0
196.0
195.0
396.0
397.0
396.0
396.0
396.0
396.0
397.0
396.0
396.0
396.0
366.0
365.0
367.0
366.0
366.0
365.0
365.0
368.0
365.0
365.0
366.0
421.0
422.0
422.0
422.0
423.0
423.0
422.0
423.0
423.0
423.0
365.0
365.0
366.0
366.0
365.0
366.0
365.0
365.0
365.0
366.0
365.0
366.0
366.0
366.0
366.0
366.0
366.0
366.0
366.0
395.0
395.0
395.0
396.0
395.0
396.0
396.0
396.0
396.0
396.0
368.0
366.0
366.0
366.0
365.0
365.0
366.0
365.0
366.0
366.0
365.0
365.0
365.0
365.0
365.0
365.0
365.0
195.0
365.0
195.0
396.0
397.0
396.0
226.0
226.0
226.0
226.0
226.0
226.0
226.0
195.0
195.0
196.0
196.0
195.0
196.0
195.0
195.0
196.0
196.0
365.0
366.0
365.0
365.0
366.0
366.0
366.0
366.0
365.0
366.0
423.0
423.0
424.0
423.0
423.0
423.0
424.0
423.0
424.0
424.0
366.0
366.0
365.0
366.0
366.0
366.0
366.0
366.0
365.0
366.0
365.0
365.0
366.0
365.0
365.0
365.0
365.0
366.0
366.0
366.0
396.0
395.0
397.0
396.0
397.0
396.0
397.0
396.0
396.0
396.0
366.0
366.0
366.0
366.0
366.0
366.0
366.0
366.0
366.0
366.0
365.0
365.0
366.0
366.0
365.0
366.0
365.0
366.0
366.0
366.0
397.0
397.0
397.0
397.0
397.0
397.0
397.0
227.0
396.0
227.0
366.0
366.0
365.0
195.0
195.0
195.0
196.0
195.0
195.0
196.0
195.0
196.0
196.0
195.0
195.0
196.0
195.0
195.0
196.0
195.0
423.0
423.0
423.0
423.0
424.0
423.0
425.0
424.0
424.0
423.0
366.0
366.0
367.0
367.0
366.0
366.0
366.0
366.0
366.0
366.0
365.0
366.0
365.0
366.0
366.0
366.0
366.0
366.0
367.0
392.0
413.0
425.0
417.0
418.0
417.0
419.0
418.0
418.0
421.0
392.0
371.0
367.0
367.0
368.0
366.0
367.0
366.0
367.0
366.0
366.0
365.0
366.0
366.0
366.0
366.0
366.0
366.0
393.0
397.0
396.0
396.0
396.0
396.0
397.0
398.0
397.0
398.0
369.0
366.0
365.0
365.0
365.0
366.0
365.0
365.0
366.0
366.0
195.0
366.0
197.0
367.0
422.0
423.0
196.0
196.0
197.0
196.0
195.0
196.0
254.0
254.0
253.0
253.0
253.0
254.0
254.0
253.0
196.0
195.0
196.0
366.0
367.0
366.0
366.0
366.0
367.0
367.0
367.0
367.0
367.0
369.0
369.0
369.0
369.0
369.0
368.0
369.0
369.0
399.0
399.0
398.0
398.0
398.0
397.0
398.0
398.0
398.0
398.0
365.0
366.0
367.0
366.0
366.0
365.0
365.0
366.0
366.0
366.0
365.0
366.0
397.0
397.0
397.0
397.0
396.0
397.0
397.0
398.0
397.0
396.0
367.0
366.0
366.0
367.0
367.0
367.0
366.0
366.0
366.0
365.0
369.0
369.0
369.0
368.0
368.0
369.0
369.0
369.0
368.0
369.0
424.0
424.0
424.0
425.0
424.0
424.0
424.0
253.0
424.0
253.0
368.0
367.0
366.0
197.0
196.0
196.0
196.0
196.0
196.0
196.0
195.0
196.0
195.0
195.0
195.0
195.0
195.0
195.0
195.0
196.0
366.0
365.0
366.0
365.0
366.0
366.0
396.0
395.0
395.0
395.0
395.0
396.0
396.0
396.0
395.0
396.0
366.0
365.0
365.0
366.0
365.0
366.0
366.0
366.0
366.0
365.0
366.0
366.0
365.0
366.0
397.0
396.0
397.0
396.0
396.0
396.0
397.0
396.0
396.0
397.0
365.0
366.0
365.0
366.0
365.0
366.0
366.0
366.0
365.0
365.0
366.0
365.0
366.0
366.0
366.0
365.0
366.0
425.0
424.0
425.0
425.0
425.0
424.0
424.0
424.0
425.0
426.0
366.0
367.0
367.0
367.0
367.0
367.0
366.0
367.0
367.0
367.0
195.0
365.0
195.0
365.0
366.0
365.0
195.0
196.0
196.0
195.0
195.0
196.0
195.0
226.0
226.0
225.0
227.0
226.0
227.0
226.0
227.0
226.0
226.0
366.0
365.0
365.0
366.0
365.0
366.0
366.0
365.0
366.0
366.0
366.0
365.0
366.0
365.0
366.0
366.0
365.0
366.0
365.0
366.0
396.0
397.0
396.0
396.0
396.0
396.0
396.0
396.0
397.0
396.0
366.0
365.0
365.0
366.0
365.0
366.0
365.0
365.0
365.0
366.0
365.0
366.0
366.0
365.0
366.0
366.0
420.0
419.0
420.0
420.0
422.0
421.0
421.0
421.0
421.0
422.0
365.0
366.0
367.0
366.0
366.0
365.0
365.0
365.0
366.0
366.0
365.0
365.0
365.0
366.0
396.0
396.0
396.0
396.0
395.0
396.0
395.0
195.0
395.0
226.0
396.0
365.0
365.0
195.0
196.0
195.0
196.0
195.0
196.0
196.0
195.0
195.0
196.0
195.0
196.0
195.0
195.0
195.0
196.0
195.0
366.0
366.0
365.0
366.0
366.0
365.0
365.0
365.0
365.0
366.0
393.0
393.0
394.0
393.0
394.0
393.0
394.0
393.0
394.0
394.0
366.0
366.0
366.0
366.0
365.0
365.0
365.0
366.0
366.0
366.0
365.0
365.0
366.0
365.0
420.0
419.0
420.0
420.0
419.0
420.0
421.0
421.0
421.0
421.0
367.0
366.0
366.0
367.0
367.0
367.0
366.0
366.0
365.0
366.0
366.0
365.0
365.0
365.0
365.0
366.0
410.0
410.0
411.0
411.0
416.0
422.0
422.0
425.0
428.0
422.0
378.0
378.0
377.0
378.0
373.0
366.0
365.0
196.0
366.0
195.0
366.0
365.0
365.0
195.0
195.0
195.0
195.0
195.0
196.0
195.0
195.0
197.0
195.0
196.0
195.0
195.0
224.0
224.0
225.0
224.0
394.0
394.0
395.0
395.0
394.0
394.0
366.0
366.0
366.0
365.0
366.0
366.0
366.0
366.0
366.0
365.0
365.0
366.0
365.0
366.0
421.0
421.0
421.0
422.0
421.0
421.0
422.0
422.0
422.0
422.0
368.0
368.0
367.0
367.0
367.0
367.0
367.0
367.0
367.0
367.0
365.0
365.0
366.0
366.0
365.0
365.0
365.0
366.0
366.0
366.0
397.0
397.0
397.0
396.0
396.0
396.0
397.0
396.0
396.0
396.0
366.0
365.0
365.0
367.0
365.0
365.0
365.0
365.0
366.0
365.0
365.0
365.0
365.0
365.0
365.0
365.0
398.0
196.0
397.0
195.0
398.0
398.0
398.0
228.0
228.0
228.0
228.0
228.0
195.0
195.0
195.0
195.0
191.0
183.0
182.0
175.0
175.0
175.0
175.0
174.0
