2.0
2.0
1.0
2.0
2.0
2.0
2.0
2.0
2.0
2.0
1.0
1.0
1.0
1.0
1.0
1.0
2.0
2.0
1.0
1.0
1.0
1.0
366.0
366.0
366.0
366.0
365.0
365.0
365.0
366.0
366.0
366.0
369.0
369.0
369.0
370.0
370.0
370.0
368.0
368.0
368.0
369.0
361.0
362.0
361.0
361.0
364.0
362.0
361.0
360.0
1.0
1.0
1.0
1.0
1.0
2.0
1.0
1.0
1.0
1.0
1.0
1.0
361.0
360.0
365.0
365.0
365.0
366.0
365.0
365.0
365.0
365.0
365.0
365.0
369.0
369.0
368.0
369.0
369.0
369.0
370.0
371.0
368.0
369.0
361.0
360.0
361.0
360.0
361.0
361.0
1.0
1.0
1.0
1.0
1.0
1.0
1.0
1.0
1.0
1.0
1.0
1.0
361.0
362.0
362.0
361.0
368.0
368.0
368.0
369.0
368.0
368.0
367.0
366.0
367.0
366.0
368.0
368.0
368.0
369.0
369.0
369.0
369.0
370.0
369.0
368.0
360.0
360.0
360.0
360.0
1.0
1.0
1.0
1.0
1.0
1.0
1.0
1.0
1.0
1.0
1.0
1.0
360.0
361.0
361.0
361.0
361.0
360.0
366.0
365.0
365.0
368.0
367.0
366.0
366.0
366.0
366.0
366.0
373.0
373.0
373.0
373.0
372.0
372.0
372.0
373.0
373.0
372.0
360.0
360.0
1.0
1.0
1.0
1.0
2.0
1.0
1.0
1.0
1.0
1.0
1.0
1.0
361.0
361.0
361.0
361.0
362.0
361.0
361.0
361.0
360.0
360.0
362.0
361.0
361.0
361.0
361.0
360.0
361.0
361.0
372.0
373.0
371.0
372.0
372.0
372.0
372.0
375.0
371.0
371.0
1.0
1.0
1.0
1.0
1.0
1.0
1.0
1.0
1.0
1.0
1.0
1.0
365.0
364.0
363.0
365.0
365.0
364.0
364.0
363.0
363.0
364.0
360.0
361.0
362.0
361.0
360.0
362.0
361.0
361.0
361.0
361.0
372.0
372.0
372.0
373.0
372.0
372.0
373.0
372.0
1.0
0.0
1.0
1.0
1.0
1.0
1.0
1.0
1.0
1.0
1.0
1.0
372.0
372.0
361.0
361.0
361.0
361.0
361.0
360.0
360.0
362.0
360.0
361.0
361.0
360.0
361.0
361.0
361.0
360.0
360.0
361.0
360.0
360.0
364.0
366.0
364.0
365.0
365.0
365.0
0.0
1.0
1.0
0.0
1.0
0.0
1.0
1.0
1.0
1.0
1.0
1.0
373.0
374.0
373.0
372.0
370.0
370.0
369.0
369.0
369.0
369.0
360.0
361.0
362.0
361.0
361.0
361.0
361.0
361.0
361.0
360.0
361.0
360.0
362.0
361.0
364.0
363.0
364.0
370.0
1.0
1.0
1.0
1.0
1.0
1.0
1.0
1.0
1.0
1.0
1.0
1.0
364.0
365.0
364.0
366.0
365.0
365.0
369.0
368.0
370.0
369.0
369.0
369.0
368.0
369.0
369.0
370.0
360.0
361.0
360.0
361.0
361.0
361.0
360.0
361.0
361.0
362.0
365.0
364.0
1.0
1.0
1.0
1.0
1.0
1.0
1.0
1.0
1.0
1.0
1.0
1.0
364.0
364.0
364.0
364.0
365.0
364.0
364.0
366.0
389.0
390.0
391.0
389.0
389.0
393.0
392.0
392.0
390.0
390.0
367.0
367.0
367.0
367.0
367.0
368.0
367.0
368.0
367.0
367.0
0.0
1.0
1.0
1.0
1.0
1.0
1.0
1.0
1.0
1.0
1.0
1.0
364.0
364.0
364.0
364.0
364.0
364.0
365.0
364.0
364.0
365.0
369.0
368.0
370.0
370.0
369.0
368.0
369.0
369.0
369.0
370.0
362.0
361.0
361.0
361.0
361.0
360.0
360.0
360.0
1.0
1.0
1.0
1.0
1.0
1.0
1.0
1.0
1.0
1.0
0.0
1.0
362.0
360.0
366.0
367.0
366.0
366.0
367.0
366.0
366.0
366.0
366.0
365.0
369.0
369.0
368.0
369.0
369.0
368.0
369.0
369.0
369.0
371.0
361.0
360.0
360.0
360.0
361.0
361.0
0.0
1.0
1.0
1.0
1.0
1.0
1.0
1.0
1.0
1.0
1.0
1.0
361.0
361.0
360.0
362.0
364.0
364.0
365.0
363.0
362.0
366.0
364.0
363.0
363.0
366.0
372.0
372.0
371.0
372.0
371.0
370.0
371.0
371.0
371.0
372.0
360.0
360.0
360.0
361.0
1.0
0.0
1.0
1.0
1.0
1.0
1.0
1.0
1.0
1.0
1.0
1.0
361.0
361.0
361.0
361.0
361.0
362.0
360.0
360.0
360.0
361.0
360.0
360.0
362.0
361.0
361.0
362.0
373.0
373.0
373.0
374.0
374.0
374.0
373.0
374.0
374.0
374.0
361.0
361.0
0.0
1.0
1.0
1.0
1.0
1.0
1.0
1.0
1.0
0.0
1.0
1.0
361.0
362.0
360.0
361.0
361.0
360.0
360.0
362.0
360.0
360.0
360.0
360.0
361.0
360.0
361.0
360.0
361.0
361.0
373.0
374.0
374.0
374.0
374.0
374.0
375.0
373.0
373.0
375.0
1.0
1.0
1.0
1.0
1.0
1.0
1.0
0.0
1.0
1.0
1.0
1.0
361.0
361.0
360.0
361.0
361.0
360.0
364.0
362.0
360.0
364.0
360.0
360.0
361.0
361.0
361.0
361.0
361.0
360.0
361.0
362.0
375.0
374.0
374.0
374.0
373.0
374.0
374.0
374.0
1.0
0.0
1.0
1.0
1.0
1.0
1.0
1.0
1.0
1.0
1.0
0.0
374.0
376.0
359.0
360.0
361.0
361.0
361.0
360.0
361.0
361.0
361.0
362.0
361.0
360.0
360.0
361.0
360.0
361.0
360.0
360.0
362.0
362.0
371.0
372.0
371.0
372.0
372.0
372.0
1.0
1.0
1.0
1.0
1.0
1.0
1.0
1.0
1.0
1.0
1.0
1.0
371.0
372.0
374.0
374.0
360.0
360.0
361.0
360.0
361.0
361.0
362.0
361.0
361.0
361.0
360.0
361.0
360.0
361.0
361.0
360.0
361.0
362.0
361.0
362.0
376.0
376.0
375.0
376.0
1.0
1.0
0.0
1.0
1.0
1.0
1.0
1.0
1.0
1.0
1.0
1.0
377.0
379.0
376.0
376.0
377.0
377.0
360.0
360.0
359.0
360.0
361.0
361.0
361.0
361.0
361.0
361.0
360.0
359.0
360.0
361.0
361.0
361.0
361.0
361.0
361.0
362.0
373.0
373.0
1.0
1.0
1.0
1.0
1.0
1.0
1.0
1.0
1.0
1.0
1.0
0.0
373.0
374.0
374.0
374.0
373.0
374.0
374.0
373.0
360.0
361.0
361.0
361.0
361.0
360.0
361.0
361.0
361.0
364.0
360.0
361.0
361.0
361.0
362.0
362.0
362.0
361.0
361.0
361.0
1.0
1.0
1.0
1.0
1.0
0.0
1.0
1.0
1.0
1.0
1.0
1.0
374.0
375.0
375.0
375.0
376.0
375.0
374.0
375.0
376.0
375.0
360.0
360.0
360.0
360.0
360.0
361.0
361.0
361.0
360.0
361.0
360.0
361.0
360.0
361.0
361.0
360.0
360.0
361.0
1.0
1.0
1.0
1.0
1.0
1.0
1.0
0.0
0.0
1.0
1.0
1.0
362.0
362.0
374.0
374.0
373.0
373.0
374.0
374.0
375.0
373.0
374.0
374.0
360.0
361.0
360.0
361.0
361.0
361.0
361.0
361.0
361.0
361.0
360.0
361.0
361.0
361.0
361.0
361.0
1.0
1.0
0.0
1.0
1.0
1.0
1.0
1.0
1.0
1.0
1.0
0.0
362.0
362.0
362.0
361.0
364.0
363.0
377.0
375.0
375.0
374.0
377.0
377.0
376.0
378.0
373.0
374.0
360.0
360.0
361.0
362.0
362.0
361.0
362.0
362.0
360.0
361.0
361.0
365.0
1.0
0.0
1.0
0.0
1.0
1.0
1.0
1.0
1.0
1.0
1.0
1.0
361.0
362.0
362.0
362.0
361.0
361.0
362.0
363.0
363.0
366.0
363.0
363.0
364.0
364.0
372.0
377.0
373.0
373.0
374.0
375.0
375.0
374.0
375.0
375.0
363.0
363.0
382.0
383.0
1.0
1.0
1.0
1.0
1.0
0.0
1.0
1.0
1.0
0.0
1.0
1.0
383.0
390.0
383.0
383.0
384.0
383.0
383.0
385.0
366.0
365.0
365.0
370.0
367.0
367.0
366.0
366.0
367.0
375.0
368.0
368.0
368.0
369.0
369.0
373.0
369.0
374.0
369.0
363.0
1.0
1.0
1.0
1.0
1.0
1.0
1.0
1.0
0.0
1.0
1.0
1.0
360.0
360.0
361.0
361.0
361.0
369.0
362.0
362.0
362.0
363.0
367.0
368.0
368.0
367.0
369.0
369.0
368.0
377.0
369.0
370.0
367.0
368.0
368.0
369.0
369.0
369.0
370.0
369.0
1.0
1.0
1.0
1.0
1.0
0.0
1.0
1.0
1.0
1.0
1.0
1.0
369.0
371.0
360.0
359.0
360.0
361.0
361.0
362.0
361.0
361.0
362.0
361.0
364.0
364.0
367.0
368.0
369.0
365.0
365.0
368.0
369.0
369.0
370.0
369.0
369.0
370.0
370.0
370.0
1.0
1.0
1.0
1.0
1.0
1.0
1.0
1.0
1.0
1.0
0.0
1.0
370.0
374.0
370.0
371.0
361.0
361.0
361.0
361.0
362.0
361.0
361.0
361.0
361.0
362.0
359.0
360.0
360.0
365.0
366.0
364.0
369.0
367.0
368.0
367.0
373.0
372.0
371.0
370.0
1.0
1.0
1.0
1.0
1.0
1.0
1.0
1.0
1.0
1.0
1.0
1.0
368.0
373.0
368.0
368.0
368.0
369.0
359.0
359.0
360.0
360.0
360.0
361.0
361.0
361.0
361.0
361.0
359.0
358.0
359.0
361.0
360.0
361.0
362.0
363.0
366.0
367.0
370.0
372.0
1.0
1.0
1.0
1.0
1.0
1.0
1.0
1.0
1.0
0.0
1.0
1.0
376.0
374.0
374.0
376.0
372.0
371.0
370.0
369.0
359.0
358.0
360.0
360.0
360.0
360.0
360.0
360.0
360.0
360.0
358.0
359.0
361.0
360.0
360.0
361.0
361.0
360.0
361.0
362.0
1.0
1.0
1.0
1.0
1.0
1.0
1.0
1.0
1.0
0.0
1.0
0.0
371.0
371.0
373.0
372.0
372.0
374.0
373.0
373.0
372.0
373.0
359.0
358.0
360.0
360.0
360.0
360.0
361.0
361.0
361.0
360.0
359.0
360.0
359.0
360.0
360.0
362.0
360.0
360.0
1.0
1.0
1.0
0.0
0.0
1.0
1.0
1.0
1.0
1.0
1.0
1.0
362.0
361.0
371.0
371.0
373.0
372.0
373.0
373.0
374.0
373.0
373.0
373.0
359.0
358.0
360.0
360.0
360.0
360.0
361.0
362.0
361.0
361.0
358.0
358.0
359.0
360.0
360.0
360.0
1.0
0.0
1.0
1.0
1.0
1.0
0.0
1.0
1.0
1.0
1.0
1.0
361.0
360.0
360.0
360.0
371.0
371.0
372.0
371.0
372.0
373.0
373.0
373.0
373.0
372.0
359.0
359.0
360.0
360.0
361.0
360.0
360.0
361.0
360.0
361.0
359.0
359.0
358.0
359.0
1.0
1.0
0.0
0.0
1.0
1.0
1.0
1.0
1.0
1.0
1.0
1.0
360.0
360.0
360.0
362.0
361.0
360.0
371.0
372.0
372.0
372.0
373.0
374.0
373.0
373.0
373.0
372.0
359.0
359.0
359.0
359.0
361.0
360.0
360.0
360.0
361.0
361.0
359.0
359.0
1.0
1.0
1.0
1.0
1.0
1.0
1.0
1.0
1.0
1.0
1.0
1.0
358.0
359.0
360.0
361.0
360.0
361.0
362.0
361.0
371.0
371.0
371.0
372.0
372.0
373.0
373.0
373.0
374.0
374.0
358.0
358.0
360.0
359.0
361.0
362.0
361.0
360.0
361.0
360.0
1.0
1.0
1.0
1.0
1.0
1.0
1.0
1.0
1.0
1.0
1.0
0.0
359.0
359.0
359.0
358.0
361.0
361.0
360.0
363.0
362.0
361.0
373.0
373.0
372.0
373.0
373.0
375.0
372.0
373.0
374.0
373.0
359.0
358.0
359.0
357.0
361.0
359.0
364.0
359.0
1.0
1.0
1.0
1.0
1.0
1.0
0.0
1.0
1.0
1.0
1.0
1.0
361.0
360.0
359.0
358.0
360.0
359.0
361.0
359.0
360.0
360.0
360.0
360.0
363.0
364.0
372.0
372.0
374.0
374.0
374.0
374.0
374.0
374.0
368.0
367.0
359.0
359.0
360.0
359.0
1.0
1.0
1.0
1.0
0.0
1.0
1.0
1.0
1.0
1.0
1.0
1.0
361.0
360.0
361.0
360.0
359.0
358.0
359.0
359.0
360.0
360.0
360.0
361.0
360.0
361.0
362.0
363.0
370.0
370.0
371.0
371.0
372.0
372.0
372.0
371.0
365.0
365.0
358.0
359.0
0.0
1.0
0.0
1.0
1.0
1.0
1.0
1.0
1.0
1.0
1.0
1.0
360.0
359.0
360.0
360.0
361.0
362.0
359.0
358.0
359.0
359.0
360.0
360.0
360.0
360.0
361.0
361.0
373.0
375.0
377.0
380.0
394.0
389.0
394.0
389.0
402.0
393.0
380.0
382.0
1.0
1.0
1.0
1.0
1.0
1.0
1.0
1.0
1.0
1.0
0.0
1.0
380.0
379.0
369.0
370.0
367.0
368.0
366.0
379.0
361.0
359.0
360.0
360.0
360.0
363.0
360.0
360.0
361.0
375.0
362.0
361.0
365.0
365.0
367.0
366.0
366.0
374.0
375.0
391.0
1.0
1.0
1.0
1.0
1.0
1.0
1.0
1.0
1.0
1.0
1.0
1.0
368.0
369.0
367.0
367.0
368.0
369.0
368.0
360.0
361.0
376.0
360.0
359.0
359.0
360.0
360.0
361.0
360.0
361.0
361.0
376.0
359.0
359.0
362.0
361.0
367.0
368.0
369.0
369.0
0.0
1.0
1.0
1.0
1.0
1.0
1.0
1.0
1.0
1.0
1.0
0.0
375.0
393.0
372.0
377.0
370.0
370.0
370.0
370.0
370.0
369.0
360.0
376.0
359.0
360.0
359.0
360.0
359.0
360.0
360.0
361.0
361.0
374.0
359.0
358.0
359.0
358.0
365.0
365.0
1.0
1.0
1.0
1.0
1.0
0.0
0.0
0.0
1.0
1.0
1.0
1.0
366.0
366.0
367.0
388.0
373.0
373.0
372.0
372.0
367.0
369.0
368.0
368.0
369.0
376.0
359.0
359.0
359.0
359.0
361.0
359.0
359.0
360.0
361.0
375.0
359.0
359.0
359.0
359.0
1.0
1.0
1.0
1.0
1.0
1.0
1.0
1.0
1.0
0.0
1.0
1.0
363.0
363.0
363.0
362.0
364.0
386.0
371.0
371.0
371.0
370.0
368.0
368.0
368.0
369.0
368.0
372.0
364.0
364.0
365.0
365.0
364.0
365.0
364.0
364.0
366.0
359.0
359.0
359.0
1.0
1.0
1.0
1.0
1.0
1.0
0.0
0.0
1.0
1.0
1.0
1.0
359.0
360.0
360.0
359.0
361.0
365.0
369.0
373.0
372.0
376.0
375.0
375.0
378.0
377.0
371.0
370.0
369.0
359.0
359.0
359.0
358.0
358.0
359.0
360.0
360.0
360.0
360.0
360.0
1.0
1.0
1.0
1.0
1.0
1.0
1.0
1.0
1.0
0.0
1.0
1.0
359.0
360.0
359.0
359.0
360.0
359.0
360.0
359.0
364.0
370.0
370.0
370.0
369.0
370.0
371.0
371.0
371.0
372.0
369.0
358.0
364.0
359.0
359.0
359.0
359.0
360.0
360.0
359.0
1.0
1.0
1.0
1.0
0.0
1.0
1.0
1.0
1.0
1.0
1.0
1.0
359.0
358.0
360.0
360.0
358.0
359.0
360.0
359.0
359.0
359.0
362.0
372.0
372.0
372.0
372.0
371.0
372.0
372.0
373.0
372.0
369.0
359.0
360.0
359.0
358.0
359.0
359.0
359.0
1.0
1.0
0.0
1.0
1.0
1.0
0.0
1.0
1.0
1.0
1.0
1.0
360.0
360.0
360.0
359.0
360.0
359.0
359.0
358.0
359.0
360.0
360.0
359.0
360.0
371.0
372.0
371.0
371.0
371.0
372.0
371.0
371.0
372.0
372.0
361.0
359.0
360.0
359.0
359.0
1.0
1.0
0.0
1.0
1.0
1.0
1.0
1.0
1.0
1.0
1.0
1.0
360.0
360.0
360.0
360.0
360.0
361.0
359.0
359.0
359.0
360.0
359.0
360.0
360.0
359.0
361.0
371.0
371.0
370.0
371.0
370.0
372.0
371.0
371.0
372.0
371.0
359.0
360.0
359.0
1.0
0.0
1.0
1.0
1.0
1.0
1.0
1.0
1.0
1.0
1.0
1.0
359.0
360.0
360.0
359.0
359.0
360.0
359.0
365.0
359.0
360.0
358.0
359.0
359.0
361.0
360.0
359.0
360.0
368.0
363.0
363.0
372.0
371.0
373.0
374.0
373.0
374.0
373.0
373.0
1.0
1.0
1.0
1.0
1.0
1.0
1.0
1.0
1.0
1.0
1.0
10.0
368.0
359.0
366.0
360.0
361.0
360.0
360.0
359.0
360.0
370.0
359.0
359.0
360.0
361.0
361.0
361.0
361.0
361.0
361.0
365.0
365.0
364.0
373.0
371.0
374.0
374.0
374.0
375.0
1.0
1.0
1.0
1.0
0.0
1.0
1.0
1.0
1.0
1.0
1.0
1.0
373.0
370.0
369.0
369.0
359.0
360.0
359.0
361.0
360.0
361.0
360.0
359.0
359.0
360.0
360.0
359.0
361.0
361.0
360.0
359.0
360.0
364.0
368.0
368.0
368.0
368.0
374.0
373.0
1.0
1.0
1.0
1.0
1.0
1.0
1.0
1.0
0.0
1.0
1.0
1.0
377.0
376.0
377.0
369.0
368.0
368.0
369.0
368.0
360.0
360.0
361.0
362.0
361.0
359.0
359.0
358.0
359.0
358.0
359.0
358.0
360.0
359.0
360.0
363.0
363.0
362.0
362.0
364.0
1.0
1.0
1.0
1.0
1.0
1.0
1.0
1.0
1.0
1.0
1.0
1.0
372.0
371.0
371.0
372.0
373.0
385.0
378.0
378.0
382.0
382.0
383.0
383.0
395.0
386.0
389.0
379.0
387.0
379.0
375.0
373.0
365.0
366.0
364.0
364.0
360.0
363.0
364.0
363.0
1.0
1.0
1.0
1.0
1.0
1.0
1.0
1.0
1.0
1.0
0.0
1.0
364.0
363.0
371.0
371.0
371.0
373.0
372.0
367.0
367.0
367.0
367.0
367.0
360.0
360.0
361.0
360.0
360.0
359.0
359.0
360.0
355.0
356.0
345.0
345.0
341.0
341.0
331.0
293.0
