1.0
1.0
0.0
0.0
1.0
1.0
0.0
0.0
1.0
1.0
1.0
1.0
0.0
184.0
103.0
185.0
103.0
103.0
102.0
170.0
183.0
185.0
173.0
103.0
102.0
102.0
101.0
84.0
101.0
184.0
2.0
1.0
1.0
145.0
184.0
143.0
103.0
103.0
104.0
104.0
83.0
102.0
102.0
102.0
102.0
104.0
103.0
102.0
82.0
184.0
1.0
1.0
2.0
183.0
103.0
103.0
104.0
105.0
103.0
129.0
140.0
103.0
102.0
103.0
103.0
103.0
103.0
104.0
92.0
111.0
2.0
1.0
1.0
106.0
85.0
103.0
103.0
103.0
103.0
103.0
103.0
83.0
83.0
118.0
115.0
116.0
117.0
116.0
116.0
117.0
1.0
0.0
1.0
102.0
102.0
117.0
102.0
102.0
103.0
83.0
102.0
104.0
104.0
104.0
83.0
102.0
104.0
103.0
146.0
147.0
1.0
0.0
1.0
84.0
102.0
103.0
102.0
101.0
103.0
104.0
102.0
84.0
103.0
104.0
103.0
102.0
151.0
150.0
103.0
103.0
1.0
0.0
1.0
102.0
85.0
103.0
103.0
103.0
103.0
102.0
85.0
102.0
103.0
150.0
150.0
103.0
102.0
103.0
103.0
84.0
1.0
1.0
0.0
103.0
102.0
102.0
104.0
85.0
150.0
104.0
102.0
105.0
149.0
104.0
102.0
103.0
84.0
103.0
102.0
102.0
0.0
1.0
1.0
104.0
103.0
103.0
149.0
104.0
150.0
84.0
104.0
104.0
102.0
103.0
103.0
84.0
104.0
103.0
155.0
152.0
1.0
0.0
1.0
103.0
103.0
104.0
119.0
119.0
102.0
119.0
118.0
117.0
117.0
116.0
100.0
91.0
97.0
89.0
87.0
93.0
1.0
0.0
0.0
1.0
1.0
0.0
1.0
1.0
1.0
0.0
0.0
0.0
1.0
1.0
1.0
0.0
1.0
0.0
1.0
1.0
1.0
1.0
1.0
1.0
0.0
0.0
1.0
1.0
1.0
1.0
102.0
102.0
103.0
103.0
103.0
102.0
185.0
178.0
184.0
179.0
102.0
103.0
102.0
103.0
102.0
103.0
83.0
101.0
184.0
183.0
102.0
103.0
102.0
103.0
102.0
102.0
84.0
101.0
91.0
104.0
101.0
102.0
103.0
103.0
83.0
129.0
128.0
103.0
84.0
102.0
103.0
103.0
104.0
105.0
82.0
103.0
117.0
117.0
117.0
117.0
102.0
118.0
118.0
117.0
117.0
84.0
103.0
102.0
84.0
103.0
103.0
103.0
104.0
103.0
102.0
85.0
83.0
103.0
108.0
104.0
102.0
103.0
104.0
103.0
103.0
83.0
125.0
101.0
103.0
125.0
102.0
84.0
103.0
103.0
102.0
103.0
93.0
101.0
88.0
101.0
102.0
102.0
103.0
104.0
103.0
89.0
89.0
88.0
103.0
103.0
102.0
89.0
101.0
101.0
102.0
103.0
90.0
92.0
98.0
92.0
100.0
98.0
94.0
99.0
100.0
99.0
93.0
93.0
97.0
95.0
96.0
95.0
95.0
96.0
98.0
96.0
96.0
96.0
95.0
97.0
96.0
97.0
96.0
95.0
96.0
95.0
97.0
96.0
94.0
95.0
97.0
97.0
95.0
95.0
96.0
96.0
111.0
111.0
111.0
112.0
112.0
112.0
111.0
112.0
112.0
112.0
98.0
96.0
95.0
96.0
96.0
97.0
97.0
95.0
96.0
96.0
95.0
95.0
95.0
95.0
0.0
1.0
0.0
1.0
0.0
1.0
0.0
1.0
0.0
1.0
0.0
1.0
0.0
0.0
1.0
1.0
1.0
0.0
0.0
0.0
1.0
1.0
1.0
0.0
0.0
0.0
1.0
1.0
1.0
0.0
95.0
95.0
96.0
96.0
96.0
95.0
97.0
96.0
95.0
96.0
95.0
98.0
95.0
95.0
96.0
96.0
95.0
96.0
95.0
95.0
95.0
94.0
96.0
95.0
95.0
95.0
95.0
97.0
95.0
96.0
95.0
95.0
95.0
97.0
95.0
96.0
96.0
96.0
95.0
97.0
95.0
96.0
95.0
96.0
96.0
96.0
96.0
96.0
96.0
96.0
95.0
95.0
96.0
96.0
95.0
95.0
96.0
96.0
94.0
95.0
95.0
96.0
95.0
97.0
96.0
96.0
97.0
96.0
95.0
97.0
95.0
94.0
95.0
96.0
95.0
96.0
96.0
97.0
95.0
110.0
111.0
111.0
111.0
112.0
112.0
112.0
113.0
112.0
113.0
96.0
95.0
95.0
95.0
95.0
95.0
96.0
95.0
96.0
95.0
95.0
95.0
94.0
95.0
96.0
95.0
96.0
96.0
96.0
95.0
96.0
95.0
95.0
95.0
96.0
96.0
96.0
96.0
96.0
95.0
98.0
94.0
95.0
95.0
95.0
96.0
95.0
96.0
97.0
95.0
96.0
95.0
96.0
95.0
95.0
97.0
96.0
96.0
95.0
95.0
96.0
95.0
95.0
95.0
96.0
97.0
96.0
94.0
97.0
95.0
97.0
94.0
95.0
96.0
96.0
96.0
96.0
95.0
96.0
97.0
96.0
95.0
94.0
95.0
96.0
96.0
96.0
95.0
95.0
94.0
96.0
1.0
0.0
1.0
0.0
1.0
0.0
1.0
0.0
1.0
1.0
0.0
0.0
1.0
1.0
0.0
0.0
1.0
1.0
1.0
0.0
0.0
1.0
1.0
1.0
0.0
0.0
1.0
1.0
1.0
0.0
95.0
95.0
95.0
95.0
97.0
95.0
96.0
96.0
96.0
95.0
95.0
95.0
96.0
95.0
95.0
96.0
112.0
114.0
112.0
111.0
111.0
114.0
112.0
113.0
113.0
112.0
96.0
97.0
96.0
97.0
95.0
96.0
96.0
95.0
95.0
96.0
139.0
140.0
139.0
138.0
139.0
140.0
140.0
139.0
141.0
140.0
96.0
96.0
96.0
96.0
95.0
96.0
95.0
97.0
96.0
96.0
96.0
95.0
96.0
96.0
95.0
96.0
97.0
95.0
96.0
95.0
96.0
96.0
96.0
96.0
95.0
96.0
95.0
96.0
95.0
95.0
97.0
96.0
95.0
96.0
94.0
95.0
96.0
95.0
96.0
96.0
96.0
96.0
97.0
96.0
94.0
95.0
95.0
95.0
96.0
96.0
95.0
96.0
96.0
96.0
95.0
96.0
96.0
96.0
96.0
96.0
96.0
97.0
96.0
96.0
95.0
96.0
97.0
96.0
96.0
96.0
96.0
97.0
95.0
95.0
97.0
96.0
96.0
95.0
96.0
97.0
96.0
96.0
96.0
94.0
96.0
95.0
96.0
96.0
96.0
96.0
96.0
97.0
96.0
111.0
112.0
112.0
113.0
113.0
115.0
114.0
113.0
112.0
112.0
96.0
96.0
96.0
97.0
95.0
95.0
96.0
96.0
96.0
96.0
95.0
96.0
97.0
95.0
95.0
95.0
96.0
97.0
96.0
96.0
95.0
0.0
1.0
0.0
1.0
1.0
0.0
1.0
0.0
1.0
0.0
1.0
0.0
1.0
0.0
1.0
0.0
1.0
0.0
1.0
0.0
0.0
0.0
0.0
1.0
1.0
0.0
0.0
1.0
1.0
0.0
96.0
95.0
96.0
95.0
95.0
96.0
95.0
96.0
95.0
94.0
97.0
96.0
96.0
96.0
96.0
97.0
95.0
97.0
95.0
95.0
94.0
96.0
96.0
96.0
96.0
96.0
97.0
95.0
95.0
96.0
95.0
96.0
96.0
95.0
96.0
96.0
95.0
97.0
95.0
94.0
96.0
96.0
96.0
95.0
95.0
96.0
97.0
95.0
96.0
95.0
95.0
96.0
96.0
95.0
94.0
95.0
95.0
96.0
95.0
95.0
95.0
96.0
96.0
95.0
95.0
95.0
96.0
96.0
96.0
95.0
94.0
97.0
95.0
96.0
111.0
111.0
112.0
112.0
113.0
112.0
112.0
113.0
112.0
112.0
97.0
97.0
96.0
96.0
95.0
94.0
95.0
96.0
95.0
95.0
96.0
95.0
96.0
95.0
97.0
95.0
96.0
96.0
96.0
95.0
96.0
96.0
95.0
95.0
96.0
94.0
96.0
96.0
96.0
97.0
96.0
94.0
96.0
95.0
96.0
94.0
96.0
95.0
96.0
96.0
95.0
95.0
96.0
95.0
95.0
95.0
96.0
95.0
95.0
95.0
96.0
96.0
96.0
96.0
96.0
94.0
95.0
95.0
96.0
96.0
95.0
97.0
95.0
95.0
97.0
95.0
96.0
95.0
95.0
95.0
95.0
96.0
96.0
95.0
97.0
95.0
96.0
95.0
96.0
96.0
96.0
96.0
97.0
96.0
94.0
95.0
0.0
1.0
0.0
1.0
1.0
1.0
0.0
0.0
1.0
1.0
0.0
0.0
1.0
1.0
0.0
0.0
1.0
1.0
1.0
0.0
1.0
1.0
1.0
1.0
0.0
0.0
0.0
0.0
1.0
1.0
94.0
96.0
95.0
96.0
95.0
96.0
97.0
110.0
111.0
112.0
112.0
111.0
113.0
112.0
113.0
111.0
111.0
98.0
95.0
96.0
94.0
95.0
94.0
95.0
96.0
96.0
95.0
95.0
94.0
96.0
95.0
96.0
95.0
96.0
95.0
97.0
96.0
95.0
95.0
96.0
94.0
95.0
95.0
96.0
96.0
96.0
97.0
96.0
95.0
97.0
95.0
95.0
96.0
96.0
95.0
96.0
96.0
96.0
94.0
95.0
94.0
94.0
96.0
96.0
96.0
96.0
97.0
95.0
95.0
96.0
95.0
95.0
96.0
96.0
96.0
96.0
95.0
94.0
95.0
96.0
94.0
95.0
95.0
96.0
95.0
96.0
97.0
94.0
95.0
95.0
95.0
95.0
95.0
97.0
96.0
96.0
96.0
95.0
94.0
96.0
94.0
96.0
94.0
95.0
96.0
97.0
96.0
95.0
96.0
96.0
96.0
109.0
109.0
111.0
111.0
112.0
111.0
113.0
110.0
111.0
110.0
97.0
97.0
96.0
97.0
95.0
95.0
140.0
139.0
140.0
139.0
140.0
138.0
141.0
140.0
139.0
138.0
95.0
94.0
95.0
96.0
95.0
94.0
96.0
96.0
96.0
95.0
96.0
96.0
96.0
96.0
95.0
96.0
94.0
95.0
98.0
94.0
96.0
95.0
96.0
96.0
96.0
96.0
97.0
96.0
96.0
95.0
96.0
95.0
96.0
1.0
0.0
1.0
0.0
0.0
1.0
0.0
1.0
0.0
1.0
0.0
0.0
1.0
1.0
1.0
0.0
0.0
0.0
1.0
1.0
1.0
0.0
0.0
0.0
1.0
1.0
1.0
0.0
0.0
0.0
95.0
96.0
95.0
96.0
95.0
96.0
94.0
94.0
96.0
95.0
95.0
96.0
95.0
97.0
95.0
95.0
95.0
96.0
95.0
95.0
95.0
94.0
95.0
95.0
97.0
97.0
95.0
95.0
95.0
97.0
95.0
95.0
95.0
96.0
96.0
96.0
94.0
97.0
96.0
97.0
96.0
95.0
95.0
95.0
96.0
95.0
95.0
96.0
96.0
95.0
95.0
95.0
95.0
96.0
96.0
96.0
95.0
96.0
96.0
95.0
94.0
96.0
95.0
113.0
111.0
113.0
111.0
112.0
113.0
112.0
111.0
112.0
113.0
97.0
96.0
96.0
94.0
95.0
96.0
96.0
95.0
95.0
95.0
96.0
97.0
95.0
95.0
96.0
95.0
96.0
95.0
94.0
94.0
96.0
96.0
97.0
94.0
98.0
95.0
95.0
96.0
95.0
97.0
95.0
96.0
96.0
95.0
96.0
95.0
95.0
95.0
95.0
94.0
96.0
97.0
96.0
95.0
96.0
96.0
96.0
96.0
96.0
96.0
96.0
97.0
96.0
96.0
95.0
96.0
97.0
95.0
94.0
96.0
96.0
96.0
96.0
95.0
96.0
96.0
95.0
97.0
95.0
95.0
96.0
97.0
96.0
95.0
95.0
95.0
96.0
95.0
95.0
96.0
96.0
96.0
96.0
94.0
95.0
97.0
95.0
96.0
96.0
96.0
95.0
96.0
95.0
95.0
110.0
112.0
112.0
0.0
1.0
0.0
0.0
1.0
1.0
0.0
0.0
1.0
1.0
0.0
0.0
0.0
1.0
1.0
1.0
0.0
0.0
0.0
1.0
1.0
1.0
0.0
0.0
0.0
1.0
1.0
0.0
0.0
0.0
111.0
111.0
111.0
112.0
112.0
110.0
111.0
95.0
95.0
96.0
95.0
95.0
96.0
95.0
95.0
95.0
96.0
96.0
97.0
97.0
95.0
95.0
96.0
96.0
96.0
95.0
96.0
94.0
97.0
96.0
95.0
95.0
95.0
96.0
94.0
94.0
97.0
95.0
95.0
96.0
95.0
96.0
95.0
96.0
96.0
94.0
95.0
96.0
96.0
97.0
95.0
96.0
96.0
95.0
96.0
96.0
96.0
96.0
95.0
96.0
97.0
95.0
95.0
96.0
94.0
95.0
96.0
96.0
97.0
96.0
94.0
95.0
95.0
95.0
97.0
95.0
97.0
96.0
97.0
97.0
95.0
95.0
95.0
95.0
102.0
96.0
96.0
95.0
97.0
96.0
95.0
95.0
94.0
95.0
96.0
102.0
96.0
96.0
96.0
95.0
109.0
109.0
109.0
112.0
112.0
111.0
111.0
111.0
112.0
112.0
97.0
98.0
96.0
95.0
95.0
97.0
97.0
96.0
95.0
96.0
97.0
96.0
95.0
94.0
94.0
95.0
96.0
95.0
96.0
96.0
95.0
95.0
95.0
95.0
94.0
97.0
96.0
94.0
97.0
96.0
95.0
96.0
95.0
96.0
94.0
96.0
97.0
95.0
96.0
95.0
96.0
95.0
96.0
94.0
95.0
95.0
96.0
96.0
96.0
96.0
95.0
96.0
95.0
94.0
95.0
96.0
96.0
96.0
96.0
95.0
0.0
1.0
0.0
0.0
0.0
1.0
1.0
1.0
0.0
0.0
0.0
1.0
1.0
0.0
0.0
0.0
1.0
1.0
1.0
0.0
0.0
0.0
1.0
1.0
1.0
0.0
0.0
1.0
1.0
1.0
95.0
95.0
95.0
95.0
94.0
96.0
96.0
96.0
95.0
95.0
96.0
96.0
95.0
94.0
94.0
96.0
97.0
95.0
96.0
96.0
95.0
95.0
95.0
95.0
95.0
95.0
95.0
96.0
96.0
95.0
95.0
95.0
96.0
95.0
94.0
111.0
110.0
111.0
116.0
125.0
118.0
117.0
119.0
121.0
117.0
106.0
103.0
105.0
97.0
139.0
142.0
141.0
142.0
144.0
136.0
138.0
135.0
141.0
136.0
96.0
101.0
101.0
100.0
96.0
100.0
97.0
100.0
100.0
96.0
96.0
100.0
100.0
100.0
95.0
101.0
96.0
97.0
100.0
95.0
96.0
96.0
100.0
99.0
98.0
99.0
96.0
97.0
96.0
98.0
95.0
95.0
99.0
100.0
99.0
101.0
96.0
97.0
95.0
99.0
96.0
95.0
100.0
100.0
99.0
99.0
96.0
98.0
96.0
100.0
96.0
97.0
108.0
99.0
100.0
100.0
96.0
99.0
96.0
100.0
96.0
96.0
99.0
100.0
98.0
99.0
97.0
98.0
96.0
99.0
95.0
96.0
97.0
97.0
96.0
97.0
96.0
97.0
97.0
95.0
96.0
95.0
96.0
96.0
97.0
96.0
96.0
99.0
96.0
96.0
96.0
96.0
113.0
110.0
113.0
112.0
113.0
117.0
112.0
113.0
112.0
113.0
97.0
97.0
96.0
96.0
95.0
97.0
99.0
97.0
96.0
0.0
1.0
0.0
1.0
1.0
0.0
1.0
0.0
1.0
0.0
1.0
0.0
1.0
0.0
1.0
0.0
1.0
0.0
1.0
0.0
0.0
1.0
0.0
1.0
0.0
1.0
0.0
1.0
0.0
1.0
96.0
95.0
96.0
96.0
96.0
96.0
95.0
100.0
96.0
95.0
95.0
97.0
95.0
97.0
96.0
96.0
96.0
98.0
96.0
97.0
96.0
96.0
97.0
95.0
96.0
96.0
96.0
100.0
96.0
97.0
96.0
96.0
95.0
95.0
96.0
96.0
96.0
99.0
96.0
95.0
96.0
96.0
97.0
96.0
96.0
96.0
96.0
99.0
96.0
97.0
96.0
96.0
96.0
96.0
96.0
96.0
96.0
96.0
95.0
96.0
95.0
95.0
95.0
94.0
95.0
95.0
95.0
96.0
95.0
95.0
95.0
95.0
94.0
96.0
95.0
96.0
96.0
96.0
97.0
96.0
95.0
95.0
95.0
96.0
96.0
96.0
110.0
112.0
111.0
111.0
110.0
110.0
109.0
110.0
111.0
111.0
97.0
96.0
97.0
96.0
95.0
95.0
95.0
97.0
95.0
96.0
96.0
96.0
96.0
95.0
95.0
95.0
95.0
96.0
97.0
96.0
96.0
96.0
96.0
96.0
95.0
96.0
95.0
96.0
96.0
97.0
96.0
97.0
96.0
95.0
94.0
96.0
96.0
96.0
95.0
96.0
97.0
94.0
95.0
96.0
95.0
96.0
96.0
97.0
95.0
97.0
96.0
95.0
96.0
96.0
95.0
95.0
95.0
96.0
96.0
96.0
95.0
96.0
96.0
97.0
95.0
95.0
95.0
97.0
96.0
96.0
97.0
95.0
97.0
95.0
0.0
1.0
1.0
0.0
1.0
0.0
1.0
0.0
1.0
0.0
1.0
1.0
0.0
0.0
1.0
1.0
1.0
0.0
0.0
0.0
1.0
1.0
1.0
0.0
0.0
0.0
1.0
1.0
1.0
0.0
94.0
96.0
96.0
96.0
96.0
96.0
96.0
96.0
97.0
97.0
95.0
95.0
96.0
96.0
96.0
95.0
96.0
94.0
95.0
95.0
112.0
111.0
111.0
111.0
111.0
112.0
112.0
112.0
112.0
112.0
95.0
96.0
96.0
96.0
96.0
96.0
95.0
96.0
95.0
96.0
96.0
95.0
96.0
94.0
96.0
97.0
97.0
96.0
95.0
95.0
97.0
95.0
95.0
96.0
95.0
95.0
96.0
96.0
97.0
95.0
96.0
95.0
94.0
96.0
95.0
96.0
97.0
96.0
96.0
96.0
95.0
96.0
95.0
95.0
97.0
96.0
95.0
96.0
96.0
96.0
94.0
94.0
95.0
96.0
96.0
97.0
97.0
97.0
95.0
95.0
95.0
95.0
95.0
94.0
94.0
95.0
94.0
96.0
96.0
96.0
95.0
96.0
95.0
95.0
96.0
95.0
96.0
95.0
95.0
97.0
95.0
95.0
96.0
95.0
97.0
95.0
96.0
95.0
97.0
96.0
95.0
95.0
95.0
96.0
95.0
96.0
111.0
110.0
110.0
111.0
110.0
111.0
111.0
110.0
112.0
111.0
95.0
96.0
96.0
96.0
95.0
95.0
95.0
136.0
139.0
138.0
140.0
139.0
140.0
138.0
138.0
139.0
141.0
96.0
95.0
96.0
96.0
96.0
96.0
96.0
94.0
96.0
95.0
95.0
96.0
93.0
94.0
89.0
91.0
91.0
