2.0
2.0
1.0
1.0
1.0
1.0
1.0
2.0
2.0
1.0
5.0
5.0
4.0
4.0
331.0
638.0
693.0
686.0
826.0
974.0
692.0
691.0
880.0
947.0
687.0
609.0
678.0
685.0
665.0
682.0
3.0
3.0
4.0
3.0
292.0
690.0
632.0
683.0
680.0
641.0
660.0
666.0
681.0
682.0
683.0
671.0
662.0
668.0
664.0
661.0
3.0
3.0
3.0
3.0
306.0
640.0
637.0
639.0
639.0
647.0
649.0
647.0
647.0
648.0
651.0
651.0
650.0
651.0
649.0
638.0
3.0
3.0
4.0
3.0
304.0
637.0
638.0
638.0
640.0
637.0
648.0
647.0
647.0
648.0
648.0
648.0
648.0
647.0
648.0
646.0
4.0
3.0
3.0
4.0
305.0
638.0
637.0
640.0
639.0
639.0
646.0
648.0
645.0
648.0
667.0
670.0
669.0
673.0
676.0
675.0
3.0
3.0
4.0
3.0
328.0
668.0
666.0
666.0
641.0
640.0
642.0
638.0
648.0
651.0
651.0
648.0
645.0
648.0
647.0
645.0
2.0
1.0
1.0
1.0
310.0
644.0
644.0
638.0
637.0
635.0
637.0
636.0
638.0
637.0
643.0
644.0
644.0
646.0
646.0
645.0
1.0
1.0
1.0
1.0
311.0
645.0
644.0
643.0
634.0
635.0
635.0
637.0
637.0
636.0
645.0
644.0
646.0
664.0
672.0
670.0
1.0
2.0
1.0
1.0
310.0
671.0
673.0
674.0
665.0
661.0
657.0
659.0
636.0
642.0
641.0
645.0
646.0
651.0
644.0
644.0
1.0
1.0
1.0
1.0
302.0
646.0
644.0
644.0
643.0
646.0
646.0
641.0
631.0
637.0
636.0
611.0
624.0
612.0
617.0
584.0
5.0
3.0
5.0
3.0
329.0
690.0
690.0
703.0
720.0
917.0
691.0
695.0
883.0
665.0
691.0
599.0
687.0
687.0
687.0
693.0
3.0
3.0
3.0
4.0
327.0
597.0
598.0
686.0
694.0
690.0
606.0
607.0
690.0
693.0
692.0
693.0
610.0
689.0
686.0
686.0
3.0
3.0
3.0
3.0
286.0
603.0
694.0
694.0
689.0
691.0
606.0
601.0
688.0
693.0
690.0
608.0
617.0
703.0
701.0
707.0
3.0
3.0
3.0
4.0
286.0
706.0
702.0
615.0
703.0
702.0
614.0
598.0
686.0
688.0
687.0
686.0
607.0
690.0
605.0
693.0
4.0
3.0
3.0
4.0
328.0
605.0
690.0
693.0
693.0
691.0
691.0
600.0
599.0
686.0
686.0
598.0
691.0
696.0
693.0
696.0
3.0
4.0
3.0
3.0
332.0
621.0
621.0
691.0
623.0
696.0
691.0
615.0
681.0
683.0
651.0
683.0
613.0
630.0
673.0
686.0
3.0
3.0
4.0
3.0
324.0
646.0
645.0
645.0
678.0
677.0
676.0
683.0
636.0
676.0
663.0
618.0
617.0
619.0
658.0
667.0
1.0
1.0
1.0
1.0
312.0
668.0
627.0
665.0
665.0
665.0
625.0
625.0
627.0
666.0
660.0
658.0
616.0
656.0
659.0
656.0
1.0
1.0
1.0
1.0
292.0
625.0
625.0
664.0
664.0
667.0
626.0
627.0
664.0
667.0
665.0
616.0
615.0
616.0
659.0
659.0
1.0
1.0
1.0
1.0
1.0
346.0
326.0
347.0
350.0
347.0
333.0
353.0
334.0
333.0
354.0
336.0
372.0
376.0
374.0
374.0
3.0
3.0
3.0
4.0
311.0
679.0
638.0
635.0
680.0
636.0
666.0
618.0
660.0
661.0
666.0
628.0
628.0
668.0
628.0
667.0
3.0
3.0
3.0
3.0
294.0
667.0
668.0
667.0
669.0
630.0
619.0
619.0
660.0
619.0
659.0
665.0
667.0
667.0
667.0
629.0
3.0
3.0
3.0
3.0
295.0
627.0
667.0
628.0
665.0
628.0
660.0
660.0
660.0
660.0
620.0
618.0
667.0
628.0
666.0
627.0
3.0
3.0
3.0
3.0
321.0
688.0
691.0
687.0
647.0
647.0
683.0
681.0
640.0
637.0
676.0
660.0
660.0
658.0
619.0
618.0
3.0
3.0
3.0
3.0
315.0
628.0
668.0
629.0
667.0
674.0
668.0
668.0
668.0
628.0
628.0
619.0
660.0
618.0
658.0
668.0
3.0
3.0
3.0
3.0
315.0
666.0
673.0
629.0
630.0
627.0
668.0
668.0
628.0
668.0
618.0
660.0
660.0
659.0
619.0
618.0
3.0
3.0
3.0
4.0
314.0
627.0
668.0
686.0
647.0
693.0
685.0
649.0
691.0
686.0
649.0
637.0
677.0
661.0
617.0
623.0
1.0
1.0
1.0
1.0
312.0
665.0
657.0
658.0
622.0
621.0
670.0
669.0
627.0
667.0
627.0
668.0
667.0
667.0
626.0
619.0
1.0
1.0
1.0
1.0
311.0
657.0
617.0
657.0
615.0
665.0
664.0
664.0
664.0
625.0
627.0
665.0
625.0
625.0
664.0
656.0
1.0
1.0
1.0
1.0
1.0
347.0
345.0
347.0
324.0
324.0
324.0
346.0
347.0
346.0
347.0
325.0
324.0
324.0
346.0
355.0
3.0
3.0
3.0
3.0
304.0
690.0
687.0
690.0
687.0
648.0
646.0
646.0
686.0
677.0
638.0
625.0
676.0
677.0
674.0
673.0
3.0
3.0
3.0
3.0
295.0
630.0
740.0
714.0
682.0
630.0
641.0
666.0
658.0
645.0
658.0
656.0
641.0
638.0
641.0
641.0
3.0
4.0
3.0
3.0
305.0
648.0
645.0
645.0
649.0
645.0
644.0
648.0
647.0
647.0
647.0
639.0
643.0
643.0
645.0
638.0
3.0
3.0
3.0
3.0
308.0
647.0
649.0
648.0
646.0
665.0
667.0
668.0
670.0
665.0
664.0
660.0
658.0
664.0
660.0
637.0
3.0
3.0
3.0
3.0
305.0
638.0
639.0
639.0
639.0
648.0
645.0
647.0
648.0
648.0
646.0
646.0
647.0
646.0
646.0
640.0
1.0
1.0
1.0
1.0
302.0
637.0
636.0
637.0
636.0
637.0
643.0
645.0
645.0
644.0
647.0
646.0
644.0
645.0
644.0
645.0
1.0
1.0
1.0
1.0
301.0
636.0
635.0
637.0
639.0
636.0
646.0
641.0
644.0
664.0
667.0
667.0
667.0
667.0
669.0
674.0
1.0
1.0
1.0
1.0
325.0
656.0
658.0
635.0
634.0
638.0
642.0
638.0
634.0
637.0
653.0
649.0
647.0
644.0
643.0
645.0
1.0
1.0
1.0
1.0
311.0
645.0
645.0
644.0
638.0
635.0
637.0
638.0
636.0
635.0
637.0
644.0
644.0
648.0
646.0
644.0
1.0
1.0
0.0
0.0
1.0
345.0
346.0
344.0
344.0
345.0
335.0
334.0
337.0
336.0
335.0
335.0
335.0
336.0
336.0
334.0
3.0
3.0
3.0
3.0
305.0
646.0
646.0
644.0
646.0
649.0
646.0
668.0
674.0
673.0
668.0
668.0
663.0
663.0
659.0
661.0
3.0
25.0
3.0
3.0
303.0
639.0
647.0
636.0
639.0
637.0
646.0
648.0
648.0
645.0
648.0
653.0
646.0
652.0
647.0
646.0
3.0
3.0
3.0
3.0
305.0
639.0
638.0
637.0
639.0
642.0
637.0
640.0
637.0
639.0
646.0
645.0
647.0
645.0
649.0
647.0
3.0
3.0
3.0
3.0
313.0
647.0
646.0
645.0
637.0
638.0
637.0
639.0
646.0
649.0
647.0
669.0
669.0
669.0
671.0
673.0
3.0
3.0
3.0
3.0
338.0
678.0
659.0
661.0
666.0
640.0
637.0
643.0
641.0
639.0
639.0
646.0
645.0
649.0
647.0
645.0
1.0
1.0
1.0
1.0
300.0
646.0
644.0
643.0
643.0
647.0
636.0
634.0
638.0
639.0
634.0
638.0
636.0
646.0
646.0
647.0
1.0
1.0
1.0
1.0
302.0
654.0
656.0
657.0
657.0
654.0
664.0
654.0
660.0
658.0
649.0
665.0
648.0
646.0
657.0
646.0
1.0
1.0
1.0
1.0
303.0
683.0
671.0
667.0
669.0
668.0
658.0
660.0
659.0
667.0
659.0
638.0
636.0
638.0
636.0
636.0
1.0
1.0
1.0
1.0
301.0
646.0
646.0
648.0
647.0
648.0
651.0
650.0
646.0
650.0
646.0
637.0
639.0
637.0
639.0
639.0
1.0
1.0
1.0
1.0
1.0
334.0
334.0
336.0
335.0
336.0
343.0
345.0
342.0
345.0
346.0
342.0
344.0
342.0
344.0
341.0
3.0
3.0
3.0
3.0
304.0
640.0
637.0
639.0
636.0
639.0
639.0
637.0
639.0
638.0
646.0
671.0
670.0
671.0
668.0
669.0
3.0
3.0
3.0
3.0
311.0
669.0
670.0
669.0
659.0
660.0
641.0
638.0
639.0
640.0
640.0
640.0
639.0
638.0
649.0
646.0
3.0
3.0
3.0
3.0
313.0
648.0
648.0
648.0
648.0
647.0
648.0
646.0
639.0
640.0
639.0
646.0
648.0
646.0
646.0
648.0
3.0
3.0
3.0
3.0
304.0
647.0
646.0
648.0
645.0
646.0
638.0
640.0
637.0
638.0
640.0
641.0
645.0
651.0
648.0
649.0
3.0
3.0
3.0
3.0
310.0
671.0
675.0
671.0
671.0
676.0
664.0
663.0
661.0
658.0
670.0
639.0
640.0
638.0
640.0
642.0
1.0
1.0
1.0
1.0
302.0
644.0
646.0
644.0
644.0
643.0
645.0
644.0
647.0
646.0
646.0
635.0
638.0
636.0
635.0
642.0
1.0
1.0
1.0
0.0
302.0
644.0
645.0
644.0
646.0
644.0
646.0
645.0
642.0
644.0
634.0
636.0
640.0
638.0
638.0
650.0
1.0
1.0
1.0
1.0
304.0
647.0
652.0
651.0
673.0
672.0
676.0
673.0
675.0
671.0
666.0
667.0
665.0
667.0
635.0
638.0
1.0
1.0
1.0
1.0
305.0
646.0
644.0
636.0
644.0
651.0
649.0
646.0
648.0
644.0
645.0
646.0
645.0
647.0
635.0
638.0
1.0
0.0
1.0
1.0
1.0
334.0
336.0
335.0
335.0
336.0
335.0
334.0
337.0
336.0
337.0
335.0
341.0
345.0
346.0
347.0
3.0
3.0
3.0
3.0
314.0
647.0
650.0
650.0
647.0
650.0
638.0
638.0
642.0
640.0
638.0
646.0
649.0
649.0
646.0
648.0
3.0
3.0
3.0
3.0
304.0
674.0
672.0
676.0
675.0
670.0
664.0
667.0
666.0
667.0
667.0
639.0
640.0
639.0
637.0
645.0
3.0
3.0
3.0
3.0
304.0
655.0
653.0
667.0
651.0
663.0
703.0
650.0
665.0
647.0
667.0
662.0
636.0
639.0
661.0
667.0
4.0
3.0
3.0
3.0
306.0
636.0
708.0
667.0
666.0
627.0
626.0
667.0
626.0
668.0
662.0
620.0
661.0
698.0
663.0
619.0
3.0
3.0
3.0
3.0
294.0
629.0
669.0
670.0
653.0
695.0
651.0
698.0
703.0
656.0
693.0
642.0
687.0
686.0
617.0
618.0
3.0
3.0
3.0
3.0
316.0
660.0
658.0
625.0
666.0
624.0
667.0
668.0
668.0
629.0
628.0
675.0
668.0
627.0
620.0
659.0
4.0
3.0
3.0
3.0
315.0
658.0
659.0
619.0
618.0
667.0
672.0
667.0
627.0
627.0
669.0
669.0
668.0
628.0
626.0
660.0
1.0
1.0
1.0
1.0
314.0
616.0
658.0
615.0
658.0
663.0
664.0
626.0
624.0
664.0
686.0
648.0
647.0
686.0
688.0
680.0
1.0
1.0
1.0
1.0
314.0
638.0
680.0
680.0
657.0
616.0
615.0
616.0
656.0
665.0
626.0
667.0
664.0
667.0
625.0
626.0
1.0
1.0
1.0
1.0
1.0
355.0
334.0
355.0
347.0
324.0
346.0
324.0
345.0
347.0
346.0
346.0
326.0
343.0
327.0
329.0
1.0
1.0
1.0
1.0
306.0
641.0
647.0
647.0
646.0
648.0
646.0
647.0
643.0
645.0
651.0
637.0
635.0
634.0
635.0
638.0
1.0
1.0
1.0
1.0
302.0
644.0
643.0
644.0
645.0
670.0
671.0
668.0
669.0
668.0
670.0
667.0
660.0
665.0
660.0
641.0
1.0
1.0
1.0
1.0
304.0
637.0
636.0
637.0
638.0
646.0
642.0
646.0
646.0
644.0
646.0
644.0
643.0
643.0
646.0
639.0
1.0
1.0
1.0
1.0
302.0
636.0
637.0
635.0
639.0
635.0
644.0
643.0
643.0
647.0
645.0
645.0
646.0
644.0
645.0
643.0
1.0
1.0
1.0
1.0
301.0
636.0
636.0
638.0
637.0
637.0
642.0
646.0
645.0
667.0
668.0
670.0
671.0
670.0
673.0
673.0
1.0
1.0
1.0
1.0
328.0
667.0
665.0
636.0
644.0
635.0
634.0
638.0
638.0
652.0
648.0
652.0
645.0
643.0
650.0
641.0
1.0
1.0
1.0
1.0
309.0
644.0
646.0
640.0
637.0
638.0
635.0
635.0
635.0
639.0
635.0
643.0
646.0
645.0
645.0
645.0
0.0
1.0
1.0
1.0
310.0
643.0
643.0
646.0
643.0
635.0
637.0
645.0
647.0
653.0
646.0
655.0
654.0
682.0
678.0
679.0
1.0
1.0
1.0
1.0
314.0
672.0
678.0
674.0
675.0
664.0
666.0
661.0
647.0
637.0
635.0
636.0
641.0
643.0
645.0
643.0
1.0
1.0
0.0
0.0
1.0
339.0
336.0
336.0
340.0
343.0
343.0
343.0
342.0
345.0
346.0
337.0
337.0
335.0
334.0
336.0
1.0
1.0
1.0
1.0
301.0
636.0
634.0
637.0
637.0
634.0
637.0
645.0
643.0
643.0
643.0
643.0
645.0
646.0
646.0
645.0
1.0
1.0
1.0
1.0
310.0
637.0
636.0
635.0
636.0
638.0
644.0
650.0
646.0
645.0
672.0
668.0
675.0
677.0
674.0
671.0
1.0
1.0
1.0
1.0
328.0
657.0
666.0
667.0
639.0
643.0
641.0
634.0
634.0
640.0
641.0
646.0
648.0
647.0
646.0
648.0
1.0
1.0
1.0
1.0
309.0
643.0
647.0
648.0
648.0
638.0
634.0
638.0
637.0
636.0
637.0
635.0
642.0
648.0
653.0
644.0
1.0
1.0
1.0
1.0
313.0
649.0
649.0
645.0
649.0
646.0
633.0
638.0
634.0
644.0
635.0
645.0
644.0
644.0
668.0
667.0
0.0
1.0
1.0
1.0
302.0
670.0
666.0
667.0
667.0
667.0
659.0
659.0
656.0
638.0
635.0
646.0
635.0
636.0
635.0
640.0
1.0
1.0
1.0
1.0
302.0
648.0
647.0
647.0
645.0
647.0
643.0
647.0
647.0
644.0
636.0
638.0
634.0
636.0
634.0
644.0
1.0
1.0
1.0
1.0
302.0
646.0
645.0
644.0
643.0
642.0
644.0
646.0
645.0
645.0
637.0
638.0
638.0
636.0
636.0
644.0
1.0
1.0
1.0
1.0
301.0
646.0
647.0
643.0
665.0
665.0
667.0
668.0
664.0
664.0
658.0
661.0
659.0
657.0
637.0
636.0
1.0
1.0
1.0
1.0
1.0
337.0
337.0
335.0
335.0
334.0
336.0
335.0
337.0
335.0
335.0
334.0
340.0
344.0
343.0
342.0
1.0
1.0
0.0
1.0
312.0
646.0
647.0
648.0
644.0
645.0
637.0
637.0
636.0
636.0
635.0
646.0
643.0
647.0
647.0
642.0
0.0
1.0
1.0
1.0
301.0
649.0
643.0
644.0
649.0
644.0
638.0
635.0
636.0
636.0
638.0
642.0
643.0
643.0
645.0
643.0
1.0
1.0
1.0
1.0
310.0
665.0
665.0
666.0
667.0
660.0
658.0
663.0
660.0
659.0
658.0
635.0
636.0
637.0
638.0
647.0
1.0
1.0
1.0
1.0
300.0
645.0
645.0
645.0
645.0
654.0
648.0
659.0
665.0
661.0
653.0
645.0
665.0
655.0
644.0
645.0
1.0
1.0
1.0
1.0
303.0
653.0
654.0
656.0
652.0
645.0
642.0
646.0
644.0
647.0
637.0
635.0
639.0
637.0
639.0
647.0
1.0
0.0
1.0
1.0
301.0
647.0
647.0
647.0
666.0
663.0
669.0
670.0
672.0
667.0
664.0
663.0
658.0
659.0
639.0
634.0
1.0
1.0
1.0
1.0
302.0
637.0
644.0
646.0
648.0
647.0
647.0
647.0
647.0
645.0
644.0
654.0
647.0
638.0
640.0
638.0
1.0
0.0
1.0
1.0
302.0
636.0
639.0
638.0
642.0
645.0
646.0
647.0
644.0
646.0
647.0
645.0
646.0
644.0
634.0
638.0
1.0
1.0
1.0
1.0
1.0
336.0
336.0
336.0
338.0
337.0
335.0
337.0
336.0
336.0
335.0
336.0
341.0
345.0
346.0
346.0
1.0
1.0
1.0
1.0
0.0
346.0
347.0
347.0
347.0
368.0
367.0
355.0
359.0
356.0
360.0
357.0
359.0
362.0
362.0
339.0
1.0
1.0
1.0
1.0
301.0
634.0
636.0
638.0
640.0
638.0
639.0
638.0
640.0
636.0
639.0
644.0
647.0
647.0
649.0
646.0
1.0
1.0
1.0
1.0
311.0
647.0
646.0
645.0
649.0
642.0
637.0
645.0
646.0
649.0
648.0
646.0
647.0
645.0
647.0
648.0
1.0
1.0
0.0
1.0
310.0
636.0
638.0
638.0
640.0
637.0
637.0
637.0
639.0
634.0
646.0
666.0
670.0
673.0
669.0
670.0
1.0
1.0
0.0
0.0
311.0
670.0
667.0
665.0
668.0
663.0
637.0
646.0
642.0
639.0
644.0
648.0
638.0
635.0
647.0
652.0
1.0
1.0
1.0
1.0
310.0
646.0
647.0
648.0
647.0
646.0
645.0
645.0
639.0
638.0
639.0
647.0
648.0
650.0
646.0
648.0
1.0
1.0
1.0
1.0
304.0
645.0
649.0
649.0
648.0
647.0
641.0
640.0
641.0
639.0
639.0
637.0
640.0
651.0
650.0
651.0
1.0
1.0
0.0
0.0
1.0
344.0
346.0
346.0
346.0
346.0
346.0
370.0
366.0
368.0
361.0
367.0
360.0
361.0
359.0
363.0
1.0
1.0
0.0
0.0
1.0
367.0
339.0
336.0
339.0
341.0
340.0
335.0
344.0
336.0
343.0
335.0
340.0
338.0
337.0
336.0
1.0
1.0
0.0
1.0
1.0
335.0
336.0
336.0
339.0
339.0
338.0
345.0
346.0
344.0
345.0
345.0
344.0
345.0
344.0
344.0
1.0
1.0
1.0
0.0
1.0
346.0
336.0
335.0
333.0
337.0
335.0
336.0
335.0
333.0
331.0
327.0
319.0
314.0
310.0
311.0
