12.0
9.0
11.0
8.0
8.0
8.0
8.0
9.0
10.0
10.0
14.0
15.0
10.0
10.0
10.0
10.0
10.0
10.0
16.0
16.0
10.0
11.0
10.0
10.0
10.0
10.0
16.0
16.0
15.0
16.0
319.0
322.0
324.0
320.0
292.0
319.0
419.0
583.0
421.0
586.0
264.0
348.0
348.0
348.0
353.0
353.0
347.0
348.0
294.0
466.0
460.0
320.0
320.0
319.0
319.0
319.0
319.0
264.0
265.0
320.0
322.0
319.0
319.0
321.0
279.0
281.0
320.0
320.0
279.0
322.0
1430.0
1456.0
1461.0
1464.0
1276.0
1285.0
1490.0
1273.0
1457.0
1469.0
1187.0
1192.0
1264.0
1417.0
1381.0
1386.0
1369.0
1345.0
1346.0
1356.0
1319.0
1316.0
1350.0
1409.0
1362.0
1323.0
1366.0
1326.0
1321.0
1335.0
1255.0
1257.0
1250.0
1280.0
1292.0
1294.0
1279.0
1287.0
1334.0
1257.0
1347.0
1366.0
1360.0
1311.0
1324.0
1349.0
1330.0
1337.0
1333.0
1329.0
1250.0
1264.0
1262.0
1256.0
1254.0
1260.0
1254.0
1258.0
1254.0
1290.0
1337.0
1348.0
1367.0
1346.0
1353.0
1360.0
1350.0
1357.0
1353.0
1325.0
1250.0
1260.0
1259.0
1257.0
1252.0
1251.0
1258.0
1257.0
1257.0
1253.0
1253.0
1255.0
1359.0
1347.0
1352.0
1351.0
1364.0
1357.0
1356.0
1363.0
1355.0
1367.0
1263.0
1256.0
1263.0
1263.0
1263.0
1265.0
1257.0
1258.0
1251.0
1252.0
1257.0
1338.0
1340.0
1350.0
1349.0
1341.0
1345.0
1350.0
1311.0
1340.0
1341.0
1256.0
1259.0
1253.0
1257.0
1257.0
1259.0
1256.0
1283.0
1251.0
1258.0
1257.0
1252.0
1253.0
1345.0
1344.0
1349.0
1360.0
1335.0
1340.0
1376.0
1363.0
1347.0
1353.0
1259.0
1267.0
1260.0
1225.0
11.0
9.0
9.0
9.0
13.0
9.0
9.0
10.0
14.0
15.0
9.0
8.0
9.0
9.0
14.0
9.0
7.0
11.0
7.0
7.0
14.0
8.0
8.0
8.0
15.0
8.0
9.0
9.0
14.0
14.0
9.0
9.0
8.0
9.0
15.0
7.0
7.0
10.0
7.0
6.0
9.0
8.0
14.0
15.0
8.0
8.0
8.0
9.0
14.0
8.0
9.0
14.0
9.0
9.0
7.0
7.0
7.0
11.0
6.0
11.0
8.0
9.0
9.0
8.0
14.0
8.0
14.0
9.0
14.0
14.0
9.0
8.0
9.0
8.0
7.0
6.0
11.0
6.0
11.0
7.0
9.0
8.0
8.0
8.0
14.0
14.0
9.0
8.0
8.0
9.0
14.0
7.0
9.0
10.0
6.0
6.0
7.0
7.0
7.0
6.0
14.0
14.0
9.0
14.0
8.0
8.0
14.0
8.0
9.0
9.0
9.0
9.0
9.0
9.0
15.0
14.0
7.0
7.0
11.0
11.0
8.0
10.0
8.0
9.0
8.0
8.0
14.0
14.0
14.0
9.0
9.0
13.0
8.0
7.0
9.0
6.0
6.0
5.0
7.0
6.0
9.0
8.0
14.0
14.0
14.0
6.0
14.0
9.0
9.0
9.0
8.0
9.0
7.0
8.0
7.0
6.0
7.0
6.0
10.0
11.0
14.0
7.0
14.0
8.0
8.0
9.0
8.0
8.0
7.0
14.0
14.0
8.0
9.0
8.0
10.0
7.0
6.0
7.0
10.0
5.0
9.0
8.0
8.0
8.0
8.0
14.0
14.0
13.0
7.0
14.0
8.0
7.0
9.0
7.0
7.0
6.0
6.0
7.0
7.0
6.0
320.0
333.0
261.0
474.0
313.0
475.0
320.0
318.0
321.0
317.0
261.0
266.0
321.0
318.0
319.0
306.0
318.0
319.0
7.0
7.0
343.0
342.0
309.0
310.0
319.0
325.0
334.0
334.0
334.0
333.0
377.0
382.0
374.0
375.0
381.0
371.0
373.0
374.0
7.0
6.0
376.0
377.0
301.0
301.0
300.0
301.0
302.0
296.0
298.0
298.0
300.0
298.0
301.0
300.0
300.0
299.0
303.0
297.0
6.0
6.0
298.0
299.0
300.0
298.0
329.0
331.0
328.0
328.0
325.0
331.0
326.0
326.0
326.0
327.0
298.0
296.0
296.0
295.0
6.0
7.0
303.0
297.0
297.0
297.0
298.0
297.0
300.0
297.0
298.0
296.0
297.0
299.0
298.0
297.0
297.0
296.0
298.0
6.0
6.0
6.0
299.0
298.0
299.0
327.0
331.0
328.0
327.0
327.0
328.0
330.0
327.0
327.0
328.0
376.0
378.0
377.0
375.0
374.0
6.0
6.0
376.0
377.0
377.0
373.0
377.0
296.0
297.0
298.0
299.0
299.0
300.0
299.0
300.0
299.0
297.0
295.0
296.0
296.0
7.0
7.0
300.0
299.0
299.0
299.0
299.0
298.0
298.0
296.0
295.0
297.0
298.0
299.0
297.0
326.0
322.0
324.0
325.0
326.0
6.0
6.0
332.0
328.0
327.0
327.0
327.0
301.0
300.0
298.0
299.0
296.0
299.0
297.0
297.0
297.0
295.0
299.0
297.0
296.0
6.0
7.0
297.0
296.0
297.0
300.0
296.0
298.0
296.0
327.0
327.0
325.0
327.0
326.0
326.0
327.0
335.0
324.0
332.0
6.0
7.0
7.0
381.0
383.0
388.0
379.0
383.0
379.0
377.0
380.0
381.0
383.0
303.0
301.0
297.0
300.0
303.0
297.0
299.0
301.0
6.0
7.0
301.0
301.0
299.0
299.0
298.0
298.0
299.0
297.0
298.0
299.0
302.0
301.0
298.0
299.0
298.0
297.0
321.0
326.0
7.0
6.0
325.0
327.0
329.0
331.0
327.0
329.0
335.0
328.0
308.0
303.0
298.0
301.0
315.0
307.0
303.0
305.0
310.0
296.0
8.0
7.0
302.0
307.0
299.0
299.0
316.0
311.0
303.0
305.0
307.0
300.0
299.0
304.0
299.0
298.0
336.0
304.0
325.0
326.0
6.0
7.0
330.0
327.0
327.0
325.0
326.0
325.0
327.0
298.0
380.0
378.0
378.0
379.0
381.0
379.0
379.0
378.0
381.0
6.0
6.0
89.0
303.0
299.0
304.0
302.0
305.0
300.0
297.0
300.0
305.0
307.0
305.0
301.0
306.0
300.0
311.0
303.0
303.0
299.0
8.0
6.0
305.0
311.0
305.0
335.0
334.0
329.0
330.0
327.0
329.0
327.0
328.0
329.0
330.0
299.0
298.0
296.0
295.0
296.0
6.0
6.0
299.0
297.0
296.0
298.0
298.0
297.0
299.0
300.0
297.0
300.0
296.0
296.0
297.0
299.0
297.0
295.0
294.0
297.0
7.0
6.0
297.0
324.0
327.0
327.0
325.0
326.0
326.0
325.0
326.0
327.0
327.0
300.0
381.0
380.0
381.0
381.0
383.0
385.0
6.0
6.0
387.0
383.0
389.0
380.0
302.0
300.0
305.0
303.0
304.0
299.0
296.0
299.0
301.0
297.0
299.0
299.0
300.0
7.0
6.0
7.0
1277.0
1276.0
1291.0
1284.0
1273.0
1273.0
1271.0
1299.0
1289.0
1289.0
1356.0
1352.0
1369.0
1357.0
1346.0
1349.0
1346.0
1347.0
6.0
7.0
1356.0
1346.0
1273.0
1262.0
1257.0
1263.0
1268.0
1261.0
1265.0
1253.0
1250.0
1258.0
1364.0
1367.0
1346.0
1355.0
1362.0
1360.0
6.0
6.0
1357.0
1359.0
1357.0
1363.0
1267.0
1264.0
1261.0
1257.0
1260.0
1264.0
1264.0
1253.0
1255.0
1257.0
1254.0
1253.0
1251.0
1246.0
6.0
7.0
1255.0
1349.0
1347.0
1344.0
1347.0
1346.0
1361.0
1355.0
1342.0
1345.0
1359.0
1272.0
1262.0
1257.0
1249.0
1259.0
1255.0
1258.0
6.0
7.0
1249.0
1259.0
1255.0
1258.0
1260.0
1249.0
1247.0
1246.0
1323.0
1324.0
1310.0
1322.0
1344.0
1343.0
1347.0
1353.0
1356.0
6.0
6.0
6.0
1351.0
1289.0
1282.0
1280.0
1277.0
1256.0
1253.0
1251.0
1245.0
1252.0
1248.0
1316.0
1319.0
1316.0
1320.0
1322.0
1318.0
1316.0
7.0
7.0
1320.0
1316.0
1320.0
1246.0
1250.0
1245.0
1268.0
1272.0
1305.0
1274.0
1285.0
1276.0
1278.0
1361.0
1395.0
1369.0
1343.0
1352.0
7.0
7.0
1341.0
1349.0
1339.0
1329.0
1344.0
1245.0
1249.0
1251.0
1245.0
1251.0
1248.0
1253.0
1248.0
1254.0
1280.0
1370.0
1358.0
1349.0
6.0
7.0
1382.0
1356.0
1361.0
1351.0
1341.0
1361.0
1345.0
1261.0
1252.0
1250.0
1248.0
1254.0
1248.0
1260.0
1251.0
1252.0
1257.0
1350.0
7.0
7.0
1357.0
1360.0
1363.0
1364.0
1343.0
1362.0
1359.0
1370.0
1367.0
1257.0
1257.0
1265.0
1276.0
1260.0
1248.0
1258.0
1253.0
6.0
7.0
6.0
1262.0
1258.0
1250.0
1252.0
1252.0
1342.0
1336.0
1347.0
1343.0
1351.0
1350.0
1349.0
1355.0
1345.0
1348.0
1259.0
1246.0
1255.0
7.0
6.0
1254.0
1261.0
1258.0
1255.0
1269.0
1249.0
1265.0
1251.0
1251.0
1269.0
1265.0
1252.0
1264.0
1262.0
1313.0
1310.0
1318.0
1335.0
6.0
7.0
1349.0
1349.0
1346.0
1349.0
1350.0
1348.0
1274.0
1274.0
1282.0
1247.0
1246.0
1253.0
1247.0
1253.0
1255.0
1250.0
1340.0
1348.0
6.0
7.0
1355.0
1353.0
1342.0
1347.0
1334.0
1347.0
1381.0
1383.0
1277.0
1275.0
1286.0
1281.0
1279.0
1288.0
1277.0
1287.0
1256.0
1255.0
7.0
6.0
1315.0
1309.0
1321.0
1321.0
1304.0
1315.0
1321.0
1308.0
1319.0
1322.0
1246.0
1254.0
1252.0
1245.0
1247.0
1251.0
1268.0
6.0
6.0
6.0
1282.0
1282.0
1281.0
1353.0
1353.0
1339.0
1359.0
1358.0
1340.0
1341.0
1317.0
1328.0
1320.0
1254.0
1266.0
1250.0
1259.0
1257.0
6.0
7.0
1253.0
1263.0
1260.0
1274.0
1260.0
1334.0
1338.0
1330.0
1341.0
1345.0
1329.0
1345.0
1351.0
1340.0
1352.0
1252.0
1254.0
1251.0
7.0
7.0
1253.0
1265.0
1249.0
1261.0
1256.0
1259.0
1259.0
1252.0
1247.0
1251.0
1261.0
1257.0
1251.0
1330.0
1344.0
1334.0
1346.0
1332.0
6.0
6.0
1354.0
1328.0
1349.0
1322.0
1341.0
1261.0
1250.0
1282.0
1251.0
1255.0
1258.0
1249.0
1249.0
1261.0
1247.0
1251.0
1257.0
1255.0
6.0
6.0
1246.0
1299.0
1298.0
1306.0
1308.0
1306.0
1298.0
1326.0
1342.0
1350.0
1335.0
1333.0
1307.0
1303.0
1335.0
1307.0
1316.0
7.0
6.0
7.0
1306.0
1314.0
1311.0
1303.0
1306.0
1302.0
1309.0
1309.0
1330.0
1317.0
1323.0
1331.0
1319.0
1324.0
1249.0
1248.0
1245.0
1249.0
6.0
7.0
1249.0
1247.0
1288.0
1278.0
1281.0
1285.0
1347.0
1335.0
1346.0
1352.0
1344.0
1332.0
1313.0
1322.0
1311.0
1316.0
1257.0
1256.0
6.0
6.0
1257.0
1260.0
1257.0
1259.0
1248.0
1256.0
1255.0
1262.0
1341.0
1339.0
1345.0
1356.0
1347.0
1345.0
1346.0
1333.0
1345.0
1359.0
6.0
7.0
1263.0
1259.0
1262.0
1257.0
1252.0
1259.0
1258.0
1259.0
1259.0
1265.0
1270.0
1250.0
1251.0
1250.0
1251.0
1252.0
1333.0
1337.0
7.0
6.0
1339.0
1346.0
1332.0
1343.0
1341.0
1344.0
1326.0
1338.0
1256.0
1253.0
1259.0
1254.0
1249.0
1251.0
1260.0
1247.0
1253.0
6.0
6.0
6.0
1255.0
1253.0
1257.0
1255.0
1357.0
1296.0
1300.0
1318.0
1302.0
1305.0
1312.0
1334.0
1347.0
1324.0
1271.0
1280.0
1280.0
1285.0
6.0
7.0
1293.0
1302.0
1285.0
1260.0
1258.0
1255.0
1263.0
1319.0
1319.0
1319.0
1309.0
1309.0
1309.0
1308.0
1301.0
1293.0
1330.0
1248.0
7.0
6.0
1260.0
1255.0
1253.0
1252.0
1253.0
1281.0
1283.0
1279.0
1250.0
1327.0
1326.0
1339.0
1334.0
1331.0
1327.0
1303.0
1307.0
1297.0
6.0
6.0
1309.0
1244.0
1254.0
1249.0
1248.0
1247.0
1257.0
1251.0
1250.0
1247.0
1288.0
1334.0
1335.0
1341.0
1335.0
1341.0
1328.0
1327.0
7.0
6.0
1330.0
1329.0
1306.0
1254.0
1253.0
1251.0
1250.0
1249.0
1251.0
1247.0
1248.0
1247.0
1252.0
1258.0
1251.0
1247.0
1247.0
7.0
6.0
6.0
1330.0
1324.0
1329.0
1335.0
1335.0
1339.0
1343.0
1344.0
1341.0
1328.0
1263.0
1250.0
1269.0
1259.0
1271.0
1268.0
1246.0
1247.0
6.0
7.0
1248.0
1250.0
1263.0
1254.0
1254.0
1253.0
1254.0
1330.0
1315.0
1290.0
1318.0
1296.0
1341.0
1293.0
1337.0
1339.0
1347.0
1265.0
7.0
7.0
1278.0
1274.0
1277.0
1275.0
1275.0
1252.0
1252.0
1261.0
1256.0
1250.0
1345.0
1343.0
1357.0
1351.0
1351.0
1325.0
1320.0
1316.0
6.0
7.0
1317.0
1356.0
1244.0
1246.0
1246.0
1250.0
1273.0
1277.0
1281.0
1282.0
1281.0
1245.0
1343.0
1335.0
1337.0
1339.0
1304.0
1304.0
7.0
6.0
1328.0
1307.0
1321.0
1303.0
1258.0
1254.0
1252.0
1269.0
1254.0
1264.0
1254.0
1253.0
1261.0
1273.0
1339.0
1348.0
1341.0
7.0
6.0
7.0
1334.0
1339.0
1335.0
1356.0
1352.0
1333.0
1322.0
1253.0
1266.0
1266.0
1250.0
1249.0
1262.0
1257.0
1255.0
1253.0
1265.0
1244.0
6.0
7.0
1254.0
1253.0
1252.0
1250.0
1330.0
1339.0
1337.0
1343.0
1327.0
1325.0
1346.0
1334.0
1339.0
1338.0
1258.0
1257.0
1256.0
1256.0
6.0
6.0
1249.0
1245.0
1262.0
1246.0
1258.0
1248.0
1250.0
1249.0
1250.0
1253.0
1320.0
1293.0
1319.0
1314.0
1316.0
1341.0
1295.0
1339.0
6.0
7.0
1339.0
1337.0
1259.0
1276.0
1274.0
1274.0
1282.0
1284.0
1256.0
1255.0
1254.0
1254.0
1245.0
1309.0
1317.0
1314.0
1330.0
1320.0
6.0
7.0
1340.0
1323.0
1331.0
1363.0
1341.0
1256.0
1242.0
1249.0
1292.0
1284.0
1291.0
1282.0
1281.0
1251.0
1247.0
1326.0
1322.0
6.0
6.0
6.0
1323.0
1296.0
1294.0
1296.0
1302.0
1295.0
1294.0
1299.0
1245.0
1247.0
1251.0
1247.0
1255.0
1248.0
1250.0
1255.0
1244.0
1282.0
6.0
7.0
1329.0
1336.0
1336.0
1334.0
1342.0
1330.0
1347.0
1344.0
1326.0
1311.0
1252.0
1250.0
1250.0
1245.0
1262.0
1257.0
1265.0
1263.0
7.0
6.0
1259.0
1248.0
1244.0
1249.0
1246.0
1328.0
1331.0
1329.0
1345.0
1327.0
1323.0
1326.0
1324.0
1322.0
1340.0
1261.0
1255.0
1280.0
6.0
7.0
1270.0
1254.0
1255.0
1244.0
1249.0
1249.0
1258.0
1250.0
1250.0
1253.0
1255.0
1252.0
1248.0
1333.0
1300.0
1291.0
1304.0
1302.0
7.0
6.0
1328.0
1332.0
1331.0
1328.0
1346.0
1265.0
1244.0
1280.0
1278.0
1274.0
1251.0
1253.0
1251.0
1252.0
1252.0
1255.0
1322.0
7.0
6.0
7.0
1303.0
1300.0
1298.0
1300.0
1304.0
1301.0
1304.0
1297.0
1329.0
1269.0
1266.0
1271.0
1261.0
1332.0
1329.0
1335.0
1329.0
1333.0
6.0
6.0
1264.0
1348.0
1334.0
1344.0
1327.0
1341.0
1342.0
1361.0
1340.0
1330.0
1315.0
1248.0
1246.0
1247.0
1252.0
1251.0
1253.0
1278.0
6.0
6.0
1279.0
1280.0
1281.0
1315.0
1327.0
1332.0
1330.0
1337.0
1336.0
1313.0
1312.0
1290.0
1306.0
1252.0
1261.0
1249.0
1249.0
1252.0
6.0
6.0
1257.0
1253.0
1254.0
1254.0
1249.0
1249.0
1261.0
1244.0
1251.0
1330.0
1334.0
1335.0
1317.0
1335.0
1329.0
1292.0
1319.0
1316.0
77.0
7.0
1249.0
1254.0
1251.0
1264.0
1249.0
1253.0
1248.0
1283.0
1247.0
1258.0
1249.0
1255.0
1257.0
1335.0
1344.0
1344.0
1346.0
6.0
6.0
6.0
1307.0
1301.0
1302.0
1299.0
1349.0
1333.0
1264.0
1267.0
1265.0
1256.0
1247.0
1276.0
1278.0
1279.0
1254.0
1253.0
1252.0
1253.0
7.0
7.0
1269.0
1248.0
1330.0
1303.0
1307.0
1302.0
1300.0
1307.0
1326.0
1329.0
1328.0
1333.0
1244.0
1248.0
1250.0
1248.0
1288.0
1277.0
7.0
6.0
1262.0
1260.0
1257.0
1257.0
1375.0
1375.0
1368.0
1370.0
1341.0
1319.0
1338.0
1321.0
1319.0
1328.0
1255.0
1249.0
1257.0
1252.0
7.0
6.0
1256.0
1253.0
1287.0
1292.0
1283.0
1285.0
1339.0
1358.0
1358.0
1348.0
1358.0
1365.0
1323.0
1320.0
1321.0
1319.0
1250.0
1251.0
7.0
6.0
1250.0
1248.0
1255.0
1255.0
1255.0
1247.0
1254.0
1263.0
1251.0
1253.0
1338.0
1336.0
1353.0
1359.0
1358.0
1337.0
1359.0
6.0
6.0
6.0
1357.0
1350.0
1354.0
1256.0
1256.0
1264.0
1281.0
1257.0
1267.0
1253.0
1258.0
1248.0
1254.0
1249.0
1251.0
1336.0
1334.0
1344.0
7.0
6.0
1335.0
1346.0
1348.0
1322.0
1317.0
1331.0
1349.0
1268.0
1265.0
1262.0
1249.0
1260.0
1265.0
1284.0
1282.0
1253.0
1251.0
1255.0
7.0
6.0
1254.0
1249.0
1251.0
1260.0
1337.0
1301.0
1303.0
1298.0
1299.0
1334.0
1334.0
1331.0
1332.0
1336.0
1253.0
1248.0
1248.0
1248.0
6.0
6.0
1277.0
1253.0
1254.0
1248.0
1255.0
1254.0
1255.0
1360.0
1353.0
1346.0
1326.0
1352.0
1348.0
1331.0
1342.0
1367.0
1377.0
1264.0
7.0
6.0
1260.0
1263.0
1257.0
1284.0
1284.0
1281.0
1282.0
1259.0
1255.0
1360.0
1352.0
1335.0
1358.0
1317.0
1317.0
1305.0
1304.0
6.0
7.0
6.0
1311.0
1309.0
1255.0
1274.0
1250.0
1256.0
1255.0
1252.0
1247.0
1252.0
1289.0
1284.0
1253.0
1341.0
1343.0
1335.0
1340.0
1360.0
7.0
6.0
1333.0
1338.0
1310.0
1319.0
1330.0
1249.0
1250.0
1250.0
1256.0
1257.0
1253.0
1256.0
1257.0
1259.0
1251.0
1252.0
1249.0
1252.0
6.0
6.0
1354.0
1355.0
1348.0
1342.0
1359.0
1360.0
1321.0
1331.0
1345.0
1347.0
1262.0
1263.0
1255.0
1248.0
1260.0
1254.0
1279.0
1248.0
6.0
6.0
1252.0
1251.0
1252.0
1357.0
1343.0
1337.0
1342.0
1347.0
1303.0
1304.0
1307.0
1305.0
1341.0
1252.0
1250.0
1255.0
1253.0
1253.0
6.0
6.0
1271.0
1281.0
1284.0
1308.0
1255.0
1256.0
1253.0
1249.0
1257.0
1341.0
1341.0
1306.0
1317.0
1317.0
1349.0
1362.0
1337.0
6.0
6.0
6.0
1360.0
1352.0
1282.0
1287.0
1294.0
1292.0
1318.0
1266.0
1262.0
1261.0
1283.0
1262.0
1277.0
1348.0
1338.0
1355.0
1318.0
1308.0
6.0
7.0
1307.0
1316.0
1310.0
1303.0
1344.0
1258.0
1252.0
1248.0
1252.0
1283.0
1289.0
1286.0
1282.0
1294.0
1259.0
1346.0
1339.0
1355.0
7.0
6.0
1348.0
1321.0
1312.0
1328.0
1321.0
1310.0
1334.0
1259.0
1248.0
1281.0
1252.0
1254.0
1254.0
1256.0
1250.0
1288.0
1286.0
1247.0
7.0
6.0
1334.0
1349.0
1343.0
1349.0
1344.0
1344.0
1352.0
1322.0
1332.0
1355.0
1250.0
1264.0
1273.0
1256.0
1253.0
1253.0
1254.0
1252.0
7.0
6.0
1258.0
1250.0
1248.0
1247.0
1261.0
1340.0
1340.0
1341.0
1338.0
1339.0
1344.0
1267.0
1263.0
1275.0
1303.0
1160.0
1154.0
6.0
6.0
7.0
