72.0
69.0
75.0
69.0
69.0
94.0
89.0
70.0
91.0
89.0
70.0
96.0
92.0
64.0
62.0
63.0
61.0
55.0
92.0
87.0
52.0
50.0
59.0
69.0
66.0
69.0
81.0
82.0
84.0
83.0
56.0
36.0
62.0
70.0
64.0
64.0
35.0
228.0
251.0
227.0
248.0
224.0
232.0
211.0
229.0
232.0
226.0
37.0
58.0
63.0
58.0
60.0
92.0
60.0
61.0
88.0
35.0
70.0
58.0
54.0
66.0
36.0
58.0
55.0
54.0
60.0
38.0
55.0
81.0
40.0
77.0
62.0
52.0
60.0
39.0
57.0
40.0
70.0
62.0
40.0
63.0
59.0
38.0
55.0
57.0
49.0
61.0
40.0
60.0
59.0
39.0
55.0
54.0
53.0
54.0
63.0
39.0
60.0
38.0
57.0
197.0
39.0
190.0
185.0
187.0
192.0
38.0
190.0
188.0
174.0
183.0
172.0
65.0
67.0
60.0
53.0
52.0
66.0
56.0
39.0
38.0
61.0
52.0
64.0
72.0
39.0
62.0
67.0
38.0
58.0
57.0
39.0
57.0
39.0
60.0
56.0
57.0
59.0
57.0
57.0
62.0
43.0
43.0
58.0
44.0
54.0
44.0
65.0
45.0
56.0
63.0
54.0
63.0
47.0
56.0
43.0
44.0
55.0
57.0
55.0
53.0
64.0
45.0
63.0
42.0
56.0
42.0
57.0
195.0
204.0
195.0
203.0
185.0
204.0
188.0
209.0
203.0
67.0
58.0
49.0
49.0
50.0
61.0
67.0
64.0
64.0
66.0
52.0
50.0
64.0
57.0
50.0
65.0
66.0
62.0
60.0
51.0
51.0
66.0
50.0
59.0
64.0
63.0
62.0
51.0
50.0
57.0
53.0
48.0
55.0
57.0
59.0
80.0
72.0
63.0
57.0
63.0
50.0
82.0
80.0
58.0
53.0
50.0
48.0
67.0
67.0
79.0
87.0
79.0
72.0
34.0
51.0
51.0
48.0
63.0
58.0
32.0
57.0
59.0
50.0
53.0
49.0
87.0
83.0
32.0
61.0
67.0
33.0
54.0
49.0
51.0
52.0
57.0
32.0
122.0
88.0
124.0
92.0
88.0
89.0
96.0
88.0
71.0
103.0
55.0
28.0
53.0
61.0
43.0
56.0
51.0
28.0
67.0
89.0
47.0
44.0
45.0
27.0
54.0
47.0
48.0
50.0
63.0
28.0
78.0
50.0
44.0
29.0
53.0
46.0
45.0
54.0
80.0
27.0
54.0
47.0
57.0
39.0
44.0
45.0
29.0
45.0
63.0
48.0
31.0
43.0
30.0
53.0
48.0
52.0
50.0
51.0
30.0
30.0
49.0
49.0
50.0
51.0
31.0
54.0
49.0
29.0
51.0
52.0
54.0
51.0
30.0
30.0
48.0
59.0
50.0
51.0
55.0
30.0
30.0
51.0
48.0
54.0
39.0
33.0
35.0
50.0
49.0
51.0
43.0
47.0
38.0
34.0
36.0
51.0
47.0
46.0
45.0
55.0
46.0
35.0
37.0
33.0
45.0
47.0
50.0
36.0
36.0
46.0
40.0
46.0
52.0
51.0
49.0
50.0
35.0
36.0
48.0
37.0
47.0
42.0
55.0
52.0
50.0
36.0
35.0
36.0
45.0
49.0
43.0
46.0
37.0
39.0
52.0
43.0
42.0
40.0
43.0
46.0
46.0
47.0
38.0
36.0
37.0
47.0
46.0
44.0
42.0
40.0
42.0
43.0
40.0
42.0
43.0
42.0
44.0
44.0
47.0
38.0
38.0
42.0
40.0
42.0
40.0
45.0
41.0
42.0
36.0
46.0
38.0
46.0
45.0
49.0
38.0
42.0
42.0
39.0
48.0
36.0
48.0
49.0
43.0
42.0
45.0
44.0
50.0
40.0
42.0
45.0
42.0
41.0
45.0
50.0
42.0
40.0
40.0
38.0
41.0
42.0
42.0
39.0
45.0
52.0
39.0
41.0
39.0
41.0
49.0
40.0
39.0
40.0
47.0
39.0
43.0
43.0
41.0
46.0
42.0
42.0
51.0
45.0
42.0
43.0
40.0
41.0
44.0
44.0
41.0
43.0
43.0
43.0
44.0
40.0
39.0
37.0
44.0
45.0
40.0
38.0
237.0
243.0
241.0
240.0
244.0
240.0
253.0
239.0
241.0
242.0
61.0
49.0
49.0
45.0
42.0
44.0
41.0
43.0
45.0
51.0
45.0
49.0
43.0
42.0
48.0
44.0
41.0
42.0
44.0
43.0
44.0
44.0
39.0
46.0
43.0
48.0
38.0
40.0
45.0
44.0
42.0
47.0
46.0
40.0
42.0
44.0
46.0
40.0
45.0
44.0
39.0
42.0
47.0
45.0
43.0
44.0
42.0
43.0
45.0
46.0
41.0
38.0
45.0
43.0
46.0
43.0
41.0
43.0
51.0
45.0
41.0
37.0
45.0
44.0
40.0
47.0
43.0
47.0
41.0
39.0
40.0
49.0
42.0
43.0
43.0
40.0
45.0
44.0
43.0
38.0
40.0
47.0
45.0
46.0
42.0
46.0
42.0
43.0
39.0
41.0
45.0
47.0
48.0
43.0
42.0
43.0
43.0
44.0
41.0
42.0
44.0
46.0
43.0
49.0
43.0
41.0
46.0
40.0
42.0
42.0
42.0
46.0
48.0
43.0
43.0
38.0
46.0
48.0
38.0
42.0
43.0
39.0
49.0
43.0
46.0
41.0
44.0
45.0
44.0
43.0
44.0
45.0
40.0
41.0
46.0
45.0
44.0
45.0
48.0
41.0
44.0
45.0
41.0
45.0
47.0
46.0
44.0
43.0
47.0
44.0
42.0
42.0
40.0
40.0
46.0
42.0
44.0
39.0
44.0
49.0
45.0
42.0
41.0
41.0
45.0
42.0
44.0
47.0
42.0
46.0
44.0
44.0
40.0
41.0
44.0
43.0
44.0
42.0
44.0
42.0
46.0
44.0
44.0
41.0
47.0
44.0
48.0
41.0
45.0
41.0
42.0
44.0
42.0
42.0
42.0
41.0
49.0
44.0
47.0
45.0
48.0
41.0
40.0
42.0
44.0
39.0
48.0
44.0
46.0
43.0
42.0
41.0
45.0
40.0
43.0
41.0
44.0
47.0
44.0
44.0
40.0
42.0
41.0
49.0
41.0
45.0
45.0
46.0
50.0
48.0
38.0
41.0
41.0
44.0
40.0
42.0
40.0
49.0
43.0
44.0
41.0
45.0
42.0
46.0
37.0
42.0
39.0
42.0
39.0
41.0
48.0
45.0
46.0
38.0
45.0
42.0
42.0
41.0
44.0
40.0
47.0
41.0
46.0
47.0
44.0
42.0
44.0
41.0
43.0
42.0
43.0
43.0
39.0
39.0
45.0
46.0
40.0
39.0
43.0
41.0
43.0
42.0
40.0
41.0
45.0
47.0
39.0
42.0
41.0
40.0
39.0
41.0
40.0
43.0
44.0
46.0
39.0
43.0
45.0
43.0
43.0
41.0
39.0
46.0
42.0
39.0
43.0
41.0
42.0
38.0
43.0
44.0
41.0
42.0
40.0
40.0
42.0
45.0
40.0
44.0
43.0
41.0
39.0
45.0
40.0
40.0
44.0
44.0
40.0
41.0
44.0
39.0
37.0
47.0
39.0
40.0
40.0
39.0
46.0
41.0
44.0
42.0
41.0
41.0
41.0
46.0
43.0
41.0
41.0
40.0
38.0
39.0
43.0
41.0
44.0
45.0
41.0
38.0
42.0
41.0
43.0
39.0
39.0
42.0
40.0
45.0
42.0
39.0
39.0
39.0
46.0
39.0
47.0
41.0
43.0
41.0
45.0
44.0
39.0
42.0
38.0
43.0
42.0
40.0
41.0
41.0
41.0
41.0
44.0
43.0
40.0
44.0
44.0
42.0
40.0
39.0
41.0
43.0
40.0
40.0
41.0
46.0
44.0
40.0
41.0
40.0
45.0
44.0
43.0
44.0
43.0
41.0
39.0
43.0
40.0
42.0
41.0
39.0
40.0
41.0
40.0
43.0
41.0
46.0
41.0
42.0
42.0
41.0
41.0
42.0
40.0
43.0
43.0
46.0
43.0
45.0
42.0
42.0
39.0
43.0
43.0
42.0
42.0
43.0
39.0
44.0
42.0
43.0
38.0
42.0
43.0
39.0
42.0
42.0
46.0
40.0
44.0
41.0
41.0
41.0
43.0
41.0
44.0
45.0
42.0
44.0
45.0
44.0
41.0
40.0
41.0
44.0
40.0
41.0
41.0
46.0
41.0
43.0
41.0
38.0
40.0
44.0
38.0
43.0
41.0
43.0
41.0
40.0
42.0
42.0
46.0
45.0
40.0
41.0
41.0
44.0
43.0
42.0
39.0
40.0
40.0
43.0
40.0
42.0
42.0
41.0
40.0
40.0
39.0
40.0
42.0
40.0
39.0
40.0
41.0
44.0
42.0
42.0
40.0
43.0
43.0
41.0
43.0
42.0
45.0
43.0
44.0
40.0
39.0
41.0
44.0
39.0
44.0
40.0
39.0
42.0
41.0
41.0
42.0
42.0
40.0
39.0
43.0
42.0
38.0
43.0
43.0
42.0
41.0
43.0
41.0
45.0
41.0
41.0
44.0
41.0
44.0
43.0
42.0
40.0
41.0
40.0
40.0
38.0
41.0
44.0
44.0
40.0
41.0
42.0
40.0
39.0
38.0
40.0
41.0
43.0
41.0
40.0
41.0
38.0
41.0
45.0
42.0
43.0
44.0
41.0
40.0
40.0
39.0
40.0
43.0
44.0
42.0
40.0
391.0
391.0
395.0
392.0
384.0
393.0
408.0
402.0
417.0
400.0
71.0
79.0
44.0
70.0
68.0
56.0
66.0
49.0
46.0
29.0
79.0
50.0
68.0
74.0
28.0
70.0
68.0
48.0
50.0
81.0
28.0
56.0
51.0
80.0
28.0
56.0
66.0
71.0
69.0
62.0
29.0
52.0
79.0
55.0
28.0
56.0
70.0
430.0
64.0
48.0
29.0
48.0
45.0
398.0
29.0
396.0
418.0
382.0
405.0
391.0
407.0
385.0
414.0
49.0
70.0
42.0
32.0
46.0
30.0
57.0
64.0
33.0
58.0
56.0
49.0
30.0
56.0
53.0
32.0
57.0
30.0
53.0
54.0
49.0
63.0
45.0
33.0
59.0
30.0
51.0
55.0
34.0
29.0
60.0
53.0
50.0
48.0
56.0
38.0
45.0
33.0
37.0
51.0
47.0
49.0
47.0
46.0
36.0
33.0
32.0
50.0
51.0
51.0
36.0
36.0
34.0
50.0
46.0
48.0
51.0
46.0
46.0
38.0
36.0
36.0
47.0
43.0
42.0
44.0
44.0
43.0
38.0
38.0
37.0
186.0
184.0
176.0
185.0
180.0
183.0
180.0
182.0
177.0
180.0
52.0
43.0
42.0
43.0
50.0
40.0
43.0
43.0
42.0
43.0
51.0
46.0
41.0
47.0
47.0
41.0
41.0
46.0
40.0
43.0
43.0
43.0
45.0
51.0
40.0
40.0
45.0
40.0
48.0
40.0
48.0
42.0
40.0
48.0
39.0
41.0
50.0
46.0
43.0
45.0
43.0
40.0
41.0
41.0
43.0
47.0
42.0
44.0
47.0
45.0
42.0
41.0
41.0
43.0
41.0
49.0
51.0
45.0
48.0
46.0
40.0
44.0
40.0
42.0
39.0
197.0
198.0
197.0
195.0
198.0
188.0
191.0
194.0
198.0
193.0
45.0
41.0
42.0
46.0
38.0
41.0
48.0
39.0
44.0
45.0
46.0
51.0
43.0
41.0
43.0
44.0
42.0
42.0
42.0
50.0
42.0
45.0
48.0
45.0
46.0
42.0
40.0
44.0
43.0
45.0
39.0
44.0
47.0
43.0
48.0
41.0
44.0
47.0
45.0
49.0
42.0
45.0
46.0
43.0
44.0
44.0
42.0
46.0
43.0
41.0
47.0
42.0
46.0
45.0
44.0
41.0
45.0
43.0
41.0
41.0
54.0
42.0
47.0
46.0
42.0
44.0
44.0
44.0
42.0
188.0
185.0
191.0
188.0
186.0
193.0
191.0
183.0
194.0
185.0
41.0
41.0
48.0
45.0
44.0
40.0
44.0
45.0
47.0
50.0
37.0
42.0
46.0
48.0
44.0
45.0
39.0
45.0
46.0
39.0
44.0
42.0
45.0
43.0
49.0
40.0
47.0
42.0
41.0
43.0
44.0
44.0
44.0
45.0
42.0
42.0
41.0
42.0
40.0
41.0
40.0
41.0
43.0
44.0
41.0
38.0
40.0
41.0
37.0
40.0
46.0
44.0
43.0
40.0
41.0
43.0
44.0
44.0
39.0
40.0
45.0
41.0
40.0
42.0
39.0
43.0
41.0
39.0
40.0
43.0
185.0
180.0
184.0
180.0
184.0
183.0
182.0
182.0
184.0
184.0
45.0
49.0
42.0
43.0
45.0
46.0
47.0
44.0
44.0
44.0
43.0
50.0
37.0
44.0
47.0
46.0
47.0
46.0
45.0
46.0
49.0
43.0
43.0
49.0
48.0
49.0
49.0
48.0
48.0
43.0
48.0
47.0
44.0
44.0
45.0
41.0
42.0
42.0
46.0
41.0
46.0
40.0
43.0
47.0
40.0
44.0
45.0
44.0
42.0
43.0
44.0
42.0
40.0
41.0
48.0
44.0
44.0
44.0
43.0
41.0
44.0
44.0
45.0
41.0
180.0
183.0
181.0
184.0
179.0
182.0
184.0
182.0
181.0
181.0
43.0
43.0
45.0
42.0
50.0
42.0
47.0
45.0
44.0
44.0
48.0
41.0
44.0
43.0
45.0
48.0
43.0
42.0
42.0
42.0
41.0
46.0
47.0
44.0
45.0
45.0
42.0
41.0
43.0
41.0
43.0
47.0
50.0
42.0
43.0
43.0
43.0
42.0
43.0
44.0
43.0
46.0
44.0
42.0
45.0
42.0
41.0
40.0
42.0
38.0
41.0
46.0
44.0
42.0
42.0
41.0
38.0
39.0
38.0
38.0
45.0
48.0
44.0
46.0
45.0
40.0
39.0
40.0
39.0
44.0
189.0
190.0
188.0
185.0
184.0
189.0
181.0
185.0
189.0
181.0
55.0
39.0
46.0
45.0
44.0
48.0
40.0
45.0
36.0
47.0
42.0
53.0
36.0
39.0
48.0
48.0
41.0
46.0
54.0
40.0
41.0
39.0
38.0
43.0
50.0
48.0
46.0
45.0
47.0
52.0
38.0
38.0
37.0
45.0
44.0
41.0
46.0
51.0
45.0
38.0
53.0
41.0
37.0
44.0
47.0
45.0
49.0
51.0
50.0
39.0
39.0
38.0
49.0
42.0
49.0
48.0
37.0
37.0
35.0
48.0
48.0
47.0
52.0
44.0
37.0
38.0
36.0
183.0
186.0
187.0
186.0
189.0
180.0
178.0
173.0
176.0
187.0
46.0
44.0
49.0
49.0
48.0
38.0
41.0
35.0
42.0
47.0
50.0
48.0
38.0
47.0
38.0
46.0
42.0
37.0
52.0
48.0
47.0
46.0
37.0
41.0
37.0
46.0
40.0
55.0
50.0
50.0
37.0
37.0
37.0
45.0
47.0
42.0
49.0
50.0
48.0
40.0
44.0
40.0
46.0
56.0
38.0
43.0
51.0
40.0
41.0
38.0
46.0
64.0
41.0
46.0
43.0
59.0
37.0
47.0
44.0
38.0
48.0
42.0
52.0
43.0
202.0
37.0
37.0
41.0
186.0
197.0
180.0
189.0
186.0
181.0
184.0
188.0
188.0
59.0
43.0
48.0
58.0
45.0
43.0
40.0
42.0
41.0
45.0
42.0
49.0
61.0
47.0
38.0
48.0
46.0
56.0
38.0
47.0
43.0
38.0
48.0
43.0
43.0
36.0
50.0
60.0
48.0
53.0
45.0
39.0
41.0
48.0
37.0
39.0
50.0
40.0
45.0
45.0
66.0
60.0
38.0
44.0
44.0
48.0
52.0
37.0
45.0
44.0
40.0
48.0
41.0
61.0
61.0
50.0
36.0
37.0
52.0
47.0
46.0
41.0
43.0
38.0
50.0
39.0
202.0
195.0
189.0
190.0
180.0
189.0
184.0
180.0
184.0
191.0
43.0
41.0
61.0
41.0
56.0
41.0
46.0
46.0
44.0
43.0
47.0
42.0
45.0
39.0
45.0
45.0
56.0
61.0
42.0
46.0
41.0
37.0
41.0
46.0
45.0
50.0
46.0
58.0
38.0
50.0
58.0
47.0
41.0
48.0
45.0
49.0
43.0
35.0
41.0
44.0
54.0
46.0
58.0
42.0
48.0
38.0
47.0
39.0
45.0
46.0
42.0
49.0
59.0
39.0
47.0
42.0
59.0
39.0
45.0
48.0
47.0
50.0
38.0
44.0
47.0
44.0
54.0
204.0
40.0
195.0
189.0
39.0
196.0
189.0
193.0
190.0
192.0
205.0
187.0
44.0
58.0
43.0
43.0
45.0
42.0
41.0
43.0
39.0
45.0
57.0
49.0
45.0
58.0
46.0
39.0
47.0
38.0
45.0
43.0
46.0
45.0
46.0
58.0
48.0
47.0
39.0
58.0
46.0
40.0
45.0
42.0
41.0
39.0
52.0
48.0
59.0
42.0
38.0
64.0
52.0
42.0
42.0
36.0
45.0
48.0
40.0
39.0
57.0
40.0
42.0
39.0
48.0
63.0
43.0
44.0
41.0
50.0
40.0
40.0
40.0
56.0
48.0
40.0
40.0
46.0
188.0
182.0
39.0
39.0
178.0
177.0
182.0
192.0
177.0
175.0
176.0
182.0
43.0
42.0
60.0
47.0
43.0
41.0
45.0
61.0
38.0
46.0
52.0
40.0
62.0
42.0
43.0
46.0
50.0
40.0
42.0
43.0
54.0
63.0
43.0
44.0
41.0
39.0
51.0
58.0
44.0
41.0
48.0
42.0
45.0
44.0
40.0
57.0
47.0
44.0
45.0
60.0
40.0
43.0
42.0
43.0
43.0
62.0
46.0
40.0
40.0
40.0
46.0
44.0
41.0
40.0
62.0
39.0
38.0
48.0
40.0
59.0
42.0
43.0
45.0
41.0
37.0
40.0
206.0
199.0
188.0
194.0
194.0
192.0
197.0
193.0
193.0
208.0
44.0
55.0
69.0
48.0
49.0
47.0
56.0
48.0
48.0
43.0
65.0
45.0
50.0
50.0
48.0
48.0
45.0
53.0
71.0
43.0
50.0
68.0
48.0
46.0
48.0
47.0
46.0
43.0
52.0
65.0
50.0
51.0
51.0
47.0
49.0
47.0
41.0
63.0
49.0
49.0
52.0
50.0
48.0
45.0
46.0
65.0
49.0
48.0
64.0
47.0
48.0
47.0
51.0
47.0
47.0
49.0
49.0
64.0
45.0
61.0
43.0
51.0
44.0
47.0
47.0
50.0
41.0
202.0
42.0
42.0
41.0
45.0
42.0
43.0
186.0
199.0
189.0
185.0
179.0
186.0
185.0
187.0
185.0
58.0
50.0
43.0
63.0
39.0
52.0
44.0
45.0
45.0
42.0
47.0
43.0
60.0
37.0
40.0
60.0
42.0
41.0
46.0
43.0
46.0
40.0
43.0
43.0
61.0
46.0
43.0
47.0
39.0
40.0
47.0
43.0
42.0
39.0
