347.0
182.0
180.0
139.0
193.0
160.0
179.0
190.0
98.0
94.0
343.0
871.0
920.0
1378.0
1401.0
2277.0
2703.0
2253.0
2142.0
2502.0
2245.0
2075.0
2857.0
2236.0
2476.0
1958.0
2076.0
2074.0
2062.0
2071.0
203.0
467.0
849.0
1131.0
1172.0
2341.0
2027.0
2312.0
2034.0
2027.0
2056.0
2051.0
2027.0
2026.0
2034.0
1959.0
1948.0
1956.0
1956.0
2033.0
151.0
480.0
874.0
1161.0
1167.0
2032.0
2041.0
2033.0
2032.0
2034.0
2032.0
2031.0
2032.0
2037.0
1947.0
1952.0
1953.0
2051.0
2052.0
2055.0
154.0
471.0
877.0
1165.0
1272.0
2044.0
2046.0
2062.0
2048.0
2051.0
2050.0
1953.0
1963.0
1964.0
1961.0
1952.0
2044.0
2041.0
2037.0
2037.0
151.0
474.0
878.0
1257.0
1248.0
2035.0
2037.0
2055.0
2050.0
1993.0
1994.0
1972.0
1962.0
1953.0
1994.0
2047.0
2093.0
2047.0
2048.0
2053.0
157.0
472.0
976.0
1256.0
1251.0
2051.0
2050.0
1966.0
1954.0
1981.0
1974.0
1974.0
1955.0
1979.0
1963.0
2051.0
2061.0
2053.0
2046.0
2068.0
154.0
484.0
958.0
1273.0
1264.0
2044.0
2056.0
1961.0
1975.0
1966.0
1972.0
1971.0
1961.0
1955.0
2060.0
2043.0
2040.0
2049.0
2056.0
2042.0
143.0
549.0
958.0
1251.0
1250.0
1971.0
1945.0
1969.0
1941.0
1954.0
1972.0
1956.0
2048.0
2046.0
2043.0
2050.0
2047.0
2045.0
2024.0
2035.0
225.0
541.0
868.0
1157.0
1159.0
1940.0
1943.0
1945.0
1940.0
1935.0
2033.0
2019.0
2019.0
2037.0
2023.0
2044.0
2047.0
2072.0
2063.0
2061.0
128.0
456.0
879.0
1158.0
1188.0
1957.0
1956.0
1947.0
1930.0
2023.0
2006.0
2017.0
2017.0
2014.0
2004.0
1973.0
1900.0
1887.0
1842.0
1766.0
441.0
996.0
1570.0
1524.0
1607.0
2598.0
2783.0
2404.0
2379.0
2186.0
2094.0
2182.0
2172.0
2145.0
2140.0
2156.0
2106.0
2164.0
2154.0
2152.0
221.0
603.0
1019.0
1311.0
1301.0
2121.0
2131.0
2113.0
2102.0
2103.0
2104.0
2115.0
2098.0
2094.0
2081.0
2087.0
2093.0
2083.0
2088.0
2089.0
215.0
569.0
983.0
1279.0
1294.0
2083.0
2097.0
2100.0
2093.0
2095.0
2123.0
2098.0
2101.0
2102.0
2112.0
2100.0
2098.0
2103.0
2095.0
2088.0
190.0
529.0
990.0
1291.0
1306.0
2107.0
2130.0
2126.0
2129.0
2149.0
2093.0
2134.0
2098.0
2109.0
2105.0
2099.0
2128.0
2082.0
2112.0
2101.0
187.0
524.0
995.0
1292.0
1275.0
2098.0
2120.0
2124.0
2118.0
2106.0
2116.0
2100.0
2114.0
2103.0
2089.0
2112.0
2102.0
2103.0
2095.0
2129.0
187.0
517.0
982.0
1292.0
1308.0
2130.0
2099.0
2089.0
2097.0
2106.0
2100.0
2116.0
2110.0
2111.0
2101.0
2113.0
2105.0
2100.0
2112.0
2107.0
194.0
525.0
979.0
1284.0
1296.0
2129.0
2101.0
2088.0
2103.0
2116.0
2091.0
2078.0
2100.0
2101.0
2094.0
2114.0
2116.0
2097.0
2075.0
2081.0
197.0
530.0
1004.0
1285.0
1282.0
2094.0
2093.0
2125.0
2140.0
2165.0
2123.0
2120.0
2139.0
2136.0
2130.0
2113.0
2119.0
2122.0
2124.0
2119.0
179.0
488.0
958.0
1258.0
1260.0
2088.0
2092.0
2066.0
2091.0
2081.0
2062.0
2075.0
2097.0
2108.0
2097.0
2100.0
2094.0
2120.0
2089.0
2095.0
124.0
115.0
112.0
114.0
113.0
119.0
108.0
120.0
113.0
132.0
129.0
126.0
131.0
123.0
115.0
115.0
114.0
111.0
117.0
114.0
147.0
515.0
959.0
1273.0
1272.0
2076.0
2076.0
2069.0
2056.0
2070.0
2069.0
2053.0
2059.0
2065.0
2065.0
2044.0
2054.0
2058.0
2042.0
2043.0
147.0
475.0
888.0
1194.0
1198.0
2019.0
2016.0
2015.0
2015.0
2006.0
2010.0
2020.0
1995.0
2021.0
2013.0
2029.0
2043.0
2053.0
2041.0
2025.0
156.0
474.0
912.0
1222.0
1218.0
2044.0
2060.0
2024.0
2039.0
2053.0
2038.0
2027.0
2052.0
2050.0
2063.0
2054.0
2037.0
2039.0
2061.0
2089.0
140.0
483.0
976.0
1268.0
1261.0
2111.0
2079.0
2083.0
2073.0
2058.0
2077.0
2064.0
2050.0
2058.0
2070.0
2055.0
2047.0
2066.0
2038.0
2035.0
138.0
466.0
944.0
1238.0
1242.0
2072.0
2086.0
2076.0
2070.0
2069.0
2072.0
2084.0
2087.0
2059.0
2062.0
2064.0
2044.0
2077.0
2060.0
2064.0
131.0
463.0
944.0
1249.0
1233.0
2071.0
2087.0
2080.0
2075.0
2059.0
2082.0
2056.0
2067.0
2081.0
2070.0
2069.0
2071.0
2067.0
2058.0
2053.0
131.0
460.0
943.0
1237.0
1218.0
2063.0
2042.0
2033.0
2070.0
2058.0
2056.0
2054.0
2052.0
2062.0
2045.0
2092.0
2062.0
2070.0
2064.0
2067.0
118.0
463.0
936.0
1238.0
1238.0
2052.0
2071.0
2048.0
2045.0
2023.0
2045.0
2038.0
2035.0
2041.0
2029.0
2027.0
2048.0
2030.0
2036.0
2036.0
95.0
408.0
853.0
1152.0
1169.0
1975.0
1989.0
1974.0
1978.0
1981.0
1969.0
1976.0
1971.0
1992.0
1959.0
1986.0
1988.0
1988.0
2000.0
2018.0
68.0
74.0
60.0
60.0
57.0
58.0
59.0
63.0
62.0
62.0
79.0
84.0
72.0
64.0
58.0
61.0
66.0
63.0
60.0
63.0
138.0
489.0
902.0
1208.0
1200.0
2036.0
2018.0
2022.0
2048.0
2043.0
2048.0
2054.0
2037.0
2035.0
2045.0
2053.0
2041.0
2057.0
2056.0
2069.0
149.0
501.0
926.0
1220.0
1216.0
2045.0
2020.0
2043.0
2046.0
2048.0
2047.0
2040.0
2050.0
2050.0
2061.0
2033.0
2033.0
2055.0
2076.0
2064.0
144.0
490.0
910.0
1224.0
1204.0
2062.0
2058.0
2080.0
2083.0
2068.0
2079.0
2079.0
2075.0
2072.0
2062.0
2051.0
2052.0
2050.0
2050.0
2050.0
140.0
480.0
962.0
1268.0
1262.0
2107.0
2101.0
2093.0
2097.0
2097.0
2091.0
2087.0
2077.0
2077.0
2070.0
2094.0
2094.0
2091.0
2095.0
2099.0
158.0
491.0
955.0
1266.0
1264.0
2083.0
2090.0
2086.0
2096.0
2090.0
2092.0
2085.0
2097.0
2101.0
2102.0
2128.0
2106.0
2099.0
2087.0
2105.0
137.0
487.0
971.0
1266.0
1246.0
2163.0
2086.0
2056.0
2079.0
2084.0
2080.0
2084.0
2089.0
2074.0
2084.0
2098.0
2310.0
2154.0
2182.0
2205.0
128.0
485.0
1248.0
1326.0
1494.0
2149.0
2109.0
2076.0
2032.0
2077.0
2017.0
1995.0
2005.0
2000.0
1999.0
1999.0
1988.0
2018.0
2032.0
2034.0
115.0
441.0
890.0
1200.0
1193.0
2025.0
2013.0
2014.0
2016.0
2022.0
1992.0
1992.0
1993.0
1952.0
1954.0
1950.0
1955.0
1989.0
1992.0
1996.0
78.0
349.0
801.0
932.0
929.0
1745.0
1740.0
1745.0
1751.0
1755.0
1737.0
1746.0
1717.0
1719.0
1717.0
1710.0
1710.0
1724.0
1722.0
1716.0
59.0
62.0
57.0
57.0
58.0
58.0
58.0
63.0
59.0
56.0
60.0
59.0
62.0
61.0
61.0
58.0
64.0
64.0
58.0
58.0
143.0
462.0
860.0
1156.0
1149.0
1967.0
1972.0
1979.0
1963.0
1970.0
1978.0
1972.0
1966.0
1973.0
1956.0
1934.0
1942.0
1931.0
1936.0
1977.0
138.0
457.0
868.0
1160.0
1153.0
1985.0
1986.0
1981.0
1966.0
1976.0
1968.0
1971.0
1971.0
1980.0
1934.0
1944.0
1943.0
2019.0
2031.0
2098.0
140.0
459.0
865.0
1160.0
1161.0
2019.0
2015.0
2037.0
2046.0
2014.0
1991.0
1997.0
1965.0
1950.0
2002.0
1941.0
1935.0
1990.0
1982.0
1979.0
132.0
452.0
898.0
1240.0
1233.0
2013.0
2028.0
2032.0
2030.0
2036.0
1981.0
1980.0
1969.0
1977.0
1998.0
1975.0
2016.0
2027.0
2019.0
2018.0
131.0
457.0
894.0
1229.0
1229.0
2023.0
2024.0
2011.0
2008.0
1975.0
1971.0
1976.0
1976.0
1971.0
1977.0
1969.0
2026.0
2017.0
2017.0
2036.0
126.0
451.0
899.0
1233.0
1232.0
2023.0
2020.0
2015.0
2024.0
1975.0
1970.0
1966.0
1968.0
1970.0
1972.0
2026.0
2024.0
2025.0
2022.0
2030.0
122.0
442.0
949.0
1236.0
1232.0
2041.0
2027.0
1991.0
1989.0
2002.0
1994.0
1995.0
1996.0
2005.0
2006.0
2052.0
2056.0
2035.0
2033.0
2036.0
114.0
436.0
941.0
1235.0
1234.0
2013.0
2007.0
1953.0
1963.0
1961.0
1961.0
1959.0
1953.0
1954.0
1963.0
2020.0
2009.0
2015.0
2018.0
2016.0
71.0
346.0
853.0
986.0
987.0
1778.0
1778.0
1715.0
1719.0
1708.0
1710.0
1708.0
1706.0
1704.0
1716.0
1784.0
1787.0
1777.0
1793.0
1773.0
58.0
56.0
56.0
57.0
60.0
58.0
57.0
58.0
57.0
61.0
61.0
57.0
56.0
59.0
61.0
59.0
57.0
59.0
59.0
56.0
134.0
521.0
920.0
1212.0
1223.0
2008.0
1947.0
1946.0
1931.0
1928.0
1934.0
1936.0
1931.0
1930.0
1939.0
2000.0
2006.0
2003.0
2014.0
2006.0
136.0
522.0
926.0
1214.0
1218.0
2009.0
1942.0
1929.0
1935.0
1929.0
1939.0
1930.0
1929.0
1945.0
1996.0
2004.0
2023.0
2022.0
2032.0
2017.0
141.0
526.0
940.0
1242.0
1235.0
1952.0
1954.0
1959.0
1943.0
1946.0
1940.0
1940.0
2006.0
2015.0
2009.0
2015.0
2022.0
2016.0
2007.0
2016.0
206.0
521.0
900.0
1200.0
1189.0
1976.0
1962.0
1973.0
1957.0
2055.0
2046.0
2055.0
2045.0
2043.0
2059.0
2057.0
2042.0
2057.0
2045.0
1963.0
121.0
444.0
889.0
1178.0
1177.0
1974.0
1972.0
2048.0
2054.0
2047.0
2044.0
2043.0
2052.0
2045.0
2046.0
2054.0
2055.0
1973.0
1979.0
1968.0
116.0
437.0
885.0
1184.0
1178.0
1977.0
1978.0
2050.0
2034.0
2045.0
2044.0
2045.0
2048.0
2056.0
2037.0
2041.0
2034.0
1956.0
1969.0
1979.0
113.0
423.0
882.0
1167.0
1168.0
2032.0
2031.0
2041.0
2036.0
2043.0
2038.0
2027.0
2034.0
2026.0
2025.0
1949.0
1955.0
1948.0
1956.0
1955.0
103.0
420.0
733.0
1024.0
1024.0
1890.0
1890.0
1887.0
1877.0
1879.0
1874.0
1885.0
1903.0
1900.0
1883.0
1819.0
1814.0
1823.0
1804.0
1805.0
72.0
267.0
587.0
729.0
730.0
1508.0
1508.0
1507.0
1585.0
1586.0
1584.0
1590.0
1574.0
1585.0
1589.0
1582.0
1581.0
1576.0
1511.0
1514.0
61.0
63.0
64.0
60.0
62.0
62.0
57.0
60.0
59.0
57.0
60.0
57.0
61.0
58.0
60.0
61.0
55.0
63.0
59.0
57.0
141.0
499.0
903.0
1191.0
1191.0
1971.0
2052.0
2056.0
2058.0
2051.0
2045.0
2056.0
2055.0
2052.0
2060.0
2080.0
1991.0
1982.0
1982.0
1967.0
144.0
468.0
881.0
1154.0
1152.0
2022.0
2018.0
2016.0
2010.0
2008.0
2009.0
2018.0
2018.0
2019.0
2015.0
1949.0
1944.0
1960.0
1976.0
1951.0
141.0
465.0
863.0
1156.0
1175.0
2063.0
2037.0
2062.0
2074.0
2040.0
2062.0
2029.0
2058.0
2027.0
2022.0
1952.0
1945.0
1938.0
1944.0
1944.0
135.0
453.0
905.0
1195.0
1192.0
2041.0
2272.0
2070.0
2067.0
2019.0
2070.0
2066.0
2067.0
2979.0
1998.0
1912.0
3207.0
1981.0
1979.0
1909.0
133.0
450.0
905.0
1153.0
1196.0
2311.0
2628.0
2087.0
2067.0
1991.0
2079.0
2079.0
1996.0
2076.0
3210.0
1913.0
2057.0
2056.0
1990.0
2060.0
136.0
440.0
1521.0
1193.0
1190.0
1998.0
1989.0
2051.0
2050.0
2814.0
1974.0
1989.0
1913.0
1987.0
2531.0
1939.0
2044.0
2047.0
2045.0
2057.0
128.0
455.0
900.0
1262.0
1263.0
2065.0
2063.0
2053.0
2052.0
2006.0
1989.0
1998.0
2000.0
2007.0
2001.0
2042.0
2042.0
2034.0
2033.0
2042.0
116.0
434.0
959.0
1242.0
1248.0
2048.0
2037.0
1961.0
1965.0
1965.0
1961.0
1963.0
1956.0
1954.0
2036.0
2082.0
2074.0
2033.0
2044.0
2042.0
78.0
378.0
893.0
1187.0
1185.0
1983.0
1908.0
1896.0
1900.0
1896.0
1894.0
1892.0
1897.0
1969.0
1967.0
1979.0
1976.0
1966.0
1964.0
1974.0
63.0
61.0
60.0
60.0
63.0
63.0
60.0
60.0
60.0
59.0
58.0
59.0
61.0
60.0
132.0
131.0
135.0
64.0
62.0
63.0
143.0
460.0
869.0
1158.0
1154.0
1937.0
1928.0
1942.0
1936.0
1940.0
1929.0
2006.0
2004.0
2004.0
2012.0
2013.0
1995.0
2011.0
2008.0
2012.0
210.0
456.0
867.0
1158.0
1153.0
1960.0
1932.0
1944.0
1934.0
2026.0
2001.0
2010.0
2018.0
2030.0
2041.0
2020.0
2024.0
2045.0
2016.0
1972.0
148.0
466.0
860.0
1174.0
1164.0
1943.0
1931.0
1928.0
2007.0
2005.0
1996.0
2003.0
2006.0
2007.0
2011.0
2023.0
2001.0
2007.0
1949.0
1952.0
126.0
449.0
898.0
1190.0
1185.0
1964.0
1972.0
2048.0
2047.0
2043.0
2050.0
2042.0
2046.0
2043.0
2043.0
2035.0
2055.0
1976.0
1976.0
1968.0
125.0
440.0
893.0
1180.0
1191.0
1962.0
2040.0
2036.0
2035.0
2037.0
2046.0
2050.0
2039.0
2039.0
2043.0
2054.0
1966.0
1963.0
1960.0
1969.0
119.0
440.0
884.0
1178.0
1178.0
2035.0
2037.0
2035.0
2035.0
2038.0
2042.0
2042.0
2033.0
2034.0
2044.0
1960.0
1973.0
1966.0
1964.0
1969.0
117.0
430.0
877.0
1159.0
1175.0
2064.0
2069.0
2036.0
2063.0
2063.0
2021.0
2050.0
2009.0
2028.0
2019.0
1949.0
1950.0
1945.0
2035.0
2016.0
104.0
412.0
868.0
1151.0
1156.0
2010.0
2007.0
2009.0
2018.0
2011.0
2009.0
2035.0
2012.0
1941.0
1938.0
1935.0
1936.0
2016.0
2012.0
2013.0
69.0
268.0
588.0
725.0
724.0
1575.0
1578.0
1586.0
1582.0
1578.0
1590.0
1576.0
1514.0
1518.0
1512.0
1522.0
1511.0
1511.0
1500.0
1511.0
57.0
61.0
57.0
60.0
57.0
61.0
60.0
59.0
58.0
59.0
58.0
60.0
60.0
60.0
61.0
58.0
56.0
58.0
58.0
61.0
134.0
452.0
851.0
1144.0
1145.0
2002.0
2001.0
2002.0
2001.0
1997.0
2010.0
2010.0
2017.0
2003.0
1999.0
1929.0
1931.0
1924.0
1930.0
1934.0
137.0
452.0
855.0
1144.0
1150.0
2005.0
2006.0
2001.0
2009.0
2001.0
2003.0
1999.0
2000.0
1998.0
2010.0
1960.0
1937.0
1941.0
2025.0
2053.0
132.0
479.0
892.0
1177.0
1146.0
2018.0
2092.0
2017.0
2020.0
2028.0
2013.0
2009.0
2028.0
1929.0
1929.0
1929.0
1931.0
1999.0
2001.0
2003.0
121.0
440.0
891.0
1175.0
1257.0
2034.0
2041.0
2033.0
2039.0
2036.0
2032.0
1966.0
1963.0
1960.0
1960.0
1965.0
1970.0
2039.0
2042.0
2048.0
101.0
407.0
864.0
1226.0
1228.0
2022.0
2021.0
2016.0
2007.0
2015.0
1934.0
1933.0
1942.0
1948.0
1943.0
1935.0
2009.0
2019.0
2012.0
2017.0
105.0
411.0
939.0
1236.0
1230.0
2018.0
2011.0
2006.0
1960.0
1962.0
1935.0
1934.0
1952.0
1936.0
1938.0
2013.0
2005.0
1998.0
2019.0
2003.0
104.0
402.0
924.0
1205.0
1203.0
2018.0
2024.0
1964.0
1969.0
1968.0
1958.0
1960.0
1969.0
1961.0
1984.0
2007.0
1994.0
1996.0
2011.0
2006.0
90.0
362.0
750.0
1043.0
1042.0
1833.0
1840.0
1763.0
1775.0
1763.0
1765.0
1752.0
1764.0
1771.0
1755.0
1827.0
1827.0
1830.0
1841.0
1829.0
66.0
261.0
473.0
685.0
691.0
1482.0
1475.0
1471.0
1397.0
1396.0
1407.0
1393.0
1398.0
1399.0
1396.0
1403.0
1390.0
1398.0
1391.0
1391.0
62.0
59.0
55.0
59.0
58.0
60.0
55.0
60.0
54.0
54.0
59.0
55.0
59.0
57.0
60.0
57.0
62.0
59.0
59.0
59.0
125.0
445.0
850.0
1219.0
1230.0
2010.0
2017.0
1999.0
2015.0
2015.0
2000.0
2001.0
2013.0
1924.0
1925.0
1922.0
2009.0
2002.0
2008.0
2010.0
124.0
437.0
848.0
1135.0
1215.0
2005.0
2017.0
2011.0
2007.0
1999.0
1942.0
1922.0
1916.0
1917.0
1924.0
1920.0
1926.0
2015.0
1999.0
2030.0
117.0
440.0
839.0
1210.0
1216.0
2005.0
2040.0
1995.0
1992.0
2028.0
1911.0
1941.0
1929.0
1913.0
1919.0
1911.0
2002.0
1995.0
1994.0
1999.0
109.0
431.0
885.0
1249.0
1249.0
2043.0
2036.0
2049.0
2036.0
1973.0
1956.0
1960.0
1960.0
1950.0
1960.0
2036.0
2029.0
2025.0
2025.0
2051.0
103.0
413.0
941.0
1229.0
1223.0
2018.0
2009.0
1930.0
1935.0
1938.0
1928.0
1933.0
1933.0
1930.0
1947.0
2014.0
2065.0
2021.0
2011.0
2012.0
98.0
393.0
927.0
1217.0
1213.0
2003.0
2040.0
1928.0
1917.0
1928.0
1921.0
1916.0
1921.0
1926.0
1925.0
1992.0
1994.0
1998.0
1997.0
2004.0
70.0
367.0
893.0
1033.0
1039.0
1819.0
1831.0
1735.0
1745.0
1749.0
1750.0
1756.0
1755.0
1760.0
1753.0
1861.0
1845.0
1840.0
1844.0
1818.0
70.0
264.0
592.0
791.0
794.0
1595.0
1586.0
1572.0
1510.0
1506.0
1508.0
1499.0
1499.0
1498.0
1505.0
1508.0
1502.0
1496.0
1507.0
1504.0
58.0
59.0
276.0
407.0
412.0
1271.0
1273.0
1275.0
1270.0
1278.0
1278.0
1284.0
1272.0
1273.0
1268.0
1191.0
1189.0
1188.0
1191.0
1196.0
58.0
61.0
62.0
61.0
55.0
60.0
63.0
59.0
66.0
55.0
58.0
60.0
60.0
57.0
62.0
55.0
56.0
64.0
58.0
58.0
106.0
428.0
838.0
1118.0
1116.0
1904.0
1897.0
1979.0
1981.0
1976.0
1981.0
1990.0
1997.0
1984.0
1990.0
1993.0
1986.0
1906.0
1906.0
1912.0
109.0
442.0
847.0
1125.0
1124.0
1900.0
1898.0
1911.0
1990.0
1984.0
1983.0
1994.0
1973.0
1994.0
1982.0
2002.0
1977.0
1998.0
1905.0
1908.0
106.0
427.0
828.0
1114.0
1115.0
1898.0
1905.0
1979.0
1979.0
1978.0
1982.0
1990.0
1978.0
2004.0
2007.0
2010.0
2008.0
1922.0
1927.0
1926.0
85.0
411.0
871.0
1007.0
1001.0
1795.0
1796.0
1853.0
1870.0
1843.0
1865.0
1862.0
1843.0
1850.0
1850.0
1850.0
1848.0
1770.0
1761.0
1761.0
75.0
368.0
822.0
948.0
956.0
1734.0
1734.0
1827.0
1823.0
1824.0
1814.0
1825.0
1820.0
1814.0
1820.0
1828.0
1814.0
1744.0
1753.0
1736.0
59.0
288.0
613.0
742.0
747.0
1528.0
1532.0
1535.0
1524.0
1525.0
1530.0
1524.0
1607.0
1606.0
1602.0
1602.0
1605.0
1610.0
1600.0
1610.0
57.0
212.0
496.0
635.0
556.0
1342.0
1340.0
1341.0
1338.0
1336.0
1340.0
1350.0
1347.0
1344.0
1397.0
1353.0
1354.0
1350.0
1346.0
1350.0
75.0
76.0
314.0
411.0
419.0
1312.0
1287.0
1290.0
1277.0
1300.0
1294.0
1298.0
1290.0
1279.0
1289.0
1201.0
1187.0
1188.0
1172.0
1143.0
57.0
55.0
58.0
58.0
55.0
62.0
65.0
61.0
57.0
62.0
64.0
62.0
57.0
64.0
66.0
52.0
62.0
58.0
58.0
60.0
54.0
56.0
58.0
61.0
63.0
54.0
56.0
59.0
64.0
53.0
63.0
58.0
58.0
58.0
60.0
58.0
57.0
54.0
55.0
54.0
