1.0
1.0
1.0
1.0
0.0
1.0
1.0
1.0
1.0
1.0
1.0
1.0
1.0
0.0
1.0
1.0
1.0
1.0
1.0
1.0
1.0
1.0
1.0
1.0
1.0
1.0
1.0
1.0
2.0
1.0
1.0
1.0
1.0
1.0
2.0
1.0
1.0
2.0
0.0
0.0
1.0
1.0
1.0
1.0
2.0
1.0
1.0
1.0
1.0
0.0
268.0
149.0
268.0
151.0
149.0
148.0
268.0
214.0
204.0
268.0
149.0
147.0
147.0
149.0
120.0
146.0
146.0
149.0
204.0
202.0
128.0
147.0
149.0
149.0
121.0
146.0
147.0
150.0
123.0
147.0
124.0
148.0
150.0
147.0
138.0
147.0
130.0
147.0
147.0
129.0
146.0
150.0
147.0
129.0
147.0
146.0
131.0
130.0
155.0
154.0
155.0
143.0
149.0
155.0
156.0
153.0
145.0
145.0
142.0
141.0
135.0
140.0
136.0
142.0
139.0
138.0
137.0
138.0
137.0
138.0
137.0
137.0
137.0
138.0
136.0
137.0
137.0
138.0
137.0
137.0
137.0
137.0
137.0
138.0
137.0
138.0
136.0
137.0
136.0
137.0
137.0
137.0
136.0
138.0
137.0
137.0
137.0
136.0
137.0
137.0
137.0
137.0
137.0
139.0
137.0
172.0
173.0
173.0
174.0
172.0
173.0
174.0
173.0
173.0
173.0
137.0
139.0
138.0
138.0
138.0
140.0
138.0
139.0
140.0
139.0
137.0
138.0
139.0
139.0
139.0
139.0
139.0
140.0
139.0
139.0
137.0
139.0
139.0
140.0
137.0
139.0
138.0
142.0
140.0
138.0
139.0
140.0
138.0
138.0
137.0
139.0
137.0
136.0
136.0
139.0
135.0
133.0
129.0
131.0
129.0
0.0
1.0
1.0
1.0
1.0
0.0
1.0
1.0
1.0
1.0
1.0
1.0
2.0
2.0
2.0
1.0
1.0
1.0
1.0
1.0
1.0
1.0
2.0
0.0
1.0
1.0
1.0
0.0
1.0
1.0
1.0
1.0
1.0
0.0
0.0
0.0
1.0
1.0
1.0
1.0
1.0
1.0
1.0
1.0
2.0
1.0
0.0
1.0
1.0
1.0
1.0
1.0
1.0
1.0
2.0
1.0
1.0
0.0
0.0
1.0
1.0
1.0
1.0
1.0
1.0
1.0
0.0
1.0
0.0
1.0
1.0
1.0
1.0
1.0
1.0
2.0
1.0
0.0
1.0
1.0
1.0
1.0
1.0
1.0
1.0
2.0
1.0
0.0
1.0
1.0
1.0
1.0
1.0
1.0
1.0
1.0
0.0
1.0
0.0
1.0
1.0
1.0
1.0
1.0
1.0
1.0
1.0
2.0
0.0
1.0
1.0
1.0
1.0
1.0
1.0
1.0
2.0
1.0
0.0
1.0
1.0
1.0
1.0
1.0
1.0
2.0
1.0
0.0
0.0
1.0
1.0
0.0
1.0
1.0
1.0
1.0
1.0
2.0
1.0
1.0
1.0
1.0
1.0
1.0
1.0
1.0
1.0
1.0
1.0
0.0
1.0
1.0
1.0
1.0
1.0
1.0
1.0
1.0
0.0
0.0
0.0
1.0
1.0
1.0
1.0
1.0
1.0
1.0
1.0
2.0
1.0
1.0
1.0
1.0
1.0
1.0
1.0
2.0
2.0
0.0
1.0
1.0
0.0
1.0
1.0
1.0
1.0
1.0
1.0
1.0
1.0
0.0
0.0
1.0
1.0
1.0
1.0
1.0
1.0
2.0
1.0
0.0
1.0
1.0
1.0
1.0
1.0
1.0
1.0
1.0
1.0
1.0
0.0
1.0
1.0
1.0
1.0
1.0
2.0
2.0
1.0
0.0
0.0
1.0
1.0
1.0
1.0
1.0
1.0
1.0
1.0
1.0
1.0
0.0
1.0
1.0
1.0
1.0
1.0
1.0
1.0
1.0
0.0
0.0
0.0
1.0
1.0
1.0
1.0
2.0
1.0
1.0
0.0
1.0
1.0
1.0
1.0
1.0
1.0
1.0
1.0
1.0
1.0
0.0
1.0
1.0
1.0
1.0
1.0
1.0
2.0
2.0
0.0
0.0
0.0
1.0
1.0
1.0
1.0
1.0
1.0
1.0
2.0
1.0
1.0
1.0
1.0
1.0
1.0
1.0
1.0
1.0
0.0
1.0
1.0
1.0
1.0
1.0
1.0
1.0
1.0
1.0
0.0
0.0
0.0
1.0
1.0
1.0
1.0
1.0
1.0
1.0
1.0
1.0
1.0
0.0
1.0
1.0
1.0
1.0
1.0
1.0
1.0
1.0
1.0
1.0
0.0
1.0
1.0
1.0
1.0
1.0
2.0
2.0
0.0
0.0
0.0
1.0
1.0
1.0
1.0
1.0
1.0
2.0
2.0
1.0
1.0
0.0
1.0
1.0
1.0
1.0
1.0
1.0
1.0
1.0
0.0
1.0
1.0
1.0
1.0
1.0
1.0
1.0
1.0
0.0
0.0
1.0
1.0
1.0
1.0
1.0
1.0
1.0
1.0
0.0
1.0
1.0
1.0
1.0
1.0
1.0
1.0
1.0
1.0
1.0
0.0
1.0
1.0
1.0
1.0
1.0
1.0
2.0
2.0
1.0
1.0
0.0
0.0
1.0
172.0
292.0
292.0
175.0
175.0
175.0
212.0
226.0
260.0
260.0
147.0
149.0
148.0
146.0
121.0
146.0
147.0
148.0
209.0
207.0
147.0
122.0
147.0
148.0
121.0
147.0
147.0
147.0
122.0
124.0
146.0
147.0
149.0
147.0
133.0
146.0
148.0
147.0
129.0
130.0
146.0
147.0
148.0
131.0
145.0
144.0
131.0
136.0
143.0
134.0
142.0
142.0
134.0
145.0
142.0
141.0
133.0
136.0
135.0
140.0
138.0
137.0
138.0
140.0
147.0
147.0
148.0
148.0
148.0
148.0
148.0
151.0
150.0
148.0
137.0
136.0
137.0
139.0
136.0
137.0
137.0
137.0
137.0
139.0
137.0
135.0
137.0
137.0
138.0
137.0
138.0
136.0
137.0
137.0
136.0
136.0
137.0
138.0
137.0
136.0
136.0
137.0
137.0
138.0
138.0
137.0
137.0
138.0
138.0
137.0
138.0
139.0
139.0
137.0
137.0
137.0
137.0
137.0
138.0
137.0
137.0
137.0
138.0
138.0
138.0
137.0
137.0
138.0
137.0
137.0
137.0
137.0
138.0
137.0
137.0
138.0
136.0
147.0
148.0
148.0
148.0
148.0
148.0
149.0
148.0
148.0
148.0
138.0
137.0
140.0
138.0
136.0
137.0
137.0
137.0
136.0
137.0
137.0
137.0
138.0
137.0
136.0
137.0
137.0
137.0
137.0
137.0
137.0
137.0
138.0
138.0
136.0
137.0
137.0
137.0
137.0
138.0
137.0
136.0
137.0
137.0
137.0
137.0
137.0
137.0
138.0
137.0
164.0
163.0
167.0
166.0
166.0
167.0
165.0
166.0
165.0
166.0
139.0
140.0
137.0
138.0
141.0
139.0
137.0
138.0
136.0
138.0
138.0
138.0
137.0
137.0
139.0
139.0
136.0
136.0
136.0
139.0
139.0
140.0
137.0
140.0
138.0
137.0
137.0
137.0
136.0
138.0
138.0
137.0
137.0
136.0
137.0
137.0
137.0
137.0
136.0
137.0
137.0
137.0
137.0
137.0
137.0
137.0
137.0
137.0
137.0
137.0
137.0
137.0
137.0
137.0
137.0
137.0
137.0
137.0
136.0
136.0
137.0
136.0
137.0
149.0
149.0
148.0
147.0
148.0
146.0
148.0
149.0
149.0
147.0
136.0
137.0
137.0
137.0
138.0
136.0
137.0
137.0
137.0
136.0
137.0
138.0
137.0
138.0
138.0
136.0
139.0
138.0
138.0
137.0
137.0
138.0
137.0
136.0
137.0
136.0
137.0
137.0
137.0
136.0
138.0
136.0
137.0
136.0
136.0
136.0
137.0
137.0
137.0
138.0
137.0
137.0
136.0
137.0
137.0
137.0
137.0
137.0
138.0
136.0
137.0
136.0
137.0
136.0
136.0
136.0
136.0
137.0
136.0
137.0
147.0
148.0
147.0
147.0
147.0
147.0
148.0
149.0
149.0
147.0
138.0
138.0
137.0
138.0
137.0
137.0
137.0
136.0
138.0
137.0
137.0
137.0
137.0
137.0
136.0
137.0
137.0
137.0
137.0
138.0
137.0
136.0
137.0
137.0
136.0
137.0
136.0
137.0
137.0
136.0
137.0
137.0
136.0
138.0
136.0
136.0
166.0
168.0
168.0
168.0
169.0
168.0
168.0
168.0
167.0
169.0
138.0
139.0
137.0
138.0
138.0
140.0
138.0
139.0
137.0
137.0
136.0
138.0
138.0
138.0
140.0
140.0
139.0
138.0
137.0
138.0
137.0
137.0
140.0
139.0
139.0
139.0
139.0
139.0
137.0
137.0
138.0
137.0
140.0
139.0
139.0
138.0
138.0
140.0
136.0
137.0
138.0
137.0
139.0
139.0
139.0
140.0
138.0
137.0
137.0
136.0
137.0
136.0
139.0
138.0
139.0
138.0
137.0
139.0
137.0
138.0
137.0
138.0
147.0
148.0
147.0
150.0
148.0
150.0
148.0
152.0
150.0
149.0
137.0
138.0
138.0
137.0
137.0
138.0
137.0
137.0
138.0
137.0
136.0
137.0
137.0
137.0
137.0
136.0
137.0
138.0
136.0
137.0
137.0
136.0
137.0
137.0
137.0
137.0
137.0
137.0
138.0
137.0
137.0
136.0
137.0
137.0
136.0
137.0
136.0
136.0
138.0
137.0
136.0
138.0
137.0
137.0
137.0
136.0
137.0
137.0
137.0
136.0
136.0
139.0
137.0
137.0
137.0
137.0
137.0
137.0
142.0
138.0
137.0
138.0
146.0
147.0
149.0
147.0
147.0
148.0
148.0
149.0
148.0
148.0
139.0
137.0
137.0
136.0
137.0
137.0
138.0
138.0
137.0
138.0
140.0
137.0
137.0
138.0
138.0
137.0
137.0
137.0
138.0
136.0
139.0
137.0
136.0
136.0
137.0
137.0
137.0
137.0
136.0
136.0
137.0
138.0
137.0
137.0
136.0
137.0
170.0
166.0
167.0
166.0
167.0
164.0
167.0
167.0
165.0
166.0
138.0
137.0
140.0
139.0
137.0
138.0
140.0
137.0
138.0
138.0
138.0
137.0
137.0
140.0
137.0
140.0
138.0
139.0
137.0
140.0
140.0
137.0
137.0
137.0
137.0
138.0
136.0
137.0
139.0
140.0
139.0
137.0
138.0
140.0
138.0
138.0
137.0
136.0
139.0
139.0
140.0
136.0
138.0
139.0
136.0
138.0
137.0
136.0
138.0
137.0
139.0
137.0
138.0
138.0
137.0
137.0
138.0
138.0
139.0
138.0
137.0
139.0
137.0
150.0
149.0
148.0
148.0
149.0
148.0
148.0
148.0
149.0
151.0
138.0
136.0
137.0
137.0
139.0
137.0
137.0
138.0
138.0
139.0
138.0
137.0
137.0
137.0
137.0
137.0
137.0
139.0
140.0
137.0
137.0
138.0
136.0
137.0
136.0
136.0
137.0
137.0
137.0
137.0
139.0
137.0
137.0
137.0
138.0
137.0
138.0
138.0
138.0
137.0
137.0
138.0
138.0
138.0
138.0
137.0
137.0
137.0
138.0
138.0
138.0
138.0
136.0
137.0
137.0
137.0
137.0
137.0
140.0
139.0
137.0
147.0
149.0
149.0
149.0
150.0
151.0
149.0
150.0
149.0
149.0
137.0
141.0
137.0
138.0
136.0
137.0
139.0
137.0
137.0
138.0
137.0
137.0
137.0
137.0
137.0
137.0
136.0
137.0
138.0
137.0
138.0
138.0
138.0
137.0
137.0
137.0
137.0
136.0
137.0
136.0
137.0
137.0
137.0
137.0
138.0
138.0
166.0
165.0
168.0
166.0
168.0
168.0
166.0
167.0
167.0
168.0
138.0
140.0
139.0
137.0
138.0
136.0
138.0
138.0
138.0
139.0
136.0
137.0
137.0
137.0
138.0
137.0
137.0
137.0
139.0
138.0
138.0
139.0
138.0
139.0
139.0
136.0
138.0
136.0
137.0
138.0
137.0
137.0
137.0
137.0
137.0
137.0
136.0
137.0
137.0
137.0
137.0
136.0
137.0
137.0
137.0
139.0
137.0
136.0
137.0
136.0
137.0
138.0
137.0
137.0
136.0
137.0
137.0
137.0
136.0
137.0
137.0
137.0
147.0
147.0
148.0
147.0
148.0
148.0
149.0
147.0
148.0
148.0
137.0
138.0
136.0
137.0
137.0
136.0
136.0
137.0
137.0
138.0
138.0
137.0
137.0
136.0
137.0
136.0
137.0
137.0
136.0
137.0
137.0
137.0
136.0
137.0
137.0
137.0
138.0
137.0
136.0
137.0
137.0
137.0
135.0
137.0
137.0
139.0
136.0
137.0
137.0
137.0
137.0
137.0
136.0
138.0
137.0
136.0
137.0
137.0
137.0
137.0
137.0
135.0
136.0
136.0
137.0
137.0
136.0
137.0
137.0
137.0
137.0
137.0
146.0
147.0
148.0
148.0
149.0
150.0
148.0
148.0
148.0
149.0
137.0
139.0
138.0
138.0
137.0
137.0
137.0
137.0
136.0
137.0
136.0
138.0
136.0
137.0
137.0
137.0
137.0
137.0
137.0
137.0
137.0
138.0
138.0
138.0
138.0
139.0
137.0
138.0
137.0
137.0
137.0
137.0
137.0
136.0
137.0
138.0
168.0
168.0
169.0
169.0
167.0
169.0
169.0
171.0
167.0
168.0
138.0
137.0
139.0
138.0
136.0
138.0
137.0
138.0
139.0
139.0
138.0
136.0
139.0
139.0
137.0
139.0
139.0
137.0
139.0
138.0
140.0
137.0
139.0
138.0
137.0
139.0
139.0
137.0
138.0
139.0
137.0
137.0
137.0
137.0
136.0
139.0
139.0
137.0
136.0
142.0
146.0
142.0
142.0
150.0
145.0
148.0
146.0
146.0
150.0
147.0
144.0
144.0
140.0
145.0
142.0
141.0
140.0
143.0
143.0
143.0
153.0
153.0
150.0
153.0
151.0
152.0
151.0
153.0
154.0
151.0
142.0
143.0
139.0
139.0
137.0
137.0
138.0
138.0
136.0
137.0
136.0
138.0
138.0
137.0
137.0
137.0
137.0
136.0
136.0
138.0
137.0
137.0
138.0
137.0
138.0
138.0
138.0
137.0
137.0
136.0
136.0
138.0
137.0
137.0
137.0
137.0
136.0
137.0
137.0
137.0
137.0
137.0
137.0
136.0
137.0
138.0
137.0
137.0
138.0
137.0
138.0
138.0
137.0
138.0
139.0
137.0
138.0
137.0
137.0
137.0
137.0
137.0
138.0
137.0
146.0
148.0
148.0
148.0
148.0
148.0
148.0
148.0
148.0
148.0
138.0
139.0
137.0
137.0
136.0
137.0
137.0
137.0
136.0
137.0
137.0
137.0
137.0
137.0
137.0
137.0
136.0
137.0
138.0
137.0
138.0
137.0
137.0
136.0
137.0
138.0
136.0
136.0
137.0
135.0
137.0
138.0
137.0
138.0
137.0
138.0
169.0
168.0
169.0
169.0
169.0
169.0
170.0
169.0
170.0
169.0
138.0
140.0
140.0
140.0
139.0
139.0
138.0
140.0
137.0
139.0
140.0
139.0
138.0
137.0
139.0
139.0
137.0
139.0
137.0
139.0
140.0
139.0
138.0
139.0
140.0
137.0
138.0
139.0
136.0
139.0
138.0
140.0
138.0
138.0
138.0
138.0
137.0
136.0
139.0
139.0
138.0
139.0
138.0
138.0
137.0
137.0
137.0
137.0
139.0
139.0
140.0
138.0
139.0
138.0
137.0
137.0
137.0
137.0
140.0
139.0
138.0
138.0
146.0
151.0
148.0
148.0
148.0
149.0
149.0
149.0
149.0
148.0
138.0
137.0
138.0
138.0
137.0
137.0
137.0
137.0
138.0
137.0
137.0
137.0
137.0
137.0
137.0
137.0
137.0
137.0
137.0
137.0
137.0
137.0
137.0
138.0
138.0
138.0
137.0
138.0
136.0
137.0
139.0
137.0
137.0
137.0
137.0
136.0
136.0
137.0
137.0
137.0
138.0
136.0
138.0
137.0
137.0
136.0
137.0
138.0
137.0
137.0
137.0
136.0
137.0
137.0
137.0
137.0
137.0
137.0
136.0
137.0
137.0
137.0
137.0
147.0
147.0
146.0
149.0
150.0
147.0
148.0
148.0
149.0
140.0
138.0
137.0
138.0
137.0
139.0
138.0
138.0
138.0
137.0
140.0
137.0
138.0
138.0
137.0
139.0
137.0
138.0
138.0
136.0
137.0
137.0
137.0
137.0
138.0
137.0
136.0
136.0
137.0
136.0
137.0
138.0
137.0
137.0
136.0
136.0
172.0
170.0
170.0
171.0
169.0
171.0
171.0
169.0
170.0
172.0
139.0
138.0
137.0
139.0
137.0
140.0
138.0
137.0
136.0
140.0
139.0
139.0
137.0
139.0
136.0
137.0
136.0
138.0
138.0
139.0
139.0
138.0
136.0
139.0
137.0
138.0
137.0
137.0
137.0
139.0
139.0
139.0
139.0
140.0
136.0
137.0
137.0
139.0
137.0
137.0
137.0
138.0
137.0
137.0
136.0
137.0
136.0
137.0
136.0
136.0
138.0
136.0
137.0
137.0
136.0
137.0
137.0
137.0
137.0
137.0
137.0
137.0
137.0
147.0
149.0
149.0
149.0
148.0
148.0
149.0
149.0
149.0
148.0
138.0
136.0
137.0
136.0
138.0
138.0
137.0
136.0
137.0
137.0
136.0
137.0
136.0
136.0
137.0
136.0
137.0
138.0
137.0
137.0
137.0
136.0
137.0
137.0
137.0
138.0
136.0
138.0
137.0
137.0
138.0
137.0
138.0
138.0
137.0
137.0
137.0
137.0
137.0
139.0
137.0
137.0
136.0
137.0
136.0
136.0
137.0
137.0
137.0
139.0
138.0
136.0
137.0
137.0
138.0
137.0
137.0
137.0
138.0
137.0
137.0
137.0
147.0
147.0
147.0
150.0
149.0
149.0
148.0
148.0
149.0
148.0
137.0
139.0
137.0
138.0
137.0
136.0
137.0
136.0
137.0
136.0
137.0
138.0
137.0
137.0
137.0
137.0
137.0
137.0
136.0
137.0
136.0
137.0
137.0
136.0
137.0
136.0
136.0
137.0
137.0
136.0
138.0
137.0
137.0
137.0
171.0
171.0
171.0
172.0
172.0
171.0
172.0
172.0
172.0
173.0
138.0
137.0
138.0
138.0
138.0
136.0
140.0
140.0
139.0
140.0
140.0
137.0
140.0
138.0
138.0
137.0
138.0
140.0
139.0
138.0
138.0
138.0
139.0
137.0
140.0
137.0
139.0
139.0
138.0
137.0
140.0
137.0
139.0
140.0
140.0
136.0
140.0
138.0
140.0
137.0
139.0
137.0
138.0
138.0
137.0
140.0
137.0
137.0
139.0
137.0
140.0
136.0
139.0
138.0
137.0
138.0
136.0
137.0
139.0
137.0
140.0
139.0
141.0
147.0
148.0
150.0
149.0
148.0
147.0
146.0
144.0
138.0
137.0
131.0
128.0
