1.0
1.0
1.0
1.0
1.0
1.0
1.0
1.0
1.0
1.0
1.0
1.0
1.0
1.0
1.0
1.0
1.0
1.0
1.0
1.0
480.0
479.0
480.0
476.0
478.0
478.0
478.0
478.0
477.0
478.0
466.0
467.0
468.0
467.0
469.0
468.0
470.0
467.0
470.0
467.0
477.0
479.0
477.0
479.0
477.0
477.0
479.0
479.0
477.0
482.0
1.0
1.0
2.0
1.0
1.0
1.0
1.0
1.0
1.0
2.0
494.0
495.0
494.0
494.0
494.0
495.0
494.0
495.0
494.0
496.0
466.0
468.0
467.0
466.0
465.0
467.0
468.0
467.0
469.0
469.0
480.0
480.0
479.0
480.0
480.0
480.0
479.0
479.0
478.0
480.0
1.0
1.0
1.0
1.0
1.0
1.0
1.0
1.0
1.0
1.0
468.0
466.0
469.0
469.0
468.0
468.0
467.0
468.0
467.0
469.0
478.0
479.0
480.0
477.0
479.0
477.0
480.0
477.0
479.0
481.0
469.0
468.0
468.0
468.0
469.0
466.0
468.0
467.0
468.0
469.0
1.0
1.0
1.0
1.0
1.0
1.0
1.0
1.0
1.0
1.0
467.0
466.0
467.0
466.0
468.0
469.0
467.0
468.0
468.0
468.0
505.0
506.0
507.0
505.0
507.0
507.0
507.0
504.0
506.0
509.0
467.0
469.0
469.0
466.0
468.0
467.0
465.0
469.0
468.0
469.0
1.0
1.0
1.0
1.0
1.0
1.0
1.0
1.0
1.0
1.0
480.0
480.0
480.0
478.0
478.0
480.0
480.0
480.0
480.0
485.0
469.0
469.0
467.0
466.0
467.0
466.0
468.0
466.0
468.0
469.0
480.0
479.0
479.0
479.0
478.0
479.0
479.0
480.0
479.0
476.0
1.0
0.0
1.0
1.0
1.0
1.0
0.0
1.0
1.0
1.0
1.0
1.0
1.0
1.0
1.0
1.0
1.0
1.0
1.0
1.0
1.0
1.0
1.0
1.0
1.0
1.0
1.0
0.0
1.0
1.0
1.0
1.0
1.0
1.0
1.0
1.0
1.0
0.0
1.0
1.0
1.0
1.0
1.0
1.0
1.0
1.0
1.0
1.0
0.0
1.0
1.0
1.0
1.0
1.0
1.0
1.0
1.0
1.0
0.0
0.0
1.0
1.0
1.0
1.0
1.0
1.0
1.0
1.0
1.0
0.0
1.0
1.0
1.0
1.0
1.0
1.0
1.0
1.0
1.0
1.0
0.0
0.0
1.0
1.0
1.0
1.0
1.0
1.0
1.0
1.0
1.0
0.0
0.0
0.0
1.0
1.0
1.0
1.0
1.0
1.0
480.0
483.0
481.0
482.0
479.0
481.0
481.0
485.0
483.0
481.0
467.0
467.0
467.0
468.0
467.0
469.0
468.0
467.0
468.0
468.0
478.0
480.0
479.0
479.0
481.0
481.0
480.0
480.0
480.0
480.0
488.0
490.0
487.0
488.0
488.0
489.0
491.0
490.0
489.0
488.0
464.0
466.0
467.0
467.0
469.0
469.0
467.0
466.0
469.0
466.0
479.0
480.0
478.0
482.0
481.0
480.0
482.0
483.0
481.0
482.0
466.0
467.0
466.0
468.0
468.0
469.0
465.0
468.0
466.0
466.0
478.0
481.0
477.0
479.0
481.0
479.0
479.0
481.0
481.0
480.0
468.0
465.0
465.0
466.0
468.0
466.0
466.0
467.0
467.0
467.0
478.0
478.0
480.0
479.0
479.0
479.0
480.0
480.0
479.0
480.0
488.0
490.0
487.0
489.0
490.0
489.0
489.0
490.0
493.0
489.0
468.0
467.0
470.0
469.0
468.0
466.0
467.0
467.0
469.0
469.0
480.0
480.0
481.0
480.0
481.0
481.0
480.0
481.0
479.0
480.0
493.0
497.0
496.0
503.0
498.0
497.0
492.0
494.0
498.0
497.0
481.0
482.0
482.0
480.0
481.0
483.0
483.0
482.0
482.0
482.0
469.0
466.0
468.0
469.0
467.0
469.0
468.0
469.0
469.0
468.0
480.0
481.0
480.0
480.0
480.0
479.0
480.0
480.0
480.0
481.0
490.0
487.0
487.0
490.0
489.0
489.0
488.0
490.0
489.0
492.0
466.0
466.0
468.0
469.0
465.0
468.0
468.0
467.0
467.0
467.0
481.0
481.0
480.0
479.0
480.0
481.0
483.0
481.0
481.0
479.0
469.0
469.0
470.0
468.0
469.0
469.0
472.0
470.0
469.0
469.0
480.0
478.0
480.0
478.0
481.0
480.0
479.0
481.0
484.0
480.0
468.0
467.0
467.0
469.0
468.0
473.0
467.0
469.0
475.0
468.0
479.0
481.0
481.0
482.0
481.0
482.0
481.0
481.0
482.0
488.0
493.0
491.0
491.0
490.0
490.0
490.0
492.0
496.0
495.0
500.0
466.0
467.0
467.0
465.0
465.0
464.0
468.0
472.0
469.0
465.0
479.0
481.0
481.0
481.0
477.0
480.0
480.0
482.0
481.0
484.0
468.0
469.0
468.0
467.0
467.0
469.0
470.0
469.0
471.0
470.0
482.0
481.0
481.0
480.0
481.0
481.0
480.0
482.0
479.0
480.0
469.0
466.0
468.0
468.0
469.0
468.0
468.0
468.0
468.0
466.0
1.0
1.0
1.0
1.0
1.0
1.0
0.0
1.0
1.0
0.0
1.0
1.0
1.0
1.0
1.0
1.0
1.0
1.0
0.0
0.0
1.0
1.0
1.0
1.0
1.0
1.0
1.0
1.0
1.0
0.0
1.0
1.0
1.0
1.0
0.0
1.0
1.0
1.0
1.0
0.0
1.0
1.0
1.0
1.0
0.0
1.0
1.0
1.0
1.0
0.0
0.0
1.0
1.0
1.0
1.0
1.0
0.0
0.0
1.0
1.0
1.0
1.0
1.0
0.0
1.0
1.0
1.0
1.0
1.0
1.0
1.0
1.0
1.0
1.0
0.0
0.0
1.0
1.0
1.0
1.0
1.0
0.0
1.0
1.0
1.0
1.0
1.0
0.0
0.0
1.0
1.0
1.0
1.0
1.0
1.0
1.0
1.0
1.0
1.0
1.0
504.0
478.0
480.0
478.0
479.0
504.0
503.0
504.0
504.0
503.0
491.0
490.0
491.0
488.0
466.0
469.0
465.0
467.0
469.0
466.0
466.0
465.0
466.0
465.0
465.0
468.0
466.0
465.0
468.0
467.0
480.0
482.0
478.0
480.0
478.0
481.0
481.0
480.0
482.0
479.0
466.0
467.0
469.0
466.0
468.0
468.0
468.0
469.0
466.0
465.0
478.0
479.0
478.0
480.0
480.0
481.0
481.0
482.0
480.0
480.0
468.0
469.0
467.0
467.0
468.0
469.0
469.0
469.0
469.0
466.0
504.0
504.0
503.0
503.0
504.0
503.0
503.0
504.0
504.0
505.0
465.0
465.0
466.0
464.0
468.0
464.0
465.0
467.0
467.0
466.0
478.0
481.0
480.0
483.0
484.0
483.0
482.0
482.0
482.0
482.0
465.0
470.0
466.0
465.0
468.0
468.0
468.0
469.0
467.0
469.0
464.0
464.0
466.0
468.0
468.0
478.0
477.0
478.0
480.0
480.0
480.0
480.0
477.0
481.0
480.0
472.0
470.0
470.0
470.0
468.0
467.0
467.0
467.0
469.0
468.0
469.0
468.0
468.0
470.0
467.0
526.0
533.0
527.0
528.0
530.0
531.0
530.0
530.0
532.0
534.0
482.0
482.0
481.0
481.0
480.0
480.0
481.0
478.0
475.0
477.0
482.0
482.0
481.0
483.0
481.0
484.0
481.0
482.0
482.0
481.0
463.0
468.0
463.0
469.0
466.0
468.0
468.0
469.0
466.0
468.0
475.0
478.0
480.0
479.0
478.0
479.0
481.0
480.0
480.0
480.0
466.0
466.0
465.0
468.0
467.0
466.0
468.0
469.0
467.0
466.0
475.0
476.0
478.0
480.0
481.0
479.0
481.0
479.0
478.0
479.0
493.0
492.0
492.0
490.0
492.0
494.0
493.0
494.0
495.0
492.0
465.0
477.0
466.0
464.0
468.0
469.0
468.0
468.0
468.0
467.0
484.0
481.0
484.0
486.0
484.0
484.0
484.0
485.0
494.0
484.0
469.0
468.0
469.0
468.0
468.0
467.0
469.0
468.0
468.0
471.0
480.0
480.0
480.0
478.0
479.0
481.0
480.0
479.0
480.0
480.0
468.0
467.0
466.0
468.0
468.0
467.0
468.0
467.0
467.0
467.0
479.0
479.0
480.0
481.0
481.0
481.0
481.0
481.0
482.0
481.0
493.0
494.0
493.0
494.0
493.0
492.0
494.0
494.0
495.0
494.0
467.0
465.0
466.0
468.0
467.0
468.0
468.0
467.0
467.0
467.0
0.0
1.0
1.0
1.0
1.0
0.0
0.0
1.0
1.0
1.0
1.0
0.0
1.0
1.0
1.0
1.0
0.0
1.0
1.0
0.0
1.0
1.0
1.0
1.0
1.0
1.0
0.0
1.0
1.0
0.0
1.0
1.0
1.0
1.0
1.0
1.0
1.0
1.0
1.0
1.0
0.0
1.0
1.0
1.0
0.0
1.0
1.0
1.0
0.0
1.0
1.0
0.0
1.0
1.0
1.0
0.0
1.0
1.0
1.0
0.0
1.0
1.0
1.0
1.0
1.0
1.0
0.0
1.0
1.0
1.0
1.0
1.0
1.0
0.0
0.0
1.0
1.0
0.0
1.0
1.0
1.0
1.0
0.0
1.0
1.0
1.0
1.0
1.0
1.0
1.0
1.0
0.0
1.0
1.0
1.0
1.0
0.0
0.0
1.0
1.0
486.0
481.0
480.0
478.0
481.0
479.0
480.0
481.0
479.0
480.0
469.0
469.0
470.0
468.0
469.0
469.0
470.0
468.0
469.0
468.0
480.0
480.0
479.0
477.0
481.0
481.0
480.0
481.0
481.0
481.0
467.0
465.0
468.0
468.0
466.0
467.0
467.0
467.0
466.0
468.0
480.0
480.0
479.0
480.0
480.0
480.0
481.0
480.0
480.0
479.0
493.0
493.0
492.0
493.0
493.0
492.0
495.0
494.0
495.0
495.0
469.0
467.0
465.0
469.0
466.0
465.0
468.0
468.0
468.0
469.0
479.0
479.0
479.0
479.0
480.0
480.0
482.0
481.0
481.0
479.0
466.0
464.0
468.0
468.0
466.0
469.0
467.0
468.0
466.0
468.0
479.0
480.0
479.0
481.0
480.0
480.0
481.0
480.0
480.0
481.0
466.0
468.0
467.0
467.0
468.0
467.0
469.0
467.0
467.0
466.0
477.0
480.0
480.0
480.0
480.0
480.0
510.0
507.0
506.0
511.0
497.0
496.0
497.0
495.0
496.0
497.0
467.0
465.0
467.0
466.0
470.0
469.0
471.0
472.0
469.0
472.0
470.0
471.0
472.0
472.0
482.0
480.0
482.0
481.0
482.0
481.0
482.0
482.0
482.0
480.0
468.0
469.0
469.0
470.0
470.0
473.0
476.0
476.0
481.0
495.0
510.0
507.0
508.0
507.0
506.0
506.0
502.0
503.0
502.0
510.0
468.0
469.0
468.0
466.0
468.0
467.0
466.0
466.0
469.0
479.0
510.0
509.0
508.0
508.0
508.0
508.0
508.0
508.0
510.0
518.0
469.0
465.0
466.0
466.0
468.0
467.0
467.0
468.0
469.0
482.0
479.0
483.0
479.0
481.0
482.0
481.0
481.0
483.0
483.0
504.0
465.0
468.0
466.0
468.0
467.0
468.0
470.0
466.0
467.0
486.0
466.0
467.0
467.0
477.0
466.0
468.0
480.0
477.0
488.0
506.0
483.0
485.0
485.0
485.0
486.0
486.0
472.0
469.0
470.0
491.0
469.0
470.0
470.0
468.0
470.0
468.0
470.0
469.0
470.0
502.0
505.0
505.0
506.0
506.0
507.0
507.0
508.0
507.0
506.0
516.0
469.0
468.0
469.0
468.0
468.0
468.0
469.0
469.0
469.0
490.0
479.0
479.0
480.0
479.0
480.0
481.0
480.0
478.0
481.0
502.0
467.0
469.0
467.0
465.0
467.0
466.0
466.0
466.0
468.0
488.0
484.0
483.0
485.0
485.0
484.0
484.0
484.0
486.0
486.0
485.0
1.0
1.0
1.0
0.0
1.0
1.0
1.0
1.0
1.0
0.0
1.0
1.0
1.0
1.0
1.0
1.0
1.0
0.0
1.0
1.0
1.0
1.0
1.0
1.0
1.0
1.0
1.0
1.0
0.0
1.0
1.0
1.0
1.0
0.0
0.0
0.0
1.0
1.0
1.0
0.0
1.0
1.0
1.0
1.0
1.0
1.0
1.0
1.0
0.0
1.0
1.0
1.0
1.0
0.0
1.0
1.0
1.0
1.0
0.0
0.0
1.0
1.0
1.0
1.0
1.0
1.0
1.0
1.0
1.0
1.0
1.0
1.0
0.0
0.0
1.0
1.0
1.0
1.0
0.0
0.0
1.0
1.0
1.0
0.0
0.0
1.0
1.0
1.0
1.0
1.0
1.0
1.0
1.0
1.0
1.0
0.0
0.0
1.0
1.0
1.0
467.0
468.0
470.0
467.0
468.0
469.0
468.0
466.0
468.0
468.0
470.0
470.0
469.0
470.0
468.0
469.0
480.0
478.0
481.0
510.0
507.0
508.0
506.0
508.0
506.0
506.0
495.0
497.0
497.0
465.0
465.0
465.0
466.0
465.0
468.0
466.0
466.0
469.0
467.0
477.0
478.0
480.0
479.0
479.0
479.0
479.0
478.0
480.0
480.0
468.0
468.0
468.0
466.0
467.0
468.0
467.0
467.0
467.0
469.0
466.0
480.0
481.0
481.0
480.0
479.0
480.0
478.0
480.0
481.0
479.0
466.0
468.0
468.0
466.0
467.0
468.0
468.0
466.0
468.0
468.0
480.0
480.0
478.0
480.0
479.0
479.0
479.0
478.0
479.0
509.0
495.0
497.0
496.0
495.0
496.0
494.0
497.0
496.0
495.0
466.0
467.0
466.0
467.0
467.0
467.0
466.0
468.0
469.0
468.0
477.0
479.0
480.0
479.0
480.0
480.0
480.0
480.0
480.0
481.0
468.0
468.0
468.0
469.0
468.0
468.0
465.0
469.0
467.0
467.0
478.0
480.0
482.0
481.0
481.0
479.0
481.0
479.0
482.0
481.0
468.0
467.0
467.0
469.0
467.0
469.0
468.0
469.0
469.0
469.0
469.0
479.0
479.0
480.0
479.0
478.0
480.0
479.0
479.0
479.0
507.0
496.0
496.0
496.0
497.0
494.0
496.0
494.0
497.0
496.0
482.0
483.0
484.0
484.0
483.0
483.0
485.0
482.0
493.0
481.0
483.0
480.0
480.0
479.0
480.0
481.0
481.0
480.0
481.0
484.0
467.0
468.0
466.0
466.0
467.0
468.0
469.0
468.0
468.0
466.0
480.0
478.0
479.0
480.0
478.0
480.0
480.0
477.0
479.0
480.0
467.0
468.0
469.0
469.0
468.0
470.0
468.0
469.0
470.0
468.0
477.0
477.0
505.0
505.0
505.0
504.0
504.0
504.0
506.0
505.0
496.0
493.0
466.0
464.0
466.0
466.0
466.0
465.0
466.0
468.0
468.0
467.0
467.0
467.0
469.0
466.0
464.0
465.0
469.0
469.0
480.0
481.0
477.0
479.0
477.0
478.0
481.0
478.0
480.0
480.0
466.0
466.0
466.0
467.0
465.0
468.0
467.0
468.0
468.0
466.0
478.0
479.0
478.0
477.0
480.0
481.0
478.0
478.0
480.0
479.0
468.0
467.0
464.0
465.0
467.0
466.0
468.0
468.0
468.0
465.0
476.0
506.0
506.0
505.0
507.0
505.0
506.0
507.0
507.0
507.0
495.0
1.0
1.0
0.0
0.0
1.0
1.0
1.0
1.0
1.0
1.0
0.0
1.0
1.0
1.0
1.0
1.0
1.0
0.0
1.0
1.0
1.0
0.0
1.0
1.0
1.0
1.0
1.0
1.0
0.0
0.0
1.0
1.0
1.0
1.0
1.0
1.0
1.0
1.0
1.0
0.0
1.0
1.0
1.0
1.0
1.0
0.0
1.0
1.0
1.0
1.0
1.0
1.0
1.0
1.0
1.0
1.0
0.0
0.0
1.0
1.0
1.0
1.0
1.0
1.0
0.0
0.0
1.0
1.0
1.0
1.0
1.0
0.0
0.0
1.0
1.0
1.0
1.0
1.0
1.0
1.0
0.0
1.0
1.0
1.0
1.0
1.0
1.0
1.0
1.0
1.0
1.0
1.0
1.0
1.0
1.0
1.0
1.0
1.0
1.0
1.0
469.0
469.0
468.0
468.0
467.0
468.0
468.0
468.0
469.0
468.0
479.0
480.0
480.0
480.0
480.0
478.0
480.0
479.0
480.0
478.0
468.0
468.0
467.0
467.0
468.0
468.0
468.0
466.0
468.0
466.0
477.0
478.0
479.0
479.0
478.0
478.0
480.0
480.0
480.0
479.0
470.0
469.0
467.0
469.0
468.0
469.0
467.0
468.0
466.0
468.0
467.0
467.0
467.0
468.0
467.0
466.0
466.0
467.0
476.0
506.0
505.0
515.0
506.0
507.0
506.0
506.0
507.0
507.0
497.0
469.0
468.0
467.0
469.0
468.0
467.0
468.0
466.0
467.0
468.0
468.0
481.0
481.0
482.0
480.0
481.0
480.0
481.0
481.0
484.0
480.0
466.0
467.0
467.0
466.0
468.0
468.0
466.0
467.0
466.0
469.0
480.0
481.0
482.0
483.0
482.0
481.0
482.0
482.0
482.0
482.0
466.0
467.0
466.0
467.0
468.0
468.0
468.0
468.0
468.0
471.0
480.0
481.0
481.0
481.0
481.0
483.0
483.0
481.0
482.0
508.0
496.0
497.0
495.0
495.0
496.0
495.0
497.0
499.0
499.0
476.0
472.0
469.0
472.0
471.0
471.0
472.0
471.0
472.0
473.0
479.0
481.0
479.0
479.0
478.0
478.0
480.0
492.0
480.0
480.0
469.0
470.0
471.0
469.0
471.0
470.0
471.0
471.0
471.0
471.0
475.0
482.0
480.0
483.0
481.0
482.0
482.0
482.0
483.0
482.0
472.0
479.0
480.0
479.0
480.0
482.0
482.0
481.0
485.0
483.0
493.0
490.0
490.0
490.0
490.0
489.0
489.0
488.0
487.0
488.0
504.0
492.0
490.0
492.0
493.0
493.0
495.0
492.0
493.0
494.0
466.0
466.0
466.0
465.0
467.0
467.0
468.0
465.0
468.0
467.0
479.0
480.0
481.0
480.0
480.0
481.0
481.0
482.0
481.0
482.0
467.0
467.0
467.0
468.0
468.0
467.0
470.0
467.0
468.0
468.0
480.0
479.0
478.0
482.0
480.0
481.0
481.0
482.0
480.0
480.0
467.0
468.0
468.0
467.0
466.0
469.0
469.0
468.0
469.0
468.0
479.0
481.0
480.0
480.0
480.0
508.0
506.0
508.0
508.0
508.0
495.0
493.0
495.0
496.0
497.0
468.0
468.0
468.0
468.0
468.0
466.0
467.0
468.0
467.0
466.0
467.0
468.0
468.0
466.0
465.0
481.0
481.0
480.0
481.0
480.0
480.0
479.0
478.0
473.0
472.0
409.0
