1.0
1.0
1.0
2.0
1.0
1.0
1.0
1.0
1.0
2.0
1.0
1.0
2.0
1.0
1.0
1.0
1.0
472.0
472.0
472.0
471.0
472.0
471.0
472.0
472.0
472.0
472.0
484.0
484.0
485.0
1.0
2.0
1.0
1.0
1.0
1.0
1.0
485.0
484.0
484.0
484.0
484.0
486.0
485.0
493.0
493.0
493.0
493.0
494.0
494.0
2.0
1.0
1.0
1.0
1.0
1.0
1.0
492.0
493.0
493.0
493.0
473.0
473.0
472.0
471.0
473.0
472.0
473.0
471.0
472.0
1.0
1.0
1.0
2.0
1.0
1.0
1.0
472.0
483.0
483.0
483.0
483.0
483.0
482.0
483.0
483.0
484.0
483.0
493.0
493.0
1.0
2.0
2.0
1.0
1.0
2.0
1.0
493.0
493.0
493.0
494.0
493.0
494.0
494.0
493.0
472.0
472.0
472.0
472.0
472.0
1.0
1.0
1.0
2.0
1.0
1.0
1.0
471.0
471.0
472.0
472.0
473.0
483.0
483.0
482.0
483.0
483.0
483.0
483.0
483.0
2.0
1.0
1.0
2.0
1.0
1.0
1.0
483.0
483.0
472.0
473.0
471.0
472.0
472.0
471.0
473.0
474.0
472.0
472.0
494.0
1.0
1.0
2.0
1.0
1.0
1.0
1.0
493.0
493.0
494.0
493.0
493.0
493.0
493.0
494.0
493.0
472.0
472.0
472.0
472.0
1.0
1.0
1.0
2.0
1.0
2.0
1.0
472.0
471.0
471.0
473.0
473.0
473.0
482.0
482.0
483.0
482.0
482.0
483.0
483.0
1.0
1.0
1.0
2.0
1.0
1.0
1.0
482.0
482.0
483.0
493.0
494.0
494.0
493.0
493.0
492.0
493.0
491.0
492.0
492.0
1.0
1.0
1.0
2.0
1.0
1.0
1.0
1.0
1.0
1.0
1.0
1.0
1.0
1.0
1.0
1.0
1.0
1.0
1.0
2.0
2.0
2.0
1.0
1.0
1.0
1.0
1.0
1.0
2.0
1.0
1.0
1.0
1.0
1.0
1.0
1.0
1.0
2.0
1.0
1.0
1.0
1.0
1.0
1.0
1.0
1.0
1.0
1.0
1.0
1.0
1.0
1.0
1.0
1.0
1.0
2.0
1.0
1.0
1.0
1.0
1.0
1.0
1.0
1.0
2.0
1.0
1.0
1.0
1.0
1.0
483.0
483.0
483.0
483.0
483.0
482.0
483.0
483.0
483.0
483.0
472.0
472.0
473.0
472.0
472.0
471.0
472.0
471.0
491.0
472.0
491.0
490.0
490.0
490.0
490.0
491.0
489.0
489.0
490.0
471.0
471.0
472.0
472.0
472.0
472.0
472.0
472.0
472.0
472.0
472.0
482.0
482.0
482.0
482.0
482.0
482.0
482.0
481.0
482.0
482.0
492.0
491.0
491.0
495.0
491.0
491.0
493.0
490.0
491.0
491.0
471.0
472.0
471.0
472.0
472.0
471.0
471.0
472.0
471.0
472.0
483.0
483.0
483.0
482.0
483.0
482.0
483.0
483.0
483.0
483.0
491.0
491.0
492.0
492.0
492.0
491.0
492.0
491.0
492.0
491.0
472.0
472.0
472.0
472.0
471.0
471.0
471.0
471.0
471.0
471.0
482.0
491.0
482.0
481.0
481.0
483.0
481.0
481.0
482.0
482.0
472.0
472.0
472.0
472.0
472.0
472.0
471.0
472.0
472.0
472.0
491.0
491.0
491.0
490.0
492.0
491.0
492.0
492.0
492.0
492.0
1.0
1.0
1.0
2.0
1.0
1.0
1.0
1.0
1.0
1.0
1.0
1.0
1.0
1.0
1.0
1.0
1.0
1.0
1.0
1.0
1.0
2.0
1.0
1.0
1.0
1.0
1.0
2.0
2.0
1.0
1.0
1.0
1.0
1.0
1.0
1.0
1.0
1.0
1.0
1.0
1.0
1.0
1.0
1.0
1.0
1.0
1.0
1.0
1.0
1.0
1.0
1.0
1.0
1.0
1.0
1.0
1.0
1.0
1.0
2.0
1.0
1.0
1.0
1.0
1.0
1.0
1.0
2.0
1.0
1.0
473.0
474.0
473.0
474.0
473.0
473.0
474.0
474.0
473.0
473.0
484.0
485.0
484.0
484.0
484.0
484.0
485.0
485.0
484.0
484.0
493.0
493.0
492.0
492.0
493.0
492.0
493.0
492.0
493.0
492.0
478.0
479.0
479.0
479.0
479.0
478.0
479.0
478.0
478.0
478.0
484.0
483.0
485.0
483.0
489.0
484.0
483.0
483.0
484.0
483.0
492.0
492.0
494.0
492.0
493.0
493.0
492.0
493.0
493.0
493.0
473.0
473.0
474.0
474.0
473.0
474.0
474.0
473.0
474.0
474.0
486.0
486.0
490.0
485.0
485.0
485.0
484.0
485.0
484.0
486.0
471.0
471.0
471.0
472.0
476.0
471.0
472.0
472.0
472.0
472.0
492.0
493.0
492.0
491.0
492.0
492.0
492.0
492.0
492.0
492.0
501.0
500.0
500.0
501.0
502.0
506.0
510.0
500.0
500.0
502.0
490.0
490.0
490.0
490.0
490.0
489.0
489.0
489.0
489.0
488.0
493.0
494.0
494.0
493.0
495.0
495.0
494.0
493.0
494.0
494.0
1.0
1.0
1.0
1.0
1.0
1.0
1.0
2.0
1.0
1.0
1.0
1.0
1.0
1.0
1.0
1.0
1.0
1.0
1.0
1.0
1.0
1.0
1.0
1.0
1.0
1.0
1.0
1.0
1.0
1.0
2.0
1.0
1.0
1.0
1.0
1.0
1.0
1.0
1.0
1.0
1.0
1.0
1.0
1.0
1.0
1.0
1.0
1.0
1.0
1.0
1.0
1.0
1.0
1.0
1.0
1.0
1.0
1.0
1.0
1.0
1.0
1.0
1.0
2.0
2.0
1.0
1.0
1.0
1.0
1.0
472.0
472.0
472.0
471.0
473.0
472.0
472.0
472.0
472.0
472.0
485.0
483.0
483.0
482.0
482.0
483.0
483.0
483.0
484.0
483.0
494.0
493.0
493.0
494.0
493.0
493.0
493.0
493.0
493.0
494.0
471.0
472.0
472.0
472.0
472.0
472.0
472.0
471.0
471.0
472.0
485.0
484.0
483.0
483.0
483.0
483.0
483.0
483.0
482.0
487.0
472.0
472.0
472.0
472.0
472.0
472.0
474.0
472.0
473.0
471.0
495.0
494.0
494.0
495.0
496.0
495.0
495.0
494.0
494.0
495.0
472.0
472.0
471.0
471.0
472.0
471.0
471.0
471.0
472.0
471.0
482.0
482.0
481.0
482.0
482.0
481.0
481.0
482.0
481.0
482.0
494.0
493.0
495.0
494.0
494.0
495.0
497.0
493.0
497.0
493.0
473.0
472.0
472.0
472.0
473.0
473.0
472.0
474.0
473.0
473.0
482.0
482.0
482.0
482.0
481.0
482.0
482.0
481.0
482.0
482.0
474.0
473.0
474.0
474.0
474.0
473.0
495.0
496.0
495.0
494.0
1.0
2.0
1.0
1.0
23.0
23.0
24.0
23.0
23.0
23.0
1.0
1.0
2.0
1.0
1.0
1.0
1.0
1.0
1.0
1.0
1.0
1.0
1.0
1.0
1.0
2.0
1.0
1.0
1.0
1.0
1.0
1.0
1.0
1.0
1.0
1.0
1.0
1.0
1.0
1.0
1.0
1.0
1.0
1.0
2.0
1.0
1.0
1.0
1.0
1.0
1.0
1.0
1.0
2.0
1.0
1.0
1.0
1.0
1.0
1.0
1.0
2.0
1.0
1.0
1.0
1.0
1.0
1.0
1.0
1.0
472.0
471.0
471.0
472.0
471.0
472.0
472.0
472.0
471.0
472.0
472.0
472.0
472.0
472.0
472.0
471.0
472.0
472.0
472.0
472.0
482.0
482.0
482.0
482.0
482.0
482.0
483.0
482.0
482.0
482.0
495.0
494.0
494.0
495.0
494.0
494.0
494.0
494.0
495.0
494.0
471.0
471.0
472.0
472.0
472.0
472.0
471.0
472.0
472.0
472.0
483.0
484.0
484.0
486.0
483.0
483.0
483.0
483.0
483.0
483.0
495.0
494.0
496.0
496.0
496.0
496.0
495.0
495.0
496.0
495.0
475.0
471.0
472.0
471.0
471.0
471.0
471.0
472.0
471.0
472.0
483.0
483.0
483.0
483.0
483.0
482.0
482.0
482.0
482.0
482.0
473.0
471.0
472.0
472.0
472.0
472.0
473.0
472.0
472.0
471.0
497.0
495.0
496.0
496.0
496.0
496.0
495.0
495.0
495.0
496.0
473.0
472.0
472.0
472.0
472.0
472.0
472.0
473.0
473.0
471.0
481.0
481.0
482.0
481.0
481.0
482.0
482.0
481.0
481.0
482.0
1.0
1.0
1.0
1.0
1.0
1.0
1.0
1.0
1.0
1.0
1.0
1.0
1.0
1.0
1.0
1.0
1.0
1.0
1.0
1.0
2.0
1.0
1.0
1.0
1.0
1.0
1.0
1.0
2.0
1.0
1.0
1.0
1.0
1.0
1.0
1.0
1.0
2.0
1.0
1.0
1.0
1.0
1.0
1.0
1.0
1.0
1.0
1.0
1.0
1.0
1.0
1.0
1.0
1.0
1.0
1.0
2.0
1.0
1.0
1.0
1.0
1.0
1.0
1.0
1.0
1.0
1.0
1.0
1.0
1.0
496.0
498.0
496.0
497.0
497.0
497.0
497.0
497.0
496.0
497.0
473.0
473.0
472.0
472.0
473.0
473.0
472.0
472.0
473.0
472.0
499.0
503.0
499.0
498.0
498.0
499.0
499.0
498.0
503.0
499.0
496.0
495.0
495.0
496.0
494.0
494.0
495.0
497.0
495.0
496.0
474.0
473.0
473.0
472.0
472.0
473.0
473.0
472.0
472.0
473.0
483.0
483.0
483.0
484.0
483.0
483.0
483.0
483.0
484.0
482.0
473.0
474.0
472.0
472.0
473.0
473.0
473.0
472.0
472.0
473.0
494.0
494.0
494.0
494.0
493.0
494.0
495.0
494.0
495.0
494.0
471.0
471.0
471.0
471.0
472.0
472.0
471.0
471.0
471.0
472.0
481.0
481.0
481.0
482.0
481.0
481.0
481.0
482.0
482.0
481.0
493.0
494.0
494.0
493.0
493.0
493.0
493.0
494.0
492.0
494.0
474.0
473.0
473.0
473.0
473.0
473.0
473.0
474.0
473.0
474.0
482.0
482.0
482.0
482.0
482.0
484.0
482.0
482.0
482.0
482.0
1.0
1.0
1.0
1.0
1.0
1.0
1.0
1.0
1.0
2.0
1.0
1.0
1.0
1.0
1.0
1.0
1.0
1.0
1.0
1.0
1.0
1.0
1.0
1.0
1.0
1.0
1.0
1.0
1.0
1.0
1.0
1.0
1.0
1.0
1.0
1.0
1.0
1.0
1.0
2.0
1.0
1.0
1.0
1.0
1.0
2.0
2.0
1.0
1.0
1.0
1.0
1.0
1.0
2.0
2.0
1.0
1.0
1.0
1.0
1.0
1.0
2.0
1.0
1.0
1.0
1.0
1.0
1.0
1.0
1.0
495.0
494.0
494.0
494.0
494.0
495.0
494.0
494.0
495.0
495.0
471.0
471.0
472.0
472.0
472.0
472.0
472.0
472.0
472.0
471.0
483.0
484.0
483.0
483.0
483.0
483.0
483.0
483.0
484.0
484.0
472.0
471.0
471.0
472.0
472.0
472.0
472.0
472.0
472.0
472.0
505.0
505.0
505.0
504.0
504.0
504.0
505.0
505.0
504.0
505.0
476.0
476.0
476.0
477.0
476.0
476.0
476.0
476.0
475.0
476.0
482.0
481.0
482.0
481.0
481.0
482.0
482.0
484.0
483.0
482.0
496.0
495.0
495.0
495.0
495.0
495.0
495.0
495.0
495.0
495.0
474.0
476.0
475.0
475.0
475.0
475.0
475.0
474.0
475.0
475.0
485.0
484.0
484.0
485.0
484.0
494.0
484.0
485.0
484.0
485.0
494.0
494.0
494.0
494.0
494.0
494.0
494.0
494.0
494.0
494.0
472.0
472.0
471.0
472.0
472.0
474.0
472.0
472.0
472.0
471.0
482.0
482.0
482.0
482.0
482.0
481.0
482.0
482.0
482.0
482.0
1.0
1.0
1.0
1.0
1.0
1.0
1.0
2.0
1.0
1.0
1.0
1.0
1.0
1.0
1.0
1.0
1.0
1.0
1.0
2.0
2.0
1.0
1.0
1.0
1.0
1.0
1.0
1.0
1.0
1.0
1.0
1.0
1.0
1.0
1.0
1.0
1.0
1.0
1.0
1.0
1.0
1.0
1.0
2.0
2.0
1.0
1.0
1.0
1.0
1.0
1.0
2.0
1.0
1.0
1.0
1.0
1.0
1.0
1.0
1.0
1.0
1.0
1.0
1.0
1.0
1.0
1.0
2.0
2.0
1.0
471.0
472.0
471.0
471.0
472.0
472.0
471.0
471.0
472.0
471.0
495.0
495.0
496.0
495.0
495.0
494.0
494.0
494.0
494.0
494.0
471.0
471.0
471.0
471.0
472.0
472.0
471.0
471.0
471.0
472.0
483.0
483.0
483.0
483.0
482.0
483.0
482.0
482.0
481.0
482.0
493.0
493.0
494.0
494.0
496.0
494.0
494.0
494.0
493.0
494.0
472.0
472.0
472.0
472.0
472.0
471.0
471.0
471.0
471.0
471.0
482.0
482.0
482.0
483.0
482.0
482.0
483.0
483.0
483.0
482.0
521.0
520.0
520.0
522.0
520.0
520.0
523.0
519.0
523.0
520.0
479.0
480.0
481.0
480.0
479.0
480.0
479.0
480.0
479.0
480.0
487.0
486.0
487.0
487.0
487.0
488.0
488.0
487.0
488.0
487.0
478.0
477.0
478.0
480.0
478.0
477.0
477.0
477.0
476.0
478.0
498.0
497.0
498.0
497.0
497.0
498.0
499.0
497.0
498.0
501.0
474.0
474.0
474.0
473.0
475.0
474.0
476.0
474.0
474.0
474.0
1.0
1.0
2.0
1.0
1.0
1.0
1.0
1.0
1.0
1.0
1.0
1.0
1.0
1.0
1.0
1.0
1.0
1.0
1.0
1.0
1.0
1.0
1.0
1.0
2.0
2.0
2.0
2.0
1.0
1.0
1.0
1.0
1.0
1.0
1.0
1.0
1.0
1.0
1.0
1.0
1.0
1.0
1.0
1.0
1.0
1.0
1.0
1.0
1.0
1.0
1.0
1.0
1.0
1.0
1.0
1.0
1.0
1.0
1.0
1.0
1.0
1.0
1.0
1.0
1.0
1.0
1.0
1.0
1.0
1.0
486.0
486.0
486.0
486.0
486.0
487.0
486.0
486.0
485.0
486.0
498.0
499.0
499.0
499.0
499.0
499.0
499.0
500.0
499.0
499.0
477.0
476.0
477.0
477.0
477.0
477.0
478.0
476.0
476.0
477.0
491.0
490.0
490.0
490.0
490.0
491.0
491.0
491.0
490.0
490.0
500.0
499.0
498.0
499.0
500.0
499.0
499.0
499.0
505.0
499.0
476.0
476.0
476.0
476.0
477.0
477.0
477.0
484.0
477.0
477.0
488.0
487.0
488.0
489.0
488.0
488.0
488.0
488.0
488.0
488.0
473.0
473.0
472.0
472.0
472.0
472.0
472.0
472.0
472.0
471.0
494.0
493.0
494.0
493.0
493.0
493.0
494.0
494.0
493.0
493.0
473.0
473.0
473.0
473.0
473.0
474.0
473.0
473.0
474.0
474.0
482.0
482.0
482.0
482.0
481.0
481.0
482.0
482.0
481.0
482.0
493.0
493.0
492.0
493.0
493.0
494.0
494.0
494.0
493.0
493.0
472.0
474.0
472.0
472.0
471.0
471.0
471.0
472.0
471.0
472.0
1.0
1.0
1.0
1.0
1.0
1.0
1.0
1.0
1.0
1.0
1.0
1.0
1.0
1.0
1.0
1.0
1.0
1.0
1.0
1.0
1.0
1.0
1.0
1.0
1.0
1.0
2.0
2.0
1.0
1.0
1.0
1.0
1.0
1.0
1.0
1.0
1.0
1.0
1.0
1.0
1.0
1.0
1.0
1.0
1.0
1.0
1.0
1.0
1.0
1.0
1.0
2.0
1.0
1.0
1.0
1.0
1.0
1.0
1.0
1.0
1.0
1.0
1.0
1.0
1.0
1.0
1.0
2.0
1.0
1.0
482.0
482.0
481.0
482.0
482.0
484.0
482.0
482.0
482.0
482.0
496.0
495.0
496.0
496.0
495.0
496.0
496.0
496.0
496.0
496.0
473.0
473.0
474.0
472.0
473.0
473.0
473.0
473.0
473.0
473.0
481.0
481.0
481.0
480.0
480.0
480.0
480.0
480.0
481.0
481.0
472.0
472.0
472.0
472.0
472.0
471.0
471.0
472.0
474.0
472.0
493.0
494.0
493.0
494.0
494.0
494.0
493.0
493.0
493.0
493.0
472.0
471.0
471.0
471.0
471.0
472.0
472.0
471.0
472.0
472.0
482.0
482.0
482.0
483.0
483.0
483.0
483.0
482.0
482.0
483.0
494.0
494.0
494.0
493.0
494.0
495.0
493.0
493.0
493.0
494.0
472.0
472.0
472.0
472.0
471.0
471.0
472.0
470.0
471.0
471.0
483.0
483.0
483.0
483.0
483.0
484.0
484.0
483.0
484.0
483.0
494.0
493.0
495.0
494.0
495.0
493.0
494.0
495.0
494.0
494.0
486.0
493.0
489.0
490.0
487.0
487.0
486.0
488.0
486.0
487.0
1.0
1.0
1.0
1.0
1.0
1.0
1.0
2.0
2.0
1.0
1.0
2.0
2.0
1.0
1.0
1.0
1.0
1.0
2.0
1.0
1.0
1.0
1.0
1.0
1.0
1.0
2.0
1.0
1.0
1.0
1.0
1.0
1.0
1.0
1.0
1.0
1.0
1.0
1.0
1.0
1.0
1.0
1.0
1.0
1.0
1.0
1.0
1.0
1.0
1.0
1.0
1.0
1.0
1.0
1.0
1.0
1.0
1.0
1.0
1.0
1.0
1.0
1.0
2.0
1.0
1.0
1.0
1.0
1.0
1.0
483.0
483.0
483.0
481.0
482.0
482.0
482.0
483.0
483.0
483.0
473.0
472.0
472.0
473.0
472.0
473.0
473.0
472.0
473.0
473.0
494.0
494.0
495.0
494.0
493.0
493.0
493.0
494.0
494.0
493.0
474.0
474.0
474.0
474.0
474.0
474.0
474.0
474.0
474.0
474.0
485.0
486.0
485.0
486.0
486.0
486.0
486.0
485.0
486.0
486.0
495.0
495.0
494.0
495.0
495.0
495.0
495.0
496.0
495.0
497.0
474.0
474.0
474.0
473.0
473.0
474.0
474.0
475.0
474.0
474.0
491.0
491.0
491.0
491.0
491.0
492.0
491.0
491.0
492.0
491.0
494.0
494.0
495.0
494.0
496.0
493.0
494.0
494.0
495.0
495.0
472.0
475.0
473.0
472.0
472.0
472.0
472.0
473.0
472.0
472.0
483.0
484.0
483.0
484.0
483.0
485.0
484.0
484.0
484.0
485.0
473.0
473.0
473.0
474.0
472.0
472.0
472.0
472.0
472.0
471.0
494.0
494.0
493.0
494.0
493.0
493.0
493.0
493.0
494.0
494.0
