1.0
1.0
1.0
1.0
1.0
1.0
1.0
1.0
1.0
1.0
5.0
13.0
86.0
287.0
287.0
288.0
288.0
288.0
288.0
288.0
287.0
287.0
288.0
287.0
287.0
287.0
287.0
287.0
287.0
287.0
5.0
12.0
86.0
287.0
287.0
286.0
297.0
296.0
297.0
297.0
297.0
298.0
296.0
297.0
298.0
297.0
287.0
287.0
287.0
287.0
5.0
12.0
85.0
286.0
288.0
287.0
287.0
287.0
287.0
297.0
297.0
297.0
297.0
297.0
297.0
297.0
296.0
296.0
297.0
288.0
4.0
12.0
86.0
288.0
288.0
287.0
287.0
287.0
288.0
288.0
287.0
288.0
287.0
287.0
286.0
287.0
288.0
288.0
287.0
287.0
4.0
12.0
85.0
297.0
298.0
297.0
298.0
298.0
298.0
300.0
297.0
297.0
298.0
287.0
287.0
287.0
287.0
286.0
287.0
287.0
5.0
12.0
85.0
288.0
287.0
287.0
287.0
287.0
317.0
309.0
310.0
311.0
313.0
323.0
324.0
331.0
329.0
351.0
329.0
329.0
5.0
14.0
100.0
329.0
331.0
328.0
329.0
330.0
329.0
328.0
337.0
312.0
312.0
311.0
310.0
312.0
311.0
310.0
309.0
308.0
4.0
14.0
92.0
306.0
306.0
305.0
305.0
318.0
295.0
296.0
295.0
295.0
295.0
294.0
297.0
296.0
296.0
309.0
297.0
296.0
4.0
12.0
88.0
296.0
295.0
293.0
298.0
298.0
298.0
297.0
309.0
297.0
297.0
297.0
296.0
296.0
286.0
288.0
287.0
287.0
4.0
12.0
85.0
287.0
288.0
287.0
287.0
291.0
287.0
288.0
287.0
286.0
286.0
278.0
279.0
285.0
283.0
276.0
270.0
249.0
5.0
4.0
4.0
5.0
5.0
5.0
5.0
4.0
4.0
1.0
12.0
13.0
13.0
13.0
12.0
12.0
12.0
12.0
12.0
1.0
88.0
88.0
88.0
88.0
88.0
88.0
88.0
88.0
88.0
1.0
294.0
292.0
292.0
291.0
291.0
291.0
291.0
291.0
291.0
119.0
291.0
291.0
303.0
303.0
302.0
302.0
302.0
302.0
302.0
118.0
302.0
302.0
300.0
292.0
291.0
292.0
292.0
292.0
291.0
118.0
292.0
292.0
292.0
291.0
290.0
289.0
289.0
289.0
290.0
119.0
301.0
301.0
301.0
301.0
302.0
302.0
302.0
302.0
302.0
130.0
292.0
296.0
292.0
292.0
293.0
291.0
292.0
292.0
292.0
120.0
290.0
290.0
290.0
290.0
289.0
290.0
292.0
302.0
302.0
118.0
303.0
302.0
302.0
302.0
302.0
302.0
302.0
301.0
288.0
118.0
289.0
288.0
288.0
288.0
288.0
289.0
288.0
288.0
289.0
119.0
288.0
287.0
288.0
288.0
288.0
287.0
287.0
288.0
287.0
117.0
298.0
298.0
298.0
298.0
298.0
298.0
298.0
298.0
298.0
129.0
287.0
288.0
287.0
287.0
288.0
288.0
287.0
288.0
288.0
117.0
288.0
289.0
298.0
300.0
300.0
300.0
300.0
299.0
299.0
118.0
299.0
299.0
299.0
289.0
287.0
287.0
287.0
287.0
287.0
117.0
287.0
287.0
287.0
287.0
287.0
294.0
297.0
298.0
296.0
117.0
319.0
318.0
319.0
327.0
321.0
326.0
320.0
316.0
316.0
141.0
293.0
294.0
294.0
293.0
293.0
294.0
287.0
287.0
287.0
117.0
5.0
5.0
4.0
4.0
4.0
4.0
4.0
4.0
4.0
1.0
12.0
12.0
12.0
12.0
12.0
12.0
12.0
12.0
12.0
1.0
85.0
85.0
85.0
85.0
85.0
85.0
85.0
86.0
85.0
1.0
298.0
298.0
298.0
297.0
298.0
298.0
298.0
300.0
297.0
118.0
297.0
288.0
287.0
288.0
287.0
287.0
287.0
287.0
286.0
117.0
288.0
288.0
286.0
288.0
287.0
287.0
287.0
286.0
287.0
117.0
297.0
297.0
297.0
297.0
297.0
297.0
297.0
297.0
298.0
127.0
287.0
287.0
287.0
287.0
287.0
287.0
286.0
287.0
287.0
117.0
288.0
288.0
287.0
287.0
288.0
298.0
298.0
298.0
298.0
118.0
298.0
298.0
298.0
298.0
298.0
297.0
286.0
286.0
287.0
117.0
287.0
287.0
288.0
287.0
287.0
287.0
288.0
287.0
286.0
118.0
298.0
297.0
298.0
298.0
298.0
298.0
298.0
298.0
298.0
129.0
287.0
287.0
287.0
287.0
287.0
287.0
287.0
286.0
286.0
117.0
287.0
287.0
287.0
287.0
288.0
287.0
287.0
287.0
287.0
118.0
297.0
298.0
297.0
297.0
297.0
297.0
297.0
297.0
297.0
128.0
289.0
290.0
289.0
289.0
290.0
288.0
289.0
289.0
289.0
119.0
288.0
287.0
287.0
288.0
287.0
287.0
286.0
287.0
286.0
117.0
297.0
297.0
298.0
298.0
297.0
297.0
297.0
297.0
297.0
128.0
288.0
287.0
288.0
287.0
287.0
287.0
287.0
286.0
287.0
118.0
287.0
287.0
299.0
297.0
299.0
299.0
298.0
299.0
299.0
117.0
4.0
4.0
4.0
4.0
4.0
4.0
4.0
4.0
1.0
0.0
12.0
11.0
12.0
11.0
12.0
11.0
23.0
23.0
20.0
1.0
86.0
86.0
86.0
86.0
86.0
85.0
85.0
85.0
82.0
1.0
287.0
287.0
287.0
288.0
286.0
287.0
287.0
287.0
284.0
118.0
287.0
287.0
287.0
287.0
287.0
290.0
288.0
288.0
285.0
117.0
298.0
298.0
298.0
298.0
298.0
298.0
297.0
297.0
294.0
128.0
287.0
287.0
287.0
287.0
287.0
287.0
287.0
287.0
284.0
116.0
286.0
287.0
286.0
287.0
298.0
298.0
298.0
298.0
295.0
118.0
297.0
298.0
297.0
298.0
298.0
287.0
287.0
286.0
283.0
118.0
286.0
287.0
286.0
288.0
287.0
289.0
287.0
287.0
284.0
118.0
297.0
299.0
298.0
298.0
297.0
297.0
297.0
297.0
294.0
128.0
287.0
287.0
287.0
287.0
287.0
287.0
288.0
287.0
284.0
117.0
288.0
289.0
288.0
288.0
288.0
288.0
288.0
288.0
285.0
118.0
297.0
298.0
299.0
297.0
297.0
297.0
298.0
297.0
294.0
128.0
287.0
288.0
287.0
287.0
287.0
287.0
287.0
286.0
284.0
117.0
287.0
287.0
296.0
296.0
297.0
297.0
297.0
296.0
294.0
118.0
296.0
297.0
297.0
287.0
287.0
287.0
287.0
287.0
283.0
117.0
287.0
287.0
287.0
287.0
287.0
287.0
287.0
287.0
284.0
117.0
286.0
287.0
287.0
297.0
297.0
296.0
297.0
296.0
294.0
117.0
298.0
297.0
297.0
287.0
287.0
287.0
287.0
287.0
284.0
117.0
4.0
4.0
4.0
4.0
4.0
4.0
4.0
4.0
0.0
1.0
12.0
12.0
11.0
12.0
11.0
11.0
12.0
12.0
8.0
1.0
85.0
86.0
85.0
85.0
85.0
86.0
85.0
86.0
82.0
1.0
287.0
287.0
287.0
287.0
287.0
288.0
287.0
288.0
293.0
118.0
297.0
297.0
297.0
296.0
297.0
296.0
297.0
297.0
293.0
118.0
287.0
287.0
288.0
288.0
288.0
287.0
287.0
287.0
284.0
118.0
287.0
287.0
287.0
297.0
297.0
296.0
296.0
297.0
294.0
118.0
297.0
297.0
296.0
297.0
287.0
287.0
288.0
288.0
283.0
118.0
286.0
287.0
286.0
286.0
287.0
287.0
287.0
287.0
284.0
117.0
296.0
297.0
297.0
297.0
296.0
297.0
297.0
297.0
293.0
127.0
287.0
287.0
287.0
287.0
287.0
287.0
287.0
287.0
284.0
117.0
287.0
286.0
286.0
286.0
287.0
287.0
286.0
286.0
294.0
117.0
297.0
297.0
297.0
297.0
297.0
297.0
297.0
297.0
294.0
117.0
287.0
287.0
287.0
287.0
287.0
287.0
287.0
287.0
284.0
117.0
287.0
297.0
297.0
297.0
296.0
297.0
297.0
297.0
293.0
117.0
297.0
296.0
287.0
287.0
287.0
288.0
287.0
287.0
284.0
117.0
287.0
287.0
287.0
287.0
287.0
287.0
287.0
287.0
284.0
117.0
297.0
297.0
296.0
296.0
297.0
298.0
298.0
298.0
294.0
127.0
289.0
289.0
288.0
288.0
289.0
288.0
287.0
287.0
284.0
118.0
287.0
287.0
286.0
286.0
287.0
286.0
287.0
286.0
283.0
118.0
4.0
4.0
4.0
4.0
4.0
4.0
4.0
4.0
0.0
1.0
12.0
12.0
12.0
12.0
11.0
11.0
12.0
12.0
1.0
1.0
85.0
85.0
85.0
85.0
85.0
85.0
86.0
95.0
84.0
1.0
309.0
313.0
311.0
309.0
311.0
311.0
314.0
309.0
291.0
128.0
297.0
292.0
292.0
294.0
292.0
291.0
293.0
292.0
281.0
121.0
287.0
296.0
297.0
297.0
297.0
297.0
297.0
296.0
285.0
118.0
296.0
297.0
287.0
287.0
287.0
287.0
287.0
287.0
277.0
117.0
288.0
287.0
287.0
287.0
287.0
287.0
287.0
286.0
276.0
117.0
297.0
297.0
297.0
296.0
297.0
299.0
296.0
296.0
286.0
128.0
287.0
286.0
286.0
286.0
287.0
287.0
287.0
287.0
276.0
118.0
289.0
287.0
287.0
287.0
287.0
287.0
287.0
297.0
286.0
118.0
297.0
296.0
296.0
297.0
297.0
296.0
296.0
297.0
276.0
117.0
287.0
287.0
287.0
287.0
286.0
287.0
287.0
287.0
276.0
117.0
297.0
297.0
297.0
296.0
297.0
297.0
297.0
296.0
286.0
117.0
298.0
287.0
287.0
287.0
287.0
287.0
287.0
287.0
276.0
117.0
287.0
287.0
287.0
288.0
287.0
287.0
287.0
287.0
276.0
118.0
297.0
297.0
297.0
297.0
297.0
297.0
297.0
296.0
285.0
126.0
288.0
287.0
287.0
288.0
287.0
287.0
287.0
287.0
276.0
117.0
287.0
287.0
287.0
287.0
287.0
287.0
297.0
297.0
286.0
118.0
296.0
297.0
297.0
297.0
297.0
296.0
296.0
286.0
277.0
118.0
4.0
4.0
4.0
4.0
4.0
4.0
4.0
4.0
4.0
1.0
12.0
12.0
12.0
12.0
12.0
12.0
11.0
12.0
12.0
1.0
85.0
85.0
86.0
86.0
86.0
85.0
86.0
85.0
85.0
1.0
287.0
287.0
287.0
287.0
287.0
287.0
287.0
287.0
287.0
117.0
298.0
297.0
297.0
297.0
297.0
297.0
297.0
296.0
297.0
127.0
289.0
287.0
287.0
287.0
287.0
287.0
287.0
286.0
288.0
118.0
287.0
286.0
287.0
287.0
287.0
287.0
287.0
287.0
287.0
117.0
297.0
296.0
297.0
297.0
297.0
296.0
297.0
296.0
296.0
127.0
288.0
288.0
288.0
288.0
288.0
288.0
288.0
287.0
288.0
117.0
287.0
288.0
287.0
287.0
298.0
296.0
297.0
298.0
297.0
117.0
297.0
298.0
299.0
297.0
298.0
287.0
288.0
287.0
287.0
117.0
287.0
288.0
287.0
287.0
288.0
287.0
287.0
287.0
287.0
117.0
299.0
298.0
298.0
299.0
299.0
297.0
299.0
298.0
298.0
128.0
288.0
287.0
287.0
288.0
286.0
287.0
286.0
287.0
287.0
117.0
287.0
287.0
287.0
288.0
287.0
287.0
287.0
288.0
288.0
117.0
299.0
299.0
298.0
298.0
298.0
298.0
299.0
298.0
298.0
127.0
287.0
288.0
287.0
289.0
288.0
288.0
288.0
288.0
289.0
118.0
292.0
292.0
292.0
293.0
304.0
304.0
304.0
304.0
304.0
119.0
304.0
304.0
305.0
306.0
305.0
293.0
294.0
294.0
293.0
120.0
290.0
290.0
290.0
289.0
288.0
288.0
287.0
287.0
287.0
118.0
4.0
4.0
4.0
4.0
4.0
4.0
4.0
4.0
1.0
0.0
12.0
12.0
12.0
12.0
12.0
11.0
12.0
11.0
8.0
1.0
85.0
86.0
85.0
85.0
86.0
85.0
85.0
85.0
82.0
1.0
297.0
298.0
297.0
297.0
298.0
298.0
297.0
298.0
294.0
127.0
288.0
288.0
288.0
288.0
288.0
288.0
288.0
288.0
285.0
117.0
289.0
288.0
298.0
298.0
298.0
297.0
298.0
297.0
294.0
117.0
297.0
297.0
297.0
287.0
287.0
286.0
287.0
287.0
283.0
117.0
289.0
288.0
288.0
288.0
288.0
289.0
288.0
289.0
285.0
119.0
298.0
297.0
298.0
298.0
298.0
297.0
297.0
298.0
294.0
128.0
287.0
288.0
288.0
288.0
288.0
288.0
289.0
288.0
285.0
117.0
288.0
288.0
288.0
288.0
288.0
288.0
287.0
296.0
292.0
117.0
297.0
297.0
297.0
296.0
297.0
297.0
297.0
297.0
284.0
117.0
288.0
287.0
288.0
287.0
287.0
286.0
287.0
287.0
284.0
117.0
287.0
287.0
287.0
287.0
298.0
298.0
298.0
296.0
295.0
117.0
298.0
297.0
297.0
297.0
297.0
287.0
286.0
287.0
284.0
117.0
287.0
286.0
287.0
288.0
288.0
289.0
287.0
288.0
285.0
118.0
287.0
298.0
299.0
298.0
296.0
296.0
297.0
297.0
294.0
117.0
297.0
298.0
287.0
287.0
287.0
287.0
287.0
286.0
284.0
117.0
289.0
286.0
286.0
287.0
287.0
287.0
287.0
287.0
284.0
118.0
298.0
298.0
297.0
298.0
298.0
298.0
297.0
298.0
294.0
127.0
5.0
4.0
4.0
4.0
4.0
4.0
4.0
4.0
1.0
0.0
12.0
12.0
12.0
12.0
12.0
12.0
12.0
12.0
1.0
1.0
85.0
85.0
85.0
85.0
85.0
85.0
85.0
85.0
1.0
0.0
288.0
287.0
287.0
288.0
287.0
288.0
287.0
288.0
117.0
118.0
288.0
287.0
297.0
297.0
297.0
297.0
298.0
296.0
118.0
117.0
297.0
297.0
296.0
297.0
287.0
287.0
287.0
287.0
118.0
117.0
298.0
299.0
299.0
299.0
299.0
301.0
304.0
301.0
129.0
127.0
303.0
301.0
302.0
300.0
299.0
300.0
300.0
297.0
127.0
127.0
287.0
286.0
287.0
288.0
287.0
287.0
288.0
287.0
117.0
117.0
287.0
288.0
288.0
288.0
288.0
287.0
287.0
287.0
117.0
117.0
297.0
297.0
297.0
297.0
296.0
296.0
296.0
296.0
127.0
127.0
287.0
287.0
286.0
286.0
288.0
286.0
287.0
287.0
117.0
118.0
287.0
287.0
287.0
287.0
287.0
287.0
287.0
287.0
117.0
117.0
297.0
297.0
297.0
296.0
297.0
297.0
296.0
298.0
126.0
127.0
286.0
287.0
286.0
287.0
286.0
287.0
286.0
287.0
118.0
117.0
287.0
288.0
287.0
288.0
287.0
297.0
297.0
296.0
117.0
117.0
297.0
297.0
297.0
298.0
296.0
297.0
297.0
287.0
117.0
117.0
288.0
286.0
287.0
287.0
286.0
287.0
287.0
287.0
118.0
118.0
287.0
287.0
287.0
286.0
287.0
287.0
287.0
287.0
117.0
117.0
297.0
297.0
296.0
298.0
297.0
297.0
296.0
297.0
127.0
127.0
4.0
4.0
4.0
4.0
4.0
4.0
4.0
4.0
0.0
1.0
12.0
11.0
12.0
12.0
12.0
11.0
11.0
12.0
1.0
1.0
85.0
85.0
85.0
85.0
85.0
85.0
85.0
85.0
1.0
1.0
287.0
288.0
287.0
287.0
288.0
287.0
288.0
287.0
118.0
118.0
297.0
297.0
298.0
298.0
297.0
298.0
298.0
298.0
127.0
127.0
289.0
289.0
288.0
288.0
287.0
287.0
287.0
287.0
117.0
118.0
287.0
286.0
287.0
287.0
287.0
287.0
287.0
287.0
117.0
116.0
298.0
297.0
296.0
297.0
296.0
296.0
296.0
297.0
128.0
127.0
287.0
287.0
287.0
287.0
287.0
287.0
287.0
287.0
118.0
117.0
288.0
288.0
288.0
289.0
289.0
288.0
288.0
289.0
118.0
118.0
298.0
297.0
297.0
298.0
296.0
297.0
297.0
297.0
128.0
127.0
287.0
287.0
287.0
287.0
287.0
287.0
287.0
287.0
118.0
117.0
287.0
287.0
287.0
287.0
287.0
287.0
287.0
287.0
117.0
117.0
297.0
297.0
297.0
297.0
297.0
297.0
298.0
297.0
128.0
127.0
286.0
287.0
288.0
287.0
286.0
287.0
286.0
287.0
118.0
117.0
288.0
287.0
287.0
287.0
296.0
297.0
297.0
297.0
117.0
117.0
298.0
298.0
297.0
297.0
297.0
297.0
287.0
291.0
118.0
118.0
287.0
287.0
286.0
287.0
287.0
287.0
287.0
287.0
117.0
117.0
298.0
297.0
296.0
296.0
296.0
296.0
297.0
297.0
117.0
117.0
297.0
297.0
287.0
288.0
287.0
287.0
287.0
287.0
117.0
117.0
4.0
4.0
4.0
4.0
4.0
4.0
4.0
4.0
1.0
1.0
11.0
11.0
12.0
11.0
12.0
12.0
12.0
12.0
1.0
1.0
85.0
85.0
85.0
85.0
85.0
86.0
86.0
12.0
1.0
0.0
289.0
289.0
289.0
289.0
288.0
290.0
289.0
129.0
117.0
117.0
299.0
299.0
298.0
297.0
297.0
297.0
297.0
139.0
127.0
127.0
287.0
287.0
289.0
287.0
287.0
287.0
287.0
128.0
117.0
117.0
288.0
288.0
288.0
287.0
287.0
287.0
287.0
128.0
117.0
118.0
298.0
297.0
296.0
296.0
296.0
296.0
297.0
129.0
117.0
127.0
297.0
297.0
287.0
287.0
287.0
287.0
287.0
127.0
118.0
118.0
286.0
286.0
286.0
287.0
287.0
287.0
287.0
128.0
117.0
117.0
297.0
297.0
298.0
297.0
298.0
300.0
298.0
128.0
127.0
127.0
297.0
288.0
287.0
287.0
287.0
287.0
287.0
128.0
118.0
117.0
287.0
287.0
287.0
287.0
286.0
286.0
286.0
128.0
117.0
117.0
297.0
297.0
296.0
297.0
297.0
297.0
297.0
128.0
117.0
118.0
297.0
298.0
297.0
288.0
288.0
287.0
288.0
129.0
118.0
117.0
286.0
287.0
287.0
287.0
287.0
287.0
287.0
128.0
117.0
117.0
298.0
297.0
297.0
298.0
297.0
297.0
297.0
128.0
117.0
128.0
297.0
297.0
287.0
286.0
287.0
287.0
287.0
128.0
117.0
118.0
287.0
287.0
287.0
287.0
287.0
286.0
287.0
128.0
117.0
117.0
286.0
295.0
295.0
293.0
291.0
284.0
281.0
128.0
118.0
117.0
