3.0
1.0
1.0
1.0
1.0
2.0
1.0
1.0
1.0
1.0
11.0
2.0
1.0
1.0
1.0
7.0
2.0
1.0
1.0
2.0
128.0
150.0
148.0
150.0
149.0
153.0
234.0
147.0
148.0
219.0
126.0
150.0
149.0
148.0
148.0
153.0
149.0
148.0
121.0
146.0
127.0
148.0
142.0
147.0
148.0
153.0
148.0
148.0
125.0
127.0
153.0
131.0
146.0
148.0
148.0
152.0
149.0
146.0
129.0
129.0
147.0
133.0
144.0
143.0
143.0
148.0
145.0
144.0
132.0
132.0
139.0
134.0
143.0
134.0
143.0
149.0
144.0
142.0
143.0
133.0
139.0
134.0
132.0
142.0
142.0
147.0
144.0
142.0
143.0
132.0
139.0
135.0
134.0
142.0
142.0
148.0
144.0
133.0
143.0
142.0
139.0
134.0
132.0
171.0
171.0
167.0
172.0
171.0
171.0
171.0
2.0
1.0
1.0
1.0
0.0
2.0
1.0
1.0
1.0
1.0
162.0
162.0
161.0
79.0
83.0
145.0
143.0
144.0
83.0
83.0
135.0
133.0
132.0
84.0
77.0
143.0
142.0
142.0
83.0
83.0
143.0
133.0
133.0
78.0
77.0
144.0
142.0
143.0
83.0
78.0
144.0
133.0
133.0
83.0
83.0
134.0
134.0
143.0
83.0
82.0
143.0
143.0
133.0
83.0
77.0
143.0
142.0
132.0
77.0
83.0
134.0
142.0
143.0
83.0
79.0
136.0
142.0
133.0
83.0
83.0
134.0
143.0
133.0
83.0
83.0
144.0
142.0
135.0
78.0
83.0
144.0
142.0
133.0
83.0
78.0
133.0
143.0
143.0
83.0
77.0
143.0
132.0
137.0
78.0
83.0
135.0
133.0
127.0
77.0
75.0
30.0
16.0
8.0
13.0
8.0
18.0
16.0
9.0
14.0
15.0
163.0
159.0
154.0
283.0
155.0
298.0
246.0
154.0
155.0
235.0
163.0
131.0
154.0
154.0
155.0
165.0
163.0
154.0
283.0
126.0
299.0
162.0
154.0
154.0
154.0
165.0
162.0
128.0
134.0
155.0
163.0
162.0
154.0
154.0
127.0
136.0
194.0
155.0
173.0
157.0
164.0
162.0
155.0
154.0
128.0
134.0
161.0
154.0
154.0
155.0
163.0
157.0
154.0
129.0
156.0
136.0
161.0
156.0
136.0
156.0
163.0
161.0
134.0
154.0
137.0
163.0
162.0
137.0
155.0
135.0
163.0
143.0
155.0
154.0
155.0
164.0
142.0
156.0
136.0
156.0
142.0
161.0
171.0
154.0
155.0
162.0
143.0
180.0
152.0
136.0
15.0
8.0
8.0
8.0
1.0
15.0
8.0
7.0
7.0
0.0
157.0
159.0
149.0
148.0
83.0
157.0
139.0
150.0
138.0
82.0
146.0
150.0
149.0
150.0
78.0
157.0
150.0
139.0
138.0
78.0
157.0
207.0
245.0
147.0
83.0
147.0
146.0
146.0
140.0
78.0
151.0
145.0
140.0
145.0
76.0
266.0
144.0
144.0
139.0
79.0
151.0
144.0
253.0
138.0
80.0
146.0
140.0
144.0
143.0
80.0
151.0
144.0
142.0
253.0
80.0
145.0
140.0
144.0
143.0
142.0
150.0
144.0
144.0
140.0
78.0
146.0
144.0
144.0
253.0
81.0
151.0
141.0
253.0
143.0
78.0
147.0
145.0
144.0
144.0
77.0
147.0
145.0
145.0
140.0
142.0
152.0
145.0
140.0
145.0
141.0
12.0
6.0
1.0
1.0
1.0
12.0
6.0
1.0
1.0
1.0
144.0
145.0
140.0
133.0
214.0
146.0
145.0
139.0
139.0
196.0
168.0
164.0
158.0
160.0
159.0
169.0
163.0
159.0
137.0
137.0
149.0
142.0
137.0
139.0
138.0
149.0
142.0
137.0
138.0
137.0
149.0
146.0
138.0
137.0
139.0
148.0
143.0
137.0
139.0
137.0
150.0
145.0
139.0
140.0
139.0
153.0
146.0
142.0
138.0
139.0
150.0
145.0
139.0
138.0
139.0
151.0
144.0
139.0
138.0
137.0
152.0
143.0
140.0
138.0
139.0
152.0
146.0
140.0
138.0
137.0
150.0
146.0
139.0
140.0
138.0
150.0
144.0
139.0
138.0
139.0
149.0
143.0
137.0
137.0
138.0
149.0
143.0
139.0
138.0
137.0
6.0
0.0
1.0
1.0
0.0
6.0
1.0
1.0
0.0
0.0
144.0
138.0
137.0
82.0
80.0
144.0
137.0
137.0
80.0
80.0
144.0
139.0
137.0
80.0
80.0
143.0
137.0
138.0
80.0
80.0
143.0
138.0
138.0
82.0
80.0
143.0
139.0
138.0
80.0
81.0
143.0
137.0
138.0
81.0
80.0
143.0
138.0
139.0
80.0
80.0
144.0
139.0
138.0
80.0
79.0
142.0
137.0
138.0
79.0
81.0
143.0
138.0
139.0
81.0
80.0
146.0
142.0
146.0
80.0
80.0
147.0
144.0
148.0
95.0
87.0
156.0
147.0
148.0
83.0
83.0
147.0
141.0
142.0
82.0
82.0
148.0
141.0
142.0
83.0
82.0
147.0
140.0
141.0
83.0
83.0
146.0
140.0
141.0
83.0
82.0
7.0
2.0
0.0
0.0
1.0
7.0
2.0
0.0
1.0
0.0
147.0
142.0
82.0
81.0
83.0
148.0
143.0
82.0
83.0
83.0
147.0
142.0
83.0
83.0
83.0
149.0
141.0
84.0
83.0
83.0
147.0
142.0
83.0
82.0
82.0
145.0
140.0
81.0
80.0
81.0
143.0
138.0
80.0
80.0
80.0
143.0
139.0
82.0
80.0
81.0
144.0
139.0
80.0
81.0
80.0
144.0
138.0
80.0
80.0
79.0
144.0
138.0
80.0
81.0
80.0
144.0
138.0
80.0
80.0
81.0
146.0
138.0
81.0
79.0
80.0
145.0
138.0
80.0
80.0
80.0
166.0
161.0
80.0
102.0
102.0
167.0
162.0
102.0
102.0
103.0
167.0
139.0
80.0
80.0
81.0
143.0
140.0
80.0
80.0
80.0
2.0
0.0
1.0
0.0
1.0
2.0
0.0
1.0
1.0
0.0
139.0
82.0
81.0
80.0
83.0
141.0
81.0
80.0
82.0
80.0
140.0
82.0
81.0
81.0
80.0
139.0
81.0
80.0
79.0
82.0
141.0
81.0
80.0
81.0
82.0
139.0
80.0
80.0
81.0
81.0
139.0
80.0
80.0
80.0
80.0
139.0
80.0
81.0
80.0
79.0
139.0
80.0
80.0
80.0
80.0
140.0
80.0
80.0
81.0
80.0
139.0
83.0
80.0
80.0
80.0
138.0
80.0
80.0
80.0
79.0
140.0
79.0
81.0
80.0
81.0
138.0
80.0
80.0
80.0
79.0
140.0
81.0
81.0
81.0
79.0
140.0
81.0
79.0
80.0
80.0
140.0
80.0
80.0
80.0
79.0
140.0
81.0
80.0
80.0
80.0
3.0
1.0
1.0
0.0
0.0
2.0
2.0
1.0
0.0
1.0
140.0
81.0
81.0
81.0
80.0
139.0
81.0
79.0
81.0
80.0
140.0
81.0
80.0
80.0
80.0
139.0
82.0
80.0
81.0
80.0
139.0
81.0
80.0
80.0
81.0
139.0
82.0
81.0
80.0
80.0
140.0
81.0
80.0
81.0
81.0
139.0
82.0
81.0
80.0
80.0
139.0
84.0
81.0
81.0
79.0
139.0
82.0
80.0
80.0
81.0
139.0
82.0
80.0
80.0
81.0
139.0
81.0
81.0
80.0
80.0
140.0
83.0
80.0
80.0
80.0
139.0
82.0
80.0
80.0
81.0
138.0
81.0
80.0
80.0
80.0
139.0
81.0
81.0
81.0
81.0
139.0
82.0
80.0
80.0
80.0
139.0
81.0
81.0
80.0
80.0
1.0
1.0
0.0
0.0
1.0
2.0
0.0
1.0
0.0
1.0
82.0
79.0
81.0
80.0
80.0
82.0
81.0
80.0
80.0
79.0
81.0
80.0
80.0
80.0
80.0
82.0
80.0
80.0
80.0
80.0
82.0
80.0
80.0
79.0
80.0
81.0
80.0
80.0
79.0
81.0
81.0
80.0
80.0
80.0
80.0
81.0
80.0
80.0
79.0
80.0
81.0
82.0
80.0
80.0
80.0
82.0
81.0
80.0
80.0
80.0
82.0
80.0
80.0
80.0
80.0
80.0
80.0
80.0
80.0
80.0
81.0
79.0
81.0
81.0
80.0
81.0
80.0
80.0
80.0
79.0
81.0
80.0
80.0
80.0
80.0
82.0
80.0
80.0
80.0
80.0
81.0
80.0
80.0
80.0
80.0
81.0
80.0
80.0
80.0
81.0
2.0
2.0
1.0
0.0
1.0
3.0
1.0
0.0
1.0
0.0
82.0
80.0
81.0
81.0
81.0
81.0
81.0
81.0
80.0
80.0
83.0
81.0
80.0
80.0
80.0
82.0
81.0
79.0
80.0
80.0
82.0
81.0
80.0
80.0
81.0
82.0
80.0
80.0
80.0
81.0
82.0
82.0
80.0
82.0
80.0
82.0
82.0
80.0
81.0
80.0
82.0
81.0
81.0
80.0
80.0
82.0
82.0
81.0
80.0
80.0
81.0
81.0
80.0
81.0
81.0
82.0
81.0
80.0
80.0
80.0
82.0
81.0
81.0
79.0
80.0
82.0
82.0
81.0
80.0
103.0
105.0
104.0
103.0
103.0
103.0
104.0
104.0
103.0
103.0
81.0
82.0
81.0
80.0
81.0
81.0
83.0
81.0
80.0
82.0
80.0
1.0
0.0
1.0
0.0
0.0
2.0
1.0
1.0
1.0
0.0
81.0
80.0
80.0
80.0
81.0
81.0
80.0
80.0
80.0
80.0
81.0
80.0
80.0
80.0
80.0
82.0
80.0
80.0
80.0
80.0
82.0
80.0
80.0
80.0
80.0
82.0
80.0
80.0
80.0
81.0
82.0
81.0
80.0
81.0
80.0
81.0
80.0
80.0
80.0
80.0
81.0
80.0
80.0
81.0
80.0
81.0
80.0
80.0
80.0
80.0
81.0
80.0
80.0
80.0
80.0
81.0
81.0
81.0
79.0
80.0
82.0
80.0
81.0
80.0
80.0
82.0
80.0
81.0
81.0
80.0
82.0
80.0
81.0
80.0
81.0
82.0
80.0
80.0
80.0
80.0
81.0
80.0
80.0
80.0
80.0
81.0
80.0
80.0
80.0
79.0
2.0
1.0
0.0
1.0
1.0
2.0
1.0
0.0
1.0
1.0
82.0
80.0
80.0
80.0
80.0
81.0
81.0
80.0
79.0
81.0
81.0
80.0
80.0
79.0
80.0
81.0
81.0
81.0
83.0
80.0
81.0
80.0
80.0
79.0
80.0
81.0
81.0
80.0
80.0
80.0
80.0
80.0
80.0
80.0
80.0
82.0
80.0
81.0
80.0
80.0
82.0
81.0
79.0
80.0
80.0
82.0
81.0
80.0
80.0
80.0
81.0
81.0
81.0
80.0
81.0
82.0
81.0
80.0
81.0
81.0
81.0
81.0
80.0
80.0
80.0
82.0
81.0
80.0
80.0
80.0
82.0
81.0
80.0
81.0
80.0
82.0
81.0
80.0
80.0
80.0
82.0
81.0
80.0
80.0
80.0
81.0
80.0
81.0
80.0
80.0
1.0
1.0
1.0
0.0
0.0
1.0
1.0
1.0
1.0
0.0
80.0
80.0
80.0
80.0
80.0
81.0
80.0
80.0
80.0
81.0
80.0
80.0
80.0
80.0
80.0
80.0
80.0
80.0
80.0
80.0
82.0
81.0
81.0
80.0
81.0
80.0
80.0
81.0
80.0
80.0
81.0
80.0
81.0
80.0
80.0
81.0
80.0
80.0
80.0
80.0
81.0
79.0
80.0
81.0
80.0
80.0
79.0
80.0
80.0
80.0
82.0
80.0
80.0
80.0
81.0
80.0
80.0
79.0
80.0
81.0
81.0
80.0
80.0
80.0
80.0
81.0
79.0
80.0
80.0
80.0
81.0
80.0
80.0
80.0
81.0
82.0
80.0
79.0
80.0
81.0
81.0
81.0
80.0
80.0
80.0
81.0
80.0
79.0
80.0
79.0
1.0
1.0
0.0
1.0
0.0
1.0
1.0
1.0
1.0
0.0
81.0
80.0
80.0
80.0
81.0
81.0
80.0
80.0
80.0
81.0
81.0
81.0
81.0
80.0
80.0
82.0
82.0
81.0
80.0
80.0
81.0
81.0
80.0
80.0
80.0
81.0
81.0
79.0
80.0
80.0
81.0
81.0
81.0
80.0
80.0
81.0
80.0
80.0
80.0
80.0
81.0
81.0
80.0
81.0
81.0
81.0
80.0
81.0
80.0
81.0
81.0
81.0
80.0
80.0
81.0
81.0
81.0
80.0
80.0
80.0
82.0
81.0
81.0
80.0
80.0
81.0
81.0
80.0
80.0
80.0
80.0
81.0
80.0
80.0
80.0
81.0
81.0
80.0
80.0
80.0
82.0
81.0
81.0
80.0
80.0
81.0
81.0
80.0
80.0
80.0
1.0
0.0
0.0
0.0
1.0
1.0
1.0
0.0
0.0
0.0
81.0
80.0
81.0
80.0
80.0
80.0
80.0
80.0
80.0
80.0
106.0
105.0
105.0
104.0
104.0
105.0
104.0
104.0
104.0
104.0
80.0
80.0
80.0
80.0
80.0
81.0
80.0
80.0
79.0
80.0
81.0
80.0
80.0
80.0
81.0
82.0
81.0
80.0
80.0
80.0
81.0
80.0
80.0
80.0
80.0
81.0
80.0
81.0
80.0
81.0
81.0
80.0
80.0
80.0
80.0
81.0
80.0
80.0
80.0
80.0
81.0
80.0
80.0
80.0
80.0
81.0
81.0
80.0
81.0
80.0
80.0
80.0
80.0
80.0
79.0
80.0
81.0
82.0
80.0
80.0
81.0
80.0
81.0
80.0
80.0
80.0
80.0
80.0
80.0
80.0
2.0
1.0
1.0
0.0
1.0
1.0
1.0
0.0
0.0
0.0
81.0
81.0
81.0
80.0
80.0
81.0
81.0
80.0
79.0
80.0
81.0
80.0
80.0
80.0
81.0
81.0
81.0
80.0
80.0
80.0
81.0
81.0
81.0
81.0
80.0
82.0
81.0
80.0
80.0
80.0
81.0
81.0
80.0
80.0
81.0
81.0
80.0
80.0
80.0
81.0
81.0
80.0
80.0
80.0
81.0
81.0
82.0
81.0
80.0
80.0
81.0
81.0
81.0
79.0
81.0
80.0
80.0
81.0
80.0
81.0
81.0
80.0
80.0
80.0
80.0
80.0
81.0
80.0
80.0
80.0
81.0
81.0
81.0
80.0
81.0
80.0
81.0
80.0
81.0
81.0
80.0
80.0
80.0
81.0
80.0
81.0
81.0
80.0
82.0
80.0
1.0
0.0
1.0
1.0
0.0
1.0
0.0
0.0
1.0
1.0
81.0
79.0
80.0
80.0
80.0
80.0
80.0
81.0
80.0
80.0
81.0
80.0
80.0
80.0
81.0
81.0
81.0
80.0
81.0
80.0
80.0
81.0
80.0
81.0
80.0
81.0
80.0
81.0
80.0
81.0
82.0
81.0
80.0
81.0
80.0
81.0
81.0
80.0
79.0
80.0
81.0
80.0
80.0
80.0
79.0
81.0
80.0
79.0
80.0
80.0
80.0
80.0
80.0
80.0
80.0
81.0
80.0
79.0
80.0
80.0
81.0
80.0
80.0
81.0
79.0
81.0
80.0
80.0
79.0
80.0
80.0
80.0
80.0
81.0
80.0
80.0
81.0
81.0
80.0
80.0
79.0
80.0
80.0
81.0
81.0
80.0
80.0
80.0
79.0
80.0
2.0
1.0
0.0
0.0
1.0
2.0
1.0
0.0
0.0
1.0
81.0
81.0
80.0
79.0
80.0
81.0
81.0
80.0
81.0
81.0
81.0
81.0
80.0
81.0
80.0
81.0
81.0
81.0
80.0
80.0
80.0
81.0
80.0
81.0
80.0
80.0
81.0
80.0
81.0
80.0
83.0
80.0
80.0
80.0
80.0
82.0
81.0
80.0
80.0
80.0
81.0
81.0
81.0
81.0
80.0
82.0
81.0
81.0
80.0
81.0
81.0
81.0
81.0
80.0
80.0
80.0
80.0
81.0
80.0
81.0
81.0
80.0
82.0
80.0
80.0
82.0
81.0
80.0
80.0
80.0
80.0
81.0
81.0
81.0
80.0
80.0
80.0
80.0
80.0
79.0
81.0
80.0
81.0
80.0
80.0
82.0
80.0
80.0
80.0
80.0
1.0
1.0
1.0
0.0
0.0
1.0
1.0
1.0
1.0
1.0
81.0
80.0
80.0
80.0
80.0
80.0
80.0
81.0
80.0
80.0
81.0
81.0
80.0
81.0
81.0
80.0
81.0
81.0
80.0
80.0
81.0
80.0
80.0
79.0
80.0
81.0
81.0
80.0
80.0
80.0
80.0
80.0
81.0
80.0
80.0
81.0
81.0
82.0
80.0
80.0
81.0
81.0
81.0
80.0
81.0
105.0
106.0
105.0
105.0
104.0
105.0
105.0
106.0
105.0
105.0
82.0
82.0
81.0
81.0
80.0
81.0
81.0
81.0
80.0
81.0
80.0
80.0
80.0
80.0
80.0
80.0
80.0
79.0
79.0
80.0
80.0
80.0
81.0
80.0
80.0
80.0
80.0
80.0
79.0
80.0
81.0
81.0
81.0
80.0
80.0
1.0
1.0
0.0
0.0
1.0
1.0
1.0
1.0
0.0
0.0
81.0
81.0
81.0
81.0
81.0
81.0
81.0
80.0
80.0
80.0
80.0
80.0
80.0
80.0
80.0
81.0
80.0
80.0
81.0
81.0
81.0
81.0
81.0
81.0
80.0
81.0
81.0
80.0
81.0
80.0
80.0
80.0
80.0
80.0
80.0
81.0
82.0
80.0
80.0
81.0
81.0
81.0
80.0
81.0
80.0
81.0
81.0
80.0
81.0
81.0
81.0
81.0
81.0
81.0
80.0
81.0
81.0
80.0
81.0
80.0
81.0
82.0
81.0
81.0
80.0
81.0
80.0
81.0
81.0
80.0
82.0
81.0
80.0
80.0
80.0
81.0
80.0
81.0
80.0
80.0
81.0
80.0
80.0
80.0
81.0
82.0
81.0
80.0
80.0
81.0
1.0
1.0
1.0
1.0
0.0
1.0
0.0
1.0
1.0
1.0
80.0
80.0
79.0
80.0
80.0
81.0
80.0
80.0
80.0
80.0
80.0
80.0
80.0
80.0
80.0
81.0
80.0
80.0
80.0
80.0
79.0
80.0
80.0
80.0
81.0
80.0
79.0
80.0
80.0
80.0
81.0
81.0
80.0
80.0
80.0
80.0
80.0
80.0
80.0
81.0
81.0
80.0
80.0
80.0
79.0
80.0
80.0
81.0
79.0
80.0
80.0
80.0
80.0
81.0
81.0
80.0
80.0
81.0
79.0
80.0
81.0
81.0
81.0
80.0
80.0
82.0
81.0
79.0
80.0
80.0
81.0
81.0
81.0
81.0
81.0
80.0
80.0
83.0
82.0
80.0
82.0
80.0
81.0
81.0
81.0
79.0
79.0
79.0
78.0
78.0
