4.0
3.0
3.0
3.0
3.0
3.0
3.0
3.0
3.0
3.0
6.0
5.0
5.0
5.0
5.0
6.0
6.0
5.0
3.0
3.0
6.0
5.0
5.0
5.0
5.0
5.0
5.0
4.0
2.0
3.0
373.0
372.0
372.0
371.0
372.0
372.0
372.0
372.0
370.0
369.0
396.0
395.0
394.0
395.0
395.0
395.0
394.0
398.0
394.0
393.0
372.0
372.0
372.0
371.0
371.0
372.0
371.0
370.0
369.0
369.0
384.0
384.0
384.0
384.0
383.0
384.0
384.0
384.0
369.0
381.0
387.0
375.0
375.0
373.0
374.0
374.0
374.0
374.0
372.0
373.0
373.0
372.0
372.0
372.0
371.0
372.0
372.0
372.0
370.0
369.0
386.0
386.0
386.0
386.0
386.0
387.0
385.0
386.0
383.0
385.0
395.0
395.0
394.0
395.0
394.0
395.0
395.0
395.0
392.0
392.0
373.0
372.0
372.0
372.0
371.0
373.0
371.0
371.0
369.0
370.0
2024.0
2021.0
2022.0
2025.0
2021.0
2023.0
2020.0
2020.0
2019.0
2017.0
3940.0
3938.0
3943.0
3944.0
3943.0
3938.0
3946.0
3943.0
3948.0
4009.0
3988.0
3985.0
4004.0
3984.0
4003.0
3982.0
4000.0
4015.0
3945.0
3945.0
3948.0
3969.0
3943.0
3938.0
3944.0
3942.0
3955.0
3962.0
3960.0
3958.0
3960.0
3960.0
3961.0
3961.0
3960.0
3970.0
3961.0
3962.0
3963.0
3961.0
3962.0
3959.0
3960.0
3954.0
3974.0
3963.0
3984.0
3985.0
3984.0
3983.0
3984.0
3984.0
3983.0
5.0
5.0
5.0
5.0
5.0
5.0
5.0
5.0
3.0
3.0
5.0
5.0
5.0
5.0
5.0
5.0
5.0
4.0
2.0
2.0
6.0
6.0
5.0
5.0
4.0
5.0
5.0
5.0
3.0
3.0
5.0
5.0
4.0
5.0
4.0
5.0
5.0
4.0
2.0
2.0
6.0
6.0
5.0
5.0
4.0
5.0
4.0
5.0
3.0
3.0
5.0
3.0
2.0
2.0
2.0
3.0
3.0
3.0
2.0
2.0
6.0
3.0
3.0
3.0
2.0
3.0
3.0
3.0
3.0
3.0
3.0
3.0
3.0
3.0
2.0
3.0
2.0
2.0
2.0
2.0
3.0
3.0
3.0
3.0
3.0
3.0
2.0
2.0
3.0
2.0
3.0
3.0
2.0
3.0
3.0
3.0
3.0
3.0
2.0
3.0
6.0
5.0
4.0
5.0
4.0
5.0
5.0
5.0
3.0
2.0
6.0
5.0
4.0
4.0
4.0
5.0
5.0
5.0
3.0
3.0
5.0
5.0
5.0
4.0
5.0
6.0
5.0
4.0
2.0
3.0
6.0
5.0
5.0
5.0
5.0
5.0
5.0
5.0
3.0
2.0
5.0
5.0
4.0
4.0
4.0
5.0
5.0
5.0
2.0
2.0
5.0
3.0
2.0
3.0
2.0
3.0
3.0
2.0
2.0
2.0
5.0
2.0
2.0
2.0
2.0
3.0
3.0
3.0
3.0
3.0
3.0
3.0
3.0
2.0
2.0
3.0
2.0
2.0
2.0
3.0
3.0
3.0
3.0
3.0
3.0
3.0
3.0
2.0
2.0
2.0
3.0
3.0
2.0
3.0
2.0
3.0
3.0
3.0
3.0
2.0
386.0
386.0
385.0
385.0
385.0
385.0
385.0
385.0
383.0
384.0
373.0
373.0
372.0
372.0
372.0
373.0
372.0
373.0
370.0
370.0
399.0
398.0
397.0
397.0
397.0
397.0
397.0
397.0
395.0
395.0
372.0
372.0
372.0
371.0
371.0
372.0
372.0
371.0
370.0
370.0
412.0
410.0
408.0
408.0
410.0
411.0
407.0
412.0
412.0
409.0
371.0
369.0
369.0
369.0
368.0
369.0
369.0
369.0
368.0
368.0
372.0
370.0
369.0
369.0
369.0
369.0
369.0
368.0
369.0
369.0
383.0
383.0
383.0
382.0
383.0
383.0
382.0
382.0
382.0
382.0
396.0
396.0
396.0
397.0
395.0
397.0
396.0
396.0
395.0
3.0
3.0
3.0
3.0
2.0
3.0
3.0
2.0
3.0
2.0
2.0
399.0
371.0
371.0
371.0
371.0
371.0
370.0
371.0
369.0
368.0
372.0
371.0
371.0
371.0
371.0
372.0
372.0
371.0
368.0
369.0
385.0
387.0
386.0
386.0
385.0
387.0
386.0
386.0
384.0
383.0
373.0
372.0
371.0
372.0
371.0
372.0
372.0
371.0
369.0
369.0
371.0
385.0
384.0
384.0
384.0
385.0
384.0
384.0
382.0
382.0
386.0
397.0
396.0
396.0
396.0
397.0
396.0
396.0
396.0
396.0
399.0
369.0
369.0
369.0
369.0
369.0
368.0
368.0
369.0
369.0
369.0
369.0
369.0
369.0
368.0
369.0
368.0
368.0
368.0
369.0
370.0
383.0
382.0
382.0
382.0
383.0
384.0
383.0
382.0
2.0
4.0
3.0
2.0
3.0
2.0
3.0
3.0
2.0
3.0
2.0
385.0
385.0
371.0
371.0
371.0
372.0
371.0
370.0
368.0
368.0
372.0
371.0
371.0
372.0
371.0
371.0
371.0
371.0
368.0
369.0
384.0
385.0
385.0
385.0
385.0
385.0
385.0
385.0
383.0
383.0
402.0
401.0
399.0
399.0
398.0
399.0
399.0
398.0
397.0
397.0
372.0
371.0
371.0
372.0
371.0
371.0
371.0
371.0
369.0
368.0
372.0
369.0
383.0
383.0
383.0
384.0
383.0
383.0
383.0
383.0
386.0
384.0
370.0
370.0
369.0
369.0
370.0
369.0
369.0
369.0
370.0
369.0
368.0
369.0
368.0
369.0
368.0
369.0
369.0
369.0
370.0
369.0
383.0
383.0
382.0
383.0
382.0
382.0
382.0
2.0
4.0
3.0
2.0
3.0
2.0
3.0
3.0
2.0
3.0
2.0
385.0
385.0
385.0
400.0
399.0
401.0
399.0
399.0
397.0
398.0
401.0
400.0
400.0
371.0
370.0
371.0
370.0
371.0
369.0
368.0
372.0
371.0
371.0
371.0
371.0
372.0
371.0
370.0
368.0
368.0
386.0
386.0
385.0
386.0
386.0
386.0
386.0
386.0
384.0
383.0
373.0
372.0
371.0
371.0
371.0
371.0
371.0
370.0
369.0
369.0
372.0
369.0
369.0
382.0
381.0
382.0
382.0
382.0
382.0
383.0
385.0
383.0
382.0
401.0
401.0
401.0
401.0
401.0
401.0
400.0
402.0
401.0
401.0
368.0
368.0
370.0
369.0
369.0
368.0
369.0
369.0
370.0
369.0
370.0
370.0
370.0
371.0
369.0
369.0
2.0
4.0
3.0
2.0
3.0
2.0
3.0
3.0
2.0
3.0
2.0
373.0
372.0
371.0
372.0
384.0
385.0
384.0
384.0
383.0
382.0
386.0
385.0
385.0
384.0
370.0
371.0
370.0
371.0
369.0
368.0
371.0
371.0
371.0
370.0
370.0
372.0
371.0
370.0
368.0
368.0
385.0
385.0
384.0
384.0
416.0
416.0
416.0
416.0
413.0
412.0
403.0
402.0
402.0
402.0
371.0
372.0
370.0
371.0
369.0
368.0
372.0
369.0
369.0
369.0
369.0
369.0
369.0
369.0
368.0
368.0
372.0
369.0
369.0
368.0
382.0
382.0
383.0
382.0
382.0
383.0
385.0
385.0
384.0
384.0
379.0
379.0
376.0
377.0
376.0
378.0
383.0
381.0
380.0
382.0
379.0
380.0
384.0
379.0
380.0
3.0
4.0
3.0
3.0
3.0
3.0
3.0
3.0
2.0
3.0
2.0
380.0
379.0
378.0
377.0
379.0
386.0
385.0
384.0
383.0
383.0
385.0
385.0
384.0
385.0
384.0
402.0
401.0
402.0
400.0
399.0
403.0
402.0
402.0
401.0
402.0
371.0
371.0
371.0
368.0
368.0
372.0
371.0
371.0
371.0
370.0
384.0
384.0
383.0
380.0
380.0
385.0
386.0
384.0
385.0
385.0
373.0
372.0
371.0
369.0
370.0
371.0
369.0
369.0
369.0
368.0
370.0
369.0
369.0
369.0
369.0
372.0
370.0
369.0
369.0
369.0
381.0
381.0
380.0
380.0
380.0
381.0
381.0
381.0
380.0
380.0
407.0
402.0
402.0
402.0
402.0
402.0
403.0
402.0
402.0
402.0
369.0
369.0
369.0
369.0
3.0
3.0
3.0
3.0
2.0
3.0
3.0
3.0
2.0
2.0
3.0
378.0
372.0
371.0
371.0
371.0
372.0
371.0
372.0
369.0
370.0
372.0
372.0
372.0
371.0
371.0
372.0
386.0
385.0
384.0
383.0
387.0
387.0
386.0
386.0
385.0
386.0
372.0
371.0
369.0
369.0
372.0
372.0
371.0
372.0
371.0
372.0
385.0
384.0
381.0
381.0
386.0
385.0
385.0
385.0
384.0
385.0
404.0
404.0
402.0
401.0
405.0
402.0
402.0
401.0
402.0
402.0
369.0
368.0
369.0
369.0
373.0
369.0
369.0
369.0
369.0
369.0
369.0
369.0
368.0
368.0
370.0
370.0
369.0
368.0
369.0
369.0
383.0
383.0
383.0
383.0
385.0
387.0
382.0
384.0
382.0
383.0
369.0
369.0
369.0
3.0
3.0
3.0
3.0
2.0
3.0
3.0
2.0
3.0
2.0
2.0
372.0
371.0
379.0
371.0
371.0
371.0
372.0
370.0
368.0
368.0
372.0
371.0
371.0
371.0
371.0
376.0
371.0
387.0
383.0
384.0
387.0
388.0
386.0
421.0
420.0
421.0
424.0
406.0
404.0
404.0
407.0
406.0
406.0
372.0
372.0
372.0
382.0
372.0
370.0
370.0
373.0
373.0
372.0
372.0
372.0
372.0
372.0
385.0
383.0
383.0
386.0
384.0
384.0
383.0
384.0
384.0
382.0
369.0
369.0
369.0
371.0
370.0
369.0
369.0
369.0
370.0
370.0
369.0
369.0
369.0
370.0
368.0
368.0
369.0
369.0
369.0
368.0
382.0
383.0
382.0
384.0
384.0
383.0
383.0
382.0
383.0
383.0
404.0
403.0
3.0
3.0
3.0
3.0
2.0
3.0
3.0
2.0
3.0
2.0
2.0
406.0
406.0
406.0
405.0
405.0
405.0
405.0
406.0
370.0
370.0
373.0
372.0
372.0
372.0
372.0
373.0
373.0
372.0
368.0
369.0
372.0
383.0
384.0
385.0
384.0
385.0
384.0
385.0
384.0
384.0
387.0
375.0
372.0
372.0
372.0
372.0
372.0
372.0
370.0
370.0
373.0
373.0
372.0
372.0
372.0
373.0
373.0
372.0
382.0
382.0
385.0
383.0
381.0
382.0
381.0
382.0
382.0
382.0
406.0
405.0
409.0
406.0
406.0
405.0
405.0
406.0
405.0
406.0
369.0
368.0
370.0
369.0
369.0
370.0
369.0
370.0
370.0
369.0
369.0
370.0
370.0
368.0
369.0
369.0
368.0
369.0
368.0
369.0
383.0
2.0
3.0
3.0
3.0
3.0
2.0
3.0
3.0
2.0
2.0
3.0
2055.0
2057.0
2058.0
2066.0
2060.0
2060.0
2058.0
2062.0
2089.0
2042.0
2046.0
2034.0
2038.0
2037.0
2038.0
2037.0
2037.0
2036.0
2125.0
2031.0
2033.0
2039.0
2034.0
2037.0
2037.0
2037.0
2035.0
2037.0
2119.0
2039.0
1996.0
1996.0
1996.0
1995.0
1995.0
1994.0
1996.0
1994.0
2017.0
2015.0
2007.0
2009.0
2008.0
2009.0
2010.0
2008.0
2009.0
2008.0
1988.0
1985.0
2019.0
2018.0
2018.0
2018.0
2018.0
2019.0
2019.0
2018.0
2000.0
2000.0
2021.0
2019.0
2019.0
2019.0
2018.0
2019.0
2017.0
2018.0
2020.0
2020.0
2020.0
2017.0
2022.0
2020.0
2022.0
2022.0
2030.0
2020.0
2032.0
2033.0
2015.0
2015.0
2020.0
2017.0
2014.0
2017.0
2017.0
2020.0
2020.0
3.0
3.0
3.0
3.0
2.0
3.0
3.0
2.0
3.0
2.0
2.0
3962.0
3983.0
3986.0
3988.0
3986.0
3988.0
3985.0
3984.0
3983.0
3999.0
3980.0
3932.0
3936.0
3935.0
3935.0
3937.0
3934.0
3935.0
3934.0
3939.0
3937.0
3967.0
3967.0
3988.0
3967.0
3969.0
3973.0
3970.0
3966.0
3950.0
3992.0
3992.0
3987.0
3990.0
3987.0
3988.0
3993.0
3987.0
3998.0
3985.0
3937.0
3946.0
3950.0
3953.0
3955.0
3955.0
3955.0
3956.0
3948.0
3925.0
3954.0
3948.0
3954.0
3949.0
3953.0
3955.0
3956.0
3957.0
3958.0
3950.0
3951.0
3939.0
3940.0
3946.0
3942.0
3946.0
3946.0
3948.0
3948.0
3959.0
3950.0
3975.0
3973.0
3975.0
3977.0
3979.0
3985.0
3978.0
3974.0
3986.0
3954.0
3953.0
3957.0
3955.0
3958.0
3959.0
3956.0
3954.0
3957.0
1943.0
1956.0
1957.0
1930.0
1928.0
1930.0
1935.0
1935.0
1938.0
1928.0
1932.0
3927.0
3926.0
3961.0
3959.0
3949.0
3956.0
3963.0
3966.0
3956.0
3960.0
4036.0
3993.0
3986.0
3989.0
3987.0
3993.0
3996.0
3991.0
3993.0
3987.0
3978.0
4146.0
3937.0
3936.0
3936.0
3942.0
3949.0
3940.0
3940.0
3939.0
3928.0
3937.0
3953.0
3956.0
3956.0
3956.0
3955.0
3957.0
3952.0
3951.0
3953.0
3988.0
3942.0
3945.0
3939.0
3945.0
3947.0
3946.0
3943.0
3943.0
3953.0
3974.0
3979.0
3983.0
3978.0
3979.0
3985.0
3983.0
3985.0
3989.0
3968.0
3928.0
3948.0
3949.0
3953.0
3952.0
3955.0
3954.0
3950.0
3954.0
3950.0
3953.0
3946.0
3950.0
3946.0
3941.0
3952.0
3951.0
3946.0
3946.0
3932.0
3947.0
3967.0
3970.0
3976.0
3968.0
3987.0
3982.0
3983.0
1935.0
1982.0
1987.0
1977.0
1956.0
1952.0
1949.0
1950.0
1946.0
1944.0
1942.0
3957.0
3965.0
3950.0
3942.0
3959.0
3957.0
3963.0
3960.0
3945.0
3944.0
3944.0
3959.0
3956.0
3958.0
3962.0
3967.0
3954.0
3964.0
3993.0
3962.0
3964.0
3975.0
3966.0
3958.0
3957.0
3959.0
3963.0
3954.0
3954.0
3948.0
3975.0
4004.0
3984.0
3958.0
3957.0
3965.0
3965.0
3958.0
3956.0
3957.0
3959.0
3935.0
3933.0
3957.0
3958.0
3962.0
3961.0
3960.0
3957.0
3956.0
3953.0
3955.0
3948.0
3941.0
3941.0
3947.0
3950.0
3941.0
3942.0
3969.0
3935.0
3941.0
3937.0
3953.0
3954.0
3957.0
3956.0
3953.0
3954.0
3933.0
3995.0
3976.0
3978.0
3984.0
3981.0
3983.0
3988.0
3984.0
3983.0
4069.0
3971.0
3964.0
3967.0
3956.0
3971.0
3975.0
3972.0
3973.0
3957.0
2042.0
1952.0
2036.0
1953.0
1953.0
1951.0
1946.0
1950.0
1951.0
1950.0
1952.0
3979.0
3972.0
3983.0
3973.0
3968.0
3973.0
3967.0
3964.0
3967.0
3963.0
3981.0
3981.0
3985.0
3983.0
3967.0
3983.0
3984.0
3988.0
3983.0
3994.0
3937.0
3937.0
3940.0
3955.0
3948.0
3966.0
3955.0
3971.0
3950.0
3959.0
3970.0
3970.0
3975.0
3984.0
3966.0
3970.0
3969.0
3972.0
3969.0
3974.0
3963.0
3986.0
3960.0
3956.0
3931.0
3932.0
3935.0
3931.0
3934.0
3934.0
3996.0
3965.0
3994.0
3971.0
3988.0
3994.0
3991.0
4016.0
3992.0
3997.0
3960.0
3956.0
3959.0
3958.0
3944.0
3945.0
3945.0
3948.0
3950.0
3973.0
3954.0
3951.0
3933.0
3953.0
3960.0
3961.0
3964.0
3962.0
3963.0
3942.0
3956.0
3951.0
3951.0
3952.0
3973.0
3969.0
3975.0
3972.0
3970.0
1954.0
1964.0
1968.0
1966.0
1964.0
1968.0
1936.0
1935.0
1938.0
1934.0
1933.0
3930.0
3935.0
3951.0
3948.0
3930.0
3949.0
3953.0
3959.0
3953.0
3957.0
3966.0
3981.0
3959.0
3961.0
3958.0
3959.0
3962.0
3963.0
3960.0
3956.0
3973.0
3970.0
3967.0
3997.0
3976.0
3948.0
3961.0
3966.0
3962.0
3961.0
3972.0
3976.0
3971.0
4062.0
3989.0
4003.0
3999.0
4005.0
4001.0
4002.0
3984.0
3985.0
3982.0
4123.0
3977.0
3993.0
3979.0
3979.0
3972.0
3971.0
3953.0
3947.0
3973.0
3953.0
3955.0
3925.0
3928.0
3926.0
3934.0
3930.0
3961.0
3958.0
3925.0
3931.0
3925.0
3955.0
3968.0
3971.0
3974.0
3975.0
3978.0
3982.0
3976.0
3982.0
3999.0
3971.0
3964.0
3958.0
3959.0
3951.0
3940.0
3948.0
3954.0
3957.0
3976.0
3964.0
3970.0
3966.0
3972.0
1939.0
1975.0
1973.0
1954.0
1952.0
1955.0
1942.0
1951.0
1951.0
1949.0
1948.0
3973.0
3973.0
3963.0
3969.0
3971.0
3990.0
3954.0
3958.0
3956.0
3951.0
3955.0
3966.0
3964.0
3977.0
3983.0
3995.0
3994.0
4000.0
4000.0
3994.0
3994.0
3995.0
3969.0
3969.0
3966.0
3939.0
3957.0
3963.0
3962.0
3952.0
3958.0
3955.0
3957.0
3955.0
3957.0
3950.0
3933.0
3950.0
3945.0
3946.0
3930.0
3931.0
3933.0
3928.0
3939.0
3939.0
3956.0
3959.0
3960.0
3957.0
3985.0
3988.0
3992.0
3985.0
3983.0
3980.0
3997.0
3983.0
3985.0
3986.0
3963.0
3961.0
3965.0
3982.0
3973.0
3977.0
3936.0
3937.0
3936.0
3935.0
3958.0
3956.0
3956.0
3926.0
3925.0
3925.0
3947.0
3947.0
3955.0
3952.0
3951.0
3949.0
3950.0
3948.0
3951.0
3958.0
3980.0
3986.0
3990.0
1950.0
1977.0
1979.0
1977.0
1978.0
2005.0
2007.0
1996.0
1946.0
1945.0
1946.0
3962.0
3964.0
3960.0
3964.0
3927.0
3934.0
3980.0
3965.0
3958.0
3959.0
3967.0
3969.0
3966.0
3965.0
3962.0
3963.0
3966.0
3941.0
3940.0
3936.0
3931.0
3938.0
3955.0
3943.0
3953.0
3958.0
3969.0
3986.0
3989.0
3983.0
4038.0
4045.0
4018.0
4018.0
4020.0
4017.0
3986.0
4000.0
3995.0
3994.0
3963.0
3962.0
3958.0
3963.0
3961.0
3960.0
3955.0
3938.0
3942.0
3942.0
3931.0
3930.0
3933.0
3932.0
3926.0
3940.0
3946.0
3957.0
3953.0
3955.0
3960.0
3961.0
3961.0
3969.0
3968.0
3960.0
3963.0
3979.0
3969.0
3964.0
3955.0
3959.0
3952.0
3982.0
3967.0
3959.0
3967.0
3924.0
3927.0
3924.0
3957.0
3958.0
3956.0
3932.0
3923.0
3926.0
3928.0
3950.0
3954.0
1955.0
1942.0
1943.0
1942.0
1943.0
1945.0
1955.0
1955.0
1955.0
1971.0
1957.0
3968.0
3969.0
3972.0
3972.0
3979.0
3978.0
3990.0
3995.0
3947.0
3954.0
3991.0
3990.0
3990.0
3994.0
3991.0
3966.0
3952.0
3969.0
3974.0
3969.0
3960.0
3961.0
3960.0
3952.0
3963.0
3962.0
3963.0
3962.0
3945.0
3944.0
3928.0
3926.0
3943.0
3943.0
3945.0
3946.0
3940.0
3956.0
3948.0
3950.0
3972.0
3969.0
3949.0
3944.0
3963.0
3959.0
3961.0
3930.0
3952.0
3953.0
3987.0
3997.0
3992.0
3994.0
3992.0
3989.0
4004.0
4022.0
3970.0
3983.0
3946.0
3941.0
3945.0
3945.0
3945.0
3948.0
3966.0
3992.0
3973.0
3962.0
3969.0
3968.0
3969.0
3970.0
3972.0
3987.0
3974.0
3980.0
3986.0
3964.0
3956.0
3954.0
3956.0
3953.0
3956.0
3970.0
3971.0
3970.0
3951.0
1927.0
1972.0
1967.0
1958.0
1949.0
1947.0
1904.0
1906.0
1871.0
1824.0
1581.0
