1.0
1.0
1.0
1.0
1.0
1.0
1.0
1.0
1.0
1.0
8.0
7.0
8.0
8.0
7.0
8.0
8.0
7.0
546.0
546.0
586.0
586.0
586.0
586.0
586.0
585.0
588.0
587.0
588.0
586.0
546.0
546.0
546.0
546.0
546.0
546.0
547.0
546.0
567.0
568.0
567.0
568.0
567.0
567.0
568.0
568.0
567.0
567.0
547.0
547.0
7.0
8.0
8.0
7.0
7.0
7.0
7.0
8.0
547.0
547.0
547.0
547.0
547.0
548.0
551.0
547.0
568.0
568.0
568.0
568.0
568.0
567.0
568.0
567.0
568.0
568.0
546.0
546.0
546.0
546.0
546.0
546.0
546.0
547.0
546.0
546.0
587.0
587.0
587.0
588.0
8.0
8.0
8.0
7.0
8.0
7.0
7.0
7.0
587.0
587.0
587.0
587.0
587.0
587.0
568.0
567.0
568.0
567.0
567.0
568.0
567.0
567.0
567.0
571.0
545.0
546.0
546.0
546.0
546.0
546.0
547.0
547.0
547.0
546.0
567.0
567.0
567.0
567.0
567.0
567.0
7.0
7.0
7.0
7.0
8.0
8.0
7.0
8.0
567.0
566.0
566.0
566.0
546.0
546.0
546.0
546.0
546.0
546.0
546.0
547.0
547.0
546.0
587.0
588.0
587.0
587.0
587.0
592.0
587.0
587.0
589.0
587.0
546.0
546.0
546.0
546.0
546.0
564.0
566.0
566.0
7.0
8.0
8.0
7.0
7.0
7.0
8.0
8.0
567.0
567.0
567.0
567.0
567.0
567.0
567.0
549.0
548.0
547.0
546.0
546.0
567.0
567.0
568.0
568.0
567.0
568.0
568.0
567.0
567.0
567.0
547.0
547.0
545.0
546.0
544.0
544.0
541.0
542.0
535.0
535.0
7.0
7.0
8.0
8.0
7.0
8.0
8.0
7.0
8.0
1.0
8.0
8.0
8.0
7.0
8.0
8.0
7.0
8.0
1.0
1.0
8.0
7.0
8.0
7.0
8.0
8.0
7.0
8.0
8.0
1.0
7.0
8.0
8.0
7.0
8.0
7.0
7.0
8.0
1.0
1.0
7.0
8.0
8.0
7.0
8.0
8.0
7.0
8.0
7.0
1.0
7.0
8.0
7.0
7.0
8.0
7.0
7.0
8.0
1.0
1.0
8.0
8.0
8.0
8.0
8.0
8.0
7.0
8.0
8.0
1.0
7.0
7.0
7.0
7.0
7.0
7.0
7.0
7.0
1.0
1.0
547.0
546.0
547.0
547.0
546.0
547.0
546.0
546.0
547.0
287.0
567.0
568.0
567.0
567.0
567.0
567.0
567.0
567.0
561.0
308.0
546.0
546.0
546.0
546.0
547.0
546.0
546.0
546.0
546.0
287.0
567.0
567.0
567.0
568.0
568.0
568.0
568.0
569.0
562.0
307.0
548.0
547.0
548.0
548.0
587.0
587.0
588.0
588.0
588.0
286.0
589.0
589.0
589.0
589.0
590.0
550.0
548.0
549.0
543.0
288.0
572.0
572.0
571.0
572.0
571.0
571.0
575.0
573.0
574.0
311.0
555.0
555.0
556.0
556.0
555.0
555.0
555.0
556.0
550.0
292.0
575.0
573.0
574.0
573.0
574.0
574.0
574.0
574.0
574.0
310.0
559.0
558.0
559.0
559.0
559.0
559.0
560.0
560.0
553.0
296.0
589.0
589.0
588.0
589.0
588.0
587.0
588.0
588.0
588.0
327.0
547.0
567.0
565.0
564.0
566.0
566.0
565.0
564.0
559.0
287.0
569.0
569.0
554.0
553.0
554.0
553.0
553.0
553.0
553.0
289.0
550.0
550.0
550.0
568.0
568.0
568.0
567.0
567.0
560.0
287.0
605.0
609.0
605.0
612.0
621.0
621.0
622.0
620.0
622.0
328.0
637.0
637.0
637.0
638.0
639.0
609.0
611.0
610.0
603.0
338.0
566.0
567.0
567.0
566.0
566.0
566.0
556.0
556.0
556.0
296.0
570.0
569.0
568.0
569.0
569.0
568.0
569.0
569.0
563.0
308.0
548.0
548.0
550.0
549.0
548.0
548.0
548.0
548.0
567.0
287.0
568.0
567.0
568.0
569.0
567.0
567.0
567.0
567.0
561.0
287.0
589.0
589.0
589.0
588.0
591.0
589.0
589.0
589.0
589.0
289.0
587.0
548.0
547.0
547.0
546.0
547.0
549.0
547.0
541.0
288.0
546.0
547.0
567.0
566.0
567.0
566.0
567.0
567.0
569.0
287.0
571.0
571.0
571.0
551.0
550.0
550.0
550.0
550.0
544.0
291.0
546.0
546.0
547.0
546.0
566.0
567.0
566.0
566.0
566.0
286.0
566.0
566.0
566.0
568.0
566.0
548.0
547.0
548.0
542.0
287.0
588.0
587.0
589.0
589.0
588.0
588.0
586.0
587.0
588.0
327.0
547.0
548.0
549.0
547.0
547.0
547.0
549.0
566.0
561.0
287.0
567.0
566.0
567.0
567.0
567.0
568.0
568.0
567.0
547.0
287.0
546.0
547.0
546.0
547.0
547.0
546.0
546.0
546.0
541.0
287.0
568.0
567.0
567.0
567.0
568.0
567.0
567.0
568.0
568.0
308.0
547.0
588.0
587.0
587.0
586.0
586.0
587.0
588.0
581.0
288.0
7.0
7.0
7.0
7.0
8.0
8.0
7.0
7.0
1.0
1.0
8.0
8.0
7.0
7.0
8.0
8.0
7.0
7.0
1.0
1.0
7.0
7.0
8.0
7.0
47.0
48.0
7.0
7.0
1.0
1.0
7.0
7.0
8.0
7.0
7.0
8.0
7.0
7.0
1.0
1.0
8.0
7.0
7.0
8.0
7.0
7.0
7.0
7.0
1.0
1.0
8.0
8.0
7.0
7.0
7.0
7.0
8.0
8.0
1.0
0.0
7.0
7.0
7.0
7.0
8.0
7.0
7.0
8.0
1.0
1.0
7.0
7.0
8.0
7.0
7.0
8.0
7.0
7.0
1.0
1.0
546.0
546.0
548.0
546.0
547.0
547.0
547.0
547.0
540.0
287.0
563.0
567.0
567.0
567.0
567.0
568.0
567.0
567.0
561.0
303.0
549.0
549.0
547.0
546.0
546.0
546.0
546.0
547.0
540.0
286.0
566.0
567.0
567.0
567.0
567.0
567.0
567.0
567.0
561.0
308.0
548.0
547.0
546.0
548.0
589.0
587.0
588.0
588.0
581.0
286.0
587.0
587.0
589.0
588.0
587.0
547.0
546.0
547.0
540.0
287.0
547.0
547.0
547.0
548.0
547.0
547.0
567.0
566.0
560.0
286.0
567.0
567.0
566.0
566.0
568.0
567.0
566.0
547.0
540.0
287.0
565.0
565.0
565.0
563.0
566.0
568.0
567.0
565.0
559.0
306.0
547.0
547.0
546.0
546.0
546.0
547.0
548.0
547.0
541.0
287.0
611.0
610.0
610.0
612.0
615.0
611.0
612.0
611.0
605.0
353.0
549.0
547.0
546.0
546.0
547.0
547.0
547.0
547.0
540.0
287.0
566.0
568.0
566.0
567.0
569.0
568.0
567.0
566.0
560.0
306.0
546.0
546.0
548.0
546.0
547.0
546.0
545.0
546.0
540.0
287.0
566.0
566.0
566.0
567.0
566.0
567.0
566.0
566.0
560.0
307.0
547.0
546.0
546.0
546.0
547.0
587.0
588.0
587.0
581.0
286.0
591.0
591.0
591.0
590.0
591.0
591.0
549.0
549.0
543.0
290.0
564.0
567.0
566.0
567.0
567.0
567.0
569.0
567.0
561.0
307.0
547.0
547.0
546.0
547.0
547.0
546.0
546.0
548.0
543.0
287.0
566.0
566.0
568.0
567.0
566.0
566.0
567.0
567.0
561.0
307.0
546.0
546.0
547.0
546.0
547.0
547.0
547.0
546.0
540.0
287.0
589.0
590.0
589.0
589.0
590.0
590.0
589.0
589.0
582.0
328.0
549.0
549.0
546.0
546.0
546.0
546.0
546.0
547.0
540.0
287.0
569.0
568.0
569.0
570.0
568.0
569.0
569.0
568.0
563.0
309.0
549.0
550.0
550.0
552.0
569.0
572.0
572.0
572.0
566.0
290.0
571.0
572.0
571.0
571.0
572.0
550.0
551.0
550.0
544.0
289.0
594.0
593.0
593.0
594.0
593.0
594.0
591.0
591.0
586.0
331.0
549.0
548.0
548.0
547.0
547.0
548.0
550.0
547.0
542.0
288.0
567.0
567.0
567.0
567.0
567.0
568.0
567.0
568.0
560.0
308.0
549.0
550.0
550.0
550.0
550.0
550.0
550.0
550.0
545.0
290.0
566.0
565.0
566.0
567.0
567.0
566.0
566.0
568.0
560.0
307.0
547.0
546.0
547.0
546.0
546.0
546.0
546.0
546.0
539.0
287.0
7.0
7.0
8.0
8.0
7.0
7.0
7.0
7.0
1.0
1.0
7.0
8.0
8.0
7.0
7.0
7.0
7.0
4.0
1.0
1.0
7.0
8.0
8.0
7.0
7.0
7.0
7.0
8.0
1.0
1.0
8.0
7.0
7.0
7.0
7.0
7.0
8.0
4.0
1.0
1.0
7.0
7.0
7.0
7.0
8.0
8.0
7.0
7.0
1.0
1.0
7.0
7.0
8.0
8.0
7.0
7.0
7.0
4.0
1.0
1.0
7.0
8.0
7.0
7.0
7.0
7.0
8.0
8.0
1.0
1.0
8.0
7.0
7.0
7.0
7.0
7.0
7.0
4.0
1.0
1.0
590.0
588.0
588.0
588.0
587.0
588.0
588.0
588.0
581.0
327.0
547.0
566.0
567.0
567.0
568.0
566.0
566.0
563.0
560.0
287.0
567.0
566.0
547.0
546.0
547.0
551.0
548.0
546.0
540.0
287.0
546.0
546.0
547.0
567.0
567.0
566.0
566.0
563.0
561.0
286.0
567.0
568.0
567.0
567.0
546.0
546.0
547.0
547.0
540.0
286.0
588.0
587.0
588.0
588.0
588.0
607.0
605.0
601.0
598.0
328.0
563.0
562.0
564.0
566.0
561.0
561.0
548.0
547.0
542.0
288.0
566.0
566.0
567.0
566.0
566.0
567.0
567.0
563.0
560.0
306.0
546.0
546.0
547.0
546.0
546.0
547.0
546.0
546.0
560.0
288.0
567.0
566.0
566.0
566.0
566.0
566.0
566.0
562.0
560.0
287.0
588.0
589.0
588.0
587.0
588.0
588.0
588.0
588.0
583.0
286.0
588.0
546.0
547.0
546.0
546.0
546.0
548.0
542.0
540.0
287.0
547.0
546.0
567.0
568.0
566.0
566.0
567.0
566.0
560.0
287.0
566.0
566.0
567.0
547.0
548.0
548.0
549.0
544.0
541.0
287.0
565.0
566.0
567.0
566.0
567.0
566.0
566.0
566.0
559.0
306.0
547.0
547.0
547.0
549.0
550.0
547.0
547.0
543.0
540.0
287.0
589.0
589.0
588.0
588.0
589.0
589.0
589.0
588.0
582.0
329.0
548.0
547.0
547.0
547.0
548.0
547.0
547.0
562.0
560.0
288.0
566.0
565.0
565.0
566.0
567.0
565.0
565.0
566.0
540.0
287.0
546.0
547.0
546.0
547.0
546.0
546.0
546.0
543.0
540.0
287.0
566.0
567.0
566.0
566.0
566.0
567.0
567.0
566.0
560.0
307.0
547.0
589.0
590.0
589.0
589.0
589.0
589.0
586.0
583.0
288.0
590.0
590.0
548.0
547.0
547.0
546.0
547.0
547.0
541.0
287.0
565.0
565.0
565.0
565.0
566.0
565.0
566.0
564.0
559.0
307.0
546.0
547.0
546.0
546.0
546.0
547.0
547.0
546.0
541.0
286.0
564.0
564.0
563.0
564.0
565.0
564.0
565.0
562.0
558.0
304.0
547.0
547.0
547.0
546.0
546.0
547.0
587.0
588.0
580.0
287.0
587.0
587.0
587.0
587.0
587.0
586.0
587.0
542.0
541.0
288.0
546.0
547.0
546.0
550.0
546.0
546.0
546.0
546.0
560.0
287.0
567.0
567.0
568.0
567.0
568.0
566.0
568.0
563.0
560.0
287.0
561.0
563.0
564.0
566.0
564.0
564.0
564.0
564.0
557.0
287.0
566.0
546.0
547.0
547.0
546.0
548.0
547.0
542.0
540.0
286.0
8.0
7.0
8.0
8.0
7.0
7.0
7.0
7.0
1.0
1.0
7.0
7.0
7.0
8.0
7.0
7.0
7.0
1.0
1.0
0.0
7.0
8.0
8.0
7.0
7.0
7.0
7.0
8.0
1.0
1.0
7.0
7.0
8.0
7.0
7.0
7.0
7.0
1.0
1.0
1.0
7.0
7.0
8.0
8.0
7.0
7.0
7.0
7.0
1.0
1.0
7.0
7.0
7.0
7.0
8.0
7.0
7.0
1.0
1.0
1.0
7.0
7.0
7.0
7.0
8.0
8.0
7.0
7.0
1.0
1.0
7.0
7.0
7.0
7.0
7.0
8.0
7.0
1.0
1.0
1.0
586.0
587.0
587.0
586.0
587.0
587.0
586.0
588.0
581.0
327.0
547.0
563.0
564.0
566.0
567.0
566.0
564.0
287.0
287.0
288.0
586.0
590.0
587.0
591.0
570.0
570.0
571.0
569.0
563.0
309.0
546.0
547.0
546.0
547.0
547.0
546.0
547.0
287.0
287.0
287.0
567.0
568.0
568.0
568.0
568.0
567.0
565.0
568.0
564.0
307.0
551.0
550.0
551.0
551.0
550.0
551.0
551.0
290.0
291.0
288.0
589.0
590.0
590.0
590.0
590.0
590.0
590.0
590.0
584.0
328.0
549.0
549.0
550.0
569.0
569.0
569.0
569.0
288.0
288.0
288.0
573.0
574.0
573.0
573.0
574.0
574.0
557.0
558.0
551.0
292.0
559.0
559.0
559.0
559.0
559.0
559.0
559.0
293.0
293.0
293.0
574.0
574.0
574.0
573.0
575.0
573.0
573.0
573.0
567.0
314.0
547.0
590.0
588.0
589.0
591.0
589.0
589.0
287.0
287.0
287.0
589.0
589.0
590.0
589.0
547.0
546.0
549.0
548.0
541.0
287.0
566.0
564.0
568.0
565.0
568.0
570.0
570.0
290.0
289.0
290.0
568.0
568.0
568.0
551.0
551.0
550.0
550.0
548.0
542.0
288.0
565.0
567.0
567.0
566.0
566.0
566.0
566.0
288.0
288.0
305.0
565.0
564.0
547.0
547.0
548.0
548.0
548.0
547.0
541.0
287.0
588.0
588.0
589.0
587.0
586.0
587.0
586.0
327.0
328.0
328.0
546.0
546.0
545.0
546.0
546.0
546.0
547.0
548.0
541.0
287.0
565.0
565.0
565.0
565.0
565.0
565.0
566.0
304.0
304.0
304.0
548.0
547.0
547.0
548.0
548.0
548.0
547.0
548.0
541.0
288.0
566.0
566.0
565.0
566.0
565.0
565.0
565.0
306.0
306.0
305.0
546.0
546.0
546.0
547.0
547.0
549.0
547.0
547.0
542.0
287.0
589.0
588.0
588.0
587.0
588.0
586.0
587.0
327.0
327.0
327.0
547.0
547.0
547.0
547.0
547.0
547.0
547.0
547.0
560.0
288.0
565.0
566.0
566.0
565.0
565.0
566.0
565.0
307.0
306.0
286.0
548.0
549.0
548.0
547.0
547.0
548.0
548.0
549.0
542.0
288.0
566.0
566.0
566.0
566.0
566.0
566.0
566.0
306.0
306.0
306.0
546.0
547.0
547.0
547.0
546.0
547.0
586.0
586.0
580.0
287.0
586.0
588.0
587.0
588.0
587.0
588.0
588.0
287.0
287.0
288.0
548.0
565.0
564.0
567.0
566.0
567.0
567.0
566.0
558.0
287.0
588.0
596.0
577.0
577.0
576.0
581.0
576.0
308.0
307.0
304.0
7.0
8.0
8.0
7.0
8.0
8.0
8.0
4.0
1.0
1.0
8.0
8.0
8.0
7.0
1.0
1.0
0.0
1.0
1.0
1.0
7.0
8.0
8.0
8.0
8.0
8.0
8.0
4.0
1.0
1.0
7.0
8.0
8.0
8.0
1.0
1.0
1.0
1.0
1.0
1.0
7.0
7.0
8.0
7.0
8.0
7.0
8.0
4.0
1.0
1.0
8.0
8.0
7.0
7.0
0.0
0.0
1.0
1.0
1.0
1.0
8.0
8.0
8.0
8.0
8.0
8.0
8.0
4.0
1.0
1.0
7.0
7.0
7.0
8.0
1.0
1.0
1.0
1.0
1.0
1.0
555.0
556.0
556.0
555.0
572.0
573.0
572.0
568.0
566.0
290.0
572.0
571.0
572.0
571.0
566.0
291.0
290.0
290.0
290.0
290.0
594.0
593.0
593.0
593.0
593.0
593.0
594.0
590.0
587.0
290.0
594.0
552.0
553.0
553.0
546.0
290.0
290.0
290.0
290.0
289.0
553.0
553.0
572.0
572.0
573.0
573.0
572.0
568.0
566.0
289.0
573.0
572.0
572.0
554.0
548.0
290.0
290.0
291.0
290.0
291.0
554.0
554.0
574.0
574.0
573.0
574.0
573.0
570.0
566.0
290.0
572.0
572.0
573.0
552.0
546.0
290.0
290.0
290.0
290.0
290.0
594.0
595.0
595.0
595.0
595.0
596.0
595.0
592.0
589.0
332.0
556.0
555.0
554.0
554.0
547.0
293.0
293.0
292.0
293.0
292.0
565.0
564.0
562.0
565.0
565.0
565.0
565.0
561.0
559.0
287.0
565.0
550.0
547.0
548.0
542.0
287.0
286.0
287.0
287.0
287.0
547.0
546.0
547.0
548.0
547.0
563.0
565.0
561.0
558.0
287.0
565.0
564.0
565.0
564.0
558.0
305.0
288.0
287.0
287.0
287.0
547.0
547.0
586.0
587.0
587.0
587.0
587.0
582.0
580.0
287.0
586.0
586.0
586.0
547.0
540.0
286.0
287.0
287.0
287.0
286.0
546.0
546.0
564.0
565.0
564.0
564.0
565.0
561.0
558.0
286.0
565.0
564.0
565.0
546.0
539.0
287.0
287.0
287.0
286.0
287.0
547.0
546.0
546.0
547.0
546.0
564.0
564.0
560.0
561.0
287.0
566.0
566.0
566.0
566.0
559.0
307.0
290.0
289.0
289.0
287.0
546.0
547.0
546.0
547.0
588.0
588.0
588.0
584.0
582.0
287.0
588.0
588.0
589.0
588.0
582.0
287.0
287.0
287.0
287.0
287.0
546.0
546.0
546.0
546.0
546.0
547.0
567.0
564.0
560.0
287.0
566.0
567.0
568.0
567.0
561.0
307.0
307.0
287.0
288.0
287.0
548.0
549.0
549.0
549.0
550.0
550.0
568.0
563.0
561.0
288.0
566.0
567.0
565.0
566.0
559.0
305.0
305.0
287.0
287.0
287.0
548.0
546.0
586.0
587.0
587.0
587.0
587.0
584.0
581.0
287.0
588.0
590.0
591.0
549.0
542.0
288.0
288.0
288.0
288.0
288.0
552.0
552.0
553.0
553.0
571.0
572.0
573.0
569.0
570.0
292.0
576.0
577.0
578.0
578.0
571.0
297.0
295.0
294.0
295.0
292.0
577.0
580.0
575.0
577.0
591.0
592.0
592.0
585.0
584.0
316.0
564.0
549.0
547.0
545.0
540.0
287.0
287.0
287.0
287.0
286.0
