8.0
8.0
5.0
4.0
4.0
5.0
7.0
7.0
7.0
7.0
19.0
126.0
74.0
74.0
73.0
74.0
74.0
73.0
126.0
127.0
127.0
73.0
73.0
73.0
73.0
5246.0
5423.0
4690.0
5790.0
20.0
73.0
72.0
69.0
72.0
122.0
59.0
73.0
73.0
74.0
87.0
100.0
99.0
100.0
99.0
6313.0
5259.0
5905.0
5250.0
5263.0
11.0
68.0
76.0
68.0
67.0
68.0
67.0
68.0
67.0
67.0
67.0
67.0
67.0
67.0
67.0
5111.0
5078.0
5145.0
5110.0
11.0
70.0
70.0
68.0
67.0
118.0
118.0
68.0
67.0
67.0
67.0
68.0
67.0
67.0
67.0
5033.0
5075.0
5088.0
5068.0
5118.0
11.0
67.0
67.0
67.0
66.0
67.0
67.0
67.0
67.0
67.0
67.0
67.0
68.0
68.0
67.0
5035.0
5083.0
5034.0
5014.0
10.0
68.0
99.0
98.0
100.0
68.0
67.0
67.0
68.0
68.0
68.0
67.0
67.0
67.0
68.0
4970.0
5006.0
4995.0
5056.0
5047.0
11.0
68.0
67.0
67.0
67.0
68.0
68.0
68.0
68.0
67.0
67.0
67.0
67.0
67.0
67.0
6561.0
5076.0
5065.0
5046.0
11.0
67.0
115.0
118.0
117.0
70.0
65.0
70.0
69.0
69.0
64.0
70.0
70.0
70.0
66.0
5007.0
4987.0
6543.0
4897.0
4888.0
11.0
68.0
67.0
86.0
68.0
68.0
68.0
67.0
68.0
68.0
68.0
67.0
67.0
67.0
66.0
5071.0
5063.0
5103.0
5124.0
11.0
68.0
68.0
68.0
68.0
68.0
68.0
69.0
68.0
67.0
98.0
97.0
138.0
67.0
66.0
4957.0
5003.0
4949.0
4919.0
4826.0
18.0
18.0
19.0
11.0
11.0
12.0
18.0
18.0
6.0
4.0
71.0
126.0
72.0
72.0
71.0
126.0
127.0
123.0
6.0
5.0
126.0
126.0
72.0
72.0
72.0
72.0
61.0
72.0
7.0
6.0
72.0
125.0
126.0
126.0
126.0
72.0
71.0
72.0
3.0
3.0
58.0
72.0
71.0
72.0
72.0
72.0
58.0
96.0
6.0
5.0
125.0
94.0
125.0
72.0
72.0
73.0
73.0
73.0
4.0
3.0
58.0
71.0
72.0
72.0
72.0
73.0
73.0
86.0
3.0
4.0
80.0
112.0
110.0
72.0
72.0
73.0
73.0
73.0
4.0
4.0
73.0
74.0
71.0
72.0
73.0
73.0
73.0
73.0
4.0
4.0
72.0
73.0
72.0
59.0
58.0
71.0
72.0
72.0
4.0
4.0
73.0
72.0
72.0
59.0
73.0
59.0
72.0
72.0
4.0
3.0
73.0
90.0
59.0
73.0
73.0
74.0
73.0
101.0
4.0
3.0
74.0
72.0
59.0
86.0
87.0
86.0
86.0
87.0
5.0
4.0
86.0
92.0
86.0
75.0
87.0
73.0
72.0
72.0
4.0
3.0
72.0
73.0
72.0
62.0
62.0
62.0
73.0
72.0
4.0
4.0
5077.0
5088.0
5152.0
5043.0
5059.0
5026.0
5073.0
5041.0
2744.0
5096.0
5019.0
5117.0
5127.0
5050.0
5054.0
5070.0
5114.0
5050.0
2758.0
5055.0
5057.0
5049.0
5053.0
5082.0
5132.0
5147.0
5017.0
2757.0
5138.0
5130.0
5073.0
5061.0
5106.0
5076.0
5063.0
5001.0
2747.0
5084.0
5147.0
5075.0
5178.0
5173.0
5180.0
5038.0
4926.0
2694.0
11.0
10.0
10.0
10.0
10.0
11.0
10.0
11.0
3.0
3.0
66.0
67.0
75.0
76.0
67.0
68.0
67.0
67.0
4.0
3.0
67.0
66.0
67.0
67.0
67.0
67.0
67.0
67.0
3.0
4.0
66.0
67.0
66.0
67.0
66.0
67.0
66.0
67.0
3.0
4.0
66.0
67.0
66.0
66.0
68.0
67.0
66.0
100.0
3.0
3.0
102.0
99.0
69.0
69.0
65.0
69.0
69.0
65.0
4.0
3.0
69.0
69.0
65.0
68.0
70.0
65.0
69.0
69.0
3.0
3.0
65.0
69.0
68.0
65.0
69.0
69.0
65.0
69.0
4.0
3.0
65.0
69.0
69.0
64.0
69.0
70.0
65.0
68.0
3.0
4.0
64.0
69.0
69.0
64.0
69.0
69.0
64.0
69.0
4.0
3.0
69.0
65.0
68.0
72.0
72.0
72.0
67.0
67.0
4.0
3.0
67.0
67.0
67.0
66.0
69.0
66.0
67.0
67.0
3.0
3.0
67.0
66.0
66.0
66.0
66.0
67.0
66.0
68.0
4.0
3.0
67.0
66.0
66.0
67.0
66.0
66.0
67.0
66.0
4.0
3.0
66.0
66.0
65.0
66.0
66.0
67.0
67.0
67.0
4.0
3.0
5103.0
5026.0
5072.0
5069.0
5058.0
5100.0
5098.0
5104.0
4969.0
2720.0
5080.0
5064.0
5108.0
5111.0
5117.0
5085.0
5129.0
5119.0
5069.0
2709.0
5085.0
5102.0
5099.0
5116.0
5068.0
5082.0
5110.0
5049.0
2883.0
5116.0
5057.0
5048.0
5053.0
5071.0
5074.0
5078.0
5080.0
4993.0
2760.0
5046.0
5083.0
5021.0
5075.0
5064.0
5069.0
5085.0
4981.0
2685.0
10.0
10.0
10.0
10.0
10.0
10.0
10.0
10.0
4.0
3.0
67.0
66.0
67.0
66.0
66.0
67.0
66.0
67.0
4.0
3.0
67.0
66.0
66.0
67.0
70.0
67.0
67.0
66.0
4.0
3.0
67.0
66.0
66.0
67.0
67.0
66.0
104.0
67.0
3.0
4.0
67.0
66.0
67.0
66.0
67.0
66.0
66.0
66.0
4.0
3.0
66.0
66.0
67.0
67.0
69.0
67.0
67.0
68.0
4.0
3.0
67.0
67.0
67.0
67.0
66.0
67.0
66.0
67.0
3.0
4.0
67.0
67.0
66.0
66.0
67.0
67.0
67.0
66.0
3.0
4.0
67.0
67.0
67.0
67.0
66.0
66.0
67.0
66.0
4.0
3.0
67.0
67.0
66.0
66.0
67.0
67.0
67.0
66.0
3.0
3.0
67.0
67.0
66.0
67.0
67.0
67.0
66.0
66.0
3.0
3.0
67.0
67.0
67.0
67.0
68.0
69.0
68.0
68.0
4.0
4.0
66.0
66.0
66.0
67.0
66.0
68.0
66.0
66.0
4.0
3.0
67.0
67.0
67.0
67.0
66.0
67.0
67.0
67.0
4.0
3.0
67.0
67.0
67.0
67.0
67.0
66.0
66.0
67.0
4.0
3.0
5098.0
5141.0
5135.0
5033.0
5140.0
5172.0
5094.0
5096.0
2767.0
5107.0
5032.0
5087.0
5092.0
5191.0
5046.0
5012.0
5047.0
4936.0
2732.0
5084.0
5052.0
5022.0
5086.0
5101.0
5114.0
5041.0
4972.0
2774.0
5078.0
5024.0
5021.0
5117.0
5064.0
5129.0
5127.0
5077.0
2712.0
5021.0
5092.0
5019.0
5051.0
5073.0
5022.0
5049.0
5009.0
2723.0
10.0
10.0
10.0
10.0
10.0
11.0
10.0
10.0
3.0
3.0
67.0
66.0
68.0
66.0
66.0
74.0
74.0
66.0
3.0
4.0
66.0
67.0
66.0
66.0
67.0
66.0
67.0
67.0
4.0
3.0
67.0
66.0
66.0
67.0
67.0
67.0
67.0
66.0
4.0
3.0
66.0
67.0
67.0
67.0
67.0
98.0
98.0
98.0
3.0
4.0
66.0
67.0
67.0
66.0
67.0
66.0
67.0
67.0
4.0
3.0
67.0
66.0
67.0
66.0
66.0
67.0
67.0
67.0
3.0
4.0
67.0
67.0
66.0
67.0
66.0
67.0
67.0
67.0
4.0
3.0
66.0
67.0
67.0
67.0
67.0
66.0
67.0
67.0
4.0
3.0
66.0
67.0
66.0
67.0
67.0
67.0
67.0
66.0
3.0
4.0
72.0
72.0
72.0
67.0
66.0
66.0
66.0
67.0
4.0
3.0
66.0
67.0
67.0
67.0
66.0
67.0
67.0
66.0
3.0
4.0
66.0
67.0
65.0
67.0
66.0
66.0
67.0
66.0
3.0
4.0
66.0
66.0
67.0
67.0
67.0
66.0
66.0
66.0
3.0
4.0
67.0
67.0
66.0
67.0
66.0
66.0
67.0
67.0
3.0
3.0
5062.0
5056.0
5098.0
5126.0
5119.0
5019.0
5035.0
5100.0
4921.0
2732.0
5091.0
5068.0
5093.0
5104.0
5103.0
5067.0
5050.0
5040.0
2734.0
5115.0
5056.0
5057.0
5125.0
5124.0
5105.0
5073.0
4984.0
2780.0
5048.0
5021.0
5077.0
4983.0
4980.0
5094.0
5153.0
5039.0
2698.0
4989.0
5029.0
5201.0
5119.0
5172.0
5087.0
5078.0
5109.0
2768.0
11.0
11.0
10.0
10.0
11.0
10.0
10.0
11.0
3.0
4.0
66.0
67.0
67.0
67.0
67.0
67.0
67.0
66.0
3.0
3.0
67.0
67.0
66.0
68.0
67.0
67.0
67.0
66.0
3.0
4.0
67.0
66.0
67.0
67.0
68.0
67.0
69.0
69.0
3.0
3.0
68.0
66.0
67.0
67.0
67.0
67.0
67.0
68.0
3.0
3.0
67.0
67.0
67.0
67.0
66.0
67.0
67.0
68.0
3.0
3.0
67.0
105.0
105.0
68.0
66.0
68.0
66.0
67.0
3.0
4.0
66.0
66.0
66.0
66.0
67.0
66.0
66.0
67.0
4.0
3.0
68.0
68.0
72.0
86.0
68.0
71.0
69.0
71.0
4.0
3.0
69.0
71.0
68.0
70.0
68.0
71.0
93.0
94.0
4.0
3.0
67.0
71.0
71.0
67.0
70.0
71.0
67.0
66.0
4.0
3.0
69.0
67.0
66.0
67.0
68.0
68.0
67.0
67.0
3.0
3.0
68.0
67.0
67.0
67.0
67.0
67.0
67.0
67.0
4.0
3.0
68.0
68.0
67.0
67.0
69.0
69.0
67.0
67.0
4.0
3.0
69.0
69.0
67.0
66.0
68.0
69.0
69.0
67.0
3.0
3.0
5087.0
5093.0
5085.0
5032.0
4963.0
5056.0
5039.0
4973.0
2716.0
5058.0
4972.0
4974.0
5161.0
5141.0
5138.0
5181.0
5193.0
4837.0
2703.0
4951.0
5238.0
4990.0
4991.0
5247.0
5228.0
5238.0
5062.0
2694.0
5098.0
5075.0
5070.0
5088.0
5074.0
5059.0
5057.0
4983.0
2753.0
5016.0
5047.0
5063.0
5018.0
5023.0
5052.0
5078.0
4991.0
2720.0
10.0
10.0
10.0
16.0
10.0
11.0
10.0
10.0
3.0
4.0
66.0
67.0
66.0
66.0
67.0
67.0
66.0
67.0
3.0
3.0
67.0
67.0
67.0
66.0
66.0
67.0
67.0
66.0
3.0
4.0
67.0
66.0
67.0
67.0
68.0
67.0
68.0
66.0
3.0
3.0
67.0
67.0
66.0
66.0
66.0
67.0
67.0
67.0
3.0
3.0
66.0
66.0
67.0
67.0
67.0
67.0
67.0
67.0
3.0
4.0
66.0
66.0
66.0
66.0
66.0
100.0
100.0
100.0
3.0
4.0
66.0
66.0
66.0
67.0
67.0
67.0
67.0
66.0
3.0
4.0
66.0
67.0
67.0
66.0
67.0
67.0
66.0
66.0
4.0
3.0
67.0
67.0
67.0
67.0
66.0
67.0
67.0
66.0
4.0
3.0
66.0
67.0
65.0
67.0
66.0
66.0
67.0
67.0
3.0
4.0
66.0
66.0
67.0
67.0
66.0
67.0
66.0
67.0
4.0
3.0
67.0
94.0
94.0
93.0
94.0
67.0
66.0
67.0
4.0
3.0
66.0
67.0
66.0
67.0
66.0
67.0
67.0
66.0
3.0
3.0
67.0
67.0
66.0
68.0
67.0
67.0
67.0
67.0
3.0
3.0
5114.0
5107.0
5171.0
5133.0
5107.0
5110.0
5045.0
4982.0
2751.0
5132.0
5072.0
5150.0
5090.0
5110.0
5165.0
5075.0
5095.0
5017.0
2758.0
5009.0
5060.0
5078.0
5166.0
5139.0
5124.0
5130.0
4999.0
2729.0
5084.0
5041.0
5016.0
5038.0
5072.0
5117.0
5123.0
5044.0
2751.0
5067.0
5072.0
5127.0
5039.0
5061.0
5071.0
5074.0
5016.0
2744.0
10.0
10.0
10.0
10.0
10.0
10.0
10.0
10.0
4.0
3.0
67.0
67.0
66.0
72.0
67.0
67.0
66.0
66.0
3.0
3.0
67.0
70.0
68.0
67.0
66.0
66.0
67.0
67.0
3.0
4.0
66.0
67.0
66.0
67.0
66.0
67.0
66.0
67.0
3.0
4.0
66.0
67.0
66.0
66.0
66.0
66.0
67.0
67.0
4.0
3.0
67.0
67.0
67.0
66.0
67.0
66.0
67.0
66.0
3.0
3.0
67.0
66.0
67.0
67.0
67.0
66.0
68.0
68.0
4.0
5.0
67.0
66.0
67.0
66.0
67.0
67.0
66.0
66.0
3.0
3.0
67.0
67.0
67.0
68.0
67.0
67.0
67.0
66.0
3.0
3.0
67.0
66.0
67.0
67.0
66.0
66.0
66.0
66.0
4.0
3.0
100.0
100.0
99.0
67.0
67.0
68.0
66.0
67.0
3.0
4.0
67.0
66.0
66.0
67.0
67.0
67.0
67.0
67.0
3.0
4.0
66.0
66.0
67.0
67.0
67.0
67.0
67.0
67.0
3.0
4.0
66.0
66.0
67.0
66.0
66.0
67.0
67.0
67.0
3.0
3.0
67.0
67.0
66.0
67.0
67.0
67.0
67.0
66.0
3.0
4.0
5108.0
5057.0
5161.0
5144.0
5058.0
5048.0
5073.0
4927.0
2722.0
5012.0
5041.0
5077.0
5090.0
5098.0
5092.0
5046.0
5042.0
4945.0
2719.0
5189.0
5101.0
5163.0
5156.0
5212.0
5206.0
5044.0
2777.0
5103.0
5030.0
5010.0
5032.0
4995.0
5074.0
5073.0
4985.0
2721.0
5031.0
5021.0
5077.0
5039.0
5029.0
5024.0
4946.0
2733.0
10.0
10.0
10.0
10.0
10.0
10.0
10.0
10.0
3.0
4.0
66.0
67.0
66.0
67.0
66.0
67.0
66.0
67.0
3.0
3.0
99.0
99.0
99.0
66.0
66.0
67.0
67.0
67.0
3.0
3.0
66.0
67.0
66.0
67.0
66.0
67.0
66.0
66.0
3.0
3.0
66.0
66.0
67.0
66.0
66.0
66.0
66.0
66.0
4.0
3.0
66.0
67.0
67.0
67.0
66.0
66.0
67.0
66.0
3.0
4.0
66.0
66.0
67.0
67.0
66.0
66.0
67.0
67.0
3.0
3.0
67.0
66.0
67.0
66.0
66.0
66.0
67.0
66.0
4.0
4.0
66.0
66.0
69.0
68.0
69.0
69.0
68.0
66.0
3.0
4.0
66.0
65.0
66.0
67.0
67.0
67.0
66.0
67.0
3.0
3.0
67.0
67.0
66.0
66.0
66.0
67.0
67.0
66.0
3.0
3.0
66.0
67.0
67.0
66.0
66.0
67.0
67.0
67.0
3.0
3.0
67.0
66.0
67.0
66.0
67.0
67.0
67.0
66.0
3.0
3.0
67.0
67.0
66.0
67.0
65.0
66.0
66.0
66.0
3.0
3.0
66.0
67.0
67.0
67.0
67.0
66.0
66.0
67.0
3.0
3.0
5162.0
5129.0
5040.0
5138.0
5092.0
5071.0
5067.0
5053.0
2854.0
2757.0
5076.0
5069.0
5096.0
5086.0
5113.0
5041.0
5031.0
5053.0
2717.0
2728.0
4989.0
5146.0
5280.0
5217.0
5301.0
5045.0
5270.0
2636.0
2800.0
5055.0
5102.0
5020.0
5084.0
5058.0
5067.0
5105.0
5087.0
2745.0
2733.0
5160.0
5051.0
5125.0
5111.0
5024.0
5043.0
5057.0
2724.0
2701.0
10.0
10.0
10.0
10.0
10.0
10.0
10.0
3.0
4.0
3.0
67.0
66.0
68.0
67.0
67.0
66.0
67.0
3.0
3.0
4.0
66.0
67.0
67.0
71.0
67.0
66.0
67.0
3.0
3.0
3.0
67.0
67.0
67.0
67.0
66.0
106.0
67.0
3.0
3.0
3.0
67.0
67.0
67.0
67.0
67.0
67.0
67.0
3.0
3.0
4.0
67.0
66.0
66.0
66.0
67.0
72.0
66.0
3.0
3.0
3.0
67.0
66.0
66.0
65.0
66.0
66.0
66.0
4.0
3.0
3.0
67.0
66.0
65.0
67.0
66.0
66.0
68.0
3.0
3.0
4.0
67.0
67.0
66.0
68.0
66.0
67.0
67.0
3.0
3.0
4.0
66.0
67.0
66.0
66.0
66.0
68.0
67.0
4.0
4.0
3.0
66.0
67.0
67.0
67.0
67.0
66.0
66.0
3.0
4.0
3.0
67.0
67.0
67.0
67.0
66.0
66.0
67.0
4.0
3.0
3.0
67.0
66.0
68.0
66.0
67.0
67.0
67.0
4.0
3.0
3.0
67.0
67.0
67.0
67.0
66.0
67.0
67.0
3.0
3.0
3.0
68.0
67.0
67.0
66.0
85.0
86.0
87.0
3.0
3.0
3.0
5122.0
5147.0
5055.0
5087.0
5106.0
5114.0
4982.0
2720.0
2716.0
5045.0
5052.0
5068.0
5066.0
5078.0
5079.0
4997.0
2747.0
2765.0
5126.0
5129.0
5016.0
5089.0
5083.0
5097.0
5021.0
2782.0
2743.0
5072.0
5144.0
5059.0
5107.0
5143.0
5022.0
4943.0
2730.0
2733.0
5030.0
5059.0
5034.0
5092.0
5082.0
5125.0
5081.0
2745.0
2715.0
10.0
10.0
10.0
10.0
10.0
3.0
4.0
3.0
3.0
3.0
67.0
66.0
106.0
66.0
66.0
3.0
4.0
3.0
3.0
4.0
66.0
66.0
66.0
67.0
66.0
3.0
4.0
3.0
3.0
3.0
67.0
66.0
66.0
66.0
67.0
3.0
3.0
3.0
3.0
3.0
66.0
67.0
66.0
67.0
67.0
3.0
3.0
3.0
4.0
3.0
69.0
69.0
68.0
67.0
66.0
4.0
3.0
3.0
4.0
3.0
67.0
67.0
67.0
67.0
67.0
3.0
3.0
4.0
3.0
4.0
66.0
66.0
66.0
66.0
67.0
4.0
3.0
3.0
3.0
3.0
67.0
67.0
67.0
67.0
67.0
3.0
3.0
3.0
4.0
3.0
66.0
66.0
67.0
67.0
67.0
3.0
3.0
4.0
3.0
3.0
67.0
66.0
67.0
66.0
67.0
3.0
4.0
3.0
3.0
4.0
67.0
68.0
67.0
68.0
66.0
3.0
3.0
3.0
4.0
4.0
67.0
66.0
68.0
66.0
67.0
3.0
3.0
4.0
3.0
3.0
66.0
67.0
66.0
68.0
69.0
4.0
3.0
3.0
3.0
4.0
67.0
67.0
66.0
66.0
66.0
3.0
3.0
3.0
3.0
3.0
5165.0
5063.0
5156.0
5075.0
5002.0
5013.0
5084.0
2803.0
2795.0
5096.0
5122.0
5050.0
5010.0
5030.0
5050.0
5026.0
4981.0
2717.0
2734.0
5057.0
5082.0
5085.0
5097.0
4958.0
4986.0
4996.0
2742.0
2754.0
5002.0
5120.0
5148.0
5028.0
5117.0
5105.0
5100.0
2736.0
2788.0
5110.0
5035.0
4914.0
4911.0
4851.0
4819.0
4629.0
2579.0
2580.0
