3.0
2.0
2.0
2.0
2.0
2.0
2.0
3.0
2.0
2.0
33.0
33.0
33.0
33.0
33.0
33.0
34.0
33.0
33.0
33.0
33.0
33.0
33.0
33.0
34.0
33.0
788.0
787.0
1679.0
1685.0
1692.0
1683.0
1686.0
1681.0
1681.0
1682.0
1689.0
1688.0
1678.0
1682.0
1688.0
1684.0
1688.0
1691.0
1689.0
1680.0
1690.0
1677.0
1687.0
1688.0
33.0
34.0
33.0
33.0
33.0
33.0
33.0
33.0
33.0
33.0
34.0
33.0
33.0
32.0
33.0
32.0
791.0
791.0
1687.0
1684.0
1684.0
1687.0
1678.0
1679.0
1692.0
1692.0
1670.0
1678.0
1679.0
1678.0
1676.0
1675.0
1682.0
1683.0
1677.0
1678.0
1689.0
1694.0
1690.0
1692.0
32.0
32.0
37.0
36.0
34.0
34.0
33.0
33.0
33.0
33.0
34.0
33.0
41.0
40.0
33.0
33.0
779.0
779.0
1674.0
1685.0
1687.0
1683.0
1693.0
1695.0
1681.0
1691.0
1687.0
1683.0
1690.0
1692.0
1689.0
1689.0
1677.0
1674.0
1678.0
1693.0
1688.0
1690.0
1673.0
1674.0
33.0
33.0
33.0
32.0
32.0
32.0
34.0
35.0
34.0
33.0
33.0
33.0
33.0
32.0
32.0
32.0
796.0
796.0
1690.0
1689.0
1690.0
1678.0
1676.0
1678.0
1679.0
1679.0
1704.0
1708.0
1702.0
1704.0
1702.0
1706.0
1708.0
1706.0
1725.0
1716.0
1681.0
1691.0
1678.0
1682.0
33.0
32.0
32.0
32.0
32.0
32.0
32.0
32.0
32.0
32.0
32.0
32.0
47.0
47.0
47.0
47.0
780.0
779.0
1672.0
1671.0
1675.0
1671.0
1675.0
1675.0
1683.0
1687.0
1688.0
1687.0
1679.0
1681.0
1679.0
1681.0
1635.0
1636.0
1598.0
1595.0
1564.0
1563.0
1428.0
1425.0
36.0
36.0
37.0
35.0
36.0
35.0
36.0
35.0
36.0
36.0
33.0
33.0
33.0
33.0
33.0
32.0
790.0
790.0
1685.0
1685.0
1685.0
1687.0
1688.0
1687.0
1684.0
1688.0
1682.0
1678.0
1679.0
1677.0
1681.0
1680.0
1687.0
1680.0
1682.0
1680.0
1707.0
1708.0
1713.0
1727.0
33.0
32.0
33.0
33.0
33.0
32.0
33.0
33.0
33.0
32.0
33.0
33.0
33.0
32.0
33.0
33.0
822.0
824.0
1723.0
1721.0
1719.0
1721.0
1681.0
1682.0
1686.0
1684.0
1671.0
1672.0
1674.0
1671.0
1674.0
1672.0
1683.0
1685.0
1686.0
1686.0
1678.0
1681.0
1694.0
1691.0
33.0
32.0
33.0
32.0
33.0
32.0
32.0
32.0
33.0
33.0
33.0
32.0
33.0
32.0
34.0
33.0
794.0
792.0
1673.0
1676.0
1679.0
1676.0
1681.0
1678.0
1684.0
1683.0
1670.0
1671.0
1676.0
1681.0
1692.0
1693.0
1697.0
1686.0
1677.0
1673.0
1677.0
1680.0
1692.0
1693.0
33.0
32.0
33.0
32.0
33.0
32.0
33.0
32.0
33.0
32.0
33.0
32.0
34.0
33.0
34.0
33.0
784.0
783.0
1681.0
1697.0
1694.0
1692.0
1691.0
1685.0
1694.0
1688.0
1671.0
1681.0
1694.0
1697.0
1677.0
1680.0
1660.0
1680.0
1703.0
1684.0
1691.0
1688.0
1673.0
1675.0
33.0
32.0
33.0
32.0
33.0
32.0
33.0
32.0
32.0
32.0
33.0
32.0
32.0
33.0
33.0
33.0
797.0
795.0
1689.0
1687.0
1685.0
1684.0
1672.0
1670.0
1674.0
1684.0
1693.0
1693.0
1708.0
1703.0
1722.0
1709.0
1721.0
1727.0
1712.0
1710.0
1705.0
1710.0
1695.0
1696.0
33.0
32.0
33.0
32.0
33.0
32.0
32.0
32.0
38.0
37.0
33.0
33.0
32.0
32.0
33.0
32.0
789.0
787.0
1672.0
1674.0
1674.0
1673.0
1679.0
1686.0
1697.0
1697.0
1676.0
1674.0
1676.0
1688.0
1688.0
1685.0
1679.0
1677.0
1669.0
1674.0
1682.0
1679.0
1678.0
1676.0
33.0
32.0
33.0
32.0
32.0
33.0
33.0
32.0
33.0
32.0
32.0
32.0
33.0
32.0
33.0
32.0
796.0
797.0
1676.0
1677.0
1685.0
1682.0
1678.0
1682.0
1672.0
1675.0
1675.0
1673.0
1695.0
1708.0
1688.0
1687.0
1681.0
1682.0
1682.0
1696.0
1701.0
1692.0
1681.0
1680.0
33.0
32.0
32.0
32.0
32.0
32.0
33.0
32.0
33.0
32.0
33.0
32.0
33.0
32.0
32.0
32.0
799.0
801.0
1689.0
1694.0
1682.0
1681.0
1673.0
1669.0
1673.0
1678.0
1693.0
1693.0
1675.0
1677.0
1676.0
1680.0
1696.0
1701.0
1679.0
1696.0
1671.0
1668.0
1680.0
1682.0
33.0
27.0
32.0
26.0
32.0
26.0
33.0
27.0
36.0
30.0
34.0
28.0
33.0
26.0
33.0
26.0
789.0
783.0
1667.0
1661.0
1670.0
1666.0
1674.0
1672.0
1684.0
1676.0
1700.0
1695.0
1710.0
1718.0
1714.0
1706.0
1710.0
1707.0
1705.0
1700.0
1681.0
1677.0
1682.0
1676.0
2.0
2.0
3.0
1.0
3.0
1.0
3.0
2.0
2.0
2.0
2.0
2.0
2.0
2.0
2.0
2.0
2.0
2.0
890.0
891.0
897.0
896.0
894.0
896.0
897.0
895.0
888.0
889.0
883.0
885.0
883.0
885.0
898.0
896.0
895.0
905.0
895.0
895.0
901.0
898.0
32.0
32.0
32.0
33.0
33.0
32.0
32.0
33.0
33.0
32.0
41.0
42.0
33.0
32.0
33.0
32.0
782.0
782.0
1685.0
1686.0
1684.0
1725.0
1684.0
1685.0
1684.0
1705.0
1695.0
1699.0
1681.0
1679.0
1685.0
1690.0
1693.0
1689.0
1682.0
1682.0
1674.0
1675.0
1684.0
1684.0
40.0
33.0
33.0
32.0
32.0
33.0
33.0
32.0
32.0
33.0
33.0
33.0
32.0
32.0
32.0
32.0
780.0
786.0
1674.0
1674.0
1674.0
1675.0
1675.0
1682.0
1689.0
1683.0
1670.0
1673.0
1690.0
1685.0
1682.0
1683.0
1674.0
1681.0
1671.0
1670.0
1688.0
1688.0
1673.0
1671.0
32.0
32.0
32.0
32.0
32.0
32.0
32.0
32.0
32.0
33.0
32.0
32.0
32.0
32.0
32.0
32.0
794.0
794.0
1681.0
1679.0
1684.0
1683.0
1670.0
1669.0
1669.0
1671.0
1678.0
1676.0
1679.0
1683.0
1667.0
1669.0
1689.0
1694.0
1713.0
1716.0
1707.0
1705.0
1697.0
1748.0
33.0
32.0
32.0
32.0
32.0
33.0
32.0
32.0
32.0
32.0
32.0
32.0
32.0
32.0
34.0
36.0
816.0
812.0
1693.0
1688.0
1672.0
1675.0
1672.0
1676.0
1682.0
1682.0
1689.0
1763.0
1670.0
1673.0
1676.0
1677.0
1686.0
1687.0
1681.0
1679.0
1673.0
1744.0
1689.0
1688.0
32.0
32.0
32.0
32.0
32.0
32.0
40.0
40.0
32.0
32.0
33.0
33.0
33.0
32.0
32.0
32.0
779.0
781.0
1673.0
1677.0
1674.0
1676.0
1691.0
1698.0
1690.0
1689.0
1668.0
1667.0
1694.0
1690.0
1693.0
1688.0
1678.0
1674.0
1663.0
1680.0
1692.0
1687.0
1669.0
1673.0
32.0
32.0
33.0
32.0
32.0
32.0
32.0
32.0
32.0
33.0
33.0
32.0
32.0
33.0
33.0
32.0
794.0
794.0
1679.0
1691.0
1682.0
1699.0
1677.0
1677.0
1682.0
1679.0
1684.0
1684.0
1689.0
1672.0
1670.0
1674.0
1679.0
1680.0
1687.0
1682.0
1680.0
1684.0
1675.0
1673.0
32.0
32.0
32.0
32.0
33.0
32.0
32.0
32.0
32.0
32.0
32.0
32.0
32.0
32.0
32.0
32.0
799.0
796.0
1681.0
1678.0
1678.0
1679.0
1673.0
1673.0
1676.0
1673.0
1686.0
1686.0
1692.0
1704.0
1695.0
1703.0
1713.0
1716.0
1715.0
1713.0
1700.0
1725.0
1695.0
1696.0
37.0
38.0
34.0
33.0
32.0
32.0
32.0
32.0
33.0
33.0
33.0
33.0
41.0
41.0
32.0
32.0
785.0
787.0
1674.0
1674.0
1678.0
1676.0
1687.0
1688.0
1697.0
1689.0
1670.0
1676.0
1692.0
1691.0
1701.0
1692.0
1675.0
1678.0
1680.0
1678.0
1693.0
1700.0
1675.0
1680.0
27.0
27.0
26.0
26.0
26.0
27.0
26.0
26.0
26.0
26.0
27.0
27.0
26.0
26.0
27.0
27.0
780.0
782.0
1675.0
1680.0
1675.0
1685.0
1668.0
1680.0
1667.0
1665.0
1665.0
1671.0
1672.0
1674.0
1673.0
1663.0
1670.0
1666.0
1677.0
1671.0
1681.0
1680.0
1674.0
1668.0
2.0
2.0
2.0
1.0
2.0
2.0
2.0
2.0
1.0
2.0
2.0
2.0
1.0
2.0
2.0
2.0
1.0
2.0
900.0
898.0
897.0
899.0
893.0
893.0
888.0
886.0
885.0
888.0
891.0
893.0
898.0
898.0
896.0
894.0
886.0
886.0
886.0
887.0
880.0
883.0
32.0
32.0
33.0
31.0
32.0
32.0
33.0
32.0
32.0
32.0
32.0
32.0
32.0
32.0
33.0
32.0
793.0
793.0
1680.0
1677.0
1684.0
1688.0
1684.0
1688.0
1680.0
1679.0
1673.0
1685.0
1695.0
1683.0
1672.0
1669.0
1669.0
1674.0
1674.0
1672.0
1692.0
1676.0
1700.0
1700.0
33.0
32.0
32.0
32.0
33.0
32.0
32.0
32.0
33.0
31.0
32.0
32.0
32.0
32.0
33.0
32.0
816.0
821.0
1718.0
1716.0
1720.0
1722.0
1719.0
1715.0
1685.0
1686.0
1694.0
1693.0
1680.0
1676.0
1672.0
1676.0
1678.0
1678.0
1687.0
1689.0
1676.0
1676.0
1682.0
1679.0
32.0
32.0
32.0
32.0
33.0
32.0
32.0
32.0
32.0
32.0
32.0
32.0
40.0
43.0
35.0
35.0
791.0
788.0
1686.0
1690.0
1678.0
1676.0
1680.0
1685.0
1694.0
1695.0
1687.0
1685.0
1676.0
1676.0
1676.0
1679.0
1683.0
1683.0
1676.0
1675.0
1675.0
1676.0
1688.0
1681.0
43.0
43.0
33.0
32.0
32.0
32.0
32.0
32.0
32.0
32.0
32.0
32.0
32.0
32.0
32.0
32.0
788.0
787.0
1675.0
1674.0
1683.0
1681.0
1696.0
1692.0
1685.0
1688.0
1680.0
1679.0
1697.0
1701.0
1691.0
1693.0
1683.0
1701.0
1684.0
1689.0
1706.0
1704.0
1686.0
1691.0
33.0
32.0
32.0
32.0
32.0
32.0
32.0
32.0
32.0
33.0
32.0
32.0
33.0
32.0
33.0
33.0
806.0
805.0
1690.0
1697.0
1687.0
1698.0
1676.0
1674.0
1671.0
1672.0
1692.0
1693.0
1679.0
1677.0
1667.0
1677.0
1688.0
1695.0
1693.0
1698.0
1682.0
1688.0
1689.0
1697.0
32.0
32.0
32.0
32.0
32.0
32.0
32.0
32.0
32.0
32.0
32.0
32.0
33.0
32.0
35.0
41.0
803.0
797.0
1691.0
1692.0
1679.0
1680.0
1690.0
1683.0
1687.0
1689.0
1686.0
1692.0
1675.0
1675.0
1675.0
1676.0
1683.0
1682.0
1678.0
1686.0
1679.0
1679.0
1690.0
1688.0
32.0
32.0
32.0
40.0
40.0
32.0
33.0
32.0
32.0
32.0
32.0
32.0
33.0
32.0
32.0
32.0
780.0
780.0
1672.0
1675.0
1675.0
1676.0
1681.0
1683.0
1684.0
1684.0
1671.0
1671.0
1686.0
1685.0
1685.0
1685.0
1676.0
1672.0
1673.0
1675.0
1688.0
1688.0
1678.0
1676.0
32.0
32.0
32.0
32.0
32.0
32.0
32.0
32.0
33.0
32.0
32.0
33.0
33.0
33.0
32.0
32.0
800.0
796.0
1696.0
1692.0
1692.0
1691.0
1671.0
1673.0
1676.0
1669.0
1688.0
1683.0
1671.0
1674.0
1674.0
1671.0
1676.0
1682.0
1678.0
1673.0
1670.0
1667.0
1684.0
1671.0
26.0
10.0
26.0
10.0
27.0
10.0
27.0
10.0
26.0
10.0
26.0
10.0
26.0
10.0
27.0
10.0
786.0
770.0
1669.0
1660.0
1670.0
1655.0
1663.0
1649.0
1668.0
1657.0
1681.0
1663.0
1689.0
1674.0
1707.0
1694.0
1724.0
1706.0
1715.0
1700.0
1720.0
1763.0
1710.0
1685.0
2.0
1.0
2.0
2.0
1.0
1.0
2.0
1.0
2.0
1.0
2.0
2.0
2.0
2.0
2.0
2.0
2.0
2.0
889.0
889.0
885.0
886.0
885.0
888.0
900.0
902.0
900.0
944.0
897.0
898.0
899.0
896.0
882.0
885.0
889.0
885.0
891.0
937.0
894.0
896.0
32.0
32.0
33.0
32.0
32.0
32.0
32.0
32.0
32.0
32.0
33.0
32.0
34.0
35.0
36.0
37.0
791.0
790.0
1686.0
1683.0
1682.0
1682.0
1673.0
1736.0
1670.0
1675.0
1680.0
1687.0
1682.0
1681.0
1688.0
1677.0
1694.0
1697.0
1701.0
1723.0
1693.0
1693.0
1702.0
1695.0
33.0
32.0
37.0
37.0
33.0
32.0
32.0
33.0
34.0
33.0
34.0
34.0
44.0
43.0
34.0
33.0
784.0
783.0
1673.0
1677.0
1676.0
1692.0
1676.0
1681.0
1683.0
1688.0
1670.0
1672.0
1672.0
1675.0
1676.0
1685.0
1681.0
1694.0
1671.0
1673.0
1676.0
1679.0
1677.0
1675.0
40.0
32.0
32.0
32.0
32.0
32.0
32.0
32.0
32.0
32.0
32.0
32.0
32.0
32.0
32.0
32.0
784.0
789.0
1673.0
1684.0
1680.0
1673.0
1679.0
1680.0
1681.0
1682.0
1665.0
1681.0
1690.0
1690.0
1680.0
1682.0
1674.0
1672.0
1676.0
1676.0
1693.0
1705.0
1699.0
1704.0
32.0
32.0
32.0
32.0
32.0
32.0
32.0
32.0
32.0
32.0
32.0
32.0
32.0
32.0
32.0
31.0
818.0
819.0
1714.0
1711.0
1711.0
1717.0
1681.0
1673.0
1673.0
1676.0
1687.0
1684.0
1671.0
1678.0
1680.0
1680.0
1686.0
1695.0
1697.0
1700.0
1692.0
1686.0
1691.0
1692.0
32.0
32.0
32.0
32.0
32.0
32.0
32.0
32.0
32.0
32.0
32.0
32.0
35.0
36.0
33.0
32.0
797.0
798.0
1667.0
1668.0
1671.0
1674.0
1675.0
1687.0
1672.0
1682.0
1675.0
1674.0
1674.0
1676.0
1679.0
1690.0
1694.0
1688.0
1683.0
1673.0
1685.0
1675.0
1690.0
1682.0
46.0
32.0
32.0
32.0
32.0
32.0
33.0
32.0
32.0
32.0
32.0
32.0
32.0
32.0
32.0
32.0
790.0
792.0
1678.0
1676.0
1674.0
1684.0
1685.0
1683.0
1685.0
1685.0
1671.0
1674.0
1692.0
1691.0
1679.0
1682.0
1673.0
1673.0
1673.0
1675.0
1679.0
1683.0
1677.0
1675.0
32.0
32.0
32.0
32.0
32.0
32.0
32.0
32.0
31.0
32.0
33.0
32.0
32.0
32.0
32.0
31.0
793.0
793.0
1680.0
1685.0
1687.0
1687.0
1663.0
1670.0
1672.0
1673.0
1679.0
1676.0
1670.0
1671.0
1669.0
1675.0
1685.0
1699.0
1710.0
1706.0
1708.0
1700.0
1706.0
1703.0
32.0
32.0
32.0
32.0
32.0
32.0
32.0
32.0
32.0
32.0
33.0
32.0
31.0
32.0
32.0
39.0
816.0
804.0
1685.0
1676.0
1673.0
1673.0
1685.0
1681.0
1679.0
1679.0
1679.0
1678.0
1682.0
1690.0
1685.0
1688.0
1687.0
1694.0
1688.0
1689.0
1709.0
1681.0
1692.0
1694.0
27.0
1.0
26.0
2.0
26.0
2.0
26.0
2.0
34.0
1.0
34.0
2.0
26.0
2.0
27.0
2.0
773.0
1.0
1676.0
897.0
1681.0
903.0
1659.0
902.0
1683.0
895.0
1672.0
886.0
1666.0
894.0
1664.0
895.0
1683.0
899.0
1690.0
893.0
1669.0
883.0
1673.0
901.0
2.0
2.0
2.0
1.0
2.0
2.0
1.0
2.0
2.0
2.0
1.0
2.0
2.0
1.0
2.0
2.0
2.0
1.0
901.0
900.0
897.0
894.0
880.0
882.0
884.0
889.0
893.0
886.0
898.0
904.0
898.0
902.0
900.0
895.0
892.0
892.0
894.0
891.0
880.0
885.0
32.0
32.0
32.0
32.0
32.0
32.0
32.0
32.0
32.0
32.0
32.0
32.0
32.0
32.0
32.0
31.0
792.0
792.0
1673.0
1670.0
1674.0
1677.0
1691.0
1684.0
1681.0
1684.0
1671.0
1669.0
1688.0
1687.0
1680.0
1682.0
1676.0
1674.0
1673.0
1671.0
1678.0
1679.0
1674.0
1675.0
32.0
32.0
32.0
32.0
32.0
32.0
32.0
32.0
32.0
32.0
32.0
32.0
32.0
32.0
32.0
32.0
792.0
794.0
1692.0
1685.0
1690.0
1690.0
1686.0
1683.0
1700.0
1705.0
1717.0
1725.0
1707.0
1707.0
1706.0
1707.0
1705.0
1707.0
1678.0
1692.0
1677.0
1672.0
1680.0
1676.0
32.0
32.0
32.0
32.0
32.0
32.0
32.0
32.0
32.0
32.0
32.0
32.0
32.0
32.0
32.0
32.0
793.0
795.0
1692.0
1681.0
1673.0
1680.0
1676.0
1681.0
1685.0
1690.0
1685.0
1683.0
1674.0
1670.0
1677.0
1681.0
1686.0
1680.0
1680.0
1672.0
1672.0
1670.0
1687.0
1684.0
32.0
32.0
32.0
40.0
40.0
32.0
33.0
32.0
32.0
32.0
32.0
32.0
32.0
31.0
32.0
32.0
779.0
778.0
1670.0
1673.0
1672.0
1675.0
1689.0
1689.0
1690.0
1678.0
1672.0
1675.0
1687.0
1690.0
1692.0
1692.0
1677.0
1678.0
1683.0
1676.0
1682.0
1680.0
1665.0
1669.0
32.0
32.0
32.0
33.0
32.0
31.0
32.0
31.0
32.0
31.0
32.0
31.0
32.0
32.0
32.0
32.0
791.0
791.0
1691.0
1686.0
1692.0
1690.0
1691.0
1687.0
1678.0
1674.0
1677.0
1679.0
1675.0
1673.0
1674.0
1677.0
1681.0
1681.0
1688.0
1690.0
1699.0
1692.0
1690.0
1688.0
32.0
23.0
32.0
22.0
33.0
23.0
32.0
22.0
33.0
23.0
32.0
22.0
33.0
23.0
33.0
23.0
799.0
790.0
1720.0
1715.0
1716.0
1708.0
1724.0
1724.0
1732.0
1714.0
1724.0
1721.0
1703.0
1693.0
1699.0
1684.0
1699.0
1690.0
1702.0
1693.0
1690.0
1679.0
1704.0
1698.0
32.0
22.0
33.0
23.0
32.0
22.0
33.0
23.0
32.0
22.0
41.0
31.0
32.0
22.0
33.0
23.0
788.0
779.0
1693.0
1683.0
1696.0
1686.0
1712.0
1703.0
1713.0
1701.0
1694.0
1685.0
1704.0
1694.0
1712.0
1696.0
1685.0
1673.0
1680.0
1674.0
1677.0
1665.0
1667.0
1657.0
32.0
22.0
32.0
22.0
32.0
22.0
33.0
23.0
32.0
22.0
32.0
22.0
32.0
22.0
32.0
22.0
785.0
776.0
1677.0
1669.0
1682.0
1671.0
1683.0
1677.0
1686.0
1679.0
1681.0
1669.0
1683.0
1673.0
1682.0
1672.0
1674.0
1664.0
1679.0
1676.0
1683.0
1671.0
1675.0
1686.0
26.0
2.0
26.0
2.0
26.0
2.0
26.0
1.0
27.0
2.0
26.0
1.0
27.0
2.0
27.0
1.0
788.0
1.0
1677.0
893.0
1692.0
896.0
1691.0
885.0
1674.0
899.0
1675.0
903.0
1683.0
901.0
1668.0
894.0
1666.0
886.0
1671.0
894.0
1676.0
898.0
1682.0
892.0
2.0
2.0
1.0
2.0
2.0
2.0
1.0
2.0
2.0
1.0
2.0
2.0
1.0
2.0
2.0
1.0
1.0
2.0
893.0
879.0
886.0
889.0
899.0
897.0
898.0
897.0
900.0
893.0
894.0
897.0
902.0
896.0
891.0
889.0
867.0
867.0
859.0
830.0
788.0
783.0
