2.0
1.0
1.0
1.0
1.0
1.0
2.0
1.0
1.0
1.0
4.0
4.0
3.0
3.0
3.0
615.0
615.0
615.0
615.0
615.0
614.0
614.0
615.0
615.0
615.0
633.0
633.0
633.0
632.0
633.0
3.0
3.0
3.0
3.0
3.0
634.0
633.0
632.0
633.0
632.0
623.0
623.0
624.0
624.0
623.0
624.0
624.0
623.0
625.0
625.0
3.0
3.0
3.0
3.0
3.0
635.0
633.0
632.0
632.0
632.0
632.0
632.0
633.0
633.0
634.0
613.0
614.0
614.0
614.0
613.0
3.0
3.0
3.0
3.0
3.0
614.0
614.0
615.0
614.0
614.0
624.0
622.0
623.0
623.0
624.0
624.0
623.0
625.0
625.0
623.0
3.0
3.0
3.0
2.0
3.0
659.0
661.0
659.0
661.0
659.0
659.0
661.0
658.0
663.0
664.0
627.0
627.0
627.0
627.0
626.0
3.0
4.0
4.0
4.0
3.0
628.0
626.0
628.0
626.0
625.0
636.0
637.0
635.0
636.0
637.0
636.0
635.0
636.0
635.0
637.0
3.0
3.0
3.0
3.0
3.0
615.0
616.0
616.0
616.0
616.0
615.0
616.0
616.0
616.0
617.0
624.0
626.0
625.0
625.0
625.0
3.0
3.0
3.0
3.0
3.0
625.0
625.0
626.0
625.0
625.0
633.0
633.0
633.0
635.0
634.0
634.0
634.0
633.0
634.0
633.0
3.0
3.0
3.0
4.0
3.0
625.0
625.0
624.0
624.0
624.0
626.0
624.0
625.0
624.0
627.0
633.0
634.0
634.0
632.0
632.0
3.0
3.0
3.0
3.0
3.0
634.0
633.0
634.0
634.0
633.0
619.0
621.0
620.0
620.0
620.0
618.0
619.0
618.0
620.0
619.0
4.0
4.0
3.0
3.0
3.0
649.0
649.0
648.0
649.0
648.0
650.0
649.0
648.0
658.0
649.0
614.0
614.0
615.0
614.0
614.0
3.0
3.0
3.0
3.0
3.0
615.0
615.0
615.0
614.0
617.0
623.0
624.0
625.0
625.0
625.0
623.0
625.0
623.0
626.0
624.0
3.0
3.0
3.0
3.0
3.0
634.0
634.0
634.0
636.0
634.0
635.0
636.0
635.0
636.0
634.0
638.0
635.0
638.0
635.0
639.0
3.0
3.0
3.0
3.0
3.0
632.0
632.0
637.0
641.0
635.0
636.0
635.0
637.0
637.0
636.0
636.0
637.0
637.0
638.0
641.0
3.0
3.0
3.0
3.0
4.0
614.0
613.0
614.0
614.0
614.0
613.0
614.0
616.0
613.0
618.0
625.0
623.0
624.0
624.0
624.0
3.0
3.0
3.0
3.0
3.0
624.0
625.0
624.0
624.0
632.0
640.0
639.0
638.0
637.0
638.0
638.0
638.0
640.0
640.0
646.0
3.0
3.0
3.0
3.0
3.0
625.0
624.0
625.0
624.0
624.0
624.0
625.0
624.0
626.0
626.0
635.0
635.0
635.0
635.0
635.0
3.0
3.0
4.0
3.0
3.0
636.0
635.0
635.0
638.0
635.0
618.0
619.0
617.0
618.0
617.0
618.0
618.0
618.0
619.0
619.0
1.0
1.0
1.0
1.0
1.0
623.0
622.0
622.0
622.0
622.0
623.0
623.0
623.0
625.0
622.0
633.0
633.0
632.0
633.0
633.0
1.0
1.0
1.0
1.0
1.0
357.0
357.0
356.0
358.0
358.0
336.0
336.0
336.0
337.0
336.0
337.0
337.0
337.0
338.0
337.0
3.0
3.0
3.0
3.0
3.0
623.0
623.0
623.0
625.0
624.0
623.0
623.0
624.0
625.0
624.0
636.0
635.0
636.0
637.0
635.0
3.0
3.0
3.0
3.0
3.0
634.0
634.0
634.0
635.0
634.0
614.0
614.0
614.0
614.0
613.0
624.0
624.0
623.0
626.0
621.0
3.0
3.0
2.0
3.0
2.0
626.0
627.0
627.0
628.0
627.0
635.0
635.0
636.0
636.0
636.0
634.0
635.0
633.0
635.0
633.0
3.0
3.0
3.0
3.0
3.0
614.0
613.0
613.0
613.0
614.0
624.0
624.0
623.0
624.0
624.0
624.0
624.0
624.0
624.0
623.0
3.0
3.0
3.0
3.0
3.0
634.0
633.0
635.0
634.0
634.0
635.0
635.0
635.0
635.0
635.0
615.0
615.0
615.0
615.0
615.0
3.0
3.0
3.0
3.0
3.0
615.0
614.0
615.0
615.0
615.0
625.0
626.0
624.0
624.0
627.0
646.0
645.0
650.0
650.0
651.0
2.0
3.0
3.0
3.0
3.0
638.0
638.0
638.0
638.0
637.0
616.0
615.0
615.0
615.0
615.0
616.0
617.0
618.0
617.0
617.0
3.0
3.0
3.0
2.0
2.0
625.0
625.0
625.0
625.0
626.0
644.0
643.0
643.0
643.0
643.0
633.0
634.0
635.0
633.0
633.0
1.0
1.0
1.0
1.0
1.0
612.0
619.0
613.0
614.0
612.0
613.0
611.0
611.0
612.0
612.0
622.0
622.0
621.0
621.0
622.0
1.0
1.0
1.0
1.0
1.0
345.0
345.0
345.0
345.0
345.0
336.0
336.0
336.0
336.0
336.0
336.0
336.0
337.0
336.0
336.0
2.0
3.0
3.0
2.0
3.0
671.0
669.0
674.0
670.0
670.0
671.0
668.0
669.0
669.0
670.0
622.0
621.0
622.0
622.0
621.0
3.0
3.0
2.0
3.0
3.0
622.0
622.0
622.0
622.0
623.0
635.0
636.0
635.0
635.0
636.0
635.0
635.0
635.0
636.0
635.0
3.0
2.0
2.0
3.0
3.0
615.0
615.0
614.0
615.0
615.0
615.0
615.0
615.0
614.0
616.0
624.0
624.0
625.0
624.0
624.0
2.0
3.0
3.0
2.0
2.0
624.0
624.0
625.0
625.0
624.0
636.0
636.0
636.0
636.0
637.0
636.0
637.0
636.0
637.0
637.0
3.0
3.0
3.0
3.0
2.0
624.0
625.0
624.0
624.0
625.0
625.0
624.0
624.0
624.0
626.0
634.0
634.0
634.0
635.0
635.0
3.0
3.0
2.0
3.0
3.0
634.0
635.0
635.0
634.0
634.0
614.0
614.0
615.0
614.0
614.0
615.0
614.0
615.0
615.0
614.0
1.0
1.0
1.0
1.0
1.0
624.0
624.0
624.0
623.0
623.0
623.0
623.0
623.0
623.0
623.0
633.0
633.0
632.0
633.0
633.0
1.0
1.0
1.0
1.0
1.0
633.0
632.0
634.0
633.0
633.0
621.0
621.0
622.0
622.0
621.0
622.0
621.0
622.0
622.0
622.0
1.0
1.0
1.0
1.0
1.0
631.0
630.0
630.0
630.0
631.0
630.0
631.0
630.0
631.0
631.0
613.0
612.0
613.0
611.0
612.0
1.0
1.0
1.0
1.0
1.0
336.0
336.0
336.0
337.0
336.0
336.0
336.0
337.0
336.0
336.0
345.0
345.0
345.0
345.0
345.0
3.0
3.0
2.0
3.0
3.0
623.0
623.0
623.0
623.0
623.0
633.0
632.0
632.0
634.0
634.0
633.0
633.0
634.0
633.0
634.0
3.0
3.0
3.0
2.0
3.0
613.0
613.0
613.0
614.0
614.0
623.0
625.0
623.0
623.0
623.0
624.0
624.0
624.0
626.0
623.0
3.0
3.0
3.0
3.0
3.0
635.0
643.0
634.0
634.0
634.0
637.0
635.0
636.0
637.0
636.0
618.0
619.0
618.0
618.0
623.0
3.0
2.0
3.0
3.0
3.0
626.0
629.0
627.0
626.0
627.0
630.0
630.0
631.0
630.0
641.0
639.0
639.0
640.0
640.0
639.0
3.0
3.0
3.0
3.0
3.0
636.0
636.0
636.0
636.0
638.0
617.0
618.0
617.0
617.0
617.0
627.0
626.0
626.0
626.0
629.0
3.0
2.0
3.0
3.0
3.0
626.0
627.0
626.0
627.0
625.0
635.0
634.0
634.0
636.0
635.0
633.0
632.0
633.0
633.0
631.0
1.0
1.0
1.0
1.0
1.0
625.0
624.0
623.0
625.0
634.0
645.0
648.0
648.0
648.0
647.0
638.0
639.0
638.0
637.0
662.0
1.0
1.0
1.0
1.0
1.0
634.0
633.0
634.0
633.0
633.0
631.0
631.0
631.0
631.0
656.0
612.0
612.0
612.0
612.0
612.0
1.0
0.0
1.0
1.0
1.0
623.0
623.0
623.0
623.0
654.0
627.0
626.0
626.0
626.0
627.0
631.0
631.0
631.0
631.0
659.0
1.0
1.0
1.0
1.0
1.0
355.0
355.0
355.0
355.0
355.0
336.0
336.0
337.0
337.0
335.0
337.0
337.0
337.0
336.0
352.0
3.0
3.0
3.0
2.0
3.0
623.0
623.0
623.0
623.0
622.0
625.0
626.0
626.0
626.0
652.0
615.0
614.0
614.0
615.0
615.0
3.0
2.0
2.0
3.0
2.0
634.0
634.0
633.0
633.0
659.0
632.0
632.0
632.0
632.0
633.0
613.0
614.0
615.0
614.0
642.0
3.0
3.0
3.0
3.0
2.0
629.0
630.0
628.0
630.0
629.0
630.0
630.0
630.0
631.0
629.0
634.0
634.0
633.0
633.0
634.0
3.0
2.0
2.0
2.0
3.0
634.0
635.0
635.0
634.0
635.0
615.0
615.0
615.0
615.0
615.0
615.0
614.0
615.0
615.0
625.0
3.0
2.0
2.0
3.0
3.0
625.0
624.0
625.0
625.0
625.0
625.0
625.0
626.0
625.0
633.0
632.0
632.0
633.0
632.0
631.0
3.0
2.0
2.0
3.0
3.0
632.0
633.0
631.0
632.0
614.0
623.0
623.0
623.0
622.0
623.0
624.0
623.0
622.0
622.0
623.0
1.0
1.0
1.0
1.0
1.0
630.0
630.0
631.0
630.0
630.0
630.0
631.0
631.0
630.0
630.0
613.0
612.0
612.0
612.0
612.0
1.0
1.0
1.0
1.0
1.0
613.0
613.0
613.0
613.0
622.0
622.0
621.0
622.0
622.0
622.0
622.0
622.0
621.0
622.0
630.0
0.0
1.0
1.0
1.0
1.0
630.0
630.0
630.0
631.0
630.0
630.0
631.0
632.0
631.0
613.0
622.0
623.0
621.0
622.0
622.0
1.0
1.0
1.0
1.0
1.0
337.0
336.0
336.0
336.0
346.0
346.0
347.0
347.0
347.0
336.0
336.0
337.0
336.0
337.0
337.0
3.0
3.0
3.0
3.0
3.0
633.0
633.0
634.0
633.0
635.0
635.0
634.0
633.0
634.0
633.0
616.0
615.0
616.0
615.0
625.0
3.0
3.0
3.0
2.0
3.0
624.0
624.0
625.0
625.0
625.0
625.0
624.0
626.0
626.0
633.0
632.0
632.0
632.0
632.0
632.0
3.0
3.0
2.0
3.0
3.0
633.0
632.0
632.0
632.0
614.0
614.0
614.0
614.0
615.0
613.0
626.0
626.0
626.0
626.0
646.0
3.0
3.0
3.0
3.0
3.0
648.0
648.0
648.0
649.0
650.0
665.0
666.0
668.0
666.0
646.0
643.0
641.0
643.0
643.0
642.0
3.0
3.0
3.0
3.0
3.0
615.0
614.0
615.0
614.0
623.0
624.0
624.0
624.0
624.0
624.0
624.0
624.0
625.0
625.0
633.0
3.0
3.0
3.0
3.0
3.0
632.0
633.0
632.0
633.0
633.0
632.0
633.0
632.0
633.0
614.0
614.0
614.0
614.0
613.0
614.0
3.0
3.0
3.0
3.0
3.0
625.0
626.0
624.0
624.0
624.0
624.0
624.0
624.0
625.0
625.0
635.0
635.0
634.0
635.0
634.0
3.0
3.0
3.0
3.0
2.0
635.0
635.0
635.0
634.0
635.0
614.0
614.0
613.0
614.0
624.0
623.0
624.0
624.0
624.0
625.0
1.0
1.0
1.0
1.0
1.0
623.0
625.0
623.0
623.0
631.0
632.0
631.0
631.0
630.0
630.0
631.0
631.0
632.0
632.0
613.0
1.0
1.0
1.0
1.0
1.0
337.0
336.0
337.0
336.0
337.0
336.0
335.0
336.0
336.0
336.0
336.0
336.0
336.0
336.0
347.0
3.0
2.0
3.0
2.0
3.0
625.0
624.0
625.0
625.0
625.0
626.0
626.0
625.0
626.0
634.0
634.0
634.0
633.0
634.0
633.0
3.0
3.0
3.0
3.0
3.0
633.0
633.0
632.0
632.0
616.0
623.0
624.0
624.0
623.0
624.0
625.0
625.0
625.0
625.0
634.0
3.0
2.0
3.0
3.0
3.0
634.0
637.0
634.0
634.0
634.0
633.0
634.0
634.0
634.0
647.0
622.0
619.0
619.0
620.0
620.0
3.0
2.0
2.0
3.0
3.0
620.0
621.0
620.0
620.0
635.0
628.0
628.0
628.0
627.0
629.0
628.0
627.0
628.0
628.0
637.0
2.0
3.0
3.0
3.0
3.0
633.0
633.0
633.0
633.0
633.0
633.0
633.0
634.0
633.0
617.0
625.0
624.0
625.0
625.0
625.0
3.0
2.0
3.0
3.0
3.0
626.0
626.0
625.0
625.0
623.0
634.0
633.0
634.0
634.0
634.0
633.0
633.0
634.0
633.0
632.0
1.0
1.0
1.0
1.0
1.0
613.0
612.0
612.0
613.0
613.0
612.0
613.0
614.0
612.0
612.0
622.0
623.0
623.0
622.0
621.0
1.0
1.0
1.0
1.0
1.0
623.0
623.0
622.0
623.0
642.0
630.0
630.0
630.0
630.0
630.0
630.0
630.0
631.0
630.0
612.0
1.0
1.0
1.0
1.0
1.0
611.0
613.0
612.0
612.0
612.0
621.0
621.0
620.0
621.0
622.0
622.0
622.0
622.0
623.0
621.0
1.0
1.0
0.0
1.0
1.0
337.0
336.0
336.0
337.0
337.0
355.0
356.0
355.0
354.0
355.0
357.0
357.0
358.0
359.0
357.0
3.0
3.0
3.0
2.0
3.0
633.0
638.0
632.0
631.0
635.0
630.0
635.0
631.0
631.0
631.0
625.0
626.0
624.0
624.0
624.0
3.0
3.0
3.0
2.0
3.0
623.0
624.0
623.0
623.0
623.0
633.0
633.0
632.0
632.0
634.0
633.0
634.0
633.0
633.0
633.0
3.0
2.0
3.0
2.0
3.0
614.0
614.0
615.0
615.0
624.0
623.0
623.0
623.0
624.0
623.0
642.0
642.0
641.0
642.0
632.0
3.0
2.0
3.0
3.0
3.0
633.0
633.0
632.0
632.0
632.0
614.0
614.0
614.0
614.0
615.0
615.0
615.0
615.0
615.0
615.0
3.0
3.0
3.0
3.0
3.0
624.0
624.0
624.0
624.0
623.0
623.0
624.0
622.0
623.0
623.0
632.0
632.0
632.0
632.0
634.0
3.0
3.0
3.0
3.0
3.0
633.0
634.0
633.0
633.0
633.0
614.0
615.0
613.0
614.0
625.0
625.0
624.0
624.0
624.0
624.0
1.0
1.0
1.0
1.0
0.0
640.0
645.0
645.0
645.0
634.0
636.0
634.0
634.0
634.0
634.0
615.0
613.0
613.0
614.0
614.0
1.0
1.0
1.0
0.0
1.0
614.0
615.0
614.0
613.0
614.0
622.0
623.0
622.0
621.0
623.0
622.0
622.0
622.0
621.0
622.0
1.0
1.0
1.0
1.0
1.0
631.0
631.0
632.0
631.0
643.0
633.0
635.0
633.0
635.0
634.0
616.0
616.0
617.0
616.0
625.0
0.0
1.0
1.0
1.0
1.0
339.0
337.0
337.0
337.0
339.0
345.0
346.0
346.0
345.0
344.0
346.0
346.0
346.0
346.0
335.0
3.0
2.0
2.0
3.0
3.0
633.0
633.0
633.0
632.0
632.0
633.0
632.0
632.0
632.0
634.0
615.0
613.0
615.0
614.0
615.0
3.0
3.0
3.0
3.0
3.0
614.0
614.0
615.0
613.0
622.0
622.0
622.0
622.0
622.0
622.0
623.0
622.0
623.0
623.0
632.0
3.0
3.0
3.0
3.0
3.0
632.0
633.0
632.0
632.0
632.0
632.0
632.0
632.0
632.0
614.0
625.0
624.0
624.0
624.0
625.0
3.0
3.0
3.0
2.0
2.0
625.0
625.0
624.0
624.0
625.0
634.0
634.0
634.0
635.0
633.0
634.0
634.0
634.0
634.0
635.0
1.0
1.0
1.0
1.0
1.0
611.0
613.0
613.0
612.0
612.0
612.0
613.0
612.0
612.0
621.0
622.0
622.0
622.0
622.0
622.0
1.0
0.0
1.0
1.0
1.0
622.0
622.0
622.0
622.0
631.0
632.0
630.0
631.0
632.0
631.0
631.0
631.0
631.0
631.0
613.0
1.0
0.0
1.0
1.0
1.0
638.0
633.0
635.0
635.0
633.0
635.0
639.0
640.0
636.0
635.0
634.0
634.0
634.0
635.0
636.0
1.0
1.0
1.0
1.0
1.0
633.0
634.0
633.0
633.0
632.0
612.0
611.0
612.0
612.0
612.0
611.0
612.0
613.0
612.0
622.0
1.0
1.0
1.0
1.0
1.0
346.0
345.0
346.0
346.0
346.0
346.0
347.0
346.0
347.0
337.0
337.0
337.0
336.0
336.0
337.0
0.0
0.0
1.0
1.0
1.0
336.0
336.0
337.0
335.0
354.0
355.0
354.0
355.0
355.0
354.0
355.0
355.0
355.0
355.0
337.0
3.0
3.0
3.0
3.0
3.0
615.0
614.0
614.0
614.0
614.0
614.0
615.0
615.0
614.0
625.0
626.0
626.0
627.0
626.0
626.0
3.0
2.0
3.0
3.0
3.0
625.0
626.0
627.0
626.0
645.0
635.0
635.0
636.0
635.0
636.0
636.0
636.0
635.0
636.0
623.0
3.0
2.0
3.0
3.0
3.0
623.0
623.0
622.0
624.0
622.0
622.0
622.0
623.0
623.0
637.0
638.0
638.0
638.0
638.0
639.0
3.0
3.0
3.0
3.0
3.0
638.0
638.0
637.0
637.0
636.0
615.0
617.0
617.0
616.0
616.0
616.0
615.0
616.0
616.0
626.0
1.0
1.0
1.0
1.0
1.0
624.0
624.0
624.0
624.0
624.0
624.0
624.0
625.0
625.0
635.0
631.0
631.0
631.0
632.0
631.0
1.0
1.0
1.0
0.0
1.0
631.0
630.0
630.0
631.0
613.0
622.0
623.0
623.0
623.0
623.0
622.0
623.0
623.0
622.0
623.0
1.0
1.0
1.0
1.0
1.0
632.0
632.0
631.0
631.0
631.0
632.0
631.0
632.0
632.0
631.0
612.0
612.0
612.0
612.0
612.0
1.0
1.0
1.0
1.0
1.0
612.0
611.0
612.0
612.0
624.0
623.0
624.0
623.0
623.0
623.0
623.0
624.0
623.0
624.0
631.0
1.0
1.0
1.0
1.0
1.0
356.0
355.0
356.0
355.0
354.0
355.0
355.0
355.0
355.0
336.0
336.0
337.0
336.0
336.0
336.0
1.0
1.0
1.0
1.0
1.0
336.0
336.0
336.0
336.0
336.0
336.0
336.0
335.0
336.0
336.0
329.0
329.0
329.0
329.0
289.0
