1.0
1.0
1.0
1.0
0.0
0.0
0.0
1.0
1.0
1.0
1.0
1.0
0.0
0.0
1.0
1.0
1.0
1.0
0.0
0.0
1.0
1.0
1.0
1.0
1.0
1.0
1.0
1.0
1.0
1.0
83.0
83.0
84.0
84.0
83.0
84.0
84.0
83.0
84.0
83.0
95.0
94.0
94.0
94.0
95.0
95.0
95.0
94.0
95.0
95.0
85.0
84.0
83.0
83.0
84.0
83.0
82.0
84.0
83.0
83.0
83.0
83.0
83.0
83.0
83.0
83.0
83.0
83.0
83.0
83.0
83.0
83.0
83.0
84.0
83.0
83.0
83.0
83.0
83.0
82.0
83.0
83.0
83.0
82.0
83.0
83.0
83.0
82.0
83.0
83.0
82.0
83.0
84.0
83.0
84.0
83.0
83.0
83.0
83.0
84.0
82.0
82.0
83.0
83.0
83.0
83.0
84.0
83.0
84.0
83.0
83.0
83.0
82.0
82.0
82.0
84.0
83.0
83.0
83.0
84.0
83.0
83.0
83.0
83.0
84.0
83.0
83.0
83.0
84.0
83.0
84.0
84.0
83.0
84.0
83.0
83.0
83.0
83.0
83.0
83.0
83.0
84.0
84.0
83.0
84.0
83.0
83.0
83.0
83.0
83.0
113.0
114.0
114.0
114.0
114.0
115.0
115.0
115.0
114.0
114.0
89.0
91.0
92.0
91.0
92.0
88.0
89.0
90.0
88.0
90.0
88.0
88.0
88.0
90.0
88.0
88.0
88.0
88.0
88.0
88.0
89.0
87.0
87.0
88.0
88.0
88.0
88.0
89.0
88.0
88.0
88.0
88.0
88.0
88.0
88.0
88.0
88.0
88.0
88.0
88.0
87.0
87.0
88.0
90.0
88.0
87.0
88.0
87.0
87.0
88.0
1.0
1.0
0.0
0.0
0.0
0.0
1.0
1.0
1.0
1.0
0.0
0.0
1.0
1.0
1.0
0.0
1.0
1.0
0.0
1.0
1.0
1.0
1.0
0.0
0.0
0.0
0.0
0.0
1.0
1.0
0.0
0.0
0.0
1.0
1.0
1.0
1.0
1.0
1.0
0.0
0.0
0.0
0.0
1.0
0.0
0.0
0.0
1.0
1.0
1.0
1.0
1.0
1.0
1.0
0.0
0.0
0.0
0.0
0.0
0.0
1.0
0.0
1.0
1.0
1.0
1.0
1.0
1.0
0.0
0.0
0.0
0.0
1.0
1.0
1.0
1.0
1.0
1.0
1.0
1.0
1.0
1.0
0.0
0.0
0.0
0.0
1.0
1.0
1.0
1.0
1.0
1.0
1.0
1.0
1.0
1.0
0.0
0.0
0.0
0.0
0.0
1.0
1.0
0.0
1.0
1.0
1.0
1.0
1.0
1.0
1.0
0.0
0.0
1.0
0.0
0.0
0.0
1.0
0.0
1.0
1.0
1.0
1.0
1.0
1.0
1.0
0.0
0.0
1.0
0.0
1.0
0.0
0.0
0.0
1.0
1.0
1.0
1.0
1.0
0.0
0.0
0.0
0.0
1.0
0.0
0.0
1.0
1.0
1.0
1.0
1.0
1.0
1.0
1.0
0.0
0.0
0.0
1.0
0.0
0.0
1.0
1.0
1.0
1.0
1.0
1.0
1.0
1.0
1.0
0.0
0.0
0.0
1.0
1.0
0.0
0.0
1.0
1.0
1.0
1.0
1.0
1.0
1.0
0.0
0.0
1.0
1.0
0.0
1.0
0.0
1.0
1.0
1.0
1.0
1.0
1.0
1.0
0.0
0.0
1.0
164.0
126.0
91.0
126.0
164.0
89.0
91.0
164.0
90.0
162.0
90.0
89.0
89.0
89.0
98.0
97.0
170.0
171.0
171.0
171.0
96.0
96.0
97.0
97.0
89.0
89.0
89.0
87.0
89.0
90.0
90.0
90.0
126.0
125.0
164.0
164.0
72.0
89.0
89.0
89.0
93.0
90.0
72.0
89.0
89.0
89.0
90.0
88.0
89.0
89.0
147.0
147.0
73.0
89.0
90.0
89.0
73.0
89.0
73.0
89.0
89.0
72.0
90.0
89.0
89.0
89.0
89.0
84.0
75.0
89.0
89.0
77.0
89.0
89.0
89.0
77.0
89.0
78.0
89.0
89.0
89.0
77.0
77.0
78.0
89.0
89.0
90.0
89.0
89.0
77.0
89.0
89.0
77.0
78.0
85.0
87.0
87.0
87.0
87.0
79.0
86.0
90.0
80.0
81.0
79.0
86.0
86.0
86.0
86.0
79.0
86.0
85.0
80.0
80.0
79.0
86.0
86.0
86.0
79.0
86.0
85.0
86.0
80.0
92.0
93.0
96.0
96.0
96.0
95.0
96.0
96.0
95.0
95.0
85.0
83.0
83.0
84.0
82.0
83.0
82.0
83.0
82.0
83.0
82.0
83.0
82.0
84.0
82.0
83.0
84.0
83.0
84.0
83.0
82.0
108.0
108.0
108.0
108.0
108.0
109.0
108.0
109.0
108.0
108.0
83.0
83.0
84.0
84.0
84.0
83.0
85.0
89.0
85.0
86.0
90.0
89.0
91.0
93.0
96.0
91.0
92.0
90.0
89.0
90.0
90.0
90.0
88.0
89.0
88.0
89.0
88.0
89.0
91.0
87.0
88.0
88.0
88.0
89.0
88.0
88.0
88.0
89.0
88.0
88.0
88.0
87.0
86.0
89.0
89.0
89.0
86.0
90.0
85.0
89.0
87.0
86.0
86.0
89.0
89.0
88.0
86.0
86.0
89.0
89.0
86.0
85.0
85.0
88.0
89.0
89.0
85.0
84.0
87.0
87.0
83.0
83.0
83.0
86.0
85.0
85.0
83.0
82.0
86.0
85.0
86.0
82.0
83.0
86.0
89.0
86.0
83.0
83.0
86.0
87.0
83.0
84.0
83.0
87.0
86.0
86.0
83.0
83.0
85.0
84.0
83.0
82.0
82.0
86.0
85.0
86.0
94.0
94.0
98.0
98.0
95.0
95.0
96.0
99.0
98.0
98.0
85.0
84.0
88.0
87.0
83.0
83.0
82.0
86.0
87.0
86.0
83.0
83.0
86.0
86.0
83.0
83.0
82.0
86.0
86.0
82.0
86.0
83.0
87.0
86.0
84.0
82.0
83.0
82.0
86.0
86.0
82.0
86.0
83.0
86.0
86.0
83.0
83.0
83.0
82.0
87.0
86.0
86.0
83.0
87.0
87.0
83.0
83.0
83.0
83.0
86.0
87.0
87.0
83.0
86.0
87.0
83.0
83.0
83.0
83.0
86.0
87.0
86.0
82.0
83.0
87.0
87.0
82.0
83.0
83.0
87.0
86.0
86.0
83.0
83.0
83.0
86.0
87.0
83.0
83.0
87.0
87.0
87.0
83.0
82.0
83.0
86.0
85.0
83.0
83.0
84.0
84.0
85.0
83.0
83.0
83.0
83.0
83.0
83.0
83.0
84.0
84.0
84.0
84.0
83.0
83.0
84.0
84.0
83.0
93.0
96.0
95.0
95.0
95.0
95.0
96.0
95.0
96.0
85.0
85.0
84.0
83.0
83.0
83.0
83.0
82.0
83.0
83.0
82.0
83.0
83.0
83.0
83.0
83.0
82.0
83.0
83.0
83.0
83.0
83.0
83.0
83.0
83.0
83.0
82.0
83.0
84.0
83.0
83.0
82.0
83.0
84.0
83.0
82.0
83.0
82.0
83.0
83.0
83.0
82.0
83.0
83.0
83.0
83.0
83.0
83.0
83.0
83.0
83.0
83.0
83.0
83.0
82.0
83.0
82.0
83.0
83.0
83.0
85.0
83.0
83.0
82.0
82.0
83.0
83.0
83.0
83.0
83.0
83.0
82.0
83.0
83.0
83.0
83.0
83.0
83.0
83.0
83.0
82.0
83.0
83.0
83.0
83.0
83.0
83.0
83.0
83.0
83.0
83.0
82.0
83.0
83.0
83.0
83.0
83.0
82.0
82.0
83.0
83.0
83.0
83.0
83.0
83.0
83.0
82.0
83.0
83.0
83.0
97.0
82.0
118.0
118.0
117.0
118.0
118.0
119.0
118.0
119.0
118.0
109.0
84.0
84.0
85.0
84.0
83.0
83.0
83.0
83.0
84.0
83.0
83.0
84.0
83.0
84.0
83.0
83.0
83.0
83.0
84.0
83.0
83.0
83.0
83.0
84.0
83.0
83.0
82.0
82.0
85.0
83.0
83.0
83.0
83.0
83.0
83.0
83.0
83.0
83.0
83.0
84.0
83.0
83.0
83.0
84.0
83.0
83.0
83.0
82.0
83.0
83.0
82.0
82.0
83.0
83.0
84.0
84.0
83.0
82.0
82.0
83.0
83.0
83.0
83.0
83.0
83.0
83.0
83.0
83.0
82.0
83.0
83.0
83.0
83.0
83.0
83.0
83.0
83.0
83.0
83.0
83.0
83.0
83.0
84.0
83.0
83.0
83.0
82.0
83.0
84.0
84.0
82.0
83.0
82.0
83.0
84.0
83.0
83.0
83.0
83.0
83.0
83.0
83.0
82.0
83.0
83.0
83.0
82.0
82.0
83.0
83.0
94.0
94.0
95.0
95.0
95.0
95.0
96.0
95.0
95.0
95.0
84.0
84.0
84.0
83.0
83.0
84.0
84.0
84.0
83.0
83.0
84.0
84.0
84.0
83.0
83.0
83.0
83.0
83.0
83.0
84.0
83.0
82.0
83.0
83.0
83.0
85.0
82.0
83.0
83.0
83.0
83.0
83.0
83.0
82.0
83.0
84.0
83.0
82.0
83.0
83.0
83.0
83.0
83.0
83.0
83.0
83.0
83.0
83.0
83.0
83.0
82.0
83.0
83.0
83.0
88.0
82.0
83.0
82.0
83.0
83.0
83.0
83.0
83.0
83.0
84.0
84.0
83.0
84.0
84.0
83.0
83.0
83.0
83.0
83.0
83.0
83.0
83.0
83.0
84.0
83.0
83.0
83.0
83.0
84.0
83.0
83.0
83.0
82.0
83.0
83.0
83.0
83.0
83.0
83.0
86.0
83.0
82.0
82.0
83.0
83.0
82.0
83.0
83.0
83.0
83.0
82.0
83.0
83.0
83.0
83.0
94.0
94.0
95.0
95.0
95.0
95.0
96.0
95.0
95.0
96.0
84.0
85.0
84.0
83.0
83.0
83.0
84.0
84.0
83.0
82.0
84.0
83.0
84.0
83.0
83.0
83.0
82.0
82.0
83.0
83.0
83.0
83.0
83.0
83.0
83.0
83.0
83.0
83.0
83.0
83.0
83.0
83.0
83.0
83.0
83.0
83.0
84.0
84.0
83.0
83.0
83.0
84.0
84.0
83.0
83.0
83.0
82.0
83.0
83.0
83.0
83.0
82.0
82.0
83.0
84.0
83.0
83.0
82.0
83.0
83.0
83.0
83.0
83.0
83.0
83.0
84.0
82.0
83.0
83.0
83.0
84.0
83.0
83.0
83.0
83.0
83.0
82.0
83.0
83.0
83.0
83.0
83.0
83.0
83.0
83.0
83.0
83.0
82.0
83.0
83.0
82.0
82.0
83.0
84.0
84.0
83.0
83.0
83.0
83.0
83.0
82.0
82.0
83.0
83.0
83.0
110.0
110.0
110.0
112.0
111.0
113.0
113.0
110.0
111.0
110.0
87.0
83.0
84.0
85.0
83.0
84.0
84.0
83.0
83.0
83.0
83.0
83.0
83.0
83.0
84.0
83.0
83.0
83.0
83.0
83.0
82.0
84.0
83.0
83.0
87.0
83.0
84.0
82.0
83.0
84.0
82.0
83.0
84.0
83.0
84.0
83.0
83.0
83.0
83.0
83.0
83.0
83.0
84.0
83.0
84.0
84.0
82.0
83.0
83.0
83.0
82.0
84.0
83.0
83.0
83.0
83.0
83.0
83.0
85.0
84.0
82.0
82.0
83.0
83.0
83.0
83.0
83.0
83.0
83.0
82.0
82.0
83.0
83.0
83.0
83.0
83.0
82.0
83.0
83.0
84.0
83.0
83.0
83.0
84.0
84.0
83.0
83.0
83.0
83.0
83.0
83.0
82.0
83.0
83.0
83.0
82.0
83.0
83.0
83.0
83.0
83.0
83.0
83.0
85.0
83.0
83.0
83.0
83.0
83.0
83.0
83.0
83.0
93.0
95.0
95.0
95.0
96.0
96.0
96.0
98.0
96.0
96.0
85.0
83.0
83.0
84.0
84.0
84.0
83.0
84.0
85.0
83.0
83.0
83.0
83.0
83.0
83.0
83.0
83.0
84.0
83.0
83.0
83.0
83.0
83.0
84.0
84.0
84.0
83.0
83.0
83.0
83.0
83.0
83.0
83.0
83.0
84.0
83.0
83.0
84.0
83.0
83.0
83.0
83.0
83.0
84.0
83.0
84.0
84.0
83.0
83.0
83.0
83.0
82.0
84.0
84.0
83.0
83.0
83.0
83.0
83.0
83.0
83.0
82.0
83.0
83.0
83.0
83.0
83.0
83.0
84.0
83.0
84.0
83.0
86.0
84.0
84.0
84.0
84.0
83.0
84.0
84.0
83.0
83.0
83.0
83.0
83.0
83.0
83.0
83.0
83.0
82.0
83.0
83.0
83.0
83.0
83.0
83.0
83.0
83.0
83.0
83.0
84.0
83.0
83.0
84.0
84.0
84.0
83.0
83.0
93.0
93.0
93.0
95.0
94.0
95.0
95.0
95.0
94.0
94.0
85.0
85.0
85.0
83.0
83.0
84.0
84.0
83.0
83.0
84.0
83.0
84.0
83.0
83.0
83.0
83.0
84.0
83.0
83.0
83.0
83.0
83.0
84.0
83.0
83.0
84.0
84.0
84.0
83.0
83.0
83.0
84.0
83.0
83.0
83.0
83.0
84.0
83.0
83.0
83.0
83.0
83.0
84.0
83.0
83.0
83.0
83.0
84.0
83.0
83.0
83.0
83.0
83.0
83.0
84.0
85.0
84.0
84.0
84.0
84.0
84.0
84.0
84.0
84.0
83.0
83.0
84.0
83.0
83.0
84.0
83.0
83.0
83.0
83.0
83.0
84.0
83.0
84.0
83.0
83.0
83.0
84.0
84.0
83.0
83.0
83.0
83.0
83.0
83.0
83.0
83.0
83.0
83.0
83.0
83.0
84.0
83.0
84.0
83.0
83.0
83.0
84.0
83.0
113.0
113.0
112.0
114.0
113.0
114.0
113.0
113.0
112.0
112.0
83.0
84.0
83.0
83.0
85.0
83.0
83.0
84.0
83.0
84.0
84.0
84.0
83.0
83.0
83.0
84.0
83.0
84.0
83.0
83.0
83.0
84.0
83.0
83.0
83.0
84.0
83.0
84.0
83.0
83.0
84.0
84.0
83.0
82.0
83.0
84.0
84.0
84.0
83.0
83.0
85.0
83.0
83.0
83.0
82.0
84.0
83.0
84.0
83.0
83.0
83.0
84.0
82.0
83.0
83.0
83.0
86.0
83.0
83.0
83.0
83.0
83.0
82.0
83.0
83.0
83.0
84.0
82.0
83.0
83.0
84.0
84.0
83.0
82.0
83.0
83.0
83.0
83.0
83.0
83.0
83.0
83.0
82.0
83.0
84.0
83.0
83.0
83.0
83.0
82.0
84.0
83.0
84.0
83.0
83.0
83.0
83.0
83.0
83.0
83.0
83.0
83.0
82.0
83.0
83.0
83.0
83.0
83.0
84.0
83.0
95.0
96.0
95.0
95.0
95.0
96.0
95.0
96.0
96.0
95.0
84.0
83.0
83.0
83.0
83.0
83.0
83.0
82.0
82.0
83.0
83.0
86.0
83.0
83.0
83.0
84.0
83.0
83.0
83.0
83.0
83.0
83.0
83.0
82.0
83.0
83.0
83.0
83.0
83.0
83.0
83.0
83.0
83.0
83.0
83.0
83.0
82.0
82.0
83.0
83.0
83.0
83.0
84.0
84.0
84.0
84.0
83.0
84.0
83.0
84.0
83.0
84.0
83.0
83.0
83.0
82.0
83.0
83.0
83.0
83.0
83.0
82.0
83.0
83.0
83.0
83.0
83.0
83.0
83.0
83.0
83.0
84.0
83.0
83.0
83.0
83.0
83.0
83.0
83.0
83.0
83.0
83.0
83.0
83.0
83.0
83.0
83.0
83.0
82.0
83.0
83.0
83.0
83.0
83.0
83.0
83.0
83.0
83.0
83.0
83.0
83.0
83.0
83.0
83.0
83.0
83.0
83.0
83.0
83.0
83.0
94.0
95.0
95.0
95.0
95.0
95.0
95.0
95.0
95.0
95.0
83.0
83.0
83.0
83.0
84.0
83.0
83.0
84.0
84.0
82.0
83.0
84.0
83.0
83.0
83.0
83.0
83.0
83.0
83.0
82.0
84.0
82.0
82.0
83.0
83.0
83.0
83.0
83.0
83.0
84.0
83.0
83.0
83.0
82.0
83.0
83.0
83.0
82.0
83.0
83.0
83.0
83.0
83.0
82.0
83.0
83.0
82.0
83.0
83.0
83.0
83.0
83.0
83.0
83.0
83.0
83.0
83.0
83.0
83.0
83.0
84.0
83.0
82.0
84.0
83.0
83.0
83.0
82.0
82.0
83.0
82.0
83.0
83.0
83.0
83.0
83.0
83.0
83.0
83.0
83.0
83.0
83.0
83.0
83.0
83.0
84.0
83.0
83.0
84.0
83.0
83.0
84.0
84.0
83.0
83.0
83.0
84.0
83.0
83.0
83.0
83.0
83.0
82.0
82.0
112.0
113.0
112.0
113.0
113.0
114.0
113.0
113.0
114.0
112.0
83.0
84.0
84.0
84.0
83.0
83.0
84.0
84.0
83.0
82.0
83.0
84.0
84.0
83.0
83.0
83.0
83.0
84.0
83.0
82.0
83.0
84.0
84.0
84.0
83.0
83.0
83.0
83.0
83.0
83.0
82.0
83.0
85.0
83.0
83.0
83.0
83.0
82.0
82.0
83.0
82.0
83.0
82.0
83.0
83.0
83.0
83.0
83.0
83.0
83.0
83.0
84.0
83.0
83.0
83.0
85.0
83.0
83.0
82.0
84.0
83.0
82.0
83.0
82.0
83.0
84.0
83.0
82.0
83.0
84.0
83.0
83.0
83.0
84.0
83.0
84.0
83.0
82.0
83.0
83.0
83.0
83.0
83.0
83.0
83.0
84.0
83.0
83.0
82.0
84.0
82.0
83.0
83.0
83.0
83.0
84.0
83.0
83.0
83.0
82.0
84.0
82.0
83.0
83.0
83.0
83.0
83.0
83.0
83.0
83.0
83.0
94.0
94.0
94.0
94.0
94.0
94.0
94.0
94.0
95.0
94.0
84.0
84.0
83.0
84.0
83.0
83.0
85.0
85.0
85.0
83.0
85.0
84.0
83.0
83.0
83.0
82.0
83.0
83.0
83.0
83.0
83.0
83.0
83.0
83.0
83.0
82.0
83.0
83.0
83.0
83.0
82.0
84.0
83.0
83.0
83.0
83.0
82.0
82.0
83.0
83.0
83.0
83.0
82.0
83.0
83.0
83.0
82.0
83.0
83.0
82.0
83.0
83.0
83.0
83.0
83.0
83.0
83.0
83.0
83.0
83.0
83.0
83.0
83.0
83.0
83.0
83.0
84.0
84.0
83.0
84.0
83.0
83.0
83.0
83.0
83.0
83.0
83.0
83.0
83.0
83.0
83.0
83.0
83.0
83.0
86.0
83.0
82.0
82.0
82.0
83.0
82.0
83.0
82.0
82.0
81.0
76.0
77.0
76.0
