4.0
3.0
3.0
3.0
3.0
2.0
3.0
3.0
3.0
2.0
5.0
4.0
3.0
3.0
2.0
2.0
2.0
3.0
4.0
3.0
40.0
39.0
39.0
39.0
40.0
38.0
67.0
67.0
67.0
3.0
70.0
39.0
40.0
38.0
38.0
38.0
39.0
68.0
67.0
3.0
71.0
68.0
39.0
39.0
38.0
38.0
38.0
38.0
38.0
2.0
40.0
39.0
39.0
39.0
38.0
67.0
67.0
67.0
67.0
2.0
40.0
34.0
39.0
38.0
38.0
38.0
31.0
38.0
38.0
2.0
40.0
39.0
39.0
69.0
69.0
60.0
59.0
31.0
37.0
2.0
40.0
39.0
39.0
38.0
30.0
37.0
38.0
38.0
67.0
3.0
852.0
847.0
875.0
874.0
908.0
728.0
848.0
847.0
745.0
903.0
1535.0
1537.0
1777.0
1775.0
1784.0
1779.0
1780.0
1779.0
1535.0
1768.0
1551.0
1553.0
1552.0
1772.0
1767.0
1783.0
1773.0
1776.0
1775.0
1731.0
1598.0
1602.0
1610.0
1822.0
1819.0
1836.0
1861.0
1861.0
1862.0
1806.0
1553.0
1540.0
1568.0
1780.0
1764.0
1759.0
1758.0
1763.0
1785.0
1722.0
1672.0
1675.0
1676.0
1659.0
1674.0
1674.0
1683.0
1674.0
1677.0
1670.0
1714.0
1729.0
1730.0
1697.0
1725.0
1710.0
1731.0
1714.0
1709.0
1677.0
1664.0
1647.0
1673.0
1651.0
1663.0
1662.0
1643.0
1692.0
1665.0
1628.0
1664.0
1665.0
1720.0
1656.0
1669.0
1660.0
1672.0
1673.0
1671.0
1643.0
1698.0
1704.0
1695.0
1696.0
1712.0
1695.0
1710.0
1708.0
1710.0
1677.0
1658.0
1660.0
1660.0
1654.0
1658.0
1677.0
1678.0
1678.0
1698.0
1646.0
1648.0
1648.0
1664.0
1549.0
1539.0
1656.0
1657.0
1656.0
1657.0
1622.0
7.0
6.0
4.0
4.0
4.0
3.0
3.0
3.0
5.0
5.0
4.0
3.0
3.0
2.0
2.0
3.0
4.0
3.0
3.0
3.0
4.0
4.0
3.0
2.0
2.0
2.0
3.0
2.0
2.0
2.0
5.0
4.0
3.0
2.0
2.0
2.0
2.0
2.0
2.0
2.0
2.0
2.0
4.0
3.0
3.0
2.0
2.0
2.0
3.0
2.0
2.0
2.0
2.0
1.0
2.0
2.0
2.0
2.0
3.0
3.0
5.0
3.0
3.0
3.0
2.0
2.0
2.0
2.0
3.0
3.0
1.0
1.0
2.0
2.0
2.0
3.0
1.0
3.0
2.0
2.0
2.0
2.0
2.0
3.0
3.0
3.0
2.0
2.0
4.0
3.0
2.0
2.0
2.0
1.0
2.0
2.0
2.0
2.0
2.0
3.0
71.0
39.0
70.0
39.0
70.0
39.0
38.0
38.0
3.0
5.0
39.0
68.0
39.0
38.0
39.0
38.0
38.0
38.0
3.0
3.0
68.0
69.0
69.0
68.0
38.0
38.0
38.0
38.0
2.0
3.0
39.0
37.0
38.0
38.0
38.0
38.0
38.0
38.0
3.0
3.0
46.0
67.0
67.0
48.0
37.0
37.0
37.0
39.0
2.0
2.0
38.0
38.0
30.0
37.0
38.0
12.0
11.0
2.0
2.0
2.0
37.0
37.0
37.0
37.0
38.0
67.0
66.0
23.0
2.0
2.0
37.0
37.0
1.0
2.0
2.0
2.0
2.0
2.0
2.0
2.0
38.0
38.0
38.0
38.0
31.0
38.0
38.0
2.0
2.0
2.0
1.0
2.0
2.0
1.0
2.0
3.0
2.0
3.0
2.0
1.0
40.0
40.0
39.0
39.0
39.0
68.0
31.0
68.0
3.0
3.0
39.0
38.0
31.0
38.0
37.0
37.0
38.0
38.0
2.0
2.0
39.0
32.0
39.0
68.0
67.0
30.0
38.0
37.0
2.0
3.0
38.0
37.0
38.0
30.0
37.0
31.0
37.0
38.0
2.0
2.0
38.0
39.0
31.0
39.0
39.0
39.0
30.0
38.0
2.0
2.0
37.0
37.0
30.0
38.0
38.0
11.0
9.0
2.0
2.0
2.0
38.0
38.0
38.0
37.0
30.0
31.0
38.0
28.0
2.0
2.0
47.0
48.0
2.0
2.0
1.0
2.0
1.0
2.0
2.0
2.0
49.0
44.0
45.0
48.0
48.0
48.0
48.0
2.0
12.0
2.0
1.0
2.0
2.0
1.0
2.0
1.0
2.0
2.0
1.0
2.0
40.0
40.0
39.0
34.0
33.0
38.0
38.0
38.0
3.0
3.0
38.0
39.0
38.0
38.0
38.0
31.0
31.0
38.0
2.0
3.0
39.0
38.0
38.0
38.0
30.0
30.0
37.0
38.0
3.0
2.0
38.0
38.0
37.0
38.0
37.0
37.0
32.0
32.0
2.0
2.0
37.0
37.0
38.0
37.0
37.0
37.0
38.0
38.0
1.0
1.0
31.0
31.0
38.0
38.0
38.0
12.0
9.0
2.0
2.0
2.0
38.0
32.0
32.0
38.0
38.0
37.0
33.0
28.0
2.0
2.0
37.0
37.0
2.0
2.0
1.0
1.0
1.0
1.0
2.0
2.0
33.0
37.0
37.0
32.0
37.0
33.0
38.0
2.0
2.0
2.0
2.0
1.0
2.0
2.0
2.0
2.0
2.0
1.0
2.0
2.0
40.0
39.0
39.0
34.0
34.0
33.0
39.0
38.0
3.0
3.0
38.0
38.0
34.0
33.0
33.0
38.0
38.0
38.0
2.0
2.0
39.0
39.0
38.0
37.0
32.0
32.0
32.0
37.0
2.0
2.0
38.0
37.0
37.0
37.0
37.0
37.0
34.0
34.0
2.0
2.0
34.0
37.0
33.0
36.0
36.0
36.0
36.0
36.0
2.0
2.0
33.0
33.0
34.0
34.0
36.0
11.0
11.0
2.0
2.0
2.0
37.0
36.0
36.0
36.0
36.0
34.0
34.0
26.0
2.0
2.0
34.0
36.0
2.0
2.0
2.0
2.0
2.0
1.0
2.0
2.0
36.0
34.0
36.0
36.0
36.0
33.0
33.0
2.0
2.0
2.0
2.0
1.0
2.0
2.0
2.0
1.0
1.0
2.0
2.0
2.0
36.0
38.0
38.0
35.0
35.0
35.0
37.0
36.0
3.0
3.0
36.0
37.0
35.0
35.0
36.0
36.0
35.0
34.0
2.0
2.0
36.0
36.0
36.0
35.0
35.0
36.0
35.0
35.0
2.0
2.0
35.0
35.0
36.0
35.0
35.0
35.0
36.0
35.0
2.0
2.0
35.0
35.0
35.0
35.0
35.0
35.0
35.0
36.0
2.0
2.0
35.0
34.0
35.0
34.0
34.0
11.0
10.0
2.0
2.0
2.0
36.0
35.0
35.0
34.0
36.0
35.0
35.0
27.0
2.0
2.0
35.0
35.0
1.0
1.0
2.0
2.0
2.0
1.0
2.0
2.0
36.0
35.0
35.0
35.0
35.0
35.0
35.0
2.0
2.0
1.0
2.0
2.0
1.0
2.0
2.0
1.0
1.0
2.0
1.0
2.0
37.0
37.0
37.0
37.0
37.0
36.0
36.0
36.0
3.0
2.0
36.0
37.0
37.0
36.0
36.0
35.0
36.0
35.0
2.0
2.0
37.0
36.0
36.0
35.0
34.0
34.0
35.0
35.0
2.0
2.0
35.0
35.0
35.0
35.0
35.0
35.0
35.0
34.0
2.0
2.0
35.0
35.0
36.0
35.0
35.0
36.0
36.0
36.0
2.0
2.0
35.0
35.0
35.0
35.0
35.0
11.0
11.0
1.0
1.0
2.0
36.0
35.0
35.0
35.0
35.0
35.0
35.0
26.0
2.0
2.0
34.0
35.0
1.0
1.0
1.0
2.0
1.0
2.0
1.0
1.0
36.0
35.0
35.0
35.0
36.0
35.0
34.0
2.0
2.0
1.0
2.0
2.0
2.0
2.0
1.0
1.0
2.0
1.0
1.0
1.0
37.0
37.0
37.0
37.0
37.0
36.0
37.0
36.0
3.0
3.0
36.0
36.0
35.0
35.0
47.0
47.0
47.0
47.0
2.0
2.0
48.0
48.0
49.0
47.0
48.0
48.0
36.0
36.0
2.0
2.0
37.0
35.0
36.0
36.0
35.0
34.0
83.0
83.0
2.0
2.0
84.0
85.0
84.0
85.0
83.0
84.0
84.0
84.0
2.0
2.0
35.0
35.0
36.0
35.0
35.0
10.0
11.0
2.0
2.0
1.0
36.0
35.0
36.0
36.0
36.0
34.0
34.0
27.0
2.0
2.0
35.0
35.0
2.0
2.0
1.0
2.0
1.0
2.0
1.0
2.0
35.0
35.0
35.0
35.0
35.0
35.0
35.0
1.0
2.0
2.0
2.0
1.0
1.0
2.0
1.0
2.0
1.0
1.0
1.0
2.0
746.0
751.0
745.0
745.0
746.0
750.0
750.0
752.0
716.0
3.0
745.0
763.0
757.0
756.0
766.0
757.0
757.0
762.0
730.0
2.0
765.0
757.0
765.0
765.0
759.0
758.0
759.0
760.0
730.0
2.0
759.0
764.0
764.0
763.0
764.0
757.0
757.0
764.0
724.0
2.0
758.0
755.0
784.0
766.0
746.0
750.0
746.0
747.0
716.0
2.0
749.0
748.0
744.0
750.0
757.0
829.0
816.0
821.0
2.0
1.0
842.0
841.0
839.0
836.0
842.0
855.0
837.0
747.0
744.0
2.0
760.0
756.0
723.0
729.0
727.0
723.0
2.0
2.0
2.0
2.0
762.0
765.0
744.0
773.0
757.0
766.0
765.0
711.0
711.0
2.0
722.0
734.0
736.0
758.0
727.0
2.0
2.0
1.0
2.0
16.0
1650.0
1661.0
1648.0
1649.0
1660.0
1659.0
1659.0
1658.0
1625.0
904.0
1707.0
1702.0
1703.0
1705.0
1711.0
1723.0
1723.0
1740.0
1700.0
944.0
1657.0
1659.0
1656.0
1657.0
1656.0
1668.0
1673.0
1672.0
1638.0
899.0
1671.0
1656.0
1659.0
1663.0
1659.0
1659.0
1674.0
1674.0
1639.0
911.0
1746.0
1747.0
1716.0
1727.0
1704.0
1713.0
1723.0
1715.0
1683.0
984.0
1683.0
1681.0
1682.0
1650.0
1653.0
1636.0
1626.0
1618.0
918.0
915.0
1692.0
1658.0
1658.0
1658.0
1661.0
1659.0
1655.0
1650.0
1623.0
903.0
1709.0
1720.0
1721.0
1701.0
1699.0
1701.0
954.0
956.0
954.0
955.0
1675.0
1675.0
1679.0
1676.0
1673.0
1684.0
1689.0
1648.0
1661.0
937.0
1641.0
1609.0
1610.0
1610.0
1612.0
904.0
915.0
912.0
912.0
914.0
1718.0
1722.0
1724.0
1747.0
1747.0
1750.0
1702.0
1737.0
1699.0
972.0
1656.0
1648.0
1657.0
1660.0
1661.0
1662.0
1679.0
1666.0
1657.0
907.0
1692.0
1661.0
1667.0
1677.0
1679.0
1679.0
1695.0
1659.0
1608.0
906.0
1719.0
1708.0
1708.0
1708.0
1720.0
1719.0
1723.0
1722.0
1687.0
976.0
1641.0
1650.0
1662.0
1669.0
1669.0
1679.0
1682.0
1680.0
1646.0
915.0
1669.0
1662.0
1659.0
1645.0
1647.0
1621.0
1636.0
1626.0
911.0
975.0
1722.0
1726.0
1748.0
1704.0
1709.0
1707.0
1707.0
1701.0
1684.0
978.0
1666.0
1673.0
1638.0
1638.0
1655.0
1667.0
918.0
917.0
917.0
922.0
1670.0
1664.0
1719.0
1710.0
1714.0
1720.0
1715.0
1684.0
1566.0
879.0
1555.0
1555.0
1558.0
1737.0
1744.0
941.0
944.0
942.0
942.0
875.0
1801.0
1786.0
1810.0
1812.0
1648.0
1678.0
1652.0
1675.0
1686.0
942.0
1723.0
1740.0
1547.0
1739.0
1738.0
1733.0
1743.0
1553.0
2348.0
1457.0
1564.0
1741.0
1727.0
1549.0
1730.0
1724.0
1730.0
1783.0
1979.0
954.0
1649.0
1661.0
1777.0
1782.0
1780.0
1654.0
1782.0
1780.0
1685.0
870.0
1594.0
1593.0
1592.0
1735.0
1610.0
1733.0
1732.0
1729.0
1695.0
942.0
1734.0
1608.0
1608.0
1611.0
1645.0
1760.0
1777.0
1755.0
946.0
944.0
1804.0
1652.0
1667.0
1807.0
1809.0
1665.0
1596.0
1715.0
1705.0
943.0
1634.0
1606.0
1706.0
1721.0
1708.0
1598.0
965.0
890.0
958.0
936.0
1674.0
1650.0
1665.0
1667.0
1677.0
1674.0
1663.0
1646.0
1630.0
896.0
1720.0
1675.0
1670.0
1690.0
1686.0
987.0
958.0
971.0
960.0
982.0
1674.0
1675.0
1674.0
1657.0
1672.0
1674.0
1657.0
1657.0
1610.0
902.0
1646.0
1663.0
1673.0
1664.0
1679.0
1676.0
1675.0
1668.0
1635.0
902.0
1745.0
1718.0
1782.0
1757.0
1740.0
1739.0
1756.0
1758.0
1687.0
951.0
1665.0
1662.0
1662.0
1659.0
1658.0
1642.0
1661.0
1651.0
1627.0
909.0
1658.0
1639.0
1660.0
1660.0
1676.0
1659.0
1675.0
1678.0
1628.0
907.0
1752.0
1709.0
1746.0
1733.0
1713.0
1715.0
1674.0
1699.0
964.0
956.0
1656.0
1678.0
1657.0
1676.0
1722.0
1672.0
1675.0
1666.0
1650.0
910.0
1684.0
1677.0
1644.0
1646.0
1638.0
1642.0
909.0
907.0
904.0
948.0
1719.0
1703.0
1710.0
1723.0
1718.0
1709.0
1728.0
1674.0
1685.0
968.0
1625.0
1624.0
1622.0
1622.0
1640.0
909.0
902.0
902.0
911.0
909.0
1661.0
1677.0
1656.0
1674.0
1674.0
1674.0
1644.0
1644.0
1614.0
913.0
1735.0
1726.0
1722.0
1715.0
1712.0
1711.0
1712.0
1727.0
1693.0
956.0
1644.0
1662.0
1649.0
1671.0
1676.0
1669.0
1677.0
1678.0
1631.0
901.0
1663.0
1666.0
1685.0
1664.0
1645.0
1663.0
1661.0
1661.0
1628.0
925.0
1729.0
1714.0
1691.0
1723.0
1720.0
1742.0
1719.0
1734.0
1673.0
910.0
1738.0
1654.0
1653.0
1656.0
1670.0
1643.0
1653.0
1644.0
914.0
911.0
1689.0
1716.0
1689.0
1666.0
1671.0
1648.0
1648.0
1641.0
1640.0
956.0
1725.0
1721.0
1681.0
1690.0
1662.0
1660.0
898.0
899.0
896.0
910.0
1703.0
1696.0
1693.0
1711.0
1665.0
1661.0
1663.0
1628.0
1611.0
903.0
1611.0
1611.0
1626.0
1624.0
1637.0
912.0
913.0
914.0
913.0
902.0
1689.0
1696.0
1688.0
1691.0
1637.0
1635.0
1631.0
1764.0
1638.0
922.0
1772.0
1804.0
1752.0
1746.0
1792.0
1704.0
1683.0
1686.0
1629.0
918.0
1644.0
1659.0
1661.0
1668.0
1663.0
1670.0
1697.0
1668.0
1625.0
905.0
1656.0
1656.0
1671.0
1672.0
1675.0
1677.0
1658.0
1641.0
1616.0
900.0
1679.0
1709.0
1711.0
1716.0
1749.0
1734.0
1730.0
1727.0
1669.0
948.0
1662.0
1657.0
1647.0
1642.0
1669.0
1650.0
1651.0
1625.0
913.0
911.0
1682.0
1683.0
1704.0
1702.0
1702.0
1696.0
1720.0
1717.0
1702.0
940.0
1729.0
1741.0
1712.0
1682.0
1687.0
1689.0
969.0
902.0
917.0
917.0
1662.0
1681.0
1663.0
1660.0
1645.0
1646.0
1658.0
1627.0
1614.0
903.0
1611.0
1624.0
1641.0
1640.0
1640.0
902.0
911.0
903.0
909.0
900.0
1701.0
1726.0
1743.0
1727.0
1711.0
1705.0
1697.0
1724.0
1698.0
974.0
1685.0
1671.0
1692.0
1685.0
1673.0
1685.0
1672.0
1666.0
1636.0
917.0
1690.0
1668.0
1652.0
1651.0
1706.0
1669.0
1664.0
1666.0
1666.0
918.0
1715.0
1714.0
1703.0
1723.0
1707.0
1705.0
1713.0
1713.0
1663.0
942.0
1659.0
1675.0
1677.0
1660.0
1694.0
1663.0
1661.0
1676.0
1643.0
904.0
1657.0
1641.0
1657.0
1670.0
1675.0
1662.0
1650.0
1639.0
912.0
909.0
1750.0
1750.0
1776.0
1782.0
1738.0
1759.0
1781.0
1751.0
1707.0
1003.0
1679.0
1689.0
1653.0
1641.0
1642.0
1651.0
897.0
895.0
906.0
899.0
1667.0
1684.0
1696.0
1666.0
1665.0
1664.0
1656.0
1638.0
1632.0
918.0
1702.0
1668.0
1691.0
1712.0
1694.0
910.0
909.0
905.0
920.0
967.0
1736.0
1744.0
1721.0
1730.0
1671.0
1666.0
1652.0
1668.0
1623.0
902.0
1653.0
1679.0
1680.0
1693.0
1680.0
1680.0
1713.0
1714.0
1611.0
891.0
1661.0
1660.0
1655.0
1657.0
1711.0
1721.0
1734.0
1743.0
1690.0
903.0
1760.0
1696.0
1701.0
1716.0
1712.0
1649.0
1685.0
1658.0
1643.0
900.0
1660.0
1661.0
1661.0
1659.0
1675.0
1674.0
1663.0
1673.0
1643.0
904.0
1671.0
1676.0
1715.0
1720.0
1729.0
1729.0
1716.0
1702.0
908.0
908.0
1837.0
1792.0
1755.0
1717.0
1670.0
1662.0
1662.0
1687.0
1676.0
906.0
1653.0
1738.0
1649.0
1624.0
1649.0
1626.0
902.0
903.0
916.0
917.0
1660.0
1660.0
1658.0
1673.0
1674.0
1658.0
1705.0
1669.0
1689.0
902.0
1670.0
1663.0
1682.0
1671.0
1679.0
944.0
947.0
897.0
888.0
912.0
1675.0
1675.0
1673.0
1659.0
1665.0
1658.0
1647.0
1646.0
1618.0
909.0
1661.0
1661.0
1672.0
1705.0
1660.0
1659.0
1673.0
1661.0
1642.0
913.0
1727.0
1739.0
1711.0
1734.0
1729.0
1717.0
1693.0
1732.0
1662.0
939.0
1668.0
1668.0
1685.0
1683.0
1680.0
1724.0
1652.0
1644.0
1617.0
920.0
1660.0
1642.0
1641.0
1670.0
1731.0
1681.0
1658.0
1657.0
1629.0
910.0
1732.0
1724.0
1737.0
1728.0
1746.0
1725.0
1714.0
1693.0
970.0
971.0
1658.0
1657.0
1669.0
1655.0
1670.0
1657.0
1656.0
1649.0
1621.0
908.0
1655.0
1643.0
1609.0
1635.0
1622.0
1635.0
900.0
909.0
909.0
886.0
1700.0
1710.0
1712.0
1696.0
1688.0
1710.0
1695.0
1663.0
1650.0
950.0
1622.0
1619.0
1635.0
1636.0
1620.0
902.0
902.0
908.0
907.0
902.0
1655.0
1658.0
1673.0
1674.0
1657.0
1672.0
1644.0
1658.0
1625.0
902.0
1727.0
1735.0
1698.0
1738.0
1697.0
1737.0
1741.0
1728.0
1718.0
973.0
1660.0
1651.0
1658.0
1657.0
1658.0
1677.0
1673.0
1673.0
1627.0
909.0
1673.0
1670.0
1655.0
1644.0
1643.0
1645.0
1659.0
1659.0
1627.0
899.0
1693.0
1730.0
1739.0
1721.0
1707.0
1699.0
1700.0
1717.0
1685.0
959.0
1699.0
1701.0
1698.0
1703.0
1677.0
1653.0
1670.0
1644.0
935.0
938.0
1690.0
1672.0
1674.0
1654.0
1658.0
1658.0
1642.0
1638.0
1610.0
902.0
1689.0
1727.0
1688.0
1696.0
1684.0
1700.0
910.0
903.0
903.0
904.0
1711.0
1712.0
1703.0
1694.0
1670.0
1678.0
1679.0
1631.0
1645.0
914.0
1633.0
1637.0
1620.0
1626.0
1626.0
902.0
909.0
900.0
914.0
908.0
1659.0
1692.0
1657.0
1679.0
1679.0
1662.0
1711.0
1704.0
1672.0
901.0
1721.0
1734.0
1727.0
1741.0
1740.0
1739.0
1728.0
1668.0
1617.0
927.0
1644.0
1644.0
1645.0
1643.0
1656.0
1678.0
1657.0
1701.0
1636.0
904.0
1658.0
1656.0
1654.0
1657.0
1655.0
1724.0
1671.0
1657.0
1686.0
909.0
1707.0
1693.0
1691.0
1696.0
1695.0
1715.0
1718.0
1716.0
1682.0
910.0
1664.0
1663.0
1673.0
1674.0
1678.0
1659.0
1653.0
1638.0
915.0
911.0
1701.0
1674.0
1678.0
1703.0
1664.0
1662.0
1661.0
1650.0
1661.0
907.0
1736.0
1734.0
1704.0
1694.0
1661.0
1695.0
970.0
942.0
942.0
919.0
1668.0
1658.0
1658.0
1658.0
1657.0
1658.0
1657.0
1625.0
1611.0
909.0
1589.0
1602.0
1613.0
1610.0
1596.0
910.0
911.0
909.0
887.0
904.0
