1.0
0.0
1.0
1.0
0.0
1.0
1.0
1.0
1.0
1.0
1.0
2.0
2.0
1.0
2.0
2.0
1.0
2.0
1.0
1.0
2.0
2.0
2.0
3.0
3.0
3.0
2.0
3.0
1.0
1.0
2.0
1.0
1.0
1.0
2.0
1.0
3.0
3.0
2.0
2.0
241.0
241.0
243.0
219.0
240.0
241.0
300.0
493.0
492.0
299.0
249.0
279.0
279.0
279.0
280.0
279.0
279.0
280.0
212.0
348.0
349.0
297.0
239.0
239.0
239.0
239.0
239.0
239.0
256.0
238.0
239.0
239.0
239.0
197.0
238.0
239.0
239.0
299.0
336.0
238.0
239.0
238.0
239.0
197.0
238.0
238.0
238.0
408.0
196.0
278.0
279.0
281.0
279.0
408.0
279.0
279.0
280.0
239.0
238.0
238.0
239.0
240.0
337.0
239.0
239.0
239.0
196.0
280.0
238.0
238.0
238.0
238.0
239.0
239.0
238.0
207.0
207.0
282.0
234.0
329.0
234.0
234.0
207.0
232.0
232.0
233.0
207.0
272.0
271.0
272.0
432.0
254.0
273.0
274.0
252.0
273.0
433.0
233.0
232.0
232.0
209.0
208.0
231.0
232.0
232.0
388.0
208.0
232.0
231.0
231.0
495.0
207.0
232.0
232.0
231.0
318.0
340.0
339.0
339.0
315.0
342.0
341.0
342.0
493.0
208.0
388.0
209.0
236.0
232.0
234.0
234.0
235.0
231.0
207.0
207.0
232.0
234.0
232.0
387.0
231.0
233.0
232.0
388.0
207.0
207.0
232.0
232.0
232.0
232.0
232.0
231.0
207.0
207.0
400.0
273.0
271.0
273.0
363.0
273.0
273.0
251.0
273.0
254.0
226.0
225.0
225.0
200.0
215.0
270.0
256.0
1.0
2.0
1.0
1.0
2.0
1.0
1.0
1.0
1.0
1.0
1.0
1.0
1.0
2.0
2.0
1.0
1.0
1.0
1.0
0.0
3.0
2.0
2.0
3.0
3.0
1.0
1.0
0.0
1.0
1.0
3.0
2.0
2.0
1.0
1.0
1.0
1.0
1.0
1.0
1.0
1.0
3.0
2.0
1.0
0.0
1.0
1.0
1.0
1.0
1.0
3.0
2.0
1.0
1.0
1.0
1.0
1.0
2.0
1.0
1.0
1.0
1.0
2.0
2.0
3.0
1.0
1.0
1.0
1.0
1.0
2.0
2.0
1.0
1.0
1.0
1.0
1.0
1.0
1.0
0.0
2.0
1.0
1.0
1.0
1.0
1.0
1.0
1.0
1.0
1.0
1.0
1.0
1.0
2.0
2.0
1.0
1.0
0.0
1.0
1.0
2.0
2.0
2.0
3.0
2.0
1.0
1.0
1.0
1.0
1.0
1.0
1.0
1.0
1.0
3.0
2.0
2.0
2.0
1.0
1.0
3.0
2.0
1.0
2.0
2.0
1.0
1.0
1.0
2.0
1.0
1.0
2.0
2.0
1.0
1.0
1.0
1.0
1.0
1.0
1.0
3.0
2.0
2.0
1.0
0.0
1.0
1.0
1.0
1.0
1.0
2.0
2.0
1.0
1.0
1.0
1.0
2.0
1.0
1.0
1.0
1.0
2.0
2.0
3.0
2.0
1.0
1.0
1.0
1.0
1.0
1.0
1.0
2.0
1.0
1.0
1.0
1.0
1.0
1.0
0.0
1.0
2.0
1.0
2.0
2.0
1.0
1.0
1.0
1.0
1.0
1.0
2.0
1.0
1.0
1.0
1.0
0.0
1.0
1.0
1.0
3.0
2.0
3.0
2.0
1.0
1.0
1.0
1.0
1.0
1.0
1.0
2.0
2.0
2.0
3.0
2.0
1.0
1.0
1.0
1.0
2.0
1.0
2.0
1.0
1.0
1.0
1.0
2.0
2.0
1.0
1.0
2.0
3.0
2.0
2.0
1.0
1.0
1.0
1.0
1.0
2.0
3.0
1.0
0.0
0.0
1.0
1.0
1.0
1.0
1.0
2.0
2.0
1.0
1.0
3.0
1.0
1.0
1.0
1.0
1.0
2.0
3.0
3.0
2.0
2.0
1.0
1.0
1.0
1.0
0.0
1.0
2.0
1.0
1.0
1.0
1.0
1.0
1.0
0.0
1.0
2.0
1.0
1.0
1.0
2.0
2.0
1.0
1.0
1.0
1.0
1.0
2.0
1.0
1.0
1.0
1.0
0.0
1.0
1.0
1.0
342.0
243.0
343.0
241.0
243.0
450.0
450.0
243.0
260.0
185.0
240.0
240.0
243.0
239.0
262.0
216.0
239.0
239.0
238.0
157.0
257.0
247.0
236.0
238.0
237.0
222.0
232.0
233.0
253.0
121.0
225.0
231.0
300.0
273.0
225.0
223.0
271.0
269.0
268.0
170.0
269.0
269.0
273.0
224.0
223.0
221.0
222.0
222.0
222.0
123.0
222.0
223.0
223.0
222.0
222.0
221.0
221.0
222.0
221.0
122.0
223.0
223.0
223.0
222.0
223.0
221.0
221.0
221.0
222.0
123.0
222.0
222.0
222.0
221.0
221.0
221.0
221.0
221.0
122.0
122.0
267.0
389.0
390.0
388.0
388.0
389.0
388.0
166.0
165.0
166.0
345.0
345.0
347.0
345.0
221.0
222.0
221.0
122.0
122.0
122.0
222.0
226.0
222.0
221.0
221.0
222.0
221.0
221.0
221.0
123.0
222.0
222.0
225.0
221.0
222.0
221.0
224.0
221.0
222.0
122.0
221.0
222.0
222.0
225.0
222.0
221.0
220.0
224.0
220.0
122.0
265.0
267.0
266.0
266.0
266.0
266.0
265.0
267.0
267.0
164.0
222.0
222.0
221.0
223.0
223.0
223.0
221.0
222.0
223.0
123.0
224.0
221.0
222.0
222.0
224.0
224.0
221.0
220.0
223.0
123.0
224.0
223.0
221.0
222.0
222.0
223.0
223.0
221.0
221.0
123.0
224.0
224.0
223.0
222.0
222.0
221.0
223.0
223.0
122.0
122.0
267.0
266.0
267.0
267.0
268.0
265.0
264.0
167.0
168.0
167.0
222.0
223.0
222.0
221.0
222.0
222.0
223.0
123.0
122.0
122.0
222.0
223.0
223.0
222.0
222.0
221.0
221.0
221.0
221.0
121.0
222.0
222.0
222.0
222.0
221.0
221.0
221.0
221.0
220.0
122.0
221.0
221.0
222.0
221.0
222.0
221.0
222.0
221.0
221.0
122.0
267.0
267.0
266.0
266.0
267.0
267.0
267.0
265.0
266.0
167.0
221.0
222.0
221.0
221.0
221.0
221.0
222.0
221.0
221.0
122.0
223.0
221.0
222.0
222.0
221.0
221.0
222.0
222.0
223.0
121.0
222.0
222.0
221.0
223.0
222.0
222.0
221.0
221.0
222.0
121.0
222.0
222.0
222.0
221.0
221.0
220.0
220.0
221.0
122.0
122.0
266.0
268.0
266.0
265.0
266.0
266.0
266.0
167.0
166.0
166.0
221.0
221.0
221.0
221.0
222.0
222.0
221.0
122.0
122.0
122.0
223.0
222.0
222.0
222.0
222.0
222.0
221.0
223.0
221.0
121.0
222.0
222.0
222.0
222.0
222.0
221.0
221.0
222.0
221.0
122.0
222.0
222.0
222.0
222.0
222.0
221.0
221.0
263.0
265.0
123.0
367.0
372.0
374.0
377.0
380.0
383.0
380.0
375.0
336.0
226.0
239.0
239.0
237.0
233.0
235.0
257.0
233.0
233.0
233.0
128.0
235.0
238.0
237.0
238.0
236.0
238.0
235.0
235.0
236.0
142.0
238.0
239.0
254.0
238.0
236.0
234.0
233.0
233.0
233.0
131.0
268.0
267.0
270.0
270.0
287.0
269.0
266.0
269.0
166.0
166.0
222.0
221.0
221.0
221.0
225.0
226.0
226.0
138.0
122.0
124.0
251.0
222.0
221.0
222.0
221.0
225.0
221.0
124.0
125.0
125.0
226.0
226.0
226.0
222.0
223.0
221.0
222.0
226.0
221.0
135.0
232.0
225.0
225.0
224.0
223.0
222.0
223.0
224.0
223.0
123.0
268.0
267.0
266.0
267.0
266.0
266.0
267.0
266.0
267.0
167.0
222.0
222.0
222.0
222.0
223.0
221.0
222.0
222.0
222.0
122.0
222.0
222.0
222.0
221.0
221.0
222.0
221.0
222.0
221.0
122.0
222.0
222.0
222.0
222.0
222.0
221.0
222.0
222.0
221.0
123.0
222.0
222.0
222.0
222.0
222.0
221.0
221.0
222.0
221.0
121.0
267.0
267.0
266.0
266.0
266.0
267.0
266.0
266.0
166.0
166.0
223.0
222.0
222.0
221.0
222.0
221.0
221.0
121.0
122.0
122.0
224.0
222.0
222.0
223.0
222.0
223.0
223.0
123.0
123.0
122.0
224.0
224.0
222.0
224.0
222.0
221.0
221.0
221.0
223.0
123.0
224.0
223.0
224.0
222.0
224.0
221.0
221.0
221.0
264.0
123.0
272.0
268.0
268.0
268.0
267.0
268.0
266.0
266.0
266.0
125.0
223.0
226.0
224.0
224.0
224.0
220.0
223.0
221.0
221.0
121.0
222.0
225.0
226.0
223.0
223.0
221.0
222.0
223.0
220.0
122.0
222.0
222.0
223.0
225.0
224.0
222.0
223.0
224.0
224.0
122.0
222.0
222.0
265.0
266.0
268.0
267.0
268.0
268.0
267.0
123.0
369.0
368.0
367.0
324.0
324.0
322.0
325.0
324.0
223.0
224.0
226.0
225.0
225.0
224.0
222.0
222.0
223.0
122.0
124.0
123.0
222.0
224.0
222.0
224.0
223.0
223.0
221.0
122.0
122.0
123.0
222.0
221.0
222.0
223.0
224.0
223.0
223.0
223.0
221.0
123.0
223.0
222.0
222.0
221.0
222.0
223.0
223.0
223.0
223.0
122.0
266.0
268.0
269.0
267.0
269.0
266.0
268.0
267.0
270.0
167.0
224.0
223.0
223.0
226.0
222.0
224.0
224.0
223.0
223.0
124.0
224.0
226.0
221.0
221.0
227.0
222.0
222.0
223.0
223.0
124.0
223.0
224.0
226.0
224.0
224.0
225.0
224.0
225.0
226.0
123.0
223.0
224.0
224.0
223.0
221.0
221.0
227.0
221.0
223.0
124.0
269.0
268.0
268.0
268.0
268.0
265.0
265.0
268.0
167.0
166.0
222.0
221.0
222.0
223.0
222.0
223.0
221.0
123.0
122.0
123.0
224.0
223.0
223.0
223.0
223.0
224.0
224.0
123.0
123.0
124.0
224.0
224.0
223.0
224.0
223.0
223.0
222.0
222.0
221.0
123.0
224.0
224.0
222.0
224.0
221.0
223.0
221.0
224.0
264.0
122.0
266.0
267.0
267.0
269.0
267.0
266.0
266.0
266.0
267.0
123.0
222.0
221.0
224.0
224.0
224.0
221.0
222.0
223.0
222.0
123.0
224.0
222.0
221.0
222.0
223.0
221.0
224.0
221.0
223.0
122.0
223.0
223.0
223.0
223.0
224.0
223.0
221.0
222.0
222.0
123.0
224.0
222.0
223.0
265.0
266.0
266.0
269.0
268.0
266.0
123.0
268.0
268.0
267.0
267.0
222.0
221.0
221.0
221.0
123.0
123.0
224.0
224.0
223.0
223.0
221.0
223.0
222.0
123.0
121.0
122.0
223.0
222.0
221.0
223.0
224.0
223.0
223.0
122.0
123.0
122.0
223.0
223.0
222.0
222.0
222.0
221.0
223.0
223.0
223.0
123.0
224.0
222.0
267.0
266.0
266.0
266.0
266.0
267.0
268.0
124.0
376.0
375.0
372.0
330.0
331.0
330.0
328.0
328.0
333.0
232.0
227.0
226.0
225.0
222.0
226.0
223.0
225.0
222.0
223.0
123.0
226.0
225.0
226.0
223.0
221.0
226.0
224.0
224.0
220.0
122.0
221.0
228.0
227.0
227.0
224.0
222.0
226.0
223.0
224.0
122.0
222.0
222.0
224.0
223.0
222.0
223.0
224.0
225.0
221.0
122.0
267.0
268.0
267.0
267.0
267.0
267.0
270.0
268.0
167.0
168.0
223.0
223.0
221.0
225.0
221.0
222.0
223.0
124.0
124.0
123.0
223.0
224.0
226.0
220.0
224.0
221.0
221.0
123.0
122.0
123.0
225.0
221.0
223.0
224.0
224.0
227.0
221.0
223.0
222.0
122.0
221.0
224.0
222.0
224.0
224.0
223.0
227.0
221.0
223.0
122.0
266.0
269.0
267.0
266.0
268.0
268.0
267.0
269.0
265.0
168.0
224.0
221.0
226.0
224.0
221.0
223.0
223.0
223.0
226.0
122.0
222.0
223.0
222.0
224.0
225.0
221.0
223.0
223.0
223.0
124.0
221.0
228.0
223.0
222.0
221.0
223.0
221.0
224.0
224.0
123.0
225.0
223.0
266.0
268.0
266.0
265.0
266.0
266.0
268.0
122.0
268.0
268.0
266.0
224.0
223.0
220.0
221.0
221.0
122.0
123.0
222.0
224.0
224.0
223.0
221.0
224.0
223.0
122.0
122.0
121.0
222.0
222.0
221.0
221.0
222.0
222.0
222.0
122.0
123.0
122.0
222.0
224.0
224.0
222.0
221.0
221.0
221.0
222.0
223.0
123.0
223.0
222.0
267.0
267.0
266.0
274.0
266.0
268.0
274.0
123.0
281.0
280.0
279.0
239.0
237.0
233.0
234.0
234.0
233.0
129.0
237.0
237.0
237.0
233.0
236.0
235.0
232.0
231.0
231.0
129.0
225.0
222.0
223.0
223.0
222.0
222.0
221.0
221.0
221.0
121.0
222.0
222.0
221.0
221.0
222.0
221.0
221.0
221.0
221.0
122.0
266.0
265.0
266.0
269.0
267.0
266.0
267.0
266.0
265.0
166.0
335.0
335.0
335.0
335.0
332.0
334.0
333.0
333.0
229.0
231.0
222.0
225.0
223.0
225.0
224.0
221.0
221.0
122.0
122.0
122.0
224.0
222.0
224.0
222.0
223.0
223.0
223.0
123.0
122.0
123.0
223.0
224.0
222.0
222.0
223.0
222.0
222.0
222.0
221.0
122.0
221.0
223.0
222.0
222.0
222.0
222.0
222.0
222.0
223.0
122.0
267.0
267.0
266.0
267.0
266.0
266.0
266.0
266.0
266.0
167.0
226.0
222.0
221.0
224.0
223.0
221.0
222.0
221.0
221.0
122.0
221.0
222.0
222.0
222.0
221.0
221.0
221.0
221.0
222.0
123.0
222.0
222.0
223.0
222.0
221.0
220.0
221.0
222.0
221.0
122.0
222.0
222.0
222.0
222.0
221.0
263.0
265.0
268.0
266.0
122.0
269.0
267.0
266.0
266.0
266.0
267.0
223.0
223.0
122.0
122.0
222.0
221.0
221.0
224.0
222.0
222.0
222.0
122.0
122.0
121.0
223.0
222.0
222.0
223.0
223.0
221.0
221.0
124.0
122.0
122.0
225.0
223.0
223.0
221.0
222.0
221.0
222.0
221.0
222.0
123.0
222.0
226.0
223.0
223.0
222.0
265.0
265.0
266.0
265.0
122.0
268.0
268.0
268.0
268.0
266.0
268.0
222.0
222.0
222.0
122.0
222.0
225.0
225.0
224.0
224.0
221.0
224.0
221.0
221.0
123.0
222.0
222.0
224.0
224.0
223.0
223.0
222.0
224.0
221.0
121.0
221.0
222.0
222.0
224.0
223.0
223.0
223.0
221.0
224.0
122.0
267.0
267.0
267.0
268.0
269.0
270.0
268.0
269.0
266.0
167.0
225.0
222.0
222.0
222.0
222.0
223.0
227.0
224.0
123.0
123.0
223.0
221.0
223.0
221.0
221.0
222.0
221.0
123.0
123.0
123.0
228.0
228.0
227.0
228.0
217.0
228.0
217.0
120.0
127.0
119.0
221.0
225.0
222.0
224.0
223.0
222.0
223.0
223.0
222.0
123.0
266.0
269.0
268.0
266.0
268.0
265.0
267.0
267.0
268.0
166.0
333.0
331.0
335.0
330.0
330.0
332.0
330.0
333.0
333.0
234.0
225.0
224.0
224.0
226.0
224.0
223.0
225.0
225.0
223.0
124.0
224.0
226.0
225.0
223.0
225.0
223.0
224.0
223.0
223.0
123.0
224.0
223.0
224.0
226.0
226.0
224.0
226.0
226.0
223.0
124.0
223.0
224.0
223.0
223.0
224.0
223.0
223.0
222.0
222.0
123.0
270.0
266.0
267.0
267.0
267.0
266.0
266.0
266.0
167.0
166.0
222.0
221.0
222.0
221.0
222.0
222.0
222.0
122.0
122.0
122.0
221.0
222.0
222.0
222.0
222.0
221.0
221.0
122.0
122.0
123.0
222.0
223.0
222.0
222.0
222.0
222.0
222.0
221.0
222.0
122.0
223.0
222.0
222.0
222.0
222.0
221.0
222.0
222.0
221.0
123.0
267.0
266.0
267.0
266.0
267.0
267.0
267.0
266.0
267.0
167.0
222.0
221.0
222.0
222.0
222.0
221.0
221.0
221.0
221.0
122.0
222.0
221.0
222.0
222.0
221.0
221.0
221.0
220.0
221.0
121.0
222.0
222.0
221.0
222.0
222.0
222.0
222.0
221.0
221.0
122.0
222.0
223.0
266.0
265.0
266.0
267.0
267.0
267.0
266.0
123.0
268.0
267.0
269.0
223.0
226.0
221.0
224.0
223.0
123.0
122.0
223.0
222.0
223.0
221.0
223.0
221.0
223.0
122.0
122.0
123.0
222.0
224.0
223.0
223.0
221.0
221.0
223.0
123.0
123.0
124.0
224.0
222.0
223.0
222.0
224.0
223.0
224.0
222.0
222.0
124.0
224.0
267.0
267.0
268.0
267.0
269.0
268.0
268.0
267.0
123.0
266.0
269.0
225.0
223.0
222.0
221.0
224.0
223.0
223.0
122.0
224.0
222.0
224.0
224.0
222.0
221.0
221.0
224.0
223.0
123.0
225.0
224.0
222.0
224.0
224.0
222.0
221.0
222.0
223.0
124.0
224.0
224.0
222.0
225.0
224.0
223.0
221.0
221.0
221.0
123.0
268.0
268.0
268.0
267.0
269.0
267.0
267.0
267.0
265.0
167.0
337.0
340.0
338.0
337.0
337.0
337.0
337.0
337.0
239.0
238.0
226.0
225.0
222.0
225.0
225.0
226.0
223.0
123.0
122.0
124.0
223.0
225.0
225.0
223.0
223.0
221.0
222.0
123.0
123.0
123.0
224.0
224.0
224.0
222.0
224.0
223.0
221.0
221.0
222.0
121.0
221.0
224.0
224.0
224.0
221.0
223.0
224.0
222.0
221.0
122.0
267.0
266.0
268.0
268.0
267.0
266.0
267.0
267.0
268.0
166.0
223.0
222.0
223.0
223.0
223.0
223.0
222.0
223.0
224.0
124.0
222.0
223.0
223.0
222.0
223.0
222.0
224.0
223.0
223.0
123.0
223.0
221.0
221.0
221.0
223.0
221.0
224.0
224.0
223.0
123.0
224.0
222.0
224.0
223.0
222.0
223.0
221.0
223.0
223.0
123.0
268.0
268.0
265.0
268.0
265.0
264.0
266.0
264.0
167.0
167.0
224.0
224.0
223.0
223.0
221.0
221.0
226.0
121.0
122.0
122.0
228.0
230.0
226.0
257.0
237.0
232.0
255.0
127.0
128.0
130.0
