4.0
2.0
2.0
1.0
1.0
2.0
1.0
2.0
1.0
1.0
36.0
12.0
12.0
12.0
12.0
103.0
81.0
79.0
80.0
80.0
124.0
80.0
79.0
80.0
100.0
124.0
102.0
100.0
100.0
102.0
636.0
606.0
605.0
583.0
583.0
617.0
587.0
584.0
595.0
584.0
619.0
588.0
586.0
585.0
587.0
619.0
590.0
591.0
587.0
586.0
616.0
585.0
583.0
582.0
583.0
617.0
584.0
584.0
584.0
583.0
616.0
584.0
584.0
584.0
584.0
638.0
585.0
584.0
585.0
583.0
616.0
584.0
583.0
583.0
584.0
635.0
584.0
582.0
602.0
582.0
614.0
583.0
583.0
583.0
583.0
637.0
604.0
583.0
583.0
581.0
634.0
583.0
581.0
603.0
601.0
615.0
585.0
583.0
582.0
584.0
636.0
605.0
581.0
583.0
581.0
615.0
585.0
583.0
582.0
582.0
12.0
12.0
11.0
11.0
10.0
80.0
78.0
79.0
28.0
27.0
79.0
79.0
78.0
27.0
27.0
80.0
79.0
79.0
27.0
27.0
583.0
583.0
582.0
531.0
530.0
584.0
582.0
582.0
531.0
531.0
582.0
581.0
589.0
530.0
530.0
590.0
589.0
590.0
533.0
534.0
606.0
606.0
604.0
552.0
552.0
601.0
600.0
599.0
547.0
547.0
583.0
582.0
582.0
531.0
531.0
584.0
582.0
582.0
530.0
531.0
585.0
581.0
582.0
531.0
529.0
583.0
581.0
581.0
529.0
531.0
583.0
583.0
584.0
530.0
531.0
583.0
582.0
582.0
531.0
530.0
582.0
582.0
582.0
531.0
531.0
584.0
582.0
583.0
531.0
531.0
582.0
580.0
579.0
530.0
531.0
574.0
574.0
571.0
528.0
525.0
38.0
15.0
2.0
2.0
2.0
35.0
3.0
2.0
3.0
2.0
24.0
3.0
2.0
2.0
2.0
23.0
3.0
2.0
2.0
1.0
23.0
2.0
2.0
2.0
1.0
22.0
2.0
1.0
1.0
1.0
4.0
1.0
2.0
1.0
1.0
4.0
1.0
1.0
1.0
1.0
4.0
1.0
1.0
1.0
1.0
4.0
1.0
2.0
1.0
1.0
126.0
83.0
70.0
70.0
70.0
124.0
71.0
70.0
70.0
70.0
112.0
92.0
92.0
91.0
91.0
111.0
91.0
91.0
70.0
69.0
90.0
70.0
70.0
70.0
69.0
90.0
53.0
53.0
52.0
53.0
55.0
53.0
53.0
52.0
53.0
55.0
52.0
53.0
53.0
52.0
3.0
1.0
1.0
1.0
1.0
3.0
1.0
1.0
1.0
1.0
127.0
104.0
92.0
92.0
92.0
124.0
93.0
92.0
92.0
91.0
91.0
71.0
69.0
70.0
69.0
90.0
71.0
70.0
70.0
69.0
90.0
70.0
70.0
71.0
69.0
111.0
53.0
53.0
52.0
53.0
76.0
75.0
74.0
74.0
74.0
76.0
75.0
74.0
75.0
52.0
3.0
1.0
2.0
1.0
1.0
3.0
1.0
1.0
1.0
1.0
105.0
82.0
70.0
70.0
70.0
103.0
71.0
70.0
70.0
70.0
91.0
71.0
70.0
70.0
70.0
90.0
71.0
70.0
70.0
69.0
111.0
92.0
91.0
91.0
90.0
111.0
75.0
74.0
74.0
74.0
55.0
53.0
53.0
53.0
52.0
55.0
53.0
53.0
53.0
52.0
3.0
1.0
2.0
1.0
1.0
3.0
2.0
1.0
1.0
1.0
635.0
609.0
594.0
595.0
595.0
639.0
600.0
599.0
597.0
599.0
621.0
599.0
599.0
600.0
600.0
619.0
599.0
597.0
596.0
594.0
605.0
586.0
584.0
585.0
585.0
605.0
334.0
334.0
334.0
335.0
335.0
333.0
333.0
334.0
333.0
335.0
333.0
333.0
334.0
333.0
283.0
281.0
281.0
283.0
281.0
284.0
281.0
281.0
281.0
281.0
619.0
597.0
583.0
586.0
585.0
617.0
586.0
585.0
585.0
585.0
607.0
587.0
587.0
584.0
583.0
604.0
584.0
584.0
584.0
583.0
605.0
587.0
584.0
586.0
583.0
604.0
333.0
333.0
332.0
333.0
334.0
332.0
332.0
332.0
334.0
334.0
332.0
332.0
332.0
331.0
282.0
281.0
281.0
280.0
281.0
283.0
280.0
280.0
278.0
281.0
618.0
596.0
582.0
583.0
585.0
616.0
585.0
584.0
580.0
581.0
603.0
583.0
582.0
583.0
583.0
603.0
583.0
582.0
583.0
583.0
603.0
583.0
583.0
582.0
582.0
602.0
332.0
333.0
332.0
331.0
332.0
332.0
331.0
331.0
332.0
335.0
332.0
332.0
331.0
332.0
282.0
281.0
280.0
282.0
280.0
283.0
281.0
282.0
281.0
281.0
619.0
595.0
582.0
584.0
583.0
616.0
585.0
583.0
583.0
582.0
605.0
584.0
583.0
583.0
583.0
604.0
586.0
584.0
583.0
581.0
602.0
583.0
583.0
582.0
581.0
602.0
333.0
333.0
332.0
332.0
335.0
332.0
332.0
332.0
333.0
335.0
332.0
332.0
332.0
332.0
284.0
282.0
281.0
282.0
281.0
283.0
281.0
281.0
281.0
280.0
619.0
596.0
584.0
584.0
585.0
613.0
585.0
583.0
584.0
585.0
604.0
585.0
584.0
584.0
583.0
604.0
585.0
584.0
585.0
583.0
602.0
584.0
583.0
582.0
581.0
621.0
332.0
332.0
331.0
331.0
335.0
332.0
333.0
333.0
332.0
336.0
334.0
333.0
333.0
332.0
282.0
281.0
279.0
280.0
280.0
282.0
281.0
280.0
281.0
279.0
619.0
596.0
583.0
584.0
583.0
616.0
585.0
584.0
583.0
580.0
604.0
583.0
583.0
584.0
583.0
603.0
584.0
584.0
584.0
580.0
604.0
585.0
585.0
585.0
583.0
604.0
335.0
334.0
334.0
334.0
333.0
332.0
352.0
331.0
333.0
334.0
333.0
332.0
332.0
332.0
283.0
282.0
259.0
280.0
281.0
283.0
282.0
281.0
282.0
280.0
619.0
596.0
584.0
583.0
583.0
615.0
584.0
582.0
582.0
583.0
603.0
584.0
581.0
581.0
581.0
603.0
582.0
582.0
582.0
580.0
604.0
585.0
583.0
561.0
584.0
613.0
333.0
334.0
333.0
334.0
352.0
344.0
344.0
347.0
347.0
351.0
348.0
368.0
350.0
343.0
291.0
287.0
288.0
287.0
284.0
287.0
285.0
262.0
282.0
281.0
619.0
598.0
585.0
584.0
584.0
617.0
586.0
584.0
585.0
584.0
607.0
588.0
587.0
587.0
586.0
606.0
587.0
586.0
586.0
587.0
610.0
591.0
591.0
591.0
590.0
611.0
337.0
338.0
337.0
338.0
360.0
357.0
337.0
337.0
338.0
340.0
338.0
338.0
338.0
339.0
267.0
264.0
283.0
283.0
283.0
285.0
282.0
282.0
281.0
280.0
639.0
596.0
581.0
584.0
584.0
617.0
586.0
584.0
585.0
585.0
626.0
585.0
583.0
584.0
582.0
603.0
585.0
584.0
584.0
583.0
603.0
561.0
582.0
582.0
581.0
602.0
333.0
333.0
333.0
332.0
334.0
332.0
332.0
331.0
353.0
334.0
332.0
331.0
331.0
332.0
282.0
280.0
279.0
280.0
258.0
284.0
280.0
281.0
282.0
282.0
620.0
597.0
584.0
586.0
584.0
616.0
581.0
584.0
583.0
585.0
607.0
587.0
586.0
584.0
583.0
603.0
584.0
583.0
583.0
583.0
604.0
584.0
584.0
584.0
583.0
604.0
335.0
333.0
333.0
332.0
333.0
332.0
331.0
331.0
333.0
335.0
333.0
333.0
333.0
333.0
284.0
282.0
282.0
282.0
281.0
282.0
281.0
280.0
281.0
280.0
618.0
597.0
583.0
583.0
583.0
615.0
583.0
583.0
582.0
582.0
603.0
582.0
580.0
582.0
582.0
604.0
582.0
583.0
583.0
583.0
603.0
582.0
581.0
582.0
581.0
602.0
331.0
331.0
331.0
331.0
355.0
354.0
354.0
331.0
333.0
336.0
334.0
333.0
334.0
334.0
262.0
260.0
260.0
281.0
280.0
282.0
281.0
280.0
280.0
281.0
617.0
594.0
581.0
582.0
582.0
615.0
582.0
581.0
582.0
582.0
602.0
583.0
581.0
581.0
582.0
602.0
583.0
582.0
582.0
582.0
601.0
583.0
582.0
579.0
581.0
602.0
332.0
332.0
332.0
332.0
334.0
332.0
332.0
333.0
332.0
335.0
332.0
331.0
332.0
332.0
283.0
281.0
280.0
280.0
281.0
282.0
281.0
258.0
280.0
279.0
618.0
596.0
583.0
584.0
584.0
615.0
584.0
583.0
582.0
584.0
603.0
583.0
583.0
583.0
582.0
602.0
582.0
581.0
581.0
580.0
602.0
583.0
583.0
584.0
582.0
600.0
354.0
353.0
332.0
333.0
335.0
332.0
332.0
332.0
331.0
334.0
332.0
331.0
330.0
331.0
281.0
279.0
280.0
280.0
281.0
283.0
282.0
281.0
280.0
282.0
619.0
594.0
583.0
583.0
584.0
616.0
584.0
585.0
584.0
583.0
637.0
615.0
611.0
613.0
613.0
641.0
616.0
616.0
617.0
610.0
605.0
586.0
585.0
584.0
583.0
602.0
333.0
333.0
332.0
354.0
333.0
333.0
353.0
334.0
333.0
335.0
333.0
334.0
333.0
334.0
284.0
282.0
258.0
280.0
281.0
283.0
282.0
281.0
281.0
282.0
619.0
595.0
584.0
582.0
582.0
615.0
584.0
582.0
583.0
581.0
604.0
584.0
584.0
583.0
584.0
604.0
584.0
583.0
584.0
582.0
605.0
585.0
585.0
584.0
584.0
605.0
333.0
334.0
333.0
335.0
337.0
340.0
335.0
333.0
354.0
357.0
357.0
334.0
334.0
334.0
285.0
281.0
280.0
282.0
259.0
260.0
259.0
259.0
280.0
281.0
617.0
595.0
581.0
582.0
583.0
636.0
583.0
583.0
581.0
582.0
605.0
585.0
583.0
582.0
581.0
604.0
582.0
562.0
582.0
584.0
607.0
586.0
587.0
587.0
585.0
626.0
358.0
357.0
335.0
334.0
335.0
334.0
333.0
333.0
333.0
335.0
334.0
333.0
334.0
331.0
283.0
281.0
280.0
280.0
280.0
282.0
280.0
281.0
280.0
279.0
14.0
2.0
2.0
2.0
2.0
3.0
2.0
2.0
2.0
2.0
3.0
2.0
2.0
2.0
2.0
3.0
2.0
1.0
1.0
0.0
2.0
2.0
1.0
0.0
1.0
2.0
1.0
1.0
0.0
1.0
2.0
1.0
1.0
0.0
1.0
1.0
1.0
1.0
1.0
0.0
1.0
1.0
1.0
1.0
1.0
1.0
1.0
1.0
1.0
1.0
83.0
70.0
70.0
18.0
18.0
71.0
69.0
70.0
18.0
18.0
71.0
69.0
70.0
18.0
2.0
92.0
91.0
89.0
17.0
1.0
91.0
91.0
90.0
1.0
1.0
75.0
74.0
73.0
1.0
0.0
53.0
53.0
52.0
0.0
0.0
54.0
53.0
53.0
1.0
0.0
1.0
1.0
1.0
1.0
1.0
2.0
1.0
1.0
1.0
1.0
83.0
70.0
70.0
18.0
18.0
71.0
70.0
70.0
18.0
17.0
71.0
70.0
71.0
18.0
1.0
72.0
71.0
70.0
17.0
1.0
93.0
92.0
92.0
1.0
1.0
76.0
76.0
76.0
1.0
1.0
75.0
74.0
74.0
1.0
1.0
74.0
53.0
52.0
1.0
0.0
1.0
1.0
1.0
1.0
1.0
1.0
1.0
1.0
1.0
1.0
82.0
70.0
70.0
18.0
19.0
71.0
70.0
70.0
18.0
18.0
71.0
70.0
70.0
18.0
2.0
70.0
70.0
69.0
17.0
1.0
70.0
70.0
69.0
1.0
1.0
54.0
52.0
52.0
1.0
1.0
53.0
74.0
74.0
1.0
0.0
74.0
73.0
75.0
0.0
1.0
2.0
1.0
1.0
0.0
1.0
1.0
1.0
1.0
1.0
1.0
595.0
583.0
583.0
533.0
532.0
563.0
562.0
562.0
510.0
510.0
586.0
585.0
585.0
297.0
281.0
586.0
584.0
584.0
296.0
281.0
585.0
585.0
583.0
281.0
281.0
333.0
333.0
332.0
280.0
282.0
333.0
333.0
333.0
281.0
281.0
334.0
333.0
333.0
281.0
281.0
281.0
280.0
280.0
281.0
280.0
281.0
281.0
281.0
280.0
280.0
595.0
584.0
584.0
532.0
531.0
584.0
583.0
584.0
533.0
532.0
586.0
584.0
582.0
299.0
284.0
585.0
584.0
582.0
298.0
282.0
584.0
583.0
583.0
280.0
280.0
334.0
333.0
333.0
282.0
282.0
334.0
333.0
332.0
280.0
281.0
333.0
333.0
334.0
281.0
281.0
282.0
282.0
281.0
282.0
282.0
283.0
282.0
281.0
280.0
281.0
599.0
587.0
586.0
534.0
535.0
589.0
588.0
588.0
537.0
535.0
589.0
587.0
588.0
300.0
284.0
589.0
587.0
586.0
298.0
282.0
589.0
587.0
587.0
283.0
281.0
355.0
334.0
336.0
282.0
283.0
336.0
334.0
334.0
282.0
281.0
334.0
333.0
332.0
281.0
282.0
282.0
283.0
282.0
279.0
282.0
282.0
283.0
282.0
282.0
283.0
600.0
585.0
583.0
512.0
509.0
584.0
585.0
584.0
532.0
531.0
586.0
583.0
583.0
318.0
279.0
584.0
583.0
582.0
297.0
281.0
583.0
584.0
584.0
281.0
281.0
333.0
331.0
334.0
282.0
282.0
335.0
333.0
353.0
260.0
259.0
334.0
334.0
334.0
283.0
282.0
282.0
283.0
282.0
282.0
259.0
282.0
282.0
282.0
283.0
283.0
612.0
599.0
604.0
548.0
551.0
599.0
600.0
599.0
548.0
557.0
589.0
586.0
587.0
299.0
281.0
583.0
584.0
582.0
296.0
281.0
584.0
583.0
582.0
281.0
281.0
332.0
332.0
331.0
280.0
280.0
330.0
331.0
331.0
280.0
280.0
332.0
331.0
332.0
279.0
280.0
280.0
281.0
281.0
279.0
279.0
281.0
281.0
280.0
280.0
280.0
596.0
583.0
582.0
531.0
533.0
583.0
583.0
583.0
532.0
530.0
586.0
583.0
583.0
298.0
282.0
604.0
585.0
583.0
298.0
280.0
585.0
583.0
581.0
281.0
281.0
334.0
333.0
330.0
280.0
279.0
331.0
331.0
331.0
280.0
280.0
331.0
332.0
332.0
281.0
281.0
282.0
280.0
280.0
281.0
280.0
280.0
259.0
282.0
279.0
282.0
596.0
583.0
585.0
531.0
532.0
584.0
606.0
581.0
510.0
509.0
584.0
583.0
583.0
298.0
282.0
584.0
606.0
602.0
294.0
279.0
585.0
585.0
582.0
281.0
282.0
334.0
333.0
355.0
259.0
258.0
332.0
331.0
331.0
280.0
280.0
332.0
353.0
353.0
258.0
259.0
281.0
280.0
280.0
280.0
280.0
281.0
281.0
280.0
259.0
258.0
594.0
583.0
582.0
530.0
531.0
583.0
581.0
581.0
531.0
531.0
582.0
583.0
582.0
298.0
281.0
584.0
582.0
581.0
296.0
280.0
583.0
583.0
581.0
280.0
280.0
331.0
332.0
332.0
279.0
281.0
354.0
332.0
332.0
281.0
280.0
332.0
331.0
332.0
281.0
280.0
259.0
279.0
279.0
280.0
280.0
281.0
280.0
280.0
280.0
281.0
615.0
583.0
582.0
532.0
532.0
584.0
583.0
583.0
532.0
532.0
584.0
583.0
582.0
297.0
282.0
583.0
582.0
581.0
296.0
282.0
583.0
582.0
581.0
280.0
281.0
333.0
331.0
332.0
280.0
280.0
332.0
332.0
332.0
279.0
279.0
332.0
334.0
331.0
280.0
280.0
280.0
280.0
280.0
280.0
279.0
280.0
280.0
280.0
280.0
280.0
616.0
581.0
582.0
531.0
530.0
584.0
582.0
582.0
531.0
530.0
583.0
582.0
583.0
296.0
281.0
582.0
581.0
581.0
297.0
280.0
582.0
582.0
581.0
280.0
281.0
332.0
331.0
331.0
281.0
281.0
352.0
334.0
332.0
282.0
282.0
333.0
333.0
332.0
282.0
282.0
259.0
279.0
279.0
279.0
279.0
280.0
279.0
280.0
280.0
279.0
615.0
584.0
585.0
533.0
531.0
586.0
584.0
586.0
533.0
534.0
584.0
583.0
583.0
297.0
282.0
585.0
584.0
583.0
296.0
280.0
583.0
583.0
583.0
281.0
280.0
332.0
332.0
331.0
280.0
280.0
350.0
332.0
333.0
282.0
281.0
333.0
333.0
333.0
282.0
281.0
259.0
281.0
279.0
281.0
280.0
281.0
280.0
281.0
280.0
281.0
615.0
582.0
581.0
531.0
531.0
584.0
581.0
583.0
531.0
530.0
583.0
583.0
582.0
297.0
281.0
583.0
582.0
581.0
295.0
279.0
603.0
604.0
602.0
280.0
290.0
351.0
354.0
357.0
301.0
301.0
374.0
344.0
334.0
282.0
283.0
333.0
333.0
333.0
281.0
280.0
259.0
280.0
280.0
281.0
280.0
280.0
280.0
280.0
281.0
280.0
614.0
585.0
584.0
532.0
532.0
584.0
584.0
583.0
532.0
531.0
584.0
584.0
583.0
297.0
281.0
585.0
583.0
582.0
297.0
280.0
584.0
584.0
582.0
281.0
280.0
332.0
332.0
332.0
280.0
280.0
354.0
332.0
332.0
281.0
281.0
333.0
333.0
332.0
280.0
281.0
259.0
280.0
279.0
280.0
279.0
280.0
280.0
280.0
280.0
279.0
616.0
581.0
582.0
531.0
531.0
584.0
582.0
582.0
531.0
531.0
582.0
582.0
582.0
297.0
281.0
583.0
582.0
581.0
297.0
280.0
582.0
582.0
581.0
279.0
280.0
332.0
331.0
332.0
279.0
279.0
353.0
332.0
331.0
280.0
280.0
332.0
331.0
331.0
280.0
280.0
259.0
280.0
280.0
280.0
280.0
281.0
280.0
281.0
279.0
280.0
617.0
585.0
584.0
532.0
532.0
584.0
583.0
584.0
531.0
531.0
583.0
581.0
582.0
297.0
280.0
581.0
582.0
581.0
295.0
279.0
584.0
582.0
582.0
281.0
280.0
333.0
331.0
331.0
279.0
281.0
353.0
331.0
333.0
281.0
280.0
332.0
332.0
331.0
280.0
281.0
281.0
280.0
279.0
280.0
279.0
281.0
280.0
279.0
280.0
280.0
595.0
583.0
583.0
531.0
533.0
585.0
584.0
583.0
531.0
532.0
583.0
582.0
582.0
298.0
281.0
582.0
583.0
582.0
296.0
280.0
584.0
582.0
581.0
279.0
281.0
333.0
333.0
332.0
280.0
280.0
356.0
333.0
332.0
280.0
280.0
333.0
333.0
333.0
281.0
282.0
281.0
283.0
279.0
278.0
272.0
269.0
264.0
263.0
263.0
262.0
