2.0
1.0
1.0
1.0
1.0
1.0
1.0
1.0
1.0
1.0
5.0
4.0
4.0
3.0
3.0
4.0
4.0
3.0
6.0
6.0
34.0
33.0
58.0
33.0
33.0
33.0
59.0
34.0
58.0
58.0
34.0
34.0
33.0
33.0
33.0
33.0
58.0
52.0
53.0
59.0
259.0
258.0
260.0
261.0
260.0
270.0
209.0
257.0
293.0
322.0
214.0
256.0
257.0
256.0
256.0
256.0
245.0
257.0
217.0
257.0
225.0
253.0
227.0
253.0
252.0
246.0
252.0
226.0
251.0
266.0
254.0
256.0
257.0
260.0
260.0
260.0
260.0
256.0
260.0
240.0
239.0
238.0
238.0
239.0
238.0
239.0
239.0
239.0
240.0
239.0
239.0
238.0
238.0
239.0
240.0
238.0
240.0
238.0
239.0
238.0
281.0
281.0
282.0
282.0
282.0
283.0
282.0
284.0
282.0
282.0
242.0
241.0
242.0
240.0
241.0
241.0
242.0
239.0
240.0
238.0
241.0
239.0
239.0
239.0
239.0
239.0
239.0
239.0
239.0
239.0
240.0
239.0
239.0
240.0
239.0
239.0
239.0
239.0
241.0
240.0
239.0
256.0
258.0
258.0
257.0
257.0
262.0
257.0
258.0
258.0
259.0
245.0
239.0
239.0
239.0
238.0
239.0
238.0
240.0
240.0
239.0
239.0
239.0
238.0
239.0
240.0
239.0
238.0
240.0
239.0
283.0
284.0
282.0
282.0
284.0
282.0
282.0
283.0
282.0
282.0
240.0
245.0
241.0
242.0
241.0
239.0
241.0
241.0
239.0
238.0
240.0
241.0
240.0
241.0
239.0
240.0
241.0
242.0
239.0
239.0
239.0
239.0
238.0
239.0
240.0
235.0
240.0
234.0
234.0
226.0
4.0
4.0
4.0
3.0
3.0
4.0
3.0
4.0
6.0
6.0
4.0
3.0
3.0
6.0
3.0
3.0
5.0
3.0
4.0
3.0
7.0
3.0
3.0
5.0
3.0
3.0
5.0
5.0
3.0
3.0
4.0
3.0
4.0
4.0
5.0
3.0
3.0
4.0
3.0
5.0
4.0
6.0
3.0
6.0
3.0
3.0
3.0
3.0
3.0
5.0
4.0
3.0
5.0
3.0
3.0
3.0
5.0
5.0
3.0
3.0
4.0
3.0
3.0
3.0
5.0
3.0
5.0
3.0
5.0
3.0
3.0
2.0
4.0
2.0
3.0
2.0
2.0
2.0
3.0
4.0
3.0
1.0
1.0
1.0
1.0
1.0
1.0
0.0
0.0
0.0
2.0
1.0
1.0
1.0
1.0
1.0
1.0
1.0
1.0
1.0
34.0
33.0
33.0
33.0
58.0
59.0
59.0
33.0
33.0
58.0
33.0
32.0
32.0
33.0
33.0
33.0
53.0
53.0
59.0
59.0
34.0
33.0
33.0
33.0
33.0
33.0
33.0
33.0
33.0
33.0
34.0
34.0
27.0
34.0
59.0
59.0
33.0
33.0
33.0
33.0
33.0
33.0
26.0
33.0
27.0
32.0
33.0
33.0
33.0
33.0
34.0
59.0
59.0
32.0
26.0
32.0
33.0
33.0
33.0
32.0
33.0
33.0
27.0
33.0
32.0
32.0
33.0
33.0
33.0
58.0
59.0
26.0
27.0
31.0
32.0
32.0
32.0
32.0
32.0
25.0
26.0
20.0
19.0
18.0
19.0
18.0
15.0
18.0
18.0
15.0
1.0
1.0
1.0
1.0
1.0
0.0
1.0
1.0
1.0
1.0
34.0
27.0
27.0
33.0
33.0
33.0
32.0
33.0
33.0
33.0
28.0
27.0
33.0
32.0
32.0
33.0
33.0
32.0
32.0
33.0
27.0
27.0
33.0
33.0
33.0
32.0
33.0
33.0
33.0
33.0
27.0
27.0
33.0
33.0
33.0
32.0
33.0
33.0
33.0
33.0
27.0
27.0
33.0
32.0
33.0
33.0
33.0
33.0
33.0
33.0
28.0
27.0
33.0
27.0
26.0
32.0
32.0
33.0
32.0
32.0
33.0
33.0
27.0
27.0
33.0
33.0
33.0
32.0
33.0
33.0
33.0
31.0
26.0
26.0
32.0
31.0
32.0
32.0
32.0
32.0
31.0
18.0
16.0
16.0
19.0
16.0
16.0
18.0
19.0
18.0
1.0
1.0
1.0
1.0
1.0
1.0
0.0
1.0
1.0
1.0
258.0
257.0
224.0
256.0
256.0
224.0
222.0
256.0
256.0
260.0
245.0
244.0
245.0
275.0
277.0
275.0
274.0
274.0
274.0
273.0
224.0
223.0
226.0
257.0
257.0
257.0
257.0
257.0
257.0
257.0
225.0
222.0
225.0
297.0
295.0
297.0
295.0
297.0
298.0
297.0
264.0
264.0
264.0
257.0
262.0
257.0
258.0
257.0
261.0
259.0
226.0
223.0
222.0
257.0
257.0
258.0
256.0
256.0
258.0
256.0
223.0
224.0
222.0
257.0
256.0
257.0
256.0
256.0
256.0
257.0
223.0
222.0
222.0
248.0
243.0
273.0
272.0
272.0
243.0
273.0
274.0
159.0
159.0
142.0
142.0
125.0
123.0
124.0
141.0
142.0
126.0
125.0
125.0
124.0
125.0
108.0
108.0
108.0
125.0
125.0
258.0
257.0
257.0
258.0
257.0
223.0
223.0
222.0
257.0
257.0
258.0
257.0
257.0
223.0
223.0
295.0
223.0
294.0
296.0
296.0
263.0
264.0
261.0
295.0
295.0
296.0
257.0
258.0
257.0
256.0
223.0
222.0
224.0
258.0
257.0
257.0
257.0
259.0
256.0
256.0
224.0
223.0
223.0
257.0
257.0
257.0
257.0
258.0
257.0
257.0
223.0
223.0
223.0
256.0
257.0
273.0
273.0
274.0
274.0
274.0
244.0
244.0
243.0
273.0
273.0
256.0
257.0
260.0
231.0
229.0
230.0
268.0
262.0
262.0
266.0
268.0
255.0
258.0
231.0
231.0
232.0
142.0
155.0
143.0
143.0
143.0
144.0
152.0
130.0
130.0
114.0
114.0
125.0
122.0
123.0
116.0
117.0
122.0
162.0
116.0
280.0
290.0
280.0
282.0
281.0
288.0
288.0
287.0
279.0
250.0
241.0
238.0
246.0
240.0
240.0
240.0
248.0
248.0
246.0
245.0
241.0
240.0
248.0
241.0
240.0
240.0
247.0
248.0
246.0
245.0
241.0
238.0
248.0
240.0
240.0
241.0
248.0
249.0
249.0
247.0
259.0
258.0
265.0
260.0
258.0
257.0
267.0
266.0
267.0
266.0
241.0
244.0
246.0
241.0
243.0
241.0
242.0
241.0
242.0
242.0
240.0
241.0
241.0
241.0
240.0
240.0
241.0
241.0
240.0
244.0
283.0
281.0
283.0
281.0
281.0
283.0
284.0
284.0
281.0
282.0
240.0
132.0
135.0
132.0
133.0
132.0
132.0
134.0
134.0
135.0
117.0
118.0
116.0
117.0
117.0
116.0
117.0
116.0
117.0
118.0
242.0
243.0
238.0
241.0
240.0
241.0
241.0
242.0
241.0
243.0
241.0
243.0
238.0
239.0
240.0
240.0
241.0
240.0
241.0
243.0
261.0
261.0
258.0
257.0
258.0
258.0
259.0
258.0
261.0
259.0
242.0
241.0
238.0
239.0
238.0
238.0
241.0
239.0
240.0
241.0
241.0
241.0
239.0
239.0
240.0
239.0
240.0
239.0
241.0
241.0
285.0
285.0
283.0
282.0
282.0
282.0
282.0
286.0
288.0
286.0
243.0
242.0
240.0
241.0
240.0
240.0
240.0
240.0
243.0
243.0
240.0
243.0
237.0
240.0
241.0
239.0
240.0
240.0
242.0
242.0
240.0
134.0
132.0
132.0
132.0
132.0
133.0
133.0
135.0
134.0
118.0
116.0
116.0
117.0
118.0
117.0
117.0
117.0
122.0
118.0
261.0
257.0
260.0
258.0
259.0
258.0
260.0
260.0
260.0
261.0
243.0
238.0
238.0
241.0
239.0
238.0
241.0
241.0
241.0
241.0
242.0
239.0
238.0
239.0
238.0
239.0
241.0
242.0
241.0
241.0
285.0
282.0
281.0
287.0
281.0
281.0
285.0
283.0
284.0
282.0
243.0
238.0
239.0
238.0
239.0
239.0
241.0
240.0
241.0
241.0
239.0
240.0
238.0
237.0
242.0
238.0
240.0
240.0
240.0
241.0
243.0
241.0
238.0
245.0
238.0
238.0
243.0
240.0
241.0
240.0
259.0
256.0
256.0
256.0
256.0
257.0
258.0
259.0
259.0
258.0
239.0
133.0
132.0
132.0
132.0
132.0
133.0
132.0
133.0
132.0
117.0
116.0
115.0
116.0
115.0
118.0
118.0
118.0
117.0
116.0
241.0
238.0
238.0
238.0
239.0
241.0
240.0
241.0
240.0
238.0
284.0
285.0
282.0
282.0
281.0
285.0
285.0
286.0
285.0
282.0
241.0
243.0
240.0
240.0
245.0
244.0
241.0
243.0
244.0
240.0
241.0
250.0
239.0
240.0
240.0
243.0
240.0
243.0
238.0
242.0
241.0
243.0
240.0
244.0
241.0
240.0
241.0
238.0
245.0
243.0
260.0
256.0
259.0
262.0
260.0
263.0
261.0
255.0
265.0
264.0
233.0
232.0
231.0
250.0
250.0
250.0
249.0
231.0
250.0
250.0
230.0
230.0
229.0
248.0
248.0
229.0
248.0
248.0
249.0
249.0
230.0
128.0
127.0
138.0
138.0
127.0
138.0
139.0
127.0
127.0
122.0
121.0
165.0
158.0
166.0
158.0
166.0
166.0
158.0
158.0
294.0
294.0
249.0
231.0
250.0
232.0
231.0
250.0
249.0
230.0
250.0
250.0
230.0
250.0
230.0
249.0
230.0
231.0
249.0
250.0
250.0
250.0
231.0
231.0
249.0
232.0
249.0
230.0
250.0
249.0
251.0
249.0
230.0
230.0
267.0
249.0
250.0
266.0
266.0
267.0
251.0
267.0
266.0
251.0
231.0
231.0
250.0
249.0
250.0
250.0
231.0
229.0
249.0
249.0
230.0
230.0
249.0
250.0
250.0
250.0
230.0
230.0
230.0
271.0
292.0
291.0
293.0
294.0
295.0
293.0
274.0
272.0
274.0
232.0
254.0
256.0
253.0
253.0
252.0
253.0
231.0
128.0
128.0
127.0
138.0
138.0
138.0
128.0
138.0
127.0
113.0
121.0
121.0
122.0
112.0
121.0
111.0
121.0
111.0
112.0
250.0
249.0
249.0
230.0
249.0
250.0
230.0
231.0
250.0
230.0
250.0
266.0
266.0
231.0
267.0
267.0
251.0
249.0
250.0
267.0
268.0
250.0
251.0
250.0
230.0
249.0
249.0
231.0
231.0
250.0
231.0
249.0
250.0
249.0
231.0
230.0
249.0
249.0
230.0
251.0
231.0
250.0
230.0
293.0
230.0
294.0
274.0
295.0
294.0
296.0
276.0
276.0
296.0
276.0
232.0
253.0
252.0
253.0
252.0
251.0
238.0
232.0
231.0
233.0
250.0
249.0
252.0
253.0
252.0
249.0
231.0
231.0
230.0
232.0
248.0
249.0
248.0
249.0
248.0
248.0
230.0
128.0
128.0
128.0
138.0
138.0
138.0
138.0
138.0
127.0
112.0
111.0
122.0
112.0
138.0
139.0
139.0
132.0
132.0
139.0
268.0
251.0
267.0
250.0
249.0
249.0
250.0
230.0
231.0
249.0
231.0
250.0
250.0
233.0
250.0
250.0
230.0
250.0
230.0
249.0
231.0
249.0
234.0
249.0
292.0
230.0
231.0
291.0
292.0
292.0
279.0
299.0
283.0
298.0
285.0
285.0
259.0
255.0
256.0
265.0
250.0
244.0
250.0
250.0
240.0
243.0
254.0
250.0
250.0
250.0
244.0
242.0
249.0
240.0
249.0
243.0
251.0
250.0
249.0
250.0
237.0
234.0
249.0
231.0
230.0
250.0
266.0
267.0
267.0
266.0
251.0
251.0
250.0
267.0
250.0
269.0
249.0
248.0
248.0
250.0
230.0
127.0
127.0
127.0
138.0
138.0
128.0
139.0
139.0
139.0
112.0
112.0
121.0
111.0
121.0
122.0
111.0
122.0
112.0
121.0
250.0
232.0
230.0
252.0
249.0
249.0
231.0
272.0
292.0
293.0
274.0
274.0
294.0
293.0
294.0
272.0
293.0
232.0
256.0
252.0
233.0
232.0
252.0
252.0
252.0
230.0
251.0
233.0
251.0
249.0
232.0
233.0
249.0
230.0
250.0
252.0
233.0
250.0
251.0
250.0
234.0
233.0
231.0
250.0
252.0
232.0
251.0
249.0
268.0
267.0
256.0
250.0
251.0
267.0
250.0
268.0
269.0
268.0
250.0
249.0
231.0
231.0
231.0
231.0
249.0
249.0
255.0
249.0
249.0
249.0
231.0
229.0
230.0
230.0
249.0
249.0
248.0
249.0
291.0
275.0
291.0
128.0
128.0
170.0
171.0
182.0
182.0
183.0
171.0
182.0
113.0
112.0
121.0
121.0
112.0
123.0
122.0
113.0
122.0
113.0
253.0
232.0
249.0
233.0
250.0
249.0
253.0
231.0
251.0
233.0
233.0
250.0
233.0
249.0
249.0
253.0
231.0
233.0
251.0
251.0
234.0
232.0
252.0
250.0
251.0
231.0
250.0
233.0
251.0
253.0
253.0
251.0
267.0
266.0
266.0
250.0
250.0
267.0
267.0
267.0
231.0
231.0
249.0
232.0
249.0
250.0
231.0
252.0
251.0
250.0
231.0
230.0
232.0
250.0
234.0
249.0
251.0
250.0
293.0
292.0
274.0
272.0
273.0
294.0
273.0
292.0
293.0
295.0
252.0
253.0
232.0
229.0
232.0
233.0
249.0
248.0
248.0
252.0
251.0
252.0
231.0
152.0
127.0
129.0
138.0
138.0
137.0
127.0
140.0
129.0
113.0
114.0
123.0
122.0
121.0
116.0
121.0
121.0
113.0
121.0
234.0
233.0
252.0
252.0
249.0
229.0
249.0
249.0
230.0
251.0
253.0
252.0
268.0
268.0
251.0
268.0
268.0
268.0
250.0
268.0
231.0
230.0
250.0
249.0
230.0
249.0
231.0
250.0
249.0
249.0
230.0
230.0
231.0
250.0
249.0
230.0
250.0
249.0
249.0
249.0
275.0
276.0
276.0
299.0
296.0
277.0
297.0
295.0
296.0
295.0
232.0
231.0
232.0
232.0
252.0
250.0
249.0
249.0
250.0
250.0
233.0
232.0
232.0
231.0
251.0
251.0
250.0
249.0
249.0
252.0
233.0
232.0
232.0
230.0
251.0
251.0
248.0
249.0
248.0
231.0
232.0
140.0
129.0
127.0
157.0
156.0
156.0
148.0
156.0
156.0
140.0
132.0
132.0
132.0
121.0
121.0
122.0
112.0
122.0
112.0
250.0
231.0
230.0
250.0
249.0
249.0
249.0
230.0
230.0
249.0
231.0
231.0
250.0
249.0
230.0
250.0
250.0
231.0
250.0
249.0
277.0
277.0
296.0
296.0
278.0
276.0
297.0
296.0
297.0
299.0
231.0
232.0
252.0
253.0
232.0
230.0
253.0
253.0
250.0
251.0
230.0
232.0
250.0
249.0
232.0
231.0
251.0
252.0
252.0
249.0
231.0
232.0
233.0
249.0
229.0
249.0
250.0
251.0
251.0
249.0
231.0
231.0
252.0
250.0
266.0
266.0
267.0
268.0
267.0
267.0
250.0
249.0
232.0
229.0
248.0
248.0
248.0
251.0
248.0
229.0
230.0
138.0
128.0
127.0
138.0
138.0
138.0
128.0
128.0
138.0
112.0
112.0
122.0
121.0
121.0
121.0
121.0
112.0
112.0
111.0
273.0
291.0
290.0
289.0
291.0
290.0
292.0
272.0
271.0
272.0
231.0
250.0
250.0
249.0
250.0
253.0
250.0
230.0
231.0
231.0
231.0
250.0
249.0
250.0
250.0
251.0
230.0
250.0
230.0
230.0
231.0
250.0
249.0
249.0
230.0
230.0
249.0
230.0
249.0
249.0
231.0
267.0
268.0
267.0
249.0
251.0
252.0
268.0
268.0
267.0
252.0
249.0
230.0
249.0
249.0
232.0
230.0
249.0
249.0
249.0
230.0
230.0
229.0
229.0
252.0
249.0
250.0
249.0
249.0
250.0
231.0
272.0
272.0
273.0
292.0
292.0
291.0
291.0
294.0
291.0
275.0
128.0
128.0
128.0
139.0
140.0
139.0
138.0
139.0
139.0
113.0
114.0
112.0
112.0
121.0
121.0
122.0
121.0
112.0
112.0
250.0
231.0
231.0
249.0
250.0
249.0
249.0
230.0
230.0
249.0
231.0
231.0
250.0
249.0
249.0
249.0
249.0
230.0
230.0
250.0
231.0
230.0
268.0
268.0
249.0
268.0
249.0
269.0
268.0
267.0
250.0
250.0
250.0
250.0
231.0
230.0
250.0
252.0
250.0
250.0
231.0
231.0
250.0
249.0
230.0
230.0
250.0
249.0
253.0
249.0
230.0
230.0
289.0
289.0
270.0
271.0
291.0
292.0
290.0
289.0
273.0
271.0
232.0
231.0
250.0
249.0
254.0
251.0
249.0
249.0
232.0
232.0
231.0
231.0
251.0
249.0
249.0
248.0
249.0
230.0
231.0
138.0
127.0
128.0
138.0
138.0
138.0
141.0
144.0
142.0
116.0
115.0
116.0
116.0
128.0
127.0
127.0
122.0
121.0
120.0
265.0
269.0
269.0
273.0
266.0
272.0
271.0
267.0
267.0
268.0
253.0
246.0
246.0
248.0
247.0
252.0
246.0
252.0
253.0
254.0
249.0
246.0
246.0
247.0
243.0
245.0
244.0
242.0
242.0
241.0
239.0
282.0
282.0
283.0
283.0
283.0
281.0
281.0
281.0
281.0
280.0
244.0
243.0
243.0
243.0
241.0
239.0
240.0
241.0
240.0
240.0
243.0
243.0
244.0
242.0
242.0
241.0
240.0
242.0
241.0
241.0
242.0
244.0
243.0
243.0
240.0
242.0
240.0
240.0
240.0
239.0
245.0
240.0
240.0
257.0
254.0
258.0
257.0
257.0
256.0
257.0
152.0
151.0
152.0
133.0
134.0
133.0
132.0
132.0
132.0
119.0
118.0
118.0
116.0
118.0
118.0
116.0
117.0
116.0
116.0
241.0
241.0
240.0
238.0
240.0
241.0
238.0
241.0
238.0
238.0
242.0
240.0
284.0
283.0
286.0
285.0
283.0
284.0
283.0
283.0
287.0
285.0
244.0
240.0
243.0
241.0
239.0
246.0
240.0
240.0
244.0
243.0
242.0
240.0
241.0
241.0
238.0
240.0
240.0
241.0
243.0
244.0
242.0
240.0
241.0
240.0
239.0
242.0
240.0
240.0
243.0
241.0
242.0
239.0
257.0
256.0
257.0
259.0
258.0
259.0
260.0
258.0
258.0
257.0
242.0
240.0
245.0
239.0
238.0
239.0
241.0
240.0
240.0
237.0
240.0
240.0
237.0
237.0
238.0
237.0
240.0
133.0
133.0
132.0
133.0
133.0
132.0
132.0
132.0
132.0
117.0
117.0
115.0
157.0
157.0
158.0
158.0
157.0
158.0
153.0
