4.0
3.0
2.0
2.0
2.0
2.0
2.0
2.0
3.0
2.0
3.0
2.0
2.0
2.0
3.0
2.0
3.0
2.0
3.0
3.0
2.0
2.0
2.0
3.0
3.0
2.0
2.0
4.0
2.0
2.0
4.0
2.0
4.0
2.0
2.0
2.0
4.0
2.0
3.0
3.0
3.0
2.0
2.0
3.0
3.0
3.0
2.0
2.0
2.0
2.0
2.0
3.0
2.0
3.0
3.0
2.0
2.0
4.0
2.0
3.0
3.0
2.0
2.0
2.0
2.0
4.0
2.0
2.0
3.0
2.0
3.0
2.0
3.0
2.0
2.0
2.0
2.0
3.0
3.0
2.0
3.0
2.0
4.0
2.0
2.0
4.0
3.0
2.0
2.0
2.0
1750.0
1706.0
1477.0
1967.0
1695.0
1640.0
1751.0
1789.0
1704.0
1818.0
1481.0
1464.0
1633.0
1633.0
1632.0
1668.0
1649.0
1632.0
1444.0
1629.0
1477.0
1473.0
1479.0
1668.0
1701.0
1713.0
1741.0
1676.0
1669.0
1662.0
1456.0
1461.0
1458.0
1642.0
1665.0
1680.0
1669.0
1670.0
1691.0
1687.0
1459.0
1451.0
1464.0
1666.0
1633.0
1646.0
1643.0
1646.0
1638.0
1635.0
1440.0
1440.0
1455.0
1669.0
1697.0
1673.0
1678.0
1703.0
1674.0
1702.0
1494.0
1492.0
1467.0
1637.0
1669.0
1639.0
1654.0
1651.0
1656.0
1651.0
1444.0
1446.0
1444.0
1665.0
1692.0
1674.0
1476.0
1693.0
1696.0
1696.0
1484.0
1667.0
1485.0
1432.0
1650.0
1441.0
1644.0
1645.0
1649.0
1658.0
1642.0
1440.0
1642.0
1474.0
1466.0
1654.0
1469.0
1680.0
1684.0
1690.0
1678.0
1684.0
1683.0
1437.0
1444.0
1446.0
1646.0
1633.0
1635.0
1636.0
1635.0
1637.0
1646.0
1464.0
1449.0
1435.0
1525.0
1531.0
1548.0
1517.0
2.0
2.0
2.0
2.0
3.0
2.0
2.0
2.0
3.0
3.0
1.0
2.0
2.0
2.0
2.0
2.0
3.0
2.0
2.0
1.0
3.0
1.0
3.0
2.0
2.0
2.0
2.0
2.0
3.0
1.0
1.0
3.0
2.0
1.0
2.0
3.0
2.0
2.0
2.0
2.0
1.0
3.0
2.0
2.0
2.0
2.0
2.0
2.0
2.0
2.0
2.0
2.0
1.0
1.0
1.0
2.0
3.0
2.0
2.0
2.0
3.0
2.0
2.0
1.0
2.0
1.0
2.0
2.0
3.0
2.0
2.0
2.0
3.0
2.0
1.0
3.0
3.0
2.0
2.0
2.0
2.0
2.0
1.0
3.0
3.0
1.0
2.0
2.0
2.0
2.0
3.0
3.0
2.0
2.0
1.0
1.0
2.0
1.0
1.0
3.0
2.0
3.0
3.0
2.0
2.0
2.0
2.0
1.0
2.0
2.0
3.0
2.0
2.0
2.0
2.0
2.0
3.0
3.0
2.0
2.0
2.0
2.0
2.0
2.0
3.0
2.0
3.0
1.0
2.0
2.0
2.0
2.0
3.0
3.0
1.0
3.0
2.0
1.0
1.0
3.0
2.0
2.0
2.0
3.0
3.0
2.0
2.0
2.0
1.0
2.0
3.0
2.0
2.0
2.0
2.0
2.0
1.0
1.0
2.0
3.0
2.0
2.0
2.0
2.0
3.0
2.0
2.0
2.0
2.0
3.0
1.0
1.0
1.0
3.0
2.0
2.0
1.0
3.0
2.0
3.0
2.0
2.0
1.0
2.0
3.0
2.0
2.0
2.0
2.0
2.0
1.0
3.0
2.0
2.0
3.0
2.0
2.0
2.0
3.0
2.0
4.0
2.0
2.0
1.0
2.0
2.0
2.0
3.0
2.0
1.0
2.0
3.0
2.0
2.0
2.0
3.0
2.0
2.0
2.0
2.0
3.0
2.0
1.0
1.0
2.0
3.0
2.0
2.0
3.0
2.0
2.0
2.0
2.0
1.0
2.0
3.0
2.0
1.0
3.0
2.0
2.0
2.0
1.0
3.0
3.0
1.0
1.0
2.0
3.0
2.0
2.0
1.0
3.0
2.0
2.0
1.0
3.0
2.0
2.0
2.0
3.0
3.0
2.0
2.0
2.0
3.0
1.0
1.0
2.0
2.0
2.0
2.0
3.0
2.0
2.0
1.0
1.0
3.0
2.0
1.0
2.0
2.0
2.0
2.0
3.0
1.0
3.0
1.0
2.0
2.0
2.0
2.0
2.0
2.0
2.0
2.0
3.0
2.0
2.0
2.0
2.0
3.0
2.0
2.0
2.0
3.0
1.0
1.0
1.0
2.0
2.0
3.0
2.0
3.0
2.0
2.0
2.0
2.0
1.0
2.0
3.0
1.0
3.0
2.0
2.0
2.0
2.0
1.0
3.0
2.0
3.0
2.0
2.0
2.0
2.0
3.0
2.0
3.0
2.0
2.0
2.0
2.0
2.0
2.0
2.0
3.0
2.0
3.0
1.0
1.0
3.0
2.0
2.0
2.0
2.0
1.0
3.0
2.0
2.0
1.0
1.0
2.0
3.0
2.0
2.0
2.0
2.0
3.0
2.0
2.0
2.0
3.0
2.0
3.0
2.0
2.0
2.0
2.0
2.0
1.0
2.0
3.0
2.0
2.0
2.0
3.0
2.0
2.0
1.0
3.0
3.0
1.0
1.0
1.0
1.0
3.0
2.0
2.0
3.0
2.0
2.0
2.0
1.0
2.0
2.0
2.0
3.0
3.0
2.0
2.0
2.0
1.0
2.0
1.0
2.0
2.0
2.0
2.0
2.0
3.0
2.0
1.0
3.0
2.0
2.0
1.0
2.0
2.0
2.0
2.0
3.0
2.0
3.0
2.0
1.0
3.0
1.0
2.0
2.0
3.0
2.0
2.0
2.0
3.0
2.0
2.0
2.0
3.0
1.0
3.0
2.0
2.0
2.0
3.0
1.0
2.0
3.0
2.0
1.0
2.0
3.0
2.0
2.0
2.0
1.0
3.0
2.0
2.0
1.0
2.0
2.0
3.0
2.0
3.0
2.0
2.0
2.0
2.0
1.0
2.0
3.0
2.0
2.0
3.0
2.0
2.0
2.0
1.0
2.0
2.0
2.0
1.0
2.0
2.0
3.0
2.0
2.0
2.0
3.0
1.0
3.0
1.0
2.0
2.0
2.0
3.0
2.0
3.0
2.0
2.0
2.0
3.0
2.0
2.0
1.0
3.0
2.0
2.0
3.0
1.0
2.0
2.0
3.0
2.0
3.0
2.0
2.0
1.0
1.0
1.0
3.0
3.0
2.0
1.0
1.0
3.0
2.0
2.0
2.0
2.0
2.0
2.0
2.0
3.0
2.0
2.0
2.0
3.0
2.0
2.0
2.0
2.0
3.0
2.0
2.0
2.0
2.0
2.0
2.0
2.0
3.0
2.0
1.0
1.0
2.0
3.0
1.0
1.0
2.0
2.0
3.0
1.0
2.0
3.0
2.0
2.0
2.0
1.0
2.0
3.0
2.0
2.0
2.0
2.0
3.0
2.0
2.0
3.0
2.0
3.0
1.0
2.0
2.0
3.0
2.0
1.0
2.0
3.0
2.0
1.0
3.0
2.0
2.0
3.0
2.0
1.0
3.0
2.0
2.0
1.0
1.0
3.0
2.0
2.0
3.0
2.0
2.0
3.0
2.0
2.0
2.0
3.0
2.0
2.0
3.0
2.0
2.0
2.0
1.0
3.0
2.0
3.0
1.0
3.0
2.0
2.0
2.0
2.0
2.0
3.0
2.0
2.0
3.0
2.0
2.0
3.0
2.0
1.0
3.0
2.0
1.0
1.0
3.0
2.0
2.0
2.0
2.0
3.0
2.0
2.0
2.0
1.0
2.0
1.0
2.0
3.0
1.0
2.0
2.0
2.0
2.0
1.0
2.0
2.0
2.0
2.0
2.0
2.0
2.0
2.0
2.0
1.0
2.0
3.0
2.0
1.0
1.0
1.0
2.0
3.0
1.0
1.0
3.0
1.0
1.0
1.0
2.0
3.0
2.0
3.0
1.0
3.0
2.0
2.0
2.0
2.0
2.0
3.0
2.0
2.0
2.0
2.0
3.0
3.0
2.0
2.0
3.0
2.0
2.0
2.0
2.0
3.0
2.0
1.0
2.0
3.0
3.0
1.0
1.0
2.0
3.0
2.0
1.0
2.0
3.0
2.0
2.0
1.0
3.0
3.0
2.0
1.0
1.0
3.0
2.0
2.0
2.0
3.0
2.0
2.0
2.0
3.0
3.0
2.0
2.0
2.0
2.0
3.0
2.0
2.0
2.0
1.0
2.0
2.0
1.0
2.0
3.0
3.0
2.0
2.0
1.0
2.0
3.0
2.0
2.0
1.0
2.0
2.0
2.0
1.0
3.0
3.0
2.0
2.0
2.0
2.0
2.0
2.0
3.0
2.0
2.0
2.0
2.0
2.0
1.0
2.0
2.0
2.0
3.0
1.0
1651.0
1692.0
1573.0
1634.0
1651.0
1640.0
1842.0
1640.0
1502.0
1784.0
1568.0
1536.0
1529.0
1526.0
1534.0
1538.0
1527.0
1534.0
1524.0
1528.0
1585.0
1582.0
1586.0
1559.0
1592.0
1583.0
1590.0
1595.0
1568.0
1587.0
1532.0
1528.0
1536.0
1536.0
1542.0
1552.0
1545.0
1547.0
1536.0
1542.0
1620.0
1624.0
1602.0
1605.0
1609.0
875.0
877.0
892.0
887.0
927.0
1578.0
1569.0
1553.0
1543.0
1544.0
1537.0
1540.0
1536.0
1536.0
1537.0
1566.0
1571.0
1585.0
1609.0
1566.0
1549.0
1609.0
1555.0
1601.0
1566.0
1537.0
1538.0
1539.0
1547.0
1542.0
1539.0
1528.0
1526.0
1527.0
1526.0
1572.0
1570.0
1573.0
1553.0
1559.0
1559.0
1559.0
1580.0
1566.0
1579.0
1540.0
1545.0
1559.0
1535.0
1541.0
840.0
845.0
846.0
844.0
854.0
1555.0
1552.0
1587.0
1586.0
1562.0
1586.0
1553.0
1603.0
1598.0
1610.0
1533.0
1534.0
1537.0
1538.0
1542.0
1548.0
1536.0
1546.0
1532.0
1531.0
1549.0
1550.0
1560.0
1562.0
1569.0
1567.0
1563.0
1571.0
1566.0
1569.0
1544.0
1534.0
1548.0
1531.0
1534.0
1529.0
1537.0
1526.0
1534.0
1529.0
1568.0
1581.0
1578.0
1579.0
1595.0
874.0
873.0
903.0
875.0
873.0
1575.0
1578.0
1582.0
1561.0
1578.0
1536.0
1559.0
1532.0
1535.0
1538.0
1564.0
1559.0
1558.0
1552.0
1558.0
1560.0
1580.0
1583.0
1562.0
1583.0
1537.0
1538.0
1532.0
1537.0
1535.0
1523.0
1526.0
1524.0
1524.0
1557.0
1562.0
1568.0
1564.0
1585.0
1569.0
1568.0
1575.0
1569.0
1568.0
1529.0
1545.0
1543.0
1535.0
1530.0
1524.0
841.0
846.0
843.0
845.0
844.0
1551.0
1557.0
1549.0
1561.0
1571.0
1566.0
1577.0
1572.0
1576.0
1567.0
1531.0
1539.0
1534.0
1533.0
1522.0
1530.0
1530.0
1523.0
1536.0
1530.0
1553.0
1577.0
1555.0
1571.0
1581.0
1586.0
1568.0
1559.0
1568.0
1562.0
1537.0
1538.0
1525.0
1523.0
1524.0
1531.0
1531.0
1524.0
1537.0
1523.0
1566.0
1590.0
1599.0
1577.0
1578.0
895.0
868.0
902.0
930.0
879.0
1584.0
1590.0
1590.0
1591.0
1576.0
1578.0
1580.0
1562.0
1564.0
1564.0
1559.0
1560.0
1562.0
1558.0
1570.0
1575.0
1585.0
1579.0
1580.0
1582.0
1547.0
1550.0
1552.0
1526.0
1542.0
1520.0
1544.0
1525.0
1570.0
1582.0
1572.0
1573.0
1572.0
1614.0
1582.0
1560.0
1559.0
1570.0
1537.0
1540.0
1553.0
1556.0
1548.0
1548.0
1526.0
856.0
837.0
851.0
856.0
866.0
1553.0
1546.0
1557.0
1570.0
1573.0
1624.0
1582.0
1590.0
1562.0
1590.0
1542.0
1550.0
1525.0
1535.0
1536.0
1530.0
1531.0
1531.0
1531.0
1526.0
1544.0
1573.0
1554.0
1562.0
1573.0
1571.0
1577.0
1577.0
1579.0
1575.0
1534.0
1530.0
1528.0
1524.0
1523.0
1529.0
1534.0
1526.0
1528.0
1524.0
1541.0
1557.0
1555.0
1564.0
1576.0
863.0
873.0
866.0
864.0
867.0
1590.0
1592.0
1576.0
1590.0
1546.0
1540.0
1588.0
1715.0
1530.0
1523.0
1555.0
1553.0
1542.0
1542.0
1554.0
1554.0
1553.0
1555.0
1551.0
1560.0
1540.0
1536.0
1530.0
1531.0
1540.0
1521.0
1520.0
1525.0
1550.0
1556.0
1560.0
1544.0
1539.0
1548.0
1572.0
1549.0
1548.0
1550.0
1539.0
1557.0
1543.0
1541.0
1533.0
1522.0
1529.0
832.0
843.0
844.0
842.0
845.0
1550.0
1544.0
1554.0
1540.0
1572.0
1558.0
1559.0
1593.0
1572.0
1560.0
1533.0
1535.0
1543.0
1537.0
1563.0
1532.0
1533.0
1525.0
1521.0
1530.0
1541.0
1563.0
1567.0
1571.0
1593.0
1555.0
1573.0
1553.0
1571.0
1557.0
1529.0
1529.0
1527.0
1518.0
1533.0
1530.0
1529.0
1523.0
1521.0
1530.0
1541.0
1563.0
1572.0
1569.0
1553.0
891.0
887.0
893.0
863.0
865.0
1563.0
1562.0
1564.0
1563.0
1569.0
1565.0
1547.0
1590.0
1609.0
1588.0
1583.0
1579.0
1558.0
1566.0
1559.0
1564.0
1551.0
1563.0
1570.0
1556.0
1532.0
1560.0
1537.0
1532.0
1542.0
1535.0
1524.0
1529.0
1556.0
1556.0
1596.0
1587.0
1558.0
1601.0
1590.0
1561.0
1576.0
1581.0
1547.0
1531.0
1540.0
1525.0
1523.0
1528.0
1523.0
840.0
840.0
843.0
842.0
844.0
1560.0
1569.0
1545.0
1579.0
1556.0
1553.0
1574.0
1572.0
1562.0
1551.0
1541.0
1535.0
1543.0
1540.0
1538.0
1530.0
1526.0
1528.0
1527.0
1529.0
1545.0
1542.0
1544.0
1547.0
1556.0
1555.0
1551.0
1549.0
1554.0
1554.0
1540.0
1529.0
1541.0
1523.0
1538.0
1532.0
1523.0
1524.0
1525.0
1530.0
1553.0
1564.0
1558.0
1572.0
1557.0
863.0
862.0
861.0
861.0
894.0
1543.0
1566.0
1566.0
1570.0
1549.0
1545.0
1554.0
1535.0
1558.0
1534.0
1570.0
1555.0
1556.0
1546.0
1567.0
1559.0
1561.0
1562.0
1564.0
1584.0
1543.0
1533.0
1534.0
1534.0
1543.0
1541.0
1521.0
1526.0
1525.0
1557.0
1547.0
1538.0
1539.0
1543.0
1557.0
1557.0
1552.0
1554.0
1551.0
1532.0
1536.0
1546.0
1539.0
1539.0
1534.0
838.0
844.0
843.0
844.0
845.0
1565.0
1547.0
1543.0
1552.0
1570.0
1553.0
1570.0
1580.0
1559.0
1572.0
1544.0
1537.0
1540.0
1546.0
1535.0
1522.0
1527.0
1534.0
1525.0
1536.0
1571.0
1540.0
1541.0
1549.0
1579.0
1550.0
1553.0
1601.0
1553.0
1560.0
1540.0
1535.0
1534.0
1524.0
1523.0
1529.0
1532.0
1525.0
1529.0
1535.0
1549.0
1556.0
1549.0
1552.0
1554.0
863.0
875.0
867.0
866.0
871.0
1553.0
1557.0
1557.0
1554.0
1557.0
1557.0
1549.0
1539.0
1542.0
1540.0
1552.0
1548.0
1544.0
1549.0
1561.0
1554.0
1551.0
1554.0
1559.0
1553.0
1540.0
1538.0
1534.0
1539.0
1548.0
1542.0
1527.0
1527.0
1521.0
1552.0
1562.0
1557.0
1557.0
1566.0
1571.0
1565.0
1562.0
1551.0
1560.0
1529.0
1574.0
1534.0
1559.0
1531.0
1531.0
834.0
841.0
842.0
843.0
842.0
1557.0
1565.0
1542.0
1578.0
1590.0
1579.0
1574.0
1553.0
1581.0
1578.0
1542.0
1546.0
1543.0
1543.0
1530.0
1533.0
1532.0
1537.0
1537.0
1540.0
1554.0
1556.0
1537.0
1573.0
1572.0
1579.0
1575.0
1576.0
1576.0
1562.0
1538.0
1529.0
1534.0
1523.0
1522.0
1522.0
1524.0
1530.0
1530.0
1530.0
1551.0
1553.0
1542.0
1568.0
1557.0
871.0
863.0
871.0
871.0
867.0
1546.0
1537.0
1588.0
1633.0
1563.0
1590.0
1564.0
1557.0
1533.0
1530.0
1587.0
1584.0
1656.0
1570.0
1577.0
1557.0
1581.0
1560.0
1597.0
1580.0
1541.0
1536.0
1537.0
1553.0
1540.0
1548.0
1523.0
1523.0
1521.0
1522.0
1548.0
1577.0
1557.0
1595.0
1584.0
1565.0
1559.0
1577.0
1572.0
1573.0
1549.0
1549.0
1542.0
1543.0
1543.0
837.0
849.0
849.0
854.0
853.0
1569.0
1542.0
1545.0
1556.0
1552.0
1565.0
1561.0
1557.0
1556.0
1571.0
1547.0
1536.0
1541.0
1531.0
1537.0
1524.0
1523.0
1529.0
1529.0
1563.0
1554.0
1540.0
1544.0
1549.0
1547.0
1564.0
1568.0
1552.0
1569.0
1583.0
1542.0
1539.0
1529.0
1522.0
1522.0
1520.0
1522.0
1526.0
1531.0
1560.0
1552.0
1591.0
1581.0
1574.0
1558.0
890.0
893.0
871.0
871.0
837.0
1554.0
1547.0
1541.0
1546.0
1543.0
1547.0
1546.0
1554.0
1539.0
1534.0
1552.0
1577.0
1546.0
1549.0
1545.0
1556.0
1552.0
1547.0
1550.0
1546.0
1532.0
1534.0
1538.0
1542.0
1542.0
1541.0
1528.0
1521.0
1525.0
1522.0
1571.0
1587.0
1546.0
1569.0
1558.0
1584.0
1583.0
1572.0
1570.0
1549.0
1540.0
1543.0
1532.0
1536.0
1533.0
843.0
852.0
851.0
851.0
851.0
1548.0
1551.0
1540.0
1543.0
1541.0
1550.0
1559.0
1555.0
1559.0
1558.0
1538.0
1529.0
1538.0
1533.0
1533.0
1524.0
1527.0
1524.0
1528.0
1526.0
1545.0
1567.0
1591.0
1547.0
1598.0
1557.0
1560.0
1580.0
1579.0
1562.0
1544.0
1543.0
1543.0
1524.0
1526.0
1524.0
1525.0
1529.0
1538.0
1526.0
1556.0
1539.0
1556.0
1547.0
1560.0
864.0
866.0
862.0
866.0
864.0
1533.0
1539.0
1531.0
1545.0
1554.0
1557.0
1540.0
1557.0
1530.0
1538.0
1556.0
1583.0
1562.0
1583.0
1604.0
1595.0
1592.0
1589.0
1564.0
1564.0
1536.0
1542.0
1540.0
1568.0
1550.0
1562.0
1552.0
1540.0
1565.0
1565.0
1546.0
1559.0
1554.0
1561.0
1558.0
1555.0
1563.0
1557.0
1551.0
1552.0
1540.0
1558.0
1541.0
1535.0
1539.0
851.0
852.0
843.0
849.0
849.0
1565.0
1577.0
1548.0
1567.0
1580.0
1587.0
1550.0
1579.0
1561.0
1566.0
1543.0
1548.0
1548.0
1540.0
1542.0
1523.0
1528.0
1522.0
1528.0
1528.0
1547.0
1544.0
1546.0
1555.0
1564.0
1559.0
1553.0
1566.0
1552.0
1558.0
1529.0
1558.0
1539.0
1531.0
1522.0
1523.0
1528.0
1523.0
1562.0
1559.0
1546.0
1552.0
1578.0
1562.0
1579.0
892.0
875.0
896.0
863.0
838.0
1539.0
1540.0
1533.0
1537.0
1541.0
1535.0
1543.0
1543.0
1537.0
1547.0
1571.0
1575.0
1577.0
1610.0
1603.0
1621.0
1589.0
1600.0
1586.0
1588.0
1538.0
1547.0
1541.0
1533.0
1533.0
1519.0
1525.0
1532.0
1521.0
1520.0
1574.0
1610.0
1614.0
1615.0
1609.0
1601.0
1586.0
1618.0
1596.0
1571.0
1533.0
1548.0
1524.0
1532.0
1555.0
844.0
841.0
847.0
843.0
844.0
1543.0
1542.0
1549.0
1540.0
1560.0
1540.0
1557.0
1551.0
1556.0
1574.0
1529.0
1539.0
1542.0
1531.0
1569.0
1529.0
1529.0
1520.0
1531.0
1533.0
1539.0
1542.0
1557.0
1539.0
1551.0
1550.0
1562.0
1554.0
1560.0
1557.0
1531.0
1533.0
1539.0
1531.0
1523.0
1519.0
1528.0
1532.0
1569.0
1583.0
1621.0
1542.0
1571.0
1565.0
1558.0
886.0
866.0
891.0
843.0
849.0
1543.0
1544.0
1544.0
1550.0
1543.0
1524.0
1531.0
1534.0
1522.0
1534.0
1588.0
1606.0
1595.0
1605.0
1604.0
1589.0
1624.0
1591.0
1735.0
1559.0
1535.0
1543.0
1535.0
1536.0
1530.0
1525.0
1535.0
1523.0
1522.0
1530.0
1571.0
1599.0
1586.0
1563.0
1590.0
1556.0
1567.0
1557.0
1555.0
1567.0
1532.0
1497.0
1499.0
1477.0
1476.0
847.0
851.0
851.0
847.0
873.0
