2.0
2.0
2.0
2.0
2.0
2.0
2.0
2.0
2.0
2.0
7.0
7.0
10.0
10.0
6.0
129.0
153.0
152.0
198.0
267.0
220.0
220.0
219.0
362.0
260.0
179.0
219.0
204.0
220.0
219.0
219.0
220.0
250.0
218.0
179.0
918.0
942.0
979.0
974.0
969.0
970.0
956.0
930.0
959.0
962.0
921.0
920.0
923.0
921.0
921.0
923.0
922.0
918.0
918.0
922.0
949.0
957.0
975.0
946.0
954.0
943.0
955.0
955.0
941.0
953.0
919.0
923.0
924.0
922.0
922.0
920.0
925.0
924.0
919.0
924.0
942.0
948.0
946.0
953.0
938.0
941.0
946.0
951.0
939.0
942.0
919.0
920.0
923.0
920.0
918.0
922.0
924.0
919.0
927.0
947.0
944.0
958.0
941.0
941.0
945.0
950.0
939.0
948.0
949.0
954.0
919.0
920.0
924.0
921.0
922.0
6.0
6.0
5.0
5.0
6.0
142.0
141.0
142.0
142.0
156.0
219.0
220.0
220.0
219.0
204.0
204.0
203.0
203.0
203.0
204.0
204.0
204.0
205.0
205.0
204.0
937.0
944.0
935.0
943.0
941.0
940.0
952.0
940.0
937.0
939.0
920.0
919.0
922.0
922.0
922.0
921.0
929.0
922.0
924.0
921.0
952.0
953.0
954.0
949.0
950.0
959.0
951.0
952.0
953.0
955.0
920.0
918.0
923.0
922.0
924.0
922.0
923.0
924.0
915.0
919.0
945.0
940.0
948.0
949.0
952.0
942.0
942.0
951.0
969.0
943.0
921.0
918.0
920.0
929.0
922.0
923.0
917.0
922.0
921.0
922.0
941.0
941.0
948.0
956.0
964.0
945.0
941.0
954.0
940.0
952.0
827.0
880.0
825.0
871.0
874.0
6.0
6.0
6.0
10.0
10.0
6.0
6.0
7.0
3.0
3.0
10.0
10.0
6.0
6.0
6.0
6.0
6.0
6.0
3.0
2.0
6.0
6.0
6.0
10.0
6.0
10.0
6.0
6.0
2.0
2.0
10.0
10.0
6.0
6.0
6.0
6.0
6.0
5.0
3.0
3.0
6.0
6.0
6.0
6.0
6.0
6.0
9.0
9.0
2.0
3.0
267.0
153.0
155.0
267.0
152.0
153.0
152.0
153.0
259.0
3.0
266.0
152.0
152.0
153.0
152.0
151.0
141.0
185.0
181.0
2.0
300.0
299.0
124.0
152.0
153.0
152.0
151.0
151.0
154.0
1.0
185.0
185.0
185.0
185.0
185.0
184.0
185.0
247.0
242.0
1.0
124.0
151.0
151.0
151.0
142.0
152.0
151.0
152.0
121.0
1.0
185.0
219.0
218.0
219.0
219.0
220.0
219.0
199.0
215.0
1.0
188.0
193.0
214.0
214.0
194.0
214.0
214.0
206.0
210.0
2.0
194.0
213.0
197.0
197.0
197.0
211.0
211.0
197.0
206.0
1.0
210.0
212.0
211.0
211.0
214.0
246.0
215.0
219.0
215.0
1.0
220.0
219.0
248.0
218.0
205.0
204.0
204.0
203.0
199.0
1.0
205.0
203.0
204.0
204.0
204.0
204.0
204.0
204.0
198.0
2.0
204.0
204.0
205.0
204.0
204.0
204.0
246.0
245.0
241.0
1.0
244.0
247.0
245.0
246.0
248.0
247.0
245.0
204.0
200.0
1.0
205.0
202.0
205.0
205.0
205.0
205.0
204.0
204.0
201.0
1.0
205.0
204.0
203.0
204.0
203.0
205.0
205.0
205.0
200.0
1.0
205.0
205.0
206.0
203.0
203.0
204.0
205.0
204.0
199.0
2.0
204.0
203.0
203.0
204.0
203.0
204.0
204.0
204.0
199.0
2.0
204.0
203.0
219.0
218.0
217.0
219.0
219.0
218.0
215.0
2.0
219.0
218.0
219.0
204.0
203.0
203.0
203.0
203.0
199.0
1.0
204.0
203.0
203.0
203.0
203.0
203.0
203.0
238.0
236.0
2.0
949.0
942.0
942.0
946.0
933.0
1008.0
942.0
995.0
896.0
404.0
920.0
920.0
921.0
922.0
922.0
918.0
921.0
920.0
917.0
406.0
953.0
942.0
953.0
962.0
960.0
952.0
954.0
945.0
954.0
436.0
928.0
919.0
916.0
924.0
920.0
922.0
918.0
920.0
913.0
406.0
955.0
964.0
949.0
949.0
955.0
952.0
960.0
951.0
961.0
433.0
920.0
930.0
919.0
920.0
918.0
922.0
921.0
925.0
919.0
404.0
952.0
951.0
951.0
950.0
953.0
942.0
957.0
952.0
946.0
434.0
924.0
927.0
919.0
921.0
921.0
922.0
917.0
923.0
916.0
402.0
952.0
952.0
955.0
947.0
949.0
944.0
950.0
957.0
954.0
438.0
919.0
922.0
926.0
928.0
917.0
919.0
918.0
923.0
914.0
403.0
949.0
947.0
950.0
954.0
951.0
952.0
955.0
950.0
950.0
389.0
964.0
938.0
940.0
938.0
940.0
933.0
925.0
925.0
920.0
394.0
920.0
921.0
945.0
944.0
945.0
941.0
945.0
942.0
936.0
388.0
943.0
944.0
945.0
919.0
920.0
921.0
916.0
922.0
914.0
390.0
917.0
920.0
918.0
919.0
951.0
952.0
952.0
946.0
949.0
388.0
949.0
944.0
951.0
947.0
948.0
921.0
920.0
921.0
914.0
390.0
924.0
918.0
915.0
921.0
919.0
920.0
947.0
947.0
937.0
389.0
954.0
947.0
947.0
940.0
946.0
943.0
944.0
919.0
914.0
389.0
922.0
921.0
922.0
921.0
917.0
920.0
923.0
921.0
942.0
390.0
948.0
956.0
954.0
956.0
950.0
947.0
951.0
950.0
948.0
387.0
921.0
921.0
922.0
920.0
932.0
921.0
918.0
921.0
916.0
403.0
944.0
942.0
942.0
952.0
944.0
953.0
946.0
940.0
937.0
427.0
921.0
921.0
918.0
920.0
921.0
921.0
922.0
924.0
912.0
403.0
950.0
952.0
952.0
950.0
952.0
960.0
952.0
963.0
956.0
430.0
916.0
921.0
922.0
923.0
919.0
923.0
921.0
923.0
927.0
402.0
944.0
950.0
957.0
949.0
950.0
945.0
948.0
956.0
950.0
432.0
924.0
915.0
927.0
926.0
923.0
918.0
923.0
920.0
918.0
403.0
948.0
950.0
939.0
947.0
953.0
949.0
947.0
965.0
955.0
429.0
934.0
941.0
940.0
936.0
945.0
941.0
936.0
941.0
923.0
409.0
950.0
948.0
953.0
945.0
956.0
955.0
956.0
951.0
948.0
434.0
905.0
918.0
922.0
923.0
919.0
930.0
927.0
924.0
924.0
393.0
923.0
966.0
950.0
949.0
953.0
947.0
953.0
951.0
950.0
390.0
959.0
945.0
922.0
928.0
923.0
930.0
920.0
927.0
917.0
389.0
920.0
919.0
924.0
954.0
955.0
949.0
956.0
946.0
948.0
389.0
959.0
957.0
957.0
959.0
924.0
926.0
921.0
942.0
913.0
389.0
925.0
923.0
924.0
924.0
947.0
949.0
948.0
955.0
959.0
392.0
963.0
965.0
963.0
960.0
948.0
950.0
930.0
920.0
923.0
388.0
918.0
923.0
924.0
923.0
918.0
921.0
921.0
951.0
941.0
388.0
961.0
948.0
962.0
963.0
956.0
946.0
956.0
951.0
922.0
387.0
919.0
925.0
920.0
923.0
925.0
919.0
922.0
922.0
920.0
389.0
947.0
948.0
952.0
949.0
972.0
948.0
946.0
946.0
954.0
430.0
922.0
918.0
920.0
922.0
919.0
923.0
922.0
938.0
917.0
407.0
948.0
949.0
944.0
952.0
953.0
944.0
948.0
948.0
942.0
428.0
918.0
921.0
921.0
920.0
919.0
921.0
914.0
921.0
918.0
403.0
944.0
943.0
944.0
944.0
948.0
954.0
965.0
960.0
964.0
430.0
961.0
935.0
925.0
936.0
967.0
919.0
919.0
941.0
941.0
421.0
956.0
949.0
950.0
954.0
951.0
954.0
949.0
956.0
945.0
433.0
933.0
926.0
924.0
921.0
922.0
922.0
922.0
918.0
918.0
401.0
942.0
951.0
948.0
946.0
947.0
952.0
943.0
953.0
942.0
431.0
907.0
915.0
919.0
922.0
917.0
917.0
922.0
919.0
917.0
387.0
962.0
964.0
943.0
952.0
985.0
950.0
941.0
955.0
938.0
390.0
957.0
903.0
920.0
955.0
931.0
916.0
922.0
930.0
925.0
387.0
920.0
921.0
964.0
948.0
944.0
956.0
947.0
947.0
954.0
390.0
959.0
950.0
950.0
910.0
924.0
914.0
922.0
920.0
916.0
390.0
921.0
921.0
922.0
920.0
960.0
947.0
942.0
949.0
938.0
387.0
948.0
947.0
951.0
953.0
948.0
920.0
927.0
917.0
920.0
387.0
920.0
921.0
922.0
921.0
922.0
919.0
953.0
946.0
934.0
388.0
955.0
944.0
947.0
950.0
947.0
946.0
950.0
924.0
920.0
386.0
918.0
923.0
919.0
920.0
921.0
920.0
922.0
923.0
945.0
389.0
953.0
942.0
954.0
957.0
945.0
952.0
949.0
956.0
948.0
393.0
922.0
925.0
917.0
930.0
922.0
919.0
923.0
922.0
919.0
405.0
947.0
954.0
956.0
948.0
964.0
953.0
968.0
966.0
966.0
434.0
955.0
956.0
968.0
954.0
954.0
950.0
943.0
947.0
941.0
419.0
955.0
973.0
951.0
955.0
953.0
969.0
945.0
970.0
963.0
443.0
926.0
931.0
934.0
944.0
922.0
922.0
918.0
917.0
921.0
404.0
950.0
944.0
946.0
951.0
950.0
954.0
951.0
942.0
937.0
432.0
926.0
926.0
918.0
926.0
930.0
926.0
922.0
921.0
914.0
402.0
947.0
948.0
952.0
949.0
952.0
953.0
951.0
950.0
947.0
428.0
914.0
922.0
924.0
924.0
922.0
925.0
925.0
921.0
919.0
399.0
947.0
943.0
946.0
948.0
944.0
946.0
946.0
948.0
941.0
429.0
927.0
924.0
918.0
919.0
922.0
922.0
920.0
925.0
919.0
386.0
923.0
945.0
942.0
951.0
947.0
951.0
949.0
949.0
946.0
390.0
945.0
944.0
922.0
917.0
920.0
923.0
921.0
919.0
923.0
389.0
926.0
922.0
917.0
945.0
942.0
947.0
953.0
953.0
942.0
386.0
949.0
948.0
951.0
943.0
944.0
917.0
922.0
922.0
918.0
389.0
6.0
6.0
5.0
5.0
6.0
6.0
5.0
5.0
1.0
1.0
6.0
6.0
5.0
6.0
6.0
5.0
5.0
5.0
2.0
1.0
5.0
5.0
5.0
5.0
6.0
5.0
5.0
5.0
2.0
1.0
5.0
5.0
5.0
5.0
5.0
5.0
5.0
6.0
2.0
1.0
5.0
5.0
5.0
6.0
5.0
6.0
5.0
5.0
2.0
1.0
141.0
141.0
141.0
141.0
142.0
156.0
156.0
156.0
153.0
1.0
156.0
142.0
142.0
142.0
142.0
141.0
141.0
142.0
136.0
2.0
141.0
140.0
141.0
140.0
141.0
141.0
142.0
140.0
137.0
2.0
140.0
141.0
141.0
141.0
141.0
141.0
141.0
101.0
97.0
2.0
140.0
140.0
141.0
142.0
143.0
143.0
101.0
102.0
1.0
2.0
243.0
242.0
244.0
242.0
242.0
244.0
242.0
241.0
237.0
2.0
242.0
204.0
204.0
203.0
204.0
205.0
204.0
203.0
198.0
1.0
204.0
205.0
203.0
203.0
203.0
203.0
203.0
203.0
137.0
1.0
203.0
204.0
203.0
203.0
203.0
203.0
203.0
163.0
98.0
1.0
203.0
202.0
203.0
204.0
203.0
203.0
164.0
164.0
1.0
2.0
204.0
204.0
203.0
204.0
217.0
217.0
218.0
218.0
215.0
1.0
219.0
218.0
218.0
219.0
217.0
205.0
204.0
203.0
199.0
2.0
203.0
203.0
203.0
203.0
203.0
203.0
203.0
203.0
137.0
1.0
203.0
202.0
203.0
240.0
239.0
238.0
237.0
199.0
133.0
1.0
239.0
240.0
239.0
239.0
204.0
205.0
163.0
165.0
1.0
1.0
205.0
203.0
205.0
205.0
204.0
205.0
205.0
204.0
201.0
1.0
205.0
205.0
205.0
205.0
205.0
204.0
205.0
204.0
200.0
1.0
204.0
204.0
205.0
203.0
205.0
204.0
203.0
204.0
138.0
1.0
203.0
204.0
204.0
202.0
204.0
205.0
204.0
164.0
97.0
1.0
218.0
218.0
219.0
219.0
221.0
218.0
178.0
178.0
1.0
2.0
963.0
970.0
953.0
960.0
965.0
969.0
959.0
960.0
970.0
411.0
938.0
917.0
925.0
916.0
928.0
932.0
936.0
922.0
921.0
395.0
923.0
925.0
951.0
951.0
950.0
954.0
956.0
948.0
888.0
388.0
956.0
944.0
955.0
927.0
927.0
924.0
927.0
882.0
492.0
392.0
918.0
919.0
917.0
919.0
958.0
940.0
901.0
903.0
389.0
389.0
945.0
947.0
943.0
944.0
939.0
943.0
907.0
918.0
914.0
388.0
918.0
921.0
924.0
916.0
919.0
920.0
923.0
962.0
946.0
387.0
947.0
945.0
947.0
948.0
942.0
940.0
947.0
947.0
842.0
388.0
918.0
918.0
919.0
922.0
925.0
916.0
917.0
879.0
501.0
404.0
952.0
952.0
953.0
947.0
950.0
950.0
912.0
908.0
433.0
427.0
920.0
924.0
930.0
933.0
919.0
917.0
922.0
930.0
926.0
404.0
950.0
949.0
946.0
957.0
955.0
957.0
951.0
947.0
951.0
437.0
922.0
917.0
917.0
917.0
920.0
920.0
918.0
920.0
850.0
406.0
956.0
951.0
957.0
949.0
945.0
954.0
956.0
912.0
528.0
433.0
921.0
924.0
918.0
920.0
923.0
919.0
875.0
883.0
390.0
402.0
961.0
943.0
948.0
946.0
947.0
951.0
942.0
948.0
939.0
391.0
946.0
906.0
919.0
922.0
920.0
926.0
922.0
917.0
919.0
388.0
929.0
932.0
976.0
946.0
952.0
955.0
976.0
956.0
909.0
397.0
978.0
938.0
968.0
926.0
919.0
925.0
925.0
885.0
485.0
388.0
917.0
916.0
920.0
917.0
918.0
960.0
903.0
910.0
387.0
389.0
948.0
950.0
950.0
942.0
952.0
952.0
949.0
908.0
901.0
390.0
925.0
920.0
924.0
919.0
921.0
931.0
921.0
919.0
962.0
404.0
946.0
952.0
962.0
951.0
939.0
950.0
946.0
954.0
879.0
394.0
924.0
918.0
923.0
921.0
926.0
919.0
921.0
884.0
502.0
405.0
951.0
953.0
953.0
944.0
957.0
945.0
920.0
904.0
432.0
434.0
923.0
930.0
925.0
921.0
919.0
919.0
926.0
924.0
922.0
403.0
950.0
952.0
952.0
950.0
954.0
954.0
947.0
957.0
950.0
428.0
916.0
917.0
926.0
925.0
928.0
920.0
922.0
915.0
852.0
403.0
940.0
950.0
943.0
948.0
948.0
949.0
948.0
909.0
521.0
429.0
916.0
929.0
918.0
930.0
921.0
927.0
887.0
903.0
388.0
390.0
923.0
968.0
949.0
947.0
943.0
949.0
956.0
952.0
950.0
388.0
947.0
948.0
909.0
928.0
928.0
917.0
924.0
928.0
923.0
391.0
921.0
917.0
921.0
960.0
942.0
944.0
938.0
941.0
878.0
389.0
941.0
943.0
940.0
941.0
907.0
918.0
917.0
882.0
482.0
388.0
920.0
923.0
916.0
922.0
920.0
933.0
919.0
912.0
389.0
390.0
944.0
972.0
944.0
966.0
944.0
966.0
943.0
962.0
927.0
387.0
918.0
921.0
923.0
917.0
920.0
918.0
921.0
919.0
960.0
404.0
954.0
947.0
949.0
959.0
948.0
941.0
945.0
952.0
881.0
392.0
920.0
923.0
919.0
920.0
924.0
919.0
919.0
894.0
499.0
403.0
950.0
949.0
953.0
946.0
944.0
953.0
918.0
909.0
426.0
430.0
917.0
922.0
922.0
921.0
921.0
923.0
918.0
920.0
919.0
404.0
949.0
948.0
958.0
957.0
959.0
960.0
957.0
955.0
962.0
436.0
926.0
924.0
926.0
923.0
921.0
919.0
919.0
921.0
852.0
404.0
940.0
946.0
940.0
937.0
937.0
939.0
941.0
912.0
520.0
422.0
901.0
920.0
921.0
920.0
918.0
917.0
878.0
884.0
389.0
389.0
921.0
921.0
961.0
950.0
955.0
951.0
949.0
949.0
938.0
389.0
959.0
953.0
946.0
905.0
923.0
928.0
927.0
918.0
922.0
387.0
917.0
923.0
919.0
963.0
962.0
954.0
948.0
955.0
884.0
388.0
950.0
943.0
947.0
949.0
911.0
906.0
920.0
879.0
484.0
391.0
921.0
916.0
918.0
919.0
922.0
918.0
882.0
915.0
387.0
390.0
943.0
945.0
950.0
938.0
944.0
942.0
945.0
941.0
941.0
391.0
918.0
919.0
923.0
926.0
920.0
919.0
919.0
933.0
948.0
406.0
964.0
967.0
957.0
972.0
971.0
964.0
953.0
955.0
902.0
401.0
928.0
936.0
927.0
920.0
938.0
938.0
939.0
881.0
500.0
410.0
966.0
947.0
956.0
970.0
952.0
952.0
927.0
909.0
439.0
435.0
931.0
919.0
928.0
935.0
921.0
923.0
918.0
920.0
920.0
401.0
945.0
943.0
948.0
949.0
949.0
948.0
951.0
948.0
942.0
434.0
922.0
917.0
916.0
923.0
921.0
920.0
919.0
920.0
855.0
400.0
948.0
950.0
948.0
942.0
949.0
947.0
948.0
910.0
526.0
431.0
907.0
904.0
919.0
923.0
917.0
919.0
883.0
884.0
389.0
387.0
919.0
921.0
964.0
962.0
948.0
946.0
949.0
952.0
938.0
388.0
952.0
948.0
947.0
906.0
906.0
918.0
919.0
917.0
923.0
388.0
915.0
922.0
919.0
918.0
967.0
961.0
946.0
950.0
880.0
389.0
938.0
951.0
953.0
952.0
949.0
923.0
921.0
881.0
487.0
390.0
927.0
917.0
925.0
929.0
927.0
918.0
877.0
915.0
387.0
389.0
950.0
951.0
955.0
948.0
941.0
951.0
951.0
947.0
943.0
388.0
923.0
920.0
918.0
923.0
918.0
929.0
922.0
923.0
916.0
405.0
951.0
958.0
946.0
945.0
948.0
955.0
942.0
956.0
888.0
433.0
928.0
924.0
921.0
917.0
917.0
923.0
918.0
877.0
504.0
405.0
957.0
955.0
960.0
954.0
960.0
961.0
921.0
930.0
423.0
429.0
938.0
946.0
940.0
940.0
934.0
938.0
928.0
932.0
927.0
410.0
943.0
937.0
942.0
942.0
944.0
949.0
943.0
949.0
937.0
424.0
917.0
924.0
916.0
918.0
924.0
922.0
921.0
917.0
855.0
386.0
960.0
946.0
952.0
944.0
944.0
957.0
950.0
900.0
525.0
426.0
914.0
928.0
918.0
909.0
913.0
906.0
853.0
866.0
387.0
391.0
