1.0
0.0
1.0
1.0
0.0
1.0
1.0
0.0
1.0
1.0
2.0
1.0
2.0
1.0
1.0
1.0
1.0
1.0
1.0
1.0
2.0
1.0
2.0
1.0
1.0
1.0
1.0
1.0
1.0
1.0
76.0
76.0
83.0
77.0
82.0
82.0
83.0
82.0
76.0
82.0
165.0
167.0
165.0
188.0
171.0
173.0
172.0
174.0
194.0
173.0
170.0
171.0
169.0
169.0
170.0
170.0
168.0
170.0
167.0
169.0
169.0
168.0
169.0
169.0
168.0
170.0
169.0
169.0
168.0
168.0
206.0
204.0
205.0
206.0
206.0
208.0
206.0
206.0
207.0
207.0
170.0
170.0
170.0
169.0
169.0
168.0
169.0
170.0
167.0
168.0
169.0
170.0
169.0
168.0
168.0
167.0
168.0
168.0
168.0
168.0
169.0
168.0
169.0
167.0
169.0
169.0
168.0
168.0
169.0
169.0
278.0
282.0
278.0
278.0
279.0
278.0
278.0
281.0
278.0
279.0
170.0
169.0
169.0
169.0
170.0
169.0
170.0
170.0
170.0
170.0
171.0
169.0
169.0
168.0
169.0
172.0
170.0
171.0
171.0
170.0
169.0
169.0
169.0
168.0
168.0
168.0
168.0
167.0
168.0
169.0
169.0
169.0
168.0
168.0
168.0
168.0
168.0
168.0
168.0
168.0
171.0
168.0
168.0
167.0
168.0
168.0
167.0
169.0
168.0
168.0
207.0
208.0
208.0
208.0
208.0
207.0
206.0
206.0
206.0
207.0
168.0
168.0
169.0
168.0
168.0
167.0
168.0
168.0
168.0
168.0
168.0
168.0
169.0
168.0
168.0
168.0
168.0
169.0
168.0
168.0
168.0
168.0
168.0
168.0
169.0
168.0
168.0
166.0
167.0
164.0
2.0
1.0
1.0
1.0
1.0
1.0
1.0
1.0
2.0
1.0
1.0
1.0
1.0
1.0
1.0
1.0
1.0
1.0
0.0
1.0
1.0
1.0
3.0
1.0
3.0
1.0
3.0
0.0
1.0
0.0
0.0
1.0
1.0
1.0
1.0
1.0
2.0
0.0
0.0
0.0
1.0
1.0
1.0
1.0
0.0
0.0
1.0
0.0
1.0
0.0
0.0
1.0
1.0
1.0
1.0
1.0
1.0
1.0
1.0
1.0
1.0
0.0
1.0
1.0
1.0
1.0
1.0
1.0
1.0
1.0
0.0
0.0
0.0
1.0
0.0
1.0
1.0
1.0
1.0
1.0
1.0
1.0
1.0
1.0
0.0
0.0
1.0
1.0
1.0
1.0
1.0
1.0
1.0
1.0
1.0
1.0
0.0
0.0
1.0
0.0
1.0
2.0
1.0
2.0
2.0
1.0
2.0
2.0
2.0
2.0
1.0
1.0
0.0
0.0
0.0
0.0
0.0
1.0
1.0
1.0
3.0
1.0
3.0
1.0
2.0
0.0
1.0
0.0
1.0
1.0
1.0
1.0
1.0
1.0
0.0
0.0
1.0
1.0
1.0
1.0
1.0
1.0
1.0
0.0
0.0
1.0
1.0
0.0
1.0
1.0
1.0
1.0
1.0
1.0
1.0
0.0
0.0
0.0
1.0
1.0
0.0
0.0
1.0
1.0
1.0
1.0
1.0
1.0
1.0
0.0
0.0
1.0
1.0
0.0
1.0
1.0
1.0
1.0
1.0
1.0
1.0
0.0
0.0
1.0
1.0
0.0
1.0
1.0
1.0
1.0
1.0
1.0
1.0
1.0
0.0
0.0
0.0
0.0
1.0
1.0
84.0
86.0
154.0
84.0
155.0
85.0
85.0
84.0
144.0
145.0
84.0
85.0
85.0
83.0
86.0
83.0
70.0
84.0
1.0
1.0
154.0
151.0
84.0
84.0
86.0
85.0
85.0
83.0
68.0
83.0
119.0
119.0
119.0
118.0
118.0
119.0
107.0
187.0
1.0
1.0
188.0
119.0
83.0
83.0
83.0
84.0
83.0
83.0
68.0
83.0
84.0
83.0
84.0
83.0
83.0
84.0
67.0
151.0
1.0
1.0
152.0
84.0
69.0
83.0
84.0
84.0
84.0
84.0
84.0
96.0
83.0
99.0
84.0
84.0
84.0
83.0
85.0
104.0
1.0
1.0
99.0
83.0
68.0
83.0
84.0
84.0
84.0
83.0
71.0
84.0
83.0
68.0
84.0
84.0
84.0
70.0
84.0
84.0
1.0
0.0
182.0
194.0
195.0
181.0
180.0
155.0
181.0
181.0
181.0
182.0
177.0
160.0
176.0
197.0
160.0
176.0
174.0
175.0
128.0
95.0
175.0
174.0
165.0
165.0
163.0
212.0
213.0
202.0
213.0
214.0
212.0
214.0
205.0
205.0
205.0
174.0
173.0
169.0
94.0
95.0
170.0
172.0
171.0
208.0
170.0
172.0
170.0
169.0
203.0
167.0
168.0
267.0
269.0
268.0
269.0
272.0
271.0
269.0
91.0
192.0
271.0
270.0
172.0
170.0
169.0
169.0
170.0
170.0
170.0
170.0
168.0
167.0
169.0
169.0
168.0
169.0
168.0
168.0
93.0
91.0
166.0
168.0
167.0
167.0
168.0
167.0
168.0
168.0
169.0
168.0
168.0
167.0
168.0
167.0
168.0
169.0
168.0
168.0
90.0
90.0
168.0
169.0
169.0
170.0
168.0
169.0
169.0
168.0
169.0
169.0
168.0
167.0
166.0
167.0
169.0
203.0
206.0
207.0
91.0
93.0
207.0
207.0
209.0
207.0
207.0
207.0
206.0
170.0
171.0
171.0
170.0
169.0
170.0
169.0
168.0
170.0
169.0
167.0
91.0
92.0
168.0
169.0
168.0
169.0
168.0
169.0
169.0
168.0
167.0
167.0
170.0
170.0
170.0
169.0
170.0
169.0
168.0
170.0
90.0
91.0
168.0
168.0
168.0
168.0
168.0
168.0
168.0
168.0
168.0
168.0
168.0
168.0
168.0
169.0
169.0
170.0
169.0
169.0
90.0
91.0
206.0
207.0
206.0
207.0
206.0
205.0
206.0
206.0
206.0
206.0
167.0
169.0
167.0
168.0
168.0
168.0
170.0
170.0
91.0
92.0
170.0
170.0
169.0
169.0
170.0
168.0
168.0
168.0
169.0
169.0
169.0
169.0
167.0
169.0
169.0
169.0
168.0
169.0
91.0
92.0
170.0
169.0
170.0
169.0
168.0
167.0
170.0
168.0
168.0
168.0
169.0
169.0
168.0
169.0
168.0
169.0
168.0
167.0
92.0
91.0
206.0
207.0
206.0
206.0
206.0
207.0
207.0
206.0
207.0
207.0
168.0
168.0
170.0
170.0
170.0
170.0
168.0
167.0
92.0
91.0
169.0
167.0
168.0
168.0
168.0
168.0
168.0
168.0
168.0
168.0
168.0
168.0
168.0
168.0
169.0
168.0
169.0
168.0
90.0
92.0
168.0
168.0
170.0
168.0
168.0
169.0
169.0
170.0
169.0
169.0
168.0
167.0
169.0
167.0
168.0
168.0
168.0
168.0
92.0
91.0
206.0
207.0
207.0
207.0
208.0
208.0
207.0
208.0
208.0
207.0
170.0
170.0
169.0
169.0
168.0
167.0
168.0
169.0
91.0
92.0
170.0
169.0
169.0
168.0
167.0
169.0
169.0
168.0
170.0
168.0
168.0
168.0
169.0
169.0
167.0
168.0
169.0
168.0
91.0
91.0
269.0
267.0
270.0
270.0
270.0
269.0
266.0
269.0
268.0
268.0
170.0
170.0
170.0
170.0
171.0
168.0
170.0
168.0
91.0
91.0
168.0
169.0
170.0
169.0
168.0
171.0
168.0
170.0
170.0
167.0
169.0
169.0
169.0
169.0
168.0
171.0
167.0
169.0
93.0
90.0
170.0
168.0
169.0
169.0
171.0
170.0
169.0
170.0
167.0
168.0
169.0
168.0
168.0
168.0
168.0
169.0
168.0
168.0
92.0
92.0
169.0
168.0
169.0
168.0
206.0
207.0
206.0
207.0
208.0
206.0
206.0
207.0
206.0
206.0
170.0
168.0
168.0
168.0
91.0
91.0
169.0
168.0
170.0
169.0
168.0
168.0
169.0
168.0
168.0
167.0
168.0
168.0
168.0
168.0
169.0
168.0
169.0
167.0
91.0
90.0
168.0
169.0
169.0
168.0
169.0
169.0
169.0
167.0
168.0
167.0
168.0
167.0
168.0
168.0
169.0
169.0
168.0
168.0
91.0
91.0
170.0
167.0
170.0
169.0
168.0
167.0
168.0
205.0
204.0
204.0
207.0
206.0
207.0
206.0
207.0
205.0
206.0
169.0
93.0
93.0
168.0
169.0
168.0
169.0
167.0
167.0
169.0
168.0
168.0
169.0
181.0
176.0
176.0
176.0
180.0
177.0
175.0
180.0
103.0
95.0
174.0
182.0
181.0
182.0
174.0
182.0
174.0
174.0
174.0
183.0
174.0
180.0
180.0
180.0
174.0
180.0
174.0
174.0
94.0
98.0
175.0
173.0
181.0
178.0
179.0
178.0
174.0
176.0
207.0
208.0
206.0
205.0
206.0
206.0
206.0
206.0
206.0
207.0
93.0
92.0
168.0
169.0
167.0
167.0
168.0
168.0
169.0
169.0
169.0
169.0
169.0
168.0
169.0
168.0
168.0
168.0
169.0
168.0
91.0
91.0
169.0
169.0
168.0
169.0
167.0
168.0
169.0
169.0
169.0
169.0
168.0
168.0
167.0
167.0
168.0
168.0
168.0
169.0
91.0
91.0
168.0
168.0
169.0
168.0
170.0
167.0
169.0
168.0
169.0
167.0
207.0
207.0
206.0
206.0
207.0
206.0
207.0
205.0
129.0
129.0
170.0
168.0
170.0
170.0
169.0
170.0
169.0
168.0
169.0
169.0
169.0
168.0
169.0
170.0
170.0
169.0
169.0
169.0
90.0
90.0
167.0
168.0
169.0
168.0
170.0
168.0
170.0
169.0
170.0
170.0
269.0
270.0
270.0
269.0
270.0
272.0
272.0
269.0
194.0
194.0
168.0
170.0
171.0
169.0
169.0
170.0
171.0
169.0
168.0
169.0
170.0
171.0
169.0
168.0
170.0
169.0
171.0
171.0
92.0
91.0
168.0
169.0
168.0
170.0
170.0
169.0
169.0
170.0
169.0
170.0
168.0
169.0
171.0
171.0
169.0
168.0
168.0
170.0
92.0
91.0
168.0
168.0
170.0
168.0
169.0
170.0
170.0
168.0
168.0
170.0
207.0
206.0
208.0
207.0
207.0
209.0
207.0
206.0
129.0
129.0
169.0
169.0
169.0
169.0
169.0
169.0
168.0
171.0
169.0
169.0
169.0
167.0
168.0
168.0
168.0
169.0
168.0
167.0
92.0
90.0
170.0
167.0
169.0
168.0
170.0
169.0
169.0
168.0
167.0
168.0
168.0
169.0
168.0
168.0
169.0
168.0
168.0
169.0
91.0
90.0
168.0
167.0
167.0
171.0
169.0
168.0
169.0
168.0
169.0
169.0
167.0
169.0
168.0
169.0
207.0
205.0
206.0
206.0
91.0
91.0
206.0
208.0
206.0
205.0
206.0
205.0
169.0
168.0
169.0
169.0
168.0
169.0
169.0
168.0
168.0
168.0
168.0
169.0
91.0
91.0
169.0
169.0
169.0
169.0
168.0
169.0
168.0
169.0
168.0
168.0
169.0
169.0
168.0
169.0
169.0
168.0
167.0
168.0
91.0
92.0
169.0
169.0
169.0
169.0
170.0
169.0
169.0
169.0
168.0
168.0
168.0
169.0
169.0
169.0
169.0
169.0
168.0
168.0
92.0
91.0
206.0
206.0
206.0
205.0
206.0
206.0
206.0
207.0
207.0
205.0
168.0
168.0
167.0
169.0
168.0
169.0
168.0
169.0
90.0
90.0
168.0
168.0
168.0
167.0
168.0
168.0
168.0
168.0
168.0
168.0
168.0
167.0
168.0
168.0
169.0
169.0
169.0
169.0
92.0
91.0
169.0
170.0
168.0
168.0
167.0
167.0
168.0
169.0
169.0
169.0
168.0
168.0
169.0
168.0
168.0
168.0
167.0
169.0
91.0
91.0
206.0
207.0
207.0
206.0
207.0
206.0
208.0
207.0
207.0
207.0
170.0
170.0
169.0
169.0
170.0
167.0
170.0
168.0
90.0
92.0
169.0
170.0
170.0
170.0
171.0
169.0
169.0
169.0
171.0
168.0
167.0
168.0
169.0
168.0
168.0
169.0
168.0
169.0
91.0
90.0
273.0
272.0
272.0
276.0
275.0
272.0
274.0
272.0
272.0
272.0
170.0
167.0
170.0
171.0
172.0
169.0
169.0
170.0
91.0
92.0
168.0
169.0
168.0
168.0
169.0
170.0
172.0
169.0
169.0
170.0
167.0
168.0
168.0
170.0
171.0
171.0
169.0
168.0
91.0
91.0
168.0
168.0
170.0
168.0
167.0
170.0
170.0
170.0
168.0
168.0
168.0
168.0
170.0
169.0
168.0
172.0
170.0
169.0
92.0
92.0
208.0
208.0
208.0
207.0
208.0
210.0
209.0
209.0
209.0
208.0
169.0
168.0
168.0
168.0
168.0
168.0
168.0
169.0
91.0
91.0
170.0
169.0
169.0
169.0
169.0
169.0
170.0
169.0
169.0
170.0
168.0
170.0
170.0
170.0
169.0
169.0
169.0
169.0
91.0
91.0
168.0
168.0
168.0
169.0
170.0
170.0
170.0
168.0
170.0
168.0
168.0
167.0
168.0
169.0
169.0
169.0
169.0
167.0
93.0
91.0
206.0
204.0
205.0
206.0
207.0
206.0
207.0
207.0
208.0
207.0
170.0
169.0
170.0
170.0
168.0
169.0
169.0
169.0
91.0
91.0
170.0
167.0
168.0
169.0
169.0
168.0
167.0
169.0
168.0
169.0
168.0
169.0
169.0
168.0
168.0
168.0
169.0
168.0
91.0
91.0
168.0
169.0
168.0
168.0
168.0
169.0
169.0
168.0
168.0
169.0
169.0
168.0
169.0
168.0
167.0
168.0
168.0
167.0
91.0
92.0
169.0
170.0
170.0
208.0
169.0
207.0
207.0
206.0
208.0
206.0
206.0
209.0
208.0
169.0
171.0
172.0
170.0
169.0
93.0
91.0
169.0
169.0
169.0
168.0
169.0
168.0
169.0
169.0
169.0
169.0
168.0
168.0
168.0
169.0
169.0
169.0
169.0
170.0
90.0
92.0
169.0
167.0
170.0
168.0
168.0
169.0
168.0
169.0
168.0
168.0
168.0
168.0
168.0
168.0
168.0
168.0
169.0
168.0
91.0
91.0
169.0
170.0
167.0
169.0
168.0
168.0
169.0
206.0
204.0
206.0
207.0
208.0
208.0
207.0
208.0
205.0
206.0
170.0
92.0
92.0
168.0
169.0
168.0
168.0
168.0
168.0
168.0
168.0
168.0
169.0
167.0
168.0
169.0
169.0
167.0
167.0
170.0
169.0
91.0
91.0
169.0
169.0
169.0
169.0
169.0
169.0
168.0
169.0
168.0
169.0
273.0
273.0
276.0
276.0
277.0
272.0
271.0
273.0
195.0
196.0
169.0
170.0
170.0
167.0
170.0
169.0
170.0
169.0
169.0
169.0
168.0
169.0
168.0
168.0
169.0
169.0
169.0
168.0
92.0
92.0
167.0
168.0
168.0
168.0
169.0
168.0
168.0
168.0
169.0
168.0
167.0
168.0
169.0
169.0
168.0
168.0
169.0
169.0
91.0
91.0
169.0
168.0
169.0
168.0
168.0
169.0
169.0
168.0
169.0
169.0
205.0
206.0
207.0
208.0
207.0
208.0
207.0
207.0
130.0
129.0
168.0
168.0
167.0
169.0
169.0
169.0
167.0
168.0
170.0
169.0
168.0
169.0
168.0
169.0
169.0
169.0
167.0
169.0
91.0
91.0
171.0
169.0
169.0
170.0
169.0
169.0
169.0
169.0
168.0
169.0
169.0
167.0
168.0
167.0
168.0
169.0
169.0
168.0
90.0
92.0
169.0
168.0
169.0
167.0
169.0
168.0
169.0
168.0
169.0
168.0
206.0
207.0
207.0
205.0
206.0
205.0
206.0
207.0
128.0
128.0
170.0
170.0
169.0
169.0
168.0
168.0
168.0
168.0
169.0
169.0
169.0
168.0
168.0
168.0
168.0
167.0
168.0
167.0
91.0
91.0
169.0
169.0
168.0
168.0
167.0
168.0
167.0
168.0
168.0
169.0
173.0
173.0
172.0
175.0
173.0
176.0
182.0
182.0
95.0
95.0
180.0
180.0
180.0
178.0
179.0
177.0
187.0
178.0
176.0
176.0
210.0
212.0
216.0
215.0
210.0
214.0
215.0
216.0
130.0
131.0
169.0
168.0
169.0
171.0
168.0
176.0
176.0
177.0
177.0
176.0
169.0
168.0
167.0
171.0
167.0
173.0
174.0
174.0
94.0
94.0
174.0
173.0
168.0
168.0
169.0
171.0
168.0
172.0
173.0
173.0
174.0
173.0
168.0
168.0
167.0
168.0
169.0
173.0
94.0
93.0
172.0
172.0
172.0
172.0
167.0
167.0
168.0
167.0
169.0
173.0
211.0
210.0
214.0
207.0
210.0
206.0
207.0
207.0
93.0
131.0
206.0
174.0
175.0
174.0
168.0
174.0
173.0
168.0
168.0
167.0
169.0
175.0
173.0
174.0
167.0
174.0
175.0
168.0
91.0
91.0
169.0
169.0
169.0
174.0
175.0
175.0
168.0
167.0
175.0
175.0
167.0
168.0
170.0
271.0
279.0
281.0
277.0
273.0
95.0
95.0
278.0
275.0
276.0
277.0
272.0
172.0
173.0
171.0
171.0
170.0
170.0
171.0
170.0
172.0
167.0
171.0
170.0
172.0
92.0
92.0
170.0
169.0
169.0
169.0
170.0
171.0
169.0
170.0
169.0
170.0
167.0
169.0
169.0
170.0
170.0
168.0
171.0
168.0
92.0
92.0
167.0
169.0
169.0
169.0
170.0
169.0
170.0
167.0
168.0
171.0
167.0
168.0
169.0
168.0
169.0
167.0
169.0
171.0
91.0
91.0
207.0
206.0
206.0
208.0
208.0
208.0
207.0
206.0
207.0
206.0
169.0
168.0
168.0
169.0
169.0
169.0
167.0
168.0
92.0
92.0
169.0
167.0
169.0
167.0
167.0
169.0
169.0
168.0
169.0
168.0
169.0
169.0
169.0
168.0
167.0
168.0
169.0
169.0
90.0
91.0
168.0
168.0
170.0
168.0
170.0
169.0
168.0
170.0
169.0
171.0
169.0
167.0
168.0
168.0
169.0
168.0
167.0
169.0
91.0
91.0
208.0
206.0
207.0
206.0
206.0
207.0
207.0
205.0
206.0
207.0
171.0
170.0
168.0
167.0
168.0
169.0
169.0
168.0
90.0
92.0
168.0
169.0
168.0
170.0
167.0
169.0
168.0
169.0
168.0
167.0
167.0
169.0
169.0
168.0
170.0
167.0
169.0
169.0
92.0
91.0
168.0
167.0
168.0
169.0
169.0
167.0
168.0
170.0
167.0
169.0
170.0
168.0
168.0
169.0
169.0
169.0
169.0
171.0
91.0
91.0
206.0
207.0
207.0
206.0
206.0
207.0
208.0
207.0
206.0
208.0
168.0
169.0
168.0
164.0
165.0
164.0
162.0
162.0
91.0
92.0
