3.0
3.0
3.0
3.0
3.0
2.0
3.0
3.0
3.0
3.0
3.0
3.0
3.0
2.0
2461.0
4268.0
4239.0
4239.0
4259.0
4263.0
4269.0
4242.0
4260.0
4275.0
4269.0
4259.0
4268.0
4272.0
4270.0
4267.0
3.0
3.0
2.0
2.0
2466.0
4266.0
4264.0
4268.0
4288.0
4277.0
4311.0
4306.0
4318.0
4300.0
4315.0
4290.0
4306.0
4306.0
4271.0
4266.0
3.0
3.0
3.0
3.0
2437.0
4269.0
4261.0
4263.0
4294.0
4266.0
4276.0
4240.0
4284.0
4286.0
4286.0
4267.0
4270.0
4265.0
4259.0
4270.0
3.0
2.0
3.0
3.0
2468.0
4268.0
4264.0
4254.0
4268.0
4265.0
4246.0
4287.0
4243.0
4284.0
4282.0
4272.0
4282.0
4280.0
4282.0
4286.0
3.0
3.0
3.0
3.0
2459.0
4285.0
4293.0
4288.0
4276.0
4285.0
4262.0
4263.0
4236.0
4263.0
4275.0
4267.0
4266.0
4269.0
4268.0
4266.0
2.0
3.0
3.0
3.0
2458.0
4280.0
4281.0
4254.0
4292.0
4265.0
4263.0
4260.0
4266.0
4270.0
4257.0
4299.0
4294.0
4301.0
4304.0
4322.0
3.0
3.0
2.0
3.0
2502.0
4323.0
4320.0
4450.0
4327.0
4268.0
4267.0
4272.0
4269.0
4273.0
4273.0
4274.0
4273.0
4372.0
4260.0
4286.0
1.0
1.0
0.0
1.0
1.0
952.0
954.0
954.0
952.0
926.0
925.0
925.0
927.0
927.0
928.0
927.0
927.0
929.0
928.0
931.0
3.0
2.0
3.0
3.0
2456.0
4257.0
4268.0
4265.0
4264.0
4262.0
4260.0
4266.0
4275.0
4264.0
4255.0
4225.0
4171.0
4167.0
4167.0
4148.0
1.0
1.0
1.0
0.0
1.0
940.0
942.0
945.0
923.0
925.0
929.0
927.0
928.0
927.0
925.0
928.0
958.0
931.0
913.0
909.0
2.0
2.0
1.0
2.0
2473.0
4235.0
4278.0
4266.0
4230.0
4273.0
4272.0
4258.0
4269.0
4272.0
4257.0
4318.0
4312.0
4317.0
4320.0
4319.0
2.0
2.0
2.0
2.0
2458.0
4322.0
4318.0
4316.0
4289.0
4297.0
4260.0
4270.0
4263.0
4262.0
4263.0
4265.0
4259.0
4263.0
4259.0
4281.0
2.0
1.0
2.0
2.0
2458.0
4272.0
4262.0
4274.0
4273.0
4250.0
4250.0
4264.0
4262.0
4249.0
4263.0
4286.0
4253.0
4285.0
4289.0
4288.0
2.0
2.0
2.0
1.0
2458.0
4267.0
4290.0
4287.0
4291.0
4299.0
4297.0
4312.0
4312.0
4310.0
4304.0
4316.0
4307.0
4301.0
4280.0
4300.0
2.0
2.0
1.0
2.0
2465.0
4270.0
4264.0
4250.0
4270.0
4246.0
4256.0
4254.0
4262.0
4256.0
4258.0
4266.0
4255.0
4261.0
4252.0
4246.0
2.0
2.0
2.0
2.0
2462.0
4263.0
4264.0
4257.0
4263.0
4312.0
4306.0
4323.0
4325.0
4315.0
4294.0
4290.0
4298.0
4268.0
4290.0
4266.0
2.0
2.0
2.0
2.0
2433.0
4243.0
4249.0
4260.0
4260.0
4246.0
4294.0
4285.0
4291.0
4283.0
4260.0
4269.0
4273.0
4265.0
4262.0
4259.0
2.0
2.0
1.0
2.0
2436.0
4258.0
4256.0
4258.0
4271.0
4284.0
4253.0
4286.0
4296.0
4308.0
4324.0
4329.0
4329.0
4329.0
4345.0
4358.0
2.0
2.0
1.0
2.0
2518.0
4345.0
4334.0
4323.0
4289.0
4287.0
4302.0
4293.0
4298.0
4272.0
4284.0
4281.0
4274.0
4273.0
4261.0
4281.0
2.0
1.0
2.0
2.0
2461.0
4269.0
4284.0
4258.0
4274.0
4264.0
4258.0
4261.0
4262.0
4258.0
4264.0
4271.0
4251.0
4255.0
4286.0
4291.0
2.0
2.0
2.0
2.0
2460.0
4299.0
4313.0
4285.0
4291.0
4283.0
4287.0
4279.0
4279.0
4290.0
4281.0
4234.0
4269.0
4272.0
4269.0
4277.0
2.0
2.0
1.0
2.0
2465.0
4309.0
4271.0
4295.0
4283.0
4285.0
4291.0
4295.0
4302.0
4274.0
4302.0
4264.0
4260.0
4267.0
4265.0
4251.0
2.0
2.0
2.0
1.0
2462.0
4273.0
4290.0
4286.0
4285.0
4291.0
4295.0
4285.0
4319.0
4323.0
4303.0
4308.0
4235.0
4259.0
4266.0
4259.0
2.0
2.0
2.0
2.0
2464.0
4286.0
4272.0
4262.0
4275.0
4269.0
4270.0
4270.0
4254.0
4291.0
4283.0
4254.0
4263.0
4267.0
4269.0
4261.0
2.0
2.0
2.0
1.0
2461.0
4283.0
4278.0
4258.0
4253.0
4282.0
4279.0
4287.0
4287.0
4285.0
4302.0
4288.0
4296.0
4290.0
4286.0
4291.0
1.0
2.0
2.0
2.0
2469.0
4315.0
4315.0
4316.0
4285.0
4285.0
4283.0
4285.0
4286.0
4278.0
4294.0
4272.0
4270.0
4265.0
4263.0
4284.0
2.0
2.0
1.0
2.0
2434.0
4281.0
4254.0
4279.0
4265.0
4262.0
4262.0
4260.0
4263.0
4233.0
4294.0
4295.0
4296.0
4298.0
4310.0
4366.0
2.0
2.0
2.0
2.0
2504.0
4348.0
4401.0
4350.0
4308.0
4316.0
4314.0
4317.0
4296.0
4311.0
4310.0
4284.0
4295.0
4290.0
4261.0
4265.0
1.0
1.0
1.0
1.0
2.0
926.0
926.0
948.0
948.0
947.0
927.0
929.0
927.0
928.0
928.0
926.0
927.0
928.0
929.0
929.0
1.0
1.0
2.0
1.0
1.0
927.0
923.0
925.0
925.0
925.0
927.0
928.0
929.0
925.0
929.0
923.0
945.0
949.0
951.0
945.0
2.0
2.0
1.0
2.0
2457.0
4302.0
4297.0
4290.0
4302.0
4297.0
4278.0
4279.0
4277.0
4289.0
4317.0
4320.0
4312.0
4299.0
4301.0
4297.0
1.0
1.0
1.0
1.0
2490.0
4287.0
4283.0
4295.0
4282.0
4253.0
4261.0
4263.0
4259.0
4261.0
4265.0
4267.0
4264.0
4249.0
4255.0
4266.0
2.0
2.0
1.0
2.0
2464.0
4281.0
4265.0
4285.0
4283.0
4281.0
4256.0
4281.0
4255.0
4261.0
4266.0
4315.0
4281.0
4278.0
4272.0
4287.0
1.0
1.0
1.0
1.0
2448.0
4271.0
4258.0
4280.0
4279.0
4276.0
4260.0
4249.0
4263.0
4260.0
4266.0
4253.0
4289.0
4290.0
4267.0
4261.0
2.0
2.0
1.0
2.0
2470.0
4282.0
4282.0
4287.0
4291.0
4284.0
4279.0
4283.0
4286.0
4277.0
4271.0
4291.0
4285.0
4282.0
4273.0
4279.0
1.0
1.0
1.0
1.0
1.0
928.0
927.0
927.0
924.0
925.0
928.0
926.0
949.0
949.0
944.0
955.0
982.0
951.0
957.0
956.0
2.0
2.0
1.0
2.0
2468.0
4299.0
4300.0
4292.0
4286.0
4286.0
4270.0
4281.0
4260.0
4261.0
4284.0
4262.0
4269.0
4263.0
4256.0
4265.0
1.0
1.0
1.0
1.0
1.0
927.0
931.0
929.0
928.0
947.0
950.0
949.0
945.0
925.0
926.0
925.0
925.0
927.0
929.0
928.0
1.0
1.0
2.0
2.0
2465.0
4260.0
4268.0
4269.0
4269.0
4258.0
4259.0
4263.0
4265.0
4253.0
4280.0
4293.0
4296.0
4313.0
4313.0
4332.0
1.0
1.0
1.0
1.0
1.0
946.0
957.0
948.0
947.0
928.0
928.0
928.0
930.0
929.0
955.0
957.0
961.0
960.0
961.0
945.0
2.0
2.0
2.0
1.0
2473.0
4298.0
4301.0
4318.0
4301.0
4283.0
4283.0
4285.0
4291.0
4294.0
4290.0
4299.0
4307.0
4308.0
4288.0
4292.0
1.0
1.0
1.0
1.0
1.0
935.0
933.0
934.0
934.0
940.0
939.0
945.0
945.0
963.0
957.0
953.0
954.0
940.0
921.0
926.0
2.0
2.0
2.0
2.0
2436.0
4260.0
4249.0
4258.0
4253.0
4258.0
4266.0
4268.0
4258.0
4255.0
4308.0
4292.0
4300.0
4290.0
4286.0
4291.0
1.0
1.0
1.0
1.0
1.0
927.0
930.0
925.0
926.0
975.0
980.0
975.0
973.0
927.0
926.0
930.0
927.0
931.0
927.0
927.0
2.0
1.0
2.0
2.0
2464.0
4250.0
4262.0
4236.0
4249.0
4291.0
4286.0
4285.0
4280.0
4279.0
4266.0
4249.0
4261.0
4292.0
4289.0
4272.0
1.0
1.0
1.0
1.0
1.0
927.0
928.0
936.0
926.0
927.0
925.0
927.0
930.0
926.0
926.0
925.0
925.0
926.0
928.0
949.0
2.0
1.0
2.0
2.0
2461.0
4254.0
4277.0
4296.0
4286.0
4286.0
4271.0
4305.0
4300.0
4312.0
4303.0
4317.0
4312.0
4326.0
4327.0
4315.0
1.0
1.0
1.0
1.0
1.0
966.0
936.0
937.0
928.0
927.0
948.0
951.0
949.0
952.0
956.0
934.0
934.0
936.0
932.0
926.0
2.0
1.0
1.0
2.0
1.0
926.0
927.0
925.0
925.0
925.0
923.0
926.0
929.0
926.0
925.0
927.0
926.0
928.0
926.0
928.0
1.0
1.0
1.0
1.0
1.0
925.0
924.0
929.0
926.0
945.0
950.0
947.0
945.0
947.0
948.0
941.0
945.0
941.0
944.0
925.0
2.0
2.0
2.0
2.0
2441.0
4271.0
4261.0
4261.0
4264.0
4258.0
4261.0
4268.0
4265.0
4261.0
4283.0
4267.0
4242.0
4252.0
4261.0
4257.0
1.0
1.0
1.0
1.0
2459.0
4295.0
4273.0
4268.0
4276.0
4277.0
4279.0
4279.0
4240.0
4277.0
4271.0
4294.0
4287.0
4285.0
4262.0
4261.0
2.0
1.0
2.0
2.0
2461.0
4285.0
4281.0
4277.0
4288.0
4276.0
4273.0
4266.0
4268.0
4270.0
4292.0
4272.0
4270.0
4275.0
4251.0
4285.0
1.0
1.0
1.0
1.0
2463.0
4271.0
4312.0
4312.0
4306.0
4329.0
4335.0
4324.0
4333.0
4331.0
4338.0
4329.0
4324.0
4331.0
4297.0
4297.0
2.0
2.0
2.0
2.0
2483.0
4308.0
4313.0
4308.0
4320.0
4300.0
4255.0
4276.0
4277.0
4270.0
4267.0
4244.0
4264.0
4261.0
4266.0
4281.0
1.0
1.0
1.0
1.0
1.0
926.0
923.0
924.0
948.0
945.0
946.0
945.0
944.0
922.0
924.0
927.0
925.0
927.0
913.0
925.0
1.0
2.0
2.0
2.0
2462.0
4274.0
4290.0
4306.0
4294.0
4280.0
4294.0
4293.0
4296.0
4264.0
4281.0
4278.0
4268.0
4259.0
4259.0
4263.0
1.0
1.0
1.0
1.0
1.0
950.0
948.0
948.0
947.0
920.0
926.0
923.0
922.0
925.0
924.0
924.0
927.0
924.0
927.0
927.0
2.0
2.0
2.0
2.0
2461.0
4270.0
4277.0
4300.0
4304.0
4300.0
4305.0
4309.0
4307.0
4306.0
4287.0
4308.0
4304.0
4274.0
4270.0
4274.0
2.0
1.0
1.0
1.0
1.0
935.0
938.0
934.0
933.0
928.0
929.0
924.0
924.0
925.0
949.0
950.0
949.0
947.0
944.0
927.0
2.0
1.0
2.0
2.0
2450.0
4268.0
4288.0
4301.0
4301.0
4300.0
4292.0
4300.0
4298.0
4288.0
4336.0
4242.0
4257.0
4270.0
4258.0
4263.0
1.0
1.0
1.0
1.0
1.0
925.0
925.0
928.0
926.0
945.0
946.0
948.0
945.0
928.0
923.0
924.0
928.0
928.0
929.0
927.0
2.0
1.0
2.0
2.0
2462.0
4265.0
4259.0
4259.0
4281.0
4265.0
4263.0
4255.0
4256.0
4264.0
4259.0
4266.0
4255.0
4279.0
4298.0
4282.0
1.0
1.0
1.0
1.0
1.0
945.0
947.0
947.0
942.0
927.0
925.0
937.0
925.0
925.0
929.0
925.0
924.0
925.0
923.0
925.0
2.0
2.0
2.0
2.0
2471.0
4287.0
4294.0
4310.0
4331.0
4320.0
4294.0
4298.0
4286.0
4310.0
4284.0
4288.0
4292.0
4269.0
4278.0
4269.0
1.0
1.0
1.0
1.0
1.0
925.0
928.0
924.0
929.0
928.0
929.0
933.0
937.0
935.0
957.0
954.0
948.0
951.0
945.0
923.0
2.0
2.0
2.0
2.0
2440.0
4260.0
4284.0
4273.0
4255.0
4272.0
4270.0
4273.0
4267.0
4267.0
4291.0
4263.0
4279.0
4265.0
4258.0
4262.0
1.0
1.0
1.0
1.0
1.0
927.0
926.0
948.0
946.0
944.0
942.0
916.0
926.0
926.0
926.0
922.0
928.0
926.0
926.0
928.0
2.0
1.0
1.0
1.0
2.0
925.0
930.0
941.0
959.0
958.0
960.0
957.0
960.0
960.0
960.0
982.0
983.0
970.0
948.0
946.0
1.0
2.0
1.0
1.0
1.0
952.0
945.0
946.0
945.0
944.0
926.0
929.0
926.0
929.0
933.0
931.0
927.0
929.0
927.0
929.0
1.0
1.0
1.0
1.0
2466.0
4278.0
4271.0
4271.0
4274.0
4287.0
4272.0
4265.0
4268.0
4266.0
4276.0
4263.0
4267.0
4273.0
4258.0
4278.0
1.0
0.0
1.0
1.0
1.0
950.0
950.0
948.0
947.0
927.0
927.0
928.0
924.0
925.0
927.0
927.0
923.0
928.0
925.0
926.0
1.0
1.0
1.0
1.0
2458.0
4255.0
4259.0
4283.0
4289.0
4275.0
4286.0
4272.0
4299.0
4313.0
4285.0
4297.0
4309.0
4286.0
4287.0
4285.0
0.0
1.0
1.0
1.0
0.0
941.0
934.0
930.0
931.0
929.0
926.0
926.0
930.0
925.0
928.0
923.0
948.0
949.0
944.0
946.0
1.0
1.0
1.0
1.0
1.0
949.0
928.0
929.0
917.0
924.0
923.0
924.0
926.0
925.0
925.0
925.0
929.0
927.0
926.0
925.0
0.0
1.0
1.0
1.0
0.0
926.0
927.0
928.0
928.0
924.0
926.0
929.0
928.0
925.0
926.0
921.0
926.0
948.0
951.0
947.0
1.0
1.0
1.0
1.0
1.0
949.0
950.0
951.0
949.0
945.0
949.0
946.0
924.0
926.0
924.0
921.0
928.0
928.0
928.0
928.0
1.0
0.0
1.0
1.0
1.0
925.0
925.0
926.0
926.0
927.0
925.0
925.0
928.0
927.0
924.0
923.0
927.0
926.0
926.0
925.0
1.0
1.0
1.0
1.0
1.0
926.0
928.0
928.0
924.0
926.0
927.0
928.0
948.0
948.0
948.0
947.0
948.0
947.0
947.0
946.0
1.0
1.0
1.0
0.0
0.0
942.0
946.0
929.0
925.0
929.0
927.0
925.0
930.0
927.0
928.0
928.0
924.0
929.0
927.0
929.0
1.0
1.0
1.0
1.0
1.0
927.0
926.0
930.0
924.0
927.0
924.0
928.0
927.0
923.0
927.0
924.0
927.0
930.0
926.0
927.0
1.0
1.0
1.0
0.0
0.0
928.0
950.0
949.0
947.0
950.0
946.0
948.0
949.0
950.0
949.0
944.0
927.0
925.0
937.0
949.0
1.0
1.0
1.0
1.0
1.0
955.0
950.0
956.0
959.0
957.0
958.0
959.0
960.0
949.0
935.0
933.0
937.0
931.0
927.0
928.0
1.0
0.0
0.0
1.0
1.0
927.0
927.0
928.0
929.0
926.0
928.0
929.0
929.0
929.0
929.0
929.0
948.0
947.0
948.0
948.0
1.0
1.0
1.0
1.0
1.0
948.0
949.0
946.0
940.0
946.0
947.0
926.0
928.0
927.0
925.0
924.0
927.0
930.0
925.0
924.0
1.0
1.0
0.0
1.0
1.0
924.0
927.0
924.0
927.0
926.0
926.0
927.0
927.0
928.0
929.0
927.0
929.0
927.0
928.0
927.0
1.0
1.0
1.0
1.0
1.0
928.0
926.0
929.0
928.0
927.0
928.0
950.0
949.0
951.0
950.0
950.0
953.0
954.0
940.0
949.0
1.0
0.0
0.0
1.0
1.0
948.0
927.0
922.0
926.0
926.0
927.0
927.0
928.0
926.0
930.0
924.0
927.0
927.0
928.0
927.0
1.0
1.0
1.0
1.0
1.0
928.0
929.0
930.0
927.0
930.0
925.0
926.0
925.0
926.0
926.0
928.0
930.0
928.0
950.0
947.0
1.0
1.0
1.0
0.0
1.0
953.0
951.0
958.0
954.0
957.0
956.0
958.0
957.0
930.0
931.0
921.0
936.0
937.0
939.0
936.0
1.0
1.0
1.0
1.0
2455.0
4293.0
4295.0
4281.0
4284.0
4289.0
4305.0
4303.0
4300.0
4302.0
4315.0
4302.0
4299.0
4285.0
4290.0
4290.0
1.0
1.0
1.0
0.0
0.0
927.0
928.0
947.0
947.0
950.0
950.0
924.0
933.0
926.0
925.0
928.0
929.0
925.0
926.0
926.0
1.0
1.0
1.0
1.0
2464.0
4258.0
4258.0
4288.0
4287.0
4302.0
4279.0
4283.0
4286.0
4279.0
4260.0
4285.0
4290.0
4258.0
4265.0
4261.0
0.0
1.0
1.0
1.0
0.0
923.0
928.0
927.0
926.0
924.0
926.0
927.0
926.0
928.0
927.0
927.0
928.0
927.0
949.0
954.0
1.0
1.0
1.0
1.0
1.0
951.0
940.0
949.0
923.0
924.0
926.0
927.0
926.0
925.0
926.0
922.0
926.0
924.0
927.0
926.0
1.0
1.0
0.0
1.0
1.0
924.0
926.0
928.0
925.0
927.0
927.0
927.0
925.0
926.0
927.0
926.0
928.0
925.0
927.0
929.0
1.0
1.0
1.0
1.0
1.0
983.0
982.0
981.0
983.0
984.0
989.0
989.0
991.0
997.0
985.0
941.0
936.0
936.0
938.0
934.0
0.0
1.0
1.0
1.0
1.0
934.0
935.0
935.0
935.0
939.0
940.0
939.0
934.0
942.0
936.0
936.0
937.0
939.0
932.0
937.0
1.0
2.0
1.0
1.0
1.0
938.0
934.0
937.0
935.0
937.0
937.0
937.0
938.0
938.0
938.0
960.0
959.0
960.0
960.0
956.0
0.0
1.0
1.0
1.0
1.0
951.0
957.0
955.0
958.0
959.0
942.0
942.0
941.0
943.0
928.0
932.0
939.0
940.0
940.0
940.0
1.0
1.0
1.0
1.0
2.0
935.0
934.0
932.0
935.0
929.0
936.0
930.0
934.0
930.0
935.0
935.0
933.0
930.0
933.0
936.0
1.0
1.0
1.0
0.0
0.0
934.0
935.0
934.0
935.0
936.0
961.0
960.0
959.0
959.0
960.0
962.0
965.0
967.0
964.0
965.0
1.0
1.0
1.0
1.0
1.0
939.0
936.0
934.0
927.0
934.0
930.0
925.0
928.0
925.0
927.0
925.0
925.0
927.0
932.0
925.0
1.0
1.0
0.0
0.0
1.0
924.0
922.0
924.0
923.0
927.0
927.0
922.0
925.0
928.0
927.0
923.0
931.0
931.0
947.0
950.0
1.0
1.0
1.0
1.0
1.0
949.0
950.0
951.0
950.0
947.0
948.0
946.0
947.0
925.0
925.0
925.0
926.0
927.0
927.0
928.0
1.0
1.0
0.0
1.0
1.0
928.0
927.0
927.0
927.0
928.0
928.0
925.0
926.0
927.0
927.0
928.0
928.0
928.0
925.0
924.0
1.0
1.0
1.0
1.0
1.0
928.0
927.0
926.0
929.0
930.0
947.0
947.0
962.0
958.0
965.0
986.0
979.0
981.0
978.0
985.0
1.0
0.0
1.0
1.0
1.0
954.0
954.0
950.0
945.0
944.0
926.0
927.0
927.0
927.0
927.0
923.0
924.0
926.0
927.0
927.0
1.0
1.0
1.0
1.0
1.0
926.0
927.0
929.0
926.0
927.0
930.0
927.0
931.0
926.0
927.0
925.0
925.0
927.0
924.0
928.0
1.0
1.0
0.0
0.0
1.0
949.0
948.0
949.0
950.0
949.0
942.0
949.0
951.0
928.0
917.0
880.0
869.0
864.0
857.0
848.0
