6.0
6.0
4.0
4.0
4.0
4.0
5.0
4.0
5.0
6.0
14.0
13.0
9.0
9.0
8.0
8.0
8.0
9.0
14.0
14.0
9.0
8.0
9.0
9.0
8.0
8.0
14.0
14.0
14.0
14.0
76.0
74.0
74.0
75.0
75.0
75.0
135.0
134.0
134.0
133.0
76.0
75.0
75.0
75.0
75.0
74.0
135.0
102.0
102.0
134.0
61.0
75.0
74.0
74.0
74.0
75.0
61.0
75.0
75.0
74.0
1678.0
1714.0
1697.0
1520.0
1929.0
1742.0
1681.0
1715.0
2103.0
1680.0
1439.0
1607.0
1607.0
1609.0
1438.0
1610.0
1617.0
1619.0
2522.0
2021.0
1488.0
1500.0
1572.0
1570.0
1978.0
1570.0
1555.0
1554.0
1584.0
1603.0
1596.0
1572.0
1593.0
1578.0
1577.0
1579.0
1591.0
1585.0
1545.0
1536.0
1542.0
1552.0
1553.0
1553.0
1558.0
1556.0
1559.0
1537.0
1552.0
1561.0
1557.0
1538.0
1541.0
1540.0
1543.0
1542.0
1542.0
1589.0
1558.0
1549.0
1864.0
1893.0
1620.0
1614.0
1609.0
1619.0
1615.0
1512.0
1544.0
1550.0
6087.0
6086.0
6069.0
6079.0
6068.0
6071.0
6091.0
6081.0
6082.0
6154.0
6132.0
6148.0
6149.0
6156.0
6197.0
6092.0
6108.0
6121.0
6304.0
6227.0
6089.0
6091.0
6121.0
6102.0
6066.0
6100.0
6110.0
6116.0
6069.0
6127.0
6109.0
6119.0
6131.0
6057.0
6085.0
6098.0
6146.0
6147.0
6179.0
6190.0
6183.0
6224.0
6141.0
6107.0
6084.0
6075.0
6165.0
6081.0
6122.0
6067.0
5912.0
6129.0
5894.0
8.0
9.0
9.0
8.0
14.0
8.0
8.0
8.0
4.0
6.0
8.0
6.0
13.0
8.0
8.0
8.0
8.0
4.0
3.0
4.0
9.0
6.0
8.0
14.0
7.0
8.0
8.0
4.0
4.0
3.0
7.0
7.0
13.0
8.0
7.0
6.0
5.0
4.0
4.0
3.0
7.0
7.0
7.0
13.0
8.0
7.0
6.0
4.0
4.0
3.0
13.0
7.0
6.0
8.0
8.0
8.0
5.0
4.0
4.0
3.0
8.0
7.0
13.0
7.0
8.0
8.0
8.0
4.0
4.0
6.0
8.0
8.0
6.0
8.0
8.0
8.0
5.0
4.0
5.0
3.0
14.0
7.0
7.0
8.0
8.0
8.0
5.0
3.0
5.0
3.0
6.0
7.0
8.0
8.0
8.0
7.0
8.0
3.0
3.0
3.0
9.0
9.0
15.0
8.0
7.0
8.0
8.0
8.0
4.0
6.0
9.0
6.0
8.0
8.0
8.0
13.0
8.0
4.0
4.0
4.0
9.0
7.0
13.0
8.0
8.0
8.0
8.0
4.0
3.0
3.0
8.0
8.0
13.0
7.0
7.0
7.0
4.0
3.0
3.0
4.0
6.0
8.0
13.0
7.0
8.0
8.0
8.0
3.0
4.0
3.0
8.0
7.0
13.0
7.0
8.0
8.0
4.0
3.0
4.0
3.0
13.0
7.0
7.0
8.0
8.0
8.0
6.0
3.0
3.0
3.0
8.0
13.0
8.0
8.0
8.0
8.0
4.0
3.0
3.0
3.0
8.0
8.0
13.0
8.0
8.0
8.0
4.0
3.0
3.0
3.0
6.0
8.0
13.0
8.0
8.0
8.0
5.0
3.0
3.0
3.0
133.0
75.0
75.0
75.0
75.0
74.0
69.0
60.0
70.0
6.0
128.0
61.0
61.0
74.0
73.0
74.0
73.0
69.0
3.0
3.0
74.0
61.0
61.0
74.0
75.0
74.0
75.0
70.0
3.0
4.0
74.0
73.0
74.0
61.0
61.0
74.0
72.0
69.0
4.0
3.0
73.0
73.0
74.0
74.0
73.0
60.0
60.0
69.0
3.0
3.0
73.0
73.0
73.0
73.0
73.0
73.0
71.0
57.0
3.0
3.0
60.0
74.0
60.0
73.0
72.0
74.0
74.0
69.0
4.0
3.0
73.0
74.0
62.0
63.0
73.0
64.0
71.0
3.0
4.0
3.0
64.0
73.0
73.0
74.0
74.0
73.0
61.0
69.0
3.0
3.0
64.0
73.0
63.0
74.0
74.0
73.0
70.0
4.0
3.0
3.0
75.0
65.0
74.0
65.0
65.0
74.0
73.0
73.0
69.0
4.0
74.0
73.0
64.0
78.0
77.0
86.0
85.0
81.0
4.0
4.0
125.0
84.0
85.0
79.0
135.0
66.0
65.0
67.0
4.0
3.0
71.0
71.0
71.0
64.0
71.0
63.0
61.0
68.0
5.0
5.0
86.0
72.0
73.0
80.0
63.0
72.0
74.0
61.0
3.0
3.0
68.0
76.0
83.0
76.0
81.0
113.0
75.0
110.0
4.0
5.0
76.0
75.0
72.0
72.0
71.0
69.0
71.0
67.0
3.0
4.0
69.0
71.0
69.0
112.0
109.0
71.0
65.0
3.0
3.0
3.0
70.0
71.0
70.0
70.0
69.0
71.0
69.0
66.0
4.0
3.0
71.0
70.0
71.0
71.0
71.0
70.0
68.0
3.0
3.0
3.0
72.0
73.0
72.0
72.0
72.0
72.0
72.0
70.0
67.0
3.0
71.0
71.0
71.0
71.0
71.0
71.0
70.0
66.0
3.0
3.0
72.0
71.0
71.0
71.0
72.0
71.0
71.0
66.0
3.0
3.0
70.0
71.0
70.0
71.0
70.0
70.0
68.0
66.0
4.0
3.0
69.0
69.0
72.0
69.0
70.0
70.0
69.0
65.0
3.0
3.0
69.0
68.0
119.0
120.0
119.0
118.0
116.0
115.0
3.0
3.0
119.0
118.0
120.0
120.0
68.0
68.0
68.0
65.0
3.0
3.0
69.0
68.0
69.0
69.0
69.0
68.0
66.0
3.0
3.0
3.0
69.0
69.0
68.0
68.0
69.0
69.0
65.0
64.0
3.0
3.0
68.0
68.0
69.0
68.0
69.0
69.0
66.0
3.0
3.0
3.0
1516.0
1577.0
1579.0
1518.0
1580.0
1574.0
1577.0
1515.0
1509.0
4.0
1581.0
1499.0
1501.0
1504.0
1503.0
1623.0
1625.0
1619.0
1552.0
3.0
1635.0
1623.0
1530.0
1533.0
1532.0
1552.0
1653.0
1647.0
1583.0
3.0
1661.0
1669.0
1664.0
1500.0
1503.0
1502.0
1501.0
1628.0
1553.0
3.0
1623.0
1607.0
1609.0
1608.0
1483.0
1487.0
1485.0
1483.0
1550.0
3.0
1625.0
1622.0
1623.0
1623.0
1623.0
1551.0
1548.0
1548.0
1694.0
4.0
1818.0
1639.0
1635.0
1630.0
1628.0
1629.0
1547.0
1546.0
1482.0
3.0
1556.0
1542.0
1557.0
1552.0
1557.0
1555.0
1552.0
1473.0
3.0
3.0
1539.0
1541.0
1555.0
1621.0
1608.0
1595.0
1603.0
1631.0
1538.0
3.0
1609.0
1604.0
1606.0
1607.0
1565.0
1574.0
1559.0
1486.0
3.0
3.0
1566.0
1564.0
1576.0
1581.0
1587.0
1591.0
1568.0
1567.0
1564.0
3.0
1566.0
1569.0
1580.0
1606.0
1610.0
1614.0
1613.0
1607.0
1561.0
3.0
1609.0
1632.0
1634.0
1635.0
1538.0
1539.0
1551.0
1546.0
1496.0
4.0
1557.0
1560.0
1562.0
1560.0
1561.0
1549.0
1548.0
1549.0
1490.0
3.0
1540.0
1537.0
1545.0
1541.0
1539.0
1551.0
1594.0
1601.0
1549.0
3.0
1599.0
1628.0
1642.0
1615.0
1621.0
1629.0
1627.0
1535.0
1485.0
3.0
1563.0
1563.0
1550.0
1553.0
1540.0
1543.0
1542.0
1537.0
1490.0
3.0
1556.0
1538.0
1551.0
1575.0
1554.0
1593.0
1568.0
1497.0
4.0
3.0
1640.0
1608.0
1602.0
1627.0
1631.0
1624.0
1608.0
1650.0
1541.0
3.0
1624.0
1552.0
1551.0
1553.0
1552.0
1540.0
1556.0
1473.0
3.0
3.0
1552.0
1565.0
1570.0
1564.0
1549.0
1558.0
1565.0
1582.0
1642.0
4.0
1648.0
1657.0
1651.0
1644.0
1637.0
1629.0
1642.0
1626.0
1538.0
3.0
1539.0
1547.0
1540.0
1554.0
1545.0
1561.0
1538.0
1532.0
1472.0
4.0
1542.0
1551.0
1555.0
1553.0
1555.0
1569.0
1536.0
1546.0
1488.0
3.0
1553.0
1612.0
1603.0
1613.0
1606.0
1605.0
1614.0
1599.0
1534.0
3.0
1601.0
1592.0
1543.0
1550.0
1555.0
1557.0
1554.0
1553.0
1493.0
3.0
1537.0
1538.0
1555.0
1552.0
1540.0
1558.0
1557.0
1551.0
1487.0
3.0
1556.0
1610.0
1603.0
1600.0
1593.0
1593.0
1616.0
1551.0
3.0
4.0
1624.0
1622.0
1621.0
1536.0
1556.0
1539.0
1552.0
1549.0
1488.0
3.0
1551.0
1553.0
1554.0
1551.0
1552.0
1555.0
1549.0
1514.0
3.0
3.0
1555.0
1565.0
1565.0
1566.0
1566.0
1616.0
1597.0
1594.0
1612.0
3.0
1618.0
1619.0
1633.0
1651.0
1650.0
1655.0
1593.0
1576.0
1515.0
4.0
1595.0
1605.0
1582.0
1572.0
1563.0
1573.0
1572.0
1567.0
1550.0
3.0
1566.0
1558.0
1565.0
1616.0
1625.0
1629.0
1609.0
1618.0
1559.0
3.0
1594.0
1591.0
1615.0
1625.0
1548.0
1559.0
1556.0
1546.0
1489.0
4.0
1552.0
1553.0
1552.0
1548.0
1538.0
1550.0
1561.0
1560.0
1497.0
3.0
1565.0
1563.0
1537.0
1539.0
1550.0
1612.0
1603.0
1606.0
1547.0
3.0
1618.0
1615.0
1617.0
1619.0
1610.0
1598.0
1542.0
1477.0
3.0
3.0
1564.0
1570.0
1562.0
1580.0
1563.0
1534.0
1535.0
1534.0
1500.0
4.0
1553.0
1553.0
1572.0
1553.0
1564.0
1589.0
1554.0
1491.0
3.0
3.0
1632.0
1592.0
1589.0
1618.0
1630.0
1616.0
1618.0
1620.0
1586.0
3.0
1610.0
1536.0
1538.0
1551.0
1566.0
1583.0
1552.0
1549.0
1488.0
3.0
1541.0
1556.0
1566.0
1567.0
1559.0
1590.0
1590.0
1590.0
1521.0
3.0
1593.0
1619.0
1613.0
1610.0
1595.0
1612.0
1602.0
1604.0
1544.0
4.0
1641.0
1602.0
1539.0
1543.0
1552.0
1557.0
1538.0
1548.0
1476.0
3.0
1542.0
1552.0
1557.0
1551.0
1552.0
1538.0
1538.0
1548.0
1540.0
3.0
1627.0
1618.0
1605.0
1596.0
1599.0
1599.0
1598.0
1604.0
1533.0
3.0
1544.0
1541.0
1541.0
1540.0
1541.0
1552.0
1548.0
1487.0
3.0
3.0
1543.0
1535.0
1552.0
1553.0
1552.0
1553.0
1553.0
1539.0
1478.0
3.0
1544.0
1560.0
1605.0
1591.0
1586.0
1588.0
1586.0
1527.0
3.0
3.0
1582.0
1584.0
1598.0
1587.0
1539.0
1538.0
1553.0
1553.0
1552.0
3.0
1557.0
1561.0
1552.0
1542.0
1546.0
1555.0
1557.0
1540.0
1478.0
3.0
1544.0
1555.0
1552.0
1552.0
1598.0
1602.0
1598.0
1605.0
1527.0
3.0
1615.0
1622.0
1625.0
1629.0
1624.0
1573.0
1563.0
1585.0
1526.0
3.0
1574.0
1576.0
1558.0
1555.0
1542.0
1538.0
1554.0
1551.0
1473.0
3.0
1548.0
1553.0
1564.0
1565.0
1566.0
1610.0
1607.0
1593.0
1535.0
3.0
1614.0
1629.0
1617.0
1618.0
1619.0
1616.0
1548.0
1543.0
1494.0
3.0
1558.0
1551.0
1550.0
1551.0
1549.0
1550.0
1546.0
1518.0
3.0
3.0
1552.0
1552.0
1541.0
1537.0
1563.0
1609.0
1610.0
1603.0
1542.0
3.0
1601.0
1598.0
1589.0
1606.0
1631.0
1617.0
1550.0
1502.0
3.0
3.0
1553.0
1552.0
1557.0
1568.0
1557.0
1556.0
1544.0
1566.0
1566.0
3.0
1567.0
1567.0
1567.0
1541.0
1540.0
1551.0
1540.0
1598.0
1544.0
3.0
1603.0
1615.0
1607.0
1617.0
1598.0
1602.0
1613.0
1606.0
1482.0
4.0
1559.0
1550.0
1566.0
1567.0
1569.0
1555.0
1566.0
1535.0
1485.0
3.0
1602.0
1578.0
1577.0
1558.0
1557.0
1558.0
1576.0
1574.0
1521.0
5.0
1630.0
1591.0
1588.0
1585.0
1591.0
1592.0
1580.0
1610.0
1547.0
3.0
1605.0
1552.0
1548.0
1573.0
1561.0
1560.0
1563.0
1560.0
1474.0
3.0
1541.0
1540.0
1551.0
1552.0
1554.0
1552.0
1544.0
1484.0
4.0
3.0
1560.0
1553.0
1595.0
1604.0
1584.0
1587.0
1608.0
1608.0
1544.0
3.0
1610.0
1596.0
1581.0
1540.0
1549.0
1558.0
1550.0
1485.0
3.0
3.0
6100.0
6091.0
6089.0
6083.0
6117.0
6072.0
6073.0
6100.0
2500.0
6069.0
6094.0
6073.0
6082.0
6081.0
6166.0
6181.0
6216.0
6155.0
2538.0
6151.0
6091.0
6152.0
6108.0
6187.0
6115.0
6152.0
6184.0
6048.0
2471.0
6104.0
6125.0
6145.0
6121.0
6084.0
6096.0
6112.0
6142.0
6090.0
2461.0
6175.0
6188.0
6215.0
6124.0
6158.0
6084.0
6099.0
6091.0
6068.0
2568.0
6107.0
6066.0
6092.0
6068.0
6078.0
6158.0
6197.0
6114.0
6076.0
2508.0
6112.0
6071.0
6148.0
6127.0
6098.0
6077.0
6132.0
6093.0
6045.0
2457.0
6181.0
6207.0
6104.0
6213.0
6168.0
6105.0
6128.0
6025.0
2534.0
2555.0
6058.0
6100.0
6095.0
6124.0
6057.0
6113.0
6111.0
6045.0
6055.0
2514.0
6162.0
6198.0
6095.0
6082.0
6120.0
6162.0
6095.0
2507.0
2587.0
6039.0
6037.0
6171.0
6190.0
6188.0
6196.0
6108.0
6145.0
2499.0
6146.0
6107.0
6073.0
6082.0
6179.0
6104.0
6119.0
6197.0
6025.0
2451.0
6196.0
6284.0
6241.0
6222.0
6222.0
6133.0
6088.0
6050.0
6227.0
2487.0
6171.0
6048.0
6153.0
6138.0
6092.0
6089.0
6220.0
6157.0
6073.0
2510.0
6120.0
6063.0
6145.0
6139.0
6138.0
6090.0
6085.0
6103.0
6033.0
2495.0
6176.0
6216.0
6098.0
6212.0
6283.0
6210.0
6154.0
6148.0
6004.0
2533.0
6222.0
6083.0
6050.0
6128.0
6116.0
6105.0
6132.0
6089.0
6049.0
2499.0
6162.0
6261.0
6162.0
6103.0
6111.0
6181.0
6130.0
2601.0
2530.0
6132.0
6140.0
6100.0
6270.0
6170.0
6290.0
6320.0
6198.0
6068.0
2484.0
6091.0
6115.0
6097.0
6154.0
6117.0
6117.0
6043.0
2422.0
2446.0
6101.0
6192.0
6167.0
6120.0
6202.0
6201.0
6070.0
6044.0
2502.0
6046.0
6058.0
6115.0
6076.0
6133.0
6055.0
6075.0
6173.0
5969.0
2486.0
6207.0
6174.0
6088.0
6128.0
6153.0
6137.0
6127.0
6100.0
6017.0
2535.0
6059.0
6099.0
6102.0
6132.0
6173.0
6150.0
6143.0
6173.0
6056.0
2477.0
6141.0
6184.0
6204.0
6196.0
6156.0
6269.0
6201.0
6188.0
6139.0
2455.0
6265.0
6228.0
6232.0
6136.0
6153.0
6171.0
6132.0
6064.0
6018.0
2513.0
6110.0
6129.0
6147.0
6210.0
6121.0
6043.0
6225.0
6233.0
6116.0
2495.0
6064.0
6058.0
6138.0
6129.0
6121.0
6151.0
6099.0
2473.0
2426.0
6088.0
6175.0
6154.0
6230.0
6169.0
6212.0
6151.0
6127.0
5983.0
2418.0
6093.0
6172.0
6091.0
6038.0
6063.0
6056.0
6030.0
2437.0
2442.0
6061.0
6176.0
6164.0
6156.0
6065.0
6122.0
6078.0
6075.0
2541.0
6131.0
6137.0
6085.0
6147.0
6146.0
6160.0
6097.0
6249.0
6037.0
2499.0
6205.0
6090.0
6159.0
6084.0
6130.0
6150.0
6149.0
6156.0
5980.0
2464.0
6246.0
6125.0
6200.0
6155.0
6174.0
6181.0
6182.0
6186.0
6051.0
2510.0
6114.0
6077.0
6067.0
6045.0
6076.0
6042.0
6135.0
5995.0
2434.0
6141.0
6091.0
6079.0
6098.0
6118.0
6065.0
6087.0
6127.0
6063.0
2518.0
6067.0
6092.0
6040.0
6070.0
6124.0
6165.0
6188.0
6129.0
6029.0
2629.0
6211.0
6074.0
6039.0
6100.0
6104.0
6030.0
5991.0
2441.0
2442.0
6043.0
6225.0
6094.0
6141.0
6134.0
6141.0
6096.0
6148.0
6048.0
2455.0
6192.0
6211.0
6144.0
6144.0
6139.0
6155.0
6008.0
2482.0
2495.0
6166.0
6105.0
6160.0
6105.0
6147.0
6120.0
6094.0
6149.0
2547.0
6196.0
6052.0
6061.0
6102.0
6120.0
6044.0
6151.0
6108.0
6039.0
2451.0
6088.0
6073.0
6068.0
6063.0
6104.0
6154.0
6080.0
6063.0
5985.0
2444.0
6196.0
6115.0
6155.0
6149.0
6119.0
6091.0
6092.0
6072.0
6048.0
2492.0
6168.0
6145.0
6176.0
6159.0
6132.0
6164.0
6101.0
6019.0
2557.0
6213.0
6075.0
6096.0
6067.0
6072.0
6086.0
6111.0
6128.0
6094.0
2509.0
6089.0
6108.0
6113.0
6103.0
6090.0
6096.0
6195.0
6110.0
6014.0
2446.0
6145.0
6198.0
6215.0
6122.0
6197.0
6090.0
6026.0
2434.0
2434.0
6101.0
6178.0
6210.0
6166.0
6083.0
6103.0
6117.0
6165.0
6041.0
2487.0
6141.0
6103.0
6135.0
6155.0
6081.0
6209.0
6086.0
2500.0
2549.0
6225.0
6083.0
6126.0
6132.0
6111.0
6066.0
6131.0
6082.0
2553.0
6142.0
6068.0
6118.0
6065.0
6064.0
6083.0
6109.0
6096.0
6044.0
2497.0
6055.0
6077.0
6076.0
6175.0
6102.0
6227.0
6192.0
6089.0
6040.0
2440.0
6084.0
6232.0
6219.0
6241.0
6131.0
6093.0
6129.0
6144.0
6028.0
2541.0
6209.0
6082.0
6126.0
6078.0
6114.0
6104.0
6052.0
6019.0
2559.0
6115.0
6198.0
6077.0
6109.0
6115.0
6115.0
6069.0
6098.0
6086.0
2489.0
6108.0
6044.0
6046.0
6042.0
6147.0
6107.0
6145.0
6114.0
6010.0
2434.0
6068.0
6143.0
6225.0
6117.0
6176.0
6134.0
6063.0
2425.0
2426.0
6119.0
6146.0
6200.0
6191.0
6190.0
6102.0
6147.0
6121.0
6008.0
2503.0
6223.0
6217.0
6077.0
6107.0
6102.0
6083.0
6048.0
2498.0
2570.0
6110.0
6085.0
6121.0
6095.0
6110.0
6135.0
6126.0
6114.0
2568.0
6262.0
6178.0
6140.0
6126.0
6147.0
6136.0
6116.0
6114.0
6043.0
2501.0
6061.0
6076.0
6079.0
6138.0
6117.0
6133.0
6165.0
6071.0
5999.0
2427.0
6084.0
6197.0
6325.0
6143.0
6114.0
6084.0
6092.0
6092.0
6022.0
2531.0
6187.0
6192.0
6071.0
6080.0
6108.0
6099.0
6085.0
6053.0
2481.0
6096.0
6054.0
6097.0
6052.0
6052.0
6102.0
6148.0
6126.0
6065.0
2433.0
6085.0
6202.0
6144.0
6194.0
6213.0
6257.0
6211.0
6291.0
6127.0
2477.0
6218.0
6227.0
6168.0
6143.0
6117.0
6071.0
6087.0
2572.0
2450.0
6063.0
6216.0
6128.0
6084.0
6066.0
6070.0
6044.0
6064.0
6029.0
2500.0
6170.0
6130.0
6096.0
6115.0
6102.0
6113.0
6049.0
2533.0
2502.0
6155.0
6119.0
6087.0
6147.0
6050.0
6128.0
6141.0
6162.0
2542.0
6139.0
6093.0
6130.0
6140.0
6106.0
6183.0
6200.0
6165.0
6016.0
2427.0
6115.0
6187.0
6230.0
6201.0
6206.0
6180.0
6134.0
6103.0
6055.0
2474.0
6177.0
6123.0
6052.0
6063.0
6094.0
6089.0
6077.0
6086.0
6044.0
2490.0
6139.0
6146.0
6171.0
6146.0
6127.0
6123.0
6164.0
6073.0
2490.0
6115.0
6115.0
6078.0
6115.0
6104.0
6101.0
6130.0
6108.0
5974.0
2430.0
6050.0
6069.0
6161.0
6119.0
6050.0
6044.0
6053.0
6082.0
5996.0
2440.0
6233.0
6204.0
6170.0
6076.0
6073.0
6152.0
6104.0
2544.0
2541.0
6125.0
6088.0
6080.0
6161.0
6144.0
6074.0
6150.0
6077.0
6059.0
2482.0
6039.0
6054.0
5978.0
5969.0
5964.0
5865.0
5724.0
2486.0
2452.0
