3.0
3.0
3.0
3.0
3.0
2.0
3.0
3.0
3.0
3.0
11.0
11.0
11.0
11.0
11.0
11.0
11.0
11.0
11.0
12.0
11.0
11.0
2973.0
2961.0
2957.0
2961.0
2996.0
2965.0
2958.0
2970.0
11.0
11.0
10.0
10.0
10.0
10.0
11.0
11.0
10.0
10.0
11.0
11.0
2973.0
2961.0
3062.0
3015.0
3061.0
2992.0
2988.0
3001.0
10.0
11.0
11.0
10.0
10.0
11.0
11.0
10.0
10.0
11.0
20.0
20.0
3129.0
3004.0
3012.0
3005.0
2975.0
2975.0
2971.0
2971.0
11.0
10.0
11.0
11.0
10.0
10.0
10.0
11.0
11.0
10.0
11.0
10.0
2975.0
2977.0
2986.0
2973.0
2984.0
3081.0
2965.0
2968.0
11.0
11.0
10.0
11.0
10.0
10.0
11.0
11.0
10.0
10.0
11.0
11.0
2959.0
2978.0
2960.0
2969.0
2952.0
2964.0
2965.0
2989.0
11.0
10.0
11.0
11.0
10.0
11.0
11.0
10.0
10.0
11.0
11.0
10.0
2957.0
2960.0
2958.0
3004.0
2952.0
2981.0
2977.0
2987.0
11.0
10.0
11.0
10.0
11.0
11.0
10.0
30.0
10.0
11.0
10.0
11.0
2954.0
2970.0
2978.0
2981.0
2976.0
2993.0
2951.0
2977.0
10.0
11.0
11.0
10.0
10.0
11.0
11.0
10.0
10.0
11.0
11.0
10.0
2964.0
2965.0
2968.0
2983.0
2986.0
2986.0
2993.0
2994.0
11.0
10.0
11.0
10.0
10.0
11.0
11.0
10.0
10.0
11.0
11.0
10.0
2994.0
3011.0
2997.0
2996.0
2978.0
2977.0
2967.0
2964.0
10.0
11.0
11.0
10.0
11.0
11.0
10.0
10.0
11.0
11.0
10.0
10.0
2957.0
2950.0
2938.0
2953.0
2944.0
2953.0
2938.0
2919.0
11.0
11.0
10.0
10.0
11.0
11.0
11.0
11.0
11.0
11.0
11.0
11.0
2966.0
2976.0
2962.0
2965.0
2966.0
2959.0
2956.0
2964.0
11.0
11.0
10.0
10.0
10.0
10.0
10.0
10.0
10.0
10.0
11.0
11.0
2962.0
2964.0
2946.0
2950.0
2962.0
2950.0
2957.0
2953.0
10.0
11.0
11.0
10.0
10.0
11.0
11.0
11.0
11.0
10.0
10.0
11.0
2957.0
2956.0
2954.0
2966.0
2959.0
2962.0
2961.0
2958.0
10.0
10.0
10.0
10.0
10.0
10.0
10.0
10.0
10.0
10.0
10.0
10.0
2955.0
2964.0
2958.0
2960.0
2960.0
2970.0
2958.0
2971.0
10.0
11.0
11.0
10.0
10.0
11.0
11.0
10.0
10.0
11.0
11.0
10.0
2967.0
2967.0
2966.0
2970.0
2969.0
2967.0
2967.0
2978.0
10.0
10.0
10.0
10.0
11.0
10.0
10.0
10.0
10.0
10.0
10.0
10.0
2956.0
2965.0
2963.0
2965.0
2964.0
2970.0
2958.0
2964.0
10.0
11.0
10.0
11.0
11.0
10.0
10.0
11.0
11.0
10.0
10.0
11.0
2976.0
2962.0
2974.0
2974.0
2978.0
2974.0
2978.0
2973.0
11.0
10.0
10.0
10.0
10.0
10.0
10.0
10.0
10.0
11.0
10.0
10.0
2971.0
2980.0
2978.0
2988.0
2998.0
3032.0
2999.0
2994.0
10.0
11.0
10.0
10.0
11.0
11.0
10.0
10.0
11.0
11.0
10.0
10.0
2997.0
3003.0
3005.0
3007.0
3008.0
3017.0
2979.0
2983.0
10.0
10.0
10.0
10.0
11.0
11.0
10.0
10.0
10.0
10.0
10.0
10.0
2976.0
2975.0
2973.0
2972.0
2969.0
2990.0
2981.0
2991.0
11.0
10.0
10.0
10.0
11.0
11.0
10.0
10.0
11.0
11.0
10.0
11.0
2972.0
2971.0
2971.0
2970.0
2976.0
2977.0
2977.0
2952.0
10.0
10.0
10.0
10.0
10.0
10.0
11.0
11.0
10.0
10.0
10.0
10.0
2979.0
2972.0
2975.0
2971.0
2981.0
2980.0
2978.0
2982.0
8.0
8.0
8.0
8.0
7.0
8.0
7.0
8.0
8.0
7.0
8.0
7.0
2987.0
2982.0
2972.0
2992.0
2975.0
2946.0
2963.0
2962.0
3.0
2.0
3.0
3.0
2.0
3.0
3.0
2.0
2.0
3.0
3.0
2.0
2960.0
2960.0
2984.0
2975.0
2967.0
2974.0
3003.0
2982.0
3.0
3.0
4.0
3.0
3.0
3.0
3.0
3.0
3.0
4.0
3.0
3.0
2984.0
2976.0
3000.0
2984.0
2996.0
2989.0
2995.0
3013.0
2.0
2.0
3.0
2.0
2.0
2.0
2.0
2.0
3.0
3.0
2.0
2.0
2972.0
2956.0
2966.0
2971.0
2966.0
2974.0
2940.0
2951.0
3.0
3.0
3.0
3.0
3.0
3.0
3.0
3.0
3.0
2.0
3.0
3.0
2959.0
2962.0
2956.0
2960.0
2959.0
2951.0
2954.0
2956.0
3.0
2.0
2.0
3.0
2.0
2.0
2.0
3.0
2.0
8.0
9.0
3.0
2947.0
2954.0
2960.0
2962.0
2968.0
2981.0
2977.0
2972.0
2.0
3.0
3.0
2.0
3.0
2.0
3.0
3.0
2.0
2.0
3.0
3.0
1616.0
1610.0
1615.0
1614.0
1604.0
1622.0
1654.0
1628.0
3.0
2.0
2.0
2.0
2.0
3.0
2.0
2.0
3.0
2.0
2.0
2.0
1639.0
1647.0
1616.0
1624.0
1609.0
1616.0
1616.0
1618.0
12.0
11.0
11.0
10.0
10.0
11.0
10.0
10.0
10.0
10.0
10.0
10.0
2956.0
2954.0
2965.0
2972.0
2963.0
2983.0
2982.0
2982.0
10.0
10.0
10.0
11.0
10.0
10.0
10.0
10.0
10.0
10.0
10.0
10.0
2985.0
2979.0
2987.0
2981.0
2978.0
3086.0
2977.0
2986.0
11.0
11.0
11.0
10.0
10.0
11.0
11.0
10.0
10.0
11.0
11.0
10.0
2977.0
2977.0
2974.0
2976.0
2971.0
2978.0
2976.0
2978.0
10.0
10.0
10.0
10.0
10.0
11.0
10.0
11.0
10.0
10.0
10.0
11.0
2966.0
3076.0
2967.0
2964.0
2961.0
2954.0
2974.0
2977.0
10.0
10.0
10.0
10.0
10.0
10.0
10.0
10.0
10.0
10.0
10.0
11.0
2990.0
2972.0
2982.0
2963.0
2982.0
2980.0
2974.0
2977.0
10.0
10.0
10.0
10.0
10.0
10.0
10.0
10.0
10.0
10.0
10.0
10.0
2972.0
2968.0
2967.0
2967.0
2970.0
2953.0
2957.0
2957.0
10.0
11.0
11.0
10.0
10.0
10.0
10.0
10.0
10.0
10.0
10.0
10.0
2960.0
2962.0
2964.0
2968.0
2958.0
2966.0
2962.0
2952.0
10.0
10.0
10.0
10.0
10.0
10.0
10.0
10.0
10.0
10.0
10.0
10.0
2989.0
2989.0
2990.0
2987.0
2985.0
2997.0
2995.0
2992.0
10.0
10.0
11.0
10.0
10.0
10.0
11.0
10.0
10.0
10.0
10.0
10.0
2988.0
2976.0
2961.0
2950.0
2958.0
2957.0
2960.0
2953.0
10.0
10.0
10.0
10.0
10.0
10.0
10.0
10.0
10.0
10.0
16.0
17.0
2950.0
2979.0
2961.0
2971.0
2961.0
2962.0
2956.0
2956.0
10.0
10.0
10.0
10.0
10.0
10.0
10.0
11.0
10.0
10.0
10.0
10.0
2971.0
2965.0
2962.0
2966.0
2989.0
2967.0
2966.0
2963.0
11.0
10.0
10.0
10.0
10.0
10.0
10.0
10.0
10.0
10.0
10.0
10.0
2960.0
2959.0
2964.0
2967.0
2963.0
2964.0
2983.0
2965.0
3.0
2.0
3.0
2.0
2.0
3.0
3.0
2.0
2.0
3.0
2.0
3.0
2959.0
2957.0
2947.0
2950.0
2953.0
2946.0
2954.0
2951.0
3.0
2.0
2.0
2.0
2.0
3.0
2.0
2.0
2.0
2.0
2.0
2.0
2958.0
2947.0
2951.0
2954.0
2963.0
2966.0
2975.0
2979.0
2.0
2.0
2.0
2.0
2.0
2.0
3.0
2.0
2.0
3.0
2.0
2.0
2976.0
2986.0
2981.0
3002.0
2985.0
2986.0
2985.0
2969.0
2.0
2.0
2.0
2.0
2.0
2.0
2.0
3.0
2.0
2.0
3.0
2.0
2958.0
2959.0
2958.0
2965.0
2958.0
2964.0
2960.0
2954.0
3.0
2.0
2.0
2.0
2.0
2.0
2.0
2.0
2.0
2.0
3.0
3.0
2953.0
2953.0
2947.0
2958.0
2947.0
2948.0
2952.0
2972.0
2.0
2.0
3.0
3.0
2.0
2.0
2.0
2.0
2.0
2.0
2.0
2.0
2963.0
2963.0
2954.0
2964.0
2973.0
2983.0
2978.0
2963.0
3.0
2.0
3.0
2.0
2.0
2.0
3.0
2.0
2.0
2.0
3.0
2.0
1608.0
1619.0
1624.0
1624.0
1626.0
1613.0
1608.0
1619.0
2.0
2.0
2.0
2.0
2.0
2.0
2.0
2.0
3.0
3.0
2.0
2.0
1612.0
1612.0
1611.0
1611.0
1619.0
1609.0
1613.0
1610.0
10.0
10.0
10.0
10.0
10.0
10.0
10.0
10.0
10.0
11.0
10.0
10.0
2955.0
2965.0
2977.0
2988.0
2982.0
2983.0
2983.0
2990.0
10.0
10.0
10.0
10.0
10.0
10.0
10.0
10.0
10.0
10.0
10.0
10.0
3004.0
2985.0
2988.0
3011.0
2991.0
2992.0
2982.0
2988.0
11.0
12.0
12.0
11.0
11.0
11.0
11.0
11.0
11.0
10.0
10.0
10.0
2979.0
2983.0
2976.0
2971.0
2980.0
2969.0
2963.0
2956.0
10.0
10.0
10.0
10.0
10.0
10.0
10.0
10.0
10.0
10.0
10.0
10.0
2971.0
2964.0
2961.0
2969.0
2974.0
2962.0
2940.0
2980.0
10.0
10.0
10.0
10.0
10.0
10.0
11.0
10.0
10.0
10.0
10.0
10.0
2980.0
2975.0
2975.0
2977.0
2975.0
2972.0
2979.0
2976.0
11.0
10.0
10.0
10.0
10.0
10.0
10.0
10.0
10.0
10.0
10.0
10.0
2966.0
2942.0
2965.0
2963.0
2962.0
2965.0
2966.0
2957.0
10.0
10.0
17.0
17.0
11.0
11.0
12.0
11.0
10.0
11.0
10.0
10.0
2965.0
2966.0
2952.0
2962.0
2979.0
2980.0
2991.0
2985.0
11.0
10.0
10.0
10.0
19.0
19.0
11.0
12.0
11.0
11.0
11.0
10.0
2993.0
2982.0
2987.0
2982.0
3010.0
3000.0
2986.0
2976.0
11.0
11.0
11.0
12.0
11.0
11.0
11.0
11.0
18.0
18.0
12.0
12.0
2972.0
2972.0
2978.0
2974.0
2973.0
2978.0
3012.0
2975.0
10.0
10.0
10.0
10.0
9.0
10.0
9.0
9.0
10.0
9.0
10.0
10.0
2988.0
2981.0
2993.0
2974.0
2975.0
2984.0
2984.0
2982.0
11.0
11.0
11.0
11.0
10.0
11.0
29.0
28.0
10.0
10.0
11.0
11.0
2976.0
2976.0
2975.0
2975.0
2976.0
2976.0
2981.0
2985.0
4.0
5.0
5.0
5.0
5.0
5.0
5.0
4.0
5.0
4.0
5.0
5.0
2955.0
2969.0
2972.0
2974.0
2960.0
2954.0
2968.0
2970.0
2.0
2.0
2.0
2.0
3.0
2.0
2.0
2.0
2.0
3.0
3.0
2.0
2974.0
2968.0
2970.0
2971.0
2959.0
2951.0
2969.0
2976.0
2.0
3.0
2.0
2.0
3.0
2.0
3.0
2.0
2.0
2.0
2.0
2.0
2990.0
2990.0
2988.0
2985.0
2985.0
2996.0
2993.0
2993.0
2.0
3.0
2.0
3.0
3.0
3.0
3.0
3.0
3.0
2.0
2.0
3.0
2994.0
2974.0
2953.0
2976.0
2973.0
2963.0
2974.0
2964.0
2.0
2.0
2.0
3.0
2.0
2.0
2.0
2.0
2.0
2.0
2.0
2.0
2968.0
2939.0
2959.0
2949.0
2950.0
2963.0
2944.0
2964.0
2.0
2.0
2.0
2.0
2.0
2.0
2.0
3.0
2.0
2.0
2.0
3.0
2960.0
2965.0
2957.0
2975.0
2972.0
2969.0
2955.0
2952.0
2.0
2.0
2.0
3.0
2.0
2.0
2.0
2.0
3.0
2.0
2.0
2.0
2948.0
2966.0
2962.0
2966.0
2968.0
2987.0
2977.0
2976.0
2.0
2.0
2.0
3.0
2.0
2.0
2.0
2.0
3.0
2.0
2.0
2.0
1616.0
1628.0
1616.0
1623.0
1617.0
1619.0
1603.0
1619.0
2.0
2.0
2.0
2.0
2.0
2.0
2.0
2.0
3.0
2.0
2.0
2.0
1601.0
1618.0
1608.0
1616.0
1603.0
1617.0
1601.0
1608.0
10.0
10.0
10.0
10.0
10.0
10.0
10.0
10.0
10.0
10.0
10.0
10.0
3018.0
2986.0
2986.0
3005.0
3019.0
2992.0
3005.0
3023.0
10.0
10.0
10.0
10.0
10.0
10.0
10.0
10.0
10.0
10.0
10.0
10.0
3012.0
3003.0
2966.0
2981.0
2988.0
2968.0
2975.0
2971.0
10.0
10.0
10.0
10.0
11.0
10.0
10.0
10.0
10.0
10.0
10.0
10.0
2999.0
2990.0
2972.0
2968.0
2967.0
2961.0
2965.0
2974.0
11.0
10.0
10.0
10.0
10.0
10.0
10.0
10.0
10.0
10.0
10.0
10.0
2982.0
2970.0
2970.0
2987.0
2972.0
2988.0
2966.0
2970.0
10.0
10.0
10.0
10.0
10.0
10.0
11.0
10.0
10.0
10.0
10.0
10.0
2978.0
2971.0
2980.0
2977.0
2971.0
2968.0
3005.0
2985.0
3.0
2.0
3.0
2.0
3.0
2.0
3.0
2.0
3.0
2.0
3.0
2.0
3008.0
3003.0
3018.0
3006.0
3005.0
3014.0
3004.0
3005.0
11.0
10.0
11.0
11.0
10.0
10.0
10.0
10.0
10.0
10.0
10.0
10.0
2981.0
2981.0
2996.0
3002.0
3008.0
3010.0
3018.0
3027.0
2.0
2.0
2.0
2.0
3.0
2.0
3.0
2.0
2.0
3.0
3.0
2.0
3009.0
2989.0
2976.0
2976.0
2963.0
2961.0
2962.0
2962.0
10.0
10.0
10.0
10.0
11.0
10.0
10.0
11.0
10.0
10.0
10.0
10.0
2971.0
2979.0
2970.0
2989.0
2968.0
2968.0
2980.0
2977.0
3.0
2.0
2.0
2.0
2.0
2.0
2.0
3.0
2.0
2.0
2.0
2.0
2987.0
2981.0
2980.0
2983.0
2966.0
2968.0
2964.0
2964.0
10.0
10.0
10.0
10.0
10.0
10.0
10.0
10.0
10.0
10.0
10.0
10.0
2954.0
2968.0
2973.0
2969.0
2972.0
2971.0
2971.0
2984.0
2.0
2.0
2.0
2.0
2.0
2.0
2.0
2.0
2.0
2.0
2.0
2.0
2953.0
2953.0
2943.0
2942.0
2954.0
2957.0
2957.0
2959.0
2.0
2.0
2.0
2.0
2.0
2.0
3.0
2.0
2.0
2.0
3.0
2.0
2955.0
2965.0
2953.0
2953.0
2962.0
2964.0
2985.0
2997.0
2.0
2.0
2.0
2.0
2.0
3.0
2.0
2.0
23.0
23.0
2.0
2.0
2969.0
3006.0
3010.0
3004.0
3000.0
2981.0
2984.0
2988.0
2.0
3.0
2.0
2.0
3.0
2.0
3.0
2.0
2.0
3.0
3.0
2.0
2978.0
2987.0
3006.0
2974.0
3008.0
2972.0
2961.0
2961.0
2.0
2.0
2.0
2.0
2.0
2.0
2.0
2.0
2.0
2.0
2.0
2.0
2965.0
2953.0
2974.0
2973.0
2985.0
2980.0
2978.0
2992.0
3.0
2.0
2.0
3.0
2.0
2.0
2.0
2.0
3.0
2.0
2.0
2.0
2988.0
2968.0
2975.0
2985.0
2983.0
2985.0
2957.0
2956.0
2.0
2.0
3.0
2.0
2.0
2.0
2.0
2.0
3.0
2.0
2.0
2.0
1628.0
1628.0
1609.0
1611.0
1628.0
1608.0
1609.0
1608.0
2.0
2.0
3.0
2.0
2.0
2.0
2.0
3.0
2.0
2.0
2.0
2.0
1604.0
1602.0
1609.0
1604.0
1610.0
1614.0
1599.0
1614.0
2.0
2.0
3.0
2.0
2.0
2.0
2.0
2.0
2.0
3.0
3.0
2.0
1606.0
1604.0
1597.0
1606.0
1608.0
1615.0
1632.0
1627.0
10.0
10.0
10.0
10.0
10.0
10.0
10.0
10.0
10.0
10.0
10.0
10.0
2978.0
2961.0
3005.0
2992.0
2990.0
2993.0
2994.0
2986.0
10.0
10.0
10.0
10.0
10.0
10.0
10.0
10.0
10.0
10.0
10.0
10.0
2982.0
2999.0
3003.0
3009.0
2987.0
2983.0
2973.0
2978.0
10.0
10.0
10.0
43.0
43.0
10.0
10.0
10.0
10.0
10.0
10.0
10.0
2960.0
2967.0
2964.0
2959.0
2948.0
2969.0
2960.0
2998.0
10.0
10.0
10.0
10.0
10.0
10.0
10.0
10.0
10.0
10.0
10.0
10.0
2986.0
2967.0
2968.0
2970.0
2960.0
2968.0
2964.0
2980.0
10.0
38.0
10.0
10.0
10.0
10.0
10.0
10.0
10.0
10.0
10.0
10.0
2973.0
2973.0
2961.0
2967.0
2962.0
2967.0
2978.0
2970.0
3.0
2.0
3.0
2.0
3.0
2.0
3.0
2.0
3.0
2.0
3.0
2.0
2962.0
2962.0
2950.0
2957.0
2956.0
2955.0
2947.0
2966.0
10.0
10.0
10.0
10.0
10.0
10.0
11.0
11.0
10.0
10.0
10.0
10.0
2968.0
2971.0
2954.0
2974.0
2954.0
2974.0
2972.0
2973.0
2.0
3.0
2.0
3.0
2.0
3.0
2.0
3.0
2.0
3.0
2.0
3.0
2965.0
2970.0
2981.0
2968.0
2982.0
2990.0
2965.0
2979.0
10.0
10.0
10.0
10.0
10.0
10.0
10.0
10.0
9.0
9.0
10.0
10.0
2988.0
2971.0
2972.0
2979.0
2986.0
2976.0
3005.0
2973.0
2.0
2.0
2.0
3.0
2.0
2.0
2.0
2.0
2.0
2.0
2.0
2.0
2949.0
2964.0
2951.0
2966.0
2961.0
2967.0
2963.0
2961.0
5.0
5.0
5.0
5.0
5.0
5.0
4.0
4.0
5.0
5.0
5.0
5.0
2963.0
2952.0
2955.0
2951.0
2952.0
2966.0
2954.0
2961.0
2.0
2.0
3.0
2.0
2.0
2.0
2.0
3.0
2.0
2.0
2.0
2.0
2962.0
2960.0
2959.0
2965.0
2964.0
2957.0
2961.0
2957.0
3.0
2.0
2.0
2.0
2.0
3.0
2.0
2.0
2.0
2.0
3.0
2.0
2953.0
2959.0
2948.0
2961.0
2969.0
3015.0
2960.0
2953.0
3.0
2.0
2.0
2.0
2.0
2.0
3.0
2.0
2.0
2.0
2.0
2.0
2963.0
2960.0
2969.0
2981.0
2982.0
2988.0
2988.0
2995.0
2.0
2.0
2.0
3.0
2.0
2.0
2.0
2.0
2.0
2.0
3.0
2.0
2993.0
2992.0
3006.0
3002.0
2972.0
2972.0
2961.0
2946.0
2.0
2.0
2.0
2.0
2.0
2.0
2.0
2.0
2.0
2.0
2.0
3.0
2967.0
2972.0
2958.0
2966.0
2964.0
2954.0
2954.0
2957.0
2.0
2.0
2.0
2.0
3.0
2.0
2.0
2.0
2.0
3.0
2.0
2.0
2946.0
2963.0
2966.0
2973.0
2960.0
2972.0
2957.0
2961.0
2.0
2.0
2.0
2.0
2.0
2.0
2.0
2.0
2.0
2.0
3.0
2.0
1631.0
1631.0
1621.0
1635.0
1614.0
1622.0
1613.0
1612.0
2.0
2.0
2.0
2.0
2.0
2.0
2.0
2.0
2.0
2.0
3.0
2.0
1604.0
1622.0
1609.0
1611.0
1605.0
1607.0
1597.0
1610.0
2.0
2.0
2.0
2.0
3.0
2.0
2.0
2.0
2.0
2.0
2.0
3.0
1593.0
1594.0
1570.0
1568.0
1442.0
1443.0
1429.0
1431.0
