1.0
1.0
1.0
1.0
2.0
2.0
1.0
1.0
1.0
1.0
5.0
5.0
5.0
5.0
5.0
602.0
602.0
601.0
601.0
603.0
602.0
601.0
601.0
602.0
603.0
606.0
607.0
607.0
607.0
608.0
5.0
4.0
4.0
5.0
4.0
605.0
607.0
607.0
607.0
606.0
611.0
613.0
612.0
611.0
611.0
612.0
611.0
612.0
613.0
611.0
2.0
1.0
1.0
1.0
1.0
601.0
601.0
602.0
601.0
601.0
601.0
601.0
600.0
601.0
601.0
605.0
604.0
605.0
604.0
605.0
1.0
1.0
2.0
1.0
1.0
606.0
604.0
604.0
605.0
605.0
597.0
597.0
599.0
597.0
597.0
597.0
598.0
597.0
597.0
597.0
1.0
2.0
1.0
2.0
2.0
602.0
601.0
603.0
601.0
602.0
602.0
602.0
602.0
603.0
602.0
605.0
607.0
605.0
605.0
605.0
4.0
5.0
5.0
4.0
5.0
608.0
607.0
608.0
608.0
608.0
610.0
610.0
609.0
610.0
611.0
616.0
616.0
614.0
616.0
617.0
2.0
2.0
2.0
1.0
2.0
617.0
616.0
618.0
617.0
628.0
614.0
614.0
618.0
614.0
613.0
598.0
598.0
598.0
598.0
598.0
1.0
1.0
2.0
1.0
1.0
597.0
598.0
599.0
599.0
597.0
601.0
601.0
601.0
601.0
601.0
602.0
602.0
601.0
601.0
602.0
1.0
1.0
2.0
1.0
1.0
608.0
607.0
607.0
607.0
605.0
603.0
606.0
606.0
606.0
604.0
596.0
596.0
605.0
596.0
596.0
2.0
1.0
1.0
1.0
1.0
596.0
601.0
596.0
596.0
597.0
603.0
604.0
604.0
603.0
603.0
602.0
602.0
602.0
602.0
602.0
6.0
5.0
5.0
4.0
1.0
2.0
2.0
2.0
2.0
1.0
6.0
5.0
5.0
4.0
1.0
1.0
2.0
2.0
2.0
1.0
5.0
5.0
5.0
5.0
1.0
1.0
2.0
1.0
1.0
1.0
5.0
6.0
5.0
5.0
2.0
2.0
1.0
1.0
1.0
1.0
5.0
6.0
5.0
5.0
1.0
2.0
2.0
2.0
1.0
1.0
604.0
608.0
607.0
607.0
603.0
603.0
602.0
601.0
601.0
327.0
617.0
611.0
611.0
609.0
607.0
608.0
607.0
606.0
608.0
337.0
599.0
599.0
605.0
604.0
601.0
602.0
602.0
603.0
601.0
326.0
605.0
606.0
605.0
608.0
606.0
605.0
605.0
605.0
605.0
326.0
609.0
609.0
607.0
608.0
596.0
596.0
596.0
596.0
596.0
326.0
605.0
608.0
630.0
606.0
604.0
602.0
601.0
601.0
605.0
332.0
610.0
610.0
609.0
610.0
605.0
606.0
606.0
606.0
607.0
335.0
604.0
605.0
605.0
604.0
602.0
601.0
602.0
602.0
602.0
329.0
611.0
611.0
610.0
608.0
607.0
608.0
608.0
607.0
614.0
335.0
616.0
617.0
615.0
613.0
614.0
612.0
611.0
613.0
612.0
329.0
607.0
606.0
606.0
605.0
603.0
602.0
602.0
602.0
601.0
332.0
606.0
608.0
607.0
606.0
603.0
603.0
603.0
603.0
602.0
333.0
610.0
609.0
611.0
613.0
607.0
608.0
607.0
609.0
608.0
334.0
604.0
605.0
604.0
604.0
601.0
602.0
602.0
602.0
601.0
327.0
605.0
605.0
604.0
611.0
605.0
604.0
604.0
604.0
604.0
325.0
5.0
5.0
4.0
4.0
1.0
1.0
1.0
2.0
1.0
1.0
5.0
5.0
4.0
4.0
1.0
2.0
1.0
1.0
1.0
1.0
5.0
5.0
4.0
4.0
2.0
2.0
2.0
1.0
1.0
1.0
4.0
5.0
4.0
4.0
1.0
1.0
1.0
1.0
1.0
1.0
13.0
14.0
13.0
12.0
1.0
1.0
2.0
2.0
1.0
1.0
599.0
600.0
599.0
599.0
596.0
596.0
600.0
595.0
596.0
326.0
605.0
614.0
605.0
604.0
601.0
602.0
601.0
602.0
601.0
332.0
608.0
609.0
608.0
607.0
604.0
606.0
606.0
605.0
606.0
335.0
599.0
599.0
599.0
599.0
596.0
596.0
597.0
596.0
600.0
327.0
604.0
604.0
602.0
602.0
599.0
598.0
598.0
599.0
599.0
326.0
608.0
608.0
607.0
607.0
605.0
605.0
606.0
604.0
605.0
335.0
599.0
606.0
607.0
607.0
604.0
603.0
604.0
604.0
604.0
325.0
607.0
608.0
607.0
608.0
604.0
604.0
605.0
605.0
604.0
325.0
608.0
608.0
608.0
600.0
596.0
594.0
595.0
596.0
595.0
326.0
605.0
605.0
605.0
605.0
601.0
602.0
602.0
601.0
600.0
332.0
642.0
641.0
640.0
641.0
637.0
636.0
640.0
636.0
636.0
367.0
599.0
599.0
598.0
598.0
596.0
595.0
596.0
596.0
595.0
326.0
607.0
607.0
604.0
605.0
601.0
601.0
602.0
612.0
612.0
333.0
607.0
610.0
609.0
609.0
606.0
606.0
605.0
607.0
596.0
326.0
600.0
599.0
599.0
599.0
595.0
595.0
596.0
600.0
596.0
325.0
5.0
5.0
1.0
1.0
1.0
1.0
1.0
1.0
2.0
1.0
4.0
4.0
1.0
1.0
1.0
1.0
1.0
1.0
1.0
2.0
5.0
5.0
1.0
1.0
1.0
1.0
1.0
1.0
1.0
1.0
4.0
5.0
1.0
1.0
2.0
1.0
1.0
1.0
1.0
1.0
4.0
5.0
2.0
1.0
1.0
1.0
1.0
1.0
1.0
1.0
604.0
605.0
603.0
602.0
601.0
602.0
602.0
612.0
611.0
330.0
609.0
610.0
607.0
606.0
607.0
607.0
606.0
608.0
596.0
326.0
599.0
600.0
600.0
599.0
600.0
600.0
601.0
599.0
600.0
326.0
602.0
604.0
608.0
604.0
604.0
604.0
606.0
604.0
604.0
326.0
607.0
608.0
608.0
598.0
595.0
596.0
595.0
595.0
597.0
326.0
604.0
605.0
600.0
601.0
601.0
601.0
601.0
600.0
600.0
331.0
608.0
609.0
605.0
606.0
605.0
605.0
606.0
605.0
605.0
335.0
599.0
600.0
597.0
597.0
596.0
597.0
597.0
602.0
602.0
328.0
604.0
605.0
600.0
601.0
602.0
601.0
600.0
602.0
605.0
327.0
609.0
611.0
607.0
606.0
606.0
606.0
606.0
607.0
607.0
328.0
604.0
607.0
603.0
605.0
603.0
602.0
602.0
604.0
604.0
325.0
607.0
609.0
606.0
605.0
605.0
606.0
606.0
606.0
606.0
325.0
609.0
611.0
598.0
597.0
596.0
598.0
597.0
597.0
597.0
326.0
607.0
607.0
605.0
604.0
603.0
603.0
604.0
603.0
604.0
332.0
607.0
608.0
603.0
603.0
604.0
604.0
603.0
605.0
604.0
333.0
4.0
5.0
1.0
1.0
2.0
1.0
1.0
1.0
1.0
1.0
4.0
5.0
1.0
1.0
1.0
1.0
1.0
1.0
1.0
1.0
5.0
5.0
1.0
2.0
1.0
1.0
1.0
1.0
2.0
1.0
4.0
4.0
1.0
1.0
1.0
1.0
1.0
1.0
1.0
1.0
5.0
5.0
1.0
1.0
1.0
1.0
1.0
1.0
1.0
1.0
600.0
600.0
595.0
595.0
596.0
595.0
595.0
596.0
596.0
325.0
603.0
604.0
601.0
600.0
600.0
601.0
601.0
601.0
601.0
331.0
608.0
608.0
605.0
605.0
605.0
606.0
605.0
605.0
605.0
336.0
599.0
601.0
595.0
595.0
596.0
595.0
596.0
597.0
601.0
326.0
604.0
604.0
602.0
601.0
601.0
601.0
601.0
601.0
602.0
326.0
607.0
608.0
604.0
612.0
604.0
604.0
605.0
604.0
604.0
334.0
625.0
632.0
629.0
631.0
628.0
633.0
629.0
632.0
630.0
349.0
607.0
607.0
607.0
606.0
605.0
607.0
606.0
607.0
606.0
326.0
612.0
612.0
607.0
601.0
602.0
601.0
601.0
602.0
601.0
326.0
616.0
617.0
614.0
613.0
610.0
610.0
609.0
610.0
608.0
337.0
610.0
609.0
605.0
606.0
605.0
605.0
604.0
605.0
604.0
334.0
600.0
600.0
596.0
597.0
597.0
597.0
603.0
604.0
604.0
326.0
612.0
613.0
609.0
608.0
608.0
608.0
610.0
608.0
607.0
329.0
607.0
609.0
604.0
605.0
604.0
604.0
606.0
606.0
596.0
326.0
605.0
604.0
602.0
603.0
603.0
604.0
602.0
603.0
602.0
332.0
2.0
1.0
1.0
1.0
1.0
1.0
1.0
1.0
1.0
1.0
1.0
1.0
1.0
1.0
1.0
1.0
1.0
1.0
1.0
1.0
1.0
1.0
1.0
1.0
1.0
1.0
1.0
1.0
1.0
1.0
1.0
1.0
1.0
1.0
1.0
1.0
1.0
1.0
1.0
1.0
1.0
1.0
1.0
1.0
1.0
1.0
1.0
1.0
1.0
1.0
604.0
605.0
605.0
605.0
604.0
604.0
604.0
605.0
604.0
326.0
603.0
596.0
596.0
596.0
595.0
596.0
598.0
595.0
595.0
326.0
603.0
603.0
604.0
603.0
603.0
604.0
603.0
603.0
603.0
331.0
607.0
606.0
607.0
606.0
606.0
606.0
605.0
605.0
607.0
336.0
595.0
596.0
596.0
596.0
595.0
595.0
595.0
595.0
597.0
325.0
602.0
602.0
602.0
602.0
603.0
602.0
603.0
602.0
603.0
333.0
607.0
606.0
606.0
605.0
605.0
603.0
606.0
605.0
605.0
335.0
596.0
597.0
595.0
595.0
597.0
596.0
596.0
601.0
601.0
325.0
603.0
603.0
602.0
603.0
602.0
602.0
603.0
602.0
605.0
328.0
603.0
603.0
603.0
603.0
603.0
604.0
604.0
604.0
604.0
326.0
603.0
602.0
602.0
604.0
602.0
603.0
602.0
602.0
603.0
326.0
601.0
605.0
605.0
605.0
605.0
605.0
604.0
605.0
605.0
326.0
604.0
604.0
596.0
596.0
596.0
596.0
596.0
596.0
596.0
326.0
601.0
601.0
602.0
601.0
601.0
602.0
602.0
602.0
602.0
331.0
604.0
605.0
604.0
605.0
603.0
603.0
603.0
603.0
603.0
333.0
5.0
5.0
4.0
4.0
1.0
1.0
1.0
1.0
1.0
1.0
5.0
5.0
4.0
4.0
1.0
1.0
2.0
1.0
1.0
1.0
5.0
5.0
4.0
4.0
1.0
2.0
1.0
1.0
1.0
1.0
5.0
5.0
4.0
4.0
1.0
2.0
1.0
1.0
1.0
1.0
5.0
5.0
4.0
4.0
1.0
2.0
1.0
1.0
1.0
1.0
600.0
600.0
598.0
599.0
596.0
600.0
602.0
602.0
604.0
326.0
608.0
607.0
608.0
607.0
605.0
605.0
605.0
605.0
604.0
326.0
636.0
640.0
642.0
636.0
636.0
633.0
637.0
628.0
636.0
353.0
612.0
612.0
613.0
612.0
609.0
609.0
610.0
610.0
609.0
334.0
619.0
620.0
619.0
616.0
614.0
614.0
613.0
614.0
613.0
340.0
604.0
604.0
603.0
602.0
600.0
600.0
600.0
601.0
601.0
327.0
614.0
617.0
616.0
617.0
613.0
613.0
613.0
612.0
613.0
336.0
622.0
622.0
618.0
619.0
619.0
614.0
614.0
613.0
615.0
342.0
602.0
600.0
600.0
600.0
597.0
597.0
598.0
596.0
598.0
327.0
606.0
605.0
606.0
605.0
602.0
601.0
603.0
602.0
601.0
331.0
612.0
609.0
608.0
611.0
609.0
607.0
608.0
608.0
608.0
337.0
604.0
605.0
604.0
604.0
602.0
600.0
607.0
607.0
606.0
329.0
612.0
612.0
611.0
611.0
607.0
607.0
608.0
609.0
610.0
330.0
609.0
607.0
607.0
606.0
604.0
604.0
604.0
603.0
595.0
325.0
606.0
606.0
605.0
604.0
603.0
603.0
604.0
602.0
602.0
332.0
4.0
5.0
2.0
1.0
1.0
1.0
1.0
1.0
1.0
1.0
4.0
5.0
1.0
1.0
1.0
1.0
1.0
1.0
1.0
1.0
4.0
5.0
1.0
1.0
1.0
1.0
1.0
1.0
2.0
1.0
4.0
5.0
1.0
1.0
1.0
1.0
1.0
1.0
1.0
1.0
5.0
5.0
1.0
1.0
1.0
2.0
1.0
1.0
1.0
1.0
608.0
608.0
603.0
604.0
604.0
605.0
605.0
605.0
605.0
327.0
609.0
601.0
597.0
597.0
597.0
598.0
598.0
597.0
596.0
327.0
602.0
602.0
600.0
599.0
600.0
599.0
600.0
599.0
599.0
329.0
607.0
607.0
604.0
603.0
605.0
604.0
605.0
604.0
604.0
334.0
599.0
600.0
597.0
599.0
603.0
602.0
603.0
602.0
601.0
326.0
605.0
606.0
603.0
603.0
602.0
604.0
604.0
604.0
605.0
326.0
606.0
608.0
604.0
604.0
604.0
606.0
598.0
598.0
598.0
325.0
610.0
610.0
608.0
608.0
609.0
610.0
609.0
609.0
609.0
334.0
616.0
616.0
611.0
612.0
612.0
613.0
612.0
612.0
609.0
339.0
604.0
605.0
602.0
602.0
601.0
602.0
601.0
601.0
602.0
330.0
617.0
618.0
613.0
614.0
614.0
613.0
613.0
612.0
612.0
340.0
612.0
610.0
607.0
607.0
607.0
607.0
611.0
607.0
604.0
337.0
604.0
601.0
598.0
598.0
597.0
596.0
597.0
596.0
596.0
327.0
629.0
629.0
627.0
625.0
626.0
628.0
627.0
625.0
626.0
354.0
611.0
612.0
607.0
606.0
606.0
607.0
607.0
606.0
606.0
337.0
1.0
1.0
1.0
1.0
1.0
1.0
1.0
1.0
1.0
1.0
1.0
1.0
1.0
1.0
1.0
1.0
1.0
1.0
1.0
1.0
1.0
1.0
1.0
1.0
1.0
1.0
1.0
1.0
1.0
1.0
1.0
1.0
1.0
1.0
1.0
1.0
1.0
1.0
1.0
1.0
1.0
1.0
1.0
1.0
1.0
1.0
1.0
1.0
1.0
1.0
596.0
595.0
596.0
595.0
595.0
599.0
598.0
326.0
325.0
327.0
599.0
598.0
597.0
599.0
598.0
598.0
598.0
328.0
325.0
326.0
605.0
604.0
604.0
604.0
605.0
604.0
604.0
334.0
334.0
335.0
596.0
596.0
596.0
596.0
600.0
600.0
599.0
326.0
326.0
326.0
600.0
600.0
599.0
601.0
601.0
599.0
601.0
326.0
326.0
326.0
605.0
605.0
606.0
606.0
606.0
605.0
606.0
335.0
335.0
335.0
595.0
596.0
596.0
601.0
601.0
603.0
601.0
326.0
326.0
325.0
603.0
604.0
603.0
603.0
603.0
603.0
606.0
326.0
326.0
326.0
604.0
604.0
606.0
605.0
604.0
608.0
604.0
334.0
334.0
326.0
594.0
595.0
600.0
602.0
602.0
602.0
601.0
326.0
325.0
326.0
605.0
605.0
605.0
604.0
605.0
605.0
605.0
326.0
326.0
326.0
605.0
605.0
604.0
605.0
604.0
605.0
604.0
334.0
326.0
326.0
595.0
599.0
601.0
598.0
600.0
599.0
603.0
326.0
326.0
326.0
604.0
604.0
604.0
605.0
608.0
609.0
609.0
329.0
329.0
327.0
606.0
607.0
607.0
606.0
607.0
607.0
606.0
325.0
325.0
327.0
1.0
1.0
1.0
1.0
1.0
1.0
1.0
1.0
1.0
1.0
1.0
1.0
1.0
1.0
1.0
1.0
1.0
1.0
1.0
1.0
1.0
1.0
1.0
1.0
1.0
0.0
1.0
1.0
1.0
1.0
1.0
1.0
1.0
1.0
1.0
1.0
1.0
1.0
1.0
1.0
1.0
1.0
1.0
1.0
1.0
1.0
1.0
1.0
1.0
1.0
595.0
595.0
595.0
595.0
596.0
601.0
600.0
325.0
325.0
325.0
602.0
602.0
603.0
604.0
604.0
604.0
604.0
333.0
327.0
327.0
604.0
606.0
605.0
607.0
605.0
606.0
604.0
334.0
334.0
334.0
597.0
597.0
597.0
597.0
597.0
597.0
597.0
326.0
326.0
326.0
602.0
601.0
601.0
600.0
601.0
601.0
601.0
331.0
330.0
331.0
603.0
603.0
605.0
605.0
609.0
604.0
607.0
334.0
334.0
334.0
595.0
596.0
596.0
596.0
596.0
595.0
595.0
325.0
325.0
326.0
600.0
601.0
601.0
601.0
601.0
601.0
602.0
330.0
331.0
330.0
606.0
608.0
606.0
606.0
605.0
605.0
606.0
335.0
335.0
334.0
596.0
595.0
595.0
596.0
596.0
597.0
595.0
325.0
326.0
326.0
601.0
601.0
600.0
602.0
602.0
602.0
601.0
331.0
331.0
330.0
614.0
615.0
617.0
635.0
632.0
634.0
634.0
333.0
342.0
344.0
626.0
615.0
615.0
614.0
615.0
613.0
601.0
325.0
326.0
326.0
601.0
601.0
601.0
602.0
601.0
600.0
602.0
331.0
331.0
327.0
605.0
605.0
605.0
605.0
606.0
605.0
605.0
335.0
334.0
334.0
1.0
1.0
1.0
1.0
1.0
1.0
0.0
1.0
1.0
1.0
1.0
1.0
1.0
1.0
1.0
1.0
1.0
1.0
1.0
1.0
1.0
1.0
1.0
1.0
1.0
1.0
1.0
1.0
1.0
1.0
1.0
1.0
1.0
1.0
1.0
1.0
1.0
1.0
1.0
1.0
1.0
1.0
1.0
1.0
1.0
1.0
1.0
1.0
1.0
1.0
596.0
596.0
596.0
595.0
596.0
600.0
600.0
325.0
326.0
326.0
601.0
600.0
608.0
600.0
600.0
600.0
600.0
331.0
325.0
325.0
606.0
605.0
606.0
605.0
605.0
607.0
607.0
335.0
334.0
335.0
596.0
596.0
597.0
596.0
595.0
596.0
595.0
326.0
325.0
325.0
604.0
601.0
604.0
605.0
604.0
604.0
604.0
335.0
334.0
334.0
605.0
604.0
606.0
603.0
606.0
604.0
605.0
335.0
335.0
336.0
595.0
595.0
595.0
595.0
596.0
595.0
595.0
326.0
326.0
326.0
603.0
600.0
602.0
603.0
602.0
601.0
602.0
332.0
332.0
332.0
604.0
604.0
604.0
604.0
604.0
604.0
604.0
334.0
335.0
335.0
595.0
596.0
596.0
596.0
596.0
597.0
596.0
326.0
326.0
326.0
603.0
603.0
603.0
604.0
604.0
604.0
605.0
333.0
332.0
333.0
615.0
613.0
613.0
613.0
613.0
612.0
612.0
337.0
341.0
340.0
604.0
603.0
604.0
604.0
604.0
604.0
605.0
330.0
330.0
330.0
608.0
608.0
609.0
608.0
609.0
610.0
609.0
333.0
333.0
333.0
613.0
613.0
604.0
603.0
604.0
603.0
604.0
338.0
338.0
337.0
