2.0
2.0
1.0
1.0
1.0
1.0
1.0
1.0
1.0
0.0
11.0
11.0
38.0
38.0
39.0
38.0
251.0
250.0
251.0
251.0
251.0
251.0
251.0
250.0
251.0
250.0
243.0
242.0
243.0
243.0
243.0
243.0
243.0
242.0
243.0
243.0
258.0
257.0
258.0
257.0
257.0
257.0
258.0
257.0
257.0
257.0
244.0
243.0
243.0
243.0
11.0
11.0
38.0
38.0
38.0
38.0
243.0
237.0
243.0
236.0
242.0
236.0
242.0
236.0
243.0
236.0
242.0
236.0
243.0
236.0
243.0
236.0
243.0
236.0
243.0
236.0
242.0
236.0
243.0
236.0
243.0
235.0
248.0
242.0
249.0
242.0
249.0
243.0
248.0
242.0
11.0
10.0
38.0
36.0
38.0
36.0
248.0
241.0
243.0
234.0
243.0
235.0
242.0
234.0
243.0
234.0
243.0
235.0
243.0
234.0
242.0
234.0
256.0
250.0
257.0
249.0
257.0
249.0
258.0
249.0
257.0
249.0
243.0
234.0
243.0
235.0
243.0
234.0
243.0
234.0
11.0
7.0
38.0
34.0
38.0
33.0
242.0
232.0
243.0
232.0
242.0
232.0
243.0
232.0
245.0
233.0
245.0
234.0
244.0
233.0
244.0
234.0
244.0
234.0
243.0
232.0
242.0
232.0
243.0
232.0
247.0
232.0
252.0
241.0
251.0
241.0
251.0
241.0
251.0
241.0
16.0
8.0
41.0
36.0
37.0
34.0
241.0
231.0
242.0
231.0
241.0
232.0
241.0
233.0
242.0
232.0
256.0
232.0
256.0
246.0
257.0
247.0
255.0
246.0
257.0
246.0
256.0
233.0
242.0
232.0
242.0
232.0
236.0
228.0
236.0
226.0
220.0
211.0
218.0
210.0
12.0
12.0
14.0
12.0
12.0
12.0
12.0
10.0
8.0
1.0
12.0
12.0
12.0
11.0
11.0
11.0
11.0
10.0
8.0
1.0
39.0
38.0
38.0
38.0
39.0
38.0
38.0
37.0
35.0
2.0
38.0
38.0
38.0
38.0
38.0
38.0
37.0
36.0
34.0
1.0
39.0
38.0
38.0
39.0
39.0
38.0
38.0
37.0
35.0
1.0
38.0
38.0
38.0
38.0
37.0
38.0
37.0
36.0
34.0
1.0
251.0
251.0
251.0
251.0
251.0
251.0
250.0
250.0
248.0
120.0
243.0
244.0
244.0
244.0
244.0
244.0
243.0
243.0
145.0
112.0
244.0
244.0
244.0
243.0
243.0
243.0
243.0
242.0
240.0
112.0
243.0
244.0
244.0
243.0
243.0
243.0
242.0
241.0
146.0
112.0
262.0
262.0
262.0
262.0
262.0
262.0
262.0
261.0
258.0
120.0
254.0
243.0
243.0
242.0
243.0
243.0
242.0
242.0
145.0
113.0
243.0
243.0
243.0
244.0
243.0
244.0
242.0
242.0
240.0
112.0
243.0
243.0
243.0
243.0
242.0
242.0
242.0
242.0
145.0
112.0
243.0
243.0
243.0
243.0
243.0
243.0
243.0
242.0
240.0
112.0
251.0
251.0
250.0
251.0
250.0
251.0
250.0
249.0
154.0
120.0
244.0
243.0
243.0
243.0
244.0
244.0
244.0
242.0
241.0
113.0
254.0
254.0
255.0
255.0
254.0
254.0
253.0
252.0
157.0
123.0
243.0
243.0
244.0
243.0
243.0
243.0
243.0
242.0
240.0
112.0
243.0
242.0
243.0
242.0
242.0
243.0
243.0
242.0
146.0
112.0
243.0
243.0
243.0
244.0
244.0
244.0
243.0
242.0
240.0
112.0
243.0
243.0
243.0
243.0
243.0
247.0
246.0
245.0
145.0
112.0
252.0
251.0
251.0
251.0
251.0
251.0
250.0
245.0
243.0
116.0
257.0
258.0
265.0
262.0
267.0
270.0
266.0
268.0
162.0
133.0
277.0
279.0
274.0
274.0
272.0
272.0
268.0
264.0
263.0
132.0
244.0
243.0
243.0
243.0
243.0
244.0
243.0
242.0
146.0
113.0
244.0
243.0
243.0
244.0
243.0
243.0
243.0
242.0
240.0
113.0
243.0
243.0
243.0
243.0
243.0
243.0
242.0
242.0
146.0
112.0
242.0
243.0
243.0
243.0
248.0
249.0
250.0
249.0
248.0
112.0
252.0
252.0
252.0
252.0
252.0
246.0
244.0
243.0
147.0
113.0
244.0
244.0
243.0
243.0
243.0
243.0
243.0
242.0
240.0
112.0
256.0
255.0
255.0
255.0
255.0
255.0
255.0
253.0
158.0
124.0
244.0
243.0
243.0
243.0
243.0
244.0
244.0
242.0
240.0
113.0
243.0
243.0
243.0
243.0
243.0
242.0
242.0
241.0
145.0
112.0
244.0
244.0
244.0
243.0
243.0
243.0
243.0
243.0
240.0
113.0
243.0
243.0
243.0
242.0
249.0
251.0
250.0
249.0
145.0
113.0
250.0
250.0
251.0
251.0
250.0
251.0
243.0
242.0
240.0
113.0
243.0
242.0
243.0
242.0
243.0
243.0
242.0
241.0
145.0
112.0
256.0
255.0
256.0
256.0
256.0
256.0
255.0
254.0
253.0
125.0
243.0
242.0
243.0
243.0
243.0
243.0
242.0
241.0
146.0
112.0
11.0
11.0
11.0
11.0
11.0
11.0
11.0
10.0
7.0
1.0
5.0
5.0
5.0
5.0
4.0
4.0
3.0
1.0
1.0
1.0
38.0
38.0
38.0
38.0
38.0
37.0
37.0
36.0
34.0
1.0
31.0
31.0
31.0
31.0
30.0
31.0
30.0
27.0
28.0
1.0
38.0
38.0
38.0
37.0
38.0
38.0
37.0
36.0
34.0
1.0
31.0
31.0
32.0
31.0
30.0
30.0
30.0
27.0
27.0
1.0
243.0
243.0
243.0
243.0
242.0
243.0
242.0
241.0
145.0
112.0
236.0
236.0
237.0
237.0
236.0
237.0
235.0
138.0
138.0
112.0
251.0
251.0
251.0
251.0
252.0
250.0
253.0
248.0
153.0
120.0
236.0
236.0
236.0
236.0
235.0
236.0
234.0
139.0
139.0
112.0
243.0
243.0
242.0
256.0
254.0
256.0
256.0
255.0
146.0
112.0
250.0
249.0
250.0
250.0
249.0
236.0
235.0
139.0
139.0
112.0
244.0
243.0
243.0
244.0
244.0
243.0
242.0
242.0
146.0
113.0
236.0
237.0
237.0
236.0
236.0
236.0
235.0
139.0
140.0
112.0
243.0
243.0
243.0
242.0
243.0
243.0
243.0
241.0
145.0
112.0
236.0
244.0
243.0
244.0
243.0
243.0
241.0
143.0
143.0
112.0
251.0
250.0
246.0
246.0
243.0
243.0
242.0
242.0
146.0
112.0
237.0
236.0
236.0
236.0
235.0
236.0
235.0
139.0
139.0
112.0
258.0
257.0
256.0
256.0
257.0
256.0
256.0
255.0
159.0
126.0
236.0
236.0
236.0
236.0
235.0
235.0
234.0
139.0
139.0
112.0
243.0
243.0
243.0
242.0
242.0
243.0
242.0
241.0
145.0
113.0
236.0
236.0
236.0
236.0
235.0
236.0
236.0
139.0
138.0
112.0
244.0
243.0
243.0
244.0
243.0
243.0
248.0
247.0
146.0
112.0
244.0
243.0
244.0
243.0
243.0
242.0
241.0
147.0
141.0
114.0
242.0
243.0
243.0
242.0
243.0
242.0
242.0
241.0
146.0
112.0
249.0
250.0
249.0
249.0
248.0
249.0
248.0
152.0
152.0
125.0
243.0
243.0
243.0
243.0
242.0
243.0
242.0
241.0
146.0
112.0
236.0
236.0
236.0
236.0
235.0
236.0
235.0
139.0
139.0
113.0
242.0
242.0
243.0
242.0
242.0
243.0
242.0
241.0
145.0
112.0
236.0
237.0
236.0
236.0
236.0
235.0
235.0
138.0
138.0
112.0
251.0
250.0
250.0
251.0
250.0
251.0
250.0
249.0
153.0
120.0
236.0
236.0
235.0
236.0
235.0
235.0
235.0
138.0
139.0
112.0
243.0
243.0
243.0
242.0
242.0
243.0
255.0
256.0
146.0
112.0
251.0
251.0
250.0
251.0
250.0
250.0
249.0
153.0
138.0
112.0
243.0
243.0
243.0
243.0
242.0
243.0
242.0
241.0
145.0
112.0
236.0
236.0
236.0
236.0
236.0
236.0
236.0
139.0
139.0
113.0
244.0
244.0
244.0
244.0
244.0
244.0
243.0
241.0
146.0
112.0
237.0
241.0
243.0
243.0
242.0
242.0
242.0
138.0
139.0
112.0
250.0
250.0
251.0
250.0
243.0
243.0
243.0
241.0
146.0
112.0
236.0
236.0
236.0
236.0
235.0
235.0
234.0
138.0
138.0
113.0
11.0
11.0
12.0
11.0
11.0
11.0
10.0
10.0
8.0
1.0
3.0
3.0
4.0
3.0
2.0
1.0
1.0
0.0
1.0
1.0
37.0
38.0
38.0
38.0
37.0
37.0
38.0
36.0
34.0
1.0
30.0
30.0
30.0
30.0
29.0
28.0
27.0
27.0
12.0
0.0
37.0
38.0
38.0
37.0
37.0
37.0
37.0
36.0
34.0
1.0
30.0
30.0
44.0
43.0
43.0
42.0
41.0
41.0
12.0
1.0
258.0
258.0
257.0
258.0
243.0
243.0
243.0
242.0
146.0
114.0
234.0
234.0
235.0
234.0
235.0
139.0
138.0
138.0
123.0
114.0
243.0
243.0
243.0
242.0
243.0
242.0
243.0
242.0
145.0
112.0
236.0
235.0
235.0
235.0
235.0
140.0
139.0
138.0
124.0
112.0
245.0
249.0
249.0
249.0
251.0
251.0
252.0
251.0
145.0
113.0
243.0
245.0
246.0
239.0
238.0
142.0
139.0
140.0
123.0
113.0
243.0
243.0
244.0
244.0
243.0
242.0
243.0
243.0
146.0
112.0
251.0
251.0
250.0
250.0
249.0
153.0
153.0
153.0
138.0
127.0
244.0
243.0
244.0
243.0
244.0
243.0
243.0
243.0
146.0
113.0
236.0
237.0
236.0
236.0
236.0
139.0
140.0
139.0
123.0
112.0
244.0
246.0
244.0
244.0
244.0
242.0
243.0
242.0
146.0
112.0
235.0
235.0
236.0
236.0
235.0
139.0
138.0
139.0
123.0
112.0
252.0
252.0
253.0
253.0
253.0
252.0
251.0
251.0
154.0
114.0
249.0
238.0
238.0
238.0
236.0
139.0
139.0
139.0
124.0
113.0
246.0
245.0
245.0
244.0
245.0
244.0
243.0
242.0
150.0
113.0
251.0
251.0
251.0
251.0
250.0
153.0
157.0
154.0
138.0
127.0
247.0
246.0
257.0
247.0
246.0
246.0
246.0
245.0
148.0
115.0
251.0
254.0
260.0
254.0
253.0
151.0
153.0
151.0
138.0
130.0
267.0
278.0
265.0
264.0
266.0
262.0
259.0
257.0
160.0
127.0
238.0
236.0
236.0
246.0
235.0
140.0
139.0
140.0
124.0
113.0
251.0
251.0
250.0
250.0
250.0
250.0
250.0
250.0
153.0
125.0
246.0
235.0
235.0
235.0
234.0
139.0
139.0
139.0
123.0
112.0
244.0
243.0
243.0
243.0
243.0
253.0
242.0
242.0
146.0
113.0
249.0
250.0
250.0
250.0
249.0
153.0
153.0
153.0
144.0
126.0
243.0
243.0
243.0
254.0
243.0
243.0
245.0
244.0
145.0
112.0
238.0
237.0
238.0
238.0
239.0
142.0
142.0
148.0
123.0
112.0
244.0
244.0
245.0
255.0
244.0
244.0
244.0
242.0
147.0
112.0
235.0
235.0
235.0
235.0
234.0
138.0
139.0
145.0
123.0
112.0
251.0
251.0
251.0
251.0
263.0
250.0
250.0
249.0
154.0
120.0
235.0
235.0
236.0
235.0
234.0
139.0
146.0
139.0
123.0
112.0
246.0
243.0
242.0
254.0
243.0
243.0
242.0
258.0
145.0
113.0
250.0
250.0
250.0
250.0
248.0
162.0
153.0
153.0
138.0
112.0
243.0
254.0
242.0
243.0
242.0
242.0
243.0
241.0
145.0
112.0
235.0
235.0
235.0
235.0
245.0
139.0
139.0
138.0
123.0
112.0
11.0
11.0
11.0
11.0
10.0
11.0
10.0
8.0
7.0
1.0
2.0
3.0
1.0
0.0
0.0
0.0
1.0
1.0
1.0
1.0
37.0
37.0
37.0
37.0
37.0
37.0
37.0
34.0
19.0
1.0
29.0
29.0
27.0
27.0
27.0
27.0
27.0
27.0
1.0
1.0
38.0
38.0
38.0
37.0
37.0
39.0
37.0
35.0
19.0
1.0
29.0
29.0
28.0
28.0
28.0
28.0
28.0
29.0
1.0
0.0
243.0
244.0
243.0
243.0
242.0
242.0
242.0
240.0
131.0
118.0
254.0
242.0
241.0
242.0
147.0
147.0
147.0
147.0
118.0
118.0
244.0
244.0
243.0
242.0
253.0
242.0
241.0
240.0
130.0
112.0
235.0
234.0
233.0
233.0
139.0
139.0
138.0
139.0
112.0
117.0
259.0
271.0
259.0
258.0
259.0
258.0
257.0
255.0
146.0
128.0
234.0
234.0
232.0
232.0
138.0
138.0
145.0
139.0
111.0
112.0
242.0
242.0
242.0
252.0
243.0
243.0
241.0
240.0
130.0
112.0
239.0
239.0
239.0
238.0
143.0
144.0
143.0
143.0
117.0
117.0
245.0
244.0
244.0
243.0
243.0
244.0
243.0
240.0
130.0
113.0
242.0
242.0
240.0
240.0
145.0
146.0
146.0
146.0
118.0
119.0
245.0
244.0
243.0
243.0
243.0
242.0
241.0
239.0
130.0
112.0
233.0
233.0
232.0
232.0
139.0
138.0
139.0
139.0
112.0
112.0
259.0
260.0
259.0
259.0
259.0
259.0
259.0
257.0
147.0
128.0
234.0
233.0
232.0
231.0
139.0
138.0
138.0
139.0
112.0
112.0
243.0
242.0
243.0
241.0
241.0
241.0
242.0
239.0
130.0
113.0
233.0
234.0
232.0
231.0
138.0
139.0
139.0
139.0
112.0
112.0
243.0
243.0
242.0
242.0
242.0
242.0
242.0
239.0
130.0
112.0
240.0
240.0
239.0
239.0
139.0
138.0
139.0
138.0
112.0
112.0
249.0
250.0
249.0
249.0
249.0
249.0
242.0
240.0
130.0
112.0
234.0
233.0
231.0
232.0
139.0
139.0
139.0
139.0
112.0
112.0
257.0
257.0
257.0
256.0
256.0
256.0
255.0
254.0
131.0
112.0
248.0
247.0
232.0
232.0
138.0
138.0
139.0
139.0
112.0
112.0
243.0
242.0
243.0
242.0
242.0
242.0
241.0
239.0
129.0
112.0
233.0
234.0
232.0
232.0
138.0
138.0
138.0
139.0
112.0
113.0
243.0
243.0
243.0
242.0
242.0
241.0
242.0
240.0
130.0
112.0
234.0
239.0
239.0
238.0
138.0
138.0
138.0
139.0
112.0
111.0
248.0
248.0
249.0
248.0
247.0
248.0
247.0
239.0
129.0
112.0
234.0
234.0
232.0
232.0
138.0
138.0
139.0
138.0
112.0
112.0
243.0
242.0
242.0
242.0
256.0
256.0
256.0
253.0
130.0
112.0
248.0
248.0
246.0
247.0
153.0
153.0
138.0
139.0
112.0
112.0
243.0
242.0
243.0
242.0
242.0
242.0
241.0
239.0
130.0
112.0
234.0
234.0
232.0
232.0
139.0
138.0
138.0
138.0
112.0
112.0
242.0
243.0
243.0
242.0
242.0
241.0
241.0
239.0
130.0
112.0
234.0
234.0
232.0
237.0
138.0
138.0
138.0
138.0
112.0
112.0
11.0
11.0
10.0
10.0
9.0
8.0
8.0
7.0
7.0
0.0
0.0
1.0
1.0
1.0
0.0
0.0
1.0
1.0
0.0
0.0
37.0
37.0
37.0
37.0
36.0
34.0
34.0
38.0
18.0
0.0
27.0
27.0
28.0
32.0
32.0
33.0
34.0
1.0
1.0
1.0
44.0
44.0
44.0
44.0
38.0
37.0
37.0
37.0
20.0
1.0
28.0
27.0
27.0
27.0
27.0
27.0
27.0
1.0
1.0
0.0
242.0
242.0
241.0
241.0
240.0
240.0
146.0
145.0
130.0
112.0
232.0
233.0
233.0
232.0
138.0
139.0
139.0
114.0
113.0
113.0
256.0
257.0
256.0
255.0
256.0
254.0
146.0
145.0
130.0
112.0
247.0
246.0
246.0
246.0
138.0
138.0
139.0
112.0
112.0
111.0
241.0
241.0
242.0
242.0
241.0
239.0
145.0
145.0
129.0
112.0
233.0
232.0
233.0
233.0
139.0
139.0
138.0
112.0
111.0
112.0
244.0
245.0
244.0
244.0
243.0
242.0
148.0
148.0
132.0
114.0
232.0
233.0
232.0
232.0
138.0
138.0
139.0
112.0
112.0
113.0
249.0
249.0
249.0
249.0
248.0
247.0
152.0
152.0
137.0
119.0
232.0
232.0
232.0
232.0
138.0
139.0
138.0
112.0
112.0
112.0
242.0
242.0
241.0
242.0
240.0
239.0
145.0
145.0
130.0
112.0
247.0
246.0
247.0
246.0
153.0
153.0
153.0
126.0
127.0
126.0
242.0
241.0
241.0
242.0
241.0
239.0
146.0
145.0
129.0
112.0
232.0
232.0
232.0
232.0
139.0
139.0
139.0
112.0
112.0
111.0
243.0
243.0
242.0
242.0
241.0
240.0
147.0
146.0
131.0
113.0
232.0
232.0
232.0
232.0
138.0
139.0
138.0
112.0
112.0
112.0
249.0
249.0
249.0
250.0
249.0
247.0
145.0
145.0
129.0
112.0
240.0
240.0
240.0
239.0
138.0
139.0
139.0
112.0
112.0
112.0
241.0
242.0
241.0
241.0
240.0
239.0
145.0
145.0
129.0
112.0
232.0
232.0
232.0
232.0
139.0
138.0
138.0
112.0
112.0
112.0
257.0
256.0
255.0
255.0
255.0
255.0
160.0
160.0
144.0
127.0
232.0
231.0
232.0
232.0
139.0
138.0
142.0
113.0
112.0
112.0
242.0
241.0
241.0
241.0
240.0
240.0
146.0
144.0
130.0
112.0
232.0
232.0
232.0
232.0
139.0
138.0
138.0
112.0
112.0
112.0
250.0
246.0
250.0
249.0
249.0
250.0
146.0
145.0
130.0
112.0
257.0
256.0
259.0
257.0
158.0
157.0
164.0
130.0
128.0
128.0
247.0
246.0
246.0
246.0
244.0
243.0
151.0
148.0
132.0
114.0
233.0
233.0
233.0
233.0
140.0
139.0
139.0
113.0
113.0
113.0
256.0
257.0
255.0
256.0
255.0
253.0
146.0
145.0
130.0
112.0
246.0
246.0
246.0
247.0
138.0
138.0
138.0
112.0
113.0
111.0
241.0
242.0
241.0
241.0
240.0
239.0
146.0
145.0
130.0
112.0
231.0
232.0
232.0
232.0
139.0
138.0
138.0
112.0
112.0
112.0
243.0
243.0
242.0
243.0
241.0
241.0
146.0
145.0
130.0
113.0
230.0
229.0
229.0
227.0
137.0
137.0
137.0
112.0
111.0
112.0
