3.0
3.0
3.0
3.0
3.0
3.0
3.0
3.0
3.0
3.0
4.0
3.0
3.0
3.0
4.0
3.0
4.0
4.0
1085.0
1083.0
2059.0
2060.0
2061.0
2058.0
2058.0
2063.0
4629.0
4621.0
4507.0
4528.0
4509.0
4511.0
4517.0
4519.0
4523.0
4512.0
4519.0
4516.0
4511.0
4515.0
4530.0
4522.0
4518.0
4532.0
4527.0
4530.0
4520.0
4522.0
4515.0
4553.0
3.0
3.0
3.0
3.0
3.0
3.0
3.0
3.0
984.0
983.0
1937.0
1948.0
1947.0
1948.0
1956.0
1954.0
4563.0
4575.0
4566.0
4570.0
4548.0
4567.0
4556.0
4557.0
4557.0
4550.0
4524.0
4534.0
4524.0
4531.0
4526.0
4524.0
4525.0
4525.0
4532.0
4533.0
4563.0
4550.0
4567.0
4555.0
3.0
3.0
3.0
2.0
2.0
3.0
3.0
3.0
1007.0
1004.0
1974.0
1970.0
1958.0
1967.0
1965.0
1966.0
4545.0
4532.0
4518.0
4548.0
4547.0
4556.0
4551.0
4551.0
4558.0
4557.0
4558.0
4548.0
4545.0
4539.0
4581.0
4537.0
4519.0
4516.0
4514.0
4525.0
4516.0
4512.0
4530.0
4522.0
2.0
2.0
3.0
3.0
3.0
3.0
3.0
3.0
987.0
988.0
1959.0
1958.0
1958.0
1958.0
1960.0
1958.0
4526.0
4515.0
4527.0
4525.0
4521.0
4514.0
4534.0
4533.0
4503.0
4514.0
4563.0
4556.0
4564.0
4565.0
4561.0
4571.0
4546.0
4541.0
4537.0
4547.0
4527.0
4520.0
4526.0
4525.0
2.0
3.0
3.0
3.0
3.0
3.0
3.0
3.0
988.0
989.0
1956.0
1962.0
1961.0
1961.0
1962.0
1963.0
4529.0
4523.0
4541.0
4532.0
4528.0
4527.0
4535.0
4533.0
4539.0
4560.0
4512.0
4512.0
4526.0
4525.0
4509.0
4528.0
4437.0
4444.0
4455.0
4447.0
3983.0
3979.0
3938.0
3965.0
3.0
2.0
3.0
3.0
3.0
3.0
3.0
2.0
3.0
2.0
3.0
2.0
3.0
2.0
3.0
3.0
3.0
3.0
3.0
3.0
3.0
3.0
2.0
2.0
3.0
2.0
3.0
3.0
2.0
2.0
3.0
3.0
3.0
3.0
3.0
2.0
2.0
2.0
3.0
3.0
2.0
2.0
3.0
2.0
3.0
3.0
3.0
2.0
3.0
3.0
3.0
3.0
2.0
2.0
3.0
2.0
3.0
3.0
2.0
3.0
3.0
3.0
3.0
3.0
3.0
2.0
3.0
2.0
2.0
2.0
2.0
2.0
3.0
3.0
3.0
3.0
3.0
2.0
3.0
3.0
992.0
988.0
985.0
985.0
986.0
989.0
988.0
985.0
989.0
988.0
1018.0
1016.0
1019.0
1018.0
1019.0
1019.0
1018.0
1022.0
2.0
3.0
2001.0
2004.0
1984.0
1968.0
1968.0
1970.0
1970.0
1971.0
1973.0
1969.0
1969.0
1973.0
1973.0
1970.0
1971.0
1972.0
1972.0
1969.0
2.0
3.0
1972.0
1970.0
1951.0
1954.0
1970.0
1969.0
1970.0
1969.0
1968.0
1970.0
1970.0
1967.0
1974.0
1976.0
1945.0
1951.0
1950.0
1950.0
3.0
3.0
1951.0
1950.0
1942.0
1948.0
1978.0
1981.0
1978.0
1980.0
1976.0
1975.0
1975.0
1973.0
1980.0
1983.0
1958.0
1959.0
1973.0
1970.0
3.0
2.0
4537.0
4532.0
4532.0
4524.0
4534.0
4525.0
4565.0
4581.0
4547.0
4546.0
4563.0
4556.0
4564.0
4583.0
4571.0
4564.0
4523.0
4533.0
1401.0
1397.0
4538.0
4540.0
4519.0
4515.0
4512.0
4520.0
4522.0
4525.0
4520.0
4532.0
4519.0
4518.0
4518.0
4526.0
4522.0
4547.0
4545.0
4549.0
1416.0
1417.0
4574.0
4572.0
4602.0
4602.0
4605.0
4618.0
4618.0
4590.0
4592.0
4609.0
4585.0
4583.0
4555.0
4553.0
4565.0
4550.0
4562.0
4561.0
1407.0
1411.0
4574.0
4571.0
4548.0
4561.0
4538.0
4534.0
4537.0
4545.0
4538.0
4541.0
4517.0
4522.0
4519.0
4536.0
4576.0
4558.0
4564.0
4564.0
1394.0
1399.0
4564.0
4573.0
4569.0
4569.0
4577.0
4591.0
4526.0
4524.0
4523.0
4524.0
4538.0
4536.0
4532.0
4543.0
4511.0
4527.0
4524.0
4530.0
1409.0
1413.0
4537.0
4537.0
4527.0
4534.0
4533.0
4536.0
4525.0
4543.0
4538.0
4538.0
4542.0
4561.0
4557.0
4550.0
4560.0
4550.0
4566.0
4565.0
1415.0
1413.0
4562.0
4537.0
4557.0
4532.0
4533.0
4532.0
4526.0
4532.0
4524.0
4534.0
4517.0
4512.0
4524.0
4519.0
4523.0
4520.0
4516.0
4530.0
1408.0
1413.0
4522.0
4530.0
4524.0
4516.0
4545.0
4546.0
4553.0
4551.0
4546.0
4546.0
4531.0
4536.0
4547.0
4541.0
4515.0
4516.0
4525.0
4525.0
1401.0
1398.0
4513.0
4518.0
4517.0
4537.0
4516.0
4507.0
4507.0
4496.0
4500.0
4513.0
4521.0
4528.0
4504.0
4527.0
4518.0
4522.0
4564.0
4539.0
1412.0
1410.0
4563.0
4559.0
4558.0
4554.0
4558.0
4591.0
4575.0
4569.0
4553.0
4546.0
4530.0
4532.0
4532.0
4547.0
4534.0
4538.0
4530.0
4518.0
1406.0
1403.0
4530.0
4522.0
4543.0
4532.0
4531.0
4516.0
4512.0
4524.0
4511.0
4503.0
4512.0
4518.0
4509.0
4518.0
4511.0
4518.0
4523.0
4563.0
1407.0
1405.0
4541.0
4542.0
4564.0
4557.0
4562.0
4566.0
4567.0
4567.0
4552.0
4547.0
4533.0
4534.0
4520.0
4523.0
4541.0
4527.0
4526.0
4525.0
1403.0
1403.0
2.0
2.0
3.0
2.0
3.0
2.0
2.0
3.0
2.0
2.0
3.0
2.0
3.0
2.0
2.0
3.0
2.0
2.0
3.0
2.0
3.0
2.0
3.0
2.0
2.0
3.0
2.0
3.0
2.0
2.0
3.0
2.0
2.0
3.0
2.0
2.0
3.0
2.0
3.0
2.0
3.0
2.0
2.0
3.0
2.0
2.0
3.0
2.0
3.0
2.0
2.0
3.0
2.0
2.0
3.0
2.0
2.0
3.0
2.0
3.0
2.0
3.0
2.0
2.0
3.0
2.0
3.0
2.0
3.0
2.0
3.0
2.0
3.0
2.0
3.0
2.0
2.0
3.0
2.0
3.0
1000.0
1006.0
985.0
988.0
988.0
992.0
993.0
994.0
996.0
995.0
995.0
995.0
994.0
995.0
998.0
995.0
1007.0
1006.0
3.0
2.0
1962.0
1965.0
1968.0
1965.0
1965.0
1965.0
1971.0
1959.0
1950.0
1947.0
1960.0
1963.0
1964.0
1961.0
1958.0
1958.0
1956.0
1963.0
2.0
3.0
1961.0
1959.0
1946.0
1945.0
1947.0
1946.0
1946.0
1945.0
1947.0
1962.0
1983.0
1980.0
1984.0
1980.0
1979.0
1980.0
1984.0
1982.0
2.0
3.0
1989.0
1980.0
1947.0
1945.0
1958.0
1957.0
1960.0
1959.0
1962.0
1959.0
1955.0
1963.0
1953.0
1957.0
1959.0
1958.0
1958.0
1958.0
2.0
3.0
4503.0
4502.0
4514.0
4530.0
4529.0
4512.0
4513.0
4510.0
4506.0
4509.0
4518.0
4533.0
4544.0
4536.0
4508.0
4526.0
4515.0
4519.0
1400.0
1402.0
4547.0
4548.0
4524.0
4534.0
4543.0
4536.0
4540.0
4540.0
4567.0
4558.0
4554.0
4549.0
4549.0
4555.0
4555.0
4557.0
4572.0
4564.0
1418.0
1422.0
4535.0
4525.0
4535.0
4534.0
4536.0
4537.0
4542.0
4554.0
4511.0
4512.0
4529.0
4533.0
4533.0
4515.0
4553.0
4554.0
4564.0
4569.0
1399.0
1396.0
4607.0
4570.0
4559.0
4563.0
4566.0
4563.0
4541.0
4539.0
4542.0
4552.0
4526.0
4539.0
4535.0
4543.0
4539.0
4541.0
4514.0
4549.0
1398.0
1401.0
4515.0
4528.0
4529.0
4534.0
4515.0
4512.0
4506.0
4502.0
4505.0
4508.0
4566.0
4573.0
4552.0
4548.0
4569.0
4557.0
4555.0
4555.0
1440.0
1444.0
4529.0
4516.0
4523.0
4518.0
4515.0
4519.0
4530.0
4527.0
4530.0
4531.0
4511.0
4516.0
4517.0
4523.0
4526.0
4518.0
4506.0
4515.0
1398.0
1405.0
4506.0
4508.0
4511.0
4517.0
4520.0
4530.0
4540.0
4537.0
4547.0
4545.0
4545.0
4552.0
4535.0
4528.0
4547.0
4557.0
4516.0
4516.0
1413.0
1411.0
4515.0
4515.0
4513.0
4514.0
4500.0
4525.0
4518.0
4519.0
4516.0
4528.0
4532.0
4535.0
4548.0
4546.0
4548.0
4535.0
4534.0
4549.0
1403.0
1403.0
4567.0
4570.0
4567.0
4564.0
4552.0
4558.0
4558.0
4550.0
4555.0
4563.0
4505.0
4503.0
4516.0
4514.0
4519.0
4518.0
4518.0
4529.0
1411.0
1413.0
4515.0
4527.0
4518.0
4502.0
4519.0
4516.0
4525.0
4531.0
4517.0
4518.0
4510.0
4522.0
4512.0
4509.0
4533.0
4519.0
4522.0
4537.0
1397.0
1398.0
4566.0
4568.0
4575.0
4579.0
4566.0
4564.0
4551.0
4553.0
4550.0
4548.0
4524.0
4516.0
4529.0
4538.0
4532.0
4525.0
4552.0
4542.0
1419.0
1409.0
4537.0
4532.0
4526.0
4553.0
4546.0
4548.0
4534.0
4521.0
4519.0
4515.0
4530.0
4531.0
4559.0
4550.0
4558.0
4552.0
4540.0
4534.0
1410.0
1416.0
3.0
2.0
2.0
2.0
3.0
3.0
2.0
2.0
2.0
2.0
3.0
3.0
2.0
2.0
3.0
3.0
2.0
2.0
3.0
3.0
2.0
2.0
2.0
3.0
3.0
3.0
2.0
2.0
2.0
3.0
3.0
3.0
2.0
2.0
2.0
2.0
3.0
3.0
3.0
2.0
2.0
2.0
2.0
3.0
3.0
3.0
2.0
2.0
2.0
17.0
17.0
17.0
17.0
3.0
3.0
3.0
2.0
2.0
3.0
3.0
3.0
3.0
2.0
2.0
2.0
3.0
3.0
3.0
3.0
2.0
2.0
2.0
2.0
3.0
3.0
3.0
3.0
2.0
3.0
3.0
1000.0
1004.0
1003.0
1003.0
985.0
986.0
987.0
987.0
986.0
987.0
987.0
990.0
995.0
997.0
999.0
1000.0
1000.0
999.0
3.0
2.0
1961.0
1957.0
1962.0
1966.0
1946.0
1945.0
1946.0
1946.0
1945.0
1944.0
1956.0
1955.0
1954.0
1960.0
1951.0
1952.0
1953.0
1951.0
2.0
3.0
1961.0
1956.0
1945.0
1941.0
1942.0
1952.0
1955.0
1954.0
1959.0
1956.0
1960.0
1957.0
1957.0
1958.0
1952.0
1953.0
1949.0
1938.0
2.0
2.0
1948.0
1946.0
1945.0
1941.0
1958.0
1959.0
1957.0
1958.0
1959.0
1955.0
1959.0
1960.0
1956.0
1958.0
1946.0
1947.0
1948.0
1965.0
2.0
2.0
4545.0
4546.0
4553.0
4547.0
4544.0
4545.0
4558.0
4554.0
4550.0
4558.0
4542.0
4530.0
4541.0
4534.0
4544.0
4579.0
4522.0
4522.0
1397.0
1406.0
4521.0
4549.0
4492.0
4506.0
4498.0
4496.0
4503.0
4506.0
4492.0
4506.0
4517.0
4531.0
4548.0
4547.0
4567.0
4564.0
4567.0
4576.0
1413.0
1402.0
4546.0
4552.0
4552.0
4566.0
4532.0
4559.0
4512.0
4525.0
4516.0
4511.0
4519.0
4534.0
4532.0
4542.0
4510.0
4512.0
4512.0
4527.0
1397.0
1397.0
4521.0
4538.0
4506.0
4507.0
4518.0
4531.0
4511.0
4516.0
4509.0
4525.0
4547.0
4559.0
4551.0
4555.0
4554.0
4583.0
4560.0
4564.0
1438.0
1434.0
4531.0
4534.0
4537.0
4536.0
4534.0
4532.0
4541.0
4535.0
4520.0
4525.0
4519.0
4527.0
4528.0
4521.0
4506.0
4501.0
4505.0
4525.0
1409.0
1412.0
4501.0
4504.0
4502.0
4502.0
4506.0
4511.0
4536.0
4532.0
4548.0
4564.0
4533.0
4532.0
4537.0
4566.0
4572.0
4560.0
4512.0
4519.0
1401.0
1398.0
4517.0
4523.0
4527.0
4526.0
4525.0
4506.0
4522.0
4508.0
4515.0
4515.0
4540.0
4556.0
4527.0
4536.0
4527.0
4541.0
4534.0
4525.0
1415.0
1419.0
4530.0
4531.0
4529.0
4542.0
4544.0
4530.0
4537.0
4546.0
4539.0
4543.0
4505.0
4512.0
4517.0
4537.0
4508.0
4504.0
4512.0
4497.0
1403.0
1392.0
4520.0
4517.0
4509.0
4509.0
4519.0
4525.0
4508.0
4513.0
4503.0
4497.0
4529.0
4518.0
4500.0
4506.0
4515.0
4521.0
4558.0
4552.0
1411.0
1409.0
4548.0
4537.0
4545.0
4535.0
4535.0
4537.0
4562.0
4570.0
4513.0
4513.0
4512.0
4519.0
4532.0
4534.0
4545.0
4543.0
4534.0
4543.0
1412.0
1407.0
4542.0
4534.0
4521.0
4523.0
4513.0
4508.0
4506.0
4505.0
4518.0
4524.0
4543.0
4545.0
4546.0
4544.0
4535.0
4541.0
4548.0
4555.0
1402.0
1413.0
4539.0
4554.0
4530.0
4529.0
4535.0
4529.0
4532.0
4537.0
4511.0
4526.0
4517.0
4548.0
4509.0
4515.0
4506.0
4505.0
4514.0
4515.0
1399.0
1400.0
2.0
3.0
2.0
2.0
3.0
2.0
2.0
2.0
3.0
2.0
2.0
3.0
2.0
2.0
3.0
2.0
2.0
3.0
2.0
3.0
2.0
2.0
2.0
3.0
2.0
2.0
3.0
2.0
2.0
3.0
2.0
2.0
2.0
3.0
2.0
2.0
3.0
2.0
3.0
2.0
2.0
3.0
2.0
2.0
3.0
2.0
2.0
3.0
2.0
2.0
2.0
3.0
2.0
2.0
3.0
2.0
2.0
3.0
2.0
3.0
2.0
2.0
3.0
3.0
2.0
2.0
2.0
2.0
3.0
2.0
2.0
2.0
2.0
2.0
3.0
2.0
2.0
3.0
3.0
2.0
999.0
1001.0
1000.0
988.0
984.0
987.0
987.0
989.0
985.0
987.0
987.0
986.0
986.0
988.0
987.0
992.0
987.0
3.0
2.0
3.0
1961.0
1948.0
1950.0
1948.0
1953.0
1948.0
1949.0
1954.0
1956.0
1958.0
1963.0
1969.0
1975.0
1987.0
1987.0
1981.0
1983.0
3.0
2.0
3.0
1991.0
1986.0
1988.0
2000.0
1979.0
1975.0
1965.0
1967.0
1965.0
1967.0
1964.0
1964.0
1977.0
1964.0
1959.0
1961.0
1957.0
2.0
3.0
3.0
1959.0
1956.0
1954.0
1956.0
1959.0
1948.0
1963.0
1957.0
1955.0
1952.0
1952.0
1958.0
1956.0
1953.0
1953.0
1959.0
1951.0
2.0
2.0
2.0
4509.0
4505.0
4516.0
4516.0
4516.0
4502.0
4510.0
4543.0
4518.0
4535.0
4523.0
4539.0
4545.0
4547.0
4553.0
4548.0
4547.0
1407.0
1408.0
1397.0
4543.0
4549.0
4549.0
4527.0
4538.0
4519.0
4512.0
4515.0
4511.0
4502.0
4518.0
4528.0
4517.0
4513.0
4513.0
4517.0
4510.0
1399.0
1398.0
1397.0
4523.0
4518.0
4518.0
4523.0
4535.0
4520.0
4538.0
4535.0
4533.0
4538.0
4542.0
4540.0
4560.0
4571.0
4577.0
4578.0
4547.0
1406.0
1413.0
1427.0
4540.0
4540.0
4531.0
4530.0
4535.0
4519.0
4528.0
4540.0
4519.0
4513.0
4530.0
4524.0
4547.0
4529.0
4525.0
4523.0
4513.0
1402.0
1402.0
1403.0
4519.0
4513.0
4537.0
4523.0
4503.0
4519.0
4503.0
4519.0
4515.0
4517.0
4533.0
4533.0
4549.0
4556.0
4549.0
4552.0
4549.0
1433.0
1430.0
1435.0
4522.0
4525.0
4518.0
4522.0
4527.0
4556.0
4532.0
4531.0
4518.0
4570.0
4552.0
4552.0
4547.0
4557.0
4554.0
4561.0
4526.0
1419.0
1418.0
1421.0
4524.0
4521.0
4524.0
4527.0
4522.0
4526.0
4530.0
4534.0
4540.0
4550.0
4531.0
4560.0
4539.0
4539.0
4542.0
4534.0
4532.0
1411.0
1417.0
1396.0
4517.0
4521.0
4518.0
4517.0
4516.0
4507.0
4522.0
4508.0
4520.0
4504.0
4514.0
4519.0
4524.0
4512.0
4512.0
4526.0
4527.0
1409.0
1408.0
1401.0
4512.0
4512.0
4558.0
4563.0
4574.0
4549.0
4547.0
4544.0
4553.0
4549.0
4556.0
4556.0
4510.0
4510.0
4539.0
4513.0
4530.0
1410.0
1405.0
1411.0
4516.0
4515.0
4531.0
4529.0
4529.0
4514.0
4511.0
4544.0
4527.0
4504.0
4502.0
4505.0
4511.0
4516.0
4515.0
4515.0
4521.0
1401.0
1398.0
1391.0
4555.0
4556.0
4548.0
4550.0
4553.0
4555.0
4554.0
4553.0
4545.0
4548.0
4539.0
4517.0
4514.0
4512.0
4514.0
4506.0
4506.0
1402.0
1410.0
1407.0
4525.0
4514.0
4512.0
4528.0
4512.0
4508.0
4506.0
4519.0
4508.0
4517.0
4511.0
4497.0
4508.0
4523.0
4533.0
4546.0
4532.0
1405.0
1411.0
1414.0
2.0
3.0
2.0
2.0
2.0
3.0
2.0
2.0
2.0
3.0
2.0
2.0
2.0
3.0
2.0
2.0
3.0
2.0
2.0
2.0
2.0
2.0
3.0
2.0
2.0
3.0
2.0
2.0
3.0
2.0
2.0
2.0
2.0
2.0
3.0
3.0
2.0
2.0
2.0
2.0
3.0
2.0
2.0
2.0
2.0
2.0
3.0
2.0
3.0
2.0
2.0
2.0
2.0
2.0
3.0
3.0
2.0
2.0
2.0
2.0
3.0
3.0
2.0
2.0
2.0
2.0
2.0
2.0
3.0
2.0
3.0
3.0
2.0
2.0
2.0
2.0
2.0
2.0
3.0
2.0
988.0
988.0
987.0
987.0
1000.0
1002.0
999.0
1000.0
1002.0
1005.0
1025.0
1009.0
1008.0
1012.0
1014.0
3.0
1012.0
3.0
3.0
2.0
1973.0
1969.0
1968.0
1968.0
1964.0
1966.0
1968.0
1965.0
1964.0
1980.0
1977.0
1970.0
1970.0
1969.0
1968.0
3.0
1971.0
3.0
2.0
3.0
1969.0
1968.0
1970.0
1973.0
1985.0
1982.0
1980.0
1979.0
1973.0
1977.0
1972.0
1978.0
1978.0
1973.0
1948.0
2.0
1964.0
3.0
2.0
3.0
1959.0
1958.0
1959.0
1958.0
1961.0
1959.0
1961.0
1961.0
1960.0
1950.0
1947.0
1947.0
1949.0
1952.0
1948.0
3.0
1948.0
2.0
3.0
2.0
4514.0
4519.0
4530.0
4532.0
4524.0
4529.0
4533.0
4534.0
4534.0
4537.0
4558.0
4552.0
4550.0
4556.0
4543.0
1429.0
4545.0
1429.0
1430.0
1437.0
4519.0
4516.0
4518.0
4525.0
4511.0
4512.0
4514.0
4525.0
4513.0
4517.0
4534.0
4535.0
4527.0
4520.0
4522.0
1399.0
4541.0
1406.0
1412.0
1414.0
4516.0
4514.0
4527.0
4537.0
4508.0
4523.0
4516.0
4503.0
4552.0
4544.0
4548.0
4540.0
4568.0
4564.0
4561.0
1433.0
4580.0
1439.0
1396.0
1394.0
4517.0
4525.0
4522.0
4513.0
4511.0
4529.0
4514.0
4522.0
4508.0
4518.0
4515.0
4524.0
4522.0
4510.0
4511.0
1395.0
4515.0
1404.0
1398.0
1399.0
4531.0
4545.0
4520.0
4530.0
4533.0
4553.0
4537.0
4546.0
4546.0
4566.0
4555.0
4565.0
4552.0
4554.0
4552.0
1397.0
4519.0
1412.0
1411.0
1403.0
4536.0
4548.0
4530.0
4547.0
4551.0
4557.0
4567.0
4555.0
4548.0
4573.0
4536.0
4537.0
4545.0
4523.0
4525.0
1412.0
4534.0
1416.0
1411.0
1396.0
4511.0
4517.0
4515.0
4575.0
4573.0
4561.0
4565.0
4537.0
4549.0
4567.0
4560.0
4560.0
4560.0
4521.0
4521.0
1394.0
4525.0
1400.0
1400.0
1402.0
4542.0
4517.0
4532.0
4530.0
4531.0
4555.0
4519.0
4516.0
4514.0
4507.0
4527.0
4491.0
4503.0
4499.0
4508.0
1396.0
4500.0
1406.0
1409.0
1414.0
4538.0
4536.0
4550.0
4556.0
4564.0
4552.0
4566.0
4568.0
4559.0
4559.0
4552.0
4522.0
4524.0
4527.0
4545.0
1409.0
4516.0
1401.0
1398.0
1397.0
4506.0
4509.0
4511.0
4516.0
4503.0
4519.0
4510.0
4502.0
4524.0
4506.0
4509.0
4520.0
4501.0
4511.0
4521.0
1401.0
4500.0
1391.0
1405.0
1410.0
4544.0
4548.0
4560.0
4542.0
4541.0
4539.0
4540.0
4548.0
4556.0
4568.0
4511.0
4517.0
4521.0
4513.0
4520.0
1413.0
4513.0
1415.0
1413.0
1403.0
4516.0
4519.0
4518.0
4522.0
4524.0
4521.0
4526.0
4522.0
4542.0
4523.0
4456.0
4453.0
4406.0
4234.0
4228.0
1416.0
4130.0
1390.0
1388.0
1361.0
