34.0
36.0
36.0
46.0
45.0
35.0
33.0
30.0
46.0
45.0
54.0
47.0
34.0
34.0
33.0
31.0
37.0
33.0
54.0
48.0
34.0
32.0
34.0
33.0
34.0
31.0
49.0
48.0
55.0
50.0
34.0
31.0
31.0
29.0
30.0
31.0
51.0
29.0
30.0
30.0
52.0
31.0
33.0
31.0
56.0
49.0
31.0
28.0
33.0
30.0
33.0
29.0
40.0
50.0
31.0
29.0
44.0
31.0
29.0
30.0
34.0
31.0
29.0
30.0
22.0
29.0
29.0
30.0
32.0
30.0
43.0
51.0
22.0
29.0
28.0
28.0
29.0
30.0
28.0
32.0
23.0
30.0
28.0
45.0
28.0
29.0
28.0
46.0
22.0
28.0
32.0
29.0
29.0
22.0
28.0
28.0
30.0
28.0
47.0
32.0
22.0
44.0
30.0
28.0
30.0
29.0
29.0
30.0
22.0
30.0
29.0
28.0
29.0
29.0
22.0
30.0
30.0
22.0
29.0
65.0
58.0
62.0
65.0
65.0
59.0
65.0
64.0
62.0
64.0
24.0
29.0
28.0
24.0
29.0
27.0
29.0
28.0
28.0
30.0
22.0
22.0
29.0
30.0
30.0
27.0
30.0
31.0
21.0
29.0
29.0
22.0
28.0
28.0
28.0
28.0
22.0
28.0
22.0
31.0
28.0
29.0
21.0
28.0
29.0
30.0
31.0
22.0
31.0
30.0
29.0
30.0
21.0
30.0
22.0
30.0
30.0
29.0
31.0
22.0
30.0
29.0
31.0
21.0
30.0
29.0
28.0
21.0
30.0
22.0
30.0
31.0
28.0
28.0
22.0
30.0
27.0
28.0
21.0
29.0
28.0
28.0
29.0
28.0
21.0
22.0
27.0
26.0
26.0
25.0
21.0
28.0
38.0
27.0
40.0
29.0
28.0
35.0
27.0
44.0
41.0
30.0
26.0
27.0
27.0
31.0
26.0
44.0
40.0
41.0
36.0
29.0
26.0
29.0
27.0
30.0
27.0
46.0
26.0
46.0
26.0
45.0
27.0
28.0
37.0
28.0
28.0
27.0
25.0
28.0
18.0
28.0
27.0
42.0
37.0
44.0
39.0
21.0
24.0
26.0
27.0
27.0
25.0
20.0
27.0
28.0
40.0
42.0
23.0
40.0
24.0
41.0
25.0
20.0
25.0
27.0
23.0
20.0
25.0
27.0
36.0
45.0
39.0
26.0
18.0
33.0
24.0
26.0
25.0
29.0
17.0
29.0
25.0
30.0
25.0
28.0
26.0
41.0
18.0
28.0
43.0
30.0
27.0
19.0
25.0
31.0
25.0
29.0
24.0
19.0
42.0
30.0
26.0
28.0
46.0
29.0
30.0
27.0
18.0
32.0
29.0
30.0
27.0
20.0
25.0
29.0
40.0
30.0
28.0
45.0
18.0
28.0
28.0
28.0
28.0
29.0
18.0
31.0
24.0
45.0
25.0
29.0
18.0
28.0
27.0
43.0
27.0
30.0
27.0
19.0
26.0
30.0
27.0
29.0
25.0
20.0
43.0
20.0
28.0
26.0
41.0
30.0
18.0
28.0
25.0
21.0
26.0
29.0
25.0
19.0
34.0
20.0
27.0
30.0
26.0
29.0
28.0
20.0
27.0
29.0
19.0
27.0
27.0
31.0
18.0
28.0
26.0
27.0
19.0
30.0
25.0
20.0
27.0
20.0
26.0
26.0
26.0
31.0
27.0
20.0
26.0
27.0
18.0
29.0
26.0
27.0
27.0
20.0
26.0
28.0
18.0
29.0
25.0
30.0
18.0
30.0
26.0
28.0
19.0
29.0
26.0
27.0
27.0
20.0
18.0
28.0
27.0
29.0
28.0
27.0
26.0
20.0
19.0
29.0
26.0
28.0
26.0
20.0
18.0
27.0
25.0
27.0
26.0
27.0
25.0
21.0
19.0
22.0
24.0
26.0
23.0
26.0
24.0
27.0
24.0
21.0
19.0
22.0
24.0
28.0
24.0
27.0
24.0
21.0
20.0
27.0
24.0
21.0
25.0
27.0
24.0
21.0
20.0
26.0
24.0
27.0
26.0
22.0
19.0
27.0
19.0
26.0
25.0
25.0
25.0
23.0
25.0
63.0
19.0
20.0
59.0
62.0
60.0
61.0
60.0
58.0
56.0
58.0
58.0
25.0
23.0
26.0
23.0
21.0
19.0
25.0
24.0
20.0
22.0
24.0
22.0
20.0
18.0
26.0
24.0
21.0
23.0
25.0
23.0
26.0
24.0
20.0
19.0
20.0
23.0
25.0
24.0
26.0
23.0
19.0
17.0
24.0
24.0
20.0
23.0
26.0
25.0
25.0
18.0
20.0
24.0
26.0
18.0
25.0
24.0
20.0
18.0
24.0
23.0
24.0
21.0
20.0
24.0
25.0
18.0
20.0
23.0
27.0
22.0
26.0
23.0
21.0
18.0
26.0
19.0
26.0
22.0
20.0
23.0
23.0
23.0
24.0
19.0
21.0
24.0
23.0
22.0
21.0
20.0
23.0
22.0
21.0
21.0
21.0
22.0
24.0
20.0
24.0
21.0
20.0
21.0
24.0
23.0
22.0
20.0
24.0
23.0
25.0
21.0
21.0
21.0
25.0
22.0
21.0
19.0
23.0
24.0
25.0
19.0
23.0
21.0
19.0
21.0
21.0
19.0
20.0
20.0
23.0
22.0
22.0
21.0
19.0
22.0
22.0
18.0
19.0
21.0
23.0
19.0
21.0
21.0
22.0
19.0
22.0
21.0
20.0
20.0
20.0
22.0
22.0
21.0
20.0
22.0
21.0
21.0
20.0
21.0
21.0
21.0
19.0
21.0
21.0
20.0
21.0
20.0
20.0
20.0
20.0
20.0
21.0
20.0
21.0
21.0
20.0
19.0
20.0
21.0
21.0
20.0
20.0
18.0
21.0
20.0
20.0
19.0
20.0
20.0
20.0
20.0
21.0
21.0
20.0
21.0
20.0
20.0
20.0
20.0
20.0
21.0
19.0
20.0
21.0
20.0
20.0
20.0
20.0
20.0
19.0
20.0
20.0
20.0
21.0
20.0
20.0
19.0
21.0
21.0
20.0
20.0
19.0
20.0
21.0
20.0
20.0
20.0
21.0
20.0
20.0
20.0
21.0
20.0
20.0
20.0
20.0
20.0
21.0
20.0
21.0
20.0
19.0
20.0
21.0
20.0
20.0
20.0
20.0
21.0
21.0
20.0
20.0
20.0
21.0
20.0
20.0
20.0
22.0
21.0
21.0
21.0
19.0
20.0
21.0
20.0
22.0
21.0
22.0
20.0
21.0
20.0
21.0
20.0
20.0
20.0
21.0
21.0
21.0
19.0
20.0
21.0
20.0
20.0
21.0
22.0
21.0
20.0
21.0
22.0
21.0
21.0
21.0
21.0
22.0
21.0
21.0
20.0
21.0
20.0
21.0
20.0
19.0
20.0
22.0
20.0
20.0
20.0
21.0
21.0
21.0
20.0
20.0
22.0
22.0
21.0
22.0
21.0
21.0
21.0
21.0
21.0
19.0
21.0
21.0
22.0
21.0
21.0
21.0
20.0
21.0
20.0
21.0
21.0
22.0
21.0
22.0
22.0
20.0
20.0
21.0
20.0
19.0
20.0
21.0
22.0
22.0
22.0
22.0
21.0
21.0
20.0
21.0
21.0
21.0
20.0
21.0
21.0
21.0
21.0
21.0
20.0
20.0
20.0
21.0
21.0
21.0
21.0
20.0
21.0
21.0
21.0
22.0
21.0
22.0
21.0
21.0
22.0
20.0
20.0
20.0
20.0
19.0
19.0
21.0
21.0
22.0
21.0
21.0
21.0
21.0
20.0
21.0
19.0
21.0
21.0
20.0
19.0
21.0
21.0
20.0
20.0
20.0
19.0
21.0
21.0
22.0
20.0
20.0
20.0
21.0
21.0
21.0
21.0
21.0
21.0
21.0
20.0
20.0
21.0
21.0
21.0
20.0
19.0
21.0
21.0
20.0
21.0
19.0
20.0
21.0
21.0
21.0
19.0
22.0
20.0
20.0
20.0
21.0
20.0
21.0
21.0
19.0
19.0
22.0
22.0
21.0
20.0
20.0
20.0
20.0
20.0
20.0
20.0
218.0
219.0
220.0
227.0
218.0
218.0
217.0
224.0
215.0
215.0
21.0
20.0
21.0
21.0
20.0
22.0
21.0
23.0
35.0
33.0
20.0
20.0
20.0
21.0
21.0
19.0
23.0
21.0
20.0
19.0
20.0
20.0
27.0
20.0
21.0
27.0
23.0
23.0
21.0
19.0
20.0
19.0
22.0
21.0
22.0
23.0
23.0
23.0
20.0
19.0
20.0
20.0
23.0
22.0
22.0
23.0
23.0
22.0
20.0
20.0
20.0
20.0
24.0
22.0
22.0
24.0
24.0
22.0
19.0
19.0
20.0
19.0
22.0
21.0
20.0
20.0
20.0
20.0
23.0
22.0
19.0
20.0
22.0
23.0
21.0
20.0
21.0
22.0
18.0
18.0
23.0
24.0
22.0
22.0
22.0
20.0
20.0
20.0
20.0
20.0
23.0
24.0
22.0
23.0
20.0
19.0
20.0
20.0
20.0
20.0
23.0
23.0
21.0
21.0
21.0
20.0
21.0
20.0
22.0
23.0
22.0
21.0
21.0
23.0
23.0
22.0
23.0
20.0
19.0
20.0
21.0
22.0
20.0
20.0
21.0
22.0
21.0
20.0
22.0
21.0
21.0
21.0
20.0
20.0
20.0
21.0
21.0
22.0
20.0
20.0
22.0
20.0
20.0
20.0
20.0
21.0
21.0
20.0
21.0
22.0
21.0
21.0
20.0
19.0
21.0
22.0
21.0
22.0
21.0
20.0
21.0
20.0
21.0
20.0
19.0
22.0
21.0
21.0
22.0
21.0
20.0
20.0
20.0
21.0
19.0
23.0
22.0
23.0
20.0
20.0
20.0
20.0
21.0
22.0
19.0
22.0
21.0
20.0
21.0
21.0
21.0
20.0
21.0
21.0
21.0
22.0
21.0
21.0
20.0
20.0
21.0
20.0
20.0
21.0
21.0
22.0
21.0
20.0
21.0
22.0
21.0
20.0
21.0
22.0
22.0
22.0
23.0
21.0
20.0
20.0
20.0
21.0
20.0
22.0
21.0
21.0
21.0
21.0
21.0
21.0
20.0
20.0
20.0
21.0
21.0
21.0
22.0
21.0
20.0
20.0
20.0
20.0
21.0
22.0
21.0
21.0
22.0
21.0
22.0
21.0
20.0
20.0
20.0
21.0
22.0
22.0
21.0
20.0
20.0
21.0
21.0
20.0
20.0
21.0
22.0
21.0
21.0
22.0
21.0
21.0
20.0
20.0
20.0
22.0
21.0
21.0
22.0
21.0
20.0
20.0
20.0
20.0
21.0
22.0
22.0
22.0
23.0
22.0
20.0
22.0
20.0
20.0
20.0
22.0
22.0
22.0
21.0
22.0
20.0
21.0
21.0
20.0
20.0
21.0
21.0
21.0
21.0
20.0
22.0
19.0
19.0
21.0
21.0
21.0
22.0
20.0
20.0
20.0
21.0
20.0
22.0
22.0
21.0
21.0
22.0
20.0
20.0
20.0
20.0
22.0
19.0
21.0
22.0
21.0
21.0
21.0
20.0
20.0
20.0
20.0
22.0
20.0
21.0
21.0
20.0
21.0
22.0
22.0
20.0
20.0
20.0
21.0
22.0
20.0
20.0
20.0
20.0
20.0
21.0
21.0
22.0
21.0
21.0
20.0
21.0
20.0
20.0
20.0
22.0
22.0
21.0
22.0
21.0
20.0
20.0
21.0
21.0
20.0
20.0
21.0
21.0
22.0
21.0
21.0
20.0
20.0
20.0
20.0
22.0
21.0
22.0
23.0
21.0
20.0
19.0
20.0
21.0
21.0
20.0
21.0
21.0
22.0
21.0
21.0
20.0
21.0
20.0
20.0
21.0
20.0
21.0
21.0
21.0
19.0
19.0
20.0
20.0
20.0
21.0
20.0
20.0
22.0
21.0
20.0
20.0
20.0
21.0
20.0
21.0
23.0
20.0
21.0
21.0
20.0
21.0
20.0
21.0
20.0
20.0
20.0
21.0
21.0
23.0
20.0
19.0
21.0
20.0
20.0
22.0
21.0
20.0
22.0
20.0
21.0
21.0
20.0
21.0
20.0
21.0
21.0
20.0
19.0
20.0
55.0
55.0
56.0
56.0
59.0
58.0
57.0
55.0
54.0
69.0
20.0
21.0
21.0
22.0
34.0
20.0
20.0
21.0
19.0
19.0
19.0
21.0
20.0
21.0
18.0
34.0
20.0
19.0
19.0
34.0
18.0
22.0
20.0
20.0
20.0
20.0
17.0
19.0
18.0
20.0
20.0
27.0
18.0
22.0
18.0
26.0
21.0
18.0
19.0
23.0
22.0
19.0
19.0
22.0
22.0
19.0
22.0
19.0
23.0
23.0
22.0
19.0
19.0
18.0
22.0
19.0
21.0
23.0
21.0
19.0
19.0
21.0
21.0
19.0
18.0
21.0
21.0
22.0
23.0
19.0
18.0
19.0
22.0
23.0
18.0
21.0
21.0
21.0
19.0
22.0
18.0
19.0
19.0
23.0
21.0
21.0
20.0
22.0
19.0
19.0
22.0
19.0
18.0
21.0
21.0
21.0
20.0
19.0
19.0
22.0
18.0
19.0
21.0
22.0
20.0
22.0
19.0
20.0
19.0
20.0
20.0
22.0
21.0
20.0
20.0
21.0
20.0
21.0
21.0
20.0
19.0
21.0
20.0
20.0
19.0
20.0
20.0
20.0
20.0
20.0
20.0
21.0
20.0
20.0
21.0
20.0
21.0
20.0
21.0
21.0
19.0
21.0
20.0
20.0
20.0
20.0
20.0
21.0
22.0
21.0
20.0
21.0
20.0
20.0
20.0
20.0
20.0
20.0
20.0
20.0
19.0
20.0
20.0
21.0
20.0
20.0
20.0
20.0
19.0
21.0
22.0
20.0
21.0
20.0
20.0
20.0
20.0
21.0
20.0
21.0
22.0
21.0
20.0
20.0
20.0
20.0
19.0
20.0
20.0
20.0
21.0
20.0
21.0
20.0
19.0
21.0
20.0
20.0
20.0
20.0
22.0
21.0
20.0
21.0
20.0
19.0
19.0
20.0
20.0
19.0
23.0
21.0
20.0
21.0
20.0
20.0
20.0
20.0
20.0
20.0
20.0
21.0
20.0
20.0
20.0
19.0
20.0
20.0
19.0
21.0
20.0
21.0
22.0
20.0
20.0
20.0
19.0
20.0
20.0
20.0
20.0
20.0
22.0
20.0
20.0
20.0
19.0
20.0
19.0
21.0
20.0
20.0
22.0
20.0
20.0
20.0
20.0
20.0
19.0
21.0
20.0
21.0
20.0
20.0
21.0
20.0
21.0
20.0
20.0
21.0
20.0
20.0
19.0
21.0
20.0
19.0
20.0
20.0
22.0
21.0
21.0
21.0
19.0
22.0
20.0
19.0
18.0
20.0
21.0
20.0
20.0
21.0
20.0
21.0
20.0
21.0
20.0
20.0
21.0
21.0
21.0
20.0
20.0
21.0
21.0
19.0
20.0
21.0
19.0
20.0
20.0
20.0
21.0
20.0
20.0
21.0
20.0
20.0
19.0
20.0
19.0
22.0
20.0
20.0
20.0
21.0
20.0
19.0
19.0
21.0
20.0
21.0
21.0
20.0
19.0
20.0
20.0
20.0
20.0
21.0
20.0
21.0
21.0
21.0
21.0
20.0
19.0
20.0
20.0
21.0
19.0
21.0
20.0
20.0
20.0
20.0
21.0
21.0
20.0
21.0
20.0
22.0
20.0
21.0
20.0
19.0
19.0
20.0
20.0
20.0
20.0
21.0
21.0
21.0
20.0
21.0
20.0
20.0
20.0
21.0
19.0
20.0
20.0
21.0
20.0
20.0
20.0
20.0
20.0
21.0
20.0
21.0
20.0
20.0
20.0
21.0
20.0
20.0
19.0
21.0
19.0
20.0
20.0
21.0
21.0
20.0
20.0
19.0
20.0
21.0
20.0
20.0
20.0
20.0
20.0
20.0
19.0
21.0
20.0
20.0
20.0
20.0
21.0
21.0
21.0
19.0
19.0
20.0
20.0
20.0
20.0
21.0
21.0
21.0
19.0
20.0
21.0
21.0
21.0
21.0
21.0
20.0
20.0
20.0
20.0
19.0
20.0
21.0
20.0
21.0
20.0
21.0
21.0
20.0
20.0
20.0
20.0
20.0
19.0
21.0
20.0
20.0
20.0
21.0
19.0
19.0
19.0
20.0
20.0
20.0
20.0
20.0
19.0
21.0
20.0
20.0
20.0
20.0
20.0
55.0
54.0
55.0
57.0
54.0
54.0
54.0
55.0
55.0
55.0
22.0
23.0
21.0
21.0
21.0
20.0
21.0
22.0
21.0
21.0
21.0
22.0
20.0
20.0
21.0
19.0
19.0
18.0
23.0
22.0
20.0
19.0
21.0
21.0
21.0
20.0
19.0
20.0
22.0
21.0
21.0
20.0
20.0
19.0
23.0
20.0
19.0
19.0
22.0
22.0
19.0
19.0
20.0
21.0
20.0
21.0
21.0
21.0
22.0
22.0
20.0
19.0
21.0
19.0
20.0
20.0
19.0
21.0
23.0
20.0
21.0
20.0
19.0
20.0
21.0
21.0
21.0
21.0
20.0
21.0
20.0
19.0
20.0
20.0
21.0
20.0
22.0
19.0
21.0
22.0
21.0
21.0
20.0
19.0
20.0
20.0
23.0
21.0
20.0
20.0
21.0
20.0
20.0
20.0
20.0
19.0
20.0
22.0
20.0
20.0
21.0
19.0
20.0
19.0
21.0
20.0
21.0
22.0
21.0
20.0
20.0
19.0
20.0
19.0
21.0
20.0
20.0
22.0
21.0
20.0
21.0
19.0
21.0
20.0
20.0
20.0
21.0
21.0
21.0
20.0
20.0
20.0
21.0
20.0
20.0
20.0
20.0
21.0
21.0
20.0
20.0
20.0
20.0
20.0
20.0
19.0
20.0
21.0
20.0
20.0
19.0
19.0
21.0
20.0
21.0
19.0
21.0
21.0
21.0
20.0
21.0
21.0
20.0
21.0
21.0
20.0
21.0
20.0
23.0
21.0
21.0
20.0
21.0
20.0
20.0
21.0
19.0
19.0
20.0
20.0
20.0
19.0
20.0
21.0
21.0
19.0
20.0
20.0
20.0
20.0
20.0
20.0
20.0
22.0
21.0
20.0
19.0
19.0
20.0
20.0
21.0
20.0
20.0
21.0
20.0
19.0
20.0
19.0
20.0
20.0
21.0
20.0
20.0
20.0
21.0
21.0
19.0
19.0
20.0
19.0
20.0
22.0
21.0
21.0
21.0
20.0
20.0
20.0
19.0
19.0
20.0
21.0
22.0
20.0
21.0
21.0
20.0
19.0
20.0
19.0
20.0
21.0
21.0
20.0
20.0
21.0
20.0
19.0
20.0
20.0
20.0
22.0
21.0
21.0
21.0
20.0
19.0
19.0
20.0
20.0
21.0
20.0
20.0
20.0
21.0
19.0
19.0
19.0
20.0
19.0
20.0
22.0
20.0
20.0
21.0
20.0
20.0
21.0
20.0
20.0
21.0
21.0
21.0
20.0
21.0
20.0
20.0
21.0
21.0
19.0
19.0
21.0
22.0
21.0
19.0
21.0
18.0
19.0
