25.0
17.0
16.0
23.0
16.0
17.0
15.0
16.0
22.0
21.0
20.0
23.0
13.0
15.0
15.0
14.0
14.0
15.0
22.0
24.0
14.0
14.0
14.0
15.0
15.0
14.0
23.0
22.0
23.0
24.0
13.0
15.0
15.0
14.0
13.0
14.0
15.0
23.0
14.0
13.0
13.0
14.0
13.0
24.0
24.0
25.0
14.0
15.0
14.0
14.0
14.0
14.0
23.0
23.0
14.0
15.0
13.0
14.0
15.0
14.0
24.0
26.0
14.0
15.0
14.0
13.0
14.0
14.0
23.0
24.0
23.0
13.0
14.0
13.0
14.0
13.0
22.0
13.0
14.0
24.0
13.0
14.0
14.0
14.0
22.0
14.0
24.0
22.0
14.0
13.0
14.0
14.0
14.0
14.0
25.0
19.0
14.0
14.0
14.0
14.0
13.0
15.0
14.0
24.0
13.0
14.0
13.0
14.0
14.0
14.0
14.0
11.0
23.0
14.0
13.0
14.0
10.0
14.0
23.0
13.0
14.0
14.0
11.0
14.0
14.0
119.0
117.0
118.0
118.0
125.0
116.0
116.0
126.0
117.0
116.0
14.0
14.0
15.0
15.0
15.0
11.0
23.0
14.0
15.0
14.0
16.0
15.0
14.0
11.0
15.0
22.0
14.0
15.0
13.0
11.0
16.0
14.0
14.0
22.0
15.0
11.0
14.0
15.0
22.0
14.0
14.0
14.0
15.0
16.0
11.0
14.0
23.0
13.0
15.0
14.0
14.0
11.0
14.0
14.0
22.0
13.0
14.0
14.0
11.0
15.0
16.0
16.0
22.0
15.0
14.0
13.0
11.0
15.0
24.0
16.0
14.0
14.0
15.0
11.0
14.0
14.0
17.0
15.0
16.0
13.0
11.0
14.0
14.0
13.0
13.0
13.0
12.0
19.0
15.0
20.0
14.0
14.0
13.0
20.0
20.0
12.0
12.0
14.0
13.0
13.0
15.0
22.0
21.0
21.0
12.0
21.0
13.0
13.0
13.0
13.0
14.0
13.0
13.0
20.0
13.0
15.0
21.0
13.0
20.0
21.0
14.0
13.0
12.0
12.0
13.0
14.0
13.0
21.0
12.0
13.0
23.0
20.0
21.0
13.0
15.0
14.0
14.0
13.0
13.0
13.0
21.0
14.0
21.0
14.0
13.0
21.0
13.0
21.0
13.0
12.0
14.0
15.0
14.0
13.0
12.0
21.0
13.0
19.0
23.0
21.0
14.0
12.0
13.0
14.0
14.0
13.0
22.0
13.0
12.0
21.0
12.0
14.0
14.0
21.0
13.0
23.0
13.0
13.0
13.0
14.0
14.0
12.0
22.0
20.0
12.0
21.0
12.0
14.0
21.0
14.0
13.0
13.0
13.0
13.0
13.0
22.0
12.0
22.0
13.0
13.0
19.0
23.0
12.0
12.0
13.0
12.0
13.0
12.0
13.0
20.0
12.0
22.0
20.0
15.0
13.0
14.0
12.0
23.0
13.0
13.0
13.0
13.0
15.0
21.0
15.0
22.0
20.0
12.0
12.0
12.0
12.0
19.0
13.0
13.0
13.0
13.0
16.0
13.0
12.0
24.0
21.0
14.0
14.0
12.0
12.0
12.0
13.0
13.0
9.0
77.0
76.0
77.0
79.0
78.0
82.0
76.0
83.0
76.0
77.0
13.0
12.0
13.0
13.0
14.0
9.0
11.0
12.0
19.0
12.0
11.0
9.0
21.0
13.0
12.0
12.0
12.0
11.0
9.0
12.0
13.0
12.0
13.0
19.0
12.0
11.0
9.0
12.0
20.0
11.0
12.0
12.0
9.0
11.0
12.0
12.0
11.0
12.0
19.0
9.0
13.0
13.0
11.0
12.0
12.0
19.0
11.0
9.0
11.0
12.0
11.0
13.0
13.0
12.0
13.0
9.0
18.0
12.0
19.0
11.0
13.0
9.0
12.0
11.0
12.0
13.0
11.0
9.0
20.0
12.0
12.0
12.0
13.0
13.0
13.0
20.0
12.0
9.0
12.0
12.0
13.0
13.0
9.0
11.0
13.0
11.0
19.0
11.0
11.0
9.0
20.0
14.0
11.0
14.0
11.0
13.0
9.0
12.0
12.0
20.0
12.0
12.0
12.0
13.0
13.0
9.0
11.0
20.0
12.0
11.0
12.0
9.0
12.0
13.0
12.0
12.0
19.0
11.0
9.0
12.0
12.0
11.0
17.0
12.0
14.0
12.0
9.0
12.0
11.0
11.0
11.0
9.0
9.0
13.0
11.0
13.0
11.0
12.0
12.0
9.0
12.0
12.0
9.0
12.0
13.0
11.0
11.0
13.0
9.0
11.0
9.0
11.0
11.0
12.0
9.0
11.0
12.0
11.0
9.0
13.0
11.0
12.0
11.0
9.0
9.0
11.0
12.0
12.0
12.0
12.0
13.0
12.0
11.0
9.0
9.0
12.0
11.0
12.0
11.0
12.0
9.0
12.0
11.0
12.0
9.0
95.0
95.0
93.0
95.0
94.0
91.0
94.0
93.0
96.0
93.0
14.0
10.0
20.0
12.0
11.0
12.0
12.0
13.0
12.0
21.0
9.0
11.0
12.0
13.0
12.0
12.0
13.0
13.0
9.0
18.0
12.0
11.0
12.0
12.0
13.0
19.0
9.0
13.0
12.0
12.0
11.0
9.0
20.0
12.0
12.0
13.0
12.0
12.0
9.0
18.0
12.0
11.0
13.0
13.0
12.0
12.0
9.0
12.0
18.0
11.0
11.0
9.0
12.0
13.0
13.0
19.0
13.0
12.0
11.0
11.0
9.0
13.0
19.0
12.0
12.0
12.0
12.0
12.0
12.0
9.0
20.0
12.0
13.0
13.0
9.0
12.0
11.0
11.0
11.0
18.0
9.0
14.0
12.0
12.0
12.0
12.0
11.0
20.0
11.0
9.0
19.0
13.0
13.0
12.0
12.0
13.0
11.0
13.0
9.0
21.0
12.0
9.0
12.0
10.0
12.0
11.0
11.0
12.0
19.0
9.0
9.0
11.0
13.0
11.0
11.0
11.0
12.0
19.0
9.0
9.0
11.0
11.0
11.0
11.0
12.0
19.0
13.0
9.0
9.0
11.0
11.0
11.0
11.0
9.0
9.0
13.0
19.0
12.0
19.0
9.0
12.0
12.0
11.0
9.0
11.0
12.0
11.0
9.0
9.0
19.0
11.0
11.0
11.0
11.0
12.0
12.0
19.0
9.0
9.0
11.0
11.0
12.0
11.0
9.0
8.0
13.0
11.0
16.0
11.0
11.0
12.0
11.0
9.0
9.0
14.0
14.0
13.0
9.0
12.0
12.0
10.0
12.0
11.0
12.0
12.0
9.0
9.0
12.0
13.0
11.0
12.0
12.0
11.0
11.0
76.0
79.0
75.0
78.0
80.0
80.0
79.0
80.0
78.0
80.0
10.0
10.0
12.0
12.0
11.0
12.0
13.0
11.0
8.0
12.0
9.0
11.0
13.0
9.0
9.0
13.0
11.0
11.0
11.0
12.0
13.0
12.0
9.0
9.0
12.0
11.0
12.0
12.0
11.0
11.0
12.0
13.0
9.0
9.0
13.0
11.0
11.0
12.0
11.0
12.0
9.0
9.0
13.0
13.0
12.0
12.0
9.0
11.0
11.0
11.0
9.0
11.0
12.0
12.0
9.0
9.0
11.0
11.0
13.0
12.0
12.0
11.0
8.0
13.0
12.0
9.0
12.0
12.0
11.0
11.0
12.0
11.0
9.0
8.0
13.0
13.0
11.0
12.0
11.0
9.0
12.0
11.0
12.0
10.0
13.0
9.0
13.0
12.0
11.0
11.0
9.0
12.0
12.0
13.0
9.0
9.0
12.0
11.0
12.0
12.0
11.0
12.0
12.0
8.0
12.0
8.0
11.0
11.0
11.0
12.0
12.0
9.0
10.0
12.0
9.0
12.0
9.0
11.0
12.0
12.0
11.0
12.0
10.0
9.0
11.0
13.0
9.0
12.0
9.0
12.0
12.0
11.0
12.0
11.0
12.0
9.0
14.0
9.0
11.0
12.0
11.0
11.0
11.0
12.0
11.0
9.0
9.0
11.0
12.0
11.0
11.0
12.0
9.0
11.0
11.0
11.0
9.0
9.0
11.0
11.0
11.0
12.0
11.0
11.0
12.0
9.0
12.0
9.0
12.0
8.0
12.0
12.0
11.0
11.0
11.0
11.0
12.0
9.0
9.0
12.0
11.0
11.0
11.0
12.0
12.0
8.0
11.0
11.0
9.0
9.0
80.0
81.0
81.0
79.0
79.0
79.0
79.0
79.0
79.0
78.0
12.0
12.0
12.0
12.0
12.0
12.0
13.0
11.0
9.0
9.0
9.0
13.0
11.0
11.0
12.0
11.0
12.0
12.0
13.0
9.0
9.0
12.0
12.0
11.0
12.0
15.0
10.0
13.0
13.0
13.0
9.0
9.0
12.0
12.0
13.0
12.0
12.0
12.0
11.0
9.0
12.0
9.0
12.0
11.0
11.0
12.0
9.0
12.0
12.0
11.0
11.0
9.0
9.0
12.0
11.0
11.0
13.0
9.0
11.0
11.0
13.0
11.0
9.0
12.0
12.0
9.0
11.0
11.0
12.0
11.0
11.0
13.0
9.0
8.0
12.0
11.0
11.0
12.0
9.0
12.0
13.0
11.0
13.0
10.0
12.0
12.0
11.0
9.0
11.0
12.0
12.0
9.0
12.0
14.0
9.0
11.0
11.0
12.0
9.0
12.0
12.0
12.0
13.0
9.0
12.0
9.0
12.0
11.0
12.0
11.0
9.0
12.0
11.0
13.0
9.0
12.0
11.0
11.0
12.0
9.0
12.0
11.0
12.0
9.0
12.0
11.0
9.0
12.0
13.0
11.0
11.0
9.0
12.0
12.0
9.0
12.0
11.0
11.0
9.0
13.0
12.0
11.0
11.0
11.0
9.0
13.0
9.0
11.0
12.0
11.0
11.0
12.0
9.0
11.0
11.0
9.0
11.0
12.0
12.0
9.0
11.0
11.0
13.0
12.0
9.0
12.0
11.0
9.0
12.0
11.0
11.0
11.0
9.0
11.0
11.0
10.0
10.0
12.0
12.0
11.0
10.0
12.0
11.0
9.0
11.0
12.0
9.0
11.0
9.0
11.0
11.0
12.0
11.0
10.0
10.0
80.0
79.0
77.0
78.0
78.0
78.0
78.0
80.0
80.0
77.0
11.0
11.0
9.0
12.0
12.0
9.0
13.0
10.0
11.0
11.0
10.0
12.0
12.0
13.0
10.0
11.0
9.0
12.0
11.0
12.0
10.0
11.0
12.0
9.0
10.0
12.0
11.0
10.0
11.0
11.0
12.0
12.0
10.0
12.0
9.0
10.0
9.0
12.0
11.0
12.0
11.0
9.0
9.0
11.0
11.0
10.0
11.0
11.0
11.0
10.0
9.0
11.0
11.0
11.0
13.0
10.0
11.0
9.0
11.0
10.0
12.0
11.0
12.0
12.0
10.0
12.0
9.0
11.0
9.0
11.0
12.0
11.0
12.0
9.0
12.0
10.0
12.0
9.0
11.0
12.0
12.0
12.0
10.0
11.0
9.0
12.0
10.0
11.0
13.0
11.0
9.0
10.0
13.0
9.0
12.0
9.0
11.0
11.0
9.0
12.0
12.0
10.0
11.0
10.0
11.0
11.0
12.0
11.0
10.0
9.0
13.0
11.0
9.0
12.0
11.0
12.0
9.0
11.0
11.0
9.0
10.0
12.0
11.0
12.0
12.0
10.0
12.0
11.0
10.0
11.0
9.0
11.0
11.0
12.0
9.0
11.0
9.0
12.0
11.0
10.0
11.0
11.0
11.0
9.0
12.0
10.0
11.0
9.0
11.0
10.0
12.0
10.0
11.0
11.0
9.0
10.0
11.0
12.0
11.0
11.0
12.0
10.0
10.0
11.0
11.0
9.0
11.0
12.0
11.0
11.0
9.0
11.0
10.0
10.0
11.0
10.0
11.0
12.0
11.0
9.0
10.0
10.0
11.0
10.0
10.0
11.0
10.0
10.0
11.0
12.0
11.0
10.0
85.0
10.0
10.0
82.0
84.0
83.0
84.0
85.0
85.0
86.0
83.0
85.0
12.0
14.0
14.0
14.0
13.0
11.0
11.0
15.0
13.0
11.0
12.0
15.0
13.0
12.0
13.0
12.0
14.0
11.0
14.0
13.0
13.0
10.0
14.0
14.0
11.0
12.0
11.0
13.0
13.0
12.0
16.0
13.0
12.0
15.0
12.0
11.0
13.0
14.0
12.0
12.0
15.0
11.0
11.0
12.0
10.0
15.0
13.0
12.0
13.0
12.0
12.0
11.0
12.0
12.0
14.0
15.0
14.0
12.0
13.0
15.0
11.0
12.0
11.0
12.0
12.0
12.0
14.0
13.0
13.0
12.0
11.0
11.0
13.0
12.0
14.0
14.0
12.0
13.0
10.0
13.0
13.0
13.0
13.0
13.0
14.0
12.0
12.0
11.0
13.0
13.0
11.0
13.0
12.0
13.0
12.0
14.0
13.0
14.0
12.0
13.0
13.0
14.0
12.0
14.0
12.0
12.0
13.0
11.0
13.0
12.0
14.0
11.0
13.0
14.0
11.0
12.0
12.0
15.0
14.0
14.0
12.0
12.0
13.0
12.0
13.0
13.0
14.0
11.0
11.0
13.0
12.0
11.0
14.0
12.0
13.0
13.0
12.0
13.0
12.0
13.0
13.0
12.0
13.0
12.0
13.0
13.0
12.0
11.0
11.0
11.0
13.0
13.0
12.0
12.0
12.0
13.0
12.0
12.0
11.0
11.0
11.0
11.0
11.0
11.0
11.0
11.0
10.0
10.0
10.0
11.0
10.0
10.0
10.0
10.0
10.0
10.0
11.0
11.0
11.0
10.0
10.0
11.0
10.0
11.0
11.0
10.0
10.0
10.0
10.0
11.0
11.0
11.0
10.0
10.0
11.0
11.0
10.0
10.0
10.0
10.0
10.0
10.0
11.0
86.0
84.0
87.0
84.0
87.0
87.0
84.0
86.0
85.0
84.0
10.0
11.0
11.0
10.0
11.0
10.0
10.0
10.0
11.0
11.0
11.0
10.0
10.0
10.0
10.0
10.0
10.0
10.0
11.0
10.0
10.0
11.0
11.0
11.0
10.0
11.0
11.0
10.0
11.0
10.0
11.0
11.0
10.0
10.0
10.0
10.0
11.0
11.0
11.0
11.0
11.0
11.0
11.0
11.0
10.0
11.0
10.0
10.0
10.0
11.0
10.0
10.0
11.0
10.0
11.0
10.0
11.0
11.0
10.0
10.0
10.0
11.0
10.0
11.0
10.0
11.0
11.0
10.0
11.0
11.0
11.0
10.0
11.0
10.0
11.0
10.0
10.0
11.0
11.0
11.0
10.0
10.0
10.0
11.0
10.0
10.0
11.0
10.0
10.0
11.0
11.0
10.0
10.0
10.0
10.0
11.0
10.0
11.0
10.0
10.0
10.0
10.0
10.0
11.0
10.0
10.0
11.0
10.0
11.0
11.0
11.0
11.0
10.0
11.0
10.0
11.0
11.0
11.0
10.0
10.0
10.0
10.0
10.0
10.0
11.0
10.0
10.0
11.0
10.0
11.0
11.0
11.0
11.0
11.0
11.0
11.0
11.0
10.0
11.0
10.0
10.0
10.0
10.0
10.0
11.0
11.0
10.0
11.0
10.0
10.0
10.0
10.0
10.0
10.0
10.0
11.0
10.0
11.0
10.0
11.0
11.0
10.0
10.0
11.0
10.0
11.0
11.0
10.0
11.0
10.0
11.0
10.0
11.0
10.0
11.0
10.0
11.0
11.0
10.0
10.0
11.0
11.0
10.0
11.0
10.0
10.0
11.0
10.0
11.0
11.0
10.0
11.0
11.0
10.0
10.0
11.0
11.0
10.0
11.0
11.0
10.0
11.0
10.0
11.0
11.0
10.0
11.0
10.0
10.0
10.0
11.0
10.0
11.0
10.0
10.0
10.0
10.0
11.0
10.0
11.0
10.0
11.0
10.0
11.0
10.0
11.0
10.0
11.0
11.0
10.0
11.0
11.0
10.0
10.0
11.0
10.0
11.0
11.0
10.0
10.0
10.0
10.0
11.0
10.0
10.0
11.0
10.0
10.0
11.0
10.0
10.0
11.0
11.0
11.0
10.0
10.0
10.0
11.0
10.0
11.0
11.0
10.0
10.0
11.0
10.0
11.0
10.0
11.0
10.0
10.0
10.0
10.0
11.0
11.0
10.0
10.0
10.0
11.0
11.0
10.0
10.0
11.0
10.0
10.0
11.0
11.0
11.0
10.0
11.0
11.0
10.0
10.0
10.0
11.0
10.0
10.0
93.0
94.0
91.0
92.0
93.0
92.0
92.0
94.0
92.0
91.0
11.0
11.0
11.0
11.0
11.0
11.0
10.0
11.0
11.0
10.0
10.0
10.0
10.0
11.0
11.0
10.0
11.0
10.0
10.0
10.0
11.0
11.0
11.0
10.0
11.0
11.0
10.0
11.0
11.0
11.0
11.0
10.0
11.0
11.0
10.0
10.0
10.0
10.0
10.0
10.0
11.0
11.0
11.0
10.0
10.0
11.0
11.0
10.0
10.0
11.0
10.0
10.0
10.0
10.0
11.0
10.0
10.0
10.0
10.0
10.0
11.0
11.0
11.0
11.0
10.0
10.0
11.0
10.0
11.0
11.0
10.0
11.0
10.0
11.0
10.0
11.0
10.0
11.0
10.0
10.0
10.0
10.0
10.0
11.0
10.0
10.0
10.0
10.0
10.0
10.0
10.0
10.0
10.0
10.0
10.0
10.0
10.0
10.0
10.0
10.0
10.0
11.0
10.0
10.0
10.0
10.0
11.0
10.0
10.0
10.0
10.0
10.0
10.0
10.0
11.0
11.0
10.0
11.0
10.0
10.0
11.0
10.0
10.0
10.0
10.0
10.0
10.0
10.0
10.0
10.0
10.0
10.0
10.0
10.0
10.0
10.0
10.0
10.0
10.0
10.0
10.0
10.0
10.0
10.0
10.0
10.0
10.0
10.0
10.0
10.0
10.0
10.0
10.0
10.0
10.0
11.0
10.0
10.0
10.0
10.0
10.0
10.0
10.0
11.0
11.0
10.0
10.0
10.0
10.0
10.0
10.0
10.0
10.0
10.0
10.0
10.0
10.0
11.0
11.0
10.0
10.0
10.0
10.0
11.0
10.0
11.0
11.0
10.0
10.0
10.0
10.0
10.0
10.0
10.0
10.0
10.0
10.0
10.0
10.0
10.0
10.0
10.0
10.0
10.0
10.0
10.0
10.0
11.0
10.0
10.0
10.0
10.0
10.0
10.0
11.0
10.0
10.0
10.0
10.0
10.0
10.0
10.0
10.0
10.0
10.0
10.0
10.0
10.0
10.0
10.0
10.0
10.0
10.0
10.0
11.0
11.0
10.0
10.0
10.0
10.0
10.0
10.0
10.0
10.0
10.0
10.0
10.0
11.0
10.0
10.0
10.0
10.0
10.0
10.0
10.0
10.0
10.0
10.0
10.0
10.0
10.0
10.0
10.0
10.0
10.0
11.0
11.0
10.0
10.0
10.0
10.0
10.0
10.0
10.0
10.0
10.0
10.0
10.0
11.0
10.0
10.0
10.0
10.0
11.0
10.0
11.0
11.0
10.0
10.0
10.0
10.0
10.0
10.0
9.0
9.0
10.0
10.0
10.0
10.0
