5.0
5.0
3.0
4.0
4.0
4.0
3.0
3.0
5.0
5.0
5.0
4.0
36.0
38.0
31.0
30.0
30.0
31.0
51.0
51.0
30.0
51.0
29.0
37.0
31.0
29.0
30.0
50.0
30.0
51.0
51.0
50.0
28.0
28.0
28.0
27.0
4015.0
4128.0
4031.0
3594.0
4011.0
3987.0
3517.0
4332.0
3657.0
3530.0
3522.0
3.0
2.0
24.0
24.0
24.0
23.0
23.0
24.0
24.0
25.0
25.0
25.0
24.0
25.0
25.0
26.0
27.0
25.0
27.0
27.0
25.0
27.0
25.0
27.0
27.0
27.0
3518.0
3518.0
3828.0
3859.0
3857.0
3820.0
3824.0
3862.0
3541.0
3518.0
3576.0
3571.0
3865.0
3852.0
3.0
3.0
28.0
28.0
27.0
27.0
27.0
27.0
27.0
26.0
27.0
27.0
26.0
27.0
27.0
27.0
26.0
26.0
27.0
27.0
27.0
26.0
27.0
27.0
27.0
27.0
3837.0
4207.0
3874.0
3849.0
3544.0
5245.0
3518.0
3510.0
3701.0
3667.0
3683.0
3738.0
3701.0
4843.0
3.0
3.0
24.0
25.0
25.0
24.0
25.0
25.0
36.0
25.0
25.0
25.0
25.0
25.0
25.0
25.0
25.0
24.0
25.0
25.0
25.0
25.0
25.0
25.0
25.0
24.0
3761.0
3754.0
3747.0
3699.0
3699.0
3711.0
3739.0
3695.0
3684.0
3657.0
3998.0
4005.0
3662.0
3664.0
3.0
3.0
26.0
3.0
26.0
3.0
26.0
3.0
26.0
3.0
26.0
3.0
46.0
3.0
27.0
3.0
26.0
3.0
25.0
3.0
26.0
3.0
26.0
3.0
26.0
3.0
3651.0
3626.0
3586.0
3629.0
3599.0
3535.0
3601.0
3531.0
3545.0
3533.0
3477.0
3520.0
3525.0
3517.0
5.0
4.0
4.0
3.0
3.0
3.0
4.0
4.0
5.0
5.0
3.0
3.0
3.0
3.0
2.0
4.0
3.0
5.0
3.0
4.0
28.0
28.0
51.0
28.0
29.0
28.0
50.0
28.0
50.0
5.0
50.0
28.0
28.0
28.0
27.0
27.0
27.0
50.0
50.0
5.0
28.0
28.0
28.0
28.0
28.0
50.0
28.0
50.0
28.0
3.0
28.0
28.0
28.0
28.0
28.0
50.0
49.0
40.0
38.0
2.0
28.0
28.0
27.0
28.0
28.0
27.0
27.0
28.0
28.0
3.0
28.0
28.0
28.0
22.0
28.0
49.0
49.0
27.0
27.0
3.0
22.0
27.0
28.0
28.0
28.0
28.0
23.0
28.0
28.0
3.0
27.0
27.0
50.0
50.0
28.0
27.0
27.0
22.0
27.0
3.0
28.0
28.0
28.0
27.0
28.0
28.0
22.0
51.0
51.0
4.0
27.0
27.0
27.0
27.0
27.0
27.0
22.0
27.0
22.0
3.0
28.0
28.0
28.0
27.0
28.0
28.0
28.0
50.0
50.0
3.0
22.0
27.0
27.0
27.0
27.0
28.0
27.0
27.0
22.0
3.0
28.0
28.0
25.0
28.0
27.0
28.0
28.0
23.0
49.0
5.0
49.0
22.0
28.0
28.0
27.0
27.0
27.0
27.0
22.0
2.0
23.0
28.0
27.0
28.0
28.0
22.0
28.0
28.0
38.0
5.0
22.0
34.0
22.0
27.0
27.0
27.0
27.0
27.0
27.0
2.0
23.0
23.0
28.0
27.0
27.0
28.0
29.0
28.0
27.0
3.0
28.0
22.0
22.0
27.0
28.0
27.0
28.0
28.0
27.0
2.0
22.0
27.0
27.0
22.0
27.0
28.0
23.0
28.0
27.0
4.0
28.0
22.0
28.0
27.0
28.0
22.0
28.0
22.0
27.0
3.0
28.0
27.0
28.0
27.0
27.0
27.0
22.0
23.0
28.0
3.0
28.0
28.0
28.0
27.0
28.0
28.0
28.0
23.0
22.0
3.0
27.0
27.0
28.0
27.0
28.0
22.0
27.0
27.0
27.0
3.0
22.0
30.0
22.0
28.0
27.0
28.0
27.0
27.0
27.0
2.0
3761.0
3657.0
3710.0
3807.0
3758.0
3785.0
3807.0
3806.0
2081.0
3690.0
3619.0
3630.0
3644.0
3624.0
3625.0
3631.0
3650.0
3634.0
2001.0
3639.0
3629.0
3620.0
3654.0
3639.0
3661.0
3637.0
3626.0
2013.0
3687.0
3642.0
3623.0
3641.0
3662.0
3697.0
3710.0
3708.0
3684.0
1992.0
3655.0
3744.0
3764.0
3755.0
3725.0
3665.0
3667.0
3650.0
2031.0
3681.0
3684.0
3641.0
3660.0
3681.0
3662.0
3644.0
3666.0
3673.0
2008.0
3681.0
3669.0
3687.0
3693.0
3708.0
3694.0
3709.0
3702.0
1997.0
3648.0
3656.0
3677.0
3683.0
3656.0
3624.0
3692.0
3658.0
3661.0
1951.0
3684.0
3714.0
3641.0
3699.0
3646.0
3723.0
3712.0
3707.0
2017.0
3724.0
3688.0
3668.0
3701.0
3670.0
3662.0
3692.0
3622.0
3608.0
1968.0
3643.0
3696.0
3685.0
3709.0
3696.0
3669.0
3692.0
3679.0
2006.0
3627.0
3707.0
3675.0
3678.0
3679.0
3663.0
3660.0
3666.0
3641.0
2009.0
3693.0
3652.0
3718.0
3729.0
3732.0
3716.0
3708.0
3684.0
1980.0
3696.0
3634.0
3708.0
3765.0
3736.0
3725.0
3732.0
3722.0
3688.0
2058.0
2.0
3.0
2.0
3.0
2.0
3.0
3.0
2.0
3.0
2.0
3.0
2.0
3.0
2.0
3.0
2.0
2.0
3.0
2.0
3.0
25.0
25.0
35.0
26.0
25.0
25.0
25.0
26.0
25.0
3.0
25.0
25.0
26.0
25.0
25.0
25.0
25.0
26.0
25.0
3.0
25.0
25.0
26.0
25.0
25.0
25.0
25.0
26.0
25.0
3.0
25.0
25.0
25.0
25.0
26.0
25.0
25.0
29.0
27.0
3.0
28.0
27.0
27.0
27.0
32.0
27.0
27.0
26.0
26.0
3.0
27.0
27.0
27.0
26.0
27.0
27.0
26.0
27.0
27.0
3.0
27.0
27.0
27.0
27.0
27.0
27.0
27.0
27.0
26.0
3.0
27.0
27.0
26.0
27.0
27.0
27.0
66.0
65.0
27.0
2.0
27.0
27.0
27.0
27.0
26.0
27.0
27.0
28.0
27.0
2.0
27.0
27.0
28.0
27.0
26.0
27.0
26.0
28.0
27.0
3.0
27.0
25.0
28.0
27.0
27.0
27.0
26.0
28.0
27.0
2.0
27.0
25.0
25.0
26.0
26.0
26.0
26.0
25.0
26.0
3.0
25.0
25.0
25.0
25.0
26.0
25.0
25.0
25.0
25.0
2.0
27.0
25.0
25.0
25.0
25.0
26.0
25.0
25.0
25.0
2.0
25.0
26.0
25.0
26.0
25.0
25.0
26.0
25.0
25.0
2.0
25.0
25.0
26.0
27.0
25.0
25.0
25.0
25.0
26.0
3.0
25.0
25.0
25.0
25.0
26.0
25.0
25.0
25.0
25.0
3.0
26.0
25.0
25.0
25.0
25.0
26.0
26.0
25.0
25.0
3.0
25.0
27.0
25.0
25.0
25.0
25.0
26.0
25.0
25.0
3.0
25.0
25.0
25.0
26.0
25.0
25.0
25.0
25.0
26.0
3.0
25.0
25.0
25.0
25.0
26.0
25.0
25.0
25.0
25.0
3.0
26.0
25.0
25.0
25.0
25.0
25.0
26.0
25.0
25.0
3.0
25.0
25.0
25.0
27.0
25.0
25.0
25.0
25.0
26.0
3.0
25.0
25.0
25.0
25.0
26.0
25.0
25.0
25.0
25.0
3.0
3667.0
3655.0
3645.0
3667.0
3674.0
3709.0
3717.0
3723.0
3709.0
1998.0
3703.0
3699.0
3699.0
3690.0
3699.0
3690.0
3673.0
3667.0
3674.0
2014.0
3699.0
3642.0
3664.0
3650.0
3650.0
3636.0
3647.0
3709.0
3696.0
2103.0
3712.0
3719.0
3798.0
3714.0
3704.0
3705.0
3696.0
3692.0
3641.0
1949.0
3746.0
3661.0
3708.0
3725.0
3691.0
3712.0
3682.0
3714.0
3702.0
2053.0
3650.0
3686.0
3651.0
3706.0
3726.0
3719.0
3703.0
3700.0
3735.0
1996.0
3729.0
3706.0
3717.0
3685.0
3661.0
3670.0
3623.0
3647.0
3625.0
2015.0
3656.0
3645.0
3654.0
3643.0
3636.0
3663.0
3708.0
3692.0
3703.0
1993.0
3706.0
3709.0
3693.0
3684.0
3699.0
3663.0
3703.0
3666.0
3630.0
1998.0
3641.0
3657.0
3666.0
3649.0
3707.0
3649.0
3655.0
3682.0
3726.0
1998.0
3656.0
3671.0
3644.0
3713.0
3707.0
3691.0
3681.0
3697.0
3713.0
1941.0
3688.0
3683.0
3699.0
3711.0
3650.0
3666.0
3640.0
3699.0
3700.0
1995.0
3687.0
3663.0
3667.0
3691.0
3693.0
3703.0
3710.0
3696.0
3710.0
2015.0
3714.0
3711.0
3669.0
3674.0
3723.0
3731.0
3719.0
3729.0
3663.0
2010.0
3.0
2.0
3.0
2.0
3.0
2.0
3.0
3.0
2.0
3.0
2.0
3.0
2.0
3.0
3.0
2.0
2.0
3.0
3.0
2.0
25.0
26.0
26.0
25.0
25.0
25.0
26.0
26.0
25.0
2.0
26.0
26.0
25.0
25.0
26.0
25.0
25.0
25.0
12.0
3.0
25.0
26.0
25.0
26.0
25.0
25.0
25.0
25.0
25.0
3.0
25.0
25.0
25.0
26.0
25.0
25.0
26.0
25.0
11.0
3.0
25.0
26.0
25.0
25.0
25.0
25.0
25.0
25.0
25.0
3.0
25.0
26.0
26.0
26.0
25.0
25.0
25.0
25.0
12.0
2.0
26.0
25.0
26.0
25.0
25.0
26.0
25.0
25.0
25.0
2.0
25.0
25.0
25.0
26.0
25.0
26.0
25.0
25.0
12.0
2.0
25.0
25.0
51.0
52.0
52.0
54.0
27.0
27.0
26.0
2.0
26.0
26.0
25.0
25.0
26.0
25.0
25.0
25.0
12.0
2.0
25.0
26.0
26.0
25.0
25.0
26.0
25.0
26.0
25.0
3.0
25.0
25.0
25.0
25.0
25.0
25.0
25.0
25.0
12.0
3.0
25.0
25.0
25.0
25.0
26.0
25.0
25.0
25.0
26.0
2.0
25.0
26.0
25.0
25.0
25.0
26.0
25.0
25.0
11.0
2.0
25.0
26.0
25.0
25.0
25.0
25.0
26.0
25.0
25.0
3.0
26.0
25.0
25.0
25.0
25.0
25.0
25.0
26.0
11.0
2.0
25.0
26.0
26.0
25.0
25.0
26.0
25.0
25.0
25.0
3.0
25.0
25.0
25.0
25.0
25.0
25.0
25.0
25.0
12.0
2.0
25.0
25.0
26.0
25.0
25.0
26.0
25.0
25.0
25.0
2.0
25.0
25.0
26.0
25.0
26.0
25.0
25.0
25.0
12.0
2.0
25.0
25.0
25.0
25.0
25.0
25.0
25.0
25.0
26.0
3.0
26.0
26.0
26.0
25.0
25.0
26.0
25.0
26.0
12.0
2.0
27.0
26.0
25.0
25.0
25.0
26.0
26.0
25.0
26.0
2.0
25.0
25.0
25.0
25.0
26.0
26.0
25.0
25.0
12.0
2.0
3675.0
3683.0
3690.0
3714.0
3700.0
3713.0
3721.0
3684.0
1996.0
3681.0
3622.0
3623.0
3624.0
3643.0
3700.0
3686.0
3679.0
3673.0
1978.0
3732.0
3680.0
3747.0
3734.0
3729.0
3773.0
3785.0
3762.0
2034.0
3761.0
3715.0
3704.0
3674.0
3624.0
3634.0
3631.0
3650.0
3643.0
1987.0
3643.0
3702.0
3701.0
3696.0
3619.0
3669.0
3683.0
3666.0
1993.0
3696.0
3679.0
3656.0
3687.0
3697.0
3681.0
3697.0
3661.0
3645.0
1956.0
3690.0
3687.0
3701.0
3754.0
3722.0
3715.0
3716.0
3674.0
2034.0
3713.0
3712.0
3713.0
3649.0
3660.0
3662.0
3717.0
3712.0
3664.0
2001.0
3617.0
3647.0
3651.0
3618.0
3670.0
3687.0
3663.0
3694.0
2007.0
3698.0
3632.0
3692.0
3705.0
3697.0
3678.0
3641.0
3634.0
3660.0
2005.0
3665.0
3676.0
3656.0
3663.0
3649.0
3664.0
3622.0
3692.0
2006.0
3692.0
3705.0
3631.0
3714.0
3716.0
3720.0
3706.0
3724.0
3698.0
1993.0
3644.0
3631.0
3668.0
3650.0
3653.0
3654.0
3639.0
3653.0
1986.0
3644.0
3676.0
3681.0
3638.0
3673.0
3681.0
3678.0
3686.0
3677.0
1983.0
3.0
2.0
3.0
2.0
3.0
3.0
2.0
3.0
2.0
3.0
2.0
3.0
2.0
3.0
2.0
3.0
2.0
2.0
2.0
2.0
26.0
25.0
25.0
25.0
25.0
34.0
26.0
26.0
25.0
3.0
25.0
25.0
25.0
25.0
26.0
25.0
25.0
2.0
3.0
2.0
26.0
25.0
65.0
25.0
25.0
25.0
25.0
26.0
25.0
3.0
25.0
25.0
25.0
25.0
25.0
25.0
26.0
2.0
3.0
2.0
26.0
25.0
25.0
25.0
25.0
26.0
25.0
25.0
25.0
3.0
25.0
25.0
25.0
25.0
26.0
25.0
25.0
2.0
2.0
2.0
26.0
25.0
25.0
25.0
25.0
25.0
25.0
25.0
25.0
3.0
25.0
26.0
25.0
25.0
29.0
30.0
25.0
2.0
2.0
3.0
25.0
25.0
26.0
26.0
25.0
25.0
25.0
26.0
25.0
3.0
25.0
25.0
26.0
25.0
25.0
25.0
25.0
3.0
2.0
3.0
25.0
25.0
26.0
25.0
25.0
25.0
26.0
25.0
25.0
2.0
26.0
25.0
25.0
25.0
25.0
25.0
25.0
3.0
2.0
3.0
25.0
25.0
25.0
25.0
25.0
26.0
26.0
25.0
25.0
2.0
25.0
25.0
25.0
25.0
26.0
25.0
25.0
3.0
2.0
2.0
25.0
25.0
25.0
25.0
25.0
25.0
26.0
26.0
25.0
3.0
25.0
25.0
25.0
25.0
26.0
25.0
25.0
3.0
3.0
2.0
25.0
25.0
25.0
25.0
26.0
25.0
25.0
25.0
25.0
2.0
25.0
26.0
26.0
25.0
25.0
25.0
25.0
2.0
3.0
3.0
25.0
25.0
25.0
26.0
25.0
25.0
25.0
25.0
25.0
3.0
25.0
25.0
26.0
25.0
25.0
26.0
25.0
2.0
3.0
2.0
25.0
26.0
25.0
25.0
25.0
25.0
25.0
25.0
25.0
3.0
25.0
25.0
25.0
25.0
25.0
25.0
25.0
3.0
2.0
3.0
25.0
25.0
25.0
25.0
25.0
25.0
25.0
25.0
26.0
3.0
25.0
26.0
26.0
25.0
25.0
25.0
25.0
2.0
3.0
2.0
3679.0
3690.0
3688.0
3691.0
3700.0
3618.0
3634.0
3621.0
3629.0
1989.0
3660.0
3677.0
3656.0
3711.0
3699.0
3681.0
3676.0
3721.0
3710.0
2033.0
3642.0
3685.0
3681.0
3690.0
3666.0
3670.0
3681.0
3678.0
3629.0
1952.0
3676.0
3696.0
3654.0
3667.0
3669.0
3651.0
3659.0
3653.0
3621.0
2008.0
3642.0
3653.0
3648.0
3634.0
3701.0
3695.0
3694.0
3693.0
3678.0
1991.0
3674.0
3667.0
3681.0
3694.0
3685.0
3662.0
3741.0
3644.0
3677.0
1989.0
3765.0
3663.0
3742.0
3734.0
3645.0
3639.0
3689.0
3689.0
3722.0
2025.0
3687.0
3704.0
3689.0
3698.0
3694.0
3690.0
3681.0
3630.0
3622.0
2001.0
3668.0
3642.0
3639.0
3662.0
3650.0
3645.0
3652.0
3646.0
3703.0
2021.0
3690.0
3686.0
3694.0
3696.0
3700.0
3693.0
3689.0
3645.0
3667.0
2012.0
3702.0
3698.0
3684.0
3714.0
3671.0
3679.0
3672.0
3714.0
3712.0
2026.0
3622.0
3690.0
3663.0
3698.0
3712.0
3699.0
3691.0
3666.0
3663.0
1984.0
3694.0
3695.0
3627.0
3622.0
3651.0
3641.0
3632.0
3633.0
3628.0
1999.0
3629.0
3633.0
3633.0
3684.0
3715.0
3709.0
3703.0
3690.0
3690.0
1987.0
3.0
3.0
2.0
3.0
2.0
3.0
2.0
3.0
2.0
3.0
2.0
3.0
2.0
3.0
2.0
3.0
2.0
3.0
2.0
3.0
25.0
25.0
25.0
25.0
25.0
25.0
25.0
26.0
12.0
3.0
2.0
3.0
3.0
2.0
3.0
2.0
3.0
2.0
3.0
3.0
25.0
26.0
25.0
26.0
25.0
25.0
25.0
25.0
12.0
2.0
3.0
2.0
2.0
2.0
3.0
2.0
3.0
2.0
2.0
2.0
26.0
25.0
25.0
25.0
25.0
25.0
25.0
25.0
12.0
3.0
3.0
2.0
2.0
2.0
2.0
3.0
3.0
3.0
2.0
2.0
25.0
25.0
25.0
25.0
26.0
26.0
27.0
26.0
12.0
3.0
2.0
2.0
2.0
3.0
3.0
3.0
2.0
2.0
2.0
3.0
26.0
25.0
25.0
26.0
26.0
25.0
25.0
26.0
12.0
2.0
3.0
3.0
2.0
2.0
2.0
3.0
3.0
3.0
2.0
3.0
25.0
26.0
25.0
25.0
25.0
26.0
26.0
25.0
21.0
11.0
11.0
11.0
2.0
3.0
3.0
3.0
2.0
2.0
3.0
3.0
27.0
27.0
27.0
27.0
25.0
25.0
25.0
25.0
12.0
2.0
2.0
2.0
3.0
2.0
2.0
2.0
2.0
2.0
3.0
3.0
25.0
25.0
25.0
25.0
25.0
25.0
25.0
25.0
12.0
3.0
2.0
3.0
2.0
3.0
2.0
3.0
2.0
3.0
2.0
3.0
25.0
25.0
25.0
25.0
25.0
25.0
25.0
25.0
12.0
2.0
2.0
2.0
2.0
3.0
2.0
2.0
2.0
2.0
2.0
3.0
25.0
25.0
25.0
25.0
25.0
25.0
25.0
25.0
12.0
2.0
3.0
3.0
3.0
2.0
2.0
2.0
3.0
3.0
3.0
2.0
25.0
25.0
25.0
25.0
25.0
25.0
25.0
25.0
12.0
3.0
3.0
3.0
2.0
2.0
2.0
3.0
3.0
3.0
2.0
2.0
25.0
25.0
25.0
25.0
25.0
25.0
26.0
26.0
12.0
3.0
2.0
2.0
2.0
3.0
3.0
3.0
2.0
2.0
2.0
3.0
3747.0
3744.0
3738.0
3683.0
3700.0
3767.0
3697.0
3682.0
2044.0
3613.0
3593.0
3613.0
3635.0
3627.0
3685.0
3683.0
3654.0
1992.0
1995.0
3656.0
3652.0
3761.0
3700.0
3744.0
3738.0
3710.0
3665.0
1945.0
3640.0
3707.0
3667.0
3659.0
3727.0
3594.0
3628.0
3624.0
2000.0
1994.0
3672.0
3658.0
3681.0
3698.0
3654.0
3673.0
3737.0
3683.0
1990.0
3710.0
3654.0
3677.0
3697.0
3670.0
3665.0
3655.0
3646.0
1960.0
1985.0
3626.0
3683.0
3687.0
3653.0
3662.0
3646.0
3640.0
3659.0
1999.0
3651.0
3673.0
3595.0
3581.0
3746.0
3806.0
3645.0
3674.0
2030.0
2030.0
3667.0
3611.0
3673.0
3680.0
3671.0
3680.0
3663.0
3618.0
2000.0
3602.0
3654.0
3717.0
3631.0
3802.0
3660.0
3665.0
3641.0
2026.0
2069.0
3749.0
3706.0
3646.0
3620.0
3643.0
3661.0
3698.0
3678.0
1999.0
3684.0
3611.0
3639.0
3630.0
3654.0
3659.0
3650.0
3601.0
1945.0
1962.0
3608.0
3662.0
3671.0
3665.0
3664.0
3666.0
3620.0
3621.0
1974.0
3660.0
3671.0
3537.0
3556.0
3550.0
3514.0
3518.0
3540.0
1981.0
1917.0
