3.0
2.0
2.0
2.0
2.0
2.0
2.0
2.0
2.0
2.0
22.0
21.0
12.0
12.0
11.0
11.0
11.0
12.0
20.0
20.0
109.0
109.0
109.0
109.0
108.0
108.0
193.0
195.0
192.0
194.0
109.0
108.0
109.0
97.0
107.0
107.0
205.0
205.0
136.0
137.0
103.0
119.0
119.0
118.0
118.0
119.0
87.0
107.0
107.0
107.0
108.0
108.0
108.0
107.0
87.0
195.0
195.0
107.0
107.0
107.0
779.0
779.0
669.0
778.0
659.0
730.0
784.0
789.0
788.0
812.0
717.0
719.0
772.0
770.0
771.0
717.0
761.0
759.0
703.0
760.0
717.0
716.0
772.0
771.0
714.0
773.0
717.0
771.0
770.0
804.0
740.0
741.0
736.0
804.0
804.0
801.0
742.0
790.0
791.0
774.0
720.0
719.0
717.0
716.0
775.0
772.0
771.0
772.0
770.0
774.0
705.0
703.0
703.0
715.0
772.0
772.0
772.0
773.0
772.0
772.0
718.0
716.0
717.0
706.0
759.0
762.0
760.0
771.0
770.0
774.0
716.0
715.0
715.0
747.0
806.0
805.0
805.0
798.0
793.0
798.0
747.0
740.0
732.0
719.0
785.0
785.0
784.0
795.0
783.0
790.0
751.0
749.0
745.0
749.0
766.0
763.0
767.0
763.0
762.0
729.0
775.0
727.0
718.0
719.0
773.0
773.0
773.0
773.0
776.0
710.0
706.0
763.0
706.0
706.0
770.0
774.0
771.0
742.0
803.0
744.0
803.0
803.0
743.0
747.0
786.0
795.0
800.0
708.0
708.0
760.0
762.0
705.0
763.0
713.0
717.0
718.0
768.0
768.0
763.0
721.0
761.0
761.0
754.0
722.0
705.0
710.0
703.0
699.0
698.0
697.0
21.0
12.0
21.0
12.0
12.0
12.0
13.0
16.0
21.0
21.0
11.0
11.0
12.0
9.0
7.0
1.0
2.0
2.0
2.0
3.0
12.0
11.0
22.0
11.0
21.0
20.0
21.0
11.0
12.0
11.0
11.0
8.0
9.0
8.0
1.0
2.0
2.0
1.0
1.0
1.0
11.0
11.0
11.0
10.0
19.0
11.0
19.0
11.0
20.0
19.0
9.0
9.0
9.0
2.0
2.0
1.0
2.0
1.0
1.0
1.0
11.0
11.0
11.0
11.0
11.0
11.0
20.0
20.0
19.0
20.0
9.0
8.0
8.0
1.0
1.0
1.0
2.0
1.0
2.0
1.0
11.0
11.0
11.0
11.0
12.0
11.0
18.0
17.0
19.0
19.0
8.0
1.0
1.0
1.0
2.0
1.0
2.0
1.0
1.0
1.0
109.0
108.0
109.0
108.0
109.0
108.0
87.0
108.0
217.0
217.0
108.0
129.0
129.0
126.0
125.0
120.0
120.0
119.0
2.0
1.0
88.0
107.0
193.0
193.0
108.0
107.0
107.0
107.0
108.0
107.0
87.0
104.0
104.0
104.0
84.0
97.0
98.0
97.0
1.0
1.0
87.0
119.0
119.0
87.0
107.0
107.0
107.0
107.0
107.0
107.0
86.0
87.0
105.0
97.0
97.0
97.0
97.0
75.0
1.0
2.0
107.0
107.0
89.0
91.0
107.0
92.0
107.0
106.0
107.0
107.0
91.0
104.0
104.0
85.0
97.0
66.0
84.0
1.0
2.0
2.0
107.0
107.0
107.0
107.0
108.0
107.0
93.0
94.0
93.0
107.0
104.0
75.0
97.0
75.0
84.0
1.0
98.0
2.0
1.0
1.0
109.0
95.0
94.0
108.0
108.0
108.0
94.0
108.0
109.0
108.0
107.0
94.0
94.0
104.0
103.0
98.0
85.0
97.0
2.0
2.0
116.0
114.0
94.0
115.0
104.0
105.0
116.0
116.0
116.0
116.0
106.0
105.0
104.0
105.0
86.0
85.0
98.0
97.0
2.0
1.0
107.0
107.0
94.0
93.0
107.0
107.0
107.0
92.0
107.0
108.0
104.0
92.0
105.0
84.0
98.0
98.0
84.0
75.0
1.0
1.0
107.0
107.0
94.0
93.0
107.0
107.0
107.0
93.0
107.0
107.0
92.0
90.0
105.0
97.0
97.0
65.0
98.0
2.0
1.0
1.0
107.0
107.0
107.0
95.0
93.0
93.0
107.0
107.0
107.0
107.0
105.0
76.0
97.0
66.0
84.0
1.0
84.0
1.0
2.0
1.0
108.0
108.0
109.0
108.0
108.0
93.0
109.0
108.0
95.0
94.0
107.0
107.0
107.0
104.0
91.0
97.0
98.0
97.0
1.0
2.0
94.0
94.0
94.0
108.0
108.0
107.0
109.0
107.0
108.0
107.0
93.0
92.0
91.0
113.0
106.0
106.0
106.0
106.0
2.0
2.0
104.0
105.0
116.0
116.0
105.0
107.0
107.0
107.0
107.0
107.0
91.0
93.0
104.0
98.0
84.0
85.0
86.0
76.0
2.0
1.0
107.0
107.0
107.0
107.0
107.0
107.0
93.0
107.0
93.0
92.0
105.0
104.0
104.0
97.0
97.0
76.0
85.0
1.0
1.0
1.0
94.0
93.0
107.0
107.0
106.0
106.0
107.0
107.0
108.0
93.0
91.0
67.0
97.0
76.0
98.0
1.0
85.0
2.0
1.0
1.0
108.0
108.0
108.0
95.0
108.0
94.0
109.0
108.0
94.0
108.0
95.0
108.0
108.0
105.0
103.0
85.0
98.0
97.0
3.0
1.0
93.0
94.0
108.0
93.0
108.0
107.0
108.0
108.0
109.0
107.0
94.0
91.0
91.0
105.0
98.0
97.0
98.0
97.0
1.0
1.0
93.0
107.0
133.0
94.0
118.0
132.0
133.0
134.0
133.0
133.0
116.0
118.0
130.0
98.0
85.0
98.0
98.0
76.0
2.0
1.0
107.0
107.0
93.0
94.0
92.0
107.0
107.0
107.0
107.0
110.0
105.0
104.0
94.0
84.0
85.0
76.0
97.0
1.0
1.0
1.0
107.0
107.0
107.0
93.0
107.0
107.0
93.0
94.0
107.0
106.0
103.0
75.0
126.0
106.0
86.0
1.0
86.0
1.0
1.0
1.0
764.0
763.0
763.0
757.0
1028.0
764.0
730.0
715.0
785.0
1117.0
735.0
735.0
738.0
701.0
698.0
724.0
724.0
693.0
627.0
567.0
736.0
740.0
743.0
738.0
741.0
741.0
742.0
735.0
730.0
730.0
757.0
768.0
745.0
767.0
752.0
738.0
754.0
738.0
376.0
378.0
768.0
768.0
760.0
766.0
762.0
763.0
767.0
766.0
763.0
771.0
736.0
738.0
738.0
736.0
740.0
746.0
738.0
445.0
371.0
373.0
736.0
745.0
761.0
745.0
754.0
743.0
753.0
750.0
779.0
781.0
743.0
747.0
773.0
738.0
741.0
435.0
728.0
362.0
374.0
373.0
747.0
749.0
754.0
763.0
765.0
761.0
763.0
753.0
784.0
788.0
818.0
740.0
757.0
784.0
798.0
410.0
804.0
390.0
365.0
363.0
788.0
754.0
750.0
753.0
758.0
743.0
776.0
770.0
773.0
770.0
743.0
734.0
731.0
730.0
738.0
735.0
740.0
743.0
364.0
364.0
749.0
751.0
744.0
750.0
747.0
742.0
731.0
728.0
735.0
733.0
746.0
742.0
739.0
743.0
732.0
731.0
770.0
763.0
376.0
378.0
770.0
769.0
767.0
760.0
774.0
769.0
760.0
762.0
733.0
745.0
742.0
742.0
743.0
731.0
733.0
735.0
733.0
440.0
373.0
376.0
729.0
733.0
729.0
732.0
732.0
733.0
728.0
741.0
744.0
741.0
744.0
753.0
743.0
741.0
747.0
445.0
736.0
364.0
363.0
363.0
741.0
748.0
754.0
746.0
744.0
742.0
749.0
751.0
776.0
773.0
757.0
732.0
763.0
737.0
748.0
396.0
763.0
395.0
366.0
360.0
745.0
748.0
749.0
742.0
741.0
744.0
743.0
747.0
741.0
742.0
728.0
726.0
725.0
726.0
725.0
719.0
717.0
720.0
361.0
360.0
741.0
740.0
740.0
740.0
740.0
739.0
739.0
741.0
741.0
741.0
739.0
737.0
742.0
741.0
735.0
730.0
731.0
734.0
379.0
371.0
764.0
769.0
761.0
757.0
764.0
761.0
757.0
761.0
757.0
764.0
749.0
742.0
739.0
734.0
736.0
736.0
731.0
443.0
372.0
374.0
739.0
734.0
735.0
736.0
734.0
733.0
741.0
746.0
753.0
741.0
739.0
744.0
745.0
745.0
738.0
443.0
726.0
365.0
361.0
364.0
748.0
743.0
741.0
748.0
743.0
748.0
746.0
747.0
742.0
776.0
770.0
745.0
759.0
735.0
766.0
401.0
759.0
400.0
396.0
365.0
741.0
756.0
749.0
762.0
766.0
750.0
754.0
762.0
783.0
757.0
767.0
755.0
772.0
757.0
752.0
732.0
737.0
755.0
384.0
369.0
738.0
736.0
741.0
737.0
739.0
736.0
738.0
736.0
739.0
728.0
739.0
737.0
736.0
738.0
732.0
730.0
731.0
729.0
372.0
371.0
763.0
760.0
765.0
768.0
765.0
761.0
759.0
758.0
755.0
763.0
740.0
736.0
736.0
737.0
733.0
730.0
732.0
443.0
370.0
370.0
728.0
728.0
728.0
727.0
727.0
726.0
728.0
727.0
728.0
732.0
749.0
747.0
747.0
740.0
755.0
452.0
740.0
382.0
381.0
381.0
749.0
747.0
739.0
742.0
739.0
739.0
738.0
738.0
738.0
770.0
765.0
734.0
749.0
731.0
752.0
392.0
751.0
397.0
391.0
360.0
728.0
737.0
741.0
747.0
741.0
746.0
741.0
746.0
747.0
746.0
739.0
727.0
727.0
731.0
723.0
725.0
717.0
726.0
366.0
363.0
741.0
737.0
745.0
736.0
743.0
743.0
739.0
739.0
742.0
738.0
739.0
737.0
742.0
755.0
741.0
733.0
731.0
732.0
364.0
360.0
773.0
773.0
763.0
765.0
762.0
759.0
762.0
759.0
760.0
760.0
738.0
738.0
737.0
731.0
732.0
732.0
732.0
442.0
373.0
371.0
727.0
729.0
727.0
727.0
728.0
727.0
728.0
727.0
734.0
740.0
737.0
740.0
748.0
735.0
733.0
446.0
735.0
372.0
366.0
362.0
747.0
747.0
751.0
749.0
744.0
747.0
742.0
750.0
747.0
774.0
767.0
731.0
759.0
736.0
749.0
393.0
761.0
398.0
397.0
360.0
731.0
735.0
729.0
741.0
743.0
743.0
741.0
743.0
742.0
741.0
746.0
749.0
743.0
730.0
731.0
736.0
737.0
724.0
365.0
363.0
765.0
771.0
763.0
762.0
769.0
786.0
801.0
765.0
773.0
786.0
764.0
764.0
737.0
736.0
730.0
749.0
750.0
824.0
367.0
380.0
759.0
780.0
777.0
765.0
759.0
783.0
759.0
781.0
771.0
806.0
748.0
757.0
754.0
741.0
735.0
738.0
755.0
449.0
375.0
382.0
727.0
727.0
735.0
733.0
733.0
728.0
734.0
728.0
728.0
734.0
738.0
737.0
742.0
737.0
731.0
444.0
735.0
372.0
374.0
374.0
737.0
739.0
744.0
742.0
739.0
738.0
744.0
743.0
738.0
742.0
763.0
732.0
763.0
739.0
753.0
397.0
757.0
397.0
399.0
398.0
733.0
743.0
738.0
747.0
743.0
745.0
746.0
757.0
740.0
750.0
741.0
737.0
728.0
726.0
724.0
727.0
727.0
735.0
361.0
367.0
741.0
741.0
753.0
746.0
741.0
740.0
743.0
748.0
749.0
746.0
741.0
738.0
744.0
749.0
735.0
734.0
733.0
737.0
363.0
364.0
783.0
784.0
763.0
764.0
767.0
765.0
760.0
764.0
762.0
769.0
744.0
742.0
736.0
730.0
735.0
735.0
731.0
439.0
359.0
362.0
738.0
744.0
728.0
735.0
735.0
727.0
728.0
752.0
748.0
741.0
737.0
745.0
740.0
738.0
745.0
441.0
730.0
361.0
364.0
365.0
741.0
741.0
746.0
745.0
740.0
745.0
741.0
744.0
746.0
740.0
759.0
732.0
764.0
735.0
753.0
399.0
757.0
403.0
395.0
396.0
735.0
732.0
734.0
743.0
737.0
737.0
743.0
743.0
737.0
742.0
743.0
747.0
743.0
725.0
723.0
718.0
725.0
720.0
363.0
361.0
753.0
744.0
737.0
743.0
749.0
741.0
738.0
742.0
746.0
741.0
744.0
735.0
743.0
747.0
751.0
741.0
742.0
745.0
372.0
372.0
782.0
773.0
785.0
771.0
782.0
778.0
775.0
757.0
757.0
755.0
744.0
738.0
745.0
732.0
738.0
737.0
737.0
439.0
372.0
373.0
728.0
728.0
727.0
735.0
729.0
734.0
728.0
733.0
734.0
744.0
745.0
742.0
752.0
739.0
744.0
448.0
737.0
376.0
387.0
365.0
752.0
750.0
750.0
749.0
746.0
746.0
746.0
746.0
749.0
749.0
757.0
734.0
756.0
734.0
748.0
395.0
749.0
389.0
393.0
391.0
728.0
734.0
750.0
740.0
754.0
753.0
750.0
754.0
741.0
744.0
742.0
744.0
743.0
738.0
743.0
741.0
730.0
730.0
363.0
360.0
741.0
744.0
741.0
741.0
749.0
741.0
746.0
749.0
745.0
745.0
741.0
738.0
739.0
737.0
736.0
730.0
736.0
736.0
376.0
372.0
771.0
766.0
753.0
767.0
755.0
765.0
764.0
764.0
771.0
764.0
743.0
745.0
736.0
729.0
734.0
731.0
736.0
440.0
373.0
374.0
727.0
733.0
733.0
735.0
734.0
728.0
727.0
726.0
729.0
744.0
743.0
740.0
745.0
734.0
735.0
441.0
729.0
372.0
370.0
363.0
735.0
739.0
740.0
745.0
740.0
747.0
745.0
745.0
746.0
739.0
760.0
727.0
749.0
736.0
759.0
395.0
756.0
401.0
393.0
395.0
738.0
746.0
744.0
746.0
741.0
741.0
746.0
750.0
741.0
747.0
750.0
738.0
736.0
729.0
725.0
720.0
720.0
731.0
362.0
364.0
753.0
759.0
759.0
762.0
761.0
751.0
752.0
753.0
751.0
758.0
739.0
743.0
743.0
741.0
743.0
729.0
729.0
729.0
360.0
363.0
775.0
776.0
767.0
771.0
772.0
763.0
763.0
756.0
762.0
766.0
745.0
748.0
762.0
750.0
742.0
738.0
741.0
448.0
370.0
376.0
762.0
759.0
753.0
745.0
733.0
741.0
740.0
742.0
738.0
740.0
731.0
735.0
735.0
727.0
730.0
441.0
724.0
370.0
364.0
363.0
742.0
740.0
740.0
736.0
736.0
737.0
735.0
736.0
742.0
772.0
770.0
744.0
760.0
733.0
755.0
394.0
750.0
395.0
391.0
363.0
729.0
728.0
746.0
746.0
739.0
745.0
746.0
746.0
739.0
739.0
740.0
741.0
735.0
731.0
725.0
726.0
725.0
726.0
360.0
361.0
740.0
737.0
739.0
738.0
745.0
744.0
739.0
744.0
744.0
744.0
742.0
738.0
737.0
738.0
741.0
736.0
734.0
741.0
373.0
378.0
765.0
768.0
761.0
764.0
767.0
759.0
761.0
769.0
761.0
771.0
742.0
746.0
741.0
734.0
731.0
729.0
735.0
443.0
373.0
375.0
733.0
733.0
733.0
732.0
726.0
728.0
726.0
726.0
726.0
743.0
740.0
742.0
742.0
727.0
735.0
440.0
728.0
371.0
371.0
363.0
736.0
737.0
745.0
746.0
744.0
744.0
749.0
743.0
745.0
740.0
755.0
726.0
746.0
732.0
752.0
391.0
753.0
391.0
392.0
389.0
743.0
736.0
745.0
737.0
739.0
740.0
740.0
746.0
746.0
747.0
747.0
727.0
734.0
725.0
723.0
717.0
718.0
723.0
365.0
364.0
755.0
737.0
745.0
744.0
746.0
738.0
738.0
738.0
739.0
744.0
746.0
737.0
742.0
743.0
730.0
735.0
729.0
731.0
361.0
373.0
772.0
764.0
766.0
760.0
766.0
765.0
760.0
765.0
761.0
760.0
737.0
743.0
737.0
738.0
736.0
736.0
730.0
442.0
361.0
360.0
739.0
739.0
726.0
734.0
733.0
737.0
746.0
746.0
738.0
745.0
757.0
757.0
761.0
751.0
745.0
456.0
738.0
378.0
376.0
368.0
754.0
749.0
747.0
754.0
753.0
755.0
752.0
746.0
744.0
775.0
771.0
743.0
752.0
726.0
746.0
395.0
754.0
397.0
391.0
366.0
733.0
740.0
744.0
747.0
750.0
739.0
742.0
746.0
741.0
742.0
738.0
740.0
730.0
725.0
723.0
720.0
717.0
719.0
360.0
360.0
739.0
737.0
737.0
738.0
738.0
737.0
740.0
737.0
737.0
739.0
741.0
736.0
736.0
738.0
732.0
761.0
762.0
761.0
373.0
373.0
758.0
765.0
755.0
763.0
764.0
762.0
760.0
729.0
734.0
726.0
740.0
737.0
736.0
729.0
742.0
731.0
732.0
442.0
371.0
372.0
730.0
728.0
736.0
735.0
729.0
734.0
734.0
734.0
733.0
744.0
750.0
748.0
740.0
734.0
733.0
446.0
743.0
373.0
377.0
362.0
739.0
746.0
739.0
741.0
740.0
745.0
741.0
738.0
738.0
771.0
756.0
728.0
748.0
726.0
746.0
389.0
748.0
388.0
388.0
360.0
739.0
742.0
746.0
747.0
750.0
743.0
745.0
741.0
747.0
744.0
726.0
727.0
737.0
734.0
723.0
725.0
723.0
720.0
366.0
361.0
740.0
743.0
741.0
740.0
742.0
739.0
740.0
741.0
741.0
745.0
739.0
737.0
742.0
737.0
734.0
731.0
730.0
734.0
361.0
362.0
770.0
775.0
763.0
764.0
759.0
766.0
762.0
757.0
766.0
758.0
736.0
739.0
742.0
731.0
734.0
733.0
729.0
440.0
371.0
370.0
727.0
728.0
726.0
727.0
726.0
738.0
741.0
737.0
741.0
742.0
736.0
736.0
736.0
730.0
729.0
429.0
717.0
361.0
365.0
366.0
740.0
739.0
739.0
738.0
739.0
738.0
739.0
738.0
738.0
779.0
798.0
766.0
797.0
764.0
793.0
414.0
802.0
412.0
407.0
377.0
796.0
789.0
767.0
753.0
755.0
769.0
751.0
768.0
745.0
764.0
750.0
728.0
756.0
736.0
737.0
756.0
733.0
752.0
360.0
373.0
742.0
742.0
746.0
746.0
749.0
731.0
729.0
730.0
732.0
728.0
740.0
737.0
738.0
737.0
735.0
758.0
761.0
763.0
374.0
372.0
761.0
771.0
767.0
759.0
760.0
759.0
766.0
729.0
730.0
731.0
745.0
748.0
740.0
732.0
737.0
738.0
739.0
443.0
372.0
372.0
730.0
730.0
730.0
731.0
729.0
729.0
741.0
741.0
741.0
745.0
738.0
737.0
738.0
734.0
732.0
442.0
718.0
362.0
360.0
361.0
738.0
738.0
738.0
737.0
738.0
767.0
770.0
770.0
775.0
774.0
751.0
726.0
748.0
723.0
719.0
362.0
686.0
364.0
360.0
364.0
