6.0
7.0
7.0
4.0
4.0
4.0
4.0
5.0
6.0
6.0
8.0
7.0
5.0
5.0
5.0
5.0
5.0
5.0
7.0
8.0
26.0
26.0
26.0
26.0
26.0
25.0
45.0
46.0
46.0
44.0
147.0
146.0
146.0
146.0
146.0
146.0
249.0
248.0
250.0
250.0
235.0
234.0
214.0
234.0
235.0
237.0
379.0
378.0
270.0
269.0
191.0
234.0
234.0
233.0
234.0
242.0
234.0
191.0
191.0
234.0
234.0
235.0
233.0
235.0
233.0
271.0
190.0
289.0
233.0
233.0
233.0
233.0
233.0
236.0
237.0
350.0
198.0
237.0
350.0
237.0
238.0
237.0
237.0
233.0
233.0
191.0
233.0
341.0
190.0
233.0
234.0
234.0
234.0
235.0
235.0
341.0
234.0
190.0
232.0
232.0
234.0
233.0
233.0
233.0
341.0
190.0
233.0
342.0
233.0
233.0
233.0
236.0
237.0
234.0
191.0
237.0
350.0
236.0
236.0
236.0
237.0
236.0
236.0
350.0
199.0
234.0
233.0
233.0
233.0
233.0
234.0
190.0
234.0
341.0
342.0
233.0
191.0
233.0
233.0
233.0
2377.0
2454.0
2456.0
2349.0
2460.0
2273.0
2408.0
3773.0
2418.0
3785.0
4909.0
5001.0
5003.0
4924.0
4984.0
5009.0
4983.0
5124.0
5080.0
4993.0
5012.0
4951.0
4948.0
4935.0
4976.0
4935.0
4993.0
4972.0
4992.0
5102.0
5063.0
5071.0
5047.0
5019.0
5090.0
4961.0
4950.0
4984.0
4998.0
5044.0
5029.0
5027.0
5018.0
5032.0
5035.0
5038.0
4856.0
4843.0
4999.0
4993.0
4844.0
4992.0
4979.0
4826.0
5.0
5.0
5.0
8.0
8.0
5.0
5.0
5.0
8.0
7.0
4.0
4.0
4.0
4.0
4.0
5.0
7.0
7.0
7.0
6.0
5.0
5.0
5.0
4.0
4.0
4.0
4.0
4.0
4.0
3.0
4.0
6.0
6.0
4.0
7.0
7.0
5.0
4.0
4.0
4.0
5.0
4.0
6.0
6.0
4.0
4.0
7.0
7.0
4.0
4.0
4.0
4.0
4.0
4.0
4.0
4.0
4.0
4.0
7.0
5.0
6.0
7.0
4.0
4.0
5.0
5.0
4.0
4.0
7.0
4.0
5.0
4.0
4.0
7.0
4.0
5.0
5.0
4.0
3.0
3.0
4.0
4.0
4.0
4.0
7.0
7.0
7.0
4.0
4.0
6.0
4.0
4.0
4.0
4.0
3.0
4.0
4.0
4.0
4.0
5.0
45.0
46.0
46.0
26.0
25.0
26.0
25.0
26.0
26.0
7.0
44.0
25.0
25.0
25.0
25.0
24.0
26.0
44.0
43.0
5.0
25.0
25.0
44.0
26.0
25.0
25.0
25.0
44.0
25.0
4.0
24.0
25.0
24.0
25.0
25.0
44.0
37.0
35.0
44.0
4.0
25.0
25.0
25.0
25.0
25.0
25.0
20.0
24.0
26.0
4.0
24.0
25.0
25.0
25.0
43.0
25.0
43.0
21.0
24.0
3.0
25.0
25.0
25.0
25.0
25.0
25.0
20.0
43.0
25.0
4.0
24.0
25.0
25.0
25.0
24.0
24.0
19.0
42.0
24.0
4.0
25.0
25.0
20.0
25.0
25.0
25.0
25.0
44.0
20.0
4.0
44.0
25.0
25.0
24.0
24.0
25.0
25.0
24.0
20.0
3.0
127.0
128.0
128.0
129.0
112.0
129.0
128.0
175.0
105.0
7.0
167.0
105.0
104.0
127.0
128.0
128.0
128.0
129.0
128.0
4.0
127.0
115.0
126.0
125.0
144.0
143.0
144.0
143.0
143.0
4.0
144.0
126.0
146.0
110.0
110.0
128.0
127.0
128.0
127.0
4.0
127.0
129.0
110.0
114.0
112.0
126.0
117.0
124.0
123.0
4.0
122.0
123.0
123.0
114.0
114.0
114.0
122.0
114.0
121.0
3.0
121.0
121.0
120.0
115.0
120.0
116.0
116.0
119.0
118.0
3.0
120.0
118.0
118.0
118.0
118.0
117.0
117.0
117.0
22.0
3.0
118.0
118.0
119.0
118.0
118.0
118.0
119.0
119.0
118.0
3.0
118.0
119.0
118.0
118.0
118.0
118.0
118.0
22.0
22.0
3.0
225.0
227.0
226.0
226.0
226.0
235.0
234.0
232.0
231.0
4.0
230.0
221.0
231.0
229.0
248.0
222.0
229.0
228.0
218.0
4.0
219.0
229.0
217.0
229.0
229.0
219.0
219.0
228.0
216.0
3.0
218.0
228.0
228.0
218.0
228.0
231.0
219.0
218.0
216.0
3.0
223.0
216.0
223.0
223.0
217.0
216.0
219.0
215.0
217.0
3.0
216.0
217.0
217.0
215.0
216.0
220.0
221.0
221.0
223.0
3.0
222.0
221.0
221.0
221.0
221.0
221.0
219.0
216.0
216.0
3.0
217.0
216.0
217.0
216.0
215.0
219.0
215.0
216.0
22.0
3.0
222.0
215.0
217.0
217.0
217.0
216.0
216.0
216.0
216.0
3.0
217.0
216.0
216.0
216.0
220.0
216.0
216.0
22.0
22.0
3.0
217.0
223.0
217.0
219.0
218.0
216.0
218.0
218.0
238.0
4.0
237.0
237.0
237.0
238.0
237.0
237.0
236.0
239.0
236.0
3.0
216.0
216.0
217.0
216.0
216.0
216.0
217.0
216.0
217.0
4.0
215.0
215.0
217.0
216.0
216.0
216.0
217.0
216.0
217.0
3.0
216.0
216.0
216.0
216.0
216.0
216.0
217.0
217.0
216.0
3.0
216.0
216.0
216.0
216.0
216.0
216.0
216.0
216.0
221.0
3.0
223.0
224.0
224.0
224.0
224.0
223.0
224.0
224.0
223.0
3.0
220.0
216.0
217.0
216.0
216.0
216.0
216.0
216.0
22.0
3.0
217.0
216.0
219.0
216.0
217.0
217.0
217.0
218.0
219.0
4.0
216.0
215.0
216.0
218.0
216.0
218.0
215.0
23.0
22.0
3.0
219.0
218.0
219.0
216.0
217.0
217.0
219.0
216.0
218.0
4.0
216.0
218.0
218.0
218.0
219.0
222.0
221.0
224.0
221.0
4.0
223.0
222.0
224.0
223.0
224.0
218.0
216.0
216.0
218.0
3.0
216.0
218.0
217.0
218.0
217.0
218.0
216.0
217.0
216.0
3.0
219.0
216.0
218.0
216.0
218.0
218.0
219.0
216.0
216.0
3.0
216.0
218.0
216.0
219.0
216.0
219.0
219.0
218.0
217.0
3.0
216.0
221.0
242.0
240.0
242.0
240.0
241.0
242.0
241.0
3.0
240.0
239.0
240.0
219.0
215.0
218.0
216.0
218.0
22.0
3.0
218.0
216.0
218.0
217.0
216.0
218.0
216.0
216.0
218.0
3.0
218.0
218.0
216.0
218.0
215.0
215.0
217.0
22.0
22.0
3.0
219.0
217.0
216.0
219.0
217.0
218.0
219.0
216.0
217.0
4.0
218.0
218.0
216.0
217.0
218.0
217.0
218.0
218.0
216.0
3.0
219.0
222.0
221.0
223.0
221.0
223.0
221.0
222.0
222.0
3.0
223.0
218.0
218.0
216.0
218.0
216.0
218.0
216.0
217.0
3.0
216.0
218.0
220.0
220.0
216.0
220.0
216.0
216.0
221.0
3.0
221.0
216.0
234.0
216.0
221.0
217.0
220.0
218.0
215.0
3.0
219.0
219.0
216.0
217.0
219.0
217.0
217.0
219.0
219.0
4.0
222.0
221.0
222.0
221.0
221.0
220.0
221.0
220.0
24.0
4.0
223.0
217.0
217.0
216.0
216.0
216.0
216.0
217.0
218.0
3.0
216.0
216.0
217.0
216.0
215.0
216.0
215.0
22.0
22.0
3.0
217.0
218.0
218.0
216.0
218.0
218.0
217.0
218.0
217.0
4.0
216.0
216.0
216.0
218.0
216.0
217.0
217.0
217.0
217.0
3.0
216.0
216.0
217.0
244.0
244.0
243.0
244.0
244.0
243.0
3.0
244.0
246.0
243.0
244.0
216.0
217.0
216.0
216.0
217.0
3.0
216.0
216.0
217.0
216.0
216.0
217.0
217.0
216.0
216.0
3.0
216.0
216.0
216.0
216.0
216.0
216.0
216.0
217.0
216.0
3.0
216.0
216.0
217.0
216.0
216.0
216.0
216.0
216.0
217.0
3.0
217.0
216.0
217.0
221.0
221.0
220.0
221.0
221.0
22.0
3.0
222.0
222.0
221.0
222.0
226.0
217.0
216.0
219.0
216.0
3.0
217.0
218.0
217.0
216.0
215.0
215.0
215.0
22.0
22.0
3.0
217.0
217.0
217.0
218.0
218.0
217.0
216.0
218.0
217.0
4.0
217.0
216.0
216.0
216.0
216.0
216.0
217.0
216.0
216.0
3.0
217.0
217.0
216.0
216.0
216.0
217.0
217.0
222.0
221.0
3.0
222.0
222.0
221.0
222.0
222.0
221.0
221.0
222.0
218.0
3.0
216.0
216.0
217.0
215.0
216.0
216.0
216.0
216.0
216.0
3.0
218.0
216.0
217.0
218.0
215.0
216.0
218.0
218.0
216.0
3.0
219.0
218.0
216.0
217.0
217.0
216.0
216.0
217.0
217.0
3.0
215.0
218.0
218.0
217.0
216.0
216.0
246.0
248.0
22.0
3.0
249.0
248.0
248.0
247.0
249.0
247.0
248.0
249.0
217.0
3.0
217.0
216.0
217.0
216.0
216.0
216.0
216.0
23.0
22.0
3.0
217.0
216.0
217.0
216.0
217.0
217.0
216.0
219.0
216.0
4.0
218.0
216.0
216.0
217.0
216.0
216.0
217.0
216.0
217.0
3.0
216.0
217.0
219.0
217.0
216.0
216.0
217.0
216.0
216.0
3.0
217.0
221.0
223.0
222.0
221.0
222.0
222.0
222.0
222.0
4.0
221.0
222.0
216.0
218.0
216.0
217.0
216.0
216.0
216.0
3.0
216.0
216.0
216.0
217.0
217.0
216.0
215.0
216.0
216.0
3.0
216.0
216.0
216.0
216.0
216.0
217.0
216.0
216.0
217.0
3.0
216.0
216.0
216.0
216.0
216.0
216.0
216.0
216.0
22.0
3.0
217.0
216.0
216.0
220.0
220.0
220.0
222.0
220.0
223.0
3.0
223.0
222.0
222.0
221.0
219.0
217.0
216.0
22.0
22.0
3.0
218.0
216.0
218.0
217.0
217.0
217.0
217.0
217.0
217.0
4.0
217.0
217.0
216.0
217.0
217.0
216.0
216.0
216.0
217.0
4.0
216.0
216.0
216.0
216.0
217.0
216.0
217.0
216.0
216.0
3.0
216.0
216.0
216.0
251.0
251.0
250.0
252.0
250.0
250.0
3.0
250.0
252.0
251.0
250.0
217.0
220.0
218.0
219.0
217.0
3.0
219.0
220.0
217.0
216.0
216.0
217.0
219.0
217.0
216.0
3.0
216.0
220.0
219.0
216.0
216.0
216.0
217.0
219.0
217.0
3.0
216.0
217.0
219.0
218.0
218.0
220.0
219.0
231.0
23.0
3.0
226.0
234.0
231.0
226.0
241.0
232.0
229.0
234.0
227.0
3.0
229.0
226.0
235.0
238.0
227.0
235.0
235.0
24.0
23.0
3.0
234.0
225.0
225.0
228.0
225.0
234.0
223.0
231.0
228.0
4.0
229.0
220.0
225.0
220.0
218.0
217.0
216.0
216.0
216.0
3.0
216.0
216.0
217.0
216.0
216.0
222.0
217.0
216.0
217.0
4.0
216.0
216.0
216.0
217.0
217.0
217.0
220.0
220.0
222.0
4.0
220.0
221.0
221.0
221.0
221.0
222.0
221.0
219.0
217.0
3.0
217.0
217.0
216.0
216.0
215.0
216.0
216.0
216.0
217.0
3.0
217.0
215.0
216.0
216.0
216.0
216.0
217.0
217.0
216.0
3.0
217.0
217.0
217.0
217.0
217.0
215.0
215.0
216.0
22.0
3.0
217.0
217.0
216.0
217.0
217.0
216.0
217.0
216.0
217.0
3.0
217.0
255.0
257.0
256.0
256.0
255.0
257.0
23.0
22.0
3.0
257.0
256.0
256.0
258.0
217.0
219.0
218.0
217.0
217.0
4.0
216.0
217.0
217.0
216.0
216.0
217.0
217.0
217.0
216.0
3.0
216.0
216.0
218.0
218.0
217.0
216.0
216.0
216.0
217.0
3.0
217.0
216.0
216.0
217.0
217.0
216.0
221.0
216.0
219.0
3.0
217.0
218.0
217.0
221.0
222.0
222.0
222.0
222.0
222.0
4.0
222.0
221.0
222.0
221.0
217.0
217.0
216.0
216.0
216.0
4.0
216.0
216.0
217.0
217.0
215.0
216.0
216.0
216.0
216.0
3.0
218.0
215.0
217.0
217.0
217.0
216.0
216.0
215.0
23.0
3.0
216.0
216.0
218.0
215.0
217.0
216.0
217.0
217.0
217.0
4.0
217.0
218.0
216.0
217.0
216.0
217.0
220.0
22.0
23.0
3.0
2382.0
2390.0
2420.0
2430.0
2425.0
2384.0
2384.0
2381.0
2492.0
4.0
2376.0
2323.0
2333.0
2334.0
2325.0
2333.0
2330.0
2330.0
2325.0
3.0
2374.0
2378.0
2374.0
2389.0
2383.0
2379.0
2367.0
2398.0
2376.0
3.0
2382.0
2340.0
2343.0
2397.0
2448.0
2428.0
2394.0
2393.0
2395.0
3.0
2406.0
2390.0
2419.0
2437.0
2379.0
2383.0
2383.0
2392.0
2393.0
3.0
2378.0
2381.0
2393.0
2558.0
2405.0
2369.0
2385.0
2380.0
2400.0
4.0
2378.0
2385.0
2385.0
2392.0
2386.0
2366.0
2414.0
2419.0
2429.0
3.0
2409.0
2394.0
2392.0
2425.0
2418.0
2404.0
2432.0
2337.0
23.0
3.0
2345.0
2343.0
2333.0
2330.0
2336.0
2333.0
2342.0
2341.0
2395.0
3.0
2387.0
2391.0
2423.0
2431.0
2431.0
2381.0
2397.0
2188.0
23.0
3.0
5134.0
5017.0
5035.0
5242.0
4983.0
5019.0
4991.0
4992.0
5026.0
2669.0
4990.0
4990.0
5013.0
5067.0
5029.0
5118.0
5131.0
5105.0
5033.0
2660.0
4984.0
5023.0
4948.0
4991.0
4960.0
4989.0
4973.0
4993.0
4997.0
2583.0
4975.0
5017.0
5059.0
5084.0
5070.0
5053.0
5034.0
5124.0
5040.0
2606.0
5074.0
5098.0
5012.0
5036.0
5059.0
5059.0
5007.0
4952.0
5007.0
2645.0
5013.0
4992.0
5018.0
5024.0
5002.0
5010.0
4985.0
5049.0
5021.0
2644.0
4961.0
4969.0
4963.0
4997.0
4981.0
4977.0
4963.0
4981.0
4936.0
2567.0
4965.0
4986.0
4993.0
4988.0
4939.0
4996.0
4943.0
4994.0
2628.0
2561.0
4959.0
5065.0
5095.0
5026.0
5024.0
4994.0
5092.0
4993.0
5022.0
2631.0
4998.0
4956.0
4933.0
4937.0
4987.0
4995.0
4993.0
4732.0
2616.0
2570.0
5070.0
5105.0
5029.0
5168.0
5070.0
5069.0
5110.0
5152.0
5243.0
2672.0
5138.0
5089.0
5125.0
5101.0
5103.0
4872.0
4875.0
4929.0
4919.0
2736.0
5007.0
4999.0
5003.0
5011.0
4977.0
5013.0
4958.0
4956.0
5009.0
2617.0
5039.0
5026.0
5071.0
5066.0
5053.0
5007.0
5054.0
5060.0
5022.0
2591.0
4981.0
4951.0
4931.0
4939.0
4961.0
4957.0
4946.0
4983.0
4933.0
2707.0
5003.0
4998.0
4998.0
4986.0
4955.0
4965.0
4970.0
4968.0
4989.0
2624.0
5038.0
5074.0
5045.0
5021.0
5063.0
4979.0
5123.0
5136.0
2659.0
5095.0
4957.0
4963.0
4969.0
4964.0
5017.0
4991.0
4995.0
2636.0
2639.0
4946.0
4984.0
4980.0
5002.0
4941.0
5005.0
4957.0
4965.0
4993.0
2622.0
4981.0
4956.0
4990.0
4985.0
4977.0
4984.0
5062.0
4839.0
2670.0
2636.0
5042.0
5021.0
5036.0
5000.0
5063.0
5042.0
5041.0
5001.0
4960.0
2567.0
4944.0
4938.0
4965.0
4964.0
4984.0
4991.0
5045.0
4954.0
4960.0
2569.0
5113.0
5062.0
5024.0
4960.0
4977.0
4985.0
4965.0
4947.0
4982.0
2611.0
4985.0
5044.0
5009.0
5046.0
4982.0
4987.0
5036.0
5115.0
5013.0
2659.0
5060.0
5056.0
5041.0
4963.0
4954.0
4951.0
4968.0
4941.0
2612.0
4952.0
4994.0
5025.0
5029.0
5023.0
4974.0
4942.0
4971.0
4988.0
2616.0
4986.0
4951.0
4963.0
5020.0
5043.0
5042.0
5042.0
5057.0
2633.0
5028.0
5001.0
5023.0
5023.0
5000.0
4957.0
4997.0
5000.0
2615.0
2591.0
4994.0
4983.0
4983.0
4982.0
5051.0
5062.0
5061.0
5028.0
5028.0
2571.0
5004.0
5079.0
5067.0
5075.0
5058.0
4994.0
5023.0
4797.0
2695.0
2669.0
5020.0
4950.0
4949.0
4968.0
4975.0
4975.0
4974.0
4985.0
4983.0
2739.0
5060.0
4995.0
4963.0
4971.0
4990.0
5013.0
5014.0
5015.0
4997.0
2633.0
4990.0
5009.0
5004.0
4959.0
5016.0
4947.0
5037.0
5058.0
5029.0
2637.0
4977.0
4977.0
5004.0
4963.0
4993.0
5000.0
5045.0
5023.0
5067.0
2655.0
4948.0
4969.0
4994.0
4952.0
5087.0
5025.0
5054.0
4992.0
2583.0
4956.0
5098.0
4972.0
4946.0
5018.0
5013.0
5041.0
5111.0
5129.0
2665.0
5066.0
5221.0
5191.0
5059.0
5212.0
5064.0
5050.0
5034.0
2704.0
4970.0
4953.0
5029.0
4971.0
4981.0
4985.0
5021.0
4989.0
2592.0
2680.0
4955.0
4992.0
5011.0
4968.0
4950.0
4973.0
4960.0
4985.0
4951.0
2645.0
5031.0
4972.0
5000.0
5003.0
5062.0
5023.0
4990.0
4771.0
2704.0
2644.0
5000.0
4967.0
4989.0
4976.0
4980.0
4981.0
4950.0
5035.0
5005.0
2654.0
4954.0
4965.0
4966.0
4944.0
4943.0
4952.0
4961.0
5051.0
4959.0
2564.0
5059.0
4992.0
5049.0
4959.0
5034.0
5032.0
5082.0
5064.0
4985.0
2614.0
4978.0
5003.0
5022.0
4996.0
5034.0
5083.0
4991.0
4970.0
4946.0
2690.0
4933.0
4931.0
4987.0
4952.0
5005.0
4960.0
4958.0
2591.0
4949.0
4987.0
4993.0
4996.0
4992.0
4973.0
5008.0
4982.0
5021.0
2619.0
4967.0
4988.0
4938.0
4948.0
4943.0
4923.0
4956.0
4956.0
2605.0
4950.0
5012.0
5321.0
4980.0
4967.0
5002.0
5349.0
5011.0
2637.0
2608.0
5029.0
5125.0
4957.0
4956.0
4977.0
4956.0
4947.0
5017.0
5028.0
2564.0
5050.0
5078.0
5059.0
5055.0
5049.0
5217.0
5123.0
4854.0
2603.0
2593.0
4963.0
4979.0
5078.0
4991.0
5043.0
5060.0
5080.0
5055.0
4947.0
2570.0
5006.0
4946.0
4935.0
4960.0
4935.0
4946.0
4961.0
4962.0
4940.0
2567.0
5069.0
4953.0
5037.0
5675.0
5013.0
5652.0
5037.0
5005.0
4943.0
2664.0
4950.0
4937.0
4952.0
4951.0
4962.0
4941.0
4992.0
4957.0
4940.0
2618.0
4977.0
5007.0
4935.0
4954.0
4960.0
4951.0
5042.0
2637.0
5083.0
5022.0
5067.0
5073.0
5031.0
5008.0
5073.0
5037.0
5004.0
2650.0
5012.0
4989.0
4959.0
4955.0
4934.0
4924.0
4932.0
4968.0
2602.0
5010.0
4947.0
4947.0
4968.0
4982.0
5029.0
4982.0
5001.0
2635.0
2575.0
4951.0
4966.0
4945.0
4969.0
4959.0
4973.0
5010.0
5018.0
5019.0
2589.0
5008.0
4941.0
4985.0
4931.0
4969.0
4915.0
4909.0
4496.0
2628.0
2575.0
