5.0
5.0
4.0
4.0
4.0
4.0
4.0
4.0
4.0
3.0
13.0
12.0
564.0
563.0
563.0
564.0
563.0
563.0
562.0
563.0
563.0
563.0
2341.0
4477.0
4479.0
4475.0
4480.0
4481.0
4480.0
4492.0
12.0
12.0
577.0
578.0
573.0
572.0
564.0
564.0
584.0
584.0
572.0
572.0
2322.0
4467.0
4465.0
4488.0
4501.0
4498.0
4499.0
4490.0
12.0
12.0
573.0
573.0
572.0
562.0
564.0
592.0
590.0
593.0
562.0
576.0
2327.0
4501.0
4497.0
4553.0
4523.0
4525.0
4481.0
4470.0
13.0
13.0
569.0
571.0
569.0
597.0
598.0
598.0
563.0
563.0
563.0
572.0
2330.0
4457.0
4444.0
4460.0
4505.0
4484.0
4492.0
4483.0
11.0
12.0
585.0
581.0
582.0
564.0
562.0
562.0
574.0
573.0
573.0
564.0
2362.0
4488.0
4516.0
4520.0
4537.0
4492.0
4460.0
4460.0
12.0
12.0
573.0
562.0
583.0
582.0
583.0
579.0
580.0
581.0
564.0
563.0
2320.0
4474.0
4474.0
4499.0
4480.0
4486.0
4493.0
4491.0
12.0
12.0
573.0
562.0
562.0
584.0
584.0
584.0
563.0
562.0
562.0
573.0
2357.0
4499.0
4482.0
4480.0
4485.0
4469.0
4462.0
4482.0
11.0
11.0
575.0
562.0
582.0
582.0
582.0
562.0
563.0
561.0
578.0
579.0
2342.0
4456.0
4470.0
4491.0
4490.0
4472.0
4478.0
4465.0
4.0
4.0
555.0
555.0
555.0
581.0
581.0
581.0
556.0
563.0
565.0
565.0
2325.0
4460.0
4482.0
4474.0
4497.0
4460.0
4470.0
4421.0
4.0
4.0
531.0
532.0
557.0
557.0
558.0
531.0
533.0
542.0
544.0
545.0
2293.0
4150.0
4135.0
4123.0
4050.0
4025.0
4010.0
3938.0
12.0
12.0
12.0
12.0
13.0
12.0
12.0
10.0
4.0
4.0
13.0
13.0
12.0
12.0
13.0
13.0
12.0
10.0
4.0
4.0
590.0
590.0
590.0
592.0
590.0
591.0
590.0
587.0
4.0
4.0
590.0
590.0
565.0
563.0
563.0
563.0
562.0
562.0
4.0
4.0
563.0
562.0
563.0
563.0
575.0
574.0
575.0
572.0
5.0
4.0
574.0
574.0
574.0
574.0
575.0
575.0
582.0
581.0
5.0
4.0
585.0
584.0
583.0
582.0
584.0
590.0
583.0
583.0
5.0
5.0
581.0
583.0
582.0
581.0
584.0
580.0
580.0
578.0
5.0
5.0
579.0
579.0
582.0
583.0
582.0
582.0
582.0
580.0
4.0
4.0
582.0
582.0
582.0
583.0
564.0
564.0
564.0
562.0
5.0
4.0
564.0
564.0
564.0
564.0
564.0
564.0
571.0
570.0
4.0
4.0
571.0
572.0
572.0
572.0
573.0
571.0
571.0
569.0
4.0
4.0
2359.0
2359.0
2357.0
2357.0
2358.0
2356.0
2359.0
2353.0
1784.0
22.0
4493.0
4505.0
4509.0
4509.0
4508.0
4507.0
4507.0
4508.0
3940.0
2160.0
4495.0
4495.0
4507.0
4505.0
4505.0
4504.0
4505.0
4505.0
3941.0
2152.0
4561.0
4541.0
4543.0
4571.0
4566.0
4564.0
4563.0
4565.0
4002.0
2210.0
4492.0
4515.0
4517.0
4512.0
4531.0
4525.0
4531.0
4534.0
3976.0
2162.0
4549.0
4540.0
4526.0
4527.0
4531.0
4544.0
4538.0
4538.0
3954.0
2160.0
4542.0
4552.0
4545.0
4542.0
4554.0
4553.0
4580.0
4571.0
3980.0
2166.0
4599.0
4595.0
4607.0
4597.0
4659.0
4605.0
4608.0
4581.0
3985.0
2197.0
12.0
11.0
12.0
11.0
11.0
11.0
12.0
4.0
3.0
3.0
12.0
11.0
11.0
11.0
11.0
11.0
11.0
4.0
4.0
3.0
580.0
580.0
582.0
577.0
578.0
579.0
577.0
577.0
4.0
3.0
578.0
578.0
578.0
582.0
583.0
582.0
582.0
593.0
4.0
3.0
597.0
597.0
597.0
598.0
591.0
592.0
591.0
583.0
4.0
3.0
577.0
576.0
576.0
576.0
574.0
575.0
576.0
568.0
4.0
3.0
577.0
577.0
576.0
577.0
575.0
576.0
576.0
570.0
4.0
3.0
576.0
576.0
577.0
579.0
578.0
577.0
576.0
570.0
4.0
4.0
576.0
577.0
576.0
576.0
577.0
577.0
577.0
569.0
3.0
4.0
577.0
576.0
576.0
577.0
578.0
578.0
593.0
584.0
4.0
3.0
593.0
593.0
592.0
593.0
593.0
593.0
591.0
583.0
3.0
4.0
576.0
576.0
576.0
575.0
575.0
575.0
575.0
570.0
3.0
4.0
2407.0
2406.0
2405.0
2404.0
2408.0
2408.0
2400.0
2412.0
1836.0
4.0
4644.0
4696.0
4741.0
4741.0
4744.0
4742.0
4772.0
4735.0
4145.0
2219.0
4821.0
4817.0
4819.0
4804.0
4840.0
4839.0
4851.0
4832.0
4256.0
2303.0
4750.0
4817.0
4760.0
4594.0
4589.0
4606.0
4585.0
4586.0
4074.0
2243.0
4473.0
4465.0
4476.0
4485.0
4465.0
4478.0
4467.0
4469.0
3905.0
2140.0
4493.0
4495.0
4495.0
4498.0
4467.0
4506.0
4502.0
4502.0
3933.0
2167.0
4479.0
4486.0
4488.0
4494.0
4486.0
4485.0
4475.0
4447.0
3907.0
2138.0
4481.0
4482.0
4474.0
4475.0
4479.0
4473.0
4475.0
4479.0
3900.0
2144.0
11.0
11.0
11.0
11.0
11.0
11.0
11.0
4.0
3.0
3.0
11.0
11.0
11.0
10.0
11.0
11.0
12.0
3.0
3.0
4.0
563.0
563.0
562.0
587.0
588.0
588.0
587.0
579.0
4.0
4.0
589.0
586.0
587.0
562.0
562.0
563.0
562.0
554.0
3.0
4.0
562.0
566.0
562.0
562.0
573.0
572.0
571.0
564.0
3.0
3.0
573.0
571.0
571.0
573.0
572.0
572.0
562.0
556.0
3.0
3.0
571.0
571.0
573.0
571.0
571.0
571.0
570.0
562.0
4.0
3.0
586.0
586.0
578.0
580.0
578.0
577.0
577.0
570.0
4.0
3.0
579.0
577.0
562.0
571.0
571.0
571.0
572.0
563.0
3.0
4.0
572.0
571.0
573.0
572.0
573.0
566.0
564.0
557.0
3.0
4.0
564.0
565.0
565.0
568.0
565.0
566.0
624.0
619.0
4.0
3.0
625.0
628.0
633.0
625.0
625.0
624.0
625.0
616.0
4.0
3.0
2342.0
2343.0
2341.0
2341.0
2341.0
2349.0
2342.0
2334.0
1781.0
3.0
4489.0
4482.0
4481.0
4470.0
4475.0
4483.0
4478.0
4461.0
3900.0
2153.0
4470.0
4481.0
4485.0
4484.0
4478.0
4468.0
4471.0
4468.0
3913.0
2153.0
4492.0
4499.0
4494.0
4508.0
4504.0
4505.0
4522.0
4518.0
3944.0
2169.0
4495.0
4497.0
4496.0
4497.0
4510.0
4510.0
4515.0
4503.0
3928.0
2144.0
4508.0
4505.0
4511.0
4517.0
4510.0
4477.0
4470.0
4489.0
3915.0
2138.0
4506.0
4500.0
4501.0
4492.0
4487.0
4491.0
4494.0
4493.0
3910.0
2149.0
4509.0
4508.0
4531.0
4531.0
4536.0
4536.0
4525.0
4501.0
3934.0
2170.0
11.0
11.0
12.0
11.0
11.0
11.0
11.0
3.0
3.0
3.0
11.0
11.0
11.0
11.0
11.0
11.0
11.0
3.0
3.0
3.0
581.0
581.0
580.0
561.0
562.0
576.0
577.0
569.0
3.0
4.0
578.0
577.0
577.0
579.0
579.0
565.0
564.0
556.0
4.0
3.0
563.0
563.0
563.0
564.0
572.0
571.0
571.0
563.0
3.0
3.0
572.0
571.0
570.0
571.0
571.0
572.0
578.0
570.0
4.0
3.0
578.0
578.0
578.0
578.0
578.0
577.0
577.0
570.0
4.0
3.0
568.0
569.0
571.0
570.0
571.0
571.0
571.0
563.0
4.0
4.0
570.0
570.0
564.0
562.0
561.0
562.0
561.0
554.0
3.0
3.0
562.0
562.0
561.0
562.0
577.0
577.0
577.0
568.0
3.0
4.0
583.0
577.0
577.0
577.0
576.0
577.0
562.0
553.0
4.0
3.0
562.0
562.0
561.0
561.0
561.0
562.0
562.0
555.0
3.0
3.0
2333.0
2335.0
2331.0
2333.0
2333.0
2334.0
2335.0
2325.0
1764.0
3.0
4463.0
4480.0
4467.0
4469.0
4506.0
4463.0
4468.0
4464.0
3903.0
2139.0
4507.0
4504.0
4484.0
4505.0
4504.0
4508.0
4504.0
4511.0
3925.0
2178.0
4458.0
4465.0
4461.0
4505.0
4506.0
4498.0
4498.0
4487.0
3927.0
2141.0
4517.0
4519.0
4516.0
4525.0
4500.0
4509.0
4515.0
4502.0
3928.0
2150.0
4487.0
4485.0
4489.0
4485.0
4490.0
4503.0
4503.0
4489.0
3940.0
2136.0
4495.0
4520.0
4530.0
4540.0
4526.0
4522.0
4461.0
4475.0
3899.0
2141.0
4500.0
4484.0
4467.0
4477.0
4491.0
4487.0
4505.0
4473.0
3909.0
2142.0
11.0
11.0
11.0
11.0
11.0
11.0
11.0
3.0
3.0
3.0
11.0
11.0
11.0
11.0
12.0
11.0
11.0
3.0
3.0
3.0
586.0
586.0
587.0
585.0
566.0
567.0
565.0
558.0
4.0
3.0
565.0
565.0
565.0
572.0
570.0
571.0
571.0
565.0
3.0
3.0
572.0
571.0
571.0
571.0
577.0
578.0
578.0
570.0
3.0
3.0
578.0
578.0
578.0
580.0
579.0
578.0
563.0
565.0
3.0
3.0
574.0
572.0
573.0
571.0
572.0
571.0
574.0
564.0
3.0
4.0
572.0
562.0
562.0
562.0
562.0
562.0
563.0
555.0
4.0
3.0
562.0
562.0
578.0
576.0
577.0
577.0
577.0
569.0
3.0
3.0
576.0
577.0
577.0
576.0
562.0
562.0
562.0
555.0
4.0
3.0
562.0
563.0
562.0
562.0
562.0
562.0
572.0
564.0
3.0
3.0
572.0
573.0
572.0
572.0
572.0
571.0
572.0
564.0
3.0
3.0
2326.0
2325.0
2331.0
2328.0
2337.0
2336.0
2335.0
2327.0
1763.0
4.0
4524.0
4582.0
4562.0
4563.0
4558.0
4585.0
4557.0
4560.0
3979.0
2192.0
4522.0
4523.0
4509.0
4499.0
4509.0
4493.0
4516.0
4508.0
3943.0
2157.0
4512.0
4514.0
4507.0
4483.0
4507.0
4509.0
4486.0
4471.0
3924.0
2153.0
4510.0
4505.0
4502.0
4509.0
4493.0
4483.0
4497.0
4478.0
3935.0
2181.0
4479.0
4487.0
4484.0
4480.0
4483.0
4480.0
4488.0
4481.0
3900.0
2135.0
4487.0
4466.0
4485.0
4479.0
4488.0
4481.0
4516.0
4480.0
3912.0
2147.0
4497.0
4500.0
4505.0
4492.0
4491.0
4499.0
4494.0
4511.0
3915.0
2142.0
12.0
26.0
13.0
13.0
11.0
11.0
11.0
4.0
3.0
4.0
12.0
11.0
12.0
12.0
11.0
11.0
11.0
3.0
4.0
4.0
563.0
564.0
564.0
573.0
573.0
573.0
573.0
565.0
3.0
4.0
573.0
574.0
573.0
627.0
629.0
632.0
634.0
624.0
3.0
3.0
634.0
638.0
639.0
605.0
584.0
584.0
584.0
575.0
3.0
4.0
583.0
582.0
582.0
582.0
582.0
582.0
562.0
556.0
3.0
3.0
562.0
562.0
563.0
562.0
563.0
563.0
563.0
555.0
4.0
3.0
586.0
587.0
588.0
587.0
586.0
587.0
587.0
579.0
3.0
4.0
586.0
588.0
565.0
566.0
565.0
565.0
566.0
557.0
4.0
4.0
566.0
564.0
566.0
566.0
571.0
572.0
572.0
565.0
4.0
3.0
571.0
572.0
573.0
572.0
571.0
572.0
563.0
555.0
3.0
4.0
562.0
562.0
563.0
563.0
565.0
563.0
564.0
556.0
3.0
4.0
2360.0
2355.0
2357.0
2355.0
2355.0
2354.0
2355.0
2346.0
1789.0
4.0
4492.0
4474.0
4473.0
4492.0
4497.0
4490.0
4491.0
4483.0
3916.0
2138.0
4504.0
4506.0
4519.0
4508.0
4503.0
4517.0
4507.0
4497.0
3922.0
2156.0
4511.0
4501.0
4500.0
4501.0
4504.0
4507.0
4518.0
4496.0
3912.0
2153.0
4517.0
4513.0
4513.0
4512.0
4525.0
4535.0
4534.0
4513.0
3934.0
2158.0
4516.0
4518.0
4517.0
4522.0
4508.0
4481.0
4489.0
4479.0
3928.0
2150.0
4542.0
4557.0
4557.0
4559.0
4559.0
4562.0
4586.0
4593.0
4027.0
2204.0
4556.0
4554.0
4541.0
4540.0
4537.0
4537.0
4533.0
4501.0
3941.0
2156.0
11.0
12.0
11.0
11.0
12.0
11.0
11.0
4.0
3.0
3.0
12.0
11.0
11.0
11.0
12.0
12.0
11.0
3.0
3.0
4.0
584.0
585.0
585.0
582.0
580.0
582.0
582.0
573.0
3.0
3.0
581.0
582.0
581.0
570.0
571.0
570.0
570.0
562.0
3.0
3.0
571.0
571.0
570.0
571.0
563.0
562.0
565.0
555.0
3.0
3.0
562.0
562.0
562.0
563.0
563.0
563.0
583.0
576.0
4.0
3.0
583.0
583.0
584.0
583.0
584.0
583.0
584.0
577.0
3.0
3.0
562.0
562.0
562.0
562.0
561.0
562.0
561.0
554.0
3.0
3.0
561.0
561.0
570.0
570.0
570.0
569.0
569.0
562.0
3.0
4.0
570.0
569.0
570.0
573.0
562.0
562.0
561.0
553.0
3.0
3.0
562.0
561.0
561.0
561.0
562.0
562.0
583.0
575.0
3.0
3.0
584.0
583.0
582.0
583.0
584.0
584.0
582.0
574.0
4.0
3.0
2349.0
2344.0
2331.0
2332.0
2350.0
2350.0
2347.0
2339.0
1772.0
3.0
4483.0
4508.0
4484.0
4487.0
4485.0
4482.0
4484.0
4475.0
3911.0
2135.0
4483.0
4490.0
4477.0
4466.0
4490.0
4499.0
4499.0
4472.0
3904.0
2143.0
4522.0
4522.0
4538.0
4542.0
4544.0
4529.0
4509.0
4496.0
3948.0
2178.0
4484.0
4480.0
4481.0
4475.0
4459.0
4463.0
4459.0
4473.0
3902.0
2145.0
4504.0
4503.0
4495.0
4495.0
4504.0
4511.0
4518.0
4498.0
3941.0
2171.0
4493.0
4488.0
4514.0
4519.0
4508.0
4492.0
4505.0
4490.0
3909.0
2148.0
4489.0
4509.0
4516.0
4488.0
4492.0
4491.0
4494.0
4443.0
3891.0
2136.0
11.0
10.0
11.0
10.0
4.0
4.0
4.0
4.0
3.0
3.0
10.0
10.0
11.0
11.0
4.0
4.0
4.0
3.0
3.0
3.0
581.0
581.0
561.0
572.0
565.0
564.0
564.0
563.0
3.0
3.0
571.0
572.0
572.0
561.0
554.0
555.0
555.0
554.0
3.0
4.0
560.0
563.0
561.0
561.0
579.0
578.0
580.0
578.0
3.0
3.0
586.0
586.0
585.0
585.0
580.0
579.0
555.0
555.0
3.0
3.0
561.0
561.0
561.0
562.0
556.0
555.0
555.0
555.0
3.0
3.0
569.0
569.0
570.0
569.0
563.0
566.0
564.0
563.0
4.0
3.0
570.0
570.0
561.0
561.0
555.0
556.0
556.0
555.0
3.0
4.0
561.0
562.0
566.0
566.0
604.0
602.0
604.0
601.0
3.0
3.0
618.0
607.0
610.0
608.0
599.0
598.0
558.0
557.0
3.0
3.0
564.0
565.0
565.0
565.0
559.0
558.0
560.0
558.0
3.0
3.0
2356.0
2356.0
2355.0
2356.0
2354.0
2349.0
2349.0
2350.0
3.0
4.0
4498.0
4490.0
4474.0
4466.0
4455.0
4464.0
4467.0
4459.0
2143.0
2142.0
4502.0
4501.0
4496.0
4508.0
4493.0
4484.0
4484.0
4483.0
2169.0
2166.0
4470.0
4463.0
4467.0
4465.0
4465.0
4463.0
4496.0
4500.0
2145.0
2144.0
4539.0
4545.0
4539.0
4533.0
4541.0
4531.0
4529.0
4529.0
2152.0
2150.0
4490.0
4476.0
4482.0
4476.0
4478.0
4494.0
4483.0
2157.0
2158.0
4477.0
4470.0
4504.0
4508.0
4494.0
4491.0
4487.0
4484.0
2165.0
2151.0
4546.0
4536.0
4539.0
4534.0
4505.0
4494.0
4502.0
2193.0
2208.0
3.0
3.0
4.0
4.0
4.0
4.0
4.0
3.0
3.0
3.0
4.0
4.0
3.0
3.0
4.0
4.0
4.0
3.0
3.0
3.0
558.0
569.0
582.0
588.0
565.0
569.0
565.0
3.0
3.0
4.0
565.0
565.0
564.0
568.0
557.0
558.0
558.0
3.0
3.0
3.0
558.0
560.0
558.0
556.0
582.0
582.0
582.0
3.0
3.0
3.0
583.0
581.0
582.0
583.0
555.0
554.0
554.0
4.0
3.0
3.0
554.0
554.0
555.0
555.0
563.0
563.0
563.0
3.0
4.0
3.0
563.0
564.0
563.0
564.0
565.0
564.0
564.0
3.0
3.0
3.0
554.0
555.0
554.0
555.0
555.0
554.0
554.0
3.0
3.0
3.0
555.0
554.0
554.0
580.0
580.0
581.0
580.0
3.0
3.0
3.0
581.0
581.0
583.0
580.0
581.0
580.0
555.0
3.0
4.0
3.0
555.0
555.0
554.0
554.0
555.0
555.0
553.0
3.0
3.0
3.0
2315.0
2316.0
2330.0
2328.0
2329.0
2329.0
2332.0
1773.0
3.0
3.0
4467.0
4482.0
4470.0
4460.0
4464.0
4448.0
4456.0
3896.0
2139.0
2134.0
4495.0
4497.0
4483.0
4487.0
4496.0
4506.0
4502.0
3938.0
2149.0
2150.0
4525.0
4521.0
4485.0
4485.0
4502.0
4493.0
4479.0
3906.0
2162.0
2160.0
4466.0
4459.0
4467.0
4465.0
4465.0
4472.0
4466.0
3917.0
2160.0
2142.0
4492.0
4515.0
4521.0
4531.0
4508.0
4511.0
3923.0
2184.0
2171.0
4482.0
4480.0
4522.0
4509.0
4501.0
4500.0
4508.0
3948.0
2149.0
2152.0
4510.0
4508.0
4505.0
4505.0
4446.0
4487.0
3896.0
2139.0
2135.0
3.0
3.0
3.0
3.0
3.0
3.0
3.0
3.0
3.0
3.0
3.0
3.0
3.0
3.0
3.0
3.0
3.0
3.0
3.0
3.0
582.0
553.0
564.0
573.0
574.0
574.0
4.0
3.0
3.0
3.0
556.0
555.0
555.0
555.0
563.0
563.0
3.0
3.0
3.0
3.0
561.0
564.0
564.0
563.0
564.0
555.0
3.0
3.0
3.0
3.0
555.0
554.0
553.0
554.0
563.0
564.0
3.0
3.0
3.0
3.0
563.0
563.0
564.0
563.0
563.0
577.0
3.0
3.0
3.0
3.0
578.0
579.0
569.0
568.0
569.0
569.0
3.0
3.0
3.0
3.0
568.0
569.0
570.0
555.0
554.0
553.0
3.0
3.0
3.0
3.0
554.0
554.0
562.0
563.0
564.0
563.0
3.0
3.0
3.0
3.0
564.0
563.0
565.0
564.0
564.0
564.0
3.0
4.0
3.0
3.0
554.0
554.0
554.0
554.0
554.0
555.0
3.0
3.0
3.0
3.0
2312.0
2313.0
2318.0
2313.0
2333.0
2332.0
1758.0
3.0
3.0
3.0
4476.0
4478.0
4484.0
4477.0
4485.0
4480.0
3928.0
2175.0
2139.0
2136.0
4494.0
4503.0
4500.0
4501.0
4497.0
4485.0
3944.0
2171.0
2169.0
2176.0
4498.0
4501.0
4501.0
4513.0
4511.0
4501.0
3926.0
2161.0
2167.0
2144.0
4505.0
4499.0
4495.0
4511.0
4510.0
4502.0
3938.0
2167.0
2158.0
2167.0
4499.0
4498.0
4499.0
4481.0
4494.0
4478.0
3931.0
2140.0
2144.0
2142.0
4533.0
4526.0
4570.0
4550.0
4548.0
4549.0
3957.0
2136.0
2185.0
2175.0
4492.0
4357.0
4323.0
4212.0
4209.0
4210.0
3688.0
2134.0
2142.0
2133.0
