25.0
22.0
15.0
15.0
16.0
14.0
15.0
15.0
22.0
21.0
56.0
53.0
53.0
90.0
52.0
183.0
107.0
107.0
177.0
178.0
110.0
106.0
107.0
107.0
177.0
99.0
96.0
97.0
96.0
95.0
100.0
167.0
167.0
167.0
95.0
90.0
95.0
95.0
95.0
95.0
144.0
78.0
96.0
108.0
166.0
173.0
96.0
96.0
96.0
95.0
82.0
96.0
95.0
95.0
95.0
99.0
96.0
96.0
78.0
97.0
99.0
154.0
148.0
78.0
99.0
1332.0
1326.0
1331.0
1149.0
1345.0
1332.0
1152.0
1328.0
1172.0
1327.0
1260.0
1265.0
1269.0
1388.0
1386.0
1345.0
1374.0
1370.0
1372.0
1381.0
1206.0
1196.0
1197.0
1193.0
1327.0
1301.0
1316.0
1316.0
1316.0
1316.0
1228.0
1266.0
1274.0
1283.0
1338.0
1344.0
1340.0
1340.0
1340.0
1338.0
1257.0
1193.0
1194.0
1192.0
1288.0
51.0
51.0
51.0
50.0
51.0
93.0
92.0
93.0
93.0
93.0
93.0
93.0
93.0
92.0
92.0
93.0
93.0
92.0
92.0
93.0
93.0
93.0
93.0
93.0
92.0
93.0
93.0
104.0
105.0
105.0
105.0
105.0
93.0
94.0
93.0
94.0
94.0
93.0
94.0
93.0
86.0
93.0
93.0
86.0
93.0
94.0
93.0
86.0
86.0
93.0
93.0
85.0
93.0
92.0
92.0
1194.0
1195.0
1195.0
1290.0
1291.0
1292.0
1287.0
1291.0
1197.0
1369.0
1271.0
1257.0
1275.0
1255.0
1369.0
1388.0
1354.0
1362.0
1394.0
1292.0
1260.0
1264.0
1263.0
1262.0
1254.0
1255.0
1252.0
1242.0
1250.0
1290.0
1305.0
1316.0
1305.0
1307.0
1321.0
1294.0
1313.0
1327.0
1298.0
1275.0
1183.0
1177.0
1138.0
1172.0
1098.0
55.0
52.0
86.0
86.0
51.0
56.0
50.0
51.0
87.0
86.0
55.0
52.0
51.0
51.0
51.0
55.0
87.0
88.0
88.0
87.0
54.0
51.0
51.0
50.0
50.0
55.0
50.0
50.0
50.0
45.0
55.0
50.0
87.0
87.0
87.0
94.0
41.0
51.0
51.0
50.0
55.0
50.0
41.0
50.0
50.0
18.0
19.0
19.0
20.0
13.0
99.0
161.0
93.0
94.0
156.0
106.0
105.0
77.0
94.0
93.0
80.0
94.0
94.0
94.0
76.0
98.0
93.0
95.0
94.0
94.0
81.0
94.0
94.0
77.0
94.0
98.0
94.0
94.0
76.0
94.0
98.0
76.0
93.0
94.0
93.0
98.0
94.0
94.0
79.0
79.0
98.0
84.0
93.0
93.0
94.0
14.0
12.0
12.0
12.0
11.0
98.0
94.0
94.0
82.0
81.0
85.0
94.0
94.0
94.0
93.0
85.0
82.0
94.0
94.0
105.0
86.0
105.0
104.0
103.0
104.0
101.0
97.0
103.0
103.0
97.0
90.0
90.0
90.0
91.0
89.0
87.0
83.0
83.0
89.0
90.0
87.0
90.0
89.0
89.0
90.0
87.0
84.0
83.0
83.0
90.0
14.0
11.0
11.0
10.0
11.0
94.0
89.0
89.0
89.0
89.0
87.0
84.0
84.0
84.0
88.0
91.0
88.0
87.0
87.0
87.0
89.0
86.0
87.0
86.0
88.0
91.0
87.0
88.0
87.0
87.0
90.0
87.0
86.0
87.0
87.0
91.0
87.0
87.0
87.0
87.0
89.0
87.0
86.0
86.0
87.0
91.0
87.0
88.0
87.0
87.0
14.0
11.0
10.0
10.0
10.0
90.0
87.0
87.0
86.0
87.0
90.0
87.0
87.0
87.0
87.0
90.0
86.0
86.0
86.0
87.0
91.0
88.0
86.0
87.0
87.0
91.0
87.0
86.0
87.0
87.0
90.0
87.0
87.0
87.0
87.0
89.0
86.0
86.0
86.0
87.0
103.0
99.0
99.0
99.0
100.0
104.0
100.0
99.0
100.0
100.0
15.0
12.0
11.0
11.0
11.0
91.0
87.0
87.0
88.0
87.0
90.0
86.0
86.0
86.0
87.0
90.0
88.0
87.0
87.0
87.0
90.0
87.0
86.0
86.0
87.0
91.0
87.0
87.0
87.0
86.0
90.0
87.0
87.0
86.0
88.0
90.0
87.0
88.0
87.0
87.0
90.0
86.0
86.0
86.0
87.0
91.0
88.0
87.0
86.0
87.0
14.0
11.0
11.0
10.0
10.0
91.0
87.0
86.0
87.0
86.0
91.0
88.0
86.0
87.0
87.0
90.0
87.0
86.0
87.0
86.0
91.0
87.0
87.0
87.0
88.0
90.0
86.0
86.0
88.0
86.0
92.0
88.0
87.0
87.0
87.0
91.0
87.0
87.0
87.0
87.0
99.0
91.0
97.0
104.0
95.0
103.0
93.0
94.0
99.0
94.0
15.0
11.0
12.0
11.0
10.0
94.0
104.0
90.0
90.0
90.0
94.0
90.0
91.0
90.0
118.0
103.0
99.0
98.0
99.0
98.0
152.0
99.0
98.0
98.0
136.0
92.0
91.0
89.0
88.0
91.0
95.0
91.0
88.0
92.0
91.0
95.0
88.0
88.0
88.0
92.0
92.0
92.0
92.0
91.0
91.0
93.0
90.0
89.0
90.0
90.0
14.0
12.0
11.0
11.0
11.0
94.0
90.0
89.0
90.0
89.0
93.0
88.0
89.0
89.0
88.0
92.0
88.0
88.0
87.0
87.0
91.0
87.0
86.0
87.0
87.0
90.0
87.0
87.0
87.0
87.0
90.0
87.0
86.0
87.0
87.0
90.0
87.0
86.0
86.0
87.0
90.0
87.0
87.0
87.0
87.0
91.0
87.0
86.0
87.0
151.0
14.0
10.0
10.0
11.0
11.0
154.0
150.0
150.0
150.0
151.0
153.0
150.0
151.0
150.0
88.0
90.0
88.0
87.0
87.0
87.0
91.0
87.0
88.0
88.0
87.0
91.0
88.0
87.0
87.0
88.0
91.0
88.0
88.0
88.0
87.0
90.0
86.0
86.0
87.0
88.0
90.0
88.0
88.0
87.0
88.0
91.0
87.0
87.0
87.0
87.0
15.0
11.0
11.0
11.0
11.0
92.0
87.0
88.0
87.0
87.0
90.0
87.0
86.0
87.0
88.0
92.0
88.0
88.0
87.0
88.0
90.0
87.0
86.0
87.0
87.0
90.0
88.0
88.0
88.0
88.0
91.0
88.0
87.0
86.0
88.0
91.0
88.0
88.0
88.0
87.0
90.0
88.0
88.0
86.0
88.0
91.0
88.0
87.0
86.0
88.0
14.0
11.0
10.0
11.0
11.0
1237.0
1241.0
1235.0
1234.0
1235.0
1251.0
1250.0
1247.0
1245.0
1299.0
1248.0
1250.0
1246.0
1250.0
1249.0
1245.0
1233.0
1234.0
1241.0
1232.0
1331.0
1330.0
1316.0
1328.0
1324.0
1328.0
1328.0
1319.0
1333.0
1328.0
1236.0
1234.0
1234.0
1234.0
1233.0
1238.0
1237.0
1233.0
1234.0
1234.0
1316.0
1314.0
1312.0
1324.0
1318.0
14.0
10.0
11.0
11.0
11.0
1320.0
1314.0
1342.0
1312.0
1313.0
1237.0
1233.0
1231.0
1244.0
1233.0
1236.0
1236.0
1232.0
1237.0
1232.0
1237.0
1234.0
1235.0
1233.0
1233.0
1237.0
1233.0
1230.0
1235.0
1231.0
1325.0
1346.0
1315.0
1316.0
1315.0
1326.0
1345.0
1323.0
1329.0
1320.0
1250.0
1252.0
1246.0
1245.0
1251.0
1257.0
1253.0
1260.0
1274.0
1256.0
15.0
11.0
11.0
11.0
10.0
1322.0
1334.0
1342.0
1318.0
1340.0
1341.0
1342.0
1344.0
1345.0
1356.0
1240.0
1236.0
1236.0
1272.0
1312.0
1277.0
1291.0
1291.0
1292.0
1240.0
1243.0
1240.0
1238.0
1239.0
1237.0
1245.0
1238.0
1251.0
1237.0
1242.0
1339.0
1329.0
1334.0
1316.0
1329.0
1340.0
1327.0
1326.0
1327.0
1322.0
1269.0
1262.0
1262.0
1242.0
1256.0
14.0
11.0
11.0
11.0
10.0
1275.0
1254.0
1268.0
1265.0
1271.0
1338.0
1336.0
1351.0
1340.0
1342.0
1344.0
1336.0
1366.0
1337.0
1322.0
1247.0
1244.0
1231.0
1259.0
1247.0
1247.0
1242.0
1242.0
1232.0
1246.0
1248.0
1244.0
1232.0
1243.0
1235.0
1237.0
1235.0
1245.0
1244.0
1233.0
1330.0
1335.0
1337.0
1335.0
1328.0
1327.0
1328.0
1337.0
1339.0
1327.0
15.0
11.0
10.0
11.0
11.0
1264.0
1255.0
1248.0
1254.0
1248.0
1250.0
1248.0
1256.0
1256.0
1262.0
1341.0
1328.0
1319.0
1342.0
1332.0
1330.0
1317.0
1318.0
1347.0
1332.0
1250.0
1248.0
1243.0
1260.0
1253.0
1244.0
1246.0
1248.0
1254.0
1244.0
1249.0
1244.0
1233.0
1244.0
1234.0
1237.0
1233.0
1246.0
1236.0
1243.0
1403.0
1381.0
1353.0
1317.0
1369.0
15.0
12.0
11.0
11.0
10.0
1399.0
1411.0
1331.0
1403.0
1340.0
1246.0
1244.0
1269.0
1262.0
1262.0
1239.0
1236.0
1245.0
1250.0
1250.0
1284.0
1282.0
1291.0
1314.0
1307.0
1290.0
1291.0
1316.0
1313.0
1313.0
1251.0
1242.0
1246.0
1249.0
1240.0
1252.0
1241.0
1249.0
1253.0
1248.0
1241.0
1236.0
1247.0
1241.0
1246.0
1257.0
1249.0
1260.0
1268.0
1263.0
15.0
11.0
11.0
11.0
10.0
1319.0
1410.0
1327.0
1322.0
1333.0
1325.0
1320.0
1312.0
1296.0
1307.0
1254.0
1237.0
1232.0
1232.0
1235.0
1236.0
1263.0
1232.0
1233.0
1234.0
1312.0
1286.0
1281.0
1305.0
1305.0
1307.0
1305.0
1285.0
1283.0
1296.0
1238.0
1236.0
1232.0
1234.0
1234.0
1237.0
1234.0
1234.0
1235.0
1234.0
1236.0
1236.0
1240.0
1233.0
1251.0
15.0
11.0
11.0
11.0
11.0
1250.0
1254.0
1249.0
1251.0
1303.0
1317.0
1307.0
1308.0
1304.0
1292.0
1294.0
1290.0
1291.0
1289.0
1234.0
1255.0
1246.0
1246.0
1245.0
1263.0
1254.0
1249.0
1259.0
1255.0
1260.0
1324.0
1322.0
1302.0
1295.0
1416.0
1299.0
1296.0
1313.0
1314.0
1294.0
1239.0
1238.0
1239.0
1233.0
1237.0
1239.0
1237.0
1237.0
1236.0
1246.0
15.0
11.0
11.0
11.0
10.0
1256.0
1247.0
1253.0
1246.0
1246.0
1253.0
1313.0
1307.0
1315.0
1325.0
1320.0
1318.0
1315.0
1317.0
1317.0
1315.0
1245.0
1258.0
1250.0
1260.0
1235.0
1233.0
1237.0
1236.0
1233.0
1238.0
1236.0
1234.0
1234.0
1235.0
1289.0
1287.0
1289.0
1292.0
1288.0
1296.0
1291.0
1290.0
1285.0
1287.0
1238.0
1242.0
1236.0
1232.0
1236.0
15.0
12.0
11.0
12.0
11.0
46.0
46.0
46.0
46.0
47.0
46.0
46.0
46.0
46.0
46.0
47.0
46.0
46.0
46.0
47.0
46.0
47.0
46.0
46.0
60.0
61.0
60.0
60.0
60.0
47.0
46.0
46.0
46.0
46.0
47.0
46.0
47.0
47.0
46.0
46.0
46.0
46.0
46.0
46.0
47.0
46.0
46.0
46.0
46.0
46.0
11.0
11.0
11.0
11.0
11.0
87.0
86.0
86.0
86.0
86.0
87.0
88.0
87.0
86.0
87.0
87.0
86.0
87.0
86.0
87.0
87.0
87.0
86.0
86.0
86.0
86.0
87.0
87.0
87.0
87.0
86.0
86.0
87.0
86.0
87.0
87.0
87.0
88.0
86.0
88.0
87.0
87.0
86.0
87.0
87.0
87.0
87.0
86.0
87.0
100.0
11.0
11.0
10.0
10.0
11.0
102.0
100.0
101.0
101.0
101.0
101.0
101.0
102.0
101.0
88.0
88.0
86.0
87.0
87.0
87.0
88.0
88.0
87.0
87.0
87.0
88.0
87.0
88.0
87.0
87.0
87.0
87.0
87.0
87.0
87.0
87.0
87.0
86.0
87.0
87.0
87.0
88.0
88.0
87.0
88.0
89.0
88.0
88.0
87.0
86.0
10.0
11.0
10.0
10.0
10.0
87.0
88.0
87.0
87.0
87.0
87.0
87.0
86.0
87.0
86.0
87.0
86.0
86.0
87.0
86.0
88.0
87.0
86.0
87.0
87.0
88.0
86.0
87.0
87.0
87.0
87.0
87.0
87.0
87.0
87.0
88.0
87.0
87.0
87.0
86.0
87.0
87.0
86.0
87.0
87.0
87.0
87.0
87.0
86.0
87.0
11.0
11.0
11.0
11.0
10.0
88.0
87.0
87.0
87.0
87.0
87.0
86.0
88.0
87.0
87.0
87.0
87.0
86.0
87.0
87.0
87.0
87.0
87.0
87.0
86.0
101.0
100.0
100.0
100.0
100.0
101.0
101.0
101.0
101.0
101.0
89.0
88.0
87.0
88.0
88.0
148.0
148.0
148.0
147.0
150.0
149.0
148.0
148.0
148.0
148.0
12.0
11.0
11.0
10.0
11.0
88.0
87.0
87.0
87.0
87.0
88.0
87.0
87.0
88.0
87.0
88.0
88.0
88.0
86.0
87.0
87.0
87.0
86.0
87.0
88.0
87.0
87.0
88.0
87.0
88.0
87.0
88.0
87.0
87.0
87.0
88.0
87.0
87.0
86.0
87.0
87.0
87.0
86.0
87.0
87.0
88.0
87.0
86.0
87.0
88.0
11.0
11.0
11.0
10.0
11.0
88.0
87.0
87.0
87.0
87.0
87.0
87.0
86.0
88.0
87.0
87.0
88.0
87.0
87.0
86.0
87.0
87.0
87.0
87.0
87.0
88.0
87.0
87.0
88.0
86.0
87.0
87.0
87.0
88.0
88.0
87.0
88.0
88.0
87.0
87.0
87.0
87.0
87.0
87.0
87.0
87.0
88.0
88.0
88.0
86.0
11.0
11.0
11.0
10.0
11.0
87.0
87.0
87.0
87.0
87.0
88.0
87.0
87.0
87.0
87.0
87.0
88.0
87.0
88.0
100.0
101.0
102.0
101.0
101.0
100.0
100.0
100.0
100.0
101.0
88.0
87.0
87.0
86.0
87.0
87.0
88.0
87.0
87.0
87.0
88.0
87.0
87.0
87.0
87.0
87.0
88.0
87.0
86.0
88.0
87.0
11.0
11.0
11.0
11.0
11.0
87.0
87.0
87.0
86.0
87.0
88.0
88.0
87.0
87.0
87.0
87.0
87.0
87.0
87.0
87.0
86.0
86.0
86.0
87.0
86.0
87.0
88.0
87.0
86.0
87.0
87.0
87.0
86.0
88.0
87.0
87.0
87.0
88.0
87.0
87.0
87.0
87.0
87.0
87.0
87.0
87.0
87.0
87.0
87.0
87.0
11.0
11.0
11.0
11.0
10.0
87.0
86.0
86.0
87.0
87.0
87.0
87.0
88.0
88.0
87.0
87.0
87.0
87.0
87.0
87.0
87.0
87.0
87.0
87.0
87.0
88.0
88.0
87.0
87.0
87.0
88.0
88.0
88.0
87.0
87.0
87.0
87.0
87.0
87.0
87.0
99.0
100.0
100.0
100.0
99.0
101.0
101.0
100.0
101.0
101.0
11.0
11.0
11.0
11.0
12.0
88.0
89.0
88.0
87.0
88.0
87.0
87.0
87.0
87.0
87.0
87.0
87.0
87.0
87.0
87.0
87.0
87.0
87.0
88.0
87.0
87.0
87.0
87.0
87.0
87.0
87.0
87.0
87.0
87.0
87.0
87.0
86.0
87.0
87.0
87.0
87.0
87.0
87.0
87.0
87.0
87.0
87.0
87.0
87.0
86.0
11.0
10.0
11.0
10.0
10.0
1317.0
1317.0
1337.0
1340.0
1346.0
1311.0
1345.0
1347.0
1347.0
1342.0
1263.0
1259.0
1268.0
1261.0
1263.0
1263.0
1285.0
1283.0
1280.0
1280.0
1354.0
1354.0
1356.0
1385.0
1354.0
1384.0
1366.0
1366.0
1366.0
1333.0
1234.0
1235.0
1238.0
1233.0
1234.0
1239.0
1235.0
1247.0
1243.0
1250.0
1234.0
1236.0
1237.0
1233.0
1233.0
11.0
11.0
11.0
11.0
11.0
1277.0
1232.0
1257.0
1233.0
1230.0
1354.0
1301.0
1311.0
1356.0
1346.0
1341.0
1340.0
1344.0
1336.0
1356.0
1259.0
1240.0
1237.0
1238.0
1241.0
1237.0
1244.0
1241.0
1243.0
1253.0
1302.0
1298.0
1327.0
1329.0
1312.0
1332.0
1343.0
1334.0
1334.0
1348.0
1233.0
1234.0
1234.0
1236.0
1243.0
1236.0
1242.0
1243.0
1245.0
1260.0
11.0
10.0
11.0
11.0
11.0
1335.0
1313.0
1334.0
1315.0
1337.0
1331.0
1331.0
1330.0
1327.0
1310.0
1235.0
1235.0
1233.0
1236.0
1246.0
1234.0
1242.0
1242.0
1241.0
1242.0
1240.0
1243.0
1242.0
1241.0
1243.0
1276.0
1273.0
1244.0
1243.0
1244.0
1310.0
1300.0
1331.0
1341.0
1331.0
1325.0
1328.0
1337.0
1333.0
1338.0
1274.0
1278.0
1278.0
1262.0
1271.0
11.0
11.0
11.0
10.0
11.0
1260.0
1259.0
1266.0
1262.0
1262.0
1296.0
1300.0
1325.0
1325.0
1331.0
1333.0
1298.0
1335.0
1337.0
1330.0
1236.0
1235.0
1256.0
1241.0
1240.0
1235.0
1270.0
1256.0
1252.0
1270.0
1326.0
1345.0
1335.0
1328.0
1346.0
1330.0
1325.0
1326.0
1322.0
1321.0
1234.0
1233.0
1237.0
1236.0
1236.0
1235.0
1242.0
1241.0
1250.0
1241.0
11.0
11.0
11.0
11.0
11.0
1252.0
1234.0
1236.0
1235.0
1233.0
1234.0
1235.0
1234.0
1278.0
1239.0
1323.0
1280.0
1282.0
1282.0
1293.0
1294.0
1293.0
1293.0
1292.0
1292.0
1249.0
1250.0
1254.0
1254.0
1234.0
1238.0
1234.0
1236.0
1234.0
1233.0
1312.0
1287.0
1321.0
1291.0
1316.0
1331.0
1314.0
1319.0
1316.0
1319.0
1238.0
1235.0
1238.0
1234.0
1240.0
11.0
10.0
11.0
11.0
10.0
1253.0
1246.0
1244.0
1258.0
1257.0
1313.0
1311.0
1315.0
1311.0
1311.0
1298.0
1313.0
1290.0
1291.0
1287.0
1233.0
1278.0
1235.0
1232.0
1232.0
1235.0
1233.0
1233.0
1232.0
1234.0
1249.0
1248.0
1385.0
1500.0
1292.0
1303.0
1246.0
1294.0
1296.0
1320.0
1286.0
1268.0
1344.0
2235.0
1272.0
1333.0
1350.0
1345.0
2197.0
1344.0
11.0
11.0
10.0
11.0
10.0
1235.0
1235.0
1218.0
1258.0
1254.0
1258.0
1256.0
1256.0
2214.0
2211.0
1260.0
1262.0
1259.0
1314.0
1308.0
1309.0
1311.0
1312.0
1205.0
1204.0
1228.0
1251.0
1252.0
1252.0
1253.0
1254.0
2135.0
2204.0
1194.0
1193.0
1196.0
1241.0
1251.0
1258.0
1257.0
1258.0
1266.0
1264.0
1276.0
1333.0
1325.0
1340.0
1327.0
1333.0
1588.0
17.0
16.0
18.0
16.0
16.0
1474.0
1249.0
1250.0
1264.0
1232.0
1233.0
1232.0
1232.0
1235.0
1239.0
1242.0
1330.0
1328.0
1318.0
1313.0
1294.0
1319.0
1320.0
1316.0
1309.0
1313.0
1234.0
1250.0
1236.0
1245.0
1241.0
1243.0
1271.0
1262.0
1239.0
1240.0
1238.0
1261.0
1238.0
1342.0
1343.0
1325.0
1331.0
1332.0
1298.0
1307.0
1321.0
1338.0
1334.0
1268.0
11.0
11.0
11.0
12.0
11.0
1265.0
1264.0
1268.0
1268.0
1283.0
1297.0
1269.0
1270.0
1361.0
1254.0
1254.0
1253.0
1254.0
1255.0
1297.0
1306.0
1284.0
1310.0
1321.0
1325.0
1307.0
1306.0
1316.0
1308.0
1250.0
1256.0
1243.0
1252.0
1259.0
1237.0
1240.0
1240.0
1241.0
1241.0
1233.0
1234.0
1292.0
1295.0
1244.0
1312.0
1285.0
1294.0
1283.0
1287.0
1179.0
10.0
10.0
11.0
71.0
11.0
