17.0
15.0
11.0
11.0
9.0
11.0
10.0
9.0
13.0
11.0
26.0
26.0
39.0
548.0
526.0
1211.0
1179.0
1195.0
1251.0
2841.0
4183.0
4171.0
3909.0
4136.0
4153.0
3855.0
4119.0
4134.0
3861.0
3851.0
21.0
21.0
20.0
325.0
499.0
1165.0
1089.0
1164.0
1161.0
2789.0
3959.0
3961.0
3975.0
3983.0
4019.0
3953.0
4004.0
4048.0
4021.0
3953.0
21.0
21.0
20.0
356.0
498.0
1136.0
1144.0
1124.0
1123.0
2758.0
4018.0
3964.0
3960.0
3992.0
3995.0
4012.0
4033.0
4021.0
3993.0
3988.0
21.0
21.0
20.0
352.0
488.0
1124.0
1108.0
1121.0
1088.0
2753.0
3993.0
3986.0
3998.0
4068.0
4045.0
4067.0
4050.0
4050.0
4027.0
3993.0
20.0
19.0
19.0
388.0
534.0
1121.0
1091.0
1087.0
1093.0
2715.0
4021.0
4038.0
4031.0
4034.0
4024.0
4012.0
4038.0
4022.0
3962.0
4017.0
22.0
22.0
22.0
334.0
476.0
1090.0
1083.0
1088.0
1092.0
2709.0
4014.0
4036.0
4045.0
3999.0
4018.0
4026.0
4032.0
4031.0
3999.0
4039.0
20.0
21.0
20.0
333.0
478.0
1098.0
1098.0
1097.0
1093.0
2719.0
3982.0
4009.0
4016.0
4007.0
4019.0
4014.0
4030.0
4042.0
3979.0
4002.0
19.0
20.0
19.0
331.0
495.0
1094.0
1101.0
1106.0
1081.0
2687.0
3974.0
4000.0
3992.0
3990.0
3987.0
3978.0
3972.0
3988.0
3984.0
3972.0
18.0
19.0
18.0
348.0
488.0
1101.0
1085.0
1116.0
1119.0
2689.0
4003.0
4002.0
3992.0
3997.0
3990.0
3947.0
3953.0
3979.0
4014.0
4005.0
18.0
18.0
18.0
350.0
473.0
1085.0
1120.0
1115.0
1114.0
2697.0
4048.0
4020.0
4018.0
3999.0
3967.0
3931.0
3969.0
3977.0
3825.0
3757.0
25.0
24.0
39.0
40.0
25.0
24.0
22.0
22.0
36.0
18.0
39.0
25.0
25.0
24.0
24.0
24.0
22.0
44.0
43.0
18.0
32.0
32.0
32.0
32.0
32.0
31.0
44.0
43.0
21.0
11.0
389.0
388.0
388.0
300.0
628.0
484.0
385.0
346.0
616.0
16.0
606.0
465.0
440.0
516.0
516.0
516.0
516.0
509.0
615.0
11.0
1031.0
1127.0
1030.0
1588.0
1111.0
1111.0
1110.0
1106.0
1463.0
14.0
1135.0
1089.0
1115.0
1088.0
1117.0
1117.0
1116.0
1113.0
1066.0
15.0
1781.0
1760.0
1052.0
1055.0
1081.0
1087.0
1085.0
1086.0
1086.0
10.0
1075.0
1085.0
1125.0
1121.0
1118.0
1122.0
1121.0
1120.0
1119.0
10.0
2693.0
2758.0
2753.0
2715.0
2711.0
2694.0
2709.0
2704.0
2705.0
10.0
3982.0
4040.0
4006.0
4012.0
4045.0
3996.0
4026.0
3998.0
4017.0
11.0
4019.0
4057.0
3989.0
4029.0
4019.0
3985.0
4046.0
4019.0
4007.0
10.0
4020.0
4012.0
4038.0
3952.0
3989.0
4007.0
3987.0
4004.0
3984.0
11.0
3985.0
4006.0
4008.0
3978.0
4016.0
4024.0
3976.0
3947.0
3972.0
10.0
3955.0
3980.0
4006.0
3983.0
4033.0
4023.0
4040.0
4030.0
4016.0
27.0
4047.0
4015.0
3987.0
4012.0
4016.0
4042.0
3983.0
4010.0
3992.0
11.0
3980.0
4027.0
4013.0
3986.0
4006.0
4019.0
3981.0
4020.0
4011.0
10.0
4025.0
4025.0
3991.0
3932.0
3992.0
3977.0
3992.0
4000.0
3958.0
10.0
4010.0
4002.0
3974.0
4012.0
4011.0
3985.0
4002.0
3993.0
3983.0
10.0
4005.0
3988.0
3978.0
4003.0
3958.0
3995.0
3981.0
3991.0
4014.0
51.0
21.0
20.0
20.0
21.0
21.0
20.0
19.0
18.0
9.0
9.0
21.0
20.0
21.0
20.0
21.0
20.0
19.0
19.0
8.0
9.0
21.0
20.0
20.0
21.0
20.0
20.0
19.0
19.0
9.0
9.0
337.0
350.0
335.0
335.0
335.0
352.0
345.0
349.0
321.0
9.0
513.0
515.0
519.0
517.0
514.0
517.0
515.0
516.0
469.0
9.0
1092.0
1096.0
1088.0
1087.0
1092.0
1083.0
1089.0
1096.0
1088.0
9.0
1085.0
1117.0
1123.0
1122.0
1125.0
1128.0
1110.0
1120.0
1112.0
9.0
1121.0
1119.0
1087.0
1091.0
1090.0
1090.0
1090.0
1080.0
1082.0
9.0
1095.0
1091.0
1093.0
1087.0
1126.0
1127.0
1120.0
1123.0
1105.0
9.0
2709.0
2707.0
2715.0
2711.0
2745.0
2705.0
2710.0
2709.0
2708.0
9.0
3949.0
4010.0
4029.0
4027.0
4027.0
3972.0
3975.0
4015.0
3992.0
8.0
4025.0
4052.0
4047.0
4035.0
4059.0
4044.0
4029.0
4017.0
3986.0
9.0
4023.0
4001.0
4032.0
3973.0
3972.0
3968.0
3964.0
3936.0
3970.0
9.0
3998.0
4003.0
4015.0
3967.0
3992.0
4044.0
4005.0
4023.0
3979.0
9.0
3960.0
3960.0
3959.0
3993.0
4008.0
4039.0
4024.0
4029.0
4018.0
8.0
4019.0
4028.0
4056.0
4061.0
4101.0
4019.0
4000.0
4034.0
3998.0
8.0
3989.0
3986.0
4001.0
4023.0
4027.0
4026.0
4027.0
3993.0
3993.0
8.0
4009.0
4001.0
3989.0
3984.0
3995.0
4010.0
3958.0
4024.0
3962.0
9.0
3985.0
3980.0
3953.0
4004.0
4014.0
4001.0
4012.0
4007.0
3976.0
9.0
4011.0
4078.0
4044.0
4045.0
3971.0
3969.0
3978.0
4024.0
4007.0
9.0
20.0
20.0
20.0
19.0
19.0
19.0
20.0
19.0
8.0
9.0
19.0
21.0
20.0
20.0
52.0
18.0
17.0
18.0
8.0
8.0
21.0
19.0
20.0
19.0
19.0
19.0
19.0
19.0
8.0
8.0
339.0
332.0
360.0
331.0
335.0
333.0
335.0
332.0
123.0
8.0
488.0
488.0
491.0
494.0
493.0
494.0
506.0
507.0
266.0
8.0
1099.0
1105.0
1107.0
1107.0
1113.0
1108.0
1122.0
1120.0
573.0
8.0
1097.0
1089.0
1076.0
1091.0
1087.0
1089.0
1104.0
1105.0
569.0
8.0
1090.0
1117.0
1129.0
1123.0
1113.0
1121.0
1126.0
1123.0
608.0
8.0
1106.0
1113.0
1088.0
1090.0
1094.0
1091.0
1080.0
1087.0
586.0
8.0
2720.0
2713.0
2721.0
2690.0
2697.0
2698.0
2702.0
2711.0
2173.0
8.0
4026.0
4008.0
3995.0
4007.0
4000.0
3980.0
4012.0
4004.0
3507.0
8.0
4003.0
4005.0
4009.0
4000.0
3999.0
4026.0
4006.0
3954.0
3493.0
8.0
4024.0
4042.0
4011.0
4020.0
4013.0
4026.0
4031.0
4013.0
3495.0
8.0
3976.0
3954.0
3960.0
4022.0
3981.0
4004.0
4011.0
4021.0
3452.0
8.0
3991.0
3981.0
3991.0
4013.0
4042.0
4005.0
4013.0
3975.0
3463.0
9.0
3967.0
3989.0
3953.0
3987.0
4008.0
3983.0
4027.0
4019.0
3529.0
8.0
4052.0
4039.0
3984.0
4024.0
4029.0
4000.0
4004.0
3955.0
3485.0
8.0
3965.0
4022.0
3995.0
3997.0
4010.0
3996.0
4003.0
4015.0
3506.0
8.0
4045.0
3999.0
3974.0
3948.0
3966.0
3952.0
3993.0
4010.0
3413.0
8.0
3932.0
4042.0
4009.0
4004.0
4036.0
4050.0
4034.0
4052.0
3518.0
8.0
19.0
34.0
20.0
19.0
20.0
18.0
17.0
17.0
8.0
8.0
20.0
19.0
20.0
19.0
20.0
18.0
18.0
17.0
9.0
8.0
19.0
20.0
19.0
20.0
19.0
18.0
18.0
18.0
8.0
8.0
332.0
333.0
370.0
408.0
372.0
332.0
333.0
329.0
122.0
8.0
473.0
474.0
473.0
513.0
521.0
525.0
524.0
520.0
308.0
8.0
1099.0
1110.0
1092.0
1110.0
1107.0
1116.0
1125.0
1129.0
594.0
8.0
1117.0
1118.0
1096.0
1110.0
1102.0
1120.0
1122.0
1079.0
575.0
8.0
1090.0
1083.0
1092.0
1097.0
1085.0
1083.0
1088.0
1090.0
570.0
8.0
1116.0
1122.0
1120.0
1125.0
1127.0
1126.0
1120.0
1124.0
620.0
8.0
2735.0
2693.0
2703.0
2704.0
2699.0
2710.0
2723.0
2702.0
2185.0
8.0
4010.0
3990.0
3980.0
3985.0
3983.0
3962.0
4000.0
4003.0
3461.0
8.0
4004.0
3965.0
4011.0
3978.0
4008.0
4003.0
4013.0
4000.0
3495.0
8.0
3971.0
3964.0
4063.0
3977.0
3974.0
4170.0
3956.0
4140.0
3458.0
8.0
4171.0
4171.0
4180.0
4174.0
3831.0
3860.0
3862.0
3847.0
3560.0
8.0
4107.0
4116.0
4145.0
4125.0
4103.0
3872.0
3877.0
4146.0
3399.0
7.0
3892.0
4129.0
4121.0
4102.0
4102.0
4147.0
3830.0
3838.0
3352.0
8.0
3842.0
4152.0
4141.0
4136.0
4133.0
4136.0
4102.0
3961.0
3453.0
8.0
3978.0
3990.0
4015.0
4004.0
4026.0
3993.0
3995.0
3992.0
3454.0
8.0
3969.0
4032.0
4004.0
3995.0
3937.0
3923.0
3943.0
3964.0
3481.0
7.0
3996.0
3976.0
3974.0
3965.0
3992.0
4002.0
4008.0
4026.0
3483.0
8.0
18.0
19.0
18.0
19.0
17.0
17.0
17.0
17.0
7.0
8.0
18.0
19.0
18.0
19.0
17.0
18.0
17.0
16.0
7.0
7.0
18.0
19.0
19.0
18.0
17.0
17.0
16.0
17.0
7.0
7.0
332.0
356.0
354.0
333.0
331.0
331.0
332.0
330.0
122.0
7.0
489.0
533.0
534.0
529.0
519.0
518.0
476.0
476.0
262.0
7.0
1092.0
1097.0
1097.0
1090.0
1097.0
1097.0
1087.0
1091.0
595.0
7.0
1120.0
1116.0
1120.0
1121.0
1113.0
1112.0
1126.0
1115.0
618.0
7.0
1120.0
1113.0
1086.0
1088.0
1120.0
1115.0
1081.0
1081.0
591.0
7.0
1121.0
1083.0
1107.0
1089.0
1118.0
1114.0
1116.0
1116.0
570.0
7.0
2682.0
2712.0
2737.0
2750.0
2741.0
2741.0
2695.0
2687.0
2207.0
7.0
4009.0
3981.0
4022.0
3957.0
3969.0
3933.0
3949.0
3973.0
3447.0
7.0
3960.0
3992.0
4006.0
3999.0
3992.0
3993.0
4004.0
3991.0
3487.0
7.0
3983.0
3971.0
4025.0
3981.0
3996.0
4022.0
3998.0
4002.0
3470.0
22.0
4032.0
4040.0
4031.0
3998.0
4046.0
4119.0
4007.0
4097.0
3574.0
8.0
4026.0
3991.0
4053.0
3993.0
4029.0
4032.0
4019.0
4014.0
3492.0
7.0
4021.0
4009.0
4027.0
4007.0
4013.0
4014.0
4026.0
3970.0
3466.0
7.0
3962.0
3975.0
3953.0
4051.0
3993.0
4030.0
3973.0
3993.0
3519.0
7.0
4016.0
4025.0
4056.0
4012.0
4011.0
3974.0
3999.0
4056.0
3465.0
7.0
3983.0
4012.0
4021.0
4008.0
4002.0
4009.0
4015.0
4003.0
3454.0
7.0
4020.0
3980.0
3944.0
3949.0
3981.0
3954.0
4018.0
3988.0
3460.0
7.0
21.0
21.0
20.0
21.0
70.0
20.0
19.0
18.0
9.0
8.0
21.0
20.0
21.0
21.0
20.0
20.0
19.0
18.0
9.0
9.0
20.0
21.0
21.0
20.0
21.0
20.0
19.0
18.0
9.0
9.0
338.0
336.0
351.0
351.0
335.0
336.0
332.0
334.0
323.0
8.0
492.0
491.0
493.0
524.0
524.0
507.0
508.0
508.0
500.0
9.0
1123.0
1121.0
1090.0
1086.0
1086.0
1080.0
1085.0
1084.0
1081.0
9.0
1083.0
1094.0
1093.0
1098.0
1121.0
1119.0
1108.0
1111.0
1099.0
9.0
1117.0
1114.0
1105.0
1109.0
1124.0
1082.0
1090.0
1083.0
1067.0
9.0
1081.0
1091.0
1082.0
1105.0
1105.0
1092.0
1080.0
1114.0
1100.0
9.0
2694.0
2699.0
2723.0
2695.0
2748.0
2751.0
2750.0
2743.0
2720.0
9.0
3954.0
3995.0
4002.0
3988.0
4028.0
3963.0
3971.0
3994.0
3960.0
9.0
3992.0
4017.0
4003.0
4014.0
4017.0
4001.0
4031.0
4030.0
3974.0
9.0
3966.0
3998.0
3990.0
3958.0
3943.0
3987.0
3979.0
4030.0
4026.0
8.0
4010.0
4019.0
4032.0
3986.0
4066.0
4021.0
3990.0
4031.0
3981.0
8.0
4032.0
3996.0
3941.0
4017.0
3980.0
3999.0
4005.0
3982.0
3980.0
8.0
4014.0
4000.0
4019.0
4025.0
4022.0
4010.0
3959.0
3977.0
3968.0
9.0
3982.0
3996.0
3996.0
3979.0
4001.0
4002.0
3945.0
4002.0
3968.0
9.0
4007.0
4009.0
3950.0
3991.0
3993.0
3986.0
4013.0
4021.0
4039.0
9.0
4008.0
4027.0
4032.0
4014.0
4042.0
4028.0
4045.0
4006.0
3974.0
9.0
3957.0
3958.0
3953.0
3970.0
3992.0
3976.0
4011.0
3993.0
4004.0
9.0
19.0
19.0
20.0
19.0
18.0
18.0
18.0
18.0
8.0
8.0
19.0
19.0
19.0
20.0
18.0
18.0
17.0
17.0
8.0
8.0
19.0
19.0
20.0
19.0
18.0
18.0
18.0
18.0
8.0
8.0
349.0
334.0
331.0
357.0
369.0
367.0
367.0
370.0
159.0
8.0
477.0
473.0
473.0
473.0
473.0
488.0
487.0
489.0
264.0
8.0
1078.0
1084.0
1088.0
1090.0
1079.0
1086.0
1085.0
1083.0
575.0
9.0
1082.0
1121.0
1113.0
1118.0
1123.0
1119.0
1113.0
1115.0
621.0
8.0
1101.0
1105.0
1090.0
1087.0
1079.0
1079.0
1091.0
1079.0
588.0
8.0
1091.0
1084.0
1085.0
1124.0
1121.0
1122.0
1113.0
1119.0
586.0
8.0
2700.0
2772.0
2749.0
2767.0
2748.0
2730.0
2729.0
2706.0
2218.0
8.0
4053.0
4050.0
3985.0
4005.0
3999.0
3991.0
3996.0
4001.0
3438.0
8.0
3967.0
3928.0
4003.0
4011.0
4027.0
4014.0
4005.0
3995.0
3470.0
8.0
4003.0
4016.0
4007.0
3971.0
4036.0
4010.0
3996.0
3994.0
3438.0
8.0
4012.0
3996.0
4007.0
3954.0
4006.0
4020.0
3998.0
4007.0
3469.0
8.0
3980.0
3981.0
4020.0
4056.0
4000.0
4024.0
3989.0
3992.0
3522.0
9.0
4011.0
3999.0
3977.0
4011.0
3975.0
4000.0
3966.0
3971.0
3460.0
8.0
3988.0
4012.0
4002.0
4019.0
4026.0
4015.0
4011.0
4021.0
3524.0
8.0
4029.0
3949.0
3955.0
3979.0
3980.0
3981.0
4016.0
3950.0
3475.0
8.0
4014.0
4022.0
4015.0
4023.0
4013.0
4032.0
3999.0
3975.0
3514.0
8.0
4173.0
3959.0
3989.0
4006.0
3996.0
3989.0
4014.0
4158.0
3486.0
8.0
18.0
18.0
18.0
19.0
17.0
17.0
17.0
17.0
7.0
7.0
18.0
19.0
18.0
18.0
17.0
17.0
16.0
17.0
7.0
7.0
18.0
18.0
18.0
18.0
17.0
17.0
17.0
17.0
7.0
7.0
349.0
332.0
333.0
333.0
334.0
347.0
346.0
387.0
120.0
7.0
516.0
515.0
476.0
475.0
473.0
473.0
472.0
475.0
263.0
7.0
1088.0
1080.0
1087.0
1081.0
1081.0
1083.0
1078.0
1081.0
583.0
7.0
1084.0
1117.0
1123.0
1110.0
1118.0
1122.0
1110.0
1124.0
612.0
7.0
1116.0
1104.0
1085.0
1088.0
1087.0
1079.0
1084.0
1087.0
585.0
7.0
1086.0
1086.0
1100.0
1118.0
1119.0
1119.0
1118.0
1116.0
615.0
7.0
2763.0
2754.0
2770.0
2734.0
2693.0
2717.0
2724.0
2716.0
2213.0
7.0
4031.0
4021.0
4012.0
4017.0
4061.0
4033.0
3999.0
4045.0
3527.0
6.0
4047.0
3998.0
4042.0
4053.0
4028.0
4030.0
4027.0
4016.0
3462.0
7.0
4022.0
3988.0
4025.0
3977.0
4001.0
4019.0
4040.0
4032.0
3508.0
6.0
4004.0
4002.0
4015.0
4033.0
3962.0
3941.0
3990.0
3970.0
3475.0
7.0
3979.0
3979.0
4039.0
4001.0
3950.0
4055.0
4004.0
4023.0
3507.0
7.0
4031.0
4054.0
4023.0
4010.0
3993.0
4028.0
3993.0
4031.0
3459.0
7.0
4014.0
4001.0
4024.0
4007.0
4039.0
4003.0
4014.0
3992.0
3499.0
7.0
3960.0
3974.0
3989.0
4019.0
4035.0
4023.0
4002.0
3957.0
3466.0
7.0
3985.0
4008.0
4028.0
3999.0
3947.0
3978.0
3953.0
3970.0
3512.0
7.0
4025.0
4004.0
4029.0
4053.0
4020.0
4053.0
4056.0
4042.0
3531.0
7.0
18.0
18.0
18.0
18.0
16.0
17.0
7.0
6.0
7.0
7.0
18.0
18.0
18.0
18.0
17.0
16.0
7.0
6.0
7.0
6.0
17.0
18.0
17.0
30.0
17.0
16.0
6.0
7.0
6.0
6.0
332.0
335.0
330.0
349.0
349.0
381.0
371.0
318.0
7.0
6.0
476.0
471.0
470.0
491.0
488.0
490.0
479.0
478.0
7.0
6.0
1087.0
1090.0
1086.0
1087.0
1085.0
1091.0
1074.0
1074.0
7.0
6.0
1107.0
1127.0
1119.0
1110.0
1105.0
1102.0
1096.0
1108.0
6.0
7.0
1122.0
1118.0
1078.0
1091.0
1086.0
1091.0
1074.0
1089.0
19.0
7.0
1091.0
1085.0
1088.0
1087.0
1108.0
1126.0
1116.0
1119.0
7.0
6.0
2754.0
2738.0
2740.0
2750.0
2745.0
2732.0
2677.0
2704.0
6.0
7.0
4013.0
4034.0
3976.0
3968.0
3987.0
3967.0
3980.0
3994.0
7.0
6.0
3958.0
4017.0
3981.0
3983.0
4017.0
4034.0
4015.0
3991.0
6.0
6.0
4001.0
4021.0
3994.0
3966.0
4017.0
4023.0
4011.0
4014.0
7.0
6.0
3996.0
4032.0
3992.0
3990.0
4004.0
4036.0
3990.0
4006.0
7.0
7.0
3990.0
4005.0
3971.0
3968.0
3959.0
3999.0
3968.0
4000.0
7.0
6.0
3953.0
3985.0
3983.0
3993.0
3972.0
3986.0
3978.0
3988.0
7.0
6.0
3980.0
3982.0
4003.0
3998.0
4023.0
4034.0
3987.0
3986.0
6.0
6.0
4020.0
4072.0
4018.0
4174.0
4014.0
4009.0
3971.0
3963.0
6.0
6.0
4033.0
4008.0
3991.0
4022.0
4014.0
4010.0
3963.0
4006.0
7.0
6.0
4013.0
4026.0
3982.0
3950.0
3989.0
3974.0
3968.0
3989.0
6.0
6.0
16.0
6.0
7.0
6.0
5.0
5.0
5.0
43.0
5.0
5.0
16.0
6.0
6.0
7.0
5.0
5.0
5.0
5.0
5.0
5.0
16.0
7.0
6.0
6.0
6.0
5.0
5.0
5.0
5.0
5.0
332.0
323.0
321.0
322.0
335.0
336.0
119.0
5.0
4.0
4.0
473.0
464.0
478.0
482.0
476.0
480.0
281.0
4.0
4.0
5.0
1117.0
1111.0
1110.0
1109.0
1086.0
1092.0
598.0
4.0
4.0
4.0
1092.0
1096.0
1105.0
1074.0
1074.0
1078.0
582.0
5.0
5.0
5.0
1082.0
1069.0
1074.0
1071.0
1075.0
1075.0
565.0
5.0
5.0
5.0
1113.0
1104.0
1106.0
1111.0
1103.0
1106.0
616.0
5.0
5.0
5.0
2781.0
2781.0
2764.0
2692.0
2734.0
2737.0
2220.0
5.0
5.0
5.0
4058.0
4065.0
4069.0
3966.0
3984.0
3992.0
3455.0
4.0
5.0
5.0
3996.0
4000.0
3980.0
3974.0
3956.0
3967.0
3502.0
4.0
5.0
5.0
4014.0
4002.0
4028.0
3933.0
3938.0
3954.0
3506.0
5.0
5.0
5.0
4014.0
3997.0
3949.0
3985.0
3960.0
3993.0
3499.0
5.0
5.0
5.0
3987.0
3989.0
3994.0
4011.0
4026.0
3995.0
3475.0
5.0
5.0
5.0
4032.0
4040.0
4032.0
4012.0
4022.0
3987.0
3490.0
5.0
5.0
5.0
4022.0
4009.0
3986.0
3963.0
3947.0
3963.0
3472.0
5.0
5.0
4.0
4005.0
3991.0
4012.0
3986.0
4048.0
3993.0
3533.0
5.0
5.0
4.0
4028.0
4038.0
4040.0
3979.0
4052.0
4034.0
3529.0
5.0
5.0
5.0
3923.0
3862.0
3836.0
3768.0
3801.0
3810.0
3255.0
5.0
5.0
5.0
