1.0
1.0
1.0
2.0
2.0
1.0
1.0
1.0
1.0
1.0
12.0
12.0
11.0
11.0
12.0
12.0
12.0
12.0
11.0
11.0
579.0
579.0
580.0
582.0
579.0
579.0
580.0
579.0
579.0
580.0
594.0
594.0
595.0
593.0
594.0
596.0
595.0
594.0
593.0
594.0
595.0
594.0
595.0
595.0
595.0
595.0
594.0
595.0
594.0
596.0
11.0
12.0
11.0
12.0
12.0
12.0
11.0
12.0
12.0
11.0
606.0
605.0
606.0
606.0
605.0
604.0
604.0
604.0
605.0
604.0
582.0
582.0
582.0
583.0
583.0
583.0
582.0
582.0
581.0
581.0
592.0
592.0
592.0
592.0
593.0
592.0
592.0
592.0
592.0
592.0
11.0
11.0
12.0
12.0
11.0
11.0
11.0
11.0
11.0
11.0
594.0
593.0
594.0
593.0
594.0
594.0
595.0
594.0
595.0
594.0
605.0
604.0
606.0
605.0
606.0
606.0
605.0
605.0
604.0
604.0
579.0
579.0
579.0
580.0
579.0
579.0
580.0
578.0
578.0
579.0
11.0
11.0
11.0
11.0
11.0
12.0
11.0
11.0
11.0
11.0
592.0
591.0
592.0
591.0
592.0
592.0
592.0
593.0
592.0
591.0
592.0
593.0
591.0
593.0
592.0
593.0
592.0
592.0
592.0
590.0
603.0
603.0
604.0
604.0
604.0
605.0
604.0
604.0
605.0
604.0
12.0
11.0
11.0
11.0
11.0
11.0
11.0
11.0
12.0
11.0
577.0
578.0
579.0
581.0
579.0
577.0
578.0
579.0
577.0
579.0
614.0
612.0
614.0
614.0
615.0
614.0
612.0
615.0
616.0
612.0
599.0
598.0
597.0
598.0
598.0
597.0
597.0
596.0
597.0
596.0
12.0
12.0
13.0
13.0
13.0
12.0
12.0
12.0
13.0
13.0
583.0
582.0
582.0
582.0
582.0
583.0
583.0
582.0
583.0
581.0
604.0
603.0
604.0
605.0
604.0
605.0
605.0
604.0
604.0
603.0
593.0
593.0
592.0
593.0
593.0
593.0
593.0
593.0
592.0
594.0
11.0
12.0
12.0
11.0
12.0
11.0
11.0
11.0
11.0
11.0
604.0
605.0
606.0
606.0
605.0
605.0
603.0
605.0
604.0
606.0
591.0
592.0
591.0
592.0
592.0
591.0
592.0
592.0
591.0
590.0
605.0
606.0
606.0
606.0
605.0
606.0
604.0
605.0
605.0
604.0
12.0
11.0
11.0
11.0
11.0
11.0
11.0
12.0
11.0
11.0
591.0
592.0
590.0
592.0
591.0
591.0
591.0
589.0
590.0
593.0
580.0
580.0
579.0
580.0
579.0
580.0
579.0
579.0
579.0
578.0
593.0
593.0
592.0
592.0
592.0
592.0
592.0
591.0
591.0
592.0
11.0
11.0
11.0
11.0
11.0
11.0
11.0
11.0
11.0
11.0
604.0
603.0
603.0
605.0
605.0
603.0
605.0
606.0
604.0
613.0
582.0
582.0
582.0
583.0
582.0
582.0
583.0
583.0
581.0
584.0
593.0
595.0
593.0
593.0
592.0
593.0
596.0
592.0
594.0
592.0
11.0
11.0
11.0
11.0
11.0
11.0
11.0
11.0
12.0
11.0
594.0
595.0
595.0
596.0
596.0
596.0
595.0
595.0
596.0
597.0
609.0
609.0
609.0
608.0
608.0
607.0
611.0
608.0
608.0
603.0
579.0
581.0
580.0
581.0
581.0
581.0
579.0
581.0
580.0
578.0
11.0
11.0
11.0
11.0
11.0
11.0
11.0
11.0
11.0
11.0
591.0
591.0
590.0
590.0
591.0
591.0
591.0
590.0
590.0
590.0
592.0
592.0
592.0
591.0
592.0
592.0
592.0
592.0
591.0
592.0
605.0
605.0
606.0
606.0
606.0
605.0
605.0
606.0
606.0
604.0
11.0
11.0
11.0
11.0
11.0
10.0
11.0
11.0
11.0
11.0
580.0
582.0
579.0
579.0
579.0
578.0
579.0
579.0
580.0
578.0
591.0
591.0
592.0
591.0
592.0
591.0
591.0
591.0
591.0
590.0
580.0
580.0
580.0
580.0
580.0
580.0
579.0
580.0
579.0
580.0
9.0
20.0
19.0
21.0
19.0
20.0
19.0
20.0
19.0
20.0
614.0
606.0
605.0
606.0
605.0
606.0
605.0
606.0
605.0
605.0
576.0
578.0
577.0
578.0
577.0
586.0
577.0
579.0
577.0
578.0
589.0
591.0
590.0
591.0
590.0
591.0
590.0
591.0
590.0
592.0
1.0
1.0
1.0
2.0
1.0
1.0
1.0
1.0
1.0
1.0
570.0
570.0
571.0
570.0
569.0
570.0
570.0
569.0
569.0
569.0
608.0
607.0
608.0
609.0
607.0
607.0
608.0
607.0
608.0
607.0
569.0
569.0
571.0
569.0
570.0
570.0
570.0
569.0
569.0
569.0
1.0
1.0
1.0
1.0
1.0
1.0
2.0
2.0
2.0
1.0
305.0
305.0
305.0
304.0
305.0
304.0
304.0
304.0
304.0
304.0
318.0
317.0
318.0
318.0
318.0
318.0
318.0
317.0
317.0
318.0
305.0
305.0
304.0
304.0
305.0
305.0
305.0
305.0
305.0
303.0
11.0
11.0
12.0
11.0
11.0
11.0
11.0
11.0
11.0
12.0
626.0
626.0
630.0
625.0
624.0
626.0
625.0
624.0
629.0
624.0
607.0
606.0
607.0
606.0
607.0
607.0
607.0
605.0
607.0
606.0
582.0
582.0
583.0
582.0
583.0
583.0
582.0
584.0
582.0
582.0
11.0
12.0
11.0
12.0
11.0
11.0
12.0
11.0
11.0
11.0
592.0
591.0
592.0
591.0
591.0
591.0
590.0
591.0
591.0
592.0
591.0
591.0
591.0
591.0
591.0
592.0
590.0
590.0
589.0
590.0
605.0
604.0
605.0
603.0
604.0
605.0
604.0
604.0
604.0
604.0
11.0
12.0
11.0
11.0
11.0
11.0
11.0
11.0
11.0
11.0
579.0
578.0
579.0
580.0
580.0
579.0
579.0
579.0
578.0
579.0
593.0
593.0
593.0
592.0
593.0
593.0
592.0
593.0
596.0
592.0
592.0
591.0
591.0
592.0
592.0
591.0
593.0
591.0
591.0
591.0
11.0
11.0
11.0
11.0
11.0
11.0
11.0
11.0
11.0
11.0
605.0
606.0
605.0
605.0
604.0
605.0
605.0
605.0
606.0
604.0
579.0
579.0
579.0
579.0
579.0
580.0
579.0
580.0
578.0
579.0
591.0
591.0
591.0
591.0
591.0
590.0
592.0
592.0
590.0
591.0
11.0
11.0
12.0
11.0
11.0
11.0
11.0
11.0
11.0
11.0
590.0
591.0
590.0
590.0
591.0
591.0
589.0
589.0
588.0
587.0
607.0
607.0
606.0
607.0
607.0
606.0
608.0
607.0
607.0
607.0
578.0
579.0
579.0
579.0
578.0
580.0
579.0
579.0
578.0
580.0
11.0
11.0
11.0
11.0
10.0
11.0
11.0
10.0
11.0
11.0
592.0
592.0
591.0
591.0
592.0
592.0
592.0
592.0
592.0
591.0
580.0
580.0
581.0
581.0
580.0
580.0
579.0
578.0
580.0
580.0
618.0
617.0
616.0
617.0
618.0
617.0
620.0
618.0
617.0
617.0
11.0
11.0
11.0
11.0
11.0
11.0
11.0
11.0
11.0
11.0
581.0
579.0
580.0
580.0
580.0
580.0
579.0
580.0
579.0
578.0
591.0
591.0
591.0
592.0
591.0
591.0
592.0
592.0
590.0
591.0
579.0
580.0
580.0
580.0
580.0
580.0
580.0
579.0
580.0
579.0
10.0
11.0
11.0
10.0
10.0
10.0
10.0
10.0
10.0
10.0
617.0
616.0
616.0
619.0
616.0
616.0
617.0
617.0
616.0
615.0
579.0
579.0
580.0
580.0
580.0
580.0
580.0
579.0
580.0
579.0
591.0
591.0
590.0
591.0
591.0
591.0
589.0
589.0
590.0
589.0
1.0
2.0
1.0
1.0
1.0
1.0
1.0
1.0
1.0
1.0
572.0
571.0
572.0
572.0
572.0
572.0
571.0
571.0
572.0
571.0
673.0
671.0
671.0
676.0
676.0
686.0
672.0
714.0
716.0
672.0
589.0
588.0
589.0
589.0
590.0
589.0
590.0
590.0
588.0
588.0
1.0
1.0
1.0
1.0
1.0
1.0
1.0
2.0
1.0
1.0
316.0
315.0
314.0
315.0
320.0
316.0
314.0
323.0
332.0
323.0
320.0
321.0
320.0
320.0
320.0
320.0
320.0
310.0
306.0
305.0
307.0
306.0
307.0
306.0
306.0
307.0
306.0
307.0
306.0
305.0
11.0
11.0
11.0
11.0
11.0
11.0
11.0
11.0
11.0
11.0
595.0
594.0
595.0
597.0
597.0
595.0
597.0
597.0
596.0
596.0
605.0
605.0
604.0
604.0
605.0
605.0
604.0
605.0
605.0
605.0
578.0
578.0
580.0
578.0
579.0
577.0
579.0
579.0
579.0
578.0
11.0
10.0
11.0
11.0
11.0
11.0
11.0
11.0
12.0
11.0
594.0
594.0
595.0
595.0
595.0
593.0
594.0
595.0
595.0
594.0
590.0
591.0
591.0
592.0
592.0
591.0
591.0
592.0
591.0
592.0
606.0
605.0
606.0
604.0
605.0
605.0
605.0
605.0
604.0
605.0
11.0
11.0
11.0
11.0
11.0
11.0
11.0
11.0
11.0
11.0
580.0
579.0
580.0
579.0
581.0
580.0
579.0
579.0
580.0
580.0
591.0
591.0
591.0
591.0
591.0
591.0
592.0
591.0
590.0
591.0
592.0
590.0
593.0
592.0
595.0
594.0
593.0
594.0
594.0
593.0
12.0
11.0
11.0
11.0
11.0
11.0
11.0
11.0
11.0
11.0
606.0
604.0
603.0
603.0
603.0
603.0
603.0
603.0
604.0
606.0
579.0
579.0
581.0
579.0
580.0
580.0
579.0
580.0
579.0
578.0
592.0
591.0
592.0
593.0
592.0
592.0
593.0
592.0
592.0
592.0
11.0
11.0
11.0
11.0
11.0
11.0
11.0
11.0
11.0
11.0
588.0
589.0
589.0
587.0
589.0
589.0
588.0
588.0
588.0
587.0
607.0
606.0
606.0
607.0
606.0
606.0
606.0
606.0
605.0
606.0
580.0
580.0
580.0
580.0
580.0
580.0
580.0
581.0
583.0
580.0
11.0
11.0
11.0
11.0
11.0
11.0
11.0
11.0
11.0
11.0
593.0
594.0
592.0
592.0
593.0
593.0
593.0
593.0
593.0
592.0
578.0
579.0
580.0
580.0
580.0
581.0
580.0
580.0
578.0
577.0
617.0
615.0
615.0
615.0
616.0
615.0
616.0
617.0
616.0
615.0
11.0
10.0
11.0
10.0
10.0
10.0
11.0
10.0
11.0
10.0
580.0
578.0
579.0
578.0
579.0
580.0
580.0
580.0
579.0
579.0
591.0
591.0
590.0
592.0
592.0
589.0
591.0
591.0
591.0
591.0
580.0
579.0
582.0
578.0
579.0
579.0
580.0
579.0
579.0
578.0
10.0
9.0
10.0
9.0
10.0
9.0
10.0
9.0
10.0
9.0
636.0
640.0
699.0
699.0
641.0
637.0
637.0
634.0
635.0
633.0
579.0
579.0
579.0
577.0
589.0
577.0
580.0
577.0
578.0
575.0
591.0
589.0
592.0
590.0
592.0
591.0
592.0
599.0
590.0
591.0
2.0
1.0
1.0
1.0
2.0
1.0
1.0
1.0
1.0
2.0
567.0
569.0
569.0
569.0
568.0
569.0
569.0
578.0
569.0
568.0
606.0
605.0
604.0
605.0
606.0
605.0
607.0
612.0
605.0
606.0
568.0
568.0
567.0
568.0
568.0
568.0
568.0
576.0
566.0
569.0
1.0
1.0
1.0
1.0
1.0
1.0
1.0
1.0
1.0
1.0
303.0
304.0
304.0
304.0
304.0
304.0
304.0
320.0
315.0
316.0
317.0
316.0
318.0
317.0
318.0
318.0
318.0
309.0
303.0
304.0
304.0
303.0
303.0
304.0
304.0
304.0
304.0
304.0
308.0
304.0
11.0
11.0
11.0
11.0
11.0
11.0
11.0
11.0
11.0
11.0
591.0
592.0
592.0
592.0
593.0
591.0
592.0
591.0
599.0
594.0
605.0
606.0
605.0
605.0
606.0
605.0
605.0
608.0
607.0
608.0
578.0
578.0
578.0
578.0
579.0
578.0
578.0
577.0
580.0
577.0
11.0
11.0
11.0
11.0
11.0
11.0
11.0
11.0
11.0
11.0
592.0
592.0
591.0
592.0
591.0
592.0
592.0
590.0
592.0
593.0
591.0
591.0
591.0
592.0
591.0
592.0
591.0
591.0
594.0
591.0
604.0
602.0
604.0
605.0
604.0
603.0
604.0
604.0
602.0
604.0
11.0
11.0
11.0
11.0
11.0
11.0
11.0
11.0
11.0
11.0
578.0
579.0
579.0
580.0
578.0
577.0
583.0
577.0
579.0
581.0
596.0
591.0
592.0
592.0
592.0
593.0
592.0
592.0
592.0
593.0
591.0
591.0
590.0
592.0
591.0
591.0
591.0
590.0
592.0
594.0
11.0
11.0
11.0
11.0
11.0
11.0
11.0
11.0
10.0
11.0
603.0
604.0
603.0
603.0
603.0
602.0
603.0
603.0
604.0
605.0
580.0
580.0
580.0
581.0
578.0
585.0
581.0
579.0
579.0
581.0
592.0
592.0
594.0
593.0
594.0
592.0
592.0
593.0
595.0
596.0
11.0
11.0
11.0
11.0
11.0
11.0
11.0
11.0
10.0
11.0
592.0
591.0
591.0
591.0
589.0
591.0
591.0
590.0
591.0
591.0
609.0
605.0
607.0
604.0
605.0
605.0
606.0
606.0
606.0
605.0
583.0
582.0
581.0
581.0
586.0
581.0
581.0
581.0
582.0
580.0
10.0
11.0
11.0
11.0
12.0
11.0
11.0
11.0
11.0
11.0
598.0
597.0
598.0
597.0
597.0
597.0
598.0
598.0
598.0
599.0
591.0
591.0
590.0
592.0
591.0
591.0
591.0
592.0
592.0
589.0
608.0
607.0
608.0
608.0
606.0
607.0
609.0
608.0
607.0
608.0
11.0
11.0
11.0
10.0
11.0
11.0
11.0
11.0
11.0
11.0
589.0
592.0
587.0
595.0
587.0
591.0
594.0
591.0
587.0
590.0
591.0
591.0
591.0
591.0
591.0
591.0
591.0
591.0
593.0
590.0
578.0
578.0
578.0
578.0
578.0
578.0
580.0
579.0
580.0
579.0
9.0
9.0
9.0
9.0
9.0
18.0
18.0
18.0
19.0
19.0
614.0
614.0
614.0
615.0
614.0
605.0
605.0
605.0
605.0
604.0
577.0
576.0
577.0
577.0
578.0
576.0
577.0
577.0
576.0
576.0
589.0
591.0
591.0
591.0
590.0
591.0
589.0
590.0
590.0
590.0
1.0
1.0
1.0
1.0
1.0
1.0
1.0
1.0
1.0
1.0
569.0
304.0
568.0
303.0
567.0
303.0
568.0
304.0
567.0
304.0
580.0
303.0
581.0
304.0
582.0
317.0
604.0
316.0
606.0
316.0
605.0
316.0
593.0
328.0
592.0
328.0
593.0
328.0
594.0
304.0
2.0
1.0
1.0
1.0
1.0
1.0
1.0
1.0
1.0
1.0
304.0
304.0
304.0
304.0
303.0
303.0
303.0
304.0
303.0
304.0
308.0
304.0
304.0
304.0
303.0
316.0
316.0
315.0
313.0
317.0
317.0
317.0
316.0
317.0
316.0
303.0
304.0
303.0
304.0
304.0
11.0
11.0
11.0
11.0
11.0
10.0
11.0
11.0
11.0
11.0
577.0
578.0
583.0
579.0
578.0
578.0
578.0
577.0
578.0
578.0
591.0
591.0
591.0
590.0
591.0
615.0
616.0
616.0
614.0
615.0
602.0
603.0
603.0
603.0
603.0
577.0
578.0
577.0
578.0
578.0
11.0
10.0
11.0
11.0
11.0
11.0
10.0
11.0
11.0
11.0
589.0
591.0
591.0
592.0
587.0
592.0
590.0
590.0
591.0
590.0
580.0
578.0
578.0
579.0
578.0
579.0
578.0
578.0
579.0
578.0
593.0
591.0
591.0
591.0
591.0
615.0
615.0
614.0
615.0
615.0
11.0
11.0
11.0
10.0
11.0
11.0
11.0
11.0
11.0
11.0
602.0
603.0
604.0
604.0
603.0
577.0
578.0
578.0
576.0
578.0
586.0
586.0
586.0
586.0
591.0
591.0
591.0
591.0
592.0
591.0
580.0
581.0
582.0
581.0
581.0
577.0
578.0
578.0
578.0
579.0
11.0
11.0
11.0
10.0
11.0
11.0
11.0
11.0
11.0
11.0
590.0
591.0
591.0
591.0
592.0
591.0
589.0
591.0
592.0
613.0
601.0
601.0
602.0
602.0
604.0
601.0
601.0
602.0
601.0
578.0
578.0
580.0
577.0
576.0
580.0
590.0
590.0
590.0
591.0
590.0
11.0
11.0
11.0
11.0
11.0
11.0
11.0
11.0
11.0
21.0
590.0
591.0
591.0
593.0
580.0
578.0
579.0
578.0
578.0
580.0
590.0
591.0
592.0
589.0
590.0
588.0
590.0
590.0
588.0
590.0
601.0
601.0
602.0
609.0
601.0
600.0
601.0
601.0
601.0
601.0
11.0
11.0
11.0
11.0
11.0
11.0
11.0
11.0
11.0
11.0
589.0
591.0
593.0
604.0
599.0
602.0
604.0
604.0
604.0
604.0
594.0
594.0
591.0
581.0
581.0
577.0
577.0
578.0
578.0
578.0
594.0
596.0
594.0
595.0
594.0
597.0
592.0
594.0
594.0
594.0
10.0
1.0
10.0
1.0
10.0
1.0
10.0
1.0
10.0
1.0
603.0
592.0
602.0
593.0
602.0
592.0
602.0
592.0
604.0
592.0
578.0
567.0
579.0
568.0
578.0
579.0
588.0
580.0
591.0
581.0
589.0
583.0
591.0
581.0
589.0
567.0
577.0
567.0
577.0
568.0
9.0
1.0
9.0
1.0
9.0
1.0
8.0
1.0
9.0
1.0
588.0
303.0
587.0
303.0
586.0
302.0
585.0
304.0
587.0
302.0
610.0
314.0
610.0
314.0
610.0
328.0
598.0
326.0
599.0
326.0
600.0
327.0
577.0
303.0
574.0
302.0
574.0
302.0
575.0
303.0
1.0
1.0
1.0
1.0
1.0
1.0
1.0
1.0
1.0
1.0
569.0
303.0
566.0
302.0
579.0
304.0
578.0
302.0
577.0
314.0
579.0
314.0
579.0
314.0
579.0
314.0
566.0
303.0
567.0
303.0
568.0
303.0
566.0
303.0
567.0
303.0
579.0
303.0
582.0
303.0
1.0
1.0
1.0
1.0
1.0
1.0
1.0
1.0
1.0
1.0
303.0
303.0
316.0
315.0
316.0
315.0
315.0
315.0
315.0
315.0
303.0
303.0
304.0
303.0
305.0
326.0
327.0
328.0
328.0
327.0
327.0
329.0
328.0
327.0
328.0
295.0
291.0
288.0
285.0
283.0
