2.0
1.0
2.0
2.0
1.0
1.0
2.0
2.0
1.0
1.0
33.0
32.0
144.0
143.0
145.0
143.0
597.0
596.0
597.0
594.0
598.0
596.0
599.0
597.0
598.0
597.0
581.0
579.0
579.0
579.0
580.0
579.0
580.0
579.0
582.0
580.0
599.0
597.0
598.0
598.0
599.0
598.0
597.0
596.0
598.0
596.0
578.0
577.0
578.0
577.0
32.0
31.0
143.0
143.0
144.0
143.0
577.0
578.0
614.0
612.0
614.0
613.0
636.0
637.0
634.0
636.0
648.0
646.0
606.0
605.0
608.0
605.0
599.0
600.0
600.0
599.0
597.0
595.0
596.0
595.0
596.0
596.0
580.0
580.0
580.0
580.0
577.0
578.0
577.0
577.0
32.0
31.0
143.0
143.0
143.0
143.0
596.0
596.0
596.0
596.0
597.0
596.0
596.0
597.0
596.0
596.0
578.0
577.0
577.0
577.0
578.0
578.0
613.0
614.0
613.0
614.0
614.0
614.0
614.0
614.0
613.0
614.0
578.0
580.0
578.0
578.0
596.0
597.0
597.0
597.0
32.0
29.0
144.0
141.0
144.0
142.0
600.0
598.0
600.0
597.0
599.0
599.0
580.0
578.0
580.0
579.0
577.0
576.0
579.0
576.0
578.0
577.0
597.0
595.0
597.0
595.0
597.0
595.0
596.0
594.0
597.0
596.0
578.0
576.0
579.0
577.0
616.0
613.0
615.0
613.0
32.0
30.0
144.0
142.0
143.0
141.0
613.0
611.0
613.0
611.0
613.0
613.0
577.0
575.0
576.0
575.0
596.0
593.0
596.0
594.0
597.0
595.0
596.0
595.0
596.0
594.0
577.0
576.0
577.0
575.0
578.0
575.0
561.0
560.0
561.0
560.0
520.0
518.0
520.0
517.0
33.0
33.0
33.0
32.0
32.0
31.0
29.0
15.0
2.0
2.0
32.0
32.0
32.0
32.0
30.0
30.0
28.0
2.0
2.0
2.0
145.0
145.0
144.0
144.0
144.0
142.0
141.0
56.0
2.0
2.0
144.0
143.0
144.0
144.0
141.0
141.0
140.0
44.0
2.0
1.0
145.0
144.0
144.0
144.0
144.0
142.0
156.0
57.0
2.0
2.0
161.0
161.0
162.0
163.0
161.0
162.0
159.0
43.0
1.0
2.0
599.0
599.0
582.0
582.0
581.0
578.0
576.0
491.0
234.0
235.0
579.0
580.0
598.0
598.0
595.0
596.0
594.0
498.0
235.0
235.0
598.0
598.0
598.0
597.0
577.0
576.0
574.0
491.0
235.0
235.0
614.0
615.0
615.0
615.0
613.0
612.0
611.0
515.0
272.0
272.0
579.0
579.0
578.0
578.0
578.0
575.0
574.0
490.0
235.0
235.0
597.0
596.0
595.0
595.0
594.0
595.0
593.0
496.0
253.0
253.0
579.0
579.0
579.0
580.0
580.0
578.0
577.0
492.0
235.0
236.0
596.0
595.0
596.0
596.0
594.0
594.0
592.0
495.0
251.0
252.0
579.0
579.0
578.0
579.0
578.0
576.0
575.0
492.0
235.0
235.0
614.0
613.0
614.0
613.0
612.0
612.0
611.0
515.0
272.0
272.0
578.0
578.0
578.0
578.0
578.0
577.0
574.0
491.0
235.0
235.0
596.0
596.0
596.0
596.0
594.0
595.0
592.0
497.0
254.0
253.0
579.0
578.0
578.0
578.0
578.0
577.0
575.0
491.0
235.0
235.0
596.0
597.0
596.0
596.0
596.0
596.0
594.0
497.0
253.0
254.0
578.0
578.0
579.0
579.0
579.0
576.0
611.0
491.0
235.0
235.0
617.0
615.0
616.0
616.0
613.0
614.0
612.0
516.0
273.0
237.0
579.0
578.0
578.0
578.0
592.0
594.0
593.0
490.0
235.0
234.0
597.0
597.0
597.0
597.0
595.0
595.0
594.0
481.0
235.0
234.0
580.0
578.0
578.0
578.0
579.0
593.0
593.0
491.0
236.0
235.0
596.0
595.0
596.0
596.0
594.0
594.0
593.0
496.0
236.0
235.0
579.0
578.0
578.0
614.0
615.0
612.0
611.0
526.0
235.0
235.0
633.0
637.0
638.0
638.0
635.0
600.0
600.0
505.0
241.0
247.0
595.0
592.0
604.0
607.0
599.0
596.0
595.0
511.0
235.0
236.0
598.0
596.0
596.0
597.0
577.0
577.0
575.0
479.0
235.0
234.0
580.0
580.0
595.0
596.0
596.0
594.0
592.0
509.0
235.0
235.0
596.0
596.0
595.0
595.0
578.0
578.0
576.0
478.0
235.0
235.0
581.0
617.0
617.0
617.0
617.0
616.0
613.0
527.0
235.0
235.0
614.0
614.0
613.0
577.0
576.0
576.0
573.0
477.0
234.0
234.0
595.0
595.0
597.0
597.0
597.0
596.0
595.0
509.0
235.0
236.0
596.0
596.0
580.0
578.0
575.0
576.0
574.0
478.0
235.0
234.0
579.0
596.0
597.0
596.0
597.0
594.0
594.0
510.0
235.0
235.0
596.0
596.0
596.0
578.0
576.0
575.0
573.0
478.0
234.0
234.0
615.0
615.0
613.0
614.0
613.0
612.0
610.0
525.0
272.0
271.0
577.0
577.0
577.0
577.0
575.0
575.0
573.0
478.0
235.0
235.0
32.0
31.0
31.0
31.0
29.0
30.0
29.0
2.0
1.0
2.0
31.0
31.0
31.0
30.0
30.0
30.0
18.0
1.0
2.0
1.0
144.0
143.0
143.0
143.0
141.0
141.0
140.0
44.0
2.0
1.0
143.0
143.0
143.0
141.0
142.0
142.0
117.0
2.0
1.0
1.0
144.0
144.0
143.0
162.0
160.0
161.0
158.0
43.0
1.0
2.0
162.0
163.0
162.0
162.0
160.0
160.0
117.0
2.0
1.0
1.0
578.0
578.0
578.0
577.0
576.0
576.0
575.0
477.0
235.0
234.0
577.0
577.0
596.0
595.0
594.0
594.0
570.0
235.0
234.0
235.0
596.0
596.0
595.0
596.0
593.0
575.0
609.0
477.0
234.0
234.0
613.0
613.0
613.0
612.0
612.0
611.0
588.0
271.0
271.0
235.0
579.0
576.0
577.0
578.0
575.0
576.0
573.0
477.0
234.0
234.0
597.0
597.0
596.0
596.0
595.0
596.0
570.0
254.0
254.0
255.0
577.0
577.0
577.0
577.0
576.0
576.0
574.0
478.0
235.0
234.0
596.0
596.0
596.0
593.0
594.0
595.0
571.0
253.0
253.0
253.0
579.0
578.0
579.0
578.0
577.0
577.0
576.0
478.0
235.0
235.0
615.0
615.0
614.0
614.0
614.0
613.0
589.0
272.0
271.0
271.0
579.0
578.0
577.0
578.0
576.0
576.0
573.0
478.0
235.0
234.0
596.0
594.0
594.0
593.0
593.0
593.0
569.0
252.0
252.0
252.0
577.0
577.0
578.0
577.0
576.0
576.0
574.0
478.0
234.0
234.0
596.0
596.0
596.0
594.0
594.0
593.0
570.0
252.0
252.0
253.0
577.0
578.0
577.0
577.0
576.0
576.0
573.0
478.0
234.0
235.0
613.0
613.0
614.0
611.0
612.0
613.0
588.0
272.0
270.0
271.0
594.0
594.0
600.0
599.0
595.0
593.0
594.0
499.0
246.0
247.0
603.0
604.0
599.0
595.0
594.0
595.0
571.0
253.0
253.0
253.0
578.0
577.0
577.0
577.0
576.0
575.0
575.0
478.0
235.0
235.0
597.0
597.0
597.0
595.0
596.0
595.0
571.0
254.0
255.0
253.0
578.0
577.0
578.0
578.0
575.0
575.0
574.0
478.0
235.0
235.0
614.0
614.0
613.0
612.0
612.0
612.0
587.0
271.0
271.0
271.0
578.0
577.0
577.0
577.0
576.0
576.0
574.0
478.0
235.0
234.0
596.0
597.0
598.0
595.0
595.0
596.0
571.0
253.0
254.0
254.0
579.0
578.0
578.0
578.0
576.0
576.0
576.0
478.0
235.0
234.0
596.0
595.0
596.0
595.0
595.0
594.0
570.0
252.0
253.0
253.0
579.0
578.0
577.0
578.0
575.0
575.0
574.0
479.0
234.0
234.0
614.0
614.0
615.0
612.0
613.0
612.0
588.0
271.0
272.0
271.0
577.0
577.0
577.0
577.0
576.0
575.0
574.0
478.0
235.0
234.0
596.0
597.0
596.0
594.0
595.0
595.0
571.0
252.0
253.0
253.0
579.0
577.0
577.0
578.0
575.0
575.0
574.0
477.0
234.0
235.0
597.0
596.0
597.0
595.0
595.0
596.0
572.0
236.0
254.0
254.0
597.0
577.0
578.0
578.0
577.0
576.0
575.0
478.0
234.0
234.0
614.0
614.0
614.0
613.0
613.0
612.0
588.0
270.0
271.0
271.0
32.0
31.0
31.0
30.0
30.0
30.0
18.0
1.0
2.0
1.0
31.0
31.0
31.0
29.0
29.0
19.0
14.0
2.0
2.0
1.0
143.0
143.0
143.0
141.0
141.0
141.0
117.0
1.0
2.0
1.0
143.0
143.0
143.0
141.0
141.0
119.0
55.0
1.0
1.0
2.0
143.0
143.0
143.0
142.0
142.0
141.0
117.0
2.0
1.0
1.0
144.0
143.0
143.0
141.0
141.0
118.0
56.0
1.0
1.0
1.0
596.0
595.0
596.0
594.0
599.0
594.0
569.0
235.0
235.0
234.0
595.0
596.0
596.0
576.0
575.0
554.0
491.0
234.0
234.0
235.0
577.0
593.0
597.0
593.0
593.0
593.0
571.0
236.0
234.0
235.0
597.0
598.0
598.0
595.0
580.0
561.0
493.0
235.0
235.0
237.0
618.0
618.0
616.0
615.0
615.0
615.0
591.0
235.0
237.0
235.0
621.0
639.0
621.0
584.0
584.0
562.0
497.0
238.0
238.0
238.0
599.0
599.0
599.0
597.0
595.0
595.0
570.0
235.0
236.0
251.0
594.0
595.0
579.0
575.0
576.0
553.0
490.0
235.0
234.0
234.0
579.0
579.0
580.0
577.0
595.0
597.0
572.0
235.0
236.0
235.0
597.0
597.0
599.0
596.0
596.0
572.0
510.0
236.0
234.0
235.0
613.0
614.0
613.0
612.0
612.0
613.0
588.0
234.0
234.0
234.0
615.0
614.0
615.0
587.0
590.0
573.0
507.0
234.0
235.0
234.0
598.0
599.0
598.0
634.0
614.0
619.0
579.0
242.0
242.0
241.0
597.0
597.0
597.0
595.0
595.0
572.0
493.0
237.0
247.0
235.0
577.0
603.0
577.0
592.0
593.0
593.0
571.0
235.0
234.0
235.0
597.0
597.0
597.0
596.0
622.0
573.0
494.0
237.0
237.0
235.0
578.0
577.0
577.0
576.0
576.0
576.0
551.0
246.0
235.0
235.0
642.0
615.0
615.0
614.0
614.0
591.0
528.0
272.0
271.0
272.0
578.0
578.0
577.0
575.0
602.0
576.0
551.0
234.0
234.0
235.0
597.0
596.0
596.0
595.0
595.0
572.0
510.0
254.0
264.0
254.0
578.0
607.0
578.0
577.0
577.0
577.0
552.0
235.0
234.0
235.0
596.0
597.0
597.0
594.0
595.0
598.0
509.0
253.0
253.0
252.0
585.0
585.0
584.0
582.0
582.0
582.0
558.0
240.0
240.0
242.0
615.0
614.0
613.0
612.0
613.0
589.0
528.0
271.0
272.0
271.0
578.0
578.0
579.0
576.0
576.0
575.0
551.0
234.0
234.0
235.0
596.0
596.0
596.0
594.0
594.0
571.0
509.0
253.0
253.0
253.0
578.0
578.0
578.0
576.0
575.0
575.0
552.0
235.0
235.0
235.0
597.0
598.0
598.0
595.0
595.0
573.0
510.0
235.0
235.0
235.0
598.0
597.0
598.0
577.0
575.0
576.0
553.0
235.0
235.0
235.0
613.0
614.0
614.0
611.0
612.0
589.0
526.0
235.0
234.0
234.0
613.0
613.0
613.0
575.0
575.0
575.0
551.0
234.0
234.0
235.0
577.0
577.0
576.0
593.0
593.0
572.0
508.0
234.0
234.0
235.0
596.0
596.0
595.0
594.0
596.0
596.0
552.0
235.0
235.0
235.0
578.0
577.0
578.0
594.0
594.0
572.0
506.0
234.0
234.0
235.0
31.0
32.0
32.0
29.0
30.0
30.0
18.0
1.0
2.0
2.0
30.0
29.0
30.0
29.0
18.0
7.0
1.0
1.0
1.0
1.0
162.0
161.0
161.0
160.0
161.0
160.0
120.0
2.0
1.0
2.0
141.0
141.0
141.0
141.0
129.0
49.0
2.0
1.0
1.0
1.0
143.0
143.0
143.0
141.0
142.0
142.0
117.0
2.0
1.0
2.0
141.0
141.0
142.0
142.0
130.0
50.0
1.0
1.0
1.0
2.0
614.0
615.0
614.0
612.0
611.0
611.0
587.0
234.0
234.0
234.0
612.0
611.0
612.0
576.0
564.0
485.0
235.0
235.0
235.0
234.0
578.0
578.0
578.0
577.0
576.0
576.0
552.0
235.0
235.0
234.0
593.0
594.0
593.0
594.0
581.0
502.0
252.0
252.0
252.0
253.0
577.0
578.0
577.0
575.0
577.0
576.0
552.0
234.0
234.0
235.0
595.0
595.0
594.0
596.0
583.0
503.0
236.0
252.0
252.0
253.0
596.0
578.0
578.0
576.0
575.0
576.0
551.0
235.0
234.0
235.0
611.0
612.0
611.0
611.0
599.0
520.0
270.0
271.0
270.0
269.0
594.0
594.0
597.0
595.0
601.0
598.0
575.0
234.0
237.0
244.0
614.0
615.0
607.0
600.0
587.0
505.0
238.0
234.0
234.0
235.0
596.0
596.0
596.0
593.0
578.0
576.0
551.0
234.0
234.0
234.0
576.0
594.0
595.0
594.0
582.0
501.0
234.0
234.0
234.0
234.0
596.0
597.0
597.0
595.0
593.0
576.0
551.0
234.0
235.0
235.0
576.0
575.0
575.0
576.0
563.0
520.0
234.0
234.0
234.0
234.0
613.0
613.0
613.0
611.0
611.0
611.0
587.0
270.0
270.0
234.0
575.0
575.0
575.0
576.0
563.0
484.0
234.0
234.0
234.0
234.0
595.0
594.0
594.0
593.0
593.0
593.0
568.0
251.0
251.0
251.0
575.0
576.0
575.0
575.0
563.0
484.0
235.0
234.0
234.0
234.0
597.0
598.0
598.0
596.0
598.0
596.0
575.0
252.0
255.0
255.0
579.0
575.0
576.0
576.0
563.0
484.0
235.0
234.0
235.0
234.0
613.0
614.0
613.0
615.0
610.0
612.0
586.0
234.0
234.0
234.0
611.0
611.0
612.0
575.0
564.0
483.0
234.0
235.0
234.0
234.0
583.0
593.0
595.0
594.0
594.0
594.0
569.0
234.0
233.0
234.0
594.0
594.0
595.0
597.0
565.0
484.0
234.0
234.0
234.0
234.0
578.0
579.0
579.0
577.0
595.0
596.0
574.0
234.0
234.0
243.0
599.0
599.0
607.0
599.0
585.0
505.0
255.0
237.0
237.0
235.0
578.0
578.0
578.0
576.0
576.0
611.0
552.0
235.0
235.0
235.0
613.0
612.0
613.0
613.0
600.0
520.0
271.0
271.0
272.0
234.0
579.0
579.0
580.0
578.0
578.0
578.0
554.0
234.0
235.0
235.0
595.0
596.0
594.0
594.0
582.0
502.0
252.0
252.0
253.0
252.0
578.0
578.0
577.0
576.0
576.0
576.0
551.0
234.0
234.0
235.0
595.0
595.0
595.0
594.0
582.0
503.0
235.0
235.0
252.0
254.0
597.0
597.0
579.0
576.0
576.0
577.0
552.0
236.0
235.0
235.0
610.0
611.0
611.0
612.0
599.0
520.0
234.0
234.0
234.0
235.0
31.0
32.0
31.0
29.0
65.0
65.0
49.0
1.0
1.0
2.0
65.0
29.0
29.0
17.0
17.0
7.0
1.0
1.0
1.0
1.0
143.0
143.0
143.0
141.0
141.0
141.0
56.0
1.0
1.0
1.0
141.0
141.0
141.0
129.0
87.0
7.0
1.0
1.0
1.0
1.0
142.0
143.0
143.0
141.0
141.0
141.0
56.0
1.0
1.0
1.0
141.0
140.0
141.0
128.0
87.0
6.0
1.0
1.0
1.0
1.0
577.0
577.0
577.0
575.0
575.0
575.0
490.0
234.0
234.0
234.0
594.0
594.0
594.0
582.0
540.0
259.0
254.0
253.0
253.0
253.0
577.0
577.0
576.0
576.0
576.0
575.0
490.0
234.0
235.0
234.0
595.0
595.0
594.0
582.0
540.0
241.0
236.0
251.0
253.0
253.0
595.0
595.0
577.0
578.0
576.0
575.0
490.0
234.0
234.0
234.0
610.0
611.0
612.0
599.0
557.0
240.0
233.0
234.0
269.0
270.0
629.0
629.0
630.0
595.0
610.0
607.0
521.0
237.0
237.0
241.0
622.0
620.0
616.0
595.0
552.0
254.0
245.0
234.0
233.0
249.0
594.0
594.0
594.0
592.0
576.0
575.0
490.0
234.0
234.0
235.0
575.0
576.0
576.0
564.0
522.0
240.0
234.0
234.0
234.0
234.0
597.0
596.0
596.0
594.0
595.0
593.0
508.0
252.0
251.0
252.0
574.0
575.0
575.0
562.0
521.0
240.0
234.0
234.0
234.0
234.0
614.0
614.0
613.0
612.0
612.0
611.0
526.0
271.0
270.0
271.0
575.0
575.0
575.0
562.0
520.0
240.0
235.0
234.0
234.0
234.0
594.0
594.0
596.0
593.0
594.0
594.0
508.0
234.0
235.0
250.0
594.0
593.0
578.0
564.0
521.0
240.0
234.0
234.0
234.0
234.0
578.0
579.0
578.0
576.0
592.0
595.0
510.0
234.0
235.0
235.0
596.0
595.0
595.0
583.0
540.0
260.0
254.0
237.0
234.0
235.0
577.0
577.0
577.0
575.0
576.0
575.0
490.0
234.0
234.0
234.0
611.0
611.0
610.0
599.0
556.0
276.0
270.0
270.0
270.0
270.0
577.0
577.0
577.0
574.0
576.0
575.0
489.0
235.0
235.0
234.0
593.0
594.0
593.0
581.0
539.0
240.0
235.0
234.0
252.0
253.0
596.0
595.0
596.0
575.0
575.0
576.0
489.0
234.0
234.0
234.0
590.0
594.0
595.0
582.0
540.0
240.0
235.0
235.0
234.0
235.0
596.0
596.0
595.0
594.0
594.0
577.0
490.0
234.0
235.0
234.0
575.0
575.0
575.0
563.0
521.0
240.0
234.0
235.0
234.0
234.0
614.0
614.0
614.0
611.0
612.0
612.0
526.0
272.0
270.0
271.0
574.0
575.0
574.0
562.0
520.0
239.0
233.0
234.0
234.0
233.0
596.0
596.0
596.0
594.0
595.0
594.0
510.0
253.0
254.0
255.0
575.0
574.0
575.0
563.0
521.0
241.0
234.0
235.0
234.0
234.0
596.0
596.0
596.0
594.0
595.0
597.0
509.0
234.0
235.0
234.0
595.0
594.0
596.0
565.0
522.0
241.0
236.0
236.0
235.0
234.0
578.0
577.0
576.0
575.0
611.0
612.0
526.0
235.0
234.0
234.0
593.0
588.0
580.0
559.0
526.0
278.0
272.0
233.0
232.0
222.0
