8.0
7.0
5.0
5.0
4.0
5.0
5.0
5.0
6.0
6.0
79.0
44.0
44.0
44.0
78.0
44.0
44.0
44.0
77.0
77.0
69.0
68.0
68.0
68.0
68.0
69.0
137.0
137.0
138.0
138.0
86.0
85.0
84.0
84.0
84.0
84.0
68.0
68.0
68.0
68.0
256.0
256.0
296.0
460.0
459.0
327.0
254.0
254.0
253.0
254.0
505.0
544.0
448.0
540.0
566.0
545.0
543.0
542.0
618.0
618.0
427.0
489.0
492.0
475.0
490.0
488.0
457.0
485.0
474.0
473.0
478.0
480.0
487.0
480.0
481.0
486.0
479.0
487.0
485.0
484.0
465.0
466.0
466.0
463.0
463.0
463.0
467.0
466.0
467.0
468.0
466.0
482.0
486.0
482.0
481.0
482.0
487.0
485.0
485.0
484.0
484.0
465.0
467.0
464.0
465.0
465.0
469.0
467.0
467.0
467.0
466.0
464.0
486.0
481.0
481.0
482.0
485.0
530.0
527.0
528.0
527.0
525.0
511.0
507.0
508.0
506.0
510.0
468.0
466.0
467.0
464.0
463.0
469.0
463.0
463.0
464.0
469.0
468.0
488.0
486.0
486.0
486.0
485.0
484.0
484.0
484.0
486.0
486.0
467.0
467.0
465.0
465.0
470.0
464.0
464.0
466.0
469.0
466.0
492.0
497.0
497.0
503.0
500.0
509.0
505.0
508.0
502.0
511.0
488.0
484.0
7124.0
7122.0
7212.0
7234.0
7167.0
7264.0
7194.0
7171.0
7178.0
7289.0
7211.0
7129.0
7213.0
7195.0
7124.0
7131.0
7197.0
7151.0
7184.0
7172.0
7193.0
7214.0
7133.0
7151.0
6165.0
44.0
76.0
44.0
43.0
76.0
44.0
43.0
43.0
76.0
76.0
43.0
43.0
43.0
43.0
42.0
43.0
89.0
89.0
88.0
89.0
57.0
56.0
55.0
55.0
55.0
56.0
43.0
42.0
42.0
43.0
44.0
44.0
76.0
76.0
76.0
77.0
43.0
43.0
4.0
4.0
44.0
34.0
22.0
21.0
21.0
34.0
21.0
22.0
4.0
4.0
23.0
4.0
4.0
4.0
3.0
5.0
7.0
6.0
6.0
4.0
5.0
7.0
3.0
4.0
4.0
6.0
7.0
4.0
4.0
6.0
5.0
4.0
4.0
7.0
4.0
4.0
4.0
4.0
7.0
6.0
5.0
4.0
6.0
4.0
4.0
6.0
4.0
4.0
4.0
4.0
5.0
6.0
4.0
6.0
7.0
4.0
4.0
4.0
4.0
6.0
68.0
67.0
62.0
67.0
67.0
121.0
120.0
120.0
66.0
119.0
54.0
67.0
66.0
67.0
66.0
67.0
54.0
68.0
120.0
120.0
68.0
67.0
67.0
66.0
67.0
66.0
54.0
60.0
66.0
66.0
68.0
67.0
67.0
66.0
54.0
123.0
122.0
98.0
28.0
4.0
112.0
102.0
89.0
90.0
89.0
93.0
89.0
37.0
4.0
4.0
47.0
29.0
4.0
4.0
4.0
29.0
4.0
4.0
4.0
3.0
5.0
4.0
4.0
3.0
5.0
5.0
4.0
4.0
4.0
4.0
5.0
4.0
3.0
4.0
4.0
4.0
3.0
4.0
3.0
3.0
5.0
5.0
3.0
4.0
4.0
4.0
4.0
4.0
3.0
3.0
5.0
4.0
3.0
4.0
4.0
4.0
4.0
4.0
4.0
3.0
67.0
67.0
54.0
67.0
66.0
67.0
66.0
54.0
67.0
66.0
55.0
54.0
67.0
66.0
67.0
67.0
67.0
67.0
67.0
67.0
55.0
56.0
66.0
83.0
67.0
67.0
67.0
67.0
67.0
66.0
55.0
94.0
67.0
66.0
67.0
67.0
67.0
67.0
28.0
4.0
57.0
63.0
45.0
39.0
45.0
58.0
45.0
45.0
4.0
4.0
46.0
28.0
3.0
4.0
4.0
24.0
4.0
4.0
3.0
4.0
5.0
4.0
3.0
4.0
3.0
4.0
4.0
4.0
4.0
3.0
5.0
4.0
3.0
4.0
4.0
4.0
4.0
4.0
3.0
3.0
5.0
4.0
3.0
4.0
3.0
4.0
4.0
4.0
4.0
4.0
4.0
3.0
3.0
4.0
4.0
4.0
4.0
4.0
4.0
3.0
221.0
304.0
248.0
248.0
249.0
250.0
249.0
219.0
331.0
247.0
220.0
219.0
245.0
245.0
244.0
246.0
244.0
245.0
412.0
410.0
238.0
236.0
261.0
262.0
263.0
263.0
263.0
262.0
219.0
218.0
396.0
394.0
245.0
244.0
245.0
245.0
245.0
245.0
186.0
164.0
246.0
236.0
225.0
225.0
223.0
237.0
201.0
201.0
296.0
5.0
361.0
208.0
183.0
185.0
185.0
208.0
186.0
164.0
164.0
5.0
185.0
184.0
314.0
183.0
164.0
185.0
184.0
165.0
183.0
5.0
317.0
183.0
201.0
202.0
201.0
183.0
201.0
203.0
4.0
20.0
5.0
5.0
4.0
4.0
4.0
4.0
4.0
4.0
4.0
4.0
4.0
4.0
3.0
4.0
4.0
4.0
3.0
4.0
5.0
4.0
781.0
487.0
433.0
433.0
484.0
484.0
484.0
485.0
483.0
778.0
434.0
502.0
449.0
501.0
502.0
500.0
500.0
501.0
580.0
539.0
519.0
502.0
532.0
632.0
529.0
530.0
529.0
528.0
747.0
450.0
448.0
449.0
467.0
468.0
467.0
467.0
467.0
827.0
431.0
408.0
466.0
476.0
464.0
463.0
464.0
474.0
790.0
429.0
394.0
4.0
429.0
431.0
630.0
408.0
409.0
431.0
408.0
393.0
392.0
4.0
397.0
424.0
486.0
427.0
424.0
426.0
426.0
424.0
424.0
4.0
426.0
423.0
406.0
405.0
405.0
405.0
406.0
406.0
3.0
4.0
4.0
4.0
4.0
4.0
3.0
4.0
4.0
3.0
4.0
4.0
4.0
4.0
4.0
4.0
4.0
4.0
4.0
3.0
3.0
4.0
465.0
462.0
465.0
462.0
464.0
463.0
463.0
479.0
480.0
483.0
483.0
484.0
483.0
536.0
535.0
536.0
535.0
517.0
520.0
516.0
517.0
516.0
517.0
464.0
465.0
465.0
464.0
465.0
468.0
463.0
467.0
465.0
466.0
466.0
483.0
483.0
482.0
483.0
458.0
426.0
483.0
474.0
462.0
463.0
447.0
455.0
447.0
446.0
408.0
4.0
448.0
444.0
417.0
424.0
434.0
458.0
433.0
424.0
428.0
4.0
432.0
447.0
431.0
433.0
436.0
454.0
442.0
430.0
439.0
4.0
441.0
440.0
420.0
409.0
408.0
409.0
428.0
413.0
3.0
3.0
5.0
4.0
3.0
4.0
4.0
4.0
4.0
3.0
3.0
3.0
5.0
4.0
4.0
4.0
4.0
4.0
4.0
4.0
3.0
4.0
465.0
465.0
465.0
462.0
461.0
488.0
487.0
485.0
568.0
541.0
534.0
534.0
536.0
533.0
532.0
522.0
522.0
521.0
499.0
469.0
465.0
464.0
463.0
462.0
463.0
470.0
470.0
468.0
493.0
486.0
484.0
482.0
483.0
484.0
481.0
484.0
483.0
484.0
429.0
405.0
466.0
456.0
443.0
443.0
442.0
455.0
445.0
442.0
406.0
3.0
444.0
428.0
405.0
406.0
403.0
430.0
424.0
423.0
421.0
4.0
424.0
422.0
422.0
423.0
423.0
422.0
422.0
403.0
406.0
4.0
405.0
407.0
405.0
406.0
406.0
407.0
405.0
406.0
4.0
3.0
5.0
3.0
3.0
4.0
4.0
4.0
4.0
4.0
3.0
3.0
4.0
3.0
3.0
4.0
4.0
4.0
4.0
4.0
4.0
3.0
483.0
483.0
482.0
483.0
537.0
537.0
537.0
537.0
537.0
537.0
519.0
520.0
520.0
520.0
463.0
464.0
465.0
462.0
464.0
464.0
464.0
463.0
463.0
466.0
463.0
481.0
483.0
480.0
484.0
484.0
486.0
485.0
485.0
487.0
483.0
464.0
463.0
463.0
427.0
406.0
464.0
455.0
443.0
444.0
443.0
453.0
444.0
443.0
404.0
4.0
443.0
447.0
427.0
423.0
426.0
447.0
423.0
424.0
423.0
3.0
426.0
423.0
407.0
405.0
404.0
408.0
406.0
407.0
407.0
4.0
408.0
408.0
406.0
409.0
406.0
405.0
425.0
425.0
4.0
3.0
5.0
3.0
3.0
4.0
4.0
5.0
4.0
4.0
3.0
3.0
5.0
4.0
3.0
4.0
4.0
4.0
4.0
4.0
3.0
3.0
543.0
543.0
540.0
542.0
542.0
544.0
547.0
542.0
525.0
523.0
465.0
466.0
466.0
466.0
464.0
463.0
463.0
470.0
466.0
464.0
485.0
482.0
482.0
483.0
482.0
482.0
481.0
486.0
485.0
481.0
467.0
468.0
465.0
466.0
466.0
463.0
465.0
469.0
430.0
406.0
466.0
455.0
443.0
444.0
445.0
476.0
465.0
468.0
430.0
4.0
468.0
448.0
427.0
427.0
426.0
449.0
410.0
407.0
407.0
4.0
406.0
406.0
408.0
408.0
407.0
408.0
406.0
411.0
405.0
3.0
408.0
408.0
423.0
425.0
425.0
485.0
486.0
486.0
4.0
3.0
4.0
4.0
4.0
4.0
3.0
4.0
3.0
4.0
3.0
4.0
20.0
20.0
20.0
4.0
4.0
4.0
4.0
4.0
4.0
4.0
529.0
532.0
528.0
529.0
529.0
525.0
526.0
467.0
464.0
466.0
465.0
465.0
466.0
468.0
465.0
465.0
466.0
465.0
466.0
466.0
483.0
483.0
482.0
486.0
483.0
485.0
484.0
484.0
484.0
487.0
467.0
466.0
466.0
471.0
467.0
466.0
465.0
464.0
428.0
404.0
488.0
476.0
468.0
470.0
464.0
474.0
461.0
463.0
425.0
3.0
461.0
428.0
406.0
405.0
405.0
429.0
406.0
407.0
403.0
3.0
407.0
405.0
422.0
422.0
421.0
423.0
424.0
423.0
425.0
3.0
425.0
422.0
422.0
471.0
469.0
469.0
472.0
468.0
4.0
4.0
4.0
4.0
4.0
3.0
4.0
3.0
3.0
4.0
4.0
4.0
4.0
4.0
3.0
4.0
4.0
4.0
3.0
4.0
3.0
4.0
541.0
538.0
536.0
534.0
535.0
490.0
491.0
489.0
493.0
488.0
489.0
488.0
486.0
486.0
489.0
490.0
489.0
494.0
499.0
497.0
485.0
488.0
483.0
488.0
487.0
464.0
464.0
462.0
464.0
464.0
464.0
464.0
463.0
464.0
463.0
482.0
480.0
483.0
445.0
423.0
482.0
473.0
460.0
460.0
461.0
452.0
444.0
443.0
404.0
4.0
444.0
427.0
404.0
403.0
404.0
428.0
406.0
405.0
422.0
4.0
424.0
424.0
424.0
423.0
423.0
422.0
488.0
488.0
489.0
4.0
474.0
471.0
469.0
469.0
469.0
471.0
468.0
405.0
4.0
4.0
4.0
4.0
4.0
3.0
4.0
4.0
4.0
4.0
3.0
3.0
5.0
4.0
3.0
4.0
3.0
4.0
4.0
3.0
4.0
4.0
463.0
463.0
464.0
463.0
463.0
466.0
463.0
463.0
463.0
466.0
482.0
483.0
482.0
482.0
481.0
483.0
481.0
481.0
480.0
481.0
466.0
465.0
464.0
464.0
464.0
464.0
463.0
464.0
464.0
464.0
483.0
483.0
481.0
482.0
485.0
483.0
485.0
483.0
447.0
425.0
466.0
456.0
443.0
443.0
444.0
455.0
446.0
442.0
406.0
3.0
443.0
448.0
408.0
405.0
404.0
447.0
424.0
425.0
423.0
3.0
423.0
425.0
490.0
491.0
491.0
473.0
473.0
471.0
473.0
3.0
473.0
472.0
472.0
406.0
405.0
406.0
405.0
405.0
3.0
3.0
5.0
4.0
4.0
3.0
4.0
4.0
4.0
4.0
4.0
4.0
4.0
4.0
3.0
4.0
3.0
3.0
4.0
4.0
3.0
4.0
465.0
464.0
464.0
462.0
462.0
485.0
481.0
481.0
480.0
482.0
482.0
482.0
482.0
483.0
480.0
466.0
467.0
466.0
464.0
463.0
469.0
470.0
467.0
464.0
463.0
482.0
483.0
482.0
483.0
482.0
483.0
483.0
480.0
482.0
482.0
466.0
465.0
463.0
430.0
409.0
468.0
459.0
442.0
442.0
444.0
460.0
449.0
448.0
405.0
3.0
445.0
513.0
423.0
422.0
492.0
515.0
490.0
493.0
491.0
3.0
494.0
489.0
475.0
472.0
408.0
403.0
408.0
405.0
409.0
3.0
410.0
406.0
411.0
406.0
406.0
406.0
410.0
409.0
4.0
4.0
4.0
4.0
4.0
3.0
4.0
4.0
4.0
4.0
3.0
3.0
5.0
4.0
4.0
4.0
3.0
4.0
4.0
4.0
3.0
3.0
482.0
482.0
485.0
484.0
484.0
481.0
481.0
481.0
485.0
483.0
463.0
463.0
468.0
469.0
468.0
463.0
464.0
465.0
466.0
466.0
483.0
483.0
484.0
482.0
486.0
481.0
481.0
483.0
482.0
483.0
466.0
464.0
464.0
464.0
463.0
465.0
464.0
463.0
429.0
407.0
484.0
470.0
460.0
463.0
462.0
547.0
461.0
462.0
425.0
4.0
534.0
501.0
478.0
479.0
476.0
499.0
478.0
475.0
476.0
4.0
406.0
407.0
406.0
405.0
404.0
406.0
406.0
407.0
405.0
4.0
406.0
405.0
406.0
425.0
423.0
424.0
422.0
424.0
3.0
4.0
5.0
4.0
3.0
4.0
4.0
4.0
3.0
4.0
4.0
3.0
4.0
4.0
3.0
3.0
3.0
4.0
4.0
4.0
4.0
4.0
482.0
483.0
481.0
481.0
481.0
463.0
464.0
464.0
463.0
466.0
465.0
464.0
461.0
463.0
463.0
482.0
481.0
481.0
482.0
482.0
484.0
483.0
482.0
482.0
483.0
477.0
477.0
476.0
474.0
487.0
483.0
479.0
488.0
486.0
487.0
492.0
510.0
491.0
439.0
448.0
563.0
552.0
554.0
553.0
553.0
545.0
519.0
518.0
483.0
4.0
521.0
427.0
405.0
405.0
405.0
428.0
406.0
405.0
404.0
3.0
407.0
405.0
405.0
405.0
405.0
407.0
405.0
422.0
423.0
3.0
424.0
424.0
423.0
422.0
423.0
424.0
424.0
422.0
4.0
3.0
4.0
4.0
4.0
3.0
3.0
4.0
4.0
4.0
3.0
4.0
4.0
4.0
3.0
3.0
4.0
4.0
4.0
4.0
3.0
4.0
467.0
463.0
463.0
463.0
461.0
463.0
463.0
463.0
461.0
464.0
482.0
483.0
482.0
482.0
482.0
482.0
481.0
481.0
480.0
480.0
465.0
465.0
462.0
465.0
463.0
464.0
463.0
462.0
462.0
464.0
480.0
479.0
479.0
480.0
477.0
552.0
554.0
551.0
445.0
423.0
539.0
533.0
519.0
519.0
517.0
529.0
516.0
446.0
407.0
4.0
444.0
426.0
408.0
408.0
405.0
428.0
408.0
406.0
409.0
4.0
408.0
407.0
425.0
423.0
423.0
421.0
424.0
423.0
423.0
4.0
424.0
423.0
423.0
406.0
405.0
403.0
404.0
406.0
4.0
3.0
5.0
4.0
3.0
4.0
4.0
4.0
4.0
3.0
3.0
4.0
4.0
4.0
4.0
3.0
4.0
3.0
4.0
3.0
3.0
3.0
7194.0
7193.0
7192.0
7217.0
7228.0
7231.0
7220.0
7224.0
7201.0
7144.0
7155.0
7214.0
7200.0
7167.0
7181.0
7160.0
7187.0
7168.0
7188.0
7176.0
7139.0
7155.0
7207.0
7186.0
7220.0
7161.0
7361.0
7162.0
7186.0
7190.0
7179.0
7177.0
7127.0
7137.0
7152.0
7146.0
7159.0
7141.0
7121.0
6682.0
7083.0
7141.0
7160.0
7147.0
7092.0
7036.0
7091.0
6639.0
7091.0
7123.0
7108.0
7093.0
7080.0
7088.0
7088.0
6683.0
7139.0
7156.0
7147.0
7107.0
7158.0
7128.0
6741.0
3762.0
6684.0
6679.0
6714.0
6683.0
6667.0
6656.0
3737.0
3750.0
3655.0
3662.0
3686.0
3670.0
3703.0
3669.0
3706.0
3685.0
3688.0
3667.0
7141.0
7214.0
7151.0
7185.0
7245.0
7247.0
7235.0
7238.0
7216.0
7168.0
7143.0
7185.0
7194.0
7116.0
7131.0
7076.0
7072.0
7179.0
7144.0
7153.0
7120.0
7126.0
7147.0
7129.0
7123.0
7177.0
7129.0
7072.0
7065.0
7113.0
7064.0
7108.0
7100.0
7178.0
7099.0
6717.0
7117.0
7111.0
7222.0
7116.0
7065.0
7166.0
6796.0
7273.0
7102.0
7095.0
7085.0
7103.0
7070.0
6637.0
7068.0
7199.0
7160.0
7082.0
7122.0
6717.0
3694.0
6670.0
6732.0
6678.0
6666.0
6604.0
6756.0
3714.0
3723.0
3695.0
3697.0
3683.0
3626.0
3629.0
3643.0
3670.0
3658.0
3666.0
3655.0
7120.0
7131.0
7150.0
7145.0
7075.0
7118.0
7141.0
7208.0
7145.0
7162.0
7191.0
7147.0
7143.0
7254.0
7255.0
7269.0
7209.0
7272.0
7194.0
7248.0
7204.0
7253.0
7120.0
7193.0
7156.0
7155.0
7102.0
7206.0
7189.0
7155.0
7112.0
6711.0
7134.0
7228.0
7161.0
7114.0
7082.0
6671.0
7096.0
7072.0
7066.0
7073.0
7101.0
7121.0
6674.0
7102.0
7137.0
7123.0
7119.0
6699.0
3688.0
6696.0
6692.0
6730.0
6678.0
6700.0
3677.0
3658.0
3667.0
3653.0
3684.0
3673.0
3683.0
3654.0
3669.0
3667.0
3665.0
3661.0
7221.0
7171.0
7159.0
7167.0
7168.0
7179.0
7205.0
7169.0
7169.0
7179.0
7146.0
7154.0
7273.0
7155.0
7174.0
7138.0
7159.0
7160.0
7177.0
7217.0
7189.0
7069.0
7059.0
7137.0
7129.0
7137.0
7097.0
6698.0
7071.0
7090.0
7115.0
7069.0
7118.0
6665.0
7140.0
7190.0
7171.0
7148.0
7138.0
6787.0
7184.0
7155.0
7325.0
7216.0
6713.0
3748.0
6794.0
6855.0
6823.0
6666.0
3689.0
3855.0
3710.0
3729.0
3728.0
3546.0
3464.0
3482.0
3480.0
3412.0
3457.0
3393.0
