1.0
1.0
1.0
1.0
1.0
1.0
1.0
1.0
1.0
1.0
38.0
38.0
23.0
23.0
23.0
23.0
22.0
23.0
39.0
39.0
115.0
115.0
95.0
114.0
116.0
236.0
429.0
279.0
279.0
430.0
193.0
235.0
238.0
238.0
236.0
245.0
206.0
206.0
245.0
274.0
275.0
274.0
275.0
316.0
314.0
267.0
224.0
223.0
267.0
235.0
238.0
238.0
239.0
202.0
203.0
236.0
207.0
236.0
238.0
235.0
236.0
237.0
237.0
206.0
205.0
206.0
232.0
235.0
232.0
228.0
229.0
228.0
229.0
216.0
216.0
217.0
220.0
222.0
219.0
219.0
221.0
221.0
221.0
221.0
220.0
232.0
233.0
232.0
232.0
232.0
231.0
230.0
231.0
232.0
231.0
221.0
220.0
219.0
219.0
221.0
220.0
220.0
220.0
221.0
221.0
220.0
221.0
220.0
220.0
220.0
22.0
22.0
21.0
21.0
21.0
21.0
21.0
22.0
22.0
21.0
109.0
106.0
105.0
106.0
106.0
220.0
220.0
222.0
223.0
222.0
221.0
220.0
221.0
220.0
220.0
219.0
222.0
226.0
221.0
225.0
235.0
229.0
236.0
230.0
261.0
263.0
263.0
265.0
264.0
263.0
255.0
253.0
254.0
255.0
222.0
222.0
220.0
220.0
220.0
221.0
221.0
219.0
222.0
221.0
220.0
221.0
221.0
221.0
223.0
221.0
220.0
219.0
223.0
220.0
222.0
221.0
221.0
221.0
220.0
221.0
220.0
221.0
221.0
221.0
225.0
236.0
238.0
241.0
247.0
251.0
241.0
242.0
246.0
244.0
251.0
236.0
236.0
236.0
230.0
232.0
232.0
232.0
239.0
236.0
232.0
225.0
215.0
216.0
213.0
219.0
39.0
23.0
24.0
38.0
23.0
23.0
23.0
23.0
40.0
1.0
39.0
23.0
23.0
23.0
23.0
23.0
23.0
39.0
33.0
1.0
39.0
39.0
22.0
23.0
23.0
23.0
23.0
23.0
18.0
0.0
23.0
23.0
23.0
23.0
23.0
39.0
40.0
39.0
32.0
1.0
23.0
22.0
23.0
23.0
23.0
23.0
39.0
22.0
32.0
1.0
23.0
23.0
23.0
23.0
23.0
39.0
39.0
22.0
23.0
1.0
23.0
23.0
23.0
23.0
39.0
39.0
39.0
23.0
32.0
1.0
20.0
23.0
23.0
23.0
23.0
23.0
19.0
39.0
18.0
1.0
22.0
22.0
23.0
39.0
39.0
39.0
18.0
22.0
19.0
1.0
23.0
22.0
23.0
19.0
23.0
39.0
23.0
39.0
32.0
1.0
115.0
115.0
116.0
199.0
93.0
114.0
114.0
199.0
126.0
2.0
121.0
93.0
115.0
114.0
115.0
115.0
112.0
110.0
110.0
1.0
93.0
159.0
114.0
149.0
115.0
115.0
114.0
115.0
89.0
1.0
114.0
93.0
140.0
140.0
140.0
118.0
139.0
140.0
137.0
0.0
119.0
141.0
141.0
93.0
114.0
114.0
114.0
114.0
110.0
0.0
196.0
239.0
226.0
237.0
199.0
237.0
238.0
236.0
237.0
123.0
207.0
237.0
238.0
206.0
236.0
206.0
238.0
237.0
234.0
124.0
207.0
205.0
236.0
237.0
206.0
239.0
237.0
236.0
233.0
124.0
207.0
205.0
206.0
238.0
238.0
237.0
247.0
245.0
242.0
123.0
219.0
218.0
218.0
245.0
246.0
245.0
246.0
237.0
233.0
107.0
239.0
206.0
206.0
206.0
237.0
239.0
237.0
237.0
237.0
124.0
237.0
205.0
206.0
237.0
206.0
237.0
240.0
236.0
233.0
124.0
205.0
205.0
237.0
205.0
237.0
236.0
236.0
236.0
232.0
123.0
205.0
206.0
213.0
245.0
246.0
244.0
268.0
270.0
266.0
131.0
240.0
241.0
234.0
261.0
261.0
261.0
262.0
239.0
202.0
124.0
240.0
208.0
206.0
238.0
238.0
238.0
238.0
241.0
239.0
108.0
208.0
238.0
206.0
205.0
236.0
236.0
237.0
237.0
236.0
124.0
206.0
205.0
236.0
204.0
238.0
237.0
236.0
236.0
232.0
125.0
206.0
206.0
205.0
243.0
245.0
246.0
245.0
245.0
212.0
131.0
245.0
214.0
215.0
238.0
237.0
236.0
237.0
209.0
233.0
124.0
206.0
237.0
205.0
238.0
237.0
237.0
238.0
237.0
208.0
107.0
238.0
237.0
205.0
205.0
238.0
239.0
238.0
209.0
233.0
124.0
207.0
238.0
240.0
207.0
238.0
240.0
207.0
238.0
234.0
124.0
219.0
247.0
277.0
219.0
277.0
276.0
253.0
276.0
273.0
161.0
236.0
268.0
235.0
238.0
238.0
238.0
237.0
207.0
233.0
124.0
205.0
205.0
237.0
236.0
237.0
236.0
237.0
209.0
237.0
108.0
238.0
206.0
206.0
238.0
239.0
208.0
239.0
239.0
233.0
124.0
239.0
206.0
206.0
238.0
208.0
239.0
239.0
237.0
234.0
125.0
219.0
248.0
220.0
246.0
247.0
220.0
248.0
248.0
246.0
133.0
208.0
208.0
240.0
238.0
243.0
206.0
238.0
236.0
233.0
123.0
206.0
206.0
240.0
207.0
238.0
236.0
236.0
237.0
238.0
124.0
206.0
206.0
205.0
237.0
238.0
237.0
238.0
237.0
232.0
107.0
238.0
205.0
206.0
206.0
245.0
245.0
244.0
245.0
240.0
123.0
273.0
246.0
245.0
248.0
275.0
266.0
267.0
266.0
262.0
153.0
206.0
238.0
205.0
206.0
238.0
238.0
238.0
238.0
232.0
124.0
207.0
206.0
237.0
207.0
237.0
239.0
239.0
242.0
238.0
124.0
206.0
206.0
208.0
238.0
237.0
238.0
238.0
238.0
202.0
124.0
237.0
205.0
205.0
237.0
245.0
244.0
244.0
245.0
242.0
107.0
216.0
244.0
217.0
216.0
245.0
238.0
238.0
236.0
235.0
124.0
205.0
206.0
236.0
206.0
236.0
237.0
238.0
237.0
232.0
123.0
205.0
207.0
205.0
238.0
237.0
237.0
238.0
237.0
237.0
123.0
206.0
206.0
206.0
237.0
237.0
237.0
238.0
236.0
202.0
123.0
237.0
206.0
206.0
244.0
246.0
246.0
271.0
271.0
240.0
131.0
244.0
272.0
243.0
264.0
264.0
262.0
264.0
206.0
234.0
125.0
206.0
209.0
240.0
237.0
238.0
236.0
207.0
238.0
233.0
125.0
206.0
206.0
240.0
238.0
237.0
207.0
237.0
236.0
236.0
124.0
205.0
206.0
239.0
238.0
243.0
205.0
238.0
206.0
233.0
123.0
237.0
205.0
247.0
247.0
247.0
219.0
245.0
246.0
216.0
133.0
217.0
246.0
237.0
205.0
237.0
238.0
238.0
205.0
232.0
123.0
205.0
236.0
238.0
206.0
237.0
237.0
206.0
239.0
235.0
108.0
238.0
237.0
206.0
208.0
236.0
205.0
237.0
237.0
238.0
123.0
236.0
206.0
237.0
238.0
206.0
207.0
237.0
236.0
232.0
124.0
246.0
219.0
219.0
272.0
269.0
272.0
250.0
269.0
251.0
156.0
262.0
251.0
248.0
236.0
240.0
224.0
240.0
237.0
232.0
121.0
237.0
218.0
218.0
218.0
218.0
233.0
236.0
234.0
230.0
122.0
219.0
228.0
220.0
226.0
220.0
220.0
223.0
221.0
222.0
116.0
219.0
219.0
221.0
220.0
219.0
220.0
220.0
223.0
217.0
115.0
231.0
232.0
231.0
232.0
230.0
231.0
233.0
231.0
226.0
126.0
220.0
220.0
220.0
222.0
220.0
219.0
221.0
219.0
216.0
115.0
221.0
220.0
220.0
220.0
220.0
220.0
221.0
220.0
216.0
115.0
220.0
219.0
220.0
220.0
220.0
219.0
220.0
221.0
221.0
116.0
220.0
219.0
223.0
222.0
222.0
220.0
223.0
222.0
215.0
114.0
264.0
262.0
260.0
261.0
263.0
262.0
262.0
262.0
260.0
157.0
221.0
221.0
222.0
220.0
220.0
222.0
220.0
222.0
216.0
114.0
221.0
220.0
221.0
220.0
221.0
219.0
220.0
219.0
217.0
116.0
219.0
219.0
220.0
221.0
219.0
220.0
220.0
219.0
220.0
115.0
221.0
221.0
220.0
220.0
221.0
220.0
221.0
221.0
218.0
116.0
231.0
231.0
230.0
230.0
232.0
231.0
230.0
230.0
226.0
125.0
220.0
219.0
219.0
221.0
220.0
219.0
224.0
221.0
215.0
115.0
220.0
219.0
220.0
220.0
220.0
219.0
220.0
219.0
216.0
115.0
220.0
219.0
220.0
220.0
220.0
220.0
220.0
220.0
220.0
115.0
222.0
220.0
220.0
221.0
220.0
222.0
230.0
232.0
227.0
116.0
258.0
259.0
259.0
259.0
259.0
258.0
259.0
250.0
244.0
144.0
222.0
220.0
222.0
222.0
220.0
220.0
220.0
220.0
217.0
114.0
219.0
220.0
219.0
220.0
221.0
221.0
220.0
220.0
216.0
114.0
221.0
220.0
220.0
219.0
222.0
220.0
220.0
221.0
221.0
116.0
220.0
219.0
221.0
220.0
229.0
232.0
231.0
233.0
227.0
115.0
231.0
231.0
233.0
232.0
230.0
222.0
221.0
220.0
214.0
116.0
220.0
219.0
219.0
219.0
221.0
219.0
220.0
220.0
216.0
114.0
220.0
220.0
219.0
220.0
220.0
220.0
220.0
220.0
215.0
115.0
220.0
223.0
221.0
222.0
222.0
221.0
220.0
222.0
219.0
117.0
231.0
230.0
264.0
263.0
264.0
263.0
263.0
263.0
260.0
115.0
265.0
255.0
254.0
220.0
220.0
220.0
220.0
221.0
217.0
115.0
219.0
219.0
220.0
221.0
220.0
221.0
220.0
219.0
216.0
114.0
219.0
220.0
222.0
224.0
220.0
220.0
219.0
219.0
216.0
114.0
221.0
221.0
220.0
221.0
220.0
220.0
220.0
220.0
220.0
115.0
233.0
232.0
233.0
232.0
233.0
235.0
232.0
233.0
230.0
127.0
225.0
224.0
224.0
218.0
225.0
218.0
216.0
225.0
223.0
114.0
217.0
224.0
224.0
216.0
224.0
223.0
217.0
222.0
217.0
117.0
222.0
222.0
221.0
220.0
220.0
220.0
221.0
221.0
217.0
115.0
21.0
21.0
21.0
22.0
21.0
21.0
21.0
21.0
18.0
0.0
21.0
21.0
21.0
21.0
21.0
21.0
21.0
21.0
17.0
1.0
21.0
21.0
20.0
21.0
21.0
21.0
21.0
20.0
1.0
0.0
21.0
21.0
21.0
21.0
22.0
21.0
21.0
19.0
0.0
1.0
21.0
21.0
21.0
22.0
21.0
21.0
21.0
20.0
1.0
0.0
21.0
21.0
21.0
22.0
21.0
21.0
21.0
21.0
17.0
0.0
21.0
21.0
22.0
21.0
21.0
21.0
21.0
22.0
17.0
0.0
21.0
21.0
21.0
21.0
22.0
21.0
21.0
20.0
1.0
0.0
21.0
21.0
21.0
21.0
21.0
21.0
21.0
20.0
1.0
0.0
21.0
21.0
22.0
21.0
22.0
21.0
22.0
20.0
0.0
1.0
139.0
140.0
140.0
140.0
139.0
141.0
139.0
140.0
137.0
0.0
139.0
106.0
107.0
105.0
106.0
105.0
105.0
106.0
102.0
0.0
106.0
106.0
105.0
106.0
106.0
106.0
106.0
105.0
0.0
1.0
106.0
106.0
106.0
106.0
105.0
106.0
106.0
104.0
0.0
1.0
105.0
105.0
106.0
105.0
105.0
106.0
106.0
105.0
1.0
1.0
221.0
220.0
220.0
219.0
220.0
219.0
221.0
221.0
216.0
114.0
219.0
219.0
221.0
219.0
220.0
222.0
220.0
220.0
216.0
114.0
219.0
220.0
220.0
220.0
219.0
221.0
220.0
218.0
115.0
115.0
236.0
233.0
231.0
231.0
231.0
231.0
231.0
230.0
127.0
127.0
219.0
221.0
220.0
220.0
221.0
220.0
221.0
218.0
115.0
115.0
219.0
220.0
220.0
221.0
221.0
221.0
219.0
220.0
215.0
114.0
219.0
219.0
222.0
218.0
220.0
220.0
221.0
220.0
218.0
115.0
219.0
220.0
219.0
221.0
253.0
254.0
254.0
253.0
115.0
115.0
255.0
253.0
252.0
253.0
252.0
254.0
220.0
219.0
116.0
116.0
220.0
222.0
220.0
222.0
221.0
219.0
220.0
219.0
114.0
115.0
220.0
220.0
222.0
221.0
220.0
219.0
220.0
220.0
215.0
115.0
221.0
220.0
219.0
220.0
221.0
220.0
220.0
220.0
219.0
116.0
221.0
221.0
219.0
231.0
232.0
231.0
231.0
231.0
115.0
115.0
231.0
232.0
233.0
232.0
233.0
226.0
225.0
221.0
116.0
115.0
222.0
225.0
222.0
224.0
231.0
220.0
230.0
235.0
115.0
121.0
223.0
230.0
222.0
223.0
224.0
225.0
222.0
232.0
228.0
123.0
221.0
230.0
238.0
221.0
221.0
223.0
225.0
224.0
230.0
122.0
231.0
246.0
279.0
283.0
267.0
266.0
268.0
268.0
117.0
135.0
267.0
260.0
260.0
259.0
224.0
226.0
222.0
219.0
115.0
115.0
224.0
224.0
223.0
219.0
229.0
228.0
227.0
229.0
117.0
115.0
219.0
222.0
221.0
223.0
222.0
222.0
228.0
228.0
221.0
120.0
228.0
222.0
222.0
222.0
223.0
223.0
223.0
235.0
231.0
120.0
244.0
241.0
233.0
232.0
234.0
233.0
233.0
232.0
131.0
135.0
231.0
224.0
233.0
220.0
219.0
224.0
222.0
220.0
114.0
115.0
223.0
223.0
219.0
222.0
223.0
223.0
220.0
225.0
116.0
115.0
221.0
222.0
221.0
229.0
222.0
224.0
224.0
221.0
218.0
117.0
220.0
222.0
220.0
220.0
222.0
220.0
222.0
221.0
217.0
115.0
233.0
271.0
267.0
266.0
265.0
267.0
268.0
268.0
126.0
125.0
259.0
255.0
260.0
223.0
224.0
221.0
226.0
220.0
117.0
120.0
220.0
221.0
222.0
219.0
222.0
221.0
220.0
219.0
114.0
114.0
227.0
223.0
225.0
229.0
226.0
229.0
230.0
231.0
225.0
115.0
232.0
230.0
229.0
234.0
229.0
225.0
232.0
225.0
225.0
120.0
239.0
239.0
239.0
242.0
242.0
244.0
235.0
235.0
130.0
130.0
237.0
220.0
220.0
220.0
236.0
235.0
233.0
219.0
115.0
124.0
222.0
221.0
226.0
221.0
220.0
223.0
224.0
224.0
115.0
116.0
224.0
221.0
222.0
220.0
222.0
221.0
221.0
224.0
217.0
117.0
221.0
220.0
220.0
225.0
220.0
220.0
220.0
221.0
217.0
115.0
236.0
268.0
268.0
269.0
267.0
267.0
270.0
268.0
126.0
127.0
256.0
256.0
255.0
221.0
221.0
221.0
222.0
221.0
115.0
115.0
223.0
229.0
223.0
223.0
223.0
220.0
222.0
221.0
117.0
115.0
221.0
221.0
221.0
220.0
221.0
224.0
219.0
220.0
217.0
116.0
223.0
222.0
222.0
222.0
221.0
222.0
222.0
219.0
218.0
116.0
232.0
232.0
232.0
233.0
231.0
232.0
233.0
231.0
114.0
124.0
231.0
222.0
220.0
221.0
219.0
221.0
220.0
220.0
115.0
114.0
225.0
222.0
221.0
220.0
220.0
219.0
220.0
219.0
115.0
114.0
220.0
219.0
222.0
220.0
219.0
220.0
220.0
221.0
215.0
114.0
219.0
220.0
219.0
221.0
220.0
220.0
219.0
220.0
216.0
114.0
267.0
265.0
265.0
263.0
264.0
264.0
265.0
264.0
161.0
160.0
220.0
221.0
222.0
222.0
222.0
221.0
221.0
219.0
116.0
116.0
219.0
220.0
221.0
222.0
225.0
223.0
221.0
220.0
115.0
116.0
223.0
222.0
221.0
221.0
221.0
220.0
220.0
221.0
217.0
116.0
220.0
220.0
226.0
220.0
220.0
220.0
221.0
221.0
217.0
115.0
233.0
230.0
232.0
232.0
231.0
230.0
230.0
229.0
126.0
124.0
223.0
220.0
220.0
223.0
222.0
222.0
223.0
219.0
115.0
115.0
224.0
223.0
224.0
225.0
222.0
227.0
233.0
224.0
119.0
115.0
224.0
220.0
223.0
223.0
222.0
227.0
224.0
228.0
222.0
121.0
221.0
222.0
223.0
222.0
222.0
224.0
221.0
225.0
221.0
115.0
270.0
270.0
272.0
271.0
269.0
270.0
270.0
269.0
163.0
164.0
221.0
222.0
222.0
221.0
222.0
220.0
221.0
219.0
116.0
115.0
222.0
221.0
220.0
220.0
220.0
224.0
222.0
220.0
115.0
115.0
222.0
221.0
220.0
221.0
229.0
225.0
221.0
224.0
219.0
116.0
226.0
221.0
223.0
222.0
220.0
223.0
224.0
225.0
217.0
118.0
237.0
238.0
234.0
233.0
234.0
234.0
237.0
237.0
130.0
128.0
226.0
222.0
221.0
225.0
222.0
222.0
219.0
220.0
117.0
115.0
219.0
223.0
221.0
220.0
220.0
221.0
221.0
220.0
114.0
116.0
220.0
220.0
220.0
221.0
221.0
220.0
219.0
221.0
216.0
115.0
221.0
220.0
219.0
220.0
220.0
221.0
222.0
220.0
217.0
115.0
264.0
265.0
266.0
265.0
265.0
266.0
267.0
265.0
158.0
159.0
226.0
227.0
220.0
222.0
220.0
221.0
224.0
225.0
116.0
116.0
221.0
225.0
226.0
224.0
220.0
221.0
221.0
221.0
115.0
118.0
221.0
225.0
221.0
221.0
220.0
220.0
221.0
220.0
218.0
117.0
220.0
220.0
220.0
222.0
221.0
221.0
221.0
221.0
216.0
115.0
232.0
232.0
231.0
232.0
231.0
232.0
231.0
230.0
127.0
127.0
220.0
223.0
220.0
220.0
220.0
221.0
221.0
219.0
115.0
115.0
220.0
220.0
219.0
220.0
220.0
220.0
220.0
219.0
113.0
114.0
219.0
219.0
219.0
220.0
220.0
220.0
219.0
220.0
215.0
114.0
221.0
223.0
222.0
222.0
222.0
221.0
220.0
220.0
218.0
115.0
267.0
265.0
265.0
266.0
265.0
265.0
265.0
265.0
160.0
161.0
222.0
222.0
220.0
219.0
220.0
220.0
223.0
221.0
116.0
116.0
222.0
223.0
222.0
223.0
220.0
219.0
221.0
219.0
114.0
117.0
221.0
222.0
223.0
222.0
223.0
222.0
223.0
220.0
218.0
116.0
220.0
222.0
221.0
222.0
222.0
221.0
223.0
221.0
216.0
115.0
234.0
237.0
232.0
233.0
232.0
233.0
232.0
233.0
128.0
127.0
220.0
222.0
220.0
222.0
221.0
220.0
220.0
219.0
115.0
116.0
221.0
218.0
221.0
217.0
220.0
220.0
220.0
217.0
116.0
116.0
