9.0
11.0
11.0
8.0
8.0
7.0
7.0
7.0
11.0
11.0
31.0
31.0
31.0
31.0
53.0
53.0
31.0
31.0
52.0
52.0
30.0
31.0
31.0
30.0
30.0
31.0
54.0
56.0
53.0
30.0
30.0
30.0
30.0
31.0
31.0
30.0
30.0
30.0
31.0
30.0
30.0
53.0
53.0
52.0
30.0
30.0
30.0
30.0
5841.0
30.0
30.0
31.0
30.0
30.0
30.0
71.0
71.0
71.0
49.0
48.0
48.0
49.0
49.0
53.0
53.0
31.0
30.0
30.0
5948.0
30.0
30.0
30.0
30.0
30.0
30.0
30.0
52.0
52.0
30.0
30.0
30.0
30.0
30.0
30.0
30.0
30.0
30.0
30.0
6000.0
76.0
51.0
51.0
51.0
51.0
51.0
31.0
30.0
30.0
30.0
30.0
52.0
30.0
30.0
30.0
30.0
30.0
52.0
31.0
5779.0
31.0
31.0
31.0
30.0
30.0
30.0
30.0
72.0
30.0
30.0
30.0
30.0
51.0
51.0
50.0
51.0
52.0
31.0
31.0
5731.0
31.0
30.0
30.0
30.0
51.0
30.0
30.0
30.0
51.0
30.0
30.0
30.0
30.0
30.0
30.0
67.0
46.0
46.0
47.0
5737.0
31.0
30.0
53.0
31.0
30.0
52.0
30.0
30.0
30.0
30.0
51.0
30.0
30.0
49.0
48.0
70.0
30.0
30.0
30.0
5675.0
52.0
31.0
52.0
30.0
30.0
31.0
45.0
45.0
30.0
30.0
30.0
30.0
30.0
30.0
30.0
30.0
30.0
30.0
42.0
5611.0
31.0
30.0
30.0
30.0
30.0
30.0
43.0
30.0
30.0
30.0
30.0
30.0
43.0
30.0
30.0
30.0
30.0
30.0
28.0
5492.0
31.0
31.0
31.0
53.0
53.0
31.0
31.0
32.0
53.0
53.0
31.0
31.0
31.0
31.0
31.0
31.0
56.0
54.0
54.0
31.0
31.0
31.0
31.0
31.0
31.0
31.0
31.0
31.0
30.0
30.0
31.0
54.0
54.0
54.0
31.0
31.0
31.0
31.0
5732.0
31.0
31.0
31.0
31.0
31.0
31.0
54.0
54.0
53.0
31.0
31.0
31.0
31.0
31.0
53.0
53.0
31.0
31.0
31.0
5682.0
53.0
31.0
29.0
31.0
31.0
31.0
54.0
54.0
54.0
32.0
32.0
32.0
32.0
26.0
30.0
30.0
29.0
37.0
37.0
5840.0
25.0
30.0
30.0
30.0
52.0
56.0
56.0
56.0
56.0
56.0
25.0
30.0
30.0
30.0
29.0
30.0
26.0
30.0
30.0
5588.0
30.0
30.0
25.0
30.0
30.0
30.0
30.0
25.0
29.0
29.0
26.0
30.0
29.0
30.0
29.0
25.0
30.0
30.0
25.0
5640.0
30.0
29.0
30.0
25.0
31.0
30.0
29.0
25.0
29.0
30.0
30.0
26.0
29.0
25.0
29.0
30.0
29.0
26.0
29.0
5709.0
30.0
26.0
30.0
26.0
29.0
30.0
26.0
30.0
30.0
26.0
30.0
29.0
26.0
30.0
30.0
27.0
30.0
30.0
26.0
5667.0
6.0
6.0
7.0
7.0
6.0
6.0
6.0
6.0
6.0
8.0
7.0
6.0
8.0
6.0
6.0
8.0
5.0
8.0
6.0
5600.0
6.0
5.0
6.0
6.0
5.0
6.0
5.0
5.0
6.0
5.0
6.0
6.0
6.0
5.0
6.0
5.0
5.0
6.0
5.0
5.0
29.0
29.0
29.0
29.0
30.0
29.0
28.0
28.0
28.0
28.0
28.0
31.0
29.0
28.0
28.0
28.0
28.0
28.0
28.0
5646.0
29.0
28.0
29.0
28.0
28.0
28.0
28.0
28.0
28.0
28.0
28.0
28.0
27.0
28.0
29.0
28.0
28.0
28.0
28.0
28.0
28.0
28.0
28.0
28.0
28.0
28.0
27.0
29.0
28.0
28.0
28.0
28.0
28.0
28.0
28.0
28.0
28.0
28.0
5604.0
28.0
28.0
28.0
28.0
28.0
28.0
28.0
28.0
28.0
28.0
28.0
28.0
28.0
28.0
28.0
28.0
28.0
28.0
28.0
5612.0
28.0
29.0
28.0
27.0
28.0
28.0
28.0
28.0
28.0
28.0
28.0
28.0
28.0
28.0
28.0
29.0
28.0
28.0
28.0
5601.0
41.0
41.0
42.0
29.0
29.0
29.0
29.0
30.0
28.0
28.0
27.0
27.0
27.0
28.0
28.0
27.0
28.0
28.0
28.0
5662.0
28.0
29.0
28.0
29.0
30.0
28.0
28.0
28.0
28.0
28.0
28.0
28.0
28.0
28.0
28.0
28.0
28.0
28.0
28.0
5637.0
28.0
29.0
29.0
28.0
28.0
28.0
28.0
28.0
28.0
29.0
29.0
28.0
28.0
28.0
28.0
28.0
28.0
27.0
57.0
5596.0
5.0
5.0
34.0
4.0
5.0
5.0
5.0
5.0
5.0
5.0
5.0
5.0
6.0
5.0
5.0
5.0
4.0
5.0
5.0
5562.0
5.0
5.0
4.0
4.0
5.0
5.0
5.0
5.0
5.0
4.0
5.0
5.0
5.0
5.0
4.0
5.0
5.0
4.0
4.0
5.0
28.0
28.0
28.0
28.0
28.0
27.0
28.0
28.0
28.0
28.0
28.0
27.0
28.0
27.0
28.0
28.0
28.0
28.0
28.0
5625.0
29.0
28.0
28.0
28.0
28.0
28.0
28.0
28.0
28.0
28.0
28.0
28.0
28.0
28.0
28.0
28.0
28.0
27.0
31.0
5613.0
28.0
28.0
28.0
28.0
28.0
28.0
28.0
28.0
28.0
28.0
28.0
28.0
28.0
28.0
28.0
28.0
28.0
28.0
28.0
28.0
28.0
28.0
27.0
28.0
27.0
28.0
27.0
27.0
28.0
28.0
28.0
29.0
28.0
28.0
28.0
28.0
28.0
28.0
5704.0
28.0
28.0
28.0
28.0
28.0
28.0
27.0
28.0
28.0
28.0
27.0
28.0
28.0
28.0
28.0
28.0
28.0
28.0
28.0
5674.0
28.0
35.0
35.0
29.0
28.0
28.0
27.0
27.0
28.0
28.0
27.0
28.0
28.0
27.0
28.0
28.0
28.0
27.0
28.0
5653.0
57.0
57.0
57.0
57.0
28.0
28.0
28.0
28.0
28.0
28.0
27.0
28.0
28.0
28.0
28.0
28.0
27.0
27.0
28.0
5611.0
27.0
28.0
28.0
28.0
28.0
27.0
28.0
28.0
28.0
28.0
28.0
28.0
28.0
28.0
28.0
27.0
28.0
28.0
28.0
5628.0
5.0
5.0
5.0
4.0
5.0
5.0
4.0
5.0
5.0
5.0
5.0
5.0
4.0
5.0
5.0
5.0
5.0
5.0
5.0
5625.0
5.0
5.0
5.0
5.0
5.0
4.0
5.0
5.0
5.0
4.0
4.0
5.0
5.0
5.0
4.0
5.0
5.0
5.0
4.0
5.0
27.0
28.0
27.0
28.0
28.0
28.0
28.0
28.0
28.0
27.0
28.0
27.0
28.0
28.0
28.0
28.0
28.0
28.0
28.0
5682.0
28.0
27.0
27.0
28.0
27.0
27.0
28.0
28.0
28.0
31.0
31.0
29.0
28.0
28.0
28.0
28.0
28.0
28.0
28.0
5655.0
28.0
28.0
28.0
28.0
28.0
28.0
28.0
28.0
28.0
28.0
28.0
28.0
71.0
28.0
28.0
28.0
28.0
28.0
28.0
5631.0
28.0
28.0
28.0
28.0
28.0
28.0
28.0
28.0
28.0
28.0
28.0
28.0
28.0
28.0
28.0
28.0
28.0
28.0
27.0
27.0
27.0
28.0
27.0
28.0
28.0
28.0
28.0
28.0
28.0
28.0
27.0
28.0
28.0
27.0
28.0
28.0
28.0
28.0
5654.0
28.0
28.0
27.0
27.0
28.0
27.0
27.0
28.0
28.0
28.0
28.0
28.0
28.0
44.0
45.0
44.0
28.0
27.0
28.0
5629.0
27.0
27.0
28.0
28.0
28.0
27.0
28.0
28.0
28.0
28.0
28.0
28.0
28.0
28.0
28.0
28.0
28.0
27.0
28.0
5645.0
28.0
29.0
28.0
28.0
28.0
28.0
28.0
27.0
28.0
28.0
28.0
28.0
28.0
27.0
28.0
28.0
28.0
28.0
28.0
5658.0
5.0
5.0
5.0
5.0
5.0
5.0
5.0
5.0
5.0
5.0
5.0
5.0
5.0
5.0
5.0
5.0
5.0
5.0
5.0
5626.0
5.0
5.0
5.0
4.0
5.0
5.0
5.0
5.0
4.0
5.0
5.0
5.0
5.0
4.0
5.0
5.0
5.0
5.0
5.0
4.0
28.0
28.0
28.0
28.0
28.0
28.0
28.0
27.0
28.0
28.0
28.0
29.0
28.0
28.0
27.0
28.0
60.0
60.0
28.0
5609.0
29.0
27.0
27.0
28.0
28.0
28.0
28.0
27.0
28.0
28.0
28.0
28.0
28.0
28.0
28.0
28.0
28.0
28.0
28.0
5628.0
28.0
28.0
27.0
28.0
28.0
29.0
28.0
29.0
30.0
28.0
28.0
29.0
28.0
27.0
28.0
28.0
29.0
28.0
28.0
5637.0
28.0
28.0
28.0
28.0
28.0
28.0
27.0
34.0
28.0
29.0
28.0
28.0
28.0
28.0
28.0
77.0
29.0
28.0
28.0
5641.0
28.0
27.0
28.0
28.0
28.0
28.0
28.0
28.0
28.0
28.0
28.0
28.0
28.0
28.0
28.0
28.0
28.0
27.0
28.0
28.0
28.0
27.0
28.0
28.0
27.0
28.0
27.0
28.0
27.0
28.0
38.0
38.0
28.0
28.0
28.0
28.0
28.0
28.0
5620.0
28.0
28.0
28.0
28.0
28.0
28.0
28.0
28.0
28.0
28.0
28.0
28.0
28.0
28.0
28.0
28.0
27.0
28.0
28.0
5637.0
28.0
27.0
27.0
28.0
27.0
27.0
28.0
28.0
28.0
28.0
28.0
28.0
28.0
28.0
28.0
28.0
28.0
28.0
28.0
5613.0
5.0
5.0
5.0
5.0
4.0
4.0
5.0
5.0
5.0
5.0
5.0
5.0
5.0
5.0
5.0
5.0
5.0
5.0
5.0
5599.0
4.0
4.0
5.0
5.0
5.0
5.0
4.0
4.0
5.0
5.0
5.0
5.0
4.0
4.0
5.0
5.0
5.0
5.0
4.0
5.0
56.0
56.0
28.0
28.0
28.0
28.0
28.0
28.0
28.0
27.0
28.0
27.0
28.0
28.0
28.0
28.0
28.0
28.0
28.0
5586.0
28.0
28.0
28.0
28.0
27.0
28.0
27.0
28.0
28.0
27.0
28.0
27.0
28.0
28.0
28.0
28.0
28.0
28.0
28.0
5642.0
28.0
28.0
28.0
28.0
28.0
28.0
27.0
28.0
27.0
28.0
27.0
28.0
28.0
28.0
28.0
28.0
28.0
28.0
28.0
5620.0
28.0
28.0
31.0
28.0
28.0
28.0
73.0
28.0
28.0
28.0
28.0
28.0
28.0
28.0
28.0
28.0
28.0
28.0
28.0
5627.0
28.0
28.0
28.0
28.0
28.0
28.0
28.0
28.0
27.0
27.0
27.0
28.0
28.0
28.0
28.0
28.0
28.0
28.0
28.0
5660.0
28.0
28.0
28.0
28.0
28.0
28.0
28.0
28.0
28.0
28.0
28.0
28.0
27.0
28.0
27.0
28.0
28.0
28.0
28.0
28.0
28.0
27.0
28.0
27.0
28.0
27.0
28.0
28.0
28.0
28.0
27.0
28.0
28.0
28.0
28.0
28.0
28.0
30.0
5639.0
31.0
31.0
29.0
29.0
28.0
28.0
28.0
28.0
28.0
28.0
28.0
28.0
28.0
27.0
28.0
28.0
28.0
28.0
28.0
5636.0
5.0
5.0
5.0
5.0
5.0
5.0
5.0
5.0
5.0
5.0
5.0
4.0
5.0
5.0
5.0
5.0
5.0
5.0
5.0
5634.0
4.0
5.0
5.0
5.0
5.0
4.0
5.0
5.0
5.0
5.0
4.0
5.0
5.0
5.0
5.0
5.0
4.0
5.0
5.0
5.0
28.0
27.0
28.0
58.0
58.0
28.0
27.0
33.0
31.0
36.0
34.0
32.0
30.0
28.0
31.0
28.0
30.0
27.0
30.0
5621.0
31.0
30.0
28.0
29.0
29.0
30.0
28.0
31.0
29.0
30.0
28.0
28.0
29.0
29.0
29.0
29.0
29.0
30.0
28.0
5706.0
27.0
28.0
28.0
28.0
27.0
28.0
27.0
28.0
28.0
28.0
28.0
28.0
28.0
28.0
28.0
27.0
27.0
27.0
27.0
5656.0
28.0
28.0
28.0
75.0
28.0
28.0
28.0
28.0
27.0
28.0
27.0
28.0
27.0
28.0
28.0
27.0
28.0
27.0
28.0
5595.0
28.0
28.0
28.0
27.0
27.0
28.0
28.0
28.0
28.0
28.0
28.0
28.0
28.0
28.0
28.0
28.0
28.0
28.0
28.0
5631.0
28.0
53.0
28.0
28.0
29.0
27.0
27.0
27.0
27.0
28.0
28.0
28.0
27.0
27.0
27.0
27.0
28.0
28.0
28.0
5631.0
28.0
27.0
27.0
28.0
28.0
28.0
28.0
28.0
28.0
28.0
28.0
28.0
28.0
28.0
28.0
27.0
28.0
27.0
28.0
27.0
27.0
28.0
32.0
33.0
29.0
29.0
28.0
28.0
27.0
28.0
28.0
27.0
28.0
27.0
28.0
27.0
28.0
28.0
5690.0
5.0
5.0
5.0
26.0
25.0
5.0
5.0
4.0
5.0
4.0
5.0
5.0
5.0
5.0
5.0
5.0
4.0
5.0
5.0
5642.0
5.0
5.0
5.0
5.0
4.0
5.0
5.0
5.0
5.0
4.0
5.0
5.0
5.0
4.0
4.0
5.0
5.0
5.0
4.0
5.0
28.0
28.0
28.0
28.0
28.0
28.0
27.0
27.0
27.0
27.0
28.0
28.0
28.0
28.0
28.0
28.0
28.0
28.0
28.0
5698.0
28.0
28.0
27.0
28.0
27.0
28.0
28.0
28.0
28.0
27.0
28.0
28.0
27.0
28.0
27.0
27.0
27.0
27.0
28.0
5693.0
28.0
59.0
27.0
27.0
27.0
27.0
28.0
27.0
28.0
28.0
28.0
28.0
28.0
28.0
28.0
28.0
28.0
28.0
27.0
5692.0
27.0
28.0
28.0
28.0
28.0
27.0
27.0
27.0
28.0
28.0
28.0
28.0
28.0
27.0
27.0
28.0
27.0
28.0
28.0
5699.0
28.0
28.0
28.0
62.0
28.0
28.0
28.0
27.0
27.0
28.0
28.0
28.0
28.0
28.0
28.0
28.0
27.0
27.0
27.0
5691.0
28.0
28.0
28.0
28.0
28.0
28.0
28.0
27.0
27.0
28.0
28.0
28.0
101.0
27.0
28.0
28.0
28.0
28.0
28.0
5643.0
28.0
28.0
28.0
28.0
28.0
28.0
27.0
27.0
28.0
28.0
28.0
28.0
27.0
27.0
28.0
28.0
45.0
28.0
28.0
5689.0
5.0
5.0
5.0
4.0
4.0
5.0
5.0
5.0
4.0
5.0
5.0
5.0
5.0
5.0
4.0
5.0
5.0
5.0
5.0
5724.0
5.0
5.0
4.0
5.0
5.0
5.0
5.0
4.0
5.0
4.0
5.0
5.0
5.0
5.0
5.0
5.0
4.0
4.0
5.0
5774.0
5.0
5.0
5.0
5.0
5.0
4.0
4.0
5.0
5.0
4.0
4.0
5.0
5.0
5.0
4.0
5.0
5.0
5.0
4.0
5.0
47.0
27.0
27.0
28.0
28.0
28.0
27.0
27.0
27.0
28.0
28.0
27.0
28.0
27.0
28.0
28.0
28.0
27.0
28.0
5715.0
28.0
27.0
27.0
28.0
28.0
28.0
27.0
28.0
28.0
55.0
56.0
28.0
28.0
28.0
27.0
28.0
27.0
28.0
28.0
5710.0
28.0
28.0
27.0
27.0
28.0
28.0
28.0
28.0
27.0
28.0
27.0
27.0
28.0
27.0
28.0
28.0
28.0
28.0
28.0
5720.0
27.0
27.0
77.0
28.0
28.0
27.0
27.0
27.0
27.0
28.0
28.0
28.0
28.0
28.0
28.0
27.0
28.0
27.0
27.0
5752.0
27.0
28.0
28.0
28.0
28.0
28.0
27.0
27.0
28.0
54.0
54.0
29.0
27.0
27.0
28.0
28.0
28.0
28.0
27.0
5908.0
27.0
28.0
28.0
28.0
28.0
27.0
28.0
28.0
28.0
28.0
27.0
43.0
42.0
28.0
28.0
27.0
28.0
28.0
28.0
5875.0
4.0
4.0
5.0
5.0
4.0
4.0
5.0
5.0
4.0
4.0
5.0
5.0
4.0
5.0
5.0
5.0
4.0
5.0
5.0
5794.0
5.0
5.0
5.0
4.0
5.0
5.0
5.0
4.0
4.0
5.0
5.0
5.0
4.0
5.0
5.0
5.0
5.0
4.0
5.0
5856.0
5.0
5.0
4.0
4.0
5.0
5.0
4.0
5.0
5.0
4.0
4.0
5.0
5.0
4.0
5.0
5.0
5.0
4.0
5.0
5.0
4.0
4.0
5.0
5.0
4.0
5.0
5.0
5.0
4.0
5.0
5.0
4.0
5.0
5.0
5.0
5.0
4.0
4.0
5.0
4.0
28.0
28.0
28.0
28.0
28.0
28.0
27.0
27.0
27.0
27.0
28.0
28.0
28.0
28.0
38.0
38.0
28.0
27.0
28.0
5825.0
28.0
27.0
27.0
28.0
28.0
28.0
27.0
27.0
28.0
27.0
28.0
28.0
28.0
28.0
27.0
27.0
28.0
27.0
28.0
5887.0
28.0
28.0
53.0
28.0
28.0
27.0
27.0
28.0
27.0
28.0
28.0
28.0
28.0
28.0
28.0
28.0
28.0
27.0
28.0
5848.0
28.0
27.0
27.0
99.0
28.0
28.0
28.0
28.0
28.0
28.0
27.0
27.0
27.0
27.0
27.0
27.0
27.0
27.0
28.0
5741.0
28.0
28.0
28.0
103.0
27.0
28.0
28.0
28.0
28.0
28.0
28.0
28.0
28.0
28.0
28.0
28.0
28.0
28.0
28.0
5608.0
5.0
5.0
5.0
4.0
5.0
5.0
5.0
4.0
5.0
5.0
5.0
28.0
5.0
5.0
5.0
6.0
4.0
4.0
5.0
5568.0
4.0
5.0
5.0
5.0
5.0
5.0
4.0
5.0
5.0
5.0
5.0
23.0
5.0
4.0
4.0
5.0
5.0
5.0
4.0
5557.0
5.0
5.0
5.0
5.0
5.0
4.0
5.0
4.0
4.0
5.0
5.0
5.0
5.0
5.0
5.0
4.0
5.0
4.0
4.0
5467.0
5.0
5.0
5.0
4.0
5.0
5.0
4.0
5.0
5.0
5.0
4.0
5.0
5.0
5.0
4.0
5.0
5.0
5.0
4.0
5.0
5.0
5.0
4.0
5.0
5.0
5.0
22.0
5.0
5.0
5.0
4.0
5.0
5.0
4.0
4.0
5.0
5.0
4.0
4.0
5.0
