1.0
1.0
1.0
1.0
1.0
1.0
1.0
2.0
1.0
1.0
1.0
1.0
1.0
1.0
1.0
2.0
1.0
1.0
301.0
306.0
406.0
519.0
406.0
300.0
305.0
307.0
273.0
517.0
246.0
297.0
297.0
302.0
297.0
305.0
298.0
246.0
297.0
278.0
251.0
298.0
297.0
298.0
298.0
297.0
258.0
305.0
270.0
270.0
310.0
305.0
1.0
1.0
1.0
1.0
1.0
1.0
1.0
1.0
306.0
306.0
306.0
305.0
270.0
299.0
258.0
258.0
336.0
294.0
335.0
335.0
332.0
336.0
335.0
293.0
331.0
294.0
302.0
261.0
298.0
297.0
304.0
303.0
302.0
258.0
261.0
297.0
261.0
304.0
296.0
298.0
1.0
1.0
1.0
1.0
1.0
1.0
1.0
1.0
302.0
301.0
302.0
259.0
258.0
297.0
259.0
301.0
258.0
305.0
307.0
258.0
306.0
308.0
308.0
307.0
271.0
306.0
273.0
271.0
297.0
298.0
298.0
297.0
297.0
258.0
298.0
259.0
259.0
298.0
297.0
298.0
1.0
1.0
1.0
1.0
1.0
1.0
1.0
1.0
297.0
298.0
297.0
258.0
298.0
258.0
259.0
297.0
298.0
297.0
258.0
298.0
298.0
298.0
306.0
258.0
271.0
305.0
271.0
306.0
306.0
306.0
306.0
306.0
271.0
298.0
259.0
299.0
258.0
298.0
298.0
297.0
1.0
1.0
1.0
1.0
1.0
1.0
1.0
1.0
297.0
297.0
259.0
259.0
298.0
259.0
297.0
298.0
297.0
258.0
298.0
299.0
297.0
259.0
299.0
259.0
306.0
270.0
307.0
271.0
307.0
307.0
307.0
307.0
303.0
270.0
252.0
280.0
250.0
273.0
271.0
268.0
1.0
1.0
1.0
1.0
0.0
1.0
1.0
1.0
302.0
548.0
301.0
328.0
444.0
302.0
279.0
440.0
548.0
322.0
245.0
298.0
302.0
301.0
299.0
300.0
298.0
266.0
246.0
361.0
365.0
331.0
333.0
336.0
336.0
335.0
283.0
333.0
285.0
298.0
297.0
298.0
1.0
1.0
0.0
1.0
0.0
1.0
1.0
1.0
298.0
299.0
297.0
297.0
244.0
249.0
297.0
260.0
293.0
294.0
259.0
293.0
394.0
292.0
292.0
414.0
289.0
258.0
259.0
289.0
288.0
289.0
289.0
290.0
487.0
298.0
466.0
271.0
270.0
298.0
298.0
298.0
1.0
1.0
1.0
0.0
0.0
1.0
0.0
1.0
301.0
298.0
288.0
262.0
263.0
288.0
287.0
288.0
283.0
286.0
286.0
269.0
285.0
268.0
268.0
282.0
282.0
268.0
281.0
280.0
452.0
476.0
267.0
279.0
267.0
291.0
279.0
288.0
289.0
289.0
278.0
289.0
1.0
0.0
0.0
1.0
1.0
0.0
1.0
1.0
278.0
502.0
492.0
267.0
279.0
278.0
278.0
279.0
267.0
278.0
267.0
267.0
278.0
279.0
279.0
279.0
266.0
267.0
278.0
491.0
493.0
267.0
279.0
278.0
280.0
278.0
267.0
268.0
288.0
279.0
289.0
289.0
1.0
0.0
1.0
1.0
1.0
0.0
1.0
1.0
289.0
290.0
279.0
503.0
280.0
533.0
280.0
268.0
278.0
279.0
309.0
309.0
294.0
296.0
311.0
297.0
311.0
308.0
520.0
282.0
281.0
267.0
491.0
268.0
280.0
268.0
280.0
279.0
281.0
268.0
280.0
266.0
0.0
1.0
1.0
1.0
0.0
0.0
1.0
1.0
279.0
266.0
485.0
466.0
279.0
279.0
267.0
279.0
280.0
268.0
278.0
270.0
288.0
288.0
284.0
287.0
287.0
285.0
287.0
287.0
287.0
288.0
277.0
277.0
277.0
277.0
276.0
277.0
277.0
276.0
276.0
277.0
0.0
1.0
1.0
1.0
0.0
0.0
1.0
1.0
277.0
276.0
276.0
277.0
277.0
276.0
277.0
276.0
277.0
277.0
277.0
276.0
276.0
276.0
276.0
277.0
287.0
287.0
287.0
288.0
287.0
287.0
288.0
288.0
288.0
287.0
279.0
277.0
277.0
277.0
277.0
277.0
1.0
0.0
1.0
1.0
1.0
0.0
1.0
1.0
276.0
276.0
277.0
276.0
276.0
277.0
277.0
278.0
276.0
277.0
277.0
276.0
276.0
278.0
277.0
276.0
276.0
277.0
288.0
286.0
287.0
288.0
288.0
286.0
287.0
292.0
287.0
287.0
307.0
307.0
308.0
309.0
1.0
1.0
0.0
1.0
1.0
1.0
0.0
1.0
307.0
306.0
307.0
308.0
305.0
307.0
285.0
281.0
282.0
284.0
291.0
284.0
299.0
295.0
302.0
291.0
299.0
298.0
294.0
295.0
292.0
294.0
291.0
297.0
293.0
308.0
297.0
299.0
295.0
297.0
298.0
295.0
1.0
0.0
1.0
1.0
1.0
1.0
0.0
1.0
306.0
301.0
310.0
319.0
289.0
289.0
301.0
289.0
304.0
287.0
277.0
295.0
292.0
314.0
277.0
277.0
292.0
277.0
277.0
294.0
277.0
295.0
298.0
316.0
281.0
281.0
282.0
295.0
281.0
292.0
281.0
291.0
1.0
1.0
1.0
1.0
0.0
1.0
1.0
1.0
285.0
306.0
289.0
288.0
289.0
289.0
290.0
288.0
298.0
287.0
294.0
287.0
283.0
304.0
282.0
280.0
280.0
280.0
279.0
283.0
277.0
279.0
284.0
279.0
295.0
279.0
286.0
288.0
285.0
290.0
279.0
279.0
1.0
0.0
1.0
1.0
1.0
1.0
1.0
0.0
290.0
279.0
278.0
288.0
287.0
285.0
289.0
290.0
289.0
290.0
291.0
289.0
289.0
290.0
290.0
290.0
277.0
313.0
311.0
312.0
309.0
310.0
311.0
308.0
313.0
309.0
313.0
286.0
280.0
278.0
289.0
279.0
0.0
1.0
1.0
1.0
0.0
0.0
1.0
1.0
281.0
289.0
289.0
291.0
280.0
287.0
282.0
277.0
277.0
284.0
278.0
284.0
284.0
282.0
280.0
278.0
280.0
276.0
277.0
281.0
288.0
290.0
289.0
289.0
288.0
288.0
290.0
289.0
288.0
291.0
279.0
280.0
0.0
1.0
1.0
1.0
0.0
1.0
1.0
1.0
281.0
281.0
277.0
277.0
279.0
276.0
277.0
278.0
277.0
278.0
278.0
277.0
276.0
277.0
277.0
277.0
277.0
277.0
277.0
275.0
277.0
276.0
278.0
287.0
289.0
289.0
289.0
289.0
290.0
288.0
289.0
288.0
0.0
1.0
1.0
1.0
0.0
1.0
1.0
1.0
288.0
278.0
276.0
276.0
277.0
278.0
277.0
277.0
276.0
277.0
276.0
276.0
276.0
277.0
276.0
277.0
277.0
276.0
277.0
276.0
277.0
278.0
277.0
277.0
276.0
277.0
277.0
277.0
277.0
286.0
288.0
291.0
1.0
1.0
1.0
0.0
1.0
1.0
1.0
0.0
287.0
288.0
289.0
289.0
288.0
317.0
319.0
312.0
309.0
311.0
308.0
308.0
308.0
308.0
312.0
277.0
277.0
277.0
278.0
277.0
277.0
277.0
277.0
277.0
277.0
276.0
278.0
276.0
276.0
278.0
276.0
278.0
1.0
0.0
1.0
1.0
1.0
0.0
0.0
1.0
277.0
277.0
277.0
276.0
277.0
276.0
275.0
277.0
277.0
288.0
288.0
288.0
289.0
289.0
288.0
288.0
287.0
288.0
289.0
277.0
277.0
278.0
278.0
277.0
276.0
276.0
277.0
276.0
276.0
277.0
277.0
277.0
1.0
0.0
1.0
1.0
1.0
0.0
1.0
1.0
276.0
277.0
276.0
276.0
277.0
276.0
278.0
277.0
276.0
278.0
277.0
277.0
277.0
278.0
288.0
288.0
287.0
289.0
289.0
288.0
288.0
288.0
289.0
288.0
277.0
277.0
276.0
276.0
276.0
278.0
276.0
276.0
0.0
1.0
1.0
1.0
0.0
1.0
1.0
1.0
276.0
276.0
276.0
277.0
276.0
276.0
277.0
278.0
278.0
277.0
276.0
277.0
278.0
277.0
276.0
277.0
286.0
286.0
288.0
286.0
288.0
286.0
288.0
318.0
319.0
324.0
314.0
309.0
309.0
310.0
313.0
312.0
1.0
0.0
1.0
1.0
1.0
0.0
1.0
1.0
314.0
280.0
280.0
276.0
281.0
278.0
277.0
277.0
277.0
280.0
280.0
280.0
278.0
277.0
282.0
278.0
277.0
277.0
276.0
276.0
281.0
280.0
276.0
276.0
281.0
277.0
277.0
277.0
277.0
287.0
290.0
288.0
0.0
1.0
1.0
1.0
1.0
0.0
1.0
1.0
288.0
290.0
288.0
289.0
289.0
288.0
289.0
278.0
276.0
276.0
276.0
277.0
277.0
277.0
277.0
276.0
276.0
275.0
276.0
277.0
277.0
276.0
278.0
276.0
276.0
276.0
277.0
276.0
277.0
276.0
277.0
277.0
1.0
1.0
1.0
0.0
1.0
1.0
1.0
0.0
288.0
289.0
287.0
288.0
286.0
289.0
287.0
287.0
287.0
287.0
276.0
278.0
277.0
277.0
277.0
277.0
277.0
276.0
280.0
277.0
277.0
282.0
277.0
287.0
283.0
284.0
276.0
277.0
280.0
277.0
277.0
280.0
1.0
1.0
1.0
0.0
1.0
1.0
1.0
0.0
278.0
279.0
278.0
277.0
286.0
287.0
289.0
288.0
288.0
288.0
288.0
287.0
287.0
318.0
312.0
311.0
310.0
308.0
313.0
308.0
309.0
309.0
309.0
277.0
278.0
277.0
277.0
276.0
276.0
278.0
276.0
276.0
1.0
1.0
1.0
0.0
1.0
1.0
1.0
0.0
276.0
276.0
276.0
276.0
277.0
276.0
279.0
277.0
276.0
276.0
276.0
276.0
277.0
277.0
277.0
277.0
287.0
288.0
288.0
287.0
288.0
288.0
287.0
288.0
287.0
287.0
277.0
278.0
277.0
276.0
277.0
277.0
1.0
1.0
0.0
1.0
1.0
1.0
0.0
1.0
277.0
276.0
277.0
277.0
277.0
277.0
277.0
278.0
277.0
277.0
276.0
277.0
277.0
277.0
277.0
277.0
276.0
277.0
276.0
276.0
286.0
290.0
293.0
297.0
293.0
303.0
294.0
298.0
303.0
303.0
286.0
285.0
1.0
1.0
1.0
0.0
1.0
1.0
1.0
1.0
301.0
283.0
277.0
276.0
299.0
298.0
299.0
297.0
276.0
276.0
302.0
279.0
277.0
278.0
295.0
295.0
293.0
291.0
277.0
277.0
277.0
280.0
276.0
287.0
289.0
286.0
288.0
287.0
288.0
288.0
288.0
318.0
1.0
1.0
1.0
0.0
1.0
1.0
1.0
0.0
322.0
313.0
311.0
311.0
312.0
314.0
313.0
313.0
314.0
279.0
279.0
276.0
278.0
277.0
278.0
279.0
278.0
279.0
281.0
277.0
281.0
276.0
277.0
276.0
277.0
279.0
279.0
281.0
280.0
277.0
280.0
276.0
0.0
1.0
1.0
1.0
1.0
0.0
1.0
1.0
277.0
278.0
277.0
279.0
289.0
288.0
288.0
288.0
288.0
287.0
289.0
288.0
288.0
288.0
279.0
277.0
276.0
278.0
276.0
276.0
277.0
278.0
278.0
277.0
279.0
276.0
276.0
277.0
277.0
276.0
276.0
277.0
1.0
0.0
1.0
1.0
1.0
0.0
1.0
1.0
277.0
276.0
280.0
276.0
276.0
276.0
276.0
276.0
287.0
286.0
287.0
287.0
288.0
287.0
287.0
288.0
287.0
288.0
283.0
282.0
280.0
280.0
277.0
276.0
276.0
279.0
277.0
277.0
278.0
277.0
277.0
278.0
1.0
1.0
1.0
0.0
1.0
1.0
1.0
0.0
277.0
276.0
276.0
277.0
276.0
277.0
277.0
277.0
276.0
277.0
276.0
277.0
287.0
287.0
288.0
288.0
288.0
289.0
287.0
291.0
321.0
319.0
309.0
309.0
308.0
308.0
308.0
309.0
312.0
313.0
279.0
277.0
0.0
1.0
1.0
1.0
0.0
1.0
1.0
1.0
276.0
277.0
277.0
277.0
276.0
279.0
278.0
278.0
277.0
277.0
277.0
277.0
276.0
276.0
278.0
277.0
276.0
276.0
277.0
276.0
276.0
277.0
276.0
277.0
287.0
288.0
286.0
287.0
288.0
287.0
288.0
287.0
0.0
1.0
1.0
1.0
0.0
0.0
1.0
1.0
288.0
288.0
277.0
278.0
277.0
276.0
276.0
277.0
277.0
277.0
277.0
277.0
277.0
277.0
276.0
276.0
277.0
277.0
277.0
277.0
277.0
278.0
278.0
277.0
278.0
277.0
276.0
277.0
288.0
289.0
288.0
288.0
1.0
0.0
0.0
1.0
1.0
1.0
0.0
1.0
287.0
289.0
287.0
287.0
288.0
288.0
277.0
277.0
277.0
277.0
276.0
277.0
277.0
277.0
277.0
277.0
276.0
276.0
276.0
276.0
276.0
277.0
275.0
277.0
277.0
277.0
277.0
276.0
277.0
277.0
278.0
278.0
1.0
1.0
1.0
0.0
1.0
1.0
1.0
0.0
286.0
287.0
288.0
288.0
288.0
287.0
289.0
288.0
319.0
319.0
308.0
312.0
312.0
309.0
311.0
312.0
310.0
310.0
281.0
277.0
276.0
278.0
281.0
276.0
278.0
277.0
276.0
276.0
277.0
277.0
276.0
277.0
0.0
1.0
1.0
1.0
0.0
0.0
1.0
1.0
276.0
277.0
277.0
276.0
276.0
277.0
276.0
276.0
276.0
277.0
276.0
285.0
287.0
287.0
287.0
287.0
287.0
288.0
288.0
286.0
287.0
279.0
277.0
277.0
275.0
277.0
276.0
278.0
277.0
277.0
276.0
276.0
1.0
1.0
0.0
1.0
1.0
1.0
1.0
0.0
277.0
277.0
277.0
277.0
277.0
277.0
277.0
276.0
276.0
277.0
276.0
276.0
276.0
277.0
286.0
286.0
288.0
286.0
287.0
286.0
286.0
287.0
287.0
286.0
278.0
278.0
276.0
276.0
276.0
276.0
277.0
276.0
0.0
1.0
1.0
1.0
1.0
1.0
1.0
0.0
277.0
277.0
277.0
277.0
277.0
277.0
276.0
276.0
277.0
277.0
276.0
277.0
277.0
276.0
276.0
276.0
277.0
276.0
285.0
287.0
289.0
288.0
288.0
289.0
288.0
289.0
289.0
320.0
312.0
313.0
313.0
312.0
1.0
1.0
0.0
0.0
0.0
1.0
1.0
1.0
314.0
315.0
314.0
314.0
312.0
278.0
276.0
280.0
281.0
279.0
285.0
280.0
283.0
283.0
280.0
277.0
277.0
279.0
278.0
277.0
278.0
279.0
278.0
279.0
276.0
276.0
277.0
279.0
276.0
277.0
289.0
287.0
1.0
1.0
0.0
1.0
1.0
1.0
0.0
1.0
289.0
289.0
288.0
288.0
288.0
289.0
288.0
289.0
280.0
279.0
280.0
279.0
277.0
277.0
277.0
279.0
277.0
276.0
279.0
278.0
279.0
279.0
277.0
277.0
277.0
279.0
276.0
276.0
279.0
280.0
279.0
279.0
1.0
0.0
1.0
1.0
1.0
0.0
0.0
1.0
277.0
276.0
285.0
290.0
287.0
288.0
290.0
290.0
291.0
290.0
288.0
287.0
278.0
279.0
277.0
278.0
278.0
279.0
279.0
280.0
278.0
277.0
277.0
279.0
276.0
276.0
279.0
279.0
280.0
279.0
276.0
276.0
1.0
1.0
1.0
0.0
1.0
1.0
1.0
1.0
276.0
279.0
278.0
278.0
279.0
278.0
288.0
288.0
289.0
288.0
288.0
289.0
288.0
288.0
324.0
324.0
314.0
316.0
313.0
312.0
310.0
313.0
314.0
313.0
279.0
280.0
279.0
279.0
278.0
277.0
276.0
279.0
1.0
0.0
1.0
1.0
1.0
1.0
1.0
1.0
280.0
278.0
279.0
278.0
279.0
278.0
276.0
278.0
283.0
289.0
291.0
289.0
293.0
292.0
292.0
296.0
301.0
303.0
306.0
293.0
306.0
308.0
290.0
292.0
289.0
289.0
307.0
307.0
299.0
280.0
295.0
295.0
1.0
1.0
1.0
1.0
0.0
1.0
1.0
1.0
279.0
278.0
278.0
279.0
281.0
280.0
277.0
280.0
277.0
276.0
279.0
278.0
279.0
279.0
276.0
277.0
276.0
279.0
276.0
277.0
288.0
289.0
289.0
289.0
287.0
287.0
287.0
289.0
287.0
287.0
279.0
280.0
1.0
1.0
1.0
0.0
1.0
1.0
1.0
0.0
280.0
279.0
276.0
278.0
277.0
280.0
277.0
277.0
280.0
278.0
278.0
278.0
276.0
276.0
278.0
278.0
277.0
276.0
279.0
280.0
279.0
279.0
277.0
278.0
284.0
289.0
289.0
288.0
290.0
290.0
291.0
291.0
0.0
1.0
1.0
1.0
0.0
1.0
1.0
1.0
288.0
288.0
314.0
314.0
313.0
312.0
314.0
316.0
311.0
311.0
309.0
311.0
277.0
279.0
276.0
276.0
281.0
282.0
281.0
280.0
276.0
276.0
277.0
281.0
277.0
277.0
279.0
280.0
279.0
280.0
277.0
277.0
1.0
1.0
0.0
1.0
1.0
1.0
0.0
1.0
278.0
279.0
278.0
276.0
278.0
288.0
290.0
289.0
288.0
288.0
287.0
290.0
287.0
287.0
291.0
280.0
279.0
279.0
278.0
277.0
278.0
279.0
277.0
278.0
278.0
278.0
279.0
278.0
277.0
277.0
277.0
278.0
0.0
1.0
1.0
1.0
1.0
1.0
0.0
0.0
277.0
276.0
279.0
279.0
280.0
279.0
276.0
276.0
276.0
289.0
287.0
287.0
291.0
290.0
291.0
291.0
288.0
288.0
289.0
280.0
277.0
277.0
279.0
280.0
279.0
279.0
277.0
276.0
276.0
279.0
277.0
277.0
1.0
0.0
0.0
1.0
0.0
1.0
1.0
1.0
279.0
279.0
279.0
279.0
277.0
277.0
277.0
279.0
276.0
277.0
281.0
281.0
282.0
293.0
285.0
285.0
290.0
295.0
290.0
289.0
329.0
328.0
329.0
321.0
317.0
317.0
313.0
318.0
316.0
318.0
279.0
278.0
1.0
1.0
1.0
0.0
1.0
1.0
1.0
1.0
278.0
281.0
280.0
281.0
277.0
279.0
279.0
279.0
278.0
278.0
279.0
284.0
281.0
277.0
277.0
278.0
280.0
278.0
278.0
279.0
279.0
276.0
279.0
282.0
276.0
289.0
288.0
289.0
290.0
289.0
289.0
288.0
1.0
1.0
1.0
0.0
1.0
1.0
1.0
1.0
288.0
290.0
288.0
279.0
277.0
277.0
279.0
279.0
276.0
279.0
277.0
278.0
276.0
279.0
277.0
276.0
279.0
279.0
276.0
279.0
277.0
279.0
276.0
278.0
274.0
275.0
274.0
274.0
257.0
281.0
264.0
282.0
