1.0
0.0
1.0
0.0
1.0
0.0
1.0
0.0
1.0
1.0
1.0
1.0
1.0
0.0
1.0
0.0
1.0
0.0
1.0
0.0
1.0
1.0
1.0
1.0
0.0
1.0
1.0
0.0
0.0
1.0
280.0
155.0
155.0
155.0
129.0
155.0
280.0
156.0
279.0
279.0
127.0
152.0
152.0
150.0
140.0
150.0
126.0
169.0
168.0
198.0
199.0
127.0
153.0
154.0
154.0
154.0
125.0
126.0
152.0
157.0
154.0
154.0
154.0
153.0
153.0
154.0
155.0
126.0
156.0
225.0
153.0
153.0
152.0
153.0
152.0
152.0
225.0
124.0
152.0
153.0
153.0
153.0
153.0
153.0
153.0
124.0
270.0
269.0
193.0
193.0
193.0
194.0
193.0
171.0
194.0
192.0
125.0
204.0
153.0
154.0
156.0
153.0
154.0
154.0
156.0
180.0
130.0
153.0
153.0
154.0
155.0
154.0
162.0
153.0
133.0
170.0
133.0
149.0
148.0
148.0
148.0
148.0
147.0
133.0
240.0
134.0
241.0
148.0
148.0
147.0
148.0
148.0
135.0
148.0
135.0
240.0
149.0
134.0
148.0
148.0
148.0
149.0
148.0
239.0
133.0
134.0
188.0
188.0
189.0
189.0
189.0
190.0
178.0
251.0
179.0
225.0
148.0
149.0
149.0
147.0
148.0
138.0
152.0
140.0
141.0
146.0
166.0
139.0
148.0
148.0
147.0
164.0
147.0
140.0
138.0
144.0
138.0
144.0
143.0
143.0
223.0
145.0
216.0
139.0
140.0
141.0
143.0
142.0
144.0
142.0
145.0
145.0
144.0
142.0
143.0
144.0
143.0
143.0
144.0
143.0
145.0
144.0
144.0
142.0
142.0
140.0
138.0
138.0
138.0
139.0
0.0
1.0
0.0
1.0
1.0
1.0
1.0
1.0
1.0
1.0
1.0
1.0
1.0
1.0
1.0
1.0
1.0
1.0
1.0
0.0
1.0
0.0
1.0
1.0
1.0
1.0
1.0
1.0
2.0
1.0
1.0
0.0
1.0
0.0
0.0
1.0
1.0
1.0
1.0
1.0
1.0
0.0
0.0
0.0
1.0
0.0
1.0
1.0
1.0
1.0
1.0
1.0
0.0
1.0
1.0
0.0
1.0
0.0
1.0
1.0
1.0
1.0
1.0
1.0
1.0
1.0
1.0
0.0
0.0
0.0
1.0
0.0
0.0
1.0
1.0
1.0
1.0
1.0
1.0
1.0
0.0
0.0
1.0
0.0
1.0
0.0
0.0
1.0
1.0
1.0
1.0
1.0
1.0
1.0
0.0
0.0
0.0
1.0
1.0
0.0
1.0
1.0
2.0
2.0
1.0
2.0
1.0
1.0
1.0
1.0
1.0
1.0
1.0
1.0
1.0
1.0
0.0
0.0
1.0
1.0
1.0
1.0
2.0
1.0
1.0
0.0
1.0
1.0
1.0
1.0
2.0
1.0
1.0
1.0
1.0
0.0
0.0
0.0
1.0
0.0
0.0
1.0
1.0
1.0
1.0
1.0
1.0
1.0
0.0
1.0
1.0
0.0
0.0
1.0
1.0
1.0
1.0
1.0
1.0
1.0
1.0
0.0
0.0
0.0
1.0
1.0
1.0
1.0
1.0
1.0
1.0
1.0
1.0
0.0
0.0
0.0
1.0
0.0
0.0
1.0
1.0
1.0
1.0
1.0
1.0
1.0
1.0
1.0
0.0
1.0
0.0
1.0
0.0
0.0
0.0
1.0
1.0
1.0
1.0
1.0
242.0
247.0
260.0
369.0
369.0
368.0
246.0
242.0
368.0
260.0
153.0
140.0
154.0
154.0
154.0
154.0
280.0
280.0
100.0
99.0
126.0
154.0
153.0
152.0
154.0
153.0
153.0
154.0
125.0
154.0
153.0
153.0
153.0
153.0
153.0
192.0
184.0
186.0
119.0
87.0
153.0
154.0
153.0
153.0
155.0
153.0
154.0
128.0
129.0
154.0
154.0
154.0
154.0
153.0
219.0
153.0
155.0
125.0
127.0
87.0
193.0
193.0
193.0
193.0
172.0
270.0
194.0
193.0
194.0
271.0
154.0
154.0
154.0
153.0
126.0
86.0
154.0
86.0
126.0
85.0
153.0
154.0
125.0
153.0
153.0
154.0
225.0
154.0
154.0
224.0
126.0
153.0
153.0
153.0
152.0
87.0
154.0
85.0
71.0
86.0
225.0
154.0
157.0
155.0
154.0
154.0
125.0
225.0
155.0
153.0
127.0
153.0
154.0
154.0
153.0
154.0
154.0
224.0
87.0
126.0
126.0
153.0
155.0
154.0
154.0
152.0
154.0
153.0
271.0
126.0
271.0
193.0
194.0
194.0
194.0
194.0
194.0
195.0
116.0
71.0
225.0
153.0
155.0
153.0
153.0
154.0
154.0
225.0
155.0
126.0
153.0
154.0
155.0
153.0
153.0
155.0
126.0
154.0
126.0
127.0
155.0
130.0
154.0
154.0
154.0
153.0
154.0
170.0
153.0
158.0
134.0
151.0
153.0
152.0
151.0
87.0
151.0
92.0
85.0
76.0
148.0
134.0
242.0
241.0
148.0
147.0
148.0
147.0
133.0
147.0
148.0
134.0
134.0
148.0
148.0
83.0
148.0
82.0
179.0
179.0
177.0
193.0
192.0
192.0
186.0
195.0
202.0
196.0
181.0
149.0
179.0
154.0
154.0
153.0
142.0
153.0
154.0
174.0
79.0
81.0
154.0
179.0
155.0
154.0
144.0
145.0
155.0
155.0
145.0
160.0
154.0
153.0
152.0
145.0
146.0
145.0
153.0
146.0
85.0
82.0
153.0
146.0
153.0
153.0
154.0
146.0
147.0
146.0
149.0
146.0
142.0
145.0
144.0
142.0
143.0
142.0
144.0
144.0
79.0
80.0
143.0
143.0
145.0
143.0
143.0
142.0
143.0
142.0
183.0
183.0
183.0
186.0
183.0
183.0
184.0
121.0
184.0
120.0
82.0
82.0
142.0
143.0
145.0
144.0
143.0
144.0
144.0
144.0
143.0
143.0
142.0
143.0
144.0
144.0
142.0
80.0
143.0
80.0
79.0
80.0
143.0
143.0
144.0
143.0
142.0
142.0
143.0
144.0
143.0
143.0
143.0
143.0
143.0
143.0
142.0
143.0
143.0
142.0
79.0
81.0
144.0
142.0
144.0
143.0
143.0
143.0
143.0
142.0
144.0
144.0
142.0
142.0
143.0
142.0
143.0
141.0
143.0
143.0
81.0
80.0
184.0
184.0
184.0
183.0
184.0
186.0
184.0
185.0
185.0
183.0
143.0
143.0
144.0
143.0
141.0
143.0
143.0
144.0
80.0
80.0
143.0
142.0
144.0
143.0
144.0
143.0
143.0
143.0
143.0
142.0
142.0
143.0
143.0
143.0
143.0
81.0
143.0
80.0
80.0
80.0
144.0
143.0
144.0
143.0
143.0
143.0
143.0
143.0
143.0
143.0
144.0
143.0
142.0
143.0
141.0
80.0
143.0
80.0
81.0
80.0
145.0
143.0
143.0
144.0
144.0
144.0
143.0
142.0
143.0
144.0
251.0
250.0
248.0
246.0
250.0
246.0
246.0
245.0
188.0
185.0
143.0
143.0
145.0
145.0
145.0
144.0
143.0
144.0
146.0
144.0
144.0
142.0
145.0
145.0
144.0
142.0
144.0
144.0
82.0
80.0
144.0
144.0
144.0
143.0
144.0
143.0
143.0
143.0
145.0
142.0
146.0
144.0
143.0
143.0
145.0
144.0
144.0
143.0
80.0
80.0
143.0
144.0
144.0
144.0
143.0
144.0
145.0
144.0
144.0
142.0
142.0
143.0
143.0
144.0
143.0
80.0
145.0
80.0
80.0
82.0
144.0
142.0
183.0
184.0
184.0
183.0
182.0
184.0
185.0
184.0
183.0
184.0
142.0
142.0
144.0
79.0
142.0
81.0
81.0
80.0
144.0
144.0
143.0
142.0
143.0
143.0
143.0
144.0
146.0
144.0
144.0
142.0
144.0
143.0
143.0
143.0
142.0
142.0
81.0
80.0
144.0
144.0
142.0
143.0
143.0
143.0
144.0
143.0
143.0
142.0
142.0
144.0
143.0
142.0
144.0
142.0
143.0
142.0
80.0
80.0
142.0
143.0
142.0
142.0
144.0
143.0
143.0
145.0
143.0
144.0
142.0
143.0
142.0
142.0
144.0
142.0
141.0
143.0
81.0
81.0
184.0
184.0
184.0
183.0
182.0
183.0
183.0
185.0
182.0
184.0
144.0
142.0
142.0
143.0
143.0
80.0
142.0
79.0
80.0
81.0
142.0
141.0
143.0
144.0
143.0
142.0
142.0
142.0
142.0
142.0
142.0
142.0
144.0
142.0
144.0
81.0
142.0
80.0
80.0
80.0
143.0
144.0
143.0
143.0
142.0
143.0
143.0
143.0
143.0
143.0
146.0
142.0
143.0
143.0
144.0
143.0
146.0
146.0
82.0
81.0
142.0
143.0
143.0
142.0
143.0
142.0
142.0
142.0
145.0
143.0
184.0
183.0
183.0
183.0
183.0
182.0
185.0
184.0
79.0
80.0
183.0
184.0
144.0
144.0
143.0
142.0
143.0
145.0
142.0
144.0
142.0
144.0
142.0
143.0
142.0
143.0
143.0
143.0
79.0
81.0
144.0
145.0
144.0
142.0
142.0
143.0
143.0
143.0
143.0
144.0
143.0
143.0
143.0
143.0
142.0
80.0
143.0
80.0
81.0
79.0
143.0
143.0
144.0
142.0
143.0
143.0
144.0
143.0
143.0
143.0
143.0
142.0
143.0
143.0
143.0
81.0
144.0
80.0
80.0
79.0
143.0
144.0
144.0
144.0
143.0
143.0
143.0
143.0
144.0
144.0
184.0
184.0
183.0
183.0
183.0
182.0
183.0
183.0
120.0
121.0
143.0
143.0
143.0
142.0
143.0
143.0
143.0
142.0
143.0
143.0
143.0
142.0
145.0
142.0
145.0
144.0
142.0
143.0
80.0
80.0
142.0
142.0
143.0
142.0
144.0
143.0
143.0
143.0
143.0
144.0
143.0
144.0
142.0
143.0
145.0
146.0
145.0
146.0
79.0
79.0
145.0
142.0
143.0
143.0
143.0
142.0
143.0
142.0
142.0
142.0
142.0
143.0
143.0
142.0
143.0
81.0
143.0
80.0
80.0
80.0
142.0
182.0
183.0
184.0
184.0
183.0
184.0
185.0
184.0
184.0
183.0
143.0
145.0
143.0
143.0
79.0
142.0
80.0
81.0
80.0
143.0
145.0
144.0
144.0
144.0
144.0
143.0
144.0
144.0
143.0
144.0
143.0
145.0
143.0
143.0
144.0
142.0
144.0
80.0
80.0
242.0
241.0
242.0
238.0
238.0
242.0
241.0
239.0
238.0
240.0
144.0
142.0
144.0
144.0
144.0
144.0
143.0
145.0
80.0
81.0
143.0
144.0
143.0
145.0
143.0
142.0
143.0
144.0
144.0
145.0
143.0
145.0
144.0
145.0
144.0
144.0
143.0
145.0
81.0
82.0
144.0
146.0
142.0
142.0
144.0
144.0
145.0
145.0
143.0
143.0
144.0
143.0
142.0
142.0
144.0
81.0
143.0
82.0
81.0
79.0
144.0
143.0
144.0
144.0
144.0
143.0
143.0
143.0
143.0
144.0
146.0
144.0
144.0
144.0
183.0
81.0
183.0
80.0
79.0
81.0
184.0
184.0
185.0
184.0
183.0
184.0
183.0
184.0
145.0
143.0
144.0
144.0
144.0
144.0
142.0
143.0
142.0
143.0
80.0
80.0
143.0
143.0
143.0
143.0
144.0
143.0
144.0
144.0
143.0
143.0
142.0
143.0
143.0
142.0
143.0
143.0
143.0
142.0
80.0
79.0
144.0
143.0
144.0
143.0
143.0
143.0
144.0
143.0
144.0
142.0
143.0
144.0
144.0
142.0
142.0
142.0
142.0
144.0
81.0
79.0
143.0
143.0
142.0
143.0
142.0
143.0
142.0
144.0
143.0
143.0
183.0
183.0
183.0
183.0
182.0
120.0
183.0
120.0
120.0
120.0
144.0
143.0
142.0
142.0
143.0
143.0
143.0
142.0
143.0
143.0
143.0
142.0
143.0
142.0
142.0
79.0
142.0
81.0
81.0
79.0
143.0
144.0
143.0
144.0
143.0
144.0
144.0
142.0
143.0
143.0
143.0
144.0
143.0
143.0
142.0
141.0
143.0
143.0
80.0
80.0
143.0
142.0
143.0
144.0
142.0
143.0
143.0
142.0
144.0
143.0
144.0
143.0
143.0
144.0
144.0
145.0
143.0
143.0
81.0
80.0
145.0
143.0
143.0
144.0
143.0
183.0
184.0
183.0
183.0
182.0
181.0
182.0
182.0
182.0
184.0
144.0
142.0
144.0
80.0
80.0
141.0
143.0
144.0
142.0
143.0
143.0
144.0
144.0
143.0
144.0
143.0
143.0
143.0
143.0
143.0
80.0
144.0
81.0
82.0
80.0
143.0
144.0
142.0
142.0
143.0
145.0
143.0
143.0
142.0
144.0
142.0
142.0
143.0
143.0
143.0
80.0
143.0
80.0
80.0
80.0
142.0
144.0
143.0
143.0
144.0
142.0
144.0
142.0
144.0
143.0
142.0
143.0
142.0
143.0
144.0
143.0
143.0
142.0
81.0
80.0
183.0
183.0
182.0
184.0
184.0
182.0
186.0
184.0
185.0
183.0
144.0
144.0
143.0
144.0
143.0
142.0
145.0
144.0
82.0
80.0
142.0
145.0
143.0
142.0
145.0
146.0
143.0
143.0
143.0
143.0
143.0
144.0
143.0
143.0
143.0
144.0
143.0
142.0
82.0
79.0
144.0
143.0
142.0
144.0
144.0
144.0
143.0
143.0
144.0
144.0
145.0
143.0
144.0
144.0
143.0
80.0
143.0
80.0
80.0
80.0
143.0
143.0
143.0
144.0
143.0
143.0
142.0
144.0
143.0
143.0
143.0
182.0
184.0
184.0
183.0
80.0
184.0
80.0
82.0
119.0
184.0
185.0
184.0
184.0
145.0
144.0
143.0
144.0
143.0
144.0
143.0
143.0
142.0
143.0
143.0
143.0
143.0
145.0
80.0
79.0
144.0
142.0
143.0
143.0
143.0
143.0
143.0
143.0
142.0
143.0
242.0
242.0
244.0
244.0
246.0
248.0
248.0
243.0
80.0
80.0
246.0
145.0
143.0
144.0
144.0
144.0
145.0
144.0
144.0
143.0
143.0
143.0
147.0
149.0
148.0
150.0
148.0
148.0
81.0
80.0
154.0
157.0
150.0
155.0
154.0
150.0
146.0
146.0
146.0
151.0
151.0
145.0
151.0
151.0
146.0
85.0
145.0
82.0
81.0
85.0
150.0
148.0
146.0
150.0
147.0
150.0
151.0
150.0
145.0
145.0
151.0
146.0
147.0
148.0
152.0
84.0
151.0
82.0
85.0
82.0
148.0
146.0
148.0
145.0
147.0
145.0
146.0
184.0
185.0
185.0
184.0
186.0
183.0
186.0
184.0
186.0
185.0
145.0
80.0
79.0
143.0
142.0
143.0
143.0
143.0
143.0
144.0
144.0
143.0
143.0
143.0
143.0
142.0
144.0
142.0
142.0
142.0
144.0
80.0
81.0
143.0
144.0
143.0
142.0
142.0
144.0
143.0
143.0
142.0
143.0
144.0
141.0
142.0
143.0
143.0
143.0
143.0
142.0
80.0
80.0
143.0
144.0
144.0
143.0
144.0
142.0
142.0
142.0
143.0
142.0
143.0
144.0
144.0
142.0
144.0
80.0
143.0
80.0
81.0
80.0
184.0
184.0
183.0
186.0
185.0
185.0
184.0
185.0
183.0
184.0
142.0
143.0
143.0
143.0
143.0
81.0
144.0
80.0
80.0
80.0
143.0
144.0
143.0
142.0
143.0
143.0
143.0
143.0
144.0
144.0
144.0
143.0
143.0
143.0
142.0
142.0
143.0
143.0
80.0
80.0
145.0
143.0
143.0
142.0
143.0
143.0
143.0
143.0
143.0
142.0
144.0
145.0
145.0
143.0
143.0
142.0
143.0
143.0
80.0
81.0
142.0
143.0
144.0
144.0
144.0
144.0
143.0
143.0
144.0
143.0
142.0
144.0
183.0
184.0
184.0
184.0
183.0
183.0
80.0
79.0
183.0
185.0
182.0
183.0
145.0
145.0
145.0
142.0
143.0
144.0
143.0
144.0
142.0
142.0
143.0
80.0
145.0
79.0
80.0
80.0
145.0
142.0
145.0
142.0
142.0
142.0
143.0
142.0
143.0
145.0
144.0
143.0
143.0
143.0
143.0
80.0
144.0
80.0
80.0
81.0
142.0
144.0
142.0
144.0
144.0
143.0
143.0
143.0
143.0
144.0
142.0
144.0
143.0
144.0
142.0
143.0
142.0
142.0
80.0
80.0
144.0
143.0
142.0
143.0
142.0
143.0
142.0
143.0
143.0
142.0
183.0
183.0
183.0
182.0
183.0
185.0
183.0
182.0
120.0
121.0
143.0
143.0
143.0
142.0
142.0
143.0
143.0
143.0
142.0
141.0
143.0
145.0
143.0
142.0
142.0
143.0
143.0
144.0
81.0
80.0
143.0
143.0
143.0
144.0
143.0
142.0
142.0
142.0
144.0
143.0
143.0
143.0
143.0
143.0
143.0
79.0
143.0
80.0
81.0
80.0
143.0
142.0
142.0
142.0
143.0
143.0
143.0
146.0
143.0
143.0
143.0
143.0
144.0
144.0
144.0
80.0
143.0
81.0
80.0
80.0
143.0
144.0
143.0
145.0
143.0
180.0
183.0
183.0
183.0
184.0
183.0
183.0
183.0
184.0
183.0
145.0
143.0
143.0
80.0
80.0
144.0
142.0
143.0
143.0
144.0
143.0
144.0
143.0
143.0
144.0
144.0
142.0
143.0
143.0
143.0
143.0
143.0
144.0
80.0
80.0
143.0
254.0
255.0
254.0
256.0
256.0
256.0
260.0
258.0
257.0
263.0
138.0
138.0
138.0
148.0
148.0
149.0
148.0
83.0
78.0
137.0
147.0
147.0
139.0
139.0
140.0
146.0
145.0
145.0
145.0
143.0
142.0
144.0
143.0
143.0
80.0
143.0
81.0
80.0
80.0
143.0
144.0
142.0
143.0
142.0
143.0
144.0
142.0
143.0
143.0
143.0
142.0
143.0
143.0
143.0
80.0
144.0
80.0
80.0
80.0
143.0
142.0
143.0
142.0
145.0
143.0
143.0
143.0
144.0
143.0
144.0
142.0
143.0
144.0
142.0
143.0
144.0
143.0
82.0
80.0
183.0
182.0
184.0
183.0
184.0
184.0
183.0
184.0
182.0
183.0
143.0
143.0
144.0
143.0
143.0
143.0
143.0
143.0
80.0
80.0
143.0
143.0
144.0
144.0
143.0
143.0
143.0
143.0
144.0
143.0
143.0
143.0
143.0
143.0
143.0
143.0
142.0
142.0
80.0
80.0
143.0
142.0
143.0
143.0
143.0
142.0
143.0
144.0
143.0
143.0
144.0
144.0
143.0
143.0
143.0
80.0
144.0
80.0
79.0
79.0
143.0
143.0
143.0
144.0
143.0
144.0
143.0
143.0
143.0
143.0
143.0
182.0
186.0
184.0
180.0
80.0
180.0
80.0
80.0
119.0
