0.0
1.0
0.0
1.0
0.0
1.0
0.0
1.0
0.0
1.0
0.0
1.0
114.0
195.0
114.0
111.0
197.0
113.0
113.0
111.0
198.0
198.0
111.0
113.0
113.0
111.0
112.0
96.0
197.0
124.0
1.0
1.0
122.0
198.0
90.0
110.0
111.0
112.0
111.0
111.0
91.0
102.0
111.0
111.0
111.0
112.0
112.0
112.0
90.0
132.0
1.0
1.0
128.0
91.0
111.0
111.0
111.0
111.0
111.0
112.0
91.0
90.0
108.0
111.0
111.0
110.0
111.0
111.0
112.0
111.0
1.0
0.0
94.0
96.0
96.0
110.0
110.0
110.0
96.0
111.0
119.0
110.0
111.0
96.0
95.0
108.0
198.0
134.0
133.0
134.0
1.0
0.0
134.0
134.0
200.0
126.0
125.0
135.0
108.0
108.0
108.0
107.0
108.0
96.0
96.0
171.0
171.0
107.0
108.0
108.0
0.0
1.0
108.0
96.0
108.0
107.0
95.0
108.0
107.0
96.0
107.0
107.0
108.0
108.0
171.0
96.0
171.0
108.0
96.0
108.0
1.0
1.0
107.0
108.0
96.0
107.0
107.0
171.0
96.0
107.0
107.0
171.0
96.0
108.0
107.0
107.0
108.0
96.0
108.0
96.0
1.0
1.0
107.0
107.0
107.0
108.0
107.0
172.0
97.0
172.0
97.0
107.0
108.0
108.0
107.0
107.0
107.0
96.0
96.0
108.0
1.0
1.0
162.0
107.0
108.0
108.0
108.0
108.0
152.0
96.0
96.0
107.0
108.0
107.0
107.0
107.0
107.0
99.0
127.0
128.0
0.0
1.0
128.0
134.0
134.0
134.0
135.0
134.0
134.0
129.0
102.0
104.0
100.0
106.0
106.0
106.0
106.0
93.0
105.0
105.0
1.0
0.0
216.0
112.0
218.0
112.0
134.0
134.0
133.0
133.0
218.0
219.0
133.0
111.0
111.0
111.0
111.0
111.0
198.0
121.0
1.0
1.0
134.0
197.0
110.0
111.0
110.0
111.0
110.0
110.0
90.0
111.0
110.0
111.0
111.0
111.0
111.0
110.0
109.0
122.0
0.0
0.0
91.0
110.0
111.0
111.0
111.0
110.0
111.0
111.0
91.0
91.0
111.0
111.0
111.0
110.0
111.0
111.0
110.0
111.0
1.0
0.0
91.0
92.0
111.0
111.0
110.0
111.0
111.0
110.0
111.0
111.0
90.0
90.0
110.0
129.0
91.0
130.0
111.0
111.0
1.0
0.0
111.0
111.0
111.0
110.0
111.0
97.0
110.0
111.0
110.0
110.0
110.0
111.0
97.0
97.0
97.0
140.0
106.0
161.0
0.0
1.0
107.0
107.0
107.0
107.0
108.0
97.0
126.0
127.0
127.0
134.0
134.0
134.0
134.0
134.0
134.0
101.0
99.0
100.0
0.0
1.0
99.0
106.0
108.0
106.0
107.0
107.0
107.0
99.0
99.0
99.0
99.0
143.0
104.0
104.0
104.0
105.0
105.0
141.0
0.0
0.0
99.0
101.0
101.0
103.0
103.0
103.0
103.0
103.0
103.0
104.0
103.0
104.0
104.0
103.0
103.0
103.0
102.0
103.0
1.0
0.0
103.0
102.0
103.0
103.0
102.0
103.0
103.0
103.0
102.0
103.0
103.0
103.0
103.0
103.0
103.0
104.0
103.0
103.0
1.0
0.0
103.0
103.0
103.0
103.0
103.0
103.0
103.0
103.0
103.0
103.0
103.0
103.0
103.0
103.0
103.0
103.0
103.0
102.0
0.0
0.0
103.0
102.0
103.0
103.0
103.0
102.0
102.0
129.0
130.0
132.0
131.0
132.0
132.0
131.0
132.0
131.0
132.0
105.0
0.0
1.0
104.0
103.0
103.0
103.0
102.0
103.0
103.0
104.0
104.0
103.0
103.0
103.0
103.0
103.0
103.0
102.0
103.0
102.0
0.0
1.0
103.0
102.0
103.0
102.0
103.0
103.0
104.0
103.0
103.0
104.0
103.0
103.0
103.0
102.0
102.0
103.0
103.0
102.0
1.0
0.0
103.0
103.0
104.0
166.0
165.0
166.0
166.0
168.0
167.0
169.0
166.0
167.0
166.0
104.0
103.0
104.0
104.0
103.0
1.0
0.0
103.0
104.0
104.0
103.0
104.0
103.0
103.0
104.0
103.0
103.0
102.0
103.0
104.0
103.0
103.0
104.0
104.0
104.0
0.0
1.0
102.0
104.0
103.0
103.0
104.0
103.0
104.0
104.0
103.0
103.0
103.0
103.0
103.0
103.0
103.0
104.0
103.0
103.0
0.0
0.0
104.0
103.0
103.0
102.0
103.0
103.0
103.0
103.0
103.0
104.0
103.0
104.0
104.0
104.0
104.0
103.0
103.0
103.0
1.0
0.0
104.0
103.0
103.0
103.0
103.0
103.0
102.0
103.0
103.0
103.0
103.0
103.0
103.0
103.0
103.0
103.0
102.0
103.0
0.0
1.0
103.0
103.0
103.0
103.0
104.0
102.0
103.0
102.0
103.0
102.0
130.0
131.0
131.0
132.0
131.0
133.0
131.0
133.0
1.0
0.0
132.0
132.0
105.0
104.0
103.0
103.0
103.0
102.0
103.0
103.0
103.0
103.0
104.0
105.0
104.0
103.0
103.0
102.0
0.0
1.0
103.0
103.0
104.0
103.0
104.0
104.0
103.0
103.0
103.0
102.0
103.0
103.0
103.0
103.0
104.0
105.0
105.0
104.0
0.0
0.0
104.0
103.0
103.0
103.0
103.0
102.0
103.0
104.0
103.0
103.0
103.0
103.0
103.0
102.0
102.0
103.0
102.0
104.0
1.0
0.0
103.0
103.0
103.0
103.0
102.0
103.0
103.0
103.0
104.0
104.0
103.0
103.0
103.0
102.0
103.0
102.0
103.0
103.0
0.0
1.0
103.0
103.0
104.0
103.0
103.0
104.0
103.0
103.0
103.0
103.0
103.0
103.0
103.0
103.0
104.0
129.0
129.0
131.0
1.0
0.0
130.0
130.0
132.0
132.0
132.0
132.0
131.0
105.0
105.0
104.0
104.0
105.0
103.0
104.0
104.0
103.0
104.0
103.0
1.0
0.0
103.0
103.0
103.0
102.0
103.0
103.0
103.0
103.0
103.0
103.0
103.0
103.0
103.0
103.0
103.0
103.0
105.0
104.0
0.0
1.0
104.0
103.0
103.0
103.0
102.0
103.0
104.0
104.0
103.0
104.0
103.0
103.0
103.0
103.0
103.0
103.0
103.0
103.0
1.0
0.0
104.0
103.0
103.0
103.0
102.0
103.0
103.0
103.0
103.0
104.0
103.0
103.0
103.0
103.0
103.0
102.0
103.0
103.0
0.0
1.0
103.0
103.0
103.0
103.0
103.0
103.0
103.0
103.0
103.0
103.0
103.0
103.0
103.0
103.0
103.0
102.0
102.0
102.0
1.0
0.0
102.0
103.0
103.0
103.0
130.0
131.0
131.0
132.0
132.0
131.0
132.0
132.0
132.0
131.0
105.0
104.0
104.0
102.0
0.0
1.0
103.0
102.0
103.0
102.0
103.0
103.0
104.0
103.0
104.0
103.0
103.0
103.0
102.0
103.0
102.0
104.0
103.0
103.0
0.0
0.0
104.0
103.0
102.0
103.0
103.0
103.0
103.0
103.0
103.0
103.0
104.0
103.0
102.0
102.0
103.0
103.0
103.0
103.0
0.0
1.0
103.0
103.0
103.0
103.0
102.0
104.0
102.0
103.0
103.0
103.0
103.0
103.0
103.0
103.0
103.0
103.0
103.0
103.0
0.0
1.0
103.0
103.0
103.0
104.0
104.0
102.0
102.0
103.0
103.0
102.0
103.0
102.0
103.0
103.0
103.0
102.0
103.0
103.0
1.0
0.0
103.0
102.0
103.0
103.0
104.0
103.0
103.0
103.0
103.0
103.0
103.0
103.0
130.0
130.0
132.0
132.0
132.0
132.0
0.0
0.0
132.0
132.0
132.0
132.0
105.0
105.0
103.0
103.0
104.0
103.0
103.0
103.0
102.0
103.0
104.0
104.0
104.0
104.0
0.0
1.0
103.0
102.0
102.0
103.0
103.0
103.0
104.0
104.0
106.0
105.0
106.0
103.0
102.0
102.0
103.0
102.0
104.0
104.0
0.0
1.0
104.0
104.0
104.0
103.0
102.0
102.0
102.0
103.0
105.0
104.0
104.0
104.0
104.0
103.0
103.0
103.0
104.0
103.0
1.0
0.0
104.0
103.0
103.0
103.0
103.0
103.0
104.0
103.0
102.0
103.0
103.0
103.0
103.0
103.0
104.0
104.0
103.0
102.0
1.0
0.0
103.0
103.0
103.0
104.0
104.0
103.0
103.0
102.0
103.0
103.0
102.0
103.0
103.0
103.0
103.0
103.0
103.0
102.0
0.0
1.0
103.0
102.0
103.0
102.0
193.0
194.0
193.0
193.0
195.0
194.0
192.0
192.0
193.0
195.0
103.0
103.0
103.0
104.0
0.0
0.0
104.0
104.0
103.0
103.0
103.0
104.0
104.0
104.0
104.0
104.0
103.0
104.0
104.0
104.0
103.0
103.0
104.0
104.0
0.0
1.0
103.0
103.0
103.0
104.0
103.0
103.0
104.0
103.0
104.0
103.0
104.0
104.0
104.0
104.0
105.0
104.0
104.0
104.0
0.0
1.0
104.0
105.0
103.0
103.0
103.0
104.0
104.0
104.0
103.0
103.0
104.0
104.0
103.0
104.0
103.0
103.0
103.0
103.0
0.0
1.0
103.0
104.0
104.0
103.0
103.0
104.0
102.0
103.0
104.0
103.0
103.0
103.0
103.0
104.0
103.0
103.0
103.0
103.0
0.0
1.0
104.0
103.0
104.0
103.0
103.0
104.0
104.0
130.0
130.0
130.0
130.0
132.0
130.0
131.0
131.0
132.0
131.0
104.0
1.0
0.0
105.0
104.0
104.0
104.0
103.0
104.0
103.0
103.0
106.0
105.0
102.0
105.0
103.0
103.0
102.0
103.0
105.0
105.0
1.0
0.0
104.0
103.0
105.0
103.0
106.0
106.0
106.0
106.0
103.0
103.0
103.0
103.0
103.0
104.0
102.0
103.0
103.0
103.0
1.0
1.0
103.0
103.0
104.0
103.0
103.0
102.0
103.0
103.0
103.0
103.0
103.0
104.0
103.0
103.0
103.0
103.0
103.0
104.0
1.0
0.0
103.0
103.0
103.0
102.0
104.0
103.0
103.0
103.0
103.0
102.0
102.0
103.0
103.0
104.0
103.0
102.0
103.0
104.0
1.0
0.0
103.0
104.0
103.0
102.0
103.0
102.0
103.0
104.0
103.0
102.0
102.0
103.0
104.0
103.0
130.0
130.0
132.0
131.0
0.0
1.0
131.0
132.0
131.0
132.0
131.0
131.0
105.0
105.0
104.0
103.0
103.0
103.0
102.0
103.0
103.0
103.0
104.0
104.0
0.0
1.0
104.0
105.0
103.0
103.0
105.0
103.0
103.0
103.0
103.0
103.0
104.0
102.0
103.0
103.0
103.0
103.0
103.0
103.0
0.0
0.0
103.0
103.0
103.0
103.0
103.0
102.0
103.0
103.0
104.0
103.0
103.0
104.0
103.0
103.0
103.0
102.0
103.0
103.0
0.0
1.0
102.0
102.0
104.0
103.0
104.0
103.0
102.0
103.0
103.0
102.0
103.0
103.0
103.0
103.0
103.0
103.0
103.0
103.0
0.0
1.0
103.0
103.0
102.0
102.0
103.0
103.0
103.0
104.0
103.0
103.0
102.0
103.0
103.0
102.0
103.0
103.0
103.0
103.0
1.0
0.0
103.0
102.0
102.0
102.0
103.0
104.0
132.0
133.0
132.0
132.0
131.0
131.0
131.0
132.0
131.0
131.0
105.0
105.0
1.0
0.0
106.0
105.0
103.0
103.0
103.0
103.0
103.0
105.0
104.0
103.0
103.0
103.0
103.0
103.0
103.0
102.0
103.0
104.0
1.0
1.0
103.0
103.0
103.0
103.0
103.0
103.0
103.0
103.0
103.0
103.0
103.0
103.0
102.0
103.0
103.0
104.0
103.0
103.0
1.0
0.0
103.0
103.0
103.0
103.0
103.0
103.0
103.0
103.0
103.0
104.0
103.0
102.0
103.0
103.0
102.0
102.0
103.0
103.0
0.0
1.0
102.0
103.0
102.0
103.0
103.0
103.0
103.0
103.0
102.0
103.0
103.0
103.0
104.0
103.0
103.0
103.0
103.0
103.0
0.0
1.0
103.0
104.0
103.0
102.0
103.0
103.0
103.0
103.0
102.0
103.0
103.0
103.0
102.0
103.0
129.0
129.0
132.0
132.0
1.0
0.0
135.0
135.0
134.0
134.0
135.0
139.0
118.0
109.0
115.0
158.0
108.0
108.0
109.0
109.0
108.0
109.0
108.0
148.0
1.0
0.0
107.0
110.0
111.0
106.0
110.0
107.0
110.0
106.0
110.0
112.0
106.0
106.0
106.0
110.0
110.0
110.0
106.0
110.0
0.0
1.0
110.0
109.0
107.0
106.0
141.0
143.0
106.0
107.0
106.0
107.0
106.0
107.0
109.0
107.0
107.0
107.0
107.0
106.0
1.0
0.0
107.0
108.0
108.0
107.0
107.0
106.0
106.0
108.0
107.0
107.0
108.0
105.0
106.0
107.0
105.0
103.0
103.0
104.0
0.0
1.0
103.0
104.0
103.0
102.0
103.0
103.0
103.0
103.0
103.0
103.0
103.0
102.0
103.0
103.0
103.0
132.0
132.0
197.0
1.0
0.0
197.0
198.0
197.0
198.0
197.0
197.0
196.0
171.0
170.0
103.0
102.0
103.0
103.0
103.0
103.0
102.0
103.0
103.0
0.0
1.0
102.0
102.0
102.0
103.0
103.0
103.0
104.0
104.0
103.0
103.0
102.0
103.0
103.0
104.0
103.0
103.0
103.0
103.0
0.0
1.0
103.0
104.0
103.0
104.0
103.0
104.0
104.0
104.0
104.0
103.0
103.0
104.0
103.0
103.0
103.0
104.0
104.0
103.0
0.0
1.0
104.0
103.0
102.0
104.0
103.0
102.0
103.0
104.0
104.0
104.0
104.0
103.0
103.0
104.0
103.0
103.0
103.0
104.0
1.0
0.0
104.0
104.0
104.0
102.0
103.0
104.0
103.0
102.0
103.0
104.0
104.0
104.0
104.0
104.0
103.0
104.0
103.0
103.0
0.0
1.0
103.0
104.0
104.0
104.0
103.0
103.0
103.0
131.0
131.0
132.0
132.0
133.0
133.0
133.0
132.0
131.0
131.0
106.0
0.0
1.0
103.0
103.0
102.0
105.0
105.0
104.0
105.0
103.0
103.0
104.0
103.0
103.0
103.0
104.0
104.0
104.0
105.0
104.0
1.0
0.0
103.0
104.0
103.0
102.0
103.0
103.0
104.0
103.0
104.0
102.0
102.0
104.0
103.0
103.0
102.0
104.0
104.0
104.0
1.0
0.0
104.0
103.0
103.0
104.0
102.0
103.0
102.0
104.0
104.0
104.0
103.0
104.0
103.0
104.0
102.0
103.0
103.0
104.0
0.0
1.0
104.0
104.0
103.0
104.0
103.0
104.0
103.0
103.0
103.0
104.0
103.0
104.0
102.0
102.0
104.0
103.0
104.0
103.0
0.0
1.0
102.0
104.0
105.0
104.0
102.0
102.0
104.0
103.0
104.0
103.0
103.0
104.0
104.0
104.0
103.0
103.0
104.0
132.0
0.0
1.0
133.0
132.0
132.0
133.0
132.0
133.0
132.0
131.0
133.0
103.0
104.0
102.0
103.0
104.0
104.0
105.0
103.0
102.0
1.0
0.0
104.0
103.0
105.0
104.0
103.0
104.0
105.0
105.0
103.0
103.0
105.0
102.0
103.0
103.0
103.0
104.0
103.0
103.0
0.0
1.0
104.0
103.0
103.0
103.0
104.0
103.0
103.0
104.0
103.0
103.0
103.0
104.0
103.0
103.0
104.0
102.0
103.0
104.0
1.0
0.0
105.0
103.0
102.0
105.0
103.0
102.0
104.0
103.0
103.0
104.0
103.0
103.0
103.0
105.0
105.0
104.0
104.0
104.0
0.0
1.0
103.0
103.0
104.0
104.0
102.0
104.0
103.0
103.0
105.0
103.0
103.0
103.0
104.0
103.0
104.0
104.0
104.0
103.0
0.0
1.0
104.0
103.0
103.0
131.0
131.0
133.0
133.0
133.0
133.0
132.0
132.0
132.0
131.0
103.0
103.0
103.0
104.0
104.0
0.0
1.0
104.0
102.0
104.0
103.0
103.0
103.0
103.0
103.0
103.0
104.0
104.0
103.0
104.0
103.0
103.0
103.0
103.0
103.0
1.0
0.0
104.0
104.0
104.0
103.0
102.0
105.0
105.0
103.0
103.0
104.0
104.0
104.0
104.0
102.0
102.0
104.0
102.0
102.0
0.0
1.0
103.0
104.0
104.0
104.0
104.0
103.0
103.0
104.0
103.0
102.0
103.0
104.0
105.0
104.0
104.0
103.0
103.0
105.0
0.0
1.0
103.0
103.0
103.0
103.0
104.0
104.0
104.0
103.0
103.0
105.0
102.0
103.0
102.0
103.0
104.0
104.0
104.0
103.0
1.0
0.0
103.0
104.0
104.0
103.0
104.0
104.0
104.0
104.0
104.0
102.0
130.0
131.0
133.0
132.0
131.0
133.0
132.0
133.0
1.0
0.0
133.0
131.0
104.0
103.0
104.0
103.0
103.0
104.0
104.0
103.0
104.0
103.0
103.0
103.0
103.0
103.0
103.0
104.0
0.0
1.0
103.0
104.0
104.0
103.0
103.0
103.0
104.0
103.0
103.0
104.0
104.0
105.0
104.0
103.0
103.0
103.0
104.0
103.0
0.0
1.0
103.0
104.0
104.0
104.0
104.0
102.0
102.0
103.0
104.0
103.0
102.0
104.0
104.0
103.0
104.0
103.0
102.0
103.0
0.0
1.0
104.0
102.0
104.0
104.0
104.0
104.0
104.0
103.0
103.0
102.0
104.0
103.0
103.0
104.0
104.0
104.0
103.0
103.0
0.0
1.0
103.0
102.0
104.0
103.0
103.0
104.0
104.0
104.0
104.0
103.0
102.0
103.0
104.0
103.0
102.0
104.0
131.0
132.0
1.0
0.0
205.0
202.0
202.0
203.0
204.0
203.0
205.0
206.0
177.0
175.0
104.0
104.0
103.0
103.0
104.0
104.0
104.0
104.0
1.0
0.0
105.0
105.0
103.0
105.0
103.0
102.0
105.0
104.0
104.0
105.0
104.0
104.0
103.0
104.0
103.0
103.0
103.0
104.0
0.0
1.0
104.0
105.0
104.0
104.0
104.0
104.0
103.0
103.0
103.0
103.0
103.0
105.0
104.0
104.0
103.0
104.0
102.0
103.0
0.0
1.0
103.0
104.0
103.0
104.0
104.0
104.0
103.0
103.0
104.0
103.0
104.0
104.0
104.0
104.0
104.0
105.0
104.0
104.0
0.0
1.0
103.0
103.0
103.0
104.0
104.0
104.0
106.0
105.0
103.0
104.0
102.0
103.0
103.0
102.0
103.0
104.0
104.0
104.0
0.0
1.0
103.0
103.0
103.0
104.0
104.0
130.0
131.0
133.0
132.0
132.0
132.0
131.0
131.0
130.0
125.0
100.0
98.0
91.0
