23.0
23.0
17.0
16.0
15.0
15.0
15.0
14.0
23.0
22.0
17.0
26.0
26.0
18.0
18.0
17.0
16.0
15.0
27.0
26.0
127.0
129.0
128.0
129.0
128.0
129.0
230.0
227.0
230.0
227.0
452.0
451.0
451.0
452.0
452.0
451.0
638.0
476.0
402.0
638.0
449.0
449.0
474.0
450.0
448.0
448.0
453.0
450.0
452.0
385.0
446.0
481.0
446.0
446.0
446.0
397.0
443.0
445.0
397.0
429.0
2299.0
2357.0
2392.0
2350.0
2350.0
2334.0
2378.0
2344.0
2338.0
2344.0
2337.0
2312.0
2311.0
2312.0
2313.0
2312.0
2318.0
2311.0
2313.0
2309.0
2372.0
2374.0
2368.0
2373.0
2375.0
2377.0
2374.0
2365.0
2383.0
2359.0
2313.0
2316.0
2316.0
2323.0
2311.0
2315.0
2320.0
2320.0
2313.0
2324.0
2350.0
2349.0
2356.0
2348.0
2350.0
2355.0
2347.0
2358.0
2346.0
2337.0
2338.0
2320.0
2316.0
2317.0
2335.0
2351.0
2340.0
2320.0
2332.0
2319.0
7215.0
7215.0
7264.0
7270.0
7281.0
7228.0
7319.0
7185.0
7177.0
7155.0
7164.0
7141.0
7175.0
7163.0
7171.0
7232.0
7179.0
7175.0
7151.0
7157.0
7197.0
7185.0
7251.0
7201.0
7246.0
7223.0
7219.0
7235.0
7235.0
7231.0
7216.0
7214.0
6715.0
6697.0
6783.0
6778.0
15.0
16.0
15.0
24.0
23.0
13.0
13.0
13.0
23.0
23.0
15.0
15.0
15.0
14.0
15.0
14.0
22.0
22.0
22.0
22.0
15.0
15.0
15.0
15.0
16.0
14.0
13.0
13.0
14.0
16.0
15.0
23.0
15.0
24.0
25.0
22.0
13.0
12.0
14.0
14.0
15.0
14.0
24.0
24.0
14.0
13.0
21.0
20.0
14.0
14.0
15.0
14.0
15.0
15.0
12.0
13.0
13.0
12.0
21.0
23.0
24.0
25.0
14.0
15.0
14.0
13.0
14.0
13.0
14.0
14.0
15.0
15.0
19.0
20.0
11.0
13.0
19.0
21.0
13.0
12.0
15.0
14.0
14.0
15.0
20.0
21.0
21.0
15.0
14.0
22.0
14.0
14.0
12.0
12.0
11.0
15.0
20.0
12.0
20.0
12.0
127.0
127.0
145.0
224.0
126.0
124.0
124.0
117.0
22.0
21.0
224.0
128.0
125.0
127.0
102.0
124.0
124.0
123.0
13.0
13.0
108.0
126.0
176.0
104.0
126.0
125.0
124.0
125.0
14.0
21.0
125.0
103.0
152.0
126.0
103.0
147.0
129.0
147.0
13.0
13.0
149.0
149.0
150.0
150.0
150.0
132.0
131.0
108.0
12.0
13.0
125.0
124.0
124.0
124.0
123.0
122.0
108.0
108.0
13.0
12.0
123.0
112.0
121.0
113.0
120.0
119.0
120.0
112.0
11.0
13.0
112.0
120.0
118.0
111.0
112.0
117.0
116.0
12.0
11.0
12.0
118.0
115.0
115.0
117.0
115.0
116.0
115.0
114.0
11.0
11.0
116.0
117.0
114.0
114.0
115.0
114.0
10.0
10.0
10.0
11.0
416.0
416.0
416.0
415.0
416.0
415.0
412.0
413.0
13.0
13.0
415.0
415.0
419.0
419.0
419.0
416.0
416.0
415.0
12.0
12.0
419.0
418.0
419.0
417.0
416.0
417.0
417.0
413.0
12.0
12.0
416.0
415.0
416.0
417.0
415.0
417.0
416.0
425.0
11.0
12.0
419.0
416.0
417.0
418.0
417.0
418.0
416.0
418.0
12.0
12.0
416.0
416.0
414.0
415.0
415.0
414.0
418.0
414.0
12.0
12.0
416.0
415.0
416.0
421.0
419.0
416.0
416.0
416.0
11.0
11.0
419.0
417.0
417.0
415.0
450.0
454.0
452.0
11.0
11.0
11.0
452.0
453.0
452.0
454.0
451.0
453.0
456.0
415.0
12.0
12.0
417.0
416.0
413.0
414.0
414.0
414.0
11.0
11.0
11.0
11.0
418.0
419.0
417.0
420.0
420.0
417.0
417.0
419.0
12.0
12.0
421.0
419.0
420.0
419.0
421.0
416.0
414.0
414.0
12.0
12.0
415.0
415.0
415.0
415.0
417.0
414.0
415.0
415.0
12.0
12.0
418.0
418.0
419.0
419.0
420.0
418.0
417.0
417.0
12.0
11.0
420.0
418.0
416.0
420.0
416.0
413.0
413.0
415.0
12.0
12.0
415.0
417.0
416.0
416.0
413.0
413.0
413.0
413.0
11.0
11.0
416.0
416.0
414.0
422.0
419.0
440.0
469.0
474.0
12.0
12.0
483.0
473.0
473.0
481.0
480.0
478.0
468.0
11.0
48.0
12.0
424.0
422.0
429.0
421.0
424.0
422.0
423.0
423.0
13.0
12.0
424.0
421.0
414.0
414.0
413.0
414.0
11.0
11.0
10.0
10.0
415.0
415.0
415.0
415.0
415.0
420.0
418.0
416.0
12.0
12.0
416.0
422.0
419.0
416.0
421.0
418.0
418.0
416.0
12.0
12.0
416.0
416.0
415.0
419.0
418.0
417.0
416.0
417.0
12.0
12.0
419.0
417.0
416.0
416.0
417.0
417.0
419.0
417.0
11.0
12.0
417.0
421.0
421.0
417.0
416.0
414.0
414.0
415.0
12.0
12.0
414.0
416.0
416.0
415.0
418.0
416.0
413.0
414.0
11.0
12.0
416.0
415.0
417.0
417.0
418.0
416.0
419.0
416.0
12.0
12.0
466.0
465.0
465.0
460.0
458.0
462.0
459.0
11.0
11.0
11.0
464.0
461.0
462.0
417.0
414.0
417.0
415.0
414.0
12.0
12.0
419.0
419.0
414.0
417.0
416.0
413.0
10.0
11.0
11.0
11.0
2320.0
2313.0
2311.0
2315.0
2315.0
2311.0
2320.0
2315.0
1910.0
12.0
2317.0
2359.0
2373.0
2364.0
2359.0
2361.0
2374.0
2360.0
1951.0
15.0
2370.0
2358.0
2315.0
2316.0
2319.0
2317.0
2313.0
2314.0
1903.0
12.0
2313.0
2378.0
2327.0
2367.0
2357.0
2352.0
2362.0
2360.0
1956.0
11.0
2358.0
2361.0
2361.0
2363.0
2342.0
2338.0
2354.0
2350.0
1950.0
12.0
2354.0
2359.0
2357.0
2370.0
2378.0
2428.0
2382.0
2413.0
1960.0
12.0
2380.0
2412.0
2375.0
2368.0
2394.0
2376.0
2311.0
2309.0
1902.0
12.0
2309.0
2314.0
2347.0
2306.0
2308.0
2313.0
2311.0
1960.0
11.0
11.0
2369.0
2357.0
2357.0
2376.0
2390.0
2367.0
2354.0
2369.0
1967.0
12.0
2317.0
2310.0
2302.0
2311.0
2306.0
2307.0
1903.0
11.0
10.0
11.0
2314.0
2315.0
2323.0
2366.0
2376.0
2355.0
2357.0
2357.0
1969.0
12.0
2356.0
2368.0
2351.0
2351.0
2317.0
2311.0
2312.0
2312.0
1908.0
11.0
2319.0
2328.0
2329.0
2331.0
2338.0
2428.0
2388.0
2396.0
1983.0
12.0
2396.0
2444.0
2416.0
2414.0
2405.0
2412.0
2319.0
2335.0
1907.0
12.0
2313.0
2320.0
2337.0
2383.0
2333.0
2313.0
2327.0
2363.0
1956.0
12.0
2384.0
2361.0
2364.0
2381.0
2361.0
2375.0
2381.0
2382.0
1908.0
12.0
2318.0
2336.0
2316.0
2313.0
2331.0
2313.0
2328.0
2384.0
1932.0
11.0
2371.0
2381.0
2385.0
2361.0
2375.0
2383.0
2385.0
1970.0
61.0
12.0
2331.0
2329.0
2312.0
2312.0
2328.0
2306.0
2311.0
2315.0
1921.0
12.0
2327.0
2386.0
2386.0
2369.0
2389.0
2395.0
1988.0
11.0
11.0
11.0
2414.0
2399.0
2395.0
2409.0
2354.0
2399.0
2338.0
2322.0
1917.0
13.0
2330.0
2334.0
2317.0
2317.0
2385.0
2379.0
2381.0
2362.0
1956.0
12.0
2367.0
2380.0
2380.0
2366.0
2361.0
2326.0
2327.0
2327.0
1908.0
12.0
2313.0
2313.0
2328.0
2339.0
2311.0
2365.0
2367.0
2387.0
1982.0
12.0
2384.0
2369.0
2385.0
2381.0
2389.0
2374.0
2323.0
2327.0
1906.0
12.0
2332.0
2329.0
2314.0
2311.0
2325.0
2386.0
2364.0
2362.0
1904.0
11.0
2389.0
2402.0
2405.0
2378.0
2381.0
2395.0
2369.0
2340.0
1909.0
12.0
2339.0
2356.0
2359.0
2368.0
2363.0
2355.0
2362.0
1951.0
11.0
11.0
2355.0
2403.0
2388.0
2401.0
2408.0
2383.0
2351.0
2355.0
1972.0
12.0
2377.0
2356.0
2330.0
2310.0
2331.0
2336.0
1940.0
11.0
11.0
11.0
2331.0
2310.0
2311.0
2328.0
2351.0
2372.0
2347.0
2364.0
1949.0
12.0
2369.0
2373.0
2355.0
2349.0
2361.0
2310.0
2334.0
2311.0
1911.0
12.0
2337.0
2340.0
2340.0
2310.0
2317.0
2332.0
2348.0
2349.0
1941.0
12.0
2370.0
2362.0
2364.0
2368.0
2354.0
2336.0
2372.0
2307.0
1908.0
12.0
2310.0
2341.0
2340.0
2343.0
2378.0
2335.0
2351.0
2359.0
1941.0
11.0
2381.0
2385.0
2384.0
2388.0
2516.0
2378.0
2364.0
2358.0
1960.0
13.0
2347.0
2320.0
2374.0
2339.0
2331.0
2331.0
2328.0
2333.0
1907.0
13.0
2314.0
2313.0
2350.0
2341.0
2354.0
2359.0
2360.0
1938.0
11.0
11.0
2359.0
2357.0
2341.0
2346.0
2320.0
2311.0
2332.0
2308.0
1922.0
12.0
2330.0
2331.0
2330.0
2314.0
2307.0
2341.0
1942.0
11.0
12.0
11.0
2358.0
2362.0
2346.0
2379.0
2361.0
2360.0
2344.0
2349.0
1906.0
12.0
2315.0
2334.0
2334.0
2309.0
2331.0
2341.0
2330.0
2316.0
1907.0
12.0
2343.0
2363.0
2373.0
2375.0
2367.0
2368.0
2355.0
2374.0
1969.0
12.0
2366.0
2329.0
2342.0
2339.0
2331.0
2314.0
2332.0
2332.0
1906.0
12.0
2332.0
2314.0
2345.0
2340.0
2359.0
2356.0
2363.0
2346.0
2007.0
12.0
2368.0
2368.0
2339.0
2318.0
2311.0
2327.0
2327.0
2307.0
1956.0
12.0
2313.0
2337.0
2334.0
2313.0
2348.0
2353.0
2360.0
2366.0
1951.0
11.0
2356.0
2347.0
2356.0
2364.0
2348.0
2314.0
2317.0
1925.0
11.0
11.0
2325.0
2333.0
2314.0
2324.0
2335.0
2326.0
2351.0
2349.0
1955.0
12.0
2351.0
2376.0
2365.0
2351.0
2364.0
2385.0
1971.0
11.0
11.0
11.0
2349.0
2357.0
2347.0
2365.0
2361.0
2354.0
2359.0
2346.0
1929.0
12.0
2342.0
2371.0
2376.0
2368.0
2373.0
2415.0
2376.0
2362.0
1981.0
12.0
2366.0
2410.0
2347.0
2320.0
2344.0
2372.0
2315.0
2329.0
1907.0
12.0
2314.0
2342.0
2363.0
2367.0
2349.0
2348.0
2365.0
2344.0
1946.0
12.0
2371.0
2350.0
2367.0
2339.0
2336.0
2320.0
2315.0
2318.0
1916.0
12.0
2311.0
2326.0
2330.0
2334.0
2360.0
2349.0
2360.0
2344.0
1956.0
12.0
2344.0
2340.0
2369.0
2343.0
2370.0
2326.0
2333.0
2314.0
1922.0
12.0
2326.0
2350.0
2340.0
2368.0
2371.0
2362.0
2393.0
1951.0
11.0
11.0
2405.0
2442.0
2381.0
2340.0
2364.0
2360.0
2341.0
2371.0
1964.0
12.0
2335.0
2328.0
2344.0
2340.0
2304.0
2323.0
1918.0
10.0
10.0
10.0
7291.0
7237.0
7244.0
7237.0
7299.0
7244.0
7188.0
6793.0
12.0
7264.0
7130.0
7492.0
7339.0
7343.0
7361.0
7060.0
6680.0
12.0
7127.0
7397.0
7272.0
7252.0
7257.0
7167.0
7184.0
6839.0
12.0
7158.0
7148.0
7219.0
7295.0
7279.0
7292.0
7245.0
6874.0
13.0
7269.0
7283.0
7249.0
7301.0
7210.0
7259.0
7223.0
6812.0
12.0
7143.0
7176.0
7194.0
7191.0
7275.0
7286.0
7307.0
6889.0
11.0
7260.0
7267.0
7253.0
7231.0
7213.0
7221.0
7226.0
6819.0
12.0
7220.0
7217.0
7190.0
7188.0
7208.0
7189.0
7331.0
4882.0
11.0
7191.0
7172.0
7193.0
7187.0
7167.0
7282.0
7214.0
7213.0
6797.0
12.0
7204.0
7206.0
7213.0
7208.0
7233.0
7165.0
6763.0
11.0
11.0
11.0
7221.0
7232.0
7228.0
7169.0
7230.0
7244.0
7225.0
6851.0
12.0
7229.0
7228.0
7277.0
7251.0
7239.0
7206.0
7171.0
6815.0
12.0
7199.0
7124.0
7125.0
7141.0
7165.0
7180.0
7130.0
6802.0
12.0
7209.0
7201.0
7210.0
7180.0
7197.0
7183.0
7170.0
6812.0
12.0
7205.0
7183.0
7206.0
7171.0
7155.0
7194.0
7207.0
6748.0
12.0
7151.0
7178.0
7169.0
7230.0
7149.0
7161.0
7182.0
6747.0
12.0
7175.0
7198.0
7262.0
7231.0
7182.0
7190.0
7212.0
6761.0
12.0
7220.0
7208.0
7175.0
7174.0
7166.0
7172.0
7177.0
4838.0
11.0
7150.0
7195.0
7225.0
7199.0
7214.0
7205.0
7228.0
7200.0
6822.0
12.0
7209.0
7206.0
7194.0
7202.0
7197.0
7261.0
6854.0
12.0
12.0
11.0
7256.0
7228.0
7240.0
7208.0
7190.0
7231.0
7198.0
6918.0
12.0
7205.0
7222.0
7171.0
7211.0
7223.0
7217.0
7231.0
6836.0
12.0
7207.0
7226.0
7225.0
7231.0
7406.0
7217.0
7145.0
6745.0
12.0
7178.0
7176.0
7174.0
7157.0
7144.0
7136.0
7216.0
6786.0
12.0
7178.0
7260.0
7214.0
7283.0
7265.0
7290.0
7244.0
6812.0
12.0
7239.0
7194.0
7202.0
7228.0
7214.0
7200.0
7242.0
6830.0
11.0
7219.0
7259.0
7191.0
7211.0
7180.0
7227.0
7197.0
6832.0
12.0
7219.0
7194.0
7186.0
7216.0
7249.0
7232.0
7179.0
4871.0
11.0
7244.0
7197.0
7194.0
7230.0
7224.0
7183.0
7178.0
6750.0
12.0
7230.0
7215.0
7255.0
7333.0
7314.0
6889.0
14.0
11.0
12.0
7308.0
7306.0
7292.0
7210.0
7178.0
7185.0
6806.0
12.0
7180.0
7177.0
7176.0
7173.0
7215.0
7240.0
6811.0
12.0
7224.0
7245.0
7240.0
7226.0
7228.0
7228.0
7198.0
6831.0
12.0
7235.0
7180.0
7252.0
7292.0
7237.0
7260.0
6885.0
12.0
7183.0
7153.0
7258.0
7151.0
7226.0
7146.0
6823.0
12.0
7259.0
7256.0
7254.0
7168.0
7234.0
7161.0
6836.0
12.0
7215.0
7184.0
7184.0
7202.0
7155.0
7165.0
6844.0
12.0
7304.0
7189.0
7262.0
7260.0
7258.0
7268.0
7206.0
4885.0
11.0
7223.0
7203.0
7273.0
7223.0
7150.0
7154.0
6805.0
12.0
7256.0
7189.0
7260.0
7193.0
6885.0
11.0
11.0
11.0
7250.0
7198.0
7222.0
7247.0
7213.0
7183.0
12.0
7221.0
7199.0
7156.0
7235.0
7200.0
7221.0
6827.0
13.0
7226.0
7167.0
7273.0
7282.0
7204.0
7279.0
6758.0
12.0
7191.0
7333.0
7218.0
7313.0
7368.0
6902.0
12.0
7174.0
7175.0
7228.0
7180.0
7240.0
7155.0
6795.0
11.0
7239.0
7228.0
7245.0
7157.0
7315.0
6870.0
12.0
7265.0
7253.0
7304.0
7208.0
7217.0
6818.0
13.0
7176.0
7194.0
7134.0
7150.0
7130.0
7183.0
4816.0
12.0
7188.0
7181.0
7163.0
7195.0
7193.0
7237.0
6826.0
12.0
7221.0
7234.0
7205.0
7202.0
6909.0
11.0
11.0
11.0
7183.0
7225.0
7204.0
7195.0
7188.0
7165.0
11.0
7132.0
7174.0
7183.0
7196.0
7189.0
7153.0
6790.0
12.0
7181.0
7175.0
7184.0
7242.0
7223.0
7248.0
6811.0
12.0
7184.0
7264.0
7185.0
7229.0
7253.0
6775.0
12.0
7231.0
7238.0
7267.0
7150.0
7266.0
7182.0
6762.0
12.0
7212.0
7189.0
7322.0
7231.0
7210.0
6816.0
12.0
7291.0
7221.0
7252.0
7248.0
7225.0
6964.0
12.0
7159.0
7156.0
7131.0
7158.0
7176.0
7186.0
4824.0
11.0
7164.0
7184.0
7160.0
7186.0
7251.0
7235.0
6812.0
12.0
7218.0
7168.0
7176.0
7159.0
6803.0
11.0
11.0
11.0
7219.0
7239.0
7179.0
7256.0
7201.0
7220.0
11.0
7197.0
7175.0
7203.0
7224.0
7167.0
7190.0
6818.0
12.0
7184.0
7179.0
7224.0
7217.0
7243.0
7220.0
6827.0
12.0
7230.0
7282.0
7216.0
7228.0
7193.0
6806.0
11.0
7150.0
7163.0
7177.0
7147.0
7260.0
7207.0
6767.0
11.0
7384.0
7229.0
7205.0
7281.0
7226.0
6824.0
12.0
7221.0
7224.0
7162.0
7270.0
7201.0
6773.0
12.0
7217.0
7282.0
7270.0
7198.0
7216.0
7270.0
4955.0
11.0
7216.0
7252.0
7298.0
7274.0
7229.0
7322.0
6872.0
13.0
7202.0
7285.0
7290.0
7256.0
6784.0
11.0
20.0
12.0
7250.0
7215.0
7173.0
7235.0
7219.0
7235.0
12.0
7241.0
7156.0
7211.0
7208.0
7240.0
7258.0
6805.0
12.0
7230.0
7293.0
7272.0
7218.0
7244.0
7274.0
6845.0
12.0
7238.0
7228.0
7232.0
7133.0
7143.0
6836.0
12.0
7131.0
7153.0
7130.0
7157.0
7189.0
7189.0
6791.0
12.0
7201.0
7214.0
7214.0
7243.0
7263.0
6913.0
11.0
7213.0
7239.0
7157.0
7168.0
7252.0
6850.0
12.0
7187.0
7199.0
7173.0
7147.0
7217.0
7192.0
4847.0
11.0
7220.0
7233.0
7217.0
7224.0
7231.0
7244.0
6854.0
12.0
7228.0
7265.0
7241.0
7224.0
6774.0
11.0
11.0
11.0
7264.0
7219.0
7201.0
7196.0
7211.0
7176.0
12.0
7188.0
7135.0
7134.0
7222.0
7292.0
7258.0
6852.0
12.0
7307.0
7284.0
7220.0
7186.0
7183.0
7187.0
6846.0
12.0
7231.0
7231.0
7234.0
7261.0
7231.0
6751.0
12.0
7130.0
7196.0
7153.0
7195.0
7272.0
7221.0
6815.0
12.0
7246.0
7218.0
7238.0
7242.0
7184.0
6792.0
12.0
7184.0
7260.0
7237.0
7228.0
7214.0
6735.0
14.0
7205.0
7179.0
7224.0
7198.0
7186.0
7222.0
4883.0
10.0
7240.0
7349.0
7295.0
7290.0
7155.0
7171.0
6718.0
12.0
7062.0
7035.0
7091.0
7032.0
6339.0
12.0
11.0
11.0
