3.0
2.0
2.0
2.0
2.0
2.0
2.0
3.0
3.0
2.0
2.0
2.0
63.0
221.0
221.0
221.0
220.0
221.0
1625.0
1625.0
1625.0
1625.0
1623.0
1620.0
1625.0
1623.0
1624.0
1622.0
1630.0
1629.0
2.0
2.0
63.0
220.0
221.0
220.0
229.0
228.0
1629.0
1630.0
1631.0
1631.0
1629.0
1629.0
1623.0
1620.0
1649.0
1652.0
1652.0
1649.0
2.0
2.0
63.0
221.0
221.0
224.0
223.0
231.0
1647.0
1654.0
1656.0
1650.0
1649.0
1636.0
1632.0
1635.0
1645.0
1645.0
1645.0
1644.0
2.0
2.0
64.0
228.0
227.0
226.0
227.0
222.0
1633.0
1637.0
1641.0
1644.0
1639.0
1640.0
1635.0
1635.0
1633.0
1634.0
1632.0
1639.0
2.0
2.0
63.0
220.0
220.0
220.0
220.0
220.0
1630.0
1633.0
1628.0
1635.0
1626.0
1627.0
1634.0
1629.0
1634.0
1635.0
1629.0
1635.0
2.0
2.0
63.0
220.0
230.0
229.0
229.0
229.0
1623.0
1626.0
1629.0
1628.0
1622.0
1629.0
1635.0
1626.0
1632.0
1634.0
1635.0
1629.0
2.0
2.0
63.0
225.0
224.0
225.0
225.0
220.0
1636.0
1635.0
1631.0
1630.0
1628.0
1630.0
1624.0
1624.0
1630.0
1627.0
1622.0
1623.0
2.0
2.0
62.0
220.0
220.0
220.0
220.0
220.0
1633.0
1631.0
1633.0
1630.0
1629.0
1634.0
1630.0
1630.0
1632.0
1632.0
1622.0
1621.0
2.0
2.0
63.0
220.0
220.0
220.0
220.0
220.0
1624.0
1629.0
1628.0
1629.0
1635.0
1631.0
1637.0
1634.0
1650.0
1654.0
1654.0
1657.0
3.0
2.0
62.0
229.0
231.0
220.0
221.0
221.0
1645.0
1650.0
1646.0
1643.0
1639.0
1643.0
1567.0
1569.0
1466.0
1467.0
1383.0
1380.0
2.0
2.0
2.0
3.0
3.0
2.0
2.0
2.0
2.0
2.0
2.0
3.0
3.0
2.0
2.0
2.0
2.0
2.0
2.0
2.0
63.0
63.0
63.0
63.0
63.0
63.0
63.0
64.0
64.0
2.0
221.0
220.0
220.0
220.0
220.0
220.0
220.0
220.0
219.0
2.0
219.0
220.0
220.0
220.0
220.0
220.0
220.0
220.0
220.0
2.0
220.0
219.0
222.0
224.0
224.0
225.0
224.0
224.0
224.0
2.0
223.0
224.0
224.0
222.0
227.0
228.0
228.0
228.0
228.0
2.0
228.0
227.0
227.0
228.0
228.0
220.0
220.0
219.0
220.0
2.0
1621.0
1624.0
1624.0
1623.0
1623.0
1620.0
1614.0
1623.0
1621.0
785.0
1636.0
1632.0
1633.0
1633.0
1634.0
1633.0
1628.0
1632.0
1634.0
798.0
1640.0
1640.0
1646.0
1647.0
1646.0
1647.0
1648.0
1643.0
1644.0
805.0
1636.0
1637.0
1634.0
1635.0
1636.0
1633.0
1634.0
1634.0
1634.0
802.0
1632.0
1635.0
1624.0
1627.0
1627.0
1624.0
1626.0
1627.0
1638.0
791.0
1629.0
1628.0
1632.0
1632.0
1633.0
1636.0
1635.0
1633.0
1633.0
784.0
1623.0
1625.0
1625.0
1625.0
1628.0
1625.0
1634.0
1637.0
1626.0
786.0
1637.0
1639.0
1635.0
1635.0
1640.0
1635.0
1640.0
1621.0
1625.0
790.0
1633.0
1632.0
1635.0
1632.0
1631.0
1634.0
1635.0
1630.0
1621.0
788.0
1616.0
1621.0
1623.0
1623.0
1621.0
1622.0
1626.0
1626.0
1620.0
785.0
1630.0
1629.0
1638.0
1643.0
1638.0
1634.0
1638.0
1637.0
1638.0
799.0
1627.0
1633.0
1635.0
1643.0
1644.0
1646.0
1641.0
1644.0
1641.0
790.0
2.0
2.0
2.0
2.0
1.0
2.0
2.0
1.0
2.0
2.0
2.0
2.0
1.0
2.0
2.0
1.0
2.0
1.0
2.0
2.0
62.0
62.0
62.0
62.0
62.0
62.0
62.0
63.0
63.0
1.0
235.0
236.0
224.0
222.0
222.0
220.0
220.0
220.0
220.0
2.0
220.0
220.0
220.0
219.0
221.0
219.0
230.0
229.0
229.0
2.0
228.0
228.0
229.0
229.0
229.0
229.0
229.0
220.0
220.0
2.0
220.0
220.0
220.0
220.0
220.0
219.0
219.0
220.0
220.0
2.0
219.0
219.0
219.0
219.0
219.0
219.0
220.0
219.0
220.0
2.0
1624.0
1625.0
1630.0
1631.0
1628.0
1629.0
1628.0
1629.0
1624.0
789.0
1635.0
1632.0
1631.0
1631.0
1632.0
1634.0
1632.0
1632.0
1631.0
794.0
1631.0
1633.0
1635.0
1635.0
1633.0
1635.0
1636.0
1635.0
1635.0
790.0
1639.0
1632.0
1635.0
1625.0
1626.0
1623.0
1626.0
1620.0
1625.0
784.0
1623.0
1623.0
1622.0
1623.0
1633.0
1636.0
1635.0
1634.0
1632.0
787.0
1631.0
1631.0
1624.0
1630.0
1631.0
1624.0
1630.0
1628.0
1627.0
785.0
1635.0
1631.0
1635.0
1634.0
1639.0
1634.0
1633.0
1644.0
1643.0
792.0
1632.0
1632.0
1637.0
1637.0
1642.0
1645.0
1645.0
1629.0
1635.0
787.0
1643.0
1645.0
1645.0
1639.0
1635.0
1637.0
1633.0
1645.0
1649.0
797.0
1653.0
1649.0
1647.0
1637.0
1637.0
1631.0
1636.0
1633.0
1633.0
784.0
1624.0
1635.0
1635.0
1636.0
1632.0
1628.0
1633.0
1634.0
1662.0
793.0
1628.0
1613.0
1639.0
1631.0
1634.0
1635.0
1634.0
1636.0
1636.0
787.0
2.0
1.0
1.0
2.0
2.0
2.0
2.0
1.0
2.0
2.0
2.0
2.0
1.0
2.0
2.0
1.0
2.0
2.0
2.0
2.0
62.0
62.0
62.0
62.0
62.0
63.0
63.0
62.0
62.0
1.0
219.0
220.0
234.0
233.0
233.0
221.0
221.0
219.0
219.0
2.0
220.0
220.0
219.0
220.0
219.0
219.0
219.0
219.0
219.0
2.0
220.0
220.0
219.0
220.0
219.0
220.0
220.0
220.0
220.0
2.0
220.0
219.0
219.0
220.0
219.0
220.0
219.0
219.0
219.0
2.0
219.0
220.0
221.0
222.0
224.0
225.0
225.0
225.0
223.0
2.0
1632.0
1640.0
1637.0
1631.0
1638.0
1633.0
1636.0
1635.0
1635.0
779.0
1635.0
1618.0
1622.0
1628.0
1622.0
1627.0
1627.0
1630.0
1633.0
787.0
1633.0
1639.0
1644.0
1649.0
1650.0
1646.0
1640.0
1631.0
1636.0
799.0
1629.0
1627.0
1631.0
1632.0
1637.0
1627.0
1633.0
1633.0
1633.0
791.0
1635.0
1637.0
1637.0
1637.0
1631.0
1635.0
1640.0
1637.0
1634.0
793.0
1631.0
1631.0
1631.0
1632.0
1633.0
1662.0
1665.0
1659.0
1658.0
790.0
1654.0
1661.0
1660.0
1664.0
1664.0
1667.0
1647.0
1636.0
1631.0
782.0
1630.0
1638.0
1624.0
1624.0
1624.0
1622.0
1624.0
1648.0
1632.0
791.0
1636.0
1627.0
1638.0
1633.0
1638.0
1630.0
1633.0
1633.0
1646.0
793.0
1639.0
1643.0
1637.0
1641.0
1637.0
1641.0
1632.0
1646.0
1633.0
793.0
1615.0
1621.0
1621.0
1615.0
1616.0
1628.0
1629.0
1627.0
1635.0
781.0
1627.0
1639.0
1642.0
1638.0
1638.0
1631.0
1638.0
1627.0
1628.0
782.0
2.0
2.0
1.0
2.0
2.0
1.0
12.0
12.0
1.0
2.0
2.0
1.0
2.0
2.0
2.0
2.0
1.0
2.0
2.0
1.0
62.0
63.0
62.0
62.0
63.0
62.0
62.0
62.0
62.0
2.0
219.0
219.0
221.0
220.0
219.0
219.0
220.0
219.0
220.0
2.0
219.0
219.0
219.0
223.0
223.0
225.0
225.0
225.0
225.0
1.0
225.0
224.0
225.0
225.0
221.0
221.0
219.0
220.0
220.0
2.0
220.0
221.0
219.0
220.0
220.0
219.0
220.0
220.0
219.0
1.0
220.0
221.0
220.0
220.0
219.0
220.0
220.0
219.0
220.0
2.0
1631.0
1634.0
1636.0
1629.0
1634.0
1636.0
1636.0
1648.0
1648.0
798.0
1629.0
1636.0
1635.0
1642.0
1636.0
1621.0
1622.0
1622.0
1624.0
780.0
1631.0
1624.0
1654.0
1647.0
1658.0
1656.0
1655.0
1657.0
1656.0
792.0
1648.0
1649.0
1650.0
1632.0
1623.0
1625.0
1633.0
1632.0
1632.0
787.0
1634.0
1635.0
1635.0
1629.0
1622.0
1625.0
1617.0
1630.0
1628.0
787.0
1626.0
1623.0
1628.0
1624.0
1629.0
1632.0
1636.0
1628.0
1634.0
789.0
1631.0
1634.0
1638.0
1633.0
1632.0
1622.0
1634.0
1637.0
1635.0
794.0
1643.0
1639.0
1636.0
1640.0
1640.0
1636.0
1639.0
1635.0
1640.0
794.0
1638.0
1642.0
1646.0
1640.0
1634.0
1639.0
1640.0
1640.0
1637.0
796.0
1631.0
1632.0
1634.0
1632.0
1638.0
1632.0
1640.0
1643.0
1633.0
784.0
1634.0
1632.0
1634.0
1632.0
1625.0
1633.0
1630.0
1628.0
1623.0
782.0
1633.0
1630.0
1633.0
1631.0
1629.0
1625.0
1635.0
1626.0
1632.0
792.0
2.0
1.0
2.0
2.0
2.0
1.0
2.0
2.0
2.0
2.0
1.0
2.0
2.0
2.0
1.0
2.0
2.0
2.0
1.0
2.0
63.0
62.0
62.0
63.0
62.0
62.0
62.0
62.0
62.0
2.0
224.0
225.0
220.0
220.0
219.0
220.0
221.0
220.0
220.0
2.0
219.0
220.0
219.0
220.0
220.0
219.0
220.0
219.0
219.0
2.0
219.0
220.0
219.0
220.0
219.0
219.0
219.0
221.0
223.0
2.0
224.0
225.0
225.0
225.0
224.0
225.0
224.0
235.0
233.0
2.0
231.0
232.0
230.0
232.0
235.0
232.0
231.0
232.0
231.0
2.0
1636.0
1633.0
1634.0
1631.0
1627.0
1635.0
1636.0
1637.0
1635.0
785.0
1623.0
1632.0
1627.0
1634.0
1634.0
1634.0
1632.0
1633.0
1634.0
788.0
1634.0
1626.0
1626.0
1631.0
1628.0
1626.0
1629.0
1631.0
1629.0
789.0
1629.0
1630.0
1631.0
1630.0
1635.0
1629.0
1629.0
1627.0
1636.0
784.0
1638.0
1641.0
1617.0
1613.0
1618.0
1625.0
1625.0
1625.0
1625.0
786.0
1621.0
1620.0
1632.0
1623.0
1621.0
1621.0
1622.0
1629.0
1630.0
792.0
1631.0
1621.0
1621.0
1632.0
1621.0
1626.0
1634.0
1624.0
1635.0
789.0
1634.0
1635.0
1627.0
1634.0
1635.0
1640.0
1635.0
1625.0
1618.0
789.0
1628.0
1624.0
1628.0
1628.0
1629.0
1626.0
1632.0
1623.0
1635.0
794.0
1658.0
1654.0
1655.0
1656.0
1656.0
1655.0
1652.0
1653.0
1677.0
811.0
1637.0
1636.0
1637.0
1630.0
1635.0
1636.0
1637.0
1634.0
1637.0
795.0
1636.0
1624.0
1621.0
1623.0
1627.0
1635.0
1636.0
1637.0
1628.0
791.0
2.0
2.0
2.0
1.0
2.0
2.0
2.0
1.0
1.0
2.0
2.0
2.0
1.0
2.0
2.0
2.0
1.0
2.0
2.0
2.0
63.0
62.0
62.0
62.0
62.0
63.0
62.0
62.0
62.0
2.0
220.0
220.0
231.0
231.0
230.0
232.0
231.0
232.0
222.0
2.0
221.0
221.0
221.0
221.0
220.0
220.0
219.0
220.0
219.0
2.0
219.0
219.0
219.0
220.0
220.0
219.0
219.0
220.0
228.0
2.0
226.0
228.0
228.0
228.0
227.0
229.0
228.0
227.0
227.0
2.0
219.0
220.0
219.0
220.0
219.0
220.0
220.0
220.0
220.0
2.0
1627.0
1627.0
1629.0
1631.0
1627.0
1631.0
1631.0
1631.0
1626.0
791.0
1632.0
1625.0
1626.0
1636.0
1644.0
1651.0
1647.0
1646.0
1642.0
794.0
1629.0
1632.0
1635.0
1636.0
1626.0
1624.0
1624.0
1626.0
1624.0
787.0
1631.0
1630.0
1625.0
1632.0
1630.0
1628.0
1634.0
1634.0
1636.0
793.0
1628.0
1617.0
1631.0
1620.0
1631.0
1628.0
1631.0
1633.0
1633.0
788.0
1627.0
1637.0
1639.0
1635.0
1631.0
1624.0
1626.0
1626.0
1628.0
794.0
1662.0
1648.0
1647.0
1651.0
1652.0
1651.0
1653.0
1654.0
1653.0
812.0
1638.0
1703.0
1637.0
1635.0
1629.0
1632.0
1624.0
1628.0
1627.0
787.0
1625.0
1634.0
1631.0
1626.0
1631.0
1632.0
1703.0
1630.0
1631.0
793.0
1629.0
1638.0
1633.0
1640.0
1638.0
1639.0
1638.0
1637.0
1690.0
783.0
1640.0
1632.0
1630.0
1635.0
1629.0
1630.0
1631.0
1625.0
1627.0
794.0
1622.0
1626.0
1624.0
1621.0
1631.0
1631.0
1627.0
1631.0
1629.0
789.0
2.0
2.0
2.0
2.0
1.0
2.0
2.0
2.0
1.0
2.0
2.0
2.0
2.0
1.0
2.0
2.0
2.0
1.0
2.0
2.0
62.0
63.0
63.0
62.0
62.0
66.0
66.0
62.0
62.0
1.0
220.0
220.0
221.0
221.0
220.0
219.0
220.0
220.0
220.0
2.0
220.0
219.0
220.0
227.0
227.0
228.0
227.0
226.0
227.0
2.0
228.0
227.0
227.0
227.0
220.0
219.0
219.0
219.0
220.0
2.0
219.0
220.0
220.0
220.0
220.0
219.0
220.0
220.0
220.0
1.0
220.0
220.0
220.0
219.0
219.0
219.0
220.0
219.0
219.0
1.0
1622.0
1617.0
1631.0
1634.0
1631.0
1631.0
1631.0
1629.0
1628.0
788.0
1631.0
1639.0
1628.0
1632.0
1632.0
1637.0
1635.0
1638.0
1651.0
791.0
1628.0
1634.0
1636.0
1637.0
1639.0
1640.0
1640.0
1637.0
1640.0
789.0
1651.0
1642.0
1654.0
1638.0
1636.0
1637.0
1647.0
1652.0
1642.0
800.0
1633.0
1629.0
1631.0
1641.0
1635.0
1639.0
1627.0
1627.0
1627.0
785.0
1632.0
1635.0
1630.0
1630.0
1623.0
1618.0
1626.0
1628.0
1628.0
787.0
1632.0
1631.0
1631.0
1635.0
1632.0
1633.0
1623.0
1625.0
1634.0
795.0
1625.0
1629.0
1626.0
1630.0
1628.0
1630.0
1629.0
1623.0
1639.0
790.0
1637.0
1637.0
1637.0
1642.0
1643.0
1635.0
1643.0
1641.0
1623.0
784.0
1628.0
1632.0
1630.0
1636.0
1629.0
1628.0
1619.0
1624.0
1626.0
790.0
1633.0
1634.0
1636.0
1627.0
1633.0
1635.0
1635.0
1630.0
1631.0
793.0
1628.0
1631.0
1630.0
1627.0
1633.0
1635.0
1634.0
1633.0
1634.0
786.0
2.0
2.0
2.0
1.0
2.0
2.0
2.0
1.0
2.0
2.0
2.0
1.0
2.0
2.0
2.0
1.0
2.0
2.0
2.0
1.0
62.0
62.0
63.0
63.0
62.0
62.0
62.0
62.0
62.0
2.0
229.0
229.0
221.0
221.0
221.0
221.0
220.0
220.0
220.0
2.0
220.0
220.0
220.0
220.0
219.0
220.0
219.0
219.0
219.0
2.0
219.0
220.0
220.0
219.0
220.0
220.0
220.0
220.0
222.0
2.0
223.0
225.0
224.0
224.0
225.0
224.0
225.0
225.0
226.0
2.0
222.0
221.0
221.0
220.0
221.0
220.0
221.0
220.0
220.0
1.0
1645.0
1647.0
1645.0
1646.0
1646.0
1649.0
1647.0
1647.0
1643.0
789.0
1643.0
1629.0
1631.0
1632.0
1631.0
1635.0
1626.0
1634.0
1630.0
787.0
1636.0
1638.0
1627.0
1631.0
1629.0
1639.0
1637.0
1639.0
1639.0
788.0
1618.0
1627.0
1626.0
1634.0
1638.0
1636.0
1627.0
1629.0
1628.0
784.0
1628.0
1635.0
1635.0
1627.0
1629.0
1625.0
1621.0
1633.0
1634.0
792.0
1626.0
1629.0
1630.0
1630.0
1621.0
1635.0
1633.0
1633.0
1636.0
794.0
1642.0
1638.0
1659.0
1637.0
1640.0
1631.0
1629.0
1630.0
1626.0
794.0
1634.0
1628.0
1625.0
1625.0
1630.0
1632.0
1622.0
1640.0
1638.0
796.0
1626.0
1632.0
1634.0
1634.0
1633.0
1632.0
1631.0
1629.0
1629.0
789.0
1628.0
1635.0
1635.0
1637.0
1635.0
1638.0
1636.0
1633.0
1635.0
795.0
1633.0
1636.0
1650.0
1649.0
1649.0
1649.0
1652.0
1650.0
1642.0
811.0
1638.0
1639.0
1625.0
1623.0
1630.0
1633.0
1629.0
1629.0
1621.0
790.0
2.0
2.0
2.0
2.0
1.0
2.0
2.0
2.0
1.0
2.0
2.0
2.0
2.0
1.0
2.0
2.0
2.0
1.0
2.0
2.0
62.0
62.0
62.0
62.0
62.0
62.0
63.0
62.0
62.0
2.0
219.0
220.0
220.0
220.0
220.0
220.0
222.0
224.0
225.0
2.0
225.0
225.0
225.0
225.0
225.0
226.0
226.0
221.0
219.0
2.0
220.0
220.0
220.0
221.0
220.0
220.0
219.0
219.0
219.0
2.0
220.0
220.0
220.0
220.0
220.0
219.0
219.0
220.0
220.0
2.0
220.0
219.0
220.0
219.0
219.0
220.0
219.0
220.0
220.0
2.0
1645.0
1647.0
1642.0
1648.0
1642.0
1639.0
1649.0
1638.0
1646.0
801.0
1634.0
1630.0
1630.0
1632.0
1633.0
1632.0
1634.0
1632.0
1634.0
784.0
1639.0
1624.0
1631.0
1630.0
1629.0
1635.0
1633.0
1629.0
1635.0
793.0
1635.0
1634.0
1629.0
1634.0
1635.0
1636.0
1635.0
1633.0
1625.0
789.0
1632.0
1635.0
1626.0
1627.0
1630.0
1631.0
1625.0
1637.0
1627.0
787.0
1629.0
1628.0
1628.0
1630.0
1628.0
1631.0
1630.0
1629.0
1621.0
783.0
1636.0
1636.0
1636.0
1634.0
1633.0
1616.0
1642.0
1646.0
1645.0
787.0
1651.0
1651.0
1655.0
1689.0
1650.0
1652.0
1648.0
1641.0
1631.0
798.0
1626.0
1624.0
1626.0
1630.0
1625.0
1624.0
1703.0
1620.0
1633.0
785.0
1623.0
1643.0
1622.0
1641.0
1643.0
1635.0
1638.0
1638.0
1670.0
783.0
1644.0
1647.0
1631.0
1633.0
1632.0
1633.0
1635.0
1638.0
1629.0
808.0
1662.0
1633.0
1636.0
1634.0
1638.0
1637.0
1630.0
1636.0
1639.0
792.0
2.0
1.0
2.0
2.0
2.0
1.0
2.0
2.0
2.0
1.0
2.0
2.0
2.0
1.0
2.0
2.0
1.0
1.0
2.0
2.0
62.0
62.0
65.0
62.0
65.0
63.0
65.0
68.0
71.0
1.0
220.0
230.0
220.0
230.0
220.0
220.0
220.0
220.0
62.0
2.0
220.0
220.0
221.0
220.0
219.0
231.0
221.0
221.0
63.0
2.0
221.0
221.0
222.0
222.0
221.0
221.0
222.0
230.0
62.0
2.0
225.0
226.0
225.0
224.0
224.0
224.0
225.0
226.0
63.0
2.0
234.0
223.0
220.0
219.0
220.0
220.0
220.0
219.0
62.0
1.0
1641.0
1634.0
1646.0
1629.0
1639.0
1636.0
1638.0
1635.0
856.0
797.0
1632.0
1623.0
1635.0
1625.0
1625.0
1629.0
1632.0
1634.0
852.0
788.0
1634.0
1632.0
1633.0
1632.0
1625.0
1622.0
1620.0
1621.0
847.0
788.0
1623.0
1625.0
1620.0
1638.0
1632.0
1634.0
1639.0
1636.0
848.0
786.0
1658.0
1661.0
1669.0
1666.0
1663.0
1648.0
1649.0
1650.0
875.0
812.0
1630.0
1633.0
1631.0
1626.0
1632.0
1632.0
1631.0
1632.0
847.0
786.0
1636.0
1630.0
1634.0
1638.0
1631.0
1617.0
1632.0
1634.0
850.0
787.0
1641.0
1638.0
1638.0
1638.0
1627.0
1628.0
1629.0
1619.0
850.0
792.0
1629.0
1622.0
1626.0
1631.0
1630.0
1623.0
1628.0
1629.0
854.0
792.0
1631.0
1633.0
1629.0
1633.0
1631.0
1632.0
1628.0
1620.0
852.0
791.0
1621.0
1627.0
1627.0
1633.0
1629.0
1625.0
1630.0
1623.0
848.0
783.0
1628.0
1619.0
1535.0
1536.0
1536.0
1536.0
1524.0
1518.0
851.0
793.0
