13.0
8.0
6.0
6.0
4.0
8.0
6.0
5.0
4.0
4.0
59.0
51.0
28.0
28.0
26.0
75.0
29.0
28.0
48.0
47.0
148.0
30.0
28.0
28.0
27.0
406.0
52.0
49.0
28.0
27.0
348.0
29.0
49.0
31.0
28.0
351.0
30.0
48.0
48.0
27.0
586.0
29.0
28.0
27.0
27.0
1483.0
1137.0
1439.0
1267.0
1299.0
3457.0
2881.0
2846.0
2850.0
2835.0
3817.0
2647.0
2800.0
2649.0
2653.0
3045.0
2759.0
2749.0
2741.0
3673.0
2984.0
2701.0
2743.0
2709.0
3089.0
3044.0
2723.0
2739.0
2727.0
2733.0
3046.0
2714.0
2741.0
2749.0
2718.0
3043.0
2745.0
2738.0
2738.0
2751.0
3053.0
2745.0
2765.0
2759.0
2712.0
3062.0
2760.0
2755.0
2755.0
2760.0
3061.0
2754.0
2753.0
2795.0
2753.0
3039.0
2744.0
2731.0
2725.0
2731.0
3037.0
2746.0
2745.0
2734.0
2739.0
27.0
26.0
24.0
24.0
24.0
27.0
26.0
24.0
24.0
24.0
27.0
26.0
25.0
24.0
23.0
27.0
26.0
24.0
25.0
24.0
28.0
26.0
24.0
24.0
24.0
28.0
26.0
25.0
24.0
25.0
27.0
25.0
25.0
25.0
26.0
1232.0
1234.0
1235.0
1228.0
1224.0
2752.0
2743.0
2739.0
2733.0
2739.0
2748.0
2753.0
2748.0
2735.0
2734.0
2737.0
2738.0
2750.0
2752.0
2751.0
2736.0
2728.0
2734.0
2738.0
2728.0
2747.0
2745.0
2733.0
2744.0
2737.0
2755.0
2747.0
2752.0
2744.0
2743.0
2692.0
2696.0
2803.0
2817.0
2827.0
2843.0
2852.0
2852.0
2740.0
2709.0
2771.0
2773.0
2898.0
2769.0
2764.0
2766.0
2757.0
2757.0
2737.0
2761.0
2782.0
2685.0
2670.0
2790.0
2769.0
2795.0
2779.0
2773.0
2605.0
2607.0
109.0
130.0
48.0
28.0
26.0
39.0
39.0
48.0
47.0
46.0
33.0
29.0
48.0
27.0
46.0
58.0
50.0
47.0
27.0
26.0
34.0
29.0
27.0
27.0
47.0
56.0
48.0
26.0
46.0
46.0
33.0
28.0
27.0
27.0
45.0
57.0
28.0
27.0
26.0
45.0
32.0
49.0
47.0
46.0
12.0
10.0
5.0
5.0
4.0
3.0
125.0
212.0
90.0
63.0
62.0
61.0
54.0
48.0
48.0
46.0
34.0
29.0
44.0
44.0
47.0
34.0
24.0
27.0
27.0
22.0
34.0
29.0
27.0
27.0
47.0
32.0
23.0
26.0
26.0
26.0
32.0
28.0
27.0
22.0
27.0
32.0
28.0
26.0
46.0
21.0
32.0
28.0
27.0
27.0
13.0
9.0
4.0
3.0
4.0
3.0
467.0
349.0
263.0
296.0
291.0
39.0
54.0
27.0
48.0
47.0
35.0
29.0
26.0
47.0
47.0
33.0
28.0
23.0
28.0
27.0
26.0
40.0
38.0
27.0
26.0
26.0
27.0
28.0
26.0
26.0
27.0
28.0
26.0
26.0
26.0
26.0
28.0
26.0
26.0
25.0
28.0
28.0
26.0
27.0
12.0
8.0
5.0
3.0
3.0
2.0
773.0
618.0
687.0
574.0
657.0
304.0
33.0
26.0
27.0
26.0
33.0
28.0
27.0
28.0
26.0
33.0
28.0
26.0
27.0
26.0
33.0
29.0
27.0
27.0
27.0
32.0
28.0
26.0
26.0
26.0
32.0
27.0
26.0
26.0
25.0
32.0
27.0
26.0
24.0
35.0
41.0
36.0
35.0
32.0
12.0
9.0
5.0
4.0
4.0
3.0
771.0
708.0
680.0
570.0
653.0
312.0
30.0
24.0
27.0
23.0
34.0
29.0
24.0
27.0
23.0
33.0
26.0
28.0
27.0
23.0
34.0
29.0
27.0
24.0
26.0
32.0
29.0
23.0
27.0
26.0
28.0
28.0
27.0
27.0
23.0
33.0
28.0
23.0
23.0
26.0
32.0
28.0
23.0
23.0
13.0
9.0
4.0
3.0
3.0
3.0
768.0
706.0
590.0
567.0
569.0
354.0
33.0
27.0
27.0
27.0
34.0
29.0
28.0
28.0
26.0
33.0
29.0
27.0
28.0
28.0
34.0
29.0
27.0
27.0
27.0
32.0
27.0
26.0
26.0
25.0
32.0
27.0
27.0
26.0
25.0
32.0
27.0
27.0
27.0
26.0
31.0
27.0
27.0
26.0
13.0
9.0
5.0
4.0
4.0
3.0
763.0
702.0
657.0
651.0
648.0
307.0
29.0
24.0
23.0
23.0
29.0
25.0
24.0
23.0
23.0
29.0
25.0
27.0
23.0
23.0
33.0
25.0
23.0
24.0
26.0
32.0
24.0
23.0
26.0
23.0
32.0
24.0
23.0
26.0
26.0
28.0
24.0
26.0
26.0
22.0
28.0
28.0
23.0
26.0
11.0
8.0
4.0
3.0
3.0
3.0
1935.0
1882.0
1854.0
1846.0
1854.0
1552.0
1262.0
1249.0
1252.0
1253.0
1234.0
1234.0
1238.0
1221.0
1229.0
1252.0
1241.0
1245.0
1242.0
1258.0
1282.0
1256.0
28.0
25.0
25.0
33.0
25.0
24.0
25.0
26.0
32.0
29.0
25.0
25.0
24.0
33.0
28.0
28.0
26.0
24.0
34.0
33.0
29.0
30.0
14.0
9.0
5.0
4.0
3.0
3.0
3431.0
3434.0
3398.0
3401.0
3376.0
3132.0
2758.0
2762.0
2742.0
2759.0
2771.0
2756.0
2718.0
2714.0
2745.0
2759.0
2714.0
2740.0
2778.0
2716.0
2779.0
2716.0
1500.0
1531.0
1580.0
1539.0
1560.0
1562.0
1530.0
1587.0
1542.0
1504.0
1494.0
1509.0
1504.0
1501.0
1501.0
1513.0
1528.0
1497.0
1509.0
1510.0
1528.0
1513.0
1507.0
1510.0
1506.0
1513.0
1527.0
1521.0
3425.0
3345.0
3308.0
3281.0
3332.0
3044.0
2715.0
2709.0
2769.0
2751.0
2765.0
2782.0
2780.0
2770.0
2770.0
2778.0
2759.0
2773.0
2752.0
2740.0
2722.0
2741.0
1545.0
1515.0
1528.0
1534.0
1530.0
1537.0
1543.0
1546.0
1513.0
1514.0
1507.0
1500.0
1497.0
1510.0
1515.0
1507.0
1522.0
1533.0
1559.0
1523.0
1537.0
1537.0
1523.0
1515.0
1525.0
1520.0
1491.0
1484.0
3443.0
3397.0
3368.0
3318.0
3344.0
3048.0
2746.0
2740.0
2757.0
2742.0
2745.0
2741.0
2775.0
2727.0
2718.0
2749.0
2747.0
2726.0
2727.0
2736.0
2763.0
2738.0
1524.0
1511.0
1499.0
1511.0
1512.0
1511.0
1515.0
1539.0
1565.0
1562.0
1559.0
1561.0
1553.0
1559.0
1554.0
1559.0
1554.0
1529.0
1525.0
1523.0
1500.0
1498.0
1490.0
1490.0
1481.0
1476.0
1482.0
1503.0
3432.0
3352.0
3339.0
3335.0
3327.0
3003.0
2767.0
2741.0
2733.0
2742.0
2752.0
2697.0
2722.0
2713.0
2726.0
2754.0
2729.0
2740.0
2739.0
2762.0
2730.0
2728.0
1530.0
1542.0
1530.0
1539.0
1531.0
1540.0
1541.0
1532.0
1489.0
1512.0
1503.0
1515.0
1513.0
1511.0
1498.0
1494.0
1492.0
1510.0
1511.0
1532.0
1545.0
1545.0
1528.0
1529.0
1521.0
1520.0
1520.0
1525.0
3589.0
3371.0
3390.0
3328.0
3325.0
3098.0
2775.0
2774.0
2740.0
2745.0
2717.0
2723.0
2748.0
2802.0
2725.0
2735.0
2734.0
2766.0
2729.0
2726.0
2749.0
2746.0
1493.0
1499.0
1497.0
1503.0
1510.0
1507.0
1503.0
1502.0
1515.0
1500.0
1526.0
1532.0
1518.0
1549.0
1527.0
1539.0
1539.0
1547.0
1553.0
1537.0
1496.0
1489.0
1513.0
1492.0
1470.0
1479.0
1486.0
1484.0
3420.0
3339.0
3333.0
3290.0
3311.0
3041.0
2726.0
2709.0
2728.0
2727.0
2724.0
2707.0
2741.0
2738.0
2731.0
2732.0
2720.0
2744.0
2742.0
2778.0
2740.0
2731.0
1547.0
1563.0
1517.0
1504.0
1507.0
1564.0
1592.0
1595.0
1547.0
1520.0
1510.0
1528.0
1516.0
1532.0
1514.0
1514.0
1492.0
1495.0
1517.0
1501.0
1503.0
1513.0
1501.0
1502.0
1500.0
1519.0
1478.0
1498.0
3413.0
3357.0
3321.0
3290.0
3335.0
3033.0
2717.0
2709.0
2725.0
2731.0
2729.0
2749.0
2743.0
2721.0
2752.0
2771.0
2727.0
2751.0
2689.0
2696.0
2736.0
2726.0
1560.0
1534.0
1527.0
1532.0
1543.0
1548.0
1538.0
1530.0
1506.0
1504.0
1508.0
1492.0
1501.0
1514.0
1499.0
1506.0
1533.0
1532.0
1541.0
1522.0
1520.0
1542.0
1541.0
1526.0
1510.0
1523.0
1498.0
1517.0
3471.0
3433.0
3380.0
3364.0
3360.0
3073.0
2776.0
2786.0
2743.0
2760.0
2728.0
2713.0
2725.0
2713.0
2730.0
2715.0
2719.0
2742.0
2736.0
2722.0
2728.0
2724.0
1511.0
1488.0
1489.0
1520.0
1500.0
1508.0
1497.0
1495.0
1540.0
1551.0
1523.0
1538.0
1533.0
1554.0
1551.0
1546.0
1497.0
1491.0
1510.0
1505.0
1512.0
1503.0
1493.0
1488.0
1493.0
1487.0
1484.0
1477.0
3421.0
3336.0
3317.0
3329.0
3292.0
3032.0
2759.0
2747.0
2741.0
2720.0
2739.0
2738.0
2772.0
2738.0
2749.0
2748.0
2736.0
2745.0
2739.0
2752.0
2726.0
2747.0
1534.0
1532.0
1515.0
1522.0
1509.0
1528.0
1528.0
1523.0
1526.0
1507.0
1500.0
1499.0
1500.0
1512.0
1506.0
1499.0
1545.0
1535.0
1539.0
1547.0
1541.0
1516.0
1520.0
1517.0
1507.0
1509.0
1484.0
1472.0
3431.0
3395.0
3320.0
3307.0
3300.0
3047.0
2716.0
2710.0
2745.0
2748.0
2734.0
2728.0
2756.0
2719.0
2729.0
2744.0
2737.0
2758.0
2760.0
2757.0
2683.0
2718.0
1511.0
1493.0
1496.0
1485.0
1506.0
1506.0
1507.0
1509.0
1536.0
1516.0
1522.0
1514.0
1533.0
1546.0
1557.0
1552.0
1547.0
1554.0
1542.0
1540.0
1546.0
1546.0
1553.0
1640.0
1518.0
1514.0
1481.0
1483.0
3450.0
3340.0
3330.0
3291.0
3336.0
3066.0
2755.0
2755.0
2731.0
2737.0
2729.0
2730.0
2735.0
2724.0
2736.0
2724.0
2728.0
2728.0
2748.0
2728.0
2744.0
2734.0
1941.0
1532.0
1532.0
1497.0
1502.0
1504.0
1535.0
2061.0
1450.0
1509.0
1452.0
1516.0
1446.0
1538.0
1859.0
1738.0
1506.0
1508.0
1500.0
1509.0
1500.0
1498.0
1491.0
1507.0
1482.0
1492.0
1501.0
1509.0
3452.0
3396.0
3381.0
3322.0
3338.0
3052.0
2781.0
2770.0
2743.0
2741.0
2705.0
2737.0
2706.0
2729.0
2759.0
2704.0
2742.0
2745.0
2749.0
2744.0
2731.0
2736.0
1520.0
1513.0
1510.0
1541.0
1508.0
1500.0
1513.0
1515.0
1523.0
1515.0
1513.0
1503.0
1542.0
1546.0
1530.0
1537.0
1541.0
1531.0
1528.0
1524.0
1519.0
1528.0
1485.0
1479.0
1484.0
1499.0
1486.0
1489.0
68.0
26.0
24.0
24.0
24.0
31.0
25.0
24.0
24.0
24.0
27.0
25.0
23.0
24.0
23.0
27.0
24.0
24.0
24.0
24.0
26.0
25.0
24.0
24.0
24.0
26.0
25.0
24.0
23.0
23.0
25.0
25.0
24.0
24.0
23.0
26.0
24.0
23.0
24.0
24.0
26.0
25.0
12.0
11.0
11.0
4.0
4.0
2.0
2.0
2.0
111.0
84.0
24.0
24.0
24.0
32.0
25.0
24.0
23.0
23.0
27.0
26.0
24.0
24.0
23.0
26.0
25.0
23.0
23.0
23.0
27.0
25.0
23.0
24.0
23.0
26.0
25.0
24.0
24.0
24.0
25.0
25.0
23.0
23.0
23.0
27.0
25.0
24.0
24.0
24.0
26.0
24.0
11.0
11.0
11.0
4.0
3.0
3.0
3.0
2.0
326.0
304.0
24.0
23.0
24.0
32.0
25.0
23.0
23.0
25.0
30.0
27.0
24.0
24.0
23.0
28.0
25.0
24.0
24.0
23.0
27.0
26.0
24.0
24.0
23.0
26.0
25.0
26.0
25.0
26.0
28.0
27.0
27.0
26.0
26.0
27.0
26.0
25.0
25.0
23.0
26.0
24.0
12.0
11.0
11.0
4.0
3.0
3.0
2.0
2.0
668.0
644.0
24.0
24.0
24.0
31.0
25.0
23.0
23.0
23.0
28.0
25.0
24.0
23.0
23.0
26.0
25.0
24.0
24.0
24.0
27.0
25.0
24.0
24.0
23.0
26.0
24.0
24.0
24.0
23.0
26.0
25.0
24.0
25.0
24.0
25.0
25.0
24.0
24.0
24.0
27.0
24.0
12.0
11.0
11.0
4.0
3.0
3.0
2.0
2.0
669.0
641.0
24.0
24.0
24.0
32.0
26.0
23.0
23.0
24.0
27.0
25.0
24.0
23.0
24.0
26.0
25.0
24.0
24.0
23.0
26.0
25.0
24.0
23.0
23.0
26.0
25.0
24.0
23.0
24.0
26.0
25.0
24.0
24.0
23.0
26.0
25.0
24.0
23.0
24.0
26.0
25.0
11.0
12.0
11.0
4.0
3.0
3.0
3.0
2.0
669.0
643.0
24.0
23.0
23.0
31.0
25.0
23.0
24.0
34.0
37.0
37.0
35.0
24.0
23.0
27.0
25.0
24.0
23.0
24.0
27.0
25.0
24.0
23.0
23.0
26.0
24.0
24.0
24.0
23.0
26.0
25.0
24.0
24.0
23.0
26.0
24.0
24.0
23.0
23.0
26.0
24.0
12.0
12.0
11.0
5.0
3.0
2.0
2.0
2.0
659.0
631.0
24.0
24.0
23.0
32.0
25.0
24.0
24.0
24.0
27.0
26.0
24.0
24.0
23.0
26.0
25.0
23.0
23.0
24.0
27.0
25.0
24.0
23.0
23.0
26.0
25.0
24.0
24.0
23.0
25.0
25.0
24.0
24.0
24.0
26.0
24.0
24.0
23.0
24.0
26.0
24.0
12.0
12.0
12.0
5.0
3.0
2.0
2.0
2.0
1849.0
1827.0
1217.0
1227.0
1217.0
1233.0
1207.0
1222.0
1229.0
1226.0
1250.0
1277.0
1266.0
1256.0
1250.0
1254.0
1264.0
1257.0
1247.0
1247.0
1220.0
25.0
24.0
24.0
24.0
27.0
25.0
24.0
23.0
23.0
27.0
24.0
24.0
23.0
24.0
26.0
24.0
24.0
24.0
24.0
26.0
25.0
12.0
11.0
11.0
5.0
3.0
3.0
2.0
2.0
3395.0
3350.0
2720.0
2735.0
2733.0
2743.0
2728.0
2710.0
2728.0
2754.0
2763.0
2785.0
2782.0
2786.0
2782.0
2753.0
2759.0
2755.0
2757.0
2712.0
2704.0
1504.0
1512.0
1520.0
1571.0
1486.0
1490.0
1508.0
1510.0
1487.0
1551.0
1541.0
1547.0
1558.0
1520.0
1541.0
1533.0
1545.0
1529.0
1532.0
1506.0
1493.0
1482.0
1476.0
1494.0
1478.0
1470.0
1478.0
1466.0
1465.0
3372.0
3348.0
2730.0
2717.0
2725.0
2737.0
2720.0
2747.0
2735.0
2717.0
2744.0
2708.0
2734.0
2717.0
2721.0
2724.0
2734.0
2737.0
2711.0
2724.0
2738.0
1518.0
1505.0
1722.0
1496.0
1509.0
1513.0
1517.0
1545.0
1533.0
1575.0
1568.0
1591.0
1576.0
1570.0
1591.0
1569.0
1553.0
1550.0
1526.0
1515.0
1525.0
1472.0
1472.0
1484.0
1491.0
1480.0
1498.0
1499.0
1497.0
3368.0
3343.0
2721.0
2729.0
2727.0
2735.0
2745.0
2708.0
2679.0
2723.0
2726.0
2716.0
2733.0
2726.0
2730.0
2721.0
2734.0
2739.0
2728.0
2725.0
2726.0
1509.0
1544.0
1531.0
1541.0
1518.0
1535.0
1530.0
1528.0
1498.0
1503.0
1513.0
1505.0
1509.0
1489.0
1515.0
1511.0
1490.0
1487.0
1526.0
1515.0
1527.0
1524.0
1520.0
1504.0
1516.0
1512.0
1515.0
1499.0
1464.0
3392.0
3438.0
2786.0
2802.0
2751.0
2878.0
2797.0
2744.0
2816.0
2733.0
2872.0
2873.0
2643.0
2872.0
2653.0
2938.0
2639.0
2869.0
2862.0
2636.0
2646.0
1565.0
1570.0
1441.0
1441.0
1570.0
1598.0
1580.0
1450.0
1561.0
1545.0
1576.0
1579.0
1546.0
1561.0
1554.0
1558.0
1572.0
1565.0
1547.0
1501.0
1503.0
1487.0
1491.0
1509.0
1505.0
1480.0
1488.0
1494.0
1459.0
3348.0
3314.0
2739.0
2717.0
2732.0
2738.0
2706.0
2749.0
2746.0
2731.0
2743.0
2755.0
2753.0
2739.0
2740.0
2739.0
2752.0
2746.0
2726.0
2725.0
2768.0
1504.0
1521.0
1528.0
1510.0
1529.0
1566.0
1585.0
1554.0
1575.0
1576.0
1577.0
1561.0
1540.0
1537.0
1513.0
1499.0
1496.0
1500.0
1507.0
1509.0
1504.0
1490.0
1485.0
1499.0
1490.0
1488.0
1491.0
1514.0
1508.0
3357.0
3322.0
2717.0
2711.0
2712.0
2738.0
2737.0
2720.0
2711.0
2720.0
2714.0
2720.0
2713.0
2723.0
2709.0
2756.0
2725.0
2718.0
2718.0
2705.0
2745.0
1514.0
1517.0
1521.0
1513.0
1531.0
1538.0
1536.0
1539.0
1501.0
1504.0
1514.0
1516.0
1511.0
1492.0
1508.0
1490.0
1495.0
1502.0
1530.0
1522.0
1517.0
1511.0
1503.0
1525.0
1503.0
1507.0
1517.0
1483.0
1480.0
3392.0
3365.0
2746.0
2738.0
2746.0
2765.0
2742.0
2741.0
2737.0
2736.0
2725.0
2708.0
2730.0
2717.0
2722.0
2741.0
2709.0
2712.0
2728.0
2711.0
2688.0
1495.0
1510.0
1501.0
1491.0
1513.0
1507.0
1501.0
1483.0
1491.0
1530.0
1531.0
1532.0
1518.0
1533.0
1539.0
1521.0
1523.0
1530.0
1501.0
1484.0
1494.0
1475.0
1473.0
1498.0
1471.0
1462.0
1467.0
1468.0
1471.0
3346.0
3345.0
2715.0
2701.0
2728.0
2721.0
2715.0
2708.0
2739.0
2698.0
2728.0
2747.0
2736.0
2740.0
2743.0
2719.0
2736.0
2725.0
2741.0
2724.0
2737.0
1522.0
1522.0
1521.0
1543.0
1530.0
1552.0
1546.0
1542.0
1533.0
1515.0
1527.0
1524.0
1514.0
1518.0
1494.0
1498.0
1492.0
1484.0
1505.0
1498.0
1496.0
1488.0
1486.0
1482.0
1474.0
1467.0
1522.0
1504.0
1508.0
3364.0
3357.0
2719.0
2714.0
2713.0
2736.0
2732.0
2731.0
2717.0
2772.0
2706.0
2710.0
2709.0
2727.0
2734.0
2716.0
2711.0
2688.0
2692.0
2726.0
2716.0
1520.0
1524.0
1523.0
1516.0
1534.0
1520.0
1539.0
1527.0
1510.0
1507.0
1521.0
1502.0
1510.0
1491.0
1500.0
1496.0
1509.0
1561.0
1518.0
1517.0
1522.0
1511.0
1506.0
1508.0
1514.0
1505.0
1509.0
1469.0
1492.0
3412.0
3392.0
2782.0
2773.0
2744.0
2778.0
2909.0
2761.0
2776.0
2766.0
2727.0
2721.0
2735.0
2743.0
2718.0
2721.0
2737.0
2717.0
2735.0
2711.0
2695.0
1493.0
1493.0
1492.0
1501.0
1508.0
1500.0
1503.0
1488.0
1503.0
1531.0
1519.0
1536.0
1530.0
1545.0
1544.0
1533.0
1529.0
1540.0
1543.0
1504.0
1496.0
1498.0
1492.0
1496.0
1500.0
1483.0
1484.0
1474.0
1499.0
3354.0
3329.0
2701.0
2715.0
2724.0
2724.0
2719.0
2726.0
2716.0
2712.0
2699.0
2723.0
2734.0
2739.0
2723.0
2747.0
2752.0
2730.0
2716.0
2772.0
2716.0
1530.0
1509.0
1560.0
1499.0
1550.0
1530.0
1515.0
1519.0
1522.0
1520.0
1514.0
1522.0
1488.0
1500.0
1502.0
1484.0
1494.0
1510.0
1486.0
1492.0
1487.0
1472.0
1482.0
1489.0
1482.0
1482.0
1499.0
1497.0
1484.0
3384.0
3335.0
2703.0
2723.0
2732.0
2723.0
2706.0
2700.0
2736.0
2718.0
2721.0
2735.0
2715.0
2711.0
2779.0
2727.0
2710.0
2701.0
2723.0
2726.0
2729.0
1532.0
1534.0
1533.0
1549.0
1542.0
1547.0
1532.0
1519.0
1515.0
1500.0
1490.0
1494.0
1495.0
1495.0
1510.0
1495.0
1502.0
1522.0
1521.0
1534.0
1526.0
1512.0
1500.0
1512.0
1496.0
1501.0
1474.0
1418.0
1402.0
