13.0
16.0
16.0
15.0
10.0
16.0
16.0
15.0
15.0
15.0
37.0
34.0
20.0
12.0
19.0
12.0
16.0
10.0
20.0
14.0
318.0
316.0
316.0
594.0
293.0
309.0
312.0
453.0
593.0
444.0
256.0
311.0
311.0
303.0
319.0
304.0
253.0
302.0
247.0
351.0
343.0
311.0
311.0
304.0
311.0
304.0
256.0
302.0
259.0
300.0
318.0
316.0
317.0
308.0
316.0
263.0
272.0
269.0
308.0
269.0
314.0
272.0
312.0
304.0
311.0
303.0
307.0
262.0
303.0
261.0
273.0
312.0
311.0
304.0
311.0
303.0
307.0
262.0
304.0
260.0
273.0
270.0
311.0
304.0
311.0
304.0
308.0
303.0
308.0
269.0
280.0
279.0
316.0
308.0
315.0
308.0
312.0
306.0
264.0
301.0
272.0
270.0
423.0
415.0
423.0
415.0
419.0
412.0
374.0
412.0
383.0
381.0
311.0
305.0
312.0
304.0
307.0
302.0
264.0
261.0
314.0
270.0
270.0
303.0
311.0
304.0
307.0
302.0
304.0
261.0
314.0
271.0
270.0
303.0
311.0
303.0
307.0
302.0
303.0
261.0
272.0
316.0
278.0
271.0
316.0
308.0
311.0
306.0
308.0
305.0
280.0
311.0
271.0
264.0
312.0
304.0
308.0
302.0
304.0
301.0
274.0
316.0
270.0
273.0
290.0
306.0
310.0
305.0
316.0
309.0
314.0
307.0
312.0
297.0
301.0
309.0
296.0
305.0
314.0
304.0
316.0
296.0
294.0
306.0
287.0
279.0
435.0
298.0
297.0
300.0
306.0
507.0
282.0
286.0
279.0
272.0
289.0
282.0
292.0
282.0
282.0
532.0
292.0
270.0
275.0
287.0
290.0
291.0
436.0
282.0
38.0
22.0
22.0
36.0
21.0
37.0
37.0
33.0
17.0
17.0
32.0
26.0
19.0
19.0
19.0
33.0
31.0
24.0
13.0
13.0
18.0
19.0
19.0
19.0
33.0
34.0
32.0
14.0
7.0
8.0
18.0
14.0
16.0
8.0
8.0
13.0
8.0
8.0
8.0
8.0
19.0
18.0
34.0
18.0
28.0
24.0
21.0
12.0
8.0
13.0
11.0
11.0
17.0
8.0
8.0
8.0
8.0
13.0
13.0
8.0
15.0
15.0
14.0
22.0
11.0
12.0
8.0
13.0
13.0
13.0
9.0
9.0
9.0
7.0
8.0
12.0
12.0
8.0
13.0
7.0
11.0
11.0
9.0
12.0
12.0
8.0
8.0
12.0
8.0
13.0
8.0
7.0
13.0
11.0
7.0
8.0
12.0
8.0
8.0
8.0
398.0
313.0
313.0
316.0
260.0
314.0
410.0
312.0
303.0
17.0
344.0
263.0
307.0
306.0
306.0
287.0
295.0
301.0
275.0
8.0
301.0
287.0
290.0
293.0
297.0
293.0
296.0
292.0
287.0
8.0
292.0
291.0
286.0
278.0
278.0
278.0
278.0
279.0
278.0
7.0
289.0
289.0
288.0
288.0
285.0
284.0
282.0
282.0
278.0
7.0
281.0
281.0
280.0
278.0
278.0
278.0
279.0
278.0
279.0
7.0
284.0
285.0
283.0
289.0
287.0
284.0
284.0
340.0
312.0
6.0
322.0
344.0
322.0
321.0
319.0
303.0
303.0
312.0
270.0
7.0
299.0
288.0
287.0
285.0
322.0
285.0
273.0
273.0
303.0
7.0
279.0
279.0
278.0
278.0
279.0
279.0
6.0
7.0
7.0
6.0
291.0
291.0
291.0
290.0
291.0
290.0
290.0
288.0
280.0
9.0
290.0
288.0
288.0
288.0
293.0
294.0
293.0
290.0
285.0
7.0
295.0
295.0
294.0
293.0
293.0
288.0
287.0
283.0
278.0
7.0
284.0
283.0
281.0
278.0
278.0
278.0
279.0
278.0
279.0
7.0
289.0
288.0
288.0
289.0
285.0
283.0
282.0
282.0
282.0
7.0
287.0
287.0
286.0
284.0
286.0
284.0
284.0
283.0
284.0
8.0
285.0
285.0
283.0
283.0
281.0
279.0
278.0
278.0
278.0
7.0
279.0
280.0
280.0
278.0
279.0
278.0
279.0
278.0
278.0
7.0
280.0
281.0
280.0
278.0
279.0
278.0
278.0
279.0
278.0
7.0
278.0
278.0
285.0
285.0
285.0
284.0
7.0
7.0
6.0
6.0
297.0
297.0
297.0
297.0
297.0
297.0
291.0
289.0
281.0
9.0
289.0
289.0
288.0
289.0
288.0
288.0
287.0
283.0
278.0
7.0
289.0
288.0
288.0
289.0
290.0
288.0
287.0
284.0
278.0
7.0
284.0
289.0
286.0
285.0
284.0
286.0
284.0
283.0
284.0
7.0
294.0
294.0
296.0
296.0
293.0
290.0
290.0
283.0
279.0
6.0
281.0
318.0
317.0
316.0
316.0
315.0
316.0
316.0
315.0
7.0
323.0
321.0
284.0
283.0
283.0
279.0
278.0
279.0
279.0
7.0
280.0
281.0
281.0
278.0
278.0
278.0
278.0
279.0
279.0
7.0
281.0
281.0
281.0
278.0
278.0
279.0
280.0
282.0
284.0
7.0
284.0
285.0
285.0
284.0
286.0
285.0
6.0
7.0
7.0
6.0
303.0
308.0
301.0
302.0
300.0
301.0
297.0
298.0
294.0
9.0
345.0
297.0
344.0
309.0
309.0
308.0
296.0
303.0
297.0
7.0
296.0
292.0
292.0
294.0
293.0
292.0
290.0
285.0
283.0
7.0
285.0
287.0
287.0
285.0
286.0
285.0
285.0
284.0
284.0
7.0
296.0
294.0
295.0
289.0
286.0
283.0
282.0
282.0
278.0
6.0
281.0
281.0
280.0
277.0
278.0
279.0
279.0
278.0
278.0
7.0
285.0
285.0
284.0
284.0
282.0
279.0
279.0
284.0
285.0
6.0
286.0
286.0
286.0
285.0
284.0
285.0
285.0
285.0
279.0
6.0
282.0
282.0
280.0
278.0
278.0
279.0
279.0
278.0
278.0
7.0
278.0
278.0
278.0
277.0
278.0
278.0
6.0
6.0
7.0
6.0
291.0
291.0
291.0
291.0
291.0
290.0
290.0
288.0
281.0
9.0
288.0
288.0
289.0
296.0
296.0
296.0
296.0
291.0
286.0
7.0
296.0
296.0
296.0
297.0
289.0
289.0
333.0
328.0
323.0
7.0
328.0
327.0
324.0
323.0
323.0
322.0
322.0
279.0
278.0
7.0
288.0
288.0
289.0
289.0
286.0
285.0
283.0
283.0
279.0
7.0
282.0
281.0
281.0
279.0
280.0
279.0
280.0
279.0
278.0
7.0
286.0
284.0
283.0
283.0
281.0
278.0
279.0
279.0
285.0
7.0
286.0
286.0
286.0
284.0
284.0
285.0
284.0
284.0
286.0
7.0
281.0
282.0
280.0
278.0
278.0
278.0
278.0
278.0
279.0
6.0
278.0
280.0
279.0
280.0
280.0
279.0
7.0
7.0
7.0
6.0
292.0
292.0
292.0
292.0
293.0
290.0
291.0
289.0
280.0
9.0
293.0
294.0
294.0
294.0
295.0
295.0
295.0
290.0
286.0
7.0
295.0
290.0
289.0
288.0
289.0
288.0
289.0
284.0
279.0
7.0
284.0
284.0
280.0
279.0
279.0
278.0
278.0
280.0
278.0
7.0
288.0
288.0
289.0
288.0
286.0
284.0
283.0
283.0
278.0
7.0
288.0
287.0
287.0
285.0
285.0
284.0
284.0
284.0
284.0
6.0
292.0
284.0
283.0
283.0
282.0
278.0
278.0
278.0
278.0
7.0
280.0
280.0
280.0
278.0
278.0
279.0
278.0
280.0
280.0
7.0
282.0
281.0
283.0
279.0
279.0
279.0
278.0
279.0
278.0
7.0
282.0
283.0
286.0
285.0
285.0
286.0
7.0
7.0
7.0
7.0
297.0
298.0
297.0
297.0
293.0
291.0
290.0
290.0
330.0
9.0
339.0
339.0
339.0
338.0
339.0
339.0
339.0
335.0
330.0
8.0
288.0
289.0
289.0
288.0
289.0
288.0
288.0
283.0
279.0
7.0
284.0
284.0
281.0
279.0
278.0
278.0
277.0
278.0
278.0
7.0
289.0
289.0
288.0
289.0
292.0
291.0
289.0
290.0
286.0
6.0
289.0
288.0
288.0
286.0
285.0
279.0
278.0
280.0
280.0
7.0
286.0
286.0
283.0
286.0
282.0
278.0
278.0
278.0
278.0
7.0
279.0
280.0
280.0
278.0
279.0
279.0
279.0
279.0
278.0
6.0
282.0
281.0
280.0
278.0
278.0
278.0
285.0
285.0
285.0
7.0
284.0
285.0
286.0
286.0
287.0
285.0
7.0
7.0
6.0
6.0
300.0
291.0
290.0
291.0
291.0
291.0
290.0
288.0
280.0
9.0
288.0
289.0
288.0
288.0
288.0
288.0
287.0
284.0
278.0
7.0
288.0
288.0
289.0
289.0
289.0
294.0
293.0
290.0
284.0
7.0
289.0
290.0
286.0
286.0
284.0
285.0
279.0
280.0
278.0
7.0
290.0
290.0
290.0
289.0
288.0
284.0
283.0
283.0
278.0
6.0
281.0
280.0
279.0
277.0
278.0
279.0
278.0
278.0
278.0
7.0
284.0
285.0
283.0
283.0
281.0
278.0
279.0
285.0
285.0
7.0
286.0
286.0
286.0
284.0
285.0
284.0
285.0
286.0
278.0
7.0
281.0
340.0
340.0
338.0
338.0
337.0
338.0
338.0
338.0
7.0
337.0
338.0
279.0
279.0
279.0
278.0
7.0
7.0
6.0
7.0
291.0
291.0
291.0
292.0
291.0
291.0
290.0
289.0
280.0
9.0
288.0
288.0
288.0
288.0
289.0
288.0
288.0
284.0
279.0
7.0
288.0
288.0
288.0
288.0
288.0
295.0
295.0
290.0
285.0
7.0
290.0
291.0
287.0
285.0
284.0
285.0
280.0
279.0
279.0
7.0
289.0
289.0
288.0
289.0
286.0
284.0
283.0
285.0
278.0
6.0
282.0
281.0
280.0
279.0
278.0
279.0
278.0
278.0
279.0
7.0
285.0
284.0
291.0
290.0
289.0
285.0
285.0
284.0
285.0
7.0
287.0
286.0
287.0
278.0
278.0
279.0
279.0
279.0
279.0
6.0
280.0
283.0
280.0
278.0
278.0
278.0
278.0
278.0
278.0
7.0
278.0
278.0
278.0
280.0
291.0
289.0
7.0
7.0
7.0
6.0
301.0
302.0
300.0
300.0
304.0
303.0
306.0
310.0
297.0
9.0
307.0
307.0
302.0
302.0
302.0
302.0
306.0
296.0
292.0
7.0
300.0
296.0
293.0
293.0
295.0
293.0
291.0
288.0
281.0
7.0
283.0
284.0
280.0
279.0
278.0
278.0
278.0
278.0
279.0
6.0
289.0
288.0
293.0
294.0
290.0
289.0
288.0
287.0
284.0
7.0
286.0
287.0
285.0
279.0
278.0
278.0
278.0
278.0
278.0
6.0
352.0
352.0
350.0
350.0
349.0
345.0
346.0
345.0
344.0
7.0
347.0
280.0
280.0
279.0
278.0
279.0
279.0
279.0
278.0
7.0
281.0
281.0
280.0
279.0
278.0
278.0
279.0
279.0
279.0
7.0
279.0
278.0
279.0
279.0
278.0
279.0
7.0
6.0
6.0
7.0
297.0
297.0
297.0
301.0
301.0
296.0
300.0
302.0
286.0
9.0
301.0
290.0
290.0
291.0
291.0
291.0
290.0
286.0
280.0
8.0
289.0
289.0
289.0
289.0
289.0
289.0
287.0
285.0
279.0
7.0
284.0
285.0
282.0
279.0
278.0
278.0
278.0
278.0
278.0
7.0
288.0
292.0
293.0
295.0
292.0
289.0
290.0
289.0
285.0
7.0
288.0
288.0
283.0
279.0
280.0
279.0
279.0
278.0
278.0
7.0
284.0
285.0
284.0
282.0
282.0
279.0
278.0
278.0
279.0
7.0
280.0
280.0
279.0
278.0
278.0
278.0
280.0
284.0
284.0
7.0
287.0
287.0
286.0
284.0
284.0
284.0
285.0
285.0
278.0
7.0
278.0
279.0
279.0
279.0
279.0
278.0
6.0
7.0
7.0
7.0
291.0
291.0
292.0
291.0
290.0
290.0
290.0
288.0
280.0
9.0
288.0
288.0
288.0
289.0
289.0
288.0
288.0
284.0
278.0
7.0
288.0
289.0
294.0
293.0
295.0
295.0
294.0
291.0
285.0
7.0
290.0
290.0
286.0
279.0
279.0
352.0
351.0
351.0
351.0
7.0
361.0
361.0
361.0
360.0
359.0
357.0
284.0
284.0
278.0
7.0
282.0
281.0
280.0
278.0
278.0
279.0
278.0
279.0
278.0
7.0
285.0
284.0
284.0
283.0
281.0
278.0
278.0
279.0
279.0
7.0
279.0
279.0
286.0
284.0
285.0
284.0
284.0
284.0
284.0
7.0
287.0
287.0
287.0
278.0
278.0
278.0
278.0
278.0
278.0
7.0
278.0
280.0
278.0
278.0
280.0
278.0
7.0
6.0
7.0
7.0
293.0
290.0
292.0
292.0
291.0
292.0
290.0
289.0
281.0
9.0
288.0
288.0
288.0
288.0
288.0
288.0
294.0
290.0
285.0
7.0
295.0
295.0
295.0
295.0
294.0
294.0
294.0
286.0
278.0
7.0
283.0
285.0
280.0
279.0
280.0
280.0
280.0
278.0
280.0
7.0
289.0
288.0
288.0
289.0
285.0
283.0
283.0
283.0
279.0
7.0
282.0
281.0
280.0
285.0
284.0
285.0
285.0
285.0
284.0
7.0
290.0
292.0
290.0
289.0
283.0
278.0
278.0
279.0
278.0
7.0
280.0
280.0
281.0
278.0
278.0
278.0
278.0
278.0
278.0
7.0
281.0
281.0
280.0
279.0
278.0
278.0
278.0
278.0
278.0
7.0
279.0
278.0
279.0
278.0
280.0
285.0
6.0
7.0
6.0
7.0
297.0
298.0
297.0
298.0
297.0
297.0
297.0
296.0
288.0
9.0
367.0
368.0
368.0
368.0
367.0
368.0
367.0
362.0
357.0
7.0
368.0
289.0
289.0
288.0
288.0
288.0
288.0
283.0
278.0
7.0
284.0
285.0
280.0
278.0
279.0
279.0
278.0
278.0
278.0
7.0
288.0
288.0
289.0
289.0
286.0
283.0
282.0
288.0
283.0
6.0
286.0
287.0
287.0
285.0
284.0
285.0
285.0
285.0
279.0
7.0
285.0
285.0
283.0
282.0
282.0
278.0
278.0
278.0
278.0
6.0
280.0
280.0
279.0
278.0
278.0
279.0
278.0
278.0
279.0
7.0
281.0
281.0
280.0
278.0
278.0
278.0
280.0
284.0
285.0
7.0
285.0
284.0
284.0
285.0
285.0
284.0
7.0
7.0
6.0
6.0
298.0
298.0
291.0
290.0
291.0
290.0
290.0
288.0
281.0
9.0
288.0
289.0
290.0
288.0
288.0
289.0
288.0
283.0
279.0
6.0
288.0
289.0
288.0
289.0
289.0
288.0
288.0
284.0
278.0
7.0
284.0
289.0
285.0
283.0
285.0
284.0
285.0
284.0
284.0
7.0
293.0
295.0
289.0
288.0
286.0
285.0
283.0
283.0
278.0
7.0
282.0
282.0
280.0
280.0
278.0
280.0
280.0
279.0
278.0
7.0
284.0
285.0
283.0
282.0
282.0
278.0
279.0
280.0
286.0
7.0
287.0
286.0
287.0
285.0
285.0
285.0
285.0
285.0
285.0
7.0
367.0
367.0
365.0
364.0
364.0
364.0
366.0
368.0
369.0
7.0
372.0
294.0
302.0
301.0
298.0
291.0
8.0
7.0
7.0
8.0
315.0
310.0
300.0
299.0
300.0
307.0
310.0
305.0
289.0
9.0
297.0
296.0
302.0
303.0
295.0
293.0
291.0
284.0
279.0
7.0
288.0
288.0
294.0
295.0
295.0
295.0
295.0
290.0
285.0
7.0
290.0
291.0
286.0
279.0
278.0
278.0
278.0
280.0
278.0
7.0
288.0
288.0
288.0
288.0
286.0
283.0
282.0
283.0
279.0
7.0
281.0
281.0
280.0
278.0
279.0
278.0
278.0
277.0
278.0
7.0
285.0
291.0
290.0
290.0
288.0
285.0
286.0
285.0
285.0
6.0
286.0
287.0
279.0
278.0
278.0
278.0
278.0
279.0
278.0
6.0
281.0
281.0
281.0
278.0
279.0
279.0
279.0
279.0
278.0
7.0
279.0
278.0
278.0
279.0
278.0
278.0
6.0
7.0
7.0
6.0
290.0
290.0
291.0
291.0
295.0
295.0
296.0
296.0
288.0
10.0
295.0
295.0
295.0
294.0
295.0
290.0
287.0
284.0
280.0
7.0
288.0
288.0
289.0
289.0
288.0
289.0
287.0
284.0
279.0
7.0
284.0
285.0
280.0
278.0
279.0
279.0
279.0
279.0
279.0
7.0
290.0
291.0
296.0
295.0
293.0
292.0
291.0
291.0
285.0
7.0
287.0
289.0
288.0
373.0
373.0
372.0
374.0
374.0
374.0
7.0
379.0
378.0
378.0
379.0
283.0
279.0
278.0
279.0
280.0
7.0
280.0
279.0
279.0
279.0
280.0
279.0
280.0
278.0
279.0
6.0
282.0
282.0
280.0
279.0
278.0
279.0
278.0
279.0
278.0
6.0
278.0
278.0
279.0
278.0
278.0
283.0
6.0
7.0
7.0
6.0
299.0
297.0
297.0
298.0
300.0
300.0
300.0
296.0
287.0
10.0
293.0
293.0
289.0
288.0
288.0
290.0
289.0
284.0
279.0
7.0
288.0
290.0
289.0
288.0
288.0
288.0
287.0
284.0
278.0
7.0
283.0
284.0
280.0
280.0
284.0
285.0
284.0
285.0
285.0
7.0
296.0
296.0
296.0
296.0
296.0
287.0
285.0
284.0
281.0
7.0
283.0
282.0
282.0
279.0
280.0
279.0
278.0
278.0
278.0
7.0
285.0
285.0
283.0
283.0
281.0
278.0
280.0
279.0
279.0
7.0
279.0
281.0
280.0
278.0
279.0
278.0
284.0
287.0
285.0
6.0
288.0
288.0
287.0
286.0
284.0
285.0
285.0
281.0
280.0
7.0
278.0
278.0
278.0
278.0
278.0
277.0
7.0
6.0
7.0
7.0
291.0
290.0
291.0
292.0
290.0
291.0
289.0
289.0
281.0
10.0
288.0
289.0
288.0
289.0
289.0
293.0
293.0
289.0
284.0
7.0
294.0
294.0
294.0
295.0
294.0
397.0
390.0
386.0
380.0
6.0
386.0
386.0
382.0
381.0
379.0
381.0
281.0
279.0
279.0
7.0
287.0
289.0
289.0
288.0
286.0
283.0
284.0
285.0
278.0
7.0
282.0
281.0
281.0
279.0
278.0
278.0
279.0
280.0
280.0
7.0
285.0
285.0
283.0
284.0
282.0
278.0
278.0
283.0
284.0
7.0
286.0
285.0
286.0
284.0
284.0
284.0
284.0
284.0
280.0
7.0
281.0
282.0
280.0
278.0
278.0
279.0
279.0
279.0
277.0
7.0
277.0
275.0
260.0
266.0
260.0
259.0
6.0
6.0
6.0
6.0
