2.0
1.0
1.0
2.0
1.0
1.0
1.0
1.0
1.0
1.0
1.0
178.0
158.0
426.0
428.0
532.0
427.0
427.0
427.0
712.0
477.0
427.0
659.0
450.0
453.0
443.0
452.0
451.0
421.0
453.0
1.0
99.0
184.0
443.0
388.0
417.0
374.0
416.0
418.0
417.0
416.0
376.0
466.0
383.0
638.0
382.0
381.0
398.0
398.0
397.0
1.0
93.0
147.0
425.0
426.0
726.0
413.0
415.0
412.0
425.0
426.0
426.0
398.0
536.0
398.0
382.0
457.0
457.0
481.0
523.0
1.0
93.0
201.0
481.0
501.0
484.0
455.0
481.0
610.0
383.0
382.0
402.0
398.0
400.0
695.0
399.0
382.0
399.0
381.0
382.0
1.0
94.0
255.0
399.0
398.0
399.0
427.0
411.0
427.0
413.0
591.0
421.0
530.0
424.0
424.0
423.0
395.0
404.0
410.0
394.0
1.0
100.0
160.0
406.0
396.0
396.0
395.0
405.0
412.0
395.0
403.0
394.0
400.0
423.0
426.0
424.0
424.0
425.0
423.0
424.0
1.0
93.0
174.0
422.0
423.0
396.0
396.0
397.0
396.0
395.0
395.0
394.0
395.0
397.0
395.0
394.0
394.0
396.0
395.0
394.0
1.0
94.0
146.0
424.0
424.0
425.0
427.0
423.0
424.0
423.0
427.0
422.0
423.0
399.0
399.0
396.0
396.0
396.0
395.0
395.0
1.0
93.0
146.0
396.0
395.0
394.0
395.0
396.0
394.0
394.0
394.0
422.0
423.0
423.0
426.0
424.0
425.0
424.0
423.0
424.0
1.0
121.0
145.0
394.0
395.0
395.0
395.0
397.0
396.0
397.0
395.0
396.0
397.0
390.0
387.0
380.0
375.0
378.0
401.0
397.0
1.0
89.0
142.0
390.0
389.0
414.0
413.0
415.0
416.0
415.0
414.0
391.0
392.0
397.0
397.0
396.0
397.0
395.0
396.0
395.0
1.0
92.0
147.0
396.0
397.0
423.0
422.0
424.0
422.0
422.0
425.0
424.0
424.0
423.0
423.0
396.0
395.0
395.0
395.0
395.0
1.0
92.0
146.0
394.0
396.0
398.0
394.0
395.0
395.0
395.0
394.0
421.0
421.0
421.0
423.0
425.0
422.0
422.0
423.0
423.0
0.0
120.0
147.0
398.0
399.0
396.0
397.0
398.0
395.0
396.0
395.0
396.0
395.0
397.0
396.0
396.0
395.0
396.0
395.0
395.0
0.0
92.0
146.0
422.0
421.0
423.0
424.0
424.0
422.0
423.0
425.0
422.0
424.0
395.0
395.0
396.0
397.0
399.0
396.0
398.0
1.0
93.0
146.0
399.0
401.0
396.0
395.0
395.0
396.0
400.0
400.0
424.0
427.0
429.0
428.0
422.0
488.0
489.0
487.0
494.0
26.0
96.0
146.0
466.0
466.0
465.0
466.0
465.0
463.0
399.0
397.0
397.0
398.0
398.0
398.0
399.0
399.0
397.0
398.0
396.0
1.0
92.0
147.0
399.0
396.0
426.0
426.0
424.0
425.0
426.0
423.0
423.0
423.0
425.0
424.0
399.0
399.0
395.0
398.0
399.0
1.0
92.0
145.0
396.0
395.0
397.0
398.0
394.0
399.0
395.0
398.0
400.0
398.0
396.0
424.0
424.0
426.0
427.0
426.0
425.0
1.0
93.0
174.0
426.0
426.0
423.0
396.0
399.0
395.0
399.0
396.0
395.0
399.0
400.0
400.0
395.0
396.0
403.0
396.0
400.0
1.0
92.0
146.0
427.0
423.0
426.0
426.0
422.0
422.0
422.0
425.0
423.0
427.0
399.0
396.0
398.0
400.0
395.0
396.0
397.0
1.0
93.0
146.0
399.0
399.0
398.0
396.0
395.0
400.0
399.0
395.0
395.0
422.0
427.0
427.0
426.0
423.0
423.0
426.0
427.0
1.0
120.0
174.0
396.0
396.0
394.0
399.0
399.0
399.0
399.0
395.0
400.0
400.0
396.0
396.0
395.0
400.0
398.0
423.0
427.0
1.0
92.0
147.0
491.0
494.0
491.0
492.0
498.0
492.0
495.0
495.0
465.0
467.0
397.0
400.0
397.0
396.0
397.0
397.0
397.0
1.0
93.0
146.0
396.0
397.0
395.0
397.0
396.0
396.0
397.0
397.0
422.0
423.0
423.0
422.0
423.0
424.0
424.0
423.0
424.0
1.0
121.0
147.0
397.0
395.0
394.0
394.0
395.0
395.0
396.0
396.0
394.0
395.0
396.0
395.0
395.0
397.0
395.0
423.0
424.0
1.0
92.0
147.0
425.0
423.0
422.0
423.0
423.0
425.0
423.0
424.0
395.0
397.0
396.0
396.0
397.0
395.0
401.0
396.0
396.0
1.0
91.0
146.0
394.0
396.0
395.0
396.0
395.0
422.0
423.0
425.0
424.0
424.0
424.0
425.0
423.0
423.0
423.0
396.0
396.0
0.0
92.0
146.0
396.0
395.0
394.0
397.0
396.0
395.0
396.0
395.0
394.0
394.0
395.0
397.0
422.0
424.0
424.0
422.0
421.0
1.0
92.0
146.0
424.0
423.0
424.0
424.0
422.0
395.0
398.0
395.0
395.0
395.0
395.0
395.0
395.0
396.0
396.0
395.0
397.0
1.0
92.0
145.0
395.0
396.0
423.0
428.0
430.0
487.0
490.0
492.0
500.0
502.0
503.0
502.0
469.0
466.0
466.0
421.0
423.0
1.0
98.0
151.0
418.0
418.0
407.0
416.0
408.0
407.0
407.0
406.0
413.0
417.0
411.0
410.0
429.0
432.0
428.0
427.0
427.0
1.0
95.0
148.0
423.0
421.0
423.0
422.0
423.0
395.0
395.0
394.0
397.0
395.0
395.0
395.0
395.0
395.0
395.0
396.0
395.0
1.0
93.0
145.0
395.0
395.0
423.0
422.0
422.0
425.0
423.0
422.0
422.0
425.0
423.0
423.0
395.0
396.0
394.0
396.0
394.0
1.0
91.0
146.0
396.0
395.0
395.0
394.0
395.0
396.0
394.0
395.0
396.0
397.0
425.0
424.0
422.0
421.0
422.0
422.0
422.0
0.0
93.0
174.0
427.0
427.0
400.0
400.0
400.0
395.0
395.0
395.0
395.0
395.0
400.0
398.0
399.0
399.0
398.0
395.0
395.0
1.0
92.0
145.0
423.0
421.0
427.0
427.0
423.0
427.0
427.0
427.0
425.0
423.0
395.0
394.0
399.0
400.0
395.0
399.0
399.0
1.0
93.0
146.0
394.0
398.0
394.0
396.0
395.0
398.0
399.0
395.0
428.0
426.0
493.0
494.0
490.0
494.0
491.0
496.0
495.0
0.0
120.0
218.0
468.0
465.0
399.0
398.0
398.0
396.0
395.0
394.0
398.0
398.0
399.0
395.0
398.0
399.0
398.0
398.0
399.0
1.0
92.0
147.0
425.0
426.0
425.0
425.0
426.0
424.0
425.0
423.0
423.0
423.0
395.0
394.0
395.0
395.0
395.0
396.0
396.0
1.0
92.0
146.0
396.0
396.0
395.0
396.0
395.0
396.0
395.0
395.0
395.0
424.0
425.0
424.0
424.0
424.0
424.0
426.0
426.0
1.0
120.0
174.0
396.0
399.0
397.0
396.0
403.0
402.0
400.0
395.0
401.0
396.0
396.0
403.0
396.0
396.0
400.0
423.0
424.0
1.0
92.0
146.0
421.0
422.0
422.0
424.0
422.0
422.0
421.0
423.0
397.0
396.0
395.0
396.0
396.0
396.0
396.0
395.0
395.0
1.0
91.0
146.0
395.0
396.0
399.0
396.0
396.0
422.0
425.0
422.0
424.0
423.0
422.0
423.0
424.0
423.0
424.0
395.0
398.0
1.0
92.0
146.0
395.0
395.0
397.0
395.0
396.0
394.0
396.0
395.0
395.0
396.0
396.0
394.0
395.0
422.0
424.0
427.0
423.0
0.0
93.0
146.0
492.0
492.0
500.0
501.0
534.0
487.0
471.0
504.0
506.0
387.0
390.0
429.0
396.0
395.0
397.0
396.0
397.0
1.0
92.0
146.0
395.0
396.0
395.0
394.0
396.0
396.0
423.0
423.0
423.0
423.0
424.0
422.0
424.0
423.0
424.0
422.0
395.0
0.0
91.0
146.0
396.0
395.0
395.0
395.0
394.0
396.0
396.0
396.0
395.0
396.0
395.0
398.0
424.0
425.0
424.0
425.0
426.0
0.0
93.0
146.0
422.0
426.0
425.0
424.0
427.0
399.0
396.0
395.0
399.0
400.0
395.0
401.0
395.0
394.0
400.0
399.0
395.0
1.0
92.0
148.0
400.0
394.0
395.0
426.0
425.0
422.0
424.0
427.0
425.0
421.0
426.0
424.0
423.0
399.0
399.0
396.0
394.0
1.0
93.0
148.0
394.0
398.0
398.0
397.0
400.0
395.0
399.0
399.0
396.0
396.0
395.0
427.0
432.0
425.0
434.0
433.0
434.0
0.0
93.0
173.0
437.0
442.0
445.0
415.0
413.0
403.0
417.0
404.0
416.0
399.0
416.0
396.0
420.0
418.0
395.0
396.0
417.0
1.0
93.0
154.0
427.0
426.0
510.0
496.0
508.0
507.0
497.0
504.0
496.0
498.0
469.0
469.0
395.0
396.0
395.0
395.0
396.0
0.0
93.0
146.0
396.0
395.0
395.0
396.0
396.0
395.0
395.0
396.0
396.0
394.0
423.0
424.0
425.0
423.0
423.0
423.0
424.0
1.0
92.0
174.0
424.0
424.0
397.0
396.0
395.0
397.0
396.0
400.0
397.0
395.0
395.0
398.0
394.0
395.0
395.0
397.0
395.0
0.0
92.0
145.0
420.0
424.0
423.0
424.0
423.0
423.0
424.0
423.0
424.0
424.0
399.0
397.0
395.0
395.0
395.0
394.0
394.0
1.0
92.0
147.0
395.0
395.0
395.0
395.0
397.0
396.0
394.0
394.0
395.0
420.0
424.0
422.0
424.0
425.0
425.0
424.0
422.0
1.0
119.0
173.0
396.0
396.0
397.0
394.0
395.0
396.0
396.0
395.0
395.0
394.0
399.0
396.0
396.0
394.0
395.0
397.0
396.0
1.0
93.0
146.0
423.0
425.0
423.0
423.0
426.0
426.0
422.0
421.0
426.0
426.0
395.0
400.0
395.0
396.0
396.0
397.0
397.0
1.0
92.0
146.0
395.0
395.0
394.0
396.0
396.0
395.0
395.0
424.0
424.0
490.0
492.0
489.0
491.0
492.0
493.0
494.0
494.0
1.0
161.0
214.0
396.0
395.0
395.0
397.0
395.0
396.0
396.0
395.0
396.0
396.0
396.0
395.0
395.0
394.0
395.0
397.0
424.0
0.0
92.0
146.0
423.0
423.0
423.0
423.0
424.0
424.0
424.0
424.0
423.0
399.0
396.0
397.0
395.0
397.0
398.0
395.0
396.0
0.0
91.0
145.0
395.0
397.0
396.0
396.0
394.0
396.0
424.0
423.0
424.0
424.0
423.0
423.0
424.0
422.0
425.0
424.0
396.0
1.0
92.0
145.0
394.0
394.0
396.0
397.0
396.0
395.0
396.0
394.0
394.0
395.0
395.0
394.0
422.0
425.0
425.0
423.0
425.0
1.0
92.0
145.0
423.0
425.0
423.0
424.0
423.0
396.0
398.0
396.0
395.0
396.0
397.0
395.0
395.0
396.0
394.0
396.0
396.0
1.0
92.0
146.0
395.0
396.0
394.0
395.0
421.0
424.0
422.0
424.0
423.0
425.0
424.0
425.0
422.0
423.0
395.0
393.0
394.0
1.0
92.0
146.0
396.0
394.0
396.0
396.0
396.0
395.0
396.0
395.0
394.0
394.0
397.0
395.0
501.0
501.0
499.0
498.0
500.0
0.0
93.0
172.0
498.0
498.0
503.0
499.0
471.0
394.0
395.0
396.0
394.0
396.0
396.0
395.0
395.0
396.0
394.0
395.0
395.0
1.0
92.0
146.0
396.0
395.0
420.0
424.0
423.0
424.0
424.0
424.0
424.0
424.0
424.0
423.0
398.0
396.0
395.0
396.0
396.0
1.0
92.0
145.0
397.0
397.0
396.0
397.0
397.0
395.0
394.0
395.0
396.0
398.0
424.0
422.0
422.0
421.0
420.0
424.0
424.0
1.0
92.0
217.0
421.0
426.0
465.0
399.0
393.0
419.0
396.0
396.0
394.0
395.0
398.0
395.0
395.0
397.0
398.0
396.0
398.0
1.0
93.0
145.0
395.0
424.0
426.0
423.0
421.0
422.0
443.0
429.0
429.0
436.0
434.0
412.0
424.0
403.0
417.0
440.0
397.0
1.0
95.0
147.0
426.0
417.0
396.0
413.0
395.0
395.0
412.0
397.0
442.0
422.0
460.0
421.0
443.0
446.0
422.0
422.0
447.0
1.0
119.0
146.0
418.0
395.0
395.0
394.0
420.0
406.0
395.0
405.0
394.0
401.0
401.0
396.0
394.0
398.0
435.0
428.0
423.0
1.0
93.0
146.0
498.0
498.0
494.0
496.0
497.0
496.0
499.0
473.0
469.0
469.0
399.0
398.0
397.0
396.0
397.0
398.0
399.0
1.0
93.0
145.0
399.0
395.0
397.0
396.0
395.0
397.0
396.0
394.0
423.0
424.0
425.0
423.0
425.0
424.0
423.0
426.0
424.0
1.0
119.0
147.0
396.0
396.0
396.0
397.0
395.0
396.0
395.0
395.0
395.0
395.0
395.0
395.0
395.0
395.0
395.0
422.0
420.0
1.0
92.0
145.0
424.0
422.0
425.0
425.0
423.0
425.0
422.0
424.0
398.0
397.0
397.0
396.0
395.0
396.0
395.0
395.0
395.0
1.0
93.0
146.0
398.0
395.0
396.0
395.0
396.0
395.0
422.0
423.0
423.0
423.0
424.0
423.0
423.0
423.0
423.0
423.0
396.0
1.0
92.0
146.0
395.0
395.0
397.0
396.0
396.0
395.0
396.0
395.0
396.0
394.0
395.0
398.0
397.0
421.0
422.0
422.0
425.0
1.0
93.0
146.0
423.0
426.0
423.0
424.0
423.0
427.0
396.0
398.0
396.0
396.0
396.0
396.0
395.0
396.0
396.0
398.0
396.0
1.0
93.0
146.0
396.0
395.0
395.0
421.0
425.0
496.0
496.0
496.0
498.0
497.0
498.0
499.0
499.0
471.0
469.0
397.0
396.0
1.0
93.0
147.0
396.0
396.0
396.0
394.0
396.0
396.0
394.0
395.0
397.0
396.0
395.0
396.0
397.0
424.0
426.0
425.0
425.0
1.0
93.0
147.0
427.0
427.0
423.0
424.0
423.0
426.0
399.0
399.0
395.0
397.0
398.0
398.0
397.0
396.0
395.0
398.0
399.0
1.0
93.0
146.0
398.0
399.0
427.0
424.0
422.0
424.0
424.0
422.0
426.0
426.0
424.0
426.0
398.0
398.0
398.0
396.0
397.0
1.0
93.0
147.0
399.0
394.0
396.0
398.0
398.0
398.0
398.0
395.0
396.0
395.0
425.0
423.0
422.0
426.0
426.0
427.0
428.0
0.0
93.0
174.0
424.0
423.0
400.0
396.0
395.0
396.0
403.0
400.0
401.0
402.0
395.0
395.0
401.0
396.0
397.0
395.0
401.0
1.0
93.0
147.0
426.0
429.0
423.0
423.0
426.0
426.0
423.0
421.0
422.0
426.0
401.0
398.0
395.0
395.0
397.0
394.0
398.0
1.0
92.0
146.0
282.0
284.0
285.0
286.0
282.0
282.0
282.0
284.0
280.0
282.0
284.0
284.0
285.0
284.0
281.0
310.0
309.0
0.0
94.0
173.0
385.0
387.0
391.0
388.0
389.0
387.0
386.0
359.0
357.0
357.0
282.0
284.0
283.0
284.0
284.0
284.0
283.0
1.0
93.0
147.0
401.0
397.0
397.0
399.0
398.0
395.0
397.0
398.0
398.0
397.0
425.0
424.0
423.0
426.0
425.0
424.0
425.0
1.0
93.0
172.0
425.0
426.0
397.0
395.0
395.0
398.0
398.0
399.0
395.0
397.0
397.0
399.0
395.0
395.0
396.0
396.0
399.0
0.0
92.0
146.0
399.0
426.0
426.0
426.0
427.0
427.0
426.0
424.0
434.0
434.0
436.0
411.0
413.0
423.0
416.0
418.0
421.0
1.0
106.0
154.0
420.0
417.0
420.0
423.0
422.0
417.0
417.0
417.0
441.0
440.0
432.0
431.0
431.0
427.0
429.0
426.0
423.0
1.0
120.0
92.0
231.0
228.0
229.0
229.0
229.0
228.0
228.0
228.0
228.0
229.0
228.0
227.0
229.0
227.0
228.0
228.0
229.0
0.0
92.0
146.0
395.0
400.0
394.0
396.0
422.0
424.0
422.0
423.0
423.0
424.0
425.0
423.0
422.0
423.0
397.0
396.0
396.0
1.0
92.0
146.0
395.0
397.0
394.0
395.0
398.0
398.0
397.0
396.0
396.0
397.0
396.0
396.0
422.0
424.0
424.0
498.0
498.0
0.0
93.0
92.0
255.0
257.0
255.0
331.0
331.0
307.0
304.0
304.0
306.0
304.0
305.0
229.0
230.0
231.0
228.0
229.0
228.0
1.0
92.0
93.0
228.0
230.0
230.0
229.0
230.0
230.0
229.0
229.0
227.0
229.0
229.0
228.0
228.0
230.0
231.0
229.0
229.0
1.0
1.0
1.0
138.0
137.0
137.0
136.0
138.0
135.0
136.0
136.0
137.0
137.0
138.0
137.0
137.0
138.0
137.0
136.0
137.0
1.0
1.0
1.0
137.0
137.0
137.0
137.0
164.0
165.0
166.0
166.0
166.0
165.0
167.0
165.0
165.0
166.0
138.0
137.0
136.0
1.0
1.0
1.0
136.0
136.0
137.0
136.0
137.0
137.0
136.0
137.0
137.0
137.0
138.0
137.0
137.0
136.0
136.0
137.0
137.0
1.0
1.0
1.0
137.0
137.0
137.0
137.0
136.0
137.0
136.0
137.0
138.0
137.0
136.0
137.0
137.0
137.0
137.0
136.0
136.0
1.0
1.0
1.0
136.0
136.0
138.0
136.0
137.0
137.0
137.0
136.0
136.0
137.0
137.0
137.0
136.0
137.0
137.0
137.0
138.0
1.0
1.0
1.0
136.0
136.0
137.0
136.0
137.0
137.0
136.0
138.0
166.0
166.0
164.0
166.0
164.0
165.0
165.0
165.0
166.0
1.0
1.0
1.0
165.0
137.0
137.0
136.0
137.0
140.0
137.0
138.0
137.0
136.0
137.0
137.0
137.0
137.0
137.0
136.0
137.0
0.0
0.0
1.0
137.0
137.0
136.0
137.0
137.0
138.0
137.0
136.0
138.0
136.0
137.0
138.0
137.0
137.0
136.0
137.0
137.0
1.0
0.0
0.0
137.0
136.0
138.0
138.0
139.0
136.0
138.0
137.0
137.0
136.0
137.0
137.0
136.0
136.0
138.0
138.0
137.0
1.0
1.0
1.0
137.0
137.0
137.0
137.0
137.0
137.0
137.0
136.0
136.0
137.0
138.0
137.0
162.0
165.0
165.0
164.0
165.0
1.0
1.0
1.0
164.0
166.0
164.0
167.0
165.0
139.0
138.0
137.0
137.0
137.0
135.0
136.0
132.0
131.0
125.0
130.0
128.0
