2.0
2.0
1.0
2.0
1.0
2.0
1.0
2.0
1.0
2.0
2.0
2.0
1.0
1.0
2.0
1.0
2.0
1.0
2.0
1.0
3.0
1.0
1.0
1.0
2.0
2.0
2.0
2.0
1.0
2.0
53.0
52.0
52.0
94.0
95.0
94.0
52.0
94.0
94.0
94.0
52.0
51.0
52.0
52.0
86.0
94.0
95.0
95.0
94.0
84.0
322.0
326.0
324.0
325.0
260.0
319.0
359.0
325.0
474.0
478.0
661.0
751.0
753.0
648.0
597.0
743.0
693.0
737.0
673.0
704.0
695.0
691.0
686.0
596.0
595.0
604.0
596.0
596.0
595.0
596.0
627.0
624.0
624.0
623.0
623.0
625.0
625.0
624.0
624.0
624.0
595.0
596.0
597.0
597.0
597.0
598.0
596.0
596.0
597.0
595.0
626.0
625.0
623.0
625.0
624.0
624.0
625.0
626.0
623.0
625.0
596.0
596.0
597.0
595.0
597.0
624.0
625.0
625.0
624.0
624.0
625.0
623.0
624.0
625.0
625.0
595.0
597.0
596.0
596.0
597.0
624.0
623.0
623.0
624.0
628.0
624.0
628.0
627.0
626.0
624.0
596.0
596.0
594.0
596.0
600.0
597.0
597.0
599.0
595.0
596.0
716.0
715.0
713.0
715.0
715.0
715.0
710.0
712.0
713.0
717.0
605.0
604.0
600.0
598.0
602.0
599.0
598.0
595.0
597.0
606.0
624.0
625.0
626.0
624.0
628.0
624.0
627.0
624.0
630.0
625.0
596.0
595.0
595.0
596.0
596.0
621.0
626.0
624.0
625.0
623.0
626.0
625.0
625.0
624.0
624.0
598.0
598.0
596.0
595.0
598.0
626.0
623.0
623.0
625.0
623.0
619.0
622.0
616.0
603.0
604.0
2.0
2.0
2.0
2.0
1.0
2.0
1.0
2.0
1.0
2.0
2.0
2.0
2.0
2.0
2.0
2.0
2.0
2.0
1.0
1.0
2.0
2.0
2.0
2.0
2.0
1.0
2.0
1.0
1.0
2.0
2.0
2.0
1.0
1.0
2.0
2.0
2.0
2.0
2.0
2.0
2.0
2.0
1.0
1.0
2.0
2.0
2.0
2.0
1.0
1.0
3.0
2.0
1.0
1.0
2.0
1.0
2.0
2.0
2.0
2.0
2.0
3.0
1.0
1.0
1.0
2.0
2.0
2.0
1.0
2.0
3.0
2.0
2.0
1.0
1.0
1.0
1.0
1.0
1.0
2.0
1.0
2.0
2.0
1.0
1.0
1.0
1.0
2.0
1.0
1.0
1.0
1.0
2.0
2.0
2.0
1.0
1.0
1.0
1.0
2.0
2.0
4.0
4.0
2.0
2.0
2.0
1.0
2.0
1.0
1.0
3.0
2.0
2.0
2.0
2.0
2.0
2.0
2.0
1.0
1.0
3.0
3.0
1.0
1.0
1.0
1.0
2.0
2.0
2.0
2.0
2.0
2.0
1.0
1.0
2.0
2.0
2.0
2.0
2.0
2.0
2.0
2.0
1.0
1.0
1.0
2.0
2.0
1.0
2.0
2.0
2.0
3.0
2.0
1.0
1.0
1.0
2.0
2.0
2.0
1.0
3.0
3.0
2.0
1.0
2.0
1.0
1.0
1.0
2.0
1.0
3.0
3.0
1.0
2.0
1.0
1.0
1.0
1.0
2.0
2.0
2.0
2.0
1.0
2.0
1.0
1.0
1.0
1.0
2.0
2.0
1.0
2.0
2.0
1.0
2.0
1.0
1.0
1.0
1.0
1.0
96.0
96.0
95.0
94.0
52.0
52.0
94.0
52.0
2.0
1.0
52.0
94.0
51.0
52.0
52.0
51.0
94.0
94.0
2.0
2.0
95.0
94.0
93.0
93.0
52.0
51.0
52.0
51.0
1.0
1.0
51.0
48.0
51.0
51.0
91.0
91.0
91.0
91.0
2.0
1.0
93.0
92.0
44.0
50.0
50.0
50.0
41.0
51.0
1.0
1.0
52.0
52.0
93.0
53.0
51.0
94.0
93.0
94.0
1.0
1.0
42.0
52.0
52.0
52.0
51.0
42.0
51.0
51.0
1.0
1.0
52.0
53.0
94.0
41.0
62.0
61.0
93.0
53.0
1.0
1.0
53.0
54.0
50.0
54.0
56.0
54.0
52.0
1.0
1.0
1.0
56.0
53.0
51.0
93.0
44.0
56.0
52.0
2.0
2.0
2.0
95.0
52.0
52.0
52.0
52.0
44.0
51.0
52.0
2.0
1.0
53.0
52.0
51.0
51.0
51.0
43.0
94.0
51.0
2.0
2.0
53.0
95.0
52.0
51.0
51.0
44.0
52.0
51.0
2.0
1.0
52.0
52.0
51.0
44.0
64.0
69.0
70.0
70.0
2.0
2.0
113.0
111.0
70.0
70.0
70.0
68.0
48.0
51.0
1.0
1.0
52.0
51.0
51.0
52.0
46.0
52.0
46.0
51.0
2.0
2.0
52.0
52.0
55.0
51.0
52.0
44.0
44.0
51.0
1.0
1.0
52.0
52.0
51.0
51.0
49.0
52.0
43.0
52.0
1.0
1.0
43.0
51.0
51.0
51.0
51.0
50.0
45.0
1.0
1.0
1.0
51.0
44.0
44.0
51.0
51.0
51.0
51.0
1.0
1.0
1.0
281.0
319.0
320.0
278.0
277.0
319.0
320.0
319.0
269.0
2.0
320.0
280.0
276.0
277.0
320.0
319.0
318.0
319.0
269.0
1.0
320.0
321.0
304.0
305.0
305.0
345.0
346.0
344.0
294.0
1.0
343.0
343.0
343.0
277.0
278.0
277.0
318.0
324.0
271.0
1.0
320.0
320.0
319.0
320.0
280.0
279.0
279.0
323.0
269.0
1.0
322.0
320.0
319.0
320.0
319.0
278.0
278.0
278.0
269.0
1.0
344.0
346.0
345.0
342.0
426.0
428.0
388.0
388.0
261.0
1.0
431.0
407.0
410.0
360.0
402.0
323.0
324.0
277.0
1.0
1.0
280.0
322.0
324.0
323.0
277.0
323.0
276.0
1.0
1.0
1.0
280.0
321.0
323.0
324.0
322.0
319.0
277.0
0.0
1.0
0.0
679.0
587.0
593.0
674.0
674.0
671.0
673.0
670.0
621.0
312.0
560.0
559.0
560.0
643.0
640.0
642.0
641.0
640.0
592.0
324.0
592.0
592.0
590.0
668.0
669.0
668.0
668.0
669.0
621.0
352.0
557.0
557.0
642.0
558.0
669.0
669.0
668.0
669.0
619.0
323.0
591.0
590.0
590.0
670.0
677.0
641.0
642.0
646.0
593.0
323.0
558.0
559.0
558.0
668.0
667.0
676.0
670.0
668.0
618.0
351.0
590.0
599.0
597.0
641.0
640.0
640.0
650.0
642.0
592.0
324.0
587.0
590.0
593.0
760.0
762.0
764.0
762.0
764.0
351.0
351.0
646.0
649.0
649.0
732.0
736.0
652.0
650.0
326.0
327.0
332.0
557.0
563.0
561.0
673.0
677.0
677.0
670.0
323.0
354.0
353.0
590.0
590.0
589.0
670.0
641.0
641.0
642.0
642.0
592.0
324.0
558.0
557.0
559.0
670.0
669.0
673.0
672.0
669.0
622.0
353.0
589.0
592.0
591.0
644.0
641.0
641.0
642.0
641.0
592.0
323.0
589.0
589.0
589.0
671.0
670.0
670.0
671.0
669.0
620.0
352.0
560.0
561.0
559.0
643.0
643.0
670.0
669.0
670.0
620.0
324.0
589.0
592.0
588.0
671.0
669.0
670.0
643.0
645.0
593.0
326.0
559.0
561.0
560.0
669.0
669.0
669.0
668.0
668.0
621.0
308.0
669.0
589.0
588.0
641.0
729.0
733.0
728.0
732.0
405.0
411.0
642.0
641.0
724.0
556.0
642.0
642.0
644.0
324.0
324.0
323.0
588.0
589.0
680.0
607.0
683.0
674.0
674.0
350.0
351.0
355.0
594.0
593.0
650.0
645.0
642.0
593.0
649.0
671.0
593.0
324.0
609.0
608.0
665.0
665.0
666.0
594.0
668.0
665.0
617.0
326.0
557.0
558.0
641.0
668.0
557.0
669.0
667.0
668.0
618.0
324.0
588.0
587.0
677.0
587.0
668.0
642.0
642.0
643.0
592.0
324.0
558.0
556.0
668.0
588.0
672.0
673.0
670.0
673.0
619.0
352.0
591.0
589.0
642.0
557.0
642.0
641.0
641.0
642.0
591.0
324.0
584.0
584.0
589.0
671.0
671.0
669.0
762.0
759.0
710.0
352.0
650.0
648.0
646.0
733.0
728.0
742.0
730.0
653.0
332.0
329.0
563.0
560.0
557.0
671.0
673.0
669.0
677.0
324.0
323.0
282.0
588.0
669.0
588.0
670.0
671.0
587.0
641.0
324.0
324.0
325.0
559.0
643.0
669.0
590.0
669.0
670.0
590.0
669.0
618.0
349.0
590.0
669.0
640.0
559.0
641.0
559.0
642.0
643.0
592.0
323.0
558.0
671.0
588.0
668.0
670.0
590.0
669.0
670.0
623.0
351.0
590.0
642.0
560.0
644.0
561.0
642.0
642.0
641.0
592.0
324.0
592.0
591.0
671.0
670.0
590.0
672.0
669.0
669.0
619.0
351.0
561.0
558.0
643.0
557.0
642.0
682.0
669.0
671.0
619.0
323.0
591.0
594.0
761.0
680.0
762.0
765.0
731.0
734.0
685.0
374.0
736.0
644.0
560.0
564.0
651.0
655.0
650.0
642.0
325.0
333.0
672.0
588.0
589.0
593.0
670.0
672.0
683.0
352.0
353.0
351.0
644.0
559.0
642.0
558.0
559.0
642.0
643.0
325.0
324.0
324.0
672.0
677.0
592.0
670.0
594.0
590.0
671.0
672.0
622.0
352.0
644.0
560.0
643.0
651.0
565.0
564.0
645.0
685.0
621.0
325.0
673.0
590.0
673.0
590.0
596.0
672.0
673.0
672.0
594.0
324.0
559.0
669.0
671.0
559.0
564.0
673.0
672.0
673.0
621.0
325.0
591.0
673.0
591.0
598.0
644.0
643.0
643.0
650.0
597.0
324.0
602.0
614.0
673.0
621.0
674.0
675.0
669.0
669.0
581.0
350.0
677.0
670.0
718.0
679.0
727.0
717.0
726.0
727.0
633.0
409.0
577.0
576.0
627.0
582.0
623.0
633.0
653.0
611.0
320.0
322.0
607.0
652.0
607.0
659.0
607.0
653.0
651.0
343.0
291.0
314.0
577.0
623.0
575.0
624.0
575.0
652.0
602.0
315.0
314.0
314.0
652.0
653.0
651.0
606.0
606.0
652.0
605.0
651.0
533.0
315.0
623.0
652.0
606.0
652.0
606.0
651.0
607.0
652.0
561.0
315.0
651.0
653.0
622.0
576.0
576.0
577.0
624.0
622.0
531.0
317.0
652.0
651.0
650.0
606.0
605.0
653.0
606.0
605.0
605.0
342.0
626.0
625.0
623.0
578.0
578.0
624.0
577.0
578.0
574.0
325.0
657.0
659.0
741.0
695.0
696.0
738.0
701.0
696.0
693.0
342.0
721.0
712.0
711.0
577.0
583.0
633.0
585.0
582.0
573.0
320.0
657.0
659.0
652.0
606.0
651.0
611.0
651.0
612.0
294.0
315.0
608.0
651.0
623.0
624.0
623.0
581.0
579.0
315.0
292.0
315.0
610.0
610.0
655.0
654.0
653.0
651.0
650.0
322.0
321.0
345.0
577.0
576.0
624.0
576.0
575.0
623.0
624.0
624.0
575.0
314.0
608.0
606.0
652.0
607.0
606.0
652.0
651.0
651.0
603.0
346.0
644.0
577.0
578.0
579.0
578.0
623.0
624.0
652.0
602.0
315.0
655.0
611.0
618.0
655.0
611.0
614.0
653.0
655.0
578.0
315.0
627.0
578.0
581.0
654.0
578.0
610.0
654.0
653.0
605.0
323.0
744.0
703.0
707.0
742.0
700.0
677.0
716.0
718.0
674.0
407.0
628.0
578.0
625.0
582.0
578.0
582.0
625.0
628.0
577.0
316.0
655.0
610.0
654.0
611.0
607.0
611.0
655.0
654.0
350.0
349.0
633.0
626.0
578.0
625.0
579.0
650.0
576.0
293.0
315.0
315.0
610.0
655.0
653.0
652.0
654.0
609.0
612.0
343.0
322.0
316.0
591.0
611.0
595.0
614.0
632.0
640.0
631.0
637.0
591.0
304.0
648.0
689.0
692.0
657.0
652.0
630.0
643.0
624.0
572.0
319.0
636.0
635.0
632.0
632.0
630.0
632.0
628.0
634.0
580.0
342.0
632.0
597.0
613.0
612.0
598.0
596.0
609.0
598.0
551.0
310.0
632.0
628.0
634.0
631.0
627.0
629.0
627.0
723.0
579.0
331.0
696.0
702.0
696.0
697.0
704.0
697.0
705.0
701.0
648.0
308.0
607.0
597.0
630.0
624.0
636.0
630.0
623.0
625.0
583.0
305.0
625.0
631.0
624.0
601.0
596.0
602.0
601.0
603.0
302.0
301.0
625.0
624.0
625.0
629.0
626.0
629.0
626.0
330.0
331.0
332.0
603.0
601.0
598.0
614.0
597.0
598.0
602.0
302.0
303.0
300.0
625.0
630.0
624.0
630.0
629.0
625.0
626.0
629.0
578.0
332.0
608.0
599.0
600.0
597.0
601.0
597.0
596.0
601.0
549.0
304.0
628.0
638.0
626.0
628.0
624.0
630.0
630.0
625.0
578.0
329.0
610.0
601.0
606.0
596.0
600.0
595.0
596.0
598.0
556.0
301.0
719.0
720.0
720.0
715.0
720.0
725.0
720.0
716.0
671.0
419.0
597.0
597.0
607.0
601.0
595.0
607.0
602.0
609.0
553.0
300.0
627.0
626.0
626.0
634.0
628.0
625.0
631.0
625.0
583.0
332.0
601.0
597.0
596.0
596.0
601.0
601.0
606.0
601.0
303.0
301.0
630.0
623.0
628.0
624.0
624.0
624.0
629.0
331.0
329.0
331.0
600.0
597.0
601.0
602.0
596.0
600.0
596.0
302.0
300.0
303.0
624.0
627.0
633.0
631.0
623.0
631.0
632.0
625.0
578.0
332.0
604.0
598.0
595.0
601.0
602.0
625.0
630.0
626.0
585.0
301.0
625.0
628.0
624.0
625.0
628.0
636.0
597.0
602.0
554.0
301.0
625.0
632.0
626.0
629.0
626.0
630.0
632.0
635.0
578.0
304.0
719.0
686.0
690.0
688.0
690.0
683.0
695.0
685.0
639.0
393.0
608.0
601.0
595.0
604.0
628.0
629.0
624.0
626.0
584.0
303.0
633.0
639.0
634.0
635.0
638.0
615.0
605.0
619.0
557.0
301.0
668.0
633.0
635.0
628.0
662.0
663.0
629.0
660.0
303.0
323.0
633.0
645.0
614.0
600.0
602.0
601.0
604.0
307.0
312.0
304.0
626.0
634.0
638.0
627.0
628.0
627.0
636.0
334.0
338.0
332.0
602.0
603.0
597.0
598.0
601.0
600.0
596.0
596.0
550.0
304.0
635.0
633.0
633.0
629.0
630.0
637.0
633.0
633.0
583.0
332.0
598.0
603.0
602.0
600.0
596.0
597.0
596.0
607.0
553.0
305.0
632.0
628.0
725.0
728.0
723.0
723.0
725.0
730.0
681.0
334.0
694.0
697.0
691.0
602.0
601.0
603.0
599.0
598.0
551.0
304.0
632.0
631.0
627.0
627.0
633.0
635.0
632.0
627.0
581.0
331.0
597.0
604.0
604.0
598.0
600.0
600.0
597.0
601.0
554.0
301.0
634.0
629.0
632.0
629.0
632.0
629.0
632.0
632.0
333.0
335.0
595.0
601.0
597.0
596.0
602.0
596.0
601.0
301.0
304.0
304.0
627.0
634.0
643.0
627.0
636.0
627.0
626.0
335.0
338.0
334.0
602.0
596.0
602.0
596.0
602.0
596.0
601.0
638.0
551.0
301.0
627.0
632.0
627.0
635.0
627.0
632.0
628.0
627.0
584.0
303.0
602.0
606.0
630.0
628.0
627.0
629.0
632.0
634.0
580.0
300.0
722.0
725.0
718.0
697.0
695.0
686.0
700.0
690.0
653.0
397.0
602.0
601.0
602.0
595.0
601.0
602.0
596.0
604.0
560.0
300.0
630.0
635.0
630.0
641.0
630.0
634.0
628.0
628.0
585.0
334.0
601.0
596.0
602.0
597.0
627.0
637.0
632.0
632.0
582.0
301.0
626.0
634.0
626.0
625.0
634.0
596.0
601.0
595.0
304.0
303.0
632.0
631.0
626.0
631.0
627.0
627.0
633.0
300.0
303.0
302.0
627.0
630.0
626.0
601.0
601.0
596.0
601.0
301.0
300.0
303.0
627.0
627.0
634.0
628.0
632.0
628.0
632.0
627.0
584.0
303.0
633.0
598.0
596.0
603.0
596.0
601.0
596.0
601.0
549.0
304.0
633.0
634.0
627.0
634.0
717.0
720.0
726.0
723.0
672.0
334.0
702.0
711.0
710.0
702.0
695.0
616.0
616.0
612.0
587.0
313.0
627.0
636.0
635.0
631.0
627.0
631.0
632.0
630.0
580.0
308.0
631.0
599.0
602.0
601.0
601.0
595.0
596.0
606.0
554.0
300.0
627.0
633.0
627.0
633.0
632.0
630.0
632.0
633.0
582.0
333.0
599.0
599.0
601.0
598.0
602.0
601.0
599.0
600.0
302.0
303.0
626.0
633.0
627.0
626.0
631.0
626.0
632.0
334.0
331.0
338.0
602.0
595.0
595.0
602.0
602.0
595.0
595.0
301.0
304.0
303.0
627.0
634.0
633.0
632.0
628.0
628.0
633.0
634.0
582.0
332.0
597.0
596.0
601.0
601.0
600.0
625.0
625.0
630.0
577.0
304.0
733.0
725.0
724.0
731.0
731.0
733.0
693.0
695.0
645.0
400.0
612.0
602.0
602.0
604.0
612.0
601.0
604.0
609.0
550.0
302.0
627.0
636.0
632.0
627.0
627.0
632.0
637.0
626.0
581.0
334.0
603.0
602.0
602.0
600.0
596.0
596.0
629.0
626.0
586.0
301.0
629.0
628.0
638.0
632.0
635.0
626.0
627.0
602.0
550.0
303.0
602.0
597.0
625.0
641.0
632.0
634.0
627.0
632.0
300.0
304.0
626.0
632.0
631.0
627.0
598.0
602.0
601.0
304.0
300.0
301.0
639.0
628.0
627.0
627.0
638.0
657.0
627.0
303.0
309.0
307.0
632.0
634.0
636.0
596.0
605.0
597.0
597.0
602.0
549.0
303.0
633.0
629.0
631.0
631.0
628.0
632.0
629.0
627.0
582.0
333.0
697.0
699.0
690.0
696.0
696.0
690.0
692.0
690.0
645.0
399.0
596.0
602.0
601.0
624.0
632.0
632.0
627.0
626.0
586.0
301.0
627.0
626.0
632.0
632.0
597.0
602.0
601.0
601.0
549.0
301.0
626.0
627.0
628.0
631.0
632.0
627.0
630.0
626.0
584.0
332.0
603.0
598.0
596.0
596.0
601.0
601.0
595.0
602.0
554.0
301.0
626.0
633.0
627.0
627.0
626.0
632.0
632.0
627.0
334.0
335.0
609.0
612.0
605.0
615.0
615.0
607.0
610.0
304.0
312.0
311.0
658.0
650.0
636.0
646.0
626.0
644.0
631.0
341.0
341.0
345.0
