145.0
133.0
133.0
133.0
133.0
133.0
133.0
132.0
132.0
132.0
119.0
119.0
118.0
118.0
118.0
118.0
118.0
119.0
118.0
118.0
118.0
120.0
118.0
119.0
118.0
119.0
119.0
120.0
120.0
118.0
108.0
108.0
108.0
109.0
107.0
108.0
109.0
106.0
106.0
106.0
107.0
107.0
107.0
107.0
107.0
107.0
107.0
106.0
106.0
106.0
108.0
108.0
108.0
108.0
108.0
108.0
108.0
108.0
108.0
108.0
207.0
207.0
207.0
207.0
207.0
208.0
207.0
208.0
206.0
207.0
108.0
108.0
109.0
109.0
109.0
109.0
108.0
107.0
108.0
108.0
108.0
108.0
109.0
109.0
108.0
109.0
110.0
109.0
109.0
109.0
107.0
108.0
107.0
107.0
106.0
106.0
106.0
106.0
105.0
106.0
108.0
107.0
108.0
108.0
108.0
107.0
108.0
107.0
106.0
107.0
107.0
107.0
108.0
108.0
107.0
107.0
107.0
107.0
107.0
107.0
107.0
107.0
106.0
107.0
106.0
106.0
106.0
107.0
107.0
107.0
107.0
108.0
108.0
109.0
108.0
108.0
107.0
107.0
107.0
108.0
108.0
109.0
108.0
108.0
109.0
109.0
109.0
109.0
108.0
108.0
106.0
108.0
106.0
107.0
106.0
107.0
107.0
107.0
107.0
107.0
106.0
106.0
107.0
105.0
105.0
105.0
105.0
105.0
105.0
105.0
109.0
108.0
110.0
108.0
110.0
108.0
109.0
110.0
109.0
109.0
109.0
109.0
108.0
108.0
109.0
109.0
108.0
108.0
108.0
108.0
108.0
108.0
107.0
107.0
107.0
107.0
107.0
107.0
107.0
107.0
187.0
187.0
186.0
187.0
188.0
186.0
187.0
186.0
187.0
187.0
107.0
106.0
107.0
106.0
107.0
105.0
106.0
105.0
106.0
105.0
107.0
108.0
107.0
107.0
107.0
106.0
107.0
107.0
106.0
106.0
93.0
93.0
92.0
92.0
92.0
93.0
92.0
93.0
92.0
93.0
87.0
86.0
86.0
85.0
86.0
86.0
86.0
85.0
85.0
86.0
88.0
88.0
88.0
87.0
87.0
87.0
87.0
87.0
87.0
87.0
88.0
88.0
88.0
88.0
88.0
88.0
88.0
88.0
88.0
88.0
78.0
78.0
78.0
78.0
78.0
78.0
78.0
78.0
78.0
78.0
78.0
78.0
78.0
78.0
78.0
78.0
78.0
77.0
78.0
77.0
88.0
88.0
88.0
89.0
89.0
88.0
88.0
88.0
89.0
89.0
87.0
87.0
88.0
87.0
87.0
88.0
88.0
88.0
89.0
88.0
78.0
78.0
78.0
78.0
78.0
78.0
78.0
78.0
78.0
77.0
79.0
80.0
79.0
79.0
79.0
79.0
80.0
80.0
79.0
80.0
88.0
87.0
88.0
88.0
88.0
88.0
88.0
88.0
88.0
88.0
88.0
88.0
88.0
88.0
88.0
88.0
88.0
88.0
88.0
88.0
78.0
78.0
78.0
78.0
78.0
78.0
79.0
78.0
79.0
78.0
79.0
78.0
77.0
78.0
77.0
78.0
77.0
77.0
77.0
78.0
89.0
89.0
88.0
89.0
89.0
88.0
89.0
88.0
88.0
88.0
88.0
87.0
87.0
87.0
87.0
87.0
87.0
87.0
87.0
87.0
79.0
78.0
79.0
78.0
78.0
80.0
79.0
80.0
81.0
79.0
78.0
78.0
78.0
77.0
77.0
77.0
77.0
76.0
76.0
75.0
87.0
87.0
87.0
87.0
87.0
87.0
87.0
87.0
87.0
88.0
87.0
87.0
87.0
87.0
87.0
88.0
88.0
88.0
88.0
87.0
78.0
78.0
78.0
78.0
78.0
77.0
77.0
77.0
77.0
77.0
78.0
78.0
78.0
78.0
78.0
78.0
78.0
78.0
78.0
78.0
88.0
88.0
88.0
88.0
88.0
88.0
88.0
87.0
88.0
87.0
170.0
171.0
171.0
171.0
171.0
171.0
171.0
171.0
170.0
172.0
76.0
75.0
75.0
75.0
75.0
75.0
75.0
75.0
74.0
74.0
76.0
76.0
76.0
76.0
76.0
76.0
76.0
77.0
75.0
75.0
86.0
86.0
87.0
86.0
86.0
87.0
87.0
87.0
86.0
86.0
87.0
87.0
87.0
86.0
87.0
86.0
86.0
86.0
87.0
86.0
75.0
75.0
77.0
75.0
77.0
75.0
76.0
76.0
74.0
75.0
76.0
76.0
76.0
75.0
75.0
75.0
74.0
74.0
74.0
74.0
85.0
85.0
85.0
85.0
85.0
85.0
85.0
85.0
86.0
85.0
85.0
85.0
85.0
85.0
85.0
86.0
85.0
85.0
85.0
84.0
74.0
73.0
74.0
73.0
74.0
74.0
73.0
73.0
72.0
73.0
73.0
73.0
73.0
73.0
73.0
72.0
72.0
72.0
72.0
72.0
72.0
72.0
72.0
72.0
72.0
72.0
72.0
72.0
72.0
73.0
72.0
72.0
73.0
72.0
73.0
73.0
73.0
73.0
72.0
71.0
63.0
63.0
63.0
63.0
63.0
63.0
63.0
63.0
63.0
63.0
63.0
63.0
63.0
63.0
63.0
63.0
63.0
63.0
63.0
63.0
76.0
77.0
77.0
76.0
77.0
77.0
77.0
77.0
76.0
77.0
78.0
78.0
78.0
77.0
77.0
77.0
77.0
77.0
77.0
77.0
76.0
76.0
76.0
76.0
76.0
76.0
76.0
77.0
76.0
76.0
75.0
76.0
75.0
76.0
76.0
77.0
75.0
76.0
76.0
76.0
77.0
78.0
77.0
77.0
77.0
77.0
76.0
76.0
77.0
77.0
77.0
77.0
77.0
77.0
77.0
77.0
77.0
77.0
77.0
77.0
76.0
76.0
76.0
76.0
76.0
76.0
76.0
76.0
76.0
76.0
76.0
76.0
76.0
76.0
76.0
76.0
76.0
76.0
76.0
76.0
76.0
78.0
77.0
76.0
77.0
76.0
77.0
77.0
77.0
78.0
77.0
76.0
76.0
77.0
77.0
77.0
76.0
75.0
76.0
76.0
76.0
76.0
76.0
76.0
76.0
75.0
75.0
75.0
75.0
75.0
76.0
76.0
76.0
76.0
76.0
76.0
76.0
76.0
76.0
76.0
77.0
77.0
76.0
77.0
76.0
77.0
77.0
77.0
77.0
77.0
242.0
239.0
239.0
239.0
239.0
243.0
239.0
240.0
240.0
240.0
233.0
233.0
233.0
233.0
233.0
232.0
232.0
232.0
231.0
231.0
76.0
76.0
76.0
76.0
76.0
77.0
77.0
77.0
76.0
75.0
79.0
79.0
79.0
80.0
79.0
79.0
79.0
78.0
79.0
78.0
94.0
94.0
94.0
94.0
94.0
94.0
94.0
93.0
93.0
93.0
76.0
76.0
76.0
76.0
76.0
76.0
76.0
76.0
76.0
76.0
103.0
102.0
103.0
103.0
103.0
103.0
103.0
103.0
103.0
102.0
78.0
78.0
78.0
78.0
78.0
78.0
78.0
78.0
78.0
78.0
109.0
109.0
109.0
109.0
110.0
110.0
109.0
110.0
109.0
109.0
76.0
76.0
76.0
76.0
77.0
76.0
76.0
75.0
75.0
75.0
75.0
76.0
75.0
75.0
75.0
75.0
75.0
76.0
75.0
74.0
101.0
101.0
100.0
100.0
100.0
101.0
101.0
100.0
99.0
100.0
75.0
75.0
75.0
76.0
75.0
75.0
75.0
75.0
75.0
75.0
75.0
75.0
75.0
75.0
75.0
75.0
74.0
74.0
74.0
75.0
74.0
74.0
74.0
75.0
75.0
74.0
74.0
73.0
74.0
74.0
76.0
76.0
76.0
76.0
76.0
76.0
75.0
75.0
75.0
75.0
109.0
109.0
110.0
109.0
109.0
109.0
109.0
109.0
109.0
109.0
73.0
73.0
72.0
73.0
73.0
73.0
73.0
72.0
73.0
72.0
72.0
71.0
71.0
71.0
72.0
71.0
72.0
71.0
72.0
72.0
74.0
73.0
74.0
74.0
72.0
72.0
72.0
71.0
71.0
71.0
73.0
74.0
73.0
73.0
74.0
74.0
74.0
73.0
72.0
73.0
72.0
72.0
72.0
72.0
71.0
71.0
71.0
71.0
71.0
71.0
71.0
72.0
72.0
71.0
72.0
72.0
72.0
72.0
71.0
72.0
63.0
63.0
63.0
63.0
63.0
63.0
63.0
63.0
63.0
63.0
63.0
65.0
65.0
65.0
63.0
65.0
65.0
65.0
64.0
64.0
107.0
107.0
107.0
106.0
105.0
105.0
105.0
106.0
105.0
104.0
62.0
62.0
63.0
62.0
62.0
62.0
62.0
61.0
61.0
61.0
77.0
77.0
77.0
77.0
77.0
77.0
77.0
77.0
76.0
76.0
77.0
77.0
77.0
77.0
77.0
77.0
77.0
77.0
77.0
77.0
73.0
73.0
73.0
72.0
73.0
73.0
73.0
73.0
72.0
72.0
73.0
73.0
73.0
73.0
73.0
73.0
73.0
73.0
74.0
72.0
76.0
75.0
76.0
76.0
76.0
76.0
76.0
76.0
76.0
75.0
76.0
77.0
77.0
77.0
77.0
77.0
77.0
77.0
77.0
77.0
84.0
80.0
81.0
83.0
85.0
80.0
81.0
81.0
81.0
81.0
74.0
73.0
72.0
74.0
72.0
72.0
73.0
73.0
72.0
75.0
135.0
136.0
135.0
136.0
135.0
134.0
135.0
134.0
135.0
140.0
75.0
76.0
76.0
75.0
74.0
75.0
75.0
75.0
73.0
76.0
72.0
72.0
71.0
71.0
72.0
72.0
72.0
71.0
71.0
74.0
71.0
72.0
73.0
72.0
72.0
71.0
72.0
72.0
72.0
71.0
74.0
74.0
74.0
74.0
74.0
75.0
73.0
74.0
73.0
76.0
75.0
74.0
75.0
74.0
74.0
74.0
74.0
75.0
74.0
75.0
71.0
71.0
72.0
72.0
72.0
71.0
70.0
71.0
71.0
71.0
73.0
72.0
72.0
72.0
72.0
72.0
72.0
72.0
71.0
71.0
73.0
74.0
73.0
73.0
73.0
74.0
72.0
74.0
72.0
77.0
76.0
74.0
74.0
74.0
74.0
74.0
73.0
73.0
73.0
78.0
70.0
71.0
70.0
71.0
70.0
70.0
70.0
70.0
69.0
70.0
70.0
70.0
70.0
71.0
70.0
71.0
70.0
70.0
70.0
71.0
74.0
74.0
73.0
73.0
74.0
74.0
73.0
73.0
74.0
72.0
133.0
133.0
134.0
132.0
132.0
133.0
133.0
133.0
132.0
136.0
71.0
71.0
71.0
71.0
71.0
70.0
70.0
71.0
70.0
71.0
70.0
71.0
70.0
71.0
70.0
70.0
70.0
70.0
69.0
68.0
73.0
74.0
74.0
74.0
74.0
74.0
73.0
74.0
73.0
72.0
75.0
74.0
74.0
74.0
74.0
74.0
74.0
73.0
73.0
72.0
71.0
71.0
71.0
71.0
71.0
71.0
71.0
71.0
71.0
70.0
70.0
70.0
70.0
69.0
70.0
69.0
70.0
69.0
69.0
69.0
70.0
71.0
70.0
71.0
70.0
70.0
70.0
70.0
70.0
72.0
70.0
70.0
71.0
71.0
70.0
71.0
71.0
71.0
70.0
73.0
71.0
72.0
70.0
71.0
70.0
70.0
69.0
69.0
71.0
71.0
71.0
71.0
72.0
70.0
68.0
70.0
69.0
69.0
68.0
70.0
71.0
71.0
71.0
70.0
70.0
69.0
70.0
70.0
69.0
71.0
71.0
71.0
71.0
71.0
71.0
71.0
71.0
71.0
71.0
71.0
72.0
72.0
72.0
72.0
72.0
72.0
72.0
72.0
72.0
71.0
70.0
70.0
70.0
70.0
70.0
70.0
70.0
70.0
70.0
70.0
62.0
63.0
62.0
63.0
63.0
62.0
63.0
62.0
63.0
64.0
156.0
156.0
155.0
156.0
155.0
155.0
156.0
156.0
154.0
159.0
61.0
62.0
62.0
62.0
63.0
62.0
60.0
61.0
61.0
65.0
63.0
63.0
62.0
63.0
63.0
61.0
62.0
63.0
61.0
65.0
76.0
75.0
75.0
76.0
75.0
75.0
75.0
74.0
74.0
77.0
76.0
77.0
75.0
75.0
75.0
75.0
75.0
75.0
74.0
79.0
74.0
74.0
74.0
74.0
74.0
75.0
74.0
74.0
73.0
74.0
73.0
73.0
73.0
73.0
73.0
73.0
73.0
73.0
72.0
74.0
76.0
76.0
76.0
76.0
76.0
76.0
76.0
76.0
76.0
78.0
76.0
75.0
77.0
75.0
76.0
76.0
77.0
76.0
77.0
77.0
74.0
73.0
75.0
75.0
74.0
74.0
73.0
74.0
72.0
76.0
74.0
73.0
72.0
74.0
72.0
71.0
73.0
72.0
71.0
75.0
76.0
75.0
76.0
75.0
74.0
75.0
75.0
73.0
73.0
78.0
76.0
76.0
76.0
76.0
76.0
75.0
75.0
75.0
75.0
76.0
73.0
74.0
74.0
74.0
74.0
74.0
74.0
74.0
74.0
74.0
72.0
72.0
72.0
72.0
72.0
72.0
71.0
71.0
71.0
73.0
76.0
76.0
77.0
76.0
77.0
76.0
77.0
76.0
76.0
76.0
76.0
76.0
76.0
76.0
76.0
75.0
75.0
75.0
75.0
180.0
174.0
174.0
174.0
174.0
174.0
174.0
174.0
174.0
174.0
75.0
73.0
73.0
72.0
72.0
73.0
73.0
73.0
72.0
72.0
75.0
73.0
73.0
73.0
73.0
73.0
73.0
73.0
74.0
73.0
76.0
75.0
74.0
75.0
74.0
74.0
75.0
75.0
74.0
74.0
78.0
70.0
69.0
69.0
69.0
69.0
69.0
69.0
69.0
69.0
73.0
69.0
70.0
70.0
69.0
70.0
69.0
69.0
68.0
69.0
71.0
73.0
73.0
73.0
72.0
72.0
72.0
72.0
72.0
73.0
74.0
72.0
73.0
73.0
72.0
72.0
73.0
72.0
71.0
72.0
72.0
71.0
69.0
70.0
71.0
69.0
70.0
69.0
69.0
70.0
70.0
71.0
72.0
71.0
71.0
71.0
71.0
70.0
70.0
68.0
71.0
74.0
72.0
73.0
71.0
71.0
72.0
71.0
72.0
72.0
75.0
74.0
74.0
74.0
74.0
73.0
73.0
73.0
73.0
73.0
74.0
70.0
70.0
70.0
70.0
70.0
70.0
70.0
70.0
70.0
69.0
69.0
69.0
70.0
69.0
70.0
69.0
70.0
70.0
70.0
69.0
71.0
71.0
70.0
70.0
69.0
69.0
70.0
70.0
70.0
71.0
71.0
71.0
71.0
70.0
70.0
70.0
70.0
71.0
73.0
72.0
70.0
70.0
70.0
70.0
70.0
70.0
70.0
69.0
71.0
150.0
150.0
150.0
150.0
150.0
150.0
150.0
150.0
148.0
151.0
70.0
72.0
72.0
71.0
72.0
71.0
72.0
72.0
72.0
73.0
73.0
72.0
72.0
71.0
71.0
72.0
72.0
71.0
71.0
73.0
71.0
70.0
70.0
69.0
70.0
70.0
68.0
69.0
69.0
72.0
68.0
68.0
68.0
68.0
68.0
69.0
68.0
68.0
67.0
69.0
73.0
60.0
61.0
60.0
61.0
61.0
60.0
61.0
61.0
64.0
61.0
61.0
62.0
61.0
61.0
61.0
61.0
61.0
61.0
64.0
61.0
61.0
61.0
61.0
61.0
61.0
61.0
61.0
61.0
64.0
62.0
61.0
62.0
61.0
61.0
61.0
61.0
61.0
62.0
64.0
61.0
74.0
74.0
74.0
74.0
75.0
75.0
74.0
74.0
76.0
78.0
74.0
74.0
74.0
74.0
74.0
73.0
72.0
76.0
77.0
76.0
70.0
70.0
70.0
69.0
69.0
69.0
70.0
68.0
73.0
70.0
70.0
69.0
69.0
68.0
68.0
66.0
68.0
67.0
71.0
69.0
74.0
74.0
73.0
74.0
73.0
74.0
74.0
74.0
77.0
75.0
75.0
74.0
74.0
73.0
74.0
74.0
73.0
76.0
77.0
77.0
69.0
70.0
69.0
70.0
68.0
68.0
68.0
69.0
72.0
70.0
70.0
69.0
69.0
68.0
69.0
68.0
68.0
69.0
72.0
152.0
158.0
159.0
158.0
158.0
158.0
158.0
158.0
159.0
165.0
81.0
81.0
79.0
79.0
79.0
78.0
79.0
81.0
82.0
81.0
80.0
74.0
73.0
74.0
73.0
74.0
75.0
75.0
74.0
80.0
74.0
76.0
75.0
72.0
75.0
71.0
77.0
74.0
75.0
75.0
74.0
79.0
79.0
79.0
80.0
78.0
80.0
79.0
80.0
81.0
80.0
79.0
79.0
79.0
80.0
79.0
78.0
80.0
79.0
80.0
75.0
69.0
70.0
67.0
70.0
69.0
68.0
70.0
69.0
69.0
69.0
68.0
68.0
68.0
67.0
68.0
66.0
69.0
69.0
67.0
68.0
72.0
71.0
71.0
71.0
72.0
72.0
74.0
72.0
71.0
71.0
72.0
72.0
71.0
73.0
71.0
72.0
72.0
73.0
72.0
72.0
65.0
66.0
65.0
66.0
65.0
67.0
68.0
67.0
66.0
66.0
66.0
65.0
64.0
65.0
65.0
66.0
65.0
66.0
65.0
65.0
71.0
72.0
71.0
71.0
72.0
72.0
70.0
73.0
72.0
71.0
72.0
72.0
71.0
71.0
72.0
74.0
73.0
73.0
73.0
74.0
66.0
67.0
65.0
65.0
68.0
67.0
65.0
69.0
67.0
65.0
66.0
66.0
65.0
66.0
68.0
67.0
66.0
69.0
66.0
65.0
69.0
69.0
69.0
69.0
71.0
70.0
70.0
72.0
70.0
70.0
70.0
72.0
71.0
71.0
71.0
71.0
70.0
71.0
71.0
69.0
67.0
66.0
68.0
65.0
67.0
67.0
67.0
69.0
67.0
65.0
66.0
66.0
65.0
66.0
68.0
65.0
66.0
149.0
143.0
145.0
147.0
148.0
148.0
149.0
151.0
149.0
149.0
71.0
69.0
69.0
69.0
69.0
69.0
70.0
70.0
70.0
69.0
72.0
70.0
69.0
64.0
66.0
66.0
68.0
68.0
67.0
68.0
68.0
66.0
65.0
66.0
65.0
66.0
66.0
69.0
68.0
66.0
68.0
65.0
65.0
69.0
68.0
69.0
71.0
71.0
71.0
71.0
72.0
69.0
70.0
69.0
71.0
69.0
72.0
72.0
71.0
72.0
74.0
71.0
69.0
64.0
67.0
65.0
69.0
67.0
67.0
65.0
67.0
65.0
65.0
66.0
65.0
66.0
67.0
69.0
68.0
68.0
68.0
66.0
67.0
61.0
59.0
61.0
63.0
62.0
62.0
62.0
62.0
61.0
60.0
60.0
59.0
59.0
62.0
63.0
62.0
62.0
62.0
60.0
59.0
60.0
60.0
59.0
63.0
62.0
62.0
62.0
61.0
61.0
60.0
61.0
61.0
60.0
59.0
57.0
58.0
58.0
50.0
50.0
50.0
