0.0
0.0
1.0
1.0
0.0
0.0
1.0
1.0
0.0
0.0
5.0
6.0
140.0
138.0
139.0
139.0
139.0
139.0
139.0
139.0
139.0
139.0
172.0
172.0
171.0
172.0
172.0
172.0
172.0
172.0
172.0
171.0
139.0
139.0
139.0
139.0
139.0
139.0
139.0
139.0
140.0
139.0
140.0
140.0
140.0
140.0
140.0
140.0
139.0
140.0
6.0
6.0
139.0
138.0
139.0
138.0
138.0
138.0
139.0
139.0
138.0
138.0
139.0
138.0
139.0
138.0
139.0
139.0
139.0
138.0
139.0
139.0
139.0
139.0
139.0
139.0
139.0
139.0
139.0
139.0
139.0
139.0
139.0
139.0
139.0
139.0
138.0
138.0
139.0
139.0
5.0
5.0
139.0
139.0
137.0
138.0
156.0
157.0
157.0
157.0
157.0
157.0
156.0
157.0
158.0
158.0
139.0
139.0
139.0
139.0
139.0
139.0
139.0
139.0
138.0
139.0
138.0
138.0
139.0
138.0
138.0
139.0
139.0
138.0
139.0
138.0
139.0
139.0
139.0
139.0
6.0
5.0
138.0
138.0
139.0
139.0
138.0
138.0
138.0
138.0
138.0
138.0
139.0
139.0
138.0
139.0
139.0
139.0
139.0
138.0
139.0
139.0
138.0
138.0
139.0
139.0
138.0
138.0
138.0
138.0
138.0
138.0
139.0
139.0
139.0
139.0
139.0
138.0
157.0
156.0
5.0
6.0
156.0
156.0
156.0
156.0
156.0
156.0
156.0
156.0
138.0
138.0
138.0
138.0
139.0
139.0
139.0
138.0
139.0
139.0
139.0
139.0
139.0
139.0
138.0
138.0
138.0
139.0
139.0
138.0
138.0
138.0
138.0
138.0
139.0
139.0
139.0
138.0
138.0
138.0
5.0
6.0
141.0
142.0
141.0
141.0
142.0
142.0
142.0
141.0
141.0
141.0
139.0
138.0
139.0
139.0
139.0
139.0
140.0
139.0
139.0
139.0
139.0
139.0
139.0
139.0
139.0
139.0
139.0
143.0
139.0
139.0
140.0
139.0
139.0
140.0
139.0
139.0
139.0
139.0
6.0
6.0
139.0
141.0
156.0
156.0
156.0
157.0
157.0
157.0
157.0
157.0
158.0
160.0
141.0
141.0
141.0
140.0
140.0
140.0
141.0
140.0
139.0
141.0
139.0
139.0
139.0
139.0
139.0
139.0
139.0
139.0
138.0
140.0
139.0
139.0
140.0
139.0
139.0
139.0
6.0
5.0
139.0
139.0
140.0
139.0
139.0
139.0
139.0
139.0
140.0
139.0
139.0
139.0
139.0
139.0
139.0
139.0
139.0
139.0
139.0
139.0
138.0
139.0
139.0
139.0
139.0
138.0
139.0
139.0
139.0
139.0
139.0
139.0
139.0
138.0
139.0
139.0
139.0
139.0
5.0
5.0
154.0
153.0
154.0
153.0
154.0
155.0
157.0
156.0
157.0
156.0
142.0
141.0
141.0
141.0
141.0
140.0
168.0
167.0
168.0
167.0
167.0
167.0
167.0
167.0
167.0
167.0
139.0
139.0
138.0
138.0
139.0
139.0
138.0
139.0
139.0
138.0
138.0
138.0
6.0
5.0
139.0
138.0
139.0
139.0
139.0
139.0
139.0
139.0
139.0
138.0
139.0
138.0
139.0
138.0
139.0
138.0
138.0
138.0
139.0
139.0
139.0
139.0
139.0
137.0
139.0
138.0
139.0
139.0
139.0
138.0
139.0
138.0
139.0
139.0
140.0
139.0
139.0
137.0
6.0
5.0
139.0
139.0
139.0
139.0
139.0
138.0
138.0
138.0
139.0
139.0
157.0
157.0
157.0
157.0
157.0
156.0
156.0
157.0
157.0
156.0
139.0
138.0
139.0
138.0
139.0
139.0
139.0
138.0
139.0
138.0
139.0
139.0
138.0
138.0
139.0
139.0
139.0
139.0
5.0
5.0
139.0
139.0
138.0
138.0
139.0
139.0
138.0
138.0
138.0
139.0
138.0
138.0
139.0
139.0
138.0
138.0
139.0
139.0
139.0
139.0
139.0
139.0
138.0
138.0
138.0
139.0
138.0
138.0
138.0
138.0
138.0
138.0
139.0
139.0
139.0
138.0
139.0
139.0
6.0
5.0
138.0
139.0
139.0
138.0
156.0
156.0
156.0
156.0
156.0
156.0
156.0
157.0
156.0
157.0
139.0
139.0
139.0
139.0
139.0
139.0
139.0
139.0
139.0
139.0
139.0
139.0
140.0
139.0
140.0
140.0
140.0
139.0
139.0
139.0
138.0
139.0
139.0
138.0
5.0
0.0
139.0
134.0
138.0
134.0
139.0
133.0
139.0
133.0
139.0
134.0
138.0
134.0
139.0
134.0
139.0
133.0
168.0
163.0
167.0
163.0
168.0
163.0
168.0
163.0
168.0
163.0
139.0
133.0
139.0
133.0
139.0
133.0
138.0
134.0
139.0
134.0
139.0
133.0
0.0
1.0
48.0
48.0
49.0
48.0
48.0
48.0
48.0
48.0
48.0
48.0
48.0
48.0
48.0
48.0
49.0
48.0
49.0
48.0
48.0
49.0
49.0
48.0
48.0
48.0
49.0
48.0
48.0
49.0
49.0
48.0
48.0
49.0
48.0
48.0
48.0
48.0
48.0
48.0
5.0
5.0
139.0
138.0
139.0
138.0
139.0
139.0
139.0
138.0
139.0
139.0
139.0
139.0
139.0
138.0
139.0
138.0
139.0
138.0
139.0
138.0
139.0
139.0
138.0
138.0
139.0
139.0
139.0
139.0
139.0
138.0
139.0
138.0
139.0
139.0
139.0
139.0
156.0
155.0
6.0
6.0
157.0
157.0
157.0
158.0
157.0
157.0
157.0
157.0
140.0
140.0
139.0
138.0
139.0
138.0
139.0
139.0
139.0
139.0
139.0
138.0
139.0
139.0
139.0
139.0
139.0
138.0
139.0
139.0
139.0
139.0
139.0
139.0
139.0
139.0
139.0
139.0
139.0
138.0
6.0
5.0
139.0
138.0
138.0
139.0
152.0
147.0
147.0
147.0
148.0
146.0
149.0
148.0
150.0
148.0
141.0
141.0
142.0
142.0
143.0
142.0
140.0
139.0
140.0
140.0
139.0
139.0
139.0
139.0
139.0
139.0
155.0
155.0
156.0
156.0
158.0
157.0
157.0
157.0
5.0
5.0
157.0
158.0
141.0
141.0
140.0
139.0
140.0
140.0
140.0
140.0
139.0
139.0
140.0
139.0
139.0
140.0
138.0
138.0
139.0
138.0
139.0
139.0
138.0
139.0
139.0
138.0
139.0
139.0
138.0
139.0
139.0
139.0
139.0
138.0
138.0
139.0
138.0
139.0
6.0
5.0
138.0
138.0
138.0
139.0
138.0
139.0
139.0
169.0
168.0
168.0
169.0
169.0
169.0
168.0
169.0
168.0
169.0
138.0
139.0
139.0
138.0
138.0
138.0
139.0
138.0
139.0
138.0
138.0
138.0
137.0
139.0
139.0
139.0
138.0
138.0
138.0
139.0
139.0
5.0
6.0
139.0
138.0
137.0
138.0
138.0
138.0
139.0
139.0
138.0
138.0
139.0
139.0
139.0
138.0
139.0
139.0
138.0
138.0
139.0
139.0
138.0
138.0
139.0
139.0
138.0
139.0
139.0
139.0
138.0
138.0
139.0
139.0
138.0
138.0
139.0
139.0
138.0
138.0
5.0
6.0
139.0
138.0
156.0
156.0
155.0
157.0
156.0
156.0
157.0
157.0
156.0
156.0
139.0
138.0
138.0
138.0
138.0
139.0
138.0
138.0
139.0
139.0
138.0
138.0
138.0
139.0
139.0
139.0
139.0
139.0
138.0
138.0
139.0
139.0
139.0
138.0
138.0
139.0
5.0
5.0
139.0
139.0
139.0
138.0
138.0
139.0
138.0
139.0
139.0
138.0
138.0
138.0
138.0
138.0
138.0
139.0
138.0
138.0
138.0
139.0
138.0
139.0
138.0
139.0
139.0
138.0
138.0
139.0
139.0
139.0
139.0
138.0
139.0
138.0
156.0
156.0
156.0
156.0
0.0
1.0
151.0
48.0
151.0
48.0
151.0
49.0
152.0
66.0
151.0
49.0
134.0
49.0
134.0
48.0
133.0
48.0
133.0
48.0
133.0
48.0
134.0
48.0
134.0
48.0
134.0
49.0
133.0
48.0
134.0
49.0
133.0
48.0
134.0
49.0
133.0
48.0
134.0
48.0
0.0
0.0
48.0
48.0
49.0
49.0
48.0
48.0
48.0
49.0
48.0
48.0
48.0
48.0
49.0
49.0
48.0
49.0
48.0
48.0
49.0
48.0
48.0
48.0
48.0
48.0
49.0
48.0
48.0
49.0
48.0
48.0
48.0
48.0
48.0
48.0
48.0
48.0
48.0
48.0
5.0
6.0
138.0
138.0
138.0
139.0
138.0
139.0
138.0
138.0
139.0
139.0
169.0
170.0
170.0
169.0
170.0
169.0
169.0
170.0
169.0
170.0
138.0
138.0
138.0
138.0
138.0
138.0
138.0
138.0
138.0
139.0
138.0
138.0
138.0
138.0
139.0
139.0
139.0
139.0
5.0
5.0
139.0
138.0
138.0
139.0
139.0
139.0
138.0
138.0
138.0
139.0
138.0
138.0
138.0
138.0
138.0
138.0
139.0
138.0
139.0
138.0
139.0
139.0
139.0
139.0
139.0
139.0
138.0
139.0
138.0
138.0
139.0
138.0
138.0
139.0
138.0
138.0
139.0
138.0
5.0
6.0
138.0
138.0
139.0
138.0
157.0
156.0
157.0
157.0
156.0
157.0
156.0
157.0
156.0
156.0
138.0
139.0
138.0
138.0
139.0
138.0
139.0
138.0
139.0
139.0
139.0
137.0
139.0
139.0
138.0
138.0
139.0
139.0
139.0
138.0
138.0
139.0
138.0
138.0
5.0
6.0
139.0
138.0
138.0
138.0
139.0
139.0
138.0
138.0
138.0
138.0
138.0
138.0
138.0
139.0
138.0
139.0
138.0
139.0
138.0
139.0
139.0
139.0
139.0
138.0
138.0
138.0
139.0
138.0
139.0
138.0
139.0
138.0
138.0
139.0
138.0
139.0
154.0
155.0
5.0
5.0
155.0
156.0
155.0
156.0
157.0
156.0
157.0
157.0
141.0
140.0
139.0
139.0
139.0
139.0
138.0
139.0
138.0
139.0
138.0
139.0
138.0
138.0
139.0
138.0
138.0
138.0
139.0
138.0
138.0
138.0
139.0
139.0
138.0
138.0
138.0
139.0
138.0
138.0
6.0
5.0
138.0
139.0
138.0
138.0
139.0
138.0
139.0
138.0
138.0
139.0
169.0
169.0
168.0
169.0
168.0
169.0
169.0
169.0
169.0
169.0
138.0
138.0
139.0
139.0
139.0
139.0
138.0
138.0
139.0
139.0
140.0
140.0
139.0
139.0
139.0
139.0
139.0
139.0
5.0
6.0
139.0
139.0
138.0
138.0
139.0
138.0
138.0
139.0
138.0
138.0
139.0
139.0
138.0
139.0
138.0
139.0
138.0
138.0
139.0
139.0
138.0
139.0
139.0
138.0
139.0
138.0
139.0
139.0
138.0
138.0
139.0
139.0
138.0
139.0
138.0
138.0
138.0
138.0
6.0
1.0
138.0
133.0
138.0
134.0
155.0
150.0
156.0
149.0
156.0
150.0
156.0
151.0
157.0
152.0
141.0
136.0
140.0
136.0
140.0
135.0
139.0
135.0
139.0
134.0
139.0
133.0
138.0
134.0
138.0
133.0
138.0
134.0
138.0
134.0
139.0
133.0
138.0
134.0
1.0
0.0
49.0
48.0
48.0
49.0
48.0
49.0
48.0
48.0
48.0
48.0
48.0
48.0
48.0
48.0
49.0
48.0
48.0
48.0
48.0
48.0
48.0
49.0
48.0
48.0
48.0
48.0
49.0
48.0
49.0
48.0
48.0
48.0
48.0
48.0
48.0
49.0
48.0
48.0
0.0
1.0
48.0
49.0
49.0
48.0
48.0
48.0
48.0
48.0
48.0
49.0
48.0
48.0
48.0
48.0
48.0
49.0
48.0
48.0
49.0
47.0
48.0
48.0
48.0
48.0
48.0
48.0
48.0
48.0
48.0
48.0
48.0
48.0
48.0
48.0
49.0
48.0
49.0
49.0
5.0
5.0
139.0
139.0
139.0
138.0
139.0
139.0
138.0
139.0
138.0
138.0
139.0
138.0
138.0
139.0
138.0
138.0
154.0
153.0
154.0
154.0
157.0
157.0
157.0
156.0
157.0
157.0
141.0
141.0
141.0
141.0
138.0
139.0
138.0
139.0
138.0
138.0
138.0
139.0
5.0
5.0
139.0
139.0
139.0
138.0
139.0
138.0
139.0
139.0
138.0
137.0
138.0
138.0
138.0
139.0
138.0
139.0
138.0
138.0
139.0
138.0
139.0
139.0
139.0
139.0
139.0
138.0
139.0
139.0
138.0
139.0
138.0
138.0
169.0
170.0
169.0
169.0
169.0
169.0
5.0
5.0
170.0
170.0
169.0
169.0
139.0
139.0
138.0
139.0
138.0
139.0
138.0
138.0
138.0
139.0
138.0
138.0
139.0
138.0
139.0
138.0
138.0
139.0
139.0
138.0
139.0
141.0
140.0
141.0
140.0
140.0
141.0
140.0
140.0
140.0
139.0
138.0
139.0
138.0
5.0
6.0
139.0
138.0
138.0
138.0
138.0
138.0
138.0
139.0
138.0
138.0
138.0
139.0
138.0
139.0
138.0
139.0
139.0
138.0
138.0
138.0
138.0
138.0
139.0
138.0
139.0
138.0
156.0
157.0
157.0
157.0
156.0
157.0
156.0
157.0
156.0
157.0
139.0
139.0
5.0
5.0
138.0
139.0
139.0
138.0
139.0
138.0
139.0
138.0
138.0
138.0
139.0
138.0
138.0
139.0
138.0
139.0
139.0
138.0
138.0
138.0
138.0
139.0
139.0
138.0
139.0
138.0
137.0
138.0
139.0
138.0
138.0
138.0
138.0
139.0
139.0
139.0
139.0
138.0
5.0
6.0
138.0
138.0
139.0
139.0
139.0
138.0
138.0
138.0
138.0
139.0
139.0
138.0
138.0
138.0
138.0
139.0
139.0
139.0
139.0
139.0
157.0
157.0
157.0
157.0
157.0
156.0
156.0
157.0
157.0
157.0
138.0
138.0
138.0
139.0
139.0
139.0
139.0
138.0
5.0
0.0
139.0
134.0
139.0
133.0
138.0
134.0
139.0
134.0
139.0
134.0
138.0
135.0
140.0
134.0
139.0
134.0
139.0
134.0
139.0
134.0
140.0
133.0
139.0
134.0
139.0
133.0
138.0
134.0
139.0
134.0
139.0
135.0
171.0
165.0
171.0
166.0
171.0
166.0
5.0
0.0
171.0
118.0
171.0
118.0
139.0
85.0
139.0
85.0
139.0
86.0
138.0
85.0
138.0
86.0
139.0
86.0
138.0
86.0
138.0
87.0
139.0
85.0
140.0
86.0
140.0
86.0
139.0
88.0
140.0
87.0
139.0
87.0
139.0
86.0
138.0
86.0
139.0
85.0
0.0
1.0
48.0
49.0
48.0
48.0
50.0
48.0
48.0
49.0
49.0
49.0
48.0
48.0
49.0
49.0
48.0
49.0
48.0
48.0
48.0
48.0
49.0
49.0
48.0
48.0
48.0
48.0
49.0
48.0
48.0
48.0
48.0
48.0
48.0
48.0
48.0
48.0
48.0
48.0
1.0
0.0
48.0
48.0
48.0
48.0
49.0
50.0
49.0
49.0
48.0
48.0
48.0
48.0
49.0
49.0
48.0
48.0
48.0
48.0
49.0
49.0
49.0
49.0
49.0
49.0
48.0
49.0
50.0
49.0
49.0
49.0
49.0
49.0
49.0
48.0
49.0
49.0
48.0
49.0
5.0
6.0
138.0
139.0
138.0
139.0
138.0
139.0
139.0
139.0
139.0
138.0
158.0
158.0
158.0
157.0
158.0
158.0
158.0
159.0
158.0
158.0
140.0
140.0
140.0
140.0
140.0
140.0
139.0
142.0
140.0
140.0
139.0
139.0
139.0
138.0
139.0
140.0
140.0
141.0
5.0
6.0
140.0
139.0
139.0
139.0
139.0
139.0
139.0
139.0
139.0
139.0
138.0
139.0
140.0
140.0
140.0
140.0
140.0
140.0
139.0
141.0
140.0
140.0
140.0
140.0
140.0
140.0
140.0
139.0
140.0
140.0
140.0
139.0
140.0
140.0
140.0
140.0
140.0
141.0
6.0
5.0
140.0
142.0
140.0
141.0
158.0
157.0
157.0
157.0
158.0
157.0
157.0
160.0
156.0
157.0
139.0
139.0
139.0
139.0
139.0
139.0
139.0
144.0
138.0
139.0
139.0
139.0
139.0
140.0
139.0
139.0
139.0
139.0
139.0
141.0
138.0
139.0
139.0
137.0
5.0
5.0
139.0
139.0
139.0
139.0
138.0
139.0
139.0
138.0
138.0
139.0
138.0
138.0
138.0
138.0
139.0
139.0
138.0
139.0
139.0
139.0
171.0
171.0
171.0
171.0
171.0
171.0
181.0
181.0
183.0
181.0
150.0
151.0
152.0
151.0
151.0
154.0
144.0
144.0
6.0
5.0
143.0
145.0
144.0
143.0
143.0
142.0
142.0
142.0
138.0
138.0
139.0
139.0
138.0
139.0
138.0
139.0
139.0
139.0
139.0
139.0
138.0
138.0
139.0
138.0
139.0
138.0
139.0
139.0
139.0
139.0
138.0
139.0
138.0
139.0
139.0
139.0
138.0
138.0
5.0
5.0
139.0
138.0
139.0
138.0
139.0
139.0
138.0
139.0
139.0
139.0
138.0
139.0
139.0
139.0
139.0
139.0
156.0
156.0
156.0
157.0
158.0
157.0
157.0
157.0
157.0
157.0
140.0
140.0
140.0
139.0
139.0
139.0
139.0
139.0
139.0
139.0
139.0
139.0
5.0
0.0
139.0
134.0
138.0
134.0
138.0
134.0
138.0
133.0
138.0
134.0
139.0
133.0
138.0
133.0
139.0
133.0
139.0
134.0
138.0
133.0
138.0
133.0
139.0
134.0
139.0
133.0
138.0
134.0
139.0
133.0
139.0
133.0
139.0
133.0
138.0
133.0
138.0
134.0
6.0
0.0
139.0
85.0
139.0
85.0
139.0
86.0
139.0
85.0
139.0
85.0
139.0
86.0
138.0
85.0
156.0
86.0
157.0
85.0
157.0
103.0
157.0
104.0
156.0
103.0
157.0
104.0
139.0
86.0
138.0
86.0
139.0
85.0
138.0
85.0
139.0
86.0
138.0
85.0
1.0
0.0
48.0
48.0
49.0
48.0
48.0
48.0
49.0
48.0
48.0
48.0
48.0
49.0
48.0
48.0
48.0
48.0
49.0
48.0
48.0
48.0
48.0
48.0
48.0
49.0
49.0
48.0
48.0
48.0
49.0
48.0
49.0
48.0
49.0
48.0
48.0
48.0
48.0
48.0
0.0
1.0
47.0
48.0
48.0
48.0
48.0
48.0
48.0
48.0
48.0
49.0
49.0
48.0
48.0
48.0
48.0
48.0
48.0
48.0
49.0
48.0
48.0
47.0
48.0
48.0
48.0
49.0
49.0
48.0
48.0
48.0
48.0
48.0
48.0
47.0
46.0
43.0
42.0
42.0
