9.0
9.0
9.0
8.0
7.0
8.0
10.0
8.0
9.0
9.0
30.0
29.0
20.0
20.0
20.0
89.0
89.0
89.0
149.0
148.0
84.0
84.0
84.0
144.0
144.0
84.0
84.0
85.0
84.0
83.0
84.0
152.0
152.0
152.0
92.0
83.0
152.0
92.0
92.0
92.0
92.0
68.0
84.0
84.0
84.0
85.0
85.0
97.0
144.0
68.0
149.0
87.0
84.0
84.0
84.0
84.0
84.0
68.0
90.0
90.0
90.0
90.0
150.0
90.0
89.0
90.0
75.0
143.0
84.0
84.0
83.0
84.0
68.0
83.0
84.0
84.0
84.0
84.0
149.0
68.0
90.0
89.0
150.0
90.0
90.0
90.0
74.0
90.0
75.0
84.0
84.0
84.0
84.0
84.0
68.0
3298.0
3755.0
3807.0
3764.0
8140.0
7968.0
8135.0
7565.0
7844.0
7723.0
7761.0
7850.0
14.0
14.0
14.0
14.0
53.0
91.0
106.0
83.0
86.0
78.0
78.0
110.0
78.0
95.0
78.0
78.0
78.0
77.0
78.0
78.0
78.0
77.0
78.0
78.0
78.0
88.0
85.0
82.0
82.0
83.0
84.0
83.0
83.0
84.0
82.0
82.0
78.0
78.0
80.0
78.0
78.0
78.0
87.0
79.0
78.0
77.0
78.0
78.0
77.0
77.0
78.0
78.0
77.0
78.0
78.0
78.0
78.0
77.0
77.0
77.0
77.0
78.0
78.0
112.0
114.0
112.0
112.0
80.0
78.0
78.0
78.0
78.0
78.0
78.0
77.0
78.0
78.0
78.0
78.0
78.0
78.0
79.0
78.0
78.0
78.0
3514.0
3489.0
3506.0
3590.0
3539.0
7398.0
7521.0
7567.0
7637.0
7582.0
7370.0
7346.0
7599.0
24.0
23.0
23.0
15.0
14.0
24.0
16.0
24.0
23.0
6.0
24.0
15.0
14.0
14.0
24.0
24.0
24.0
23.0
24.0
7.0
14.0
15.0
14.0
24.0
24.0
14.0
14.0
14.0
23.0
6.0
24.0
24.0
24.0
24.0
24.0
24.0
14.0
14.0
14.0
7.0
15.0
24.0
24.0
15.0
15.0
25.0
23.0
25.0
7.0
7.0
82.0
142.0
142.0
82.0
82.0
142.0
142.0
142.0
87.0
6.0
142.0
83.0
82.0
83.0
82.0
143.0
128.0
143.0
124.0
6.0
78.0
84.0
84.0
89.0
83.0
82.0
67.0
83.0
83.0
4.0
83.0
82.0
83.0
83.0
83.0
100.0
104.0
67.0
82.0
4.0
82.0
82.0
82.0
83.0
83.0
82.0
68.0
67.0
4.0
4.0
83.0
94.0
93.0
94.0
94.0
93.0
94.0
79.0
94.0
3.0
79.0
94.0
82.0
82.0
83.0
83.0
68.0
83.0
82.0
3.0
82.0
68.0
83.0
68.0
83.0
83.0
82.0
82.0
67.0
4.0
83.0
82.0
83.0
69.0
82.0
70.0
75.0
82.0
83.0
3.0
83.0
83.0
83.0
82.0
72.0
72.0
72.0
83.0
4.0
4.0
83.0
82.0
82.0
83.0
83.0
83.0
71.0
71.0
72.0
4.0
83.0
82.0
83.0
83.0
79.0
82.0
82.0
74.0
75.0
4.0
74.0
81.0
80.0
80.0
80.0
75.0
75.0
80.0
80.0
3.0
75.0
74.0
81.0
80.0
80.0
80.0
74.0
74.0
80.0
4.0
80.0
74.0
75.0
79.0
79.0
79.0
79.0
76.0
3.0
4.0
76.0
78.0
77.0
76.0
76.0
78.0
77.0
77.0
78.0
4.0
78.0
77.0
77.0
77.0
78.0
76.0
77.0
78.0
77.0
3.0
78.0
77.0
78.0
77.0
77.0
77.0
77.0
77.0
77.0
4.0
78.0
77.0
77.0
76.0
77.0
77.0
77.0
77.0
77.0
4.0
77.0
77.0
77.0
77.0
77.0
77.0
77.0
77.0
4.0
4.0
78.0
79.0
78.0
78.0
78.0
78.0
79.0
78.0
78.0
4.0
78.0
78.0
77.0
77.0
77.0
77.0
78.0
77.0
77.0
4.0
77.0
77.0
77.0
77.0
77.0
77.0
77.0
77.0
78.0
4.0
76.0
77.0
78.0
77.0
77.0
78.0
77.0
77.0
77.0
3.0
77.0
77.0
76.0
77.0
77.0
77.0
77.0
76.0
4.0
3.0
77.0
77.0
77.0
77.0
77.0
77.0
77.0
77.0
76.0
3.0
77.0
77.0
78.0
77.0
77.0
76.0
77.0
77.0
77.0
4.0
77.0
77.0
77.0
77.0
76.0
77.0
77.0
77.0
76.0
4.0
77.0
76.0
76.0
77.0
76.0
77.0
77.0
76.0
76.0
4.0
77.0
77.0
76.0
76.0
77.0
77.0
76.0
77.0
4.0
3.0
76.0
78.0
77.0
77.0
77.0
77.0
77.0
77.0
77.0
4.0
77.0
76.0
77.0
76.0
77.0
77.0
77.0
77.0
77.0
4.0
76.0
77.0
77.0
76.0
78.0
77.0
76.0
76.0
76.0
4.0
76.0
77.0
76.0
76.0
77.0
76.0
76.0
77.0
77.0
4.0
77.0
77.0
77.0
77.0
77.0
76.0
77.0
77.0
4.0
4.0
79.0
79.0
78.0
78.0
79.0
78.0
79.0
78.0
78.0
4.0
96.0
96.0
96.0
96.0
96.0
95.0
96.0
96.0
96.0
4.0
96.0
77.0
77.0
77.0
77.0
77.0
76.0
77.0
77.0
3.0
76.0
76.0
77.0
78.0
78.0
77.0
77.0
77.0
77.0
4.0
77.0
77.0
77.0
77.0
77.0
77.0
77.0
77.0
4.0
4.0
77.0
77.0
77.0
77.0
77.0
77.0
77.0
77.0
77.0
4.0
77.0
78.0
77.0
77.0
77.0
77.0
77.0
77.0
76.0
4.0
77.0
77.0
77.0
77.0
77.0
78.0
77.0
78.0
77.0
4.0
77.0
78.0
78.0
78.0
77.0
77.0
77.0
76.0
78.0
4.0
77.0
77.0
77.0
77.0
77.0
77.0
78.0
78.0
4.0
4.0
76.0
77.0
76.0
77.0
77.0
77.0
76.0
77.0
77.0
3.0
77.0
76.0
77.0
77.0
77.0
77.0
76.0
76.0
77.0
4.0
77.0
77.0
77.0
77.0
77.0
77.0
77.0
76.0
77.0
4.0
77.0
76.0
77.0
77.0
78.0
77.0
77.0
76.0
77.0
4.0
76.0
77.0
77.0
77.0
77.0
77.0
77.0
77.0
4.0
4.0
77.0
77.0
77.0
77.0
77.0
76.0
76.0
79.0
78.0
3.0
79.0
80.0
79.0
79.0
79.0
78.0
80.0
79.0
77.0
4.0
77.0
77.0
77.0
77.0
76.0
77.0
77.0
77.0
76.0
4.0
77.0
76.0
76.0
76.0
77.0
77.0
76.0
77.0
77.0
3.0
76.0
77.0
76.0
76.0
77.0
77.0
77.0
77.0
4.0
4.0
77.0
76.0
78.0
77.0
78.0
78.0
77.0
77.0
77.0
4.0
77.0
77.0
77.0
77.0
77.0
76.0
76.0
77.0
77.0
4.0
76.0
77.0
77.0
77.0
77.0
76.0
77.0
76.0
77.0
3.0
77.0
77.0
77.0
76.0
77.0
77.0
78.0
77.0
77.0
4.0
77.0
78.0
77.0
77.0
77.0
77.0
77.0
77.0
4.0
4.0
77.0
77.0
77.0
77.0
76.0
77.0
77.0
77.0
77.0
3.0
76.0
77.0
77.0
77.0
77.0
77.0
77.0
77.0
77.0
4.0
76.0
77.0
77.0
77.0
77.0
76.0
76.0
77.0
77.0
4.0
77.0
77.0
77.0
77.0
77.0
77.0
77.0
76.0
77.0
3.0
77.0
77.0
76.0
77.0
77.0
77.0
76.0
76.0
4.0
4.0
76.0
77.0
77.0
76.0
77.0
78.0
80.0
79.0
78.0
3.0
78.0
78.0
79.0
79.0
77.0
80.0
104.0
102.0
102.0
4.0
104.0
105.0
105.0
102.0
102.0
105.0
106.0
80.0
74.0
4.0
74.0
80.0
80.0
80.0
74.0
74.0
79.0
79.0
80.0
4.0
74.0
74.0
75.0
80.0
79.0
79.0
74.0
80.0
4.0
4.0
80.0
75.0
75.0
80.0
74.0
75.0
80.0
79.0
80.0
4.0
80.0
79.0
75.0
75.0
80.0
74.0
74.0
80.0
80.0
4.0
80.0
80.0
80.0
74.0
75.0
74.0
74.0
82.0
80.0
4.0
80.0
80.0
79.0
80.0
75.0
74.0
75.0
74.0
80.0
4.0
80.0
80.0
80.0
80.0
79.0
74.0
74.0
74.0
4.0
3.0
74.0
80.0
79.0
80.0
79.0
80.0
80.0
74.0
74.0
4.0
74.0
75.0
79.0
80.0
79.0
80.0
80.0
74.0
75.0
4.0
80.0
74.0
74.0
80.0
81.0
80.0
79.0
80.0
74.0
4.0
75.0
74.0
80.0
74.0
79.0
79.0
79.0
78.0
78.0
3.0
76.0
75.0
75.0
75.0
77.0
77.0
77.0
77.0
4.0
4.0
3547.0
3577.0
3652.0
3580.0
3585.0
3503.0
3556.0
3617.0
4.0
3560.0
3422.0
3422.0
3420.0
3428.0
3432.0
3416.0
3427.0
4.0
3446.0
3416.0
3475.0
3470.0
3495.0
3492.0
3482.0
3487.0
3.0
3484.0
3541.0
3512.0
3429.0
3475.0
3508.0
3477.0
3474.0
4.0
3559.0
3545.0
3474.0
3508.0
3469.0
3471.0
3473.0
3389.0
3.0
7550.0
7567.0
7469.0
7526.0
7564.0
7533.0
4255.0
7733.0
7579.0
7650.0
7632.0
7611.0
7603.0
4141.0
7584.0
7626.0
7621.0
7584.0
7598.0
7592.0
7645.0
4209.0
7588.0
7566.0
7621.0
7523.0
7529.0
7564.0
4134.0
7606.0
7684.0
7654.0
7590.0
7574.0
7616.0
4189.0
7575.0
7572.0
7572.0
7637.0
7588.0
4071.0
7511.0
7536.0
7531.0
7576.0
7590.0
4261.0
7767.0
7856.0
7606.0
7827.0
7583.0
4134.0
7758.0
7729.0
7896.0
7755.0
7735.0
4175.0
7936.0
7707.0
7735.0
7736.0
7622.0
4100.0
13.0
13.0
14.0
13.0
13.0
13.0
13.0
13.0
13.0
4.0
14.0
13.0
13.0
14.0
29.0
28.0
29.0
13.0
13.0
4.0
13.0
13.0
13.0
13.0
13.0
14.0
13.0
13.0
3.0
3.0
13.0
13.0
13.0
13.0
13.0
13.0
13.0
13.0
4.0
4.0
14.0
13.0
13.0
13.0
13.0
13.0
13.0
4.0
3.0
3.0
165.0
111.0
108.0
85.0
83.0
152.0
95.0
92.0
74.0
3.0
77.0
136.0
85.0
87.0
80.0
81.0
84.0
83.0
81.0
5.0
81.0
82.0
82.0
84.0
79.0
80.0
79.0
77.0
4.0
4.0
76.0
76.0
77.0
77.0
76.0
81.0
81.0
81.0
4.0
3.0
77.0
76.0
76.0
76.0
77.0
77.0
76.0
4.0
4.0
3.0
76.0
77.0
77.0
76.0
77.0
77.0
77.0
77.0
77.0
4.0
77.0
76.0
77.0
76.0
76.0
81.0
82.0
82.0
77.0
4.0
77.0
76.0
77.0
76.0
77.0
76.0
77.0
76.0
3.0
4.0
77.0
77.0
77.0
77.0
76.0
76.0
77.0
77.0
4.0
4.0
77.0
76.0
78.0
76.0
78.0
77.0
79.0
4.0
3.0
4.0
77.0
77.0
77.0
84.0
82.0
83.0
77.0
76.0
77.0
4.0
76.0
77.0
77.0
77.0
77.0
77.0
77.0
76.0
76.0
4.0
77.0
76.0
76.0
76.0
76.0
77.0
76.0
76.0
3.0
3.0
76.0
76.0
76.0
77.0
76.0
76.0
76.0
76.0
4.0
4.0
76.0
76.0
77.0
76.0
76.0
77.0
77.0
4.0
3.0
4.0
77.0
76.0
76.0
77.0
76.0
109.0
110.0
110.0
109.0
3.0
109.0
110.0
78.0
77.0
78.0
77.0
78.0
76.0
78.0
4.0
77.0
78.0
77.0
77.0
77.0
76.0
78.0
78.0
4.0
3.0
77.0
78.0
78.0
78.0
77.0
77.0
76.0
76.0
4.0
4.0
77.0
78.0
76.0
77.0
78.0
92.0
92.0
4.0
4.0
4.0
92.0
92.0
91.0
92.0
92.0
92.0
77.0
78.0
77.0
4.0
77.0
77.0
77.0
76.0
77.0
77.0
77.0
77.0
77.0
3.0
77.0
77.0
77.0
77.0
76.0
77.0
77.0
77.0
3.0
4.0
77.0
77.0
76.0
77.0
77.0
77.0
77.0
76.0
3.0
3.0
78.0
77.0
77.0
77.0
77.0
76.0
77.0
3.0
4.0
4.0
78.0
79.0
77.0
77.0
78.0
77.0
76.0
77.0
77.0
5.0
77.0
78.0
77.0
77.0
77.0
77.0
77.0
77.0
78.0
3.0
77.0
77.0
77.0
76.0
78.0
77.0
78.0
77.0
4.0
4.0
78.0
77.0
78.0
79.0
78.0
79.0
79.0
78.0
4.0
3.0
78.0
77.0
78.0
77.0
77.0
77.0
77.0
4.0
3.0
4.0
77.0
77.0
77.0
77.0
77.0
77.0
76.0
77.0
76.0
4.0
77.0
77.0
77.0
76.0
76.0
77.0
77.0
76.0
77.0
3.0
77.0
77.0
77.0
77.0
77.0
77.0
76.0
76.0
3.0
4.0
77.0
76.0
77.0
77.0
77.0
77.0
77.0
78.0
3.0
4.0
78.0
77.0
77.0
77.0
78.0
79.0
80.0
4.0
4.0
3.0
80.0
80.0
78.0
79.0
78.0
79.0
78.0
77.0
78.0
4.0
77.0
77.0
78.0
77.0
77.0
77.0
94.0
94.0
95.0
3.0
94.0
94.0
94.0
94.0
94.0
94.0
77.0
77.0
4.0
4.0
77.0
77.0
77.0
77.0
76.0
77.0
76.0
77.0
3.0
4.0
77.0
76.0
77.0
77.0
77.0
76.0
77.0
4.0
4.0
4.0
77.0
77.0
77.0
78.0
77.0
77.0
77.0
78.0
78.0
4.0
79.0
82.0
81.0
82.0
83.0
83.0
90.0
82.0
85.0
5.0
83.0
81.0
81.0
81.0
81.0
82.0
79.0
80.0
4.0
4.0
78.0
79.0
81.0
78.0
81.0
81.0
81.0
79.0
3.0
4.0
80.0
79.0
79.0
79.0
81.0
79.0
81.0
4.0
4.0
4.0
79.0
81.0
81.0
81.0
79.0
78.0
78.0
77.0
82.0
4.0
77.0
81.0
81.0
81.0
78.0
81.0
77.0
78.0
78.0
4.0
82.0
78.0
81.0
81.0
78.0
81.0
82.0
78.0
4.0
3.0
77.0
77.0
80.0
77.0
80.0
78.0
80.0
79.0
3.0
4.0
78.0
78.0
77.0
77.0
80.0
77.0
77.0
3.0
4.0
3.0
79.0
79.0
79.0
77.0
80.0
78.0
77.0
79.0
78.0
4.0
78.0
79.0
78.0
77.0
79.0
78.0
78.0
78.0
79.0
4.0
80.0
79.0
81.0
81.0
80.0
81.0
81.0
80.0
4.0
4.0
79.0
79.0
77.0
77.0
78.0
77.0
78.0
78.0
3.0
4.0
78.0
77.0
77.0
79.0
77.0
79.0
77.0
4.0
4.0
4.0
81.0
79.0
79.0
80.0
81.0
77.0
81.0
78.0
78.0
4.0
78.0
79.0
79.0
79.0
78.0
78.0
78.0
77.0
76.0
4.0
76.0
77.0
79.0
78.0
79.0
78.0
78.0
77.0
3.0
5.0
94.0
98.0
94.0
94.0
96.0
96.0
96.0
96.0
4.0
3.0
96.0
95.0
77.0
78.0
77.0
76.0
79.0
4.0
4.0
4.0
78.0
78.0
78.0
77.0
77.0
77.0
78.0
78.0
77.0
4.0
78.0
78.0
79.0
77.0
78.0
77.0
78.0
77.0
77.0
4.0
77.0
79.0
78.0
78.0
78.0
77.0
77.0
77.0
4.0
4.0
77.0
78.0
77.0
79.0
79.0
79.0
79.0
77.0
3.0
4.0
77.0
77.0
77.0
81.0
77.0
80.0
80.0
4.0
4.0
4.0
80.0
79.0
77.0
77.0
76.0
77.0
78.0
77.0
77.0
4.0
77.0
78.0
78.0
76.0
77.0
76.0
77.0
78.0
76.0
4.0
80.0
80.0
80.0
80.0
76.0
77.0
76.0
77.0
4.0
4.0
77.0
80.0
80.0
80.0
80.0
77.0
79.0
76.0
3.0
4.0
77.0
77.0
77.0
80.0
79.0
79.0
78.0
4.0
4.0
3.0
79.0
77.0
79.0
78.0
78.0
78.0
78.0
78.0
78.0
4.0
78.0
77.0
78.0
78.0
78.0
77.0
77.0
78.0
77.0
4.0
77.0
77.0
77.0
77.0
77.0
76.0
77.0
77.0
3.0
3.0
77.0
77.0
77.0
77.0
77.0
77.0
76.0
79.0
4.0
3.0
79.0
79.0
78.0
80.0
78.0
78.0
79.0
3.0
3.0
3.0
78.0
78.0
78.0
77.0
77.0
78.0
77.0
77.0
77.0
4.0
77.0
77.0
77.0
77.0
77.0
77.0
77.0
77.0
77.0
3.0
77.0
77.0
77.0
77.0
77.0
77.0
77.0
76.0
3.0
4.0
77.0
77.0
77.0
77.0
76.0
77.0
77.0
76.0
3.0
4.0
77.0
77.0
77.0
77.0
77.0
76.0
77.0
4.0
3.0
4.0
3512.0
3505.0
3590.0
3523.0
3591.0
3530.0
3527.0
3542.0
4.0
3510.0
3463.0
3477.0
3498.0
3483.0
3489.0
3480.0
3525.0
4.0
3459.0
3472.0
3433.0
3444.0
3501.0
3496.0
3426.0
3339.0
4.0
3426.0
3449.0
3448.0
3505.0
3505.0
3491.0
3539.0
3417.0
3.0
3493.0
3506.0
3488.0
3500.0
3473.0
3462.0
3400.0
4.0
4.0
7645.0
7523.0
7603.0
7559.0
7536.0
7518.0
4104.0
7521.0
7512.0
7477.0
7547.0
7579.0
7542.0
7520.0
4089.0
7662.0
7559.0
7492.0
7514.0
7605.0
7490.0
4173.0
7562.0
7543.0
7524.0
7519.0
7565.0
7628.0
4040.0
7540.0
7539.0
7708.0
7529.0
7611.0
4032.0
4080.0
7650.0
7649.0
7789.0
7739.0
7716.0
4135.0
7650.0
7802.0
7607.0
7673.0
7693.0
7677.0
7754.0
4170.0
7810.0
7697.0
7796.0
7665.0
7612.0
4298.0
7643.0
7862.0
7689.0
7675.0
7784.0
4292.0
7684.0
7308.0
7343.0
7274.0
7190.0
4090.0
4074.0
