1.0
1.0
1.0
0.0
0.0
1.0
1.0
1.0
1.0
0.0
1.0
2.0
1.0
1.0
1.0
57.0
58.0
57.0
56.0
100.0
213.0
252.0
382.0
253.0
255.0
252.0
255.0
256.0
254.0
346.0
185.0
223.0
228.0
223.0
223.0
219.0
225.0
224.0
188.0
190.0
223.0
226.0
225.0
223.0
199.0
222.0
217.0
221.0
200.0
200.0
214.0
214.0
213.0
216.0
207.0
205.0
213.0
212.0
206.0
206.0
208.0
210.0
209.0
208.0
210.0
219.0
219.0
218.0
219.0
220.0
218.0
220.0
220.0
220.0
220.0
210.0
210.0
209.0
207.0
209.0
208.0
209.0
208.0
209.0
208.0
208.0
209.0
209.0
209.0
208.0
206.0
209.0
208.0
209.0
208.0
209.0
208.0
208.0
208.0
208.0
207.0
209.0
208.0
209.0
207.0
208.0
208.0
209.0
207.0
207.0
1.0
2.0
0.0
1.0
1.0
52.0
52.0
52.0
52.0
51.0
218.0
218.0
219.0
217.0
219.0
219.0
219.0
216.0
217.0
216.0
209.0
207.0
207.0
208.0
207.0
210.0
208.0
209.0
207.0
208.0
209.0
209.0
207.0
209.0
209.0
208.0
210.0
209.0
207.0
207.0
208.0
207.0
208.0
209.0
208.0
209.0
209.0
208.0
206.0
207.0
239.0
239.0
238.0
237.0
237.0
239.0
236.0
238.0
235.0
236.0
209.0
210.0
209.0
208.0
207.0
209.0
209.0
210.0
205.0
207.0
219.0
222.0
220.0
216.0
213.0
225.0
226.0
221.0
216.0
224.0
220.0
220.0
211.0
210.0
220.0
211.0
212.0
211.0
221.0
220.0
221.0
217.0
217.0
230.0
218.0
229.0
216.0
217.0
229.0
225.0
1.0
1.0
1.0
1.0
1.0
57.0
56.0
55.0
100.0
100.0
222.0
252.0
224.0
386.0
224.0
223.0
224.0
224.0
342.0
233.0
222.0
195.0
223.0
184.0
223.0
225.0
226.0
223.0
224.0
191.0
193.0
201.0
222.0
223.0
222.0
224.0
225.0
229.0
232.0
207.0
207.0
208.0
232.0
232.0
226.0
231.0
232.0
218.0
199.0
199.0
218.0
200.0
216.0
216.0
204.0
215.0
215.0
212.0
204.0
205.0
206.0
210.0
210.0
209.0
210.0
208.0
209.0
207.0
208.0
207.0
209.0
208.0
209.0
211.0
210.0
209.0
209.0
207.0
210.0
209.0
209.0
209.0
208.0
219.0
219.0
219.0
221.0
218.0
218.0
220.0
218.0
219.0
219.0
210.0
209.0
208.0
207.0
207.0
209.0
210.0
1.0
2.0
0.0
1.0
0.0
52.0
53.0
52.0
52.0
52.0
209.0
233.0
232.0
234.0
234.0
234.0
235.0
231.0
233.0
236.0
235.0
210.0
209.0
207.0
211.0
211.0
213.0
206.0
208.0
208.0
209.0
209.0
209.0
208.0
209.0
210.0
210.0
206.0
208.0
208.0
210.0
207.0
208.0
208.0
208.0
208.0
210.0
208.0
209.0
208.0
209.0
210.0
208.0
213.0
213.0
213.0
213.0
214.0
208.0
207.0
220.0
219.0
219.0
221.0
218.0
219.0
219.0
217.0
216.0
218.0
208.0
208.0
207.0
209.0
208.0
209.0
208.0
206.0
208.0
207.0
209.0
208.0
208.0
208.0
208.0
208.0
209.0
206.0
207.0
208.0
208.0
208.0
207.0
208.0
208.0
210.0
209.0
207.0
208.0
207.0
2.0
1.0
1.0
1.0
1.0
53.0
52.0
52.0
52.0
52.0
208.0
209.0
209.0
208.0
208.0
208.0
208.0
209.0
209.0
209.0
218.0
220.0
222.0
218.0
219.0
218.0
219.0
220.0
219.0
219.0
208.0
207.0
209.0
206.0
208.0
209.0
208.0
208.0
210.0
207.0
208.0
208.0
206.0
209.0
208.0
208.0
208.0
209.0
209.0
208.0
235.0
235.0
233.0
234.0
234.0
233.0
233.0
232.0
235.0
235.0
208.0
209.0
209.0
209.0
210.0
209.0
206.0
208.0
209.0
209.0
209.0
209.0
209.0
209.0
212.0
211.0
208.0
206.0
209.0
211.0
210.0
208.0
210.0
209.0
210.0
209.0
208.0
208.0
209.0
207.0
210.0
208.0
209.0
209.0
207.0
210.0
209.0
208.0
210.0
210.0
1.0
1.0
1.0
0.0
1.0
52.0
52.0
53.0
52.0
52.0
220.0
220.0
219.0
218.0
219.0
218.0
218.0
218.0
219.0
218.0
207.0
208.0
207.0
208.0
207.0
207.0
209.0
209.0
207.0
209.0
209.0
208.0
208.0
208.0
208.0
208.0
208.0
208.0
208.0
207.0
208.0
209.0
207.0
221.0
208.0
207.0
208.0
208.0
207.0
207.0
207.0
206.0
208.0
207.0
216.0
216.0
218.0
217.0
216.0
216.0
218.0
218.0
218.0
219.0
208.0
209.0
210.0
209.0
209.0
208.0
208.0
209.0
206.0
207.0
207.0
207.0
207.0
206.0
208.0
208.0
207.0
208.0
208.0
208.0
207.0
207.0
207.0
207.0
207.0
206.0
238.0
237.0
234.0
235.0
237.0
236.0
238.0
234.0
235.0
234.0
1.0
2.0
1.0
1.0
1.0
53.0
53.0
53.0
52.0
53.0
211.0
211.0
207.0
210.0
207.0
208.0
209.0
209.0
207.0
209.0
209.0
207.0
210.0
209.0
208.0
208.0
210.0
209.0
208.0
209.0
209.0
207.0
208.0
207.0
207.0
208.0
208.0
208.0
207.0
208.0
208.0
207.0
208.0
207.0
208.0
217.0
217.0
217.0
218.0
217.0
226.0
226.0
226.0
226.0
225.0
228.0
216.0
218.0
217.0
226.0
213.0
216.0
216.0
215.0
213.0
213.0
212.0
217.0
217.0
213.0
212.0
216.0
213.0
217.0
218.0
212.0
213.0
217.0
216.0
214.0
212.0
211.0
213.0
212.0
213.0
210.0
210.0
214.0
211.0
210.0
220.0
219.0
220.0
217.0
221.0
219.0
219.0
221.0
219.0
218.0
2.0
1.0
1.0
0.0
0.0
53.0
53.0
52.0
51.0
52.0
208.0
208.0
211.0
210.0
207.0
208.0
207.0
208.0
211.0
210.0
209.0
207.0
208.0
208.0
208.0
208.0
208.0
207.0
209.0
208.0
208.0
208.0
236.0
235.0
235.0
237.0
234.0
233.0
236.0
236.0
235.0
237.0
209.0
211.0
207.0
210.0
207.0
207.0
210.0
208.0
207.0
207.0
208.0
207.0
207.0
207.0
208.0
207.0
208.0
209.0
208.0
207.0
209.0
208.0
206.0
209.0
209.0
208.0
209.0
207.0
208.0
208.0
209.0
207.0
206.0
208.0
208.0
207.0
208.0
207.0
220.0
219.0
218.0
217.0
219.0
221.0
218.0
216.0
220.0
218.0
207.0
208.0
207.0
208.0
208.0
208.0
207.0
209.0
207.0
208.0
2.0
1.0
1.0
1.0
1.0
52.0
52.0
52.0
53.0
52.0
207.0
207.0
210.0
208.0
210.0
208.0
208.0
209.0
207.0
209.0
208.0
208.0
210.0
208.0
208.0
207.0
207.0
207.0
207.0
208.0
209.0
208.0
209.0
207.0
209.0
207.0
207.0
207.0
208.0
208.0
220.0
219.0
219.0
219.0
219.0
219.0
219.0
218.0
219.0
218.0
209.0
208.0
210.0
210.0
209.0
208.0
209.0
208.0
207.0
210.0
209.0
207.0
209.0
210.0
209.0
209.0
207.0
208.0
208.0
209.0
235.0
235.0
238.0
238.0
236.0
236.0
236.0
233.0
236.0
235.0
208.0
210.0
210.0
210.0
211.0
211.0
210.0
207.0
210.0
212.0
208.0
210.0
210.0
211.0
211.0
210.0
210.0
207.0
207.0
209.0
1.0
1.0
0.0
1.0
0.0
52.0
52.0
52.0
52.0
52.0
209.0
210.0
206.0
209.0
206.0
208.0
210.0
208.0
209.0
209.0
209.0
208.0
206.0
210.0
206.0
209.0
208.0
208.0
210.0
209.0
221.0
219.0
217.0
219.0
217.0
219.0
218.0
219.0
219.0
219.0
208.0
208.0
206.0
206.0
206.0
208.0
209.0
207.0
207.0
207.0
207.0
208.0
208.0
208.0
207.0
209.0
208.0
208.0
208.0
208.0
207.0
208.0
207.0
206.0
207.0
208.0
208.0
208.0
208.0
208.0
208.0
208.0
207.0
207.0
207.0
210.0
208.0
208.0
208.0
208.0
217.0
219.0
217.0
216.0
217.0
219.0
220.0
219.0
218.0
220.0
206.0
208.0
210.0
207.0
209.0
210.0
209.0
209.0
209.0
207.0
2.0
1.0
1.0
1.0
1.0
53.0
52.0
53.0
53.0
52.0
209.0
209.0
209.0
207.0
208.0
206.0
208.0
209.0
207.0
209.0
235.0
237.0
235.0
238.0
236.0
233.0
237.0
236.0
236.0
235.0
210.0
209.0
210.0
210.0
207.0
212.0
210.0
208.0
209.0
209.0
209.0
208.0
212.0
206.0
211.0
211.0
209.0
209.0
210.0
212.0
210.0
208.0
211.0
207.0
210.0
209.0
211.0
210.0
210.0
209.0
209.0
210.0
207.0
209.0
210.0
208.0
207.0
209.0
209.0
208.0
219.0
220.0
218.0
218.0
219.0
219.0
218.0
218.0
219.0
219.0
207.0
208.0
208.0
208.0
208.0
207.0
208.0
208.0
208.0
208.0
208.0
208.0
208.0
207.0
207.0
209.0
207.0
208.0
208.0
207.0
1.0
1.0
0.0
0.0
1.0
53.0
52.0
51.0
52.0
1.0
207.0
208.0
207.0
208.0
158.0
207.0
207.0
207.0
208.0
156.0
207.0
218.0
217.0
217.0
157.0
218.0
218.0
219.0
218.0
165.0
219.0
221.0
209.0
208.0
156.0
208.0
207.0
207.0
207.0
156.0
208.0
209.0
208.0
207.0
156.0
207.0
208.0
208.0
208.0
157.0
209.0
207.0
207.0
208.0
156.0
208.0
208.0
207.0
207.0
156.0
236.0
235.0
235.0
234.0
184.0
235.0
235.0
235.0
236.0
184.0
208.0
208.0
209.0
208.0
156.0
209.0
209.0
207.0
208.0
155.0
208.0
208.0
208.0
208.0
156.0
207.0
208.0
208.0
207.0
156.0
208.0
207.0
209.0
206.0
156.0
208.0
208.0
207.0
207.0
155.0
2.0
1.0
1.0
1.0
1.0
53.0
52.0
52.0
52.0
51.0
207.0
208.0
206.0
208.0
207.0
208.0
207.0
207.0
208.0
207.0
219.0
219.0
218.0
219.0
219.0
219.0
219.0
218.0
218.0
218.0
207.0
207.0
208.0
209.0
209.0
206.0
208.0
207.0
208.0
209.0
206.0
208.0
208.0
209.0
209.0
208.0
208.0
208.0
210.0
210.0
206.0
208.0
208.0
209.0
209.0
208.0
208.0
207.0
208.0
209.0
207.0
208.0
208.0
211.0
208.0
208.0
208.0
207.0
208.0
217.0
218.0
218.0
221.0
218.0
220.0
218.0
219.0
219.0
218.0
210.0
207.0
208.0
208.0
209.0
208.0
208.0
209.0
208.0
209.0
208.0
207.0
208.0
210.0
210.0
207.0
209.0
208.0
207.0
207.0
211.0
2.0
1.0
0.0
1.0
0.0
51.0
52.0
52.0
52.0
0.0
237.0
237.0
236.0
237.0
114.0
235.0
238.0
238.0
235.0
114.0
210.0
209.0
210.0
209.0
86.0
211.0
207.0
209.0
211.0
90.0
211.0
210.0
208.0
210.0
86.0
208.0
209.0
206.0
208.0
87.0
211.0
210.0
209.0
210.0
86.0
209.0
211.0
208.0
208.0
85.0
208.0
212.0
209.0
209.0
85.0
209.0
210.0
206.0
210.0
86.0
209.0
208.0
219.0
219.0
86.0
221.0
221.0
220.0
220.0
94.0
220.0
218.0
219.0
208.0
85.0
209.0
208.0
208.0
207.0
86.0
209.0
208.0
208.0
208.0
86.0
206.0
208.0
207.0
207.0
85.0
208.0
209.0
208.0
209.0
86.0
207.0
207.0
208.0
209.0
86.0
1.0
1.0
0.0
1.0
0.0
52.0
52.0
51.0
52.0
52.0
208.0
208.0
207.0
209.0
206.0
208.0
208.0
206.0
206.0
206.0
207.0
207.0
207.0
218.0
216.0
219.0
219.0
216.0
218.0
218.0
218.0
218.0
219.0
209.0
207.0
208.0
207.0
207.0
207.0
207.0
207.0
212.0
210.0
216.0
212.0
215.0
215.0
216.0
226.0
221.0
232.0
223.0
226.0
224.0
223.0
227.0
222.0
220.0
223.0
223.0
245.0
244.0
242.0
241.0
242.0
241.0
241.0
241.0
237.0
235.0
211.0
221.0
211.0
215.0
210.0
216.0
217.0
215.0
211.0
208.0
209.0
210.0
215.0
210.0
216.0
216.0
216.0
213.0
208.0
209.0
210.0
209.0
221.0
209.0
224.0
223.0
225.0
220.0
210.0
210.0
1.0
0.0
1.0
1.0
0.0
52.0
53.0
54.0
54.0
1.0
216.0
213.0
224.0
221.0
88.0
222.0
224.0
225.0
258.0
89.0
219.0
262.0
222.0
220.0
86.0
214.0
207.0
214.0
214.0
91.0
207.0
208.0
216.0
217.0
89.0
212.0
215.0
213.0
217.0
89.0
217.0
220.0
217.0
217.0
89.0
218.0
216.0
214.0
216.0
90.0
216.0
216.0
211.0
209.0
89.0
216.0
215.0
205.0
215.0
88.0
214.0
215.0
214.0
202.0
83.0
203.0
214.0
215.0
225.0
83.0
225.0
225.0
225.0
226.0
98.0
224.0
226.0
224.0
218.0
89.0
214.0
214.0
214.0
214.0
89.0
211.0
210.0
214.0
214.0
89.0
206.0
215.0
215.0
214.0
89.0
204.0
204.0
205.0
216.0
88.0
1.0
1.0
0.0
1.0
1.0
53.0
49.0
54.0
53.0
53.0
204.0
232.0
213.0
213.0
211.0
205.0
212.0
207.0
257.0
238.0
244.0
236.0
246.0
236.0
234.0
245.0
238.0
250.0
209.0
218.0
213.0
208.0
208.0
207.0
211.0
213.0
209.0
212.0
207.0
213.0
208.0
207.0
208.0
209.0
209.0
210.0
207.0
207.0
208.0
208.0
211.0
207.0
208.0
210.0
213.0
213.0
209.0
217.0
207.0
216.0
218.0
208.0
208.0
210.0
218.0
228.0
227.0
226.0
219.0
229.0
218.0
225.0
218.0
216.0
209.0
215.0
214.0
209.0
212.0
212.0
207.0
209.0
209.0
208.0
207.0
209.0
209.0
208.0
208.0
210.0
207.0
208.0
211.0
206.0
207.0
210.0
210.0
208.0
209.0
209.0
0.0
1.0
1.0
0.0
1.0
51.0
52.0
52.0
51.0
1.0
207.0
209.0
208.0
208.0
85.0
207.0
209.0
208.0
209.0
85.0
207.0
219.0
219.0
224.0
87.0
217.0
218.0
224.0
219.0
87.0
234.0
218.0
229.0
215.0
86.0
207.0
211.0
207.0
212.0
86.0
208.0
208.0
210.0
210.0
86.0
211.0
207.0
210.0
210.0
86.0
209.0
208.0
207.0
207.0
88.0
209.0
206.0
208.0
208.0
86.0
209.0
207.0
237.0
239.0
86.0
237.0
238.0
239.0
238.0
116.0
237.0
247.0
248.0
209.0
91.0
210.0
218.0
209.0
217.0
90.0
207.0
206.0
212.0
213.0
88.0
210.0
209.0
209.0
211.0
87.0
212.0
207.0
207.0
210.0
87.0
211.0
210.0
210.0
209.0
88.0
0.0
1.0
1.0
0.0
1.0
52.0
52.0
53.0
52.0
51.0
208.0
206.0
210.0
209.0
207.0
209.0
208.0
209.0
209.0
208.0
207.0
223.0
223.0
217.0
215.0
224.0
225.0
216.0
216.0
225.0
216.0
212.0
209.0
207.0
211.0
214.0
213.0
208.0
207.0
209.0
208.0
207.0
208.0
210.0
210.0
210.0
210.0
207.0
206.0
210.0
207.0
207.0
207.0
207.0
208.0
209.0
207.0
207.0
207.0
207.0
208.0
207.0
207.0
215.0
216.0
218.0
217.0
208.0
208.0
217.0
218.0
218.0
217.0
222.0
222.0
218.0
220.0
222.0
218.0
219.0
207.0
206.0
209.0
209.0
209.0
207.0
209.0
210.0
208.0
209.0
206.0
206.0
207.0
207.0
207.0
207.0
207.0
207.0
208.0
208.0
1.0
1.0
0.0
1.0
0.0
51.0
52.0
52.0
1.0
0.0
214.0
210.0
215.0
86.0
86.0
237.0
245.0
246.0
85.0
92.0
238.0
235.0
238.0
119.0
115.0
243.0
243.0
211.0
88.0
89.0
211.0
209.0
208.0
86.0
88.0
210.0
208.0
208.0
85.0
86.0
208.0
209.0
208.0
86.0
87.0
207.0
208.0
207.0
86.0
85.0
209.0
208.0
209.0
87.0
86.0
206.0
208.0
206.0
86.0
86.0
208.0
207.0
208.0
86.0
86.0
206.0
209.0
208.0
86.0
85.0
207.0
207.0
208.0
85.0
86.0
209.0
209.0
207.0
86.0
87.0
219.0
221.0
220.0
85.0
86.0
220.0
219.0
219.0
97.0
97.0
221.0
219.0
209.0
86.0
85.0
211.0
206.0
211.0
86.0
86.0
1.0
0.0
1.0
1.0
0.0
1.0
1.0
0.0
1.0
0.0
86.0
86.0
86.0
86.0
86.0
87.0
86.0
87.0
86.0
85.0
86.0
87.0
86.0
86.0
86.0
86.0
86.0
86.0
86.0
87.0
86.0
86.0
86.0
86.0
87.0
87.0
86.0
86.0
86.0
87.0
87.0
86.0
86.0
86.0
87.0
85.0
87.0
86.0
86.0
86.0
87.0
86.0
86.0
89.0
87.0
86.0
86.0
86.0
86.0
87.0
87.0
86.0
86.0
86.0
87.0
85.0
87.0
86.0
85.0
86.0
85.0
85.0
86.0
86.0
85.0
87.0
86.0
87.0
86.0
86.0
86.0
86.0
85.0
86.0
86.0
86.0
87.0
86.0
85.0
87.0
87.0
86.0
86.0
86.0
95.0
97.0
98.0
98.0
98.0
97.0
1.0
1.0
0.0
1.0
0.0
1.0
0.0
1.0
1.0
0.0
97.0
98.0
98.0
98.0
87.0
87.0
88.0
87.0
87.0
86.0
87.0
87.0
86.0
86.0
86.0
85.0
87.0
86.0
87.0
87.0
86.0
86.0
86.0
86.0
85.0
86.0
86.0
88.0
86.0
86.0
85.0
87.0
86.0
87.0
87.0
85.0
85.0
86.0
86.0
86.0
86.0
85.0
86.0
86.0
85.0
86.0
86.0
85.0
86.0
86.0
85.0
86.0
87.0
86.0
86.0
86.0
86.0
86.0
87.0
86.0
86.0
86.0
86.0
86.0
85.0
86.0
87.0
86.0
87.0
86.0
86.0
85.0
86.0
85.0
85.0
86.0
87.0
84.0
86.0
87.0
86.0
85.0
87.0
84.0
85.0
84.0
85.0
82.0
84.0
79.0
