1.0
1.0
1.0
1.0
1.0
1.0
1.0
1.0
1.0
1.0
1.0
1.0
2.0
2.0
2.0
518.0
517.0
517.0
519.0
517.0
517.0
517.0
517.0
517.0
517.0
506.0
507.0
506.0
508.0
506.0
2.0
1.0
2.0
2.0
1.0
507.0
505.0
506.0
507.0
507.0
538.0
540.0
541.0
539.0
538.0
541.0
543.0
544.0
540.0
539.0
2.0
1.0
1.0
1.0
1.0
527.0
526.0
527.0
526.0
526.0
525.0
526.0
526.0
526.0
533.0
506.0
508.0
506.0
505.0
508.0
2.0
2.0
1.0
1.0
1.0
509.0
506.0
507.0
508.0
517.0
517.0
518.0
518.0
518.0
518.0
517.0
518.0
518.0
518.0
524.0
2.0
1.0
2.0
1.0
2.0
508.0
508.0
508.0
508.0
508.0
509.0
509.0
508.0
509.0
515.0
518.0
518.0
518.0
517.0
518.0
1.0
1.0
1.0
1.0
2.0
518.0
518.0
517.0
517.0
544.0
524.0
526.0
524.0
525.0
526.0
525.0
524.0
525.0
527.0
513.0
1.0
1.0
2.0
2.0
2.0
507.0
507.0
505.0
505.0
508.0
505.0
507.0
507.0
507.0
524.0
519.0
519.0
518.0
519.0
519.0
1.0
1.0
1.0
2.0
2.0
520.0
519.0
519.0
519.0
514.0
508.0
509.0
511.0
508.0
509.0
517.0
516.0
516.0
516.0
525.0
1.0
1.0
1.0
2.0
1.0
538.0
537.0
538.0
538.0
539.0
531.0
529.0
531.0
531.0
525.0
509.0
508.0
508.0
509.0
511.0
1.0
1.0
1.0
1.0
1.0
509.0
509.0
509.0
508.0
508.0
516.0
517.0
517.0
518.0
517.0
516.0
517.0
517.0
516.0
505.0
1.0
1.0
2.0
2.0
1.0
520.0
519.0
520.0
520.0
518.0
519.0
519.0
519.0
519.0
520.0
531.0
530.0
533.0
532.0
532.0
1.0
1.0
2.0
1.0
1.0
530.0
533.0
531.0
532.0
533.0
506.0
507.0
505.0
506.0
506.0
507.0
508.0
507.0
506.0
506.0
1.0
1.0
1.0
2.0
1.0
515.0
516.0
517.0
517.0
516.0
517.0
518.0
517.0
518.0
517.0
507.0
507.0
506.0
507.0
507.0
2.0
1.0
1.0
1.0
1.0
506.0
507.0
507.0
507.0
508.0
542.0
541.0
542.0
542.0
542.0
542.0
541.0
542.0
542.0
542.0
1.0
2.0
2.0
1.0
1.0
506.0
508.0
506.0
506.0
508.0
506.0
508.0
506.0
508.0
508.0
519.0
518.0
519.0
519.0
518.0
1.0
1.0
2.0
1.0
1.0
518.0
519.0
518.0
519.0
519.0
507.0
507.0
506.0
507.0
507.0
507.0
507.0
508.0
507.0
510.0
1.0
2.0
1.0
1.0
1.0
518.0
517.0
517.0
518.0
517.0
518.0
518.0
518.0
517.0
518.0
530.0
532.0
531.0
532.0
531.0
1.0
1.0
1.0
2.0
1.0
533.0
531.0
531.0
531.0
532.0
505.0
504.0
504.0
506.0
507.0
504.0
504.0
507.0
508.0
506.0
1.0
2.0
1.0
2.0
1.0
519.0
517.0
519.0
519.0
519.0
518.0
518.0
524.0
519.0
519.0
506.0
506.0
507.0
508.0
506.0
1.0
1.0
1.0
1.0
1.0
506.0
507.0
507.0
506.0
507.0
540.0
539.0
540.0
540.0
540.0
541.0
540.0
541.0
541.0
541.0
2.0
2.0
1.0
1.0
2.0
508.0
506.0
507.0
507.0
507.0
509.0
507.0
507.0
507.0
508.0
524.0
524.0
525.0
524.0
525.0
1.0
1.0
1.0
1.0
1.0
524.0
524.0
523.0
523.0
523.0
513.0
515.0
514.0
516.0
514.0
514.0
514.0
514.0
514.0
513.0
1.0
1.0
1.0
1.0
1.0
526.0
525.0
527.0
527.0
526.0
526.0
527.0
527.0
527.0
526.0
536.0
536.0
535.0
535.0
536.0
1.0
1.0
1.0
1.0
1.0
535.0
535.0
537.0
536.0
536.0
511.0
511.0
510.0
510.0
510.0
510.0
511.0
510.0
510.0
510.0
1.0
1.0
1.0
1.0
1.0
520.0
519.0
519.0
518.0
520.0
519.0
518.0
519.0
519.0
518.0
506.0
508.0
507.0
507.0
507.0
1.0
1.0
1.0
1.0
1.0
508.0
506.0
507.0
507.0
508.0
518.0
516.0
517.0
517.0
517.0
517.0
517.0
517.0
518.0
517.0
1.0
1.0
1.0
1.0
1.0
531.0
530.0
530.0
530.0
530.0
531.0
530.0
531.0
529.0
531.0
504.0
504.0
504.0
504.0
504.0
1.0
1.0
1.0
1.0
1.0
504.0
504.0
506.0
506.0
506.0
517.0
517.0
518.0
518.0
516.0
519.0
517.0
518.0
518.0
518.0
1.0
1.0
1.0
1.0
1.0
277.0
276.0
277.0
277.0
277.0
277.0
277.0
277.0
277.0
277.0
316.0
314.0
314.0
318.0
314.0
1.0
1.0
1.0
1.0
1.0
315.0
316.0
315.0
314.0
316.0
278.0
278.0
279.0
279.0
278.0
278.0
278.0
277.0
278.0
278.0
1.0
1.0
2.0
1.0
1.0
535.0
533.0
532.0
534.0
532.0
533.0
535.0
535.0
532.0
533.0
511.0
510.0
513.0
512.0
513.0
2.0
1.0
1.0
1.0
1.0
513.0
510.0
512.0
512.0
512.0
521.0
520.0
520.0
520.0
521.0
520.0
520.0
520.0
520.0
521.0
2.0
2.0
1.0
1.0
1.0
510.0
509.0
508.0
514.0
508.0
509.0
509.0
509.0
509.0
509.0
541.0
541.0
541.0
541.0
542.0
2.0
1.0
1.0
1.0
1.0
542.0
541.0
541.0
541.0
542.0
508.0
508.0
509.0
511.0
508.0
506.0
508.0
508.0
508.0
508.0
1.0
1.0
1.0
1.0
2.0
520.0
520.0
519.0
519.0
519.0
518.0
519.0
520.0
519.0
519.0
511.0
511.0
510.0
510.0
510.0
2.0
1.0
1.0
2.0
1.0
509.0
509.0
510.0
509.0
511.0
522.0
522.0
522.0
522.0
522.0
522.0
523.0
522.0
522.0
522.0
1.0
2.0
1.0
1.0
2.0
530.0
530.0
531.0
531.0
529.0
530.0
530.0
530.0
530.0
531.0
509.0
508.0
508.0
508.0
508.0
1.0
1.0
1.0
1.0
1.0
508.0
508.0
507.0
507.0
507.0
518.0
517.0
517.0
517.0
519.0
518.0
517.0
517.0
518.0
516.0
1.0
1.0
1.0
1.0
1.0
507.0
507.0
508.0
508.0
507.0
507.0
509.0
507.0
508.0
507.0
540.0
541.0
539.0
541.0
540.0
1.0
0.0
1.0
1.0
0.0
539.0
540.0
539.0
541.0
540.0
504.0
505.0
504.0
507.0
504.0
506.0
506.0
503.0
506.0
509.0
1.0
1.0
1.0
1.0
1.0
514.0
515.0
514.0
515.0
516.0
516.0
516.0
516.0
516.0
516.0
504.0
504.0
506.0
508.0
506.0
1.0
1.0
1.0
1.0
1.0
506.0
506.0
507.0
506.0
506.0
516.0
516.0
518.0
517.0
518.0
518.0
516.0
516.0
517.0
517.0
1.0
1.0
1.0
1.0
1.0
529.0
528.0
530.0
529.0
529.0
534.0
528.0
530.0
529.0
530.0
505.0
505.0
507.0
506.0
504.0
1.0
1.0
1.0
1.0
1.0
505.0
508.0
505.0
507.0
513.0
516.0
518.0
516.0
517.0
517.0
516.0
517.0
517.0
517.0
516.0
1.0
1.0
1.0
1.0
1.0
506.0
503.0
506.0
506.0
506.0
507.0
507.0
506.0
505.0
507.0
515.0
517.0
516.0
518.0
518.0
1.0
1.0
1.0
1.0
1.0
516.0
518.0
517.0
517.0
517.0
529.0
527.0
529.0
529.0
529.0
529.0
530.0
528.0
530.0
529.0
1.0
1.0
1.0
1.0
1.0
505.0
507.0
507.0
507.0
508.0
505.0
507.0
507.0
506.0
507.0
520.0
518.0
518.0
519.0
518.0
1.0
1.0
1.0
1.0
1.0
518.0
518.0
519.0
519.0
517.0
506.0
507.0
505.0
506.0
506.0
508.0
507.0
506.0
507.0
506.0
1.0
1.0
1.0
1.0
1.0
286.0
288.0
288.0
288.0
288.0
288.0
288.0
287.0
287.0
287.0
309.0
310.0
309.0
311.0
309.0
1.0
1.0
1.0
1.0
1.0
314.0
314.0
312.0
311.0
310.0
278.0
277.0
277.0
277.0
278.0
278.0
278.0
278.0
277.0
278.0
1.0
1.0
1.0
2.0
1.0
509.0
507.0
507.0
507.0
507.0
507.0
508.0
509.0
507.0
507.0
518.0
519.0
520.0
519.0
519.0
1.0
1.0
1.0
1.0
1.0
518.0
519.0
518.0
518.0
518.0
505.0
505.0
507.0
506.0
506.0
506.0
506.0
506.0
506.0
506.0
2.0
1.0
1.0
1.0
1.0
537.0
536.0
535.0
537.0
536.0
536.0
538.0
536.0
537.0
536.0
506.0
509.0
509.0
507.0
508.0
1.0
1.0
1.0
1.0
1.0
508.0
508.0
507.0
507.0
507.0
518.0
516.0
516.0
517.0
517.0
518.0
516.0
517.0
518.0
516.0
1.0
2.0
1.0
1.0
1.0
507.0
507.0
507.0
506.0
506.0
507.0
508.0
507.0
509.0
507.0
518.0
517.0
518.0
517.0
517.0
1.0
1.0
1.0
1.0
1.0
517.0
518.0
516.0
518.0
516.0
529.0
529.0
529.0
531.0
529.0
529.0
529.0
528.0
531.0
529.0
2.0
1.0
1.0
2.0
1.0
514.0
516.0
517.0
514.0
515.0
512.0
515.0
515.0
515.0
514.0
526.0
522.0
524.0
523.0
524.0
1.0
1.0
1.0
1.0
1.0
522.0
524.0
523.0
523.0
523.0
517.0
516.0
516.0
516.0
517.0
516.0
516.0
517.0
516.0
517.0
1.0
1.0
1.0
1.0
1.0
518.0
519.0
518.0
518.0
519.0
518.0
518.0
519.0
519.0
518.0
530.0
529.0
531.0
530.0
531.0
1.0
1.0
1.0
1.0
1.0
531.0
529.0
531.0
529.0
531.0
504.0
507.0
504.0
507.0
507.0
506.0
507.0
507.0
509.0
507.0
1.0
1.0
1.0
1.0
1.0
518.0
517.0
517.0
517.0
518.0
517.0
516.0
516.0
517.0
517.0
518.0
517.0
515.0
516.0
516.0
1.0
1.0
1.0
1.0
1.0
513.0
513.0
517.0
517.0
516.0
529.0
528.0
528.0
529.0
528.0
527.0
528.0
527.0
527.0
525.0
1.0
1.0
1.0
1.0
1.0
507.0
507.0
509.0
507.0
507.0
505.0
507.0
507.0
507.0
508.0
517.0
517.0
519.0
517.0
516.0
1.0
1.0
1.0
1.0
1.0
516.0
516.0
516.0
517.0
516.0
506.0
507.0
506.0
507.0
509.0
508.0
508.0
507.0
506.0
507.0
1.0
1.0
1.0
1.0
1.0
516.0
516.0
516.0
518.0
516.0
516.0
517.0
516.0
516.0
517.0
524.0
524.0
524.0
523.0
526.0
1.0
1.0
1.0
1.0
0.0
524.0
524.0
526.0
525.0
525.0
505.0
505.0
505.0
505.0
507.0
504.0
506.0
507.0
506.0
507.0
1.0
1.0
1.0
1.0
1.0
517.0
519.0
517.0
518.0
517.0
517.0
517.0
518.0
518.0
517.0
506.0
506.0
505.0
506.0
506.0
1.0
1.0
1.0
1.0
1.0
506.0
505.0
506.0
506.0
507.0
535.0
535.0
535.0
535.0
534.0
536.0
535.0
534.0
536.0
537.0
1.0
1.0
1.0
1.0
1.0
277.0
277.0
276.0
277.0
277.0
276.0
276.0
277.0
278.0
277.0
277.0
277.0
277.0
277.0
277.0
1.0
1.0
1.0
1.0
1.0
276.0
277.0
277.0
277.0
277.0
304.0
309.0
304.0
307.0
305.0
307.0
310.0
305.0
308.0
311.0
1.0
2.0
2.0
1.0
1.0
524.0
523.0
523.0
524.0
524.0
523.0
522.0
523.0
524.0
521.0
508.0
514.0
508.0
508.0
509.0
1.0
1.0
1.0
1.0
1.0
507.0
509.0
510.0
507.0
508.0
518.0
517.0
517.0
518.0
538.0
538.0
539.0
538.0
536.0
538.0
1.0
2.0
1.0
2.0
1.0
528.0
527.0
527.0
508.0
507.0
507.0
507.0
507.0
507.0
506.0
516.0
515.0
515.0
515.0
516.0
1.0
1.0
1.0
1.0
1.0
516.0
517.0
516.0
516.0
517.0
509.0
509.0
511.0
510.0
509.0
508.0
508.0
509.0
508.0
508.0
2.0
1.0
1.0
1.0
1.0
517.0
517.0
517.0
518.0
517.0
517.0
517.0
517.0
516.0
517.0
526.0
526.0
526.0
527.0
527.0
1.0
1.0
1.0
1.0
1.0
524.0
525.0
527.0
524.0
526.0
504.0
504.0
504.0
506.0
507.0
504.0
505.0
506.0
503.0
506.0
1.0
1.0
1.0
1.0
1.0
514.0
516.0
515.0
517.0
516.0
516.0
516.0
517.0
516.0
517.0
506.0
508.0
506.0
505.0
507.0
1.0
1.0
1.0
1.0
1.0
506.0
507.0
508.0
507.0
506.0
516.0
518.0
519.0
519.0
518.0
519.0
519.0
518.0
518.0
519.0
1.0
1.0
1.0
1.0
1.0
524.0
525.0
525.0
524.0
526.0
524.0
526.0
523.0
523.0
526.0
505.0
508.0
508.0
508.0
507.0
1.0
1.0
1.0
1.0
1.0
508.0
508.0
508.0
506.0
508.0
515.0
516.0
516.0
516.0
518.0
516.0
515.0
516.0
515.0
516.0
1.0
1.0
1.0
1.0
1.0
506.0
506.0
506.0
506.0
507.0
507.0
507.0
507.0
506.0
507.0
535.0
534.0
535.0
534.0
534.0
1.0
1.0
1.0
1.0
1.0
533.0
534.0
534.0
535.0
535.0
509.0
505.0
504.0
505.0
508.0
510.0
504.0
505.0
506.0
505.0
1.0
1.0
1.0
1.0
1.0
515.0
516.0
515.0
515.0
517.0
517.0
517.0
517.0
519.0
516.0
514.0
513.0
515.0
512.0
513.0
1.0
1.0
1.0
1.0
1.0
516.0
514.0
514.0
514.0
514.0
515.0
515.0
517.0
517.0
518.0
518.0
517.0
518.0
517.0
519.0
1.0
1.0
1.0
1.0
1.0
525.0
524.0
523.0
524.0
527.0
527.0
525.0
526.0
524.0
525.0
507.0
506.0
507.0
508.0
508.0
1.0
0.0
1.0
1.0
1.0
508.0
508.0
507.0
507.0
507.0
516.0
517.0
518.0
517.0
517.0
517.0
517.0
517.0
517.0
518.0
1.0
1.0
1.0
1.0
1.0
506.0
506.0
506.0
507.0
507.0
506.0
507.0
506.0
507.0
505.0
518.0
520.0
519.0
518.0
520.0
1.0
1.0
1.0
1.0
1.0
289.0
287.0
287.0
288.0
288.0
297.0
297.0
298.0
299.0
298.0
297.0
296.0
296.0
296.0
296.0
1.0
0.0
1.0
1.0
1.0
277.0
275.0
276.0
275.0
277.0
276.0
274.0
275.0
276.0
274.0
276.0
275.0
277.0
277.0
276.0
1.0
1.0
1.0
1.0
1.0
275.0
275.0
275.0
275.0
276.0
277.0
278.0
277.0
277.0
277.0
285.0
285.0
286.0
287.0
286.0
1.0
1.0
1.0
1.0
0.0
531.0
530.0
532.0
538.0
535.0
532.0
535.0
532.0
532.0
531.0
517.0
517.0
519.0
516.0
516.0
1.0
1.0
1.0
1.0
1.0
519.0
520.0
518.0
519.0
519.0
521.0
522.0
521.0
521.0
522.0
529.0
528.0
529.0
531.0
529.0
1.0
1.0
0.0
1.0
1.0
525.0
528.0
528.0
528.0
527.0
505.0
505.0
504.0
508.0
507.0
505.0
506.0
507.0
507.0
507.0
1.0
1.0
1.0
1.0
1.0
515.0
515.0
515.0
517.0
516.0
517.0
518.0
517.0
517.0
517.0
506.0
506.0
507.0
507.0
507.0
1.0
1.0
1.0
1.0
1.0
518.0
517.0
517.0
516.0
519.0
518.0
518.0
522.0
520.0
520.0
528.0
527.0
529.0
531.0
526.0
1.0
1.0
1.0
0.0
1.0
525.0
524.0
525.0
527.0
525.0
506.0
507.0
508.0
505.0
508.0
506.0
506.0
506.0
509.0
506.0
1.0
1.0
1.0
1.0
1.0
518.0
520.0
519.0
519.0
519.0
520.0
519.0
519.0
521.0
519.0
508.0
508.0
508.0
508.0
508.0
1.0
1.0
1.0
1.0
1.0
507.0
507.0
506.0
506.0
507.0
517.0
516.0
517.0
518.0
517.0
538.0
536.0
536.0
537.0
536.0
1.0
1.0
1.0
1.0
1.0
525.0
526.0
527.0
525.0
527.0
505.0
505.0
505.0
505.0
506.0
507.0
507.0
507.0
505.0
506.0
1.0
1.0
1.0
1.0
1.0
514.0
514.0
513.0
514.0
515.0
517.0
517.0
517.0
519.0
517.0
506.0
505.0
508.0
508.0
508.0
1.0
1.0
0.0
1.0
1.0
507.0
506.0
506.0
506.0
506.0
514.0
515.0
516.0
516.0
516.0
536.0
535.0
535.0
537.0
535.0
1.0
1.0
1.0
1.0
1.0
524.0
524.0
525.0
526.0
525.0
506.0
507.0
507.0
508.0
507.0
507.0
512.0
506.0
506.0
507.0
1.0
1.0
1.0
1.0
1.0
518.0
516.0
517.0
519.0
517.0
516.0
516.0
517.0
517.0
518.0
507.0
506.0
507.0
508.0
506.0
1.0
1.0
1.0
1.0
1.0
506.0
507.0
507.0
505.0
506.0
519.0
519.0
519.0
519.0
518.0
520.0
524.0
519.0
519.0
519.0
1.0
1.0
1.0
1.0
1.0
525.0
525.0
524.0
524.0
526.0
524.0
523.0
524.0
523.0
524.0
505.0
506.0
506.0
507.0
506.0
0.0
1.0
1.0
1.0
1.0
277.0
279.0
275.0
277.0
276.0
285.0
285.0
284.0
285.0
287.0
285.0
287.0
285.0
288.0
287.0
1.0
1.0
1.0
2.0
1.0
507.0
508.0
509.0
507.0
506.0
508.0
506.0
507.0
507.0
507.0
517.0
516.0
517.0
516.0
516.0
1.0
1.0
0.0
1.0
1.0
276.0
277.0
277.0
277.0
277.0
288.0
288.0
287.0
287.0
287.0
278.0
277.0
277.0
276.0
277.0
1.0
1.0
1.0
1.0
1.0
277.0
277.0
284.0
277.0
277.0
298.0
296.0
296.0
297.0
296.0
296.0
297.0
298.0
297.0
296.0
1.0
1.0
1.0
0.0
1.0
275.0
275.0
276.0
275.0
275.0
279.0
277.0
276.0
277.0
275.0
247.0
248.0
247.0
247.0
247.0
