0.0
0.0
0.0
1.0
1.0
1.0
1.0
0.0
0.0
0.0
16.0
181.0
102.0
102.0
102.0
102.0
103.0
103.0
183.0
184.0
183.0
104.0
103.0
103.0
103.0
103.0
103.0
211.0
210.0
210.0
11.0
127.0
126.0
127.0
127.0
127.0
127.0
203.0
98.0
99.0
98.0
98.0
98.0
99.0
175.0
176.0
172.0
166.0
99.0
97.0
1.0
93.0
93.0
93.0
93.0
93.0
92.0
93.0
94.0
79.0
93.0
166.0
93.0
166.0
93.0
81.0
93.0
93.0
93.0
93.0
0.0
93.0
93.0
93.0
80.0
93.0
93.0
93.0
94.0
93.0
167.0
166.0
93.0
92.0
80.0
93.0
93.0
93.0
93.0
93.0
0.0
93.0
80.0
94.0
94.0
93.0
87.0
166.0
94.0
93.0
167.0
80.0
93.0
93.0
80.0
93.0
93.0
94.0
94.0
81.0
6.0
98.0
98.0
84.0
159.0
156.0
99.0
99.0
98.0
99.0
85.0
98.0
98.0
87.0
88.0
98.0
98.0
88.0
98.0
106.0
1.0
100.0
92.0
100.0
100.0
94.0
92.0
100.0
100.0
100.0
83.0
93.0
93.0
93.0
93.0
84.0
83.0
93.0
93.0
94.0
0.0
82.0
93.0
94.0
93.0
94.0
84.0
83.0
94.0
94.0
94.0
83.0
92.0
94.0
93.0
84.0
92.0
85.0
90.0
90.0
0.0
51.0
48.0
50.0
49.0
49.0
49.0
49.0
49.0
49.0
50.0
49.0
50.0
50.0
49.0
49.0
49.0
49.0
50.0
49.0
0.0
50.0
50.0
49.0
49.0
51.0
49.0
50.0
50.0
49.0
49.0
50.0
49.0
50.0
49.0
47.0
46.0
46.0
49.0
49.0
15.0
106.0
107.0
186.0
107.0
106.0
106.0
107.0
186.0
186.0
186.0
102.0
102.0
102.0
102.0
102.0
103.0
162.0
161.0
181.0
12.0
99.0
99.0
99.0
99.0
91.0
99.0
177.0
85.0
99.0
99.0
99.0
99.0
100.0
99.0
99.0
176.0
86.0
176.0
99.0
6.0
99.0
99.0
99.0
99.0
99.0
99.0
85.0
99.0
99.0
98.0
99.0
99.0
127.0
99.0
99.0
110.0
137.0
99.0
99.0
1.0
93.0
94.0
93.0
94.0
94.0
85.0
94.0
94.0
93.0
81.0
93.0
94.0
94.0
93.0
93.0
81.0
93.0
81.0
94.0
0.0
108.0
93.0
93.0
93.0
117.0
93.0
93.0
93.0
79.0
93.0
93.0
93.0
93.0
100.0
93.0
93.0
82.0
83.0
93.0
1.0
93.0
92.0
93.0
93.0
89.0
99.0
99.0
92.0
92.0
98.0
99.0
98.0
99.0
99.0
87.0
94.0
94.0
85.0
85.0
1.0
51.0
52.0
52.0
51.0
52.0
46.0
51.0
48.0
62.0
50.0
51.0
51.0
48.0
50.0
77.0
50.0
49.0
46.0
49.0
0.0
50.0
61.0
48.0
49.0
49.0
49.0
49.0
50.0
50.0
50.0
50.0
49.0
50.0
49.0
50.0
50.0
51.0
50.0
49.0
1.0
49.0
50.0
49.0
49.0
49.0
49.0
50.0
49.0
49.0
50.0
50.0
50.0
49.0
50.0
50.0
50.0
51.0
50.0
50.0
1.0
49.0
49.0
49.0
49.0
50.0
50.0
50.0
49.0
49.0
49.0
50.0
50.0
50.0
49.0
50.0
50.0
50.0
50.0
51.0
9.0
98.0
98.0
98.0
128.0
98.0
98.0
99.0
98.0
136.0
98.0
125.0
126.0
125.0
124.0
125.0
125.0
125.0
131.0
126.0
7.0
122.0
96.0
96.0
96.0
96.0
95.0
95.0
96.0
95.0
95.0
105.0
122.0
96.0
95.0
95.0
96.0
96.0
95.0
96.0
1.0
90.0
120.0
90.0
90.0
90.0
90.0
90.0
90.0
102.0
89.0
89.0
90.0
90.0
90.0
91.0
90.0
90.0
90.0
90.0
0.0
90.0
89.0
90.0
89.0
89.0
89.0
89.0
89.0
89.0
90.0
91.0
89.0
89.0
89.0
89.0
92.0
90.0
90.0
90.0
0.0
90.0
89.0
90.0
89.0
90.0
90.0
89.0
90.0
90.0
90.0
89.0
91.0
89.0
90.0
89.0
89.0
90.0
89.0
89.0
1.0
89.0
90.0
90.0
90.0
89.0
89.0
90.0
89.0
89.0
89.0
89.0
89.0
90.0
89.0
90.0
90.0
89.0
89.0
90.0
1.0
50.0
50.0
49.0
49.0
49.0
49.0
49.0
50.0
50.0
50.0
50.0
50.0
50.0
51.0
50.0
57.0
57.0
57.0
57.0
1.0
57.0
57.0
57.0
57.0
58.0
57.0
50.0
50.0
50.0
51.0
50.0
50.0
50.0
50.0
50.0
50.0
50.0
50.0
49.0
0.0
49.0
50.0
49.0
49.0
49.0
49.0
49.0
49.0
49.0
50.0
49.0
49.0
50.0
50.0
50.0
51.0
50.0
50.0
49.0
0.0
50.0
49.0
49.0
49.0
49.0
49.0
50.0
49.0
50.0
49.0
49.0
49.0
50.0
49.0
49.0
50.0
50.0
50.0
50.0
5.0
95.0
94.0
95.0
95.0
94.0
94.0
94.0
96.0
95.0
95.0
95.0
95.0
94.0
95.0
95.0
95.0
94.0
94.0
94.0
0.0
90.0
89.0
89.0
91.0
89.0
89.0
89.0
89.0
89.0
90.0
89.0
89.0
89.0
89.0
89.0
89.0
89.0
89.0
89.0
0.0
90.0
89.0
89.0
89.0
89.0
90.0
89.0
89.0
89.0
89.0
89.0
89.0
89.0
89.0
89.0
89.0
89.0
90.0
89.0
1.0
89.0
90.0
89.0
89.0
89.0
90.0
89.0
89.0
89.0
89.0
89.0
90.0
89.0
89.0
89.0
89.0
89.0
89.0
97.0
1.0
96.0
97.0
97.0
97.0
97.0
97.0
97.0
97.0
97.0
90.0
90.0
90.0
89.0
89.0
90.0
89.0
89.0
89.0
89.0
0.0
50.0
49.0
49.0
49.0
50.0
49.0
49.0
49.0
49.0
49.0
49.0
49.0
49.0
50.0
49.0
50.0
49.0
49.0
49.0
0.0
50.0
49.0
49.0
49.0
49.0
49.0
76.0
77.0
77.0
75.0
76.0
76.0
76.0
76.0
76.0
76.0
50.0
49.0
49.0
1.0
49.0
49.0
49.0
49.0
49.0
49.0
50.0
49.0
49.0
49.0
49.0
49.0
49.0
49.0
50.0
49.0
49.0
50.0
49.0
1.0
49.0
50.0
50.0
49.0
50.0
49.0
49.0
49.0
49.0
49.0
52.0
53.0
51.0
51.0
58.0
53.0
55.0
56.0
56.0
0.0
59.0
54.0
58.0
56.0
53.0
54.0
51.0
51.0
52.0
52.0
49.0
49.0
50.0
50.0
50.0
50.0
50.0
49.0
50.0
0.0
91.0
90.0
90.0
89.0
89.0
90.0
89.0
89.0
89.0
90.0
91.0
89.0
89.0
89.0
89.0
91.0
89.0
89.0
89.0
1.0
90.0
91.0
89.0
89.0
89.0
89.0
90.0
90.0
89.0
90.0
90.0
90.0
91.0
89.0
89.0
89.0
91.0
89.0
90.0
0.0
89.0
90.0
89.0
90.0
89.0
89.0
89.0
89.0
89.0
89.0
89.0
89.0
90.0
89.0
89.0
89.0
89.0
89.0
89.0
0.0
89.0
89.0
89.0
89.0
89.0
89.0
89.0
88.0
89.0
89.0
89.0
89.0
89.0
98.0
98.0
98.0
98.0
97.0
98.0
0.0
98.0
98.0
98.0
98.0
90.0
90.0
89.0
90.0
89.0
89.0
89.0
89.0
89.0
90.0
89.0
89.0
90.0
89.0
89.0
0.0
50.0
49.0
49.0
49.0
49.0
49.0
50.0
49.0
50.0
49.0
49.0
50.0
49.0
49.0
49.0
49.0
49.0
50.0
49.0
1.0
49.0
49.0
49.0
49.0
50.0
50.0
50.0
49.0
49.0
49.0
50.0
50.0
50.0
50.0
49.0
49.0
49.0
50.0
49.0
1.0
49.0
49.0
49.0
49.0
49.0
49.0
50.0
50.0
49.0
49.0
49.0
50.0
49.0
50.0
49.0
49.0
49.0
49.0
49.0
1.0
49.0
49.0
49.0
49.0
49.0
49.0
49.0
50.0
50.0
49.0
49.0
50.0
50.0
50.0
50.0
49.0
49.0
49.0
49.0
1.0
49.0
49.0
49.0
49.0
49.0
49.0
49.0
49.0
49.0
50.0
49.0
51.0
50.0
50.0
50.0
50.0
49.0
51.0
51.0
0.0
89.0
90.0
92.0
89.0
94.0
90.0
89.0
89.0
89.0
94.0
90.0
89.0
89.0
90.0
89.0
90.0
90.0
89.0
89.0
1.0
90.0
90.0
90.0
89.0
92.0
90.0
92.0
89.0
91.0
90.0
89.0
96.0
96.0
98.0
98.0
97.0
97.0
100.0
97.0
0.0
98.0
99.0
90.0
90.0
90.0
92.0
90.0
90.0
89.0
92.0
89.0
89.0
90.0
89.0
89.0
90.0
89.0
90.0
90.0
0.0
92.0
89.0
92.0
89.0
90.0
89.0
91.0
89.0
90.0
89.0
91.0
90.0
117.0
117.0
117.0
117.0
118.0
118.0
117.0
0.0
118.0
117.0
118.0
90.0
89.0
89.0
89.0
89.0
89.0
90.0
89.0
89.0
89.0
89.0
89.0
89.0
89.0
89.0
89.0
0.0
49.0
49.0
49.0
49.0
49.0
49.0
49.0
49.0
49.0
50.0
49.0
50.0
49.0
49.0
50.0
49.0
49.0
49.0
49.0
0.0
49.0
49.0
49.0
49.0
49.0
49.0
49.0
50.0
50.0
49.0
50.0
49.0
49.0
49.0
49.0
49.0
49.0
49.0
49.0
0.0
49.0
49.0
49.0
49.0
49.0
49.0
50.0
49.0
50.0
49.0
50.0
50.0
50.0
49.0
49.0
49.0
49.0
49.0
49.0
1.0
49.0
49.0
50.0
51.0
49.0
52.0
51.0
50.0
50.0
49.0
49.0
50.0
50.0
50.0
49.0
50.0
49.0
49.0
49.0
0.0
49.0
50.0
49.0
51.0
49.0
49.0
50.0
50.0
49.0
50.0
50.0
49.0
50.0
50.0
51.0
50.0
50.0
52.0
50.0
9.0
98.0
99.0
98.0
98.0
100.0
102.0
100.0
101.0
98.0
99.0
98.0
98.0
98.0
98.0
101.0
103.0
103.0
98.0
97.0
6.0
99.0
95.0
95.0
97.0
96.0
98.0
97.0
98.0
100.0
95.0
99.0
103.0
105.0
104.0
105.0
104.0
106.0
105.0
106.0
1.0
98.0
102.0
91.0
90.0
89.0
89.0
94.0
90.0
94.0
92.0
91.0
93.0
89.0
90.0
89.0
90.0
90.0
92.0
91.0
1.0
92.0
91.0
92.0
90.0
90.0
91.0
90.0
90.0
90.0
92.0
90.0
91.0
92.0
90.0
90.0
92.0
89.0
89.0
91.0
1.0
90.0
91.0
90.0
91.0
91.0
89.0
90.0
89.0
90.0
92.0
91.0
90.0
91.0
92.0
90.0
90.0
90.0
89.0
91.0
0.0
89.0
92.0
91.0
90.0
89.0
90.0
89.0
90.0
89.0
90.0
90.0
89.0
89.0
90.0
90.0
89.0
90.0
89.0
90.0
0.0
50.0
50.0
51.0
50.0
49.0
50.0
50.0
49.0
49.0
49.0
49.0
49.0
49.0
49.0
49.0
49.0
49.0
50.0
50.0
0.0
49.0
49.0
49.0
50.0
49.0
51.0
50.0
49.0
49.0
49.0
49.0
50.0
50.0
49.0
50.0
49.0
49.0
50.0
50.0
1.0
50.0
49.0
49.0
49.0
50.0
50.0
50.0
50.0
56.0
57.0
56.0
57.0
57.0
57.0
56.0
57.0
57.0
57.0
50.0
0.0
50.0
50.0
49.0
49.0
49.0
51.0
49.0
49.0
50.0
49.0
49.0
49.0
50.0
49.0
50.0
50.0
49.0
50.0
49.0
6.0
94.0
95.0
95.0
95.0
94.0
94.0
94.0
94.0
94.0
95.0
94.0
121.0
121.0
122.0
121.0
122.0
120.0
121.0
121.0
0.0
116.0
117.0
90.0
89.0
90.0
90.0
89.0
91.0
89.0
89.0
91.0
91.0
91.0
91.0
90.0
92.0
90.0
91.0
91.0
1.0
89.0
91.0
90.0
92.0
92.0
92.0
90.0
90.0
90.0
90.0
90.0
92.0
90.0
91.0
90.0
92.0
91.0
90.0
90.0
0.0
91.0
90.0
91.0
89.0
90.0
89.0
89.0
92.0
90.0
90.0
90.0
90.0
90.0
90.0
90.0
90.0
89.0
89.0
89.0
0.0
89.0
89.0
89.0
89.0
90.0
89.0
89.0
89.0
90.0
89.0
89.0
89.0
90.0
89.0
91.0
91.0
91.0
90.0
89.0
0.0
50.0
49.0
50.0
49.0
51.0
49.0
49.0
49.0
50.0
49.0
49.0
49.0
49.0
49.0
49.0
49.0
49.0
49.0
49.0
1.0
49.0
49.0
49.0
49.0
49.0
49.0
50.0
50.0
49.0
49.0
49.0
50.0
49.0
49.0
51.0
50.0
49.0
49.0
50.0
1.0
49.0
49.0
50.0
50.0
50.0
49.0
49.0
49.0
50.0
49.0
50.0
49.0
49.0
49.0
49.0
49.0
50.0
50.0
49.0
0.0
49.0
49.0
49.0
57.0
57.0
57.0
57.0
57.0
57.0
58.0
57.0
58.0
58.0
50.0
50.0
49.0
50.0
49.0
50.0
0.0
49.0
49.0
49.0
49.0
49.0
49.0
50.0
49.0
49.0
49.0
50.0
50.0
50.0
49.0
49.0
50.0
49.0
49.0
49.0
0.0
89.0
128.0
89.0
128.0
89.0
89.0
89.0
89.0
89.0
89.0
89.0
89.0
89.0
89.0
89.0
89.0
89.0
89.0
89.0
0.0
90.0
89.0
89.0
89.0
90.0
89.0
89.0
89.0
90.0
89.0
89.0
89.0
91.0
89.0
90.0
89.0
89.0
89.0
90.0
0.0
90.0
91.0
89.0
89.0
89.0
89.0
89.0
90.0
89.0
89.0
89.0
90.0
89.0
89.0
89.0
89.0
89.0
89.0
89.0
0.0
89.0
90.0
90.0
89.0
90.0
89.0
89.0
89.0
89.0
89.0
90.0
89.0
89.0
90.0
89.0
89.0
89.0
89.0
88.0
0.0
49.0
49.0
49.0
50.0
49.0
49.0
49.0
49.0
49.0
49.0
50.0
49.0
49.0
49.0
49.0
50.0
49.0
50.0
50.0
0.0
50.0
49.0
50.0
50.0
49.0
49.0
49.0
49.0
49.0
49.0
49.0
55.0
56.0
57.0
57.0
56.0
57.0
57.0
57.0
0.0
57.0
50.0
51.0
49.0
49.0
49.0
50.0
49.0
49.0
49.0
49.0
49.0
49.0
49.0
49.0
49.0
49.0
49.0
49.0
0.0
49.0
49.0
50.0
49.0
49.0
49.0
50.0
49.0
49.0
49.0
49.0
49.0
49.0
49.0
49.0
50.0
49.0
49.0
49.0
0.0
49.0
49.0
50.0
49.0
49.0
50.0
49.0
49.0
49.0
49.0
49.0
49.0
49.0
49.0
49.0
78.0
78.0
78.0
79.0
0.0
79.0
79.0
79.0
78.0
79.0
79.0
50.0
50.0
50.0
49.0
49.0
49.0
49.0
49.0
49.0
49.0
49.0
49.0
49.0
1.0
89.0
89.0
90.0
89.0
90.0
90.0
89.0
89.0
89.0
89.0
90.0
89.0
89.0
89.0
88.0
89.0
89.0
90.0
90.0
1.0
49.0
49.0
49.0
50.0
49.0
50.0
49.0
50.0
50.0
49.0
49.0
50.0
49.0
49.0
49.0
49.0
49.0
49.0
49.0
1.0
50.0
49.0
49.0
50.0
49.0
49.0
49.0
49.0
49.0
50.0
49.0
49.0
49.0
49.0
50.0
49.0
50.0
49.0
49.0
0.0
50.0
50.0
50.0
50.0
50.0
49.0
50.0
49.0
50.0
49.0
49.0
49.0
49.0
49.0
49.0
49.0
49.0
49.0
49.0
1.0
49.0
50.0
49.0
49.0
49.0
49.0
49.0
49.0
49.0
49.0
49.0
49.0
50.0
49.0
49.0
49.0
50.0
49.0
50.0
0.0
49.0
49.0
49.0
49.0
49.0
49.0
50.0
49.0
49.0
49.0
49.0
50.0
50.0
50.0
49.0
50.0
49.0
49.0
49.0
0.0
49.0
49.0
49.0
50.0
49.0
49.0
49.0
49.0
49.0
49.0
50.0
49.0
49.0
49.0
49.0
49.0
49.0
50.0
50.0
0.0
49.0
49.0
49.0
49.0
49.0
50.0
50.0
49.0
49.0
49.0
49.0
49.0
50.0
49.0
50.0
49.0
49.0
49.0
49.0
1.0
49.0
49.0
49.0
49.0
49.0
49.0
49.0
49.0
49.0
50.0
49.0
49.0
49.0
49.0
50.0
57.0
57.0
57.0
57.0
0.0
57.0
57.0
57.0
57.0
57.0
57.0
50.0
49.0
49.0
49.0
49.0
49.0
50.0
49.0
49.0
49.0
50.0
49.0
49.0
1.0
89.0
89.0
89.0
89.0
90.0
89.0
90.0
90.0
89.0
89.0
89.0
89.0
89.0
89.0
89.0
89.0
89.0
90.0
90.0
1.0
49.0
49.0
49.0
50.0
49.0
50.0
50.0
50.0
49.0
49.0
49.0
49.0
50.0
50.0
50.0
49.0
49.0
49.0
49.0
0.0
50.0
50.0
49.0
49.0
49.0
49.0
49.0
49.0
50.0
49.0
50.0
49.0
49.0
49.0
49.0
49.0
50.0
50.0
49.0
0.0
49.0
50.0
49.0
49.0
50.0
50.0
49.0
49.0
49.0
49.0
49.0
51.0
50.0
49.0
49.0
49.0
49.0
49.0
48.0
0.0
49.0
49.0
50.0
49.0
50.0
49.0
50.0
51.0
50.0
49.0
50.0
49.0
49.0
49.0
49.0
50.0
49.0
51.0
49.0
1.0
49.0
49.0
49.0
49.0
50.0
49.0
49.0
50.0
49.0
50.0
49.0
49.0
50.0
49.0
49.0
50.0
49.0
49.0
50.0
1.0
51.0
49.0
49.0
49.0
49.0
50.0
50.0
49.0
49.0
49.0
49.0
49.0
49.0
50.0
49.0
49.0
49.0
49.0
49.0
1.0
50.0
49.0
49.0
49.0
49.0
49.0
51.0
49.0
50.0
49.0
50.0
50.0
50.0
50.0
49.0
49.0
49.0
49.0
49.0
0.0
50.0
49.0
49.0
49.0
49.0
49.0
49.0
50.0
57.0
56.0
59.0
56.0
57.0
57.0
57.0
57.0
57.0
57.0
50.0
0.0
51.0
50.0
49.0
49.0
50.0
49.0
50.0
50.0
49.0
50.0
49.0
50.0
49.0
50.0
50.0
50.0
49.0
48.0
46.0
