1.0
0.0
1.0
1.0
1.0
0.0
1.0
1.0
1.0
0.0
1.0
1.0
236.0
236.0
237.0
237.0
236.0
236.0
237.0
237.0
237.0
237.0
250.0
252.0
251.0
251.0
251.0
252.0
250.0
250.0
1.0
1.0
250.0
250.0
238.0
239.0
238.0
238.0
238.0
238.0
239.0
238.0
238.0
238.0
237.0
236.0
237.0
237.0
237.0
237.0
1.0
1.0
237.0
237.0
236.0
237.0
236.0
237.0
236.0
237.0
236.0
236.0
237.0
237.0
236.0
237.0
236.0
235.0
236.0
236.0
0.0
1.0
314.0
313.0
313.0
313.0
313.0
313.0
313.0
313.0
313.0
313.0
236.0
236.0
236.0
237.0
237.0
237.0
236.0
236.0
1.0
0.0
236.0
237.0
236.0
236.0
237.0
236.0
236.0
237.0
236.0
236.0
236.0
235.0
236.0
236.0
235.0
236.0
236.0
236.0
0.0
1.0
236.0
236.0
236.0
236.0
235.0
236.0
235.0
236.0
237.0
237.0
253.0
253.0
254.0
254.0
253.0
253.0
253.0
253.0
0.0
1.0
253.0
253.0
235.0
236.0
236.0
236.0
236.0
236.0
236.0
236.0
236.0
236.0
237.0
236.0
236.0
236.0
235.0
236.0
1.0
0.0
236.0
236.0
236.0
237.0
236.0
236.0
235.0
236.0
236.0
236.0
236.0
236.0
236.0
236.0
252.0
253.0
254.0
254.0
0.0
1.0
254.0
253.0
253.0
253.0
253.0
253.0
235.0
236.0
236.0
236.0
236.0
236.0
236.0
236.0
236.0
237.0
236.0
236.0
0.0
0.0
235.0
236.0
235.0
235.0
236.0
237.0
236.0
236.0
236.0
236.0
236.0
236.0
236.0
235.0
236.0
235.0
236.0
236.0
0.0
1.0
256.0
255.0
256.0
256.0
256.0
256.0
256.0
255.0
256.0
255.0
236.0
236.0
236.0
236.0
236.0
236.0
237.0
236.0
0.0
0.0
236.0
237.0
348.0
349.0
348.0
347.0
348.0
348.0
348.0
347.0
347.0
347.0
236.0
237.0
236.0
237.0
237.0
237.0
1.0
1.0
237.0
236.0
237.0
237.0
237.0
236.0
236.0
236.0
236.0
236.0
236.0
236.0
237.0
236.0
235.0
236.0
236.0
236.0
1.0
1.0
235.0
236.0
236.0
236.0
236.0
236.0
252.0
253.0
252.0
252.0
253.0
252.0
253.0
253.0
252.0
252.0
236.0
236.0
1.0
0.0
236.0
236.0
236.0
236.0
236.0
236.0
236.0
237.0
236.0
237.0
236.0
236.0
237.0
237.0
236.0
237.0
237.0
236.0
1.0
1.0
235.0
236.0
236.0
236.0
236.0
236.0
236.0
236.0
235.0
236.0
255.0
255.0
254.0
255.0
254.0
254.0
254.0
254.0
0.0
1.0
256.0
254.0
236.0
237.0
236.0
236.0
236.0
236.0
236.0
236.0
236.0
236.0
237.0
238.0
238.0
238.0
238.0
238.0
1.0
1.0
238.0
242.0
238.0
238.0
240.0
239.0
240.0
240.0
240.0
240.0
239.0
240.0
239.0
245.0
325.0
325.0
325.0
325.0
1.0
1.0
325.0
325.0
325.0
325.0
325.0
325.0
236.0
235.0
236.0
236.0
236.0
236.0
236.0
236.0
236.0
236.0
236.0
236.0
0.0
1.0
237.0
237.0
236.0
237.0
236.0
236.0
237.0
236.0
248.0
248.0
246.0
245.0
247.0
245.0
248.0
245.0
245.0
245.0
1.0
1.0
254.0
254.0
255.0
254.0
254.0
255.0
254.0
255.0
255.0
253.0
236.0
236.0
236.0
236.0
236.0
236.0
236.0
236.0
0.0
1.0
236.0
235.0
236.0
236.0
236.0
236.0
236.0
236.0
236.0
236.0
236.0
236.0
236.0
237.0
236.0
237.0
235.0
236.0
1.0
1.0
235.0
236.0
236.0
236.0
253.0
253.0
253.0
252.0
253.0
253.0
253.0
253.0
253.0
253.0
237.0
237.0
237.0
236.0
0.0
1.0
237.0
236.0
236.0
237.0
236.0
236.0
235.0
235.0
236.0
237.0
236.0
236.0
236.0
236.0
237.0
236.0
237.0
236.0
0.0
0.0
236.0
236.0
237.0
237.0
237.0
236.0
236.0
236.0
296.0
296.0
297.0
297.0
296.0
296.0
296.0
296.0
296.0
296.0
1.0
1.0
235.0
236.0
236.0
236.0
236.0
236.0
236.0
236.0
236.0
235.0
236.0
236.0
236.0
235.0
235.0
236.0
236.0
236.0
1.0
1.0
235.0
236.0
236.0
236.0
236.0
236.0
236.0
236.0
236.0
235.0
236.0
236.0
254.0
254.0
253.0
253.0
253.0
253.0
1.0
0.0
254.0
253.0
254.0
254.0
236.0
236.0
236.0
236.0
236.0
236.0
236.0
236.0
235.0
236.0
237.0
237.0
237.0
237.0
1.0
1.0
82.0
82.0
83.0
82.0
82.0
82.0
82.0
82.0
82.0
82.0
82.0
81.0
82.0
83.0
82.0
82.0
83.0
82.0
1.0
0.0
82.0
82.0
82.0
82.0
82.0
81.0
82.0
82.0
82.0
82.0
81.0
82.0
82.0
82.0
82.0
81.0
81.0
82.0
0.0
1.0
236.0
236.0
253.0
252.0
252.0
253.0
253.0
253.0
254.0
252.0
253.0
252.0
236.0
236.0
236.0
236.0
236.0
237.0
1.0
0.0
236.0
237.0
235.0
236.0
236.0
236.0
236.0
236.0
236.0
236.0
236.0
236.0
237.0
236.0
236.0
237.0
236.0
237.0
0.0
1.0
236.0
237.0
236.0
236.0
296.0
295.0
295.0
296.0
295.0
295.0
296.0
296.0
295.0
295.0
236.0
236.0
237.0
236.0
1.0
0.0
237.0
237.0
236.0
236.0
237.0
236.0
237.0
236.0
236.0
236.0
235.0
236.0
236.0
236.0
236.0
235.0
236.0
236.0
0.0
0.0
237.0
236.0
237.0
235.0
236.0
236.0
236.0
236.0
236.0
236.0
254.0
252.0
254.0
253.0
253.0
254.0
253.0
253.0
0.0
1.0
254.0
253.0
236.0
235.0
235.0
236.0
236.0
236.0
236.0
236.0
236.0
236.0
236.0
235.0
236.0
236.0
236.0
236.0
1.0
1.0
236.0
236.0
236.0
236.0
236.0
236.0
236.0
236.0
236.0
236.0
236.0
236.0
236.0
235.0
250.0
251.0
250.0
251.0
0.0
0.0
252.0
252.0
252.0
252.0
254.0
254.0
238.0
238.0
238.0
238.0
237.0
237.0
236.0
237.0
236.0
236.0
236.0
236.0
0.0
1.0
236.0
236.0
237.0
237.0
236.0
236.0
236.0
236.0
236.0
236.0
235.0
236.0
236.0
236.0
236.0
236.0
297.0
297.0
1.0
0.0
296.0
296.0
296.0
297.0
296.0
296.0
296.0
297.0
235.0
236.0
236.0
236.0
235.0
236.0
236.0
236.0
236.0
235.0
1.0
0.0
236.0
237.0
236.0
236.0
236.0
235.0
236.0
236.0
235.0
235.0
236.0
235.0
236.0
236.0
236.0
236.0
235.0
236.0
1.0
1.0
236.0
236.0
235.0
236.0
253.0
253.0
254.0
254.0
254.0
253.0
253.0
254.0
254.0
254.0
236.0
236.0
236.0
236.0
0.0
1.0
236.0
237.0
237.0
236.0
238.0
237.0
237.0
238.0
237.0
238.0
238.0
237.0
237.0
238.0
237.0
236.0
236.0
236.0
0.0
1.0
236.0
236.0
237.0
237.0
237.0
236.0
237.0
238.0
237.0
236.0
237.0
236.0
250.0
250.0
252.0
252.0
255.0
256.0
1.0
1.0
254.0
254.0
254.0
254.0
239.0
240.0
239.0
240.0
236.0
237.0
236.0
236.0
236.0
236.0
236.0
236.0
236.0
237.0
1.0
0.0
237.0
237.0
236.0
237.0
237.0
237.0
237.0
237.0
237.0
236.0
298.0
301.0
299.0
298.0
297.0
297.0
298.0
297.0
0.0
1.0
298.0
297.0
236.0
240.0
236.0
237.0
237.0
236.0
236.0
237.0
237.0
236.0
236.0
240.0
237.0
236.0
236.0
236.0
1.0
0.0
237.0
237.0
236.0
236.0
237.0
244.0
236.0
238.0
237.0
237.0
237.0
237.0
236.0
237.0
236.0
241.0
251.0
253.0
0.0
0.0
82.0
82.0
81.0
81.0
82.0
82.0
81.0
81.0
82.0
81.0
82.0
81.0
98.0
98.0
100.0
100.0
99.0
99.0
0.0
1.0
99.0
102.0
85.0
85.0
84.0
84.0
83.0
84.0
84.0
84.0
85.0
83.0
82.0
81.0
82.0
82.0
82.0
81.0
0.0
1.0
237.0
237.0
236.0
237.0
236.0
236.0
236.0
236.0
236.0
237.0
236.0
236.0
236.0
236.0
236.0
236.0
236.0
237.0
1.0
0.0
236.0
236.0
236.0
237.0
236.0
237.0
236.0
236.0
236.0
236.0
236.0
236.0
255.0
254.0
254.0
253.0
254.0
254.0
1.0
0.0
255.0
255.0
254.0
254.0
236.0
237.0
237.0
237.0
236.0
237.0
236.0
237.0
236.0
237.0
237.0
238.0
238.0
238.0
0.0
1.0
237.0
237.0
237.0
237.0
238.0
237.0
240.0
239.0
239.0
240.0
239.0
239.0
239.0
240.0
239.0
239.0
301.0
301.0
0.0
0.0
302.0
301.0
301.0
302.0
302.0
301.0
301.0
302.0
236.0
236.0
236.0
236.0
236.0
236.0
235.0
237.0
236.0
236.0
1.0
0.0
236.0
237.0
236.0
236.0
236.0
236.0
236.0
236.0
236.0
236.0
237.0
237.0
237.0
237.0
238.0
237.0
237.0
237.0
0.0
1.0
237.0
238.0
260.0
260.0
261.0
266.0
265.0
267.0
267.0
266.0
268.0
273.0
259.0
261.0
259.0
266.0
254.0
256.0
1.0
0.0
252.0
253.0
255.0
251.0
236.0
235.0
236.0
247.0
236.0
236.0
235.0
236.0
236.0
236.0
236.0
237.0
236.0
246.0
0.0
1.0
236.0
236.0
236.0
236.0
237.0
236.0
253.0
253.0
253.0
253.0
263.0
253.0
253.0
253.0
254.0
252.0
237.0
237.0
1.0
0.0
237.0
237.0
237.0
247.0
237.0
237.0
236.0
235.0
236.0
236.0
236.0
237.0
236.0
236.0
236.0
247.0
237.0
237.0
0.0
1.0
236.0
237.0
236.0
235.0
236.0
236.0
236.0
236.0
236.0
247.0
298.0
298.0
298.0
298.0
297.0
297.0
298.0
298.0
1.0
1.0
297.0
309.0
236.0
236.0
236.0
236.0
236.0
237.0
236.0
236.0
237.0
247.0
237.0
237.0
237.0
236.0
236.0
236.0
1.0
0.0
236.0
236.0
236.0
248.0
236.0
236.0
236.0
235.0
236.0
236.0
236.0
236.0
236.0
246.0
253.0
253.0
253.0
253.0
1.0
0.0
253.0
253.0
253.0
253.0
254.0
264.0
235.0
235.0
236.0
236.0
236.0
235.0
236.0
236.0
236.0
245.0
236.0
236.0
1.0
0.0
236.0
236.0
236.0
237.0
236.0
236.0
236.0
248.0
237.0
236.0
236.0
236.0
236.0
236.0
236.0
236.0
237.0
246.0
0.0
1.0
236.0
236.0
236.0
252.0
252.0
253.0
253.0
253.0
253.0
265.0
253.0
254.0
253.0
236.0
236.0
236.0
236.0
236.0
0.0
1.0
236.0
247.0
236.0
236.0
236.0
236.0
235.0
235.0
236.0
236.0
236.0
246.0
235.0
236.0
235.0
235.0
236.0
236.0
0.0
0.0
236.0
236.0
236.0
312.0
301.0
301.0
301.0
302.0
303.0
302.0
302.0
303.0
304.0
241.0
240.0
241.0
240.0
239.0
1.0
0.0
84.0
84.0
84.0
84.0
83.0
82.0
82.0
81.0
81.0
82.0
82.0
81.0
81.0
81.0
82.0
81.0
81.0
82.0
0.0
1.0
81.0
81.0
81.0
81.0
82.0
81.0
81.0
81.0
82.0
81.0
82.0
81.0
81.0
81.0
81.0
82.0
81.0
82.0
0.0
1.0
235.0
237.0
235.0
236.0
236.0
236.0
236.0
235.0
236.0
235.0
236.0
235.0
236.0
236.0
251.0
252.0
252.0
253.0
0.0
1.0
253.0
253.0
254.0
254.0
254.0
253.0
238.0
238.0
237.0
237.0
236.0
236.0
236.0
236.0
236.0
236.0
236.0
236.0
1.0
1.0
236.0
237.0
236.0
237.0
236.0
236.0
236.0
236.0
236.0
235.0
235.0
236.0
236.0
235.0
236.0
236.0
236.0
236.0
0.0
1.0
236.0
236.0
235.0
236.0
236.0
236.0
254.0
254.0
254.0
254.0
254.0
254.0
254.0
254.0
254.0
254.0
236.0
236.0
1.0
0.0
237.0
236.0
236.0
236.0
236.0
236.0
236.0
236.0
238.0
235.0
235.0
236.0
236.0
236.0
236.0
236.0
235.0
235.0
1.0
1.0
236.0
236.0
237.0
236.0
235.0
236.0
235.0
236.0
236.0
236.0
301.0
301.0
300.0
301.0
301.0
301.0
300.0
301.0
0.0
1.0
301.0
300.0
236.0
236.0
236.0
236.0
236.0
236.0
236.0
236.0
236.0
235.0
235.0
236.0
236.0
236.0
235.0
235.0
1.0
0.0
235.0
235.0
236.0
236.0
237.0
236.0
236.0
236.0
236.0
236.0
236.0
236.0
236.0
236.0
252.0
252.0
252.0
251.0
1.0
1.0
252.0
252.0
253.0
252.0
252.0
252.0
236.0
236.0
236.0
236.0
235.0
236.0
236.0
236.0
236.0
236.0
236.0
236.0
1.0
0.0
236.0
235.0
235.0
236.0
236.0
236.0
236.0
236.0
236.0
236.0
236.0
236.0
236.0
236.0
236.0
236.0
236.0
236.0
0.0
1.0
253.0
253.0
253.0
253.0
253.0
254.0
253.0
252.0
253.0
253.0
236.0
236.0
237.0
236.0
236.0
236.0
237.0
237.0
1.0
0.0
236.0
236.0
237.0
236.0
236.0
237.0
236.0
236.0
236.0
236.0
237.0
237.0
237.0
236.0
236.0
235.0
236.0
236.0
1.0
0.0
236.0
236.0
236.0
236.0
303.0
303.0
303.0
303.0
303.0
303.0
303.0
303.0
303.0
303.0
236.0
236.0
236.0
236.0
1.0
1.0
236.0
236.0
235.0
235.0
236.0
236.0
236.0
237.0
237.0
237.0
237.0
236.0
237.0
237.0
237.0
237.0
237.0
236.0
1.0
1.0
236.0
236.0
236.0
235.0
236.0
236.0
236.0
236.0
253.0
254.0
254.0
253.0
254.0
254.0
254.0
254.0
253.0
254.0
0.0
1.0
236.0
236.0
235.0
236.0
236.0
236.0
236.0
236.0
236.0
236.0
236.0
236.0
237.0
236.0
235.0
236.0
235.0
236.0
1.0
0.0
236.0
236.0
236.0
236.0
235.0
236.0
236.0
236.0
236.0
236.0
235.0
236.0
254.0
254.0
254.0
253.0
253.0
253.0
1.0
0.0
81.0
82.0
82.0
82.0
99.0
99.0
99.0
98.0
82.0
81.0
81.0
81.0
81.0
82.0
82.0
81.0
82.0
81.0
0.0
1.0
82.0
81.0
81.0
82.0
82.0
81.0
81.0
81.0
82.0
82.0
82.0
82.0
82.0
81.0
82.0
82.0
82.0
82.0
0.0
1.0
82.0
81.0
81.0
81.0
82.0
82.0
81.0
82.0
82.0
81.0
81.0
82.0
82.0
82.0
81.0
81.0
81.0
81.0
0.0
1.0
236.0
236.0
236.0
236.0
235.0
235.0
236.0
236.0
236.0
236.0
236.0
236.0
236.0
235.0
236.0
236.0
236.0
236.0
1.0
0.0
236.0
236.0
300.0
300.0
300.0
301.0
300.0
300.0
300.0
300.0
300.0
300.0
236.0
235.0
236.0
236.0
236.0
235.0
1.0
1.0
235.0
236.0
236.0
236.0
236.0
237.0
236.0
236.0
236.0
236.0
236.0
236.0
236.0
236.0
236.0
236.0
236.0
236.0
1.0
1.0
236.0
236.0
237.0
236.0
236.0
237.0
259.0
261.0
267.0
264.0
267.0
273.0
267.0
269.0
268.0
267.0
270.0
270.0
0.0
1.0
270.0
272.0
271.0
271.0
270.0
270.0
270.0
270.0
267.0
265.0
262.0
262.0
261.0
260.0
260.0
259.0
260.0
260.0
1.0
1.0
242.0
241.0
241.0
242.0
242.0
242.0
241.0
241.0
241.0
241.0
258.0
258.0
257.0
256.0
257.0
256.0
257.0
257.0
1.0
1.0
257.0
256.0
244.0
244.0
244.0
243.0
243.0
242.0
242.0
242.0
243.0
243.0
236.0
236.0
236.0
236.0
236.0
236.0
1.0
1.0
236.0
236.0
236.0
236.0
236.0
236.0
236.0
236.0
235.0
236.0
236.0
236.0
236.0
236.0
304.0
303.0
303.0
304.0
1.0
1.0
303.0
304.0
304.0
304.0
303.0
303.0
236.0
236.0
236.0
236.0
236.0
235.0
235.0
236.0
236.0
236.0
236.0
236.0
0.0
1.0
236.0
236.0
236.0
236.0
236.0
236.0
236.0
236.0
236.0
236.0
236.0
235.0
236.0
236.0
236.0
236.0
236.0
237.0
0.0
1.0
252.0
252.0
251.0
252.0
252.0
252.0
252.0
252.0
252.0
252.0
236.0
236.0
236.0
236.0
236.0
236.0
236.0
236.0
1.0
0.0
236.0
236.0
236.0
236.0
237.0
236.0
236.0
237.0
236.0
236.0
236.0
236.0
236.0
236.0
236.0
236.0
235.0
236.0
1.0
0.0
236.0
237.0
236.0
236.0
252.0
252.0
252.0
251.0
252.0
252.0
252.0
252.0
252.0
252.0
237.0
237.0
237.0
237.0
1.0
1.0
237.0
237.0
238.0
237.0
238.0
237.0
236.0
235.0
236.0
236.0
236.0
236.0
235.0
236.0
235.0
236.0
236.0
237.0
0.0
1.0
236.0
236.0
236.0
235.0
236.0
237.0
237.0
236.0
303.0
302.0
302.0
303.0
303.0
302.0
302.0
302.0
302.0
302.0
0.0
1.0
236.0
236.0
236.0
236.0
235.0
235.0
236.0
236.0
236.0
236.0
236.0
236.0
236.0
236.0
236.0
237.0
236.0
237.0
1.0
0.0
236.0
237.0
237.0
236.0
237.0
237.0
237.0
236.0
237.0
236.0
236.0
236.0
252.0
253.0
252.0
252.0
253.0
252.0
0.0
1.0
97.0
97.0
97.0
96.0
82.0
82.0
82.0
83.0
82.0
82.0
82.0
81.0
82.0
81.0
81.0
82.0
83.0
82.0
0.0
0.0
82.0
82.0
82.0
82.0
82.0
82.0
82.0
82.0
81.0
82.0
81.0
82.0
82.0
82.0
81.0
81.0
82.0
81.0
1.0
0.0
82.0
82.0
82.0
81.0
81.0
81.0
82.0
82.0
81.0
82.0
81.0
82.0
79.0
79.0
79.0
79.0
78.0
74.0
