3.0
2.0
2.0
1.0
1.0
1.0
1.0
1.0
1.0
1.0
38.0
38.0
327.0
328.0
313.0
328.0
328.0
326.0
555.0
460.0
444.0
546.0
237.0
290.0
290.0
289.0
290.0
291.0
289.0
244.0
16.0
25.0
239.0
287.0
277.0
288.0
288.0
289.0
288.0
288.0
250.0
287.0
252.0
252.0
287.0
287.0
288.0
288.0
287.0
286.0
10.0
11.0
245.0
285.0
249.0
247.0
288.0
288.0
287.0
287.0
288.0
286.0
247.0
245.0
281.0
244.0
283.0
287.0
284.0
286.0
12.0
12.0
244.0
283.0
285.0
245.0
281.0
245.0
281.0
245.0
285.0
284.0
285.0
280.0
286.0
245.0
245.0
281.0
245.0
284.0
4.0
4.0
278.0
278.0
241.0
279.0
276.0
277.0
241.0
276.0
241.0
238.0
273.0
273.0
274.0
274.0
273.0
238.0
274.0
273.0
17.0
16.0
251.0
251.0
288.0
250.0
287.0
289.0
288.0
288.0
288.0
287.0
251.0
251.0
251.0
314.0
314.0
314.0
314.0
314.0
12.0
12.0
308.0
273.0
309.0
271.0
272.0
285.0
286.0
282.0
284.0
282.0
286.0
249.0
248.0
282.0
247.0
282.0
281.0
285.0
1.0
1.0
270.0
269.0
238.0
272.0
238.0
268.0
238.0
270.0
238.0
270.0
270.0
276.0
273.0
233.0
272.0
237.0
266.0
243.0
0.0
0.0
148.0
234.0
146.0
146.0
236.0
147.0
136.0
147.0
148.0
142.0
144.0
142.0
142.0
128.0
141.0
128.0
227.0
141.0
1.0
2.0
229.0
141.0
140.0
141.0
128.0
141.0
142.0
128.0
141.0
140.0
138.0
128.0
138.0
136.0
221.0
126.0
132.0
208.0
39.0
23.0
521.0
295.0
294.0
266.0
302.0
294.0
520.0
403.0
299.0
388.0
287.0
291.0
291.0
291.0
298.0
291.0
292.0
291.0
25.0
25.0
292.0
312.0
292.0
290.0
292.0
289.0
292.0
291.0
294.0
273.0
289.0
303.0
271.0
288.0
289.0
310.0
288.0
287.0
17.0
14.0
258.0
272.0
270.0
260.0
293.0
267.0
268.0
266.0
263.0
298.0
266.0
265.0
265.0
265.0
266.0
265.0
264.0
266.0
15.0
15.0
266.0
266.0
266.0
265.0
266.0
265.0
270.0
269.0
271.0
271.0
273.0
273.0
272.0
272.0
273.0
272.0
266.0
267.0
6.0
6.0
142.0
141.0
142.0
142.0
141.0
141.0
141.0
140.0
142.0
142.0
142.0
142.0
142.0
142.0
141.0
142.0
154.0
153.0
2.0
2.0
152.0
153.0
152.0
152.0
153.0
153.0
153.0
152.0
140.0
137.0
140.0
140.0
139.0
140.0
139.0
139.0
139.0
140.0
2.0
2.0
137.0
138.0
139.0
140.0
141.0
139.0
140.0
139.0
138.0
138.0
137.0
138.0
141.0
140.0
137.0
138.0
137.0
138.0
2.0
2.0
137.0
137.0
137.0
138.0
138.0
137.0
137.0
138.0
140.0
137.0
137.0
137.0
137.0
137.0
137.0
137.0
138.0
138.0
2.0
2.0
138.0
137.0
138.0
138.0
136.0
137.0
138.0
137.0
137.0
137.0
137.0
138.0
137.0
138.0
136.0
137.0
143.0
144.0
1.0
2.0
144.0
144.0
144.0
143.0
144.0
144.0
143.0
144.0
139.0
138.0
138.0
138.0
138.0
137.0
137.0
137.0
137.0
137.0
19.0
19.0
269.0
269.0
268.0
269.0
270.0
269.0
269.0
268.0
268.0
267.0
270.0
272.0
269.0
270.0
269.0
269.0
268.0
270.0
18.0
18.0
267.0
268.0
267.0
268.0
268.0
268.0
273.0
273.0
272.0
274.0
273.0
274.0
274.0
274.0
274.0
275.0
270.0
269.0
17.0
16.0
266.0
267.0
265.0
267.0
267.0
267.0
267.0
266.0
267.0
267.0
265.0
266.0
265.0
266.0
283.0
282.0
282.0
282.0
8.0
8.0
274.0
273.0
271.0
274.0
273.0
273.0
258.0
258.0
259.0
259.0
258.0
259.0
258.0
258.0
257.0
259.0
258.0
257.0
2.0
1.0
138.0
137.0
137.0
137.0
137.0
137.0
136.0
136.0
138.0
138.0
138.0
137.0
137.0
137.0
137.0
138.0
138.0
137.0
1.0
1.0
137.0
138.0
137.0
138.0
137.0
137.0
136.0
137.0
137.0
137.0
137.0
137.0
137.0
137.0
136.0
136.0
136.0
137.0
1.0
2.0
137.0
137.0
137.0
137.0
143.0
141.0
143.0
144.0
144.0
144.0
144.0
143.0
144.0
144.0
138.0
139.0
137.0
137.0
1.0
1.0
136.0
137.0
137.0
137.0
137.0
137.0
138.0
137.0
137.0
137.0
136.0
137.0
137.0
136.0
136.0
137.0
137.0
137.0
1.0
1.0
137.0
137.0
136.0
137.0
137.0
136.0
138.0
136.0
136.0
136.0
136.0
137.0
135.0
136.0
137.0
137.0
136.0
136.0
1.0
2.0
137.0
136.0
136.0
137.0
136.0
136.0
137.0
137.0
137.0
137.0
137.0
137.0
137.0
137.0
136.0
136.0
136.0
136.0
13.0
13.0
269.0
269.0
269.0
270.0
271.0
270.0
268.0
269.0
271.0
270.0
263.0
263.0
264.0
263.0
262.0
262.0
261.0
262.0
12.0
11.0
261.0
262.0
262.0
262.0
261.0
261.0
260.0
261.0
260.0
260.0
261.0
262.0
277.0
278.0
276.0
276.0
276.0
277.0
10.0
10.0
275.0
275.0
275.0
275.0
260.0
260.0
260.0
260.0
260.0
260.0
259.0
260.0
259.0
261.0
263.0
260.0
259.0
261.0
6.0
6.0
142.0
142.0
142.0
142.0
142.0
142.0
141.0
142.0
142.0
142.0
141.0
143.0
143.0
142.0
142.0
142.0
143.0
142.0
1.0
1.0
136.0
136.0
136.0
137.0
137.0
137.0
137.0
137.0
137.0
137.0
136.0
137.0
136.0
137.0
137.0
137.0
138.0
137.0
1.0
1.0
144.0
144.0
143.0
143.0
143.0
144.0
143.0
144.0
143.0
143.0
136.0
136.0
137.0
137.0
136.0
137.0
137.0
137.0
1.0
1.0
137.0
137.0
137.0
138.0
136.0
137.0
137.0
137.0
137.0
138.0
136.0
137.0
137.0
136.0
136.0
137.0
136.0
137.0
0.0
0.0
137.0
136.0
137.0
136.0
136.0
137.0
136.0
136.0
137.0
136.0
137.0
136.0
137.0
137.0
137.0
136.0
136.0
137.0
1.0
1.0
136.0
137.0
137.0
137.0
137.0
136.0
136.0
137.0
135.0
136.0
138.0
136.0
136.0
137.0
137.0
137.0
136.0
136.0
0.0
1.0
143.0
143.0
143.0
143.0
144.0
143.0
144.0
144.0
144.0
143.0
137.0
138.0
136.0
137.0
136.0
137.0
137.0
136.0
12.0
13.0
261.0
263.0
262.0
262.0
263.0
263.0
262.0
262.0
264.0
262.0
261.0
263.0
262.0
262.0
262.0
263.0
262.0
262.0
11.0
11.0
261.0
261.0
277.0
280.0
278.0
279.0
279.0
281.0
281.0
282.0
278.0
282.0
260.0
265.0
261.0
264.0
264.0
261.0
10.0
10.0
263.0
260.0
264.0
262.0
259.0
259.0
260.0
259.0
259.0
261.0
260.0
259.0
260.0
259.0
259.0
260.0
260.0
261.0
6.0
6.0
142.0
143.0
143.0
142.0
142.0
142.0
141.0
142.0
142.0
142.0
142.0
143.0
141.0
148.0
147.0
148.0
148.0
149.0
1.0
1.0
144.0
143.0
144.0
144.0
143.0
138.0
138.0
137.0
136.0
137.0
137.0
138.0
137.0
137.0
136.0
136.0
136.0
136.0
1.0
1.0
136.0
136.0
137.0
136.0
137.0
137.0
137.0
137.0
137.0
137.0
136.0
137.0
136.0
137.0
137.0
137.0
136.0
137.0
1.0
1.0
136.0
136.0
136.0
137.0
136.0
137.0
136.0
137.0
136.0
137.0
137.0
136.0
137.0
137.0
137.0
136.0
137.0
136.0
1.0
1.0
135.0
136.0
136.0
136.0
136.0
136.0
137.0
137.0
137.0
137.0
136.0
137.0
137.0
137.0
142.0
143.0
143.0
144.0
0.0
1.0
143.0
144.0
143.0
143.0
143.0
143.0
137.0
137.0
137.0
138.0
137.0
137.0
136.0
137.0
137.0
138.0
136.0
137.0
1.0
0.0
136.0
137.0
139.0
137.0
137.0
136.0
136.0
136.0
136.0
137.0
137.0
137.0
136.0
137.0
135.0
136.0
137.0
136.0
7.0
7.0
256.0
256.0
256.0
257.0
256.0
257.0
257.0
256.0
257.0
257.0
274.0
274.0
274.0
273.0
275.0
273.0
276.0
274.0
5.0
4.0
271.0
272.0
253.0
254.0
253.0
254.0
254.0
254.0
254.0
254.0
254.0
254.0
253.0
254.0
254.0
254.0
255.0
253.0
1.0
1.0
136.0
135.0
136.0
136.0
136.0
136.0
137.0
136.0
137.0
136.0
136.0
136.0
136.0
136.0
136.0
137.0
136.0
136.0
1.0
1.0
136.0
137.0
137.0
136.0
136.0
136.0
136.0
136.0
137.0
136.0
142.0
143.0
143.0
143.0
143.0
142.0
143.0
143.0
0.0
1.0
143.0
143.0
136.0
136.0
136.0
136.0
136.0
138.0
137.0
136.0
136.0
135.0
137.0
136.0
136.0
137.0
137.0
136.0
1.0
0.0
137.0
137.0
136.0
137.0
139.0
141.0
140.0
139.0
138.0
140.0
145.0
146.0
146.0
144.0
145.0
146.0
148.0
143.0
0.0
1.0
140.0
154.0
138.0
146.0
146.0
146.0
137.0
137.0
145.0
137.0
145.0
149.0
138.0
145.0
143.0
144.0
138.0
138.0
1.0
1.0
138.0
138.0
139.0
151.0
138.0
137.0
137.0
136.0
142.0
143.0
142.0
142.0
142.0
144.0
154.0
143.0
143.0
143.0
0.0
1.0
139.0
139.0
138.0
136.0
137.0
138.0
151.0
136.0
136.0
137.0
138.0
137.0
138.0
137.0
136.0
138.0
137.0
136.0
1.0
0.0
151.0
137.0
136.0
136.0
136.0
137.0
136.0
137.0
136.0
136.0
136.0
146.0
137.0
137.0
137.0
136.0
137.0
136.0
19.0
19.0
269.0
269.0
269.0
292.0
270.0
269.0
269.0
268.0
269.0
271.0
288.0
290.0
288.0
306.0
289.0
291.0
289.0
288.0
18.0
18.0
288.0
288.0
268.0
268.0
268.0
269.0
268.0
268.0
268.0
268.0
268.0
267.0
267.0
268.0
268.0
267.0
268.0
268.0
16.0
16.0
267.0
266.0
265.0
266.0
266.0
266.0
266.0
267.0
266.0
266.0
271.0
270.0
274.0
274.0
274.0
274.0
273.0
275.0
8.0
9.0
267.0
266.0
260.0
260.0
258.0
257.0
257.0
259.0
258.0
257.0
258.0
258.0
258.0
258.0
256.0
257.0
259.0
258.0
2.0
1.0
137.0
138.0
137.0
137.0
137.0
138.0
136.0
136.0
137.0
137.0
137.0
138.0
137.0
137.0
137.0
137.0
136.0
137.0
1.0
2.0
136.0
142.0
138.0
138.0
137.0
138.0
138.0
137.0
137.0
137.0
143.0
151.0
144.0
144.0
143.0
144.0
144.0
144.0
1.0
1.0
144.0
144.0
139.0
137.0
136.0
136.0
138.0
137.0
135.0
138.0
136.0
136.0
137.0
137.0
138.0
137.0
137.0
137.0
1.0
1.0
136.0
136.0
153.0
137.0
137.0
137.0
136.0
137.0
136.0
137.0
136.0
136.0
137.0
137.0
137.0
138.0
138.0
137.0
2.0
1.0
136.0
137.0
136.0
136.0
136.0
137.0
137.0
137.0
137.0
137.0
137.0
137.0
136.0
136.0
136.0
136.0
156.0
159.0
1.0
1.0
158.0
158.0
157.0
159.0
157.0
159.0
160.0
160.0
137.0
137.0
136.0
137.0
137.0
137.0
136.0
141.0
139.0
138.0
12.0
12.0
263.0
263.0
262.0
263.0
262.0
263.0
260.0
266.0
267.0
263.0
261.0
262.0
262.0
263.0
262.0
263.0
261.0
266.0
11.0
11.0
262.0
265.0
261.0
261.0
261.0
262.0
262.0
261.0
264.0
271.0
268.0
270.0
268.0
268.0
269.0
268.0
268.0
270.0
11.0
10.0
260.0
260.0
260.0
260.0
259.0
260.0
261.0
260.0
260.0
260.0
259.0
260.0
260.0
260.0
260.0
260.0
260.0
260.0
6.0
6.0
142.0
142.0
142.0
142.0
142.0
142.0
143.0
142.0
141.0
142.0
141.0
142.0
143.0
142.0
142.0
143.0
142.0
143.0
1.0
1.0
136.0
137.0
141.0
143.0
142.0
144.0
143.0
143.0
144.0
144.0
142.0
144.0
138.0
138.0
138.0
137.0
138.0
137.0
1.0
1.0
137.0
137.0
136.0
137.0
137.0
137.0
138.0
137.0
137.0
138.0
138.0
137.0
136.0
138.0
136.0
136.0
136.0
138.0
1.0
0.0
138.0
136.0
137.0
138.0
137.0
138.0
137.0
138.0
138.0
137.0
137.0
137.0
137.0
137.0
136.0
137.0
136.0
136.0
1.0
0.0
136.0
137.0
136.0
137.0
137.0
136.0
136.0
136.0
137.0
137.0
155.0
158.0
158.0
158.0
158.0
158.0
156.0
159.0
1.0
1.0
157.0
159.0
137.0
138.0
138.0
138.0
138.0
138.0
136.0
139.0
135.0
138.0
137.0
138.0
139.0
139.0
138.0
135.0
0.0
1.0
139.0
138.0
136.0
137.0
139.0
137.0
138.0
137.0
136.0
137.0
139.0
140.0
137.0
136.0
138.0
138.0
138.0
138.0
7.0
7.0
255.0
256.0
257.0
261.0
256.0
257.0
260.0
262.0
261.0
259.0
260.0
263.0
263.0
266.0
263.0
263.0
266.0
265.0
0.0
1.0
137.0
136.0
143.0
143.0
138.0
138.0
137.0
137.0
137.0
136.0
137.0
136.0
136.0
137.0
136.0
136.0
138.0
136.0
1.0
0.0
136.0
136.0
136.0
136.0
139.0
136.0
135.0
137.0
136.0
139.0
139.0
139.0
139.0
137.0
136.0
136.0
136.0
137.0
0.0
1.0
137.0
137.0
136.0
136.0
137.0
137.0
136.0
137.0
135.0
136.0
136.0
136.0
136.0
136.0
136.0
137.0
136.0
137.0
0.0
1.0
136.0
137.0
135.0
136.0
136.0
136.0
137.0
137.0
137.0
136.0
136.0
136.0
136.0
136.0
141.0
144.0
144.0
144.0
1.0
0.0
144.0
145.0
144.0
144.0
144.0
143.0
138.0
137.0
137.0
137.0
137.0
136.0
136.0
137.0
137.0
137.0
136.0
136.0
1.0
0.0
137.0
136.0
137.0
135.0
136.0
136.0
137.0
138.0
138.0
138.0
138.0
137.0
139.0
137.0
136.0
137.0
136.0
137.0
0.0
1.0
136.0
135.0
136.0
136.0
137.0
136.0
135.0
136.0
136.0
136.0
136.0
137.0
136.0
136.0
136.0
136.0
135.0
137.0
1.0
1.0
137.0
137.0
137.0
136.0
136.0
137.0
136.0
137.0
136.0
136.0
136.0
158.0
157.0
159.0
159.0
158.0
158.0
158.0
0.0
1.0
158.0
159.0
159.0
136.0
136.0
136.0
135.0
136.0
136.0
137.0
136.0
137.0
137.0
137.0
136.0
136.0
136.0
136.0
7.0
7.0
257.0
255.0
257.0
257.0
257.0
258.0
256.0
255.0
257.0
257.0
257.0
255.0
256.0
257.0
257.0
258.0
256.0
256.0
1.0
0.0
136.0
136.0
137.0
136.0
137.0
135.0
136.0
137.0
137.0
136.0
135.0
136.0
136.0
144.0
143.0
143.0
143.0
143.0
1.0
1.0
143.0
143.0
143.0
143.0
144.0
136.0
136.0
136.0
136.0
137.0
137.0
137.0
135.0
137.0
136.0
136.0
136.0
137.0
0.0
1.0
137.0
136.0
137.0
136.0
136.0
136.0
137.0
137.0
135.0
139.0
136.0
137.0
136.0
138.0
138.0
139.0
139.0
136.0
1.0
1.0
135.0
136.0
137.0
136.0
137.0
137.0
137.0
136.0
137.0
137.0
137.0
136.0
137.0
137.0
137.0
136.0
136.0
136.0
0.0
1.0
136.0
136.0
135.0
137.0
136.0
137.0
136.0
137.0
136.0
136.0
136.0
136.0
136.0
137.0
142.0
143.0
142.0
145.0
1.0
0.0
144.0
145.0
144.0
144.0
142.0
144.0
138.0
137.0
137.0
136.0
136.0
136.0
136.0
137.0
136.0
136.0
137.0
136.0
0.0
1.0
137.0
137.0
137.0
136.0
136.0
137.0
135.0
138.0
137.0
137.0
136.0
138.0
138.0
139.0
138.0
136.0
136.0
137.0
1.0
0.0
137.0
137.0
136.0
136.0
136.0
136.0
137.0
137.0
136.0
136.0
136.0
136.0
137.0
136.0
136.0
136.0
136.0
137.0
1.0
1.0
136.0
136.0
137.0
137.0
136.0
136.0
135.0
136.0
136.0
158.0
160.0
161.0
161.0
161.0
161.0
161.0
161.0
161.0
1.0
24.0
254.0
250.0
254.0
254.0
254.0
253.0
253.0
255.0
253.0
255.0
252.0
250.0
253.0
256.0
255.0
255.0
253.0
252.0
1.0
0.0
139.0
138.0
136.0
138.0
137.0
136.0
137.0
137.0
137.0
137.0
136.0
135.0
136.0
137.0
137.0
135.0
137.0
136.0
1.0
1.0
137.0
137.0
137.0
136.0
136.0
137.0
137.0
136.0
136.0
137.0
136.0
137.0
136.0
136.0
143.0
143.0
143.0
143.0
1.0
1.0
143.0
143.0
143.0
143.0
143.0
143.0
137.0
136.0
136.0
137.0
137.0
137.0
137.0
137.0
137.0
136.0
136.0
137.0
1.0
1.0
136.0
135.0
136.0
136.0
136.0
136.0
137.0
136.0
137.0
136.0
137.0
136.0
136.0
137.0
136.0
137.0
137.0
137.0
1.0
1.0
136.0
137.0
136.0
136.0
136.0
136.0
137.0
136.0
137.0
136.0
136.0
136.0
136.0
136.0
136.0
137.0
136.0
136.0
0.0
1.0
137.0
136.0
137.0
140.0
145.0
140.0
144.0
144.0
149.0
143.0
144.0
145.0
145.0
144.0
144.0
142.0
142.0
142.0
1.0
1.0
142.0
143.0
143.0
142.0
141.0
138.0
139.0
142.0
141.0
139.0
141.0
141.0
141.0
139.0
138.0
138.0
139.0
142.0
0.0
1.0
142.0
141.0
141.0
142.0
141.0
138.0
138.0
138.0
138.0
142.0
142.0
142.0
142.0
142.0
142.0
140.0
139.0
138.0
0.0
1.0
139.0
140.0
140.0
138.0
139.0
138.0
138.0
137.0
137.0
136.0
134.0
137.0
135.0
131.0
134.0
135.0
134.0
126.0
