1.0
1.0
1.0
1.0
1.0
1.0
1.0
1.0
1.0
1.0
1.0
1.0
1.0
1.0
2.0
1.0
1.0
1.0
1.0
1.0
1.0
1.0
1.0
1.0
1.0
1.0
1.0
1.0
1.0
1.0
1.0
1.0
1.0
1.0
1.0
1.0
1.0
1.0
1.0
1.0
1.0
1.0
1.0
1.0
1.0
1.0
1.0
1.0
1.0
1.0
1.0
1.0
1.0
1.0
1.0
1.0
1.0
1.0
1.0
1.0
446.0
446.0
447.0
447.0
447.0
447.0
446.0
446.0
446.0
446.0
465.0
465.0
464.0
465.0
466.0
465.0
463.0
465.0
464.0
465.0
448.0
447.0
447.0
447.0
448.0
448.0
447.0
447.0
447.0
447.0
447.0
446.0
447.0
447.0
447.0
446.0
446.0
446.0
447.0
447.0
466.0
464.0
464.0
465.0
465.0
464.0
465.0
465.0
464.0
465.0
447.0
447.0
446.0
447.0
447.0
447.0
447.0
447.0
447.0
446.0
447.0
447.0
447.0
446.0
446.0
447.0
447.0
447.0
447.0
447.0
446.0
447.0
447.0
446.0
447.0
446.0
447.0
447.0
447.0
447.0
465.0
465.0
464.0
464.0
464.0
465.0
464.0
464.0
465.0
465.0
447.0
447.0
447.0
447.0
447.0
446.0
447.0
446.0
446.0
447.0
447.0
447.0
446.0
446.0
446.0
446.0
447.0
446.0
447.0
446.0
466.0
466.0
466.0
466.0
466.0
466.0
465.0
466.0
466.0
467.0
447.0
447.0
447.0
447.0
447.0
446.0
446.0
446.0
446.0
446.0
446.0
447.0
446.0
447.0
446.0
447.0
447.0
446.0
447.0
447.0
464.0
465.0
465.0
464.0
464.0
464.0
464.0
464.0
464.0
463.0
1.0
1.0
16.0
16.0
16.0
15.0
1.0
1.0
0.0
1.0
1.0
1.0
1.0
1.0
1.0
1.0
1.0
1.0
1.0
1.0
1.0
1.0
1.0
1.0
1.0
1.0
1.0
1.0
1.0
0.0
1.0
1.0
1.0
1.0
1.0
1.0
1.0
1.0
1.0
1.0
0.0
0.0
0.0
0.0
0.0
1.0
1.0
1.0
1.0
1.0
1.0
1.0
1.0
0.0
0.0
0.0
0.0
0.0
1.0
1.0
1.0
1.0
1.0
1.0
1.0
1.0
0.0
0.0
0.0
1.0
1.0
1.0
1.0
1.0
1.0
1.0
1.0
1.0
0.0
1.0
1.0
1.0
1.0
1.0
1.0
1.0
1.0
1.0
1.0
0.0
1.0
1.0
1.0
1.0
1.0
1.0
1.0
1.0
1.0
1.0
0.0
0.0
1.0
0.0
1.0
1.0
1.0
1.0
1.0
1.0
1.0
0.0
0.0
0.0
0.0
0.0
0.0
0.0
1.0
1.0
1.0
1.0
1.0
1.0
1.0
0.0
0.0
0.0
1.0
1.0
1.0
1.0
1.0
1.0
1.0
1.0
1.0
1.0
0.0
1.0
1.0
1.0
1.0
1.0
1.0
1.0
1.0
1.0
1.0
1.0
1.0
1.0
1.0
1.0
1.0
1.0
1.0
1.0
1.0
0.0
1.0
1.0
1.0
1.0
1.0
1.0
1.0
1.0
1.0
1.0
1.0
1.0
1.0
1.0
1.0
1.0
1.0
1.0
1.0
1.0
1.0
1.0
1.0
1.0
1.0
1.0
1.0
1.0
1.0
1.0
0.0
0.0
0.0
0.0
0.0
1.0
1.0
1.0
1.0
1.0
1.0
1.0
1.0
1.0
1.0
0.0
0.0
1.0
0.0
1.0
1.0
1.0
1.0
1.0
1.0
0.0
0.0
0.0
0.0
1.0
1.0
1.0
1.0
1.0
1.0
1.0
1.0
0.0
0.0
0.0
1.0
1.0
1.0
1.0
1.0
1.0
1.0
1.0
1.0
0.0
1.0
1.0
1.0
1.0
1.0
1.0
1.0
1.0
1.0
1.0
1.0
1.0
1.0
1.0
1.0
1.0
1.0
1.0
1.0
1.0
1.0
1.0
1.0
1.0
1.0
1.0
1.0
1.0
1.0
1.0
1.0
1.0
1.0
1.0
1.0
1.0
1.0
1.0
1.0
1.0
1.0
1.0
1.0
1.0
1.0
1.0
1.0
1.0
1.0
1.0
0.0
0.0
1.0
1.0
1.0
1.0
1.0
1.0
1.0
1.0
0.0
0.0
1.0
1.0
0.0
1.0
1.0
1.0
1.0
1.0
1.0
1.0
0.0
0.0
0.0
0.0
1.0
1.0
1.0
1.0
1.0
1.0
1.0
1.0
1.0
0.0
0.0
0.0
0.0
0.0
1.0
1.0
1.0
1.0
1.0
1.0
1.0
0.0
1.0
0.0
1.0
1.0
1.0
1.0
1.0
1.0
1.0
1.0
1.0
1.0
1.0
1.0
1.0
1.0
1.0
1.0
1.0
1.0
1.0
1.0
1.0
1.0
1.0
1.0
1.0
1.0
1.0
1.0
1.0
1.0
1.0
1.0
1.0
1.0
1.0
1.0
1.0
1.0
1.0
1.0
1.0
1.0
1.0
1.0
1.0
1.0
1.0
1.0
1.0
1.0
1.0
1.0
1.0
1.0
1.0
1.0
1.0
1.0
1.0
1.0
1.0
1.0
1.0
1.0
1.0
1.0
1.0
1.0
1.0
1.0
0.0
0.0
0.0
0.0
1.0
1.0
1.0
1.0
1.0
1.0
0.0
1.0
0.0
0.0
0.0
0.0
1.0
1.0
1.0
1.0
1.0
1.0
1.0
1.0
0.0
0.0
0.0
0.0
0.0
0.0
1.0
1.0
1.0
1.0
1.0
0.0
0.0
1.0
0.0
0.0
1.0
1.0
1.0
1.0
1.0
1.0
1.0
1.0
1.0
0.0
1.0
1.0
1.0
1.0
1.0
1.0
1.0
1.0
1.0
1.0
1.0
1.0
1.0
1.0
1.0
1.0
1.0
1.0
1.0
1.0
1.0
1.0
1.0
1.0
1.0
1.0
1.0
1.0
1.0
1.0
1.0
1.0
1.0
1.0
1.0
1.0
1.0
1.0
1.0
1.0
476.0
477.0
475.0
480.0
476.0
475.0
476.0
475.0
475.0
486.0
505.0
505.0
505.0
505.0
505.0
506.0
505.0
505.0
505.0
504.0
466.0
466.0
466.0
466.0
466.0
466.0
466.0
468.0
466.0
466.0
472.0
472.0
473.0
472.0
472.0
472.0
472.0
472.0
474.0
472.0
447.0
447.0
447.0
446.0
447.0
446.0
448.0
447.0
447.0
447.0
447.0
447.0
447.0
447.0
448.0
447.0
447.0
447.0
448.0
447.0
447.0
447.0
447.0
448.0
447.0
447.0
447.0
447.0
449.0
447.0
467.0
467.0
467.0
467.0
467.0
467.0
467.0
467.0
468.0
467.0
448.0
447.0
447.0
447.0
448.0
447.0
447.0
447.0
449.0
448.0
447.0
446.0
446.0
447.0
447.0
447.0
446.0
447.0
446.0
448.0
467.0
467.0
467.0
466.0
466.0
468.0
466.0
466.0
466.0
468.0
447.0
448.0
447.0
447.0
448.0
447.0
447.0
448.0
448.0
448.0
447.0
447.0
447.0
447.0
446.0
446.0
446.0
446.0
447.0
448.0
447.0
447.0
447.0
447.0
447.0
447.0
447.0
448.0
447.0
448.0
468.0
468.0
468.0
468.0
468.0
468.0
468.0
468.0
469.0
470.0
447.0
448.0
448.0
447.0
448.0
447.0
447.0
447.0
447.0
449.0
450.0
451.0
450.0
449.0
450.0
450.0
450.0
450.0
450.0
452.0
467.0
467.0
466.0
466.0
467.0
466.0
467.0
467.0
467.0
468.0
446.0
446.0
447.0
447.0
447.0
446.0
446.0
446.0
446.0
447.0
448.0
447.0
446.0
446.0
446.0
446.0
446.0
446.0
447.0
448.0
447.0
447.0
447.0
447.0
447.0
447.0
446.0
446.0
447.0
447.0
467.0
466.0
467.0
467.0
467.0
468.0
467.0
466.0
466.0
467.0
446.0
446.0
446.0
447.0
446.0
447.0
446.0
447.0
446.0
447.0
447.0
447.0
447.0
447.0
446.0
446.0
446.0
446.0
447.0
447.0
446.0
446.0
446.0
447.0
446.0
446.0
447.0
446.0
464.0
465.0
467.0
467.0
466.0
467.0
467.0
465.0
466.0
466.0
447.0
446.0
447.0
447.0
446.0
447.0
447.0
447.0
447.0
447.0
447.0
447.0
446.0
447.0
447.0
446.0
446.0
445.0
446.0
446.0
446.0
447.0
468.0
467.0
466.0
467.0
467.0
467.0
467.0
467.0
468.0
468.0
448.0
447.0
447.0
447.0
447.0
447.0
447.0
447.0
447.0
447.0
446.0
447.0
447.0
447.0
448.0
447.0
447.0
447.0
446.0
447.0
447.0
445.0
446.0
446.0
446.0
447.0
447.0
446.0
447.0
447.0
468.0
467.0
467.0
467.0
467.0
466.0
467.0
466.0
466.0
467.0
465.0
466.0
466.0
464.0
467.0
465.0
466.0
467.0
468.0
467.0
461.0
461.0
460.0
462.0
463.0
461.0
461.0
460.0
460.0
460.0
469.0
469.0
469.0
468.0
468.0
468.0
469.0
467.0
468.0
468.0
446.0
446.0
446.0
445.0
446.0
446.0
447.0
446.0
447.0
447.0
446.0
446.0
447.0
446.0
447.0
446.0
446.0
446.0
447.0
447.0
448.0
448.0
448.0
447.0
448.0
447.0
447.0
448.0
447.0
457.0
469.0
469.0
469.0
469.0
468.0
469.0
469.0
469.0
469.0
469.0
446.0
446.0
446.0
447.0
446.0
447.0
446.0
446.0
447.0
447.0
448.0
447.0
447.0
447.0
446.0
447.0
447.0
448.0
446.0
448.0
468.0
468.0
468.0
467.0
467.0
467.0
467.0
468.0
467.0
469.0
446.0
447.0
447.0
447.0
448.0
447.0
446.0
446.0
447.0
448.0
446.0
447.0
447.0
446.0
446.0
447.0
447.0
447.0
445.0
448.0
447.0
447.0
447.0
446.0
447.0
446.0
446.0
447.0
447.0
448.0
468.0
468.0
468.0
469.0
468.0
468.0
468.0
467.0
467.0
469.0
447.0
447.0
446.0
446.0
446.0
447.0
447.0
447.0
446.0
447.0
447.0
447.0
447.0
447.0
447.0
447.0
447.0
447.0
447.0
448.0
467.0
468.0
467.0
468.0
468.0
467.0
468.0
467.0
467.0
468.0
446.0
447.0
445.0
447.0
447.0
447.0
446.0
446.0
447.0
447.0
446.0
446.0
446.0
446.0
446.0
446.0
446.0
445.0
446.0
446.0
447.0
447.0
447.0
447.0
447.0
447.0
447.0
447.0
447.0
448.0
470.0
470.0
470.0
470.0
469.0
470.0
470.0
471.0
469.0
469.0
446.0
446.0
447.0
447.0
446.0
446.0
446.0
446.0
446.0
447.0
448.0
448.0
448.0
449.0
448.0
448.0
448.0
447.0
447.0
448.0
467.0
467.0
467.0
467.0
467.0
467.0
466.0
466.0
466.0
466.0
447.0
447.0
447.0
446.0
446.0
447.0
446.0
446.0
447.0
447.0
446.0
447.0
447.0
446.0
447.0
447.0
446.0
447.0
446.0
447.0
448.0
447.0
447.0
448.0
448.0
449.0
448.0
448.0
447.0
448.0
465.0
465.0
465.0
464.0
465.0
465.0
466.0
466.0
465.0
465.0
450.0
450.0
450.0
451.0
450.0
450.0
450.0
450.0
450.0
450.0
448.0
448.0
448.0
447.0
448.0
448.0
447.0
449.0
448.0
449.0
467.0
467.0
467.0
467.0
467.0
467.0
466.0
466.0
467.0
466.0
449.0
450.0
450.0
450.0
449.0
448.0
448.0
448.0
449.0
450.0
446.0
446.0
447.0
447.0
447.0
447.0
447.0
448.0
446.0
448.0
461.0
457.0
458.0
464.0
457.0
457.0
456.0
455.0
456.0
460.0
468.0
469.0
469.0
469.0
468.0
469.0
468.0
468.0
469.0
469.0
449.0
448.0
448.0
448.0
448.0
448.0
448.0
447.0
447.0
449.0
446.0
446.0
446.0
446.0
446.0
446.0
446.0
447.0
446.0
447.0
464.0
464.0
464.0
464.0
465.0
464.0
464.0
463.0
463.0
464.0
446.0
446.0
446.0
446.0
446.0
446.0
446.0
446.0
446.0
447.0
447.0
447.0
446.0
446.0
447.0
447.0
447.0
447.0
446.0
448.0
447.0
446.0
446.0
446.0
446.0
446.0
446.0
447.0
446.0
447.0
464.0
464.0
464.0
464.0
464.0
464.0
464.0
464.0
464.0
466.0
448.0
449.0
448.0
448.0
447.0
448.0
449.0
448.0
449.0
448.0
446.0
446.0
447.0
447.0
447.0
446.0
446.0
447.0
447.0
448.0
466.0
465.0
464.0
464.0
464.0
464.0
464.0
463.0
464.0
465.0
448.0
446.0
446.0
446.0
446.0
447.0
447.0
446.0
446.0
448.0
447.0
447.0
446.0
447.0
446.0
446.0
447.0
447.0
447.0
448.0
446.0
447.0
446.0
446.0
446.0
446.0
446.0
446.0
445.0
447.0
466.0
466.0
466.0
466.0
465.0
466.0
465.0
465.0
466.0
467.0
447.0
447.0
447.0
447.0
447.0
447.0
447.0
447.0
446.0
447.0
447.0
447.0
447.0
447.0
447.0
447.0
447.0
447.0
447.0
447.0
464.0
464.0
464.0
464.0
464.0
464.0
464.0
465.0
464.0
465.0
446.0
446.0
446.0
446.0
447.0
447.0
446.0
446.0
446.0
447.0
446.0
446.0
446.0
447.0
447.0
446.0
446.0
447.0
447.0
447.0
446.0
446.0
446.0
446.0
446.0
447.0
447.0
446.0
446.0
447.0
465.0
466.0
466.0
465.0
465.0
465.0
465.0
466.0
465.0
465.0
447.0
446.0
446.0
446.0
447.0
446.0
447.0
446.0
447.0
447.0
447.0
447.0
446.0
446.0
447.0
447.0
447.0
447.0
446.0
447.0
465.0
465.0
465.0
465.0
464.0
465.0
465.0
464.0
464.0
465.0
446.0
446.0
446.0
446.0
447.0
446.0
446.0
447.0
446.0
447.0
448.0
447.0
446.0
446.0
446.0
446.0
447.0
447.0
447.0
447.0
447.0
446.0
447.0
446.0
446.0
446.0
447.0
446.0
447.0
448.0
466.0
465.0
466.0
465.0
465.0
466.0
465.0
465.0
465.0
466.0
447.0
447.0
447.0
446.0
446.0
446.0
446.0
446.0
447.0
447.0
446.0
446.0
447.0
446.0
446.0
446.0
446.0
446.0
447.0
447.0
463.0
463.0
463.0
463.0
464.0
463.0
464.0
464.0
463.0
465.0
455.0
457.0
456.0
456.0
455.0
459.0
455.0
457.0
459.0
463.0
451.0
451.0
452.0
451.0
450.0
451.0
451.0
452.0
451.0
447.0
447.0
447.0
447.0
448.0
447.0
447.0
446.0
447.0
447.0
448.0
465.0
463.0
464.0
464.0
464.0
464.0
465.0
464.0
464.0
465.0
447.0
446.0
446.0
446.0
446.0
446.0
446.0
446.0
447.0
447.0
446.0
446.0
446.0
445.0
446.0
446.0
446.0
446.0
446.0
448.0
463.0
463.0
463.0
464.0
464.0
465.0
464.0
464.0
464.0
464.0
447.0
447.0
446.0
446.0
446.0
446.0
446.0
445.0
446.0
448.0
446.0
446.0
446.0
446.0
446.0
446.0
447.0
447.0
446.0
447.0
447.0
447.0
447.0
447.0
446.0
445.0
447.0
446.0
446.0
448.0
464.0
463.0
465.0
464.0
464.0
463.0
464.0
463.0
464.0
465.0
447.0
446.0
446.0
446.0
446.0
446.0
446.0
447.0
447.0
447.0
446.0
447.0
447.0
447.0
447.0
446.0
447.0
446.0
445.0
448.0
463.0
463.0
463.0
463.0
463.0
464.0
463.0
463.0
463.0
464.0
446.0
446.0
447.0
447.0
446.0
446.0
447.0
447.0
446.0
447.0
447.0
446.0
447.0
447.0
446.0
446.0
446.0
446.0
446.0
447.0
446.0
446.0
446.0
446.0
446.0
446.0
445.0
447.0
447.0
464.0
468.0
467.0
467.0
467.0
467.0
467.0
468.0
466.0
467.0
451.0
451.0
452.0
452.0
451.0
452.0
452.0
451.0
452.0
451.0
452.0
450.0
449.0
449.0
450.0
449.0
450.0
450.0
449.0
449.0
450.0
466.0
466.0
466.0
467.0
466.0
466.0
465.0
465.0
466.0
468.0
449.0
450.0
450.0
450.0
450.0
450.0
450.0
450.0
449.0
450.0
451.0
450.0
451.0
451.0
451.0
451.0
452.0
451.0
452.0
452.0
450.0
450.0
450.0
449.0
450.0
450.0
450.0
450.0
450.0
466.0
464.0
464.0
465.0
463.0
465.0
464.0
464.0
465.0
464.0
448.0
447.0
447.0
446.0
447.0
447.0
447.0
446.0
447.0
448.0
448.0
450.0
450.0
450.0
449.0
449.0
448.0
450.0
449.0
449.0
450.0
464.0
464.0
463.0
464.0
464.0
464.0
464.0
464.0
465.0
465.0
447.0
445.0
446.0
446.0
446.0
445.0
447.0
446.0
446.0
448.0
446.0
447.0
447.0
448.0
448.0
446.0
447.0
447.0
447.0
447.0
446.0
446.0
446.0
446.0
446.0
446.0
445.0
446.0
447.0
462.0
464.0
465.0
465.0
464.0
465.0
465.0
465.0
464.0
464.0
448.0
447.0
446.0
446.0
447.0
446.0
446.0
446.0
447.0
446.0
447.0
447.0
446.0
446.0
446.0
447.0
446.0
445.0
446.0
447.0
461.0
497.0
496.0
497.0
496.0
497.0
501.0
496.0
495.0
497.0
481.0
448.0
448.0
447.0
448.0
448.0
447.0
448.0
448.0
449.0
450.0
449.0
449.0
449.0
448.0
448.0
449.0
448.0
448.0
448.0
449.0
447.0
447.0
447.0
447.0
447.0
448.0
447.0
448.0
447.0
463.0
464.0
464.0
464.0
464.0
465.0
465.0
463.0
464.0
465.0
448.0
447.0
447.0
447.0
448.0
448.0
447.0
446.0
447.0
447.0
448.0
446.0
447.0
447.0
446.0
447.0
447.0
446.0
447.0
447.0
447.0
464.0
464.0
463.0
464.0
464.0
464.0
464.0
463.0
464.0
465.0
448.0
448.0
448.0
448.0
448.0
447.0
448.0
448.0
448.0
448.0
447.0
448.0
448.0
447.0
449.0
447.0
447.0
448.0
448.0
449.0
448.0
447.0
447.0
447.0
447.0
447.0
447.0
447.0
447.0
468.0
471.0
470.0
469.0
470.0
470.0
470.0
469.0
471.0
470.0
449.0
446.0
447.0
446.0
446.0
446.0
446.0
446.0
446.0
446.0
447.0
449.0
447.0
447.0
447.0
447.0
448.0
447.0
447.0
448.0
448.0
464.0
464.0
464.0
464.0
463.0
464.0
463.0
464.0
464.0
466.0
446.0
446.0
447.0
446.0
446.0
446.0
446.0
446.0
446.0
447.0
446.0
446.0
446.0
446.0
447.0
447.0
446.0
445.0
444.0
422.0
