1.0
1.0
1.0
1.0
1.0
1.0
1.0
1.0
1.0
1.0
1.0
1.0
1.0
1.0
1.0
1.0
1.0
1.0
2.0
1.0
1.0
1.0
1.0
1.0
1.0
1.0
1.0
1.0
1.0
1.0
1.0
1.0
1.0
2.0
2.0
2.0
1.0
1.0
1.0
1.0
1.0
1.0
2.0
1.0
1.0
2.0
1.0
1.0
2.0
1.0
2.0
2.0
1.0
1.0
1.0
2.0
1.0
1.0
1.0
1.0
349.0
414.0
232.0
232.0
292.0
237.0
239.0
265.0
416.0
348.0
228.0
228.0
252.0
235.0
212.0
227.0
228.0
228.0
337.0
335.0
227.0
228.0
232.0
223.0
188.0
227.0
253.0
229.0
217.0
247.0
247.0
236.0
248.0
247.0
248.0
249.0
248.0
222.0
263.0
295.0
293.0
265.0
291.0
293.0
295.0
294.0
269.0
291.0
203.0
235.0
226.0
225.0
225.0
224.0
222.0
243.0
202.0
224.0
204.0
308.0
329.0
223.0
221.0
219.0
220.0
205.0
208.0
205.0
220.0
220.0
219.0
205.0
216.0
215.0
207.0
371.0
205.0
394.0
214.0
212.0
212.0
204.0
232.0
235.0
229.0
229.0
237.0
236.0
396.0
237.0
231.0
373.0
213.0
208.0
212.0
206.0
212.0
211.0
213.0
205.0
203.0
212.0
212.0
205.0
212.0
318.0
305.0
214.0
205.0
212.0
207.0
211.0
212.0
207.0
211.0
214.0
213.0
212.0
212.0
212.0
212.0
215.0
210.0
212.0
210.0
235.0
234.0
234.0
236.0
235.0
236.0
237.0
234.0
297.0
297.0
275.0
274.0
277.0
278.0
274.0
272.0
274.0
271.0
212.0
211.0
205.0
194.0
203.0
194.0
204.0
1.0
0.0
1.0
1.0
0.0
1.0
1.0
1.0
1.0
1.0
1.0
2.0
1.0
1.0
2.0
1.0
1.0
1.0
1.0
1.0
1.0
1.0
1.0
1.0
1.0
1.0
1.0
1.0
1.0
1.0
1.0
1.0
1.0
1.0
1.0
1.0
1.0
1.0
2.0
2.0
1.0
1.0
1.0
1.0
1.0
1.0
1.0
1.0
0.0
1.0
1.0
1.0
1.0
1.0
1.0
1.0
2.0
1.0
0.0
0.0
1.0
1.0
2.0
2.0
1.0
2.0
0.0
1.0
0.0
0.0
1.0
1.0
1.0
2.0
1.0
1.0
1.0
1.0
1.0
1.0
1.0
1.0
2.0
1.0
1.0
1.0
1.0
1.0
1.0
1.0
1.0
1.0
2.0
2.0
1.0
1.0
1.0
1.0
1.0
2.0
1.0
1.0
0.0
1.0
1.0
1.0
1.0
1.0
2.0
1.0
0.0
1.0
1.0
1.0
1.0
1.0
1.0
2.0
1.0
1.0
1.0
0.0
0.0
1.0
2.0
1.0
2.0
2.0
0.0
1.0
0.0
1.0
1.0
1.0
1.0
1.0
1.0
1.0
1.0
1.0
1.0
1.0
1.0
1.0
1.0
1.0
2.0
1.0
1.0
1.0
1.0
1.0
2.0
2.0
1.0
1.0
0.0
1.0
1.0
1.0
1.0
2.0
1.0
1.0
1.0
1.0
1.0
1.0
1.0
1.0
1.0
1.0
0.0
0.0
1.0
1.0
1.0
1.0
1.0
2.0
1.0
1.0
0.0
1.0
0.0
1.0
2.0
1.0
1.0
1.0
1.0
1.0
1.0
1.0
1.0
1.0
1.0
1.0
1.0
1.0
1.0
1.0
1.0
1.0
1.0
1.0
2.0
2.0
2.0
0.0
1.0
1.0
1.0
1.0
2.0
2.0
1.0
1.0
1.0
1.0
1.0
1.0
1.0
1.0
1.0
1.0
1.0
1.0
1.0
1.0
1.0
2.0
2.0
2.0
0.0
0.0
1.0
1.0
1.0
2.0
2.0
1.0
1.0
0.0
1.0
1.0
1.0
1.0
1.0
1.0
2.0
0.0
1.0
1.0
1.0
2.0
2.0
1.0
1.0
2.0
1.0
1.0
1.0
1.0
1.0
1.0
2.0
1.0
1.0
1.0
0.0
1.0
1.0
1.0
1.0
2.0
1.0
1.0
1.0
1.0
1.0
1.0
1.0
1.0
2.0
1.0
1.0
1.0
1.0
1.0
1.0
1.0
1.0
1.0
1.0
0.0
1.0
1.0
1.0
1.0
2.0
1.0
1.0
1.0
0.0
0.0
1.0
1.0
1.0
1.0
1.0
1.0
1.0
1.0
1.0
1.0
1.0
1.0
2.0
2.0
1.0
1.0
1.0
1.0
1.0
1.0
1.0
1.0
2.0
2.0
0.0
1.0
1.0
1.0
1.0
1.0
1.0
1.0
2.0
1.0
1.0
1.0
1.0
1.0
2.0
2.0
1.0
2.0
0.0
1.0
1.0
1.0
1.0
2.0
2.0
1.0
1.0
1.0
1.0
1.0
1.0
1.0
1.0
2.0
0.0
1.0
1.0
1.0
1.0
1.0
1.0
1.0
2.0
1.0
0.0
1.0
1.0
1.0
2.0
2.0
1.0
1.0
1.0
1.0
0.0
1.0
1.0
2.0
1.0
1.0
1.0
1.0
1.0
1.0
1.0
1.0
1.0
1.0
1.0
1.0
1.0
0.0
1.0
1.0
1.0
1.0
1.0
2.0
2.0
1.0
1.0
1.0
1.0
1.0
1.0
1.0
1.0
1.0
0.0
0.0
1.0
1.0
1.0
1.0
1.0
2.0
1.0
0.0
1.0
1.0
1.0
1.0
2.0
2.0
1.0
2.0
1.0
0.0
1.0
1.0
1.0
1.0
2.0
2.0
0.0
1.0
1.0
1.0
1.0
1.0
1.0
2.0
1.0
1.0
1.0
1.0
1.0
1.0
2.0
2.0
1.0
2.0
0.0
1.0
1.0
1.0
1.0
1.0
1.0
1.0
1.0
1.0
0.0
1.0
1.0
1.0
1.0
1.0
1.0
2.0
1.0
0.0
1.0
1.0
1.0
1.0
1.0
2.0
1.0
1.0
1.0
0.0
0.0
1.0
1.0
1.0
1.0
1.0
1.0
1.0
414.0
415.0
430.0
243.0
246.0
244.0
243.0
430.0
246.0
243.0
230.0
231.0
231.0
204.0
233.0
228.0
228.0
210.0
298.0
299.0
188.0
228.0
228.0
229.0
228.0
229.0
190.0
191.0
228.0
228.0
229.0
228.0
228.0
227.0
229.0
205.0
200.0
201.0
247.0
247.0
248.0
249.0
249.0
222.0
248.0
246.0
276.0
278.0
282.0
256.0
280.0
282.0
288.0
283.0
286.0
290.0
201.0
198.0
226.0
208.0
225.0
248.0
223.0
229.0
230.0
230.0
199.0
228.0
210.0
220.0
219.0
219.0
205.0
221.0
225.0
207.0
224.0
203.0
207.0
215.0
207.0
213.0
213.0
207.0
217.0
250.0
245.0
217.0
212.0
232.0
237.0
235.0
235.0
236.0
237.0
236.0
236.0
235.0
236.0
214.0
211.0
212.0
212.0
211.0
212.0
212.0
212.0
211.0
211.0
212.0
211.0
211.0
211.0
211.0
212.0
211.0
211.0
211.0
212.0
212.0
211.0
211.0
213.0
212.0
212.0
213.0
211.0
210.0
212.0
211.0
212.0
212.0
212.0
211.0
212.0
212.0
211.0
211.0
294.0
296.0
301.0
302.0
300.0
301.0
302.0
302.0
297.0
295.0
215.0
216.0
215.0
215.0
215.0
217.0
217.0
216.0
212.0
211.0
215.0
216.0
212.0
213.0
214.0
220.0
216.0
210.0
212.0
216.0
217.0
216.0
211.0
215.0
215.0
212.0
216.0
210.0
212.0
216.0
217.0
212.0
211.0
213.0
211.0
212.0
212.0
210.0
211.0
212.0
234.0
239.0
237.0
235.0
236.0
235.0
237.0
235.0
235.0
235.0
211.0
216.0
212.0
212.0
215.0
211.0
212.0
210.0
211.0
213.0
222.0
223.0
218.0
238.0
226.0
222.0
226.0
220.0
223.0
238.0
233.0
227.0
216.0
217.0
224.0
224.0
222.0
217.0
216.0
218.0
229.0
212.0
212.0
235.0
236.0
236.0
294.0
292.0
291.0
295.0
306.0
297.0
299.0
269.0
268.0
268.0
215.0
216.0
214.0
212.0
211.0
229.0
215.0
212.0
212.0
211.0
213.0
213.0
213.0
212.0
213.0
229.0
212.0
212.0
213.0
211.0
213.0
217.0
213.0
212.0
212.0
215.0
230.0
213.0
212.0
212.0
213.0
214.0
212.0
213.0
211.0
235.0
237.0
236.0
236.0
248.0
236.0
236.0
236.0
235.0
235.0
212.0
212.0
213.0
213.0
219.0
213.0
212.0
212.0
212.0
212.0
212.0
212.0
212.0
212.0
223.0
212.0
212.0
211.0
212.0
212.0
212.0
213.0
212.0
212.0
212.0
212.0
212.0
213.0
212.0
212.0
212.0
211.0
211.0
213.0
210.0
212.0
212.0
212.0
212.0
276.0
275.0
276.0
276.0
272.0
272.0
274.0
276.0
276.0
275.0
215.0
212.0
216.0
212.0
212.0
210.0
211.0
217.0
215.0
215.0
214.0
211.0
211.0
213.0
211.0
211.0
211.0
215.0
216.0
215.0
212.0
212.0
211.0
212.0
212.0
210.0
212.0
212.0
212.0
212.0
214.0
212.0
212.0
212.0
213.0
210.0
212.0
212.0
211.0
234.0
235.0
235.0
237.0
239.0
236.0
235.0
236.0
235.0
236.0
213.0
214.0
213.0
211.0
212.0
213.0
211.0
211.0
211.0
211.0
211.0
212.0
212.0
211.0
212.0
212.0
212.0
215.0
211.0
212.0
212.0
211.0
211.0
211.0
212.0
211.0
211.0
211.0
211.0
212.0
211.0
210.0
211.0
288.0
290.0
292.0
288.0
293.0
293.0
293.0
295.0
297.0
296.0
214.0
212.0
215.0
210.0
215.0
216.0
213.0
214.0
213.0
213.0
211.0
211.0
213.0
211.0
216.0
214.0
215.0
213.0
214.0
212.0
211.0
242.0
212.0
210.0
213.0
211.0
212.0
212.0
212.0
212.0
212.0
212.0
211.0
211.0
211.0
212.0
211.0
211.0
235.0
238.0
235.0
235.0
235.0
235.0
234.0
238.0
236.0
235.0
213.0
214.0
211.0
211.0
212.0
212.0
212.0
211.0
212.0
212.0
211.0
212.0
212.0
212.0
213.0
211.0
211.0
212.0
213.0
212.0
211.0
212.0
211.0
211.0
212.0
212.0
211.0
211.0
213.0
212.0
211.0
212.0
211.0
211.0
212.0
211.0
211.0
211.0
212.0
211.0
276.0
278.0
273.0
275.0
277.0
276.0
273.0
274.0
277.0
276.0
215.0
214.0
211.0
212.0
214.0
214.0
213.0
212.0
215.0
216.0
211.0
212.0
212.0
211.0
212.0
212.0
211.0
211.0
211.0
212.0
214.0
211.0
211.0
210.0
211.0
211.0
212.0
212.0
211.0
212.0
212.0
212.0
212.0
210.0
212.0
236.0
236.0
234.0
238.0
236.0
237.0
237.0
239.0
235.0
236.0
212.0
213.0
212.0
212.0
213.0
212.0
212.0
211.0
212.0
211.0
212.0
212.0
211.0
212.0
211.0
212.0
212.0
213.0
210.0
212.0
212.0
212.0
214.0
212.0
214.0
212.0
212.0
211.0
210.0
212.0
212.0
212.0
212.0
212.0
212.0
271.0
271.0
272.0
270.0
274.0
272.0
275.0
272.0
273.0
273.0
214.0
214.0
211.0
211.0
213.0
214.0
215.0
217.0
215.0
215.0
211.0
212.0
211.0
213.0
212.0
211.0
213.0
213.0
211.0
212.0
212.0
211.0
212.0
211.0
212.0
212.0
211.0
212.0
214.0
212.0
213.0
210.0
212.0
212.0
211.0
213.0
211.0
211.0
211.0
234.0
236.0
234.0
236.0
236.0
237.0
236.0
237.0
240.0
236.0
214.0
213.0
213.0
214.0
212.0
213.0
211.0
211.0
217.0
214.0
212.0
212.0
210.0
211.0
214.0
212.0
212.0
212.0
213.0
213.0
211.0
212.0
210.0
212.0
211.0
211.0
212.0
212.0
211.0
211.0
211.0
211.0
211.0
212.0
211.0
211.0
272.0
271.0
275.0
277.0
275.0
275.0
271.0
270.0
275.0
274.0
216.0
216.0
215.0
215.0
213.0
214.0
211.0
212.0
213.0
211.0
211.0
212.0
211.0
213.0
211.0
211.0
211.0
211.0
211.0
211.0
213.0
213.0
212.0
211.0
212.0
211.0
210.0
213.0
212.0
212.0
212.0
214.0
212.0
212.0
211.0
235.0
234.0
236.0
235.0
234.0
235.0
237.0
236.0
235.0
236.0
214.0
211.0
212.0
214.0
212.0
212.0
213.0
211.0
212.0
212.0
211.0
212.0
214.0
211.0
211.0
211.0
211.0
212.0
212.0
211.0
210.0
214.0
213.0
211.0
211.0
212.0
211.0
213.0
212.0
212.0
211.0
210.0
212.0
211.0
211.0
212.0
213.0
211.0
212.0
212.0
272.0
274.0
275.0
277.0
272.0
276.0
274.0
274.0
274.0
273.0
211.0
211.0
212.0
212.0
212.0
212.0
211.0
212.0
212.0
211.0
211.0
212.0
211.0
212.0
211.0
212.0
212.0
212.0
211.0
212.0
210.0
213.0
211.0
212.0
212.0
211.0
212.0
212.0
211.0
212.0
211.0
212.0
212.0
211.0
212.0
235.0
236.0
236.0
234.0
236.0
234.0
236.0
235.0
236.0
235.0
212.0
211.0
211.0
212.0
211.0
211.0
212.0
212.0
212.0
211.0
212.0
212.0
211.0
212.0
212.0
214.0
212.0
212.0
211.0
210.0
211.0
212.0
211.0
212.0
212.0
212.0
212.0
211.0
215.0
217.0
218.0
219.0
217.0
220.0
223.0
276.0
277.0
281.0
276.0
282.0
273.0
275.0
277.0
276.0
273.0
225.0
225.0
221.0
224.0
225.0
222.0
221.0
222.0
221.0
218.0
215.0
214.0
213.0
213.0
212.0
212.0
212.0
212.0
211.0
212.0
211.0
212.0
214.0
211.0
211.0
211.0
212.0
212.0
212.0
212.0
210.0
212.0
210.0
212.0
212.0
211.0
212.0
212.0
232.0
234.0
232.0
239.0
258.0
259.0
231.0
239.0
239.0
228.0
207.0
216.0
308.0
213.0
204.0
212.0
309.0
212.0
205.0
211.0
205.0
212.0
212.0
211.0
211.0
211.0
212.0
212.0
213.0
212.0
213.0
210.0
212.0
212.0
211.0
212.0
211.0
211.0
211.0
213.0
212.0
212.0
212.0
212.0
233.0
309.0
311.0
312.0
310.0
309.0
313.0
308.0
312.0
311.0
288.0
213.0
211.0
212.0
211.0
212.0
212.0
211.0
211.0
212.0
212.0
211.0
212.0
212.0
211.0
213.0
211.0
211.0
212.0
211.0
214.0
211.0
212.0
212.0
211.0
212.0
212.0
211.0
217.0
212.0
212.0
212.0
211.0
212.0
211.0
212.0
211.0
210.0
237.0
235.0
240.0
237.0
240.0
238.0
238.0
239.0
237.0
236.0
213.0
211.0
212.0
211.0
214.0
211.0
212.0
212.0
212.0
210.0
211.0
212.0
212.0
212.0
216.0
212.0
211.0
212.0
211.0
210.0
212.0
212.0
212.0
212.0
212.0
212.0
213.0
212.0
211.0
211.0
211.0
211.0
212.0
212.0
212.0
212.0
215.0
213.0
211.0
281.0
283.0
284.0
283.0
285.0
283.0
285.0
285.0
284.0
284.0
212.0
211.0
212.0
211.0
211.0
212.0
212.0
211.0
212.0
211.0
211.0
212.0
211.0
211.0
211.0
216.0
212.0
212.0
213.0
213.0
211.0
211.0
212.0
213.0
212.0
211.0
212.0
212.0
211.0
212.0
211.0
211.0
211.0
212.0
236.0
237.0
238.0
237.0
237.0
238.0
238.0
238.0
238.0
238.0
213.0
212.0
218.0
212.0
211.0
212.0
210.0
211.0
214.0
212.0
211.0
211.0
212.0
211.0
213.0
213.0
210.0
211.0
214.0
214.0
212.0
213.0
211.0
213.0
212.0
211.0
211.0
212.0
211.0
212.0
213.0
212.0
212.0
212.0
211.0
213.0
210.0
283.0
282.0
284.0
282.0
282.0
284.0
283.0
283.0
284.0
282.0
211.0
212.0
211.0
211.0
213.0
212.0
211.0
213.0
212.0
211.0
211.0
212.0
210.0
211.0
211.0
211.0
212.0
212.0
212.0
210.0
212.0
212.0
213.0
212.0
211.0
211.0
212.0
211.0
212.0
211.0
212.0
213.0
211.0
211.0
212.0
211.0
212.0
211.0
235.0
235.0
237.0
237.0
239.0
237.0
237.0
237.0
237.0
238.0
213.0
214.0
212.0
212.0
212.0
212.0
212.0
212.0
212.0
212.0
211.0
212.0
212.0
212.0
212.0
214.0
212.0
213.0
212.0
211.0
210.0
212.0
214.0
211.0
212.0
211.0
212.0
212.0
212.0
212.0
210.0
211.0
211.0
282.0
282.0
285.0
287.0
286.0
287.0
285.0
283.0
288.0
286.0
215.0
216.0
213.0
215.0
216.0
218.0
214.0
211.0
212.0
211.0
215.0
213.0
215.0
212.0
215.0
212.0
214.0
210.0
211.0
212.0
214.0
212.0
211.0
214.0
213.0
212.0
213.0
212.0
212.0
212.0
211.0
212.0
212.0
212.0
212.0
211.0
211.0
212.0
212.0
237.0
236.0
237.0
238.0
237.0
237.0
238.0
241.0
237.0
238.0
215.0
211.0
212.0
212.0
213.0
212.0
214.0
213.0
212.0
212.0
212.0
212.0
211.0
211.0
211.0
211.0
211.0
216.0
211.0
212.0
212.0
212.0
212.0
212.0
211.0
211.0
211.0
211.0
213.0
212.0
212.0
213.0
211.0
211.0
210.0
214.0
213.0
279.0
281.0
283.0
286.0
283.0
286.0
289.0
281.0
280.0
291.0
219.0
213.0
215.0
219.0
210.0
222.0
217.0
212.0
209.0
217.0
218.0
216.0
213.0
214.0
212.0
216.0
216.0
217.0
211.0
217.0
216.0
216.0
212.0
215.0
211.0
214.0
214.0
214.0
216.0
215.0
214.0
215.0
211.0
212.0
215.0
239.0
238.0
237.0
240.0
239.0
238.0
237.0
238.0
238.0
237.0
213.0
212.0
212.0
211.0
212.0
212.0
211.0
212.0
213.0
211.0
211.0
212.0
211.0
211.0
211.0
212.0
215.0
212.0
212.0
213.0
212.0
212.0
213.0
212.0
215.0
213.0
212.0
213.0
211.0
212.0
212.0
212.0
211.0
211.0
212.0
212.0
212.0
213.0
289.0
290.0
291.0
290.0
293.0
290.0
290.0
287.0
292.0
287.0
217.0
210.0
222.0
218.0
209.0
212.0
212.0
221.0
215.0
221.0
212.0
212.0
211.0
212.0
212.0
212.0
213.0
213.0
213.0
215.0
211.0
212.0
212.0
212.0
212.0
212.0
212.0
212.0
212.0
213.0
212.0
212.0
212.0
213.0
212.0
211.0
235.0
236.0
236.0
238.0
220.0
222.0
