5.0
5.0
6.0
4.0
4.0
4.0
4.0
7.0
4.0
5.0
29.0
28.0
66.0
65.0
100.0
66.0
99.0
79.0
78.0
78.0
78.0
43.0
43.0
43.0
42.0
43.0
78.0
78.0
78.0
8.0
8.0
42.0
43.0
43.0
43.0
79.0
78.0
42.0
43.0
43.0
44.0
50.0
77.0
52.0
78.0
44.0
78.0
43.0
3862.0
5.0
5.0
43.0
35.0
43.0
42.0
44.0
43.0
77.0
34.0
45.0
45.0
43.0
43.0
42.0
43.0
35.0
43.0
43.0
3725.0
4.0
5.0
43.0
42.0
33.0
77.0
42.0
43.0
42.0
34.0
43.0
43.0
43.0
34.0
42.0
43.0
57.0
43.0
42.0
3961.0
4.0
4.0
34.0
42.0
42.0
42.0
42.0
43.0
34.0
42.0
42.0
125.0
126.0
125.0
118.0
128.0
124.0
43.0
42.0
3771.0
5.0
5.0
43.0
42.0
42.0
42.0
42.0
43.0
42.0
42.0
42.0
43.0
42.0
42.0
42.0
42.0
42.0
39.0
42.0
3802.0
5.0
5.0
42.0
42.0
37.0
42.0
42.0
42.0
37.0
42.0
41.0
42.0
36.0
42.0
37.0
43.0
43.0
41.0
38.0
3796.0
5.0
5.0
41.0
38.0
37.0
41.0
38.0
38.0
41.0
38.0
38.0
42.0
38.0
38.0
40.0
38.0
38.0
39.0
39.0
3763.0
5.0
5.0
39.0
39.0
39.0
39.0
39.0
39.0
39.0
39.0
39.0
39.0
39.0
39.0
39.0
39.0
39.0
39.0
39.0
3754.0
4.0
4.0
62.0
40.0
38.0
38.0
39.0
39.0
38.0
39.0
39.0
38.0
39.0
147.0
38.0
39.0
39.0
38.0
38.0
3544.0
5.0
5.0
6.0
7.0
5.0
4.0
6.0
8.0
6.0
6.0
5.0
8.0
5.0
8.0
5.0
8.0
5.0
8.0
3.0
6.0
77.0
47.0
44.0
43.0
43.0
77.0
77.0
77.0
76.0
5.0
76.0
42.0
42.0
40.0
42.0
123.0
122.0
121.0
120.0
5.0
88.0
82.0
87.0
121.0
89.0
122.0
34.0
41.0
40.0
4.0
41.0
76.0
76.0
53.0
34.0
77.0
76.0
49.0
40.0
3.0
43.0
43.0
35.0
43.0
43.0
42.0
42.0
41.0
33.0
6.0
76.0
76.0
76.0
77.0
43.0
43.0
42.0
42.0
33.0
3.0
42.0
34.0
42.0
42.0
42.0
42.0
41.0
77.0
76.0
6.0
44.0
43.0
34.0
43.0
43.0
42.0
42.0
34.0
33.0
4.0
42.0
42.0
42.0
42.0
42.0
35.0
42.0
46.0
44.0
3.0
34.0
42.0
42.0
34.0
42.0
42.0
42.0
41.0
41.0
3.0
42.0
34.0
42.0
42.0
34.0
43.0
42.0
42.0
33.0
4.0
42.0
42.0
42.0
34.0
42.0
42.0
35.0
41.0
41.0
4.0
42.0
42.0
42.0
38.0
36.0
42.0
42.0
36.0
41.0
3.0
43.0
36.0
42.0
43.0
36.0
42.0
36.0
43.0
41.0
3.0
43.0
37.0
37.0
42.0
42.0
42.0
43.0
37.0
42.0
4.0
42.0
36.0
36.0
43.0
42.0
42.0
42.0
42.0
35.0
3.0
43.0
42.0
37.0
36.0
42.0
42.0
42.0
37.0
41.0
3.0
3774.0
3777.0
3811.0
3736.0
3791.0
3846.0
3739.0
3738.0
3702.0
4.0
5.0
5.0
4.0
4.0
4.0
3.0
3.0
3.0
3.0
4.0
5.0
4.0
5.0
4.0
3.0
3.0
3.0
4.0
3.0
40.0
39.0
39.0
39.0
39.0
39.0
39.0
38.0
38.0
3.0
39.0
39.0
39.0
39.0
39.0
38.0
38.0
39.0
37.0
3.0
39.0
39.0
39.0
39.0
38.0
38.0
38.0
39.0
39.0
4.0
39.0
39.0
40.0
39.0
39.0
40.0
38.0
38.0
37.0
3.0
40.0
40.0
40.0
40.0
41.0
39.0
38.0
38.0
38.0
4.0
39.0
42.0
41.0
41.0
41.0
40.0
39.0
38.0
38.0
3.0
39.0
39.0
41.0
42.0
41.0
41.0
40.0
38.0
38.0
3.0
39.0
39.0
39.0
40.0
39.0
39.0
39.0
38.0
38.0
3.0
94.0
95.0
94.0
94.0
98.0
96.0
95.0
97.0
95.0
60.0
39.0
40.0
39.0
41.0
39.0
40.0
39.0
40.0
38.0
3.0
40.0
39.0
39.0
38.0
39.0
38.0
39.0
39.0
39.0
3.0
39.0
39.0
40.0
40.0
39.0
39.0
39.0
39.0
39.0
3.0
40.0
40.0
40.0
40.0
38.0
39.0
38.0
38.0
39.0
3.0
40.0
40.0
41.0
39.0
39.0
40.0
38.0
38.0
38.0
3.0
40.0
41.0
41.0
40.0
39.0
39.0
39.0
40.0
38.0
3.0
40.0
40.0
39.0
39.0
39.0
39.0
38.0
38.0
39.0
3.0
39.0
39.0
39.0
40.0
39.0
38.0
38.0
39.0
38.0
3.0
3808.0
3799.0
3795.0
3795.0
3793.0
3793.0
3793.0
3774.0
3683.0
4.0
5.0
4.0
62.0
4.0
4.0
3.0
4.0
3.0
4.0
4.0
4.0
5.0
4.0
4.0
4.0
3.0
3.0
3.0
3.0
40.0
40.0
39.0
39.0
39.0
38.0
38.0
37.0
37.0
4.0
39.0
40.0
40.0
39.0
39.0
39.0
38.0
39.0
40.0
4.0
39.0
39.0
39.0
39.0
38.0
38.0
38.0
38.0
38.0
3.0
38.0
39.0
39.0
39.0
39.0
39.0
39.0
39.0
38.0
3.0
39.0
39.0
40.0
40.0
38.0
38.0
38.0
38.0
37.0
4.0
39.0
40.0
38.0
39.0
39.0
39.0
37.0
39.0
39.0
4.0
38.0
39.0
39.0
39.0
39.0
38.0
38.0
38.0
39.0
3.0
39.0
39.0
40.0
40.0
40.0
39.0
39.0
38.0
38.0
3.0
39.0
39.0
39.0
39.0
39.0
39.0
38.0
38.0
39.0
3.0
39.0
39.0
39.0
39.0
40.0
38.0
38.0
39.0
39.0
3.0
40.0
39.0
40.0
39.0
39.0
39.0
38.0
38.0
38.0
3.0
40.0
91.0
91.0
91.0
91.0
90.0
89.0
91.0
90.0
3.0
91.0
90.0
39.0
39.0
39.0
38.0
39.0
39.0
38.0
3.0
40.0
40.0
39.0
39.0
39.0
39.0
39.0
39.0
38.0
4.0
39.0
39.0
39.0
40.0
39.0
39.0
38.0
38.0
38.0
3.0
39.0
39.0
39.0
38.0
39.0
39.0
38.0
39.0
38.0
4.0
39.0
40.0
40.0
40.0
39.0
39.0
39.0
38.0
38.0
4.0
3807.0
3824.0
3719.0
3819.0
3819.0
3738.0
3757.0
3866.0
3694.0
3.0
4.0
3.0
3.0
3.0
3.0
3.0
3.0
3.0
4.0
4.0
4.0
3.0
3.0
4.0
4.0
4.0
3.0
3.0
3.0
74.0
73.0
73.0
73.0
40.0
38.0
38.0
38.0
38.0
3.0
39.0
39.0
39.0
38.0
38.0
38.0
39.0
38.0
38.0
3.0
38.0
38.0
39.0
38.0
38.0
38.0
38.0
38.0
38.0
3.0
38.0
38.0
38.0
37.0
38.0
38.0
38.0
38.0
38.0
3.0
39.0
39.0
39.0
39.0
38.0
39.0
38.0
39.0
38.0
3.0
39.0
40.0
39.0
38.0
38.0
38.0
38.0
38.0
38.0
4.0
39.0
39.0
38.0
38.0
38.0
38.0
38.0
38.0
39.0
3.0
39.0
39.0
39.0
39.0
38.0
38.0
38.0
38.0
39.0
3.0
39.0
39.0
38.0
38.0
38.0
38.0
37.0
38.0
38.0
3.0
38.0
38.0
39.0
39.0
38.0
38.0
39.0
38.0
38.0
3.0
39.0
40.0
39.0
38.0
38.0
38.0
38.0
38.0
38.0
4.0
38.0
38.0
38.0
38.0
38.0
38.0
39.0
40.0
39.0
4.0
38.0
40.0
40.0
91.0
89.0
90.0
90.0
90.0
89.0
3.0
91.0
90.0
90.0
89.0
39.0
39.0
38.0
39.0
38.0
3.0
39.0
38.0
39.0
38.0
39.0
38.0
38.0
38.0
38.0
3.0
40.0
39.0
39.0
39.0
38.0
38.0
39.0
38.0
38.0
3.0
38.0
38.0
39.0
39.0
39.0
39.0
38.0
39.0
39.0
4.0
3761.0
3760.0
3805.0
3730.0
3720.0
3711.0
3751.0
3693.0
3705.0
4.0
4.0
4.0
3.0
3.0
3.0
3.0
4.0
3.0
3.0
4.0
4.0
4.0
3.0
3.0
3.0
3.0
3.0
3.0
4.0
39.0
39.0
39.0
39.0
38.0
60.0
60.0
61.0
61.0
3.0
62.0
63.0
61.0
61.0
62.0
39.0
40.0
39.0
39.0
4.0
39.0
40.0
39.0
40.0
38.0
39.0
39.0
39.0
38.0
3.0
39.0
40.0
38.0
38.0
38.0
38.0
40.0
38.0
37.0
3.0
39.0
39.0
38.0
39.0
38.0
38.0
39.0
38.0
39.0
3.0
39.0
40.0
39.0
39.0
39.0
39.0
38.0
38.0
39.0
3.0
39.0
39.0
38.0
39.0
39.0
38.0
38.0
38.0
38.0
3.0
39.0
39.0
38.0
39.0
39.0
38.0
39.0
39.0
39.0
4.0
39.0
40.0
39.0
39.0
38.0
38.0
38.0
38.0
38.0
3.0
39.0
39.0
39.0
39.0
38.0
38.0
38.0
39.0
39.0
3.0
39.0
39.0
39.0
39.0
39.0
38.0
39.0
39.0
38.0
3.0
39.0
40.0
40.0
40.0
39.0
38.0
38.0
38.0
38.0
3.0
39.0
41.0
39.0
40.0
39.0
39.0
38.0
38.0
38.0
3.0
96.0
96.0
95.0
96.0
95.0
96.0
96.0
95.0
95.0
3.0
98.0
40.0
41.0
39.0
39.0
38.0
39.0
39.0
39.0
4.0
38.0
39.0
39.0
38.0
40.0
39.0
40.0
38.0
39.0
3.0
40.0
39.0
39.0
40.0
40.0
39.0
40.0
39.0
40.0
3.0
3759.0
3765.0
3732.0
3757.0
3754.0
3718.0
3723.0
3735.0
3667.0
3.0
3.0
3.0
4.0
3.0
3.0
3.0
3.0
3.0
4.0
4.0
3.0
3.0
3.0
3.0
4.0
4.0
3.0
3.0
3.0
39.0
39.0
38.0
38.0
38.0
38.0
39.0
38.0
3.0
3.0
39.0
38.0
38.0
38.0
37.0
38.0
38.0
60.0
3.0
3.0
60.0
61.0
60.0
61.0
60.0
61.0
61.0
62.0
24.0
3.0
41.0
40.0
38.0
38.0
38.0
37.0
38.0
39.0
3.0
3.0
38.0
39.0
38.0
39.0
38.0
38.0
39.0
38.0
3.0
3.0
39.0
39.0
38.0
38.0
38.0
38.0
38.0
38.0
3.0
3.0
39.0
38.0
38.0
38.0
38.0
38.0
39.0
38.0
3.0
4.0
39.0
38.0
38.0
38.0
38.0
38.0
38.0
39.0
3.0
3.0
38.0
39.0
38.0
38.0
39.0
38.0
38.0
38.0
3.0
3.0
38.0
39.0
38.0
38.0
39.0
39.0
38.0
38.0
3.0
3.0
39.0
39.0
38.0
38.0
39.0
38.0
38.0
38.0
3.0
4.0
39.0
38.0
38.0
38.0
38.0
38.0
39.0
39.0
3.0
3.0
39.0
39.0
38.0
38.0
38.0
38.0
38.0
38.0
3.0
3.0
38.0
38.0
38.0
38.0
38.0
38.0
38.0
38.0
3.0
3.0
39.0
39.0
39.0
38.0
39.0
39.0
38.0
39.0
4.0
4.0
38.0
39.0
38.0
39.0
39.0
39.0
38.0
38.0
3.0
3.0
38.0
39.0
97.0
37.0
38.0
95.0
94.0
96.0
3.0
3.0
3815.0
3796.0
3831.0
3798.0
3802.0
3711.0
3730.0
3684.0
3705.0
4.0
4.0
4.0
3.0
4.0
3.0
3.0
4.0
3.0
3.0
4.0
4.0
3.0
3.0
3.0
4.0
4.0
3.0
3.0
3.0
39.0
39.0
38.0
38.0
38.0
38.0
39.0
39.0
38.0
3.0
39.0
39.0
38.0
38.0
38.0
38.0
38.0
38.0
38.0
4.0
38.0
39.0
39.0
39.0
39.0
38.0
38.0
38.0
38.0
3.0
39.0
39.0
60.0
60.0
59.0
60.0
60.0
59.0
60.0
3.0
60.0
60.0
61.0
39.0
40.0
40.0
39.0
39.0
40.0
3.0
40.0
40.0
40.0
38.0
38.0
38.0
38.0
38.0
38.0
3.0
39.0
39.0
40.0
38.0
38.0
39.0
39.0
41.0
40.0
3.0
39.0
40.0
38.0
39.0
40.0
38.0
38.0
38.0
38.0
3.0
38.0
38.0
38.0
38.0
38.0
38.0
38.0
38.0
38.0
4.0
39.0
39.0
39.0
39.0
39.0
38.0
38.0
38.0
38.0
3.0
38.0
38.0
39.0
38.0
38.0
38.0
39.0
38.0
38.0
3.0
39.0
39.0
39.0
37.0
38.0
38.0
38.0
38.0
38.0
4.0
39.0
39.0
39.0
38.0
38.0
38.0
38.0
37.0
38.0
3.0
39.0
39.0
38.0
38.0
38.0
38.0
39.0
38.0
39.0
3.0
39.0
39.0
39.0
38.0
38.0
38.0
38.0
38.0
38.0
3.0
39.0
39.0
38.0
38.0
39.0
39.0
40.0
39.0
38.0
3.0
39.0
39.0
39.0
39.0
38.0
38.0
38.0
38.0
38.0
4.0
3807.0
3806.0
3830.0
3811.0
3813.0
3829.0
3832.0
3845.0
3790.0
4.0
4.0
3.0
3.0
3.0
3.0
4.0
4.0
3.0
3.0
4.0
4.0
3.0
3.0
3.0
3.0
3.0
3.0
3.0
3.0
39.0
38.0
38.0
38.0
39.0
38.0
39.0
38.0
3.0
3.0
39.0
38.0
38.0
38.0
39.0
38.0
38.0
38.0
3.0
4.0
38.0
39.0
38.0
38.0
38.0
38.0
38.0
39.0
3.0
3.0
38.0
38.0
38.0
39.0
38.0
38.0
39.0
38.0
3.0
3.0
39.0
38.0
38.0
38.0
38.0
38.0
38.0
38.0
3.0
3.0
39.0
39.0
38.0
38.0
38.0
39.0
38.0
61.0
3.0
3.0
61.0
62.0
61.0
62.0
61.0
62.0
63.0
62.0
24.0
4.0
41.0
41.0
40.0
39.0
39.0
39.0
39.0
41.0
4.0
4.0
39.0
39.0
38.0
38.0
38.0
38.0
38.0
38.0
4.0
3.0
38.0
39.0
38.0
38.0
37.0
38.0
38.0
38.0
3.0
3.0
40.0
39.0
38.0
38.0
39.0
39.0
38.0
38.0
3.0
3.0
40.0
39.0
38.0
39.0
38.0
38.0
38.0
37.0
4.0
3.0
38.0
39.0
39.0
39.0
38.0
38.0
37.0
39.0
3.0
3.0
38.0
38.0
38.0
39.0
37.0
38.0
39.0
39.0
4.0
3.0
38.0
40.0
39.0
38.0
39.0
39.0
41.0
39.0
3.0
3.0
39.0
40.0
39.0
41.0
38.0
38.0
38.0
39.0
4.0
3.0
39.0
39.0
38.0
38.0
37.0
38.0
38.0
38.0
3.0
3.0
3836.0
3823.0
3837.0
3841.0
3813.0
3852.0
3828.0
3766.0
3791.0
4.0
4.0
3.0
3.0
3.0
4.0
3.0
3.0
3.0
3.0
4.0
4.0
3.0
3.0
3.0
3.0
4.0
4.0
3.0
3.0
38.0
38.0
38.0
38.0
38.0
38.0
38.0
38.0
3.0
4.0
39.0
38.0
38.0
39.0
38.0
38.0
38.0
39.0
3.0
3.0
39.0
39.0
38.0
38.0
37.0
37.0
38.0
39.0
3.0
4.0
38.0
38.0
38.0
38.0
38.0
38.0
38.0
38.0
3.0
3.0
39.0
38.0
38.0
38.0
38.0
39.0
38.0
38.0
3.0
3.0
40.0
39.0
39.0
39.0
39.0
38.0
38.0
38.0
3.0
3.0
38.0
38.0
38.0
38.0
38.0
38.0
38.0
39.0
3.0
4.0
39.0
38.0
38.0
38.0
38.0
38.0
39.0
38.0
4.0
3.0
38.0
39.0
39.0
38.0
38.0
38.0
38.0
40.0
3.0
4.0
39.0
38.0
38.0
38.0
38.0
38.0
38.0
38.0
3.0
3.0
38.0
39.0
39.0
38.0
38.0
38.0
38.0
38.0
3.0
3.0
38.0
39.0
38.0
37.0
38.0
39.0
38.0
38.0
3.0
4.0
39.0
38.0
38.0
38.0
38.0
40.0
39.0
39.0
3.0
4.0
40.0
39.0
63.0
62.0
62.0
62.0
62.0
62.0
3.0
3.0
64.0
64.0
64.0
63.0
40.0
40.0
39.0
39.0
4.0
3.0
39.0
39.0
39.0
39.0
39.0
38.0
38.0
38.0
3.0
3.0
39.0
39.0
39.0
38.0
39.0
39.0
38.0
38.0
4.0
3.0
3832.0
3852.0
3843.0
3823.0
3814.0
3814.0
3845.0
3787.0
3818.0
3.0
3.0
3.0
3.0
3.0
4.0
3.0
3.0
3.0
3.0
3.0
3.0
3.0
4.0
3.0
3.0
3.0
3.0
4.0
3.0
38.0
40.0
39.0
39.0
38.0
38.0
38.0
3.0
3.0
4.0
38.0
37.0
38.0
38.0
37.0
39.0
39.0
3.0
4.0
3.0
38.0
37.0
38.0
38.0
38.0
39.0
37.0
3.0
3.0
3.0
38.0
38.0
38.0
39.0
38.0
38.0
37.0
3.0
3.0
3.0
38.0
39.0
37.0
38.0
38.0
38.0
38.0
3.0
4.0
3.0
39.0
39.0
39.0
38.0
38.0
38.0
38.0
3.0
3.0
3.0
38.0
38.0
38.0
38.0
38.0
37.0
37.0
3.0
3.0
3.0
38.0
38.0
38.0
38.0
38.0
38.0
38.0
3.0
3.0
3.0
38.0
38.0
37.0
39.0
38.0
38.0
37.0
3.0
4.0
3.0
38.0
38.0
39.0
38.0
38.0
38.0
38.0
3.0
3.0
3.0
38.0
38.0
39.0
38.0
38.0
38.0
38.0
4.0
3.0
3.0
38.0
38.0
37.0
38.0
39.0
38.0
38.0
4.0
3.0
3.0
38.0
38.0
37.0
39.0
38.0
66.0
65.0
3.0
3.0
3.0
65.0
66.0
66.0
68.0
67.0
68.0
67.0
30.0
4.0
3.0
39.0
41.0
40.0
38.0
39.0
39.0
39.0
4.0
3.0
3.0
38.0
39.0
38.0
39.0
38.0
38.0
38.0
3.0
3.0
4.0
38.0
38.0
38.0
37.0
38.0
38.0
39.0
3.0
3.0
3.0
3825.0
3921.0
3801.0
3894.0
3812.0
3891.0
3791.0
3874.0
3782.0
