1.0
1.0
1.0
1.0
1.0
1.0
1.0
1.0
1.0
1.0
36.0
37.0
23.0
22.0
23.0
23.0
22.0
23.0
38.0
2.0
41.0
23.0
23.0
23.0
22.0
23.0
23.0
41.0
38.0
1.0
321.0
192.0
193.0
192.0
180.0
193.0
278.0
191.0
316.0
244.0
127.0
156.0
155.0
156.0
156.0
156.0
259.0
259.0
229.0
347.0
387.0
258.0
258.0
261.0
261.0
260.0
155.0
126.0
155.0
133.0
148.0
156.0
154.0
155.0
127.0
212.0
156.0
155.0
173.0
133.0
129.0
155.0
155.0
156.0
131.0
155.0
156.0
155.0
154.0
116.0
135.0
156.0
156.0
135.0
155.0
156.0
135.0
154.0
153.0
133.0
136.0
136.0
152.0
153.0
153.0
139.0
151.0
140.0
149.0
119.0
152.0
140.0
150.0
151.0
150.0
139.0
139.0
139.0
149.0
129.0
192.0
142.0
192.0
192.0
192.0
182.0
182.0
181.0
190.0
171.0
183.0
152.0
151.0
151.0
150.0
139.0
139.0
139.0
149.0
130.0
141.0
151.0
151.0
151.0
151.0
140.0
139.0
140.0
149.0
129.0
140.0
151.0
139.0
151.0
150.0
151.0
139.0
139.0
149.0
129.0
140.0
151.0
139.0
151.0
151.0
151.0
139.0
139.0
150.0
130.0
140.0
151.0
140.0
140.0
151.0
151.0
140.0
151.0
149.0
130.0
140.0
151.0
139.0
139.0
139.0
151.0
151.0
151.0
149.0
129.0
140.0
182.0
191.0
182.0
182.0
191.0
191.0
191.0
189.0
170.0
183.0
139.0
151.0
139.0
139.0
151.0
151.0
151.0
150.0
129.0
141.0
137.0
135.0
151.0
134.0
151.0
150.0
149.0
146.0
128.0
38.0
24.0
38.0
24.0
23.0
21.0
21.0
8.0
2.0
2.0
42.0
42.0
23.0
22.0
22.0
21.0
15.0
1.0
1.0
1.0
22.0
23.0
40.0
41.0
21.0
18.0
1.0
1.0
1.0
1.0
23.0
23.0
41.0
40.0
21.0
18.0
1.0
1.0
1.0
1.0
22.0
22.0
22.0
22.0
21.0
11.0
2.0
1.0
1.0
1.0
42.0
41.0
23.0
22.0
22.0
37.0
27.0
1.0
1.0
1.0
23.0
23.0
23.0
23.0
21.0
18.0
1.0
1.0
1.0
1.0
22.0
22.0
22.0
40.0
37.0
17.0
2.0
1.0
1.0
1.0
21.0
37.0
21.0
20.0
1.0
1.0
1.0
0.0
1.0
1.0
0.0
0.0
0.0
0.0
1.0
1.0
1.0
0.0
0.0
0.0
23.0
23.0
23.0
42.0
23.0
21.0
22.0
13.0
2.0
2.0
41.0
23.0
22.0
22.0
39.0
37.0
15.0
1.0
1.0
1.0
22.0
23.0
41.0
23.0
21.0
18.0
1.0
1.0
1.0
1.0
23.0
23.0
23.0
41.0
38.0
18.0
2.0
1.0
1.0
1.0
40.0
22.0
22.0
22.0
21.0
10.0
1.0
1.0
1.0
0.0
41.0
23.0
23.0
22.0
22.0
22.0
14.0
2.0
1.0
2.0
40.0
40.0
23.0
40.0
21.0
18.0
1.0
1.0
1.0
1.0
22.0
22.0
22.0
40.0
21.0
10.0
1.0
0.0
1.0
1.0
21.0
21.0
21.0
16.0
1.0
1.0
0.0
1.0
1.0
0.0
0.0
1.0
1.0
1.0
0.0
1.0
1.0
1.0
1.0
0.0
392.0
265.0
324.0
391.0
264.0
125.0
263.0
247.0
76.0
127.0
266.0
234.0
263.0
157.0
155.0
155.0
148.0
75.0
75.0
61.0
267.0
268.0
155.0
156.0
155.0
151.0
136.0
75.0
75.0
61.0
127.0
155.0
130.0
155.0
155.0
151.0
133.0
74.0
62.0
61.0
155.0
157.0
155.0
147.0
129.0
121.0
75.0
74.0
75.0
76.0
155.0
156.0
155.0
154.0
154.0
134.0
129.0
76.0
76.0
65.0
137.0
144.0
150.0
149.0
138.0
145.0
129.0
67.0
73.0
72.0
141.0
142.0
147.0
147.0
141.0
135.0
71.0
69.0
69.0
70.0
186.0
186.0
185.0
186.0
69.0
69.0
69.0
70.0
69.0
69.0
168.0
114.0
113.0
112.0
113.0
113.0
69.0
70.0
69.0
70.0
145.0
146.0
145.0
145.0
145.0
143.0
143.0
131.0
71.0
70.0
144.0
145.0
145.0
144.0
144.0
143.0
136.0
70.0
69.0
69.0
145.0
144.0
144.0
144.0
142.0
140.0
125.0
70.0
69.0
70.0
144.0
145.0
144.0
145.0
142.0
141.0
124.0
70.0
70.0
69.0
145.0
144.0
145.0
144.0
144.0
133.0
70.0
70.0
69.0
70.0
145.0
145.0
146.0
144.0
144.0
142.0
137.0
69.0
70.0
70.0
144.0
145.0
144.0
144.0
143.0
140.0
124.0
70.0
69.0
70.0
187.0
188.0
188.0
188.0
186.0
177.0
111.0
112.0
113.0
112.0
145.0
144.0
143.0
144.0
69.0
69.0
70.0
71.0
70.0
69.0
123.0
69.0
69.0
69.0
69.0
69.0
70.0
69.0
70.0
69.0
145.0
145.0
145.0
145.0
144.0
143.0
143.0
130.0
70.0
70.0
146.0
146.0
144.0
144.0
145.0
143.0
137.0
70.0
70.0
70.0
144.0
144.0
146.0
145.0
144.0
140.0
125.0
70.0
70.0
70.0
146.0
144.0
146.0
144.0
143.0
141.0
125.0
69.0
70.0
70.0
144.0
146.0
144.0
145.0
143.0
134.0
70.0
69.0
69.0
70.0
144.0
145.0
144.0
145.0
144.0
143.0
136.0
70.0
69.0
71.0
189.0
189.0
188.0
187.0
186.0
185.0
168.0
112.0
114.0
113.0
145.0
145.0
145.0
147.0
143.0
134.0
70.0
70.0
69.0
70.0
146.0
145.0
146.0
142.0
70.0
71.0
69.0
71.0
71.0
69.0
124.0
70.0
69.0
70.0
69.0
70.0
71.0
70.0
70.0
70.0
145.0
146.0
145.0
145.0
146.0
143.0
143.0
131.0
70.0
70.0
147.0
146.0
146.0
145.0
144.0
145.0
138.0
70.0
72.0
73.0
147.0
143.0
145.0
144.0
144.0
140.0
125.0
70.0
70.0
70.0
145.0
145.0
145.0
145.0
143.0
140.0
124.0
71.0
71.0
70.0
145.0
145.0
144.0
146.0
144.0
133.0
70.0
70.0
69.0
69.0
188.0
189.0
189.0
189.0
188.0
187.0
181.0
114.0
113.0
113.0
144.0
145.0
146.0
144.0
144.0
140.0
125.0
70.0
70.0
70.0
145.0
145.0
144.0
144.0
144.0
134.0
70.0
69.0
70.0
69.0
142.0
143.0
144.0
143.0
70.0
70.0
70.0
69.0
70.0
70.0
125.0
70.0
69.0
70.0
69.0
70.0
70.0
71.0
70.0
70.0
146.0
146.0
146.0
146.0
146.0
143.0
143.0
132.0
71.0
70.0
145.0
145.0
146.0
144.0
144.0
144.0
138.0
70.0
70.0
70.0
145.0
144.0
144.0
144.0
144.0
141.0
124.0
70.0
70.0
70.0
145.0
145.0
145.0
144.0
144.0
139.0
123.0
70.0
70.0
70.0
188.0
188.0
188.0
188.0
188.0
177.0
114.0
113.0
114.0
114.0
152.0
152.0
153.0
153.0
241.0
242.0
241.0
74.0
76.0
77.0
244.0
248.0
242.0
245.0
244.0
243.0
223.0
74.0
76.0
79.0
153.0
158.0
165.0
151.0
150.0
141.0
76.0
76.0
76.0
76.0
154.0
153.0
153.0
153.0
73.0
76.0
78.0
73.0
73.0
73.0
128.0
72.0
72.0
71.0
78.0
71.0
70.0
70.0
69.0
70.0
145.0
148.0
148.0
148.0
159.0
146.0
143.0
130.0
70.0
70.0
145.0
144.0
144.0
146.0
145.0
144.0
137.0
70.0
70.0
75.0
144.0
147.0
144.0
144.0
154.0
140.0
125.0
71.0
71.0
72.0
147.0
147.0
147.0
145.0
146.0
140.0
124.0
77.0
70.0
69.0
188.0
203.0
187.0
188.0
188.0
178.0
111.0
111.0
112.0
112.0
148.0
146.0
146.0
147.0
145.0
144.0
147.0
71.0
70.0
71.0
145.0
145.0
145.0
146.0
143.0
140.0
125.0
70.0
69.0
73.0
145.0
144.0
151.0
146.0
144.0
133.0
71.0
71.0
69.0
69.0
143.0
143.0
143.0
143.0
70.0
70.0
70.0
71.0
69.0
70.0
124.0
69.0
70.0
72.0
70.0
69.0
70.0
69.0
70.0
69.0
145.0
146.0
147.0
157.0
147.0
145.0
143.0
133.0
70.0
70.0
144.0
145.0
145.0
145.0
146.0
145.0
139.0
70.0
70.0
74.0
145.0
148.0
145.0
153.0
143.0
140.0
125.0
71.0
70.0
71.0
188.0
188.0
187.0
187.0
186.0
183.0
167.0
113.0
113.0
112.0
144.0
144.0
144.0
145.0
143.0
133.0
70.0
69.0
70.0
69.0
144.0
145.0
144.0
144.0
144.0
144.0
137.0
69.0
70.0
70.0
145.0
145.0
145.0
145.0
143.0
140.0
125.0
70.0
70.0
70.0
144.0
144.0
144.0
144.0
142.0
133.0
69.0
70.0
70.0
70.0
143.0
142.0
143.0
142.0
69.0
69.0
69.0
70.0
70.0
70.0
124.0
70.0
69.0
69.0
69.0
69.0
69.0
69.0
69.0
69.0
144.0
146.0
145.0
146.0
144.0
144.0
144.0
130.0
70.0
70.0
146.0
145.0
145.0
145.0
144.0
143.0
137.0
70.0
70.0
70.0
188.0
187.0
187.0
188.0
186.0
183.0
169.0
113.0
113.0
114.0
145.0
145.0
144.0
145.0
143.0
140.0
124.0
70.0
71.0
69.0
145.0
145.0
144.0
143.0
143.0
132.0
69.0
70.0
70.0
69.0
145.0
145.0
144.0
144.0
145.0
143.0
138.0
70.0
69.0
69.0
144.0
144.0
145.0
144.0
143.0
140.0
124.0
70.0
70.0
70.0
145.0
144.0
143.0
144.0
142.0
133.0
70.0
69.0
69.0
69.0
142.0
143.0
142.0
143.0
70.0
69.0
69.0
70.0
70.0
69.0
124.0
70.0
69.0
69.0
69.0
70.0
70.0
69.0
70.0
69.0
145.0
145.0
144.0
144.0
144.0
143.0
143.0
129.0
70.0
70.0
188.0
189.0
189.0
188.0
187.0
186.0
181.0
113.0
114.0
114.0
144.0
144.0
144.0
145.0
143.0
141.0
124.0
69.0
70.0
70.0
143.0
144.0
144.0
144.0
143.0
140.0
124.0
69.0
69.0
71.0
145.0
144.0
144.0
144.0
143.0
133.0
70.0
70.0
70.0
70.0
144.0
144.0
145.0
144.0
143.0
143.0
137.0
70.0
70.0
69.0
145.0
144.0
144.0
144.0
143.0
140.0
125.0
70.0
70.0
70.0
144.0
144.0
144.0
144.0
143.0
133.0
70.0
69.0
69.0
70.0
142.0
142.0
142.0
142.0
70.0
70.0
70.0
69.0
70.0
70.0
124.0
69.0
69.0
69.0
69.0
69.0
70.0
69.0
69.0
70.0
189.0
189.0
187.0
187.0
189.0
186.0
187.0
174.0
112.0
114.0
250.0
251.0
252.0
251.0
253.0
251.0
243.0
70.0
70.0
175.0
252.0
250.0
145.0
145.0
143.0
140.0
124.0
70.0
70.0
70.0
145.0
145.0
145.0
144.0
142.0
141.0
126.0
70.0
70.0
70.0
144.0
144.0
145.0
145.0
143.0
133.0
70.0
70.0
69.0
70.0
145.0
144.0
145.0
145.0
145.0
143.0
137.0
71.0
71.0
71.0
146.0
144.0
145.0
145.0
142.0
140.0
125.0
69.0
69.0
71.0
145.0
144.0
144.0
146.0
144.0
133.0
70.0
70.0
69.0
69.0
145.0
143.0
144.0
143.0
70.0
69.0
69.0
70.0
70.0
69.0
124.0
70.0
70.0
70.0
70.0
70.0
70.0
69.0
69.0
69.0
188.0
189.0
189.0
188.0
189.0
187.0
188.0
173.0
70.0
70.0
188.0
189.0
145.0
146.0
144.0
144.0
137.0
70.0
70.0
69.0
144.0
144.0
144.0
144.0
143.0
140.0
124.0
69.0
70.0
69.0
145.0
145.0
144.0
144.0
143.0
140.0
124.0
70.0
70.0
69.0
144.0
145.0
144.0
144.0
142.0
133.0
70.0
70.0
69.0
69.0
145.0
144.0
147.0
144.0
145.0
146.0
139.0
70.0
70.0
72.0
144.0
144.0
144.0
144.0
143.0
140.0
124.0
70.0
69.0
70.0
144.0
144.0
144.0
144.0
142.0
133.0
69.0
69.0
70.0
69.0
142.0
142.0
143.0
143.0
69.0
69.0
70.0
69.0
69.0
69.0
167.0
112.0
113.0
113.0
113.0
114.0
113.0
114.0
113.0
113.0
146.0
145.0
146.0
145.0
144.0
143.0
143.0
130.0
70.0
70.0
145.0
146.0
144.0
144.0
144.0
144.0
138.0
69.0
70.0
70.0
144.0
144.0
144.0
145.0
143.0
140.0
125.0
69.0
70.0
70.0
145.0
144.0
145.0
144.0
143.0
139.0
124.0
69.0
69.0
70.0
145.0
144.0
144.0
144.0
143.0
133.0
69.0
69.0
70.0
69.0
145.0
144.0
144.0
145.0
144.0
143.0
137.0
70.0
70.0
69.0
144.0
145.0
144.0
145.0
143.0
140.0
123.0
69.0
69.0
70.0
144.0
186.0
187.0
187.0
185.0
175.0
70.0
70.0
70.0
69.0
185.0
186.0
185.0
187.0
113.0
71.0
70.0
69.0
69.0
70.0
124.0
69.0
69.0
69.0
70.0
69.0
70.0
70.0
70.0
70.0
145.0
145.0
145.0
145.0
145.0
143.0
143.0
130.0
70.0
70.0
146.0
144.0
145.0
144.0
144.0
143.0
138.0
70.0
70.0
70.0
144.0
144.0
144.0
145.0
143.0
140.0
124.0
69.0
70.0
70.0
145.0
145.0
144.0
144.0
142.0
140.0
124.0
70.0
69.0
69.0
144.0
143.0
144.0
144.0
143.0
133.0
70.0
70.0
70.0
69.0
145.0
144.0
144.0
144.0
144.0
142.0
136.0
69.0
70.0
70.0
186.0
187.0
187.0
187.0
186.0
183.0
166.0
69.0
70.0
70.0
188.0
187.0
187.0
146.0
144.0
132.0
70.0
69.0
70.0
70.0
142.0
143.0
142.0
142.0
69.0
70.0
70.0
70.0
69.0
69.0
124.0
69.0
69.0
70.0
70.0
69.0
69.0
70.0
70.0
69.0
145.0
145.0
145.0
146.0
145.0
144.0
143.0
130.0
70.0
70.0
145.0
145.0
146.0
146.0
143.0
144.0
136.0
70.0
71.0
70.0
144.0
144.0
144.0
144.0
142.0
140.0
125.0
70.0
70.0
70.0
145.0
146.0
143.0
144.0
142.0
142.0
126.0
71.0
69.0
70.0
146.0
144.0
144.0
146.0
145.0
133.0
71.0
70.0
70.0
70.0
187.0
186.0
187.0
188.0
187.0
186.0
181.0
70.0
112.0
112.0
298.0
256.0
260.0
258.0
257.0
252.0
239.0
70.0
69.0
71.0
256.0
259.0
257.0
144.0
143.0
133.0
70.0
70.0
69.0
69.0
143.0
144.0
144.0
143.0
69.0
70.0
70.0
70.0
70.0
70.0
124.0
69.0
70.0
69.0
69.0
69.0
70.0
69.0
69.0
70.0
144.0
145.0
144.0
145.0
146.0
143.0
144.0
130.0
71.0
70.0
145.0
145.0
144.0
145.0
143.0
142.0
138.0
70.0
71.0
70.0
144.0
145.0
145.0
145.0
143.0
140.0
124.0
69.0
70.0
70.0
144.0
144.0
144.0
145.0
144.0
141.0
126.0
71.0
69.0
69.0
145.0
146.0
144.0
144.0
143.0
132.0
70.0
69.0
70.0
69.0
185.0
188.0
188.0
188.0
188.0
186.0
181.0
70.0
112.0
111.0
189.0
148.0
146.0
147.0
143.0
140.0
125.0
69.0
70.0
71.0
145.0
144.0
144.0
144.0
143.0
134.0
69.0
70.0
70.0
70.0
143.0
142.0
142.0
143.0
70.0
70.0
69.0
69.0
69.0
69.0
125.0
69.0
69.0
69.0
69.0
70.0
69.0
70.0
69.0
69.0
144.0
145.0
146.0
144.0
145.0
143.0
143.0
130.0
70.0
70.0
144.0
144.0
144.0
144.0
144.0
143.0
137.0
70.0
70.0
69.0
144.0
144.0
144.0
145.0
142.0
140.0
124.0
70.0
70.0
70.0
144.0
145.0
145.0
145.0
143.0
140.0
125.0
70.0
70.0
69.0
187.0
188.0
189.0
188.0
187.0
177.0
70.0
69.0
69.0
70.0
190.0
189.0
189.0
188.0
145.0
142.0
137.0
70.0
70.0
69.0
144.0
144.0
145.0
145.0
143.0
139.0
125.0
70.0
69.0
70.0
144.0
144.0
144.0
144.0
143.0
132.0
69.0
70.0
69.0
70.0
143.0
142.0
142.0
142.0
70.0
69.0
69.0
69.0
69.0
69.0
123.0
70.0
69.0
69.0
70.0
70.0
69.0
69.0
70.0
70.0
144.0
145.0
145.0
145.0
145.0
143.0
143.0
131.0
70.0
70.0
144.0
145.0
143.0
144.0
144.0
143.0
137.0
69.0
69.0
70.0
145.0
144.0
144.0
144.0
144.0
139.0
124.0
69.0
69.0
69.0
188.0
188.0
188.0
187.0
186.0
184.0
168.0
70.0
113.0
114.0
187.0
144.0
144.0
145.0
143.0
133.0
70.0
70.0
69.0
71.0
145.0
145.0
145.0
145.0
144.0
143.0
137.0
70.0
70.0
69.0
145.0
144.0
144.0
145.0
143.0
140.0
124.0
69.0
70.0
69.0
145.0
144.0
144.0
145.0
144.0
132.0
70.0
69.0
70.0
69.0
142.0
143.0
142.0
143.0
70.0
69.0
70.0
70.0
69.0
69.0
124.0
69.0
69.0
69.0
69.0
69.0
69.0
69.0
70.0
69.0
153.0
155.0
154.0
154.0
156.0
151.0
152.0
145.0
72.0
73.0
157.0
158.0
153.0
153.0
155.0
151.0
145.0
76.0
74.0
75.0
193.0
197.0
198.0
196.0
195.0
188.0
172.0
115.0
116.0
115.0
150.0
149.0
154.0
149.0
152.0
150.0
133.0
74.0
72.0
72.0
156.0
148.0
148.0
150.0
146.0
136.0
74.0
74.0
75.0
74.0
154.0
154.0
154.0
154.0
154.0
147.0
140.0
72.0
72.0
73.0
144.0
144.0
144.0
145.0
143.0
140.0
125.0
70.0
70.0
70.0
144.0
145.0
143.0
144.0
142.0
132.0
70.0
69.0
69.0
70.0
142.0
143.0
143.0
143.0
69.0
69.0
69.0
70.0
69.0
70.0
123.0
69.0
70.0
67.0
67.0
66.0
70.0
69.0
69.0
69.0
