1.0
1.0
1.0
1.0
1.0
1.0
1.0
0.0
0.0
0.0
5.0
5.0
3.0
2.0
2.0
1.0
3.0
1.0
5.0
1.0
115.0
64.0
64.0
63.0
64.0
62.0
63.0
112.0
114.0
110.0
65.0
63.0
64.0
64.0
63.0
63.0
72.0
112.0
114.0
59.0
63.0
63.0
63.0
63.0
63.0
62.0
51.0
62.0
63.0
62.0
63.0
63.0
64.0
64.0
106.0
50.0
103.0
62.0
63.0
61.0
63.0
63.0
63.0
64.0
51.0
61.0
63.0
61.0
63.0
61.0
64.0
63.0
52.0
51.0
63.0
62.0
64.0
61.0
63.0
49.0
64.0
64.0
64.0
52.0
64.0
54.0
64.0
53.0
64.0
61.0
64.0
63.0
63.0
63.0
62.0
50.0
52.0
61.0
63.0
60.0
63.0
63.0
63.0
63.0
62.0
50.0
51.0
73.0
75.0
73.0
75.0
75.0
75.0
76.0
63.0
73.0
62.0
62.0
63.0
61.0
64.0
62.0
51.0
64.0
63.0
49.0
64.0
62.0
52.0
61.0
63.0
52.0
63.0
63.0
63.0
62.0
63.0
50.0
51.0
61.0
63.0
64.0
63.0
64.0
63.0
61.0
64.0
50.0
51.0
61.0
64.0
63.0
64.0
67.0
63.0
63.0
59.0
63.0
51.0
61.0
63.0
63.0
63.0
63.0
64.0
90.0
51.0
90.0
63.0
61.0
64.0
63.0
51.0
63.0
63.0
61.0
62.0
86.0
86.0
61.0
51.0
63.0
63.0
63.0
63.0
62.0
63.0
53.0
63.0
60.0
55.0
63.0
55.0
62.0
64.0
62.0
63.0
53.0
63.0
53.0
63.0
55.0
63.0
62.0
62.0
61.0
61.0
52.0
52.0
55.0
5.0
3.0
5.0
3.0
3.0
3.0
3.0
3.0
5.0
5.0
3.0
2.0
3.0
2.0
2.0
1.0
0.0
0.0
0.0
1.0
3.0
3.0
5.0
3.0
3.0
4.0
2.0
4.0
5.0
3.0
2.0
2.0
2.0
2.0
1.0
0.0
0.0
0.0
1.0
1.0
2.0
1.0
3.0
1.0
3.0
2.0
5.0
2.0
3.0
2.0
2.0
1.0
2.0
1.0
1.0
1.0
0.0
0.0
0.0
0.0
4.0
2.0
3.0
1.0
3.0
1.0
3.0
2.0
3.0
1.0
2.0
0.0
3.0
1.0
1.0
0.0
0.0
0.0
0.0
1.0
3.0
0.0
5.0
1.0
3.0
1.0
3.0
0.0
2.0
0.0
2.0
0.0
3.0
0.0
0.0
0.0
1.0
1.0
1.0
0.0
65.0
115.0
64.0
64.0
115.0
65.0
64.0
64.0
115.0
115.0
64.0
63.0
64.0
64.0
62.0
33.0
34.0
60.0
60.0
60.0
113.0
63.0
63.0
63.0
63.0
63.0
62.0
115.0
115.0
114.0
63.0
63.0
62.0
62.0
33.0
34.0
33.0
33.0
60.0
33.0
63.0
57.0
64.0
61.0
63.0
61.0
102.0
101.0
114.0
112.0
50.0
61.0
62.0
33.0
34.0
33.0
33.0
33.0
27.0
33.0
63.0
62.0
63.0
50.0
63.0
62.0
63.0
111.0
114.0
61.0
51.0
61.0
62.0
34.0
33.0
33.0
34.0
33.0
33.0
33.0
63.0
56.0
63.0
61.0
63.0
61.0
115.0
61.0
113.0
85.0
91.0
34.0
62.0
34.0
33.0
33.0
33.0
33.0
33.0
34.0
63.0
93.0
64.0
64.0
64.0
75.0
64.0
63.0
75.0
84.0
64.0
63.0
63.0
62.0
62.0
33.0
32.0
33.0
33.0
28.0
63.0
63.0
52.0
62.0
63.0
63.0
63.0
63.0
51.0
63.0
51.0
62.0
62.0
62.0
27.0
33.0
33.0
33.0
33.0
34.0
57.0
50.0
63.0
75.0
63.0
61.0
63.0
62.0
63.0
61.0
51.0
76.0
63.0
35.0
33.0
53.0
33.0
33.0
40.0
34.0
51.0
61.0
63.0
62.0
63.0
61.0
93.0
51.0
63.0
88.0
52.0
61.0
62.0
27.0
33.0
34.0
34.0
33.0
27.0
27.0
64.0
60.0
63.0
61.0
63.0
61.0
63.0
61.0
52.0
50.0
63.0
34.0
62.0
33.0
27.0
27.0
33.0
34.0
34.0
33.0
74.0
63.0
51.0
63.0
63.0
86.0
63.0
63.0
63.0
64.0
51.0
63.0
63.0
62.0
71.0
34.0
34.0
34.0
33.0
37.0
54.0
62.0
63.0
62.0
63.0
63.0
63.0
55.0
63.0
54.0
54.0
62.0
62.0
62.0
29.0
33.0
33.0
34.0
33.0
29.0
55.0
53.0
63.0
62.0
55.0
61.0
63.0
61.0
63.0
61.0
54.0
53.0
54.0
34.0
33.0
33.0
33.0
33.0
33.0
33.0
63.0
53.0
63.0
62.0
54.0
62.0
63.0
62.0
55.0
62.0
54.0
54.0
62.0
34.0
33.0
33.0
28.0
34.0
34.0
33.0
61.0
59.0
97.0
59.0
61.0
54.0
100.0
54.0
61.0
59.0
61.0
33.0
60.0
29.0
29.0
32.0
32.0
32.0
29.0
32.0
55.0
71.0
61.0
67.0
61.0
61.0
60.0
56.0
60.0
61.0
66.0
71.0
67.0
71.0
66.0
40.0
43.0
43.0
43.0
42.0
57.0
57.0
60.0
61.0
61.0
61.0
61.0
57.0
56.0
61.0
57.0
56.0
60.0
60.0
32.0
32.0
32.0
30.0
30.0
32.0
60.0
58.0
84.0
58.0
57.0
55.0
57.0
58.0
100.0
58.0
58.0
57.0
58.0
30.0
30.0
30.0
31.0
31.0
54.0
30.0
57.0
55.0
59.0
57.0
58.0
57.0
59.0
67.0
57.0
58.0
57.0
56.0
58.0
31.0
31.0
31.0
30.0
31.0
31.0
31.0
59.0
57.0
58.0
57.0
59.0
57.0
59.0
58.0
59.0
57.0
58.0
31.0
58.0
31.0
31.0
31.0
31.0
31.0
31.0
31.0
59.0
59.0
59.0
59.0
59.0
60.0
59.0
60.0
59.0
59.0
59.0
59.0
59.0
59.0
58.0
31.0
31.0
31.0
32.0
31.0
59.0
59.0
58.0
58.0
59.0
59.0
59.0
58.0
59.0
59.0
59.0
58.0
58.0
58.0
31.0
31.0
31.0
31.0
31.0
31.0
58.0
57.0
59.0
57.0
58.0
57.0
58.0
57.0
59.0
57.0
58.0
57.0
58.0
31.0
31.0
31.0
31.0
31.0
31.0
31.0
58.0
57.0
58.0
57.0
58.0
57.0
58.0
57.0
59.0
57.0
58.0
56.0
58.0
31.0
31.0
30.0
31.0
31.0
31.0
31.0
59.0
57.0
59.0
57.0
59.0
56.0
58.0
56.0
59.0
56.0
58.0
31.0
58.0
31.0
31.0
31.0
31.0
31.0
30.0
31.0
58.0
59.0
59.0
59.0
58.0
59.0
59.0
59.0
58.0
58.0
61.0
59.0
59.0
59.0
59.0
32.0
32.0
32.0
31.0
33.0
59.0
59.0
59.0
59.0
59.0
58.0
59.0
59.0
59.0
58.0
58.0
58.0
59.0
58.0
32.0
31.0
31.0
31.0
31.0
31.0
59.0
58.0
59.0
57.0
59.0
57.0
58.0
57.0
59.0
57.0
58.0
56.0
58.0
31.0
31.0
31.0
31.0
31.0
31.0
31.0
58.0
57.0
59.0
58.0
59.0
57.0
59.0
57.0
59.0
57.0
57.0
56.0
57.0
31.0
31.0
31.0
31.0
31.0
31.0
31.0
58.0
56.0
59.0
56.0
59.0
57.0
59.0
56.0
59.0
57.0
58.0
32.0
58.0
31.0
31.0
31.0
31.0
31.0
31.0
31.0
58.0
58.0
58.0
59.0
59.0
58.0
58.0
58.0
59.0
59.0
59.0
58.0
59.0
58.0
57.0
30.0
31.0
31.0
31.0
31.0
59.0
59.0
59.0
59.0
59.0
59.0
59.0
58.0
59.0
58.0
59.0
58.0
58.0
57.0
31.0
31.0
31.0
31.0
31.0
31.0
59.0
57.0
58.0
57.0
58.0
58.0
59.0
57.0
58.0
57.0
58.0
56.0
58.0
31.0
31.0
31.0
31.0
31.0
31.0
30.0
59.0
58.0
59.0
57.0
58.0
57.0
59.0
57.0
58.0
57.0
58.0
56.0
57.0
30.0
31.0
31.0
31.0
31.0
31.0
31.0
58.0
57.0
59.0
56.0
59.0
56.0
59.0
56.0
58.0
57.0
58.0
31.0
58.0
31.0
31.0
31.0
31.0
31.0
31.0
32.0
58.0
59.0
59.0
59.0
58.0
59.0
58.0
58.0
59.0
58.0
60.0
59.0
59.0
59.0
59.0
31.0
31.0
32.0
32.0
31.0
59.0
59.0
58.0
59.0
59.0
59.0
58.0
58.0
59.0
58.0
67.0
67.0
67.0
66.0
39.0
40.0
40.0
39.0
40.0
40.0
59.0
57.0
58.0
57.0
59.0
58.0
58.0
58.0
59.0
58.0
58.0
57.0
58.0
31.0
31.0
31.0
31.0
31.0
31.0
31.0
58.0
58.0
58.0
57.0
58.0
57.0
58.0
57.0
59.0
58.0
57.0
56.0
58.0
30.0
31.0
31.0
31.0
31.0
30.0
30.0
59.0
56.0
58.0
56.0
59.0
57.0
58.0
57.0
59.0
57.0
58.0
31.0
58.0
32.0
31.0
31.0
31.0
31.0
31.0
31.0
59.0
58.0
59.0
59.0
59.0
59.0
59.0
59.0
59.0
59.0
58.0
58.0
58.0
58.0
58.0
31.0
31.0
30.0
31.0
31.0
58.0
59.0
59.0
59.0
59.0
59.0
59.0
58.0
58.0
58.0
58.0
58.0
58.0
58.0
31.0
30.0
31.0
31.0
31.0
32.0
59.0
57.0
58.0
58.0
59.0
57.0
58.0
58.0
58.0
57.0
57.0
56.0
58.0
31.0
31.0
31.0
31.0
31.0
30.0
31.0
58.0
57.0
58.0
57.0
58.0
58.0
59.0
57.0
59.0
57.0
58.0
56.0
58.0
31.0
31.0
30.0
31.0
31.0
31.0
31.0
59.0
56.0
59.0
57.0
58.0
56.0
58.0
57.0
59.0
57.0
58.0
31.0
58.0
31.0
31.0
31.0
31.0
31.0
30.0
31.0
59.0
58.0
59.0
58.0
59.0
59.0
59.0
58.0
58.0
58.0
58.0
59.0
58.0
58.0
57.0
31.0
31.0
31.0
31.0
31.0
58.0
59.0
59.0
59.0
59.0
59.0
58.0
59.0
59.0
59.0
59.0
59.0
59.0
59.0
31.0
31.0
30.0
31.0
31.0
31.0
62.0
60.0
62.0
60.0
61.0
60.0
61.0
59.0
60.0
59.0
58.0
57.0
58.0
31.0
31.0
31.0
31.0
31.0
31.0
31.0
58.0
57.0
58.0
57.0
58.0
57.0
58.0
57.0
59.0
57.0
58.0
57.0
57.0
31.0
31.0
31.0
31.0
31.0
31.0
30.0
58.0
57.0
59.0
57.0
58.0
57.0
59.0
56.0
58.0
57.0
58.0
31.0
58.0
31.0
32.0
31.0
31.0
31.0
31.0
31.0
59.0
58.0
58.0
59.0
59.0
59.0
59.0
59.0
59.0
59.0
58.0
59.0
59.0
58.0
57.0
31.0
31.0
31.0
31.0
31.0
58.0
58.0
58.0
59.0
59.0
59.0
58.0
59.0
59.0
59.0
59.0
58.0
58.0
58.0
31.0
31.0
31.0
30.0
31.0
31.0
59.0
57.0
58.0
57.0
59.0
57.0
58.0
57.0
59.0
57.0
58.0
56.0
58.0
31.0
31.0
31.0
31.0
30.0
30.0
31.0
58.0
58.0
59.0
57.0
59.0
56.0
58.0
57.0
58.0
57.0
57.0
56.0
58.0
31.0
31.0
31.0
31.0
31.0
31.0
31.0
58.0
57.0
58.0
56.0
58.0
56.0
58.0
57.0
59.0
56.0
58.0
30.0
58.0
31.0
31.0
31.0
31.0
31.0
30.0
31.0
58.0
59.0
59.0
59.0
59.0
59.0
58.0
59.0
59.0
59.0
58.0
58.0
59.0
58.0
57.0
31.0
31.0
31.0
31.0
31.0
59.0
59.0
58.0
58.0
59.0
58.0
58.0
58.0
58.0
58.0
58.0
58.0
58.0
58.0
31.0
31.0
31.0
31.0
31.0
31.0
60.0
58.0
60.0
58.0
60.0
58.0
60.0
58.0
60.0
58.0
68.0
56.0
67.0
31.0
30.0
31.0
31.0
31.0
31.0
31.0
69.0
67.0
68.0
67.0
69.0
67.0
68.0
67.0
59.0
57.0
58.0
56.0
58.0
31.0
31.0
31.0
30.0
31.0
31.0
30.0
59.0
57.0
58.0
57.0
59.0
56.0
58.0
57.0
59.0
56.0
58.0
31.0
58.0
31.0
31.0
31.0
31.0
31.0
30.0
31.0
59.0
58.0
59.0
59.0
59.0
59.0
59.0
59.0
59.0
58.0
59.0
58.0
58.0
58.0
57.0
31.0
31.0
31.0
31.0
31.0
59.0
58.0
58.0
59.0
59.0
58.0
58.0
58.0
59.0
58.0
58.0
57.0
58.0
58.0
31.0
31.0
31.0
31.0
31.0
31.0
59.0
58.0
59.0
57.0
58.0
57.0
59.0
57.0
58.0
57.0
57.0
57.0
57.0
31.0
31.0
31.0
31.0
31.0
31.0
31.0
59.0
57.0
59.0
56.0
59.0
57.0
59.0
57.0
59.0
57.0
58.0
56.0
58.0
31.0
30.0
31.0
31.0
31.0
31.0
31.0
59.0
57.0
59.0
57.0
59.0
56.0
60.0
56.0
59.0
57.0
58.0
31.0
58.0
31.0
30.0
32.0
31.0
31.0
31.0
31.0
59.0
58.0
59.0
59.0
59.0
59.0
60.0
59.0
58.0
59.0
58.0
59.0
59.0
58.0
57.0
32.0
31.0
31.0
31.0
32.0
59.0
59.0
59.0
59.0
59.0
59.0
58.0
58.0
59.0
59.0
59.0
58.0
59.0
58.0
31.0
31.0
31.0
31.0
31.0
30.0
58.0
57.0
58.0
57.0
59.0
57.0
60.0
58.0
59.0
57.0
58.0
57.0
58.0
31.0
31.0
32.0
31.0
31.0
31.0
31.0
64.0
63.0
72.0
64.0
65.0
65.0
66.0
84.0
69.0
85.0
61.0
59.0
62.0
33.0
33.0
33.0
36.0
33.0
33.0
32.0
62.0
60.0
61.0
60.0
62.0
58.0
62.0
58.0
62.0
59.0
61.0
33.0
61.0
32.0
33.0
32.0
32.0
33.0
33.0
33.0
63.0
63.0
62.0
63.0
64.0
63.0
62.0
62.0
63.0
63.0
62.0
62.0
63.0
63.0
63.0
34.0
33.0
33.0
34.0
34.0
65.0
63.0
63.0
64.0
63.0
63.0
62.0
62.0
64.0
63.0
63.0
61.0
61.0
62.0
33.0
33.0
34.0
33.0
33.0
33.0
62.0
60.0
61.0
61.0
62.0
61.0
62.0
61.0
63.0
61.0
61.0
60.0
61.0
33.0
32.0
32.0
33.0
33.0
32.0
33.0
62.0
59.0
62.0
60.0
62.0
60.0
61.0
60.0
62.0
61.0
61.0
58.0
60.0
32.0
33.0
32.0
32.0
32.0
33.0
32.0
61.0
60.0
62.0
59.0
61.0
60.0
62.0
60.0
61.0
59.0
61.0
33.0
60.0
33.0
32.0
33.0
33.0
33.0
33.0
32.0
62.0
62.0
62.0
63.0
62.0
62.0
62.0
62.0
63.0
62.0
62.0
61.0
61.0
61.0
61.0
32.0
33.0
32.0
33.0
32.0
62.0
61.0
61.0
61.0
62.0
62.0
62.0
62.0
62.0
61.0
62.0
61.0
61.0
62.0
32.0
33.0
33.0
32.0
33.0
33.0
62.0
60.0
61.0
60.0
61.0
59.0
60.0
59.0
61.0
58.0
58.0
56.0
58.0
31.0
32.0
32.0
32.0
32.0
31.0
32.0
59.0
57.0
59.0
57.0
58.0
57.0
58.0
57.0
59.0
57.0
58.0
57.0
58.0
31.0
30.0
30.0
31.0
31.0
30.0
31.0
69.0
67.0
69.0
67.0
69.0
67.0
70.0
67.0
70.0
67.0
59.0
30.0
57.0
31.0
32.0
32.0
31.0
31.0
31.0
30.0
59.0
59.0
58.0
58.0
59.0
59.0
59.0
59.0
59.0
58.0
59.0
58.0
58.0
58.0
57.0
31.0
31.0
31.0
31.0
31.0
59.0
60.0
59.0
59.0
59.0
59.0
59.0
59.0
59.0
59.0
58.0
58.0
58.0
58.0
30.0
31.0
30.0
31.0
31.0
31.0
59.0
57.0
59.0
58.0
58.0
57.0
58.0
57.0
59.0
58.0
58.0
57.0
58.0
31.0
31.0
30.0
31.0
31.0
31.0
31.0
59.0
57.0
58.0
57.0
58.0
57.0
58.0
57.0
59.0
57.0
58.0
57.0
58.0
31.0
31.0
30.0
31.0
31.0
31.0
31.0
58.0
56.0
59.0
57.0
58.0
56.0
58.0
56.0
58.0
56.0
57.0
31.0
58.0
31.0
31.0
31.0
31.0
31.0
30.0
32.0
59.0
59.0
59.0
59.0
59.0
59.0
58.0
59.0
59.0
58.0
59.0
59.0
59.0
58.0
57.0
31.0
32.0
31.0
31.0
32.0
59.0
58.0
59.0
59.0
59.0
58.0
59.0
58.0
59.0
59.0
59.0
58.0
57.0
58.0
31.0
31.0
32.0
31.0
31.0
31.0
58.0
58.0
58.0
57.0
58.0
57.0
59.0
57.0
59.0
58.0
58.0
56.0
58.0
32.0
31.0
31.0
31.0
31.0
31.0
31.0
58.0
58.0
58.0
58.0
58.0
57.0
58.0
57.0
59.0
57.0
58.0
57.0
57.0
31.0
31.0
31.0
31.0
31.0
31.0
31.0
60.0
57.0
60.0
58.0
60.0
59.0
60.0
58.0
60.0
59.0
59.0
32.0
59.0
33.0
32.0
32.0
32.0
32.0
31.0
31.0
58.0
58.0
59.0
59.0
58.0
59.0
59.0
58.0
58.0
58.0
58.0
59.0
58.0
58.0
57.0
31.0
31.0
31.0
30.0
31.0
59.0
59.0
59.0
59.0
59.0
59.0
59.0
59.0
59.0
58.0
58.0
58.0
58.0
58.0
31.0
31.0
31.0
31.0
31.0
31.0
59.0
57.0
58.0
57.0
59.0
57.0
59.0
58.0
58.0
57.0
57.0
56.0
58.0
31.0
31.0
31.0
31.0
31.0
31.0
31.0
59.0
57.0
59.0
57.0
58.0
57.0
58.0
57.0
58.0
57.0
58.0
56.0
58.0
31.0
31.0
31.0
31.0
31.0
31.0
31.0
58.0
57.0
59.0
56.0
59.0
56.0
58.0
56.0
58.0
56.0
57.0
31.0
55.0
31.0
31.0
30.0
31.0
31.0
30.0
31.0
