3.0
3.0
3.0
2.0
3.0
3.0
3.0
3.0
2.0
2.0
16.0
16.0
15.0
15.0
15.0
16.0
15.0
14.0
14.0
11.0
16.0
15.0
15.0
15.0
15.0
16.0
15.0
15.0
15.0
10.0
16.0
16.0
15.0
15.0
15.0
15.0
15.0
15.0
15.0
10.0
16.0
15.0
16.0
15.0
15.0
15.0
15.0
15.0
15.0
10.0
16.0
15.0
15.0
15.0
15.0
15.0
15.0
15.0
15.0
11.0
15.0
15.0
15.0
15.0
14.0
15.0
15.0
15.0
15.0
11.0
17.0
16.0
15.0
15.0
15.0
16.0
15.0
15.0
15.0
11.0
15.0
15.0
15.0
15.0
15.0
16.0
15.0
14.0
14.0
10.0
16.0
16.0
15.0
15.0
15.0
15.0
15.0
15.0
15.0
10.0
16.0
15.0
15.0
15.0
15.0
16.0
15.0
15.0
15.0
11.0
17.0
15.0
15.0
15.0
15.0
15.0
15.0
14.0
15.0
10.0
2451.0
2455.0
2454.0
2453.0
2450.0
2479.0
2454.0
2453.0
2450.0
2448.0
2444.0
2446.0
2449.0
2445.0
2449.0
2444.0
2445.0
2445.0
2450.0
2451.0
2416.0
2419.0
2419.0
2420.0
2418.0
2425.0
2421.0
2426.0
2424.0
2420.0
2432.0
2446.0
2439.0
2440.0
2435.0
2435.0
2436.0
2432.0
2440.0
2430.0
2455.0
2459.0
2458.0
2456.0
2459.0
2459.0
2458.0
2459.0
2457.0
2453.0
2421.0
2423.0
2417.0
2418.0
2421.0
2423.0
2418.0
2421.0
2416.0
2419.0
2433.0
2436.0
2434.0
2431.0
2441.0
2439.0
2437.0
2440.0
2435.0
2433.0
2440.0
2443.0
2438.0
2441.0
2442.0
2438.0
2439.0
2442.0
2440.0
2435.0
2420.0
2421.0
2419.0
2418.0
2418.0
2410.0
2416.0
2420.0
2410.0
2414.0
16.0
16.0
16.0
16.0
16.0
16.0
16.0
15.0
15.0
11.0
16.0
15.0
15.0
16.0
15.0
16.0
15.0
15.0
15.0
11.0
16.0
16.0
15.0
16.0
15.0
16.0
16.0
15.0
15.0
10.0
17.0
16.0
15.0
15.0
15.0
15.0
15.0
15.0
11.0
2.0
16.0
16.0
15.0
15.0
15.0
16.0
15.0
14.0
11.0
2.0
16.0
15.0
15.0
15.0
11.0
15.0
15.0
10.0
10.0
2.0
15.0
11.0
11.0
10.0
11.0
11.0
10.0
10.0
10.0
2.0
9.0
2.0
2.0
2.0
3.0
2.0
2.0
2.0
2.0
2.0
3.0
3.0
2.0
2.0
2.0
2.0
2.0
2.0
1.0
2.0
2.0
2.0
2.0
2.0
2.0
3.0
2.0
2.0
2.0
2.0
15.0
15.0
15.0
15.0
15.0
15.0
14.0
15.0
14.0
10.0
15.0
15.0
15.0
15.0
15.0
16.0
15.0
14.0
14.0
10.0
16.0
15.0
15.0
14.0
14.0
15.0
15.0
14.0
14.0
10.0
15.0
15.0
15.0
15.0
15.0
16.0
14.0
14.0
10.0
2.0
15.0
15.0
15.0
15.0
15.0
15.0
15.0
14.0
11.0
2.0
15.0
15.0
14.0
15.0
11.0
14.0
14.0
11.0
10.0
2.0
15.0
10.0
10.0
10.0
10.0
11.0
11.0
10.0
10.0
2.0
9.0
3.0
2.0
2.0
2.0
2.0
2.0
2.0
3.0
2.0
3.0
3.0
2.0
2.0
2.0
2.0
2.0
2.0
2.0
2.0
3.0
2.0
2.0
2.0
2.0
2.0
2.0
2.0
2.0
2.0
16.0
15.0
15.0
15.0
15.0
16.0
15.0
15.0
15.0
10.0
16.0
16.0
15.0
15.0
15.0
16.0
16.0
15.0
15.0
11.0
16.0
17.0
16.0
16.0
15.0
15.0
15.0
15.0
15.0
11.0
16.0
16.0
16.0
16.0
15.0
16.0
15.0
15.0
11.0
2.0
16.0
16.0
15.0
15.0
14.0
15.0
15.0
15.0
11.0
2.0
15.0
15.0
14.0
14.0
11.0
14.0
14.0
10.0
10.0
2.0
15.0
10.0
10.0
10.0
11.0
11.0
11.0
11.0
11.0
3.0
9.0
2.0
2.0
2.0
2.0
2.0
2.0
2.0
2.0
2.0
3.0
3.0
2.0
2.0
2.0
3.0
2.0
2.0
2.0
2.0
2.0
2.0
2.0
2.0
2.0
2.0
2.0
2.0
2.0
2.0
16.0
15.0
15.0
15.0
15.0
15.0
15.0
15.0
14.0
10.0
16.0
15.0
15.0
15.0
14.0
15.0
15.0
15.0
15.0
10.0
15.0
15.0
15.0
15.0
14.0
15.0
14.0
14.0
14.0
10.0
15.0
15.0
14.0
15.0
14.0
15.0
15.0
14.0
11.0
2.0
16.0
15.0
15.0
15.0
14.0
15.0
15.0
14.0
10.0
2.0
15.0
14.0
14.0
14.0
11.0
14.0
14.0
11.0
10.0
2.0
15.0
10.0
10.0
10.0
10.0
11.0
11.0
10.0
11.0
2.0
10.0
3.0
2.0
2.0
2.0
2.0
2.0
2.0
2.0
2.0
3.0
3.0
2.0
2.0
2.0
3.0
3.0
3.0
2.0
2.0
2.0
2.0
2.0
2.0
2.0
2.0
2.0
2.0
2.0
2.0
16.0
16.0
16.0
16.0
16.0
16.0
15.0
16.0
15.0
11.0
16.0
16.0
15.0
15.0
15.0
16.0
16.0
15.0
16.0
11.0
16.0
15.0
16.0
16.0
15.0
15.0
15.0
15.0
15.0
11.0
16.0
16.0
15.0
16.0
15.0
16.0
15.0
15.0
11.0
2.0
16.0
16.0
15.0
16.0
16.0
15.0
15.0
15.0
10.0
2.0
16.0
15.0
15.0
15.0
11.0
15.0
16.0
11.0
11.0
2.0
15.0
11.0
11.0
11.0
11.0
11.0
11.0
11.0
10.0
2.0
9.0
2.0
2.0
2.0
2.0
2.0
3.0
2.0
3.0
2.0
2.0
2.0
2.0
2.0
2.0
2.0
2.0
3.0
2.0
2.0
3.0
3.0
2.0
2.0
2.0
2.0
2.0
2.0
2.0
2.0
16.0
15.0
15.0
15.0
15.0
16.0
15.0
15.0
15.0
10.0
16.0
15.0
15.0
15.0
15.0
16.0
15.0
14.0
14.0
11.0
15.0
15.0
15.0
15.0
15.0
16.0
15.0
14.0
14.0
10.0
16.0
16.0
15.0
15.0
14.0
15.0
15.0
15.0
11.0
2.0
15.0
15.0
15.0
15.0
15.0
16.0
15.0
14.0
11.0
2.0
16.0
15.0
14.0
15.0
11.0
14.0
14.0
11.0
10.0
2.0
15.0
10.0
10.0
10.0
10.0
11.0
11.0
10.0
11.0
2.0
9.0
3.0
3.0
2.0
2.0
2.0
2.0
2.0
2.0
2.0
3.0
2.0
3.0
2.0
2.0
2.0
2.0
2.0
2.0
2.0
2.0
2.0
2.0
2.0
2.0
2.0
2.0
2.0
2.0
2.0
16.0
15.0
15.0
15.0
15.0
16.0
15.0
14.0
15.0
10.0
15.0
15.0
15.0
15.0
15.0
15.0
15.0
14.0
14.0
10.0
16.0
16.0
15.0
15.0
15.0
16.0
15.0
15.0
15.0
11.0
16.0
16.0
15.0
15.0
15.0
16.0
15.0
15.0
11.0
2.0
16.0
16.0
16.0
15.0
15.0
15.0
15.0
15.0
11.0
2.0
16.0
15.0
15.0
15.0
11.0
15.0
15.0
11.0
11.0
2.0
15.0
10.0
10.0
11.0
10.0
11.0
11.0
10.0
11.0
2.0
10.0
3.0
2.0
2.0
2.0
2.0
2.0
2.0
2.0
2.0
3.0
3.0
2.0
2.0
2.0
3.0
2.0
2.0
2.0
2.0
3.0
2.0
2.0
2.0
2.0
2.0
2.0
2.0
2.0
2.0
17.0
16.0
15.0
15.0
15.0
16.0
15.0
15.0
15.0
10.0
15.0
15.0
15.0
15.0
15.0
16.0
16.0
14.0
15.0
11.0
15.0
16.0
15.0
15.0
15.0
16.0
16.0
14.0
14.0
10.0
16.0
16.0
15.0
15.0
15.0
16.0
15.0
15.0
10.0
2.0
15.0
15.0
15.0
15.0
14.0
15.0
15.0
14.0
11.0
2.0
15.0
15.0
14.0
15.0
11.0
15.0
14.0
11.0
10.0
2.0
15.0
11.0
11.0
10.0
10.0
11.0
11.0
10.0
10.0
2.0
8.0
2.0
2.0
2.0
2.0
2.0
2.0
2.0
2.0
3.0
3.0
2.0
3.0
2.0
2.0
2.0
2.0
2.0
2.0
2.0
3.0
2.0
2.0
2.0
2.0
2.0
2.0
2.0
2.0
2.0
16.0
15.0
15.0
15.0
15.0
16.0
14.0
14.0
14.0
10.0
16.0
15.0
15.0
15.0
15.0
16.0
15.0
14.0
14.0
10.0
15.0
15.0
15.0
15.0
15.0
16.0
15.0
14.0
14.0
10.0
16.0
16.0
15.0
15.0
14.0
15.0
15.0
15.0
10.0
2.0
15.0
16.0
15.0
15.0
15.0
16.0
15.0
15.0
11.0
1.0
17.0
16.0
15.0
15.0
11.0
15.0
15.0
11.0
11.0
2.0
16.0
11.0
11.0
11.0
11.0
11.0
11.0
11.0
11.0
2.0
9.0
3.0
3.0
2.0
2.0
3.0
3.0
2.0
2.0
2.0
3.0
2.0
2.0
3.0
3.0
2.0
2.0
2.0
2.0
2.0
3.0
3.0
2.0
2.0
2.0
2.0
2.0
2.0
3.0
3.0
44.0
44.0
43.0
43.0
43.0
44.0
44.0
43.0
42.0
38.0
16.0
15.0
15.0
15.0
15.0
15.0
14.0
14.0
14.0
10.0
16.0
15.0
15.0
15.0
14.0
15.0
15.0
15.0
15.0
10.0
15.0
15.0
15.0
15.0
14.0
15.0
14.0
14.0
11.0
2.0
15.0
14.0
15.0
14.0
14.0
15.0
15.0
14.0
11.0
2.0
15.0
15.0
14.0
15.0
11.0
15.0
14.0
11.0
10.0
2.0
15.0
10.0
10.0
10.0
10.0
10.0
10.0
10.0
10.0
2.0
9.0
3.0
2.0
2.0
2.0
2.0
2.0
2.0
2.0
2.0
2.0
2.0
2.0
2.0
2.0
3.0
2.0
2.0
2.0
2.0
3.0
2.0
3.0
3.0
2.0
2.0
2.0
2.0
2.0
2.0
16.0
15.0
14.0
14.0
14.0
15.0
15.0
15.0
14.0
10.0
15.0
15.0
15.0
15.0
14.0
15.0
15.0
14.0
14.0
10.0
16.0
16.0
15.0
15.0
15.0
16.0
15.0
15.0
14.0
10.0
16.0
16.0
15.0
15.0
15.0
16.0
16.0
15.0
11.0
2.0
16.0
16.0
16.0
15.0
15.0
15.0
15.0
15.0
11.0
2.0
16.0
14.0
14.0
14.0
11.0
15.0
15.0
11.0
11.0
2.0
16.0
11.0
10.0
10.0
10.0
11.0
11.0
11.0
10.0
2.0
9.0
3.0
2.0
2.0
2.0
2.0
2.0
3.0
2.0
2.0
3.0
3.0
2.0
2.0
2.0
2.0
2.0
2.0
2.0
2.0
2.0
2.0
2.0
2.0
2.0
2.0
3.0
2.0
2.0
2.0
2455.0
2459.0
2454.0
2457.0
2455.0
2457.0
2452.0
2455.0
2453.0
2446.0
2468.0
2463.0
2467.0
2464.0
2466.0
2495.0
2468.0
2462.0
2466.0
2458.0
2497.0
2498.0
2497.0
2498.0
2496.0
2496.0
2498.0
2499.0
2510.0
2491.0
2469.0
2472.0
2467.0
2465.0
2464.0
2466.0
2462.0
2465.0
2472.0
2454.0
2410.0
2418.0
2407.0
2416.0
2421.0
2409.0
2418.0
2419.0
2411.0
2407.0
2441.0
2439.0
2445.0
2447.0
2438.0
2452.0
2453.0
2445.0
2440.0
2433.0
2442.0
2443.0
2438.0
2438.0
2435.0
2441.0
2441.0
2445.0
2448.0
2435.0
2402.0
2403.0
2396.0
2395.0
2394.0
2401.0
2404.0
2420.0
2402.0
1292.0
2443.0
2466.0
2467.0
2474.0
2470.0
2467.0
2465.0
1331.0
1332.0
1330.0
1324.0
1321.0
1319.0
1318.0
1294.0
1293.0
1292.0
1295.0
1294.0
1300.0
2466.0
2465.0
2468.0
2465.0
2472.0
2469.0
2468.0
2491.0
2470.0
2465.0
2498.0
2481.0
2489.0
2492.0
2491.0
2493.0
2493.0
2490.0
2497.0
2488.0
2446.0
2447.0
2443.0
2447.0
2462.0
2477.0
2472.0
2472.0
2472.0
2468.0
2456.0
2463.0
2456.0
2461.0
2419.0
2420.0
2420.0
2419.0
2413.0
2405.0
2457.0
2460.0
2458.0
2455.0
2442.0
2442.0
2449.0
2461.0
2437.0
2431.0
2439.0
2434.0
2429.0
2430.0
2461.0
2466.0
2465.0
2462.0
2461.0
2460.0
2456.0
2439.0
2439.0
2446.0
2411.0
2413.0
2412.0
2415.0
2414.0
2398.0
2437.0
2446.0
2443.0
2444.0
2433.0
2437.0
2432.0
2441.0
2439.0
1329.0
2406.0
2395.0
2405.0
2406.0
2405.0
2439.0
2436.0
1293.0
1294.0
1293.0
1327.0
1330.0
1329.0
1329.0
1326.0
1332.0
1332.0
1330.0
1297.0
1292.0
2420.0
2418.0
2416.0
2418.0
2412.0
2419.0
2420.0
2419.0
2451.0
2447.0
2444.0
2451.0
2452.0
2450.0
2453.0
2453.0
2447.0
2458.0
2455.0
2458.0
2508.0
2511.0
2507.0
2514.0
2507.0
2514.0
2513.0
2508.0
2471.0
2465.0
2441.0
2442.0
2444.0
2445.0
2443.0
2444.0
2444.0
2444.0
2429.0
2420.0
2434.0
2417.0
2416.0
2421.0
2411.0
2416.0
2420.0
2417.0
2429.0
2420.0
2439.0
2433.0
2436.0
2437.0
2431.0
2439.0
2435.0
2434.0
2410.0
2399.0
2435.0
2430.0
2433.0
2433.0
2430.0
2434.0
2431.0
2436.0
2423.0
2416.0
2413.0
2403.0
2403.0
2404.0
2404.0
2400.0
2408.0
2408.0
2419.0
1292.0
2446.0
2450.0
2449.0
2452.0
2454.0
2450.0
2450.0
1355.0
1335.0
1315.0
1295.0
1292.0
1291.0
1292.0
1291.0
1291.0
1293.0
1294.0
1291.0
1295.0
2439.0
2437.0
2433.0
2438.0
2435.0
2436.0
2437.0
2429.0
2436.0
2423.0
2422.0
2419.0
2436.0
2438.0
2442.0
2441.0
2437.0
2436.0
2437.0
2436.0
2438.0
2441.0
2413.0
2416.0
2413.0
2421.0
2420.0
2419.0
2417.0
2416.0
2454.0
2450.0
2458.0
2467.0
2468.0
2463.0
2462.0
2459.0
2463.0
2451.0
2468.0
2463.0
2444.0
2453.0
2448.0
2444.0
2445.0
2445.0
2455.0
2432.0
2461.0
2465.0
2485.0
2490.0
2497.0
2491.0
2487.0
2482.0
2484.0
2478.0
2456.0
2445.0
2416.0
2418.0
2413.0
2417.0
2419.0
2422.0
2419.0
2412.0
2440.0
2434.0
2426.0
2422.0
2430.0
2430.0
2426.0
2428.0
2425.0
1314.0
2406.0
2405.0
2405.0
2424.0
2420.0
2421.0
2424.0
1291.0
1290.0
1292.0
1315.0
1311.0
1309.0
1310.0
1310.0
1313.0
1291.0
1290.0
1286.0
1294.0
2417.0
2419.0
2415.0
2416.0
2417.0
2420.0
2432.0
2436.0
2437.0
2431.0
2430.0
2429.0
2426.0
2428.0
2437.0
2437.0
2438.0
2437.0
2445.0
2452.0
2469.0
2462.0
2469.0
2464.0
2465.0
2469.0
2427.0
2439.0
2437.0
2443.0
2435.0
2433.0
2429.0
2430.0
2432.0
2433.0
2446.0
2446.0
2441.0
2432.0
2442.0
2445.0
2445.0
2441.0
2443.0
2444.0
2428.0
2437.0
2436.0
2424.0
2470.0
2470.0
2470.0
2475.0
2467.0
2470.0
2447.0
2449.0
2446.0
2433.0
2449.0
2437.0
2424.0
2446.0
2465.0
2448.0
2438.0
2446.0
2450.0
2437.0
2411.0
2406.0
2400.0
2407.0
2404.0
2405.0
2425.0
2426.0
2450.0
1292.0
2448.0
2447.0
2449.0
2445.0
2444.0
2453.0
2444.0
1309.0
1312.0
1292.0
1292.0
1291.0
1290.0
1292.0
1291.0
1292.0
1292.0
1292.0
1293.0
1293.0
2433.0
2434.0
2435.0
2436.0
2433.0
2436.0
2433.0
2442.0
2431.0
2594.0
2433.0
2437.0
2442.0
2435.0
2435.0
2433.0
2435.0
2436.0
2441.0
2431.0
2415.0
2423.0
2415.0
2417.0
2417.0
2414.0
2416.0
2415.0
2414.0
2412.0
2425.0
2426.0
2434.0
2428.0
2436.0
2428.0
2428.0
2437.0
2431.0
2419.0
2437.0
2451.0
2457.0
2470.0
2458.0
2464.0
2462.0
2466.0
2459.0
2462.0
2440.0
2431.0
2424.0
2425.0
2438.0
2425.0
2422.0
2418.0
2419.0
2408.0
2461.0
2455.0
2460.0
2463.0
2453.0
2455.0
2454.0
2461.0
2461.0
2447.0
2436.0
2428.0
2434.0
2427.0
2428.0
2435.0
2432.0
2435.0
2433.0
1319.0
2402.0
2402.0
2395.0
2405.0
2393.0
2401.0
2400.0
1293.0
1289.0
1306.0
1310.0
1315.0
1315.0
1313.0
1315.0
1316.0
1311.0
1312.0
1312.0
1315.0
2410.0
2416.0
2413.0
2413.0
2415.0
2414.0
2416.0
2413.0
2437.0
2429.0
2443.0
2454.0
2454.0
2473.0
2467.0
2473.0
2476.0
2475.0
2449.0
2447.0
2482.0
2474.0
2465.0
2459.0
2462.0
2466.0
2461.0
2462.0
2460.0
2460.0
2444.0
2444.0
2443.0
2448.0
2456.0
2459.0
2460.0
2459.0
2453.0
2447.0
2445.0
2448.0
2439.0
2435.0
2411.0
2411.0
2418.0
2417.0
2414.0
2400.0
2435.0
2433.0
2438.0
2436.0
2427.0
2436.0
2430.0
2430.0
2433.0
2421.0
2418.0
2414.0
2413.0
2411.0
2431.0
2433.0
2437.0
2434.0
2436.0
2445.0
2441.0
2441.0
2443.0
2444.0
2452.0
2452.0
2454.0
2450.0
2449.0
1308.0
2461.0
2457.0
2458.0
2452.0
2450.0
2417.0
2420.0
1314.0
1314.0
1313.0
1295.0
1295.0
1296.0
1294.0
1289.0
1289.0
1285.0
1287.0
1296.0
1288.0
2433.0
2436.0
2435.0
2442.0
2432.0
2435.0
2434.0
2428.0
2425.0
2430.0
2413.0
2414.0
2413.0
2417.0
2416.0
2416.0
2427.0
2433.0
2434.0
2430.0
2442.0
2436.0
2443.0
2446.0
2441.0
2442.0
2408.0
2407.0
2413.0
2411.0
2437.0
2435.0
2434.0
2431.0
2436.0
2436.0
2435.0
2434.0
2432.0
2431.0
2462.0
2460.0
2460.0
2459.0
2464.0
2463.0
2462.0
2463.0
2453.0
2443.0
2415.0
2416.0
2416.0
2416.0
2413.0
2416.0
2415.0
2410.0
2430.0
2425.0
2436.0
2429.0
2431.0
2430.0
2436.0
2432.0
2438.0
2428.0
2410.0
2402.0
2429.0
2425.0
2425.0
2419.0
2428.0
2429.0
2421.0
2419.0
2423.0
1312.0
2413.0
2415.0
2417.0
2413.0
2413.0
2418.0
2422.0
1293.0
1295.0
1300.0
1318.0
1306.0
1328.0
1328.0
1330.0
1322.0
1333.0
1324.0
1325.0
1322.0
2451.0
2444.0
2429.0
2426.0
2424.0
2424.0
2429.0
2422.0
2443.0
2420.0
2466.0
2457.0
2450.0
2451.0
2457.0
2453.0
2457.0
2454.0
2455.0
2452.0
2414.0
2434.0
2433.0
2438.0
2435.0
2433.0
2434.0
2434.0
2434.0
2427.0
2446.0
2410.0
2413.0
2415.0
2412.0
2415.0
2414.0
2416.0
2411.0
2405.0
2431.0
2430.0
2424.0
2434.0
2430.0
2429.0
2427.0
2438.0
2433.0
2424.0
2452.0
2430.0
2434.0
2438.0
2434.0
2435.0
2435.0
2435.0
2432.0
2429.0
2415.0
2400.0
2408.0
2427.0
2430.0
2429.0
2434.0
2431.0
2431.0
2422.0
2442.0
2437.0
2454.0
2430.0
2433.0
2433.0
2436.0
2431.0
2439.0
1292.0
2464.0
2445.0
2459.0
2440.0
2442.0
2447.0
2443.0
1320.0
1318.0
1319.0
1308.0
1309.0
1305.0
1309.0
1289.0
1293.0
1173.0
1158.0
1129.0
1129.0
