5.0
7.0
5.0
7.0
5.0
5.0
5.0
5.0
6.0
6.0
7.0
4.0
7.0
5.0
5.0
5.0
4.0
4.0
7.0
7.0
23.0
23.0
23.0
23.0
23.0
23.0
40.0
40.0
40.0
40.0
172.0
174.0
172.0
173.0
173.0
173.0
295.0
295.0
294.0
294.0
227.0
226.0
226.0
207.0
226.0
228.0
267.0
267.0
363.0
364.0
532.0
638.0
636.0
637.0
636.0
570.0
641.0
621.0
635.0
585.0
580.0
583.0
619.0
619.0
619.0
620.0
583.0
605.0
585.0
601.0
594.0
602.0
601.0
601.0
602.0
600.0
600.0
603.0
601.0
601.0
601.0
593.0
593.0
594.0
594.0
594.0
593.0
595.0
593.0
593.0
617.0
615.0
615.0
615.0
614.0
614.0
614.0
616.0
615.0
615.0
593.0
592.0
593.0
593.0
594.0
593.0
599.0
602.0
603.0
600.0
601.0
601.0
602.0
601.0
601.0
601.0
594.0
596.0
593.0
594.0
594.0
594.0
599.0
601.0
600.0
602.0
600.0
603.0
600.0
600.0
601.0
601.0
593.0
595.0
594.0
593.0
594.0
596.0
593.0
596.0
619.0
619.0
615.0
622.0
621.0
623.0
617.0
621.0
623.0
620.0
2901.0
2924.0
2902.0
2898.0
2903.0
2903.0
2897.0
2909.0
2932.0
2926.0
5814.0
5811.0
5937.0
5929.0
5895.0
5911.0
5944.0
5858.0
5929.0
5780.0
5822.0
5850.0
5927.0
5917.0
5822.0
5873.0
5853.0
5920.0
5811.0
5802.0
5804.0
5802.0
5768.0
5818.0
5829.0
5788.0
5820.0
5813.0
5837.0
5887.0
5885.0
5838.0
5858.0
5867.0
5822.0
5826.0
5175.0
5136.0
4.0
7.0
7.0
5.0
5.0
5.0
4.0
4.0
7.0
7.0
4.0
3.0
3.0
4.0
4.0
4.0
6.0
6.0
6.0
7.0
4.0
4.0
4.0
3.0
4.0
4.0
4.0
4.0
4.0
3.0
6.0
4.0
6.0
4.0
6.0
6.0
4.0
4.0
4.0
4.0
4.0
4.0
6.0
6.0
3.0
4.0
4.0
6.0
4.0
6.0
4.0
4.0
4.0
3.0
4.0
4.0
3.0
4.0
6.0
6.0
7.0
4.0
7.0
4.0
4.0
4.0
3.0
4.0
4.0
4.0
6.0
3.0
6.0
4.0
4.0
6.0
4.0
6.0
4.0
4.0
4.0
4.0
4.0
4.0
6.0
6.0
4.0
6.0
4.0
5.0
6.0
4.0
4.0
4.0
3.0
3.0
4.0
3.0
6.0
4.0
41.0
23.0
40.0
40.0
23.0
23.0
24.0
23.0
23.0
7.0
40.0
22.0
22.0
22.0
22.0
22.0
23.0
39.0
39.0
6.0
23.0
22.0
39.0
22.0
23.0
23.0
22.0
39.0
22.0
4.0
23.0
22.0
23.0
23.0
22.0
28.0
39.0
39.0
22.0
6.0
22.0
23.0
22.0
23.0
22.0
22.0
18.0
23.0
23.0
4.0
23.0
22.0
22.0
39.0
23.0
23.0
39.0
18.0
23.0
4.0
23.0
23.0
22.0
22.0
22.0
22.0
18.0
40.0
22.0
4.0
18.0
22.0
23.0
22.0
23.0
39.0
22.0
22.0
18.0
4.0
23.0
22.0
22.0
23.0
22.0
22.0
23.0
39.0
18.0
7.0
22.0
22.0
22.0
22.0
23.0
39.0
23.0
22.0
18.0
4.0
158.0
156.0
156.0
156.0
155.0
157.0
156.0
127.0
149.0
7.0
164.0
151.0
127.0
170.0
156.0
156.0
155.0
155.0
155.0
4.0
157.0
156.0
135.0
137.0
155.0
156.0
156.0
157.0
155.0
4.0
161.0
136.0
159.0
144.0
145.0
146.0
159.0
159.0
159.0
4.0
159.0
159.0
155.0
155.0
140.0
149.0
141.0
152.0
152.0
3.0
152.0
153.0
152.0
174.0
151.0
141.0
160.0
161.0
172.0
4.0
172.0
170.0
171.0
170.0
171.0
161.0
162.0
161.0
139.0
4.0
149.0
148.0
148.0
148.0
175.0
141.0
147.0
140.0
224.0
3.0
139.0
145.0
145.0
144.0
145.0
139.0
145.0
247.0
141.0
3.0
140.0
146.0
146.0
146.0
146.0
140.0
248.0
146.0
140.0
3.0
203.0
361.0
213.0
213.0
213.0
212.0
203.0
211.0
203.0
6.0
361.0
202.0
202.0
211.0
211.0
212.0
211.0
202.0
211.0
6.0
211.0
369.0
211.0
218.0
218.0
218.0
218.0
211.0
219.0
5.0
369.0
202.0
202.0
211.0
211.0
211.0
212.0
203.0
220.0
5.0
275.0
217.0
219.0
226.0
229.0
258.0
225.0
225.0
260.0
6.0
224.0
215.0
216.0
215.0
217.0
224.0
225.0
224.0
224.0
3.0
224.0
224.0
216.0
242.0
216.0
218.0
225.0
226.0
226.0
4.0
226.0
253.0
225.0
225.0
226.0
224.0
223.0
217.0
217.0
3.0
217.0
215.0
214.0
214.0
210.0
210.0
209.0
210.0
210.0
3.0
210.0
209.0
209.0
209.0
209.0
210.0
210.0
209.0
210.0
3.0
601.0
600.0
602.0
603.0
602.0
602.0
627.0
627.0
626.0
4.0
628.0
618.0
619.0
619.0
618.0
625.0
619.0
600.0
595.0
3.0
593.0
599.0
601.0
601.0
601.0
600.0
603.0
600.0
600.0
3.0
601.0
600.0
599.0
593.0
592.0
592.0
593.0
594.0
594.0
3.0
594.0
594.0
592.0
593.0
601.0
601.0
600.0
600.0
601.0
3.0
600.0
600.0
603.0
601.0
601.0
595.0
595.0
594.0
594.0
4.0
596.0
593.0
599.0
601.0
599.0
600.0
627.0
627.0
626.0
3.0
634.0
627.0
633.0
624.0
621.0
621.0
619.0
596.0
596.0
4.0
594.0
601.0
595.0
593.0
594.0
601.0
600.0
601.0
604.0
3.0
604.0
604.0
605.0
603.0
602.0
600.0
594.0
594.0
592.0
4.0
604.0
603.0
603.0
603.0
604.0
599.0
602.0
602.0
602.0
4.0
600.0
593.0
592.0
593.0
594.0
592.0
594.0
594.0
593.0
3.0
595.0
593.0
629.0
628.0
628.0
630.0
631.0
630.0
628.0
4.0
628.0
631.0
630.0
594.0
594.0
595.0
593.0
594.0
594.0
4.0
592.0
593.0
593.0
592.0
601.0
601.0
601.0
600.0
599.0
3.0
600.0
601.0
599.0
602.0
600.0
594.0
594.0
592.0
592.0
4.0
592.0
592.0
592.0
593.0
594.0
592.0
601.0
600.0
600.0
4.0
599.0
600.0
599.0
599.0
599.0
600.0
599.0
595.0
593.0
4.0
593.0
600.0
600.0
598.0
599.0
599.0
600.0
599.0
636.0
3.0
634.0
633.0
629.0
627.0
626.0
624.0
627.0
622.0
621.0
4.0
594.0
594.0
602.0
597.0
600.0
594.0
598.0
606.0
602.0
4.0
600.0
602.0
602.0
599.0
599.0
600.0
599.0
594.0
592.0
3.0
593.0
593.0
600.0
599.0
600.0
601.0
600.0
600.0
599.0
4.0
598.0
600.0
598.0
593.0
593.0
593.0
593.0
594.0
592.0
4.0
591.0
592.0
594.0
593.0
638.0
638.0
633.0
638.0
637.0
4.0
650.0
640.0
651.0
655.0
651.0
604.0
610.0
605.0
603.0
3.0
603.0
638.0
619.0
618.0
617.0
611.0
600.0
600.0
600.0
3.0
600.0
600.0
619.0
601.0
599.0
602.0
599.0
595.0
593.0
4.0
594.0
595.0
594.0
596.0
607.0
594.0
601.0
599.0
602.0
4.0
601.0
602.0
602.0
601.0
603.0
601.0
601.0
598.0
593.0
3.0
599.0
601.0
602.0
601.0
601.0
601.0
602.0
601.0
602.0
4.0
603.0
629.0
628.0
624.0
628.0
627.0
626.0
627.0
625.0
4.0
625.0
626.0
594.0
593.0
593.0
594.0
594.0
593.0
597.0
4.0
598.0
597.0
596.0
600.0
602.0
597.0
604.0
603.0
597.0
3.0
595.0
602.0
596.0
600.0
597.0
601.0
599.0
600.0
601.0
4.0
598.0
597.0
601.0
597.0
602.0
594.0
594.0
592.0
593.0
3.0
593.0
594.0
594.0
594.0
595.0
594.0
596.0
596.0
595.0
4.0
624.0
623.0
630.0
630.0
633.0
626.0
630.0
621.0
621.0
3.0
622.0
599.0
603.0
594.0
595.0
600.0
595.0
594.0
601.0
3.0
600.0
600.0
603.0
604.0
602.0
602.0
602.0
603.0
601.0
4.0
594.0
594.0
594.0
595.0
593.0
594.0
596.0
596.0
594.0
4.0
594.0
601.0
601.0
601.0
601.0
602.0
601.0
602.0
603.0
4.0
601.0
603.0
595.0
595.0
593.0
594.0
594.0
602.0
603.0
3.0
603.0
601.0
601.0
633.0
633.0
635.0
636.0
637.0
624.0
4.0
624.0
626.0
624.0
625.0
593.0
592.0
598.0
601.0
601.0
3.0
593.0
594.0
593.0
594.0
597.0
602.0
601.0
606.0
603.0
3.0
603.0
601.0
601.0
601.0
603.0
595.0
594.0
594.0
598.0
3.0
600.0
599.0
601.0
598.0
599.0
602.0
600.0
604.0
603.0
4.0
598.0
597.0
597.0
593.0
592.0
593.0
594.0
593.0
604.0
3.0
606.0
605.0
604.0
604.0
600.0
599.0
632.0
630.0
632.0
4.0
635.0
631.0
634.0
632.0
633.0
626.0
627.0
593.0
595.0
4.0
592.0
606.0
605.0
606.0
607.0
605.0
601.0
605.0
599.0
4.0
600.0
601.0
609.0
617.0
613.0
615.0
628.0
604.0
603.0
4.0
603.0
605.0
622.0
634.0
633.0
635.0
632.0
588.0
631.0
3.0
589.0
586.0
588.0
628.0
618.0
619.0
620.0
572.0
573.0
4.0
619.0
624.0
573.0
574.0
627.0
617.0
661.0
665.0
661.0
3.0
618.0
616.0
618.0
666.0
659.0
661.0
578.0
574.0
629.0
4.0
628.0
579.0
620.0
574.0
628.0
627.0
626.0
583.0
581.0
4.0
582.0
581.0
628.0
627.0
626.0
627.0
627.0
620.0
571.0
3.0
573.0
573.0
572.0
624.0
625.0
625.0
624.0
624.0
624.0
3.0
581.0
583.0
580.0
580.0
621.0
621.0
621.0
621.0
621.0
4.0
621.0
578.0
578.0
580.0
581.0
625.0
626.0
626.0
661.0
4.0
663.0
663.0
610.0
610.0
616.0
610.0
664.0
666.0
662.0
4.0
628.0
626.0
620.0
575.0
572.0
580.0
572.0
631.0
630.0
4.0
632.0
631.0
626.0
627.0
581.0
581.0
581.0
581.0
620.0
3.0
621.0
619.0
620.0
621.0
621.0
572.0
573.0
580.0
580.0
4.0
625.0
627.0
626.0
627.0
626.0
580.0
579.0
625.0
573.0
4.0
571.0
625.0
625.0
625.0
626.0
626.0
582.0
580.0
580.0
3.0
626.0
580.0
657.0
658.0
660.0
610.0
610.0
656.0
656.0
4.0
610.0
609.0
656.0
572.0
620.0
619.0
620.0
574.0
573.0
3.0
625.0
625.0
573.0
626.0
584.0
584.0
634.0
626.0
628.0
4.0
583.0
583.0
619.0
620.0
620.0
580.0
582.0
583.0
582.0
4.0
631.0
625.0
625.0
625.0
625.0
625.0
572.0
573.0
573.0
3.0
573.0
620.0
619.0
619.0
621.0
620.0
620.0
581.0
581.0
3.0
582.0
581.0
661.0
664.0
663.0
663.0
665.0
663.0
612.0
4.0
608.0
612.0
611.0
618.0
627.0
625.0
627.0
627.0
620.0
3.0
576.0
578.0
581.0
581.0
624.0
625.0
624.0
625.0
625.0
4.0
625.0
579.0
573.0
570.0
592.0
623.0
624.0
624.0
628.0
4.0
637.0
628.0
578.0
578.0
581.0
585.0
626.0
625.0
626.0
4.0
620.0
619.0
619.0
573.0
574.0
572.0
573.0
638.0
636.0
3.0
640.0
640.0
641.0
612.0
651.0
620.0
616.0
647.0
667.0
4.0
664.0
658.0
659.0
659.0
611.0
611.0
656.0
613.0
579.0
3.0
627.0
626.0
632.0
582.0
627.0
628.0
583.0
587.0
628.0
3.0
588.0
619.0
620.0
618.0
573.0
572.0
619.0
619.0
574.0
3.0
574.0
620.0
581.0
623.0
626.0
581.0
625.0
626.0
580.0
3.0
626.0
581.0
626.0
573.0
572.0
619.0
620.0
619.0
573.0
3.0
573.0
619.0
620.0
625.0
580.0
622.0
622.0
669.0
665.0
4.0
667.0
620.0
668.0
670.0
666.0
613.0
577.0
578.0
573.0
3.0
621.0
619.0
630.0
627.0
630.0
627.0
581.0
580.0
583.0
3.0
581.0
625.0
626.0
627.0
627.0
628.0
627.0
572.0
573.0
3.0
573.0
574.0
626.0
626.0
626.0
625.0
626.0
626.0
581.0
4.0
580.0
581.0
581.0
620.0
619.0
620.0
621.0
619.0
620.0
3.0
573.0
573.0
573.0
573.0
625.0
625.0
625.0
627.0
625.0
4.0
658.0
613.0
612.0
614.0
614.0
657.0
658.0
660.0
656.0
4.0
651.0
576.0
624.0
573.0
576.0
575.0
625.0
625.0
625.0
4.0
625.0
626.0
580.0
581.0
626.0
580.0
581.0
619.0
618.0
3.0
620.0
573.0
619.0
619.0
574.0
620.0
573.0
573.0
625.0
4.0
625.0
625.0
580.0
580.0
625.0
625.0
580.0
580.0
625.0
3.0
574.0
619.0
620.0
624.0
573.0
625.0
625.0
580.0
583.0
4.0
625.0
609.0
610.0
653.0
660.0
648.0
602.0
656.0
600.0
4.0
3049.0
3064.0
2796.0
2800.0
3031.0
3045.0
2808.0
3041.0
2808.0
5.0
3036.0
3080.0
3090.0
3036.0
2891.0
2888.0
2888.0
3095.0
3084.0
3.0
3091.0
3082.0
2851.0
2851.0
3072.0
2848.0
3081.0
2858.0
3082.0
3.0
3083.0
3085.0
3082.0
2842.0
2852.0
2855.0
2882.0
3091.0
3084.0
4.0
3081.0
3084.0
3093.0
3090.0
2954.0
2996.0
2961.0
2969.0
3017.0
4.0
3007.0
2991.0
3017.0
3007.0
3010.0
2988.0
3005.0
2998.0
3009.0
4.0
2983.0
2980.0
2980.0
3044.0
3021.0
3016.0
2950.0
3016.0
3022.0
4.0
3016.0
3018.0
3041.0
3026.0
3047.0
3040.0
3080.0
3013.0
2950.0
4.0
2924.0
2942.0
2990.0
2961.0
2958.0
2942.0
2943.0
2942.0
2938.0
3.0
2942.0
2955.0
2938.0
2958.0
2942.0
2984.0
2976.0
2968.0
2979.0
4.0
5803.0
5833.0
5816.0
5760.0
5786.0
5764.0
5784.0
5784.0
2849.0
5805.0
5864.0
5891.0
5828.0
5836.0
5895.0
5831.0
5832.0
5874.0
2895.0
5839.0
5849.0
5759.0
5774.0
5835.0
5783.0
5868.0
5790.0
5814.0
2858.0
5851.0
5901.0
5830.0
5864.0
5976.0
5927.0
5851.0
5804.0
2842.0
5810.0
5798.0
5812.0
5919.0
5834.0
5823.0
5788.0
5804.0
2864.0
5880.0
5841.0
5908.0
5969.0
5967.0
5891.0
5808.0
5941.0
5860.0
2902.0
5882.0
5908.0
5937.0
5901.0
5870.0
5778.0
5778.0
5785.0
2831.0
5834.0
5794.0
5774.0
5787.0
5841.0
5840.0
5842.0
5774.0
5789.0
2896.0
5796.0
5797.0
5845.0
5835.0
5839.0
5840.0
5822.0
5816.0
2850.0
5825.0
5874.0
5873.0
5906.0
5912.0
5831.0
5844.0
5887.0
5862.0
2899.0
5835.0
5782.0
5817.0
5809.0
5810.0
5814.0
5814.0
2883.0
5870.0
5789.0
5796.0
5793.0
5839.0
5852.0
5811.0
5855.0
5856.0
2828.0
5826.0
5847.0
5854.0
5884.0
5885.0
5869.0
5869.0
5883.0
5801.0
2844.0
5827.0
5854.0
5872.0
5861.0
5787.0
5789.0
5778.0
5811.0
2848.0
5860.0
5851.0
5791.0
5800.0
5827.0
5836.0
5887.0
5876.0
2890.0
5856.0
5831.0
5809.0
5871.0
5891.0
5846.0
5766.0
5782.0
5862.0
2887.0
5827.0
5804.0
5778.0
5828.0
5819.0
5820.0
5815.0
5823.0
2870.0
5786.0
5823.0
5826.0
5811.0
5801.0
5820.0
5802.0
5814.0
5816.0
2844.0
5819.0
5793.0
5808.0
5861.0
5861.0
5860.0
5837.0
5822.0
2804.0
5753.0
5870.0
5833.0
5812.0
5820.0
5745.0
5754.0
5756.0
5781.0
2859.0
5777.0
5901.0
5931.0
5852.0
5868.0
5827.0
5846.0
2841.0
5816.0
5838.0
5910.0
5894.0
5705.0
6811.0
5742.0
6866.0
5866.0
2892.0
5853.0
5735.0
5778.0
5756.0
5755.0
5824.0
5786.0
5770.0
5789.0
2834.0
5790.0
5828.0
5962.0
5904.0
5975.0
5920.0
5870.0
5908.0
2901.0
5868.0
5870.0
5849.0
5828.0
5881.0
5824.0
5837.0
5836.0
2872.0
5876.0
5949.0
5919.0
5822.0
5884.0
5908.0
5940.0
5942.0
5958.0
2948.0
5800.0
5849.0
5957.0
5943.0
5891.0
5895.0
5901.0
5861.0
2890.0
5866.0
5922.0
5784.0
5877.0
7784.0
5810.0
5872.0
5879.0
5660.0
2807.0
5836.0
5718.0
5639.0
5897.0
5913.0
5837.0
5837.0
3902.0
5754.0
5907.0
5846.0
5858.0
5853.0
5905.0
5898.0
5946.0
5932.0
2910.0
5873.0
5858.0
5871.0
5832.0
5841.0
5861.0
5757.0
2800.0
5798.0
5825.0
5788.0
5810.0
5855.0
5883.0
5800.0
5807.0
5967.0
2870.0
5928.0
5878.0
5803.0
5958.0
5943.0
5932.0
5947.0
5808.0
5809.0
2986.0
5963.0
5838.0
5764.0
5816.0
5804.0
5837.0
5870.0
5846.0
2850.0
5806.0
5888.0
5877.0
5853.0
5848.0
5784.0
5788.0
5818.0
2889.0
5883.0
5826.0
5850.0
5843.0
5862.0
5851.0
5832.0
5814.0
5809.0
2866.0
5844.0
5814.0
5828.0
5832.0
5795.0
5784.0
5727.0
5799.0
2844.0
5873.0
5870.0
5732.0
5800.0
5924.0
5938.0
5908.0
5925.0
5860.0
2833.0
5778.0
5810.0
5805.0
5890.0
5754.0
5811.0
5867.0
2878.0
5930.0
5805.0
5840.0
5836.0
5825.0
5835.0
5873.0
5804.0
5866.0
2829.0
5742.0
5817.0
5832.0
5867.0
5860.0
5843.0
5849.0
2924.0
5871.0
5965.0
5860.0
5843.0
5859.0
5901.0
5922.0
5841.0
5843.0
2856.0
5756.0
5831.0
5899.0
5919.0
5742.0
5943.0
5708.0
6021.0
6034.0
2805.0
5650.0
6029.0
6101.0
6126.0
5722.0
5693.0
6033.0
5741.0
2936.0
6009.0
5775.0
6037.0
5866.0
5775.0
5776.0
5766.0
5841.0
2869.0
5838.0
5742.0
5786.0
5781.0
5846.0
5835.0
5856.0
5835.0
5851.0
2852.0
5784.0
5875.0
5893.0
5858.0
5851.0
5826.0
5887.0
5833.0
2867.0
5828.0
5821.0
5830.0
5953.0
5849.0
5889.0
5878.0
5823.0
5799.0
2897.0
5807.0
5791.0
5757.0
5750.0
5840.0
5805.0
5788.0
2872.0
5880.0
5818.0
5749.0
5760.0
5756.0
5502.0
5533.0
5471.0
5471.0
2787.0
