6.0
5.0
5.0
4.0
4.0
4.0
3.0
5.0
5.0
5.0
13.0
12.0
8.0
7.0
7.0
7.0
7.0
7.0
13.0
13.0
7.0
7.0
7.0
7.0
7.0
8.0
13.0
12.0
12.0
12.0
8.0
8.0
8.0
8.0
7.0
7.0
7.0
7.0
7.0
7.0
8.0
7.0
12.0
13.0
13.0
13.0
7.0
7.0
7.0
7.0
8.0
7.0
7.0
7.0
8.0
13.0
8.0
7.0
13.0
7.0
13.0
12.0
7.0
8.0
7.0
7.0
8.0
8.0
13.0
12.0
14.0
7.0
12.0
7.0
7.0
8.0
7.0
7.0
7.0
7.0
8.0
7.0
7.0
8.0
12.0
13.0
13.0
12.0
8.0
7.0
8.0
7.0
7.0
7.0
7.0
7.0
8.0
8.0
7.0
7.0
13.0
12.0
12.0
12.0
7.0
7.0
7.0
7.0
7.0
8.0
8.0
8.0
13.0
13.0
7.0
8.0
12.0
7.0
13.0
7.0
7.0
7.0
7.0
8.0
7.0
7.0
13.0
13.0
15.0
14.0
3487.0
3405.0
3290.0
3374.0
3362.0
3551.0
3445.0
3635.0
3279.0
3337.0
3377.0
3326.0
3376.0
3352.0
3384.0
3333.0
3376.0
3366.0
3351.0
3275.0
3294.0
3304.0
3272.0
3270.0
3403.0
3277.0
3282.0
3319.0
3300.0
3366.0
3346.0
3367.0
3391.0
3349.0
3331.0
3343.0
3387.0
3390.0
3375.0
3227.0
3226.0
3324.0
3335.0
3328.0
3306.0
3976.0
3342.0
3211.0
4006.0
3263.0
3261.0
3332.0
3294.0
3326.0
3368.0
3245.0
3411.0
3316.0
3371.0
3295.0
3326.0
3296.0
3342.0
3362.0
3358.0
3284.0
3326.0
3209.0
3228.0
2956.0
2955.0
2927.0
12.0
7.0
11.0
7.0
7.0
13.0
7.0
11.0
12.0
12.0
7.0
7.0
7.0
7.0
11.0
12.0
12.0
11.0
12.0
12.0
7.0
7.0
7.0
7.0
7.0
7.0
7.0
7.0
12.0
12.0
12.0
11.0
12.0
12.0
6.0
7.0
7.0
7.0
7.0
6.0
7.0
4.0
5.0
4.0
5.0
5.0
4.0
4.0
3.0
12.0
18.0
19.0
14.0
19.0
19.0
14.0
14.0
19.0
14.0
11.0
7.0
7.0
7.0
7.0
11.0
12.0
12.0
11.0
12.0
7.0
6.0
6.0
6.0
11.0
6.0
7.0
7.0
7.0
11.0
11.0
12.0
12.0
4.0
4.0
3.0
7.0
7.0
3.0
4.0
2.0
6.0
3.0
3.0
4.0
2.0
5.0
2.0
3.0
2.0
4.0
12.0
11.0
7.0
11.0
12.0
7.0
7.0
6.0
11.0
12.0
7.0
7.0
7.0
7.0
11.0
12.0
12.0
12.0
7.0
12.0
7.0
12.0
7.0
7.0
6.0
7.0
6.0
6.0
12.0
12.0
12.0
11.0
12.0
11.0
7.0
7.0
7.0
6.0
7.0
11.0
7.0
4.0
3.0
4.0
5.0
4.0
4.0
3.0
4.0
3.0
11.0
11.0
6.0
7.0
12.0
6.0
12.0
7.0
12.0
12.0
7.0
6.0
7.0
7.0
12.0
12.0
12.0
11.0
11.0
7.0
7.0
7.0
6.0
11.0
6.0
7.0
6.0
7.0
11.0
10.0
11.0
9.0
4.0
3.0
2.0
7.0
7.0
4.0
4.0
2.0
4.0
3.0
4.0
4.0
2.0
2.0
3.0
4.0
2.0
2.0
7.0
7.0
6.0
12.0
6.0
7.0
11.0
11.0
6.0
12.0
5.0
6.0
7.0
7.0
7.0
7.0
6.0
12.0
12.0
12.0
7.0
6.0
12.0
7.0
7.0
7.0
6.0
6.0
6.0
7.0
7.0
7.0
5.0
11.0
11.0
12.0
11.0
7.0
7.0
6.0
6.0
3.0
3.0
2.0
3.0
2.0
3.0
3.0
3.0
3.0
7.0
12.0
12.0
6.0
6.0
7.0
7.0
7.0
12.0
12.0
6.0
5.0
7.0
6.0
6.0
7.0
12.0
6.0
11.0
7.0
12.0
12.0
6.0
7.0
7.0
6.0
5.0
6.0
6.0
6.0
7.0
7.0
3.0
4.0
4.0
5.0
11.0
4.0
2.0
4.0
4.0
3.0
4.0
2.0
3.0
3.0
4.0
3.0
2.0
3.0
7.0
6.0
6.0
12.0
11.0
6.0
6.0
6.0
12.0
12.0
7.0
7.0
6.0
5.0
7.0
8.0
11.0
12.0
6.0
7.0
7.0
7.0
11.0
6.0
6.0
12.0
5.0
6.0
7.0
7.0
7.0
7.0
6.0
12.0
11.0
12.0
7.0
6.0
7.0
7.0
5.0
4.0
4.0
2.0
3.0
3.0
4.0
2.0
2.0
3.0
12.0
7.0
12.0
6.0
7.0
7.0
5.0
12.0
11.0
6.0
5.0
7.0
7.0
6.0
7.0
7.0
11.0
11.0
6.0
11.0
7.0
7.0
12.0
7.0
6.0
7.0
5.0
6.0
6.0
6.0
7.0
6.0
2.0
4.0
4.0
12.0
6.0
4.0
3.0
3.0
4.0
4.0
4.0
2.0
3.0
4.0
2.0
3.0
2.0
2.0
7.0
7.0
12.0
12.0
7.0
7.0
5.0
7.0
11.0
12.0
6.0
7.0
6.0
7.0
6.0
7.0
12.0
12.0
5.0
7.0
7.0
12.0
6.0
7.0
7.0
12.0
6.0
6.0
7.0
7.0
7.0
6.0
5.0
11.0
11.0
12.0
7.0
7.0
7.0
7.0
6.0
4.0
4.0
3.0
4.0
3.0
2.0
2.0
2.0
3.0
7.0
9.0
9.0
7.0
7.0
6.0
7.0
12.0
12.0
6.0
6.0
5.0
6.0
6.0
7.0
5.0
7.0
6.0
6.0
7.0
12.0
12.0
7.0
7.0
5.0
6.0
7.0
7.0
5.0
6.0
6.0
6.0
2.0
3.0
2.0
6.0
6.0
2.0
2.0
3.0
6.0
4.0
2.0
3.0
3.0
3.0
2.0
2.0
2.0
2.0
6.0
6.0
7.0
6.0
11.0
6.0
7.0
7.0
7.0
11.0
5.0
6.0
7.0
5.0
7.0
7.0
7.0
6.0
6.0
6.0
12.0
7.0
6.0
6.0
12.0
7.0
6.0
7.0
6.0
6.0
7.0
7.0
7.0
7.0
7.0
7.0
5.0
5.0
11.0
11.0
7.0
4.0
3.0
3.0
3.0
3.0
3.0
3.0
2.0
2.0
6.0
6.0
6.0
5.0
6.0
7.0
5.0
6.0
11.0
6.0
7.0
7.0
11.0
6.0
7.0
7.0
7.0
7.0
5.0
5.0
7.0
7.0
7.0
6.0
6.0
7.0
6.0
12.0
6.0
11.0
6.0
6.0
2.0
2.0
3.0
5.0
6.0
3.0
3.0
2.0
4.0
2.0
2.0
2.0
3.0
3.0
2.0
2.0
2.0
3.0
7.0
6.0
9.0
7.0
8.0
7.0
5.0
7.0
6.0
6.0
8.0
6.0
6.0
5.0
7.0
7.0
7.0
7.0
6.0
7.0
6.0
6.0
7.0
6.0
6.0
7.0
6.0
7.0
7.0
7.0
6.0
6.0
7.0
7.0
7.0
7.0
6.0
6.0
7.0
6.0
5.0
3.0
2.0
2.0
3.0
3.0
3.0
3.0
2.0
2.0
6.0
7.0
5.0
6.0
6.0
7.0
7.0
7.0
7.0
7.0
6.0
6.0
7.0
7.0
7.0
6.0
6.0
6.0
6.0
6.0
5.0
6.0
6.0
6.0
6.0
7.0
7.0
7.0
7.0
7.0
6.0
5.0
3.0
3.0
3.0
7.0
7.0
2.0
2.0
2.0
3.0
3.0
3.0
2.0
2.0
3.0
3.0
3.0
2.0
2.0
7.0
7.0
6.0
7.0
7.0
7.0
6.0
6.0
6.0
6.0
7.0
5.0
6.0
6.0
7.0
7.0
6.0
7.0
7.0
7.0
6.0
5.0
7.0
6.0
7.0
7.0
6.0
7.0
7.0
6.0
6.0
6.0
7.0
7.0
7.0
7.0
7.0
6.0
7.0
7.0
6.0
3.0
2.0
3.0
3.0
3.0
3.0
3.0
3.0
2.0
7.0
6.0
5.0
6.0
6.0
6.0
6.0
7.0
7.0
7.0
6.0
5.0
6.0
7.0
7.0
7.0
7.0
6.0
6.0
7.0
6.0
6.0
6.0
7.0
6.0
7.0
7.0
7.0
7.0
6.0
6.0
5.0
2.0
3.0
2.0
6.0
7.0
3.0
2.0
3.0
4.0
2.0
3.0
2.0
2.0
2.0
2.0
3.0
3.0
2.0
6.0
6.0
6.0
7.0
7.0
7.0
6.0
7.0
6.0
6.0
6.0
6.0
6.0
6.0
7.0
6.0
6.0
6.0
7.0
7.0
7.0
5.0
6.0
6.0
6.0
7.0
6.0
6.0
6.0
6.0
7.0
6.0
6.0
7.0
7.0
7.0
7.0
7.0
6.0
7.0
6.0
3.0
2.0
2.0
2.0
3.0
3.0
2.0
3.0
3.0
7.0
7.0
5.0
7.0
5.0
6.0
7.0
7.0
6.0
6.0
6.0
6.0
7.0
5.0
6.0
7.0
6.0
7.0
7.0
7.0
6.0
6.0
7.0
6.0
5.0
6.0
6.0
6.0
6.0
7.0
5.0
6.0
2.0
3.0
3.0
7.0
6.0
3.0
3.0
3.0
3.0
2.0
2.0
2.0
2.0
3.0
2.0
3.0
3.0
3.0
7.0
6.0
7.0
6.0
6.0
6.0
6.0
7.0
7.0
7.0
6.0
7.0
6.0
6.0
7.0
7.0
7.0
6.0
6.0
6.0
6.0
6.0
6.0
7.0
6.0
7.0
7.0
7.0
7.0
7.0
7.0
5.0
6.0
6.0
7.0
7.0
7.0
7.0
7.0
7.0
7.0
3.0
2.0
3.0
3.0
3.0
2.0
2.0
2.0
2.0
6.0
7.0
6.0
6.0
6.0
7.0
7.0
7.0
6.0
6.0
6.0
6.0
7.0
6.0
7.0
6.0
6.0
7.0
7.0
7.0
6.0
7.0
6.0
7.0
5.0
6.0
7.0
6.0
6.0
6.0
6.0
6.0
3.0
3.0
2.0
6.0
7.0
3.0
3.0
3.0
3.0
2.0
3.0
2.0
2.0
3.0
3.0
3.0
2.0
2.0
6.0
6.0
7.0
6.0
6.0
6.0
7.0
7.0
7.0
6.0
6.0
6.0
7.0
6.0
7.0
7.0
6.0
6.0
7.0
7.0
6.0
6.0
6.0
6.0
6.0
7.0
7.0
7.0
6.0
7.0
6.0
6.0
6.0
7.0
6.0
7.0
7.0
7.0
7.0
6.0
7.0
3.0
3.0
2.0
3.0
3.0
2.0
2.0
2.0
3.0
7.0
7.0
6.0
6.0
6.0
6.0
7.0
7.0
6.0
6.0
6.0
7.0
6.0
5.0
6.0
7.0
6.0
7.0
7.0
7.0
6.0
7.0
6.0
6.0
6.0
6.0
7.0
6.0
6.0
6.0
6.0
6.0
2.0
2.0
3.0
7.0
6.0
3.0
3.0
3.0
4.0
2.0
2.0
2.0
2.0
2.0
2.0
3.0
2.0
3.0
7.0
7.0
6.0
7.0
6.0
8.0
6.0
6.0
6.0
7.0
6.0
7.0
6.0
6.0
7.0
7.0
7.0
7.0
6.0
6.0
6.0
6.0
6.0
7.0
6.0
7.0
7.0
7.0
7.0
7.0
7.0
6.0
6.0
6.0
7.0
7.0
6.0
7.0
7.0
7.0
7.0
3.0
2.0
3.0
2.0
3.0
3.0
2.0
2.0
2.0
6.0
6.0
7.0
7.0
6.0
7.0
7.0
7.0
7.0
5.0
6.0
7.0
6.0
6.0
7.0
6.0
6.0
6.0
6.0
6.0
6.0
7.0
6.0
7.0
6.0
6.0
7.0
7.0
7.0
6.0
6.0
6.0
2.0
3.0
2.0
7.0
7.0
3.0
3.0
3.0
4.0
2.0
3.0
2.0
2.0
2.0
2.0
2.0
2.0
2.0
4032.0
3459.0
3455.0
3088.0
3454.0
3098.0
3501.0
4015.0
3482.0
3286.0
3359.0
3395.0
3400.0
3397.0
3443.0
3419.0
3436.0
3284.0
3269.0
3278.0
3311.0
3283.0
3299.0
3269.0
3301.0
3278.0
3315.0
3278.0
3343.0
3276.0
3359.0
3307.0
3320.0
3342.0
3336.0
3304.0
3330.0
3308.0
3295.0
3278.0
3268.0
3316.0
3293.0
3283.0
1918.0
1791.0
1821.0
1835.0
1824.0
3294.0
3260.0
3286.0
3286.0
3312.0
3284.0
3296.0
3285.0
3293.0
3350.0
3320.0
3305.0
3321.0
3310.0
3339.0
3400.0
3331.0
3312.0
3407.0
3349.0
3284.0
3340.0
3279.0
3362.0
3266.0
3296.0
3335.0
3268.0
3309.0
3280.0
3278.0
3287.0
3303.0
3280.0
3272.0
3313.0
3368.0
3303.0
3301.0
3305.0
3261.0
3264.0
3302.0
1823.0
1814.0
1767.0
1781.0
1791.0
1780.0
1778.0
3315.0
3272.0
3284.0
3303.0
3337.0
3299.0
3367.0
3335.0
3344.0
3284.0
3426.0
3332.0
3395.0
3439.0
3403.0
3362.0
3435.0
3364.0
3405.0
3405.0
3334.0
3352.0
3296.0
3380.0
3361.0
3375.0
3372.0
3387.0
3367.0
3396.0
3315.0
3308.0
3312.0
3270.0
3273.0
3273.0
3325.0
3283.0
3268.0
3271.0
3380.0
3299.0
3264.0
3330.0
1824.0
1816.0
1836.0
1834.0
1830.0
3325.0
3322.0
3325.0
3324.0
3335.0
3299.0
3316.0
3289.0
3414.0
3371.0
3360.0
3428.0
3282.0
3417.0
3315.0
3329.0
3331.0
3350.0
3272.0
3298.0
3292.0
3247.0
3272.0
3250.0
3248.0
3310.0
3294.0
3300.0
3246.0
3325.0
3312.0
3280.0
3297.0
3298.0
3306.0
3349.0
3388.0
3367.0
3348.0
3287.0
3294.0
3383.0
3400.0
1790.0
1792.0
1790.0
1805.0
1812.0
1845.0
1822.0
3374.0
3427.0
3385.0
3444.0
3385.0
3403.0
3404.0
3362.0
3360.0
3351.0
3292.0
3289.0
3300.0
3276.0
3261.0
3278.0
3273.0
3310.0
3309.0
3327.0
3264.0
3281.0
3266.0
3310.0
3292.0
3299.0
3317.0
3253.0
3335.0
3279.0
3387.0
3454.0
3388.0
3285.0
3273.0
3297.0
3268.0
3278.0
3541.0
3332.0
3333.0
3297.0
3300.0
3311.0
1812.0
1863.0
1812.0
1851.0
1820.0
3350.0
3364.0
3376.0
3298.0
3369.0
3392.0
3413.0
3434.0
3406.0
3399.0
3315.0
3362.0
3336.0
3314.0
3296.0
3295.0
3290.0
3296.0
3286.0
3291.0
3350.0
3286.0
3268.0
3274.0
3303.0
3383.0
3285.0
3402.0
3413.0
3308.0
3302.0
3268.0
3279.0
3311.0
3346.0
3372.0
3386.0
3350.0
3355.0
3337.0
3388.0
3365.0
3404.0
1789.0
1785.0
1838.0
1877.0
1825.0
1874.0
1875.0
3394.0
3384.0
3461.0
3306.0
3395.0
3345.0
3311.0
3308.0
3373.0
3387.0
3295.0
3281.0
3253.0
3263.0
3287.0
3317.0
3287.0
3283.0
3361.0
3384.0
3288.0
3390.0
3329.0
3380.0
3290.0
3351.0
3270.0
3347.0
3266.0
3282.0
3264.0
3277.0
3298.0
3265.0
3249.0
3238.0
3293.0
3292.0
3267.0
3321.0
3303.0
3331.0
3364.0
3342.0
1859.0
1846.0
1834.0
1838.0
1833.0
3312.0
3300.0
3330.0
3328.0
3314.0
3357.0
3345.0
3263.0
3273.0
3304.0
3292.0
3374.0
3290.0
3325.0
3323.0
3292.0
3293.0
3297.0
3323.0
3281.0
3363.0
3288.0
3281.0
3356.0
3294.0
3271.0
3308.0
3308.0
3383.0
3365.0
3298.0
3359.0
3362.0
3307.0
3334.0
3319.0
3285.0
3262.0
3277.0
3280.0
3337.0
3358.0
3385.0
1854.0
1831.0
1838.0
1815.0
1823.0
1835.0
1857.0
3333.0
3392.0
3339.0
3392.0
3492.0
3390.0
3298.0
3499.0
3448.0
3424.0
3285.0
3304.0
3325.0
3337.0
3330.0
3400.0
3393.0
3342.0
3346.0
3355.0
3404.0
3397.0
3340.0
3362.0
3277.0
3362.0
3314.0
3301.0
3383.0
3337.0
3371.0
3310.0
3305.0
3343.0
3295.0
3409.0
3424.0
3392.0
3413.0
3402.0
3404.0
3428.0
3435.0
3405.0
1836.0
1819.0
1815.0
1847.0
1873.0
3335.0
3382.0
3319.0
3336.0
3394.0
3349.0
3288.0
3350.0
3268.0
3308.0
3389.0
3286.0
3273.0
3324.0
3381.0
3313.0
3312.0
3337.0
3314.0
3316.0
3327.0
3274.0
3313.0
3312.0
3294.0
3292.0
3293.0
3297.0
3309.0
3302.0
3323.0
3321.0
3278.0
3312.0
3304.0
3309.0
3318.0
3326.0
3284.0
3306.0
3453.0
3422.0
3305.0
1793.0
1943.0
1821.0
1928.0
1944.0
1823.0
1959.0
3306.0
3310.0
3311.0
3310.0
3322.0
3316.0
3315.0
3354.0
3359.0
3376.0
3394.0
3345.0
3334.0
3334.0
3337.0
3351.0
3370.0
3348.0
3302.0
3264.0
3264.0
3290.0
3264.0
3326.0
3312.0
3301.0
3354.0
3310.0
3316.0
3350.0
3327.0
3402.0
3396.0
3393.0
3431.0
3405.0
3414.0
3356.0
3354.0
3309.0
3324.0
3377.0
3342.0
3323.0
1810.0
1848.0
1902.0
1899.0
1854.0
3334.0
3394.0
3346.0
3371.0
3314.0
3327.0
3307.0
3302.0
3285.0
3321.0
3326.0
3282.0
3288.0
3292.0
3337.0
3294.0
3362.0
3318.0
3323.0
3359.0
3272.0
3300.0
3366.0
3334.0
3389.0
3314.0
3269.0
3269.0
3240.0
3296.0
3288.0
3267.0
3362.0
3283.0
3284.0
3290.0
3339.0
3369.0
3400.0
3439.0
3291.0
3303.0
3353.0
1865.0
1872.0
1874.0
1774.0
1781.0
1777.0
1799.0
3307.0
3276.0
3280.0
3307.0
3351.0
3310.0
3283.0
3305.0
3335.0
3288.0
3286.0
3327.0
3319.0
3336.0
3289.0
3251.0
3252.0
3316.0
3358.0
3317.0
3243.0
3280.0
3332.0
3371.0
3281.0
3385.0
3348.0
3400.0
3460.0
3339.0
3399.0
3376.0
3375.0
3410.0
3315.0
3307.0
3290.0
3284.0
3324.0
3347.0
3256.0
3347.0
3328.0
3311.0
1805.0
1797.0
1800.0
1810.0
1844.0
3365.0
3276.0
3270.0
3269.0
3273.0
3272.0
3278.0
3294.0
3318.0
3365.0
3287.0
3290.0
3306.0
3310.0
3300.0
3298.0
3325.0
3333.0
3296.0
3296.0
3361.0
3311.0
3280.0
3279.0
3306.0
3285.0
3314.0
3316.0
3350.0
3376.0
3359.0
3292.0
3354.0
3317.0
3454.0
3406.0
3410.0
3396.0
3398.0
3436.0
3387.0
3365.0
3281.0
1779.0
1781.0
1942.0
1806.0
1832.0
1831.0
1853.0
3202.0
3362.0
5106.0
3329.0
3318.0
3301.0
3398.0
3161.0
3149.0
3145.0
3360.0
3318.0
3299.0
3288.0
3181.0
3312.0
3181.0
4438.0
3984.0
3211.0
3358.0
3325.0
3324.0
3323.0
3294.0
3280.0
3336.0
3282.0
3337.0
3296.0
3329.0
3333.0
3339.0
3365.0
3300.0
3269.0
3351.0
3292.0
3264.0
3254.0
3332.0
3276.0
3284.0
1806.0
1818.0
1830.0
1866.0
1819.0
3255.0
3309.0
3430.0
3264.0
3397.0
3955.0
3382.0
3382.0
3392.0
4056.0
3296.0
3421.0
3335.0
3264.0
3278.0
3263.0
3289.0
3332.0
3310.0
3293.0
3291.0
3318.0
3261.0
3281.0
3321.0
3477.0
3354.0
3368.0
3371.0
3411.0
3256.0
3418.0
3316.0
3312.0
3384.0
3245.0
3349.0
3310.0
3373.0
3290.0
3301.0
3323.0
3216.0
1768.0
1822.0
1784.0
1805.0
1854.0
1803.0
1708.0
