1.0
0.0
1.0
1.0
1.0
0.0
1.0
1.0
1.0
0.0
0.0
1.0
1.0
116.0
116.0
189.0
116.0
118.0
210.0
118.0
210.0
116.0
192.0
117.0
116.0
117.0
115.0
118.0
116.0
96.0
1.0
0.0
1.0
127.0
223.0
223.0
128.0
127.0
128.0
129.0
128.0
128.0
111.0
115.0
117.0
115.0
117.0
116.0
117.0
115.0
0.0
1.0
0.0
96.0
209.0
209.0
115.0
117.0
117.0
101.0
117.0
117.0
115.0
96.0
115.0
97.0
95.0
116.0
116.0
117.0
0.0
1.0
1.0
116.0
117.0
116.0
112.0
115.0
101.0
102.0
116.0
117.0
117.0
118.0
116.0
102.0
117.0
103.0
117.0
101.0
1.0
1.0
0.0
115.0
117.0
115.0
116.0
115.0
102.0
116.0
101.0
102.0
116.0
116.0
118.0
119.0
116.0
118.0
102.0
102.0
1.0
0.0
0.0
102.0
117.0
117.0
116.0
115.0
117.0
102.0
116.0
116.0
102.0
103.0
117.0
115.0
102.0
116.0
117.0
117.0
1.0
0.0
1.0
117.0
117.0
102.0
102.0
128.0
129.0
118.0
116.0
127.0
128.0
129.0
127.0
129.0
118.0
117.0
116.0
102.0
0.0
1.0
0.0
103.0
116.0
102.0
116.0
116.0
116.0
117.0
115.0
102.0
116.0
101.0
101.0
116.0
117.0
117.0
117.0
116.0
0.0
1.0
0.0
117.0
102.0
102.0
117.0
102.0
116.0
115.0
117.0
117.0
116.0
102.0
116.0
102.0
102.0
117.0
116.0
117.0
1.0
1.0
1.0
116.0
117.0
117.0
102.0
102.0
117.0
101.0
116.0
114.0
115.0
114.0
115.0
114.0
102.0
101.0
100.0
105.0
0.0
0.0
1.0
1.0
1.0
0.0
1.0
1.0
1.0
0.0
1.0
0.0
1.0
1.0
1.0
1.0
0.0
1.0
1.0
1.0
1.0
1.0
0.0
0.0
1.0
1.0
1.0
1.0
1.0
1.0
118.0
116.0
117.0
116.0
116.0
115.0
213.0
213.0
213.0
213.0
117.0
115.0
115.0
115.0
106.0
116.0
167.0
166.0
212.0
212.0
96.0
117.0
116.0
116.0
117.0
115.0
96.0
115.0
114.0
116.0
116.0
116.0
116.0
110.0
95.0
154.0
155.0
116.0
117.0
116.0
117.0
116.0
96.0
117.0
94.0
116.0
115.0
115.0
115.0
113.0
116.0
117.0
96.0
98.0
115.0
119.0
128.0
118.0
129.0
129.0
129.0
128.0
128.0
118.0
130.0
101.0
101.0
102.0
116.0
116.0
117.0
116.0
117.0
115.0
116.0
102.0
102.0
102.0
117.0
116.0
115.0
116.0
116.0
116.0
117.0
101.0
102.0
101.0
115.0
117.0
117.0
116.0
119.0
116.0
117.0
102.0
102.0
101.0
116.0
117.0
116.0
116.0
116.0
116.0
117.0
101.0
102.0
101.0
116.0
115.0
116.0
116.0
115.0
116.0
102.0
102.0
116.0
101.0
115.0
116.0
116.0
115.0
117.0
115.0
100.0
101.0
102.0
116.0
102.0
116.0
116.0
116.0
117.0
116.0
116.0
102.0
101.0
115.0
101.0
103.0
116.0
102.0
129.0
129.0
128.0
128.0
127.0
129.0
119.0
116.0
116.0
129.0
115.0
116.0
116.0
116.0
117.0
116.0
102.0
102.0
103.0
116.0
116.0
117.0
116.0
116.0
118.0
116.0
102.0
102.0
0.0
1.0
0.0
1.0
0.0
1.0
0.0
1.0
0.0
1.0
0.0
1.0
0.0
1.0
0.0
1.0
0.0
1.0
0.0
1.0
0.0
1.0
0.0
1.0
0.0
1.0
0.0
1.0
0.0
1.0
102.0
115.0
116.0
116.0
116.0
116.0
117.0
116.0
103.0
101.0
100.0
117.0
117.0
117.0
116.0
116.0
116.0
102.0
115.0
102.0
101.0
116.0
116.0
115.0
117.0
117.0
117.0
103.0
102.0
117.0
102.0
116.0
116.0
116.0
116.0
102.0
115.0
117.0
102.0
144.0
158.0
146.0
159.0
145.0
160.0
161.0
160.0
158.0
162.0
102.0
117.0
103.0
102.0
116.0
117.0
118.0
116.0
118.0
103.0
116.0
116.0
104.0
102.0
102.0
116.0
119.0
117.0
116.0
118.0
118.0
116.0
102.0
103.0
102.0
115.0
116.0
117.0
117.0
116.0
117.0
116.0
103.0
102.0
102.0
116.0
116.0
117.0
116.0
117.0
115.0
117.0
102.0
103.0
102.0
116.0
116.0
116.0
116.0
116.0
117.0
102.0
101.0
116.0
101.0
116.0
116.0
117.0
117.0
116.0
102.0
116.0
101.0
101.0
118.0
102.0
116.0
102.0
116.0
116.0
116.0
117.0
115.0
102.0
115.0
102.0
115.0
128.0
129.0
129.0
130.0
117.0
129.0
129.0
129.0
118.0
104.0
116.0
102.0
116.0
117.0
116.0
116.0
116.0
116.0
102.0
102.0
102.0
116.0
117.0
115.0
116.0
117.0
117.0
116.0
101.0
102.0
101.0
115.0
116.0
117.0
117.0
116.0
116.0
116.0
102.0
101.0
100.0
116.0
116.0
117.0
1.0
1.0
1.0
0.0
1.0
1.0
0.0
0.0
1.0
1.0
0.0
1.0
1.0
0.0
0.0
1.0
1.0
0.0
1.0
1.0
1.0
0.0
0.0
0.0
1.0
1.0
0.0
0.0
0.0
1.0
116.0
116.0
115.0
101.0
103.0
117.0
101.0
116.0
116.0
115.0
102.0
117.0
116.0
116.0
102.0
102.0
116.0
117.0
102.0
116.0
116.0
102.0
116.0
117.0
117.0
101.0
116.0
102.0
101.0
116.0
116.0
117.0
102.0
115.0
117.0
116.0
117.0
102.0
101.0
115.0
102.0
116.0
116.0
116.0
117.0
117.0
116.0
116.0
114.0
117.0
128.0
129.0
128.0
128.0
129.0
130.0
128.0
103.0
102.0
103.0
116.0
117.0
116.0
117.0
116.0
119.0
116.0
103.0
101.0
103.0
117.0
116.0
115.0
115.0
117.0
119.0
102.0
102.0
117.0
102.0
116.0
116.0
117.0
116.0
116.0
102.0
102.0
116.0
117.0
101.0
115.0
116.0
102.0
116.0
102.0
116.0
116.0
115.0
101.0
116.0
115.0
102.0
101.0
116.0
152.0
152.0
102.0
154.0
154.0
154.0
141.0
138.0
153.0
141.0
153.0
118.0
118.0
116.0
118.0
116.0
102.0
101.0
102.0
115.0
117.0
117.0
117.0
116.0
119.0
117.0
102.0
102.0
101.0
117.0
116.0
118.0
116.0
117.0
116.0
117.0
102.0
101.0
102.0
115.0
115.0
117.0
117.0
116.0
117.0
101.0
102.0
116.0
102.0
115.0
116.0
116.0
117.0
117.0
101.0
101.0
116.0
116.0
102.0
117.0
116.0
101.0
102.0
117.0
115.0
115.0
1.0
1.0
0.0
1.0
0.0
1.0
0.0
1.0
1.0
0.0
0.0
1.0
1.0
0.0
0.0
1.0
1.0
0.0
0.0
1.0
1.0
0.0
1.0
1.0
0.0
0.0
1.0
0.0
0.0
1.0
118.0
101.0
116.0
116.0
102.0
102.0
115.0
115.0
117.0
117.0
101.0
117.0
117.0
102.0
102.0
116.0
115.0
101.0
117.0
117.0
117.0
117.0
115.0
102.0
102.0
128.0
117.0
127.0
130.0
130.0
129.0
128.0
130.0
117.0
117.0
103.0
116.0
117.0
115.0
118.0
116.0
117.0
117.0
102.0
103.0
102.0
116.0
116.0
116.0
117.0
119.0
102.0
116.0
102.0
118.0
101.0
116.0
115.0
116.0
117.0
116.0
101.0
102.0
117.0
116.0
101.0
116.0
116.0
102.0
117.0
104.0
117.0
116.0
101.0
115.0
117.0
117.0
102.0
116.0
102.0
116.0
116.0
116.0
103.0
117.0
118.0
101.0
115.0
103.0
117.0
101.0
116.0
116.0
114.0
117.0
116.0
102.0
100.0
116.0
101.0
116.0
117.0
117.0
116.0
116.0
116.0
102.0
102.0
102.0
116.0
117.0
116.0
116.0
117.0
129.0
128.0
116.0
116.0
117.0
128.0
129.0
129.0
129.0
129.0
103.0
117.0
118.0
102.0
102.0
117.0
117.0
116.0
117.0
117.0
102.0
101.0
117.0
119.0
102.0
116.0
117.0
117.0
102.0
102.0
116.0
117.0
102.0
116.0
118.0
115.0
101.0
116.0
102.0
117.0
116.0
116.0
101.0
116.0
118.0
102.0
116.0
101.0
116.0
101.0
116.0
116.0
117.0
116.0
117.0
102.0
0.0
1.0
0.0
1.0
0.0
1.0
0.0
1.0
0.0
1.0
0.0
1.0
0.0
1.0
0.0
1.0
0.0
1.0
0.0
1.0
1.0
0.0
1.0
1.0
0.0
0.0
1.0
1.0
0.0
0.0
156.0
101.0
101.0
155.0
158.0
156.0
157.0
156.0
158.0
140.0
141.0
142.0
116.0
119.0
117.0
118.0
119.0
117.0
101.0
116.0
103.0
102.0
116.0
117.0
117.0
119.0
117.0
103.0
116.0
116.0
102.0
101.0
116.0
117.0
116.0
118.0
117.0
102.0
116.0
103.0
103.0
115.0
116.0
116.0
101.0
116.0
117.0
116.0
102.0
101.0
116.0
116.0
116.0
102.0
117.0
116.0
102.0
102.0
117.0
116.0
117.0
116.0
101.0
115.0
117.0
102.0
102.0
116.0
116.0
116.0
115.0
116.0
102.0
118.0
102.0
101.0
116.0
118.0
116.0
118.0
116.0
115.0
101.0
102.0
103.0
115.0
116.0
116.0
115.0
116.0
116.0
116.0
101.0
115.0
116.0
128.0
127.0
129.0
129.0
129.0
117.0
129.0
129.0
103.0
102.0
116.0
116.0
117.0
117.0
102.0
118.0
117.0
102.0
116.0
102.0
117.0
118.0
103.0
116.0
116.0
117.0
102.0
117.0
101.0
117.0
116.0
102.0
116.0
116.0
101.0
117.0
103.0
117.0
116.0
116.0
117.0
102.0
115.0
103.0
101.0
116.0
117.0
116.0
117.0
117.0
102.0
117.0
102.0
103.0
117.0
117.0
116.0
117.0
117.0
116.0
104.0
102.0
117.0
102.0
117.0
117.0
117.0
116.0
117.0
117.0
101.0
101.0
102.0
117.0
117.0
1.0
0.0
0.0
1.0
0.0
1.0
0.0
1.0
1.0
0.0
1.0
0.0
1.0
0.0
0.0
1.0
0.0
1.0
0.0
0.0
1.0
0.0
1.0
1.0
0.0
0.0
1.0
1.0
0.0
0.0
117.0
117.0
117.0
116.0
102.0
116.0
101.0
102.0
116.0
116.0
129.0
129.0
130.0
116.0
130.0
118.0
129.0
118.0
128.0
131.0
104.0
118.0
117.0
119.0
102.0
116.0
103.0
116.0
117.0
117.0
104.0
104.0
117.0
116.0
103.0
117.0
116.0
115.0
116.0
101.0
116.0
101.0
103.0
117.0
118.0
116.0
115.0
116.0
102.0
116.0
102.0
115.0
102.0
115.0
115.0
117.0
117.0
115.0
101.0
103.0
115.0
102.0
115.0
116.0
116.0
117.0
116.0
117.0
102.0
102.0
102.0
160.0
158.0
161.0
161.0
162.0
160.0
159.0
145.0
144.0
146.0
118.0
117.0
116.0
118.0
102.0
117.0
117.0
116.0
102.0
103.0
118.0
117.0
102.0
118.0
119.0
117.0
101.0
118.0
115.0
102.0
116.0
116.0
101.0
102.0
116.0
116.0
116.0
101.0
116.0
117.0
116.0
101.0
116.0
101.0
101.0
116.0
117.0
116.0
117.0
116.0
102.0
117.0
102.0
115.0
102.0
117.0
116.0
117.0
117.0
116.0
102.0
101.0
117.0
102.0
117.0
116.0
117.0
116.0
116.0
115.0
101.0
101.0
102.0
117.0
116.0
115.0
116.0
117.0
117.0
116.0
102.0
102.0
102.0
116.0
116.0
117.0
101.0
128.0
128.0
127.0
129.0
115.0
116.0
128.0
128.0
116.0
129.0
116.0
104.0
1.0
1.0
0.0
1.0
0.0
1.0
0.0
1.0
0.0
0.0
1.0
1.0
0.0
0.0
1.0
1.0
1.0
0.0
0.0
0.0
1.0
1.0
1.0
0.0
1.0
1.0
1.0
0.0
0.0
1.0
117.0
118.0
117.0
103.0
117.0
116.0
102.0
101.0
116.0
116.0
101.0
116.0
116.0
117.0
115.0
102.0
116.0
102.0
102.0
116.0
116.0
116.0
115.0
117.0
102.0
117.0
118.0
101.0
102.0
117.0
116.0
116.0
117.0
116.0
102.0
102.0
119.0
115.0
104.0
116.0
116.0
116.0
117.0
117.0
101.0
102.0
102.0
116.0
117.0
116.0
117.0
116.0
102.0
117.0
117.0
102.0
101.0
117.0
116.0
117.0
101.0
117.0
116.0
116.0
117.0
102.0
101.0
119.0
128.0
109.0
119.0
123.0
111.0
128.0
121.0
120.0
116.0
125.0
124.0
116.0
124.0
116.0
124.0
126.0
126.0
137.0
116.0
117.0
107.0
115.0
105.0
116.0
117.0
105.0
118.0
118.0
126.0
116.0
105.0
116.0
105.0
115.0
105.0
115.0
115.0
115.0
125.0
106.0
106.0
105.0
115.0
105.0
116.0
115.0
114.0
114.0
106.0
115.0
106.0
107.0
113.0
108.0
112.0
112.0
111.0
112.0
108.0
107.0
108.0
108.0
111.0
108.0
111.0
110.0
112.0
111.0
109.0
109.0
107.0
148.0
152.0
149.0
152.0
152.0
149.0
150.0
150.0
148.0
149.0
110.0
110.0
110.0
111.0
110.0
111.0
112.0
109.0
107.0
109.0
108.0
109.0
109.0
110.0
110.0
109.0
110.0
108.0
109.0
108.0
108.0
0.0
1.0
0.0
1.0
0.0
1.0
1.0
0.0
1.0
1.0
0.0
1.0
1.0
0.0
0.0
1.0
1.0
0.0
0.0
1.0
1.0
0.0
0.0
1.0
1.0
0.0
1.0
1.0
0.0
1.0
110.0
108.0
110.0
113.0
110.0
109.0
109.0
107.0
109.0
109.0
108.0
109.0
108.0
109.0
108.0
109.0
109.0
108.0
109.0
109.0
108.0
109.0
109.0
109.0
108.0
108.0
109.0
108.0
109.0
109.0
108.0
109.0
109.0
109.0
109.0
109.0
108.0
108.0
108.0
108.0
108.0
108.0
109.0
110.0
109.0
109.0
109.0
108.0
110.0
108.0
109.0
110.0
109.0
109.0
109.0
110.0
108.0
109.0
109.0
108.0
122.0
123.0
124.0
124.0
124.0
124.0
123.0
123.0
123.0
123.0
110.0
111.0
111.0
111.0
109.0
110.0
108.0
108.0
108.0
109.0
108.0
109.0
109.0
111.0
111.0
110.0
108.0
108.0
109.0
109.0
108.0
112.0
110.0
110.0
111.0
110.0
108.0
108.0
109.0
108.0
108.0
109.0
109.0
108.0
108.0
108.0
108.0
109.0
108.0
108.0
108.0
109.0
108.0
108.0
109.0
109.0
108.0
108.0
108.0
109.0
109.0
108.0
109.0
108.0
108.0
108.0
108.0
108.0
109.0
109.0
108.0
109.0
108.0
108.0
108.0
108.0
109.0
109.0
108.0
109.0
110.0
108.0
108.0
108.0
108.0
108.0
109.0
109.0
108.0
109.0
109.0
120.0
121.0
123.0
122.0
122.0
123.0
123.0
123.0
123.0
122.0
109.0
108.0
108.0
108.0
108.0
108.0
108.0
109.0
108.0
1.0
0.0
1.0
0.0
1.0
1.0
0.0
1.0
0.0
1.0
0.0
1.0
0.0
1.0
0.0
1.0
1.0
0.0
1.0
1.0
0.0
0.0
1.0
1.0
0.0
0.0
1.0
1.0
0.0
0.0
108.0
109.0
108.0
107.0
108.0
108.0
109.0
109.0
108.0
109.0
108.0
109.0
108.0
109.0
108.0
110.0
108.0
107.0
109.0
108.0
108.0
110.0
108.0
107.0
108.0
108.0
108.0
108.0
109.0
108.0
108.0
108.0
108.0
108.0
107.0
107.0
153.0
152.0
152.0
152.0
153.0
152.0
153.0
152.0
153.0
152.0
111.0
110.0
109.0
108.0
110.0
109.0
109.0
108.0
109.0
108.0
109.0
109.0
108.0
110.0
109.0
110.0
110.0
108.0
110.0
110.0
108.0
108.0
109.0
110.0
109.0
108.0
109.0
108.0
109.0
109.0
109.0
107.0
108.0
110.0
108.0
109.0
110.0
109.0
108.0
108.0
110.0
109.0
108.0
110.0
108.0
109.0
108.0
108.0
109.0
109.0
109.0
108.0
107.0
110.0
108.0
110.0
107.0
108.0
109.0
108.0
109.0
108.0
108.0
110.0
108.0
109.0
108.0
108.0
109.0
107.0
107.0
108.0
109.0
108.0
108.0
108.0
109.0
109.0
109.0
109.0
108.0
109.0
108.0
121.0
124.0
123.0
124.0
126.0
126.0
125.0
121.0
122.0
122.0
110.0
111.0
108.0
110.0
109.0
110.0
110.0
109.0
109.0
109.0
108.0
109.0
108.0
109.0
108.0
109.0
108.0
108.0
110.0
108.0
109.0
108.0
107.0
108.0
108.0
108.0
110.0
109.0
108.0
108.0
108.0
1.0
0.0
1.0
0.0
1.0
0.0
1.0
0.0
1.0
1.0
0.0
1.0
1.0
0.0
1.0
1.0
0.0
0.0
1.0
1.0
0.0
0.0
1.0
1.0
0.0
0.0
1.0
1.0
0.0
1.0
109.0
108.0
109.0
109.0
109.0
109.0
108.0
109.0
109.0
107.0
108.0
110.0
109.0
108.0
108.0
107.0
109.0
107.0
108.0
109.0
108.0
109.0
108.0
107.0
108.0
108.0
108.0
108.0
109.0
108.0
108.0
108.0
108.0
108.0
107.0
107.0
107.0
108.0
108.0
108.0
107.0
109.0
108.0
108.0
108.0
108.0
108.0
108.0
108.0
110.0
125.0
121.0
122.0
122.0
121.0
122.0
123.0
123.0
123.0
121.0
110.0
109.0
108.0
108.0
108.0
108.0
109.0
108.0
109.0
108.0
108.0
109.0
107.0
108.0
108.0
109.0
109.0
109.0
108.0
109.0
109.0
109.0
109.0
109.0
108.0
108.0
108.0
109.0
109.0
108.0
108.0
109.0
109.0
107.0
107.0
108.0
109.0
108.0
108.0
108.0
108.0
108.0
108.0
153.0
152.0
153.0
152.0
153.0
154.0
152.0
153.0
154.0
155.0
109.0
110.0
109.0
107.0
110.0
110.0
110.0
110.0
108.0
108.0
108.0
108.0
109.0
108.0
111.0
109.0
110.0
110.0
109.0
108.0
109.0
109.0
109.0
107.0
110.0
108.0
109.0
107.0
108.0
108.0
108.0
108.0
107.0
109.0
107.0
108.0
109.0
108.0
108.0
108.0
108.0
108.0
107.0
108.0
108.0
109.0
108.0
108.0
109.0
107.0
107.0
106.0
105.0
108.0
106.0
105.0
104.0
