50.0
47.0
46.0
46.0
45.0
45.0
46.0
46.0
46.0
46.0
41.0
38.0
38.0
38.0
36.0
37.0
37.0
38.0
37.0
37.0
113.0
110.0
110.0
110.0
110.0
110.0
110.0
110.0
109.0
110.0
76.0
73.0
73.0
73.0
73.0
73.0
73.0
73.0
73.0
72.0
75.0
74.0
74.0
74.0
74.0
74.0
74.0
73.0
72.0
72.0
77.0
73.0
73.0
73.0
73.0
73.0
73.0
73.0
73.0
72.0
77.0
74.0
74.0
74.0
73.0
74.0
73.0
72.0
74.0
73.0
108.0
104.0
104.0
104.0
104.0
104.0
104.0
104.0
104.0
103.0
75.0
73.0
73.0
73.0
73.0
73.0
72.0
72.0
73.0
73.0
77.0
73.0
73.0
73.0
73.0
73.0
71.0
73.0
73.0
73.0
75.0
73.0
73.0
72.0
73.0
72.0
72.0
73.0
73.0
72.0
104.0
100.0
100.0
100.0
101.0
100.0
99.0
100.0
101.0
101.0
76.0
74.0
74.0
73.0
73.0
72.0
72.0
73.0
72.0
72.0
76.0
73.0
73.0
73.0
73.0
71.0
73.0
72.0
73.0
73.0
77.0
73.0
74.0
73.0
73.0
73.0
73.0
73.0
72.0
72.0
76.0
73.0
73.0
72.0
72.0
73.0
72.0
74.0
71.0
73.0
102.0
100.0
100.0
99.0
98.0
99.0
99.0
99.0
99.0
99.0
76.0
72.0
72.0
72.0
72.0
74.0
72.0
72.0
73.0
73.0
77.0
73.0
73.0
73.0
73.0
73.0
72.0
73.0
73.0
73.0
77.0
74.0
74.0
72.0
72.0
72.0
73.0
73.0
73.0
73.0
101.0
99.0
99.0
99.0
99.0
98.0
96.0
97.0
97.0
97.0
41.0
35.0
35.0
35.0
35.0
34.0
35.0
35.0
35.0
35.0
41.0
35.0
35.0
36.0
36.0
36.0
35.0
35.0
35.0
36.0
41.0
36.0
35.0
35.0
34.0
36.0
35.0
34.0
34.0
34.0
43.0
36.0
35.0
35.0
35.0
36.0
35.0
36.0
36.0
35.0
40.0
37.0
37.0
36.0
35.0
36.0
35.0
35.0
34.0
33.0
42.0
36.0
36.0
36.0
36.0
36.0
36.0
36.0
35.0
35.0
70.0
65.0
65.0
65.0
64.0
64.0
64.0
64.0
63.0
63.0
35.0
31.0
31.0
31.0
31.0
31.0
31.0
30.0
30.0
30.0
43.0
37.0
39.0
38.0
35.0
36.0
37.0
38.0
35.0
35.0
40.0
35.0
35.0
33.0
36.0
33.0
33.0
32.0
33.0
33.0
74.0
70.0
70.0
70.0
70.0
69.0
70.0
69.0
68.0
68.0
71.0
68.0
68.0
69.0
67.0
67.0
68.0
67.0
66.0
68.0
104.0
101.0
101.0
101.0
100.0
99.0
100.0
99.0
100.0
98.0
71.0
67.0
67.0
67.0
67.0
67.0
67.0
67.0
66.0
66.0
72.0
68.0
68.0
67.0
68.0
68.0
66.0
67.0
67.0
66.0
71.0
67.0
66.0
67.0
67.0
67.0
67.0
67.0
66.0
27.0
68.0
90.0
89.0
90.0
89.0
89.0
89.0
90.0
89.0
27.0
91.0
89.0
66.0
66.0
66.0
65.0
66.0
65.0
28.0
28.0
70.0
67.0
66.0
66.0
46.0
68.0
69.0
46.0
30.0
29.0
34.0
30.0
31.0
31.0
31.0
32.0
30.0
30.0
29.0
28.0
72.0
66.0
66.0
65.0
67.0
66.0
66.0
67.0
65.0
65.0
96.0
94.0
93.0
93.0
93.0
94.0
92.0
92.0
91.0
91.0
70.0
66.0
67.0
68.0
68.0
69.0
68.0
67.0
66.0
66.0
71.0
67.0
67.0
68.0
68.0
67.0
67.0
67.0
66.0
65.0
71.0
67.0
67.0
67.0
68.0
68.0
68.0
66.0
91.0
91.0
95.0
90.0
91.0
92.0
91.0
91.0
91.0
91.0
66.0
27.0
68.0
68.0
67.0
66.0
66.0
67.0
67.0
65.0
65.0
27.0
68.0
65.0
66.0
66.0
66.0
65.0
66.0
66.0
28.0
27.0
69.0
66.0
92.0
93.0
71.0
91.0
91.0
71.0
29.0
29.0
60.0
56.0
56.0
56.0
31.0
30.0
31.0
31.0
29.0
28.0
71.0
67.0
67.0
66.0
67.0
68.0
68.0
66.0
65.0
66.0
71.0
66.0
66.0
68.0
68.0
67.0
67.0
67.0
66.0
66.0
98.0
92.0
94.0
94.0
93.0
94.0
94.0
92.0
93.0
92.0
71.0
67.0
68.0
68.0
67.0
67.0
67.0
67.0
66.0
66.0
71.0
67.0
67.0
67.0
67.0
67.0
67.0
66.0
66.0
67.0
98.0
95.0
93.0
92.0
93.0
92.0
91.0
92.0
92.0
27.0
95.0
68.0
67.0
67.0
67.0
67.0
67.0
65.0
66.0
27.0
69.0
66.0
67.0
66.0
67.0
67.0
65.0
66.0
28.0
28.0
70.0
66.0
68.0
68.0
46.0
90.0
90.0
44.0
29.0
29.0
56.0
53.0
54.0
54.0
52.0
53.0
52.0
52.0
30.0
29.0
72.0
67.0
68.0
68.0
68.0
69.0
67.0
68.0
67.0
67.0
72.0
67.0
67.0
68.0
67.0
68.0
67.0
67.0
66.0
66.0
89.0
86.0
85.0
84.0
86.0
85.0
85.0
85.0
84.0
83.0
71.0
69.0
68.0
67.0
67.0
67.0
68.0
66.0
67.0
66.0
71.0
68.0
68.0
68.0
68.0
67.0
66.0
66.0
67.0
67.0
87.0
85.0
83.0
83.0
83.0
83.0
84.0
82.0
83.0
45.0
70.0
68.0
68.0
68.0
68.0
68.0
68.0
67.0
65.0
28.0
70.0
66.0
66.0
66.0
66.0
66.0
66.0
66.0
27.0
28.0
91.0
89.0
88.0
88.0
65.0
88.0
88.0
66.0
51.0
51.0
35.0
31.0
30.0
31.0
31.0
31.0
30.0
30.0
30.0
29.0
71.0
67.0
66.0
67.0
68.0
68.0
68.0
67.0
67.0
67.0
94.0
88.0
88.0
89.0
88.0
88.0
88.0
88.0
86.0
86.0
72.0
66.0
66.0
68.0
67.0
68.0
68.0
67.0
66.0
66.0
71.0
66.0
68.0
68.0
68.0
68.0
68.0
67.0
66.0
66.0
92.0
87.0
85.0
86.0
88.0
87.0
86.0
85.0
87.0
87.0
71.0
67.0
67.0
68.0
68.0
66.0
67.0
66.0
66.0
27.0
69.0
87.0
87.0
87.0
88.0
87.0
87.0
86.0
86.0
28.0
89.0
85.0
67.0
67.0
66.0
66.0
65.0
65.0
28.0
28.0
71.0
66.0
67.0
68.0
46.0
93.0
93.0
44.0
29.0
29.0
34.0
31.0
31.0
30.0
54.0
56.0
56.0
55.0
56.0
55.0
101.0
98.0
73.0
72.0
74.0
73.0
74.0
72.0
73.0
72.0
75.0
74.0
74.0
72.0
71.0
73.0
71.0
71.0
72.0
72.0
75.0
70.0
69.0
69.0
67.0
68.0
69.0
68.0
67.0
68.0
71.0
68.0
68.0
68.0
90.0
90.0
90.0
89.0
90.0
89.0
95.0
91.0
92.0
91.0
69.0
68.0
68.0
67.0
66.0
66.0
71.0
67.0
67.0
66.0
66.0
67.0
67.0
66.0
66.0
29.0
70.0
68.0
68.0
66.0
67.0
67.0
66.0
66.0
66.0
28.0
69.0
66.0
92.0
92.0
91.0
92.0
92.0
91.0
27.0
26.0
94.0
91.0
91.0
92.0
47.0
68.0
68.0
46.0
29.0
28.0
35.0
31.0
31.0
31.0
29.0
31.0
30.0
30.0
29.0
30.0
70.0
66.0
66.0
68.0
68.0
66.0
66.0
67.0
66.0
65.0
71.0
67.0
66.0
67.0
68.0
69.0
68.0
66.0
66.0
66.0
94.0
91.0
90.0
89.0
90.0
90.0
90.0
89.0
89.0
89.0
71.0
66.0
66.0
66.0
67.0
67.0
67.0
66.0
66.0
65.0
73.0
67.0
68.0
67.0
67.0
67.0
67.0
66.0
65.0
66.0
71.0
67.0
67.0
66.0
67.0
67.0
67.0
65.0
65.0
27.0
97.0
97.0
96.0
95.0
96.0
97.0
96.0
96.0
95.0
56.0
74.0
71.0
72.0
71.0
73.0
72.0
72.0
71.0
33.0
33.0
77.0
72.0
70.0
72.0
48.0
73.0
71.0
48.0
32.0
31.0
38.0
33.0
34.0
32.0
33.0
33.0
34.0
32.0
27.0
29.0
71.0
67.0
67.0
67.0
66.0
67.0
67.0
66.0
67.0
64.0
71.0
67.0
67.0
67.0
67.0
67.0
67.0
66.0
65.0
65.0
100.0
97.0
97.0
97.0
97.0
96.0
97.0
97.0
96.0
96.0
71.0
68.0
67.0
67.0
67.0
67.0
67.0
67.0
66.0
67.0
72.0
69.0
69.0
67.0
67.0
66.0
66.0
67.0
67.0
66.0
72.0
69.0
68.0
67.0
67.0
68.0
69.0
67.0
66.0
27.0
70.0
68.0
68.0
67.0
67.0
67.0
67.0
66.0
66.0
27.0
69.0
66.0
66.0
66.0
66.0
66.0
65.0
65.0
27.0
27.0
104.0
99.0
99.0
100.0
77.0
100.0
99.0
78.0
63.0
62.0
33.0
33.0
30.0
31.0
30.0
31.0
30.0
31.0
29.0
28.0
70.0
66.0
66.0
66.0
66.0
67.0
67.0
67.0
66.0
65.0
71.0
67.0
66.0
66.0
67.0
66.0
67.0
66.0
66.0
65.0
72.0
67.0
67.0
67.0
67.0
68.0
67.0
67.0
66.0
67.0
70.0
67.0
68.0
66.0
66.0
66.0
66.0
67.0
66.0
65.0
99.0
96.0
96.0
95.0
95.0
95.0
96.0
94.0
94.0
95.0
70.0
67.0
67.0
67.0
68.0
67.0
68.0
66.0
66.0
27.0
68.0
66.0
67.0
66.0
67.0
66.0
66.0
65.0
65.0
27.0
69.0
67.0
67.0
66.0
66.0
66.0
65.0
66.0
28.0
29.0
70.0
67.0
66.0
67.0
45.0
67.0
67.0
44.0
29.0
29.0
34.0
31.0
31.0
30.0
30.0
30.0
30.0
30.0
29.0
28.0
104.0
101.0
101.0
101.0
100.0
102.0
101.0
100.0
101.0
100.0
76.0
74.0
74.0
73.0
71.0
71.0
72.0
72.0
72.0
73.0
77.0
73.0
71.0
73.0
72.0
71.0
71.0
71.0
73.0
72.0
72.0
70.0
69.0
69.0
69.0
68.0
69.0
69.0
67.0
68.0
70.0
66.0
67.0
67.0
67.0
66.0
66.0
66.0
67.0
66.0
73.0
68.0
69.0
69.0
69.0
69.0
69.0
69.0
68.0
30.0
72.0
69.0
68.0
68.0
69.0
68.0
68.0
67.0
67.0
29.0
104.0
100.0
101.0
100.0
100.0
100.0
99.0
100.0
28.0
28.0
104.0
99.0
69.0
69.0
46.0
67.0
68.0
44.0
29.0
29.0
34.0
31.0
31.0
31.0
29.0
30.0
29.0
29.0
28.0
29.0
70.0
65.0
67.0
66.0
66.0
66.0
68.0
66.0
66.0
65.0
71.0
66.0
66.0
65.0
67.0
67.0
68.0
66.0
66.0
65.0
69.0
66.0
66.0
67.0
67.0
66.0
67.0
66.0
66.0
65.0
69.0
66.0
67.0
66.0
67.0
66.0
68.0
66.0
66.0
66.0
70.0
67.0
67.0
66.0
66.0
66.0
67.0
66.0
65.0
66.0
111.0
107.0
107.0
107.0
107.0
107.0
106.0
105.0
106.0
69.0
68.0
67.0
67.0
66.0
67.0
67.0
66.0
66.0
65.0
28.0
68.0
65.0
67.0
67.0
67.0
66.0
65.0
64.0
28.0
28.0
71.0
68.0
67.0
67.0
45.0
68.0
67.0
44.0
28.0
29.0
34.0
31.0
31.0
32.0
31.0
32.0
31.0
30.0
30.0
28.0
73.0
66.0
67.0
67.0
68.0
67.0
67.0
66.0
66.0
65.0
71.0
67.0
66.0
67.0
67.0
67.0
67.0
67.0
66.0
65.0
72.0
68.0
68.0
67.0
67.0
67.0
68.0
67.0
103.0
102.0
106.0
102.0
102.0
101.0
102.0
102.0
101.0
101.0
66.0
67.0
71.0
67.0
67.0
66.0
66.0
67.0
67.0
66.0
67.0
66.0
71.0
68.0
68.0
67.0
66.0
68.0
67.0
65.0
65.0
27.0
68.0
67.0
67.0
66.0
67.0
67.0
66.0
66.0
65.0
27.0
71.0
67.0
65.0
66.0
66.0
66.0
66.0
67.0
28.0
29.0
69.0
65.0
66.0
67.0
46.0
68.0
68.0
45.0
29.0
28.0
35.0
31.0
31.0
30.0
31.0
30.0
30.0
31.0
29.0
29.0
110.0
108.0
106.0
108.0
109.0
108.0
109.0
107.0
108.0
108.0
76.0
71.0
71.0
72.0
73.0
73.0
72.0
70.0
71.0
71.0
71.0
70.0
67.0
67.0
69.0
69.0
68.0
68.0
67.0
67.0
72.0
65.0
66.0
66.0
67.0
67.0
67.0
67.0
66.0
66.0
71.0
65.0
66.0
66.0
67.0
67.0
67.0
66.0
66.0
66.0
71.0
65.0
67.0
66.0
67.0
66.0
67.0
66.0
66.0
28.0
68.0
66.0
66.0
67.0
67.0
66.0
67.0
66.0
65.0
27.0
69.0
66.0
66.0
66.0
66.0
66.0
66.0
65.0
28.0
28.0
106.0
103.0
102.0
103.0
80.0
103.0
103.0
79.0
67.0
66.0
35.0
30.0
30.0
30.0
30.0
30.0
30.0
30.0
29.0
28.0
70.0
66.0
66.0
67.0
67.0
68.0
67.0
67.0
65.0
64.0
71.0
67.0
67.0
66.0
66.0
68.0
66.0
67.0
65.0
65.0
70.0
66.0
66.0
68.0
67.0
67.0
67.0
66.0
66.0
65.0
72.0
67.0
65.0
68.0
67.0
67.0
67.0
66.0
66.0
66.0
70.0
68.0
66.0
66.0
67.0
67.0
67.0
65.0
66.0
66.0
71.0
68.0
67.0
67.0
67.0
68.0
66.0
67.0
66.0
28.0
107.0
102.0
102.0
102.0
103.0
103.0
102.0
102.0
101.0
66.0
68.0
66.0
67.0
66.0
66.0
65.0
66.0
66.0
27.0
27.0
70.0
67.0
68.0
67.0
46.0
67.0
68.0
46.0
29.0
29.0
33.0
30.0
30.0
31.0
29.0
31.0
31.0
29.0
29.0
30.0
70.0
66.0
66.0
66.0
67.0
66.0
67.0
66.0
65.0
64.0
70.0
67.0
66.0
66.0
67.0
67.0
66.0
66.0
66.0
66.0
70.0
66.0
67.0
67.0
67.0
67.0
67.0
67.0
66.0
65.0
70.0
66.0
66.0
66.0
67.0
67.0
66.0
66.0
66.0
65.0
105.0
101.0
101.0
101.0
102.0
103.0
102.0
102.0
100.0
100.0
70.0
66.0
67.0
66.0
67.0
67.0
67.0
66.0
65.0
27.0
68.0
67.0
66.0
66.0
67.0
67.0
67.0
66.0
66.0
27.0
68.0
65.0
66.0
66.0
66.0
65.0
65.0
64.0
28.0
28.0
71.0
67.0
66.0
67.0
45.0
67.0
68.0
44.0
29.0
29.0
35.0
30.0
30.0
30.0
31.0
30.0
31.0
31.0
29.0
29.0
71.0
67.0
66.0
66.0
68.0
66.0
67.0
66.0
65.0
65.0
71.0
67.0
66.0
67.0
67.0
67.0
67.0
66.0
105.0
105.0
107.0
104.0
104.0
103.0
104.0
105.0
104.0
103.0
66.0
66.0
70.0
68.0
67.0
66.0
67.0
66.0
66.0
66.0
66.0
66.0
72.0
68.0
68.0
67.0
67.0
67.0
67.0
67.0
67.0
66.0
72.0
68.0
67.0
68.0
66.0
67.0
66.0
66.0
66.0
27.0
68.0
67.0
66.0
67.0
66.0
67.0
66.0
66.0
66.0
28.0
69.0
65.0
67.0
67.0
67.0
66.0
66.0
66.0
27.0
27.0
70.0
65.0
67.0
67.0
47.0
104.0
105.0
44.0
29.0
30.0
72.0
69.0
69.0
68.0
67.0
68.0
67.0
67.0
29.0
28.0
72.0
67.0
66.0
65.0
68.0
67.0
68.0
68.0
66.0
66.0
71.0
66.0
67.0
67.0
68.0
66.0
66.0
65.0
66.0
65.0
70.0
65.0
67.0
66.0
67.0
66.0
67.0
66.0
66.0
65.0
70.0
68.0
67.0
67.0
67.0
68.0
66.0
66.0
67.0
66.0
71.0
67.0
67.0
66.0
67.0
67.0
67.0
66.0
66.0
66.0
109.0
67.0
67.0
104.0
103.0
103.0
103.0
103.0
103.0
27.0
106.0
104.0
104.0
68.0
67.0
67.0
67.0
66.0
66.0
26.0
70.0
66.0
67.0
67.0
68.0
67.0
67.0
66.0
28.0
28.0
69.0
67.0
66.0
67.0
45.0
68.0
68.0
45.0
29.0
29.0
35.0
31.0
31.0
31.0
30.0
31.0
31.0
30.0
28.0
29.0
69.0
66.0
66.0
66.0
67.0
67.0
67.0
67.0
67.0
66.0
72.0
68.0
67.0
66.0
67.0
68.0
67.0
66.0
65.0
65.0
106.0
101.0
102.0
101.0
102.0
103.0
102.0
101.0
101.0
101.0
72.0
67.0
68.0
67.0
68.0
67.0
67.0
66.0
66.0
66.0
71.0
68.0
68.0
67.0
67.0
67.0
67.0
67.0
66.0
67.0
72.0
67.0
67.0
67.0
67.0
67.0
67.0
66.0
66.0
27.0
68.0
67.0
67.0
67.0
66.0
67.0
66.0
66.0
66.0
27.0
68.0
65.0
67.0
67.0
67.0
66.0
65.0
65.0
28.0
27.0
71.0
67.0
102.0
100.0
79.0
100.0
100.0
79.0
29.0
30.0
68.0
64.0
64.0
63.0
30.0
31.0
30.0
30.0
29.0
28.0
70.0
68.0
66.0
67.0
67.0
67.0
67.0
66.0
66.0
65.0
71.0
67.0
66.0
66.0
68.0
66.0
67.0
65.0
67.0
66.0
70.0
66.0
66.0
68.0
67.0
68.0
67.0
66.0
66.0
66.0
71.0
67.0
67.0
67.0
67.0
68.0
67.0
67.0
66.0
66.0
71.0
67.0
67.0
68.0
99.0
100.0
100.0
99.0
99.0
100.0
104.0
101.0
100.0
100.0
68.0
66.0
67.0
67.0
66.0
27.0
68.0
68.0
67.0
67.0
66.0
67.0
66.0
66.0
66.0
27.0
68.0
65.0
67.0
66.0
66.0
65.0
65.0
65.0
28.0
28.0
69.0
66.0
67.0
66.0
45.0
68.0
67.0
45.0
29.0
28.0
35.0
30.0
31.0
30.0
30.0
29.0
29.0
28.0
26.0
25.0
