3.0
4.0
3.0
4.0
3.0
2.0
2.0
4.0
4.0
4.0
5.0
4.0
3.0
3.0
2.0
2.0
2.0
3.0
4.0
4.0
49.0
48.0
49.0
49.0
49.0
48.0
85.0
86.0
86.0
85.0
165.0
165.0
164.0
165.0
165.0
164.0
198.0
178.0
296.0
296.0
164.0
163.0
164.0
165.0
165.0
165.0
138.0
163.0
164.0
165.0
165.0
165.0
165.0
157.0
301.0
301.0
141.0
169.0
144.0
168.0
169.0
170.0
168.0
144.0
168.0
163.0
134.0
166.0
160.0
135.0
180.0
180.0
180.0
179.0
181.0
180.0
158.0
159.0
158.0
180.0
166.0
164.0
164.0
163.0
165.0
167.0
142.0
150.0
142.0
161.0
161.0
160.0
160.0
160.0
161.0
143.0
197.0
194.0
147.0
158.0
2318.0
2316.0
2322.0
2320.0
2318.0
2304.0
2358.0
2341.0
2338.0
2355.0
2361.0
2339.0
2326.0
2335.0
2362.0
2338.0
2356.0
2319.0
2336.0
2321.0
2312.0
2312.0
2327.0
2347.0
2329.0
2303.0
2322.0
2350.0
2349.0
2333.0
2336.0
2364.0
2357.0
2363.0
2362.0
2340.0
2329.0
2327.0
2312.0
2317.0
2317.0
2312.0
2306.0
2305.0
2320.0
2338.0
2324.0
2327.0
2323.0
2327.0
2342.0
2342.0
2352.0
2341.0
2340.0
2335.0
2334.0
2330.0
2322.0
2324.0
2361.0
2369.0
2368.0
2350.0
2374.0
2368.0
2376.0
2373.0
2378.0
2348.0
2319.0
2315.0
2344.0
2317.0
2336.0
2337.0
2320.0
2324.0
2330.0
2331.0
2332.0
2315.0
2328.0
2308.0
2321.0
2324.0
2335.0
2330.0
2326.0
2330.0
2337.0
2354.0
2318.0
2347.0
2350.0
2345.0
2360.0
2320.0
2338.0
2333.0
2373.0
2384.0
2379.0
2361.0
2377.0
2364.0
2349.0
2352.0
2344.0
2339.0
5.0
3.0
4.0
2.0
3.0
2.0
4.0
4.0
5.0
3.0
3.0
2.0
5.0
2.0
4.0
3.0
3.0
4.0
4.0
2.0
2.0
2.0
3.0
2.0
2.0
2.0
2.0
4.0
3.0
3.0
3.0
4.0
2.0
2.0
4.0
3.0
3.0
2.0
26.0
26.0
25.0
26.0
26.0
24.0
26.0
24.0
25.0
24.0
2.0
2.0
3.0
3.0
4.0
4.0
3.0
3.0
3.0
2.0
2.0
3.0
2.0
2.0
3.0
4.0
2.0
3.0
3.0
2.0
4.0
4.0
2.0
3.0
2.0
2.0
2.0
4.0
2.0
4.0
4.0
3.0
3.0
2.0
2.0
2.0
3.0
2.0
2.0
2.0
3.0
3.0
3.0
3.0
4.0
4.0
3.0
4.0
3.0
2.0
2.0
2.0
86.0
85.0
86.0
48.0
48.0
84.0
86.0
48.0
85.0
48.0
48.0
48.0
49.0
47.0
84.0
84.0
85.0
85.0
4.0
4.0
84.0
84.0
47.0
47.0
48.0
47.0
48.0
48.0
47.0
48.0
86.0
86.0
84.0
76.0
85.0
72.0
48.0
48.0
2.0
2.0
48.0
47.0
48.0
48.0
48.0
48.0
48.0
40.0
85.0
85.0
85.0
84.0
39.0
47.0
47.0
48.0
48.0
47.0
2.0
2.0
39.0
48.0
47.0
47.0
47.0
84.0
85.0
85.0
48.0
85.0
39.0
48.0
48.0
48.0
48.0
47.0
39.0
84.0
3.0
3.0
84.0
85.0
85.0
47.0
47.0
47.0
48.0
48.0
48.0
48.0
48.0
48.0
47.0
47.0
48.0
3.0
85.0
4.0
4.0
4.0
230.0
159.0
185.0
163.0
165.0
163.0
144.0
164.0
164.0
196.0
133.0
133.0
164.0
163.0
164.0
163.0
163.0
163.0
3.0
2.0
164.0
149.0
139.0
140.0
168.0
167.0
168.0
168.0
204.0
167.0
242.0
148.0
148.0
155.0
162.0
162.0
162.0
162.0
2.0
2.0
163.0
292.0
134.0
134.0
163.0
287.0
163.0
163.0
163.0
163.0
163.0
136.0
135.0
158.0
162.0
162.0
162.0
162.0
2.0
1.0
140.0
141.0
192.0
162.0
144.0
160.0
146.0
145.0
159.0
159.0
159.0
158.0
159.0
148.0
148.0
158.0
146.0
146.0
2.0
2.0
159.0
158.0
158.0
159.0
159.0
147.0
147.0
158.0
146.0
146.0
159.0
159.0
159.0
158.0
164.0
2.0
152.0
2.0
2.0
2.0
154.0
184.0
175.0
174.0
185.0
184.0
185.0
184.0
170.0
179.0
169.0
158.0
147.0
148.0
158.0
158.0
159.0
158.0
2.0
2.0
148.0
158.0
148.0
147.0
159.0
148.0
147.0
158.0
159.0
158.0
158.0
146.0
158.0
146.0
147.0
159.0
147.0
158.0
2.0
3.0
158.0
147.0
158.0
158.0
159.0
147.0
148.0
158.0
145.0
213.0
223.0
158.0
158.0
158.0
158.0
142.0
143.0
158.0
2.0
2.0
144.0
158.0
158.0
158.0
158.0
146.0
163.0
146.0
147.0
158.0
151.0
165.0
164.0
164.0
164.0
154.0
154.0
164.0
2.0
2.0
154.0
164.0
149.0
158.0
158.0
158.0
147.0
159.0
146.0
147.0
158.0
147.0
158.0
158.0
159.0
2.0
159.0
2.0
2.0
2.0
147.0
146.0
159.0
147.0
159.0
146.0
160.0
146.0
147.0
158.0
159.0
159.0
160.0
146.0
159.0
146.0
158.0
147.0
2.0
2.0
147.0
158.0
158.0
158.0
147.0
159.0
148.0
158.0
159.0
146.0
147.0
159.0
146.0
159.0
159.0
159.0
146.0
159.0
2.0
2.0
182.0
169.0
168.0
170.0
180.0
181.0
181.0
180.0
170.0
180.0
160.0
147.0
147.0
148.0
159.0
159.0
159.0
147.0
2.0
3.0
158.0
159.0
147.0
160.0
147.0
147.0
158.0
159.0
147.0
158.0
158.0
158.0
148.0
147.0
159.0
148.0
147.0
159.0
2.0
3.0
159.0
159.0
158.0
158.0
147.0
147.0
147.0
160.0
147.0
158.0
158.0
160.0
158.0
159.0
147.0
2.0
147.0
2.0
2.0
2.0
155.0
161.0
147.0
163.0
164.0
163.0
164.0
164.0
144.0
143.0
163.0
168.0
144.0
166.0
166.0
166.0
166.0
153.0
2.0
2.0
152.0
164.0
153.0
154.0
159.0
158.0
158.0
158.0
147.0
159.0
146.0
159.0
147.0
147.0
159.0
159.0
159.0
159.0
2.0
2.0
146.0
147.0
159.0
159.0
147.0
146.0
159.0
159.0
147.0
147.0
159.0
159.0
160.0
159.0
147.0
147.0
159.0
147.0
1.0
1.0
147.0
159.0
159.0
159.0
159.0
147.0
158.0
146.0
158.0
146.0
146.0
159.0
159.0
159.0
159.0
146.0
147.0
159.0
2.0
3.0
182.0
171.0
172.0
181.0
182.0
182.0
171.0
170.0
183.0
183.0
158.0
147.0
147.0
158.0
159.0
2.0
148.0
2.0
2.0
2.0
149.0
160.0
160.0
159.0
149.0
146.0
160.0
158.0
149.0
147.0
159.0
160.0
160.0
160.0
148.0
147.0
158.0
147.0
2.0
2.0
148.0
159.0
159.0
160.0
159.0
159.0
147.0
146.0
159.0
148.0
147.0
159.0
159.0
160.0
159.0
159.0
147.0
146.0
2.0
3.0
158.0
147.0
147.0
159.0
159.0
158.0
158.0
159.0
146.0
146.0
151.0
164.0
152.0
164.0
164.0
165.0
164.0
155.0
2.0
2.0
154.0
165.0
149.0
148.0
159.0
158.0
159.0
159.0
158.0
146.0
147.0
158.0
147.0
147.0
158.0
158.0
159.0
158.0
2.0
2.0
146.0
146.0
160.0
159.0
146.0
147.0
159.0
159.0
159.0
147.0
147.0
159.0
158.0
159.0
146.0
2.0
146.0
2.0
2.0
2.0
160.0
158.0
148.0
147.0
160.0
158.0
160.0
158.0
148.0
146.0
160.0
146.0
148.0
158.0
160.0
159.0
160.0
147.0
3.0
3.0
172.0
184.0
186.0
173.0
172.0
184.0
184.0
184.0
173.0
184.0
147.0
159.0
160.0
147.0
146.0
159.0
159.0
160.0
2.0
2.0
148.0
148.0
160.0
161.0
146.0
148.0
159.0
160.0
159.0
150.0
146.0
160.0
159.0
161.0
148.0
146.0
159.0
159.0
2.0
2.0
147.0
147.0
159.0
161.0
162.0
159.0
147.0
147.0
160.0
147.0
147.0
159.0
159.0
159.0
159.0
160.0
147.0
147.0
2.0
2.0
159.0
147.0
149.0
160.0
160.0
160.0
159.0
160.0
147.0
149.0
156.0
166.0
154.0
165.0
165.0
2.0
165.0
2.0
2.0
2.0
167.0
154.0
155.0
165.0
148.0
147.0
159.0
158.0
160.0
158.0
147.0
146.0
160.0
158.0
148.0
148.0
157.0
156.0
3.0
2.0
155.0
155.0
154.0
153.0
155.0
154.0
154.0
155.0
153.0
154.0
154.0
153.0
152.0
153.0
153.0
153.0
152.0
153.0
2.0
2.0
152.0
152.0
153.0
154.0
153.0
154.0
154.0
155.0
153.0
154.0
153.0
153.0
153.0
153.0
153.0
153.0
185.0
186.0
2.0
2.0
190.0
185.0
189.0
186.0
188.0
186.0
187.0
186.0
154.0
153.0
154.0
153.0
154.0
154.0
154.0
154.0
154.0
154.0
3.0
2.0
155.0
154.0
153.0
153.0
154.0
152.0
153.0
153.0
154.0
153.0
153.0
154.0
153.0
155.0
153.0
2.0
153.0
2.0
2.0
2.0
2410.0
2320.0
2334.0
2346.0
2363.0
2399.0
2357.0
2417.0
2356.0
2333.0
2414.0
2402.0
2457.0
2440.0
2447.0
2423.0
2452.0
2413.0
1266.0
1281.0
2366.0
2341.0
2309.0
2314.0
2313.0
2327.0
2310.0
2305.0
2310.0
2307.0
2337.0
2332.0
2338.0
2330.0
2348.0
2352.0
2350.0
2338.0
1235.0
1212.0
2340.0
2307.0
2318.0
2328.0
2376.0
2366.0
2392.0
2363.0
2391.0
2397.0
2335.0
2340.0
2307.0
2321.0
2315.0
2364.0
2360.0
2332.0
1200.0
1171.0
2402.0
2450.0
2416.0
2401.0
2411.0
2457.0
2399.0
2405.0
2395.0
2414.0
2342.0
2351.0
2378.0
2366.0
2347.0
2360.0
2368.0
2372.0
1231.0
1237.0
2370.0
2353.0
2362.0
2387.0
2361.0
2394.0
2356.0
2391.0
2350.0
2347.0
2302.0
2321.0
2318.0
2301.0
2318.0
2170.0
2318.0
1189.0
1163.0
1164.0
2299.0
2297.0
2311.0
2309.0
2305.0
2337.0
2334.0
2335.0
2338.0
2339.0
2322.0
2354.0
2364.0
2360.0
2360.0
2318.0
2345.0
2306.0
1174.0
1180.0
2314.0
2364.0
2342.0
2338.0
2325.0
2339.0
2332.0
2319.0
2297.0
2340.0
2350.0
2368.0
2387.0
2341.0
2347.0
2353.0
2361.0
2331.0
1210.0
1231.0
2310.0
2328.0
2342.0
2333.0
2338.0
2352.0
2367.0
2326.0
2363.0
2329.0
2375.0
2327.0
2314.0
2393.0
2328.0
2371.0
2382.0
2350.0
1193.0
1203.0
2332.0
2310.0
2324.0
2328.0
2307.0
2316.0
2304.0
2333.0
2301.0
2346.0
2327.0
2352.0
2321.0
2355.0
2361.0
2355.0
2322.0
2305.0
1190.0
1197.0
2315.0
2306.0
2315.0
2347.0
2320.0
2357.0
2365.0
2316.0
2327.0
2330.0
2325.0
2345.0
2343.0
2322.0
2334.0
2164.0
2343.0
1213.0
1216.0
1209.0
2341.0
2337.0
2323.0
2316.0
2306.0
2325.0
2304.0
2302.0
2321.0
2314.0
2340.0
2332.0
2402.0
2384.0
2385.0
2411.0
2407.0
2391.0
1192.0
1204.0
2376.0
2356.0
2373.0
2353.0
2328.0
2351.0
2350.0
2329.0
2337.0
2343.0
2371.0
2377.0
2393.0
2350.0
2333.0
2327.0
2346.0
2341.0
1191.0
1199.0
2351.0
2336.0
2353.0
2386.0
2318.0
2365.0
2338.0
2331.0
2333.0
2321.0
2312.0
2334.0
2341.0
2325.0
2344.0
2328.0
2379.0
2361.0
1194.0
1198.0
2318.0
2343.0
2337.0
2310.0
2336.0
2306.0
2317.0
2332.0
2314.0
2312.0
2306.0
2326.0
2345.0
2355.0
2343.0
2349.0
2343.0
2345.0
1172.0
1168.0
2382.0
2382.0
2355.0
2361.0
2344.0
2355.0
2363.0
2355.0
2364.0
2346.0
2313.0
2358.0
2329.0
2329.0
2322.0
2193.0
2316.0
1196.0
1198.0
1206.0
2328.0
2318.0
2311.0
2310.0
2321.0
2314.0
2314.0
2297.0
2308.0
2297.0
2338.0
2323.0
2339.0
2366.0
2349.0
2333.0
2358.0
2345.0
1187.0
1188.0
2335.0
2323.0
2311.0
2312.0
2302.0
2300.0
2303.0
2298.0
2297.0
2298.0
2307.0
2327.0
2373.0
2335.0
2343.0
2314.0
2312.0
2337.0
1170.0
1171.0
2365.0
2352.0
2367.0
2339.0
2304.0
2339.0
2326.0
2338.0
2347.0
2338.0
2332.0
2374.0
2354.0
2344.0
2342.0
2359.0
2338.0
2357.0
1236.0
1219.0
2314.0
2324.0
2306.0
2316.0
2343.0
2333.0
2321.0
2319.0
2296.0
2323.0
2315.0
2304.0
2317.0
2312.0
2335.0
2346.0
2346.0
2352.0
1195.0
1173.0
2301.0
2323.0
2343.0
2316.0
2338.0
2322.0
2318.0
2330.0
2332.0
2333.0
2349.0
2320.0
2312.0
2305.0
2311.0
2152.0
2315.0
1166.0
1193.0
1190.0
2343.0
2345.0
2306.0
2348.0
2308.0
2328.0
2352.0
2313.0
2328.0
2312.0
2316.0
2335.0
2313.0
2311.0
2358.0
2345.0
2360.0
2336.0
1202.0
1206.0
2369.0
2349.0
2341.0
2370.0
2335.0
2320.0
2365.0
2343.0
2338.0
2356.0
2313.0
2303.0
2304.0
2314.0
2312.0
2307.0
2300.0
2298.0
1171.0
1168.0
2345.0
2333.0
2340.0
2346.0
2342.0
2356.0
2332.0
2359.0
2317.0
2313.0
2336.0
2300.0
2332.0
2298.0
2321.0
2322.0
2322.0
2315.0
1211.0
1218.0
2311.0
2313.0
2309.0
2346.0
2348.0
2331.0
2343.0
2329.0
2352.0
2343.0
2341.0
2341.0
2305.0
2313.0
2357.0
2341.0
2331.0
2334.0
1224.0
1205.0
2322.0
2329.0
2379.0
2359.0
2359.0
2431.0
2418.0
2394.0
2429.0
2414.0
2361.0
2341.0
2367.0
2318.0
2330.0
2156.0
2349.0
1174.0
1172.0
1224.0
2335.0
2360.0
2350.0
2354.0
2380.0
2310.0
2367.0
2320.0
2348.0
2335.0
2341.0
2334.0
2335.0
2343.0
2350.0
2323.0
2300.0
2325.0
1205.0
1188.0
2302.0
2309.0
2308.0
2302.0
2305.0
2315.0
2311.0
2326.0
2326.0
2337.0
2330.0
2318.0
2299.0
2296.0
2317.0
2301.0
2327.0
2303.0
1170.0
1186.0
2302.0
2300.0
2304.0
2339.0
2328.0
2366.0
2354.0
2349.0
2346.0
2314.0
2374.0
2396.0
2399.0
2331.0
2355.0
2349.0
2363.0
2355.0
1185.0
1248.0
2360.0
2316.0
2309.0
2308.0
2307.0
2305.0
2327.0
2327.0
2334.0
2336.0
2319.0
2336.0
2333.0
2329.0
2331.0
2316.0
2331.0
2334.0
1215.0
1220.0
2332.0
2356.0
2315.0
2333.0
2350.0
2324.0
2328.0
2327.0
2369.0
2376.0
2339.0
2326.0
2317.0
2352.0
2333.0
2200.0
2365.0
1171.0
1174.0
1173.0
2300.0
2317.0
2345.0
2340.0
2344.0
2363.0
2332.0
2298.0
2302.0
2330.0
2324.0
2335.0
2335.0
2308.0
2345.0
2348.0
2338.0
2313.0
1216.0
1222.0
2343.0
2336.0
2377.0
2371.0
2367.0
2343.0
2357.0
2366.0
2334.0
2341.0
2317.0
2309.0
2308.0
2301.0
2295.0
2295.0
2297.0
2302.0
1211.0
1191.0
2290.0
2319.0
2301.0
2301.0
2304.0
2309.0
2317.0
2316.0
2341.0
2356.0
2331.0
2347.0
2334.0
2325.0
2367.0
2329.0
2298.0
2301.0
1163.0
1166.0
2321.0
2331.0
2304.0
2300.0
2308.0
2308.0
2305.0
2299.0
2303.0
2306.0
2320.0
2325.0
2309.0
2310.0
2320.0
2319.0
2313.0
2325.0
1184.0
1183.0
2305.0
2309.0
2313.0
2326.0
2312.0
2319.0
2315.0
2306.0
2312.0
2348.0
2340.0
2347.0
2344.0
2357.0
2391.0
2225.0
2372.0
1235.0
1221.0
1176.0
2315.0
2302.0
2299.0
2298.0
2323.0
2361.0
2330.0
2310.0
2329.0
2309.0
2332.0
2331.0
2348.0
2358.0
2311.0
2338.0
2310.0
2306.0
1205.0
1189.0
2328.0
2302.0
2304.0
2332.0
2330.0
2304.0
2339.0
2318.0
2315.0
2319.0
2312.0
2350.0
2305.0
2335.0
2321.0
2315.0
2306.0
2324.0
1210.0
1218.0
2317.0
2320.0
2303.0
2301.0
2307.0
2300.0
2334.0
2295.0
2330.0
2344.0
2302.0
2322.0
2335.0
2346.0
2354.0
2345.0
2342.0
2347.0
1187.0
1191.0
2352.0
2375.0
2530.0
2367.0
2369.0
2320.0
2352.0
2354.0
2325.0
2331.0
2355.0
2305.0
2311.0
2323.0
2320.0
2317.0
2318.0
2354.0
1215.0
1216.0
2304.0
2326.0
2317.0
2314.0
2330.0
2326.0
2310.0
2293.0
2303.0
2330.0
2300.0
2319.0
2319.0
2290.0
2293.0
2164.0
2339.0
1183.0
1182.0
1186.0
2306.0
2313.0
2321.0
2297.0
2311.0
2343.0
2328.0
2346.0
2364.0
2302.0
2311.0
2324.0
2340.0
2335.0
2335.0
2317.0
2309.0
2311.0
1170.0
1166.0
2356.0
2355.0
2365.0
2332.0
2340.0
2331.0
2347.0
2369.0
2358.0
2335.0
2376.0
2372.0
2347.0
2345.0
2357.0
2359.0
2364.0
2365.0
1232.0
1217.0
2294.0
2343.0
2374.0
2358.0
2315.0
2366.0
2352.0
2306.0
2304.0
2349.0
2309.0
2345.0
2355.0
2294.0
2399.0
2380.0
2326.0
2386.0
1194.0
1166.0
2303.0
2305.0
2304.0
2380.0
2374.0
2328.0
2354.0
2351.0
2298.0
2354.0
2338.0
2348.0
2354.0
2343.0
2335.0
2303.0
2338.0
2331.0
1195.0
1225.0
2298.0
2301.0
2299.0
2300.0
2299.0
2305.0
2303.0
2305.0
2304.0
2296.0
2313.0
2318.0
2325.0
2316.0
2323.0
2186.0
2310.0
1202.0
1209.0
1207.0
2313.0
2309.0
2308.0
2303.0
2315.0
2291.0
2321.0
2340.0
2339.0
2345.0
2300.0
2348.0
2333.0
2350.0
2388.0
2355.0
2383.0
2348.0
1163.0
1171.0
2330.0
2332.0
2334.0
2325.0
2303.0
2303.0
2310.0
2334.0
2344.0
2349.0
2320.0
2312.0
2320.0
2320.0
2358.0
2334.0
2360.0
2340.0
1220.0
1215.0
2348.0
2356.0
2319.0
2327.0
2337.0
2322.0
2334.0
2309.0
2324.0
2298.0
2308.0
2309.0
2299.0
2300.0
2295.0
2328.0
2323.0
2335.0
1190.0
1190.0
2330.0
2317.0
2344.0
2359.0
2361.0
2358.0
2347.0
2343.0
2327.0
2331.0
2326.0
2348.0
2300.0
2308.0
2298.0
2300.0
2301.0
2316.0
1192.0
1192.0
2329.0
2309.0
2324.0
2306.0
2324.0
2312.0
2314.0
2328.0
2336.0
2329.0
2314.0
2327.0
2330.0
2337.0
2316.0
2168.0
2325.0
1188.0
1183.0
1200.0
2337.0
2303.0
2339.0
2315.0
2314.0
2309.0
2315.0
2338.0
2349.0
2349.0
2295.0
2310.0
2317.0
2358.0
2350.0
2344.0
2331.0
2317.0
1174.0
1170.0
2338.0
2339.0
2317.0
2368.0
2293.0
2318.0
2311.0
2329.0
2311.0
2335.0
2324.0
2460.0
2328.0
2370.0
2325.0
2390.0
2383.0
2393.0
1241.0
1230.0
2313.0
2303.0
2298.0
2362.0
2307.0
2335.0
2296.0
2313.0
2313.0
2337.0
2306.0
2315.0
2320.0
2316.0
2294.0
2344.0
2349.0
2368.0
1193.0
1175.0
2318.0
2295.0
2352.0
2349.0
2327.0
2326.0
2347.0
2334.0
2311.0
2320.0
2356.0
2366.0
2382.0
2300.0
2303.0
2315.0
2316.0
2318.0
1221.0
1208.0
2307.0
2316.0
2325.0
2302.0
2320.0
2329.0
2313.0
2309.0
2330.0
2312.0
2287.0
2301.0
2305.0
2273.0
2278.0
2120.0
2267.0
1180.0
1188.0
1184.0
