16.0
15.0
14.0
20.0
20.0
14.0
13.0
21.0
19.0
19.0
24.0
120.0
69.0
69.0
68.0
69.0
69.0
68.0
120.0
121.0
121.0
70.0
70.0
69.0
64.0
68.0
68.0
140.0
119.0
139.0
11.0
86.0
86.0
86.0
86.0
86.0
108.0
74.0
60.0
68.0
67.0
67.0
67.0
66.0
67.0
67.0
119.0
119.0
54.0
67.0
14.0
67.0
66.0
66.0
67.0
67.0
67.0
54.0
67.0
67.0
66.0
67.0
67.0
61.0
119.0
119.0
67.0
54.0
67.0
67.0
14.0
66.0
55.0
66.0
67.0
54.0
66.0
55.0
67.0
67.0
68.0
54.0
68.0
70.0
67.0
67.0
67.0
55.0
54.0
67.0
14.0
67.0
67.0
67.0
67.0
67.0
67.0
67.0
55.0
54.0
67.0
66.0
66.0
67.0
66.0
66.0
67.0
66.0
55.0
54.0
12.0
66.0
66.0
66.0
65.0
66.0
91.0
65.0
54.0
92.0
66.0
66.0
55.0
66.0
66.0
66.0
66.0
66.0
66.0
60.0
12.0
57.0
58.0
67.0
67.0
67.0
67.0
67.0
67.0
66.0
59.0
57.0
58.0
71.0
66.0
66.0
66.0
66.0
65.0
58.0
12.0
65.0
82.0
56.0
78.0
64.0
64.0
64.0
64.0
64.0
58.0
58.0
65.0
60.0
63.0
59.0
63.0
64.0
63.0
64.0
12.0
59.0
59.0
64.0
59.0
59.0
64.0
63.0
66.0
63.0
62.0
59.0
59.0
63.0
86.0
60.0
61.0
82.0
82.0
82.0
19.0
80.0
80.0
126.0
83.0
82.0
82.0
124.0
63.0
63.0
63.0
61.0
60.0
62.0
55.0
62.0
61.0
61.0
61.0
69.0
22.0
14.0
12.0
13.0
21.0
13.0
12.0
13.0
20.0
19.0
69.0
81.0
81.0
81.0
81.0
81.0
129.0
129.0
130.0
19.0
132.0
57.0
66.0
66.0
66.0
66.0
65.0
53.0
83.0
20.0
88.0
66.0
66.0
66.0
66.0
66.0
116.0
116.0
53.0
11.0
66.0
66.0
66.0
66.0
54.0
66.0
66.0
53.0
54.0
13.0
67.0
65.0
66.0
66.0
66.0
53.0
66.0
65.0
65.0
10.0
54.0
54.0
64.0
66.0
65.0
66.0
65.0
65.0
65.0
12.0
66.0
58.0
58.0
57.0
66.0
66.0
65.0
65.0
66.0
12.0
66.0
66.0
57.0
57.0
57.0
66.0
65.0
65.0
65.0
11.0
66.0
66.0
67.0
57.0
58.0
57.0
65.0
65.0
65.0
12.0
66.0
67.0
57.0
57.0
65.0
66.0
56.0
125.0
128.0
12.0
128.0
123.0
128.0
124.0
128.0
129.0
122.0
127.0
59.0
11.0
59.0
59.0
64.0
63.0
63.0
64.0
59.0
63.0
63.0
11.0
60.0
60.0
59.0
64.0
63.0
64.0
59.0
64.0
63.0
11.0
64.0
61.0
61.0
61.0
63.0
63.0
60.0
62.0
61.0
11.0
62.0
61.0
62.0
62.0
62.0
61.0
61.0
61.0
61.0
11.0
62.0
62.0
63.0
61.0
61.0
61.0
61.0
62.0
62.0
12.0
62.0
61.0
62.0
62.0
61.0
61.0
60.0
61.0
61.0
11.0
62.0
62.0
61.0
62.0
62.0
61.0
61.0
61.0
60.0
11.0
61.0
61.0
61.0
61.0
61.0
61.0
61.0
60.0
60.0
11.0
10.0
11.0
10.0
10.0
11.0
11.0
10.0
10.0
10.0
10.0
60.0
60.0
59.0
60.0
59.0
60.0
59.0
59.0
10.0
9.0
61.0
60.0
61.0
61.0
60.0
60.0
59.0
59.0
10.0
9.0
60.0
61.0
60.0
59.0
60.0
59.0
59.0
59.0
10.0
10.0
60.0
60.0
60.0
60.0
60.0
60.0
60.0
60.0
10.0
10.0
60.0
59.0
59.0
59.0
60.0
60.0
59.0
59.0
9.0
9.0
60.0
60.0
60.0
59.0
60.0
60.0
59.0
59.0
10.0
10.0
60.0
60.0
60.0
61.0
60.0
60.0
59.0
59.0
10.0
10.0
61.0
60.0
60.0
60.0
60.0
59.0
59.0
59.0
9.0
10.0
60.0
59.0
61.0
60.0
60.0
60.0
60.0
60.0
10.0
10.0
60.0
60.0
61.0
60.0
79.0
81.0
80.0
80.0
10.0
10.0
81.0
82.0
82.0
82.0
81.0
81.0
60.0
60.0
10.0
10.0
60.0
61.0
60.0
60.0
60.0
60.0
59.0
60.0
10.0
10.0
60.0
60.0
60.0
60.0
60.0
60.0
59.0
59.0
9.0
9.0
60.0
60.0
60.0
60.0
60.0
59.0
59.0
59.0
10.0
9.0
60.0
60.0
60.0
60.0
60.0
60.0
59.0
59.0
10.0
10.0
60.0
60.0
60.0
60.0
60.0
60.0
59.0
59.0
10.0
10.0
59.0
60.0
60.0
61.0
60.0
60.0
60.0
59.0
10.0
10.0
60.0
60.0
59.0
60.0
60.0
60.0
59.0
59.0
10.0
10.0
59.0
60.0
60.0
60.0
59.0
59.0
59.0
59.0
9.0
9.0
11.0
11.0
11.0
10.0
10.0
11.0
10.0
10.0
10.0
9.0
60.0
60.0
60.0
60.0
60.0
60.0
59.0
59.0
9.0
9.0
61.0
60.0
60.0
60.0
59.0
59.0
59.0
59.0
10.0
9.0
60.0
60.0
60.0
61.0
60.0
60.0
59.0
59.0
10.0
10.0
60.0
60.0
60.0
61.0
60.0
61.0
59.0
59.0
9.0
10.0
60.0
60.0
62.0
62.0
61.0
61.0
59.0
60.0
10.0
10.0
63.0
62.0
63.0
64.0
64.0
68.0
63.0
62.0
9.0
9.0
72.0
71.0
69.0
67.0
68.0
69.0
64.0
63.0
10.0
10.0
64.0
64.0
63.0
65.0
64.0
64.0
64.0
63.0
10.0
11.0
64.0
64.0
63.0
64.0
63.0
65.0
63.0
63.0
10.0
10.0
64.0
65.0
65.0
65.0
63.0
66.0
74.0
76.0
10.0
10.0
76.0
75.0
77.0
77.0
77.0
76.0
75.0
75.0
11.0
11.0
65.0
64.0
64.0
64.0
65.0
63.0
62.0
63.0
11.0
10.0
62.0
63.0
65.0
64.0
65.0
65.0
64.0
62.0
10.0
11.0
62.0
64.0
63.0
63.0
64.0
63.0
63.0
63.0
11.0
10.0
63.0
65.0
63.0
63.0
64.0
64.0
62.0
63.0
10.0
10.0
62.0
62.0
62.0
62.0
62.0
62.0
61.0
61.0
9.0
10.0
61.0
63.0
60.0
60.0
62.0
62.0
59.0
58.0
10.0
10.0
62.0
62.0
60.0
62.0
60.0
60.0
59.0
59.0
10.0
10.0
62.0
61.0
62.0
61.0
60.0
62.0
59.0
59.0
9.0
10.0
10.0
11.0
11.0
11.0
11.0
10.0
10.0
9.0
10.0
10.0
62.0
60.0
62.0
60.0
61.0
62.0
59.0
59.0
10.0
10.0
59.0
63.0
60.0
62.0
60.0
62.0
61.0
62.0
10.0
10.0
60.0
59.0
59.0
63.0
60.0
60.0
62.0
61.0
10.0
10.0
62.0
62.0
60.0
60.0
60.0
62.0
59.0
59.0
10.0
10.0
63.0
62.0
61.0
62.0
60.0
60.0
59.0
62.0
10.0
9.0
60.0
60.0
62.0
62.0
62.0
62.0
59.0
60.0
9.0
10.0
62.0
60.0
60.0
60.0
62.0
62.0
61.0
59.0
10.0
9.0
62.0
60.0
62.0
60.0
60.0
61.0
62.0
62.0
10.0
10.0
60.0
62.0
62.0
60.0
62.0
59.0
59.0
58.0
10.0
10.0
62.0
60.0
62.0
62.0
62.0
61.0
59.0
62.0
10.0
10.0
80.0
80.0
81.0
83.0
83.0
82.0
81.0
80.0
10.0
10.0
81.0
83.0
62.0
62.0
61.0
61.0
62.0
61.0
10.0
9.0
62.0
60.0
59.0
61.0
60.0
61.0
59.0
62.0
9.0
9.0
62.0
62.0
60.0
61.0
59.0
63.0
59.0
59.0
10.0
10.0
59.0
62.0
62.0
61.0
59.0
62.0
59.0
61.0
10.0
9.0
60.0
61.0
59.0
61.0
63.0
63.0
63.0
62.0
10.0
9.0
63.0
60.0
60.0
59.0
59.0
60.0
61.0
61.0
10.0
10.0
62.0
62.0
62.0
60.0
61.0
62.0
59.0
59.0
11.0
11.0
62.0
62.0
62.0
62.0
63.0
60.0
58.0
59.0
9.0
10.0
11.0
10.0
10.0
11.0
12.0
12.0
10.0
10.0
10.0
10.0
60.0
63.0
62.0
62.0
60.0
60.0
62.0
60.0
10.0
10.0
63.0
60.0
60.0
60.0
60.0
62.0
62.0
62.0
10.0
10.0
179.0
176.0
176.0
177.0
176.0
177.0
175.0
176.0
128.0
127.0
60.0
60.0
61.0
61.0
60.0
61.0
60.0
60.0
10.0
10.0
61.0
61.0
61.0
60.0
61.0
61.0
60.0
60.0
10.0
10.0
59.0
60.0
60.0
60.0
61.0
60.0
59.0
59.0
10.0
9.0
60.0
61.0
60.0
60.0
60.0
61.0
61.0
60.0
9.0
9.0
61.0
61.0
60.0
60.0
60.0
60.0
59.0
59.0
10.0
10.0
60.0
60.0
60.0
61.0
60.0
61.0
60.0
59.0
10.0
10.0
59.0
60.0
60.0
60.0
60.0
59.0
59.0
59.0
10.0
10.0
60.0
61.0
61.0
61.0
61.0
60.0
60.0
59.0
9.0
9.0
61.0
61.0
60.0
60.0
60.0
60.0
58.0
59.0
10.0
10.0
59.0
60.0
59.0
61.0
60.0
60.0
60.0
60.0
9.0
9.0
61.0
61.0
61.0
60.0
60.0
60.0
59.0
59.0
10.0
10.0
60.0
60.0
61.0
61.0
61.0
61.0
60.0
60.0
10.0
10.0
60.0
60.0
60.0
59.0
60.0
60.0
59.0
59.0
9.0
9.0
60.0
60.0
60.0
61.0
60.0
60.0
59.0
59.0
10.0
9.0
60.0
60.0
61.0
60.0
60.0
59.0
59.0
59.0
10.0
10.0
60.0
60.0
60.0
60.0
61.0
61.0
59.0
59.0
9.0
10.0
11.0
10.0
10.0
11.0
10.0
9.0
9.0
10.0
9.0
9.0
59.0
58.0
59.0
59.0
59.0
58.0
59.0
10.0
9.0
10.0
59.0
59.0
60.0
60.0
60.0
59.0
59.0
10.0
10.0
9.0
59.0
59.0
60.0
59.0
59.0
59.0
80.0
10.0
10.0
10.0
80.0
80.0
80.0
80.0
80.0
81.0
81.0
10.0
10.0
9.0
82.0
81.0
61.0
60.0
61.0
61.0
59.0
10.0
9.0
10.0
59.0
58.0
59.0
59.0
59.0
59.0
60.0
9.0
9.0
10.0
60.0
59.0
59.0
59.0
58.0
59.0
60.0
11.0
9.0
10.0
59.0
59.0
58.0
58.0
59.0
59.0
59.0
9.0
10.0
10.0
59.0
60.0
59.0
59.0
59.0
60.0
59.0
9.0
9.0
9.0
59.0
60.0
61.0
59.0
58.0
60.0
60.0
10.0
9.0
10.0
59.0
59.0
60.0
59.0
59.0
59.0
59.0
10.0
10.0
9.0
59.0
60.0
59.0
59.0
60.0
59.0
59.0
10.0
9.0
10.0
58.0
59.0
58.0
60.0
60.0
60.0
59.0
9.0
10.0
10.0
59.0
59.0
59.0
59.0
59.0
60.0
60.0
10.0
9.0
9.0
59.0
59.0
60.0
59.0
59.0
59.0
59.0
10.0
9.0
9.0
59.0
59.0
60.0
59.0
60.0
59.0
60.0
9.0
10.0
10.0
59.0
59.0
60.0
59.0
59.0
59.0
59.0
9.0
10.0
10.0
59.0
59.0
60.0
58.0
59.0
59.0
59.0
9.0
9.0
10.0
60.0
60.0
60.0
60.0
59.0
59.0
59.0
10.0
10.0
10.0
11.0
11.0
10.0
10.0
10.0
11.0
10.0
10.0
10.0
10.0
61.0
60.0
61.0
60.0
59.0
60.0
59.0
59.0
10.0
10.0
60.0
59.0
60.0
60.0
60.0
60.0
60.0
60.0
10.0
9.0
60.0
59.0
60.0
60.0
61.0
61.0
59.0
59.0
9.0
10.0
61.0
60.0
60.0
62.0
60.0
60.0
60.0
59.0
10.0
10.0
61.0
61.0
60.0
60.0
60.0
60.0
59.0
59.0
9.0
9.0
61.0
61.0
60.0
60.0
60.0
60.0
59.0
79.0
10.0
10.0
81.0
81.0
83.0
83.0
82.0
82.0
82.0
81.0
10.0
11.0
61.0
61.0
60.0
60.0
60.0
60.0
60.0
59.0
10.0
9.0
59.0
60.0
59.0
60.0
62.0
60.0
60.0
60.0
9.0
9.0
61.0
61.0
60.0
60.0
60.0
60.0
58.0
59.0
10.0
10.0
61.0
61.0
61.0
60.0
60.0
60.0
59.0
59.0
10.0
9.0
60.0
60.0
60.0
60.0
60.0
60.0
60.0
59.0
9.0
9.0
60.0
60.0
60.0
59.0
61.0
60.0
59.0
60.0
10.0
10.0
60.0
60.0
61.0
61.0
60.0
61.0
59.0
59.0
10.0
9.0
60.0
60.0
60.0
60.0
60.0
60.0
59.0
60.0
10.0
10.0
61.0
61.0
60.0
60.0
60.0
61.0
59.0
58.0
10.0
9.0
60.0
60.0
61.0
60.0
61.0
60.0
59.0
60.0
10.0
9.0
60.0
61.0
60.0
59.0
59.0
59.0
59.0
59.0
10.0
9.0
60.0
59.0
59.0
60.0
59.0
59.0
60.0
60.0
10.0
9.0
10.0
10.0
10.0
9.0
10.0
9.0
9.0
9.0
9.0
10.0
60.0
59.0
59.0
59.0
59.0
60.0
60.0
10.0
9.0
10.0
59.0
59.0
59.0
60.0
60.0
59.0
59.0
10.0
9.0
10.0
59.0
60.0
59.0
60.0
59.0
59.0
60.0
10.0
10.0
10.0
59.0
58.0
59.0
59.0
59.0
59.0
59.0
9.0
9.0
10.0
59.0
59.0
59.0
59.0
59.0
60.0
59.0
9.0
10.0
9.0
59.0
58.0
59.0
59.0
59.0
59.0
59.0
10.0
9.0
9.0
59.0
61.0
60.0
59.0
59.0
59.0
60.0
9.0
10.0
10.0
79.0
80.0
80.0
79.0
80.0
80.0
81.0
9.0
9.0
9.0
81.0
80.0
81.0
61.0
61.0
61.0
61.0
10.0
9.0
10.0
59.0
60.0
59.0
59.0
60.0
60.0
59.0
9.0
9.0
9.0
59.0
59.0
59.0
59.0
58.0
59.0
60.0
9.0
9.0
10.0
59.0
60.0
59.0
60.0
60.0
58.0
59.0
10.0
10.0
9.0
59.0
59.0
58.0
58.0
58.0
60.0
59.0
9.0
10.0
9.0
60.0
59.0
61.0
59.0
60.0
59.0
59.0
10.0
9.0
9.0
60.0
59.0
59.0
58.0
59.0
58.0
59.0
10.0
10.0
9.0
59.0
59.0
59.0
60.0
59.0
60.0
58.0
10.0
10.0
9.0
59.0
59.0
60.0
59.0
58.0
59.0
221.0
9.0
10.0
10.0
220.0
222.0
222.0
222.0
221.0
222.0
223.0
10.0
170.0
172.0
62.0
62.0
59.0
59.0
59.0
62.0
63.0
10.0
11.0
10.0
10.0
10.0
10.0
10.0
11.0
11.0
10.0
10.0
9.0
9.0
62.0
62.0
63.0
59.0
59.0
59.0
59.0
59.0
10.0
10.0
62.0
62.0
61.0
60.0
62.0
60.0
59.0
61.0
10.0
10.0
59.0
58.0
61.0
61.0
59.0
61.0
59.0
61.0
9.0
10.0
60.0
60.0
59.0
60.0
60.0
60.0
58.0
59.0
9.0
9.0
59.0
58.0
58.0
59.0
59.0
59.0
59.0
60.0
9.0
9.0
60.0
60.0
59.0
60.0
60.0
61.0
61.0
60.0
11.0
10.0
60.0
60.0
59.0
59.0
59.0
60.0
60.0
60.0
10.0
10.0
59.0
60.0
59.0
59.0
59.0
59.0
59.0
58.0
10.0
10.0
59.0
59.0
59.0
59.0
59.0
59.0
59.0
60.0
10.0
10.0
59.0
58.0
59.0
59.0
60.0
60.0
60.0
60.0
9.0
10.0
59.0
59.0
59.0
58.0
58.0
60.0
59.0
59.0
10.0
9.0
59.0
60.0
59.0
59.0
59.0
58.0
60.0
59.0
9.0
10.0
59.0
60.0
59.0
59.0
59.0
59.0
59.0
59.0
10.0
10.0
60.0
59.0
59.0
59.0
59.0
59.0
60.0
59.0
10.0
10.0
60.0
59.0
59.0
59.0
59.0
59.0
59.0
59.0
10.0
10.0
59.0
60.0
60.0
61.0
59.0
60.0
60.0
59.0
10.0
10.0
59.0
59.0
59.0
59.0
58.0
59.0
59.0
59.0
10.0
10.0
58.0
59.0
60.0
59.0
60.0
59.0
59.0
60.0
9.0
10.0
80.0
79.0
79.0
80.0
80.0
81.0
81.0
81.0
30.0
30.0
10.0
10.0
10.0
11.0
10.0
10.0
10.0
10.0
10.0
10.0
60.0
60.0
60.0
59.0
60.0
59.0
10.0
9.0
9.0
10.0
60.0
59.0
59.0
59.0
59.0
58.0
10.0
10.0
10.0
9.0
59.0
59.0
59.0
59.0
59.0
59.0
10.0
10.0
9.0
9.0
60.0
61.0
60.0
60.0
59.0
59.0
10.0
10.0
9.0
9.0
59.0
59.0
59.0
58.0
58.0
58.0
10.0
10.0
10.0
10.0
60.0
59.0
59.0
59.0
59.0
60.0
10.0
9.0
9.0
9.0
60.0
60.0
60.0
59.0
59.0
59.0
9.0
10.0
9.0
9.0
58.0
59.0
59.0
59.0
59.0
59.0
10.0
9.0
9.0
9.0
61.0
60.0
60.0
59.0
59.0
60.0
10.0
10.0
10.0
9.0
59.0
59.0
59.0
59.0
58.0
58.0
10.0
9.0
9.0
10.0
59.0
59.0
59.0
58.0
58.0
58.0
10.0
10.0
9.0
9.0
58.0
58.0
59.0
59.0
59.0
59.0
10.0
10.0
9.0
9.0
59.0
60.0
60.0
59.0
58.0
59.0
9.0
10.0
9.0
9.0
59.0
60.0
59.0
59.0
59.0
59.0
9.0
9.0
10.0
10.0
59.0
59.0
59.0
59.0
60.0
59.0
9.0
9.0
9.0
9.0
60.0
58.0
59.0
59.0
58.0
58.0
9.0
9.0
10.0
9.0
58.0
58.0
58.0
59.0
58.0
59.0
10.0
10.0
9.0
9.0
59.0
59.0
59.0
59.0
58.0
59.0
10.0
9.0
9.0
10.0
59.0
57.0
59.0
56.0
57.0
57.0
10.0
9.0
9.0
10.0
