10.0
6.0
6.0
6.0
6.0
7.0
7.0
6.0
8.0
8.0
10.0
91.0
155.0
155.0
90.0
90.0
91.0
91.0
156.0
155.0
90.0
90.0
90.0
91.0
86.0
8067.0
8267.0
8187.0
11.0
154.0
85.0
93.0
93.0
93.0
76.0
88.0
89.0
89.0
89.0
75.0
89.0
88.0
88.0
3734.0
8020.0
8114.0
8113.0
8113.0
6.0
100.0
90.0
87.0
85.0
84.0
85.0
85.0
85.0
129.0
129.0
84.0
84.0
84.0
85.0
3650.0
8128.0
8122.0
7.0
85.0
131.0
130.0
130.0
118.0
118.0
117.0
118.0
118.0
119.0
85.0
85.0
84.0
84.0
3687.0
8055.0
8064.0
8042.0
8044.0
6.0
84.0
84.0
84.0
84.0
83.0
84.0
84.0
84.0
84.0
84.0
91.0
85.0
84.0
84.0
3682.0
8030.0
8081.0
8100.0
7.0
85.0
86.0
85.0
85.0
85.0
85.0
85.0
85.0
85.0
85.0
85.0
85.0
84.0
85.0
3676.0
8171.0
8172.0
8158.0
8142.0
6.0
85.0
91.0
85.0
85.0
85.0
85.0
84.0
85.0
85.0
85.0
84.0
85.0
84.0
91.0
3717.0
8135.0
8303.0
8206.0
5.0
84.0
84.0
84.0
84.0
84.0
84.0
84.0
85.0
84.0
84.0
84.0
93.0
85.0
84.0
3708.0
8156.0
8141.0
8111.0
8110.0
5.0
83.0
84.0
84.0
84.0
84.0
84.0
90.0
84.0
84.0
84.0
84.0
84.0
84.0
84.0
3719.0
8180.0
7897.0
8035.0
8087.0
5.0
84.0
83.0
84.0
84.0
84.0
84.0
84.0
83.0
83.0
84.0
84.0
84.0
90.0
90.0
3697.0
7928.0
7511.0
7475.0
7581.0
8.0
155.0
154.0
154.0
90.0
90.0
90.0
154.0
153.0
153.0
90.0
81.0
90.0
93.0
90.0
8303.0
8182.0
8182.0
12.0
112.0
77.0
90.0
90.0
90.0
77.0
89.0
91.0
89.0
90.0
76.0
89.0
90.0
90.0
3623.0
8182.0
8134.0
8071.0
8127.0
7.0
86.0
86.0
86.0
86.0
85.0
86.0
85.0
87.0
125.0
126.0
87.0
87.0
86.0
86.0
3647.0
8269.0
8263.0
8.0
87.0
92.0
86.0
115.0
116.0
117.0
116.0
117.0
114.0
86.0
85.0
85.0
85.0
86.0
3713.0
8128.0
8179.0
8155.0
8165.0
7.0
85.0
85.0
86.0
85.0
86.0
86.0
85.0
85.0
85.0
92.0
89.0
88.0
88.0
87.0
3781.0
8097.0
8104.0
8118.0
7.0
85.0
85.0
86.0
86.0
85.0
85.0
86.0
86.0
86.0
86.0
86.0
85.0
85.0
85.0
3688.0
8102.0
8099.0
8099.0
8100.0
6.0
92.0
85.0
84.0
84.0
85.0
84.0
84.0
85.0
84.0
84.0
85.0
85.0
91.0
85.0
3671.0
8207.0
8172.0
8140.0
7.0
85.0
85.0
85.0
85.0
85.0
84.0
85.0
84.0
85.0
85.0
84.0
92.0
85.0
85.0
3719.0
8173.0
8138.0
8107.0
8111.0
6.0
85.0
85.0
84.0
85.0
85.0
85.0
90.0
84.0
85.0
86.0
85.0
85.0
85.0
84.0
3750.0
8114.0
8077.0
8061.0
8117.0
6.0
6.0
6.0
6.0
6.0
6.0
6.0
6.0
6.0
6.0
5.0
5.0
6.0
5.0
6.0
6.0
4376.0
4372.0
4439.0
4424.0
6.0
85.0
84.0
87.0
88.0
83.0
84.0
84.0
84.0
84.0
84.0
84.0
85.0
85.0
84.0
3784.0
8122.0
8118.0
8124.0
6.0
84.0
86.0
85.0
85.0
84.0
85.0
85.0
85.0
85.0
84.0
84.0
86.0
85.0
86.0
3721.0
8120.0
8112.0
8166.0
8091.0
6.0
85.0
84.0
85.0
84.0
84.0
84.0
85.0
84.0
84.0
85.0
90.0
85.0
84.0
84.0
3697.0
8131.0
8145.0
8131.0
6.0
86.0
86.0
84.0
84.0
84.0
85.0
84.0
130.0
131.0
85.0
84.0
84.0
85.0
84.0
3730.0
8121.0
8085.0
8087.0
8140.0
5.0
84.0
84.0
84.0
84.0
84.0
84.0
96.0
84.0
84.0
84.0
84.0
84.0
84.0
84.0
3772.0
8106.0
8297.0
8173.0
8170.0
5.0
84.0
83.0
84.0
83.0
127.0
127.0
84.0
83.0
84.0
84.0
84.0
84.0
84.0
83.0
3750.0
8179.0
8175.0
8180.0
8178.0
4.0
84.0
85.0
83.0
85.0
101.0
85.0
84.0
83.0
84.0
83.0
84.0
83.0
84.0
175.0
3696.0
8106.0
8109.0
8105.0
8128.0
5.0
84.0
168.0
83.0
84.0
84.0
84.0
83.0
83.0
84.0
84.0
83.0
83.0
83.0
84.0
3680.0
8122.0
8082.0
8082.0
8103.0
4.0
84.0
96.0
84.0
83.0
84.0
83.0
83.0
83.0
83.0
84.0
130.0
84.0
83.0
83.0
3672.0
8087.0
8089.0
8085.0
8160.0
5.0
5.0
5.0
4.0
5.0
5.0
4.0
5.0
5.0
5.0
4.0
5.0
5.0
4.0
5.0
5.0
4427.0
4407.0
4410.0
4397.0
6.0
83.0
83.0
84.0
83.0
84.0
84.0
83.0
95.0
84.0
83.0
83.0
84.0
83.0
84.0
3720.0
8143.0
8095.0
8139.0
5.0
112.0
84.0
83.0
84.0
83.0
83.0
84.0
84.0
84.0
84.0
85.0
84.0
85.0
83.0
3711.0
8149.0
8145.0
8118.0
8117.0
5.0
84.0
84.0
84.0
84.0
84.0
83.0
127.0
84.0
84.0
84.0
84.0
84.0
84.0
85.0
3687.0
8137.0
8203.0
8147.0
8120.0
5.0
84.0
84.0
83.0
83.0
84.0
84.0
84.0
84.0
84.0
84.0
84.0
83.0
84.0
84.0
3700.0
8127.0
8122.0
8123.0
8127.0
5.0
83.0
83.0
90.0
83.0
83.0
84.0
83.0
83.0
84.0
83.0
83.0
127.0
84.0
83.0
3656.0
8162.0
8073.0
8095.0
5.0
90.0
83.0
83.0
86.0
91.0
85.0
85.0
84.0
85.0
84.0
85.0
85.0
84.0
85.0
3725.0
8121.0
8056.0
8071.0
8076.0
4.0
83.0
83.0
84.0
83.0
83.0
83.0
90.0
83.0
83.0
84.0
83.0
83.0
83.0
84.0
3680.0
8114.0
8154.0
8152.0
5.0
83.0
83.0
83.0
83.0
83.0
83.0
83.0
83.0
83.0
90.0
91.0
83.0
83.0
83.0
3703.0
8109.0
8163.0
8158.0
8191.0
5.0
83.0
91.0
83.0
84.0
83.0
85.0
84.0
83.0
83.0
83.0
126.0
83.0
83.0
83.0
3729.0
8164.0
8114.0
8106.0
8175.0
4.0
5.0
4.0
5.0
4.0
4.0
5.0
4.0
4.0
4.0
4.0
4.0
4.0
5.0
4.0
4.0
4477.0
4434.0
4368.0
4381.0
5.0
84.0
96.0
83.0
84.0
84.0
84.0
84.0
84.0
84.0
83.0
83.0
84.0
84.0
84.0
3713.0
8129.0
8087.0
8082.0
5.0
91.0
84.0
83.0
83.0
84.0
84.0
83.0
83.0
83.0
84.0
84.0
84.0
83.0
83.0
3729.0
8124.0
8152.0
8142.0
8145.0
5.0
84.0
83.0
84.0
83.0
84.0
125.0
84.0
84.0
83.0
83.0
84.0
84.0
83.0
83.0
3708.0
8145.0
8174.0
8122.0
5.0
85.0
83.0
83.0
84.0
84.0
83.0
84.0
83.0
83.0
85.0
84.0
83.0
84.0
84.0
3731.0
8175.0
8096.0
8122.0
8145.0
5.0
83.0
84.0
84.0
83.0
127.0
84.0
83.0
95.0
85.0
84.0
84.0
83.0
84.0
84.0
3701.0
8090.0
8084.0
8089.0
8181.0
4.0
83.0
83.0
84.0
83.0
83.0
84.0
84.0
83.0
83.0
83.0
84.0
83.0
83.0
83.0
3686.0
8129.0
8126.0
8197.0
8169.0
4.0
84.0
83.0
83.0
83.0
83.0
83.0
84.0
82.0
83.0
83.0
83.0
89.0
83.0
83.0
3890.0
8234.0
8126.0
8290.0
8184.0
4.0
83.0
83.0
83.0
84.0
82.0
83.0
82.0
83.0
83.0
84.0
83.0
83.0
82.0
84.0
3799.0
8290.0
8163.0
8198.0
8125.0
5.0
86.0
87.0
85.0
85.0
85.0
83.0
83.0
83.0
83.0
84.0
88.0
84.0
83.0
83.0
3752.0
8127.0
8085.0
8115.0
8147.0
5.0
4.0
5.0
4.0
4.0
5.0
4.0
5.0
4.0
5.0
4.0
5.0
4.0
5.0
5.0
5.0
4407.0
4361.0
4403.0
4400.0
4.0
83.0
84.0
83.0
83.0
83.0
83.0
82.0
126.0
83.0
84.0
83.0
84.0
83.0
83.0
3745.0
8156.0
8140.0
8154.0
4.0
83.0
83.0
84.0
83.0
83.0
84.0
84.0
83.0
83.0
138.0
140.0
139.0
83.0
84.0
3691.0
8059.0
8195.0
8146.0
8069.0
4.0
83.0
83.0
82.0
82.0
83.0
83.0
83.0
84.0
83.0
83.0
91.0
83.0
83.0
84.0
3675.0
8147.0
8080.0
8108.0
8076.0
4.0
83.0
83.0
83.0
83.0
83.0
83.0
83.0
83.0
83.0
83.0
83.0
83.0
83.0
120.0
3705.0
8044.0
8040.0
8108.0
8082.0
4.0
83.0
83.0
82.0
83.0
83.0
99.0
83.0
82.0
82.0
82.0
83.0
83.0
83.0
83.0
3672.0
8174.0
8136.0
8150.0
4.0
83.0
83.0
90.0
83.0
83.0
82.0
83.0
83.0
83.0
83.0
83.0
83.0
83.0
83.0
3686.0
8178.0
8143.0
8257.0
8111.0
4.0
83.0
83.0
83.0
83.0
83.0
83.0
83.0
83.0
83.0
83.0
83.0
90.0
83.0
83.0
3762.0
8272.0
8483.0
8194.0
8192.0
4.0
83.0
83.0
83.0
116.0
83.0
82.0
83.0
83.0
83.0
83.0
82.0
83.0
82.0
83.0
3756.0
8206.0
8165.0
8223.0
8147.0
5.0
48.0
48.0
48.0
48.0
48.0
48.0
48.0
48.0
48.0
48.0
91.0
48.0
48.0
48.0
3687.0
8094.0
8145.0
8095.0
8080.0
4.0
4.0
4.0
4.0
4.0
5.0
4.0
4.0
4.0
5.0
4.0
4.0
4.0
4.0
4.0
4.0
4379.0
4391.0
4405.0
4527.0
5.0
85.0
84.0
85.0
84.0
84.0
85.0
84.0
84.0
97.0
98.0
84.0
84.0
84.0
84.0
3776.0
8182.0
8174.0
8168.0
6.0
84.0
84.0
85.0
85.0
84.0
84.0
85.0
84.0
84.0
85.0
85.0
84.0
133.0
134.0
3739.0
8165.0
8139.0
8134.0
8136.0
7.0
84.0
87.0
94.0
85.0
84.0
85.0
84.0
84.0
84.0
84.0
84.0
84.0
84.0
85.0
3755.0
8137.0
8197.0
8117.0
6.0
84.0
84.0
85.0
85.0
84.0
84.0
84.0
93.0
92.0
84.0
84.0
85.0
84.0
84.0
3705.0
8283.0
8266.0
8233.0
8229.0
5.0
84.0
84.0
84.0
84.0
84.0
84.0
84.0
84.0
84.0
84.0
84.0
91.0
84.0
84.0
3747.0
8146.0
8239.0
8223.0
8190.0
5.0
84.0
84.0
83.0
83.0
84.0
84.0
83.0
83.0
83.0
83.0
84.0
135.0
136.0
84.0
3720.0
8150.0
8209.0
8127.0
8147.0
4.0
84.0
83.0
83.0
83.0
83.0
83.0
84.0
83.0
83.0
83.0
83.0
90.0
83.0
83.0
3725.0
8222.0
8214.0
8180.0
8134.0
5.0
84.0
83.0
83.0
83.0
84.0
83.0
83.0
83.0
83.0
84.0
84.0
131.0
131.0
84.0
3752.0
8153.0
8229.0
8210.0
8168.0
5.0
83.0
84.0
83.0
84.0
83.0
132.0
83.0
84.0
83.0
83.0
83.0
83.0
83.0
84.0
3724.0
8175.0
8165.0
8171.0
8134.0
4.0
4.0
5.0
5.0
4.0
5.0
5.0
4.0
5.0
5.0
4.0
5.0
5.0
5.0
4.0
4.0
4425.0
4424.0
4434.0
4412.0
6.0
90.0
85.0
84.0
84.0
84.0
84.0
84.0
84.0
84.0
84.0
84.0
84.0
83.0
95.0
3726.0
8073.0
8095.0
8093.0
5.0
84.0
84.0
84.0
135.0
135.0
84.0
84.0
83.0
83.0
83.0
84.0
84.0
83.0
83.0
3691.0
8087.0
8073.0
8087.0
8093.0
5.0
84.0
85.0
84.0
83.0
84.0
97.0
84.0
84.0
83.0
83.0
84.0
84.0
83.0
83.0
3684.0
8065.0
8104.0
8049.0
8242.0
5.0
84.0
84.0
83.0
84.0
85.0
85.0
125.0
125.0
84.0
84.0
84.0
83.0
83.0
85.0
3678.0
8094.0
8105.0
8085.0
8265.0
5.0
90.0
83.0
83.0
84.0
83.0
84.0
83.0
84.0
83.0
83.0
83.0
83.0
90.0
83.0
3939.0
8072.0
8094.0
8201.0
8136.0
5.0
83.0
83.0
84.0
83.0
83.0
84.0
165.0
83.0
83.0
84.0
84.0
83.0
83.0
83.0
3674.0
8110.0
8127.0
8145.0
8158.0
5.0
84.0
84.0
83.0
83.0
83.0
83.0
83.0
90.0
83.0
83.0
83.0
83.0
83.0
83.0
3739.0
8103.0
8110.0
8074.0
8119.0
4.0
83.0
83.0
83.0
84.0
83.0
84.0
83.0
83.0
83.0
138.0
139.0
83.0
83.0
83.0
3676.0
8087.0
8108.0
8051.0
8099.0
5.0
83.0
83.0
83.0
90.0
83.0
83.0
84.0
83.0
83.0
83.0
83.0
83.0
83.0
83.0
3701.0
8196.0
8131.0
8135.0
8153.0
5.0
4.0
5.0
4.0
5.0
4.0
4.0
5.0
4.0
5.0
4.0
5.0
4.0
4.0
4.0
4.0
4446.0
4437.0
4450.0
4465.0
4.0
83.0
83.0
83.0
83.0
83.0
83.0
124.0
83.0
83.0
83.0
83.0
83.0
83.0
83.0
3717.0
8104.0
8181.0
8142.0
5.0
83.0
83.0
138.0
138.0
83.0
84.0
83.0
83.0
83.0
83.0
82.0
83.0
83.0
83.0
3728.0
8144.0
8092.0
8095.0
8103.0
4.0
84.0
83.0
83.0
83.0
83.0
83.0
83.0
83.0
83.0
83.0
83.0
84.0
123.0
83.0
3690.0
8068.0
8093.0
8181.0
5.0
84.0
83.0
83.0
83.0
83.0
83.0
83.0
83.0
83.0
83.0
84.0
83.0
83.0
83.0
3693.0
8085.0
8107.0
8089.0
8057.0
4.0
83.0
83.0
83.0
83.0
83.0
83.0
83.0
82.0
82.0
83.0
90.0
83.0
83.0
83.0
3692.0
8101.0
8085.0
8195.0
8134.0
4.0
83.0
82.0
133.0
83.0
83.0
82.0
83.0
82.0
83.0
83.0
83.0
82.0
83.0
83.0
3696.0
8110.0
8181.0
8176.0
8182.0
5.0
83.0
83.0
83.0
84.0
85.0
83.0
96.0
90.0
85.0
85.0
84.0
85.0
84.0
85.0
3727.0
8126.0
8096.0
8059.0
8108.0
4.0
83.0
82.0
83.0
83.0
124.0
124.0
82.0
83.0
83.0
83.0
82.0
83.0
82.0
83.0
3721.0
8088.0
8030.0
8031.0
8148.0
4.0
22.0
22.0
21.0
21.0
22.0
21.0
22.0
22.0
21.0
22.0
22.0
21.0
22.0
27.0
3620.0
8139.0
8119.0
8128.0
8121.0
4.0
4.0
4.0
4.0
4.0
4.0
4.0
4.0
4.0
4.0
4.0
4.0
5.0
4.0
4.0
4.0
4495.0
4488.0
4507.0
4540.0
4.0
83.0
83.0
83.0
83.0
83.0
82.0
94.0
83.0
83.0
83.0
140.0
84.0
85.0
83.0
3694.0
8218.0
8080.0
8076.0
4.0
83.0
83.0
82.0
83.0
83.0
82.0
83.0
83.0
82.0
83.0
82.0
82.0
83.0
82.0
3669.0
8119.0
8126.0
8154.0
8144.0
4.0
82.0
91.0
83.0
83.0
82.0
83.0
82.0
82.0
83.0
82.0
124.0
83.0
83.0
83.0
3708.0
8110.0
8167.0
8148.0
8166.0
4.0
83.0
82.0
88.0
88.0
83.0
82.0
82.0
83.0
82.0
82.0
87.0
83.0
84.0
84.0
3713.0
8139.0
8124.0
8232.0
8105.0
4.0
83.0
83.0
83.0
82.0
119.0
83.0
82.0
82.0
126.0
83.0
82.0
83.0
83.0
82.0
3739.0
8095.0
8106.0
8050.0
8114.0
4.0
83.0
82.0
82.0
83.0
82.0
83.0
83.0
82.0
83.0
82.0
82.0
89.0
89.0
83.0
3677.0
8091.0
8123.0
8107.0
8234.0
4.0
83.0
82.0
83.0
90.0
82.0
83.0
82.0
82.0
83.0
82.0
83.0
83.0
126.0
82.0
3745.0
8148.0
8130.0
8146.0
8080.0
4.0
82.0
83.0
83.0
83.0
82.0
83.0
83.0
82.0
82.0
102.0
102.0
83.0
83.0
82.0
3678.0
8034.0
8135.0
8078.0
8127.0
4.0
4.0
4.0
4.0
4.0
4.0
4.0
4.0
4.0
4.0
5.0
4.0
4.0
4.0
4.0
4.0
4421.0
4428.0
4451.0
4411.0
4.0
4.0
4.0
4.0
4.0
4.0
4.0
4.0
4.0
4.0
4.0
4.0
4.0
4.0
4.0
4.0
4445.0
4502.0
4445.0
4398.0
4.0
83.0
83.0
83.0
82.0
83.0
82.0
83.0
83.0
83.0
83.0
128.0
128.0
128.0
84.0
3675.0
8023.0
8042.0
8044.0
4.0
82.0
83.0
83.0
83.0
82.0
82.0
83.0
83.0
82.0
82.0
82.0
82.0
83.0
83.0
3673.0
8098.0
8020.0
8103.0
8142.0
4.0
82.0
83.0
83.0
89.0
83.0
82.0
83.0
82.0
82.0
83.0
82.0
83.0
83.0
82.0
3661.0
8096.0
8076.0
8127.0
8112.0
4.0
82.0
83.0
82.0
89.0
88.0
83.0
82.0
82.0
83.0
83.0
82.0
83.0
83.0
82.0
3679.0
8083.0
8130.0
8096.0
8079.0
4.0
83.0
82.0
82.0
83.0
83.0
83.0
82.0
82.0
83.0
89.0
82.0
83.0
83.0
82.0
3811.0
8094.0
8054.0
8060.0
8091.0
4.0
83.0
83.0
82.0
82.0
82.0
82.0
83.0
83.0
82.0
83.0
82.0
82.0
83.0
83.0
3687.0
8137.0
8131.0
8121.0
8127.0
4.0
83.0
83.0
82.0
83.0
82.0
82.0
89.0
83.0
83.0
82.0
83.0
83.0
82.0
82.0
3684.0
8193.0
8187.0
8167.0
8215.0
4.0
82.0
82.0
82.0
83.0
83.0
82.0
83.0
82.0
83.0
83.0
83.0
83.0
83.0
82.0
83.0
4606.0
4605.0
4557.0
4570.0
4.0
4.0
4.0
4.0
4.0
4.0
4.0
4.0
4.0
4.0
4.0
4.0
4.0
4.0
4.0
4.0
4404.0
4425.0
4334.0
4229.0
4.0
4.0
4.0
4.0
4.0
4.0
4.0
4.0
4.0
4.0
4.0
4.0
4.0
4.0
4.0
4.0
4227.0
4150.0
4146.0
4084.0
