0.0
1.0
0.0
0.0
1.0
0.0
1.0
1.0
0.0
1.0
1.0
1.0
130.0
59.0
74.0
72.0
72.0
72.0
71.0
73.0
72.0
132.0
59.0
58.0
73.0
72.0
72.0
73.0
72.0
72.0
0.0
1.0
84.0
96.0
85.0
95.0
93.0
93.0
93.0
93.0
93.0
93.0
59.0
59.0
72.0
71.0
72.0
72.0
72.0
71.0
0.0
1.0
71.0
72.0
59.0
59.0
72.0
71.0
71.0
72.0
71.0
72.0
72.0
71.0
60.0
60.0
71.0
62.0
62.0
71.0
0.0
1.0
72.0
71.0
72.0
71.0
72.0
62.0
62.0
72.0
63.0
72.0
71.0
72.0
72.0
72.0
72.0
63.0
62.0
62.0
0.0
1.0
72.0
62.0
71.0
72.0
72.0
71.0
72.0
72.0
62.0
62.0
62.0
71.0
72.0
72.0
71.0
73.0
71.0
71.0
1.0
0.0
62.0
62.0
62.0
72.0
72.0
71.0
71.0
71.0
72.0
72.0
62.0
62.0
62.0
72.0
71.0
72.0
71.0
72.0
0.0
0.0
72.0
72.0
62.0
62.0
62.0
72.0
62.0
72.0
72.0
71.0
71.0
72.0
72.0
62.0
63.0
63.0
71.0
62.0
0.0
1.0
72.0
71.0
72.0
72.0
72.0
72.0
62.0
62.0
62.0
72.0
62.0
72.0
71.0
71.0
72.0
71.0
72.0
62.0
1.0
0.0
62.0
62.0
72.0
72.0
72.0
72.0
71.0
72.0
72.0
62.0
62.0
62.0
72.0
71.0
71.0
72.0
72.0
71.0
0.0
1.0
72.0
84.0
86.0
87.0
93.0
93.0
93.0
93.0
95.0
94.0
93.0
65.0
63.0
61.0
66.0
65.0
64.0
64.0
0.0
1.0
0.0
0.0
1.0
0.0
0.0
1.0
0.0
1.0
1.0
1.0
1.0
1.0
1.0
1.0
1.0
1.0
1.0
0.0
87.0
87.0
87.0
89.0
149.0
148.0
90.0
148.0
149.0
87.0
72.0
72.0
72.0
72.0
72.0
72.0
133.0
134.0
133.0
133.0
72.0
71.0
72.0
72.0
71.0
71.0
72.0
72.0
72.0
72.0
72.0
72.0
133.0
132.0
84.0
74.0
72.0
71.0
71.0
72.0
71.0
72.0
58.0
72.0
72.0
71.0
71.0
72.0
72.0
71.0
133.0
133.0
58.0
72.0
71.0
71.0
72.0
72.0
71.0
72.0
59.0
71.0
72.0
72.0
59.0
72.0
71.0
71.0
58.0
99.0
100.0
59.0
71.0
72.0
71.0
59.0
71.0
72.0
72.0
59.0
71.0
72.0
58.0
71.0
71.0
71.0
72.0
72.0
71.0
58.0
94.0
71.0
106.0
71.0
72.0
72.0
72.0
71.0
72.0
59.0
72.0
72.0
106.0
71.0
71.0
71.0
72.0
71.0
59.0
106.0
72.0
71.0
59.0
72.0
72.0
72.0
72.0
72.0
88.0
72.0
78.0
76.0
86.0
72.0
78.0
78.0
74.0
75.0
70.0
117.0
127.0
128.0
122.0
123.0
122.0
121.0
121.0
120.0
118.0
68.0
73.0
73.0
72.0
72.0
74.0
73.0
72.0
72.0
69.0
70.0
77.0
73.0
73.0
72.0
81.0
72.0
72.0
71.0
104.0
69.0
71.0
70.0
72.0
71.0
70.0
70.0
70.0
98.0
67.0
70.0
72.0
70.0
76.0
69.0
70.0
70.0
70.0
69.0
69.0
71.0
0.0
1.0
0.0
1.0
0.0
1.0
1.0
0.0
1.0
1.0
0.0
0.0
1.0
1.0
1.0
0.0
0.0
0.0
0.0
1.0
70.0
71.0
70.0
70.0
71.0
69.0
76.0
69.0
69.0
69.0
68.0
68.0
85.0
69.0
81.0
69.0
70.0
65.0
65.0
67.0
67.0
67.0
68.0
68.0
71.0
119.0
118.0
64.0
65.0
67.0
67.0
67.0
68.0
68.0
71.0
64.0
64.0
68.0
118.0
67.0
67.0
118.0
68.0
68.0
72.0
64.0
64.0
68.0
67.0
67.0
68.0
68.0
65.0
65.0
71.0
119.0
118.0
68.0
67.0
67.0
68.0
68.0
64.0
66.0
67.0
67.0
67.0
67.0
68.0
67.0
64.0
65.0
70.0
119.0
118.0
67.0
67.0
67.0
68.0
67.0
64.0
64.0
71.0
67.0
66.0
67.0
68.0
69.0
64.0
86.0
124.0
123.0
94.0
90.0
89.0
90.0
90.0
90.0
90.0
69.0
73.0
67.0
68.0
67.0
67.0
66.0
67.0
66.0
66.0
67.0
71.0
67.0
67.0
66.0
67.0
67.0
67.0
67.0
67.0
67.0
73.0
67.0
67.0
66.0
66.0
67.0
67.0
66.0
66.0
67.0
67.0
67.0
72.0
67.0
66.0
66.0
67.0
67.0
67.0
67.0
67.0
66.0
73.0
67.0
66.0
67.0
67.0
67.0
67.0
67.0
67.0
67.0
66.0
67.0
66.0
72.0
67.0
66.0
66.0
68.0
68.0
68.0
67.0
67.0
67.0
75.0
67.0
68.0
67.0
68.0
69.0
68.0
67.0
67.0
67.0
68.0
67.0
68.0
68.0
68.0
0.0
0.0
1.0
1.0
0.0
0.0
1.0
1.0
0.0
0.0
0.0
1.0
1.0
0.0
0.0
0.0
1.0
1.0
0.0
0.0
69.0
67.0
67.0
67.0
67.0
66.0
67.0
68.0
68.0
67.0
68.0
67.0
67.0
66.0
67.0
67.0
66.0
67.0
68.0
67.0
66.0
67.0
67.0
67.0
67.0
66.0
67.0
67.0
67.0
67.0
67.0
67.0
67.0
66.0
66.0
66.0
66.0
67.0
67.0
66.0
66.0
67.0
67.0
67.0
66.0
67.0
67.0
67.0
66.0
67.0
67.0
66.0
67.0
66.0
67.0
66.0
66.0
87.0
89.0
89.0
90.0
90.0
89.0
89.0
89.0
89.0
89.0
69.0
68.0
68.0
66.0
66.0
67.0
67.0
68.0
67.0
67.0
67.0
66.0
66.0
67.0
67.0
66.0
67.0
67.0
66.0
67.0
66.0
66.0
67.0
67.0
66.0
67.0
67.0
67.0
67.0
66.0
66.0
67.0
67.0
66.0
66.0
67.0
67.0
67.0
66.0
67.0
66.0
66.0
67.0
67.0
67.0
66.0
67.0
67.0
67.0
66.0
67.0
67.0
66.0
66.0
66.0
66.0
66.0
67.0
66.0
67.0
67.0
67.0
67.0
67.0
67.0
66.0
67.0
67.0
66.0
66.0
67.0
67.0
67.0
67.0
67.0
66.0
66.0
67.0
67.0
67.0
67.0
67.0
66.0
66.0
66.0
67.0
67.0
67.0
66.0
66.0
66.0
67.0
67.0
67.0
66.0
67.0
67.0
67.0
67.0
66.0
67.0
66.0
67.0
67.0
67.0
66.0
67.0
66.0
66.0
67.0
67.0
67.0
66.0
0.0
1.0
1.0
1.0
0.0
0.0
0.0
1.0
1.0
1.0
0.0
0.0
0.0
0.0
1.0
1.0
1.0
0.0
0.0
0.0
67.0
67.0
67.0
66.0
66.0
67.0
66.0
66.0
67.0
67.0
66.0
66.0
66.0
67.0
67.0
67.0
67.0
67.0
66.0
67.0
67.0
66.0
67.0
67.0
66.0
67.0
66.0
88.0
88.0
88.0
89.0
89.0
90.0
89.0
90.0
90.0
90.0
68.0
68.0
68.0
66.0
66.0
67.0
67.0
66.0
67.0
66.0
66.0
66.0
67.0
67.0
66.0
66.0
67.0
66.0
67.0
66.0
67.0
67.0
66.0
66.0
66.0
67.0
66.0
67.0
66.0
67.0
67.0
68.0
67.0
67.0
67.0
66.0
66.0
66.0
66.0
67.0
66.0
66.0
66.0
67.0
66.0
67.0
66.0
67.0
66.0
68.0
67.0
67.0
67.0
67.0
66.0
66.0
66.0
67.0
66.0
66.0
66.0
66.0
67.0
125.0
125.0
126.0
126.0
126.0
126.0
128.0
126.0
126.0
126.0
68.0
66.0
67.0
67.0
67.0
67.0
67.0
67.0
67.0
68.0
67.0
67.0
67.0
66.0
66.0
67.0
67.0
68.0
66.0
68.0
67.0
67.0
68.0
67.0
67.0
67.0
67.0
67.0
67.0
67.0
67.0
67.0
68.0
67.0
68.0
67.0
67.0
67.0
67.0
68.0
66.0
67.0
66.0
67.0
67.0
67.0
67.0
68.0
67.0
67.0
67.0
67.0
66.0
67.0
66.0
66.0
67.0
66.0
66.0
66.0
66.0
66.0
67.0
66.0
67.0
67.0
68.0
68.0
68.0
67.0
0.0
0.0
1.0
1.0
0.0
0.0
0.0
1.0
1.0
1.0
1.0
0.0
0.0
0.0
0.0
0.0
0.0
1.0
1.0
1.0
67.0
67.0
66.0
66.0
66.0
67.0
67.0
67.0
67.0
67.0
66.0
67.0
67.0
67.0
67.0
67.0
67.0
67.0
67.0
67.0
66.0
67.0
67.0
67.0
66.0
67.0
67.0
67.0
67.0
66.0
68.0
67.0
67.0
66.0
66.0
66.0
67.0
67.0
66.0
67.0
67.0
67.0
67.0
66.0
66.0
66.0
66.0
66.0
67.0
67.0
66.0
67.0
67.0
67.0
67.0
67.0
67.0
67.0
67.0
66.0
67.0
66.0
66.0
66.0
66.0
67.0
67.0
67.0
67.0
67.0
88.0
88.0
88.0
89.0
89.0
88.0
89.0
89.0
90.0
89.0
68.0
68.0
68.0
67.0
67.0
68.0
67.0
67.0
67.0
67.0
66.0
66.0
66.0
67.0
67.0
67.0
66.0
67.0
68.0
67.0
67.0
67.0
67.0
66.0
66.0
67.0
67.0
67.0
67.0
66.0
66.0
66.0
66.0
67.0
67.0
67.0
66.0
66.0
66.0
66.0
67.0
67.0
67.0
66.0
66.0
66.0
67.0
67.0
67.0
67.0
66.0
66.0
66.0
66.0
67.0
67.0
67.0
67.0
67.0
67.0
67.0
67.0
67.0
67.0
66.0
67.0
67.0
67.0
67.0
67.0
67.0
66.0
67.0
67.0
67.0
67.0
67.0
66.0
67.0
67.0
67.0
66.0
66.0
66.0
67.0
67.0
67.0
67.0
66.0
69.0
66.0
66.0
66.0
67.0
66.0
66.0
67.0
66.0
67.0
66.0
1.0
1.0
0.0
0.0
0.0
0.0
0.0
1.0
1.0
1.0
1.0
1.0
0.0
0.0
0.0
0.0
0.0
0.0
1.0
1.0
67.0
67.0
67.0
66.0
66.0
67.0
67.0
67.0
67.0
67.0
67.0
67.0
67.0
67.0
67.0
67.0
67.0
67.0
67.0
67.0
67.0
67.0
67.0
67.0
68.0
67.0
67.0
67.0
66.0
67.0
67.0
67.0
67.0
67.0
67.0
67.0
67.0
67.0
67.0
67.0
89.0
89.0
89.0
88.0
89.0
89.0
89.0
89.0
89.0
89.0
68.0
68.0
68.0
68.0
67.0
67.0
67.0
67.0
67.0
67.0
67.0
67.0
67.0
67.0
67.0
67.0
66.0
66.0
67.0
66.0
67.0
67.0
67.0
67.0
67.0
66.0
67.0
66.0
66.0
67.0
68.0
67.0
67.0
67.0
67.0
67.0
67.0
67.0
67.0
67.0
67.0
68.0
66.0
66.0
67.0
67.0
66.0
66.0
67.0
66.0
67.0
67.0
67.0
67.0
67.0
66.0
67.0
67.0
67.0
67.0
67.0
66.0
67.0
67.0
67.0
68.0
67.0
67.0
67.0
67.0
66.0
66.0
67.0
67.0
67.0
66.0
67.0
66.0
67.0
67.0
67.0
67.0
67.0
67.0
67.0
67.0
67.0
67.0
66.0
66.0
67.0
67.0
66.0
67.0
67.0
67.0
66.0
66.0
67.0
66.0
67.0
67.0
67.0
67.0
67.0
67.0
67.0
67.0
67.0
67.0
67.0
67.0
67.0
67.0
67.0
67.0
67.0
67.0
67.0
67.0
67.0
67.0
67.0
68.0
68.0
68.0
67.0
66.0
66.0
66.0
1.0
0.0
1.0
1.0
1.0
0.0
0.0
0.0
0.0
0.0
0.0
1.0
1.0
1.0
1.0
1.0
1.0
0.0
0.0
0.0
67.0
67.0
67.0
67.0
67.0
67.0
66.0
67.0
67.0
67.0
89.0
89.0
90.0
89.0
89.0
90.0
90.0
89.0
89.0
89.0
67.0
67.0
67.0
68.0
67.0
67.0
67.0
67.0
67.0
67.0
67.0
67.0
66.0
67.0
67.0
67.0
67.0
66.0
67.0
67.0
67.0
68.0
67.0
67.0
67.0
67.0
68.0
66.0
67.0
67.0
66.0
67.0
67.0
67.0
67.0
69.0
67.0
67.0
66.0
67.0
67.0
67.0
67.0
67.0
68.0
67.0
66.0
69.0
67.0
67.0
67.0
67.0
67.0
67.0
67.0
67.0
67.0
67.0
67.0
67.0
131.0
132.0
129.0
129.0
129.0
130.0
129.0
129.0
129.0
130.0
68.0
68.0
68.0
68.0
68.0
68.0
67.0
68.0
67.0
67.0
67.0
68.0
67.0
69.0
67.0
68.0
68.0
68.0
68.0
68.0
69.0
68.0
67.0
68.0
68.0
68.0
68.0
67.0
68.0
68.0
66.0
69.0
68.0
68.0
69.0
68.0
68.0
68.0
68.0
67.0
67.0
68.0
68.0
68.0
68.0
68.0
68.0
68.0
67.0
67.0
67.0
67.0
69.0
68.0
67.0
68.0
68.0
67.0
68.0
67.0
67.0
68.0
67.0
68.0
68.0
68.0
68.0
68.0
67.0
67.0
68.0
68.0
68.0
67.0
69.0
68.0
69.0
69.0
67.0
67.0
67.0
68.0
68.0
68.0
67.0
68.0
67.0
67.0
67.0
67.0
0.0
1.0
0.0
1.0
0.0
0.0
0.0
0.0
1.0
0.0
1.0
0.0
1.0
0.0
1.0
1.0
0.0
0.0
0.0
1.0
68.0
67.0
69.0
68.0
68.0
67.0
69.0
68.0
67.0
67.0
67.0
69.0
68.0
68.0
68.0
67.0
67.0
67.0
66.0
67.0
66.0
67.0
67.0
67.0
67.0
68.0
67.0
67.0
67.0
67.0
67.0
67.0
67.0
67.0
67.0
67.0
67.0
67.0
67.0
67.0
66.0
66.0
67.0
67.0
68.0
67.0
67.0
67.0
67.0
88.0
89.0
89.0
90.0
90.0
89.0
88.0
90.0
89.0
90.0
67.0
66.0
66.0
67.0
67.0
66.0
67.0
66.0
67.0
67.0
67.0
67.0
67.0
67.0
67.0
67.0
67.0
67.0
66.0
66.0
66.0
67.0
67.0
67.0
67.0
67.0
67.0
67.0
66.0
67.0
67.0
66.0
66.0
66.0
67.0
67.0
67.0
67.0
67.0
67.0
67.0
67.0
67.0
67.0
67.0
67.0
66.0
67.0
67.0
67.0
66.0
67.0
67.0
67.0
67.0
67.0
68.0
67.0
67.0
67.0
67.0
67.0
66.0
67.0
67.0
67.0
66.0
67.0
67.0
67.0
67.0
66.0
66.0
66.0
66.0
67.0
67.0
66.0
67.0
66.0
67.0
67.0
67.0
67.0
67.0
67.0
67.0
67.0
67.0
67.0
66.0
67.0
66.0
67.0
66.0
67.0
67.0
67.0
67.0
68.0
67.0
67.0
67.0
67.0
66.0
67.0
67.0
67.0
67.0
67.0
66.0
66.0
67.0
67.0
67.0
67.0
67.0
66.0
67.0
66.0
67.0
0.0
1.0
0.0
0.0
1.0
1.0
0.0
0.0
0.0
1.0
1.0
0.0
0.0
1.0
1.0
0.0
0.0
0.0
1.0
0.0
66.0
67.0
66.0
66.0
67.0
68.0
68.0
67.0
66.0
67.0
67.0
67.0
66.0
66.0
87.0
87.0
87.0
87.0
87.0
87.0
88.0
88.0
89.0
89.0
68.0
69.0
68.0
68.0
69.0
67.0
67.0
67.0
67.0
67.0
67.0
67.0
68.0
68.0
67.0
67.0
68.0
67.0
66.0
67.0
67.0
68.0
68.0
68.0
70.0
68.0
67.0
67.0
66.0
66.0
66.0
67.0
67.0
67.0
67.0
67.0
67.0
67.0
67.0
67.0
67.0
67.0
66.0
67.0
67.0
67.0
66.0
66.0
66.0
67.0
67.0
67.0
66.0
67.0
67.0
67.0
67.0
67.0
66.0
66.0
66.0
67.0
68.0
67.0
67.0
67.0
67.0
67.0
67.0
67.0
67.0
67.0
67.0
67.0
67.0
67.0
67.0
66.0
67.0
67.0
67.0
67.0
67.0
67.0
67.0
67.0
66.0
66.0
66.0
66.0
66.0
67.0
67.0
67.0
67.0
67.0
67.0
67.0
67.0
66.0
66.0
67.0
67.0
67.0
67.0
67.0
68.0
69.0
68.0
68.0
67.0
67.0
68.0
67.0
67.0
67.0
67.0
67.0
67.0
66.0
67.0
68.0
67.0
67.0
67.0
67.0
67.0
67.0
67.0
67.0
67.0
68.0
67.0
67.0
67.0
67.0
87.0
87.0
87.0
88.0
86.0
87.0
88.0
88.0
88.0
88.0
68.0
68.0
68.0
68.0
68.0
68.0
69.0
68.0
68.0
68.0
0.0
0.0
1.0
1.0
1.0
0.0
0.0
0.0
0.0
1.0
1.0
1.0
1.0
0.0
0.0
0.0
0.0
0.0
1.0
1.0
67.0
67.0
68.0
66.0
66.0
67.0
67.0
68.0
66.0
67.0
67.0
67.0
67.0
67.0
68.0
67.0
67.0
67.0
67.0
67.0
66.0
66.0
67.0
67.0
68.0
67.0
67.0
68.0
66.0
67.0
67.0
67.0
66.0
67.0
67.0
68.0
67.0
67.0
67.0
67.0
67.0
67.0
66.0
66.0
68.0
67.0
66.0
67.0
67.0
67.0
129.0
128.0
128.0
128.0
129.0
129.0
127.0
128.0
128.0
128.0
67.0
68.0
67.0
67.0
68.0
70.0
68.0
68.0
69.0
67.0
67.0
68.0
68.0
68.0
67.0
67.0
68.0
68.0
68.0
68.0
68.0
68.0
67.0
67.0
67.0
68.0
68.0
68.0
68.0
68.0
68.0
67.0
67.0
68.0
68.0
67.0
68.0
69.0
67.0
68.0
66.0
68.0
68.0
69.0
67.0
68.0
67.0
68.0
67.0
68.0
67.0
68.0
67.0
68.0
68.0
68.0
67.0
68.0
68.0
68.0
67.0
68.0
67.0
68.0
68.0
67.0
67.0
67.0
68.0
68.0
67.0
68.0
67.0
68.0
67.0
67.0
68.0
70.0
68.0
67.0
67.0
68.0
68.0
68.0
68.0
67.0
68.0
67.0
68.0
67.0
67.0
68.0
67.0
68.0
68.0
67.0
68.0
68.0
68.0
68.0
67.0
68.0
68.0
68.0
67.0
67.0
69.0
68.0
68.0
67.0
67.0
68.0
68.0
67.0
67.0
67.0
67.0
68.0
69.0
67.0
