1.0
0.0
1.0
1.0
1.0
0.0
0.0
1.0
1.0
0.0
7.0
7.0
189.0
189.0
189.0
189.0
189.0
189.0
189.0
188.0
189.0
189.0
189.0
190.0
190.0
189.0
189.0
189.0
190.0
190.0
8.0
7.0
189.0
190.0
190.0
189.0
189.0
189.0
190.0
189.0
189.0
189.0
189.0
189.0
189.0
189.0
189.0
190.0
189.0
189.0
7.0
7.0
190.0
190.0
189.0
189.0
207.0
206.0
206.0
206.0
207.0
206.0
206.0
206.0
207.0
206.0
189.0
190.0
189.0
189.0
7.0
6.0
188.0
189.0
188.0
189.0
188.0
189.0
189.0
188.0
188.0
189.0
189.0
188.0
188.0
188.0
189.0
188.0
199.0
197.0
7.0
6.0
199.0
197.0
201.0
197.0
200.0
199.0
198.0
198.0
205.0
206.0
204.0
205.0
204.0
204.0
204.0
204.0
203.0
204.0
7.0
7.0
205.0
204.0
205.0
204.0
205.0
205.0
205.0
205.0
205.0
205.0
189.0
189.0
189.0
189.0
188.0
188.0
188.0
189.0
7.0
7.0
188.0
188.0
188.0
189.0
188.0
188.0
189.0
189.0
189.0
188.0
189.0
189.0
188.0
189.0
188.0
189.0
188.0
188.0
6.0
6.0
189.0
189.0
188.0
188.0
188.0
189.0
188.0
188.0
189.0
189.0
188.0
188.0
188.0
189.0
206.0
206.0
206.0
205.0
6.0
6.0
206.0
205.0
205.0
206.0
206.0
206.0
241.0
241.0
241.0
241.0
241.0
241.0
241.0
241.0
240.0
240.0
188.0
188.0
7.0
7.0
188.0
188.0
188.0
189.0
188.0
188.0
189.0
189.0
189.0
189.0
188.0
188.0
188.0
188.0
188.0
188.0
187.0
187.0
8.0
7.0
189.0
190.0
189.0
190.0
189.0
189.0
189.0
189.0
189.0
190.0
319.0
319.0
319.0
319.0
319.0
320.0
319.0
320.0
8.0
7.0
319.0
319.0
189.0
189.0
189.0
190.0
190.0
189.0
189.0
190.0
189.0
189.0
190.0
190.0
190.0
190.0
190.0
190.0
7.0
7.0
190.0
190.0
190.0
190.0
190.0
189.0
189.0
189.0
189.0
189.0
190.0
190.0
190.0
189.0
189.0
190.0
189.0
190.0
7.0
8.0
189.0
189.0
189.0
189.0
190.0
189.0
207.0
207.0
206.0
207.0
207.0
206.0
207.0
207.0
207.0
207.0
189.0
189.0
8.0
7.0
189.0
189.0
189.0
190.0
190.0
189.0
189.0
190.0
189.0
190.0
190.0
190.0
189.0
189.0
189.0
189.0
189.0
189.0
8.0
7.0
189.0
189.0
190.0
189.0
189.0
189.0
189.0
190.0
189.0
189.0
190.0
189.0
189.0
189.0
190.0
189.0
190.0
189.0
8.0
7.0
189.0
189.0
205.0
203.0
204.0
204.0
203.0
203.0
204.0
204.0
205.0
204.0
190.0
189.0
190.0
190.0
190.0
189.0
7.0
8.0
189.0
189.0
189.0
190.0
190.0
190.0
189.0
189.0
189.0
189.0
189.0
189.0
190.0
190.0
189.0
189.0
189.0
190.0
7.0
7.0
189.0
189.0
189.0
189.0
189.0
189.0
189.0
189.0
190.0
189.0
189.0
190.0
189.0
189.0
189.0
189.0
292.0
289.0
7.0
7.0
293.0
291.0
291.0
291.0
292.0
291.0
291.0
291.0
203.0
203.0
201.0
209.0
203.0
201.0
202.0
204.0
201.0
201.0
8.0
7.0
189.0
190.0
189.0
191.0
189.0
191.0
190.0
189.0
198.0
191.0
190.0
189.0
190.0
190.0
189.0
189.0
189.0
189.0
6.0
7.0
197.0
188.0
188.0
189.0
189.0
188.0
189.0
189.0
188.0
189.0
189.0
196.0
206.0
205.0
205.0
206.0
205.0
205.0
7.0
6.0
205.0
206.0
206.0
215.0
189.0
189.0
188.0
189.0
189.0
189.0
188.0
188.0
189.0
197.0
188.0
188.0
189.0
188.0
6.0
6.0
188.0
189.0
189.0
189.0
189.0
196.0
189.0
189.0
188.0
189.0
189.0
188.0
188.0
188.0
189.0
197.0
187.0
189.0
7.0
6.0
189.0
189.0
188.0
189.0
188.0
188.0
188.0
197.0
205.0
205.0
205.0
205.0
206.0
205.0
205.0
206.0
206.0
214.0
6.0
6.0
189.0
189.0
189.0
188.0
188.0
189.0
188.0
188.0
189.0
197.0
188.0
189.0
188.0
188.0
189.0
189.0
189.0
189.0
0.0
1.0
183.0
191.0
183.0
183.0
183.0
183.0
182.0
183.0
183.0
183.0
183.0
192.0
183.0
183.0
183.0
183.0
183.0
183.0
0.0
1.0
182.0
182.0
183.0
190.0
229.0
229.0
230.0
230.0
231.0
230.0
230.0
231.0
230.0
238.0
182.0
183.0
184.0
182.0
0.0
1.0
98.0
99.0
99.0
98.0
99.0
99.0
99.0
99.0
99.0
99.0
104.0
99.0
99.0
99.0
99.0
99.0
99.0
99.0
1.0
1.0
98.0
98.0
103.0
98.0
99.0
99.0
99.0
99.0
98.0
99.0
99.0
99.0
104.0
99.0
99.0
100.0
100.0
100.0
8.0
7.0
190.0
190.0
190.0
191.0
199.0
190.0
189.0
189.0
189.0
189.0
189.0
189.0
189.0
190.0
197.0
189.0
189.0
189.0
6.0
6.0
188.0
188.0
206.0
206.0
205.0
206.0
214.0
205.0
205.0
205.0
205.0
206.0
189.0
188.0
189.0
189.0
197.0
188.0
7.0
7.0
190.0
190.0
189.0
189.0
189.0
190.0
189.0
189.0
198.0
190.0
189.0
189.0
190.0
190.0
189.0
189.0
189.0
190.0
7.0
6.0
188.0
197.0
189.0
188.0
188.0
188.0
189.0
188.0
189.0
189.0
189.0
197.0
188.0
189.0
189.0
188.0
189.0
189.0
7.0
7.0
189.0
189.0
206.0
206.0
206.0
207.0
214.0
207.0
210.0
211.0
211.0
211.0
195.0
194.0
194.0
193.0
193.0
193.0
7.0
6.0
189.0
189.0
189.0
189.0
188.0
189.0
189.0
189.0
189.0
189.0
188.0
189.0
188.0
189.0
188.0
189.0
188.0
188.0
7.0
7.0
190.0
190.0
189.0
189.0
189.0
190.0
189.0
189.0
189.0
189.0
189.0
189.0
189.0
189.0
189.0
189.0
239.0
238.0
7.0
7.0
238.0
237.0
237.0
238.0
238.0
238.0
238.0
238.0
188.0
188.0
188.0
188.0
188.0
188.0
188.0
188.0
188.0
189.0
7.0
7.0
189.0
189.0
189.0
190.0
189.0
189.0
190.0
190.0
190.0
190.0
190.0
191.0
191.0
190.0
190.0
190.0
189.0
189.0
7.0
6.0
189.0
189.0
188.0
188.0
188.0
188.0
188.0
189.0
188.0
188.0
189.0
188.0
189.0
188.0
188.0
189.0
188.0
188.0
6.0
6.0
206.0
206.0
206.0
205.0
205.0
205.0
206.0
205.0
206.0
207.0
189.0
188.0
189.0
189.0
188.0
188.0
188.0
189.0
6.0
7.0
188.0
188.0
188.0
189.0
189.0
188.0
189.0
189.0
189.0
188.0
188.0
188.0
189.0
188.0
188.0
189.0
189.0
188.0
6.0
7.0
189.0
188.0
189.0
189.0
188.0
188.0
189.0
188.0
188.0
189.0
188.0
188.0
188.0
187.0
204.0
205.0
204.0
205.0
0.0
1.0
198.0
199.0
199.0
198.0
199.0
199.0
182.0
183.0
183.0
182.0
182.0
182.0
182.0
182.0
182.0
183.0
183.0
182.0
7.0
6.0
188.0
189.0
189.0
188.0
188.0
189.0
189.0
188.0
188.0
189.0
189.0
188.0
188.0
189.0
189.0
189.0
188.0
189.0
1.0
0.0
183.0
182.0
182.0
183.0
183.0
182.0
182.0
182.0
183.0
182.0
182.0
182.0
183.0
182.0
245.0
244.0
245.0
245.0
0.0
1.0
245.0
245.0
245.0
245.0
245.0
245.0
182.0
183.0
182.0
183.0
182.0
182.0
182.0
182.0
183.0
182.0
183.0
183.0
0.0
1.0
99.0
98.0
99.0
99.0
100.0
100.0
100.0
100.0
100.0
100.0
100.0
100.0
98.0
99.0
99.0
98.0
98.0
99.0
0.0
1.0
99.0
99.0
98.0
99.0
99.0
99.0
99.0
99.0
98.0
98.0
98.0
98.0
100.0
99.0
99.0
99.0
99.0
99.0
1.0
0.0
99.0
100.0
99.0
99.0
99.0
98.0
99.0
98.0
99.0
99.0
99.0
98.0
98.0
99.0
99.0
99.0
99.0
99.0
6.0
6.0
203.0
203.0
204.0
203.0
205.0
205.0
206.0
205.0
205.0
206.0
191.0
191.0
191.0
191.0
189.0
190.0
190.0
189.0
7.0
7.0
188.0
188.0
188.0
188.0
188.0
188.0
189.0
188.0
188.0
188.0
188.0
188.0
189.0
189.0
189.0
188.0
189.0
189.0
7.0
7.0
188.0
189.0
189.0
189.0
188.0
188.0
189.0
188.0
188.0
188.0
189.0
188.0
188.0
188.0
188.0
188.0
188.0
189.0
7.0
6.0
188.0
188.0
188.0
189.0
204.0
205.0
205.0
204.0
205.0
205.0
205.0
205.0
205.0
205.0
189.0
188.0
188.0
189.0
6.0
6.0
189.0
188.0
188.0
188.0
189.0
188.0
189.0
188.0
189.0
189.0
189.0
188.0
189.0
189.0
189.0
189.0
189.0
189.0
7.0
6.0
188.0
188.0
188.0
189.0
189.0
188.0
189.0
189.0
189.0
189.0
189.0
189.0
189.0
188.0
189.0
188.0
188.0
189.0
6.0
6.0
189.0
188.0
254.0
254.0
254.0
255.0
254.0
254.0
255.0
254.0
253.0
254.0
189.0
189.0
189.0
188.0
188.0
189.0
6.0
7.0
189.0
189.0
189.0
189.0
188.0
189.0
188.0
189.0
189.0
189.0
188.0
189.0
188.0
188.0
188.0
188.0
189.0
188.0
6.0
6.0
189.0
188.0
188.0
188.0
189.0
188.0
189.0
188.0
188.0
189.0
188.0
189.0
189.0
189.0
188.0
189.0
188.0
188.0
6.0
6.0
188.0
188.0
188.0
188.0
188.0
202.0
205.0
205.0
205.0
205.0
205.0
204.0
204.0
205.0
205.0
192.0
188.0
188.0
7.0
7.0
188.0
188.0
189.0
188.0
189.0
188.0
189.0
189.0
189.0
189.0
188.0
188.0
188.0
188.0
188.0
189.0
188.0
189.0
6.0
6.0
188.0
188.0
188.0
187.0
188.0
188.0
188.0
188.0
189.0
188.0
189.0
189.0
188.0
188.0
188.0
189.0
188.0
188.0
0.0
1.0
182.0
182.0
182.0
182.0
200.0
200.0
200.0
199.0
199.0
200.0
200.0
200.0
200.0
199.0
183.0
183.0
183.0
182.0
1.0
0.0
183.0
183.0
183.0
183.0
182.0
183.0
183.0
182.0
182.0
182.0
183.0
183.0
182.0
183.0
183.0
183.0
182.0
183.0
1.0
0.0
183.0
183.0
182.0
182.0
183.0
183.0
182.0
183.0
194.0
196.0
195.0
201.0
194.0
198.0
196.0
195.0
197.0
195.0
0.0
1.0
201.0
202.0
201.0
201.0
201.0
201.0
201.0
201.0
247.0
247.0
231.0
231.0
231.0
231.0
230.0
233.0
232.0
231.0
1.0
0.0
99.0
100.0
99.0
98.0
99.0
99.0
99.0
99.0
99.0
99.0
99.0
99.0
99.0
99.0
99.0
99.0
98.0
99.0
1.0
0.0
99.0
99.0
99.0
99.0
99.0
99.0
98.0
99.0
98.0
99.0
99.0
100.0
99.0
98.0
99.0
99.0
99.0
98.0
1.0
0.0
99.0
99.0
99.0
99.0
99.0
99.0
99.0
99.0
99.0
99.0
99.0
98.0
98.0
100.0
98.0
99.0
98.0
99.0
1.0
0.0
99.0
99.0
99.0
99.0
99.0
99.0
100.0
99.0
99.0
99.0
99.0
99.0
99.0
99.0
99.0
99.0
99.0
99.0
6.0
6.0
204.0
205.0
207.0
206.0
206.0
207.0
206.0
206.0
208.0
207.0
190.0
191.0
189.0
189.0
190.0
188.0
189.0
189.0
6.0
6.0
191.0
189.0
189.0
189.0
189.0
189.0
188.0
189.0
189.0
189.0
189.0
190.0
189.0
189.0
189.0
190.0
189.0
189.0
7.0
6.0
189.0
189.0
190.0
191.0
189.0
189.0
189.0
189.0
188.0
189.0
188.0
189.0
189.0
190.0
189.0
189.0
188.0
188.0
7.0
7.0
188.0
188.0
188.0
189.0
203.0
205.0
205.0
205.0
206.0
206.0
206.0
206.0
206.0
204.0
192.0
194.0
189.0
189.0
7.0
7.0
188.0
188.0
188.0
188.0
189.0
189.0
189.0
193.0
188.0
188.0
188.0
188.0
189.0
188.0
188.0
188.0
189.0
195.0
0.0
1.0
183.0
183.0
183.0
183.0
182.0
182.0
182.0
182.0
183.0
182.0
182.0
182.0
183.0
183.0
183.0
182.0
183.0
182.0
6.0
7.0
188.0
189.0
205.0
205.0
205.0
205.0
205.0
205.0
205.0
206.0
256.0
255.0
238.0
238.0
238.0
238.0
238.0
238.0
0.0
1.0
232.0
232.0
183.0
182.0
182.0
183.0
182.0
183.0
182.0
182.0
182.0
183.0
183.0
182.0
183.0
182.0
183.0
183.0
7.0
6.0
189.0
188.0
188.0
188.0
189.0
189.0
188.0
189.0
188.0
188.0
189.0
189.0
188.0
188.0
189.0
188.0
189.0
188.0
1.0
0.0
183.0
183.0
182.0
182.0
182.0
183.0
182.0
182.0
200.0
200.0
200.0
200.0
201.0
201.0
200.0
199.0
201.0
201.0
7.0
6.0
188.0
188.0
188.0
188.0
188.0
189.0
188.0
189.0
189.0
188.0
188.0
188.0
188.0
189.0
188.0
189.0
189.0
188.0
1.0
0.0
183.0
182.0
183.0
183.0
183.0
182.0
183.0
182.0
182.0
183.0
183.0
183.0
182.0
183.0
183.0
183.0
182.0
183.0
1.0
0.0
182.0
183.0
183.0
183.0
197.0
196.0
197.0
197.0
199.0
198.0
199.0
198.0
199.0
199.0
185.0
185.0
184.0
185.0
0.0
1.0
183.0
183.0
183.0
183.0
189.0
183.0
182.0
183.0
183.0
182.0
183.0
182.0
183.0
183.0
184.0
187.0
183.0
183.0
0.0
1.0
183.0
183.0
183.0
182.0
182.0
183.0
182.0
185.0
182.0
183.0
182.0
182.0
182.0
183.0
183.0
182.0
183.0
183.0
0.0
1.0
98.0
99.0
99.0
99.0
99.0
99.0
99.0
99.0
99.0
98.0
99.0
99.0
99.0
99.0
99.0
99.0
99.0
99.0
1.0
0.0
99.0
99.0
114.0
113.0
113.0
114.0
114.0
113.0
114.0
114.0
114.0
114.0
149.0
149.0
149.0
149.0
149.0
149.0
0.0
1.0
149.0
149.0
149.0
149.0
99.0
98.0
99.0
99.0
99.0
99.0
99.0
99.0
99.0
99.0
99.0
99.0
99.0
98.0
0.0
0.0
99.0
99.0
99.0
98.0
99.0
99.0
99.0
99.0
99.0
99.0
99.0
99.0
99.0
99.0
99.0
99.0
98.0
99.0
0.0
0.0
99.0
98.0
99.0
99.0
99.0
99.0
99.0
99.0
99.0
99.0
99.0
99.0
99.0
99.0
98.0
99.0
99.0
99.0
6.0
6.0
189.0
189.0
189.0
189.0
189.0
189.0
188.0
188.0
188.0
188.0
189.0
188.0
188.0
188.0
188.0
188.0
188.0
189.0
6.0
6.0
188.0
189.0
205.0
206.0
205.0
205.0
206.0
206.0
206.0
206.0
206.0
206.0
188.0
189.0
187.0
188.0
188.0
188.0
6.0
6.0
189.0
188.0
188.0
189.0
188.0
188.0
188.0
188.0
188.0
189.0
189.0
189.0
188.0
188.0
189.0
188.0
189.0
189.0
6.0
6.0
189.0
189.0
188.0
188.0
189.0
189.0
188.0
188.0
188.0
188.0
187.0
188.0
189.0
189.0
188.0
189.0
204.0
204.0
6.0
7.0
205.0
204.0
206.0
205.0
205.0
205.0
205.0
206.0
189.0
190.0
189.0
189.0
188.0
188.0
188.0
188.0
189.0
189.0
1.0
0.0
182.0
183.0
183.0
183.0
183.0
183.0
183.0
183.0
182.0
182.0
182.0
182.0
182.0
182.0
182.0
182.0
183.0
183.0
6.0
7.0
190.0
188.0
189.0
189.0
189.0
188.0
188.0
188.0
188.0
188.0
189.0
189.0
188.0
189.0
188.0
189.0
189.0
189.0
1.0
0.0
182.0
182.0
198.0
197.0
199.0
199.0
200.0
199.0
253.0
252.0
252.0
252.0
237.0
238.0
236.0
235.0
236.0
236.0
6.0
6.0
188.0
189.0
189.0
189.0
189.0
188.0
188.0
189.0
188.0
188.0
188.0
189.0
188.0
188.0
189.0
189.0
188.0
188.0
1.0
1.0
182.0
182.0
183.0
182.0
182.0
183.0
183.0
182.0
182.0
182.0
182.0
182.0
182.0
182.0
183.0
182.0
183.0
182.0
7.0
7.0
188.0
188.0
188.0
188.0
188.0
188.0
188.0
189.0
189.0
189.0
205.0
205.0
205.0
205.0
205.0
205.0
205.0
205.0
0.0
1.0
199.0
199.0
182.0
182.0
182.0
183.0
183.0
182.0
182.0
182.0
182.0
183.0
183.0
183.0
183.0
183.0
183.0
183.0
1.0
0.0
183.0
183.0
183.0
184.0
183.0
183.0
183.0
182.0
183.0
183.0
182.0
183.0
183.0
182.0
182.0
183.0
182.0
182.0
0.0
1.0
182.0
182.0
182.0
182.0
183.0
183.0
200.0
199.0
199.0
200.0
199.0
200.0
200.0
200.0
199.0
200.0
182.0
183.0
1.0
0.0
183.0
182.0
183.0
182.0
182.0
182.0
183.0
182.0
183.0
182.0
182.0
183.0
183.0
183.0
182.0
183.0
182.0
183.0
0.0
1.0
99.0
99.0
99.0
98.0
98.0
98.0
99.0
99.0
99.0
100.0
99.0
99.0
99.0
99.0
99.0
99.0
99.0
99.0
0.0
1.0
98.0
99.0
99.0
98.0
99.0
98.0
99.0
99.0
98.0
99.0
99.0
98.0
98.0
99.0
99.0
99.0
99.0
99.0
1.0
0.0
99.0
98.0
99.0
98.0
98.0
99.0
99.0
99.0
98.0
98.0
99.0
99.0
99.0
99.0
99.0
99.0
98.0
99.0
1.0
0.0
113.0
113.0
113.0
114.0
116.0
115.0
115.0
115.0
116.0
115.0
102.0
102.0
101.0
101.0
98.0
100.0
153.0
152.0
0.0
1.0
152.0
152.0
152.0
152.0
152.0
152.0
152.0
152.0
99.0
98.0
99.0
98.0
97.0
97.0
96.0
96.0
88.0
86.0
