1.0
0.0
0.0
1.0
1.0
0.0
1.0
1.0
1.0
0.0
35.0
33.0
21.0
21.0
20.0
20.0
20.0
21.0
34.0
34.0
81.0
80.0
80.0
81.0
81.0
80.0
139.0
139.0
138.0
138.0
80.0
79.0
80.0
80.0
80.0
81.0
115.0
139.0
115.0
137.0
66.0
80.0
81.0
80.0
81.0
80.0
66.0
81.0
81.0
79.0
81.0
81.0
81.0
81.0
142.0
142.0
65.0
80.0
81.0
80.0
81.0
81.0
79.0
81.0
66.0
68.0
80.0
80.0
80.0
80.0
66.0
81.0
80.0
95.0
95.0
66.0
80.0
80.0
81.0
80.0
66.0
80.0
80.0
81.0
80.0
65.0
65.0
81.0
80.0
80.0
81.0
81.0
80.0
68.0
86.0
94.0
85.0
94.0
94.0
94.0
94.0
94.0
86.0
94.0
72.0
80.0
71.0
80.0
80.0
81.0
81.0
69.0
80.0
80.0
70.0
70.0
80.0
81.0
81.0
80.0
81.0
70.0
70.0
81.0
79.0
70.0
79.0
72.0
78.0
77.0
73.0
78.0
71.0
72.0
78.0
77.0
78.0
72.0
72.0
78.0
79.0
72.0
78.0
72.0
78.0
77.0
79.0
72.0
72.0
72.0
77.0
77.0
76.0
72.0
76.0
76.0
113.0
115.0
113.0
113.0
114.0
113.0
114.0
114.0
113.0
113.0
74.0
75.0
75.0
74.0
77.0
75.0
74.0
75.0
75.0
75.0
74.0
75.0
75.0
75.0
75.0
75.0
75.0
75.0
75.0
75.0
75.0
75.0
74.0
74.0
76.0
74.0
75.0
75.0
74.0
74.0
75.0
75.0
75.0
74.0
76.0
74.0
75.0
74.0
74.0
73.0
71.0
71.0
70.0
70.0
35.0
21.0
34.0
21.0
20.0
21.0
21.0
21.0
35.0
35.0
21.0
20.0
20.0
20.0
20.0
21.0
34.0
34.0
34.0
34.0
21.0
20.0
19.0
19.0
20.0
21.0
19.0
16.0
18.0
17.0
20.0
17.0
29.0
29.0
29.0
30.0
17.0
17.0
17.0
17.0
14.0
0.0
1.0
0.0
0.0
1.0
0.0
1.0
0.0
1.0
21.0
21.0
21.0
20.0
20.0
36.0
20.0
35.0
35.0
34.0
20.0
20.0
20.0
20.0
20.0
20.0
20.0
34.0
34.0
34.0
34.0
19.0
19.0
19.0
17.0
20.0
17.0
17.0
17.0
1.0
17.0
17.0
17.0
17.0
1.0
30.0
17.0
1.0
1.0
0.0
1.0
1.0
1.0
0.0
1.0
1.0
1.0
1.0
0.0
1.0
82.0
81.0
138.0
80.0
80.0
81.0
80.0
81.0
65.0
138.0
67.0
80.0
80.0
80.0
79.0
81.0
79.0
80.0
137.0
65.0
81.0
70.0
80.0
80.0
79.0
138.0
80.0
77.0
63.0
63.0
80.0
77.0
77.0
77.0
77.0
78.0
62.0
98.0
63.0
87.0
74.0
34.0
34.0
33.0
33.0
34.0
28.0
33.0
34.0
34.0
95.0
81.0
93.0
82.0
92.0
94.0
93.0
93.0
93.0
93.0
68.0
67.0
80.0
80.0
80.0
80.0
80.0
80.0
80.0
80.0
65.0
65.0
79.0
80.0
77.0
80.0
77.0
77.0
78.0
34.0
63.0
62.0
77.0
50.0
34.0
72.0
65.0
33.0
34.0
27.0
34.0
34.0
33.0
34.0
29.0
34.0
33.0
33.0
34.0
34.0
81.0
81.0
70.0
70.0
70.0
81.0
80.0
80.0
80.0
80.0
81.0
70.0
69.0
69.0
80.0
81.0
80.0
80.0
79.0
81.0
70.0
69.0
69.0
80.0
79.0
80.0
79.0
77.0
78.0
77.0
69.0
66.0
67.0
77.0
77.0
77.0
77.0
77.0
77.0
77.0
65.0
29.0
30.0
34.0
29.0
29.0
34.0
34.0
33.0
34.0
81.0
80.0
70.0
80.0
69.0
70.0
80.0
80.0
81.0
80.0
70.0
70.0
80.0
80.0
69.0
80.0
80.0
80.0
80.0
80.0
69.0
69.0
69.0
80.0
77.0
80.0
77.0
77.0
77.0
33.0
67.0
67.0
67.0
51.0
34.0
77.0
77.0
33.0
34.0
33.0
34.0
33.0
29.0
29.0
29.0
34.0
34.0
34.0
33.0
34.0
70.0
70.0
80.0
70.0
81.0
95.0
94.0
94.0
95.0
95.0
88.0
87.0
86.0
94.0
93.0
81.0
80.0
80.0
79.0
80.0
70.0
69.0
69.0
80.0
79.0
80.0
79.0
78.0
77.0
77.0
69.0
67.0
67.0
76.0
77.0
77.0
77.0
77.0
77.0
77.0
65.0
30.0
29.0
29.0
30.0
34.0
34.0
34.0
33.0
34.0
70.0
80.0
69.0
69.0
79.0
81.0
80.0
80.0
81.0
80.0
69.0
69.0
70.0
80.0
80.0
80.0
80.0
80.0
79.0
80.0
69.0
70.0
69.0
79.0
77.0
79.0
77.0
77.0
77.0
34.0
66.0
66.0
66.0
50.0
33.0
77.0
77.0
33.0
34.0
33.0
34.0
30.0
29.0
33.0
30.0
34.0
34.0
34.0
29.0
29.0
81.0
69.0
81.0
81.0
81.0
81.0
81.0
70.0
70.0
81.0
70.0
81.0
80.0
79.0
80.0
71.0
69.0
80.0
80.0
79.0
70.0
79.0
81.0
69.0
69.0
80.0
79.0
77.0
77.0
77.0
69.0
67.0
67.0
77.0
77.0
77.0
77.0
77.0
77.0
77.0
65.0
29.0
29.0
34.0
34.0
34.0
30.0
34.0
30.0
33.0
81.0
81.0
70.0
80.0
80.0
70.0
69.0
80.0
94.0
93.0
87.0
94.0
93.0
87.0
87.0
94.0
94.0
94.0
79.0
80.0
69.0
79.0
79.0
69.0
68.0
80.0
77.0
77.0
77.0
34.0
67.0
77.0
66.0
43.0
35.0
77.0
77.0
34.0
34.0
34.0
33.0
29.0
29.0
33.0
33.0
34.0
30.0
33.0
34.0
30.0
77.0
84.0
88.0
82.0
78.0
85.0
83.0
83.0
80.0
91.0
79.0
81.0
73.0
80.0
80.0
80.0
80.0
73.0
80.0
88.0
73.0
73.0
79.0
79.0
72.0
80.0
80.0
77.0
77.0
86.0
72.0
70.0
71.0
77.0
76.0
77.0
77.0
77.0
77.0
84.0
68.0
30.0
30.0
34.0
34.0
34.0
33.0
33.0
34.0
32.0
76.0
79.0
80.0
78.0
76.0
80.0
77.0
78.0
76.0
86.0
75.0
110.0
105.0
111.0
110.0
105.0
105.0
109.0
110.0
117.0
102.0
71.0
79.0
71.0
69.0
80.0
77.0
77.0
76.0
37.0
69.0
82.0
69.0
45.0
30.0
76.0
76.0
34.0
33.0
34.0
31.0
30.0
33.0
34.0
34.0
30.0
30.0
31.0
37.0
30.0
74.0
80.0
80.0
79.0
79.0
80.0
75.0
74.0
75.0
75.0
76.0
76.0
75.0
76.0
76.0
77.0
74.0
74.0
74.0
74.0
75.0
75.0
75.0
74.0
74.0
75.0
74.0
71.0
72.0
72.0
75.0
73.0
74.0
72.0
74.0
72.0
74.0
71.0
71.0
71.0
70.0
32.0
33.0
32.0
32.0
31.0
31.0
32.0
31.0
31.0
77.0
77.0
77.0
77.0
75.0
75.0
77.0
74.0
75.0
74.0
77.0
74.0
76.0
77.0
76.0
75.0
76.0
74.0
74.0
75.0
74.0
74.0
75.0
76.0
73.0
75.0
72.0
72.0
72.0
31.0
71.0
71.0
71.0
48.0
32.0
73.0
73.0
32.0
32.0
31.0
32.0
31.0
31.0
32.0
31.0
31.0
32.0
32.0
32.0
32.0
75.0
77.0
78.0
74.0
78.0
76.0
78.0
78.0
74.0
74.0
77.0
74.0
78.0
77.0
78.0
75.0
74.0
78.0
75.0
78.0
91.0
90.0
93.0
92.0
92.0
91.0
91.0
87.0
90.0
90.0
75.0
72.0
75.0
74.0
74.0
72.0
72.0
71.0
74.0
74.0
70.0
31.0
32.0
31.0
32.0
32.0
31.0
32.0
32.0
31.0
76.0
76.0
76.0
76.0
74.0
76.0
75.0
75.0
76.0
74.0
74.0
74.0
75.0
74.0
75.0
74.0
74.0
75.0
75.0
74.0
73.0
74.0
74.0
73.0
72.0
74.0
73.0
71.0
71.0
32.0
71.0
72.0
71.0
46.0
31.0
72.0
71.0
33.0
31.0
32.0
31.0
32.0
32.0
32.0
31.0
32.0
32.0
32.0
32.0
31.0
75.0
75.0
75.0
75.0
75.0
75.0
75.0
75.0
75.0
75.0
75.0
75.0
74.0
74.0
75.0
75.0
75.0
75.0
75.0
74.0
75.0
74.0
74.0
74.0
73.0
75.0
73.0
72.0
71.0
72.0
75.0
71.0
72.0
71.0
71.0
71.0
71.0
72.0
72.0
71.0
70.0
32.0
31.0
32.0
32.0
31.0
31.0
31.0
31.0
32.0
75.0
75.0
74.0
75.0
75.0
75.0
75.0
75.0
75.0
74.0
75.0
74.0
74.0
74.0
74.0
74.0
75.0
75.0
74.0
75.0
73.0
75.0
73.0
74.0
71.0
88.0
86.0
86.0
86.0
31.0
87.0
87.0
86.0
62.0
47.0
87.0
73.0
33.0
33.0
32.0
32.0
31.0
32.0
31.0
31.0
32.0
31.0
32.0
31.0
32.0
76.0
75.0
74.0
74.0
74.0
75.0
75.0
74.0
75.0
74.0
75.0
75.0
75.0
75.0
74.0
75.0
75.0
74.0
74.0
74.0
75.0
74.0
74.0
74.0
74.0
74.0
74.0
71.0
71.0
72.0
75.0
72.0
72.0
72.0
72.0
72.0
72.0
71.0
71.0
71.0
69.0
31.0
31.0
31.0
31.0
31.0
32.0
32.0
31.0
31.0
76.0
75.0
75.0
75.0
74.0
74.0
74.0
75.0
74.0
75.0
74.0
75.0
74.0
74.0
74.0
75.0
74.0
74.0
74.0
74.0
75.0
74.0
74.0
74.0
72.0
74.0
71.0
72.0
72.0
32.0
71.0
72.0
71.0
47.0
32.0
71.0
72.0
31.0
31.0
31.0
31.0
31.0
32.0
31.0
32.0
31.0
32.0
31.0
32.0
32.0
75.0
75.0
74.0
75.0
75.0
76.0
75.0
75.0
75.0
74.0
76.0
75.0
74.0
75.0
74.0
75.0
75.0
74.0
75.0
74.0
75.0
74.0
74.0
74.0
74.0
75.0
74.0
72.0
72.0
71.0
89.0
72.0
86.0
86.0
86.0
87.0
86.0
87.0
87.0
87.0
86.0
33.0
33.0
33.0
32.0
32.0
32.0
32.0
32.0
31.0
75.0
74.0
75.0
75.0
74.0
75.0
75.0
75.0
75.0
75.0
74.0
75.0
74.0
74.0
74.0
76.0
75.0
75.0
74.0
74.0
73.0
73.0
75.0
74.0
71.0
75.0
72.0
72.0
72.0
32.0
73.0
72.0
72.0
46.0
32.0
71.0
73.0
32.0
32.0
31.0
33.0
32.0
33.0
32.0
33.0
32.0
32.0
31.0
31.0
31.0
111.0
110.0
111.0
112.0
111.0
113.0
112.0
111.0
110.0
110.0
75.0
74.0
75.0
75.0
75.0
76.0
74.0
75.0
75.0
74.0
75.0
73.0
74.0
74.0
74.0
75.0
74.0
72.0
72.0
71.0
75.0
72.0
72.0
72.0
72.0
72.0
72.0
72.0
72.0
71.0
70.0
32.0
32.0
32.0
32.0
31.0
32.0
32.0
32.0
32.0
75.0
75.0
74.0
75.0
75.0
75.0
74.0
74.0
74.0
74.0
75.0
74.0
74.0
75.0
74.0
75.0
74.0
75.0
75.0
75.0
74.0
74.0
74.0
74.0
72.0
74.0
72.0
72.0
71.0
31.0
72.0
72.0
72.0
47.0
32.0
72.0
71.0
31.0
31.0
32.0
31.0
32.0
32.0
31.0
31.0
32.0
31.0
31.0
31.0
32.0
76.0
76.0
75.0
75.0
75.0
75.0
76.0
75.0
75.0
75.0
76.0
75.0
75.0
74.0
74.0
76.0
75.0
74.0
75.0
74.0
76.0
74.0
74.0
74.0
74.0
74.0
74.0
72.0
72.0
72.0
74.0
71.0
72.0
72.0
71.0
72.0
71.0
72.0
72.0
72.0
70.0
31.0
32.0
32.0
32.0
31.0
32.0
31.0
32.0
32.0
75.0
74.0
75.0
75.0
74.0
75.0
75.0
74.0
89.0
91.0
91.0
90.0
90.0
90.0
91.0
91.0
91.0
91.0
76.0
74.0
75.0
74.0
75.0
73.0
71.0
74.0
71.0
72.0
71.0
32.0
73.0
71.0
72.0
46.0
31.0
72.0
72.0
32.0
31.0
32.0
32.0
32.0
31.0
31.0
31.0
31.0
31.0
32.0
31.0
31.0
76.0
75.0
76.0
75.0
74.0
75.0
75.0
74.0
75.0
75.0
75.0
75.0
74.0
74.0
74.0
77.0
76.0
74.0
74.0
75.0
76.0
74.0
74.0
75.0
74.0
75.0
74.0
72.0
72.0
71.0
75.0
72.0
72.0
72.0
72.0
72.0
72.0
72.0
71.0
72.0
69.0
32.0
31.0
31.0
31.0
31.0
31.0
32.0
31.0
31.0
75.0
75.0
76.0
75.0
75.0
76.0
74.0
75.0
74.0
75.0
75.0
74.0
74.0
75.0
74.0
74.0
74.0
74.0
74.0
75.0
74.0
74.0
74.0
74.0
72.0
74.0
72.0
71.0
71.0
31.0
72.0
71.0
72.0
47.0
31.0
72.0
72.0
32.0
32.0
31.0
32.0
31.0
31.0
31.0
32.0
31.0
32.0
32.0
31.0
31.0
75.0
75.0
74.0
74.0
74.0
75.0
75.0
75.0
75.0
75.0
75.0
75.0
74.0
74.0
75.0
91.0
89.0
90.0
90.0
90.0
91.0
91.0
91.0
91.0
90.0
76.0
75.0
72.0
73.0
72.0
75.0
71.0
72.0
71.0
71.0
72.0
73.0
72.0
72.0
71.0
70.0
32.0
31.0
31.0
32.0
32.0
31.0
31.0
31.0
31.0
75.0
75.0
75.0
74.0
74.0
75.0
75.0
75.0
75.0
74.0
75.0
74.0
74.0
75.0
75.0
74.0
74.0
74.0
74.0
74.0
74.0
75.0
75.0
74.0
71.0
74.0
72.0
72.0
71.0
32.0
72.0
71.0
71.0
46.0
31.0
72.0
72.0
31.0
31.0
32.0
32.0
31.0
31.0
32.0
32.0
31.0
31.0
32.0
32.0
32.0
75.0
75.0
75.0
75.0
74.0
75.0
75.0
74.0
75.0
74.0
75.0
75.0
74.0
75.0
74.0
75.0
75.0
75.0
75.0
75.0
75.0
74.0
74.0
74.0
74.0
75.0
74.0
71.0
71.0
72.0
75.0
72.0
72.0
71.0
72.0
72.0
72.0
72.0
71.0
72.0
70.0
31.0
32.0
32.0
31.0
31.0
31.0
31.0
32.0
31.0
75.0
74.0
75.0
75.0
74.0
75.0
75.0
74.0
75.0
74.0
74.0
75.0
75.0
74.0
75.0
75.0
74.0
75.0
74.0
74.0
90.0
91.0
90.0
89.0
87.0
91.0
87.0
87.0
88.0
47.0
71.0
71.0
71.0
47.0
32.0
72.0
72.0
31.0
32.0
31.0
31.0
32.0
31.0
31.0
31.0
32.0
33.0
32.0
32.0
31.0
75.0
76.0
74.0
74.0
75.0
75.0
74.0
75.0
74.0
75.0
75.0
74.0
75.0
75.0
75.0
76.0
75.0
75.0
74.0
75.0
74.0
74.0
74.0
74.0
74.0
74.0
74.0
72.0
72.0
72.0
112.0
108.0
110.0
109.0
132.0
110.0
108.0
110.0
107.0
147.0
70.0
30.0
32.0
31.0
31.0
31.0
31.0
32.0
52.0
31.0
75.0
75.0
73.0
75.0
73.0
75.0
74.0
87.0
75.0
79.0
75.0
75.0
75.0
75.0
75.0
74.0
74.0
74.0
74.0
74.0
74.0
74.0
74.0
73.0
71.0
75.0
72.0
72.0
72.0
32.0
72.0
71.0
71.0
47.0
31.0
71.0
72.0
32.0
31.0
31.0
32.0
31.0
32.0
31.0
32.0
31.0
32.0
32.0
32.0
32.0
75.0
75.0
75.0
75.0
74.0
76.0
76.0
75.0
74.0
75.0
76.0
75.0
74.0
74.0
74.0
75.0
75.0
74.0
74.0
74.0
75.0
75.0
75.0
74.0
74.0
75.0
74.0
72.0
71.0
72.0
74.0
71.0
72.0
71.0
72.0
71.0
72.0
72.0
72.0
71.0
70.0
31.0
32.0
31.0
31.0
31.0
33.0
32.0
32.0
32.0
75.0
74.0
75.0
75.0
75.0
75.0
74.0
75.0
75.0
74.0
75.0
74.0
74.0
74.0
74.0
74.0
74.0
74.0
74.0
75.0
74.0
74.0
73.0
74.0
72.0
74.0
72.0
72.0
72.0
31.0
72.0
71.0
72.0
48.0
31.0
86.0
87.0
31.0
32.0
31.0
32.0
47.0
46.0
46.0
47.0
47.0
47.0
48.0
48.0
33.0
77.0
76.0
76.0
75.0
75.0
75.0
75.0
74.0
74.0
75.0
75.0
74.0
75.0
75.0
74.0
76.0
74.0
75.0
74.0
75.0
75.0
74.0
74.0
73.0
74.0
74.0
74.0
71.0
72.0
71.0
75.0
71.0
71.0
71.0
72.0
71.0
72.0
71.0
71.0
72.0
69.0
32.0
31.0
31.0
31.0
31.0
31.0
32.0
31.0
31.0
75.0
74.0
75.0
75.0
75.0
75.0
74.0
74.0
75.0
74.0
75.0
74.0
75.0
74.0
74.0
75.0
74.0
74.0
74.0
75.0
73.0
74.0
74.0
75.0
72.0
74.0
71.0
72.0
72.0
31.0
71.0
72.0
71.0
47.0
32.0
71.0
72.0
31.0
31.0
31.0
31.0
31.0
31.0
32.0
32.0
32.0
32.0
31.0
31.0
31.0
76.0
75.0
75.0
76.0
75.0
75.0
75.0
75.0
74.0
74.0
75.0
75.0
74.0
74.0
74.0
75.0
74.0
74.0
75.0
75.0
75.0
74.0
74.0
74.0
73.0
74.0
74.0
72.0
71.0
72.0
74.0
72.0
72.0
71.0
72.0
72.0
72.0
71.0
72.0
71.0
84.0
31.0
31.0
32.0
32.0
32.0
32.0
32.0
31.0
31.0
91.0
91.0
90.0
91.0
90.0
91.0
91.0
91.0
91.0
76.0
75.0
74.0
74.0
74.0
75.0
75.0
74.0
74.0
75.0
74.0
74.0
73.0
74.0
74.0
71.0
74.0
72.0
72.0
71.0
32.0
71.0
71.0
71.0
46.0
31.0
72.0
71.0
32.0
31.0
31.0
32.0
31.0
32.0
31.0
32.0
31.0
30.0
30.0
29.0
28.0
