20.0
18.0
18.0
1.0
1.0
1.0
1.0
1.0
1.0
1.0
17.0
17.0
108.0
221.0
221.0
221.0
220.0
220.0
220.0
220.0
219.0
220.0
219.0
220.0
220.0
220.0
220.0
220.0
221.0
220.0
14.0
14.0
105.0
218.0
239.0
239.0
238.0
238.0
239.0
239.0
239.0
239.0
238.0
239.0
217.0
218.0
218.0
218.0
217.0
218.0
14.0
15.0
105.0
218.0
217.0
217.0
218.0
218.0
218.0
218.0
218.0
218.0
218.0
218.0
218.0
217.0
218.0
218.0
218.0
218.0
14.0
14.0
105.0
217.0
217.0
217.0
218.0
218.0
218.0
217.0
217.0
217.0
217.0
218.0
218.0
218.0
217.0
217.0
218.0
218.0
13.0
14.0
106.0
217.0
217.0
217.0
217.0
217.0
218.0
217.0
218.0
217.0
218.0
218.0
218.0
218.0
218.0
217.0
217.0
218.0
13.0
14.0
105.0
217.0
217.0
217.0
217.0
217.0
217.0
217.0
217.0
217.0
217.0
218.0
217.0
217.0
217.0
217.0
217.0
217.0
14.0
13.0
105.0
217.0
218.0
217.0
218.0
217.0
217.0
217.0
218.0
217.0
218.0
217.0
217.0
217.0
217.0
217.0
218.0
217.0
13.0
14.0
105.0
216.0
217.0
217.0
218.0
217.0
217.0
217.0
217.0
217.0
217.0
217.0
217.0
217.0
217.0
217.0
217.0
217.0
14.0
13.0
105.0
217.0
217.0
217.0
217.0
217.0
217.0
217.0
238.0
239.0
239.0
240.0
240.0
239.0
239.0
239.0
239.0
239.0
14.0
14.0
105.0
217.0
217.0
217.0
217.0
217.0
217.0
217.0
217.0
217.0
217.0
208.0
207.0
205.0
202.0
191.0
188.0
186.0
17.0
17.0
110.0
222.0
222.0
232.0
222.0
222.0
222.0
222.0
221.0
222.0
220.0
220.0
221.0
220.0
220.0
220.0
220.0
231.0
15.0
14.0
105.0
218.0
218.0
218.0
218.0
218.0
218.0
218.0
218.0
218.0
228.0
221.0
218.0
217.0
218.0
218.0
218.0
218.0
17.0
17.0
108.0
221.0
231.0
221.0
221.0
221.0
221.0
222.0
221.0
221.0
221.0
221.0
221.0
232.0
221.0
221.0
221.0
220.0
14.0
15.0
106.0
218.0
218.0
218.0
218.0
228.0
218.0
218.0
218.0
218.0
219.0
219.0
218.0
218.0
219.0
229.0
219.0
218.0
17.0
16.0
108.0
221.0
220.0
220.0
221.0
220.0
220.0
220.0
230.0
220.0
221.0
220.0
224.0
224.0
223.0
224.0
225.0
225.0
15.0
15.0
108.0
222.0
224.0
222.0
220.0
219.0
219.0
218.0
219.0
218.0
218.0
218.0
218.0
218.0
218.0
218.0
217.0
218.0
16.0
16.0
108.0
221.0
220.0
220.0
220.0
220.0
220.0
220.0
220.0
221.0
220.0
220.0
220.0
220.0
220.0
221.0
220.0
238.0
14.0
14.0
106.0
237.0
238.0
237.0
238.0
237.0
238.0
237.0
237.0
238.0
219.0
218.0
217.0
218.0
217.0
218.0
218.0
217.0
16.0
17.0
109.0
220.0
220.0
220.0
220.0
220.0
220.0
220.0
220.0
220.0
220.0
220.0
220.0
220.0
221.0
221.0
220.0
221.0
14.0
14.0
106.0
218.0
217.0
218.0
218.0
218.0
218.0
217.0
217.0
217.0
217.0
218.0
217.0
217.0
217.0
217.0
218.0
217.0
16.0
17.0
108.0
220.0
219.0
220.0
220.0
220.0
220.0
219.0
220.0
219.0
220.0
220.0
219.0
219.0
219.0
219.0
220.0
220.0
14.0
15.0
106.0
218.0
218.0
218.0
218.0
218.0
218.0
219.0
218.0
218.0
218.0
218.0
218.0
217.0
218.0
218.0
218.0
217.0
16.0
16.0
108.0
220.0
220.0
219.0
219.0
220.0
219.0
220.0
220.0
219.0
220.0
219.0
219.0
220.0
220.0
219.0
221.0
220.0
14.0
14.0
105.0
217.0
218.0
218.0
218.0
218.0
217.0
217.0
218.0
217.0
217.0
218.0
217.0
218.0
217.0
217.0
217.0
218.0
3.0
3.0
4.0
115.0
115.0
115.0
115.0
116.0
115.0
116.0
116.0
115.0
115.0
115.0
115.0
116.0
115.0
115.0
134.0
133.0
1.0
1.0
1.0
132.0
131.0
132.0
132.0
131.0
131.0
132.0
132.0
114.0
113.0
113.0
113.0
113.0
114.0
114.0
114.0
114.0
3.0
3.0
3.0
116.0
116.0
117.0
116.0
117.0
116.0
116.0
115.0
115.0
116.0
115.0
115.0
115.0
115.0
115.0
115.0
115.0
1.0
1.0
1.0
113.0
113.0
113.0
113.0
113.0
113.0
113.0
113.0
114.0
114.0
113.0
114.0
113.0
113.0
114.0
113.0
114.0
3.0
3.0
3.0
116.0
115.0
115.0
116.0
115.0
115.0
115.0
115.0
115.0
115.0
115.0
115.0
115.0
115.0
115.0
115.0
115.0
1.0
1.0
1.0
113.0
114.0
113.0
113.0
113.0
113.0
113.0
113.0
113.0
114.0
114.0
113.0
114.0
113.0
113.0
114.0
113.0
14.0
14.0
105.0
219.0
219.0
219.0
219.0
219.0
220.0
220.0
219.0
220.0
220.0
218.0
218.0
218.0
218.0
217.0
217.0
217.0
14.0
13.0
105.0
217.0
217.0
217.0
217.0
218.0
217.0
217.0
217.0
217.0
218.0
218.0
216.0
218.0
217.0
217.0
218.0
217.0
14.0
15.0
105.0
217.0
217.0
217.0
218.0
218.0
217.0
218.0
217.0
217.0
218.0
218.0
218.0
218.0
218.0
218.0
218.0
218.0
14.0
14.0
105.0
218.0
217.0
217.0
217.0
217.0
217.0
218.0
217.0
218.0
217.0
217.0
217.0
217.0
217.0
217.0
217.0
217.0
14.0
15.0
105.0
217.0
218.0
217.0
218.0
218.0
218.0
217.0
218.0
218.0
218.0
218.0
217.0
218.0
218.0
236.0
237.0
237.0
14.0
14.0
105.0
236.0
236.0
237.0
236.0
236.0
237.0
236.0
217.0
217.0
217.0
219.0
219.0
219.0
219.0
219.0
219.0
220.0
14.0
14.0
108.0
219.0
220.0
218.0
218.0
218.0
218.0
218.0
218.0
217.0
218.0
218.0
218.0
218.0
218.0
218.0
221.0
219.0
13.0
14.0
106.0
220.0
219.0
219.0
218.0
219.0
218.0
218.0
219.0
219.0
218.0
217.0
217.0
217.0
218.0
218.0
219.0
218.0
14.0
14.0
107.0
219.0
219.0
219.0
218.0
220.0
219.0
220.0
219.0
218.0
219.0
219.0
219.0
220.0
220.0
219.0
219.0
220.0
13.0
14.0
106.0
218.0
218.0
218.0
218.0
218.0
218.0
218.0
219.0
218.0
223.0
219.0
220.0
219.0
219.0
220.0
220.0
220.0
14.0
15.0
106.0
219.0
220.0
219.0
219.0
220.0
221.0
221.0
219.0
219.0
219.0
219.0
221.0
219.0
220.0
220.0
219.0
219.0
13.0
14.0
106.0
218.0
218.0
219.0
221.0
219.0
219.0
219.0
218.0
218.0
218.0
219.0
218.0
219.0
222.0
219.0
219.0
218.0
15.0
14.0
106.0
220.0
220.0
220.0
220.0
239.0
238.0
240.0
238.0
237.0
238.0
238.0
238.0
237.0
237.0
218.0
219.0
219.0
1.0
0.0
1.0
114.0
114.0
114.0
113.0
113.0
112.0
113.0
113.0
113.0
113.0
114.0
113.0
115.0
118.0
114.0
115.0
115.0
1.0
2.0
1.0
116.0
116.0
115.0
116.0
118.0
120.0
127.0
123.0
125.0
124.0
124.0
129.0
126.0
133.0
129.0
130.0
126.0
1.0
0.0
1.0
130.0
125.0
125.0
125.0
125.0
125.0
124.0
125.0
123.0
121.0
120.0
117.0
118.0
117.0
117.0
116.0
112.0
1.0
2.0
1.0
113.0
113.0
113.0
113.0
114.0
114.0
114.0
113.0
114.0
114.0
114.0
114.0
114.0
114.0
113.0
113.0
113.0
1.0
0.0
0.0
113.0
113.0
113.0
113.0
113.0
113.0
112.0
113.0
113.0
113.0
113.0
113.0
113.0
113.0
112.0
113.0
113.0
2.0
1.0
1.0
113.0
113.0
113.0
113.0
113.0
113.0
113.0
114.0
113.0
113.0
113.0
113.0
113.0
113.0
113.0
113.0
113.0
0.0
1.0
1.0
113.0
113.0
114.0
114.0
114.0
114.0
114.0
114.0
114.0
114.0
113.0
114.0
113.0
113.0
113.0
113.0
113.0
14.0
14.0
105.0
218.0
218.0
218.0
217.0
218.0
217.0
217.0
217.0
218.0
218.0
217.0
217.0
217.0
217.0
217.0
217.0
218.0
14.0
13.0
105.0
218.0
217.0
217.0
217.0
217.0
217.0
218.0
217.0
218.0
217.0
218.0
219.0
218.0
218.0
218.0
219.0
218.0
14.0
14.0
106.0
219.0
218.0
217.0
217.0
217.0
217.0
217.0
217.0
217.0
217.0
217.0
217.0
217.0
217.0
217.0
217.0
217.0
14.0
14.0
105.0
217.0
216.0
217.0
217.0
218.0
217.0
217.0
218.0
236.0
236.0
236.0
236.0
236.0
236.0
235.0
236.0
235.0
32.0
13.0
105.0
218.0
217.0
217.0
217.0
217.0
218.0
218.0
218.0
217.0
218.0
218.0
218.0
218.0
219.0
219.0
218.0
218.0
13.0
14.0
107.0
218.0
217.0
217.0
217.0
217.0
217.0
217.0
217.0
217.0
217.0
217.0
217.0
217.0
217.0
218.0
218.0
217.0
13.0
14.0
105.0
218.0
217.0
218.0
217.0
217.0
218.0
217.0
217.0
217.0
217.0
217.0
217.0
220.0
217.0
218.0
217.0
217.0
13.0
14.0
105.0
217.0
217.0
222.0
217.0
218.0
218.0
217.0
217.0
217.0
218.0
217.0
218.0
218.0
217.0
217.0
217.0
217.0
13.0
14.0
106.0
217.0
217.0
216.0
217.0
217.0
217.0
217.0
217.0
217.0
217.0
217.0
217.0
218.0
217.0
217.0
218.0
217.0
13.0
14.0
105.0
218.0
217.0
217.0
217.0
217.0
217.0
217.0
217.0
216.0
217.0
217.0
218.0
216.0
217.0
217.0
217.0
218.0
14.0
14.0
105.0
217.0
217.0
217.0
217.0
217.0
217.0
217.0
217.0
217.0
217.0
217.0
217.0
217.0
217.0
217.0
235.0
237.0
14.0
13.0
105.0
236.0
236.0
236.0
236.0
236.0
236.0
236.0
236.0
217.0
217.0
216.0
217.0
217.0
216.0
217.0
217.0
217.0
0.0
1.0
1.0
112.0
113.0
112.0
112.0
113.0
113.0
112.0
113.0
112.0
113.0
113.0
112.0
112.0
113.0
113.0
114.0
114.0
0.0
0.0
1.0
113.0
114.0
114.0
114.0
114.0
114.0
113.0
113.0
113.0
113.0
113.0
113.0
113.0
113.0
113.0
113.0
113.0
1.0
1.0
0.0
113.0
112.0
112.0
113.0
112.0
112.0
112.0
113.0
113.0
113.0
113.0
113.0
113.0
112.0
113.0
112.0
113.0
0.0
1.0
0.0
112.0
112.0
113.0
112.0
112.0
113.0
112.0
112.0
112.0
112.0
113.0
113.0
112.0
113.0
113.0
112.0
113.0
1.0
0.0
0.0
113.0
113.0
113.0
113.0
113.0
113.0
112.0
113.0
113.0
113.0
112.0
113.0
113.0
112.0
112.0
113.0
113.0
0.0
1.0
1.0
112.0
113.0
112.0
113.0
113.0
113.0
113.0
112.0
112.0
113.0
113.0
113.0
112.0
113.0
112.0
112.0
113.0
1.0
0.0
1.0
113.0
113.0
112.0
113.0
112.0
113.0
112.0
113.0
113.0
113.0
112.0
113.0
113.0
112.0
113.0
113.0
113.0
1.0
0.0
1.0
113.0
113.0
112.0
112.0
112.0
113.0
113.0
113.0
112.0
113.0
112.0
113.0
113.0
112.0
112.0
112.0
113.0
13.0
13.0
105.0
217.0
217.0
217.0
217.0
223.0
217.0
218.0
218.0
218.0
218.0
218.0
218.0
218.0
218.0
218.0
218.0
217.0
13.0
14.0
105.0
217.0
217.0
217.0
217.0
217.0
217.0
217.0
217.0
217.0
217.0
217.0
217.0
217.0
217.0
217.0
217.0
217.0
13.0
14.0
105.0
218.0
217.0
217.0
217.0
217.0
217.0
217.0
217.0
217.0
217.0
217.0
217.0
238.0
238.0
238.0
238.0
238.0
14.0
14.0
125.0
237.0
237.0
237.0
237.0
218.0
217.0
217.0
216.0
217.0
217.0
216.0
217.0
217.0
217.0
217.0
216.0
217.0
14.0
14.0
105.0
219.0
219.0
219.0
219.0
219.0
219.0
219.0
219.0
219.0
219.0
217.0
218.0
218.0
217.0
217.0
218.0
217.0
13.0
13.0
105.0
217.0
217.0
217.0
218.0
217.0
217.0
217.0
217.0
217.0
217.0
217.0
217.0
218.0
217.0
217.0
217.0
217.0
14.0
13.0
105.0
217.0
216.0
217.0
217.0
217.0
217.0
217.0
217.0
217.0
218.0
218.0
218.0
218.0
221.0
218.0
218.0
219.0
14.0
13.0
106.0
219.0
218.0
219.0
219.0
219.0
219.0
227.0
220.0
220.0
220.0
220.0
220.0
220.0
220.0
220.0
219.0
222.0
14.0
14.0
106.0
217.0
217.0
217.0
217.0
217.0
216.0
217.0
217.0
217.0
217.0
217.0
217.0
217.0
217.0
217.0
218.0
217.0
13.0
14.0
105.0
217.0
217.0
217.0
218.0
217.0
218.0
217.0
217.0
216.0
217.0
217.0
217.0
217.0
217.0
216.0
217.0
216.0
14.0
13.0
105.0
217.0
217.0
237.0
237.0
237.0
237.0
237.0
237.0
237.0
237.0
237.0
237.0
217.0
217.0
217.0
217.0
217.0
13.0
13.0
105.0
217.0
217.0
216.0
217.0
217.0
217.0
217.0
216.0
217.0
217.0
217.0
217.0
217.0
217.0
218.0
217.0
218.0
1.0
1.0
0.0
113.0
113.0
114.0
113.0
114.0
114.0
114.0
114.0
113.0
112.0
113.0
112.0
113.0
113.0
112.0
112.0
117.0
0.0
1.0
0.0
112.0
113.0
113.0
112.0
113.0
112.0
112.0
113.0
113.0
113.0
113.0
113.0
112.0
113.0
112.0
113.0
113.0
0.0
0.0
1.0
113.0
113.0
113.0
113.0
112.0
113.0
113.0
114.0
113.0
113.0
112.0
112.0
112.0
113.0
113.0
113.0
113.0
0.0
1.0
0.0
113.0
113.0
113.0
114.0
113.0
113.0
112.0
113.0
113.0
112.0
113.0
113.0
112.0
112.0
113.0
113.0
113.0
1.0
0.0
1.0
112.0
112.0
112.0
113.0
112.0
113.0
113.0
113.0
113.0
113.0
113.0
113.0
113.0
113.0
113.0
113.0
113.0
0.0
1.0
1.0
112.0
112.0
112.0
113.0
113.0
112.0
112.0
113.0
112.0
112.0
113.0
113.0
113.0
113.0
112.0
113.0
113.0
0.0
1.0
1.0
112.0
113.0
113.0
112.0
113.0
113.0
112.0
113.0
112.0
112.0
113.0
112.0
113.0
113.0
112.0
112.0
113.0
1.0
0.0
1.0
113.0
113.0
113.0
113.0
112.0
113.0
113.0
113.0
112.0
112.0
112.0
112.0
112.0
112.0
113.0
112.0
112.0
14.0
14.0
105.0
217.0
217.0
217.0
217.0
217.0
217.0
217.0
217.0
217.0
217.0
217.0
217.0
217.0
218.0
218.0
217.0
217.0
14.0
13.0
105.0
217.0
217.0
217.0
217.0
217.0
217.0
217.0
217.0
217.0
217.0
217.0
217.0
217.0
239.0
238.0
239.0
238.0
13.0
14.0
105.0
239.0
238.0
239.0
239.0
238.0
238.0
217.0
217.0
217.0
217.0
218.0
217.0
218.0
218.0
218.0
218.0
218.0
14.0
13.0
106.0
223.0
218.0
217.0
217.0
217.0
217.0
217.0
217.0
217.0
217.0
218.0
218.0
219.0
219.0
223.0
225.0
232.0
14.0
14.0
106.0
232.0
232.0
227.0
227.0
227.0
229.0
228.0
225.0
223.0
220.0
218.0
218.0
218.0
218.0
217.0
219.0
218.0
14.0
14.0
105.0
218.0
218.0
217.0
216.0
217.0
217.0
217.0
218.0
217.0
217.0
217.0
217.0
217.0
218.0
217.0
217.0
217.0
13.0
14.0
105.0
217.0
217.0
217.0
217.0
217.0
218.0
217.0
217.0
217.0
218.0
217.0
217.0
217.0
217.0
218.0
217.0
217.0
14.0
13.0
105.0
217.0
216.0
217.0
217.0
217.0
217.0
217.0
217.0
217.0
217.0
217.0
217.0
217.0
217.0
217.0
217.0
217.0
13.0
14.0
105.0
217.0
217.0
218.0
217.0
217.0
217.0
218.0
217.0
218.0
217.0
217.0
217.0
217.0
217.0
218.0
217.0
217.0
14.0
13.0
105.0
217.0
217.0
217.0
218.0
217.0
238.0
238.0
238.0
238.0
238.0
238.0
238.0
238.0
237.0
238.0
217.0
217.0
13.0
13.0
105.0
217.0
217.0
217.0
218.0
217.0
217.0
217.0
217.0
217.0
217.0
217.0
217.0
217.0
217.0
217.0
217.0
217.0
13.0
14.0
105.0
217.0
216.0
217.0
217.0
217.0
217.0
218.0
218.0
219.0
219.0
219.0
219.0
219.0
218.0
218.0
218.0
218.0
1.0
0.0
1.0
112.0
112.0
112.0
112.0
112.0
112.0
113.0
113.0
113.0
113.0
113.0
112.0
112.0
113.0
113.0
113.0
113.0
0.0
1.0
1.0
112.0
112.0
112.0
113.0
112.0
113.0
112.0
112.0
112.0
112.0
113.0
112.0
113.0
112.0
113.0
113.0
113.0
1.0
1.0
0.0
113.0
113.0
113.0
112.0
113.0
112.0
113.0
113.0
112.0
112.0
112.0
113.0
112.0
113.0
112.0
113.0
112.0
0.0
1.0
0.0
113.0
113.0
113.0
113.0
112.0
113.0
113.0
113.0
113.0
113.0
113.0
113.0
113.0
113.0
113.0
113.0
113.0
1.0
0.0
1.0
113.0
113.0
113.0
113.0
112.0
113.0
113.0
113.0
113.0
112.0
113.0
112.0
112.0
112.0
112.0
112.0
112.0
0.0
1.0
0.0
112.0
113.0
113.0
112.0
113.0
113.0
113.0
113.0
113.0
113.0
113.0
113.0
113.0
113.0
112.0
113.0
112.0
0.0
1.0
1.0
112.0
113.0
113.0
113.0
113.0
112.0
113.0
113.0
112.0
113.0
113.0
112.0
112.0
112.0
112.0
112.0
112.0
1.0
0.0
1.0
113.0
113.0
113.0
113.0
113.0
113.0
114.0
114.0
114.0
113.0
110.0
107.0
106.0
105.0
106.0
103.0
94.0
