3.0
3.0
4.0
4.0
4.0
3.0
4.0
3.0
4.0
4.0
15.0
15.0
10.0
10.0
9.0
9.0
9.0
10.0
16.0
15.0
9.0
9.0
9.0
10.0
10.0
9.0
15.0
16.0
16.0
16.0
9.0
9.0
10.0
9.0
9.0
10.0
9.0
9.0
9.0
9.0
9.0
9.0
16.0
15.0
16.0
16.0
9.0
9.0
9.0
10.0
10.0
10.0
16.0
15.0
10.0
10.0
10.0
9.0
9.0
9.0
16.0
16.0
9.0
9.0
9.0
1418.0
1364.0
1346.0
1518.0
1680.0
3047.0
3269.0
2997.0
2939.0
2933.0
2895.0
2859.0
2886.0
2912.0
2849.0
2863.0
2861.0
2861.0
2866.0
2864.0
2887.0
2911.0
2886.0
2889.0
2867.0
2875.0
2868.0
2886.0
2854.0
2943.0
2797.0
2871.0
2834.0
2833.0
2866.0
2901.0
2902.0
2923.0
2898.0
2924.0
2887.0
2910.0
2917.0
2906.0
2816.0
9.0
9.0
8.0
8.0
10.0
9.0
9.0
9.0
8.0
9.0
9.0
9.0
9.0
8.0
9.0
9.0
9.0
9.0
9.0
10.0
8.0
8.0
9.0
9.0
10.0
9.0
8.0
8.0
8.0
10.0
9.0
9.0
9.0
8.0
10.0
9.0
9.0
9.0
8.0
9.0
8.0
8.0
9.0
9.0
10.0
9.0
8.0
9.0
9.0
10.0
9.0
8.0
9.0
8.0
10.0
1246.0
1255.0
1246.0
1247.0
1315.0
2884.0
3001.0
2923.0
2891.0
2899.0
2909.0
2991.0
2929.0
2900.0
2908.0
2852.0
2860.0
2912.0
2876.0
2915.0
2890.0
2883.0
2896.0
2887.0
2881.0
2877.0
2891.0
2851.0
2876.0
2871.0
2894.0
2848.0
2891.0
2885.0
2882.0
2880.0
2907.0
2875.0
2872.0
2868.0
2867.0
2903.0
2903.0
2902.0
2866.0
9.0
9.0
9.0
14.0
14.0
9.0
9.0
10.0
14.0
15.0
8.0
9.0
9.0
8.0
9.0
10.0
17.0
17.0
16.0
17.0
10.0
10.0
10.0
10.0
10.0
10.0
10.0
10.0
10.0
10.0
9.0
10.0
17.0
17.0
17.0
17.0
10.0
10.0
10.0
10.0
10.0
10.0
8.0
7.0
3.0
3.0
2.0
4.0
4.0
4.0
9.0
15.0
9.0
9.0
8.0
15.0
15.0
15.0
8.0
8.0
8.0
9.0
9.0
9.0
9.0
10.0
17.0
16.0
17.0
10.0
9.0
10.0
10.0
17.0
10.0
10.0
10.0
9.0
10.0
10.0
10.0
17.0
10.0
16.0
17.0
17.0
10.0
9.0
10.0
10.0
10.0
10.0
7.0
7.0
3.0
3.0
4.0
4.0
4.0
2.0
9.0
9.0
15.0
8.0
15.0
9.0
9.0
9.0
15.0
14.0
8.0
9.0
8.0
9.0
9.0
10.0
17.0
17.0
10.0
10.0
17.0
17.0
10.0
10.0
9.0
10.0
10.0
10.0
10.0
10.0
10.0
10.0
17.0
17.0
17.0
17.0
10.0
10.0
10.0
10.0
10.0
10.0
7.0
7.0
4.0
2.0
4.0
4.0
2.0
2.0
15.0
9.0
14.0
8.0
9.0
15.0
9.0
8.0
14.0
8.0
9.0
8.0
9.0
9.0
9.0
10.0
25.0
25.0
24.0
16.0
25.0
18.0
17.0
17.0
17.0
18.0
8.0
10.0
10.0
10.0
10.0
10.0
17.0
17.0
8.0
17.0
17.0
10.0
10.0
10.0
10.0
10.0
6.0
6.0
3.0
2.0
4.0
4.0
3.0
3.0
15.0
9.0
8.0
15.0
9.0
8.0
9.0
14.0
14.0
7.0
9.0
9.0
7.0
9.0
9.0
10.0
17.0
17.0
8.0
17.0
17.0
10.0
10.0
10.0
10.0
10.0
8.0
10.0
10.0
9.0
10.0
10.0
17.0
17.0
8.0
17.0
16.0
10.0
10.0
10.0
10.0
10.0
6.0
6.0
3.0
3.0
3.0
2.0
4.0
3.0
8.0
9.0
8.0
9.0
9.0
14.0
14.0
7.0
15.0
14.0
9.0
9.0
8.0
8.0
7.0
10.0
17.0
14.0
8.0
14.0
10.0
10.0
17.0
10.0
9.0
10.0
8.0
10.0
10.0
10.0
10.0
10.0
10.0
10.0
8.0
16.0
17.0
10.0
10.0
10.0
10.0
10.0
7.0
6.0
4.0
2.0
2.0
2.0
2.0
3.0
9.0
9.0
9.0
7.0
9.0
9.0
9.0
14.0
8.0
15.0
7.0
9.0
9.0
9.0
8.0
10.0
10.0
10.0
8.0
17.0
10.0
10.0
10.0
17.0
9.0
10.0
10.0
10.0
8.0
9.0
10.0
10.0
10.0
10.0
10.0
10.0
8.0
17.0
17.0
10.0
10.0
10.0
7.0
5.0
4.0
3.0
3.0
2.0
2.0
2.0
7.0
9.0
9.0
9.0
9.0
9.0
8.0
9.0
15.0
7.0
15.0
9.0
9.0
9.0
8.0
10.0
10.0
10.0
8.0
9.0
10.0
10.0
10.0
10.0
17.0
10.0
10.0
8.0
17.0
9.0
10.0
10.0
10.0
8.0
10.0
10.0
10.0
17.0
10.0
8.0
10.0
10.0
7.0
11.0
3.0
3.0
2.0
2.0
2.0
2.0
9.0
9.0
7.0
9.0
9.0
9.0
9.0
9.0
15.0
7.0
9.0
9.0
15.0
8.0
9.0
10.0
10.0
9.0
8.0
9.0
10.0
10.0
10.0
17.0
10.0
9.0
10.0
8.0
17.0
9.0
9.0
10.0
10.0
10.0
8.0
10.0
9.0
17.0
10.0
9.0
10.0
10.0
6.0
7.0
6.0
3.0
3.0
2.0
2.0
2.0
9.0
9.0
7.0
15.0
9.0
9.0
8.0
9.0
9.0
15.0
7.0
9.0
9.0
8.0
9.0
10.0
9.0
10.0
8.0
17.0
10.0
10.0
10.0
10.0
8.0
10.0
10.0
17.0
8.0
10.0
10.0
10.0
8.0
9.0
10.0
9.0
10.0
17.0
9.0
9.0
10.0
10.0
7.0
5.0
6.0
3.0
2.0
2.0
3.0
2.0
9.0
7.0
8.0
14.0
7.0
9.0
8.0
8.0
9.0
14.0
8.0
7.0
8.0
9.0
8.0
10.0
10.0
10.0
8.0
17.0
8.0
10.0
10.0
17.0
10.0
10.0
10.0
10.0
8.0
8.0
10.0
10.0
10.0
8.0
10.0
10.0
9.0
8.0
17.0
17.0
10.0
10.0
6.0
7.0
3.0
3.0
3.0
2.0
2.0
2.0
1389.0
1354.0
1266.0
1270.0
1349.0
1384.0
1327.0
1352.0
1381.0
1387.0
1247.0
1247.0
1247.0
1256.0
1257.0
1258.0
1249.0
1256.0
1259.0
1260.0
1313.0
1310.0
1321.0
1326.0
1340.0
1321.0
1325.0
1338.0
1340.0
1335.0
1272.0
1269.0
1267.0
1273.0
1280.0
1275.0
1260.0
1272.0
1273.0
1272.0
1246.0
1245.0
1242.0
1243.0
1262.0
2.0
3.0
2.0
2.0
2.0
2884.0
2855.0
2889.0
2886.0
2888.0
2853.0
2853.0
2854.0
2854.0
2880.0
2854.0
2883.0
2889.0
2908.0
2905.0
2931.0
2884.0
2930.0
2897.0
2942.0
2892.0
2994.0
2950.0
2958.0
2957.0
2876.0
2882.0
2875.0
2883.0
2878.0
2879.0
2934.0
2931.0
2931.0
2939.0
2878.0
2887.0
2886.0
2871.0
2907.0
2855.0
2885.0
2886.0
2878.0
2882.0
1590.0
1595.0
1607.0
1595.0
1611.0
2917.0
2931.0
2926.0
2923.0
2892.0
2907.0
2901.0
2908.0
2898.0
2922.0
2856.0
2855.0
2851.0
2857.0
2854.0
2892.0
2902.0
2890.0
2933.0
2911.0
2888.0
2905.0
2917.0
2909.0
2909.0
2918.0
2903.0
2928.0
2905.0
2914.0
2915.0
2867.0
2916.0
2883.0
2911.0
2929.0
2915.0
2924.0
2920.0
2926.0
2901.0
2907.0
2876.0
2902.0
2899.0
1571.0
1569.0
1586.0
1585.0
1580.0
2936.0
2938.0
2915.0
2911.0
2922.0
2911.0
2910.0
2937.0
2935.0
2896.0
2913.0
2922.0
2938.0
2918.0
2938.0
2824.0
2823.0
2826.0
2824.0
2825.0
2930.0
2907.0
2889.0
2915.0
2919.0
2918.0
2879.0
2896.0
2878.0
2904.0
2890.0
2900.0
2896.0
2907.0
2896.0
2905.0
2905.0
2894.0
2884.0
2904.0
2886.0
2892.0
2884.0
2894.0
2881.0
1647.0
1609.0
1646.0
1647.0
1634.0
2819.0
2829.0
2829.0
2830.0
2877.0
3066.0
2998.0
3022.0
2999.0
3021.0
2861.0
2861.0
2861.0
2855.0
2813.0
2873.0
2847.0
2842.0
2900.0
2890.0
2871.0
2873.0
2874.0
2877.0
2910.0
2901.0
2893.0
2889.0
2836.0
2856.0
2868.0
2862.0
2845.0
2869.0
2871.0
2890.0
2886.0
2885.0
2887.0
2890.0
2877.0
2863.0
2878.0
2882.0
2881.0
1652.0
1640.0
1641.0
1644.0
1660.0
2880.0
2929.0
2944.0
2940.0
2920.0
2873.0
2873.0
2902.0
2893.0
2903.0
2920.0
2902.0
2899.0
2902.0
2951.0
2883.0
2918.0
2893.0
2938.0
2882.0
2869.0
2888.0
2870.0
2882.0
2824.0
2828.0
2809.0
2888.0
2872.0
2901.0
2915.0
2915.0
2921.0
2919.0
2990.0
2854.0
2877.0
2814.0
2810.0
2803.0
2891.0
2908.0
2896.0
2875.0
2913.0
1670.0
1653.0
1632.0
1640.0
1631.0
2842.0
2841.0
2848.0
2845.0
2841.0
2895.0
2886.0
2891.0
2887.0
2899.0
2905.0
2930.0
2943.0
2971.0
2932.0
2949.0
2953.0
2964.0
2947.0
2954.0
2804.0
2819.0
2838.0
2813.0
2837.0
2897.0
2899.0
2898.0
2928.0
2899.0
2879.0
2848.0
2846.0
2847.0
2845.0
2896.0
2870.0
2877.0
2898.0
2918.0
2876.0
2916.0
2876.0
2908.0
2880.0
1562.0
1561.0
1555.0
1563.0
1565.0
2891.0
2906.0
2898.0
2899.0
2861.0
2855.0
2884.0
2885.0
2862.0
2896.0
2863.0
2902.0
2889.0
2942.0
2888.0
2881.0
2910.0
2900.0
2908.0
2904.0
2929.0
2863.0
2912.0
2877.0
2853.0
2912.0
2893.0
2848.0
2890.0
2857.0
2898.0
2899.0
2888.0
2902.0
2882.0
2895.0
2892.0
2893.0
2882.0
2877.0
2827.0
2819.0
2839.0
2842.0
2813.0
1549.0
1590.0
1579.0
1575.0
1569.0
2877.0
2871.0
2851.0
2873.0
2890.0
2885.0
2870.0
2873.0
2848.0
2858.0
2850.0
2863.0
2920.0
2890.0
2903.0
2932.0
2906.0
2930.0
2874.0
2935.0
2955.0
2967.0
2963.0
2942.0
2964.0
2924.0
2919.0
2919.0
2946.0
2896.0
2909.0
2906.0
2904.0
2867.0
2848.0
2868.0
2864.0
2863.0
2866.0
2865.0
2808.0
2827.0
2823.0
2826.0
2869.0
1557.0
1552.0
1553.0
1553.0
1550.0
8.0
8.0
8.0
8.0
9.0
8.0
8.0
8.0
8.0
10.0
8.0
8.0
8.0
8.0
9.0
9.0
9.0
9.0
9.0
3.0
9.0
9.0
9.0
9.0
3.0
10.0
9.0
9.0
2.0
2.0
9.0
9.0
9.0
3.0
3.0
10.0
10.0
9.0
2.0
2.0
9.0
3.0
3.0
2.0
2.0
2.0
2.0
2.0
2.0
3.0
8.0
8.0
8.0
8.0
9.0
8.0
8.0
8.0
8.0
9.0
8.0
9.0
8.0
8.0
9.0
10.0
9.0
9.0
9.0
2.0
10.0
9.0
9.0
9.0
3.0
9.0
35.0
35.0
2.0
2.0
35.0
35.0
36.0
2.0
3.0
10.0
9.0
10.0
3.0
2.0
10.0
4.0
3.0
3.0
3.0
2.0
2.0
3.0
2.0
2.0
8.0
9.0
8.0
9.0
10.0
9.0
8.0
8.0
8.0
9.0
8.0
8.0
8.0
8.0
9.0
9.0
9.0
9.0
9.0
3.0
9.0
9.0
9.0
9.0
2.0
9.0
9.0
9.0
2.0
2.0
10.0
10.0
10.0
2.0
3.0
10.0
10.0
9.0
2.0
2.0
9.0
3.0
3.0
3.0
2.0
2.0
2.0
2.0
2.0
2.0
8.0
8.0
8.0
8.0
9.0
8.0
8.0
8.0
8.0
9.0
8.0
8.0
8.0
8.0
9.0
9.0
9.0
9.0
9.0
2.0
9.0
9.0
9.0
9.0
3.0
9.0
9.0
9.0
3.0
2.0
10.0
9.0
9.0
2.0
3.0
10.0
9.0
10.0
2.0
2.0
9.0
3.0
3.0
2.0
2.0
2.0
2.0
2.0
3.0
2.0
8.0
8.0
8.0
8.0
9.0
8.0
8.0
8.0
8.0
9.0
8.0
9.0
8.0
8.0
9.0
9.0
10.0
9.0
9.0
2.0
10.0
10.0
9.0
9.0
2.0
9.0
9.0
9.0
2.0
2.0
9.0
9.0
10.0
3.0
2.0
10.0
9.0
9.0
2.0
2.0
9.0
4.0
4.0
2.0
2.0
2.0
2.0
2.0
2.0
2.0
8.0
8.0
8.0
8.0
9.0
8.0
8.0
8.0
8.0
9.0
8.0
8.0
8.0
8.0
9.0
9.0
9.0
9.0
9.0
2.0
9.0
10.0
9.0
9.0
2.0
9.0
9.0
9.0
2.0
2.0
10.0
9.0
9.0
2.0
3.0
9.0
9.0
9.0
3.0
2.0
9.0
3.0
3.0
2.0
3.0
2.0
2.0
2.0
3.0
2.0
8.0
8.0
8.0
7.0
9.0
8.0
8.0
8.0
8.0
9.0
8.0
8.0
8.0
8.0
9.0
10.0
9.0
10.0
10.0
2.0
9.0
9.0
9.0
9.0
2.0
9.0
9.0
9.0
2.0
3.0
10.0
9.0
9.0
2.0
2.0
9.0
10.0
10.0
2.0
2.0
9.0
4.0
3.0
2.0
3.0
2.0
2.0
2.0
2.0
2.0
8.0
9.0
8.0
8.0
9.0
8.0
8.0
8.0
8.0
9.0
8.0
8.0
8.0
8.0
9.0
10.0
9.0
9.0
9.0
2.0
10.0
9.0
9.0
10.0
3.0
9.0
9.0
9.0
2.0
2.0
9.0
9.0
9.0
2.0
2.0
9.0
9.0
9.0
3.0
2.0
9.0
3.0
3.0
2.0
2.0
2.0
2.0
3.0
2.0
2.0
47.0
48.0
46.0
47.0
47.0
46.0
47.0
47.0
46.0
9.0
8.0
8.0
8.0
8.0
10.0
9.0
9.0
9.0
9.0
3.0
9.0
9.0
9.0
9.0
2.0
9.0
9.0
9.0
2.0
2.0
9.0
10.0
10.0
2.0
3.0
10.0
9.0
10.0
3.0
3.0
10.0
3.0
3.0
2.0
2.0
2.0
2.0
2.0
2.0
2.0
8.0
8.0
8.0
8.0
9.0
9.0
8.0
8.0
8.0
9.0
8.0
8.0
8.0
9.0
9.0
10.0
10.0
10.0
9.0
3.0
9.0
10.0
10.0
9.0
2.0
9.0
9.0
9.0
2.0
2.0
10.0
10.0
10.0
3.0
2.0
9.0
9.0
9.0
2.0
2.0
9.0
4.0
4.0
3.0
2.0
2.0
2.0
2.0
2.0
3.0
8.0
8.0
8.0
8.0
9.0
8.0
8.0
8.0
8.0
9.0
8.0
8.0
8.0
8.0
9.0
10.0
9.0
9.0
10.0
2.0
9.0
9.0
10.0
9.0
3.0
10.0
9.0
10.0
3.0
2.0
9.0
9.0
9.0
2.0
3.0
9.0
9.0
10.0
2.0
2.0
9.0
3.0
3.0
2.0
3.0
2.0
2.0
3.0
3.0
2.0
1249.0
1250.0
1258.0
1264.0
1251.0
1264.0
1264.0
1261.0
1251.0
1250.0
1247.0
1249.0
1248.0
1248.0
1251.0
1250.0
1248.0
1250.0
1248.0
1240.0
1286.0
1311.0
1309.0
1311.0
1306.0
1308.0
1306.0
1302.0
1301.0
1300.0
1275.0
1253.0
1252.0
1245.0
1244.0
1259.0
1258.0
1256.0
1252.0
2.0
1276.0
1292.0
4.0
2.0
2.0
2.0
2.0
2.0
2.0
3.0
2907.0
2906.0
2951.0
2906.0
2906.0
2903.0
2947.0
2899.0
2951.0
2927.0
2905.0
2887.0
2905.0
2914.0
2881.0
2973.0
2898.0
2918.0
2916.0
2798.0
2927.0
2879.0
2867.0
2869.0
2899.0
2888.0
2900.0
2904.0
2899.0
2873.0
2874.0
2845.0
2928.0
2896.0
2937.0
2921.0
2954.0
2945.0
2903.0
1616.0
2877.0
2892.0
1585.0
1555.0
1568.0
1555.0
1565.0
1566.0
1567.0
1573.0
2855.0
2868.0
2887.0
2877.0
2890.0
2890.0
2892.0
2895.0
2830.0
2827.0
2907.0
2909.0
2911.0
2888.0
2934.0
2929.0
2930.0
2930.0
2888.0
2870.0
2870.0
2904.0
2894.0
2877.0
2883.0
2890.0
2917.0
2889.0
2870.0
2865.0
2870.0
2864.0
2862.0
2866.0
2864.0
2872.0
2885.0
2890.0
2882.0
1612.0
2903.0
2908.0
1588.0
1588.0
1601.0
1605.0
1600.0
1565.0
1568.0
1653.0
2881.0
2887.0
2901.0
2911.0
2907.0
2917.0
2944.0
2815.0
2852.0
2828.0
2907.0
2901.0
2945.0
2919.0
2912.0
2919.0
2946.0
2894.0
2926.0
2865.0
2900.0
2899.0
2907.0
2928.0
2918.0
2923.0
2915.0
2898.0
2885.0
2898.0
2932.0
2925.0
2938.0
2925.0
2901.0
2891.0
2951.0
2851.0
2867.0
1658.0
2878.0
2882.0
1569.0
1581.0
1579.0
1580.0
1581.0
1566.0
1569.0
1570.0
2876.0
2873.0
2903.0
2896.0
2881.0
2919.0
2914.0
2859.0
2872.0
2800.0
2875.0
2891.0
2896.0
2892.0
2890.0
2900.0
2877.0
2881.0
2882.0
2873.0
2907.0
2924.0
2957.0
2937.0
2931.0
2933.0
2958.0
2960.0
2959.0
2961.0
2965.0
2852.0
2885.0
2846.0
2900.0
2915.0
2897.0
2895.0
2857.0
1619.0
2940.0
2869.0
1579.0
1597.0
1579.0
1582.0
1554.0
1603.0
1567.0
1574.0
2840.0
2868.0
2846.0
2843.0
2844.0
2844.0
2853.0
2850.0
2803.0
2804.0
2880.0
2935.0
2888.0
2885.0
2887.0
2868.0
2873.0
2868.0
2935.0
2947.0
2868.0
2884.0
2881.0
2881.0
2880.0
2879.0
2870.0
2896.0
2883.0
2884.0
2927.0
2880.0
2878.0
2912.0
2902.0
2874.0
2932.0
2884.0
2871.0
1666.0
2934.0
2890.0
1584.0
1583.0
1582.0
1578.0
1582.0
1573.0
1584.0
1584.0
2889.0
2889.0
2922.0
2919.0
2894.0
2872.0
2881.0
2870.0
2813.0
2830.0
2922.0
2876.0
2874.0
2878.0
2882.0
2867.0
2887.0
2888.0
2887.0
2883.0
2914.0
2913.0
2923.0
2899.0
2858.0
2866.0
2908.0
2919.0
2904.0
2902.0
2858.0
2863.0
2869.0
2862.0
2903.0
2900.0
2908.0
2908.0
2907.0
1618.0
2826.0
2822.0
1567.0
1574.0
1576.0
1566.0
1635.0
1584.0
1589.0
1590.0
2851.0
2877.0
2932.0
2880.0
2859.0
2857.0
2855.0
2856.0
2856.0
2862.0
2898.0
2892.0
2879.0
2896.0
2896.0
2899.0
2986.0
2888.0
2926.0
2876.0
2915.0
2927.0
2956.0
2861.0
2872.0
2880.0
2917.0
2913.0
2868.0
2905.0
2939.0
2898.0
2879.0
2877.0
2873.0
2894.0
2871.0
2865.0
2845.0
1654.0
2852.0
2895.0
1584.0
1589.0
1578.0
1579.0
1593.0
1607.0
1587.0
1608.0
2876.0
2902.0
2889.0
2903.0
2899.0
2878.0
2874.0
2872.0
2881.0
2881.0
2946.0
2893.0
2881.0
2856.0
2897.0
2911.0
2880.0
2864.0
2905.0
2953.0
2896.0
2878.0
2870.0
2865.0
2869.0
2860.0
2880.0
2884.0
2872.0
2886.0
2907.0
2910.0
2867.0
2882.0
2860.0
2853.0
2888.0
2854.0
2881.0
1647.0
2753.0
2744.0
1564.0
1603.0
1559.0
1544.0
1525.0
1540.0
1536.0
1532.0
