1.0
1.0
1.0
1.0
2.0
1.0
1.0
2.0
1.0
1.0
2.0
1.0
1.0
1.0
1.0
1.0
2.0
1.0
1.0
3.0
361.0
499.0
319.0
362.0
453.0
563.0
361.0
359.0
362.0
560.0
315.0
377.0
376.0
376.0
378.0
389.0
320.0
359.0
332.0
358.0
307.0
360.0
359.0
358.0
360.0
359.0
311.0
358.0
317.0
360.0
1.0
1.0
1.0
1.0
1.0
1.0
1.0
1.0
1.0
1.0
311.0
311.0
359.0
359.0
358.0
359.0
360.0
335.0
373.0
329.0
374.0
331.0
376.0
376.0
375.0
375.0
375.0
313.0
360.0
311.0
359.0
311.0
359.0
359.0
360.0
359.0
358.0
312.0
311.0
358.0
1.0
1.0
1.0
2.0
1.0
1.0
1.0
1.0
1.0
1.0
359.0
310.0
313.0
375.0
375.0
376.0
375.0
373.0
328.0
375.0
332.0
375.0
334.0
313.0
361.0
360.0
362.0
361.0
361.0
312.0
360.0
418.0
374.0
372.0
461.0
422.0
416.0
422.0
415.0
372.0
1.0
1.0
1.0
1.0
1.0
1.0
1.0
1.0
1.0
1.0
457.0
364.0
321.0
315.0
353.0
352.0
356.0
352.0
321.0
337.0
350.0
329.0
360.0
322.0
323.0
350.0
351.0
352.0
351.0
326.0
343.0
367.0
342.0
368.0
343.0
366.0
343.0
366.0
366.0
369.0
1.0
1.0
1.0
1.0
1.0
1.0
1.0
1.0
1.0
1.0
323.0
322.0
349.0
349.0
322.0
324.0
350.0
349.0
350.0
349.0
325.0
322.0
349.0
350.0
323.0
324.0
350.0
350.0
350.0
350.0
343.0
340.0
368.0
367.0
330.0
329.0
355.0
356.0
354.0
354.0
0.0
1.0
1.0
1.0
1.0
1.0
1.0
1.0
1.0
1.0
359.0
662.0
662.0
525.0
433.0
362.0
360.0
319.0
369.0
455.0
296.0
373.0
372.0
374.0
389.0
318.0
375.0
375.0
326.0
337.0
375.0
359.0
359.0
359.0
311.0
359.0
358.0
358.0
310.0
310.0
1.0
1.0
1.0
1.0
1.0
1.0
1.0
1.0
0.0
1.0
358.0
310.0
359.0
359.0
360.0
359.0
359.0
311.0
357.0
311.0
311.0
374.0
378.0
373.0
374.0
373.0
374.0
330.0
373.0
330.0
329.0
359.0
359.0
397.0
399.0
399.0
348.0
404.0
351.0
404.0
1.0
1.0
1.0
1.0
0.0
1.0
1.0
1.0
1.0
0.0
355.0
404.0
396.0
358.0
358.0
314.0
369.0
314.0
359.0
314.0
359.0
359.0
311.0
360.0
358.0
359.0
311.0
358.0
357.0
311.0
359.0
310.0
374.0
325.0
373.0
373.0
374.0
373.0
329.0
374.0
1.0
1.0
1.0
1.0
1.0
1.0
1.0
1.0
0.0
1.0
374.0
330.0
316.0
358.0
358.0
359.0
358.0
311.0
358.0
358.0
362.0
310.0
310.0
358.0
311.0
357.0
358.0
358.0
360.0
358.0
311.0
358.0
310.0
327.0
373.0
376.0
373.0
372.0
373.0
329.0
1.0
1.0
1.0
1.0
1.0
1.0
1.0
1.0
1.0
1.0
373.0
331.0
373.0
312.0
358.0
359.0
359.0
359.0
358.0
310.0
357.0
310.0
358.0
310.0
358.0
357.0
359.0
358.0
310.0
360.0
311.0
362.0
313.0
373.0
373.0
331.0
373.0
373.0
374.0
330.0
1.0
1.0
1.0
1.0
1.0
1.0
1.0
0.0
1.0
1.0
373.0
330.0
374.0
358.0
310.0
358.0
311.0
359.0
359.0
359.0
357.0
311.0
359.0
358.0
312.0
310.0
358.0
363.0
365.0
310.0
361.0
361.0
382.0
341.0
382.0
351.0
354.0
377.0
372.0
377.0
1.0
1.0
1.0
1.0
1.0
1.0
1.0
1.0
1.0
1.0
369.0
370.0
396.0
375.0
402.0
373.0
372.0
401.0
403.0
399.0
398.0
391.0
358.0
333.0
331.0
361.0
329.0
355.0
349.0
349.0
349.0
328.0
321.0
348.0
321.0
349.0
324.0
344.0
341.0
340.0
0.0
0.0
1.0
1.0
1.0
1.0
1.0
0.0
1.0
1.0
343.0
333.0
345.0
355.0
348.0
360.0
346.0
363.0
364.0
364.0
364.0
340.0
322.0
349.0
321.0
348.0
321.0
348.0
322.0
349.0
348.0
348.0
321.0
321.0
348.0
321.0
348.0
321.0
348.0
321.0
1.0
1.0
1.0
1.0
1.0
1.0
1.0
0.0
1.0
1.0
365.0
364.0
364.0
338.0
366.0
341.0
365.0
347.0
365.0
348.0
348.0
349.0
348.0
322.0
347.0
321.0
349.0
326.0
326.0
347.0
348.0
348.0
348.0
321.0
323.0
348.0
349.0
324.0
327.0
362.0
1.0
1.0
1.0
1.0
0.0
1.0
1.0
1.0
1.0
0.0
338.0
366.0
366.0
365.0
340.0
366.0
366.0
341.0
341.0
349.0
323.0
349.0
349.0
349.0
321.0
348.0
349.0
321.0
321.0
322.0
347.0
348.0
349.0
351.0
322.0
347.0
324.0
348.0
321.0
322.0
1.0
1.0
1.0
0.0
1.0
1.0
1.0
1.0
1.0
1.0
364.0
339.0
365.0
364.0
364.0
365.0
340.0
339.0
368.0
344.0
363.0
393.0
393.0
391.0
389.0
389.0
366.0
369.0
395.0
369.0
328.0
353.0
348.0
348.0
349.0
324.0
349.0
325.0
325.0
350.0
1.0
1.0
0.0
0.0
1.0
1.0
1.0
1.0
1.0
0.0
326.0
350.0
347.0
351.0
349.0
324.0
348.0
322.0
321.0
365.0
338.0
365.0
365.0
364.0
366.0
343.0
347.0
362.0
344.0
339.0
326.0
343.0
334.0
336.0
335.0
332.0
339.0
334.0
333.0
333.0
1.0
1.0
1.0
1.0
1.0
0.0
1.0
1.0
1.0
1.0
332.0
338.0
333.0
332.0
334.0
332.0
340.0
332.0
332.0
352.0
351.0
352.0
352.0
351.0
352.0
351.0
353.0
352.0
352.0
334.0
333.0
333.0
333.0
334.0
335.0
333.0
332.0
332.0
332.0
333.0
0.0
0.0
1.0
1.0
1.0
1.0
1.0
0.0
1.0
1.0
333.0
333.0
332.0
333.0
334.0
332.0
336.0
333.0
333.0
352.0
351.0
351.0
356.0
351.0
352.0
351.0
351.0
352.0
354.0
334.0
333.0
332.0
335.0
334.0
335.0
333.0
334.0
335.0
333.0
334.0
1.0
1.0
1.0
1.0
1.0
1.0
0.0
1.0
1.0
1.0
333.0
334.0
333.0
333.0
334.0
332.0
334.0
333.0
332.0
351.0
350.0
351.0
352.0
351.0
351.0
353.0
351.0
351.0
352.0
382.0
381.0
381.0
379.0
378.0
382.0
380.0
383.0
385.0
382.0
335.0
1.0
1.0
1.0
1.0
1.0
0.0
1.0
1.0
1.0
1.0
334.0
334.0
332.0
332.0
333.0
334.0
333.0
334.0
332.0
334.0
333.0
333.0
335.0
333.0
333.0
334.0
333.0
333.0
332.0
351.0
350.0
351.0
350.0
351.0
351.0
352.0
351.0
351.0
351.0
333.0
1.0
1.0
0.0
1.0
1.0
1.0
1.0
1.0
1.0
0.0
333.0
332.0
333.0
333.0
333.0
333.0
333.0
332.0
334.0
333.0
332.0
332.0
332.0
333.0
332.0
333.0
333.0
334.0
332.0
351.0
349.0
351.0
351.0
351.0
351.0
352.0
351.0
353.0
351.0
334.0
1.0
1.0
1.0
1.0
0.0
1.0
1.0
1.0
1.0
1.0
332.0
333.0
333.0
333.0
333.0
334.0
333.0
332.0
333.0
333.0
332.0
333.0
333.0
333.0
333.0
334.0
334.0
334.0
333.0
351.0
351.0
351.0
351.0
353.0
350.0
352.0
351.0
353.0
351.0
336.0
1.0
1.0
1.0
0.0
1.0
1.0
1.0
1.0
1.0
1.0
332.0
332.0
335.0
335.0
332.0
335.0
333.0
336.0
333.0
335.0
333.0
333.0
336.0
337.0
332.0
336.0
333.0
332.0
335.0
354.0
352.0
351.0
354.0
351.0
354.0
354.0
399.0
402.0
402.0
390.0
1.0
0.0
1.0
1.0
1.0
1.0
1.0
0.0
0.0
1.0
385.0
386.0
385.0
388.0
387.0
391.0
338.0
339.0
337.0
342.0
338.0
338.0
339.0
342.0
335.0
343.0
340.0
332.0
335.0
342.0
340.0
338.0
336.0
336.0
336.0
359.0
353.0
351.0
355.0
354.0
1.0
1.0
1.0
0.0
1.0
1.0
1.0
1.0
1.0
1.0
355.0
361.0
366.0
366.0
363.0
347.0
351.0
354.0
370.0
363.0
356.0
354.0
353.0
349.0
349.0
350.0
354.0
354.0
380.0
352.0
348.0
344.0
360.0
359.0
360.0
360.0
359.0
354.0
389.0
357.0
0.0
0.0
1.0
1.0
1.0
1.0
1.0
0.0
1.0
1.0
351.0
351.0
339.0
338.0
333.0
339.0
337.0
333.0
353.0
337.0
333.0
332.0
333.0
339.0
337.0
338.0
337.0
333.0
357.0
339.0
332.0
334.0
349.0
357.0
357.0
358.0
350.0
352.0
355.0
354.0
1.0
1.0
1.0
1.0
1.0
0.0
1.0
1.0
1.0
1.0
352.0
352.0
333.0
335.0
335.0
335.0
333.0
333.0
339.0
334.0
332.0
333.0
334.0
334.0
334.0
335.0
332.0
333.0
334.0
333.0
332.0
333.0
348.0
352.0
353.0
353.0
351.0
351.0
353.0
352.0
1.0
1.0
1.0
1.0
1.0
1.0
0.0
1.0
1.0
1.0
351.0
352.0
377.0
382.0
382.0
382.0
382.0
383.0
384.0
385.0
384.0
386.0
338.0
334.0
333.0
334.0
335.0
337.0
333.0
337.0
337.0
338.0
335.0
332.0
332.0
335.0
339.0
337.0
333.0
340.0
0.0
1.0
1.0
1.0
1.0
1.0
1.0
0.0
1.0
1.0
339.0
354.0
355.0
349.0
350.0
352.0
354.0
352.0
350.0
350.0
350.0
333.0
334.0
333.0
332.0
333.0
340.0
333.0
333.0
333.0
332.0
335.0
333.0
334.0
333.0
334.0
334.0
333.0
333.0
334.0
0.0
1.0
1.0
1.0
1.0
1.0
0.0
0.0
1.0
1.0
333.0
349.0
349.0
351.0
351.0
351.0
350.0
350.0
352.0
351.0
350.0
334.0
333.0
335.0
335.0
335.0
333.0
333.0
335.0
336.0
333.0
333.0
332.0
336.0
338.0
335.0
332.0
333.0
337.0
335.0
1.0
1.0
1.0
1.0
0.0
0.0
1.0
1.0
1.0
1.0
332.0
347.0
350.0
351.0
355.0
354.0
352.0
351.0
355.0
355.0
351.0
333.0
333.0
336.0
336.0
336.0
333.0
333.0
337.0
335.0
332.0
333.0
332.0
336.0
335.0
336.0
333.0
333.0
335.0
336.0
1.0
1.0
1.0
1.0
1.0
0.0
1.0
1.0
1.0
0.0
348.0
348.0
349.0
355.0
355.0
356.0
350.0
349.0
413.0
402.0
387.0
383.0
384.0
389.0
386.0
382.0
379.0
378.0
339.0
336.0
339.0
337.0
337.0
342.0
343.0
336.0
333.0
334.0
335.0
338.0
1.0
1.0
1.0
1.0
1.0
1.0
1.0
0.0
1.0
1.0
338.0
338.0
336.0
341.0
336.0
336.0
332.0
333.0
355.0
357.0
353.0
352.0
351.0
354.0
356.0
355.0
352.0
352.0
336.0
336.0
333.0
333.0
333.0
335.0
337.0
336.0
332.0
333.0
335.0
335.0
1.0
1.0
1.0
1.0
1.0
1.0
1.0
0.0
1.0
1.0
335.0
334.0
335.0
335.0
336.0
336.0
333.0
333.0
356.0
354.0
352.0
352.0
352.0
355.0
356.0
352.0
355.0
352.0
336.0
336.0
333.0
333.0
333.0
336.0
335.0
332.0
336.0
333.0
338.0
337.0
1.0
1.0
1.0
1.0
1.0
0.0
1.0
1.0
1.0
1.0
335.0
333.0
332.0
337.0
337.0
333.0
337.0
333.0
354.0
355.0
354.0
352.0
352.0
355.0
355.0
351.0
356.0
351.0
336.0
336.0
332.0
333.0
333.0
340.0
336.0
333.0
333.0
335.0
336.0
336.0
0.0
1.0
1.0
1.0
1.0
1.0
1.0
1.0
1.0
1.0
333.0
333.0
332.0
337.0
337.0
333.0
333.0
337.0
355.0
359.0
352.0
354.0
352.0
354.0
355.0
352.0
352.0
354.0
394.0
394.0
389.0
390.0
389.0
393.0
393.0
391.0
384.0
393.0
338.0
340.0
1.0
0.0
1.0
1.0
1.0
1.0
1.0
1.0
1.0
1.0
342.0
338.0
338.0
336.0
337.0
339.0
333.0
339.0
343.0
342.0
335.0
336.0
336.0
336.0
335.0
338.0
333.0
337.0
355.0
354.0
351.0
352.0
352.0
355.0
353.0
351.0
356.0
355.0
337.0
336.0
1.0
1.0
1.0
1.0
1.0
1.0
0.0
1.0
1.0
0.0
334.0
333.0
333.0
333.0
333.0
336.0
336.0
336.0
336.0
336.0
333.0
333.0
332.0
333.0
333.0
336.0
336.0
336.0
355.0
355.0
351.0
351.0
352.0
352.0
352.0
356.0
357.0
356.0
337.0
337.0
1.0
1.0
1.0
1.0
1.0
1.0
1.0
1.0
1.0
1.0
332.0
333.0
333.0
334.0
333.0
335.0
336.0
336.0
336.0
336.0
333.0
333.0
333.0
332.0
332.0
337.0
335.0
339.0
355.0
355.0
361.0
361.0
360.0
370.0
371.0
358.0
358.0
354.0
344.0
337.0
1.0
0.0
1.0
1.0
1.0
1.0
1.0
1.0
1.0
1.0
357.0
356.0
357.0
355.0
355.0
336.0
337.0
336.0
336.0
336.0
333.0
333.0
332.0
336.0
336.0
332.0
333.0
354.0
355.0
355.0
351.0
351.0
355.0
356.0
357.0
351.0
351.0
389.0
393.0
395.0
1.0
1.0
1.0
1.0
1.0
1.0
0.0
1.0
1.0
1.0
392.0
392.0
389.0
391.0
393.0
389.0
391.0
337.0
337.0
339.0
333.0
333.0
335.0
336.0
333.0
334.0
337.0
335.0
336.0
335.0
334.0
333.0
335.0
336.0
334.0
350.0
353.0
354.0
355.0
356.0
1.0
1.0
1.0
0.0
1.0
1.0
1.0
1.0
1.0
1.0
352.0
352.0
352.0
355.0
355.0
335.0
337.0
336.0
336.0
336.0
333.0
333.0
333.0
333.0
332.0
336.0
336.0
336.0
336.0
336.0
332.0
332.0
332.0
333.0
333.0
354.0
354.0
355.0
355.0
355.0
1.0
1.0
1.0
1.0
1.0
1.0
1.0
1.0
1.0
1.0
352.0
352.0
352.0
352.0
352.0
339.0
337.0
336.0
336.0
337.0
333.0
332.0
332.0
334.0
334.0
336.0
339.0
336.0
336.0
337.0
358.0
333.0
333.0
333.0
333.0
352.0
357.0
357.0
355.0
355.0
1.0
1.0
1.0
1.0
0.0
1.0
1.0
1.0
1.0
0.0
353.0
353.0
353.0
353.0
353.0
336.0
336.0
336.0
336.0
336.0
332.0
332.0
333.0
332.0
332.0
336.0
337.0
335.0
338.0
338.0
332.0
333.0
332.0
333.0
332.0
357.0
357.0
357.0
411.0
408.0
0.0
1.0
1.0
0.0
1.0
0.0
1.0
1.0
1.0
1.0
406.0
411.0
411.0
411.0
414.0
399.0
399.0
398.0
333.0
336.0
332.0
336.0
335.0
333.0
333.0
336.0
337.0
336.0
332.0
333.0
335.0
335.0
332.0
332.0
332.0
336.0
336.0
336.0
353.0
349.0
1.0
1.0
1.0
0.0
1.0
1.0
1.0
1.0
1.0
1.0
356.0
356.0
353.0
353.0
354.0
356.0
356.0
355.0
333.0
333.0
335.0
335.0
334.0
333.0
333.0
338.0
337.0
338.0
332.0
332.0
337.0
338.0
332.0
333.0
333.0
336.0
337.0
336.0
352.0
351.0
1.0
1.0
1.0
1.0
1.0
1.0
1.0
1.0
1.0
0.0
353.0
351.0
353.0
352.0
352.0
353.0
354.0
354.0
334.0
346.0
333.0
335.0
337.0
334.0
333.0
336.0
336.0
340.0
332.0
333.0
333.0
336.0
336.0
332.0
333.0
335.0
337.0
336.0
352.0
351.0
1.0
1.0
1.0
0.0
1.0
1.0
1.0
1.0
1.0
0.0
351.0
355.0
355.0
356.0
352.0
354.0
356.0
355.0
333.0
332.0
333.0
335.0
337.0
333.0
333.0
335.0
337.0
336.0
332.0
333.0
332.0
336.0
336.0
333.0
333.0
336.0
337.0
336.0
353.0
350.0
1.0
1.0
1.0
1.0
1.0
1.0
0.0
1.0
1.0
1.0
351.0
354.0
354.0
351.0
351.0
356.0
356.0
355.0
390.0
391.0
396.0
397.0
398.0
395.0
392.0
393.0
392.0
398.0
336.0
335.0
335.0
338.0
337.0
333.0
333.0
337.0
337.0
336.0
334.0
333.0
1.0
1.0
1.0
1.0
1.0
1.0
0.0
1.0
1.0
1.0
336.0
333.0
335.0
333.0
333.0
335.0
336.0
335.0
351.0
352.0
353.0
356.0
356.0
352.0
353.0
357.0
356.0
356.0
333.0
333.0
333.0
336.0
335.0
332.0
333.0
337.0
337.0
336.0
334.0
333.0
1.0
1.0
1.0
0.0
1.0
1.0
1.0
1.0
1.0
1.0
332.0
336.0
336.0
333.0
333.0
336.0
335.0
336.0
351.0
351.0
352.0
354.0
350.0
355.0
351.0
354.0
358.0
353.0
332.0
332.0
332.0
334.0
336.0
333.0
335.0
336.0
339.0
335.0
331.0
331.0
0.0
1.0
1.0
1.0
1.0
0.0
1.0
1.0
1.0
1.0
333.0
339.0
333.0
338.0
345.0
342.0
346.0
358.0
348.0
348.0
355.0
350.0
355.0
357.0
356.0
358.0
355.0
338.0
333.0
333.0
333.0
340.0
333.0
335.0
337.0
336.0
344.0
337.0
339.0
334.0
1.0
1.0
1.0
0.0
1.0
1.0
1.0
1.0
1.0
1.0
333.0
334.0
336.0
337.0
337.0
337.0
354.0
353.0
353.0
357.0
354.0
354.0
354.0
356.0
356.0
416.0
397.0
396.0
393.0
395.0
396.0
396.0
397.0
404.0
393.0
337.0
338.0
338.0
347.0
347.0
0.0
1.0
1.0
1.0
1.0
1.0
1.0
1.0
1.0
1.0
348.0
349.0
349.0
351.0
354.0
357.0
359.0
354.0
343.0
344.0
345.0
346.0
342.0
352.0
353.0
368.0
366.0
365.0
356.0
356.0
354.0
353.0
354.0
356.0
356.0
332.0
330.0
331.0
304.0
303.0
