3.0
2.0
2.0
3.0
3.0
2.0
2.0
2.0
3.0
2.0
3.0
57.0
58.0
58.0
58.0
58.0
57.0
712.0
1552.0
1551.0
1550.0
1555.0
1551.0
1554.0
1554.0
1546.0
1553.0
1528.0
1526.0
1526.0
4.0
57.0
56.0
57.0
57.0
57.0
57.0
698.0
1554.0
1556.0
1549.0
1548.0
1547.0
1554.0
1559.0
1555.0
1551.0
1551.0
1523.0
1523.0
3.0
57.0
57.0
57.0
58.0
57.0
57.0
691.0
1526.0
1522.0
1522.0
1528.0
1528.0
1532.0
1534.0
1537.0
1534.0
1533.0
1540.0
1533.0
4.0
56.0
57.0
57.0
56.0
57.0
68.0
683.0
1522.0
1537.0
1532.0
1539.0
1517.0
1521.0
1517.0
1519.0
1537.0
1516.0
1532.0
1528.0
3.0
57.0
57.0
58.0
57.0
56.0
57.0
698.0
1545.0
1540.0
1544.0
1544.0
1539.0
1543.0
1542.0
1531.0
1554.0
1544.0
1519.0
1516.0
3.0
57.0
57.0
56.0
56.0
56.0
57.0
694.0
1528.0
1532.0
1530.0
1530.0
1533.0
1519.0
1522.0
1519.0
1540.0
1542.0
1524.0
1526.0
3.0
57.0
57.0
57.0
56.0
57.0
57.0
707.0
1538.0
1540.0
1543.0
1545.0
1545.0
1542.0
1543.0
1554.0
1550.0
1554.0
1539.0
1541.0
2.0
55.0
55.0
58.0
64.0
64.0
62.0
709.0
1556.0
1547.0
1538.0
1531.0
1518.0
1518.0
1532.0
1533.0
1531.0
1532.0
1518.0
1511.0
3.0
57.0
57.0
56.0
57.0
56.0
56.0
693.0
1531.0
1525.0
1526.0
1514.0
1515.0
1515.0
1516.0
1535.0
1539.0
1543.0
1528.0
1535.0
2.0
55.0
55.0
56.0
55.0
55.0
55.0
700.0
1536.0
1531.0
1533.0
1532.0
1501.0
1447.0
1442.0
1449.0
1383.0
1347.0
1296.0
1288.0
3.0
58.0
58.0
58.0
59.0
58.0
58.0
715.0
1619.0
1551.0
1552.0
1552.0
1549.0
1551.0
1546.0
1550.0
1547.0
1529.0
1544.0
1546.0
3.0
56.0
56.0
57.0
57.0
56.0
57.0
719.0
1546.0
1546.0
1546.0
1548.0
1545.0
1550.0
1539.0
1577.0
1517.0
1520.0
1517.0
1522.0
3.0
57.0
57.0
57.0
57.0
57.0
57.0
697.0
1521.0
1521.0
1520.0
1530.0
1562.0
1520.0
1551.0
1551.0
1551.0
1554.0
1551.0
1551.0
3.0
56.0
68.0
57.0
56.0
57.0
56.0
715.0
1543.0
1604.0
1548.0
1515.0
1520.0
1517.0
1530.0
1529.0
1528.0
1526.0
1542.0
1520.0
3.0
60.0
59.0
59.0
59.0
59.0
60.0
697.0
1553.0
1545.0
1544.0
1535.0
1535.0
1534.0
1535.0
1540.0
1542.0
1544.0
1515.0
1526.0
3.0
56.0
56.0
56.0
56.0
57.0
56.0
696.0
1529.0
1528.0
1525.0
1528.0
1516.0
1545.0
1543.0
1543.0
1544.0
1532.0
1540.0
1541.0
4.0
56.0
56.0
57.0
57.0
57.0
57.0
710.0
1544.0
1541.0
1515.0
1515.0
1514.0
1516.0
1523.0
1523.0
1520.0
1518.0
1519.0
1542.0
3.0
57.0
56.0
57.0
56.0
57.0
56.0
694.0
1553.0
1558.0
1571.0
1561.0
1571.0
1571.0
1571.0
1575.0
1570.0
1539.0
1549.0
1543.0
3.0
57.0
57.0
56.0
57.0
57.0
57.0
696.0
1527.0
1516.0
1533.0
1517.0
1519.0
1543.0
1544.0
1541.0
1529.0
1536.0
1539.0
1539.0
3.0
57.0
83.0
83.0
83.0
57.0
57.0
683.0
1516.0
1515.0
1514.0
1512.0
1513.0
1518.0
1528.0
1526.0
1513.0
1540.0
1543.0
1542.0
3.0
56.0
56.0
57.0
57.0
57.0
56.0
694.0
1541.0
1540.0
1527.0
1529.0
1541.0
1541.0
1544.0
1518.0
1519.0
1520.0
1539.0
1532.0
3.0
70.0
70.0
58.0
56.0
57.0
56.0
683.0
1515.0
1516.0
1514.0
1540.0
1542.0
1541.0
1544.0
1543.0
1533.0
1531.0
1541.0
1542.0
3.0
82.0
57.0
57.0
57.0
56.0
56.0
684.0
1519.0
1514.0
1516.0
1528.0
1530.0
1536.0
1531.0
1532.0
1541.0
1544.0
1543.0
1547.0
2.0
71.0
55.0
55.0
56.0
55.0
55.0
706.0
1522.0
1529.0
1540.0
1540.0
1533.0
1514.0
1512.0
1516.0
1513.0
1523.0
1527.0
1525.0
2.0
55.0
55.0
56.0
56.0
56.0
55.0
683.0
1517.0
1515.0
1538.0
1540.0
1542.0
1539.0
1544.0
1530.0
1540.0
1538.0
1561.0
1557.0
1.0
56.0
55.0
55.0
55.0
55.0
55.0
691.0
1537.0
1535.0
1550.0
1554.0
1549.0
1542.0
1541.0
1544.0
1574.0
1545.0
1541.0
1542.0
2.0
2.0
2.0
2.0
3.0
2.0
2.0
633.0
1477.0
1478.0
1486.0
1483.0
1490.0
1492.0
1470.0
1469.0
1476.0
1484.0
1483.0
1483.0
1.0
2.0
2.0
2.0
2.0
2.0
2.0
634.0
1469.0
1469.0
1466.0
1491.0
1492.0
1492.0
1493.0
1476.0
1467.0
1474.0
1489.0
1483.0
3.0
2.0
2.0
2.0
2.0
2.0
2.0
2.0
848.0
823.0
824.0
846.0
835.0
835.0
834.0
835.0
835.0
836.0
835.0
834.0
2.0
1.0
1.0
2.0
2.0
2.0
2.0
1.0
834.0
836.0
839.0
837.0
837.0
837.0
838.0
838.0
837.0
828.0
822.0
825.0
3.0
56.0
56.0
57.0
56.0
56.0
57.0
713.0
1536.0
1532.0
1543.0
1550.0
1538.0
1548.0
1547.0
1540.0
1543.0
1518.0
1531.0
1529.0
3.0
57.0
57.0
56.0
56.0
56.0
56.0
685.0
1517.0
1518.0
1516.0
1544.0
1533.0
1542.0
1540.0
1543.0
1541.0
1540.0
1538.0
1541.0
2.0
56.0
79.0
57.0
56.0
56.0
57.0
684.0
1518.0
1517.0
1519.0
1519.0
1528.0
1530.0
1518.0
1523.0
1537.0
1538.0
1540.0
1535.0
3.0
56.0
56.0
56.0
56.0
57.0
56.0
694.0
1538.0
1528.0
1532.0
1537.0
1541.0
1533.0
1511.0
1511.0
1533.0
1528.0
1549.0
1552.0
3.0
56.0
57.0
56.0
56.0
57.0
57.0
714.0
1565.0
1561.0
1559.0
1563.0
1565.0
1558.0
1546.0
1539.0
1528.0
1532.0
1512.0
1519.0
3.0
56.0
56.0
57.0
56.0
56.0
56.0
680.0
1512.0
1516.0
1521.0
1527.0
1527.0
1527.0
1528.0
1527.0
1534.0
1535.0
1535.0
1536.0
3.0
56.0
56.0
57.0
57.0
56.0
56.0
701.0
1521.0
1534.0
1536.0
1533.0
1534.0
1515.0
1516.0
1514.0
1524.0
1526.0
1528.0
1519.0
2.0
56.0
56.0
56.0
57.0
56.0
57.0
681.0
1516.0
1536.0
1540.0
1546.0
1538.0
1537.0
1527.0
1529.0
1534.0
1539.0
1540.0
1516.0
3.0
56.0
56.0
57.0
56.0
56.0
57.0
694.0
1525.0
1526.0
1525.0
1530.0
1528.0
1514.0
1517.0
1521.0
1539.0
1535.0
1525.0
1525.0
3.0
56.0
56.0
57.0
56.0
56.0
56.0
702.0
1542.0
1534.0
1529.0
1536.0
1536.0
1523.0
1519.0
1516.0
1528.0
1531.0
1521.0
1518.0
4.0
56.0
56.0
57.0
56.0
57.0
56.0
707.0
1543.0
1541.0
1542.0
1538.0
1543.0
1544.0
1526.0
1530.0
1540.0
1538.0
1517.0
1516.0
3.0
56.0
56.0
56.0
56.0
56.0
56.0
694.0
1529.0
1531.0
1529.0
1525.0
1521.0
1551.0
1551.0
1546.0
1575.0
1570.0
1552.0
1554.0
2.0
55.0
68.0
65.0
63.0
64.0
62.0
723.0
1549.0
1618.0
1534.0
1538.0
1532.0
1519.0
1520.0
1516.0
1528.0
1530.0
1538.0
1605.0
2.0
55.0
55.0
56.0
55.0
55.0
55.0
695.0
1539.0
1537.0
1539.0
1537.0
1534.0
1527.0
1527.0
1527.0
1517.0
1582.0
1520.0
1520.0
2.0
55.0
55.0
56.0
56.0
56.0
55.0
694.0
1532.0
1526.0
1533.0
1535.0
1533.0
1539.0
1540.0
1537.0
1538.0
1538.0
1526.0
1520.0
1.0
56.0
55.0
55.0
55.0
55.0
55.0
703.0
1537.0
1540.0
1514.0
1515.0
1513.0
1516.0
1526.0
1525.0
1532.0
1527.0
1521.0
1523.0
2.0
1.0
2.0
2.0
2.0
2.0
2.0
645.0
1488.0
1483.0
1488.0
1472.0
1475.0
1470.0
1478.0
1488.0
1486.0
1488.0
1467.0
1461.0
2.0
2.0
1.0
2.0
2.0
2.0
1.0
646.0
1483.0
1478.0
1491.0
1470.0
1466.0
1467.0
1465.0
1467.0
1487.0
1482.0
1471.0
1472.0
2.0
2.0
2.0
1.0
2.0
2.0
2.0
2.0
846.0
841.0
843.0
853.0
847.0
847.0
835.0
834.0
832.0
853.0
833.0
838.0
2.0
2.0
2.0
1.0
2.0
2.0
2.0
2.0
837.0
838.0
837.0
834.0
823.0
823.0
834.0
834.0
834.0
836.0
834.0
834.0
3.0
56.0
56.0
56.0
57.0
57.0
56.0
693.0
1551.0
1554.0
1556.0
1546.0
1544.0
1544.0
1547.0
1544.0
1546.0
1554.0
1524.0
1530.0
3.0
56.0
56.0
56.0
56.0
57.0
57.0
698.0
1536.0
1535.0
1534.0
1538.0
1534.0
1533.0
1521.0
1532.0
1536.0
1526.0
1522.0
1523.0
3.0
57.0
56.0
56.0
56.0
56.0
56.0
703.0
1536.0
1536.0
1538.0
1540.0
1513.0
1515.0
1527.0
1528.0
1528.0
1528.0
1517.0
1516.0
3.0
56.0
56.0
56.0
56.0
57.0
56.0
691.0
1536.0
1534.0
1538.0
1523.0
1526.0
1526.0
1536.0
1535.0
1537.0
1534.0
1517.0
1524.0
2.0
56.0
56.0
56.0
57.0
56.0
57.0
696.0
1528.0
1529.0
1530.0
1515.0
1516.0
1536.0
1535.0
1538.0
1543.0
1559.0
1523.0
1521.0
3.0
56.0
56.0
57.0
56.0
56.0
56.0
705.0
1534.0
1534.0
1517.0
1521.0
1520.0
1521.0
1532.0
1528.0
1529.0
1530.0
1536.0
1536.0
3.0
56.0
57.0
56.0
56.0
59.0
59.0
695.0
1536.0
1531.0
1535.0
1521.0
1525.0
1534.0
1535.0
1532.0
1514.0
1513.0
1511.0
1513.0
3.0
56.0
56.0
56.0
56.0
57.0
56.0
692.0
1527.0
1524.0
1518.0
1519.0
1516.0
1535.0
1535.0
1538.0
1535.0
1535.0
1532.0
1548.0
3.0
56.0
56.0
57.0
56.0
56.0
56.0
703.0
1567.0
1557.0
1539.0
1536.0
1541.0
1552.0
1552.0
1550.0
1541.0
1534.0
1537.0
1539.0
2.0
55.0
56.0
55.0
55.0
55.0
55.0
692.0
1535.0
1538.0
1524.0
1526.0
1525.0
1534.0
1540.0
1534.0
1515.0
1518.0
1525.0
1527.0
3.0
56.0
56.0
57.0
57.0
57.0
56.0
694.0
1525.0
1528.0
1517.0
1517.0
1517.0
1537.0
1538.0
1533.0
1524.0
1527.0
1531.0
1534.0
2.0
55.0
56.0
55.0
55.0
76.0
77.0
699.0
1516.0
1512.0
1514.0
1516.0
1511.0
1523.0
1525.0
1526.0
1516.0
1514.0
1539.0
1535.0
1.0
56.0
55.0
55.0
55.0
55.0
55.0
693.0
1537.0
1531.0
1523.0
1537.0
1526.0
1536.0
1535.0
1539.0
1516.0
1515.0
1521.0
1525.0
2.0
55.0
64.0
57.0
58.0
57.0
55.0
682.0
1514.0
1519.0
1513.0
1536.0
1533.0
1540.0
1538.0
1540.0
1520.0
1526.0
1538.0
1537.0
25.0
55.0
55.0
55.0
55.0
55.0
55.0
682.0
1517.0
1512.0
1515.0
1517.0
1515.0
1525.0
1527.0
1525.0
1514.0
1516.0
1534.0
1532.0
1.0
2.0
2.0
1.0
2.0
2.0
2.0
638.0
1487.0
1483.0
1471.0
1465.0
1477.0
1483.0
1481.0
1482.0
1482.0
1475.0
1492.0
1493.0
2.0
2.0
1.0
2.0
2.0
2.0
1.0
641.0
1489.0
1487.0
1483.0
1479.0
1502.0
1501.0
1487.0
1485.0
1471.0
1469.0
1463.0
1475.0
1.0
2.0
2.0
1.0
2.0
2.0
1.0
647.0
1482.0
1455.0
1456.0
1456.0
1457.0
1461.0
1473.0
1473.0
1465.0
1463.0
1469.0
1468.0
2.0
2.0
1.0
2.0
2.0
2.0
1.0
2.0
838.0
835.0
838.0
838.0
847.0
831.0
853.0
850.0
853.0
851.0
853.0
854.0
2.0
2.0
2.0
1.0
2.0
2.0
1.0
2.0
852.0
852.0
862.0
856.0
839.0
838.0
840.0
842.0
840.0
839.0
844.0
843.0
3.0
57.0
57.0
56.0
56.0
57.0
57.0
700.0
1540.0
1526.0
1517.0
1527.0
1519.0
1520.0
1522.0
1538.0
1540.0
1540.0
1534.0
1543.0
2.0
55.0
55.0
55.0
55.0
55.0
55.0
703.0
1540.0
1539.0
1540.0
1538.0
1514.0
1519.0
1518.0
1530.0
1516.0
1516.0
1541.0
1541.0
3.0
56.0
56.0
56.0
57.0
56.0
56.0
695.0
1543.0
1543.0
1541.0
1538.0
1528.0
1539.0
1550.0
1537.0
1520.0
1522.0
1521.0
1522.0
1.0
55.0
55.0
55.0
55.0
55.0
55.0
697.0
1544.0
1531.0
1523.0
1518.0
1513.0
1533.0
1539.0
1535.0
1536.0
1533.0
1518.0
1528.0
3.0
56.0
56.0
57.0
56.0
56.0
77.0
700.0
1535.0
1512.0
1506.0
1511.0
1509.0
1533.0
1536.0
1547.0
1547.0
1541.0
1568.0
1565.0
2.0
54.0
55.0
55.0
55.0
55.0
55.0
714.0
1564.0
1561.0
1542.0
1540.0
1600.0
1538.0
1547.0
1538.0
1516.0
1516.0
1520.0
1530.0
3.0
56.0
56.0
56.0
56.0
57.0
57.0
723.0
1528.0
1529.0
1515.0
1517.0
1512.0
1602.0
1538.0
1540.0
1522.0
1522.0
1537.0
1536.0
1.0
55.0
55.0
55.0
55.0
55.0
56.0
701.0
1535.0
1531.0
1551.0
1525.0
1519.0
1530.0
1532.0
1530.0
1521.0
1520.0
1541.0
1539.0
2.0
55.0
55.0
64.0
66.0
66.0
57.0
684.0
1531.0
1527.0
1520.0
1524.0
1522.0
1537.0
1537.0
1542.0
1512.0
1510.0
1523.0
1519.0
2.0
54.0
54.0
55.0
65.0
64.0
64.0
681.0
1513.0
1513.0
1533.0
1533.0
1533.0
1533.0
1532.0
1537.0
1525.0
1519.0
1530.0
1532.0
2.0
55.0
55.0
55.0
55.0
56.0
55.0
682.0
1524.0
1515.0
1512.0
1515.0
1516.0
1533.0
1524.0
1519.0
1509.0
1514.0
1534.0
1537.0
2.0
54.0
55.0
55.0
54.0
63.0
65.0
693.0
1521.0
1525.0
1543.0
1529.0
1536.0
1539.0
1535.0
1537.0
1515.0
1515.0
1525.0
1526.0
1.0
55.0
55.0
55.0
55.0
55.0
56.0
682.0
1525.0
1535.0
1563.0
1561.0
1560.0
1566.0
1566.0
1566.0
1550.0
1558.0
1561.0
1578.0
1.0
2.0
2.0
1.0
2.0
1.0
2.0
630.0
1458.0
1463.0
1475.0
1475.0
1474.0
1474.0
1471.0
1472.0
1486.0
1489.0
1482.0
1484.0
2.0
1.0
2.0
2.0
2.0
1.0
2.0
631.0
1471.0
1475.0
1472.0
1469.0
1468.0
1481.0
1460.0
1464.0
1455.0
1460.0
1469.0
1473.0
2.0
1.0
2.0
1.0
2.0
1.0
1.0
639.0
1475.0
1474.0
1468.0
1462.0
1485.0
1487.0
1481.0
1489.0
1476.0
1474.0
1473.0
1477.0
2.0
2.0
1.0
2.0
2.0
2.0
1.0
652.0
1484.0
1461.0
1461.0
1460.0
1462.0
1463.0
1474.0
1471.0
1470.0
1475.0
1464.0
1463.0
1.0
1.0
2.0
1.0
2.0
1.0
2.0
1.0
834.0
854.0
837.0
835.0
825.0
823.0
844.0
842.0
844.0
843.0
845.0
845.0
2.0
2.0
2.0
1.0
2.0
2.0
2.0
1.0
843.0
848.0
846.0
846.0
835.0
834.0
835.0
832.0
835.0
837.0
836.0
835.0
1.0
2.0
1.0
2.0
1.0
1.0
2.0
2.0
836.0
836.0
825.0
822.0
826.0
824.0
824.0
832.0
835.0
834.0
835.0
835.0
2.0
57.0
57.0
64.0
64.0
66.0
66.0
694.0
1529.0
1527.0
1527.0
1528.0
1526.0
1529.0
1528.0
1535.0
1538.0
1533.0
1519.0
1548.0
2.0
55.0
55.0
55.0
55.0
55.0
55.0
693.0
1545.0
1525.0
1525.0
1529.0
1514.0
1515.0
1514.0
1534.0
1551.0
1552.0
1556.0
1564.0
3.0
56.0
56.0
56.0
56.0
56.0
56.0
734.0
1573.0
1564.0
1567.0
1569.0
1548.0
1517.0
1533.0
1527.0
1527.0
1515.0
1515.0
1514.0
1.0
55.0
55.0
55.0
54.0
55.0
55.0
691.0
1530.0
1529.0
1529.0
1528.0
1522.0
1521.0
1531.0
1537.0
1533.0
1536.0
1513.0
1514.0
3.0
57.0
56.0
56.0
56.0
57.0
56.0
692.0
1525.0
1526.0
1523.0
1515.0
1513.0
1534.0
1533.0
1532.0
1535.0
1531.0
1530.0
1538.0
2.0
55.0
55.0
54.0
55.0
55.0
55.0
703.0
1534.0
1537.0
1514.0
1515.0
1512.0
1514.0
1521.0
1531.0
1520.0
1518.0
1532.0
1538.0
3.0
56.0
56.0
56.0
56.0
56.0
56.0
695.0
1538.0
1540.0
1539.0
1526.0
1525.0
1535.0
1538.0
1540.0
1511.0
1518.0
1527.0
1530.0
2.0
55.0
55.0
55.0
54.0
55.0
55.0
693.0
1532.0
1533.0
1523.0
1554.0
1542.0
1543.0
1540.0
1542.0
1531.0
1530.0
1539.0
1547.0
2.0
55.0
76.0
56.0
56.0
56.0
55.0
686.0
1544.0
1527.0
1526.0
1524.0
1528.0
1539.0
1536.0
1536.0
1520.0
1520.0
1538.0
1541.0
1.0
2.0
1.0
2.0
1.0
2.0
1.0
641.0
1478.0
1483.0
1472.0
1477.0
1484.0
1483.0
1503.0
1503.0
1487.0
1484.0
1486.0
1486.0
2.0
65.0
62.0
70.0
69.0
69.0
69.0
691.0
1526.0
1523.0
1524.0
1516.0
1516.0
1536.0
1537.0
1533.0
1534.0
1533.0
1535.0
1535.0
1.0
2.0
1.0
2.0
1.0
2.0
1.0
652.0
1477.0
1483.0
1476.0
1460.0
1460.0
1462.0
1474.0
1479.0
1465.0
1473.0
1466.0
1465.0
1.0
55.0
56.0
55.0
55.0
55.0
55.0
696.0
1544.0
1541.0
1540.0
1528.0
1526.0
1538.0
1534.0
1538.0
1538.0
1537.0
1527.0
1526.0
1.0
2.0
2.0
1.0
2.0
1.0
1.0
641.0
1472.0
1472.0
1460.0
1460.0
1460.0
1462.0
1461.0
1460.0
1470.0
1472.0
1470.0
1471.0
2.0
2.0
1.0
2.0
2.0
2.0
1.0
646.0
1480.0
1479.0
1482.0
1488.0
1480.0
1463.0
1476.0
1475.0
1475.0
1477.0
1465.0
1464.0
2.0
1.0
2.0
1.0
2.0
1.0
2.0
630.0
1464.0
1485.0
1492.0
1489.0
1479.0
1481.0
1477.0
1474.0
1489.0
1497.0
1492.0
1464.0
2.0
2.0
1.0
2.0
2.0
2.0
1.0
638.0
1464.0
1473.0
1471.0
1471.0
1473.0
1459.0
1460.0
1459.0
1458.0
1486.0
1485.0
1474.0
1.0
1.0
2.0
2.0
1.0
1.0
2.0
2.0
843.0
843.0
850.0
850.0
852.0
850.0
850.0
820.0
823.0
820.0
832.0
842.0
2.0
1.0
2.0
2.0
2.0
1.0
2.0
2.0
845.0
864.0
857.0
858.0
855.0
857.0
859.0
856.0
858.0
849.0
849.0
880.0
2.0
1.0
2.0
1.0
2.0
2.0
1.0
2.0
837.0
836.0
838.0
837.0
833.0
832.0
824.0
762.0
752.0
740.0
738.0
765.0
