2.0
1.0
1.0
1.0
1.0
2.0
2.0
1.0
1.0
1.0
1.0
1.0
1.0
2.0
1.0
1.0
1.0
1.0
1.0
2.0
2.0
2.0
2.0
1.0
1.0
1.0
1.0
2.0
1.0
1.0
75.0
75.0
76.0
76.0
76.0
76.0
75.0
75.0
75.0
75.0
81.0
80.0
79.0
80.0
80.0
80.0
80.0
80.0
80.0
80.0
76.0
76.0
75.0
75.0
75.0
76.0
76.0
76.0
76.0
76.0
682.0
681.0
680.0
682.0
681.0
681.0
680.0
681.0
681.0
681.0
691.0
692.0
692.0
692.0
691.0
691.0
691.0
691.0
691.0
691.0
694.0
690.0
690.0
689.0
691.0
690.0
690.0
690.0
689.0
689.0
693.0
693.0
693.0
694.0
693.0
692.0
693.0
693.0
693.0
692.0
681.0
680.0
681.0
681.0
680.0
680.0
680.0
680.0
680.0
681.0
688.0
687.0
688.0
689.0
689.0
687.0
688.0
688.0
688.0
687.0
693.0
692.0
693.0
692.0
692.0
692.0
692.0
692.0
693.0
692.0
690.0
689.0
689.0
688.0
688.0
688.0
689.0
688.0
689.0
688.0
729.0
726.0
727.0
727.0
727.0
728.0
733.0
729.0
735.0
730.0
682.0
683.0
683.0
684.0
683.0
683.0
682.0
683.0
683.0
683.0
689.0
688.0
688.0
687.0
688.0
687.0
687.0
687.0
688.0
689.0
691.0
692.0
692.0
691.0
691.0
692.0
691.0
692.0
692.0
691.0
686.0
686.0
686.0
686.0
687.0
685.0
687.0
686.0
686.0
686.0
693.0
692.0
692.0
693.0
692.0
691.0
691.0
692.0
692.0
693.0
681.0
682.0
681.0
682.0
682.0
681.0
682.0
681.0
681.0
680.0
2.0
1.0
1.0
1.0
1.0
1.0
1.0
1.0
1.0
1.0
1.0
1.0
1.0
1.0
1.0
1.0
1.0
1.0
1.0
1.0
74.0
74.0
74.0
75.0
75.0
75.0
75.0
75.0
74.0
74.0
74.0
74.0
73.0
73.0
73.0
73.0
73.0
74.0
74.0
74.0
74.0
75.0
74.0
74.0
74.0
74.0
73.0
73.0
74.0
74.0
689.0
688.0
688.0
688.0
688.0
688.0
688.0
687.0
688.0
687.0
719.0
719.0
720.0
723.0
720.0
720.0
730.0
721.0
723.0
722.0
682.0
682.0
681.0
682.0
682.0
682.0
683.0
681.0
681.0
682.0
689.0
689.0
688.0
688.0
688.0
688.0
688.0
689.0
690.0
689.0
692.0
690.0
690.0
691.0
691.0
691.0
690.0
690.0
692.0
691.0
690.0
690.0
688.0
689.0
689.0
689.0
689.0
689.0
691.0
689.0
693.0
691.0
691.0
692.0
692.0
691.0
692.0
691.0
693.0
692.0
681.0
681.0
680.0
680.0
680.0
680.0
680.0
680.0
682.0
681.0
688.0
687.0
688.0
688.0
688.0
688.0
688.0
688.0
688.0
690.0
693.0
692.0
692.0
691.0
692.0
692.0
691.0
692.0
692.0
694.0
688.0
688.0
688.0
687.0
690.0
688.0
689.0
688.0
688.0
688.0
687.0
683.0
682.0
683.0
682.0
682.0
682.0
683.0
683.0
683.0
689.0
690.0
690.0
690.0
690.0
690.0
697.0
691.0
691.0
692.0
688.0
687.0
688.0
688.0
687.0
687.0
688.0
688.0
688.0
689.0
691.0
692.0
691.0
691.0
691.0
692.0
691.0
691.0
691.0
693.0
1.0
1.0
1.0
1.0
1.0
1.0
1.0
1.0
1.0
1.0
1.0
1.0
1.0
1.0
1.0
1.0
1.0
1.0
1.0
1.0
74.0
74.0
74.0
74.0
74.0
74.0
74.0
74.0
74.0
74.0
74.0
74.0
74.0
74.0
74.0
74.0
73.0
74.0
74.0
74.0
74.0
74.0
74.0
74.0
74.0
74.0
73.0
74.0
74.0
74.0
689.0
689.0
689.0
688.0
689.0
689.0
689.0
689.0
689.0
690.0
692.0
692.0
692.0
691.0
692.0
691.0
691.0
692.0
691.0
692.0
682.0
681.0
682.0
682.0
681.0
680.0
681.0
681.0
681.0
681.0
686.0
685.0
685.0
685.0
686.0
686.0
685.0
686.0
686.0
688.0
691.0
690.0
690.0
691.0
691.0
689.0
690.0
690.0
691.0
693.0
688.0
688.0
688.0
688.0
688.0
688.0
689.0
689.0
688.0
689.0
692.0
692.0
692.0
691.0
691.0
692.0
694.0
691.0
691.0
693.0
694.0
693.0
692.0
693.0
697.0
692.0
697.0
697.0
693.0
696.0
690.0
691.0
691.0
691.0
691.0
691.0
690.0
691.0
691.0
692.0
692.0
692.0
693.0
693.0
691.0
693.0
693.0
693.0
693.0
694.0
689.0
691.0
688.0
687.0
688.0
687.0
689.0
687.0
688.0
688.0
682.0
682.0
682.0
683.0
681.0
682.0
682.0
683.0
682.0
693.0
692.0
698.0
690.0
690.0
693.0
691.0
691.0
690.0
695.0
681.0
692.0
691.0
691.0
691.0
692.0
691.0
690.0
688.0
695.0
692.0
693.0
693.0
693.0
693.0
694.0
693.0
693.0
694.0
695.0
693.0
1.0
1.0
1.0
1.0
1.0
1.0
1.0
1.0
1.0
1.0
1.0
1.0
1.0
1.0
1.0
1.0
1.0
1.0
1.0
1.0
74.0
74.0
74.0
74.0
74.0
73.0
74.0
74.0
74.0
74.0
74.0
74.0
74.0
74.0
74.0
73.0
73.0
74.0
75.0
74.0
74.0
74.0
73.0
73.0
74.0
74.0
74.0
74.0
73.0
74.0
698.0
698.0
698.0
697.0
697.0
698.0
698.0
697.0
717.0
698.0
693.0
693.0
695.0
693.0
694.0
693.0
693.0
693.0
695.0
694.0
684.0
684.0
683.0
682.0
683.0
683.0
682.0
682.0
684.0
683.0
687.0
688.0
687.0
687.0
688.0
688.0
690.0
688.0
690.0
700.0
694.0
693.0
694.0
693.0
693.0
693.0
694.0
691.0
694.0
694.0
688.0
688.0
688.0
688.0
689.0
688.0
687.0
688.0
689.0
688.0
694.0
694.0
693.0
693.0
694.0
694.0
693.0
693.0
695.0
693.0
681.0
682.0
682.0
682.0
681.0
681.0
682.0
682.0
681.0
681.0
689.0
688.0
688.0
688.0
688.0
688.0
688.0
687.0
688.0
688.0
694.0
694.0
693.0
693.0
693.0
694.0
692.0
693.0
694.0
694.0
689.0
689.0
689.0
689.0
689.0
689.0
689.0
688.0
689.0
690.0
692.0
691.0
692.0
692.0
691.0
691.0
691.0
691.0
693.0
690.0
681.0
680.0
681.0
680.0
680.0
681.0
680.0
681.0
681.0
680.0
701.0
699.0
699.0
698.0
698.0
697.0
699.0
700.0
707.0
716.0
709.0
710.0
711.0
711.0
712.0
710.0
711.0
710.0
709.0
737.0
2.0
1.0
1.0
1.0
1.0
1.0
1.0
0.0
1.0
1.0
1.0
1.0
1.0
0.0
1.0
1.0
1.0
1.0
1.0
1.0
76.0
75.0
75.0
75.0
75.0
75.0
75.0
75.0
75.0
74.0
74.0
74.0
74.0
74.0
74.0
74.0
75.0
77.0
73.0
74.0
74.0
74.0
74.0
74.0
74.0
74.0
73.0
78.0
75.0
75.0
689.0
689.0
689.0
689.0
689.0
689.0
689.0
719.0
689.0
688.0
694.0
694.0
694.0
693.0
694.0
694.0
694.0
693.0
724.0
692.0
685.0
688.0
688.0
688.0
688.0
688.0
688.0
691.0
690.0
721.0
683.0
681.0
683.0
682.0
683.0
683.0
683.0
682.0
691.0
723.0
694.0
693.0
693.0
693.0
693.0
693.0
693.0
696.0
682.0
714.0
693.0
693.0
693.0
693.0
693.0
693.0
693.0
693.0
694.0
709.0
692.0
692.0
691.0
691.0
691.0
691.0
691.0
691.0
690.0
691.0
681.0
680.0
679.0
681.0
681.0
680.0
680.0
681.0
686.0
688.0
690.0
688.0
691.0
689.0
690.0
689.0
689.0
690.0
682.0
691.0
691.0
691.0
690.0
690.0
690.0
690.0
690.0
691.0
690.0
682.0
688.0
688.0
688.0
688.0
690.0
690.0
688.0
689.0
690.0
687.0
692.0
692.0
691.0
691.0
691.0
692.0
691.0
691.0
691.0
690.0
680.0
681.0
679.0
679.0
680.0
679.0
679.0
680.0
680.0
686.0
687.0
687.0
687.0
687.0
687.0
689.0
687.0
688.0
687.0
690.0
691.0
690.0
691.0
690.0
690.0
691.0
689.0
691.0
689.0
680.0
1.0
1.0
1.0
0.0
1.0
1.0
1.0
1.0
1.0
0.0
1.0
1.0
1.0
1.0
1.0
1.0
1.0
1.0
1.0
1.0
74.0
74.0
73.0
73.0
74.0
74.0
74.0
74.0
74.0
74.0
74.0
74.0
74.0
73.0
74.0
74.0
74.0
74.0
74.0
74.0
74.0
74.0
74.0
73.0
73.0
74.0
74.0
74.0
74.0
74.0
690.0
690.0
689.0
689.0
690.0
689.0
690.0
689.0
688.0
688.0
690.0
691.0
690.0
690.0
691.0
691.0
691.0
691.0
690.0
691.0
688.0
687.0
688.0
688.0
688.0
688.0
688.0
687.0
688.0
687.0
691.0
691.0
690.0
691.0
690.0
693.0
692.0
691.0
691.0
692.0
685.0
685.0
683.0
682.0
683.0
697.0
693.0
691.0
692.0
701.0
706.0
707.0
705.0
704.0
705.0
708.0
699.0
697.0
697.0
699.0
697.0
696.0
697.0
697.0
698.0
702.0
699.0
697.0
698.0
697.0
693.0
693.0
694.0
693.0
692.0
695.0
709.0
694.0
694.0
695.0
693.0
693.0
694.0
693.0
693.0
692.0
692.0
692.0
692.0
691.0
680.0
680.0
680.0
680.0
679.0
682.0
679.0
680.0
680.0
680.0
687.0
688.0
688.0
688.0
688.0
688.0
687.0
688.0
689.0
687.0
690.0
690.0
690.0
690.0
690.0
692.0
690.0
690.0
690.0
691.0
685.0
686.0
685.0
685.0
685.0
686.0
685.0
685.0
686.0
686.0
680.0
691.0
680.0
680.0
690.0
692.0
691.0
692.0
691.0
690.0
690.0
690.0
690.0
681.0
680.0
680.0
680.0
680.0
681.0
679.0
1.0
1.0
1.0
1.0
1.0
1.0
1.0
1.0
1.0
1.0
2.0
1.0
1.0
1.0
1.0
1.0
1.0
1.0
1.0
1.0
75.0
75.0
74.0
74.0
74.0
74.0
74.0
74.0
74.0
74.0
74.0
74.0
74.0
74.0
75.0
74.0
75.0
74.0
74.0
74.0
74.0
74.0
74.0
74.0
73.0
74.0
74.0
73.0
74.0
74.0
689.0
687.0
694.0
687.0
687.0
687.0
687.0
687.0
686.0
686.0
692.0
691.0
690.0
689.0
691.0
690.0
691.0
690.0
691.0
690.0
687.0
687.0
686.0
691.0
687.0
687.0
690.0
688.0
687.0
687.0
692.0
691.0
691.0
691.0
690.0
690.0
692.0
691.0
692.0
691.0
680.0
680.0
679.0
680.0
679.0
680.0
681.0
680.0
679.0
679.0
687.0
688.0
686.0
686.0
687.0
687.0
689.0
687.0
687.0
686.0
691.0
691.0
691.0
691.0
691.0
691.0
691.0
693.0
691.0
690.0
688.0
686.0
687.0
687.0
686.0
688.0
687.0
686.0
687.0
689.0
692.0
691.0
691.0
691.0
691.0
691.0
691.0
691.0
692.0
693.0
680.0
681.0
680.0
680.0
680.0
680.0
680.0
679.0
680.0
681.0
687.0
688.0
687.0
688.0
687.0
689.0
688.0
688.0
688.0
689.0
716.0
718.0
718.0
715.0
716.0
718.0
717.0
722.0
717.0
715.0
690.0
690.0
690.0
689.0
690.0
690.0
690.0
689.0
690.0
690.0
691.0
691.0
692.0
691.0
691.0
691.0
692.0
690.0
692.0
691.0
681.0
680.0
680.0
681.0
680.0
681.0
680.0
680.0
680.0
682.0
1.0
1.0
1.0
1.0
1.0
1.0
1.0
1.0
1.0
1.0
1.0
1.0
1.0
1.0
1.0
1.0
1.0
1.0
1.0
1.0
74.0
74.0
74.0
73.0
74.0
74.0
74.0
74.0
77.0
78.0
79.0
79.0
79.0
79.0
78.0
82.0
82.0
81.0
77.0
76.0
77.0
77.0
76.0
76.0
77.0
74.0
73.0
74.0
74.0
74.0
690.0
690.0
690.0
690.0
691.0
690.0
691.0
691.0
691.0
692.0
681.0
682.0
682.0
681.0
681.0
682.0
681.0
682.0
682.0
683.0
686.0
686.0
687.0
686.0
687.0
687.0
687.0
686.0
686.0
688.0
691.0
690.0
691.0
690.0
690.0
690.0
690.0
690.0
694.0
691.0
687.0
688.0
687.0
687.0
687.0
687.0
687.0
687.0
687.0
688.0
693.0
692.0
693.0
692.0
693.0
692.0
692.0
693.0
692.0
694.0
680.0
680.0
682.0
681.0
681.0
681.0
681.0
681.0
681.0
681.0
686.0
686.0
686.0
686.0
686.0
687.0
687.0
688.0
687.0
688.0
693.0
693.0
695.0
692.0
692.0
693.0
691.0
691.0
692.0
692.0
688.0
687.0
686.0
687.0
687.0
688.0
688.0
688.0
687.0
688.0
694.0
694.0
695.0
694.0
694.0
693.0
694.0
695.0
694.0
695.0
685.0
685.0
684.0
693.0
685.0
686.0
685.0
686.0
685.0
687.0
694.0
694.0
694.0
694.0
702.0
693.0
694.0
693.0
693.0
694.0
697.0
697.0
697.0
697.0
701.0
697.0
697.0
696.0
696.0
698.0
694.0
693.0
693.0
693.0
706.0
694.0
694.0
695.0
695.0
695.0
1.0
1.0
0.0
1.0
1.0
1.0
1.0
1.0
0.0
1.0
1.0
1.0
1.0
1.0
1.0
1.0
1.0
1.0
1.0
0.0
75.0
75.0
75.0
74.0
74.0
74.0
73.0
73.0
73.0
73.0
74.0
74.0
74.0
74.0
74.0
74.0
75.0
74.0
75.0
74.0
74.0
74.0
74.0
74.0
74.0
74.0
74.0
74.0
73.0
74.0
691.0
692.0
692.0
693.0
692.0
692.0
693.0
692.0
693.0
698.0
682.0
682.0
682.0
683.0
687.0
690.0
689.0
687.0
688.0
690.0
710.0
706.0
705.0
706.0
702.0
698.0
706.0
699.0
698.0
710.0
692.0
691.0
692.0
692.0
692.0
693.0
693.0
694.0
693.0
683.0
688.0
688.0
688.0
689.0
687.0
687.0
687.0
686.0
687.0
687.0
691.0
691.0
691.0
692.0
692.0
691.0
690.0
691.0
691.0
690.0
680.0
680.0
680.0
681.0
680.0
684.0
685.0
686.0
686.0
687.0
687.0
687.0
686.0
688.0
686.0
683.0
683.0
682.0
681.0
680.0
693.0
692.0
692.0
694.0
693.0
692.0
693.0
693.0
693.0
693.0
687.0
686.0
686.0
687.0
687.0
687.0
687.0
686.0
686.0
687.0
701.0
702.0
700.0
701.0
701.0
701.0
700.0
701.0
701.0
700.0
681.0
681.0
681.0
683.0
682.0
682.0
682.0
687.0
688.0
686.0
697.0
696.0
696.0
698.0
697.0
696.0
696.0
692.0
691.0
691.0
692.0
692.0
692.0
693.0
692.0
692.0
692.0
692.0
692.0
692.0
688.0
687.0
688.0
689.0
688.0
688.0
688.0
688.0
688.0
688.0
2.0
1.0
1.0
1.0
1.0
1.0
1.0
1.0
1.0
1.0
1.0
1.0
1.0
1.0
1.0
1.0
1.0
1.0
1.0
1.0
74.0
74.0
74.0
74.0
74.0
74.0
74.0
73.0
74.0
73.0
74.0
74.0
74.0
74.0
74.0
74.0
74.0
74.0
74.0
75.0
75.0
74.0
74.0
74.0
74.0
75.0
74.0
75.0
74.0
74.0
692.0
693.0
693.0
694.0
693.0
693.0
693.0
692.0
692.0
430.0
680.0
688.0
687.0
688.0
688.0
688.0
687.0
687.0
687.0
418.0
689.0
689.0
693.0
692.0
691.0
691.0
693.0
691.0
691.0
419.0
693.0
692.0
691.0
684.0
683.0
683.0
685.0
683.0
683.0
420.0
688.0
689.0
689.0
689.0
687.0
687.0
687.0
690.0
688.0
427.0
692.0
692.0
692.0
691.0
692.0
691.0
691.0
690.0
693.0
430.0
680.0
680.0
681.0
681.0
681.0
681.0
688.0
688.0
688.0
420.0
689.0
687.0
688.0
688.0
688.0
687.0
687.0
692.0
691.0
419.0
691.0
693.0
692.0
691.0
691.0
692.0
691.0
691.0
692.0
418.0
706.0
703.0
709.0
705.0
704.0
703.0
710.0
704.0
705.0
431.0
694.0
694.0
693.0
695.0
701.0
693.0
692.0
694.0
692.0
419.0
691.0
680.0
679.0
680.0
683.0
688.0
680.0
681.0
680.0
419.0
686.0
685.0
686.0
687.0
686.0
688.0
693.0
686.0
685.0
423.0
691.0
690.0
690.0
690.0
690.0
689.0
692.0
690.0
691.0
433.0
687.0
679.0
680.0
680.0
686.0
687.0
686.0
688.0
686.0
419.0
1.0
1.0
1.0
1.0
1.0
1.0
1.0
1.0
1.0
1.0
1.0
1.0
1.0
1.0
1.0
1.0
1.0
1.0
1.0
1.0
1.0
1.0
1.0
1.0
1.0
1.0
1.0
1.0
1.0
1.0
1.0
1.0
1.0
1.0
1.0
1.0
1.0
1.0
0.0
1.0
1.0
1.0
1.0
0.0
1.0
1.0
1.0
1.0
1.0
1.0
353.0
357.0
353.0
353.0
353.0
349.0
349.0
350.0
350.0
350.0
349.0
349.0
349.0
349.0
353.0
356.0
356.0
356.0
357.0
356.0
356.0
357.0
357.0
356.0
361.0
346.0
346.0
346.0
346.0
346.0
346.0
346.0
346.0
346.0
350.0
352.0
351.0
352.0
352.0
352.0
351.0
351.0
352.0
352.0
350.0
352.0
352.0
352.0
353.0
352.0
352.0
352.0
352.0
352.0
352.0
345.0
345.0
346.0
346.0
345.0
346.0
346.0
346.0
346.0
346.0
346.0
347.0
347.0
347.0
358.0
358.0
358.0
357.0
358.0
359.0
358.0
358.0
358.0
358.0
348.0
348.0
348.0
348.0
347.0
348.0
347.0
347.0
347.0
348.0
349.0
350.0
349.0
350.0
349.0
350.0
351.0
350.0
351.0
356.0
356.0
356.0
355.0
356.0
355.0
357.0
355.0
355.0
355.0
347.0
348.0
348.0
347.0
347.0
348.0
348.0
348.0
348.0
348.0
349.0
348.0
349.0
350.0
350.0
348.0
350.0
360.0
359.0
360.0
360.0
362.0
360.0
359.0
359.0
359.0
360.0
347.0
347.0
347.0
347.0
346.0
346.0
348.0
346.0
346.0
346.0
319.0
320.0
319.0
313.0
311.0
