7.0
6.0
4.0
4.0
4.0
4.0
4.0
5.0
5.0
6.0
6.0
6.0
4.0
4.0
4.0
3.0
4.0
4.0
6.0
7.0
4.0
4.0
4.0
4.0
4.0
4.0
8.0
3490.0
3591.0
4.0
5.0
5.0
4.0
4.0
5.0
6.0
6.0
6.0
6.0
6.0
4.0
15.0
4.0
4.0
4.0
4.0
3340.0
3409.0
3373.0
5.0
6.0
5.0
6.0
7.0
7.0
6.0
6.0
6.0
5.0
8.0
4.0
4.0
4.0
6.0
4.0
4.0
3310.0
3450.0
3406.0
8.0
7.0
6.0
6.0
6.0
6.0
6.0
7.0
6.0
6.0
7.0
6.0
6.0
6.0
7.0
6.0
6.0
3473.0
3424.0
4.0
4.0
3.0
4.0
3.0
4.0
4.0
3.0
4.0
3.0
4.0
4.0
3.0
4.0
4.0
3.0
4.0
3439.0
3417.0
3439.0
3.0
4.0
4.0
3.0
4.0
4.0
3.0
4.0
4.0
3.0
4.0
4.0
3.0
3.0
4.0
4.0
4.0
3411.0
3433.0
3448.0
4.0
4.0
3.0
4.0
3.0
3.0
4.0
3.0
4.0
3.0
3.0
4.0
4.0
3.0
4.0
4.0
3.0
3470.0
3392.0
3313.0
4.0
4.0
4.0
3.0
4.0
4.0
4.0
3.0
4.0
4.0
3.0
4.0
4.0
3.0
3.0
4.0
4.0
3350.0
3368.0
3319.0
4.0
4.0
3.0
4.0
4.0
3.0
4.0
4.0
4.0
3.0
4.0
4.0
4.0
3.0
3.0
4.0
4.0
3350.0
3341.0
3347.0
4.0
4.0
3.0
4.0
4.0
3.0
3.0
4.0
4.0
3.0
4.0
4.0
3.0
4.0
4.0
3.0
3.0
3329.0
3361.0
3325.0
3.0
5.0
5.0
4.0
4.0
3.0
3.0
4.0
6.0
6.0
4.0
3.0
3.0
4.0
4.0
4.0
6.0
5.0
6.0
4.0
6.0
4.0
3.0
3.0
3.0
3.0
3.0
3.0
4.0
4.0
6.0
6.0
4.0
4.0
5.0
6.0
4.0
4.0
3.0
3.0
3.0
4.0
6.0
6.0
3.0
3.0
4.0
4.0
4.0
6.0
6.0
3.0
4.0
4.0
3.0
3.0
3.0
5.0
6.0
4.0
6.0
5.0
3.0
3.0
3.0
4.0
4.0
3.0
4.0
4.0
6.0
3.0
3.0
5.0
3.0
6.0
6.0
4.0
3.0
3.0
3.0
3.0
4.0
4.0
6.0
6.0
4.0
4.0
3.0
3.0
3.0
6.0
6.0
3.0
3.0
3.0
4.0
4.0
4.0
6.0
6.0
4.0
5.0
6.0
4.0
4.0
3.0
3.0
3.0
3.0
6.0
3.0
6.0
3.0
4.0
4.0
4.0
6.0
6.0
3.0
3.0
3.0
3.0
3.0
3.0
5.0
6.0
4.0
4.0
4.0
4.0
6.0
4.0
4.0
6.0
3.0
3.0
3.0
3.0
3.0
3.0
6.0
5.0
6.0
4.0
5.0
4.0
3.0
4.0
4.0
3.0
4.0
6.0
6.0
3.0
3.0
3.0
3.0
4.0
5.0
6.0
3.0
3.0
4.0
4.0
4.0
3.0
16.0
18.0
6.0
3657.0
3670.0
3672.0
3090.0
3695.0
3176.0
3690.0
3699.0
3847.0
3383.0
3527.0
3288.0
3280.0
3326.0
3332.0
3377.0
3346.0
3285.0
3374.0
3397.0
3444.0
3423.0
3447.0
3385.0
3382.0
3340.0
3479.0
3.0
3.0
3.0
3.0
3.0
3.0
3.0
3.0
3.0
3.0
3.0
3.0
3.0
3.0
3.0
3.0
3.0
79.0
3.0
3.0
3.0
3.0
3.0
4.0
3.0
3.0
3.0
3.0
3.0
3.0
3.0
3.0
3.0
3.0
3.0
3.0
3.0
3.0
3.0
3.0
3.0
3.0
3.0
3.0
3.0
3.0
3.0
3.0
3.0
3.0
3.0
3.0
3.0
3.0
3.0
3.0
3.0
3.0
3.0
3.0
3.0
3.0
3.0
3.0
4.0
3.0
3.0
3.0
3.0
3.0
3.0
3.0
3.0
3.0
3.0
3.0
3.0
3.0
3.0
3.0
3.0
3.0
3.0
3.0
3.0
3.0
3.0
3.0
4.0
3.0
3.0
3.0
3.0
3.0
3.0
3.0
3.0
3.0
3.0
3.0
3.0
3.0
3.0
3.0
3.0
3.0
3.0
3.0
3.0
3.0
3.0
3.0
3.0
3.0
4.0
3.0
3.0
3.0
3.0
3.0
3.0
3.0
3.0
3.0
3.0
3.0
3.0
3.0
3.0
3.0
3.0
3.0
3.0
3.0
3.0
3.0
3.0
3.0
3.0
3.0
3.0
3.0
4.0
3.0
3.0
3.0
3.0
3.0
3.0
3.0
3.0
3.0
3.0
3.0
3.0
3.0
3.0
3.0
3.0
3.0
3.0
3.0
3.0
3.0
3.0
3.0
3.0
3.0
3.0
3.0
3281.0
3418.0
3373.0
3413.0
3419.0
3353.0
3366.0
3366.0
3399.0
3431.0
3357.0
3303.0
3353.0
3430.0
3364.0
3381.0
3365.0
3388.0
3378.0
3395.0
3336.0
3338.0
3426.0
3429.0
3531.0
3420.0
3379.0
3405.0
3475.0
3512.0
3.0
3.0
4.0
3.0
3.0
3.0
3.0
3.0
3.0
3.0
3.0
3.0
3.0
3.0
3.0
3.0
3.0
3.0
3.0
3.0
3.0
3.0
3.0
3.0
3.0
4.0
3.0
3.0
3.0
3.0
3.0
3.0
3.0
3.0
3.0
4.0
3.0
3.0
3.0
3.0
3.0
3.0
3.0
3.0
3.0
3.0
3.0
3.0
3.0
3.0
3.0
3.0
3.0
3.0
3.0
3.0
3.0
4.0
3.0
3.0
3.0
3.0
3.0
3.0
4.0
3.0
3.0
3.0
3.0
3.0
3.0
3.0
3.0
3.0
3.0
3.0
3.0
3.0
3.0
3.0
3.0
3.0
3.0
3.0
3.0
3.0
3.0
3.0
3.0
3.0
3.0
3.0
3.0
3.0
3.0
3.0
3.0
3.0
3.0
3.0
3.0
3.0
3.0
4.0
3.0
3.0
3.0
3.0
3.0
3.0
3.0
3.0
3.0
3.0
3.0
3.0
3.0
3.0
3.0
3.0
3.0
3.0
3.0
3.0
3.0
4.0
3.0
3.0
3.0
3.0
3.0
3.0
3.0
3.0
3.0
3.0
4.0
3.0
3.0
3.0
3.0
3.0
3.0
3.0
3.0
3.0
3.0
3.0
3.0
3.0
3.0
3.0
3.0
3.0
3.0
3.0
3.0
3.0
4.0
3.0
3.0
3.0
3.0
3.0
3.0
3.0
3.0
3.0
3.0
3.0
3375.0
3373.0
3311.0
3380.0
3354.0
3343.0
3392.0
3405.0
3405.0
3429.0
3370.0
3342.0
3388.0
3393.0
3367.0
3369.0
3393.0
3368.0
3444.0
3440.0
3346.0
3344.0
3371.0
3369.0
3392.0
3338.0
3396.0
3366.0
3426.0
3396.0
3.0
3.0
3.0
3.0
3.0
3.0
3.0
3.0
3.0
3.0
3.0
3.0
3.0
3.0
3.0
3.0
3.0
3.0
3.0
3.0
3.0
4.0
3.0
3.0
4.0
3.0
3.0
3.0
10.0
11.0
3.0
3.0
4.0
3.0
3.0
4.0
3.0
3.0
4.0
3.0
3.0
4.0
3.0
3.0
4.0
3.0
3.0
3.0
3.0
4.0
3.0
3.0
3.0
3.0
3.0
3.0
3.0
3.0
3.0
3.0
3.0
3.0
4.0
3.0
3.0
3.0
3.0
3.0
3.0
3.0
3.0
3.0
3.0
3.0
3.0
4.0
3.0
3.0
3.0
3.0
3.0
3.0
3.0
3.0
4.0
3.0
3.0
3.0
3.0
3.0
3.0
3.0
3.0
3.0
3.0
3.0
3.0
4.0
3.0
3.0
3.0
3.0
3.0
3.0
3.0
3.0
3.0
3.0
3.0
3.0
3.0
3.0
3.0
3.0
3.0
3.0
3.0
3.0
3.0
3.0
3.0
3.0
3.0
3.0
3.0
3.0
3.0
3.0
3.0
3.0
4.0
3.0
3.0
3.0
3.0
3.0
3.0
3.0
3.0
3.0
3.0
3.0
3.0
3.0
3.0
4.0
3.0
3.0
3.0
3.0
3.0
3.0
3.0
3.0
3.0
3.0
3.0
3.0
3.0
3.0
3.0
3.0
3.0
3.0
3.0
3.0
3.0
3.0
3.0
4.0
3405.0
3382.0
3361.0
3388.0
3362.0
3395.0
3388.0
3426.0
3416.0
3480.0
3466.0
3370.0
3427.0
3427.0
3416.0
3446.0
3410.0
3408.0
3400.0
3391.0
3397.0
3361.0
3432.0
3432.0
3363.0
3397.0
3395.0
3391.0
3385.0
3417.0
3.0
3.0
3.0
3.0
3.0
3.0
3.0
3.0
3.0
3.0
3.0
3.0
3.0
3.0
3.0
3.0
3.0
3.0
3.0
3.0
3.0
4.0
4.0
3.0
3.0
3.0
3.0
3.0
3.0
3.0
3.0
3.0
3.0
3.0
3.0
3.0
3.0
4.0
3.0
3.0
3.0
3.0
3.0
3.0
3.0
3.0
3.0
3.0
3.0
3.0
3.0
3.0
3.0
3.0
3.0
3.0
3.0
3.0
3.0
3.0
3.0
3.0
3.0
3.0
3.0
3.0
3.0
4.0
3.0
3.0
3.0
3.0
3.0
3.0
3.0
3.0
3.0
3.0
3.0
3.0
3.0
3.0
3.0
3.0
3.0
3.0
3.0
3.0
4.0
3.0
3.0
3.0
3.0
3.0
3.0
3.0
3.0
3.0
3.0
3.0
3.0
3.0
52.0
53.0
3.0
3.0
4.0
3.0
3.0
3.0
3.0
3.0
3.0
3.0
3.0
3.0
3.0
4.0
3.0
3.0
4.0
3.0
3.0
3.0
3.0
3.0
3.0
3.0
3.0
3.0
3.0
3.0
3.0
3.0
3.0
3.0
3.0
3.0
4.0
3.0
3.0
3.0
3.0
4.0
3.0
3.0
3.0
3.0
3.0
3.0
3.0
3.0
3.0
3.0
4.0
3.0
3.0
4.0
3.0
3.0
3.0
3.0
3.0
3.0
3.0
3.0
3.0
3.0
4.0
3.0
3262.0
3359.0
3395.0
3354.0
3382.0
3430.0
3388.0
3373.0
3409.0
3429.0
3400.0
3403.0
3447.0
3415.0
3428.0
3428.0
3460.0
3447.0
3388.0
3440.0
3433.0
3326.0
3442.0
3351.0
3351.0
3391.0
3371.0
3399.0
3405.0
3416.0
4.0
3.0
3.0
3.0
3.0
3.0
3.0
3.0
3.0
3.0
3.0
3.0
3.0
3.0
3.0
3.0
3.0
3.0
3.0
3.0
3.0
4.0
3.0
3.0
3.0
3.0
3.0
3.0
3.0
3.0
3.0
3.0
3.0
3.0
3.0
3.0
3.0
3.0
3.0
3.0
3.0
3.0
3.0
3.0
3.0
3.0
3.0
3.0
3.0
3.0
3.0
3.0
3.0
3.0
3.0
3.0
3.0
3.0
3.0
3.0
3.0
3.0
3.0
3.0
3.0
3.0
3.0
55.0
56.0
3.0
3.0
3.0
3.0
3.0
3.0
3.0
3.0
4.0
3.0
3.0
3.0
3.0
3.0
3.0
3.0
3.0
4.0
3.0
3.0
3.0
3.0
3.0
3.0
3.0
3.0
3.0
3.0
3.0
3.0
4.0
3.0
3.0
3.0
3.0
3.0
3.0
3.0
3.0
3.0
3.0
3.0
3.0
3.0
3.0
3.0
3.0
3.0
3.0
3.0
3.0
3.0
3.0
3.0
3.0
3.0
3.0
3.0
3.0
3.0
3.0
3.0
3.0
4.0
3.0
3.0
3.0
3.0
3.0
3.0
3.0
3.0
3.0
3.0
4.0
3.0
3.0
3.0
3.0
3.0
3.0
3.0
3.0
3.0
3.0
3.0
3.0
4.0
3.0
3.0
3.0
3.0
3.0
3.0
4.0
3.0
3.0
3.0
3.0
3.0
3.0
3370.0
3402.0
3413.0
3436.0
3396.0
3415.0
3437.0
3435.0
3391.0
3433.0
3272.0
3317.0
3395.0
3405.0
3432.0
3440.0
3439.0
3457.0
3446.0
3487.0
3473.0
3389.0
3414.0
3431.0
3418.0
3378.0
3378.0
3370.0
3391.0
3381.0
3.0
3.0
3.0
3.0
3.0
3.0
3.0
3.0
3.0
3.0
3.0
3.0
3.0
4.0
3.0
3.0
3.0
3.0
3.0
3.0
3.0
3.0
3.0
3.0
3.0
3.0
3.0
54.0
54.0
3.0
3.0
3.0
3.0
3.0
4.0
4.0
3.0
3.0
3.0
3.0
3.0
3.0
3.0
3.0
3.0
3.0
3.0
3.0
3.0
3.0
3.0
3.0
3.0
3.0
3.0
3.0
3.0
4.0
3.0
3.0
3.0
3.0
3.0
3.0
3.0
3.0
3.0
3.0
4.0
3.0
3.0
3.0
3.0
3.0
3.0
3.0
3.0
3.0
3.0
3.0
3.0
3.0
3.0
3.0
4.0
3.0
3.0
3.0
3.0
3.0
3.0
3.0
3.0
3.0
3.0
3.0
3.0
3.0
3.0
3.0
3.0
3.0
4.0
3.0
3.0
4.0
3.0
3.0
3.0
3.0
3.0
3.0
3.0
3.0
4.0
3.0
3.0
3.0
3.0
3.0
3.0
3.0
3.0
3.0
3.0
4.0
3.0
3.0
3.0
3.0
3.0
3.0
4.0
3.0
3.0
3.0
3.0
3.0
3.0
3.0
3.0
3.0
3.0
4.0
3.0
3.0
4.0
3.0
3.0
3.0
3.0
3.0
3.0
3.0
3.0
3.0
3.0
3.0
3.0
3.0
3.0
3.0
3.0
3.0
3.0
3.0
3.0
3.0
4.0
3.0
3448.0
3452.0
3494.0
3557.0
3516.0
3527.0
3519.0
3554.0
3538.0
3558.0
3411.0
3446.0
3455.0
3454.0
3446.0
3556.0
3451.0
3494.0
3522.0
3496.0
3330.0
3349.0
3395.0
3431.0
3382.0
3364.0
3338.0
3336.0
3380.0
3377.0
3.0
3.0
3.0
4.0
3.0
3.0
3.0
3.0
3.0
3.0
3.0
4.0
3.0
3.0
3.0
3.0
3.0
3.0
3.0
3.0
3.0
3.0
4.0
4.0
3.0
3.0
3.0
3.0
3.0
3.0
3.0
3.0
3.0
3.0
3.0
3.0
3.0
3.0
3.0
3.0
3.0
4.0
3.0
3.0
3.0
3.0
3.0
3.0
3.0
3.0
3.0
3.0
3.0
3.0
4.0
3.0
3.0
3.0
3.0
3.0
3.0
3.0
3.0
3.0
3.0
3.0
3.0
3.0
3.0
3.0
4.0
3.0
3.0
3.0
3.0
3.0
3.0
3.0
3.0
3.0
3.0
3.0
3.0
3.0
3.0
3.0
4.0
3.0
3.0
3.0
3.0
3.0
3.0
3.0
3.0
3.0
3.0
3.0
3.0
3.0
3.0
3.0
4.0
4.0
3.0
3.0
3.0
3.0
3.0
3.0
3.0
3.0
3.0
3.0
3.0
3.0
3.0
3.0
4.0
3.0
3.0
3.0
3.0
4.0
3.0
3.0
3.0
3.0
3.0
3.0
3.0
3.0
3.0
3.0
4.0
3.0
3.0
3.0
3.0
3.0
3.0
4.0
3.0
3.0
3.0
3.0
3.0
3.0
3.0
3.0
3.0
3.0
4.0
3.0
3.0
3.0
3.0
3.0
3.0
3.0
3.0
3.0
3.0
3.0
3.0
3.0
3.0
3.0
4.0
3.0
3370.0
3396.0
3469.0
3422.0
3412.0
3382.0
3371.0
3369.0
3421.0
3421.0
3301.0
3414.0
3391.0
3403.0
3399.0
3391.0
3390.0
3392.0
3372.0
3434.0
3335.0
3426.0
3448.0
3411.0
3383.0
3385.0
3373.0
3359.0
3443.0
3430.0
3.0
3.0
4.0
3.0
3.0
3.0
3.0
4.0
3.0
3.0
3.0
3.0
3.0
3.0
3.0
4.0
3.0
3.0
3.0
3.0
3.0
3.0
3.0
3.0
4.0
3.0
3.0
3.0
3.0
3.0
3.0
3.0
3.0
3.0
4.0
3.0
3.0
3.0
3.0
3.0
3.0
3.0
3.0
3.0
3.0
3.0
3.0
4.0
3.0
3.0
3.0
3.0
3.0
3.0
3.0
3.0
3.0
3.0
3.0
3.0
3.0
3.0
3.0
3.0
3.0
3.0
3.0
3.0
3.0
3.0
3.0
3.0
3.0
4.0
3.0
3.0
3.0
3.0
3.0
3.0
3.0
3.0
3.0
3.0
3.0
3.0
3.0
3.0
3.0
4.0
3.0
3.0
3.0
3.0
4.0
3.0
3.0
3.0
3.0
3.0
3.0
3.0
3.0
3.0
3.0
3.0
3.0
3.0
3.0
3.0
3.0
3.0
3.0
3.0
3.0
3.0
3.0
3.0
4.0
3.0
3.0
4.0
3.0
3.0
3.0
3.0
3.0
3.0
3.0
3.0
3.0
3.0
3.0
3.0
3.0
4.0
3.0
3.0
4.0
3.0
3.0
3.0
3.0
3.0
3.0
3.0
3.0
3.0
3.0
3.0
3.0
4.0
3.0
3.0
3.0
3.0
3.0
3.0
3.0
3.0
3.0
3.0
3.0
3.0
3.0
3.0
3.0
4.0
3.0
3.0
3353.0
3336.0
3340.0
3368.0
3362.0
3349.0
3323.0
3353.0
3335.0
3366.0
3369.0
3329.0
3371.0
3370.0
3345.0
3345.0
3354.0
3389.0
3373.0
3389.0
3382.0
3364.0
3410.0
3390.0
3363.0
3393.0
3384.0
3368.0
3390.0
3340.0
4.0
3.0
3.0
3.0
3.0
4.0
3.0
3.0
3.0
3.0
3.0
3.0
4.0
3.0
3.0
3.0
3.0
3.0
3.0
4.0
3.0
3.0
3.0
3.0
3.0
3.0
3.0
3.0
3.0
3.0
3.0
3.0
3.0
3.0
3.0
3.0
3.0
3.0
3.0
3.0
3.0
3.0
3.0
3.0
3.0
3.0
3.0
3.0
3.0
3.0
4.0
4.0
3.0
3.0
3.0
3.0
3.0
3.0
3.0
3.0
3.0
3.0
3.0
3.0
3.0
3.0
3.0
3.0
4.0
3.0
3.0
3.0
3.0
3.0
3.0
3.0
3.0
3.0
3.0
3.0
3.0
4.0
3.0
3.0
4.0
3.0
3.0
3.0
3.0
3.0
3.0
3.0
3.0
3.0
3.0
3.0
3.0
3.0
3.0
4.0
4.0
3.0
3.0
3.0
3.0
3.0
3.0
3.0
3.0
3.0
3.0
3.0
3.0
4.0
3.0
3.0
4.0
3.0
3.0
3.0
3.0
3.0
3.0
3.0
3.0
3.0
3.0
3.0
3.0
4.0
3.0
3.0
3.0
3.0
3.0
3.0
4.0
3.0
3.0
3.0
3.0
3.0
3.0
3.0
3.0
3.0
3.0
4.0
3.0
3.0
3.0
3.0
3.0
3.0
3.0
3.0
3.0
3.0
3.0
3.0
3.0
3.0
3.0
3.0
3.0
4.0
3.0
3.0
3.0
3.0
3405.0
3427.0
3433.0
3427.0
3425.0
3382.0
3377.0
3432.0
3423.0
3509.0
3388.0
3440.0
3472.0
3494.0
3498.0
3545.0
3483.0
3464.0
3513.0
3423.0
3366.0
3428.0
3354.0
3342.0
3378.0
3323.0
3364.0
3343.0
3293.0
3115.0
