0.0
0.0
0.0
1.0
1.0
1.0
1.0
1.0
0.0
0.0
1.0
1.0
114.0
65.0
64.0
115.0
65.0
65.0
66.0
65.0
115.0
115.0
65.0
64.0
64.0
64.0
64.0
65.0
61.0
115.0
1.0
1.0
70.0
115.0
64.0
65.0
65.0
65.0
65.0
64.0
52.0
64.0
64.0
64.0
65.0
65.0
64.0
65.0
53.0
97.0
0.0
1.0
98.0
65.0
65.0
64.0
64.0
65.0
65.0
64.0
52.0
64.0
64.0
65.0
64.0
64.0
64.0
64.0
53.0
65.0
1.0
0.0
52.0
52.0
65.0
65.0
53.0
65.0
64.0
65.0
65.0
65.0
64.0
53.0
52.0
64.0
64.0
64.0
64.0
64.0
1.0
0.0
66.0
65.0
65.0
53.0
54.0
64.0
58.0
65.0
65.0
64.0
65.0
64.0
64.0
56.0
56.0
56.0
64.0
64.0
0.0
1.0
65.0
64.0
64.0
65.0
64.0
57.0
56.0
56.0
64.0
65.0
64.0
65.0
64.0
65.0
56.0
65.0
55.0
56.0
0.0
1.0
64.0
56.0
63.0
64.0
63.0
57.0
64.0
64.0
63.0
58.0
58.0
62.0
58.0
63.0
62.0
58.0
63.0
63.0
1.0
0.0
63.0
58.0
57.0
57.0
62.0
58.0
62.0
62.0
63.0
62.0
62.0
58.0
57.0
58.0
61.0
66.0
65.0
66.0
1.0
1.0
65.0
65.0
65.0
64.0
64.0
63.0
61.0
63.0
62.0
63.0
63.0
63.0
63.0
58.0
58.0
58.0
58.0
62.0
0.0
0.0
62.0
62.0
62.0
62.0
62.0
58.0
58.0
59.0
58.0
60.0
60.0
60.0
60.0
60.0
59.0
59.0
57.0
56.0
0.0
0.0
64.0
64.0
64.0
65.0
65.0
64.0
65.0
115.0
115.0
53.0
53.0
65.0
66.0
64.0
65.0
65.0
64.0
65.0
0.0
0.0
53.0
116.0
116.0
64.0
65.0
64.0
65.0
58.0
65.0
65.0
52.0
53.0
65.0
66.0
64.0
64.0
65.0
65.0
1.0
0.0
53.0
83.0
82.0
53.0
65.0
65.0
65.0
65.0
65.0
65.0
53.0
53.0
64.0
65.0
53.0
65.0
64.0
64.0
0.0
1.0
64.0
65.0
65.0
57.0
60.0
66.0
66.0
67.0
66.0
67.0
67.0
66.0
66.0
57.0
53.0
65.0
65.0
64.0
0.0
1.0
64.0
64.0
64.0
64.0
65.0
53.0
54.0
64.0
64.0
53.0
64.0
64.0
64.0
64.0
64.0
64.0
53.0
54.0
1.0
0.0
60.0
65.0
65.0
65.0
64.0
64.0
64.0
64.0
55.0
57.0
57.0
64.0
64.0
64.0
64.0
65.0
64.0
65.0
0.0
0.0
56.0
56.0
56.0
64.0
57.0
65.0
64.0
65.0
64.0
65.0
64.0
56.0
56.0
56.0
64.0
64.0
65.0
64.0
0.0
1.0
64.0
64.0
65.0
56.0
57.0
56.0
65.0
64.0
64.0
64.0
65.0
65.0
64.0
56.0
55.0
56.0
65.0
57.0
1.0
0.0
65.0
65.0
65.0
65.0
64.0
65.0
57.0
56.0
57.0
64.0
64.0
64.0
64.0
65.0
64.0
64.0
56.0
57.0
0.0
1.0
57.0
64.0
57.0
65.0
65.0
65.0
64.0
64.0
64.0
58.0
78.0
78.0
86.0
86.0
85.0
86.0
86.0
85.0
0.0
0.0
86.0
79.0
57.0
57.0
64.0
57.0
64.0
64.0
65.0
64.0
65.0
64.0
57.0
57.0
57.0
65.0
65.0
65.0
0.0
1.0
65.0
64.0
65.0
64.0
57.0
58.0
57.0
64.0
64.0
65.0
65.0
65.0
65.0
65.0
56.0
57.0
57.0
65.0
0.0
1.0
64.0
65.0
65.0
56.0
65.0
66.0
66.0
56.0
56.0
64.0
57.0
65.0
65.0
65.0
65.0
64.0
65.0
56.0
0.0
0.0
57.0
56.0
64.0
56.0
64.0
64.0
65.0
64.0
65.0
65.0
56.0
57.0
56.0
64.0
65.0
65.0
65.0
65.0
0.0
1.0
64.0
65.0
57.0
56.0
56.0
65.0
55.0
65.0
65.0
65.0
65.0
64.0
65.0
56.0
56.0
56.0
64.0
64.0
1.0
0.0
65.0
66.0
65.0
65.0
65.0
57.0
56.0
56.0
64.0
65.0
65.0
65.0
64.0
65.0
65.0
56.0
56.0
56.0
1.0
0.0
64.0
64.0
56.0
64.0
64.0
65.0
64.0
65.0
56.0
56.0
56.0
64.0
65.0
56.0
65.0
65.0
64.0
64.0
0.0
1.0
65.0
56.0
56.0
64.0
56.0
64.0
66.0
65.0
65.0
65.0
65.0
56.0
57.0
56.0
64.0
64.0
56.0
65.0
0.0
0.0
64.0
65.0
65.0
65.0
56.0
56.0
67.0
60.0
67.0
66.0
67.0
67.0
67.0
67.0
62.0
62.0
58.0
64.0
1.0
0.0
65.0
64.0
65.0
65.0
65.0
65.0
56.0
56.0
57.0
65.0
64.0
64.0
64.0
64.0
64.0
64.0
56.0
56.0
0.0
1.0
56.0
65.0
64.0
56.0
65.0
65.0
64.0
65.0
64.0
56.0
56.0
64.0
56.0
65.0
56.0
64.0
64.0
65.0
0.0
0.0
65.0
65.0
57.0
56.0
65.0
56.0
64.0
64.0
64.0
64.0
64.0
64.0
55.0
57.0
56.0
64.0
64.0
65.0
1.0
1.0
64.0
56.0
64.0
65.0
64.0
57.0
56.0
64.0
56.0
65.0
64.0
65.0
65.0
64.0
65.0
56.0
56.0
56.0
0.0
1.0
64.0
64.0
65.0
64.0
64.0
64.0
64.0
57.0
57.0
56.0
65.0
65.0
64.0
64.0
65.0
65.0
64.0
57.0
0.0
1.0
56.0
56.0
64.0
64.0
56.0
65.0
65.0
64.0
64.0
64.0
56.0
55.0
65.0
56.0
64.0
56.0
64.0
64.0
0.0
0.0
65.0
64.0
64.0
57.0
56.0
64.0
56.0
65.0
64.0
64.0
65.0
64.0
64.0
55.0
56.0
56.0
65.0
64.0
1.0
1.0
56.0
64.0
65.0
64.0
64.0
65.0
56.0
57.0
65.0
56.0
64.0
65.0
64.0
64.0
65.0
64.0
56.0
56.0
1.0
0.0
56.0
64.0
65.0
64.0
64.0
65.0
64.0
64.0
56.0
59.0
62.0
67.0
67.0
67.0
68.0
67.0
67.0
67.0
1.0
0.0
60.0
59.0
56.0
65.0
64.0
64.0
64.0
55.0
64.0
64.0
65.0
55.0
56.0
64.0
57.0
64.0
56.0
65.0
0.0
1.0
64.0
64.0
64.0
64.0
56.0
58.0
65.0
58.0
65.0
64.0
64.0
64.0
64.0
64.0
58.0
57.0
58.0
64.0
0.0
1.0
64.0
64.0
64.0
64.0
64.0
64.0
58.0
58.0
58.0
65.0
64.0
59.0
64.0
64.0
64.0
64.0
64.0
59.0
0.0
0.0
59.0
62.0
59.0
62.0
62.0
63.0
63.0
63.0
63.0
59.0
58.0
57.0
62.0
58.0
63.0
62.0
62.0
62.0
0.0
1.0
62.0
74.0
75.0
74.0
75.0
80.0
79.0
79.0
79.0
80.0
79.0
59.0
58.0
58.0
58.0
62.0
63.0
63.0
1.0
0.0
62.0
63.0
63.0
58.0
58.0
58.0
58.0
62.0
63.0
62.0
63.0
63.0
63.0
59.0
58.0
58.0
58.0
63.0
0.0
1.0
62.0
63.0
63.0
63.0
58.0
63.0
58.0
58.0
58.0
62.0
58.0
63.0
63.0
63.0
58.0
63.0
63.0
59.0
0.0
1.0
57.0
63.0
58.0
58.0
63.0
63.0
63.0
63.0
63.0
58.0
58.0
58.0
62.0
58.0
63.0
63.0
63.0
63.0
0.0
0.0
63.0
58.0
58.0
59.0
58.0
63.0
63.0
63.0
63.0
63.0
62.0
58.0
58.0
58.0
58.0
62.0
63.0
63.0
0.0
1.0
63.0
63.0
63.0
59.0
58.0
59.0
58.0
62.0
63.0
62.0
58.0
62.0
63.0
63.0
58.0
57.0
58.0
63.0
1.0
0.0
59.0
58.0
63.0
63.0
63.0
63.0
63.0
60.0
58.0
63.0
58.0
58.0
62.0
63.0
62.0
63.0
63.0
58.0
0.0
1.0
58.0
62.0
60.0
58.0
62.0
63.0
63.0
63.0
63.0
58.0
58.0
58.0
57.0
63.0
63.0
63.0
62.0
63.0
0.0
1.0
63.0
59.0
58.0
60.0
59.0
62.0
63.0
62.0
63.0
63.0
62.0
59.0
58.0
58.0
58.0
62.0
63.0
63.0
0.0
1.0
66.0
65.0
66.0
61.0
63.0
63.0
64.0
66.0
65.0
66.0
63.0
60.0
63.0
63.0
60.0
58.0
59.0
62.0
0.0
0.0
62.0
63.0
59.0
62.0
59.0
62.0
62.0
58.0
57.0
62.0
58.0
58.0
63.0
62.0
63.0
63.0
63.0
59.0
1.0
0.0
60.0
63.0
58.0
58.0
62.0
62.0
62.0
62.0
62.0
58.0
57.0
63.0
59.0
59.0
63.0
63.0
63.0
62.0
0.0
1.0
62.0
58.0
60.0
58.0
58.0
62.0
62.0
62.0
62.0
63.0
63.0
59.0
59.0
58.0
60.0
62.0
63.0
63.0
0.0
1.0
62.0
62.0
62.0
58.0
58.0
58.0
87.0
94.0
60.0
60.0
58.0
61.0
61.0
60.0
60.0
58.0
58.0
61.0
1.0
0.0
60.0
60.0
60.0
59.0
58.0
104.0
104.0
58.0
58.0
60.0
60.0
60.0
57.0
60.0
60.0
58.0
103.0
60.0
0.0
1.0
60.0
58.0
60.0
92.0
58.0
60.0
66.0
58.0
61.0
58.0
60.0
57.0
60.0
60.0
60.0
58.0
104.0
104.0
0.0
0.0
60.0
59.0
58.0
60.0
59.0
60.0
60.0
57.0
58.0
60.0
58.0
60.0
60.0
60.0
60.0
104.0
104.0
58.0
0.0
1.0
57.0
58.0
60.0
60.0
60.0
59.0
60.0
58.0
58.0
58.0
60.0
60.0
60.0
110.0
110.0
60.0
60.0
58.0
1.0
0.0
63.0
64.0
66.0
66.0
65.0
66.0
66.0
65.0
62.0
62.0
61.0
60.0
59.0
60.0
60.0
60.0
59.0
60.0
0.0
0.0
60.0
60.0
60.0
60.0
59.0
60.0
60.0
60.0
60.0
60.0
60.0
60.0
60.0
60.0
59.0
60.0
59.0
59.0
0.0
0.0
60.0
60.0
60.0
60.0
60.0
60.0
63.0
63.0
62.0
62.0
62.0
60.0
60.0
60.0
60.0
60.0
60.0
60.0
0.0
1.0
60.0
60.0
61.0
60.0
60.0
60.0
61.0
60.0
60.0
60.0
60.0
60.0
60.0
61.0
60.0
60.0
60.0
60.0
0.0
1.0
60.0
59.0
60.0
60.0
59.0
60.0
76.0
77.0
77.0
76.0
76.0
77.0
77.0
77.0
77.0
77.0
61.0
61.0
1.0
1.0
61.0
62.0
60.0
62.0
62.0
60.0
62.0
63.0
63.0
60.0
60.0
61.0
60.0
60.0
61.0
61.0
61.0
61.0
1.0
0.0
59.0
60.0
61.0
61.0
59.0
60.0
60.0
60.0
62.0
63.0
59.0
59.0
66.0
62.0
62.0
62.0
62.0
61.0
1.0
0.0
60.0
63.0
59.0
59.0
64.0
61.0
62.0
61.0
61.0
60.0
60.0
61.0
60.0
60.0
61.0
61.0
63.0
61.0
1.0
0.0
60.0
61.0
60.0
60.0
60.0
60.0
60.0
60.0
60.0
60.0
61.0
60.0
60.0
60.0
60.0
60.0
60.0
60.0
1.0
0.0
60.0
60.0
59.0
60.0
60.0
60.0
60.0
60.0
60.0
60.0
60.0
60.0
60.0
60.0
60.0
60.0
60.0
60.0
1.0
0.0
60.0
60.0
60.0
60.0
60.0
60.0
60.0
60.0
60.0
60.0
60.0
60.0
60.0
60.0
59.0
60.0
59.0
60.0
0.0
1.0
61.0
60.0
60.0
60.0
60.0
60.0
60.0
60.0
60.0
60.0
60.0
59.0
60.0
60.0
60.0
59.0
60.0
59.0
0.0
1.0
59.0
59.0
59.0
60.0
60.0
60.0
60.0
60.0
60.0
59.0
60.0
60.0
61.0
60.0
59.0
60.0
60.0
60.0
0.0
1.0
59.0
59.0
60.0
59.0
59.0
60.0
60.0
60.0
60.0
60.0
60.0
60.0
59.0
60.0
64.0
64.0
65.0
65.0
0.0
1.0
64.0
65.0
65.0
65.0
64.0
65.0
60.0
60.0
60.0
60.0
60.0
59.0
59.0
60.0
60.0
60.0
59.0
59.0
0.0
1.0
60.0
60.0
60.0
60.0
60.0
59.0
59.0
60.0
60.0
59.0
59.0
60.0
60.0
60.0
60.0
60.0
59.0
59.0
1.0
0.0
60.0
60.0
59.0
60.0
59.0
60.0
60.0
60.0
60.0
60.0
60.0
60.0
60.0
60.0
59.0
61.0
59.0
60.0
1.0
0.0
60.0
61.0
60.0
60.0
60.0
60.0
60.0
60.0
59.0
60.0
59.0
60.0
60.0
61.0
60.0
60.0
60.0
60.0
1.0
0.0
60.0
60.0
60.0
60.0
60.0
59.0
60.0
60.0
60.0
60.0
60.0
60.0
60.0
60.0
61.0
59.0
59.0
60.0
0.0
0.0
59.0
59.0
59.0
60.0
60.0
60.0
61.0
60.0
60.0
60.0
60.0
60.0
60.0
60.0
60.0
60.0
60.0
60.0
1.0
0.0
60.0
59.0
60.0
60.0
60.0
60.0
59.0
60.0
60.0
60.0
61.0
60.0
60.0
61.0
61.0
60.0
61.0
60.0
0.0
0.0
60.0
60.0
59.0
60.0
60.0
60.0
60.0
60.0
60.0
60.0
60.0
60.0
60.0
60.0
60.0
59.0
59.0
60.0
0.0
1.0
59.0
60.0
60.0
60.0
60.0
60.0
60.0
60.0
60.0
60.0
60.0
60.0
60.0
60.0
60.0
60.0
60.0
60.0
0.0
1.0
62.0
62.0
63.0
64.0
64.0
65.0
64.0
65.0
64.0
64.0
62.0
62.0
62.0
60.0
60.0
60.0
59.0
60.0
1.0
1.0
59.0
60.0
60.0
60.0
59.0
60.0
61.0
60.0
60.0
60.0
60.0
59.0
59.0
60.0
60.0
60.0
60.0
60.0
1.0
0.0
60.0
60.0
59.0
60.0
60.0
60.0
60.0
60.0
60.0
60.0
60.0
60.0
59.0
60.0
59.0
60.0
60.0
60.0
0.0
1.0
60.0
60.0
60.0
60.0
59.0
59.0
59.0
60.0
60.0
60.0
60.0
60.0
59.0
60.0
60.0
59.0
60.0
60.0
0.0
0.0
60.0
60.0
75.0
75.0
75.0
74.0
74.0
75.0
75.0
75.0
75.0
74.0
60.0
60.0
60.0
60.0
59.0
60.0
0.0
1.0
60.0
61.0
60.0
60.0
61.0
61.0
60.0
60.0
60.0
60.0
60.0
60.0
60.0
60.0
60.0
60.0
60.0
60.0
1.0
0.0
60.0
60.0
60.0
60.0
60.0
59.0
60.0
60.0
60.0
60.0
60.0
60.0
60.0
60.0
60.0
61.0
60.0
60.0
0.0
1.0
60.0
60.0
60.0
60.0
59.0
60.0
60.0
60.0
60.0
60.0
60.0
60.0
59.0
60.0
59.0
59.0
60.0
60.0
1.0
0.0
60.0
60.0
60.0
60.0
60.0
59.0
60.0
60.0
60.0
60.0
60.0
60.0
59.0
60.0
60.0
60.0
59.0
60.0
0.0
0.0
60.0
60.0
60.0
60.0
59.0
60.0
59.0
60.0
60.0
60.0
60.0
60.0
60.0
60.0
60.0
60.0
60.0
60.0
1.0
0.0
60.0
60.0
60.0
60.0
60.0
60.0
60.0
60.0
60.0
60.0
59.0
60.0
60.0
60.0
60.0
60.0
59.0
60.0
0.0
1.0
60.0
60.0
60.0
60.0
59.0
60.0
60.0
60.0
60.0
60.0
59.0
59.0
60.0
60.0
60.0
59.0
60.0
60.0
1.0
0.0
60.0
60.0
60.0
60.0
60.0
60.0
60.0
59.0
60.0
60.0
60.0
60.0
60.0
60.0
60.0
60.0
60.0
59.0
0.0
1.0
60.0
60.0
59.0
59.0
59.0
60.0
59.0
63.0
63.0
64.0
64.0
64.0
64.0
65.0
65.0
64.0
65.0
61.0
1.0
0.0
62.0
60.0
60.0
60.0
60.0
60.0
59.0
59.0
60.0
60.0
59.0
59.0
60.0
60.0
60.0
60.0
60.0
60.0
0.0
1.0
59.0
60.0
60.0
60.0
60.0
60.0
60.0
60.0
60.0
60.0
59.0
60.0
60.0
60.0
60.0
60.0
62.0
60.0
1.0
1.0
61.0
62.0
62.0
59.0
62.0
60.0
60.0
60.0
60.0
60.0
59.0
59.0
59.0
60.0
60.0
60.0
60.0
60.0
0.0
1.0
60.0
60.0
60.0
60.0
59.0
60.0
60.0
60.0
60.0
59.0
59.0
60.0
60.0
60.0
60.0
60.0
60.0
60.0
1.0
1.0
60.0
59.0
60.0
60.0
60.0
60.0
60.0
60.0
60.0
60.0
60.0
60.0
60.0
60.0
59.0
60.0
59.0
60.0
0.0
1.0
59.0
60.0
60.0
60.0
60.0
60.0
60.0
60.0
60.0
60.0
60.0
60.0
60.0
60.0
60.0
60.0
60.0
59.0
0.0
1.0
59.0
61.0
60.0
60.0
60.0
60.0
59.0
59.0
60.0
60.0
60.0
59.0
60.0
60.0
60.0
59.0
59.0
60.0
0.0
0.0
60.0
60.0
60.0
60.0
59.0
60.0
61.0
60.0
60.0
60.0
59.0
60.0
60.0
60.0
60.0
60.0
60.0
59.0
0.0
0.0
59.0
60.0
59.0
60.0
59.0
61.0
60.0
60.0
63.0
63.0
64.0
63.0
64.0
64.0
64.0
64.0
64.0
64.0
1.0
1.0
61.0
61.0
61.0
60.0
61.0
60.0
61.0
60.0
60.0
60.0
60.0
60.0
60.0
60.0
59.0
60.0
60.0
60.0
1.0
0.0
60.0
60.0
60.0
60.0
60.0
60.0
60.0
60.0
59.0
60.0
59.0
60.0
60.0
60.0
60.0
60.0
60.0
60.0
0.0
0.0
60.0
60.0
60.0
60.0
60.0
60.0
59.0
60.0
60.0
60.0
60.0
60.0
60.0
60.0
60.0
60.0
60.0
59.0
0.0
1.0
59.0
60.0
60.0
60.0
60.0
60.0
60.0
60.0
60.0
60.0
60.0
60.0
76.0
76.0
74.0
75.0
72.0
71.0
