3.0
3.0
2.0
3.0
3.0
2.0
2.0
2.0
2.0
2.0
4.0
4.0
4.0
4.0
4.0
714.0
714.0
2224.0
2225.0
2222.0
2222.0
2226.0
2226.0
2225.0
2224.0
2218.0
2217.0
2234.0
2236.0
2234.0
2.0
3.0
3.0
3.0
2.0
727.0
725.0
2233.0
2232.0
2234.0
2231.0
2261.0
2212.0
2213.0
2249.0
2249.0
2249.0
2253.0
2255.0
2252.0
2.0
3.0
2.0
3.0
3.0
733.0
731.0
2267.0
2246.0
2232.0
2230.0
2231.0
2232.0
2232.0
2232.0
2234.0
2231.0
2209.0
2232.0
2231.0
2.0
2.0
3.0
2.0
2.0
706.0
705.0
2233.0
2234.0
2233.0
2233.0
2230.0
2231.0
2233.0
2232.0
2210.0
2231.0
2229.0
2230.0
2228.0
3.0
3.0
2.0
2.0
2.0
706.0
705.0
2228.0
2228.0
2231.0
2229.0
2231.0
2233.0
2232.0
2234.0
2234.0
2236.0
2234.0
2234.0
2234.0
2.0
3.0
2.0
3.0
2.0
714.0
714.0
2250.0
2234.0
2233.0
2242.0
2237.0
2238.0
2237.0
2235.0
2231.0
2234.0
2210.0
2229.0
2230.0
2.0
2.0
2.0
2.0
2.0
707.0
705.0
2228.0
2231.0
2227.0
2231.0
2238.0
2245.0
2250.0
2247.0
2248.0
2243.0
2246.0
2247.0
2249.0
2.0
2.0
3.0
2.0
2.0
722.0
717.0
2234.0
2277.0
2232.0
2232.0
2234.0
2235.0
2231.0
2234.0
2235.0
2239.0
2235.0
2229.0
2254.0
3.0
2.0
2.0
2.0
3.0
703.0
705.0
2241.0
2240.0
2260.0
2241.0
2242.0
2243.0
2244.0
2240.0
2235.0
2218.0
2229.0
2229.0
2229.0
2.0
2.0
3.0
2.0
2.0
694.0
705.0
2232.0
2232.0
2231.0
2233.0
2234.0
2233.0
2231.0
2130.0
2135.0
2132.0
1991.0
1991.0
1880.0
3.0
3.0
4.0
4.0
4.0
706.0
707.0
2254.0
2257.0
2255.0
2257.0
2254.0
2253.0
2257.0
2258.0
2252.0
2254.0
2234.0
2234.0
2233.0
4.0
3.0
4.0
3.0
4.0
707.0
707.0
2234.0
2234.0
2234.0
2233.0
2232.0
2233.0
2234.0
2231.0
2230.0
2231.0
2230.0
2230.0
2232.0
3.0
4.0
4.0
3.0
3.0
707.0
707.0
2230.0
2229.0
2230.0
2232.0
2233.0
2232.0
2232.0
2233.0
2232.0
2233.0
2231.0
2233.0
2228.0
3.0
3.0
3.0
3.0
4.0
715.0
705.0
2235.0
2233.0
2236.0
2234.0
2233.0
2236.0
2232.0
2233.0
2233.0
2229.0
2231.0
2230.0
2231.0
3.0
3.0
2.0
3.0
3.0
706.0
705.0
2230.0
2229.0
2230.0
2231.0
2228.0
2230.0
2226.0
2227.0
2227.0
2228.0
2227.0
2226.0
2228.0
3.0
3.0
3.0
2.0
2.0
704.0
705.0
2228.0
2249.0
2239.0
2239.0
2253.0
2252.0
2253.0
2248.0
2248.0
2248.0
2250.0
2231.0
2232.0
3.0
3.0
2.0
3.0
3.0
715.0
706.0
2230.0
2232.0
2231.0
2232.0
2231.0
2249.0
2232.0
2232.0
2233.0
2233.0
2230.0
2230.0
2232.0
2.0
3.0
2.0
3.0
3.0
705.0
706.0
2244.0
2231.0
2237.0
2232.0
2228.0
2228.0
2229.0
2233.0
2231.0
2230.0
2232.0
2232.0
2234.0
2.0
2.0
3.0
2.0
3.0
2.0
2.0
1527.0
1528.0
1532.0
1530.0
1522.0
1521.0
1520.0
1520.0
1527.0
1526.0
1530.0
1528.0
1528.0
2.0
3.0
2.0
3.0
2.0
3.0
3.0
818.0
828.0
826.0
828.0
827.0
827.0
816.0
816.0
816.0
817.0
815.0
816.0
816.0
3.0
3.0
3.0
3.0
3.0
704.0
705.0
2233.0
2229.0
2231.0
2230.0
2230.0
2230.0
2231.0
2231.0
2228.0
2227.0
2233.0
2251.0
2273.0
3.0
3.0
3.0
3.0
3.0
705.0
705.0
2253.0
2255.0
2249.0
2248.0
2246.0
2247.0
2252.0
2258.0
2233.0
2331.0
2235.0
2232.0
2234.0
2.0
2.0
2.0
2.0
2.0
708.0
709.0
2228.0
2228.0
2229.0
2227.0
2235.0
2228.0
2233.0
2232.0
2235.0
2320.0
2234.0
2237.0
2237.0
2.0
2.0
2.0
2.0
2.0
713.0
709.0
2243.0
2241.0
2239.0
2237.0
2238.0
2237.0
2244.0
2232.0
2232.0
2228.0
2236.0
2233.0
2232.0
2.0
2.0
2.0
2.0
2.0
707.0
707.0
2230.0
2234.0
2228.0
2229.0
2228.0
2227.0
2230.0
2231.0
2228.0
2227.0
2229.0
2226.0
2218.0
2.0
2.0
2.0
2.0
2.0
714.0
713.0
2224.0
2235.0
2233.0
2233.0
2237.0
2234.0
2234.0
2233.0
2235.0
2244.0
2232.0
2231.0
2265.0
2.0
2.0
2.0
2.0
2.0
705.0
707.0
2264.0
2266.0
2263.0
2264.0
2271.0
2272.0
2260.0
2259.0
2258.0
2232.0
2227.0
2229.0
2228.0
2.0
2.0
2.0
2.0
2.0
706.0
705.0
2227.0
2229.0
2224.0
2232.0
2231.0
2231.0
2231.0
2232.0
2232.0
2230.0
2233.0
2223.0
2231.0
2.0
2.0
2.0
2.0
2.0
2.0
2.0
826.0
827.0
824.0
819.0
819.0
819.0
817.0
816.0
815.0
820.0
815.0
820.0
822.0
2.0
2.0
2.0
2.0
2.0
2.0
2.0
822.0
822.0
840.0
826.0
825.0
825.0
826.0
825.0
827.0
825.0
828.0
826.0
816.0
2.0
2.0
2.0
1.0
2.0
704.0
704.0
2229.0
2228.0
2229.0
2227.0
2232.0
2228.0
2234.0
2229.0
2229.0
2231.0
2233.0
2234.0
2235.0
2.0
1.0
2.0
2.0
2.0
708.0
708.0
2233.0
2237.0
2228.0
2234.0
2235.0
2236.0
2235.0
2235.0
2232.0
2232.0
2234.0
2233.0
2231.0
1.0
1.0
2.0
2.0
1.0
694.0
694.0
2238.0
2242.0
2258.0
2259.0
2263.0
2262.0
2258.0
2259.0
2260.0
2253.0
2249.0
2243.0
2224.0
2.0
2.0
1.0
2.0
2.0
723.0
703.0
2227.0
2229.0
2228.0
2227.0
2230.0
2233.0
2232.0
2234.0
2231.0
2224.0
2233.0
2233.0
2232.0
2.0
2.0
1.0
2.0
2.0
708.0
708.0
2227.0
2227.0
2234.0
2234.0
2233.0
2234.0
2228.0
2232.0
2233.0
2232.0
2229.0
2231.0
2232.0
2.0
2.0
2.0
1.0
2.0
705.0
704.0
2233.0
2228.0
2229.0
2236.0
2238.0
2237.0
2237.0
2234.0
2232.0
2242.0
2236.0
2238.0
2235.0
1.0
2.0
2.0
2.0
1.0
715.0
704.0
2241.0
2239.0
2240.0
2243.0
2244.0
2242.0
2248.0
2242.0
2233.0
2238.0
2240.0
2237.0
2236.0
2.0
2.0
2.0
2.0
2.0
694.0
694.0
2266.0
2267.0
2267.0
2268.0
2263.0
2268.0
2267.0
2269.0
2270.0
2264.0
2230.0
2231.0
2235.0
2.0
2.0
1.0
2.0
2.0
1.0
2.0
838.0
841.0
839.0
825.0
817.0
817.0
818.0
816.0
817.0
816.0
817.0
806.0
813.0
2.0
1.0
1.0
2.0
2.0
2.0
2.0
813.0
813.0
819.0
819.0
818.0
821.0
820.0
819.0
839.0
826.0
825.0
825.0
824.0
1.0
2.0
2.0
2.0
1.0
713.0
713.0
2228.0
2228.0
2226.0
2233.0
2235.0
2234.0
2236.0
2234.0
2234.0
2235.0
2229.0
2238.0
2237.0
1.0
2.0
2.0
2.0
2.0
702.0
707.0
2239.0
2238.0
2239.0
2242.0
2239.0
2235.0
2236.0
2235.0
2236.0
2235.0
2240.0
2240.0
2243.0
1.0
2.0
2.0
2.0
1.0
711.0
709.0
2237.0
2243.0
2242.0
2242.0
2236.0
2235.0
2236.0
2242.0
2242.0
2242.0
2235.0
2233.0
2236.0
2.0
1.0
2.0
2.0
2.0
694.0
729.0
2238.0
2235.0
2251.0
2262.0
2268.0
2264.0
2264.0
2258.0
2259.0
2283.0
2260.0
2260.0
2245.0
2.0
2.0
1.0
2.0
2.0
710.0
709.0
2242.0
2241.0
2238.0
2235.0
2243.0
2242.0
2267.0
2234.0
2238.0
2235.0
2239.0
2239.0
2229.0
2.0
1.0
2.0
2.0
2.0
695.0
694.0
2236.0
2257.0
2243.0
2240.0
2232.0
2240.0
2244.0
2241.0
2241.0
2241.0
2234.0
2252.0
2244.0
2.0
2.0
2.0
1.0
2.0
728.0
729.0
2234.0
2236.0
2239.0
2240.0
2240.0
2238.0
2237.0
2233.0
2236.0
2234.0
2235.0
2228.0
2233.0
1.0
2.0
2.0
2.0
1.0
709.0
710.0
2231.0
2229.0
2227.0
2229.0
2229.0
2230.0
2232.0
2238.0
2232.0
2228.0
2231.0
2232.0
2232.0
2.0
2.0
1.0
2.0
2.0
2.0
2.0
805.0
806.0
817.0
834.0
836.0
837.0
828.0
825.0
825.0
815.0
818.0
821.0
831.0
1.0
2.0
2.0
2.0
1.0
2.0
2.0
833.0
839.0
847.0
845.0
849.0
833.0
832.0
834.0
846.0
832.0
831.0
827.0
822.0
1.0
2.0
2.0
2.0
2.0
709.0
708.0
2233.0
2232.0
2235.0
2221.0
2222.0
2217.0
2215.0
2226.0
2223.0
2230.0
2230.0
2230.0
2231.0
2.0
2.0
2.0
1.0
2.0
725.0
725.0
2231.0
2230.0
2234.0
2231.0
2229.0
2230.0
2227.0
2229.0
2229.0
2234.0
2227.0
2228.0
2232.0
2.0
2.0
2.0
1.0
2.0
724.0
713.0
2225.0
2226.0
2225.0
2223.0
2225.0
2223.0
2227.0
2227.0
2224.0
2230.0
2224.0
2223.0
2221.0
2.0
2.0
2.0
1.0
2.0
704.0
702.0
2228.0
2227.0
2225.0
2226.0
2227.0
2232.0
2229.0
2227.0
2227.0
2229.0
2229.0
2229.0
2230.0
2.0
1.0
2.0
1.0
2.0
722.0
721.0
2228.0
2227.0
2234.0
2231.0
2229.0
2231.0
2245.0
2256.0
2252.0
2254.0
2253.0
2246.0
2249.0
2.0
1.0
2.0
2.0
2.0
727.0
738.0
2254.0
2238.0
2228.0
2227.0
2231.0
2229.0
2232.0
2231.0
2231.0
2233.0
2231.0
2242.0
2232.0
2.0
1.0
1.0
2.0
2.0
696.0
724.0
2237.0
2232.0
2233.0
2231.0
2233.0
2237.0
2244.0
2242.0
2240.0
2230.0
2236.0
2236.0
2235.0
2.0
1.0
2.0
2.0
2.0
733.0
718.0
2224.0
2227.0
2226.0
2231.0
2226.0
2226.0
2236.0
2233.0
2234.0
2236.0
2217.0
2238.0
2233.0
2.0
1.0
2.0
2.0
1.0
2.0
2.0
820.0
819.0
820.0
809.0
815.0
817.0
815.0
837.0
838.0
839.0
840.0
828.0
828.0
2.0
1.0
2.0
2.0
1.0
2.0
2.0
828.0
827.0
805.0
805.0
806.0
806.0
816.0
815.0
820.0
820.0
820.0
820.0
821.0
3.0
3.0
3.0
3.0
2.0
709.0
709.0
2232.0
2220.0
2226.0
2228.0
2231.0
2231.0
2232.0
2232.0
2232.0
2234.0
2243.0
2243.0
2236.0
3.0
3.0
3.0
3.0
3.0
708.0
710.0
2239.0
2244.0
2245.0
2241.0
2241.0
2228.0
2227.0
2232.0
2233.0
2231.0
2235.0
2238.0
2236.0
2.0
2.0
2.0
2.0
2.0
724.0
724.0
2230.0
2235.0
2237.0
2236.0
2239.0
2232.0
2236.0
2236.0
2237.0
2237.0
2230.0
2240.0
2233.0
2.0
2.0
2.0
2.0
2.0
695.0
710.0
2236.0
2238.0
2238.0
2235.0
2235.0
2234.0
2237.0
2235.0
2235.0
2210.0
2231.0
2230.0
2230.0
2.0
2.0
2.0
2.0
2.0
701.0
707.0
2230.0
2232.0
2230.0
2228.0
2222.0
2229.0
2230.0
2228.0
2237.0
2236.0
2232.0
2231.0
2232.0
3.0
2.0
2.0
2.0
2.0
728.0
727.0
2230.0
2234.0
2244.0
2236.0
2239.0
2233.0
2239.0
2263.0
2267.0
2263.0
2266.0
2265.0
2282.0
2.0
2.0
2.0
2.0
2.0
730.0
735.0
2260.0
2260.0
2234.0
2234.0
2234.0
2234.0
2233.0
2234.0
2233.0
2257.0
2232.0
2228.0
2227.0
2.0
2.0
2.0
2.0
2.0
705.0
707.0
2231.0
2229.0
2243.0
2236.0
2245.0
2241.0
2261.0
2247.0
2247.0
2243.0
2246.0
2238.0
2229.0
2.0
2.0
2.0
2.0
2.0
2.0
2.0
825.0
827.0
827.0
817.0
819.0
818.0
818.0
818.0
819.0
806.0
821.0
821.0
821.0
2.0
2.0
2.0
2.0
2.0
2.0
2.0
821.0
846.0
843.0
840.0
845.0
845.0
830.0
829.0
829.0
829.0
830.0
809.0
808.0
2.0
1.0
2.0
2.0
2.0
695.0
695.0
2231.0
2233.0
2230.0
2232.0
2231.0
2233.0
2229.0
2229.0
2233.0
2232.0
2235.0
2235.0
2233.0
2.0
2.0
2.0
1.0
2.0
706.0
705.0
2232.0
2230.0
2238.0
2231.0
2233.0
2232.0
2232.0
2247.0
2249.0
2246.0
2252.0
2247.0
2249.0
2.0
2.0
2.0
1.0
2.0
706.0
705.0
2248.0
2246.0
2244.0
2245.0
2228.0
2229.0
2227.0
2229.0
2230.0
2226.0
2230.0
2230.0
2230.0
2.0
2.0
2.0
1.0
2.0
725.0
694.0
2233.0
2234.0
2236.0
2236.0
2235.0
2230.0
2229.0
2234.0
2234.0
2234.0
2233.0
2234.0
2234.0
1.0
2.0
2.0
2.0
1.0
706.0
707.0
2229.0
2230.0
2230.0
2230.0
2233.0
2233.0
2231.0
2228.0
2233.0
2236.0
2234.0
2232.0
2234.0
2.0
2.0
2.0
1.0
2.0
705.0
705.0
2235.0
2233.0
2238.0
2240.0
2238.0
2237.0
2244.0
2237.0
2239.0
2235.0
2234.0
2234.0
2229.0
2.0
2.0
2.0
1.0
2.0
713.0
705.0
2234.0
2237.0
2233.0
2233.0
2232.0
2228.0
2234.0
2232.0
2234.0
2257.0
2257.0
2257.0
2260.0
1.0
2.0
2.0
2.0
1.0
706.0
709.0
2255.0
2259.0
2266.0
2259.0
2260.0
2260.0
2231.0
2241.0
2239.0
2238.0
2226.0
2238.0
2239.0
2.0
1.0
2.0
2.0
2.0
1.0
2.0
836.0
835.0
838.0
832.0
807.0
807.0
806.0
814.0
815.0
816.0
816.0
817.0
817.0
2.0
1.0
2.0
2.0
1.0
2.0
2.0
816.0
815.0
806.0
816.0
817.0
819.0
819.0
819.0
838.0
838.0
848.0
844.0
847.0
1.0
2.0
2.0
2.0
1.0
722.0
721.0
2229.0
2238.0
2238.0
2237.0
2239.0
2235.0
2233.0
2235.0
2233.0
2237.0
2245.0
2231.0
2235.0
2.0
2.0
2.0
1.0
2.0
695.0
694.0
2235.0
2233.0
2234.0
2233.0
2234.0
2236.0
2235.0
2228.0
2228.0
2233.0
2232.0
2234.0
2233.0
2.0
1.0
2.0
2.0
2.0
705.0
705.0
2232.0
2231.0
2230.0
2236.0
2231.0
2231.0
2231.0
2233.0
2234.0
2235.0
2247.0
2249.0
2247.0
1.0
2.0
2.0
2.0
1.0
694.0
726.0
2250.0
2256.0
2259.0
2255.0
2255.0
2258.0
2254.0
2242.0
2244.0
2232.0
2225.0
2229.0
2234.0
2.0
2.0
2.0
1.0
2.0
694.0
694.0
2240.0
2239.0
2245.0
2243.0
2236.0
2246.0
2243.0
2254.0
2244.0
2252.0
2262.0
2256.0
2259.0
1.0
2.0
2.0
1.0
1.0
709.0
709.0
2259.0
2262.0
2268.0
2265.0
2256.0
2256.0
2259.0
2253.0
2253.0
2249.0
2242.0
2237.0
2239.0
1.0
2.0
2.0
2.0
1.0
729.0
718.0
2224.0
2234.0
2234.0
2230.0
2236.0
2234.0
2234.0
2230.0
2231.0
2236.0
2245.0
2233.0
2233.0
1.0
2.0
2.0
2.0
1.0
703.0
704.0
2236.0
2234.0
2234.0
2231.0
2234.0
2231.0
2237.0
2231.0
2234.0
2214.0
2263.0
2264.0
2264.0
2.0
2.0
2.0
2.0
2.0
2.0
2.0
806.0
806.0
806.0
850.0
873.0
867.0
861.0
854.0
852.0
851.0
817.0
826.0
818.0
2.0
2.0
1.0
1.0
2.0
2.0
1.0
816.0
816.0
818.0
818.0
816.0
817.0
818.0
815.0
818.0
826.0
815.0
820.0
819.0
1.0
2.0
2.0
1.0
2.0
711.0
712.0
2237.0
2239.0
2239.0
2225.0
2223.0
2241.0
2222.0
2219.0
2223.0
2228.0
2236.0
2238.0
2239.0
2.0
2.0
1.0
2.0
2.0
727.0
725.0
2240.0
2239.0
2236.0
2236.0
2228.0
2233.0
2235.0
2227.0
2231.0
2231.0
2227.0
2233.0
2232.0
2.0
1.0
2.0
2.0
1.0
722.0
723.0
2234.0
2235.0
2236.0
2236.0
2228.0
2231.0
2232.0
2228.0
2228.0
2226.0
2227.0
2230.0
2228.0
2.0
2.0
1.0
2.0
2.0
705.0
695.0
2229.0
2231.0
2232.0
2230.0
2232.0
2230.0
2231.0
2229.0
2228.0
2228.0
2240.0
2254.0
2252.0
1.0
1.0
2.0
1.0
2.0
722.0
723.0
2267.0
2260.0
2271.0
2265.0
2271.0
2267.0
2267.0
2263.0
2256.0
2252.0
2244.0
2246.0
2245.0
1.0
2.0
2.0
1.0
2.0
711.0
715.0
2246.0
2244.0
2236.0
2241.0
2237.0
2237.0
2238.0
2233.0
2232.0
2233.0
2236.0
2234.0
2224.0
1.0
2.0
2.0
1.0
2.0
1.0
1.0
808.0
815.0
816.0
818.0
838.0
839.0
838.0
827.0
826.0
827.0
820.0
816.0
820.0
2.0
1.0
2.0
2.0
1.0
2.0
1.0
820.0
822.0
821.0
820.0
819.0
821.0
817.0
806.0
806.0
824.0
813.0
821.0
823.0
2.0
2.0
1.0
2.0
1.0
2.0
2.0
820.0
822.0
821.0
840.0
843.0
845.0
832.0
830.0
829.0
830.0
828.0
829.0
829.0
1.0
2.0
2.0
1.0
2.0
2.0
1.0
806.0
805.0
815.0
817.0
817.0
818.0
816.0
817.0
818.0
818.0
817.0
818.0
806.0
1.0
1.0
1.0
1.0
1.0
694.0
694.0
2227.0
2225.0
2227.0
2225.0
2227.0
2226.0
2227.0
2227.0
2227.0
2227.0
2224.0
2228.0
2226.0
1.0
1.0
1.0
1.0
1.0
703.0
704.0
2230.0
2230.0
2230.0
2230.0
2231.0
2238.0
2227.0
2260.0
2271.0
2266.0
2266.0
2264.0
2268.0
2.0
1.0
1.0
2.0
2.0
1.0
1.0
866.0
866.0
856.0
852.0
819.0
814.0
822.0
819.0
806.0
805.0
807.0
805.0
814.0
1.0
2.0
1.0
1.0
1.0
1.0
1.0
816.0
815.0
814.0
833.0
838.0
840.0
838.0
839.0
839.0
826.0
829.0
828.0
831.0
2.0
1.0
2.0
1.0
1.0
1.0
1.0
807.0
805.0
812.0
817.0
817.0
816.0
816.0
818.0
818.0
819.0
817.0
818.0
807.0
1.0
2.0
1.0
2.0
1.0
1.0
1.0
806.0
814.0
808.0
816.0
825.0
825.0
826.0
826.0
843.0
849.0
849.0
848.0
853.0
1.0
2.0
1.0
1.0
1.0
1.0
2.0
828.0
830.0
830.0
831.0
830.0
807.0
805.0
806.0
815.0
816.0
815.0
817.0
818.0
1.0
1.0
1.0
1.0
2.0
1.0
2.0
817.0
819.0
817.0
817.0
817.0
809.0
807.0
815.0
815.0
815.0
815.0
814.0
815.0
1.0
2.0
1.0
2.0
1.0
2.0
1.0
835.0
835.0
834.0
835.0
823.0
824.0
824.0
828.0
826.0
825.0
806.0
809.0
813.0
1.0
2.0
1.0
2.0
1.0
2.0
1.0
815.0
816.0
817.0
817.0
817.0
810.0
805.0
784.0
780.0
760.0
755.0
727.0
690.0
