2.0
1.0
1.0
1.0
1.0
1.0
1.0
1.0
1.0
1.0
2.0
2.0
1.0
1.0
1.0
1.0
1.0
1.0
1.0
2.0
3.0
2.0
1.0
1.0
1.0
1.0
1.0
1.0
1.0
1.0
2.0
1.0
1.0
1.0
1.0
2.0
1.0
2.0
1.0
1.0
3.0
2.0
2.0
2.0
2.0
1.0
1.0
1.0
1.0
1.0
2.0
1.0
1.0
1.0
1.0
2.0
1.0
1.0
1.0
1.0
613.0
613.0
613.0
611.0
613.0
612.0
608.0
609.0
613.0
611.0
718.0
712.0
712.0
712.0
767.0
723.0
711.0
724.0
759.0
712.0
614.0
612.0
614.0
611.0
608.0
613.0
620.0
623.0
604.0
613.0
691.0
686.0
685.0
685.0
684.0
691.0
687.0
709.0
682.0
684.0
613.0
610.0
613.0
611.0
611.0
612.0
615.0
611.0
636.0
612.0
682.0
684.0
688.0
684.0
686.0
685.0
690.0
683.0
685.0
715.0
604.0
613.0
609.0
605.0
605.0
616.0
617.0
611.0
612.0
640.0
683.0
682.0
684.0
686.0
682.0
685.0
683.0
686.0
683.0
710.0
609.0
612.0
611.0
609.0
612.0
613.0
608.0
614.0
608.0
633.0
685.0
685.0
683.0
683.0
683.0
686.0
681.0
687.0
686.0
716.0
612.0
609.0
612.0
610.0
610.0
612.0
602.0
612.0
612.0
639.0
639.0
641.0
639.0
638.0
640.0
682.0
683.0
691.0
688.0
690.0
654.0
658.0
658.0
660.0
660.0
611.0
615.0
613.0
613.0
611.0
637.0
637.0
636.0
639.0
639.0
638.0
640.0
687.0
683.0
686.0
660.0
657.0
660.0
658.0
655.0
655.0
653.0
607.0
599.0
559.0
2.0
1.0
1.0
1.0
1.0
1.0
1.0
1.0
1.0
1.0
2.0
1.0
1.0
1.0
1.0
2.0
1.0
1.0
1.0
1.0
2.0
1.0
1.0
1.0
1.0
2.0
1.0
0.0
1.0
1.0
2.0
2.0
2.0
1.0
0.0
1.0
1.0
1.0
1.0
1.0
3.0
1.0
1.0
1.0
1.0
1.0
1.0
1.0
1.0
1.0
2.0
1.0
1.0
1.0
1.0
1.0
1.0
1.0
1.0
0.0
2.0
1.0
1.0
1.0
1.0
1.0
1.0
1.0
2.0
1.0
2.0
1.0
1.0
1.0
1.0
1.0
0.0
1.0
1.0
1.0
2.0
1.0
2.0
1.0
1.0
1.0
1.0
1.0
1.0
1.0
2.0
1.0
1.0
1.0
0.0
1.0
1.0
1.0
1.0
1.0
2.0
2.0
2.0
1.0
1.0
1.0
1.0
1.0
2.0
1.0
3.0
1.0
1.0
1.0
1.0
1.0
1.0
1.0
1.0
1.0
4.0
1.0
1.0
1.0
1.0
2.0
1.0
1.0
0.0
1.0
2.0
1.0
2.0
1.0
1.0
2.0
1.0
1.0
1.0
1.0
3.0
1.0
1.0
1.0
1.0
1.0
1.0
1.0
1.0
0.0
2.0
1.0
1.0
1.0
1.0
1.0
1.0
1.0
1.0
0.0
2.0
1.0
1.0
1.0
2.0
1.0
1.0
1.0
1.0
1.0
2.0
1.0
1.0
1.0
1.0
1.0
0.0
1.0
1.0
1.0
2.0
1.0
1.0
1.0
1.0
1.0
1.0
1.0
1.0
1.0
4.0
1.0
1.0
1.0
1.0
1.0
1.0
1.0
1.0
1.0
2.0
2.0
2.0
1.0
1.0
1.0
1.0
1.0
1.0
1.0
2.0
1.0
1.0
1.0
1.0
1.0
1.0
1.0
1.0
1.0
2.0
2.0
1.0
1.0
1.0
2.0
1.0
1.0
1.0
1.0
2.0
1.0
2.0
1.0
1.0
1.0
1.0
1.0
1.0
2.0
3.0
1.0
1.0
1.0
1.0
1.0
1.0
1.0
1.0
1.0
3.0
1.0
1.0
1.0
1.0
1.0
1.0
1.0
1.0
1.0
2.0
1.0
1.0
1.0
1.0
1.0
2.0
1.0
1.0
1.0
2.0
1.0
1.0
1.0
1.0
1.0
1.0
1.0
1.0
1.0
2.0
1.0
1.0
1.0
1.0
1.0
1.0
1.0
1.0
1.0
2.0
1.0
1.0
2.0
0.0
1.0
1.0
1.0
1.0
1.0
2.0
2.0
1.0
1.0
1.0
2.0
1.0
1.0
1.0
1.0
2.0
1.0
1.0
1.0
1.0
1.0
1.0
1.0
0.0
1.0
2.0
1.0
1.0
1.0
2.0
2.0
1.0
1.0
1.0
1.0
2.0
2.0
2.0
1.0
1.0
1.0
1.0
1.0
1.0
1.0
3.0
1.0
1.0
1.0
1.0
1.0
1.0
1.0
2.0
1.0
2.0
1.0
1.0
1.0
1.0
1.0
1.0
1.0
1.0
1.0
3.0
1.0
1.0
1.0
1.0
1.0
1.0
1.0
1.0
1.0
2.0
1.0
1.0
1.0
1.0
1.0
1.0
1.0
1.0
1.0
2.0
1.0
1.0
1.0
1.0
1.0
1.0
1.0
1.0
1.0
2.0
1.0
1.0
0.0
1.0
1.0
1.0
1.0
1.0
1.0
2.0
1.0
1.0
1.0
1.0
1.0
1.0
2.0
1.0
1.0
2.0
1.0
1.0
1.0
1.0
1.0
1.0
1.0
1.0
1.0
2.0
1.0
1.0
1.0
1.0
2.0
1.0
1.0
1.0
2.0
2.0
1.0
2.0
1.0
1.0
2.0
0.0
1.0
1.0
1.0
3.0
0.0
0.0
1.0
1.0
1.0
1.0
1.0
1.0
2.0
3.0
0.0
1.0
1.0
1.0
1.0
1.0
1.0
0.0
0.0
2.0
1.0
1.0
1.0
1.0
1.0
1.0
1.0
1.0
1.0
2.0
1.0
1.0
1.0
1.0
1.0
1.0
1.0
1.0
1.0
2.0
1.0
1.0
1.0
1.0
1.0
0.0
1.0
1.0
1.0
2.0
1.0
1.0
1.0
1.0
1.0
0.0
1.0
1.0
1.0
717.0
660.0
662.0
662.0
722.0
714.0
714.0
658.0
659.0
661.0
661.0
652.0
660.0
662.0
664.0
666.0
615.0
610.0
609.0
610.0
666.0
661.0
658.0
661.0
663.0
661.0
658.0
661.0
663.0
659.0
661.0
665.0
664.0
663.0
663.0
659.0
664.0
662.0
661.0
664.0
627.0
626.0
629.0
636.0
623.0
632.0
626.0
629.0
625.0
624.0
658.0
659.0
657.0
663.0
658.0
659.0
660.0
661.0
664.0
660.0
660.0
664.0
666.0
667.0
660.0
660.0
658.0
662.0
666.0
660.0
609.0
612.0
611.0
607.0
607.0
612.0
605.0
611.0
604.0
608.0
689.0
692.0
686.0
687.0
688.0
691.0
688.0
362.0
363.0
362.0
658.0
385.0
389.0
336.0
337.0
338.0
337.0
338.0
337.0
338.0
612.0
609.0
689.0
686.0
688.0
691.0
689.0
691.0
691.0
688.0
687.0
688.0
612.0
610.0
611.0
603.0
611.0
609.0
611.0
606.0
638.0
639.0
687.0
684.0
689.0
690.0
687.0
689.0
687.0
686.0
652.0
665.0
610.0
612.0
610.0
608.0
609.0
606.0
609.0
610.0
687.0
694.0
683.0
689.0
685.0
686.0
688.0
689.0
688.0
688.0
611.0
608.0
607.0
611.0
612.0
611.0
613.0
610.0
611.0
611.0
688.0
684.0
688.0
687.0
692.0
686.0
685.0
684.0
691.0
689.0
608.0
610.0
604.0
612.0
615.0
610.0
610.0
609.0
608.0
607.0
688.0
686.0
684.0
688.0
684.0
686.0
688.0
409.0
412.0
414.0
610.0
336.0
334.0
336.0
335.0
340.0
336.0
337.0
337.0
337.0
639.0
634.0
635.0
637.0
687.0
687.0
689.0
691.0
689.0
685.0
667.0
665.0
665.0
661.0
615.0
614.0
615.0
613.0
615.0
616.0
641.0
647.0
648.0
643.0
693.0
693.0
693.0
700.0
694.0
694.0
667.0
661.0
665.0
669.0
614.0
614.0
615.0
616.0
616.0
623.0
642.0
643.0
644.0
642.0
693.0
691.0
692.0
697.0
696.0
694.0
667.0
668.0
667.0
668.0
614.0
611.0
613.0
611.0
614.0
610.0
641.0
640.0
642.0
638.0
689.0
690.0
688.0
689.0
690.0
689.0
662.0
660.0
657.0
656.0
609.0
613.0
612.0
617.0
615.0
615.0
666.0
673.0
666.0
679.0
714.0
708.0
713.0
389.0
388.0
388.0
656.0
384.0
384.0
383.0
385.0
381.0
384.0
336.0
335.0
340.0
614.0
608.0
612.0
611.0
611.0
610.0
608.0
605.0
608.0
610.0
684.0
682.0
682.0
679.0
678.0
680.0
677.0
683.0
675.0
680.0
606.0
612.0
611.0
611.0
611.0
613.0
609.0
605.0
607.0
610.0
680.0
681.0
678.0
681.0
684.0
685.0
684.0
681.0
681.0
681.0
611.0
612.0
608.0
610.0
609.0
606.0
612.0
611.0
612.0
608.0
637.0
638.0
636.0
634.0
636.0
682.0
683.0
682.0
681.0
680.0
659.0
662.0
656.0
648.0
657.0
610.0
616.0
610.0
612.0
610.0
637.0
640.0
639.0
637.0
636.0
635.0
685.0
682.0
681.0
684.0
658.0
653.0
650.0
656.0
652.0
655.0
611.0
338.0
337.0
336.0
636.0
338.0
338.0
335.0
338.0
337.0
339.0
339.0
338.0
364.0
685.0
682.0
680.0
682.0
683.0
686.0
680.0
681.0
656.0
656.0
612.0
614.0
615.0
609.0
613.0
613.0
613.0
614.0
638.0
640.0
687.0
683.0
684.0
682.0
685.0
681.0
682.0
684.0
656.0
655.0
612.0
610.0
610.0
609.0
609.0
612.0
609.0
612.0
634.0
641.0
689.0
688.0
684.0
686.0
687.0
686.0
689.0
687.0
663.0
655.0
613.0
610.0
608.0
607.0
612.0
610.0
610.0
609.0
608.0
610.0
639.0
638.0
684.0
686.0
686.0
684.0
687.0
683.0
684.0
687.0
661.0
660.0
614.0
614.0
608.0
609.0
615.0
611.0
609.0
612.0
638.0
639.0
638.0
637.0
639.0
634.0
639.0
337.0
363.0
361.0
683.0
386.0
380.0
379.0
381.0
383.0
385.0
383.0
382.0
383.0
613.0
613.0
612.0
609.0
611.0
607.0
611.0
610.0
612.0
610.0
683.0
685.0
685.0
685.0
684.0
686.0
685.0
682.0
682.0
682.0
611.0
606.0
613.0
617.0
611.0
610.0
612.0
619.0
617.0
617.0
706.0
708.0
707.0
702.0
704.0
701.0
700.0
696.0
698.0
704.0
609.0
611.0
610.0
612.0
613.0
613.0
612.0
614.0
613.0
610.0
687.0
684.0
683.0
682.0
685.0
683.0
684.0
686.0
682.0
680.0
613.0
612.0
612.0
618.0
610.0
610.0
609.0
613.0
611.0
608.0
641.0
635.0
641.0
689.0
639.0
640.0
684.0
682.0
685.0
684.0
657.0
665.0
662.0
662.0
665.0
619.0
619.0
343.0
340.0
341.0
622.0
341.0
342.0
338.0
341.0
340.0
341.0
341.0
342.0
340.0
688.0
689.0
686.0
687.0
691.0
690.0
690.0
691.0
692.0
694.0
620.0
620.0
618.0
616.0
621.0
618.0
621.0
615.0
617.0
618.0
642.0
636.0
681.0
683.0
682.0
680.0
680.0
686.0
684.0
683.0
657.0
654.0
608.0
607.0
614.0
614.0
612.0
610.0
610.0
609.0
641.0
638.0
683.0
686.0
684.0
683.0
686.0
689.0
684.0
685.0
663.0
660.0
617.0
617.0
616.0
612.0
620.0
611.0
623.0
614.0
645.0
645.0
692.0
688.0
695.0
691.0
693.0
691.0
692.0
697.0
666.0
664.0
614.0
620.0
620.0
618.0
618.0
621.0
619.0
617.0
645.0
641.0
636.0
636.0
638.0
635.0
686.0
365.0
362.0
366.0
657.0
383.0
383.0
380.0
383.0
381.0
386.0
379.0
380.0
335.0
608.0
610.0
612.0
612.0
613.0
618.0
611.0
609.0
615.0
611.0
682.0
684.0
686.0
688.0
683.0
680.0
684.0
680.0
685.0
685.0
613.0
605.0
610.0
607.0
608.0
610.0
610.0
610.0
612.0
613.0
637.0
635.0
637.0
641.0
680.0
685.0
683.0
684.0
685.0
680.0
662.0
659.0
662.0
655.0
612.0
611.0
613.0
614.0
608.0
618.0
640.0
638.0
637.0
635.0
680.0
681.0
679.0
681.0
685.0
687.0
655.0
654.0
657.0
656.0
610.0
610.0
608.0
610.0
617.0
619.0
653.0
657.0
655.0
661.0
708.0
703.0
710.0
713.0
700.0
696.0
659.0
659.0
651.0
655.0
606.0
608.0
611.0
338.0
339.0
338.0
639.0
338.0
338.0
340.0
337.0
338.0
337.0
336.0
358.0
361.0
687.0
689.0
684.0
689.0
685.0
686.0
685.0
661.0
656.0
661.0
608.0
613.0
612.0
612.0
612.0
612.0
610.0
608.0
612.0
613.0
686.0
678.0
683.0
684.0
684.0
683.0
681.0
687.0
686.0
682.0
610.0
609.0
606.0
611.0
608.0
606.0
609.0
613.0
610.0
613.0
637.0
636.0
639.0
634.0
637.0
633.0
680.0
683.0
676.0
683.0
661.0
656.0
650.0
659.0
659.0
660.0
613.0
611.0
611.0
610.0
633.0
632.0
634.0
634.0
637.0
639.0
687.0
681.0
684.0
681.0
656.0
649.0
657.0
658.0
654.0
656.0
610.0
608.0
609.0
606.0
638.0
636.0
634.0
633.0
640.0
635.0
679.0
365.0
359.0
361.0
660.0
382.0
385.0
382.0
385.0
382.0
384.0
383.0
384.0
335.0
613.0
610.0
610.0
607.0
609.0
612.0
610.0
611.0
612.0
636.0
683.0
682.0
679.0
676.0
684.0
682.0
681.0
681.0
680.0
655.0
610.0
610.0
610.0
612.0
609.0
607.0
612.0
613.0
609.0
611.0
639.0
681.0
679.0
683.0
683.0
676.0
681.0
681.0
684.0
682.0
659.0
609.0
606.0
611.0
609.0
609.0
607.0
611.0
611.0
610.0
641.0
638.0
641.0
635.0
636.0
639.0
637.0
636.0
683.0
680.0
651.0
651.0
657.0
657.0
653.0
657.0
657.0
650.0
612.0
612.0
636.0
627.0
635.0
635.0
633.0
636.0
630.0
637.0
678.0
679.0
657.0
654.0
658.0
654.0
655.0
655.0
653.0
380.0
336.0
338.0
612.0
333.0
335.0
335.0
336.0
338.0
337.0
337.0
338.0
336.0
678.0
686.0
681.0
684.0
680.0
687.0
674.0
683.0
678.0
680.0
605.0
608.0
609.0
609.0
610.0
609.0
611.0
608.0
609.0
611.0
704.0
712.0
702.0
706.0
707.0
705.0
704.0
704.0
702.0
705.0
610.0
605.0
612.0
610.0
611.0
612.0
610.0
609.0
609.0
609.0
636.0
680.0
681.0
679.0
684.0
683.0
682.0
679.0
685.0
685.0
657.0
610.0
613.0
610.0
613.0
611.0
609.0
610.0
611.0
611.0
642.0
637.0
637.0
640.0
637.0
638.0
640.0
635.0
638.0
685.0
659.0
655.0
660.0
654.0
650.0
657.0
657.0
658.0
654.0
610.0
641.0
635.0
637.0
639.0
638.0
639.0
640.0
336.0
337.0
337.0
687.0
362.0
408.0
385.0
384.0
385.0
383.0
379.0
384.0
384.0
662.0
611.0
608.0
613.0
613.0
610.0
612.0
616.0
612.0
616.0
637.0
638.0
686.0
684.0
684.0
688.0
685.0
689.0
689.0
685.0
659.0
655.0
612.0
613.0
608.0
614.0
609.0
610.0
610.0
608.0
640.0
637.0
682.0
681.0
685.0
682.0
681.0
688.0
687.0
684.0
658.0
661.0
613.0
612.0
611.0
616.0
612.0
611.0
613.0
614.0
639.0
640.0
685.0
681.0
682.0
683.0
683.0
680.0
683.0
680.0
656.0
654.0
603.0
611.0
609.0
609.0
611.0
609.0
610.0
605.0
636.0
634.0
637.0
635.0
634.0
681.0
682.0
683.0
676.0
683.0
655.0
655.0
656.0
648.0
661.0
613.0
609.0
337.0
336.0
337.0
613.0
333.0
338.0
338.0
337.0
336.0
335.0
338.0
338.0
337.0
680.0
683.0
684.0
680.0
683.0
684.0
681.0
681.0
685.0
679.0
610.0
608.0
608.0
608.0
611.0
610.0
608.0
608.0
611.0
606.0
637.0
636.0
636.0
636.0
681.0
683.0
680.0
680.0
682.0
680.0
658.0
660.0
657.0
651.0
612.0
611.0
609.0
609.0
611.0
605.0
633.0
637.0
637.0
638.0
680.0
680.0
679.0
679.0
683.0
682.0
658.0
659.0
655.0
657.0
611.0
607.0
608.0
605.0
612.0
606.0
664.0
665.0
660.0
661.0
720.0
708.0
707.0
709.0
712.0
709.0
654.0
654.0
659.0
657.0
611.0
611.0
609.0
607.0
606.0
611.0
637.0
639.0
636.0
636.0
633.0
681.0
681.0
360.0
361.0
364.0
657.0
385.0
380.0
381.0
382.0
383.0
383.0
385.0
338.0
338.0
615.0
610.0
610.0
608.0
612.0
614.0
614.0
613.0
611.0
610.0
684.0
683.0
681.0
682.0
680.0
680.0
681.0
681.0
682.0
680.0
610.0
609.0
611.0
610.0
611.0
611.0
612.0
611.0
609.0
614.0
681.0
631.0
674.0
679.0
684.0
679.0
680.0
681.0
681.0
682.0
660.0
615.0
612.0
612.0
613.0
613.0
611.0
612.0
616.0
612.0
639.0
643.0
640.0
634.0
637.0
639.0
685.0
682.0
683.0
682.0
655.0
653.0
656.0
660.0
656.0
653.0
611.0
612.0
612.0
609.0
638.0
638.0
631.0
635.0
639.0
636.0
684.0
684.0
683.0
684.0
650.0
655.0
656.0
656.0
649.0
652.0
605.0
335.0
336.0
336.0
640.0
338.0
339.0
339.0
339.0
338.0
338.0
338.0
340.0
362.0
687.0
683.0
683.0
683.0
683.0
687.0
683.0
683.0
656.0
659.0
613.0
611.0
613.0
615.0
612.0
613.0
609.0
611.0
633.0
637.0
682.0
683.0
680.0
682.0
681.0
677.0
684.0
683.0
657.0
655.0
613.0
612.0
613.0
609.0
610.0
611.0
607.0
613.0
609.0
609.0
686.0
683.0
684.0
686.0
683.0
682.0
684.0
684.0
682.0
685.0
608.0
613.0
611.0
610.0
609.0
612.0
610.0
612.0
608.0
609.0
634.0
636.0
686.0
632.0
685.0
681.0
683.0
683.0
686.0
685.0
658.0
664.0
661.0
614.0
609.0
616.0
609.0
615.0
612.0
610.0
633.0
638.0
637.0
634.0
638.0
636.0
638.0
338.0
364.0
365.0
678.0
382.0
387.0
383.0
380.0
384.0
382.0
379.0
382.0
380.0
