2.0
2.0
2.0
2.0
2.0
2.0
2.0
2.0
2.0
2.0
4.0
3.0
4.0
3.0
4.0
3.0
3.0
2.0
5.0
2.0
80.0
138.0
80.0
138.0
79.0
80.0
137.0
78.0
79.0
134.0
80.0
79.0
79.0
80.0
80.0
79.0
137.0
135.0
136.0
135.0
79.0
79.0
79.0
79.0
80.0
78.0
79.0
78.0
79.0
78.0
80.0
79.0
136.0
136.0
136.0
137.0
79.0
73.0
79.0
78.0
79.0
78.0
67.0
79.0
79.0
79.0
79.0
79.0
156.0
93.0
1225.0
1357.0
1256.0
1241.0
1248.0
1205.0
1209.0
1206.0
1162.0
1275.0
1192.0
1191.0
1193.0
1195.0
1194.0
1202.0
1195.0
1194.0
1192.0
1193.0
1180.0
1154.0
1156.0
1179.0
1159.0
1160.0
1162.0
1155.0
1154.0
1155.0
1158.0
1159.0
1157.0
1156.0
1156.0
1159.0
1155.0
1156.0
1155.0
1153.0
1216.0
1216.0
1209.0
1213.0
1215.0
1230.0
1223.0
1228.0
1212.0
1252.0
1223.0
1202.0
1204.0
1201.0
1202.0
1196.0
1202.0
1200.0
1202.0
1167.0
1193.0
1189.0
1193.0
1192.0
1189.0
1198.0
1205.0
1199.0
1191.0
1192.0
1159.0
1157.0
1154.0
1154.0
1160.0
1155.0
1163.0
1157.0
1156.0
1155.0
1155.0
1159.0
1165.0
1155.0
1153.0
1157.0
1159.0
1159.0
1153.0
1211.0
1194.0
1195.0
1194.0
1224.0
1217.0
1219.0
1220.0
1218.0
1236.0
1156.0
1183.0
1183.0
1180.0
1154.0
1155.0
1158.0
1162.0
1160.0
1155.0
1157.0
1200.0
1198.0
1198.0
1197.0
1199.0
1198.0
1200.0
1195.0
1197.0
1198.0
1157.0
1155.0
1157.0
1153.0
1157.0
1158.0
1157.0
1159.0
1153.0
1155.0
1153.0
1158.0
1154.0
1154.0
1154.0
1158.0
1151.0
1153.0
1147.0
1205.0
3.0
3.0
3.0
4.0
4.0
3.0
3.0
3.0
3.0
2.0
5.0
5.0
3.0
2.0
2.0
4.0
1.0
2.0
2.0
2.0
3.0
3.0
3.0
3.0
3.0
3.0
2.0
3.0
3.0
2.0
4.0
3.0
3.0
3.0
3.0
2.0
2.0
2.0
1.0
2.0
2.0
2.0
2.0
3.0
2.0
1.0
3.0
3.0
3.0
2.0
3.0
3.0
3.0
2.0
3.0
2.0
2.0
2.0
2.0
2.0
2.0
3.0
3.0
3.0
3.0
1.0
3.0
3.0
3.0
2.0
2.0
1.0
1.0
1.0
1.0
2.0
2.0
1.0
2.0
2.0
5.0
3.0
3.0
3.0
2.0
2.0
2.0
2.0
2.0
2.0
1.0
2.0
2.0
2.0
2.0
2.0
1.0
1.0
2.0
2.0
92.0
92.0
93.0
150.0
152.0
152.0
93.0
92.0
91.0
17.0
136.0
79.0
78.0
79.0
79.0
79.0
78.0
134.0
134.0
3.0
135.0
136.0
79.0
78.0
78.0
71.0
78.0
78.0
66.0
2.0
79.0
79.0
79.0
78.0
78.0
118.0
120.0
118.0
117.0
1.0
67.0
78.0
78.0
79.0
79.0
77.0
66.0
67.0
78.0
1.0
78.0
79.0
78.0
78.0
79.0
78.0
78.0
72.0
78.0
1.0
86.0
84.0
83.0
95.0
82.0
82.0
84.0
81.0
81.0
2.0
74.0
79.0
79.0
79.0
80.0
84.0
79.0
79.0
1.0
2.0
79.0
73.0
75.0
79.0
79.0
78.0
78.0
78.0
77.0
1.0
78.0
77.0
77.0
78.0
133.0
133.0
132.0
1.0
2.0
2.0
135.0
134.0
134.0
134.0
134.0
132.0
130.0
78.0
79.0
2.0
79.0
79.0
79.0
76.0
79.0
80.0
74.0
74.0
78.0
2.0
79.0
73.0
78.0
78.0
78.0
78.0
71.0
78.0
70.0
1.0
76.0
74.0
77.0
76.0
76.0
75.0
76.0
73.0
75.0
2.0
76.0
75.0
76.0
76.0
76.0
75.0
75.0
74.0
74.0
1.0
76.0
75.0
76.0
76.0
76.0
75.0
75.0
74.0
74.0
1.0
76.0
76.0
76.0
75.0
75.0
74.0
74.0
75.0
74.0
2.0
74.0
74.0
75.0
74.0
75.0
74.0
74.0
75.0
1.0
2.0
76.0
75.0
75.0
75.0
75.0
74.0
74.0
74.0
75.0
1.0
74.0
74.0
75.0
74.0
74.0
74.0
74.0
2.0
1.0
2.0
75.0
75.0
75.0
76.0
76.0
76.0
76.0
75.0
75.0
2.0
75.0
75.0
75.0
76.0
75.0
76.0
74.0
74.0
74.0
2.0
75.0
75.0
76.0
76.0
75.0
76.0
74.0
74.0
75.0
1.0
76.0
75.0
75.0
75.0
75.0
74.0
74.0
75.0
75.0
1.0
75.0
76.0
75.0
75.0
97.0
96.0
97.0
96.0
95.0
1.0
97.0
97.0
97.0
98.0
98.0
75.0
75.0
75.0
75.0
1.0
76.0
75.0
75.0
76.0
76.0
75.0
75.0
75.0
75.0
2.0
74.0
74.0
74.0
74.0
74.0
74.0
74.0
74.0
1.0
1.0
76.0
75.0
76.0
76.0
76.0
75.0
75.0
75.0
74.0
2.0
74.0
74.0
74.0
74.0
74.0
74.0
74.0
1.0
2.0
1.0
76.0
76.0
75.0
76.0
76.0
75.0
76.0
75.0
74.0
2.0
75.0
76.0
75.0
75.0
76.0
75.0
75.0
74.0
75.0
1.0
76.0
76.0
75.0
76.0
75.0
76.0
74.0
75.0
75.0
1.0
76.0
75.0
75.0
75.0
75.0
75.0
75.0
74.0
74.0
1.0
75.0
75.0
75.0
75.0
75.0
74.0
74.0
74.0
74.0
2.0
75.0
76.0
75.0
75.0
75.0
75.0
75.0
74.0
75.0
2.0
75.0
75.0
75.0
75.0
75.0
75.0
74.0
74.0
74.0
1.0
75.0
74.0
74.0
75.0
74.0
74.0
74.0
75.0
2.0
1.0
76.0
75.0
76.0
75.0
76.0
74.0
75.0
75.0
75.0
2.0
74.0
75.0
74.0
74.0
74.0
74.0
75.0
1.0
1.0
1.0
76.0
76.0
76.0
99.0
98.0
99.0
168.0
166.0
166.0
1.0
166.0
168.0
168.0
168.0
144.0
145.0
143.0
74.0
74.0
2.0
75.0
75.0
75.0
76.0
76.0
76.0
75.0
75.0
74.0
2.0
75.0
76.0
75.0
76.0
75.0
74.0
75.0
74.0
74.0
1.0
75.0
75.0
75.0
75.0
76.0
74.0
75.0
75.0
75.0
2.0
75.0
75.0
75.0
76.0
75.0
75.0
74.0
74.0
75.0
2.0
75.0
76.0
76.0
76.0
75.0
74.0
74.0
74.0
74.0
1.0
75.0
74.0
74.0
74.0
74.0
74.0
74.0
74.0
2.0
2.0
75.0
75.0
75.0
76.0
75.0
75.0
74.0
75.0
75.0
1.0
74.0
74.0
74.0
75.0
74.0
75.0
74.0
2.0
1.0
1.0
1160.0
1163.0
1155.0
1155.0
1187.0
1155.0
1161.0
1159.0
1158.0
606.0
1160.0
1232.0
1224.0
1224.0
1225.0
1224.0
1225.0
1225.0
1226.0
605.0
1200.0
1199.0
1160.0
1156.0
1161.0
1159.0
1162.0
1167.0
1158.0
585.0
1184.0
1195.0
1190.0
1158.0
1158.0
1158.0
1163.0
1164.0
1160.0
608.0
1211.0
1204.0
1213.0
1206.0
1203.0
1203.0
1207.0
1204.0
1205.0
651.0
1162.0
1160.0
1165.0
1167.0
1166.0
1195.0
1182.0
1185.0
1184.0
609.0
1163.0
1163.0
1163.0
1170.0
1172.0
1162.0
1203.0
1200.0
1205.0
582.0
1225.0
1230.0
1237.0
1234.0
1229.0
1231.0
1232.0
1160.0
609.0
603.0
1157.0
1159.0
1157.0
1161.0
1156.0
1157.0
1166.0
1157.0
1156.0
604.0
1208.0
1209.0
1203.0
1204.0
1204.0
1207.0
1207.0
1140.0
653.0
656.0
1178.0
1156.0
1180.0
1174.0
1181.0
1181.0
1175.0
1196.0
1166.0
604.0
1170.0
1185.0
1170.0
1161.0
1168.0
1170.0
1164.0
1167.0
1227.0
615.0
1202.0
1202.0
1204.0
1202.0
1223.0
1229.0
1220.0
1226.0
1226.0
580.0
1161.0
1156.0
1157.0
1162.0
1156.0
1156.0
1155.0
1156.0
1156.0
584.0
1229.0
1232.0
1229.0
1234.0
1231.0
1229.0
1202.0
1202.0
1205.0
655.0
1157.0
1160.0
1161.0
1160.0
1157.0
1157.0
1156.0
1158.0
1157.0
611.0
1162.0
1159.0
1152.0
1156.0
1157.0
1160.0
1161.0
1157.0
1225.0
607.0
1200.0
1202.0
1207.0
1199.0
1201.0
1201.0
1203.0
1202.0
652.0
581.0
1162.0
1159.0
1153.0
1160.0
1157.0
1186.0
1160.0
1158.0
1161.0
608.0
1153.0
1158.0
1232.0
1229.0
1229.0
1228.0
1232.0
1164.0
609.0
607.0
1212.0
1205.0
1204.0
1205.0
1159.0
1159.0
1158.0
1154.0
1156.0
579.0
1160.0
1185.0
1185.0
1182.0
1185.0
1161.0
1157.0
1157.0
1163.0
580.0
1234.0
1227.0
1207.0
1212.0
1206.0
1209.0
1203.0
1202.0
1199.0
652.0
1162.0
1156.0
1158.0
1161.0
1163.0
1159.0
1159.0
1165.0
1182.0
603.0
1168.0
1161.0
1175.0
1170.0
1166.0
1164.0
1163.0
1164.0
1223.0
581.0
1205.0
1203.0
1204.0
1202.0
1198.0
1221.0
1225.0
1227.0
1226.0
581.0
1184.0
1180.0
1182.0
1183.0
1184.0
1180.0
1161.0
1160.0
1159.0
580.0
1227.0
1203.0
1203.0
1202.0
1204.0
1206.0
1203.0
1205.0
580.0
583.0
1235.0
1230.0
1158.0
1158.0
1159.0
1159.0
1155.0
1159.0
1153.0
606.0
1155.0
1159.0
1157.0
1152.0
1156.0
1155.0
1159.0
1082.0
603.0
603.0
1204.0
1206.0
1210.0
1203.0
1204.0
1208.0
1205.0
1222.0
1230.0
653.0
1157.0
1156.0
1157.0
1161.0
1165.0
1155.0
1157.0
1182.0
1155.0
581.0
1160.0
1161.0
1229.0
1222.0
1226.0
1227.0
1222.0
1226.0
1207.0
585.0
1222.0
1231.0
1226.0
1159.0
1156.0
1161.0
1166.0
1161.0
1161.0
607.0
1162.0
1171.0
1156.0
1156.0
1157.0
1161.0
1158.0
1154.0
1166.0
580.0
1224.0
1201.0
1200.0
1201.0
1202.0
1197.0
1199.0
1202.0
1197.0
648.0
1167.0
1162.0
1158.0
1164.0
1169.0
1165.0
1159.0
1166.0
1159.0
610.0
1176.0
1179.0
1171.0
1241.0
1253.0
1246.0
1246.0
1250.0
618.0
619.0
1220.0
1218.0
1208.0
1212.0
1219.0
1158.0
1164.0
1164.0
1166.0
586.0
1165.0
1157.0
1163.0
1160.0
1162.0
1185.0
1162.0
1094.0
586.0
586.0
1227.0
1227.0
1226.0
1243.0
1226.0
1230.0
1228.0
1200.0
1198.0
643.0
1161.0
1164.0
1163.0
1163.0
1156.0
1159.0
1162.0
1166.0
1157.0
609.0
1156.0
1153.0
1158.0
1157.0
1160.0
1156.0
1155.0
1156.0
1155.0
608.0
1199.0
1195.0
1199.0
1199.0
1199.0
1197.0
1196.0
1193.0
1201.0
639.0
1156.0
1158.0
1154.0
1156.0
1156.0
1158.0
1183.0
1180.0
1189.0
605.0
1160.0
1158.0
1166.0
1226.0
1223.0
1224.0
1224.0
1193.0
1195.0
579.0
1193.0
1218.0
1216.0
1224.0
1158.0
1159.0
1157.0
1159.0
1158.0
581.0
1179.0
1181.0
1158.0
1154.0
1163.0
1158.0
1159.0
1157.0
602.0
603.0
1195.0
1198.0
1193.0
1197.0
1202.0
1194.0
1197.0
1197.0
1194.0
643.0
1165.0
1162.0
1160.0
1158.0
1163.0
1160.0
1160.0
1090.0
605.0
606.0
1161.0
1161.0
1163.0
1161.0
1157.0
1159.0
1163.0
1161.0
1156.0
608.0
1212.0
1212.0
1211.0
1236.0
1229.0
1237.0
1236.0
1235.0
1239.0
656.0
1197.0
1164.0
1221.0
1179.0
1160.0
1160.0
1159.0
1157.0
1162.0
583.0
1223.0
1223.0
1217.0
1199.0
1196.0
1197.0
1200.0
1198.0
1198.0
654.0
1160.0
1166.0
1162.0
1161.0
1160.0
1159.0
1158.0
1157.0
1158.0
604.0
1158.0
1160.0
1162.0
1162.0
1157.0
1161.0
1160.0
1157.0
1159.0
608.0
1201.0
1195.0
1202.0
1203.0
1212.0
1201.0
1224.0
1224.0
1228.0
647.0
1167.0
1162.0
1159.0
1159.0
1182.0
1162.0
1171.0
1166.0
582.0
584.0
1164.0
1238.0
1234.0
1236.0
1237.0
1228.0
1237.0
1236.0
1243.0
584.0
1226.0
1225.0
1167.0
1168.0
1163.0
1163.0
1163.0
1093.0
580.0
583.0
1161.0
1167.0
1164.0
1159.0
1159.0
1160.0
1157.0
1158.0
1164.0
580.0
1228.0
1229.0
1228.0
1198.0
1200.0
1198.0
1197.0
1198.0
1201.0
650.0
1165.0
1164.0
1159.0
1162.0
1159.0
1158.0
1161.0
1162.0
1159.0
609.0
1161.0
1170.0
1160.0
1175.0
1161.0
1224.0
1220.0
1226.0
1227.0
609.0
1220.0
1212.0
1225.0
1211.0
1213.0
1227.0
1168.0
1185.0
1192.0
588.0
1157.0
1158.0
1164.0
1168.0
1158.0
1180.0
1182.0
1153.0
1154.0
582.0
1216.0
1217.0
1217.0
1216.0
1220.0
1218.0
1194.0
1191.0
1190.0
642.0
1155.0
1156.0
1153.0
1156.0
1157.0
1156.0
1159.0
1156.0
585.0
605.0
1183.0
1154.0
1156.0
1162.0
1157.0
1158.0
1156.0
1155.0
1165.0
609.0
1196.0
1201.0
1198.0
1196.0
1199.0
1196.0
1201.0
1122.0
645.0
646.0
1159.0
1159.0
1157.0
1164.0
1162.0
1158.0
1159.0
1161.0
1162.0
608.0
1161.0
1160.0
1168.0
1167.0
1161.0
1221.0
1220.0
1225.0
1222.0
605.0
1202.0
1200.0
1197.0
1220.0
1227.0
1226.0
1161.0
1161.0
1168.0
580.0
1191.0
1186.0
1186.0
1189.0
1166.0
1159.0
1165.0
1159.0
1164.0
580.0
1230.0
1201.0
1199.0
1201.0
1201.0
1208.0
1200.0
1198.0
1200.0
647.0
1159.0
1157.0
1157.0
1161.0
1156.0
1156.0
1159.0
1157.0
1159.0
604.0
1155.0
1155.0
1162.0
1159.0
1156.0
1155.0
1158.0
1157.0
1156.0
604.0
1202.0
1200.0
1206.0
1215.0
1222.0
1228.0
1227.0
1234.0
650.0
650.0
1181.0
1172.0
1181.0
1208.0
1191.0
1187.0
1163.0
1164.0
1169.0
605.0
1224.0
1226.0
1223.0
1227.0
1204.0
1199.0
1208.0
1130.0
582.0
583.0
1243.0
1243.0
1179.0
1178.0
1181.0
1181.0
1180.0
1174.0
1179.0
589.0
1202.0
1161.0
1169.0
1161.0
1167.0
1160.0
1162.0
1157.0
1157.0
605.0
1199.0
1202.0
1203.0
1198.0
1198.0
1201.0
1198.0
1202.0
1218.0
645.0
1158.0
1156.0
1158.0
1158.0
1155.0
1155.0
1161.0
1157.0
1156.0
583.0
1157.0
1159.0
1159.0
1216.0
1217.0
1215.0
1219.0
1219.0
1222.0
604.0
1207.0
1218.0
1219.0
1218.0
1159.0
1158.0
1160.0
1156.0
1161.0
583.0
1163.0
1159.0
1157.0
1160.0
1154.0
1156.0
1154.0
1156.0
1157.0
587.0
1223.0
1226.0
1226.0
1199.0
1196.0
1197.0
1194.0
1200.0
647.0
645.0
1154.0
1156.0
1153.0
1162.0
1164.0
1150.0
1153.0
1154.0
1155.0
606.0
1156.0
1155.0
1155.0
1161.0
1159.0
1162.0
1212.0
1084.0
603.0
605.0
1198.0
1192.0
1197.0
1198.0
1192.0
1195.0
1197.0
1198.0
1216.0
582.0
1171.0
1166.0
1186.0
1169.0
1178.0
1163.0
1190.0
1208.0
1255.0
596.0
1231.0
1229.0
1225.0
1227.0
1226.0
1228.0
1227.0
1200.0
1202.0
614.0
1273.0
1157.0
1162.0
1162.0
1165.0
1160.0
1164.0
1157.0
1160.0
586.0
1194.0
1168.0
1163.0
1164.0
1162.0
1164.0
1165.0
1163.0
1160.0
605.0
1198.0
1202.0
1196.0
1196.0
1195.0
1201.0
1200.0
1195.0
1200.0
642.0
1155.0
1158.0
1161.0
1157.0
1155.0
1152.0
1155.0
1154.0
1156.0
604.0
1149.0
1156.0
1157.0
1157.0
1212.0
1217.0
1215.0
1219.0
601.0
603.0
1194.0
1195.0
1197.0
1193.0
1216.0
1225.0
1157.0
1159.0
1157.0
578.0
1161.0
1185.0
1185.0
1185.0
1182.0
1153.0
1159.0
1085.0
596.0
580.0
1218.0
1219.0
1223.0
1199.0
1199.0
1197.0
1196.0
1194.0
1199.0
642.0
1160.0
1160.0
1156.0
1157.0
1160.0
1158.0
1158.0
1159.0
1161.0
610.0
1157.0
1158.0
1154.0
1157.0
1157.0
1157.0
1164.0
1161.0
1155.0
601.0
1193.0
1194.0
1190.0
1190.0
1192.0
1193.0
1196.0
1212.0
1219.0
642.0
1156.0
1161.0
1165.0
1159.0
1175.0
1182.0
1183.0
1180.0
1164.0
580.0
1167.0
1164.0
1221.0
1238.0
1232.0
1221.0
1193.0
1192.0
1201.0
586.0
1213.0
1218.0
1221.0
1157.0
1163.0
1165.0
1158.0
1164.0
1162.0
603.0
1167.0
1160.0
1167.0
1158.0
1160.0
1161.0
1165.0
1160.0
609.0
612.0
1197.0
1197.0
1200.0
1200.0
1194.0
1200.0
1196.0
1201.0
1198.0
643.0
1161.0
1163.0
1157.0
1161.0
1160.0
1162.0
1157.0
1088.0
609.0
612.0
1164.0
1157.0
1158.0
1160.0
1157.0
1154.0
1217.0
1217.0
1226.0
608.0
1193.0
1202.0
1201.0
1195.0
1193.0
1223.0
1216.0
1158.0
1155.0
578.0
1155.0
1160.0
1162.0
1186.0
1192.0
1181.0
1160.0
1161.0
1160.0
585.0
1228.0
1228.0
1229.0
1233.0
1201.0
1198.0
1204.0
1195.0
1196.0
643.0
1159.0
1159.0
1160.0
1161.0
1165.0
1159.0
1157.0
1157.0
1158.0
604.0
1161.0
1158.0
1157.0
1156.0
1161.0
1162.0
1159.0
1154.0
1249.0
606.0
1203.0
1203.0
1203.0
1205.0
1199.0
1203.0
1204.0
1226.0
1231.0
582.0
1156.0
1155.0
1157.0
1153.0
1157.0
1156.0
1157.0
1184.0
582.0
581.0
1186.0
1241.0
1221.0
1230.0
1245.0
1231.0
1238.0
1249.0
1230.0
599.0
1225.0
1218.0
1156.0
1156.0
1159.0
1159.0
1154.0
1083.0
579.0
580.0
1157.0
1161.0
1158.0
1154.0
1160.0
1155.0
1156.0
1154.0
1160.0
580.0
1218.0
1221.0
1219.0
1198.0
1199.0
1193.0
1195.0
1192.0
1194.0
643.0
1156.0
1158.0
1156.0
1156.0
1162.0
1158.0
1154.0
1155.0
1159.0
604.0
1160.0
1159.0
1160.0
1159.0
1153.0
1222.0
1221.0
1223.0
1223.0
606.0
1197.0
1193.0
1197.0
1195.0
1195.0
1197.0
1162.0
1158.0
1159.0
579.0
1156.0
1156.0
1161.0
1180.0
1178.0
1181.0
1177.0
1158.0
1160.0
579.0
1219.0
1217.0
1217.0
1215.0
1196.0
1191.0
1191.0
1190.0
1192.0
639.0
1168.0
1156.0
1157.0
1161.0
1154.0
1159.0
1160.0
1159.0
598.0
606.0
1153.0
1159.0
1152.0
1156.0
1155.0
1157.0
1152.0
1155.0
1157.0
604.0
1194.0
1195.0
1193.0
1193.0
1195.0
1195.0
1196.0
1119.0
644.0
641.0
1156.0
1152.0
1156.0
1155.0
1161.0
1155.0
1159.0
1155.0
1174.0
603.0
1161.0
1157.0
1153.0
1156.0
1153.0
1231.0
1231.0
1231.0
1225.0
581.0
1199.0
1218.0
1245.0
1244.0
1228.0
1250.0
1173.0
1174.0
1165.0
579.0
1183.0
1184.0
1179.0
1157.0
1159.0
1159.0
1157.0
1165.0
1158.0
606.0
1197.0
1197.0
1196.0
1195.0
1202.0
1197.0
1192.0
1198.0
1198.0
645.0
1158.0
1156.0
1157.0
1154.0
1155.0
1156.0
1154.0
1154.0
1154.0
606.0
1155.0
1181.0
1156.0
1154.0
1156.0
1152.0
1215.0
1215.0
1217.0
604.0
1192.0
1197.0
1194.0
1219.0
1216.0
1211.0
1216.0
1152.0
582.0
579.0
1155.0
1155.0
1156.0
1184.0
1182.0
1154.0
1152.0
1154.0
1155.0
579.0
1208.0
1215.0
1207.0
1216.0
1169.0
1162.0
1143.0
1093.0
581.0
639.0
