0.0
1.0
1.0
1.0
0.0
1.0
1.0
1.0
0.0
0.0
1.0
1.0
75.0
75.0
75.0
65.0
75.0
75.0
76.0
75.0
64.0
75.0
61.0
61.0
74.0
75.0
75.0
75.0
74.0
75.0
0.0
1.0
75.0
74.0
62.0
62.0
76.0
76.0
75.0
70.0
74.0
74.0
74.0
75.0
65.0
64.0
66.0
74.0
75.0
75.0
0.0
0.0
75.0
75.0
75.0
75.0
65.0
65.0
65.0
74.0
74.0
75.0
74.0
75.0
74.0
75.0
65.0
65.0
81.0
90.0
1.0
0.0
89.0
89.0
90.0
91.0
90.0
90.0
83.0
83.0
67.0
74.0
74.0
75.0
74.0
74.0
65.0
64.0
74.0
74.0
0.0
1.0
65.0
64.0
64.0
75.0
74.0
74.0
74.0
74.0
74.0
74.0
64.0
65.0
65.0
74.0
75.0
74.0
74.0
75.0
1.0
1.0
74.0
74.0
65.0
65.0
65.0
74.0
74.0
75.0
75.0
74.0
74.0
74.0
64.0
65.0
65.0
65.0
74.0
75.0
0.0
0.0
74.0
74.0
74.0
75.0
75.0
83.0
65.0
65.0
74.0
74.0
75.0
75.0
75.0
74.0
74.0
65.0
65.0
65.0
1.0
0.0
74.0
74.0
74.0
74.0
74.0
74.0
74.0
64.0
65.0
64.0
74.0
65.0
74.0
74.0
74.0
74.0
75.0
74.0
0.0
1.0
66.0
66.0
65.0
75.0
74.0
75.0
75.0
74.0
74.0
74.0
65.0
65.0
65.0
74.0
75.0
74.0
74.0
74.0
1.0
0.0
74.0
75.0
65.0
65.0
64.0
65.0
74.0
74.0
74.0
75.0
74.0
74.0
74.0
64.0
64.0
63.0
63.0
61.0
0.0
0.0
1.0
1.0
0.0
0.0
1.0
1.0
1.0
0.0
0.0
0.0
1.0
0.0
1.0
1.0
1.0
1.0
1.0
1.0
76.0
75.0
136.0
75.0
105.0
137.0
106.0
137.0
75.0
136.0
74.0
75.0
75.0
76.0
75.0
64.0
136.0
136.0
136.0
136.0
74.0
74.0
75.0
75.0
60.0
75.0
75.0
76.0
74.0
75.0
61.0
74.0
137.0
137.0
85.0
85.0
61.0
74.0
76.0
74.0
75.0
75.0
62.0
75.0
75.0
74.0
75.0
74.0
74.0
75.0
118.0
118.0
62.0
74.0
65.0
74.0
74.0
75.0
75.0
61.0
74.0
60.0
75.0
75.0
76.0
75.0
74.0
74.0
76.0
61.0
74.0
62.0
88.0
88.0
78.0
88.0
89.0
89.0
88.0
88.0
80.0
88.0
75.0
66.0
75.0
74.0
74.0
74.0
75.0
65.0
64.0
75.0
65.0
74.0
64.0
74.0
74.0
74.0
74.0
74.0
65.0
74.0
64.0
74.0
64.0
64.0
74.0
75.0
75.0
75.0
74.0
74.0
65.0
64.0
65.0
75.0
75.0
74.0
74.0
74.0
75.0
65.0
75.0
64.0
64.0
74.0
74.0
74.0
74.0
74.0
74.0
64.0
65.0
74.0
65.0
74.0
75.0
74.0
74.0
75.0
74.0
65.0
65.0
65.0
75.0
74.0
74.0
65.0
75.0
74.0
74.0
74.0
64.0
65.0
74.0
75.0
65.0
74.0
74.0
65.0
75.0
74.0
74.0
64.0
75.0
64.0
74.0
64.0
75.0
74.0
65.0
74.0
75.0
74.0
75.0
65.0
65.0
75.0
64.0
74.0
1.0
0.0
0.0
1.0
1.0
0.0
0.0
0.0
1.0
1.0
1.0
0.0
0.0
0.0
0.0
1.0
1.0
1.0
1.0
0.0
75.0
74.0
74.0
75.0
74.0
65.0
64.0
65.0
74.0
74.0
74.0
75.0
74.0
74.0
64.0
75.0
65.0
64.0
75.0
74.0
74.0
74.0
74.0
74.0
65.0
64.0
75.0
64.0
74.0
74.0
74.0
74.0
74.0
74.0
64.0
64.0
80.0
89.0
90.0
83.0
89.0
89.0
90.0
90.0
90.0
83.0
66.0
74.0
74.0
65.0
75.0
65.0
74.0
74.0
74.0
74.0
64.0
75.0
64.0
74.0
64.0
74.0
65.0
75.0
74.0
74.0
75.0
74.0
65.0
65.0
74.0
64.0
75.0
74.0
75.0
75.0
74.0
64.0
75.0
64.0
65.0
75.0
74.0
74.0
74.0
74.0
75.0
64.0
65.0
74.0
64.0
75.0
74.0
75.0
74.0
74.0
74.0
65.0
64.0
65.0
74.0
74.0
74.0
74.0
74.0
74.0
64.0
74.0
65.0
64.0
75.0
74.0
64.0
75.0
74.0
75.0
74.0
75.0
64.0
65.0
75.0
65.0
74.0
65.0
74.0
74.0
74.0
74.0
74.0
65.0
74.0
65.0
64.0
74.0
64.0
75.0
74.0
74.0
75.0
74.0
125.0
116.0
116.0
115.0
127.0
124.0
124.0
125.0
124.0
125.0
65.0
75.0
65.0
64.0
75.0
74.0
75.0
75.0
75.0
75.0
64.0
64.0
74.0
65.0
76.0
74.0
76.0
75.0
75.0
75.0
65.0
65.0
65.0
75.0
75.0
74.0
75.0
65.0
76.0
75.0
1.0
0.0
1.0
0.0
1.0
0.0
1.0
0.0
1.0
0.0
1.0
0.0
0.0
0.0
1.0
1.0
0.0
0.0
1.0
1.0
74.0
64.0
65.0
75.0
75.0
64.0
75.0
64.0
74.0
75.0
74.0
65.0
74.0
75.0
65.0
75.0
65.0
74.0
65.0
75.0
75.0
75.0
74.0
75.0
66.0
65.0
64.0
75.0
74.0
74.0
75.0
75.0
75.0
74.0
64.0
64.0
65.0
74.0
74.0
74.0
74.0
74.0
74.0
65.0
65.0
75.0
64.0
74.0
75.0
75.0
74.0
74.0
74.0
65.0
64.0
65.0
74.0
75.0
74.0
74.0
74.0
75.0
64.0
74.0
65.0
65.0
75.0
74.0
75.0
65.0
74.0
74.0
74.0
64.0
75.0
65.0
75.0
64.0
75.0
74.0
65.0
74.0
75.0
74.0
65.0
74.0
74.0
65.0
64.0
74.0
74.0
64.0
74.0
74.0
74.0
74.0
74.0
64.0
65.0
65.0
90.0
89.0
89.0
90.0
89.0
89.0
83.0
89.0
83.0
83.0
75.0
75.0
74.0
75.0
74.0
74.0
65.0
64.0
74.0
64.0
74.0
74.0
74.0
74.0
74.0
74.0
64.0
64.0
64.0
74.0
74.0
75.0
74.0
74.0
74.0
65.0
74.0
64.0
65.0
75.0
75.0
75.0
65.0
74.0
74.0
75.0
65.0
75.0
65.0
74.0
64.0
74.0
74.0
64.0
75.0
74.0
74.0
64.0
74.0
74.0
64.0
65.0
74.0
76.0
64.0
74.0
74.0
74.0
74.0
75.0
65.0
64.0
65.0
74.0
74.0
74.0
74.0
74.0
74.0
65.0
0.0
1.0
1.0
0.0
0.0
1.0
1.0
0.0
0.0
1.0
1.0
0.0
0.0
0.0
1.0
1.0
0.0
0.0
1.0
1.0
74.0
64.0
64.0
74.0
74.0
74.0
74.0
75.0
75.0
65.0
64.0
64.0
75.0
74.0
75.0
74.0
74.0
74.0
74.0
64.0
65.0
64.0
74.0
74.0
74.0
74.0
74.0
74.0
64.0
74.0
64.0
64.0
75.0
75.0
74.0
65.0
75.0
74.0
75.0
65.0
75.0
65.0
74.0
64.0
74.0
64.0
74.0
64.0
75.0
74.0
74.0
74.0
75.0
64.0
65.0
65.0
74.0
74.0
74.0
74.0
74.0
74.0
82.0
89.0
83.0
82.0
89.0
90.0
89.0
90.0
90.0
90.0
66.0
64.0
75.0
65.0
74.0
76.0
74.0
74.0
74.0
74.0
67.0
65.0
64.0
74.0
75.0
74.0
75.0
74.0
74.0
75.0
64.0
64.0
65.0
74.0
74.0
74.0
74.0
74.0
74.0
65.0
74.0
65.0
64.0
74.0
74.0
74.0
64.0
74.0
75.0
74.0
64.0
65.0
74.0
74.0
65.0
75.0
65.0
75.0
64.0
75.0
74.0
75.0
74.0
75.0
64.0
64.0
65.0
74.0
74.0
74.0
74.0
74.0
75.0
65.0
74.0
64.0
64.0
74.0
74.0
74.0
74.0
74.0
74.0
65.0
65.0
65.0
74.0
75.0
75.0
74.0
74.0
74.0
74.0
65.0
65.0
65.0
74.0
74.0
74.0
75.0
74.0
74.0
74.0
65.0
65.0
64.0
74.0
75.0
74.0
74.0
74.0
74.0
64.0
74.0
64.0
65.0
74.0
74.0
0.0
1.0
0.0
1.0
1.0
0.0
0.0
1.0
1.0
0.0
0.0
0.0
1.0
1.0
0.0
0.0
1.0
1.0
1.0
0.0
74.0
74.0
64.0
74.0
65.0
74.0
64.0
75.0
75.0
65.0
64.0
74.0
65.0
74.0
75.0
75.0
75.0
74.0
74.0
65.0
65.0
65.0
88.0
89.0
88.0
88.0
89.0
89.0
88.0
86.0
85.0
85.0
73.0
73.0
72.0
72.0
67.0
72.0
67.0
66.0
72.0
67.0
73.0
66.0
72.0
72.0
73.0
72.0
67.0
67.0
66.0
72.0
67.0
72.0
72.0
73.0
72.0
73.0
68.0
67.0
67.0
72.0
66.0
74.0
74.0
73.0
74.0
74.0
65.0
74.0
65.0
74.0
65.0
74.0
75.0
74.0
74.0
74.0
65.0
65.0
74.0
66.0
74.0
74.0
74.0
74.0
74.0
74.0
65.0
65.0
75.0
65.0
74.0
74.0
66.0
73.0
74.0
73.0
66.0
73.0
66.0
68.0
73.0
67.0
72.0
67.0
73.0
72.0
73.0
72.0
66.0
67.0
72.0
66.0
66.0
73.0
72.0
73.0
72.0
73.0
67.0
67.0
73.0
66.0
67.0
72.0
73.0
72.0
73.0
67.0
72.0
68.0
72.0
67.0
66.0
73.0
67.0
72.0
73.0
72.0
72.0
67.0
68.0
69.0
70.0
69.0
69.0
70.0
70.0
70.0
69.0
70.0
69.0
69.0
70.0
125.0
123.0
124.0
124.0
124.0
124.0
124.0
124.0
123.0
126.0
70.0
70.0
70.0
70.0
70.0
71.0
69.0
69.0
70.0
70.0
69.0
69.0
70.0
69.0
70.0
0.0
1.0
0.0
1.0
0.0
1.0
0.0
1.0
0.0
1.0
0.0
0.0
0.0
0.0
1.0
1.0
0.0
0.0
1.0
1.0
70.0
70.0
69.0
69.0
70.0
70.0
69.0
70.0
70.0
70.0
70.0
70.0
69.0
70.0
70.0
70.0
69.0
70.0
70.0
70.0
71.0
71.0
69.0
69.0
71.0
69.0
70.0
69.0
70.0
70.0
70.0
70.0
69.0
70.0
70.0
69.0
70.0
70.0
70.0
71.0
70.0
71.0
69.0
70.0
70.0
70.0
70.0
69.0
70.0
70.0
70.0
70.0
69.0
69.0
69.0
69.0
69.0
69.0
70.0
70.0
70.0
69.0
68.0
69.0
69.0
69.0
69.0
70.0
70.0
70.0
70.0
69.0
69.0
69.0
69.0
69.0
69.0
68.0
70.0
70.0
70.0
70.0
69.0
70.0
70.0
69.0
69.0
68.0
70.0
70.0
70.0
70.0
69.0
69.0
70.0
69.0
69.0
70.0
70.0
70.0
70.0
69.0
69.0
69.0
70.0
69.0
69.0
69.0
70.0
70.0
70.0
69.0
69.0
69.0
70.0
69.0
69.0
69.0
70.0
84.0
85.0
85.0
86.0
85.0
85.0
86.0
86.0
85.0
86.0
71.0
71.0
71.0
69.0
69.0
70.0
69.0
69.0
70.0
69.0
70.0
69.0
70.0
69.0
69.0
69.0
69.0
69.0
68.0
69.0
70.0
70.0
70.0
69.0
69.0
69.0
69.0
69.0
69.0
70.0
70.0
70.0
70.0
69.0
70.0
70.0
69.0
69.0
69.0
70.0
70.0
70.0
69.0
69.0
69.0
70.0
69.0
69.0
69.0
70.0
70.0
0.0
1.0
1.0
0.0
0.0
1.0
1.0
0.0
0.0
1.0
1.0
0.0
0.0
0.0
1.0
0.0
0.0
0.0
0.0
1.0
70.0
70.0
69.0
69.0
70.0
69.0
69.0
69.0
69.0
70.0
73.0
70.0
70.0
69.0
69.0
70.0
69.0
69.0
70.0
70.0
70.0
70.0
69.0
69.0
69.0
70.0
69.0
70.0
70.0
70.0
69.0
69.0
69.0
69.0
69.0
69.0
70.0
69.0
70.0
70.0
70.0
70.0
69.0
69.0
70.0
69.0
70.0
69.0
69.0
70.0
70.0
70.0
69.0
69.0
69.0
69.0
70.0
69.0
70.0
70.0
70.0
70.0
69.0
69.0
69.0
69.0
70.0
70.0
69.0
70.0
70.0
70.0
69.0
69.0
70.0
69.0
70.0
69.0
70.0
69.0
69.0
69.0
69.0
70.0
85.0
85.0
86.0
85.0
86.0
87.0
87.0
86.0
87.0
85.0
69.0
70.0
70.0
68.0
70.0
70.0
70.0
69.0
69.0
69.0
69.0
69.0
70.0
69.0
70.0
70.0
70.0
69.0
70.0
69.0
70.0
69.0
69.0
69.0
70.0
70.0
69.0
69.0
70.0
69.0
69.0
69.0
69.0
69.0
70.0
69.0
69.0
70.0
69.0
70.0
69.0
69.0
70.0
70.0
70.0
70.0
69.0
70.0
69.0
70.0
70.0
70.0
70.0
69.0
70.0
71.0
70.0
71.0
69.0
71.0
69.0
70.0
70.0
72.0
70.0
70.0
69.0
69.0
70.0
70.0
69.0
69.0
69.0
69.0
70.0
70.0
69.0
69.0
70.0
70.0
70.0
69.0
69.0
70.0
70.0
70.0
0.0
1.0
0.0
1.0
0.0
1.0
0.0
0.0
0.0
1.0
0.0
0.0
0.0
0.0
1.0
1.0
0.0
0.0
0.0
1.0
70.0
70.0
69.0
70.0
69.0
69.0
69.0
70.0
69.0
70.0
69.0
69.0
70.0
70.0
69.0
69.0
69.0
70.0
70.0
70.0
69.0
69.0
71.0
70.0
69.0
69.0
69.0
70.0
70.0
70.0
71.0
69.0
70.0
69.0
69.0
69.0
69.0
70.0
70.0
70.0
69.0
69.0
69.0
70.0
70.0
69.0
69.0
85.0
85.0
86.0
86.0
85.0
87.0
86.0
85.0
86.0
85.0
71.0
69.0
70.0
70.0
69.0
69.0
70.0
69.0
70.0
69.0
70.0
70.0
70.0
68.0
69.0
71.0
70.0
70.0
69.0
69.0
70.0
70.0
70.0
69.0
69.0
69.0
70.0
69.0
69.0
70.0
70.0
70.0
70.0
69.0
69.0
70.0
70.0
69.0
68.0
69.0
70.0
70.0
71.0
69.0
68.0
70.0
69.0
69.0
69.0
68.0
70.0
70.0
70.0
70.0
69.0
70.0
70.0
69.0
69.0
69.0
70.0
70.0
70.0
69.0
69.0
70.0
70.0
69.0
69.0
70.0
70.0
70.0
70.0
69.0
69.0
69.0
70.0
69.0
69.0
69.0
70.0
69.0
69.0
69.0
69.0
70.0
70.0
69.0
69.0
69.0
70.0
70.0
70.0
70.0
70.0
69.0
70.0
70.0
70.0
69.0
70.0
67.0
68.0
71.0
71.0
72.0
71.0
67.0
67.0
72.0
71.0
68.0
67.0
127.0
126.0
127.0
127.0
123.0
124.0
127.0
127.0
122.0
123.0
0.0
1.0
0.0
1.0
1.0
0.0
0.0
1.0
1.0
0.0
0.0
0.0
1.0
1.0
0.0
0.0
0.0
1.0
0.0
0.0
72.0
73.0
72.0
72.0
68.0
68.0
72.0
73.0
68.0
67.0
73.0
72.0
67.0
67.0
73.0
72.0
72.0
72.0
68.0
67.0
68.0
68.0
72.0
73.0
72.0
72.0
72.0
72.0
68.0
67.0
68.0
68.0
72.0
72.0
71.0
71.0
70.0
69.0
69.0
71.0
69.0
69.0
70.0
70.0
70.0
71.0
70.0
69.0
70.0
70.0
69.0
70.0
71.0
70.0
71.0
70.0
70.0
69.0
69.0
70.0
69.0
70.0
70.0
70.0
70.0
71.0
70.0
69.0
69.0
70.0
69.0
69.0
70.0
69.0
69.0
69.0
69.0
68.0
69.0
69.0
69.0
69.0
70.0
71.0
70.0
70.0
70.0
69.0
68.0
71.0
68.0
68.0
72.0
71.0
72.0
72.0
72.0
67.0
68.0
71.0
67.0
68.0
72.0
71.0
72.0
72.0
71.0
68.0
67.0
72.0
68.0
67.0
71.0
71.0
71.0
72.0
71.0
68.0
68.0
71.0
68.0
69.0
70.0
70.0
70.0
69.0
69.0
69.0
70.0
70.0
69.0
69.0
85.0
85.0
84.0
85.0
86.0
86.0
85.0
86.0
85.0
86.0
72.0
71.0
72.0
71.0
69.0
70.0
70.0
70.0
70.0
69.0
70.0
70.0
70.0
70.0
69.0
69.0
69.0
71.0
68.0
69.0
70.0
70.0
69.0
70.0
69.0
68.0
69.0
69.0
69.0
69.0
70.0
70.0
70.0
70.0
70.0
70.0
69.0
69.0
0.0
1.0
1.0
0.0
0.0
0.0
1.0
1.0
0.0
0.0
1.0
1.0
0.0
0.0
1.0
1.0
0.0
0.0
1.0
1.0
69.0
69.0
70.0
70.0
70.0
70.0
69.0
69.0
69.0
69.0
69.0
70.0
70.0
70.0
70.0
69.0
69.0
69.0
70.0
69.0
69.0
70.0
69.0
70.0
70.0
69.0
69.0
69.0
69.0
70.0
69.0
70.0
69.0
70.0
69.0
70.0
69.0
69.0
69.0
69.0
69.0
70.0
70.0
70.0
70.0
70.0
69.0
69.0
69.0
69.0
69.0
70.0
70.0
70.0
70.0
70.0
69.0
69.0
69.0
69.0
69.0
70.0
69.0
70.0
70.0
70.0
69.0
69.0
69.0
69.0
69.0
70.0
70.0
70.0
70.0
70.0
69.0
70.0
69.0
70.0
69.0
70.0
70.0
70.0
70.0
70.0
70.0
70.0
70.0
70.0
70.0
70.0
71.0
70.0
70.0
70.0
69.0
69.0
69.0
85.0
85.0
86.0
86.0
86.0
86.0
86.0
85.0
86.0
86.0
70.0
69.0
70.0
70.0
70.0
70.0
70.0
69.0
69.0
69.0
71.0
72.0
72.0
75.0
77.0
77.0
79.0
79.0
76.0
76.0
75.0
76.0
79.0
76.0
72.0
72.0
73.0
74.0
72.0
73.0
73.0
73.0
73.0
72.0
72.0
72.0
71.0
74.0
73.0
74.0
74.0
74.0
72.0
72.0
71.0
71.0
72.0
73.0
73.0
73.0
73.0
73.0
72.0
71.0
71.0
72.0
70.0
71.0
72.0
72.0
71.0
70.0
70.0
69.0
69.0
69.0
68.0
68.0
68.0
68.0
65.0
