2.0
2.0
1.0
1.0
2.0
1.0
2.0
1.0
2.0
1.0
2.0
1.0
2.0
1.0
2.0
2.0
1.0
2.0
1.0
1.0
2.0
2.0
2.0
2.0
2.0
2.0
2.0
1.0
2.0
1.0
1.0
1.0
1.0
1.0
1.0
1.0
1.0
2.0
1.0
2.0
2.0
2.0
2.0
2.0
2.0
2.0
1.0
1.0
2.0
1.0
2.0
1.0
1.0
1.0
1.0
2.0
2.0
2.0
1.0
2.0
962.0
963.0
960.0
957.0
957.0
960.0
956.0
956.0
955.0
1005.0
962.0
959.0
962.0
961.0
969.0
959.0
962.0
961.0
981.0
997.0
1013.0
1015.0
1010.0
1015.0
1022.0
1025.0
1013.0
1015.0
1013.0
1014.0
957.0
957.0
955.0
958.0
958.0
952.0
955.0
958.0
957.0
953.0
961.0
959.0
961.0
965.0
961.0
959.0
961.0
966.0
963.0
952.0
982.0
983.0
985.0
977.0
981.0
983.0
986.0
987.0
988.0
984.0
958.0
958.0
958.0
960.0
959.0
953.0
956.0
961.0
961.0
958.0
944.0
935.0
932.0
933.0
925.0
925.0
933.0
952.0
957.0
962.0
965.0
966.0
965.0
962.0
956.0
960.0
964.0
939.0
936.0
980.0
983.0
990.0
990.0
985.0
992.0
980.0
986.0
988.0
989.0
946.0
962.0
955.0
962.0
961.0
960.0
959.0
961.0
956.0
965.0
963.0
967.0
960.0
964.0
962.0
956.0
957.0
962.0
959.0
963.0
958.0
999.0
996.0
999.0
997.0
988.0
993.0
992.0
998.0
1001.0
1002.0
956.0
961.0
964.0
963.0
958.0
958.0
964.0
964.0
962.0
956.0
960.0
959.0
962.0
956.0
961.0
959.0
961.0
957.0
955.0
948.0
2.0
2.0
1.0
1.0
2.0
1.0
1.0
1.0
1.0
2.0
2.0
2.0
2.0
1.0
1.0
1.0
1.0
1.0
2.0
1.0
1.0
1.0
1.0
1.0
1.0
1.0
1.0
1.0
1.0
1.0
2.0
2.0
2.0
2.0
2.0
2.0
2.0
1.0
1.0
1.0
1.0
1.0
1.0
1.0
1.0
1.0
1.0
1.0
2.0
1.0
960.0
961.0
956.0
961.0
963.0
957.0
958.0
957.0
959.0
960.0
965.0
957.0
963.0
961.0
962.0
959.0
961.0
956.0
963.0
961.0
1017.0
1018.0
1017.0
1012.0
1014.0
1023.0
1025.0
1018.0
1021.0
1014.0
959.0
957.0
959.0
969.0
963.0
961.0
963.0
965.0
964.0
962.0
957.0
960.0
961.0
962.0
961.0
963.0
956.0
961.0
962.0
960.0
985.0
982.0
978.0
977.0
989.0
983.0
988.0
990.0
981.0
988.0
963.0
956.0
960.0
954.0
962.0
957.0
956.0
955.0
961.0
964.0
964.0
963.0
961.0
977.0
964.0
964.0
967.0
964.0
966.0
966.0
981.0
979.0
982.0
981.0
987.0
987.0
979.0
983.0
986.0
987.0
953.0
955.0
956.0
963.0
960.0
964.0
960.0
962.0
959.0
972.0
964.0
961.0
963.0
966.0
969.0
973.0
965.0
963.0
967.0
968.0
999.0
994.0
1000.0
997.0
1000.0
993.0
999.0
996.0
998.0
1003.0
962.0
964.0
960.0
961.0
962.0
966.0
975.0
964.0
968.0
968.0
958.0
955.0
953.0
962.0
958.0
965.0
964.0
958.0
963.0
966.0
983.0
976.0
981.0
980.0
981.0
983.0
982.0
986.0
981.0
986.0
1.0
2.0
1.0
1.0
1.0
2.0
1.0
1.0
1.0
1.0
2.0
1.0
1.0
2.0
1.0
2.0
1.0
1.0
1.0
1.0
2.0
1.0
2.0
1.0
2.0
1.0
1.0
1.0
1.0
2.0
1.0
2.0
1.0
1.0
1.0
1.0
1.0
1.0
2.0
1.0
2.0
1.0
2.0
1.0
1.0
1.0
1.0
2.0
1.0
1.0
953.0
957.0
954.0
955.0
954.0
956.0
958.0
958.0
954.0
964.0
963.0
960.0
961.0
959.0
961.0
958.0
964.0
962.0
972.0
958.0
1001.0
996.0
998.0
996.0
994.0
998.0
999.0
1005.0
1002.0
1001.0
962.0
960.0
958.0
958.0
962.0
964.0
954.0
958.0
960.0
957.0
962.0
959.0
960.0
955.0
960.0
963.0
960.0
958.0
959.0
963.0
991.0
985.0
985.0
983.0
987.0
988.0
986.0
988.0
985.0
988.0
956.0
954.0
959.0
961.0
959.0
950.0
959.0
959.0
958.0
960.0
964.0
961.0
960.0
957.0
959.0
960.0
962.0
965.0
958.0
961.0
986.0
988.0
986.0
986.0
984.0
984.0
985.0
986.0
986.0
987.0
956.0
959.0
961.0
959.0
946.0
956.0
953.0
960.0
964.0
962.0
936.0
933.0
942.0
933.0
923.0
930.0
929.0
954.0
950.0
962.0
954.0
963.0
961.0
960.0
961.0
955.0
964.0
943.0
935.0
984.0
980.0
984.0
984.0
986.0
975.0
973.0
982.0
982.0
984.0
931.0
957.0
959.0
956.0
957.0
955.0
958.0
963.0
960.0
961.0
960.0
961.0
957.0
960.0
959.0
962.0
957.0
961.0
963.0
960.0
963.0
1.0
2.0
1.0
1.0
2.0
1.0
1.0
2.0
1.0
1.0
1.0
1.0
2.0
2.0
1.0
1.0
1.0
1.0
2.0
1.0
2.0
1.0
1.0
2.0
2.0
1.0
1.0
1.0
1.0
1.0
1.0
1.0
1.0
2.0
2.0
1.0
2.0
2.0
2.0
1.0
1.0
1.0
1.0
1.0
1.0
1.0
2.0
1.0
1.0
1.0
973.0
983.0
982.0
983.0
980.0
985.0
982.0
979.0
982.0
976.0
952.0
954.0
962.0
961.0
959.0
962.0
958.0
959.0
960.0
959.0
957.0
960.0
964.0
961.0
961.0
961.0
963.0
964.0
962.0
962.0
1000.0
994.0
997.0
1000.0
996.0
995.0
1000.0
1000.0
1002.0
1002.0
955.0
957.0
962.0
959.0
960.0
957.0
963.0
956.0
962.0
961.0
957.0
955.0
957.0
961.0
958.0
959.0
965.0
957.0
961.0
965.0
983.0
982.0
985.0
979.0
985.0
986.0
985.0
986.0
988.0
991.0
961.0
958.0
955.0
959.0
958.0
961.0
958.0
958.0
960.0
962.0
960.0
964.0
962.0
966.0
966.0
965.0
967.0
964.0
965.0
962.0
979.0
983.0
981.0
985.0
989.0
985.0
987.0
987.0
983.0
986.0
958.0
955.0
957.0
956.0
958.0
961.0
958.0
958.0
961.0
958.0
963.0
959.0
960.0
958.0
961.0
961.0
963.0
959.0
960.0
955.0
983.0
985.0
986.0
982.0
985.0
988.0
983.0
986.0
984.0
984.0
960.0
958.0
958.0
960.0
958.0
956.0
962.0
955.0
958.0
964.0
960.0
956.0
959.0
961.0
963.0
960.0
962.0
958.0
962.0
961.0
1.0
1.0
2.0
2.0
1.0
1.0
2.0
1.0
1.0
2.0
2.0
1.0
1.0
1.0
2.0
2.0
1.0
1.0
1.0
1.0
2.0
2.0
1.0
1.0
2.0
2.0
1.0
1.0
2.0
1.0
2.0
1.0
2.0
1.0
1.0
1.0
1.0
2.0
1.0
2.0
1.0
2.0
1.0
2.0
1.0
1.0
1.0
1.0
2.0
1.0
983.0
982.0
985.0
983.0
989.0
985.0
986.0
985.0
987.0
988.0
957.0
945.0
955.0
957.0
959.0
960.0
959.0
957.0
955.0
956.0
958.0
962.0
958.0
960.0
962.0
961.0
967.0
961.0
961.0
965.0
999.0
998.0
1003.0
1001.0
1002.0
1005.0
1000.0
1001.0
1001.0
1007.0
950.0
951.0
954.0
958.0
953.0
960.0
956.0
956.0
956.0
959.0
933.0
966.0
957.0
959.0
963.0
958.0
959.0
958.0
961.0
959.0
954.0
932.0
932.0
933.0
932.0
982.0
988.0
984.0
987.0
983.0
979.0
976.0
980.0
976.0
979.0
936.0
933.0
933.0
931.0
955.0
963.0
953.0
959.0
959.0
956.0
958.0
959.0
955.0
954.0
935.0
961.0
960.0
959.0
960.0
961.0
960.0
963.0
964.0
960.0
1012.0
979.0
979.0
978.0
973.0
983.0
979.0
983.0
979.0
974.0
927.0
958.0
951.0
958.0
952.0
954.0
956.0
964.0
960.0
955.0
964.0
955.0
957.0
958.0
959.0
970.0
957.0
959.0
956.0
957.0
961.0
983.0
980.0
982.0
981.0
986.0
983.0
982.0
982.0
984.0
976.0
958.0
958.0
952.0
958.0
956.0
960.0
958.0
959.0
961.0
958.0
1.0
1.0
1.0
1.0
2.0
1.0
1.0
1.0
1.0
1.0
2.0
2.0
1.0
1.0
1.0
1.0
1.0
1.0
2.0
2.0
2.0
1.0
1.0
1.0
1.0
1.0
1.0
2.0
2.0
2.0
1.0
1.0
1.0
1.0
1.0
1.0
1.0
2.0
2.0
2.0
1.0
1.0
1.0
1.0
1.0
1.0
1.0
1.0
2.0
2.0
959.0
962.0
962.0
961.0
961.0
964.0
961.0
963.0
959.0
961.0
984.0
982.0
982.0
980.0
990.0
983.0
980.0
982.0
980.0
979.0
956.0
955.0
954.0
957.0
963.0
960.0
962.0
965.0
962.0
964.0
966.0
957.0
963.0
961.0
967.0
962.0
966.0
964.0
965.0
963.0
1002.0
1007.0
1005.0
1005.0
1003.0
1003.0
1002.0
997.0
1012.0
1002.0
960.0
958.0
961.0
964.0
966.0
964.0
964.0
961.0
966.0
964.0
964.0
963.0
962.0
964.0
967.0
971.0
968.0
969.0
967.0
967.0
986.0
985.0
984.0
985.0
983.0
987.0
985.0
986.0
990.0
986.0
960.0
956.0
957.0
956.0
960.0
959.0
960.0
962.0
961.0
964.0
968.0
962.0
964.0
969.0
965.0
968.0
967.0
977.0
970.0
969.0
981.0
980.0
986.0
982.0
985.0
982.0
981.0
983.0
982.0
987.0
959.0
962.0
959.0
959.0
960.0
959.0
953.0
963.0
964.0
967.0
959.0
958.0
961.0
957.0
961.0
959.0
956.0
959.0
962.0
963.0
989.0
980.0
980.0
981.0
985.0
981.0
982.0
985.0
982.0
982.0
951.0
951.0
954.0
956.0
958.0
960.0
954.0
957.0
953.0
956.0
1.0
2.0
1.0
2.0
1.0
1.0
2.0
1.0
1.0
1.0
2.0
2.0
2.0
1.0
1.0
1.0
1.0
1.0
1.0
2.0
2.0
2.0
1.0
1.0
1.0
1.0
2.0
1.0
1.0
1.0
2.0
2.0
1.0
1.0
1.0
1.0
1.0
2.0
1.0
1.0
2.0
1.0
2.0
2.0
1.0
1.0
1.0
1.0
1.0
2.0
958.0
958.0
957.0
958.0
962.0
959.0
961.0
960.0
962.0
962.0
982.0
980.0
982.0
981.0
981.0
981.0
984.0
980.0
986.0
980.0
931.0
932.0
928.0
920.0
959.0
965.0
959.0
958.0
956.0
959.0
957.0
950.0
955.0
952.0
933.0
929.0
922.0
959.0
954.0
958.0
988.0
994.0
987.0
988.0
991.0
989.0
996.0
1019.0
1013.0
1013.0
986.0
982.0
981.0
990.0
986.0
979.0
986.0
931.0
930.0
933.0
960.0
955.0
958.0
956.0
957.0
958.0
961.0
963.0
958.0
955.0
958.0
957.0
958.0
954.0
960.0
957.0
960.0
963.0
956.0
955.0
984.0
979.0
984.0
983.0
977.0
978.0
983.0
986.0
985.0
980.0
956.0
957.0
959.0
955.0
961.0
958.0
962.0
969.0
961.0
964.0
962.0
961.0
955.0
959.0
958.0
962.0
962.0
963.0
963.0
963.0
976.0
985.0
984.0
980.0
983.0
983.0
980.0
984.0
983.0
985.0
955.0
961.0
961.0
956.0
962.0
961.0
960.0
958.0
965.0
963.0
962.0
960.0
957.0
954.0
959.0
960.0
965.0
959.0
961.0
963.0
978.0
978.0
976.0
985.0
978.0
985.0
986.0
982.0
978.0
985.0
2.0
1.0
2.0
1.0
1.0
2.0
2.0
1.0
1.0
1.0
2.0
1.0
1.0
1.0
2.0
2.0
2.0
1.0
1.0
1.0
1.0
1.0
1.0
2.0
2.0
1.0
1.0
1.0
1.0
1.0
1.0
1.0
1.0
1.0
2.0
2.0
1.0
1.0
1.0
1.0
1.0
2.0
1.0
1.0
2.0
1.0
2.0
2.0
1.0
1.0
970.0
976.0
968.0
970.0
970.0
965.0
970.0
966.0
965.0
543.0
972.0
970.0
968.0
971.0
970.0
968.0
970.0
968.0
971.0
538.0
991.0
989.0
984.0
988.0
984.0
991.0
987.0
984.0
990.0
564.0
960.0
956.0
976.0
974.0
959.0
963.0
959.0
963.0
957.0
540.0
935.0
935.0
934.0
961.0
961.0
979.0
956.0
960.0
965.0
511.0
984.0
981.0
987.0
983.0
1012.0
1010.0
1002.0
1003.0
1004.0
534.0
981.0
980.0
987.0
975.0
987.0
933.0
955.0
959.0
958.0
510.0
960.0
962.0
961.0
956.0
956.0
958.0
962.0
957.0
955.0
510.0
958.0
958.0
961.0
961.0
958.0
963.0
961.0
951.0
980.0
511.0
977.0
976.0
978.0
984.0
984.0
982.0
981.0
982.0
979.0
506.0
954.0
956.0
958.0
954.0
955.0
965.0
963.0
959.0
953.0
537.0
964.0
954.0
958.0
961.0
960.0
955.0
958.0
960.0
961.0
538.0
980.0
986.0
979.0
980.0
979.0
979.0
982.0
983.0
981.0
557.0
959.0
957.0
962.0
957.0
954.0
954.0
956.0
956.0
954.0
537.0
954.0
958.0
958.0
963.0
961.0
957.0
956.0
955.0
953.0
536.0
2.0
1.0
1.0
2.0
1.0
1.0
1.0
2.0
1.0
1.0
2.0
1.0
2.0
1.0
1.0
1.0
2.0
1.0
1.0
2.0
1.0
2.0
1.0
1.0
1.0
2.0
2.0
1.0
1.0
1.0
2.0
1.0
1.0
2.0
1.0
1.0
2.0
1.0
1.0
1.0
2.0
1.0
1.0
1.0
1.0
2.0
1.0
1.0
1.0
1.0
515.0
511.0
512.0
510.0
514.0
511.0
511.0
504.0
511.0
511.0
560.0
562.0
559.0
562.0
564.0
559.0
558.0
556.0
557.0
558.0
510.0
513.0
509.0
509.0
511.0
512.0
505.0
511.0
512.0
532.0
538.0
553.0
536.0
537.0
538.0
536.0
533.0
536.0
537.0
511.0
512.0
510.0
513.0
512.0
515.0
513.0
512.0
512.0
509.0
539.0
537.0
539.0
539.0
538.0
539.0
540.0
532.0
536.0
538.0
506.0
514.0
510.0
511.0
511.0
510.0
509.0
511.0
507.0
533.0
537.0
590.0
589.0
591.0
590.0
587.0
587.0
587.0
591.0
566.0
558.0
512.0
509.0
508.0
509.0
510.0
509.0
508.0
512.0
511.0
512.0
540.0
538.0
538.0
538.0
537.0
536.0
538.0
537.0
536.0
536.0
514.0
510.0
511.0
513.0
514.0
513.0
513.0
515.0
510.0
512.0
550.0
548.0
549.0
552.0
558.0
562.0
564.0
569.0
573.0
572.0
528.0
528.0
526.0
525.0
518.0
513.0
510.0
513.0
512.0
538.0
539.0
538.0
538.0
538.0
589.0
587.0
586.0
591.0
589.0
560.0
561.0
561.0
557.0
565.0
512.0
505.0
511.0
512.0
515.0
513.0
2.0
1.0
1.0
1.0
1.0
2.0
1.0
2.0
1.0
1.0
1.0
1.0
2.0
1.0
2.0
1.0
1.0
1.0
1.0
1.0
2.0
2.0
1.0
1.0
1.0
2.0
1.0
1.0
1.0
1.0
2.0
1.0
2.0
1.0
2.0
1.0
1.0
1.0
1.0
2.0
2.0
2.0
1.0
1.0
1.0
1.0
1.0
1.0
1.0
1.0
539.0
539.0
539.0
541.0
538.0
539.0
536.0
538.0
536.0
537.0
509.0
509.0
506.0
522.0
509.0
509.0
510.0
513.0
511.0
511.0
532.0
538.0
536.0
536.0
540.0
537.0
533.0
538.0
537.0
534.0
513.0
506.0
510.0
509.0
511.0
508.0
533.0
512.0
514.0
513.0
538.0
538.0
537.0
537.0
587.0
588.0
589.0
592.0
589.0
589.0
562.0
557.0
560.0
564.0
515.0
507.0
512.0
511.0
513.0
511.0
509.0
507.0
509.0
511.0
537.0
534.0
537.0
539.0
538.0
538.0
539.0
539.0
537.0
540.0
511.0
510.0
512.0
512.0
508.0
512.0
514.0
511.0
511.0
535.0
540.0
537.0
539.0
541.0
538.0
540.0
540.0
539.0
539.0
516.0
512.0
512.0
515.0
514.0
513.0
514.0
539.0
539.0
537.0
544.0
544.0
594.0
595.0
596.0
593.0
595.0
567.0
571.0
568.0
572.0
571.0
516.0
515.0
517.0
515.0
516.0
515.0
514.0
513.0
515.0
541.0
541.0
540.0
543.0
542.0
540.0
539.0
537.0
542.0
546.0
517.0
511.0
512.0
514.0
512.0
510.0
509.0
512.0
513.0
512.0
538.0
535.0
536.0
536.0
537.0
538.0
2.0
1.0
1.0
2.0
1.0
1.0
1.0
1.0
1.0
2.0
2.0
1.0
1.0
1.0
1.0
2.0
2.0
2.0
1.0
1.0
1.0
1.0
1.0
1.0
1.0
1.0
2.0
1.0
1.0
1.0
1.0
1.0
1.0
1.0
2.0
2.0
2.0
1.0
1.0
1.0
1.0
1.0
1.0
2.0
2.0
2.0
1.0
1.0
1.0
1.0
539.0
534.0
537.0
537.0
511.0
509.0
512.0
512.0
514.0
511.0
513.0
512.0
511.0
512.0
533.0
588.0
587.0
591.0
589.0
587.0
588.0
588.0
587.0
591.0
565.0
509.0
507.0
505.0
516.0
508.0
513.0
510.0
509.0
510.0
515.0
534.0
536.0
540.0
539.0
537.0
537.0
535.0
535.0
537.0
538.0
508.0
509.0
510.0
513.0
510.0
516.0
512.0
515.0
513.0
511.0
538.0
534.0
538.0
543.0
538.0
538.0
538.0
538.0
542.0
541.0
507.0
513.0
514.0
513.0
514.0
514.0
513.0
513.0
512.0
513.0
536.0
534.0
592.0
593.0
592.0
592.0
589.0
593.0
592.0
593.0
565.0
562.0
510.0
512.0
508.0
532.0
532.0
530.0
531.0
533.0
527.0
551.0
559.0
560.0
565.0
539.0
540.0
541.0
542.0
540.0
535.0
514.0
511.0
511.0
511.0
513.0
512.0
511.0
510.0
512.0
513.0
536.0
540.0
539.0
536.0
538.0
538.0
538.0
541.0
539.0
534.0
506.0
509.0
513.0
510.0
512.0
510.0
511.0
513.0
510.0
506.0
537.0
538.0
538.0
538.0
591.0
587.0
588.0
585.0
578.0
564.0
527.0
521.0
516.0
514.0
