1.0
1.0
1.0
1.0
1.0
1.0
1.0
1.0
0.0
1.0
1.0
1.0
1.0
1.0
1.0
1.0
1.0
1.0
1.0
1.0
1.0
1.0
2.0
1.0
2.0
1.0
2.0
1.0
1.0
1.0
1.0
1.0
1.0
1.0
2.0
1.0
1.0
1.0
1.0
1.0
1.0
1.0
1.0
1.0
0.0
1.0
1.0
2.0
1.0
1.0
378.0
378.0
380.0
218.0
216.0
216.0
218.0
217.0
218.0
378.0
195.0
196.0
170.0
195.0
196.0
195.0
346.0
346.0
213.0
216.0
159.0
196.0
195.0
195.0
195.0
194.0
160.0
194.0
172.0
195.0
197.0
196.0
195.0
196.0
159.0
196.0
200.0
160.0
195.0
195.0
194.0
194.0
196.0
195.0
169.0
196.0
170.0
169.0
238.0
237.0
237.0
237.0
236.0
237.0
214.0
214.0
214.0
196.0
195.0
195.0
195.0
195.0
194.0
194.0
168.0
169.0
170.0
194.0
194.0
171.0
195.0
195.0
195.0
194.0
195.0
169.0
169.0
195.0
169.0
195.0
195.0
195.0
195.0
195.0
196.0
169.0
170.0
195.0
169.0
195.0
169.0
194.0
168.0
195.0
195.0
195.0
194.0
169.0
205.0
169.0
170.0
219.0
219.0
218.0
220.0
219.0
219.0
197.0
219.0
197.0
196.0
195.0
194.0
195.0
195.0
198.0
195.0
169.0
169.0
169.0
194.0
194.0
194.0
195.0
194.0
195.0
198.0
169.0
169.0
170.0
194.0
195.0
195.0
194.0
194.0
195.0
273.0
169.0
254.0
249.0
273.0
250.0
276.0
276.0
278.0
275.0
275.0
198.0
169.0
170.0
196.0
171.0
195.0
195.0
194.0
194.0
193.0
192.0
166.0
168.0
1.0
1.0
1.0
0.0
1.0
0.0
1.0
1.0
1.0
1.0
1.0
1.0
1.0
1.0
1.0
0.0
1.0
0.0
1.0
1.0
1.0
1.0
1.0
1.0
1.0
1.0
1.0
2.0
1.0
1.0
1.0
1.0
1.0
1.0
1.0
1.0
1.0
1.0
1.0
2.0
2.0
1.0
1.0
1.0
1.0
1.0
1.0
2.0
1.0
0.0
1.0
0.0
0.0
1.0
1.0
1.0
1.0
1.0
1.0
0.0
0.0
1.0
1.0
1.0
1.0
1.0
1.0
1.0
1.0
2.0
1.0
1.0
1.0
1.0
1.0
1.0
2.0
2.0
2.0
2.0
1.0
1.0
1.0
1.0
1.0
2.0
0.0
1.0
1.0
1.0
1.0
1.0
1.0
1.0
1.0
1.0
0.0
0.0
0.0
1.0
1.0
1.0
1.0
1.0
1.0
1.0
1.0
2.0
1.0
1.0
1.0
1.0
1.0
2.0
1.0
2.0
2.0
1.0
1.0
1.0
1.0
1.0
1.0
1.0
1.0
0.0
1.0
1.0
1.0
1.0
1.0
1.0
1.0
1.0
0.0
0.0
0.0
1.0
1.0
1.0
1.0
1.0
1.0
1.0
1.0
1.0
0.0
1.0
1.0
1.0
2.0
1.0
1.0
2.0
2.0
1.0
1.0
1.0
1.0
1.0
1.0
2.0
1.0
0.0
1.0
1.0
1.0
1.0
1.0
1.0
2.0
1.0
0.0
0.0
0.0
1.0
1.0
1.0
1.0
1.0
1.0
1.0
1.0
1.0
1.0
1.0
1.0
1.0
1.0
1.0
1.0
2.0
2.0
1.0
1.0
1.0
1.0
1.0
1.0
2.0
1.0
0.0
1.0
1.0
1.0
1.0
1.0
1.0
2.0
1.0
0.0
0.0
0.0
1.0
1.0
1.0
1.0
1.0
2.0
1.0
1.0
1.0
1.0
1.0
1.0
1.0
2.0
1.0
1.0
2.0
1.0
1.0
1.0
1.0
1.0
1.0
1.0
2.0
1.0
0.0
1.0
1.0
1.0
1.0
1.0
1.0
2.0
1.0
0.0
0.0
1.0
1.0
1.0
1.0
1.0
1.0
2.0
1.0
1.0
1.0
0.0
1.0
1.0
1.0
2.0
1.0
1.0
1.0
1.0
1.0
1.0
1.0
1.0
1.0
1.0
2.0
0.0
1.0
0.0
1.0
1.0
1.0
1.0
1.0
2.0
1.0
0.0
0.0
1.0
1.0
1.0
1.0
1.0
1.0
2.0
1.0
1.0
0.0
1.0
1.0
1.0
1.0
1.0
2.0
2.0
1.0
1.0
1.0
1.0
1.0
1.0
1.0
1.0
2.0
0.0
0.0
1.0
1.0
1.0
1.0
1.0
1.0
2.0
1.0
1.0
0.0
1.0
1.0
1.0
1.0
1.0
1.0
1.0
2.0
0.0
0.0
1.0
1.0
1.0
1.0
1.0
2.0
2.0
2.0
1.0
1.0
1.0
1.0
1.0
1.0
1.0
2.0
0.0
0.0
1.0
1.0
1.0
1.0
1.0
1.0
2.0
1.0
1.0
0.0
1.0
1.0
1.0
1.0
1.0
1.0
1.0
2.0
1.0
1.0
1.0
1.0
1.0
1.0
1.0
2.0
1.0
2.0
0.0
1.0
1.0
1.0
1.0
1.0
1.0
2.0
0.0
1.0
0.0
1.0
1.0
1.0
1.0
1.0
2.0
1.0
197.0
199.0
371.0
198.0
326.0
255.0
271.0
199.0
371.0
328.0
213.0
215.0
213.0
213.0
184.0
214.0
195.0
194.0
282.0
283.0
195.0
196.0
195.0
195.0
162.0
196.0
195.0
161.0
160.0
203.0
195.0
195.0
195.0
195.0
184.0
196.0
166.0
195.0
169.0
195.0
195.0
194.0
195.0
170.0
195.0
170.0
196.0
195.0
172.0
195.0
195.0
195.0
194.0
170.0
171.0
259.0
262.0
236.0
263.0
237.0
236.0
262.0
264.0
260.0
264.0
198.0
199.0
171.0
198.0
171.0
171.0
195.0
199.0
200.0
195.0
197.0
170.0
195.0
196.0
171.0
170.0
195.0
197.0
195.0
196.0
172.0
198.0
195.0
170.0
196.0
172.0
202.0
195.0
195.0
169.0
195.0
194.0
195.0
169.0
168.0
194.0
169.0
195.0
195.0
195.0
194.0
194.0
170.0
169.0
216.0
215.0
193.0
215.0
214.0
215.0
215.0
193.0
192.0
215.0
195.0
194.0
170.0
194.0
195.0
194.0
194.0
170.0
170.0
194.0
194.0
169.0
195.0
169.0
169.0
195.0
196.0
195.0
195.0
195.0
169.0
195.0
209.0
169.0
169.0
196.0
196.0
195.0
195.0
194.0
170.0
195.0
169.0
195.0
168.0
195.0
195.0
194.0
195.0
168.0
196.0
195.0
171.0
169.0
218.0
194.0
216.0
217.0
216.0
221.0
215.0
195.0
216.0
194.0
194.0
171.0
195.0
194.0
195.0
195.0
195.0
170.0
170.0
195.0
195.0
169.0
194.0
194.0
194.0
195.0
169.0
169.0
195.0
194.0
169.0
195.0
194.0
195.0
195.0
169.0
195.0
171.0
195.0
194.0
169.0
195.0
169.0
168.0
194.0
196.0
194.0
195.0
195.0
169.0
195.0
216.0
191.0
193.0
218.0
217.0
217.0
217.0
195.0
217.0
218.0
173.0
194.0
171.0
194.0
194.0
194.0
195.0
171.0
194.0
195.0
169.0
169.0
194.0
169.0
195.0
194.0
195.0
194.0
267.0
241.0
266.0
241.0
268.0
242.0
269.0
268.0
268.0
265.0
199.0
171.0
171.0
194.0
199.0
170.0
194.0
199.0
198.0
204.0
170.0
171.0
197.0
195.0
172.0
196.0
169.0
195.0
196.0
170.0
194.0
195.0
197.0
195.0
172.0
198.0
172.0
171.0
194.0
194.0
198.0
196.0
196.0
171.0
194.0
198.0
170.0
171.0
195.0
195.0
199.0
195.0
169.0
221.0
216.0
194.0
194.0
218.0
218.0
218.0
217.0
217.0
194.0
195.0
194.0
169.0
169.0
195.0
169.0
194.0
194.0
195.0
195.0
194.0
169.0
194.0
169.0
194.0
169.0
194.0
194.0
195.0
194.0
169.0
170.0
195.0
195.0
195.0
170.0
195.0
195.0
194.0
195.0
168.0
169.0
195.0
195.0
169.0
195.0
170.0
195.0
169.0
194.0
194.0
195.0
194.0
195.0
171.0
217.0
193.0
194.0
218.0
217.0
217.0
217.0
218.0
195.0
217.0
169.0
195.0
169.0
194.0
194.0
195.0
195.0
171.0
195.0
194.0
168.0
168.0
194.0
195.0
196.0
194.0
194.0
172.0
195.0
194.0
171.0
169.0
194.0
173.0
195.0
194.0
195.0
195.0
194.0
169.0
170.0
195.0
195.0
170.0
194.0
195.0
195.0
196.0
170.0
169.0
196.0
204.0
225.0
192.0
218.0
216.0
217.0
195.0
217.0
196.0
217.0
217.0
172.0
195.0
169.0
171.0
195.0
195.0
195.0
195.0
194.0
195.0
169.0
194.0
170.0
168.0
194.0
194.0
194.0
267.0
264.0
240.0
264.0
243.0
244.0
265.0
265.0
274.0
270.0
194.0
188.0
194.0
192.0
172.0
171.0
190.0
189.0
304.0
193.0
189.0
303.0
190.0
189.0
170.0
171.0
189.0
193.0
192.0
195.0
193.0
183.0
194.0
188.0
230.0
196.0
221.0
193.0
194.0
193.0
193.0
184.0
183.0
193.0
192.0
183.0
183.0
192.0
193.0
191.0
185.0
193.0
209.0
217.0
216.0
211.0
211.0
216.0
214.0
213.0
214.0
213.0
190.0
188.0
258.0
182.0
272.0
184.0
184.0
183.0
176.0
182.0
176.0
182.0
174.0
182.0
182.0
182.0
313.0
174.0
174.0
183.0
313.0
185.0
174.0
181.0
182.0
184.0
175.0
175.0
182.0
183.0
176.0
257.0
186.0
236.0
188.0
188.0
193.0
175.0
191.0
188.0
179.0
212.0
212.0
211.0
207.0
212.0
211.0
211.0
206.0
209.0
207.0
183.0
183.0
182.0
180.0
182.0
181.0
182.0
185.0
182.0
181.0
182.0
182.0
183.0
181.0
183.0
181.0
181.0
182.0
182.0
181.0
182.0
181.0
181.0
182.0
182.0
180.0
181.0
182.0
183.0
180.0
182.0
192.0
208.0
180.0
181.0
208.0
210.0
203.0
209.0
209.0
185.0
182.0
185.0
186.0
209.0
208.0
207.0
209.0
210.0
210.0
208.0
209.0
209.0
208.0
183.0
181.0
182.0
183.0
183.0
180.0
183.0
181.0
182.0
183.0
182.0
181.0
181.0
182.0
182.0
181.0
182.0
182.0
182.0
182.0
255.0
257.0
259.0
259.0
257.0
258.0
257.0
259.0
257.0
261.0
184.0
184.0
182.0
184.0
182.0
185.0
182.0
183.0
182.0
183.0
183.0
185.0
188.0
186.0
183.0
183.0
182.0
182.0
185.0
185.0
184.0
185.0
180.0
184.0
182.0
186.0
182.0
182.0
184.0
186.0
182.0
183.0
182.0
185.0
182.0
184.0
182.0
182.0
237.0
183.0
183.0
182.0
181.0
182.0
181.0
206.0
209.0
208.0
207.0
207.0
207.0
206.0
208.0
207.0
206.0
186.0
184.0
182.0
185.0
182.0
185.0
185.0
183.0
184.0
181.0
186.0
184.0
181.0
183.0
181.0
185.0
181.0
182.0
184.0
181.0
183.0
181.0
184.0
181.0
182.0
184.0
181.0
182.0
184.0
181.0
184.0
181.0
181.0
182.0
182.0
181.0
181.0
182.0
181.0
181.0
181.0
181.0
180.0
204.0
205.0
207.0
207.0
207.0
207.0
207.0
207.0
208.0
207.0
183.0
188.0
182.0
183.0
183.0
181.0
181.0
183.0
181.0
181.0
182.0
181.0
181.0
181.0
182.0
181.0
181.0
181.0
181.0
180.0
181.0
181.0
181.0
181.0
182.0
180.0
181.0
182.0
182.0
182.0
181.0
183.0
182.0
182.0
181.0
182.0
184.0
182.0
182.0
183.0
181.0
182.0
181.0
181.0
182.0
183.0
182.0
207.0
209.0
208.0
207.0
208.0
207.0
206.0
207.0
209.0
209.0
183.0
182.0
182.0
181.0
183.0
181.0
181.0
183.0
183.0
182.0
183.0
253.0
253.0
253.0
254.0
252.0
256.0
253.0
256.0
254.0
257.0
182.0
185.0
184.0
184.0
183.0
182.0
183.0
184.0
183.0
181.0
183.0
183.0
182.0
182.0
182.0
181.0
182.0
183.0
183.0
181.0
182.0
182.0
181.0
183.0
181.0
181.0
181.0
183.0
182.0
181.0
183.0
182.0
181.0
182.0
182.0
182.0
182.0
182.0
181.0
182.0
182.0
182.0
182.0
183.0
205.0
205.0
208.0
209.0
209.0
208.0
208.0
209.0
207.0
210.0
182.0
182.0
181.0
183.0
182.0
181.0
182.0
182.0
181.0
182.0
182.0
181.0
182.0
182.0
183.0
180.0
187.0
178.0
186.0
187.0
177.0
177.0
192.0
188.0
188.0
177.0
177.0
189.0
187.0
188.0
177.0
180.0
191.0
188.0
188.0
178.0
177.0
189.0
189.0
177.0
177.0
188.0
190.0
186.0
187.0
179.0
207.0
208.0
208.0
207.0
207.0
208.0
208.0
208.0
208.0
207.0
181.0
183.0
183.0
182.0
182.0
183.0
182.0
182.0
183.0
181.0
181.0
183.0
183.0
181.0
181.0
183.0
181.0
183.0
183.0
181.0
181.0
182.0
184.0
181.0
181.0
183.0
183.0
182.0
182.0
181.0
182.0
182.0
181.0
182.0
181.0
182.0
183.0
181.0
183.0
182.0
182.0
183.0
182.0
182.0
182.0
205.0
207.0
207.0
207.0
209.0
207.0
207.0
206.0
207.0
206.0
181.0
183.0
182.0
180.0
181.0
181.0
181.0
182.0
181.0
182.0
181.0
182.0
257.0
255.0
253.0
257.0
256.0
260.0
259.0
260.0
260.0
258.0
185.0
184.0
184.0
186.0
182.0
186.0
185.0
182.0
186.0
183.0
185.0
185.0
185.0
185.0
181.0
183.0
183.0
181.0
185.0
182.0
183.0
183.0
182.0
182.0
181.0
182.0
184.0
184.0
182.0
181.0
183.0
183.0
182.0
182.0
181.0
181.0
181.0
181.0
181.0
182.0
181.0
181.0
181.0
181.0
207.0
207.0
207.0
207.0
207.0
208.0
208.0
207.0
207.0
208.0
181.0
182.0
183.0
182.0
183.0
182.0
181.0
181.0
181.0
181.0
181.0
183.0
181.0
182.0
181.0
182.0
182.0
181.0
182.0
182.0
182.0
181.0
181.0
181.0
181.0
181.0
181.0
181.0
181.0
181.0
181.0
181.0
181.0
181.0
181.0
182.0
181.0
181.0
181.0
182.0
182.0
181.0
181.0
182.0
181.0
181.0
205.0
205.0
205.0
209.0
206.0
207.0
207.0
211.0
207.0
208.0
183.0
183.0
183.0
184.0
181.0
182.0
180.0
184.0
181.0
182.0
182.0
181.0
183.0
183.0
181.0
182.0
181.0
185.0
183.0
182.0
181.0
182.0
181.0
183.0
182.0
182.0
181.0
183.0
181.0
182.0
181.0
182.0
182.0
181.0
180.0
181.0
181.0
181.0
181.0
181.0
189.0
181.0
180.0
181.0
205.0
205.0
207.0
207.0
208.0
207.0
208.0
207.0
207.0
207.0
183.0
182.0
183.0
182.0
181.0
181.0
181.0
181.0
182.0
181.0
180.0
182.0
181.0
250.0
252.0
255.0
251.0
251.0
253.0
253.0
255.0
254.0
261.0
182.0
182.0
181.0
182.0
184.0
182.0
182.0
181.0
184.0
181.0
184.0
183.0
180.0
181.0
184.0
181.0
183.0
181.0
183.0
181.0
184.0
184.0
182.0
181.0
185.0
183.0
185.0
183.0
185.0
182.0
185.0
184.0
181.0
183.0
183.0
184.0
187.0
181.0
183.0
183.0
193.0
183.0
182.0
185.0
184.0
183.0
217.0
207.0
208.0
210.0
215.0
207.0
207.0
209.0
214.0
210.0
190.0
192.0
189.0
195.0
192.0
211.0
190.0
198.0
192.0
195.0
187.0
189.0
186.0
190.0
187.0
202.0
186.0
192.0
188.0
191.0
188.0
193.0
187.0
194.0
188.0
187.0
206.0
194.0
188.0
194.0
186.0
190.0
185.0
189.0
183.0
183.0
183.0
186.0
198.0
186.0
206.0
207.0
207.0
210.0
207.0
207.0
207.0
210.0
211.0
228.0
183.0
181.0
185.0
185.0
181.0
181.0
181.0
185.0
185.0
203.0
181.0
180.0
184.0
184.0
181.0
181.0
181.0
184.0
185.0
204.0
181.0
180.0
185.0
181.0
185.0
189.0
180.0
186.0
186.0
182.0
199.0
181.0
188.0
181.0
185.0
182.0
181.0
184.0
184.0
182.0
181.0
194.0
184.0
182.0
184.0
182.0
207.0
209.0
208.0
209.0
208.0
207.0
206.0
208.0
208.0
208.0
182.0
181.0
182.0
181.0
181.0
181.0
181.0
180.0
181.0
181.0
181.0
181.0
181.0
248.0
252.0
253.0
252.0
253.0
254.0
252.0
253.0
254.0
251.0
183.0
183.0
184.0
184.0
182.0
185.0
183.0
182.0
182.0
183.0
180.0
182.0
185.0
182.0
181.0
192.0
182.0
182.0
182.0
181.0
182.0
182.0
182.0
182.0
182.0
182.0
183.0
183.0
181.0
182.0
183.0
182.0
181.0
183.0
183.0
182.0
182.0
182.0
181.0
183.0
184.0
179.0
179.0
185.0
186.0
177.0
208.0
209.0
201.0
211.0
208.0
203.0
203.0
207.0
204.0
206.0
184.0
183.0
181.0
185.0
182.0
182.0
181.0
182.0
182.0
182.0
182.0
183.0
182.0
185.0
182.0
181.0
182.0
183.0
182.0
181.0
183.0
182.0
181.0
185.0
183.0
182.0
181.0
183.0
181.0
183.0
183.0
183.0
182.0
182.0
184.0
182.0
181.0
182.0
181.0
183.0
182.0
183.0
181.0
181.0
205.0
205.0
205.0
206.0
205.0
206.0
206.0
206.0
206.0
206.0
183.0
181.0
182.0
183.0
180.0
183.0
182.0
183.0
181.0
181.0
183.0
181.0
180.0
183.0
181.0
183.0
182.0
182.0
182.0
182.0
182.0
182.0
182.0
183.0
182.0
183.0
182.0
184.0
181.0
181.0
182.0
181.0
181.0
182.0
181.0
184.0
182.0
183.0
182.0
182.0
182.0
182.0
182.0
182.0
181.0
204.0
205.0
205.0
206.0
206.0
207.0
206.0
206.0
207.0
208.0
184.0
186.0
183.0
181.0
181.0
182.0
181.0
181.0
182.0
184.0
183.0
185.0
182.0
182.0
253.0
254.0
251.0
254.0
254.0
253.0
254.0
255.0
254.0
254.0
183.0
191.0
182.0
181.0
182.0
181.0
182.0
182.0
182.0
182.0
181.0
182.0
181.0
182.0
182.0
181.0
183.0
182.0
183.0
183.0
182.0
182.0
181.0
181.0
182.0
182.0
189.0
181.0
182.0
181.0
181.0
182.0
180.0
179.0
181.0
175.0
178.0
178.0
177.0
169.0
