0.0
0.0
1.0
0.0
0.0
0.0
0.0
1.0
0.0
0.0
2.0
1.0
2.0
2.0
1.0
2.0
2.0
1.0
1.0
2.0
50.0
28.0
28.0
49.0
28.0
28.0
49.0
26.0
28.0
47.0
28.0
28.0
28.0
28.0
28.0
27.0
49.0
48.0
48.0
47.0
28.0
27.0
27.0
27.0
27.0
28.0
27.0
27.0
28.0
27.0
28.0
28.0
49.0
48.0
48.0
49.0
28.0
27.0
28.0
27.0
28.0
28.0
28.0
27.0
27.0
28.0
28.0
26.0
48.0
47.0
49.0
49.0
27.0
28.0
27.0
27.0
23.0
27.0
22.0
26.0
28.0
49.0
28.0
28.0
27.0
49.0
49.0
47.0
23.0
27.0
27.0
27.0
27.0
28.0
22.0
49.0
46.0
46.0
49.0
27.0
28.0
28.0
28.0
27.0
22.0
27.0
27.0
27.0
27.0
27.0
23.0
27.0
28.0
48.0
48.0
28.0
22.0
26.0
27.0
27.0
28.0
27.0
28.0
22.0
27.0
28.0
28.0
26.0
28.0
47.0
49.0
28.0
28.0
23.0
28.0
27.0
28.0
26.0
27.0
21.0
28.0
27.0
28.0
28.0
28.0
27.0
28.0
47.0
23.0
48.0
28.0
28.0
28.0
22.0
27.0
28.0
28.0
26.0
27.0
27.0
49.0
23.0
48.0
27.0
28.0
27.0
27.0
27.0
27.0
23.0
22.0
28.0
28.0
28.0
28.0
28.0
23.0
22.0
28.0
47.0
48.0
28.0
27.0
27.0
27.0
28.0
22.0
21.0
27.0
26.0
28.0
27.0
27.0
22.0
27.0
22.0
36.0
32.0
28.0
22.0
23.0
28.0
27.0
28.0
28.0
28.0
25.0
24.0
22.0
21.0
1.0
2.0
2.0
1.0
2.0
2.0
1.0
1.0
0.0
0.0
2.0
1.0
1.0
3.0
1.0
3.0
0.0
0.0
1.0
0.0
2.0
3.0
2.0
2.0
2.0
2.0
0.0
0.0
0.0
0.0
2.0
2.0
2.0
2.0
2.0
1.0
0.0
1.0
1.0
1.0
2.0
1.0
2.0
2.0
2.0
1.0
0.0
1.0
0.0
0.0
2.0
3.0
2.0
2.0
1.0
2.0
0.0
0.0
1.0
0.0
2.0
3.0
2.0
2.0
2.0
1.0
0.0
0.0
0.0
1.0
1.0
1.0
1.0
0.0
0.0
0.0
0.0
0.0
0.0
0.0
3.0
2.0
2.0
1.0
1.0
2.0
0.0
1.0
1.0
1.0
2.0
0.0
1.0
0.0
0.0
0.0
0.0
0.0
0.0
0.0
28.0
28.0
28.0
28.0
49.0
46.0
48.0
44.0
27.0
27.0
27.0
28.0
28.0
28.0
49.0
49.0
27.0
16.0
27.0
28.0
28.0
27.0
27.0
27.0
27.0
27.0
46.0
27.0
27.0
27.0
28.0
28.0
28.0
28.0
28.0
27.0
46.0
27.0
27.0
15.0
27.0
27.0
27.0
23.0
48.0
27.0
27.0
28.0
28.0
15.0
28.0
28.0
22.0
48.0
27.0
27.0
15.0
27.0
27.0
12.0
27.0
27.0
27.0
49.0
23.0
27.0
26.0
28.0
28.0
16.0
26.0
27.0
21.0
47.0
27.0
15.0
15.0
27.0
27.0
13.0
48.0
28.0
28.0
27.0
27.0
22.0
26.0
28.0
28.0
27.0
26.0
26.0
27.0
27.0
21.0
15.0
27.0
21.0
20.0
27.0
27.0
29.0
30.0
30.0
30.0
33.0
28.0
29.0
28.0
27.0
34.0
29.0
31.0
31.0
28.0
28.0
26.0
16.0
27.0
27.0
28.0
27.0
27.0
28.0
24.0
28.0
26.0
15.0
27.0
27.0
24.0
27.0
27.0
28.0
28.0
27.0
27.0
16.0
28.0
15.0
49.0
24.0
24.0
28.0
27.0
27.0
26.0
16.0
15.0
27.0
24.0
28.0
24.0
27.0
27.0
27.0
15.0
16.0
27.0
14.0
42.0
28.0
27.0
25.0
27.0
26.0
26.0
16.0
13.0
19.0
23.0
23.0
27.0
26.0
26.0
15.0
16.0
16.0
16.0
15.0
29.0
27.0
24.0
23.0
27.0
27.0
27.0
16.0
15.0
15.0
26.0
27.0
23.0
23.0
27.0
15.0
15.0
15.0
15.0
15.0
28.0
27.0
28.0
28.0
24.0
24.0
28.0
26.0
15.0
15.0
27.0
28.0
28.0
29.0
24.0
23.0
26.0
15.0
15.0
15.0
28.0
28.0
28.0
27.0
24.0
24.0
26.0
15.0
16.0
16.0
28.0
27.0
27.0
27.0
27.0
27.0
24.0
14.0
14.0
15.0
25.0
25.0
28.0
27.0
28.0
27.0
23.0
16.0
16.0
16.0
24.0
27.0
25.0
27.0
27.0
27.0
14.0
15.0
15.0
15.0
24.0
25.0
27.0
24.0
28.0
28.0
27.0
15.0
15.0
15.0
27.0
27.0
24.0
24.0
26.0
14.0
16.0
15.0
15.0
15.0
25.0
27.0
27.0
24.0
27.0
27.0
26.0
15.0
13.0
15.0
24.0
27.0
24.0
26.0
24.0
16.0
16.0
15.0
15.0
16.0
25.0
27.0
27.0
28.0
28.0
25.0
27.0
27.0
16.0
13.0
25.0
27.0
25.0
25.0
28.0
27.0
27.0
15.0
15.0
16.0
58.0
61.0
60.0
60.0
58.0
60.0
57.0
48.0
48.0
48.0
27.0
28.0
28.0
28.0
28.0
27.0
27.0
15.0
15.0
16.0
25.0
28.0
24.0
24.0
27.0
27.0
26.0
15.0
16.0
15.0
24.0
28.0
28.0
27.0
24.0
27.0
13.0
15.0
16.0
15.0
23.0
24.0
24.0
27.0
27.0
27.0
26.0
16.0
15.0
15.0
23.0
26.0
27.0
26.0
23.0
13.0
16.0
15.0
15.0
15.0
24.0
24.0
27.0
27.0
27.0
28.0
23.0
16.0
16.0
16.0
26.0
23.0
27.0
26.0
23.0
13.0
15.0
16.0
16.0
15.0
24.0
26.0
28.0
28.0
28.0
28.0
28.0
23.0
16.0
15.0
28.0
25.0
28.0
23.0
24.0
28.0
26.0
15.0
15.0
15.0
24.0
28.0
28.0
28.0
28.0
28.0
22.0
14.0
15.0
15.0
23.0
24.0
28.0
27.0
24.0
27.0
26.0
16.0
16.0
15.0
24.0
27.0
28.0
27.0
23.0
24.0
26.0
16.0
16.0
15.0
24.0
27.0
27.0
27.0
27.0
24.0
15.0
16.0
13.0
16.0
24.0
28.0
28.0
24.0
24.0
27.0
26.0
16.0
16.0
15.0
23.0
26.0
26.0
22.0
26.0
15.0
15.0
13.0
15.0
16.0
27.0
24.0
28.0
23.0
23.0
27.0
26.0
16.0
16.0
16.0
26.0
26.0
26.0
23.0
23.0
16.0
13.0
16.0
15.0
15.0
24.0
27.0
28.0
24.0
27.0
28.0
24.0
26.0
15.0
15.0
28.0
24.0
28.0
28.0
23.0
23.0
26.0
16.0
15.0
15.0
24.0
27.0
28.0
27.0
27.0
27.0
23.0
14.0
15.0
15.0
23.0
24.0
28.0
28.0
24.0
27.0
26.0
15.0
15.0
16.0
24.0
28.0
28.0
27.0
24.0
27.0
23.0
16.0
15.0
15.0
24.0
28.0
28.0
26.0
23.0
27.0
15.0
14.0
16.0
15.0
23.0
28.0
27.0
24.0
28.0
24.0
27.0
16.0
15.0
15.0
23.0
26.0
27.0
26.0
23.0
15.0
16.0
13.0
15.0
15.0
24.0
28.0
27.0
23.0
27.0
23.0
27.0
16.0
15.0
16.0
26.0
23.0
27.0
26.0
23.0
15.0
16.0
13.0
16.0
15.0
28.0
23.0
27.0
24.0
27.0
24.0
28.0
27.0
15.0
16.0
28.0
27.0
24.0
27.0
24.0
27.0
23.0
16.0
15.0
16.0
27.0
24.0
27.0
28.0
27.0
28.0
23.0
13.0
16.0
16.0
24.0
27.0
24.0
27.0
23.0
27.0
26.0
16.0
15.0
16.0
24.0
27.0
27.0
27.0
24.0
27.0
23.0
16.0
16.0
16.0
24.0
27.0
27.0
27.0
23.0
27.0
14.0
15.0
16.0
16.0
23.0
27.0
28.0
23.0
27.0
27.0
23.0
15.0
16.0
15.0
24.0
27.0
26.0
23.0
27.0
15.0
15.0
13.0
15.0
16.0
24.0
27.0
28.0
23.0
27.0
24.0
26.0
15.0
15.0
15.0
27.0
27.0
23.0
26.0
23.0
16.0
13.0
16.0
16.0
15.0
24.0
27.0
28.0
27.0
24.0
28.0
23.0
26.0
15.0
16.0
27.0
24.0
27.0
24.0
28.0
24.0
27.0
16.0
15.0
16.0
27.0
28.0
24.0
27.0
28.0
28.0
23.0
13.0
15.0
15.0
23.0
28.0
24.0
28.0
28.0
24.0
26.0
16.0
15.0
15.0
24.0
27.0
27.0
28.0
24.0
23.0
26.0
16.0
15.0
15.0
24.0
28.0
28.0
27.0
27.0
23.0
16.0
13.0
15.0
15.0
24.0
27.0
27.0
24.0
28.0
24.0
26.0
15.0
15.0
16.0
23.0
62.0
63.0
62.0
59.0
15.0
15.0
13.0
51.0
51.0
63.0
62.0
63.0
61.0
27.0
25.0
26.0
16.0
16.0
15.0
26.0
27.0
27.0
27.0
22.0
14.0
15.0
15.0
13.0
16.0
24.0
28.0
24.0
28.0
27.0
28.0
25.0
26.0
15.0
15.0
25.0
28.0
28.0
25.0
27.0
27.0
23.0
16.0
15.0
16.0
24.0
27.0
28.0
27.0
24.0
28.0
26.0
13.0
16.0
15.0
24.0
24.0
27.0
28.0
23.0
27.0
26.0
15.0
15.0
15.0
25.0
28.0
27.0
28.0
24.0
23.0
27.0
15.0
16.0
16.0
24.0
28.0
27.0
28.0
24.0
27.0
16.0
15.0
13.0
15.0
25.0
28.0
28.0
23.0
28.0
23.0
26.0
16.0
15.0
15.0
23.0
27.0
27.0
23.0
26.0
15.0
15.0
13.0
15.0
15.0
24.0
28.0
28.0
23.0
27.0
27.0
23.0
15.0
15.0
15.0
27.0
23.0
27.0
27.0
23.0
15.0
15.0
13.0
15.0
16.0
24.0
28.0
28.0
28.0
24.0
27.0
24.0
26.0
15.0
15.0
24.0
28.0
28.0
27.0
27.0
24.0
22.0
15.0
16.0
15.0
28.0
24.0
27.0
28.0
28.0
28.0
23.0
14.0
15.0
15.0
24.0
27.0
27.0
24.0
28.0
23.0
26.0
15.0
15.0
15.0
23.0
28.0
27.0
24.0
28.0
24.0
26.0
15.0
16.0
15.0
121.0
121.0
121.0
122.0
120.0
117.0
111.0
110.0
109.0
110.0
23.0
27.0
28.0
23.0
27.0
27.0
23.0
15.0
15.0
16.0
27.0
27.0
26.0
22.0
23.0
13.0
16.0
15.0
16.0
16.0
24.0
27.0
28.0
27.0
27.0
24.0
26.0
13.0
15.0
16.0
24.0
27.0
23.0
26.0
22.0
16.0
15.0
15.0
15.0
15.0
24.0
28.0
28.0
24.0
28.0
28.0
28.0
26.0
15.0
14.0
24.0
28.0
23.0
24.0
27.0
27.0
26.0
15.0
15.0
15.0
24.0
28.0
28.0
28.0
23.0
27.0
23.0
15.0
16.0
15.0
23.0
24.0
27.0
27.0
27.0
23.0
26.0
15.0
15.0
16.0
27.0
28.0
27.0
24.0
24.0
24.0
26.0
16.0
16.0
15.0
27.0
27.0
28.0
24.0
27.0
27.0
13.0
15.0
13.0
16.0
24.0
24.0
27.0
23.0
27.0
27.0
26.0
15.0
15.0
15.0
23.0
23.0
27.0
26.0
26.0
15.0
13.0
16.0
15.0
15.0
24.0
28.0
24.0
24.0
27.0
27.0
26.0
15.0
16.0
16.0
27.0
23.0
26.0
26.0
23.0
13.0
15.0
15.0
15.0
16.0
24.0
28.0
24.0
24.0
28.0
28.0
27.0
27.0
15.0
16.0
24.0
28.0
27.0
24.0
27.0
24.0
26.0
15.0
15.0
15.0
24.0
28.0
28.0
28.0
27.0
28.0
23.0
13.0
16.0
15.0
24.0
24.0
27.0
23.0
28.0
27.0
26.0
15.0
15.0
15.0
24.0
28.0
23.0
27.0
28.0
27.0
23.0
15.0
15.0
15.0
23.0
24.0
28.0
27.0
27.0
27.0
13.0
16.0
15.0
16.0
24.0
27.0
27.0
24.0
24.0
27.0
27.0
15.0
15.0
15.0
23.0
27.0
27.0
26.0
23.0
13.0
15.0
16.0
15.0
15.0
24.0
28.0
27.0
24.0
27.0
23.0
26.0
15.0
16.0
15.0
23.0
26.0
26.0
26.0
22.0
15.0
16.0
14.0
15.0
16.0
24.0
28.0
27.0
24.0
28.0
23.0
27.0
26.0
16.0
16.0
24.0
27.0
28.0
24.0
28.0
28.0
23.0
15.0
15.0
16.0
28.0
24.0
28.0
27.0
24.0
28.0
26.0
14.0
15.0
15.0
23.0
27.0
28.0
23.0
28.0
24.0
26.0
16.0
15.0
15.0
24.0
27.0
28.0
28.0
24.0
23.0
26.0
15.0
15.0
15.0
24.0
28.0
27.0
27.0
24.0
27.0
15.0
13.0
15.0
15.0
24.0
28.0
27.0
24.0
27.0
27.0
22.0
15.0
16.0
15.0
23.0
27.0
26.0
23.0
26.0
15.0
16.0
14.0
16.0
15.0
23.0
28.0
27.0
24.0
27.0
23.0
26.0
15.0
16.0
15.0
27.0
24.0
26.0
26.0
22.0
15.0
13.0
15.0
15.0
16.0
24.0
28.0
28.0
28.0
28.0
24.0
24.0
26.0
15.0
15.0
25.0
28.0
28.0
24.0
28.0
28.0
23.0
15.0
15.0
16.0
28.0
24.0
27.0
27.0
27.0
28.0
23.0
14.0
15.0
15.0
24.0
24.0
28.0
27.0
27.0
23.0
26.0
16.0
15.0
15.0
23.0
27.0
27.0
28.0
23.0
24.0
26.0
15.0
16.0
15.0
24.0
28.0
27.0
27.0
24.0
27.0
16.0
13.0
15.0
16.0
24.0
27.0
24.0
28.0
27.0
23.0
26.0
15.0
16.0
15.0
23.0
26.0
26.0
23.0
26.0
16.0
15.0
13.0
15.0
16.0
24.0
27.0
28.0
23.0
27.0
27.0
22.0
16.0
16.0
15.0
26.0
26.0
23.0
26.0
23.0
14.0
15.0
15.0
16.0
15.0
24.0
64.0
63.0
61.0
63.0
64.0
60.0
62.0
16.0
16.0
62.0
63.0
28.0
26.0
28.0
28.0
25.0
16.0
15.0
16.0
27.0
28.0
27.0
24.0
28.0
28.0
22.0
13.0
15.0
15.0
24.0
27.0
28.0
24.0
28.0
27.0
27.0
14.0
15.0
15.0
24.0
24.0
28.0
27.0
24.0
27.0
26.0
15.0
15.0
16.0
23.0
23.0
28.0
27.0
27.0
26.0
13.0
16.0
15.0
16.0
24.0
27.0
24.0
24.0
28.0
27.0
26.0
15.0
15.0
15.0
23.0
27.0
27.0
23.0
26.0
16.0
14.0
15.0
15.0
16.0
23.0
27.0
24.0
27.0
27.0
23.0
26.0
15.0
15.0
15.0
24.0
26.0
27.0
27.0
22.0
15.0
14.0
15.0
15.0
15.0
24.0
27.0
24.0
27.0
27.0
23.0
28.0
26.0
15.0
15.0
27.0
24.0
28.0
24.0
28.0
23.0
27.0
16.0
15.0
15.0
27.0
24.0
28.0
28.0
23.0
28.0
26.0
14.0
15.0
15.0
23.0
28.0
24.0
27.0
24.0
26.0
26.0
15.0
15.0
15.0
23.0
28.0
28.0
28.0
23.0
24.0
26.0
16.0
15.0
15.0
24.0
27.0
27.0
27.0
24.0
27.0
15.0
13.0
15.0
15.0
24.0
28.0
28.0
24.0
28.0
23.0
26.0
16.0
16.0
15.0
23.0
26.0
26.0
26.0
23.0
15.0
15.0
14.0
15.0
15.0
28.0
24.0
28.0
23.0
27.0
23.0
26.0
16.0
16.0
15.0
26.0
27.0
27.0
22.0
23.0
15.0
15.0
14.0
15.0
15.0
24.0
28.0
28.0
28.0
24.0
28.0
24.0
27.0
15.0
16.0
28.0
24.0
27.0
27.0
24.0
27.0
23.0
15.0
15.0
15.0
27.0
23.0
28.0
28.0
27.0
28.0
23.0
13.0
16.0
16.0
24.0
27.0
24.0
27.0
28.0
23.0
26.0
15.0
15.0
15.0
23.0
28.0
27.0
28.0
24.0
24.0
27.0
16.0
15.0
16.0
24.0
27.0
28.0
27.0
24.0
27.0
15.0
15.0
13.0
15.0
24.0
28.0
27.0
24.0
27.0
26.0
22.0
15.0
15.0
15.0
23.0
27.0
27.0
23.0
26.0
15.0
16.0
14.0
16.0
15.0
23.0
28.0
27.0
23.0
27.0
23.0
26.0
15.0
15.0
15.0
27.0
27.0
24.0
26.0
23.0
15.0
13.0
16.0
15.0
16.0
24.0
28.0
27.0
28.0
24.0
27.0
24.0
26.0
15.0
15.0
28.0
24.0
28.0
24.0
27.0
28.0
23.0
15.0
16.0
15.0
28.0
24.0
27.0
27.0
27.0
27.0
23.0
13.0
16.0
15.0
24.0
24.0
27.0
27.0
27.0
23.0
27.0
16.0
16.0
15.0
24.0
27.0
27.0
27.0
24.0
23.0
26.0
15.0
16.0
15.0
23.0
28.0
27.0
27.0
24.0
27.0
16.0
16.0
14.0
16.0
24.0
28.0
27.0
25.0
28.0
27.0
23.0
16.0
15.0
15.0
23.0
27.0
26.0
22.0
26.0
16.0
16.0
13.0
15.0
15.0
24.0
27.0
27.0
24.0
27.0
27.0
23.0
15.0
15.0
15.0
23.0
27.0
27.0
27.0
22.0
15.0
13.0
16.0
15.0
15.0
24.0
28.0
27.0
24.0
28.0
28.0
24.0
26.0
15.0
15.0
28.0
24.0
27.0
24.0
27.0
28.0
23.0
15.0
15.0
15.0
24.0
28.0
28.0
28.0
28.0
28.0
23.0
13.0
15.0
15.0
24.0
24.0
27.0
28.0
23.0
27.0
26.0
15.0
15.0
15.0
24.0
28.0
28.0
28.0
24.0
24.0
26.0
15.0
15.0
16.0
24.0
63.0
63.0
62.0
59.0
62.0
15.0
13.0
15.0
51.0
63.0
63.0
64.0
63.0
27.0
27.0
26.0
16.0
16.0
15.0
26.0
26.0
24.0
26.0
26.0
15.0
13.0
15.0
14.0
15.0
24.0
28.0
23.0
27.0
27.0
23.0
26.0
16.0
16.0
15.0
26.0
23.0
26.0
23.0
25.0
15.0
13.0
16.0
16.0
15.0
