2.0
2.0
2.0
2.0
2.0
1.0
1.0
1.0
1.0
1.0
17.0
17.0
17.0
17.0
9.0
17.0
17.0
9.0
9.0
1.0
17.0
16.0
16.0
16.0
9.0
16.0
16.0
9.0
9.0
1.0
16.0
17.0
16.0
16.0
9.0
17.0
17.0
8.0
9.0
1.0
17.0
17.0
17.0
16.0
9.0
17.0
17.0
9.0
9.0
1.0
17.0
16.0
17.0
16.0
9.0
16.0
16.0
9.0
8.0
1.0
638.0
637.0
637.0
637.0
630.0
637.0
637.0
630.0
630.0
622.0
646.0
647.0
646.0
646.0
639.0
646.0
646.0
640.0
638.0
630.0
635.0
634.0
635.0
637.0
627.0
635.0
634.0
627.0
627.0
620.0
635.0
635.0
635.0
634.0
627.0
636.0
635.0
628.0
628.0
620.0
647.0
647.0
646.0
646.0
641.0
646.0
647.0
639.0
638.0
630.0
637.0
637.0
635.0
636.0
629.0
637.0
637.0
628.0
628.0
621.0
671.0
675.0
674.0
671.0
663.0
672.0
677.0
664.0
665.0
655.0
635.0
634.0
634.0
636.0
628.0
635.0
635.0
655.0
627.0
619.0
635.0
636.0
635.0
635.0
627.0
635.0
634.0
627.0
627.0
647.0
646.0
646.0
646.0
647.0
638.0
646.0
646.0
638.0
638.0
659.0
635.0
635.0
634.0
634.0
628.0
635.0
636.0
627.0
626.0
650.0
634.0
635.0
634.0
634.0
628.0
635.0
635.0
627.0
628.0
647.0
646.0
647.0
646.0
645.0
638.0
646.0
645.0
639.0
638.0
659.0
635.0
634.0
634.0
636.0
627.0
635.0
635.0
627.0
627.0
649.0
650.0
650.0
650.0
650.0
643.0
650.0
650.0
642.0
643.0
616.0
17.0
17.0
17.0
17.0
9.0
17.0
17.0
9.0
9.0
1.0
17.0
17.0
17.0
17.0
9.0
17.0
17.0
9.0
10.0
1.0
17.0
17.0
17.0
17.0
9.0
17.0
17.0
9.0
9.0
1.0
17.0
16.0
16.0
17.0
1.0
17.0
16.0
1.0
1.0
0.0
16.0
16.0
16.0
16.0
1.0
17.0
17.0
1.0
1.0
0.0
16.0
16.0
17.0
16.0
1.0
16.0
16.0
1.0
1.0
1.0
17.0
1.0
1.0
1.0
1.0
1.0
1.0
1.0
1.0
1.0
1.0
1.0
1.0
1.0
1.0
1.0
1.0
1.0
1.0
1.0
1.0
1.0
1.0
1.0
1.0
1.0
2.0
1.0
1.0
1.0
1.0
1.0
1.0
1.0
1.0
1.0
1.0
1.0
1.0
1.0
16.0
16.0
17.0
16.0
9.0
16.0
16.0
8.0
8.0
1.0
16.0
16.0
17.0
16.0
9.0
17.0
17.0
8.0
9.0
1.0
16.0
16.0
16.0
16.0
9.0
16.0
17.0
8.0
8.0
1.0
16.0
16.0
17.0
16.0
1.0
17.0
16.0
1.0
1.0
1.0
17.0
17.0
16.0
16.0
1.0
17.0
16.0
1.0
1.0
1.0
17.0
16.0
16.0
16.0
1.0
16.0
16.0
1.0
1.0
1.0
16.0
1.0
1.0
1.0
1.0
1.0
1.0
1.0
1.0
1.0
1.0
1.0
1.0
1.0
1.0
1.0
1.0
1.0
1.0
1.0
1.0
1.0
1.0
1.0
1.0
1.0
1.0
1.0
1.0
1.0
1.0
1.0
1.0
1.0
1.0
1.0
1.0
1.0
1.0
1.0
17.0
16.0
16.0
16.0
9.0
17.0
17.0
9.0
9.0
1.0
16.0
16.0
16.0
16.0
9.0
16.0
16.0
9.0
8.0
1.0
16.0
17.0
16.0
16.0
9.0
17.0
16.0
9.0
9.0
0.0
17.0
16.0
16.0
16.0
1.0
16.0
16.0
1.0
1.0
1.0
16.0
16.0
16.0
16.0
1.0
17.0
17.0
1.0
1.0
1.0
17.0
16.0
16.0
16.0
1.0
17.0
16.0
1.0
1.0
1.0
17.0
1.0
1.0
1.0
1.0
1.0
1.0
0.0
1.0
1.0
1.0
1.0
1.0
1.0
1.0
1.0
1.0
1.0
1.0
1.0
1.0
1.0
1.0
1.0
0.0
1.0
1.0
1.0
1.0
1.0
2.0
1.0
1.0
1.0
1.0
1.0
1.0
1.0
1.0
1.0
17.0
17.0
17.0
16.0
9.0
16.0
16.0
8.0
8.0
1.0
16.0
16.0
17.0
17.0
8.0
16.0
16.0
9.0
8.0
0.0
17.0
16.0
17.0
16.0
9.0
17.0
16.0
8.0
9.0
1.0
16.0
16.0
16.0
17.0
0.0
17.0
16.0
1.0
1.0
0.0
16.0
16.0
16.0
16.0
0.0
16.0
16.0
1.0
1.0
1.0
16.0
17.0
16.0
16.0
1.0
16.0
16.0
1.0
1.0
1.0
16.0
1.0
1.0
1.0
1.0
1.0
1.0
1.0
1.0
1.0
1.0
1.0
1.0
1.0
1.0
2.0
1.0
1.0
1.0
1.0
1.0
1.0
1.0
1.0
1.0
1.0
1.0
1.0
1.0
1.0
1.0
2.0
1.0
1.0
1.0
1.0
1.0
0.0
1.0
1.0
16.0
16.0
16.0
16.0
8.0
16.0
16.0
9.0
9.0
1.0
17.0
17.0
16.0
16.0
9.0
17.0
17.0
8.0
9.0
1.0
17.0
16.0
16.0
16.0
8.0
16.0
16.0
9.0
8.0
1.0
16.0
17.0
16.0
16.0
1.0
16.0
16.0
1.0
1.0
1.0
17.0
17.0
17.0
16.0
1.0
16.0
16.0
1.0
1.0
1.0
17.0
16.0
17.0
17.0
1.0
16.0
16.0
1.0
0.0
1.0
16.0
1.0
1.0
1.0
1.0
2.0
1.0
1.0
1.0
1.0
1.0
1.0
1.0
1.0
1.0
1.0
1.0
1.0
1.0
1.0
1.0
1.0
1.0
1.0
1.0
1.0
1.0
1.0
0.0
0.0
1.0
1.0
1.0
1.0
0.0
1.0
1.0
1.0
1.0
0.0
656.0
657.0
656.0
657.0
649.0
657.0
657.0
649.0
649.0
641.0
635.0
636.0
635.0
635.0
628.0
636.0
635.0
628.0
628.0
620.0
636.0
635.0
636.0
635.0
628.0
635.0
635.0
628.0
629.0
621.0
659.0
744.0
659.0
742.0
646.0
659.0
659.0
643.0
645.0
644.0
635.0
634.0
635.0
635.0
620.0
634.0
634.0
620.0
619.0
619.0
636.0
634.0
635.0
634.0
619.0
635.0
635.0
619.0
633.0
633.0
648.0
633.0
633.0
633.0
633.0
633.0
633.0
632.0
620.0
620.0
620.0
619.0
619.0
619.0
619.0
619.0
619.0
620.0
339.0
339.0
619.0
620.0
631.0
339.0
339.0
632.0
632.0
339.0
339.0
339.0
353.0
352.0
353.0
352.0
351.0
353.0
352.0
340.0
339.0
339.0
634.0
634.0
634.0
634.0
627.0
634.0
635.0
626.0
627.0
619.0
635.0
636.0
635.0
634.0
628.0
635.0
635.0
627.0
640.0
619.0
648.0
647.0
647.0
647.0
640.0
647.0
647.0
639.0
639.0
619.0
635.0
635.0
634.0
635.0
620.0
636.0
635.0
620.0
619.0
620.0
635.0
635.0
635.0
635.0
619.0
650.0
648.0
635.0
635.0
634.0
650.0
649.0
649.0
649.0
635.0
634.0
634.0
619.0
619.0
619.0
635.0
619.0
620.0
619.0
620.0
620.0
620.0
620.0
620.0
620.0
632.0
633.0
633.0
633.0
632.0
633.0
633.0
633.0
352.0
352.0
619.0
620.0
620.0
339.0
338.0
619.0
620.0
339.0
339.0
339.0
339.0
339.0
339.0
340.0
339.0
339.0
339.0
339.0
339.0
338.0
638.0
638.0
638.0
638.0
631.0
638.0
638.0
630.0
631.0
623.0
651.0
651.0
652.0
654.0
645.0
652.0
652.0
644.0
644.0
637.0
640.0
638.0
638.0
640.0
630.0
638.0
638.0
630.0
630.0
623.0
635.0
635.0
635.0
635.0
634.0
649.0
649.0
633.0
634.0
633.0
648.0
648.0
648.0
648.0
619.0
634.0
634.0
619.0
619.0
619.0
635.0
635.0
634.0
635.0
620.0
634.0
634.0
619.0
619.0
620.0
649.0
634.0
634.0
634.0
633.0
634.0
634.0
634.0
635.0
635.0
619.0
619.0
619.0
620.0
619.0
619.0
620.0
620.0
339.0
339.0
632.0
631.0
632.0
340.0
340.0
633.0
636.0
354.0
353.0
352.0
351.0
351.0
339.0
342.0
342.0
342.0
342.0
339.0
339.0
339.0
650.0
649.0
649.0
649.0
641.0
649.0
649.0
641.0
642.0
634.0
635.0
635.0
635.0
634.0
628.0
635.0
635.0
629.0
628.0
620.0
637.0
636.0
651.0
652.0
644.0
652.0
651.0
643.0
642.0
635.0
650.0
650.0
634.0
634.0
619.0
634.0
634.0
619.0
620.0
620.0
636.0
636.0
635.0
636.0
621.0
636.0
636.0
621.0
620.0
620.0
650.0
649.0
649.0
650.0
635.0
650.0
650.0
633.0
634.0
634.0
637.0
623.0
622.0
622.0
622.0
622.0
621.0
621.0
622.0
622.0
621.0
621.0
620.0
620.0
620.0
621.0
620.0
620.0
340.0
340.0
633.0
634.0
633.0
354.0
354.0
634.0
633.0
354.0
354.0
354.0
339.0
339.0
339.0
339.0
339.0
339.0
339.0
339.0
339.0
339.0
635.0
635.0
634.0
634.0
627.0
634.0
634.0
627.0
627.0
619.0
634.0
634.0
650.0
649.0
642.0
650.0
650.0
642.0
642.0
634.0
651.0
652.0
636.0
636.0
629.0
636.0
636.0
629.0
629.0
621.0
636.0
635.0
635.0
635.0
618.0
635.0
634.0
619.0
618.0
618.0
650.0
651.0
651.0
650.0
635.0
651.0
651.0
636.0
637.0
636.0
637.0
636.0
636.0
636.0
621.0
636.0
636.0
620.0
620.0
620.0
634.0
619.0
620.0
619.0
619.0
619.0
619.0
619.0
619.0
619.0
632.0
633.0
633.0
633.0
632.0
631.0
632.0
632.0
352.0
352.0
619.0
619.0
620.0
339.0
339.0
619.0
619.0
339.0
338.0
339.0
339.0
339.0
339.0
340.0
338.0
339.0
339.0
339.0
339.0
340.0
635.0
634.0
646.0
645.0
638.0
645.0
645.0
638.0
637.0
629.0
645.0
645.0
634.0
635.0
626.0
635.0
635.0
627.0
626.0
619.0
635.0
635.0
635.0
634.0
627.0
635.0
634.0
627.0
628.0
620.0
648.0
647.0
647.0
648.0
632.0
647.0
648.0
632.0
631.0
632.0
660.0
660.0
668.0
665.0
650.0
665.0
665.0
656.0
650.0
648.0
641.0
640.0
640.0
635.0
620.0
636.0
635.0
620.0
621.0
620.0
646.0
630.0
631.0
631.0
636.0
631.0
631.0
631.0
630.0
631.0
622.0
622.0
622.0
622.0
648.0
622.0
623.0
622.0
341.0
340.0
621.0
621.0
621.0
340.0
339.0
620.0
648.0
341.0
340.0
340.0
340.0
340.0
350.0
351.0
350.0
351.0
351.0
351.0
351.0
351.0
645.0
675.0
635.0
634.0
627.0
635.0
634.0
626.0
627.0
620.0
637.0
657.0
637.0
637.0
630.0
637.0
637.0
629.0
630.0
621.0
649.0
654.0
649.0
649.0
641.0
649.0
649.0
641.0
642.0
633.0
636.0
645.0
636.0
635.0
620.0
636.0
636.0
620.0
621.0
620.0
637.0
649.0
636.0
637.0
622.0
638.0
638.0
623.0
622.0
622.0
649.0
660.0
649.0
649.0
633.0
648.0
647.0
632.0
633.0
632.0
636.0
622.0
622.0
621.0
639.0
622.0
622.0
623.0
621.0
622.0
625.0
626.0
626.0
626.0
649.0
627.0
628.0
638.0
343.0
343.0
639.0
638.0
638.0
356.0
356.0
636.0
634.0
354.0
353.0
341.0
339.0
339.0
339.0
339.0
338.0
339.0
339.0
339.0
339.0
339.0
634.0
635.0
634.0
635.0
627.0
635.0
635.0
627.0
627.0
618.0
646.0
645.0
645.0
645.0
638.0
648.0
646.0
639.0
639.0
631.0
636.0
636.0
635.0
635.0
628.0
634.0
635.0
627.0
627.0
619.0
636.0
636.0
635.0
635.0
620.0
636.0
635.0
620.0
621.0
632.0
648.0
648.0
648.0
648.0
632.0
648.0
648.0
633.0
632.0
619.0
634.0
635.0
634.0
635.0
619.0
634.0
635.0
619.0
619.0
619.0
635.0
619.0
620.0
619.0
619.0
631.0
630.0
631.0
630.0
630.0
631.0
631.0
631.0
630.0
630.0
620.0
620.0
619.0
339.0
339.0
620.0
620.0
620.0
339.0
339.0
620.0
619.0
339.0
339.0
340.0
339.0
338.0
339.0
339.0
338.0
340.0
339.0
339.0
339.0
339.0
665.0
668.0
681.0
675.0
671.0
676.0
677.0
669.0
669.0
662.0
645.0
643.0
634.0
634.0
627.0
635.0
634.0
627.0
627.0
620.0
635.0
635.0
635.0
635.0
627.0
635.0
635.0
626.0
626.0
619.0
646.0
645.0
645.0
645.0
631.0
645.0
645.0
631.0
630.0
631.0
635.0
635.0
634.0
635.0
619.0
635.0
634.0
620.0
619.0
619.0
635.0
634.0
635.0
634.0
618.0
645.0
645.0
630.0
630.0
631.0
646.0
631.0
631.0
630.0
630.0
619.0
619.0
619.0
619.0
619.0
619.0
620.0
619.0
618.0
619.0
620.0
620.0
620.0
339.0
339.0
622.0
622.0
633.0
340.0
341.0
633.0
633.0
341.0
340.0
340.0
352.0
351.0
350.0
350.0
350.0
350.0
350.0
340.0
339.0
339.0
635.0
635.0
635.0
635.0
627.0
634.0
635.0
627.0
628.0
620.0
635.0
634.0
634.0
634.0
626.0
635.0
634.0
627.0
626.0
619.0
646.0
646.0
646.0
645.0
638.0
646.0
646.0
638.0
638.0
632.0
635.0
635.0
634.0
634.0
620.0
635.0
635.0
619.0
620.0
620.0
636.0
635.0
646.0
646.0
631.0
646.0
647.0
632.0
631.0
631.0
646.0
646.0
635.0
635.0
619.0
635.0
634.0
619.0
619.0
619.0
634.0
619.0
619.0
619.0
619.0
619.0
620.0
619.0
620.0
619.0
631.0
631.0
630.0
631.0
631.0
631.0
630.0
631.0
350.0
349.0
620.0
620.0
620.0
339.0
340.0
620.0
620.0
339.0
339.0
339.0
340.0
340.0
340.0
340.0
340.0
340.0
340.0
340.0
339.0
339.0
635.0
635.0
634.0
635.0
628.0
635.0
635.0
628.0
627.0
631.0
646.0
645.0
644.0
645.0
638.0
645.0
646.0
637.0
638.0
619.0
635.0
635.0
634.0
634.0
626.0
635.0
634.0
626.0
627.0
618.0
635.0
634.0
634.0
634.0
620.0
645.0
646.0
630.0
631.0
631.0
646.0
646.0
646.0
646.0
631.0
635.0
635.0
621.0
620.0
620.0
644.0
655.0
657.0
654.0
638.0
668.0
667.0
650.0
662.0
664.0
717.0
693.0
693.0
695.0
691.0
683.0
682.0
682.0
676.0
674.0
634.0
632.0
632.0
632.0
636.0
629.0
629.0
628.0
345.0
344.0
620.0
620.0
621.0
340.0
340.0
620.0
626.0
340.0
340.0
340.0
340.0
340.0
341.0
342.0
343.0
342.0
342.0
343.0
342.0
342.0
650.0
649.0
648.0
647.0
640.0
648.0
647.0
641.0
642.0
646.0
641.0
642.0
642.0
641.0
634.0
641.0
641.0
634.0
632.0
632.0
636.0
635.0
635.0
635.0
628.0
646.0
647.0
638.0
639.0
631.0
646.0
646.0
646.0
646.0
631.0
635.0
635.0
620.0
620.0
620.0
635.0
635.0
634.0
635.0
620.0
635.0
634.0
620.0
620.0
621.0
647.0
646.0
645.0
646.0
630.0
646.0
646.0
631.0
630.0
637.0
636.0
620.0
620.0
620.0
620.0
620.0
620.0
620.0
620.0
625.0
619.0
619.0
619.0
619.0
619.0
619.0
619.0
619.0
339.0
339.0
631.0
631.0
632.0
339.0
350.0
632.0
631.0
350.0
351.0
350.0
351.0
339.0
340.0
339.0
339.0
340.0
339.0
339.0
340.0
340.0
636.0
636.0
635.0
635.0
628.0
636.0
636.0
627.0
627.0
619.0
635.0
634.0
646.0
646.0
627.0
645.0
645.0
638.0
639.0
631.0
646.0
646.0
646.0
634.0
627.0
635.0
635.0
627.0
627.0
620.0
635.0
634.0
635.0
634.0
619.0
635.0
635.0
619.0
619.0
620.0
645.0
647.0
646.0
646.0
632.0
647.0
647.0
632.0
632.0
631.0
636.0
634.0
634.0
634.0
620.0
635.0
634.0
619.0
620.0
619.0
635.0
619.0
618.0
619.0
619.0
619.0
620.0
619.0
619.0
619.0
631.0
630.0
631.0
630.0
630.0
630.0
630.0
630.0
350.0
350.0
620.0
619.0
619.0
339.0
339.0
619.0
619.0
339.0
339.0
339.0
339.0
339.0
339.0
338.0
338.0
339.0
339.0
339.0
340.0
339.0
635.0
636.0
637.0
637.0
629.0
648.0
647.0
642.0
641.0
634.0
660.0
664.0
671.0
671.0
663.0
664.0
663.0
659.0
663.0
653.0
659.0
653.0
645.0
644.0
637.0
640.0
639.0
629.0
627.0
619.0
646.0
645.0
645.0
646.0
631.0
646.0
646.0
630.0
629.0
630.0
634.0
635.0
634.0
634.0
619.0
635.0
635.0
620.0
620.0
620.0
635.0
635.0
634.0
634.0
619.0
634.0
634.0
618.0
619.0
619.0
645.0
630.0
630.0
630.0
630.0
630.0
631.0
630.0
630.0
630.0
620.0
619.0
619.0
619.0
619.0
619.0
619.0
619.0
338.0
338.0
620.0
620.0
619.0
339.0
339.0
620.0
619.0
339.0
339.0
339.0
340.0
340.0
339.0
340.0
339.0
351.0
351.0
351.0
350.0
351.0
647.0
647.0
647.0
647.0
639.0
636.0
636.0
628.0
628.0
621.0
636.0
635.0
635.0
636.0
628.0
636.0
635.0
628.0
628.0
620.0
645.0
646.0
646.0
645.0
638.0
646.0
646.0
638.0
638.0
631.0
636.0
635.0
635.0
635.0
620.0
635.0
635.0
620.0
619.0
619.0
634.0
634.0
635.0
634.0
620.0
634.0
635.0
619.0
620.0
619.0
647.0
647.0
647.0
646.0
631.0
646.0
646.0
631.0
630.0
631.0
635.0
619.0
619.0
619.0
619.0
620.0
619.0
618.0
619.0
620.0
619.0
620.0
620.0
621.0
620.0
620.0
620.0
619.0
339.0
339.0
631.0
631.0
631.0
350.0
350.0
631.0
630.0
350.0
350.0
350.0
339.0
339.0
331.0
329.0
329.0
320.0
318.0
312.0
296.0
296.0
