1.0
1.0
2.0
1.0
1.0
1.0
2.0
1.0
1.0
1.0
2.0
1.0
1.0
1.0
2.0
29.0
29.0
30.0
53.0
29.0
30.0
52.0
53.0
53.0
29.0
29.0
29.0
30.0
30.0
30.0
320.0
575.0
576.0
489.0
492.0
666.0
665.0
663.0
598.0
664.0
697.0
688.0
594.0
677.0
711.0
587.0
696.0
702.0
693.0
702.0
663.0
572.0
662.0
578.0
579.0
667.0
664.0
663.0
668.0
669.0
605.0
691.0
667.0
591.0
656.0
642.0
641.0
638.0
640.0
642.0
567.0
1015.0
583.0
1016.0
648.0
644.0
646.0
647.0
647.0
649.0
584.0
571.0
631.0
630.0
645.0
643.0
646.0
648.0
685.0
604.0
643.0
605.0
642.0
640.0
622.0
623.0
620.0
825.0
585.0
622.0
868.0
623.0
652.0
654.0
648.0
649.0
655.0
630.0
587.0
592.0
2.0
2.0
2.0
2.0
1.0
47.0
46.0
46.0
46.0
46.0
46.0
46.0
47.0
46.0
28.0
46.0
28.0
47.0
27.0
46.0
338.0
287.0
291.0
327.0
287.0
621.0
625.0
626.0
620.0
622.0
619.0
623.0
623.0
620.0
620.0
604.0
606.0
605.0
606.0
606.0
604.0
618.0
622.0
619.0
621.0
620.0
619.0
620.0
620.0
620.0
621.0
618.0
607.0
606.0
606.0
606.0
606.0
618.0
620.0
623.0
622.0
625.0
623.0
626.0
623.0
660.0
658.0
646.0
646.0
648.0
641.0
652.0
645.0
644.0
650.0
605.0
606.0
615.0
608.0
608.0
609.0
608.0
607.0
606.0
630.0
621.0
622.0
623.0
622.0
620.0
622.0
620.0
623.0
618.0
605.0
563.0
588.0
584.0
557.0
583.0
1.0
1.0
1.0
1.0
1.0
1.0
2.0
1.0
1.0
1.0
2.0
1.0
2.0
2.0
2.0
2.0
1.0
1.0
1.0
1.0
1.0
1.0
1.0
1.0
2.0
2.0
1.0
2.0
1.0
2.0
2.0
1.0
1.0
1.0
1.0
2.0
1.0
1.0
1.0
1.0
1.0
1.0
2.0
2.0
1.0
1.0
1.0
1.0
1.0
1.0
30.0
52.0
53.0
52.0
51.0
29.0
29.0
29.0
30.0
30.0
30.0
29.0
30.0
30.0
29.0
29.0
53.0
52.0
53.0
53.0
30.0
29.0
29.0
30.0
29.0
30.0
29.0
29.0
30.0
30.0
29.0
30.0
52.0
52.0
53.0
53.0
30.0
30.0
29.0
29.0
30.0
29.0
29.0
29.0
28.0
2.0
1.0
1.0
1.0
1.0
30.0
29.0
30.0
53.0
53.0
53.0
53.0
24.0
29.0
29.0
30.0
29.0
29.0
24.0
30.0
30.0
30.0
29.0
29.0
52.0
52.0
53.0
53.0
23.0
29.0
30.0
29.0
29.0
29.0
24.0
31.0
31.0
53.0
53.0
29.0
29.0
29.0
30.0
29.0
24.0
30.0
29.0
23.0
29.0
30.0
2.0
1.0
1.0
1.0
1.0
30.0
29.0
29.0
53.0
53.0
24.0
29.0
30.0
29.0
29.0
29.0
29.0
30.0
24.0
29.0
30.0
29.0
29.0
30.0
30.0
29.0
24.0
62.0
62.0
30.0
29.0
29.0
30.0
29.0
29.0
30.0
24.0
39.0
39.0
40.0
39.0
37.0
39.0
39.0
39.0
52.0
52.0
25.0
30.0
29.0
1.0
1.0
1.0
1.0
1.0
274.0
307.0
309.0
309.0
308.0
250.0
307.0
309.0
398.0
402.0
254.0
253.0
308.0
307.0
308.0
308.0
308.0
308.0
307.0
273.0
268.0
267.0
308.0
308.0
308.0
309.0
307.0
307.0
269.0
320.0
283.0
282.0
319.0
321.0
319.0
320.0
321.0
320.0
282.0
343.0
268.0
267.0
348.0
343.0
342.0
1.0
1.0
1.0
1.0
1.0
694.0
607.0
688.0
688.0
608.0
601.0
666.0
652.0
651.0
651.0
587.0
581.0
664.0
583.0
663.0
663.0
668.0
665.0
665.0
663.0
572.0
581.0
582.0
664.0
654.0
654.0
653.0
665.0
666.0
661.0
636.0
636.0
636.0
650.0
649.0
638.0
647.0
625.0
625.0
624.0
612.0
610.0
609.0
620.0
620.0
324.0
322.0
338.0
337.0
339.0
626.0
620.0
621.0
624.0
619.0
653.0
651.0
647.0
651.0
646.0
649.0
654.0
647.0
661.0
651.0
615.0
612.0
613.0
611.0
605.0
628.0
624.0
621.0
625.0
628.0
626.0
619.0
624.0
626.0
626.0
612.0
605.0
607.0
605.0
612.0
606.0
605.0
611.0
613.0
612.0
626.0
621.0
621.0
619.0
626.0
336.0
335.0
338.0
338.0
339.0
605.0
605.0
611.0
609.0
609.0
611.0
606.0
613.0
604.0
626.0
621.0
621.0
626.0
647.0
625.0
627.0
621.0
663.0
662.0
650.0
653.0
654.0
659.0
655.0
656.0
651.0
657.0
604.0
615.0
621.0
621.0
629.0
627.0
629.0
626.0
627.0
632.0
620.0
626.0
630.0
605.0
606.0
616.0
612.0
612.0
321.0
323.0
321.0
321.0
323.0
623.0
627.0
623.0
621.0
627.0
622.0
621.0
626.0
625.0
626.0
605.0
611.0
610.0
604.0
610.0
606.0
605.0
624.0
623.0
626.0
622.0
627.0
624.0
621.0
627.0
661.0
662.0
652.0
654.0
648.0
653.0
660.0
644.0
652.0
656.0
610.0
611.0
616.0
618.0
613.0
620.0
626.0
623.0
622.0
627.0
319.0
320.0
339.0
339.0
339.0
621.0
621.0
604.0
609.0
610.0
611.0
611.0
604.0
605.0
610.0
621.0
621.0
622.0
626.0
627.0
625.0
626.0
621.0
620.0
624.0
606.0
608.0
605.0
611.0
609.0
613.0
610.0
606.0
606.0
626.0
622.0
622.0
621.0
635.0
626.0
628.0
627.0
622.0
621.0
650.0
649.0
651.0
647.0
648.0
648.0
365.0
363.0
358.0
361.0
328.0
618.0
615.0
605.0
604.0
629.0
622.0
627.0
621.0
626.0
626.0
636.0
622.0
627.0
620.0
610.0
604.0
605.0
605.0
612.0
610.0
630.0
642.0
627.0
632.0
642.0
636.0
636.0
637.0
659.0
658.0
623.0
621.0
642.0
640.0
635.0
617.0
616.0
616.0
639.0
637.0
624.0
623.0
628.0
628.0
627.0
338.0
336.0
336.0
323.0
323.0
647.0
647.0
650.0
649.0
651.0
657.0
650.0
658.0
659.0
657.0
614.0
611.0
612.0
620.0
620.0
626.0
626.0
630.0
631.0
628.0
623.0
623.0
621.0
609.0
605.0
610.0
611.0
611.0
610.0
610.0
622.0
622.0
622.0
622.0
621.0
627.0
626.0
628.0
627.0
627.0
606.0
606.0
606.0
606.0
605.0
323.0
324.0
324.0
324.0
323.0
627.0
627.0
628.0
628.0
622.0
625.0
621.0
620.0
623.0
622.0
647.0
651.0
651.0
653.0
651.0
653.0
653.0
653.0
652.0
647.0
610.0
617.0
633.0
611.0
626.0
625.0
629.0
627.0
621.0
623.0
630.0
638.0
628.0
632.0
607.0
617.0
605.0
606.0
607.0
605.0
630.0
632.0
628.0
629.0
628.0
324.0
321.0
321.0
334.0
336.0
622.0
628.0
622.0
606.0
604.0
610.0
611.0
609.0
610.0
613.0
622.0
625.0
620.0
621.0
620.0
625.0
632.0
625.0
624.0
620.0
641.0
645.0
639.0
642.0
642.0
647.0
646.0
646.0
646.0
641.0
606.0
610.0
606.0
606.0
608.0
610.0
626.0
624.0
626.0
621.0
624.0
627.0
622.0
622.0
620.0
338.0
323.0
323.0
323.0
320.0
610.0
611.0
610.0
610.0
619.0
620.0
624.0
621.0
620.0
620.0
625.0
626.0
625.0
627.0
607.0
606.0
605.0
610.0
605.0
604.0
625.0
626.0
626.0
625.0
620.0
623.0
621.0
624.0
621.0
620.0
645.0
648.0
643.0
650.0
647.0
651.0
647.0
652.0
648.0
646.0
612.0
610.0
610.0
611.0
604.0
321.0
320.0
324.0
320.0
321.0
619.0
622.0
624.0
619.0
620.0
626.0
624.0
628.0
626.0
620.0
604.0
607.0
610.0
605.0
605.0
625.0
623.0
625.0
625.0
621.0
621.0
619.0
629.0
628.0
627.0
628.0
636.0
627.0
627.0
618.0
644.0
643.0
645.0
634.0
633.0
637.0
635.0
636.0
633.0
626.0
647.0
643.0
654.0
648.0
642.0
361.0
366.0
360.0
364.0
361.0
610.0
611.0
616.0
610.0
618.0
611.0
612.0
615.0
605.0
607.0
629.0
628.0
626.0
621.0
629.0
622.0
620.0
627.0
628.0
622.0
610.0
610.0
610.0
604.0
626.0
604.0
618.0
623.0
620.0
627.0
628.0
628.0
627.0
622.0
622.0
612.0
606.0
606.0
604.0
610.0
625.0
626.0
625.0
623.0
621.0
323.0
319.0
320.0
321.0
339.0
626.0
623.0
661.0
662.0
651.0
650.0
649.0
646.0
648.0
649.0
653.0
655.0
609.0
616.0
609.0
611.0
608.0
609.0
624.0
614.0
627.0
625.0
622.0
624.0
620.0
657.0
658.0
621.0
620.0
620.0
606.0
606.0
616.0
606.0
607.0
624.0
622.0
621.0
620.0
623.0
622.0
633.0
620.0
627.0
623.0
322.0
323.0
320.0
320.0
320.0
607.0
608.0
620.0
621.0
623.0
621.0
622.0
621.0
626.0
623.0
664.0
663.0
652.0
648.0
649.0
649.0
650.0
650.0
651.0
650.0
628.0
608.0
614.0
607.0
606.0
616.0
614.0
615.0
615.0
607.0
624.0
624.0
625.0
625.0
623.0
625.0
625.0
623.0
623.0
624.0
608.0
607.0
606.0
605.0
606.0
321.0
320.0
321.0
321.0
323.0
621.0
621.0
621.0
622.0
631.0
624.0
621.0
620.0
621.0
621.0
606.0
604.0
606.0
606.0
606.0
625.0
623.0
620.0
622.0
625.0
627.0
621.0
622.0
666.0
664.0
652.0
647.0
651.0
646.0
650.0
653.0
648.0
646.0
609.0
605.0
611.0
612.0
604.0
613.0
611.0
624.0
627.0
626.0
627.0
620.0
340.0
338.0
337.0
339.0
341.0
1.0
1.0
1.0
1.0
1.0
1.0
1.0
1.0
0.0
1.0
1.0
0.0
1.0
1.0
1.0
1.0
1.0
1.0
0.0
1.0
1.0
0.0
1.0
1.0
1.0
1.0
1.0
1.0
0.0
1.0
1.0
0.0
1.0
1.0
1.0
0.0
1.0
1.0
1.0
0.0
1.0
1.0
1.0
1.0
0.0
1.0
1.0
1.0
0.0
1.0
27.0
28.0
27.0
27.0
27.0
28.0
27.0
27.0
28.0
27.0
27.0
28.0
27.0
27.0
28.0
27.0
27.0
27.0
27.0
27.0
27.0
27.0
27.0
27.0
27.0
27.0
27.0
27.0
27.0
28.0
28.0
27.0
28.0
27.0
27.0
27.0
28.0
27.0
27.0
27.0
27.0
27.0
11.0
1.0
1.0
1.0
1.0
1.0
1.0
1.0
27.0
27.0
28.0
27.0
28.0
27.0
28.0
28.0
28.0
28.0
28.0
28.0
27.0
28.0
27.0
27.0
27.0
27.0
27.0
27.0
27.0
27.0
27.0
27.0
27.0
27.0
27.0
28.0
28.0
28.0
28.0
27.0
28.0
27.0
28.0
28.0
27.0
27.0
27.0
27.0
27.0
28.0
11.0
1.0
1.0
1.0
1.0
1.0
1.0
1.0
28.0
27.0
27.0
27.0
28.0
27.0
28.0
28.0
27.0
27.0
27.0
27.0
28.0
27.0
27.0
28.0
27.0
28.0
28.0
28.0
27.0
27.0
27.0
28.0
27.0
27.0
28.0
27.0
27.0
27.0
28.0
27.0
28.0
27.0
28.0
28.0
27.0
28.0
28.0
27.0
27.0
28.0
11.0
1.0
1.0
1.0
1.0
1.0
1.0
0.0
288.0
287.0
286.0
286.0
286.0
286.0
289.0
289.0
289.0
288.0
301.0
300.0
304.0
301.0
301.0
301.0
304.0
304.0
304.0
304.0
287.0
286.0
288.0
286.0
286.0
288.0
290.0
288.0
289.0
288.0
287.0
287.0
286.0
289.0
286.0
287.0
289.0
289.0
289.0
289.0
286.0
286.0
11.0
1.0
0.0
1.0
0.0
1.0
0.0
1.0
647.0
656.0
628.0
627.0
699.0
690.0
697.0
688.0
676.0
741.0
653.0
642.0
676.0
687.0
631.0
638.0
645.0
631.0
612.0
608.0
621.0
623.0
621.0
624.0
621.0
621.0
623.0
648.0
628.0
623.0
608.0
609.0
610.0
611.0
608.0
611.0
610.0
611.0
623.0
621.0
622.0
622.0
347.0
338.0
335.0
336.0
336.0
336.0
322.0
322.0
607.0
608.0
610.0
608.0
607.0
609.0
625.0
626.0
628.0
627.0
625.0
625.0
627.0
625.0
624.0
637.0
654.0
661.0
658.0
657.0
658.0
656.0
658.0
659.0
652.0
662.0
614.0
615.0
616.0
616.0
623.0
624.0
635.0
626.0
622.0
623.0
626.0
625.0
626.0
625.0
606.0
608.0
330.0
324.0
322.0
320.0
324.0
323.0
323.0
323.0
625.0
621.0
625.0
621.0
624.0
625.0
624.0
623.0
621.0
626.0
606.0
611.0
606.0
608.0
609.0
612.0
610.0
607.0
606.0
610.0
621.0
625.0
621.0
620.0
623.0
626.0
626.0
620.0
622.0
626.0
644.0
652.0
647.0
657.0
660.0
659.0
655.0
658.0
658.0
650.0
612.0
611.0
336.0
325.0
329.0
323.0
322.0
322.0
323.0
324.0
622.0
622.0
626.0
624.0
625.0
628.0
622.0
620.0
627.0
625.0
605.0
607.0
627.0
624.0
627.0
620.0
622.0
624.0
624.0
625.0
623.0
622.0
621.0
610.0
616.0
607.0
606.0
607.0
610.0
610.0
620.0
621.0
629.0
624.0
625.0
621.0
621.0
621.0
627.0
626.0
646.0
648.0
372.0
361.0
363.0
361.0
362.0
356.0
363.0
363.0
617.0
606.0
613.0
613.0
606.0
606.0
609.0
607.0
616.0
611.0
623.0
624.0
619.0
622.0
626.0
623.0
621.0
621.0
625.0
621.0
606.0
608.0
605.0
608.0
608.0
606.0
609.0
606.0
606.0
622.0
629.0
623.0
622.0
623.0
621.0
621.0
622.0
620.0
620.0
607.0
628.0
622.0
338.0
324.0
324.0
321.0
321.0
320.0
319.0
323.0
622.0
623.0
624.0
620.0
622.0
621.0
620.0
622.0
655.0
658.0
652.0
681.0
685.0
663.0
683.0
653.0
653.0
687.0
607.0
652.0
624.0
621.0
619.0
648.0
621.0
649.0
647.0
643.0
620.0
624.0
608.0
605.0
605.0
605.0
605.0
605.0
606.0
605.0
618.0
619.0
618.0
620.0
345.0
336.0
335.0
336.0
335.0
336.0
321.0
321.0
605.0
605.0
605.0
608.0
607.0
607.0
606.0
604.0
605.0
620.0
622.0
622.0
621.0
621.0
622.0
621.0
667.0
657.0
656.0
645.0
644.0
646.0
645.0
644.0
646.0
647.0
608.0
607.0
607.0
606.0
607.0
605.0
606.0
607.0
622.0
621.0
621.0
621.0
622.0
622.0
623.0
622.0
346.0
337.0
321.0
321.0
321.0
321.0
320.0
321.0
606.0
607.0
607.0
605.0
622.0
620.0
625.0
619.0
620.0
619.0
621.0
622.0
631.0
622.0
604.0
606.0
610.0
607.0
606.0
606.0
621.0
622.0
620.0
622.0
622.0
619.0
620.0
622.0
621.0
620.0
647.0
645.0
648.0
643.0
650.0
655.0
654.0
653.0
648.0
655.0
606.0
606.0
343.0
322.0
320.0
323.0
322.0
321.0
324.0
321.0
622.0
621.0
625.0
628.0
627.0
625.0
626.0
622.0
623.0
623.0
610.0
621.0
609.0
610.0
625.0
629.0
645.0
623.0
627.0
624.0
625.0
625.0
628.0
636.0
620.0
609.0
608.0
610.0
608.0
607.0
622.0
624.0
627.0
630.0
630.0
626.0
624.0
622.0
621.0
627.0
641.0
640.0
332.0
323.0
323.0
319.0
322.0
321.0
320.0
323.0
645.0
656.0
657.0
651.0
654.0
650.0
648.0
660.0
609.0
612.0
627.0
633.0
624.0
628.0
631.0
627.0
630.0
635.0
625.0
626.0
610.0
609.0
608.0
609.0
610.0
609.0
607.0
615.0
609.0
608.0
622.0
622.0
622.0
622.0
623.0
621.0
624.0
633.0
625.0
622.0
606.0
621.0
330.0
320.0
320.0
322.0
321.0
320.0
321.0
320.0
620.0
621.0
621.0
622.0
620.0
623.0
621.0
622.0
661.0
650.0
648.0
647.0
647.0
649.0
648.0
648.0
659.0
648.0
615.0
624.0
631.0
665.0
668.0
628.0
630.0
638.0
659.0
634.0
660.0
657.0
607.0
606.0
607.0
638.0
634.0
607.0
607.0
634.0
619.0
617.0
624.0
623.0
346.0
341.0
339.0
338.0
338.0
337.0
338.0
340.0
609.0
605.0
610.0
610.0
607.0
609.0
606.0
607.0
611.0
609.0
621.0
622.0
625.0
625.0
620.0
625.0
621.0
621.0
626.0
624.0
644.0
642.0
646.0
645.0
640.0
649.0
646.0
646.0
650.0
648.0
608.0
606.0
606.0
610.0
609.0
609.0
621.0
622.0
625.0
624.0
622.0
621.0
347.0
339.0
338.0
337.0
320.0
321.0
323.0
323.0
610.0
606.0
609.0
610.0
621.0
623.0
622.0
624.0
622.0
626.0
622.0
625.0
625.0
625.0
606.0
606.0
606.0
610.0
608.0
609.0
621.0
625.0
624.0
625.0
621.0
622.0
622.0
625.0
622.0
625.0
661.0
673.0
667.0
660.0
662.0
664.0
667.0
671.0
660.0
669.0
610.0
617.0
338.0
323.0
321.0
324.0
324.0
324.0
320.0
325.0
626.0
624.0
622.0
623.0
623.0
623.0
623.0
622.0
625.0
625.0
610.0
610.0
607.0
608.0
606.0
609.0
608.0
605.0
610.0
623.0
624.0
624.0
621.0
622.0
620.0
623.0
621.0
620.0
624.0
611.0
611.0
610.0
620.0
620.0
622.0
624.0
620.0
620.0
624.0
623.0
624.0
624.0
331.0
320.0
321.0
320.0
322.0
320.0
322.0
322.0
641.0
650.0
643.0
649.0
654.0
648.0
654.0
656.0
656.0
656.0
620.0
626.0
621.0
620.0
634.0
622.0
629.0
634.0
624.0
627.0
607.0
606.0
608.0
607.0
609.0
610.0
612.0
619.0
610.0
611.0
620.0
621.0
621.0
619.0
621.0
625.0
624.0
626.0
627.0
625.0
581.0
578.0
332.0
321.0
320.0
322.0
321.0
318.0
320.0
314.0
