1.0
1.0
0.0
0.0
0.0
0.0
1.0
1.0
0.0
0.0
0.0
0.0
0.0
1.0
1.0
0.0
0.0
1.0
1.0
0.0
0.0
0.0
0.0
0.0
1.0
0.0
1.0
1.0
1.0
1.0
51.0
50.0
92.0
50.0
50.0
49.0
93.0
49.0
92.0
93.0
49.0
49.0
49.0
49.0
49.0
49.0
93.0
92.0
87.0
85.0
49.0
49.0
49.0
50.0
50.0
49.0
49.0
50.0
50.0
42.0
49.0
49.0
40.0
49.0
69.0
69.0
39.0
49.0
49.0
49.0
49.0
50.0
40.0
49.0
40.0
49.0
50.0
49.0
50.0
49.0
49.0
50.0
40.0
40.0
49.0
49.0
50.0
49.0
49.0
49.0
40.0
49.0
49.0
40.0
50.0
40.0
61.0
61.0
63.0
62.0
62.0
40.0
61.0
62.0
62.0
57.0
58.0
49.0
49.0
49.0
49.0
50.0
49.0
49.0
40.0
49.0
40.0
50.0
49.0
49.0
49.0
49.0
50.0
49.0
40.0
49.0
40.0
49.0
49.0
49.0
49.0
49.0
49.0
49.0
40.0
40.0
49.0
49.0
49.0
49.0
49.0
40.0
49.0
49.0
49.0
40.0
49.0
40.0
49.0
49.0
49.0
50.0
49.0
40.0
52.0
50.0
40.0
49.0
69.0
50.0
49.0
50.0
49.0
49.0
49.0
74.0
40.0
49.0
49.0
49.0
49.0
49.0
50.0
48.0
40.0
74.0
49.0
74.0
49.0
49.0
49.0
49.0
49.0
40.0
48.0
49.0
75.0
40.0
50.0
49.0
49.0
49.0
49.0
50.0
75.0
49.0
40.0
49.0
49.0
49.0
49.0
49.0
48.0
74.0
40.0
47.0
65.0
45.0
45.0
45.0
0.0
0.0
0.0
1.0
1.0
0.0
0.0
0.0
1.0
1.0
1.0
0.0
0.0
0.0
0.0
0.0
0.0
0.0
0.0
0.0
0.0
0.0
0.0
1.0
1.0
1.0
1.0
1.0
1.0
1.0
0.0
0.0
1.0
0.0
0.0
0.0
0.0
0.0
1.0
1.0
1.0
1.0
0.0
1.0
1.0
1.0
1.0
1.0
1.0
0.0
0.0
0.0
0.0
0.0
0.0
0.0
0.0
0.0
0.0
1.0
0.0
1.0
1.0
1.0
1.0
1.0
1.0
1.0
0.0
0.0
0.0
0.0
0.0
0.0
0.0
0.0
0.0
1.0
0.0
1.0
0.0
1.0
1.0
1.0
1.0
1.0
1.0
0.0
0.0
0.0
0.0
0.0
0.0
0.0
0.0
1.0
0.0
0.0
1.0
0.0
1.0
1.0
1.0
1.0
1.0
1.0
0.0
1.0
0.0
0.0
0.0
0.0
0.0
0.0
0.0
0.0
1.0
0.0
0.0
1.0
1.0
1.0
1.0
1.0
1.0
0.0
1.0
0.0
0.0
0.0
0.0
0.0
0.0
0.0
0.0
0.0
1.0
0.0
1.0
1.0
1.0
1.0
1.0
1.0
1.0
1.0
0.0
0.0
0.0
0.0
0.0
0.0
0.0
1.0
1.0
0.0
0.0
1.0
0.0
1.0
1.0
1.0
1.0
1.0
1.0
0.0
0.0
0.0
0.0
0.0
0.0
0.0
0.0
1.0
0.0
0.0
1.0
0.0
1.0
1.0
1.0
1.0
1.0
1.0
0.0
0.0
0.0
0.0
0.0
0.0
0.0
0.0
0.0
0.0
0.0
1.0
1.0
1.0
1.0
1.0
50.0
49.0
92.0
93.0
94.0
49.0
93.0
49.0
93.0
91.0
50.0
49.0
50.0
50.0
85.0
87.0
93.0
93.0
93.0
93.0
49.0
49.0
49.0
49.0
49.0
49.0
50.0
49.0
40.0
49.0
87.0
87.0
94.0
94.0
49.0
51.0
50.0
49.0
40.0
49.0
49.0
49.0
49.0
49.0
39.0
49.0
49.0
49.0
93.0
93.0
49.0
49.0
49.0
40.0
49.0
49.0
49.0
49.0
40.0
49.0
49.0
49.0
50.0
50.0
49.0
55.0
61.0
49.0
41.0
50.0
49.0
49.0
49.0
40.0
49.0
49.0
49.0
41.0
49.0
49.0
49.0
50.0
49.0
40.0
40.0
49.0
50.0
50.0
49.0
49.0
50.0
49.0
49.0
41.0
40.0
50.0
49.0
49.0
49.0
40.0
49.0
49.0
49.0
49.0
40.0
50.0
54.0
49.0
47.0
50.0
41.0
49.0
49.0
50.0
50.0
49.0
49.0
52.0
42.0
40.0
49.0
49.0
49.0
49.0
49.0
40.0
49.0
49.0
40.0
49.0
49.0
50.0
50.0
49.0
49.0
40.0
40.0
49.0
49.0
49.0
49.0
49.0
49.0
49.0
49.0
40.0
40.0
49.0
48.0
49.0
50.0
49.0
55.0
63.0
49.0
50.0
40.0
49.0
50.0
49.0
49.0
40.0
49.0
48.0
49.0
75.0
74.0
49.0
48.0
40.0
49.0
49.0
49.0
50.0
49.0
40.0
49.0
50.0
90.0
49.0
91.0
50.0
49.0
49.0
49.0
55.0
64.0
63.0
63.0
63.0
63.0
62.0
63.0
45.0
53.0
49.0
49.0
49.0
50.0
49.0
49.0
49.0
49.0
43.0
43.0
43.0
49.0
48.0
49.0
50.0
43.0
49.0
49.0
50.0
43.0
42.0
50.0
50.0
49.0
43.0
50.0
50.0
42.0
49.0
48.0
42.0
49.0
49.0
42.0
49.0
50.0
57.0
43.0
64.0
48.0
49.0
42.0
48.0
48.0
47.0
42.0
48.0
48.0
48.0
79.0
79.0
43.0
48.0
48.0
48.0
43.0
48.0
48.0
47.0
43.0
47.0
48.0
42.0
49.0
80.0
48.0
79.0
48.0
48.0
43.0
42.0
48.0
48.0
47.0
48.0
47.0
48.0
42.0
80.0
43.0
48.0
80.0
48.0
48.0
48.0
48.0
44.0
48.0
43.0
48.0
48.0
48.0
42.0
48.0
48.0
47.0
116.0
42.0
117.0
85.0
85.0
85.0
80.0
86.0
85.0
85.0
81.0
48.0
48.0
48.0
79.0
43.0
79.0
50.0
43.0
48.0
48.0
48.0
42.0
48.0
48.0
42.0
47.0
47.0
48.0
80.0
43.0
48.0
80.0
48.0
48.0
42.0
47.0
47.0
48.0
43.0
48.0
48.0
43.0
47.0
48.0
49.0
48.0
79.0
79.0
43.0
43.0
48.0
48.0
48.0
48.0
47.0
49.0
43.0
42.0
48.0
47.0
79.0
48.0
79.0
48.0
48.0
48.0
43.0
43.0
48.0
48.0
47.0
43.0
48.0
48.0
47.0
43.0
79.0
78.0
47.0
48.0
48.0
42.0
48.0
47.0
48.0
43.0
48.0
48.0
48.0
43.0
48.0
48.0
79.0
42.0
48.0
79.0
48.0
48.0
43.0
47.0
43.0
47.0
48.0
47.0
43.0
48.0
48.0
80.0
48.0
43.0
79.0
48.0
48.0
48.0
42.0
48.0
48.0
48.0
42.0
48.0
47.0
48.0
43.0
79.0
79.0
43.0
47.0
47.0
47.0
48.0
48.0
48.0
43.0
43.0
48.0
48.0
48.0
79.0
48.0
48.0
47.0
43.0
79.0
42.0
48.0
48.0
48.0
48.0
48.0
42.0
48.0
44.0
48.0
48.0
80.0
48.0
79.0
43.0
48.0
48.0
48.0
42.0
47.0
47.0
47.0
42.0
47.0
48.0
47.0
43.0
79.0
79.0
47.0
48.0
48.0
43.0
42.0
48.0
48.0
48.0
43.0
48.0
47.0
48.0
43.0
80.0
48.0
48.0
48.0
80.0
43.0
48.0
47.0
48.0
43.0
48.0
48.0
48.0
60.0
64.0
65.0
62.0
91.0
64.0
87.0
64.0
64.0
64.0
46.0
45.0
48.0
48.0
48.0
49.0
49.0
49.0
44.0
44.0
45.0
44.0
48.0
48.0
48.0
47.0
47.0
48.0
45.0
45.0
48.0
45.0
48.0
48.0
47.0
48.0
47.0
47.0
45.0
46.0
47.0
46.0
47.0
47.0
47.0
47.0
48.0
45.0
48.0
45.0
45.0
44.0
47.0
47.0
47.0
45.0
47.0
45.0
47.0
47.0
47.0
45.0
48.0
48.0
47.0
45.0
44.0
47.0
47.0
48.0
44.0
44.0
48.0
48.0
49.0
47.0
44.0
48.0
48.0
48.0
44.0
45.0
47.0
48.0
47.0
45.0
45.0
47.0
47.0
47.0
45.0
44.0
47.0
47.0
48.0
44.0
44.0
47.0
44.0
48.0
44.0
48.0
48.0
48.0
47.0
44.0
44.0
44.0
45.0
48.0
47.0
47.0
47.0
44.0
47.0
47.0
45.0
44.0
44.0
47.0
47.0
48.0
45.0
60.0
47.0
64.0
47.0
45.0
44.0
47.0
47.0
46.0
44.0
46.0
46.0
44.0
44.0
82.0
46.0
47.0
83.0
48.0
44.0
46.0
47.0
45.0
44.0
46.0
46.0
46.0
44.0
46.0
44.0
46.0
83.0
44.0
82.0
46.0
46.0
47.0
44.0
46.0
44.0
45.0
47.0
46.0
47.0
46.0
44.0
83.0
45.0
83.0
46.0
44.0
46.0
45.0
46.0
46.0
45.0
45.0
45.0
46.0
46.0
46.0
47.0
47.0
53.0
46.0
50.0
45.0
46.0
46.0
46.0
45.0
45.0
45.0
45.0
46.0
46.0
46.0
45.0
46.0
46.0
46.0
46.0
47.0
45.0
62.0
62.0
64.0
64.0
62.0
63.0
64.0
64.0
64.0
63.0
49.0
47.0
46.0
46.0
47.0
46.0
45.0
46.0
47.0
46.0
46.0
47.0
46.0
46.0
46.0
46.0
46.0
46.0
45.0
46.0
46.0
46.0
46.0
45.0
46.0
48.0
46.0
46.0
48.0
48.0
48.0
49.0
49.0
50.0
51.0
52.0
51.0
52.0
51.0
54.0
56.0
54.0
54.0
54.0
49.0
48.0
48.0
48.0
47.0
47.0
47.0
48.0
48.0
47.0
48.0
49.0
48.0
48.0
48.0
47.0
47.0
47.0
47.0
49.0
47.0
48.0
48.0
48.0
48.0
47.0
47.0
47.0
48.0
48.0
49.0
49.0
48.0
48.0
48.0
47.0
48.0
47.0
46.0
47.0
47.0
48.0
47.0
47.0
47.0
46.0
46.0
47.0
47.0
48.0
47.0
48.0
48.0
48.0
48.0
48.0
48.0
47.0
47.0
48.0
47.0
48.0
48.0
48.0
48.0
49.0
46.0
46.0
47.0
47.0
47.0
49.0
48.0
48.0
48.0
46.0
49.0
46.0
47.0
47.0
48.0
49.0
47.0
48.0
47.0
46.0
47.0
47.0
47.0
48.0
48.0
49.0
49.0
48.0
48.0
48.0
49.0
47.0
47.0
47.0
48.0
47.0
47.0
48.0
48.0
46.0
46.0
47.0
47.0
47.0
48.0
47.0
47.0
48.0
47.0
48.0
47.0
47.0
47.0
49.0
86.0
87.0
87.0
85.0
85.0
85.0
84.0
85.0
86.0
84.0
46.0
46.0
46.0
46.0
46.0
46.0
47.0
46.0
47.0
46.0
47.0
46.0
46.0
46.0
46.0
47.0
45.0
46.0
46.0
46.0
46.0
46.0
46.0
46.0
46.0
46.0
46.0
46.0
47.0
46.0
46.0
47.0
47.0
47.0
46.0
46.0
45.0
46.0
45.0
46.0
46.0
46.0
45.0
45.0
45.0
46.0
46.0
45.0
46.0
46.0
46.0
47.0
46.0
48.0
48.0
46.0
46.0
46.0
46.0
45.0
46.0
46.0
45.0
46.0
46.0
46.0
45.0
46.0
46.0
46.0
46.0
46.0
46.0
46.0
45.0
46.0
46.0
47.0
45.0
46.0
47.0
46.0
46.0
46.0
45.0
46.0
46.0
46.0
46.0
45.0
45.0
46.0
46.0
46.0
48.0
47.0
46.0
46.0
46.0
48.0
46.0
46.0
46.0
46.0
45.0
45.0
45.0
46.0
47.0
45.0
46.0
46.0
46.0
46.0
46.0
46.0
48.0
46.0
46.0
46.0
46.0
47.0
46.0
46.0
46.0
46.0
46.0
46.0
46.0
46.0
46.0
46.0
46.0
46.0
45.0
46.0
46.0
46.0
47.0
46.0
47.0
46.0
46.0
46.0
46.0
46.0
45.0
45.0
45.0
46.0
46.0
46.0
46.0
45.0
45.0
46.0
46.0
46.0
46.0
46.0
46.0
48.0
47.0
47.0
46.0
47.0
46.0
46.0
46.0
46.0
47.0
46.0
49.0
47.0
46.0
46.0
46.0
46.0
45.0
46.0
47.0
47.0
47.0
47.0
47.0
47.0
45.0
46.0
46.0
46.0
46.0
46.0
45.0
46.0
45.0
46.0
47.0
45.0
46.0
45.0
46.0
46.0
47.0
46.0
47.0
46.0
46.0
48.0
46.0
64.0
65.0
65.0
65.0
65.0
65.0
65.0
65.0
66.0
65.0
48.0
47.0
47.0
46.0
46.0
46.0
47.0
47.0
46.0
46.0
46.0
47.0
46.0
46.0
47.0
46.0
46.0
47.0
45.0
45.0
45.0
46.0
46.0
46.0
46.0
46.0
46.0
46.0
46.0
45.0
46.0
46.0
48.0
47.0
47.0
46.0
46.0
45.0
46.0
46.0
45.0
47.0
47.0
46.0
46.0
46.0
46.0
46.0
46.0
46.0
47.0
46.0
47.0
47.0
46.0
46.0
46.0
46.0
46.0
45.0
46.0
46.0
46.0
46.0
46.0
46.0
47.0
46.0
45.0
46.0
45.0
47.0
46.0
46.0
46.0
47.0
46.0
46.0
46.0
46.0
46.0
46.0
47.0
47.0
46.0
46.0
46.0
46.0
46.0
45.0
46.0
46.0
46.0
46.0
47.0
45.0
47.0
46.0
46.0
48.0
46.0
47.0
46.0
46.0
46.0
45.0
46.0
45.0
46.0
45.0
46.0
46.0
47.0
47.0
46.0
46.0
46.0
47.0
47.0
46.0
47.0
46.0
46.0
46.0
46.0
46.0
46.0
46.0
46.0
46.0
45.0
46.0
46.0
46.0
46.0
46.0
47.0
46.0
46.0
46.0
46.0
46.0
46.0
46.0
46.0
46.0
46.0
46.0
45.0
45.0
46.0
47.0
46.0
45.0
45.0
46.0
46.0
46.0
46.0
46.0
46.0
47.0
48.0
46.0
46.0
46.0
46.0
46.0
46.0
46.0
46.0
46.0
46.0
46.0
46.0
46.0
45.0
46.0
46.0
46.0
45.0
47.0
46.0
47.0
46.0
46.0
46.0
46.0
46.0
47.0
47.0
46.0
45.0
46.0
47.0
46.0
45.0
45.0
46.0
46.0
46.0
47.0
62.0
62.0
62.0
63.0
64.0
63.0
62.0
63.0
63.0
64.0
47.0
48.0
48.0
48.0
46.0
47.0
46.0
47.0
46.0
46.0
46.0
47.0
47.0
47.0
46.0
47.0
46.0
47.0
46.0
47.0
46.0
46.0
46.0
46.0
46.0
46.0
46.0
46.0
45.0
46.0
46.0
46.0
46.0
46.0
46.0
46.0
47.0
46.0
46.0
47.0
47.0
46.0
46.0
46.0
46.0
46.0
45.0
46.0
45.0
46.0
45.0
46.0
45.0
46.0
46.0
46.0
46.0
45.0
46.0
46.0
46.0
46.0
47.0
45.0
46.0
46.0
46.0
46.0
46.0
46.0
45.0
45.0
46.0
45.0
46.0
46.0
45.0
46.0
46.0
46.0
46.0
47.0
47.0
47.0
46.0
46.0
46.0
46.0
46.0
46.0
46.0
46.0
45.0
46.0
46.0
46.0
46.0
46.0
45.0
47.0
46.0
46.0
47.0
46.0
47.0
46.0
46.0
47.0
48.0
47.0
46.0
46.0
45.0
46.0
45.0
46.0
46.0
46.0
45.0
46.0
47.0
46.0
46.0
47.0
46.0
46.0
47.0
46.0
46.0
46.0
45.0
46.0
46.0
46.0
45.0
46.0
46.0
47.0
46.0
86.0
86.0
87.0
86.0
88.0
86.0
87.0
87.0
87.0
88.0
47.0
46.0
47.0
46.0
45.0
46.0
47.0
46.0
46.0
46.0
47.0
46.0
46.0
46.0
46.0
45.0
46.0
46.0
47.0
46.0
46.0
46.0
46.0
47.0
47.0
45.0
46.0
47.0
46.0
45.0
46.0
45.0
45.0
46.0
46.0
45.0
46.0
46.0
46.0
45.0
46.0
45.0
48.0
46.0
46.0
46.0
47.0
47.0
46.0
46.0
46.0
46.0
45.0
46.0
46.0
46.0
46.0
46.0
46.0
47.0
46.0
46.0
46.0
45.0
46.0
46.0
47.0
47.0
46.0
46.0
47.0
46.0
46.0
45.0
46.0
46.0
46.0
46.0
46.0
46.0
46.0
46.0
46.0
46.0
47.0
47.0
47.0
46.0
46.0
47.0
45.0
47.0
46.0
46.0
45.0
46.0
46.0
46.0
46.0
46.0
45.0
46.0
45.0
46.0
46.0
47.0
47.0
46.0
46.0
47.0
48.0
47.0
46.0
46.0
46.0
46.0
46.0
46.0
45.0
46.0
45.0
46.0
46.0
45.0
45.0
46.0
46.0
46.0
46.0
46.0
46.0
47.0
45.0
47.0
46.0
47.0
46.0
47.0
46.0
47.0
46.0
46.0
46.0
45.0
46.0
46.0
46.0
46.0
46.0
46.0
45.0
46.0
46.0
46.0
46.0
46.0
46.0
46.0
47.0
46.0
46.0
46.0
46.0
45.0
46.0
46.0
46.0
46.0
46.0
46.0
46.0
46.0
46.0
45.0
45.0
47.0
45.0
47.0
46.0
47.0
46.0
46.0
46.0
46.0
46.0
45.0
46.0
47.0
46.0
46.0
46.0
46.0
46.0
46.0
46.0
46.0
46.0
46.0
46.0
46.0
46.0
46.0
46.0
45.0
46.0
46.0
46.0
47.0
46.0
46.0
67.0
67.0
66.0
65.0
65.0
65.0
68.0
67.0
68.0
67.0
47.0
44.0
44.0
48.0
45.0
45.0
47.0
48.0
47.0
48.0
45.0
44.0
47.0
44.0
47.0
44.0
47.0
47.0
47.0
47.0
44.0
44.0
45.0
47.0
44.0
47.0
48.0
47.0
48.0
47.0
45.0
44.0
44.0
47.0
45.0
47.0
47.0
48.0
47.0
47.0
44.0
44.0
44.0
44.0
47.0
47.0
47.0
47.0
47.0
48.0
44.0
45.0
45.0
44.0
48.0
48.0
47.0
47.0
48.0
47.0
44.0
44.0
44.0
44.0
47.0
47.0
47.0
47.0
47.0
47.0
44.0
45.0
45.0
44.0
47.0
48.0
47.0
48.0
48.0
47.0
44.0
44.0
44.0
45.0
48.0
47.0
47.0
47.0
47.0
47.0
44.0
44.0
45.0
44.0
47.0
48.0
48.0
48.0
47.0
48.0
44.0
45.0
44.0
44.0
47.0
47.0
47.0
47.0
47.0
44.0
44.0
45.0
47.0
45.0
45.0
44.0
44.0
41.0
41.0
