9.0
5.0
2.0
3.0
3.0
4.0
2.0
2.0
2.0
2.0
11.0
11.0
10.0
108.0
109.0
108.0
109.0
108.0
108.0
2000.0
2012.0
2012.0
2009.0
2009.0
2011.0
2010.0
2010.0
2011.0
2011.0
2018.0
6.0
6.0
5.0
6.0
6.0
6.0
6.0
6.0
6.0
1911.0
1917.0
1911.0
1913.0
1908.0
1912.0
1912.0
1913.0
1911.0
1936.0
1930.0
2.0
2.0
3.0
2.0
3.0
2.0
3.0
2.0
3.0
1064.0
1086.0
1079.0
1096.0
1098.0
1095.0
1090.0
1088.0
1079.0
1058.0
1058.0
2.0
2.0
2.0
2.0
2.0
2.0
2.0
2.0
3.0
1059.0
1058.0
1059.0
1056.0
1059.0
1055.0
1056.0
1054.0
1044.0
1044.0
1051.0
2.0
3.0
2.0
2.0
2.0
2.0
2.0
2.0
2.0
1049.0
1051.0
1050.0
1050.0
1070.0
1071.0
1059.0
1057.0
1057.0
1056.0
1056.0
6.0
6.0
6.0
6.0
6.0
6.0
6.0
6.0
6.0
1914.0
1914.0
1910.0
1902.0
1916.0
1920.0
1919.0
1922.0
1920.0
1921.0
1927.0
2.0
3.0
2.0
2.0
2.0
3.0
2.0
2.0
3.0
1067.0
1067.0
1058.0
1056.0
1059.0
1056.0
1058.0
1057.0
1057.0
1058.0
1056.0
2.0
2.0
2.0
2.0
2.0
2.0
2.0
2.0
2.0
1048.0
1046.0
1046.0
1050.0
1049.0
1047.0
1046.0
1046.0
1044.0
1048.0
1046.0
1.0
2.0
2.0
2.0
2.0
2.0
1.0
1.0
2.0
1049.0
1047.0
1050.0
1048.0
1050.0
1046.0
1047.0
1048.0
1048.0
1057.0
1055.0
2.0
2.0
2.0
1.0
1.0
2.0
2.0
2.0
2.0
1057.0
1059.0
1059.0
1057.0
1056.0
1055.0
1049.0
1049.0
909.0
908.0
879.0
29.0
200.0
200.0
371.0
371.0
370.0
371.0
370.0
370.0
2274.0
2277.0
2279.0
2284.0
2285.0
2284.0
2284.0
2284.0
2283.0
2290.0
2271.0
12.0
12.0
11.0
109.0
109.0
109.0
109.0
109.0
109.0
2010.0
2011.0
2010.0
2012.0
2011.0
2013.0
2018.0
2012.0
2008.0
1999.0
2003.0
11.0
11.0
11.0
11.0
11.0
11.0
11.0
11.0
12.0
1060.0
1058.0
1057.0
1056.0
1058.0
1057.0
1056.0
1056.0
1055.0
1057.0
1060.0
11.0
10.0
10.0
10.0
10.0
10.0
10.0
10.0
10.0
1057.0
1055.0
1054.0
1055.0
1056.0
1080.0
1086.0
1105.0
1103.0
1112.0
1105.0
10.0
10.0
10.0
9.0
9.0
10.0
10.0
9.0
9.0
1107.0
1108.0
1110.0
1107.0
1073.0
1070.0
1061.0
1061.0
1061.0
1059.0
1052.0
9.0
9.0
9.0
9.0
9.0
9.0
9.0
9.0
9.0
1058.0
1060.0
1059.0
1076.0
1087.0
1071.0
1072.0
1073.0
1069.0
1070.0
1068.0
9.0
8.0
9.0
8.0
9.0
9.0
8.0
9.0
9.0
1071.0
1072.0
1056.0
1052.0
1058.0
1059.0
1062.0
1058.0
1060.0
1059.0
1060.0
9.0
8.0
9.0
9.0
9.0
8.0
9.0
9.0
9.0
1060.0
1057.0
1051.0
1057.0
1057.0
1060.0
1057.0
1058.0
1058.0
1056.0
1054.0
9.0
8.0
9.0
9.0
9.0
8.0
9.0
9.0
9.0
1061.0
1061.0
1062.0
1062.0
1061.0
1064.0
1062.0
1062.0
1062.0
1058.0
1051.0
8.0
9.0
9.0
9.0
9.0
8.0
9.0
9.0
9.0
1052.0
1051.0
1054.0
1052.0
1056.0
1051.0
1053.0
1052.0
1050.0
1053.0
1054.0
7.0
114.0
114.0
288.0
288.0
288.0
287.0
288.0
288.0
2195.0
2196.0
2199.0
2205.0
2200.0
2198.0
2203.0
2198.0
2190.0
2197.0
2191.0
6.0
6.0
6.0
6.0
6.0
6.0
6.0
6.0
6.0
1056.0
1058.0
1057.0
1055.0
1056.0
1053.0
1055.0
1069.0
1061.0
1058.0
1060.0
6.0
5.0
5.0
6.0
6.0
6.0
6.0
6.0
6.0
1058.0
1058.0
1060.0
1058.0
1060.0
1050.0
1052.0
1050.0
1050.0
1048.0
1052.0
6.0
5.0
6.0
5.0
5.0
5.0
5.0
6.0
6.0
1051.0
1052.0
1051.0
1051.0
1051.0
1053.0
1050.0
1051.0
1053.0
1054.0
1053.0
5.0
4.0
5.0
5.0
5.0
5.0
4.0
4.0
5.0
1052.0
1054.0
1050.0
1058.0
1058.0
1059.0
1059.0
1061.0
1062.0
1063.0
1062.0
4.0
4.0
4.0
5.0
5.0
4.0
4.0
5.0
5.0
1063.0
1062.0
1070.0
1079.0
1082.0
1081.0
1084.0
1086.0
1089.0
1097.0
1098.0
4.0
4.0
10.0
5.0
5.0
5.0
4.0
5.0
4.0
1091.0
1076.0
1074.0
1064.0
1066.0
1066.0
1074.0
1087.0
1094.0
1080.0
1087.0
4.0
4.0
4.0
5.0
4.0
4.0
5.0
4.0
4.0
1088.0
1089.0
1087.0
1085.0
1101.0
1076.0
1062.0
1060.0
1062.0
1058.0
1058.0
5.0
4.0
5.0
4.0
4.0
5.0
4.0
4.0
5.0
1060.0
1062.0
1060.0
1057.0
1053.0
1052.0
1056.0
1052.0
1058.0
1055.0
1056.0
4.0
4.0
4.0
4.0
5.0
4.0
4.0
5.0
4.0
1070.0
1069.0
1059.0
1059.0
1059.0
1058.0
1060.0
1062.0
1061.0
1059.0
1049.0
3.0
3.0
3.0
3.0
3.0
3.0
3.0
3.0
3.0
1051.0
1051.0
1054.0
1053.0
1051.0
1051.0
1054.0
1054.0
1055.0
1055.0
1053.0
2.0
2.0
2.0
2.0
2.0
2.0
2.0
3.0
2.0
1052.0
1053.0
1053.0
1051.0
1051.0
1052.0
1050.0
1066.0
1057.0
1057.0
1057.0
2.0
2.0
3.0
2.0
2.0
2.0
2.0
2.0
2.0
1058.0
1059.0
1058.0
1058.0
1060.0
1056.0
1044.0
1049.0
1050.0
1052.0
1050.0
2.0
2.0
2.0
2.0
2.0
3.0
2.0
2.0
2.0
1051.0
1047.0
1053.0
1052.0
1064.0
1047.0
1055.0
1058.0
1056.0
1057.0
1056.0
2.0
2.0
2.0
2.0
2.0
2.0
2.0
2.0
2.0
1057.0
1056.0
1058.0
1058.0
1058.0
1054.0
1058.0
1057.0
1056.0
1055.0
1059.0
2.0
3.0
2.0
2.0
2.0
2.0
2.0
2.0
2.0
1057.0
1060.0
1045.0
1046.0
1047.0
1049.0
1051.0
1052.0
1051.0
1052.0
1052.0
2.0
2.0
2.0
2.0
2.0
2.0
2.0
2.0
2.0
1052.0
1046.0
1048.0
1045.0
1045.0
1046.0
1045.0
1045.0
1046.0
1044.0
1050.0
2.0
2.0
2.0
2.0
2.0
2.0
2.0
2.0
2.0
1058.0
1057.0
1054.0
1056.0
1055.0
1059.0
1057.0
1058.0
1056.0
1058.0
1049.0
2.0
2.0
2.0
2.0
2.0
2.0
2.0
2.0
2.0
1057.0
1072.0
1073.0
1073.0
1072.0
1080.0
1074.0
1073.0
1080.0
1080.0
1069.0
2.0
2.0
2.0
2.0
2.0
2.0
2.0
2.0
2.0
1053.0
1054.0
1055.0
1056.0
1056.0
1056.0
1055.0
1073.0
1079.0
1080.0
1078.0
3.0
3.0
3.0
3.0
3.0
3.0
3.0
3.0
3.0
1081.0
1082.0
1080.0
1081.0
1081.0
1081.0
1050.0
1046.0
1048.0
1047.0
1047.0
2.0
2.0
3.0
2.0
2.0
3.0
2.0
2.0
3.0
1046.0
1050.0
1048.0
1057.0
1056.0
1059.0
1053.0
1055.0
1054.0
1054.0
1054.0
2.0
2.0
2.0
2.0
2.0
2.0
2.0
2.0
3.0
1073.0
1078.0
1069.0
1063.0
1069.0
1067.0
1068.0
1065.0
1070.0
1082.0
1055.0
2.0
2.0
2.0
2.0
2.0
2.0
2.0
2.0
2.0
1052.0
1053.0
1046.0
1055.0
1055.0
1056.0
1057.0
1065.0
1055.0
1056.0
1057.0
2.0
2.0
2.0
2.0
2.0
2.0
2.0
2.0
2.0
1058.0
1058.0
1057.0
1055.0
1055.0
1075.0
1058.0
1059.0
1058.0
1059.0
1058.0
2.0
2.0
2.0
2.0
2.0
2.0
2.0
2.0
2.0
1058.0
1059.0
1060.0
1059.0
1044.0
1044.0
1045.0
1045.0
1046.0
1044.0
1046.0
2.0
2.0
2.0
2.0
2.0
2.0
2.0
2.0
2.0
1046.0
1046.0
1044.0
1045.0
1045.0
1048.0
1047.0
1050.0
1052.0
1047.0
1050.0
2.0
2.0
2.0
2.0
2.0
2.0
2.0
2.0
2.0
1051.0
1073.0
1069.0
1075.0
1075.0
1075.0
1076.0
1083.0
1075.0
1077.0
1075.0
2.0
2.0
2.0
2.0
2.0
2.0
2.0
2.0
2.0
1058.0
1059.0
1058.0
1061.0
1058.0
1060.0
1069.0
1058.0
1062.0
1067.0
1057.0
2.0
2.0
2.0
2.0
2.0
2.0
2.0
2.0
2.0
1064.0
1064.0
1063.0
1061.0
1063.0
1062.0
1074.0
1061.0
1066.0
1065.0
1061.0
3.0
3.0
2.0
2.0
3.0
3.0
3.0
3.0
3.0
1063.0
1064.0
1062.0
1064.0
1061.0
1062.0
1064.0
1048.0
1050.0
1076.0
1081.0
2.0
2.0
2.0
2.0
2.0
2.0
2.0
2.0
2.0
1082.0
1078.0
1160.0
1079.0
1080.0
1082.0
1076.0
1080.0
1050.0
1047.0
1048.0
1.0
2.0
2.0
2.0
2.0
2.0
2.0
2.0
2.0
1048.0
1049.0
1049.0
1049.0
1049.0
1057.0
1058.0
1055.0
1059.0
1058.0
1057.0
2.0
1.0
2.0
2.0
2.0
2.0
2.0
2.0
2.0
1058.0
1057.0
1058.0
1059.0
1045.0
1046.0
1044.0
1047.0
1045.0
1047.0
1047.0
2.0
2.0
2.0
2.0
2.0
2.0
1.0
2.0
2.0
1048.0
1046.0
1054.0
1056.0
1056.0
1052.0
1054.0
1055.0
1055.0
1056.0
1091.0
2.0
2.0
2.0
2.0
2.0
2.0
2.0
2.0
2.0
1082.0
1080.0
1078.0
1080.0
1077.0
1079.0
1078.0
1080.0
1084.0
1056.0
1054.0
2.0
2.0
2.0
2.0
2.0
2.0
2.0
2.0
2.0
1059.0
1058.0
1055.0
1056.0
1054.0
1057.0
1055.0
1049.0
1048.0
1049.0
1051.0
2.0
2.0
2.0
2.0
2.0
2.0
2.0
2.0
2.0
1047.0
1047.0
1043.0
1069.0
1069.0
1067.0
1056.0
1059.0
1061.0
1062.0
1057.0
2.0
2.0
2.0
2.0
2.0
2.0
2.0
2.0
2.0
1058.0
1067.0
1048.0
1053.0
1051.0
1051.0
1052.0
1051.0
1055.0
1050.0
1051.0
2.0
2.0
2.0
2.0
2.0
2.0
2.0
2.0
2.0
1046.0
1044.0
1045.0
1049.0
1049.0
1057.0
1050.0
1053.0
1049.0
1069.0
1059.0
7.0
114.0
114.0
288.0
289.0
289.0
289.0
295.0
288.0
2197.0
2196.0
2194.0
2196.0
2196.0
2198.0
2197.0
2203.0
2176.0
2182.0
2203.0
6.0
6.0
6.0
7.0
6.0
6.0
6.0
6.0
6.0
1075.0
1073.0
1072.0
1074.0
1072.0
1073.0
1062.0
1062.0
1058.0
1051.0
1053.0
6.0
6.0
6.0
6.0
5.0
5.0
5.0
6.0
6.0
1053.0
1051.0
1052.0
1052.0
1051.0
1048.0
1070.0
1078.0
1077.0
1081.0
1078.0
5.0
5.0
6.0
6.0
6.0
5.0
6.0
5.0
5.0
1076.0
1080.0
1079.0
1079.0
1078.0
1080.0
1066.0
1068.0
1063.0
1063.0
1065.0
5.0
5.0
4.0
5.0
4.0
5.0
5.0
4.0
5.0
1068.0
1066.0
1062.0
1062.0
1046.0
1049.0
1051.0
1049.0
1049.0
1049.0
1051.0
4.0
5.0
4.0
5.0
4.0
5.0
4.0
4.0
4.0
1050.0
1050.0
1050.0
1051.0
1052.0
1049.0
1049.0
1054.0
1056.0
1053.0
1054.0
4.0
5.0
4.0
5.0
4.0
4.0
5.0
4.0
5.0
1054.0
1073.0
1065.0
1067.0
1067.0
1066.0
1068.0
1067.0
1066.0
1069.0
1079.0
4.0
4.0
4.0
4.0
5.0
4.0
5.0
4.0
5.0
1060.0
1062.0
1064.0
1063.0
1063.0
1063.0
1061.0
1062.0
1063.0
1049.0
1048.0
5.0
4.0
5.0
4.0
4.0
4.0
4.0
5.0
4.0
1048.0
1052.0
1051.0
1052.0
1075.0
1071.0
1081.0
1084.0
1071.0
1073.0
1075.0
5.0
4.0
4.0
4.0
4.0
4.0
4.0
4.0
5.0
1077.0
1079.0
1088.0
1057.0
1056.0
1057.0
1066.0
1057.0
1054.0
1055.0
1068.0
3.0
10.0
3.0
3.0
3.0
4.0
3.0
3.0
4.0
1057.0
1058.0
1058.0
1052.0
1058.0
1071.0
1059.0
1060.0
1056.0
1065.0
1061.0
2.0
3.0
2.0
2.0
3.0
2.0
2.0
3.0
2.0
1061.0
1062.0
1059.0
1063.0
1062.0
1060.0
1058.0
1059.0
1047.0
1047.0
1046.0
2.0
2.0
3.0
2.0
2.0
2.0
2.0
2.0
3.0
1048.0
1047.0
1049.0
1048.0
1049.0
1047.0
1045.0
1047.0
1047.0
1046.0
1046.0
3.0
2.0
2.0
2.0
2.0
2.0
3.0
2.0
2.0
1048.0
1046.0
1046.0
1046.0
1046.0
1047.0
1062.0
1057.0
1058.0
1060.0
1060.0
2.0
2.0
2.0
2.0
2.0
2.0
2.0
2.0
2.0
1057.0
1063.0
1060.0
1058.0
1057.0
1047.0
1045.0
1047.0
1045.0
1047.0
1045.0
2.0
2.0
2.0
2.0
2.0
2.0
2.0
2.0
2.0
1048.0
1044.0
1044.0
1050.0
1074.0
1076.0
1071.0
1075.0
1072.0
1071.0
1098.0
2.0
2.0
2.0
2.0
2.0
2.0
2.0
2.0
2.0
1072.0
1075.0
1083.0
1071.0
1066.0
1067.0
1068.0
1067.0
1067.0
1119.0
1066.0
2.0
2.0
2.0
2.0
2.0
2.0
2.0
2.0
2.0
1066.0
1043.0
1048.0
1046.0
1046.0
1044.0
1045.0
1044.0
1044.0
1091.0
1046.0
2.0
2.0
2.0
2.0
2.0
2.0
2.0
2.0
2.0
1044.0
1053.0
1045.0
1049.0
1047.0
1051.0
1050.0
1049.0
1070.0
1117.0
1058.0
2.0
2.0
2.0
2.0
2.0
2.0
2.0
2.0
2.0
1062.0
1060.0
1061.0
1060.0
1061.0
1061.0
1066.0
1047.0
1090.0
1052.0
1055.0
2.0
2.0
2.0
2.0
2.0
2.0
2.0
2.0
2.0
1052.0
1054.0
1051.0
1051.0
1052.0
1051.0
1052.0
1043.0
1048.0
1052.0
1047.0
2.0
2.0
2.0
1.0
1.0
2.0
2.0
2.0
2.0
1048.0
1048.0
1048.0
1069.0
1058.0
1061.0
1059.0
1059.0
1066.0
1059.0
1059.0
2.0
2.0
2.0
2.0
2.0
2.0
2.0
2.0
2.0
1072.0
1064.0
1048.0
1049.0
1049.0
1049.0
1047.0
1053.0
1049.0
1056.0
1049.0
2.0
2.0
2.0
2.0
2.0
2.0
2.0
2.0
2.0
1051.0
1050.0
1046.0
1052.0
1051.0
1052.0
1077.0
1075.0
1065.0
1061.0
1062.0
2.0
2.0
2.0
2.0
2.0
2.0
1.0
1.0
2.0
1063.0
1063.0
1061.0
1061.0
1059.0
1050.0
1045.0
1046.0
1048.0
1049.0
1047.0
2.0
2.0
2.0
2.0
2.0
1.0
1.0
2.0
2.0
1046.0
1047.0
1042.0
1045.0
1048.0
1044.0
1046.0
1046.0
1044.0
1046.0
1045.0
2.0
2.0
2.0
2.0
2.0
1.0
1.0
2.0
2.0
1046.0
1045.0
1047.0
1061.0
1060.0
1059.0
1059.0
1057.0
1059.0
1058.0
1059.0
1.0
2.0
2.0
2.0
2.0
2.0
2.0
2.0
2.0
1061.0
1056.0
1046.0
1045.0
1045.0
1044.0
1048.0
1044.0
1046.0
1045.0
1045.0
2.0
2.0
2.0
2.0
2.0
2.0
1.0
1.0
2.0
1046.0
1076.0
1080.0
1077.0
1076.0
1078.0
1082.0
1078.0
1077.0
1077.0
1097.0
1.0
1.0
2.0
2.0
2.0
2.0
2.0
2.0
2.0
1059.0
1060.0
1056.0
1059.0
1060.0
1057.0
1057.0
1057.0
1057.0
1046.0
1047.0
2.0
1.0
2.0
2.0
1.0
1.0
2.0
2.0
1.0
1047.0
1049.0
1047.0
1050.0
1047.0
1047.0
1048.0
1050.0
1043.0
1049.0
1046.0
1.0
2.0
2.0
1.0
2.0
2.0
1.0
2.0
2.0
1050.0
1047.0
1048.0
1047.0
1048.0
1074.0
1082.0
1069.0
1068.0
1070.0
1073.0
2.0
1.0
2.0
2.0
1.0
2.0
2.0
1.0
2.0
1074.0
1070.0
1071.0
1069.0
1049.0
1057.0
1045.0
1047.0
1047.0
1053.0
1048.0
1.0
1.0
2.0
1.0
1.0
2.0
2.0
1.0
2.0
1050.0
1049.0
1055.0
1058.0
1060.0
1056.0
1056.0
1056.0
1059.0
1058.0
1056.0
2.0
1.0
2.0
2.0
1.0
2.0
2.0
1.0
2.0
1080.0
1063.0
1063.0
1062.0
1061.0
1061.0
1061.0
1066.0
1076.0
1069.0
1053.0
2.0
2.0
1.0
1.0
2.0
2.0
1.0
2.0
2.0
1050.0
1050.0
1051.0
1050.0
1050.0
1050.0
1059.0
1048.0
1050.0
1048.0
1045.0
1.0
2.0
2.0
1.0
2.0
2.0
1.0
1.0
2.0
1045.0
1050.0
1046.0
1068.0
1068.0
1060.0
1057.0
1057.0
1058.0
1061.0
1057.0
1.0
2.0
2.0
1.0
2.0
2.0
1.0
2.0
2.0
1058.0
1059.0
1046.0
1045.0
1047.0
1048.0
1050.0
1048.0
1045.0
1047.0
1048.0
1.0
2.0
2.0
1.0
2.0
2.0
1.0
1.0
2.0
1045.0
1044.0
1046.0
1047.0
1048.0
1048.0
1046.0
1046.0
1047.0
1046.0
1045.0
2.0
2.0
1.0
1.0
2.0
2.0
1.0
2.0
2.0
1058.0
1055.0
1058.0
1056.0
1058.0
1058.0
1058.0
1059.0
1061.0
1058.0
1046.0
2.0
1.0
1.0
2.0
1.0
1.0
2.0
1.0
1.0
1047.0
1047.0
1047.0
1048.0
1047.0
1047.0
1046.0
1045.0
1045.0
1054.0
1062.0
1.0
1.0
2.0
1.0
1.0
2.0
2.0
1.0
2.0
1067.0
1064.0
1067.0
1068.0
1075.0
1080.0
1079.0
1108.0
1084.0
1084.0
1082.0
2.0
1.0
2.0
2.0
2.0
2.0
2.0
2.0
1.0
1077.0
1075.0
1071.0
1066.0
1064.0
1062.0
1044.0
1048.0
1049.0
1050.0
1049.0
2.0
2.0
1.0
2.0
2.0
1.0
1.0
2.0
1.0
1049.0
1049.0
1046.0
1049.0
1052.0
1044.0
1053.0
1053.0
1054.0
1054.0
1054.0
1.0
1.0
2.0
1.0
1.0
2.0
2.0
1.0
2.0
1053.0
1052.0
1072.0
1062.0
1055.0
1060.0
1062.0
1062.0
1062.0
1061.0
1062.0
2.0
2.0
1.0
2.0
2.0
1.0
2.0
2.0
1.0
1063.0
1047.0
1042.0
1045.0
1042.0
1044.0
1046.0
1045.0
1046.0
1044.0
1050.0
2.0
1.0
2.0
2.0
1.0
1.0
2.0
1.0
1.0
1045.0
1046.0
1049.0
1050.0
1049.0
1052.0
1051.0
1070.0
1070.0
1058.0
1058.0
1.0
2.0
2.0
1.0
2.0
2.0
1.0
2.0
2.0
1056.0
1058.0
1059.0
1060.0
1068.0
1070.0
1045.0
1055.0
1052.0
1054.0
1053.0
2.0
2.0
1.0
2.0
2.0
1.0
2.0
2.0
1.0
1054.0
1052.0
1052.0
1050.0
1051.0
1049.0
1045.0
1045.0
1048.0
1049.0
1048.0
2.0
1.0
1.0
2.0
1.0
1.0
2.0
1.0
1.0
1071.0
1069.0
1063.0
1059.0
1058.0
1054.0
1046.0
1027.0
1008.0
988.0
855.0
