1.0
1.0
0.0
0.0
1.0
1.0
1.0
1.0
1.0
0.0
2.0
2.0
2.0
2.0
2.0
2.0
2.0
0.0
1.0
1.0
38.0
68.0
68.0
37.0
37.0
37.0
37.0
66.0
66.0
35.0
124.0
124.0
124.0
124.0
123.0
124.0
233.0
158.0
141.0
231.0
123.0
124.0
123.0
123.0
123.0
124.0
101.0
122.0
122.0
122.0
123.0
124.0
124.0
123.0
219.0
219.0
100.0
122.0
122.0
122.0
123.0
146.0
124.0
124.0
139.0
123.0
124.0
123.0
122.0
122.0
124.0
123.0
124.0
101.0
101.0
123.0
152.0
122.0
139.0
123.0
123.0
100.0
124.0
124.0
123.0
124.0
106.0
122.0
122.0
123.0
123.0
123.0
124.0
108.0
107.0
128.0
114.0
126.0
126.0
125.0
115.0
115.0
128.0
128.0
126.0
123.0
109.0
121.0
116.0
106.0
122.0
123.0
123.0
152.0
122.0
107.0
119.0
107.0
138.0
118.0
120.0
119.0
119.0
119.0
115.0
111.0
118.0
110.0
117.0
117.0
119.0
111.0
119.0
121.0
111.0
111.0
117.0
109.0
114.0
152.0
116.0
115.0
114.0
152.0
112.0
113.0
115.0
114.0
114.0
113.0
116.0
115.0
117.0
116.0
116.0
115.0
115.0
114.0
113.0
114.0
115.0
115.0
115.0
115.0
116.0
116.0
115.0
115.0
114.0
115.0
115.0
115.0
115.0
115.0
115.0
115.0
115.0
114.0
114.0
113.0
119.0
119.0
120.0
121.0
120.0
121.0
120.0
119.0
119.0
118.0
117.0
116.0
115.0
115.0
115.0
115.0
115.0
114.0
114.0
114.0
115.0
115.0
115.0
114.0
114.0
112.0
111.0
109.0
106.0
105.0
3.0
2.0
2.0
2.0
1.0
2.0
2.0
1.0
1.0
0.0
2.0
4.0
4.0
1.0
1.0
2.0
2.0
0.0
1.0
1.0
2.0
3.0
3.0
2.0
2.0
2.0
2.0
0.0
1.0
0.0
3.0
3.0
2.0
2.0
0.0
2.0
2.0
1.0
0.0
0.0
2.0
2.0
4.0
3.0
0.0
2.0
2.0
1.0
1.0
0.0
2.0
2.0
2.0
4.0
1.0
2.0
2.0
1.0
0.0
1.0
3.0
1.0
0.0
0.0
0.0
2.0
1.0
1.0
1.0
1.0
2.0
0.0
0.0
0.0
0.0
0.0
1.0
1.0
1.0
1.0
1.0
1.0
0.0
0.0
0.0
0.0
0.0
0.0
0.0
0.0
1.0
1.0
1.0
1.0
1.0
1.0
1.0
1.0
0.0
0.0
37.0
37.0
37.0
37.0
37.0
68.0
37.0
65.0
66.0
65.0
37.0
37.0
37.0
37.0
37.0
37.0
81.0
79.0
79.0
78.0
37.0
37.0
37.0
37.0
37.0
37.0
50.0
49.0
49.0
50.0
51.0
51.0
69.0
69.0
65.0
68.0
37.0
36.0
35.0
36.0
37.0
37.0
37.0
37.0
35.0
37.0
37.0
36.0
65.0
65.0
68.0
68.0
37.0
37.0
35.0
37.0
36.0
35.0
36.0
36.0
37.0
37.0
36.0
36.0
65.0
67.0
64.0
65.0
36.0
35.0
36.0
35.0
35.0
36.0
35.0
35.0
65.0
1.0
0.0
0.0
36.0
36.0
1.0
0.0
0.0
35.0
1.0
0.0
1.0
0.0
0.0
1.0
1.0
0.0
0.0
1.0
1.0
1.0
1.0
0.0
124.0
106.0
233.0
127.0
124.0
123.0
123.0
122.0
122.0
231.0
100.0
124.0
124.0
123.0
124.0
124.0
124.0
123.0
99.0
231.0
124.0
123.0
124.0
123.0
123.0
123.0
124.0
230.0
100.0
122.0
123.0
124.0
124.0
124.0
122.0
124.0
100.0
230.0
122.0
122.0
101.0
206.0
123.0
124.0
122.0
119.0
124.0
99.0
122.0
122.0
100.0
124.0
124.0
123.0
122.0
127.0
108.0
126.0
126.0
126.0
109.0
128.0
126.0
126.0
127.0
100.0
122.0
122.0
99.0
122.0
123.0
122.0
122.0
122.0
122.0
114.0
122.0
73.0
120.0
87.0
123.0
122.0
87.0
87.0
88.0
99.0
135.0
86.0
87.0
135.0
88.0
87.0
87.0
87.0
71.0
87.0
87.0
88.0
135.0
87.0
124.0
101.0
123.0
123.0
124.0
189.0
124.0
122.0
122.0
99.0
190.0
123.0
124.0
123.0
123.0
123.0
124.0
99.0
122.0
187.0
124.0
124.0
124.0
123.0
124.0
189.0
100.0
122.0
122.0
122.0
123.0
123.0
101.0
123.0
193.0
123.0
123.0
122.0
197.0
126.0
128.0
106.0
127.0
127.0
126.0
128.0
128.0
191.0
103.0
122.0
123.0
124.0
123.0
124.0
122.0
193.0
123.0
100.0
122.0
122.0
123.0
124.0
122.0
191.0
122.0
102.0
121.0
122.0
123.0
187.0
123.0
122.0
122.0
99.0
121.0
122.0
122.0
135.0
87.0
88.0
100.0
122.0
87.0
87.0
135.0
122.0
87.0
87.0
87.0
71.0
87.0
135.0
87.0
88.0
88.0
87.0
70.0
87.0
87.0
135.0
124.0
124.0
123.0
102.0
123.0
189.0
124.0
122.0
122.0
187.0
123.0
123.0
101.0
124.0
124.0
124.0
124.0
122.0
197.0
99.0
124.0
123.0
127.0
128.0
127.0
213.0
127.0
126.0
109.0
142.0
143.0
138.0
138.0
139.0
203.0
139.0
138.0
114.0
122.0
123.0
190.0
123.0
123.0
123.0
99.0
123.0
124.0
122.0
188.0
122.0
123.0
101.0
123.0
124.0
122.0
123.0
190.0
122.0
122.0
99.0
124.0
124.0
121.0
187.0
122.0
123.0
99.0
122.0
122.0
187.0
123.0
122.0
121.0
122.0
122.0
99.0
122.0
87.0
135.0
88.0
122.0
122.0
71.0
87.0
87.0
129.0
87.0
87.0
88.0
75.0
75.0
87.0
86.0
88.0
87.0
87.0
87.0
87.0
75.0
75.0
107.0
122.0
122.0
182.0
121.0
121.0
107.0
118.0
199.0
119.0
107.0
120.0
121.0
124.0
123.0
111.0
125.0
124.0
114.0
208.0
125.0
125.0
211.0
113.0
120.0
121.0
121.0
118.0
107.0
118.0
120.0
107.0
120.0
120.0
200.0
120.0
107.0
119.0
200.0
106.0
121.0
120.0
120.0
121.0
106.0
120.0
120.0
106.0
118.0
200.0
120.0
107.0
120.0
120.0
119.0
120.0
203.0
106.0
119.0
118.0
107.0
120.0
118.0
119.0
119.0
107.0
200.0
106.0
118.0
118.0
201.0
119.0
118.0
119.0
118.0
106.0
106.0
85.0
85.0
84.0
119.0
200.0
84.0
85.0
75.0
118.0
76.0
84.0
144.0
84.0
76.0
85.0
84.0
84.0
75.0
84.0
84.0
76.0
85.0
89.0
125.0
125.0
116.0
149.0
149.0
125.0
118.0
123.0
123.0
119.0
120.0
119.0
114.0
119.0
113.0
113.0
114.0
118.0
118.0
118.0
118.0
145.0
111.0
118.0
110.0
111.0
168.0
115.0
115.0
115.0
115.0
111.0
209.0
111.0
109.0
115.0
116.0
114.0
114.0
206.0
111.0
116.0
110.0
111.0
114.0
115.0
116.0
115.0
109.0
114.0
209.0
111.0
111.0
116.0
115.0
116.0
209.0
114.0
110.0
115.0
111.0
110.0
114.0
114.0
115.0
116.0
109.0
207.0
114.0
109.0
111.0
115.0
115.0
207.0
114.0
114.0
110.0
82.0
78.0
78.0
118.0
119.0
82.0
86.0
86.0
230.0
84.0
85.0
85.0
104.0
172.0
99.0
99.0
99.0
95.0
98.0
95.0
94.0
81.0
81.0
116.0
115.0
111.0
115.0
111.0
111.0
209.0
207.0
115.0
115.0
115.0
111.0
116.0
111.0
110.0
116.0
115.0
114.0
110.0
115.0
110.0
111.0
116.0
116.0
209.0
210.0
116.0
114.0
110.0
110.0
116.0
111.0
115.0
115.0
114.0
116.0
111.0
109.0
109.0
114.0
117.0
116.0
209.0
209.0
114.0
116.0
110.0
110.0
110.0
115.0
115.0
116.0
116.0
116.0
110.0
111.0
110.0
208.0
207.0
115.0
116.0
116.0
114.0
114.0
110.0
110.0
110.0
114.0
115.0
115.0
122.0
122.0
116.0
146.0
142.0
117.0
117.0
89.0
89.0
89.0
118.0
110.0
84.0
84.0
78.0
109.0
83.0
84.0
78.0
84.0
78.0
84.0
84.0
84.0
83.0
89.0
84.0
78.0
105.0
78.0
112.0
115.0
115.0
116.0
115.0
111.0
115.0
206.0
109.0
207.0
111.0
115.0
116.0
115.0
110.0
115.0
111.0
114.0
109.0
206.0
116.0
115.0
111.0
116.0
110.0
116.0
116.0
206.0
109.0
114.0
116.0
111.0
111.0
116.0
114.0
115.0
111.0
207.0
110.0
115.0
115.0
210.0
111.0
116.0
114.0
116.0
111.0
110.0
114.0
109.0
117.0
116.0
116.0
116.0
172.0
111.0
164.0
110.0
109.0
120.0
121.0
122.0
121.0
121.0
116.0
117.0
116.0
118.0
111.0
118.0
118.0
118.0
118.0
117.0
110.0
110.0
110.0
90.0
84.0
83.0
116.0
115.0
83.0
115.0
79.0
116.0
102.0
83.0
79.0
78.0
83.0
84.0
84.0
84.0
78.0
79.0
84.0
79.0
78.0
84.0
119.0
119.0
119.0
112.0
119.0
111.0
112.0
117.0
111.0
116.0
116.0
114.0
116.0
115.0
114.0
115.0
114.0
114.0
113.0
114.0
115.0
115.0
115.0
115.0
115.0
115.0
115.0
113.0
114.0
114.0
115.0
115.0
115.0
115.0
114.0
115.0
115.0
114.0
114.0
114.0
115.0
115.0
115.0
115.0
113.0
130.0
130.0
129.0
129.0
129.0
132.0
129.0
130.0
131.0
129.0
116.0
116.0
114.0
114.0
114.0
115.0
115.0
114.0
114.0
114.0
115.0
114.0
114.0
114.0
114.0
115.0
115.0
114.0
114.0
115.0
120.0
116.0
82.0
83.0
81.0
126.0
122.0
88.0
90.0
91.0
123.0
93.0
92.0
90.0
94.0
86.0
86.0
87.0
86.0
86.0
85.0
87.0
86.0
89.0
88.0
122.0
122.0
123.0
122.0
121.0
121.0
121.0
121.0
120.0
121.0
122.0
122.0
123.0
121.0
122.0
122.0
121.0
120.0
120.0
120.0
123.0
122.0
122.0
120.0
121.0
123.0
120.0
119.0
119.0
119.0
122.0
122.0
123.0
121.0
121.0
125.0
124.0
122.0
122.0
122.0
128.0
128.0
129.0
124.0
126.0
120.0
120.0
124.0
119.0
119.0
125.0
125.0
120.0
126.0
124.0
120.0
119.0
119.0
123.0
118.0
120.0
124.0
124.0
125.0
123.0
119.0
118.0
118.0
118.0
123.0
116.0
115.0
114.0
113.0
114.0
114.0
114.0
81.0
81.0
81.0
114.0
114.0
81.0
81.0
81.0
114.0
82.0
81.0
81.0
81.0
81.0
81.0
81.0
80.0
81.0
81.0
81.0
81.0
82.0
82.0
115.0
116.0
116.0
116.0
115.0
115.0
115.0
114.0
114.0
113.0
116.0
116.0
116.0
115.0
115.0
115.0
116.0
114.0
114.0
114.0
117.0
115.0
116.0
115.0
115.0
115.0
115.0
115.0
115.0
119.0
122.0
121.0
122.0
121.0
119.0
122.0
121.0
121.0
120.0
116.0
117.0
115.0
116.0
115.0
113.0
115.0
116.0
114.0
115.0
115.0
116.0
115.0
116.0
115.0
113.0
115.0
116.0
113.0
114.0
115.0
116.0
115.0
113.0
113.0
114.0
115.0
114.0
115.0
114.0
115.0
116.0
114.0
114.0
114.0
114.0
114.0
113.0
81.0
82.0
82.0
115.0
115.0
81.0
82.0
82.0
113.0
81.0
82.0
81.0
80.0
81.0
82.0
82.0
81.0
81.0
80.0
80.0
82.0
82.0
81.0
116.0
116.0
116.0
115.0
115.0
116.0
116.0
114.0
115.0
113.0
132.0
134.0
133.0
133.0
132.0
132.0
133.0
132.0
132.0
130.0
116.0
116.0
115.0
116.0
115.0
115.0
116.0
115.0
114.0
114.0
116.0
116.0
116.0
117.0
114.0
115.0
116.0
115.0
115.0
114.0
115.0
115.0
117.0
115.0
115.0
115.0
116.0
115.0
115.0
114.0
116.0
115.0
116.0
116.0
115.0
115.0
116.0
115.0
115.0
114.0
115.0
114.0
115.0
114.0
115.0
116.0
115.0
115.0
115.0
114.0
115.0
115.0
115.0
115.0
114.0
114.0
114.0
82.0
82.0
81.0
115.0
115.0
81.0
81.0
81.0
114.0
82.0
82.0
81.0
82.0
82.0
81.0
81.0
82.0
82.0
82.0
82.0
82.0
83.0
80.0
121.0
122.0
123.0
123.0
122.0
122.0
123.0
121.0
121.0
120.0
116.0
116.0
115.0
115.0
116.0
116.0
116.0
115.0
115.0
115.0
115.0
115.0
115.0
116.0
115.0
115.0
116.0
114.0
113.0
114.0
116.0
117.0
117.0
117.0
116.0
117.0
117.0
116.0
115.0
115.0
116.0
116.0
115.0
115.0
115.0
115.0
116.0
115.0
115.0
115.0
115.0
115.0
116.0
116.0
113.0
116.0
115.0
114.0
113.0
115.0
117.0
116.0
115.0
115.0
115.0
116.0
115.0
115.0
115.0
114.0
115.0
114.0
113.0
115.0
114.0
113.0
114.0
81.0
81.0
81.0
114.0
115.0
81.0
81.0
81.0
113.0
81.0
81.0
81.0
81.0
82.0
81.0
83.0
84.0
83.0
83.0
82.0
83.0
83.0
94.0
136.0
128.0
126.0
126.0
126.0
125.0
126.0
125.0
124.0
114.0
116.0
115.0
115.0
116.0
115.0
115.0
114.0
113.0
113.0
114.0
115.0
116.0
115.0
115.0
114.0
115.0
115.0
114.0
113.0
113.0
115.0
115.0
115.0
114.0
114.0
116.0
115.0
113.0
113.0
114.0
115.0
115.0
115.0
116.0
114.0
114.0
114.0
114.0
113.0
113.0
116.0
115.0
115.0
115.0
114.0
115.0
115.0
114.0
113.0
114.0
114.0
114.0
114.0
114.0
113.0
115.0
114.0
114.0
114.0
141.0
146.0
141.0
141.0
141.0
140.0
141.0
140.0
108.0
108.0
83.0
114.0
114.0
84.0
82.0
80.0
114.0
81.0
81.0
81.0
83.0
83.0
81.0
81.0
82.0
81.0
81.0
81.0
81.0
81.0
82.0
115.0
114.0
115.0
114.0
114.0
115.0
115.0
114.0
113.0
113.0
116.0
115.0
115.0
116.0
116.0
116.0
115.0
113.0
114.0
114.0
114.0
115.0
115.0
115.0
115.0
115.0
115.0
113.0
113.0
113.0
115.0
115.0
115.0
116.0
113.0
115.0
115.0
114.0
113.0
114.0
115.0
115.0
115.0
115.0
113.0
115.0
115.0
113.0
114.0
114.0
115.0
115.0
115.0
114.0
113.0
115.0
115.0
114.0
114.0
113.0
121.0
121.0
119.0
120.0
120.0
121.0
119.0
120.0
120.0
119.0
115.0
114.0
114.0
113.0
114.0
113.0
113.0
81.0
81.0
82.0
114.0
114.0
81.0
81.0
80.0
114.0
81.0
81.0
81.0
82.0
81.0
82.0
80.0
81.0
81.0
81.0
81.0
81.0
81.0
81.0
115.0
115.0
114.0
115.0
115.0
116.0
114.0
114.0
114.0
113.0
115.0
116.0
116.0
114.0
115.0
115.0
115.0
114.0
114.0
114.0
115.0
115.0
115.0
115.0
114.0
115.0
115.0
114.0
114.0
114.0
115.0
115.0
115.0
115.0
114.0
115.0
115.0
114.0
114.0
113.0
115.0
115.0
114.0
115.0
113.0
115.0
115.0
114.0
114.0
114.0
121.0
121.0
121.0
121.0
120.0
121.0
121.0
120.0
120.0
119.0
115.0
115.0
114.0
113.0
113.0
114.0
113.0
113.0
113.0
114.0
114.0
113.0
114.0
114.0
114.0
113.0
114.0
81.0
80.0
81.0
114.0
114.0
81.0
81.0
81.0
113.0
81.0
81.0
81.0
81.0
81.0
81.0
82.0
81.0
81.0
80.0
81.0
81.0
82.0
81.0
115.0
115.0
115.0
115.0
115.0
115.0
115.0
114.0
113.0
113.0
115.0
115.0
114.0
115.0
115.0
115.0
115.0
114.0
113.0
114.0
115.0
114.0
115.0
115.0
115.0
115.0
115.0
114.0
114.0
113.0
133.0
133.0
133.0
133.0
132.0
133.0
133.0
131.0
131.0
131.0
115.0
114.0
115.0
115.0
114.0
115.0
115.0
114.0
113.0
114.0
115.0
115.0
115.0
115.0
113.0
115.0
115.0
113.0
114.0
113.0
115.0
114.0
114.0
113.0
114.0
115.0
113.0
114.0
114.0
113.0
114.0
114.0
114.0
114.0
113.0
114.0
114.0
81.0
82.0
82.0
114.0
113.0
80.0
81.0
80.0
113.0
81.0
81.0
80.0
80.0
81.0
81.0
81.0
81.0
81.0
82.0
81.0
81.0
82.0
81.0
114.0
115.0
115.0
115.0
114.0
115.0
114.0
114.0
113.0
113.0
116.0
115.0
115.0
115.0
114.0
115.0
115.0
114.0
113.0
113.0
120.0
120.0
120.0
120.0
120.0
120.0
121.0
119.0
119.0
120.0
116.0
115.0
116.0
116.0
114.0
115.0
115.0
114.0
113.0
113.0
115.0
114.0
115.0
115.0
114.0
114.0
115.0
113.0
113.0
114.0
115.0
114.0
115.0
115.0
113.0
115.0
115.0
114.0
113.0
114.0
116.0
116.0
115.0
114.0
113.0
115.0
113.0
115.0
114.0
114.0
115.0
113.0
114.0
114.0
113.0
113.0
113.0
81.0
81.0
80.0
114.0
113.0
80.0
81.0
81.0
113.0
81.0
81.0
81.0
81.0
82.0
81.0
80.0
81.0
81.0
81.0
82.0
81.0
81.0
81.0
115.0
115.0
116.0
114.0
114.0
115.0
114.0
113.0
114.0
113.0
116.0
115.0
115.0
115.0
115.0
114.0
114.0
113.0
114.0
119.0
121.0
120.0
120.0
121.0
121.0
121.0
121.0
120.0
119.0
114.0
115.0
115.0
115.0
115.0
114.0
115.0
115.0
113.0
114.0
114.0
115.0
115.0
115.0
115.0
113.0
115.0
115.0
113.0
113.0
113.0
115.0
115.0
115.0
115.0
114.0
115.0
115.0
114.0
114.0
113.0
115.0
114.0
114.0
113.0
113.0
115.0
114.0
114.0
113.0
113.0
114.0
114.0
113.0
114.0
114.0
113.0
113.0
82.0
81.0
81.0
113.0
115.0
81.0
81.0
81.0
114.0
81.0
81.0
82.0
82.0
100.0
99.0
100.0
100.0
100.0
100.0
99.0
100.0
99.0
95.0
