2.0
2.0
2.0
2.0
1.0
2.0
1.0
2.0
2.0
2.0
2.0
1.0
1.0
2.0
2.0
2.0
1.0
1.0
2.0
2.0
2.0
2.0
1.0
2.0
1.0
1.0
1.0
2.0
1.0
1.0
2.0
2.0
3.0
3.0
2.0
841.0
939.0
704.0
707.0
705.0
703.0
605.0
708.0
759.0
955.0
584.0
679.0
680.0
678.0
678.0
678.0
596.0
675.0
604.0
672.0
603.0
608.0
618.0
657.0
656.0
656.0
656.0
662.0
605.0
660.0
613.0
613.0
614.0
661.0
663.0
662.0
662.0
613.0
657.0
656.0
605.0
633.0
634.0
681.0
680.0
681.0
681.0
633.0
681.0
680.0
630.0
605.0
605.0
655.0
656.0
655.0
655.0
605.0
655.0
662.0
612.0
613.0
613.0
613.0
663.0
662.0
662.0
667.0
662.0
606.0
657.0
605.0
606.0
612.0
662.0
2.0
2.0
1.0
1.0
1.0
1.0
2.0
2.0
1.0
1.0
1.0
1.0
1.0
1.0
2.0
2.0
2.0
1.0
1.0
1.0
1.0
2.0
1.0
2.0
1.0
663.0
664.0
663.0
664.0
614.0
663.0
614.0
614.0
605.0
656.0
655.0
656.0
658.0
606.0
685.0
691.0
637.0
639.0
639.0
691.0
697.0
683.0
682.0
642.0
662.0
611.0
657.0
615.0
616.0
666.0
664.0
661.0
619.0
667.0
662.0
614.0
613.0
661.0
613.0
606.0
656.0
656.0
656.0
657.0
659.0
605.0
612.0
664.0
615.0
615.0
663.0
664.0
663.0
664.0
616.0
656.0
607.0
656.0
605.0
629.0
683.0
681.0
681.0
680.0
629.0
629.0
698.0
629.0
682.0
579.0
562.0
623.0
625.0
624.0
623.0
2.0
1.0
1.0
1.0
2.0
1.0
1.0
2.0
2.0
2.0
1.0
1.0
1.0
2.0
2.0
2.0
2.0
1.0
1.0
1.0
1.0
2.0
1.0
2.0
1.0
682.0
655.0
832.0
680.0
683.0
942.0
683.0
683.0
932.0
809.0
847.0
837.0
680.0
681.0
680.0
681.0
566.0
683.0
674.0
787.0
657.0
657.0
656.0
658.0
586.0
1088.0
669.0
588.0
660.0
1095.0
614.0
685.0
684.0
692.0
685.0
622.0
685.0
688.0
587.0
1072.0
656.0
655.0
657.0
673.0
588.0
1011.0
655.0
667.0
596.0
601.0
714.0
658.0
657.0
658.0
651.0
645.0
785.0
607.0
614.0
608.0
643.0
647.0
643.0
978.0
643.0
640.0
615.0
955.0
615.0
614.0
635.0
637.0
638.0
638.0
637.0
1.0
1.0
1.0
1.0
1.0
1.0
1.0
1.0
1.0
1.0
1.0
1.0
1.0
1.0
1.0
1.0
1.0
1.0
1.0
1.0
1.0
1.0
1.0
1.0
1.0
613.0
1005.0
615.0
634.0
661.0
663.0
670.0
1132.0
662.0
674.0
629.0
630.0
608.0
632.0
632.0
641.0
1107.0
636.0
643.0
614.0
612.0
613.0
908.0
640.0
641.0
642.0
639.0
637.0
607.0
607.0
606.0
948.0
645.0
645.0
643.0
639.0
1108.0
612.0
639.0
614.0
613.0
632.0
633.0
632.0
632.0
606.0
1132.0
640.0
614.0
617.0
661.0
661.0
1006.0
670.0
670.0
647.0
642.0
669.0
637.0
636.0
637.0
642.0
1011.0
647.0
618.0
622.0
642.0
621.0
981.0
639.0
639.0
694.0
607.0
632.0
608.0
1.0
1.0
1.0
1.0
1.0
1.0
1.0
1.0
1.0
1.0
1.0
1.0
1.0
1.0
1.0
1.0
1.0
1.0
1.0
1.0
1.0
1.0
1.0
1.0
1.0
606.0
633.0
956.0
643.0
643.0
830.0
615.0
644.0
646.0
614.0
616.0
648.0
639.0
653.0
608.0
636.0
1031.0
607.0
635.0
629.0
1115.0
639.0
662.0
659.0
636.0
660.0
642.0
659.0
634.0
652.0
725.0
630.0
629.0
628.0
638.0
636.0
636.0
636.0
634.0
635.0
637.0
635.0
644.0
643.0
638.0
636.0
640.0
641.0
643.0
646.0
665.0
687.0
666.0
658.0
657.0
669.0
660.0
661.0
650.0
653.0
630.0
629.0
628.0
630.0
653.0
649.0
652.0
661.0
657.0
660.0
659.0
663.0
663.0
652.0
633.0
1.0
1.0
2.0
1.0
1.0
1.0
1.0
1.0
1.0
1.0
1.0
2.0
1.0
1.0
1.0
1.0
1.0
1.0
1.0
1.0
2.0
1.0
1.0
1.0
1.0
639.0
638.0
629.0
637.0
640.0
636.0
642.0
635.0
635.0
637.0
637.0
640.0
634.0
635.0
635.0
633.0
631.0
629.0
629.0
632.0
629.0
629.0
629.0
630.0
636.0
642.0
637.0
636.0
635.0
637.0
637.0
638.0
637.0
634.0
630.0
660.0
652.0
652.0
652.0
656.0
652.0
653.0
653.0
654.0
650.0
642.0
633.0
636.0
633.0
633.0
631.0
629.0
628.0
639.0
640.0
635.0
634.0
635.0
633.0
635.0
634.0
634.0
636.0
632.0
626.0
633.0
638.0
637.0
637.0
639.0
637.0
646.0
636.0
638.0
638.0
1.0
1.0
1.0
1.0
1.0
1.0
1.0
1.0
1.0
1.0
1.0
1.0
1.0
1.0
1.0
1.0
1.0
1.0
1.0
1.0
1.0
2.0
1.0
1.0
1.0
627.0
628.0
631.0
628.0
632.0
630.0
631.0
627.0
629.0
655.0
658.0
655.0
661.0
667.0
656.0
667.0
664.0
664.0
664.0
632.0
634.0
637.0
642.0
647.0
642.0
644.0
644.0
637.0
644.0
641.0
629.0
628.0
628.0
633.0
631.0
631.0
632.0
628.0
629.0
631.0
634.0
636.0
636.0
638.0
639.0
638.0
638.0
634.0
636.0
639.0
651.0
654.0
657.0
655.0
655.0
667.0
662.0
651.0
659.0
656.0
637.0
630.0
639.0
633.0
633.0
640.0
630.0
637.0
636.0
632.0
634.0
635.0
634.0
638.0
638.0
1.0
1.0
2.0
1.0
1.0
1.0
1.0
1.0
1.0
1.0
1.0
1.0
1.0
1.0
1.0
1.0
1.0
1.0
2.0
1.0
1.0
1.0
1.0
2.0
1.0
634.0
638.0
638.0
636.0
638.0
627.0
628.0
628.0
632.0
641.0
634.0
638.0
641.0
635.0
639.0
634.0
635.0
634.0
638.0
633.0
627.0
634.0
632.0
628.0
632.0
651.0
653.0
660.0
660.0
657.0
661.0
665.0
666.0
654.0
653.0
632.0
633.0
641.0
643.0
638.0
638.0
646.0
645.0
637.0
639.0
634.0
632.0
631.0
642.0
638.0
622.0
639.0
640.0
638.0
647.0
650.0
644.0
650.0
663.0
661.0
671.0
659.0
663.0
680.0
649.0
646.0
646.0
647.0
629.0
669.0
683.0
674.0
672.0
670.0
675.0
1.0
1.0
1.0
1.0
1.0
1.0
1.0
1.0
1.0
1.0
1.0
2.0
1.0
1.0
1.0
1.0
1.0
1.0
1.0
1.0
1.0
1.0
1.0
1.0
1.0
668.0
673.0
669.0
678.0
650.0
631.0
639.0
633.0
628.0
629.0
634.0
633.0
634.0
639.0
634.0
635.0
633.0
634.0
636.0
633.0
629.0
628.0
629.0
627.0
627.0
627.0
626.0
627.0
635.0
635.0
635.0
634.0
635.0
636.0
635.0
636.0
635.0
634.0
630.0
629.0
653.0
654.0
653.0
656.0
655.0
652.0
657.0
657.0
659.0
656.0
628.0
628.0
628.0
632.0
636.0
629.0
632.0
633.0
633.0
638.0
634.0
635.0
635.0
639.0
639.0
635.0
639.0
652.0
630.0
633.0
634.0
634.0
634.0
638.0
640.0
1.0
1.0
1.0
1.0
1.0
1.0
1.0
1.0
1.0
1.0
2.0
1.0
1.0
1.0
1.0
1.0
1.0
1.0
1.0
1.0
1.0
1.0
1.0
1.0
1.0
634.0
639.0
639.0
638.0
638.0
628.0
629.0
627.0
641.0
632.0
627.0
631.0
631.0
628.0
662.0
655.0
653.0
654.0
665.0
665.0
665.0
669.0
664.0
663.0
643.0
635.0
633.0
636.0
643.0
640.0
639.0
639.0
637.0
639.0
639.0
629.0
629.0
629.0
632.0
632.0
638.0
635.0
634.0
633.0
632.0
648.0
640.0
639.0
637.0
638.0
634.0
639.0
635.0
638.0
640.0
628.0
628.0
659.0
657.0
663.0
653.0
659.0
657.0
659.0
655.0
652.0
653.0
630.0
633.0
632.0
628.0
633.0
630.0
633.0
632.0
1.0
2.0
1.0
1.0
1.0
1.0
1.0
1.0
1.0
1.0
1.0
1.0
1.0
1.0
1.0
1.0
2.0
1.0
1.0
1.0
1.0
1.0
1.0
1.0
1.0
637.0
635.0
635.0
640.0
640.0
636.0
636.0
639.0
640.0
640.0
631.0
628.0
629.0
638.0
639.0
634.0
637.0
639.0
639.0
639.0
634.0
634.0
634.0
632.0
633.0
633.0
628.0
631.0
632.0
648.0
653.0
654.0
655.0
663.0
670.0
651.0
666.0
669.0
668.0
657.0
629.0
629.0
629.0
650.0
635.0
646.0
642.0
639.0
644.0
640.0
634.0
635.0
635.0
636.0
629.0
632.0
638.0
634.0
636.0
637.0
638.0
638.0
642.0
656.0
672.0
659.0
657.0
662.0
656.0
667.0
646.0
640.0
640.0
667.0
719.0
1.0
1.0
1.0
1.0
1.0
1.0
2.0
1.0
1.0
1.0
1.0
1.0
1.0
1.0
1.0
1.0
2.0
1.0
1.0
1.0
1.0
1.0
1.0
1.0
1.0
668.0
665.0
669.0
665.0
662.0
673.0
670.0
668.0
631.0
629.0
641.0
691.0
628.0
627.0
628.0
642.0
642.0
642.0
638.0
636.0
639.0
637.0
636.0
636.0
633.0
630.0
630.0
630.0
627.0
633.0
638.0
634.0
633.0
636.0
634.0
635.0
634.0
634.0
634.0
628.0
628.0
628.0
631.0
631.0
627.0
662.0
660.0
664.0
652.0
661.0
662.0
666.0
655.0
654.0
659.0
628.0
640.0
628.0
627.0
645.0
646.0
636.0
644.0
637.0
636.0
638.0
639.0
637.0
635.0
628.0
631.0
628.0
627.0
633.0
628.0
1.0
1.0
1.0
1.0
2.0
1.0
1.0
1.0
1.0
1.0
1.0
1.0
1.0
1.0
1.0
1.0
2.0
1.0
1.0
1.0
1.0
1.0
1.0
1.0
1.0
635.0
635.0
637.0
635.0
634.0
638.0
634.0
636.0
634.0
635.0
628.0
629.0
627.0
627.0
629.0
655.0
652.0
654.0
662.0
660.0
660.0
653.0
663.0
663.0
658.0
631.0
628.0
631.0
632.0
633.0
632.0
637.0
635.0
637.0
636.0
635.0
641.0
636.0
637.0
636.0
629.0
628.0
629.0
627.0
635.0
627.0
630.0
628.0
628.0
632.0
633.0
633.0
633.0
637.0
633.0
634.0
634.0
636.0
636.0
626.0
651.0
655.0
659.0
661.0
660.0
660.0
663.0
658.0
662.0
666.0
633.0
639.0
638.0
640.0
635.0
1.0
1.0
1.0
1.0
1.0
1.0
1.0
1.0
1.0
1.0
1.0
1.0
1.0
1.0
1.0
1.0
1.0
1.0
1.0
1.0
1.0
1.0
1.0
1.0
1.0
638.0
638.0
631.0
642.0
647.0
635.0
640.0
639.0
634.0
635.0
642.0
634.0
634.0
635.0
627.0
629.0
628.0
627.0
637.0
638.0
638.0
638.0
637.0
635.0
638.0
635.0
634.0
635.0
632.0
632.0
631.0
631.0
627.0
627.0
656.0
660.0
657.0
657.0
663.0
659.0
659.0
658.0
662.0
658.0
631.0
629.0
628.0
629.0
638.0
638.0
635.0
638.0
637.0
635.0
638.0
635.0
636.0
635.0
634.0
633.0
629.0
634.0
632.0
627.0
631.0
635.0
636.0
636.0
639.0
656.0
644.0
648.0
649.0
643.0
650.0
1.0
1.0
1.0
2.0
1.0
1.0
1.0
1.0
1.0
1.0
1.0
1.0
1.0
1.0
2.0
1.0
1.0
1.0
1.0
1.0
1.0
1.0
1.0
1.0
1.0
637.0
635.0
636.0
696.0
675.0
661.0
674.0
682.0
662.0
676.0
667.0
662.0
666.0
645.0
632.0
649.0
647.0
642.0
640.0
641.0
642.0
636.0
642.0
640.0
639.0
643.0
638.0
638.0
648.0
639.0
635.0
634.0
636.0
637.0
639.0
642.0
640.0
639.0
641.0
646.0
636.0
635.0
635.0
634.0
632.0
629.0
632.0
632.0
629.0
633.0
661.0
658.0
661.0
659.0
657.0
663.0
659.0
668.0
666.0
671.0
630.0
635.0
642.0
636.0
639.0
642.0
638.0
642.0
642.0
639.0
637.0
635.0
636.0
633.0
627.0
1.0
1.0
1.0
1.0
1.0
1.0
1.0
1.0
1.0
1.0
2.0
1.0
1.0
1.0
1.0
1.0
1.0
1.0
1.0
1.0
1.0
1.0
1.0
1.0
1.0
631.0
628.0
627.0
628.0
627.0
635.0
637.0
637.0
636.0
635.0
638.0
644.0
635.0
638.0
635.0
630.0
630.0
631.0
627.0
654.0
659.0
655.0
655.0
661.0
659.0
666.0
665.0
658.0
660.0
638.0
627.0
638.0
633.0
629.0
640.0
640.0
636.0
636.0
638.0
638.0
633.0
638.0
633.0
637.0
634.0
631.0
631.0
630.0
627.0
627.0
627.0
627.0
635.0
637.0
635.0
638.0
639.0
638.0
635.0
638.0
636.0
635.0
634.0
636.0
627.0
655.0
659.0
659.0
661.0
655.0
656.0
663.0
656.0
670.0
662.0
1.0
1.0
1.0
2.0
1.0
1.0
1.0
1.0
1.0
1.0
1.0
1.0
1.0
1.0
1.0
1.0
1.0
1.0
1.0
1.0
1.0
2.0
1.0
1.0
1.0
632.0
651.0
639.0
632.0
630.0
630.0
630.0
635.0
639.0
638.0
637.0
638.0
637.0
633.0
634.0
634.0
635.0
638.0
630.0
626.0
640.0
630.0
630.0
634.0
633.0
633.0
633.0
637.0
644.0
632.0
634.0
635.0
634.0
626.0
626.0
627.0
627.0
630.0
652.0
656.0
652.0
652.0
653.0
668.0
651.0
651.0
651.0
653.0
628.0
627.0
629.0
629.0
628.0
632.0
633.0
633.0
632.0
636.0
634.0
635.0
637.0
637.0
637.0
630.0
636.0
630.0
630.0
631.0
630.0
628.0
634.0
634.0
635.0
640.0
636.0
1.0
1.0
1.0
1.0
1.0
1.0
1.0
1.0
1.0
1.0
1.0
1.0
1.0
1.0
1.0
1.0
1.0
1.0
1.0
1.0
1.0
1.0
1.0
1.0
1.0
637.0
637.0
636.0
636.0
638.0
648.0
650.0
651.0
678.0
666.0
672.0
669.0
699.0
703.0
671.0
675.0
684.0
686.0
633.0
632.0
632.0
631.0
641.0
630.0
631.0
635.0
640.0
639.0
638.0
639.0
639.0
639.0
636.0
636.0
639.0
629.0
629.0
628.0
638.0
638.0
639.0
637.0
635.0
635.0
638.0
635.0
636.0
635.0
632.0
632.0
633.0
632.0
629.0
629.0
632.0
658.0
663.0
659.0
660.0
659.0
658.0
659.0
659.0
656.0
660.0
629.0
628.0
637.0
638.0
638.0
638.0
639.0
636.0
636.0
638.0
1.0
1.0
1.0
1.0
1.0
2.0
1.0
1.0
1.0
1.0
1.0
1.0
1.0
1.0
1.0
2.0
1.0
1.0
1.0
1.0
1.0
1.0
1.0
1.0
1.0
636.0
636.0
637.0
633.0
632.0
631.0
632.0
630.0
630.0
632.0
637.0
637.0
637.0
638.0
642.0
638.0
639.0
638.0
636.0
639.0
628.0
631.0
631.0
658.0
659.0
661.0
663.0
661.0
659.0
662.0
656.0
662.0
665.0
644.0
653.0
638.0
633.0
635.0
637.0
636.0
634.0
635.0
637.0
639.0
638.0
638.0
639.0
639.0
635.0
638.0
631.0
632.0
630.0
632.0
633.0
640.0
638.0
637.0
636.0
638.0
635.0
635.0
637.0
637.0
638.0
629.0
630.0
633.0
630.0
629.0
652.0
659.0
659.0
657.0
650.0
2.0
1.0
1.0
1.0
1.0
1.0
1.0
1.0
1.0
1.0
1.0
1.0
1.0
1.0
1.0
1.0
1.0
1.0
1.0
1.0
2.0
1.0
1.0
1.0
1.0
650.0
657.0
652.0
373.0
371.0
628.0
631.0
644.0
344.0
342.0
626.0
627.0
633.0
343.0
344.0
639.0
634.0
644.0
348.0
350.0
641.0
640.0
632.0
348.0
343.0
627.0
635.0
642.0
341.0
342.0
630.0
628.0
635.0
344.0
343.0
635.0
634.0
634.0
349.0
349.0
635.0
633.0
634.0
348.0
343.0
628.0
627.0
627.0
342.0
342.0
651.0
654.0
659.0
342.0
342.0
652.0
662.0
653.0
368.0
374.0
660.0
650.0
638.0
344.0
347.0
630.0
636.0
629.0
347.0
344.0
637.0
642.0
652.0
341.0
351.0
1.0
1.0
1.0
1.0
1.0
2.0
1.0
1.0
1.0
1.0
1.0
1.0
1.0
1.0
1.0
1.0
1.0
1.0
1.0
1.0
1.0
1.0
1.0
1.0
1.0
351.0
350.0
350.0
349.0
350.0
348.0
352.0
344.0
343.0
343.0
342.0
343.0
342.0
342.0
344.0
341.0
341.0
345.0
344.0
341.0
344.0
347.0
342.0
342.0
343.0
342.0
349.0
352.0
348.0
350.0
349.0
350.0
348.0
349.0
350.0
349.0
342.0
343.0
342.0
342.0
343.0
343.0
341.0
342.0
343.0
342.0
341.0
342.0
343.0
342.0
344.0
344.0
343.0
343.0
374.0
372.0
367.0
394.0
388.0
391.0
392.0
403.0
394.0
402.0
375.0
384.0
391.0
347.0
364.0
348.0
356.0
347.0
355.0
354.0
343.0
1.0
1.0
1.0
2.0
1.0
1.0
1.0
1.0
1.0
1.0
2.0
1.0
1.0
1.0
1.0
1.0
1.0
1.0
2.0
1.0
1.0
1.0
1.0
1.0
1.0
342.0
343.0
344.0
343.0
359.0
342.0
343.0
342.0
341.0
343.0
347.0
348.0
350.0
349.0
350.0
348.0
349.0
348.0
349.0
350.0
342.0
342.0
344.0
343.0
343.0
342.0
344.0
342.0
341.0
343.0
342.0
342.0
344.0
343.0
343.0
342.0
342.0
342.0
342.0
344.0
348.0
348.0
352.0
350.0
350.0
349.0
352.0
349.0
350.0
350.0
341.0
342.0
344.0
344.0
343.0
341.0
343.0
342.0
342.0
346.0
342.0
342.0
344.0
343.0
342.0
342.0
344.0
339.0
338.0
342.0
328.0
325.0
340.0
337.0
339.0
