0.0
0.0
1.0
0.0
0.0
1.0
1.0
0.0
0.0
1.0
1.0
1.0
54.0
54.0
54.0
54.0
94.0
54.0
96.0
54.0
95.0
96.0
54.0
53.0
54.0
54.0
54.0
54.0
95.0
95.0
1.0
0.0
95.0
95.0
54.0
53.0
54.0
54.0
54.0
54.0
53.0
54.0
54.0
54.0
54.0
54.0
95.0
95.0
95.0
95.0
0.0
1.0
43.0
54.0
54.0
54.0
54.0
53.0
43.0
55.0
54.0
54.0
54.0
54.0
95.0
74.0
73.0
95.0
44.0
54.0
1.0
0.0
54.0
54.0
54.0
54.0
44.0
54.0
54.0
54.0
54.0
55.0
55.0
54.0
95.0
96.0
44.0
54.0
55.0
53.0
1.0
0.0
54.0
54.0
54.0
44.0
54.0
54.0
51.0
93.0
44.0
91.0
54.0
53.0
54.0
54.0
54.0
45.0
45.0
54.0
1.0
0.0
70.0
69.0
69.0
69.0
70.0
64.0
63.0
69.0
69.0
70.0
54.0
55.0
54.0
54.0
54.0
44.0
44.0
54.0
0.0
1.0
54.0
54.0
54.0
53.0
54.0
54.0
54.0
44.0
44.0
54.0
54.0
53.0
53.0
45.0
45.0
54.0
54.0
54.0
0.0
1.0
54.0
54.0
54.0
53.0
44.0
44.0
54.0
54.0
54.0
54.0
53.0
54.0
54.0
44.0
44.0
55.0
54.0
54.0
0.0
1.0
55.0
53.0
53.0
44.0
44.0
54.0
54.0
54.0
54.0
54.0
54.0
54.0
54.0
44.0
44.0
54.0
54.0
54.0
1.0
0.0
53.0
54.0
54.0
54.0
54.0
44.0
44.0
53.0
54.0
53.0
44.0
43.0
53.0
53.0
53.0
53.0
54.0
50.0
0.0
1.0
1.0
0.0
0.0
1.0
0.0
0.0
0.0
1.0
1.0
0.0
1.0
0.0
0.0
0.0
0.0
0.0
0.0
0.0
53.0
55.0
96.0
55.0
97.0
96.0
55.0
96.0
96.0
97.0
54.0
54.0
53.0
53.0
96.0
96.0
97.0
96.0
96.0
96.0
54.0
54.0
55.0
54.0
53.0
54.0
54.0
54.0
57.0
64.0
82.0
82.0
96.0
96.0
54.0
54.0
54.0
54.0
44.0
54.0
54.0
54.0
54.0
54.0
54.0
54.0
96.0
96.0
44.0
54.0
54.0
53.0
54.0
54.0
53.0
54.0
43.0
53.0
53.0
54.0
53.0
54.0
53.0
54.0
54.0
82.0
66.0
54.0
54.0
54.0
54.0
54.0
71.0
54.0
54.0
55.0
56.0
53.0
54.0
54.0
54.0
54.0
54.0
54.0
43.0
53.0
43.0
54.0
54.0
54.0
54.0
54.0
54.0
54.0
44.0
54.0
44.0
54.0
54.0
44.0
54.0
54.0
54.0
54.0
54.0
44.0
54.0
54.0
44.0
53.0
54.0
54.0
54.0
54.0
56.0
44.0
55.0
60.0
53.0
54.0
44.0
53.0
54.0
54.0
54.0
77.0
68.0
68.0
68.0
64.0
68.0
69.0
68.0
68.0
67.0
50.0
53.0
48.0
54.0
47.0
54.0
53.0
54.0
54.0
54.0
46.0
54.0
47.0
46.0
54.0
63.0
54.0
53.0
54.0
53.0
46.0
52.0
74.0
47.0
52.0
52.0
47.0
53.0
52.0
52.0
73.0
47.0
52.0
52.0
57.0
48.0
52.0
52.0
52.0
51.0
48.0
52.0
49.0
51.0
49.0
1.0
0.0
0.0
0.0
0.0
1.0
1.0
0.0
0.0
0.0
1.0
1.0
0.0
0.0
0.0
0.0
1.0
1.0
0.0
0.0
52.0
52.0
52.0
48.0
52.0
49.0
52.0
48.0
51.0
48.0
49.0
51.0
52.0
52.0
51.0
49.0
52.0
49.0
49.0
51.0
48.0
52.0
52.0
52.0
48.0
51.0
48.0
52.0
49.0
52.0
48.0
49.0
52.0
52.0
52.0
53.0
49.0
52.0
48.0
52.0
48.0
48.0
51.0
52.0
52.0
51.0
48.0
69.0
49.0
77.0
50.0
49.0
50.0
50.0
50.0
50.0
49.0
48.0
50.0
67.0
49.0
50.0
50.0
50.0
50.0
49.0
58.0
50.0
50.0
50.0
50.0
50.0
50.0
50.0
51.0
51.0
50.0
51.0
50.0
50.0
50.0
50.0
50.0
50.0
50.0
50.0
50.0
50.0
50.0
50.0
50.0
50.0
51.0
49.0
50.0
50.0
50.0
50.0
50.0
51.0
50.0
50.0
50.0
50.0
50.0
50.0
50.0
50.0
50.0
50.0
50.0
49.0
50.0
50.0
50.0
51.0
50.0
50.0
51.0
50.0
50.0
50.0
50.0
50.0
50.0
50.0
50.0
51.0
50.0
50.0
50.0
53.0
50.0
50.0
50.0
50.0
49.0
50.0
50.0
66.0
67.0
66.0
66.0
66.0
67.0
68.0
68.0
68.0
68.0
52.0
51.0
51.0
52.0
51.0
51.0
51.0
50.0
50.0
50.0
50.0
50.0
50.0
50.0
50.0
50.0
50.0
50.0
50.0
50.0
50.0
50.0
50.0
50.0
50.0
50.0
50.0
50.0
50.0
50.0
51.0
0.0
0.0
1.0
1.0
0.0
0.0
0.0
1.0
1.0
0.0
0.0
0.0
0.0
0.0
0.0
1.0
1.0
1.0
1.0
0.0
49.0
49.0
50.0
50.0
50.0
50.0
50.0
50.0
50.0
50.0
50.0
50.0
49.0
50.0
51.0
51.0
50.0
51.0
50.0
50.0
51.0
51.0
50.0
50.0
50.0
50.0
50.0
50.0
50.0
50.0
50.0
50.0
50.0
50.0
50.0
50.0
50.0
50.0
50.0
50.0
50.0
50.0
50.0
49.0
50.0
50.0
50.0
50.0
50.0
50.0
50.0
50.0
50.0
50.0
50.0
51.0
49.0
50.0
50.0
50.0
50.0
50.0
50.0
51.0
50.0
50.0
50.0
51.0
50.0
51.0
50.0
50.0
50.0
49.0
50.0
50.0
50.0
50.0
50.0
50.0
50.0
50.0
50.0
49.0
50.0
50.0
51.0
87.0
87.0
86.0
87.0
87.0
88.0
88.0
87.0
87.0
86.0
50.0
50.0
50.0
50.0
50.0
50.0
50.0
51.0
51.0
50.0
50.0
50.0
50.0
50.0
50.0
50.0
50.0
50.0
50.0
50.0
51.0
50.0
50.0
51.0
50.0
50.0
50.0
51.0
50.0
50.0
50.0
51.0
51.0
51.0
50.0
50.0
50.0
50.0
51.0
50.0
50.0
50.0
50.0
50.0
50.0
50.0
51.0
51.0
50.0
50.0
51.0
50.0
50.0
50.0
50.0
50.0
50.0
50.0
50.0
50.0
50.0
50.0
50.0
50.0
51.0
50.0
50.0
50.0
50.0
49.0
51.0
51.0
51.0
49.0
50.0
51.0
50.0
50.0
51.0
50.0
50.0
50.0
50.0
0.0
0.0
1.0
0.0
0.0
1.0
1.0
1.0
0.0
0.0
0.0
0.0
0.0
0.0
0.0
1.0
1.0
1.0
1.0
0.0
50.0
50.0
50.0
50.0
50.0
50.0
50.0
50.0
50.0
50.0
50.0
50.0
50.0
51.0
50.0
51.0
50.0
50.0
50.0
50.0
50.0
50.0
50.0
50.0
51.0
50.0
50.0
50.0
50.0
50.0
50.0
50.0
51.0
50.0
50.0
50.0
50.0
50.0
50.0
50.0
50.0
50.0
50.0
50.0
51.0
50.0
50.0
50.0
49.0
51.0
50.0
51.0
50.0
51.0
50.0
50.0
50.0
50.0
50.0
50.0
50.0
50.0
51.0
50.0
50.0
50.0
50.0
50.0
50.0
50.0
50.0
50.0
50.0
50.0
51.0
50.0
49.0
50.0
49.0
50.0
50.0
50.0
50.0
50.0
50.0
50.0
50.0
50.0
50.0
50.0
51.0
50.0
50.0
51.0
50.0
50.0
50.0
50.0
50.0
50.0
50.0
50.0
50.0
50.0
49.0
50.0
50.0
67.0
67.0
68.0
67.0
67.0
67.0
67.0
67.0
68.0
67.0
51.0
50.0
50.0
50.0
50.0
50.0
50.0
50.0
50.0
50.0
50.0
50.0
50.0
50.0
50.0
50.0
50.0
50.0
50.0
50.0
50.0
50.0
50.0
50.0
50.0
50.0
50.0
50.0
51.0
51.0
50.0
50.0
50.0
50.0
50.0
49.0
50.0
49.0
50.0
50.0
50.0
50.0
50.0
50.0
51.0
50.0
50.0
51.0
50.0
51.0
52.0
50.0
51.0
50.0
50.0
51.0
50.0
50.0
51.0
50.0
50.0
49.0
50.0
0.0
0.0
0.0
1.0
0.0
0.0
0.0
0.0
0.0
0.0
0.0
1.0
1.0
1.0
1.0
0.0
0.0
0.0
0.0
0.0
50.0
50.0
50.0
50.0
50.0
50.0
50.0
50.0
51.0
50.0
50.0
50.0
50.0
50.0
50.0
50.0
50.0
50.0
50.0
50.0
51.0
50.0
51.0
50.0
51.0
50.0
50.0
50.0
50.0
50.0
51.0
50.0
50.0
50.0
50.0
50.0
50.0
51.0
50.0
51.0
50.0
50.0
51.0
51.0
51.0
51.0
51.0
50.0
50.0
50.0
50.0
50.0
50.0
50.0
50.0
50.0
50.0
50.0
50.0
51.0
50.0
50.0
50.0
50.0
50.0
50.0
50.0
50.0
50.0
50.0
50.0
50.0
50.0
50.0
51.0
51.0
50.0
50.0
50.0
50.0
50.0
50.0
51.0
50.0
50.0
49.0
50.0
50.0
50.0
50.0
50.0
50.0
50.0
50.0
51.0
50.0
50.0
50.0
50.0
49.0
51.0
50.0
50.0
50.0
50.0
50.0
50.0
50.0
50.0
50.0
50.0
50.0
50.0
50.0
50.0
50.0
50.0
50.0
50.0
50.0
50.0
50.0
50.0
50.0
65.0
50.0
50.0
66.0
84.0
66.0
67.0
67.0
67.0
67.0
99.0
66.0
50.0
50.0
49.0
66.0
51.0
51.0
51.0
51.0
49.0
49.0
49.0
52.0
49.0
52.0
52.0
52.0
52.0
48.0
48.0
52.0
48.0
48.0
51.0
73.0
49.0
76.0
51.0
50.0
51.0
50.0
49.0
49.0
50.0
48.0
50.0
50.0
49.0
49.0
49.0
85.0
86.0
48.0
50.0
49.0
0.0
0.0
0.0
1.0
1.0
0.0
0.0
0.0
0.0
0.0
0.0
1.0
1.0
0.0
0.0
0.0
0.0
0.0
1.0
1.0
51.0
50.0
49.0
49.0
48.0
49.0
50.0
48.0
50.0
49.0
49.0
85.0
50.0
50.0
85.0
49.0
51.0
48.0
50.0
50.0
50.0
48.0
50.0
48.0
50.0
48.0
88.0
88.0
50.0
49.0
50.0
49.0
50.0
50.0
49.0
50.0
50.0
50.0
50.0
51.0
50.0
51.0
89.0
88.0
50.0
50.0
50.0
50.0
50.0
49.0
49.0
48.0
50.0
48.0
50.0
50.0
50.0
49.0
49.0
85.0
86.0
48.0
48.0
50.0
51.0
50.0
50.0
48.0
51.0
48.0
49.0
50.0
50.0
49.0
50.0
51.0
86.0
86.0
50.0
49.0
48.0
50.0
49.0
50.0
50.0
50.0
50.0
48.0
48.0
50.0
88.0
88.0
49.0
50.0
50.0
50.0
52.0
54.0
57.0
61.0
55.0
56.0
55.0
56.0
53.0
54.0
77.0
76.0
53.0
50.0
51.0
50.0
50.0
50.0
50.0
52.0
52.0
50.0
53.0
51.0
52.0
50.0
50.0
50.0
50.0
53.0
52.0
50.0
66.0
67.0
65.0
65.0
66.0
67.0
67.0
67.0
67.0
67.0
52.0
53.0
53.0
52.0
52.0
52.0
52.0
51.0
51.0
50.0
51.0
50.0
52.0
52.0
50.0
52.0
50.0
51.0
52.0
51.0
50.0
51.0
51.0
52.0
52.0
51.0
51.0
52.0
51.0
50.0
50.0
50.0
50.0
52.0
52.0
52.0
50.0
52.0
52.0
51.0
51.0
50.0
1.0
0.0
0.0
1.0
0.0
0.0
1.0
0.0
0.0
0.0
0.0
0.0
1.0
1.0
1.0
0.0
0.0
0.0
0.0
0.0
51.0
51.0
91.0
92.0
92.0
91.0
92.0
91.0
92.0
92.0
92.0
93.0
50.0
50.0
50.0
50.0
53.0
51.0
53.0
53.0
50.0
50.0
50.0
52.0
53.0
50.0
50.0
52.0
53.0
53.0
50.0
50.0
50.0
53.0
52.0
50.0
50.0
52.0
52.0
52.0
50.0
50.0
51.0
52.0
53.0
50.0
50.0
52.0
51.0
50.0
50.0
53.0
52.0
52.0
52.0
50.0
51.0
50.0
50.0
50.0
50.0
50.0
50.0
50.0
50.0
51.0
50.0
51.0
50.0
51.0
51.0
50.0
50.0
50.0
50.0
50.0
50.0
50.0
50.0
50.0
50.0
50.0
51.0
50.0
49.0
50.0
50.0
51.0
51.0
49.0
50.0
50.0
50.0
51.0
50.0
50.0
50.0
50.0
50.0
50.0
50.0
50.0
50.0
50.0
50.0
50.0
50.0
50.0
50.0
50.0
50.0
50.0
50.0
50.0
50.0
50.0
50.0
50.0
50.0
50.0
50.0
50.0
50.0
51.0
51.0
50.0
50.0
50.0
50.0
50.0
50.0
50.0
50.0
50.0
50.0
50.0
50.0
50.0
50.0
50.0
51.0
50.0
50.0
50.0
50.0
50.0
50.0
50.0
50.0
50.0
50.0
50.0
50.0
50.0
51.0
49.0
49.0
50.0
50.0
51.0
50.0
50.0
50.0
50.0
50.0
50.0
50.0
50.0
50.0
49.0
50.0
50.0
50.0
50.0
50.0
50.0
50.0
50.0
50.0
50.0
0.0
1.0
0.0
1.0
1.0
0.0
0.0
0.0
0.0
0.0
1.0
1.0
1.0
0.0
0.0
0.0
0.0
0.0
1.0
1.0
50.0
50.0
50.0
50.0
50.0
50.0
50.0
51.0
50.0
50.0
51.0
49.0
50.0
50.0
50.0
50.0
50.0
50.0
68.0
68.0
68.0
67.0
68.0
68.0
68.0
69.0
70.0
69.0
52.0
52.0
51.0
52.0
52.0
51.0
51.0
50.0
50.0
50.0
51.0
51.0
50.0
50.0
50.0
50.0
51.0
51.0
50.0
50.0
51.0
51.0
50.0
50.0
51.0
50.0
50.0
51.0
50.0
50.0
51.0
50.0
50.0
50.0
51.0
50.0
50.0
50.0
51.0
50.0
50.0
50.0
50.0
50.0
50.0
50.0
50.0
50.0
50.0
50.0
50.0
50.0
50.0
50.0
50.0
51.0
50.0
50.0
50.0
50.0
49.0
50.0
50.0
51.0
51.0
50.0
50.0
50.0
51.0
50.0
50.0
51.0
52.0
50.0
51.0
50.0
50.0
51.0
51.0
50.0
50.0
50.0
50.0
50.0
50.0
50.0
50.0
50.0
50.0
51.0
50.0
50.0
51.0
50.0
50.0
51.0
51.0
50.0
49.0
50.0
50.0
50.0
50.0
50.0
50.0
50.0
50.0
50.0
50.0
50.0
50.0
50.0
50.0
51.0
51.0
50.0
50.0
50.0
50.0
50.0
50.0
50.0
50.0
49.0
50.0
50.0
50.0
50.0
50.0
50.0
50.0
51.0
50.0
50.0
50.0
50.0
51.0
50.0
50.0
51.0
50.0
50.0
50.0
50.0
50.0
50.0
50.0
50.0
50.0
50.0
50.0
50.0
1.0
0.0
0.0
0.0
0.0
1.0
1.0
0.0
0.0
0.0
1.0
1.0
0.0
0.0
0.0
0.0
1.0
1.0
0.0
0.0
50.0
50.0
50.0
50.0
50.0
50.0
50.0
50.0
51.0
50.0
51.0
51.0
52.0
50.0
51.0
51.0
51.0
51.0
50.0
50.0
50.0
50.0
51.0
51.0
50.0
51.0
50.0
50.0
50.0
50.0
51.0
51.0
50.0
52.0
51.0
51.0
50.0
68.0
68.0
68.0
68.0
69.0
69.0
70.0
68.0
70.0
70.0
52.0
51.0
51.0
51.0
51.0
52.0
51.0
50.0
50.0
50.0
50.0
50.0
50.0
50.0
49.0
50.0
50.0
50.0
50.0
50.0
50.0
50.0
50.0
50.0
51.0
50.0
50.0
50.0
50.0
50.0
50.0
50.0
50.0
50.0
50.0
51.0
50.0
50.0
51.0
50.0
50.0
50.0
50.0
50.0
50.0
50.0
50.0
50.0
50.0
51.0
51.0
50.0
49.0
50.0
51.0
50.0
50.0
51.0
50.0
50.0
50.0
50.0
51.0
50.0
50.0
50.0
50.0
50.0
50.0
50.0
50.0
50.0
50.0
50.0
50.0
50.0
50.0
50.0
50.0
50.0
50.0
50.0
50.0
51.0
51.0
51.0
50.0
50.0
51.0
50.0
50.0
50.0
50.0
50.0
50.0
50.0
50.0
50.0
50.0
50.0
50.0
50.0
50.0
50.0
50.0
50.0
50.0
50.0
50.0
50.0
50.0
50.0
50.0
50.0
50.0
50.0
50.0
50.0
50.0
50.0
50.0
50.0
50.0
50.0
50.0
50.0
50.0
51.0
50.0
50.0
50.0
50.0
50.0
0.0
1.0
0.0
0.0
1.0
0.0
1.0
1.0
0.0
0.0
0.0
0.0
0.0
0.0
1.0
1.0
1.0
0.0
0.0
0.0
50.0
50.0
50.0
51.0
50.0
51.0
50.0
51.0
50.0
50.0
50.0
51.0
50.0
50.0
50.0
50.0
50.0
50.0
50.0
51.0
51.0
50.0
50.0
50.0
50.0
50.0
50.0
50.0
50.0
50.0
50.0
50.0
50.0
50.0
50.0
50.0
50.0
50.0
50.0
50.0
50.0
50.0
50.0
50.0
50.0
50.0
50.0
51.0
51.0
51.0
50.0
50.0
50.0
49.0
51.0
50.0
67.0
68.0
68.0
68.0
69.0
69.0
70.0
69.0
69.0
70.0
52.0
51.0
51.0
50.0
50.0
50.0
50.0
50.0
50.0
50.0
51.0
50.0
50.0
50.0
51.0
52.0
50.0
50.0
51.0
51.0
51.0
50.0
50.0
50.0
50.0
50.0
51.0
50.0
50.0
50.0
93.0
93.0
93.0
93.0
93.0
95.0
93.0
94.0
95.0
93.0
51.0
51.0
51.0
51.0
50.0
50.0
50.0
50.0
51.0
50.0
50.0
50.0
50.0
50.0
50.0
50.0
50.0
50.0
50.0
51.0
51.0
50.0
50.0
50.0
50.0
51.0
51.0
51.0
51.0
51.0
50.0
51.0
50.0
50.0
50.0
50.0
50.0
50.0
50.0
50.0
50.0
50.0
50.0
50.0
50.0
51.0
50.0
50.0
50.0
50.0
50.0
50.0
50.0
49.0
50.0
51.0
51.0
50.0
50.0
51.0
50.0
51.0
50.0
50.0
50.0
50.0
50.0
50.0
50.0
48.0
47.0
48.0
47.0
47.0
