1.0
1.0
1.0
1.0
1.0
1.0
1.0
0.0
1.0
1.0
1.0
1.0
1.0
146.0
143.0
144.0
253.0
212.0
142.0
143.0
253.0
218.0
144.0
142.0
143.0
142.0
144.0
142.0
144.0
116.0
0.0
1.0
1.0
142.0
275.0
276.0
163.0
164.0
165.0
164.0
165.0
165.0
142.0
165.0
142.0
143.0
142.0
143.0
142.0
143.0
1.0
1.0
0.0
116.0
207.0
176.0
206.0
199.0
142.0
142.0
142.0
142.0
142.0
142.0
173.0
142.0
142.0
143.0
142.0
142.0
1.0
0.0
1.0
143.0
142.0
142.0
137.0
142.0
142.0
142.0
142.0
143.0
117.0
142.0
142.0
143.0
118.0
122.0
143.0
142.0
1.0
1.0
1.0
142.0
141.0
142.0
128.0
142.0
142.0
124.0
123.0
124.0
142.0
142.0
142.0
142.0
142.0
143.0
123.0
142.0
0.0
1.0
1.0
123.0
124.0
124.0
166.0
165.0
166.0
166.0
166.0
166.0
166.0
152.0
152.0
151.0
143.0
142.0
142.0
142.0
1.0
1.0
1.0
141.0
142.0
142.0
124.0
123.0
123.0
142.0
142.0
142.0
142.0
142.0
142.0
142.0
123.0
124.0
124.0
142.0
1.0
1.0
1.0
143.0
142.0
142.0
142.0
143.0
142.0
124.0
124.0
123.0
197.0
213.0
216.0
215.0
215.0
216.0
215.0
218.0
1.0
0.0
1.0
197.0
196.0
126.0
141.0
141.0
141.0
143.0
142.0
138.0
141.0
126.0
126.0
128.0
128.0
138.0
138.0
140.0
1.0
1.0
0.0
140.0
130.0
128.0
141.0
140.0
128.0
127.0
127.0
128.0
138.0
138.0
139.0
138.0
138.0
137.0
121.0
118.0
1.0
0.0
1.0
228.0
251.0
142.0
144.0
145.0
142.0
142.0
254.0
231.0
143.0
143.0
143.0
142.0
142.0
142.0
144.0
116.0
1.0
1.0
0.0
164.0
274.0
274.0
163.0
163.0
164.0
164.0
164.0
165.0
141.0
142.0
142.0
142.0
142.0
142.0
142.0
142.0
1.0
0.0
1.0
116.0
171.0
184.0
142.0
142.0
143.0
142.0
142.0
144.0
142.0
115.0
142.0
117.0
143.0
118.0
134.0
143.0
0.0
1.0
1.0
142.0
142.0
142.0
142.0
124.0
143.0
123.0
142.0
123.0
143.0
142.0
142.0
143.0
143.0
123.0
123.0
141.0
0.0
1.0
0.0
124.0
140.0
140.0
140.0
140.0
140.0
139.0
126.0
128.0
128.0
128.0
137.0
137.0
137.0
137.0
137.0
137.0
1.0
1.0
0.0
128.0
127.0
131.0
129.0
157.0
159.0
158.0
158.0
158.0
159.0
158.0
158.0
159.0
159.0
133.0
132.0
132.0
1.0
1.0
0.0
133.0
132.0
133.0
132.0
133.0
131.0
132.0
131.0
132.0
132.0
131.0
132.0
133.0
132.0
132.0
131.0
132.0
0.0
1.0
0.0
133.0
132.0
132.0
133.0
133.0
132.0
132.0
132.0
132.0
131.0
132.0
132.0
132.0
132.0
131.0
133.0
132.0
1.0
0.0
0.0
132.0
132.0
131.0
131.0
132.0
131.0
133.0
133.0
132.0
132.0
132.0
132.0
132.0
133.0
132.0
132.0
132.0
1.0
0.0
1.0
132.0
133.0
132.0
132.0
132.0
132.0
132.0
131.0
133.0
132.0
133.0
132.0
132.0
155.0
157.0
157.0
158.0
1.0
1.0
0.0
157.0
158.0
158.0
157.0
159.0
157.0
134.0
132.0
132.0
132.0
132.0
131.0
132.0
131.0
132.0
132.0
132.0
1.0
1.0
0.0
132.0
132.0
132.0
132.0
131.0
131.0
133.0
133.0
132.0
131.0
132.0
132.0
197.0
196.0
195.0
196.0
195.0
0.0
1.0
1.0
195.0
196.0
198.0
195.0
196.0
132.0
133.0
132.0
132.0
132.0
133.0
133.0
132.0
132.0
132.0
133.0
131.0
0.0
1.0
1.0
132.0
132.0
131.0
132.0
131.0
132.0
132.0
132.0
132.0
132.0
132.0
132.0
132.0
133.0
131.0
132.0
132.0
0.0
1.0
1.0
132.0
132.0
133.0
131.0
132.0
132.0
132.0
132.0
132.0
132.0
132.0
132.0
132.0
132.0
132.0
132.0
133.0
0.0
1.0
0.0
132.0
132.0
132.0
132.0
132.0
132.0
133.0
132.0
131.0
133.0
132.0
132.0
132.0
132.0
132.0
131.0
132.0
0.0
1.0
1.0
132.0
131.0
132.0
155.0
158.0
157.0
157.0
158.0
158.0
157.0
158.0
159.0
157.0
134.0
132.0
132.0
133.0
1.0
0.0
1.0
132.0
131.0
132.0
132.0
133.0
133.0
132.0
132.0
133.0
133.0
132.0
132.0
132.0
133.0
134.0
132.0
132.0
1.0
0.0
1.0
132.0
132.0
132.0
131.0
132.0
132.0
131.0
133.0
132.0
132.0
132.0
132.0
132.0
132.0
132.0
132.0
132.0
1.0
0.0
1.0
132.0
133.0
132.0
132.0
133.0
132.0
132.0
132.0
132.0
132.0
132.0
132.0
132.0
132.0
132.0
132.0
132.0
1.0
1.0
0.0
133.0
132.0
132.0
132.0
133.0
133.0
132.0
132.0
133.0
157.0
158.0
158.0
158.0
158.0
159.0
157.0
157.0
1.0
1.0
0.0
158.0
158.0
132.0
132.0
132.0
133.0
132.0
132.0
131.0
132.0
132.0
132.0
132.0
132.0
132.0
132.0
132.0
1.0
1.0
0.0
132.0
132.0
132.0
132.0
132.0
132.0
132.0
132.0
132.0
132.0
132.0
132.0
132.0
132.0
132.0
133.0
132.0
1.0
1.0
0.0
132.0
132.0
132.0
132.0
133.0
132.0
132.0
132.0
132.0
132.0
133.0
132.0
132.0
131.0
132.0
132.0
132.0
1.0
0.0
1.0
132.0
132.0
132.0
132.0
132.0
132.0
132.0
133.0
132.0
132.0
132.0
132.0
132.0
132.0
132.0
132.0
133.0
0.0
1.0
1.0
132.0
157.0
157.0
158.0
158.0
158.0
158.0
157.0
157.0
160.0
158.0
135.0
132.0
132.0
132.0
132.0
132.0
0.0
1.0
0.0
133.0
132.0
132.0
132.0
134.0
132.0
132.0
132.0
132.0
132.0
133.0
132.0
134.0
132.0
133.0
132.0
132.0
0.0
1.0
0.0
132.0
132.0
132.0
132.0
133.0
133.0
132.0
134.0
133.0
132.0
133.0
132.0
132.0
131.0
132.0
133.0
133.0
1.0
0.0
0.0
134.0
132.0
132.0
132.0
132.0
132.0
132.0
134.0
132.0
133.0
134.0
132.0
132.0
132.0
131.0
132.0
132.0
1.0
1.0
0.0
133.0
132.0
134.0
134.0
132.0
132.0
157.0
157.0
158.0
157.0
156.0
157.0
157.0
157.0
156.0
157.0
132.0
1.0
0.0
1.0
132.0
132.0
132.0
131.0
132.0
132.0
133.0
132.0
132.0
133.0
132.0
132.0
132.0
132.0
132.0
132.0
192.0
1.0
0.0
1.0
194.0
193.0
193.0
193.0
194.0
193.0
194.0
192.0
193.0
133.0
135.0
133.0
132.0
133.0
132.0
133.0
132.0
0.0
1.0
1.0
132.0
135.0
134.0
133.0
134.0
132.0
133.0
133.0
134.0
132.0
133.0
134.0
134.0
133.0
134.0
132.0
132.0
0.0
1.0
1.0
133.0
133.0
132.0
133.0
133.0
133.0
132.0
132.0
132.0
132.0
133.0
134.0
132.0
132.0
132.0
134.0
132.0
1.0
1.0
0.0
134.0
133.0
132.0
132.0
132.0
132.0
133.0
132.0
134.0
133.0
133.0
132.0
132.0
132.0
133.0
132.0
133.0
0.0
1.0
1.0
132.0
133.0
135.0
134.0
155.0
157.0
158.0
158.0
158.0
158.0
157.0
160.0
157.0
158.0
134.0
133.0
133.0
0.0
1.0
1.0
132.0
132.0
133.0
132.0
132.0
132.0
132.0
133.0
133.0
133.0
133.0
133.0
133.0
132.0
133.0
133.0
132.0
1.0
0.0
1.0
134.0
133.0
133.0
132.0
133.0
133.0
133.0
132.0
132.0
132.0
133.0
133.0
133.0
132.0
133.0
133.0
133.0
1.0
1.0
0.0
132.0
133.0
133.0
133.0
134.0
133.0
132.0
133.0
133.0
132.0
133.0
132.0
132.0
133.0
133.0
132.0
133.0
1.0
0.0
0.0
133.0
133.0
132.0
133.0
132.0
133.0
133.0
133.0
133.0
132.0
133.0
133.0
134.0
156.0
157.0
158.0
159.0
0.0
0.0
1.0
159.0
158.0
159.0
158.0
159.0
158.0
133.0
132.0
132.0
134.0
132.0
133.0
133.0
133.0
133.0
132.0
132.0
1.0
0.0
1.0
133.0
132.0
133.0
133.0
132.0
133.0
133.0
133.0
132.0
132.0
132.0
133.0
133.0
133.0
132.0
133.0
133.0
0.0
1.0
1.0
132.0
133.0
132.0
132.0
132.0
134.0
133.0
132.0
133.0
133.0
132.0
134.0
132.0
132.0
132.0
133.0
133.0
0.0
1.0
0.0
132.0
133.0
133.0
132.0
133.0
132.0
132.0
132.0
133.0
133.0
133.0
133.0
133.0
132.0
134.0
132.0
132.0
1.0
1.0
0.0
133.0
156.0
157.0
156.0
158.0
159.0
158.0
158.0
158.0
158.0
158.0
135.0
133.0
134.0
134.0
132.0
132.0
1.0
0.0
1.0
133.0
133.0
132.0
132.0
133.0
132.0
133.0
132.0
132.0
133.0
133.0
132.0
132.0
132.0
133.0
132.0
132.0
1.0
1.0
0.0
133.0
133.0
132.0
133.0
133.0
132.0
133.0
134.0
132.0
135.0
134.0
134.0
133.0
134.0
132.0
133.0
132.0
1.0
0.0
1.0
134.0
133.0
133.0
134.0
133.0
132.0
133.0
132.0
132.0
132.0
133.0
132.0
131.0
132.0
132.0
132.0
132.0
1.0
1.0
0.0
132.0
132.0
132.0
131.0
132.0
131.0
132.0
132.0
133.0
132.0
155.0
157.0
157.0
158.0
159.0
158.0
157.0
0.0
1.0
1.0
157.0
157.0
158.0
134.0
133.0
133.0
132.0
132.0
132.0
132.0
132.0
133.0
132.0
133.0
132.0
132.0
132.0
1.0
0.0
1.0
197.0
196.0
197.0
196.0
198.0
199.0
198.0
200.0
198.0
196.0
132.0
132.0
133.0
134.0
134.0
132.0
133.0
0.0
1.0
1.0
133.0
134.0
132.0
132.0
132.0
131.0
134.0
134.0
132.0
133.0
133.0
134.0
132.0
133.0
134.0
132.0
133.0
0.0
0.0
1.0
133.0
132.0
133.0
134.0
134.0
132.0
132.0
131.0
132.0
132.0
133.0
133.0
133.0
134.0
135.0
132.0
132.0
1.0
1.0
0.0
133.0
133.0
133.0
132.0
133.0
132.0
132.0
132.0
133.0
133.0
133.0
133.0
133.0
132.0
133.0
132.0
132.0
0.0
1.0
1.0
132.0
134.0
132.0
133.0
133.0
133.0
132.0
133.0
132.0
155.0
157.0
158.0
158.0
159.0
159.0
158.0
158.0
1.0
0.0
1.0
158.0
157.0
133.0
134.0
141.0
142.0
141.0
142.0
139.0
140.0
143.0
141.0
143.0
144.0
135.0
140.0
135.0
0.0
0.0
1.0
135.0
135.0
138.0
135.0
137.0
137.0
153.0
134.0
134.0
140.0
135.0
135.0
138.0
188.0
140.0
140.0
175.0
1.0
1.0
0.0
137.0
137.0
143.0
137.0
137.0
143.0
143.0
144.0
143.0
138.0
139.0
142.0
139.0
143.0
138.0
142.0
140.0
1.0
0.0
1.0
138.0
138.0
135.0
135.0
134.0
133.0
134.0
135.0
133.0
133.0
133.0
133.0
157.0
157.0
158.0
159.0
158.0
0.0
1.0
1.0
158.0
159.0
159.0
159.0
159.0
133.0
132.0
132.0
133.0
132.0
134.0
134.0
132.0
134.0
133.0
133.0
132.0
1.0
0.0
1.0
133.0
135.0
132.0
133.0
133.0
132.0
133.0
133.0
132.0
132.0
132.0
132.0
133.0
133.0
133.0
133.0
134.0
1.0
1.0
0.0
134.0
133.0
132.0
132.0
132.0
134.0
133.0
133.0
132.0
133.0
133.0
131.0
132.0
133.0
133.0
133.0
134.0
1.0
1.0
0.0
133.0
132.0
133.0
133.0
133.0
132.0
132.0
132.0
134.0
133.0
134.0
133.0
133.0
133.0
132.0
132.0
132.0
0.0
1.0
0.0
133.0
134.0
134.0
133.0
158.0
160.0
160.0
158.0
159.0
158.0
158.0
159.0
159.0
160.0
133.0
134.0
133.0
1.0
1.0
0.0
132.0
132.0
133.0
132.0
134.0
134.0
134.0
132.0
133.0
134.0
132.0
132.0
132.0
132.0
134.0
134.0
134.0
1.0
0.0
1.0
134.0
134.0
134.0
137.0
136.0
137.0
139.0
133.0
133.0
134.0
135.0
134.0
133.0
133.0
134.0
132.0
134.0
1.0
1.0
0.0
134.0
134.0
134.0
133.0
134.0
133.0
133.0
133.0
132.0
132.0
134.0
133.0
133.0
132.0
133.0
133.0
131.0
0.0
1.0
1.0
132.0
132.0
132.0
133.0
133.0
134.0
132.0
133.0
133.0
156.0
157.0
158.0
158.0
159.0
159.0
158.0
158.0
1.0
0.0
1.0
159.0
160.0
133.0
133.0
132.0
133.0
133.0
134.0
133.0
132.0
133.0
133.0
132.0
132.0
132.0
132.0
133.0
0.0
0.0
1.0
133.0
134.0
133.0
198.0
199.0
198.0
200.0
199.0
198.0
201.0
200.0
199.0
198.0
134.0
133.0
132.0
133.0
0.0
1.0
1.0
132.0
132.0
133.0
134.0
134.0
132.0
133.0
134.0
133.0
133.0
132.0
132.0
134.0
133.0
133.0
132.0
133.0
1.0
0.0
1.0
133.0
131.0
132.0
132.0
132.0
134.0
133.0
134.0
132.0
133.0
134.0
133.0
132.0
132.0
132.0
133.0
133.0
0.0
0.0
1.0
133.0
132.0
133.0
133.0
132.0
132.0
132.0
131.0
134.0
134.0
134.0
132.0
133.0
133.0
132.0
132.0
132.0
0.0
1.0
0.0
132.0
133.0
133.0
133.0
132.0
134.0
134.0
132.0
132.0
132.0
132.0
133.0
133.0
159.0
157.0
159.0
158.0
0.0
0.0
1.0
157.0
157.0
158.0
157.0
159.0
159.0
134.0
132.0
133.0
134.0
131.0
132.0
131.0
132.0
134.0
133.0
134.0
1.0
1.0
0.0
132.0
134.0
132.0
133.0
132.0
131.0
132.0
133.0
134.0
133.0
133.0
133.0
132.0
133.0
132.0
132.0
132.0
1.0
1.0
0.0
134.0
133.0
133.0
132.0
134.0
132.0
133.0
132.0
133.0
132.0
133.0
133.0
133.0
132.0
133.0
132.0
133.0
1.0
1.0
0.0
132.0
132.0
132.0
133.0
133.0
132.0
134.0
134.0
132.0
134.0
132.0
131.0
131.0
134.0
133.0
132.0
133.0
0.0
1.0
0.0
155.0
155.0
157.0
157.0
156.0
158.0
159.0
160.0
159.0
158.0
135.0
135.0
134.0
134.0
133.0
132.0
133.0
1.0
0.0
1.0
135.0
132.0
133.0
132.0
134.0
134.0
131.0
132.0
131.0
134.0
135.0
131.0
134.0
132.0
134.0
134.0
132.0
1.0
0.0
0.0
132.0
132.0
133.0
136.0
132.0
134.0
132.0
133.0
132.0
133.0
132.0
132.0
133.0
135.0
133.0
133.0
133.0
0.0
1.0
0.0
134.0
132.0
133.0
132.0
132.0
134.0
134.0
132.0
133.0
132.0
133.0
132.0
133.0
132.0
132.0
134.0
133.0
1.0
0.0
1.0
132.0
134.0
132.0
133.0
132.0
134.0
131.0
132.0
134.0
158.0
157.0
159.0
159.0
158.0
159.0
158.0
158.0
0.0
1.0
1.0
158.0
158.0
134.0
132.0
133.0
131.0
132.0
134.0
134.0
132.0
132.0
133.0
134.0
133.0
133.0
132.0
132.0
0.0
1.0
1.0
133.0
131.0
133.0
132.0
133.0
133.0
132.0
134.0
133.0
133.0
133.0
134.0
134.0
132.0
133.0
134.0
133.0
1.0
0.0
1.0
133.0
132.0
132.0
132.0
133.0
133.0
132.0
134.0
133.0
132.0
134.0
132.0
132.0
132.0
134.0
133.0
133.0
0.0
1.0
1.0
133.0
133.0
132.0
133.0
132.0
132.0
131.0
133.0
133.0
132.0
133.0
133.0
132.0
133.0
132.0
132.0
156.0
0.0
1.0
1.0
158.0
157.0
158.0
159.0
159.0
158.0
158.0
158.0
157.0
135.0
133.0
134.0
134.0
134.0
134.0
132.0
133.0
1.0
0.0
1.0
132.0
131.0
133.0
132.0
134.0
133.0
133.0
198.0
199.0
202.0
199.0
199.0
200.0
199.0
200.0
201.0
202.0
0.0
1.0
1.0
132.0
135.0
134.0
133.0
134.0
134.0
134.0
134.0
134.0
134.0
132.0
133.0
133.0
132.0
131.0
131.0
132.0
1.0
1.0
1.0
133.0
133.0
133.0
132.0
134.0
133.0
132.0
133.0
131.0
132.0
134.0
134.0
134.0
133.0
133.0
134.0
132.0
0.0
1.0
1.0
131.0
132.0
132.0
133.0
133.0
133.0
132.0
133.0
133.0
131.0
132.0
132.0
132.0
133.0
133.0
134.0
132.0
1.0
0.0
1.0
133.0
133.0
132.0
132.0
132.0
131.0
133.0
134.0
132.0
133.0
133.0
133.0
132.0
132.0
132.0
131.0
159.0
1.0
0.0
1.0
159.0
159.0
160.0
160.0
160.0
159.0
161.0
159.0
159.0
135.0
134.0
133.0
133.0
134.0
134.0
131.0
133.0
0.0
1.0
1.0
132.0
132.0
134.0
134.0
132.0
134.0
133.0
134.0
132.0
135.0
132.0
132.0
133.0
134.0
132.0
133.0
134.0
0.0
1.0
1.0
133.0
132.0
133.0
133.0
132.0
134.0
133.0
132.0
133.0
133.0
134.0
132.0
134.0
132.0
132.0
134.0
133.0
0.0
1.0
0.0
133.0
133.0
133.0
133.0
132.0
132.0
132.0
132.0
133.0
134.0
132.0
133.0
134.0
133.0
134.0
133.0
132.0
0.0
1.0
1.0
132.0
134.0
133.0
132.0
159.0
160.0
159.0
161.0
160.0
160.0
160.0
161.0
161.0
161.0
135.0
134.0
131.0
0.0
1.0
1.0
134.0
132.0
132.0
133.0
134.0
134.0
132.0
135.0
134.0
132.0
134.0
133.0
133.0
132.0
134.0
134.0
133.0
0.0
1.0
1.0
133.0
133.0
132.0
133.0
132.0
132.0
132.0
134.0
133.0
132.0
130.0
130.0
132.0
125.0
130.0
130.0
130.0
