4.0
3.0
2.0
2.0
2.0
2.0
2.0
2.0
3.0
2.0
4.0
4.0
168.0
170.0
170.0
168.0
768.0
1378.0
1656.0
1790.0
1719.0
1564.0
1635.0
1481.0
1485.0
1481.0
1462.0
2260.0
1355.0
1365.0
2.0
2.0
157.0
156.0
156.0
151.0
746.0
2363.0
1406.0
1405.0
1436.0
1343.0
1413.0
1400.0
1335.0
1331.0
1341.0
1396.0
1396.0
1397.0
2.0
3.0
158.0
270.0
157.0
266.0
720.0
1417.0
2238.0
2232.0
1368.0
1371.0
1347.0
1405.0
1406.0
1402.0
1414.0
1391.0
1803.0
1332.0
2.0
2.0
150.0
166.0
166.0
166.0
693.0
1402.0
1393.0
1396.0
1393.0
1331.0
2408.0
1353.0
1409.0
1357.0
2310.0
1422.0
1415.0
1410.0
2.0
2.0
156.0
174.0
179.0
151.0
710.0
1336.0
1336.0
1390.0
1334.0
1401.0
2312.0
1392.0
1395.0
1395.0
1369.0
1363.0
1431.0
2436.0
1.0
2.0
161.0
151.0
150.0
157.0
713.0
1434.0
1428.0
1423.0
1412.0
1344.0
1333.0
1340.0
1390.0
2424.0
1389.0
1390.0
1392.0
1389.0
2.0
2.0
150.0
150.0
267.0
150.0
696.0
1368.0
1415.0
1355.0
2452.0
1363.0
1420.0
1417.0
1419.0
1418.0
2173.0
1339.0
1341.0
1395.0
2.0
2.0
155.0
156.0
151.0
158.0
719.0
1382.0
1383.0
1366.0
1413.0
1553.0
1507.0
1425.0
1415.0
1448.0
1479.0
1415.0
1457.0
1460.0
3.0
3.0
183.0
164.0
165.0
157.0
716.0
1380.0
1377.0
1376.0
1399.0
1400.0
1412.0
1408.0
1419.0
1418.0
1402.0
1431.0
1413.0
1428.0
2.0
2.0
166.0
155.0
155.0
156.0
737.0
1402.0
1382.0
1385.0
1386.0
1379.0
1389.0
1365.0
1369.0
1366.0
1363.0
1267.0
1255.0
1295.0
3.0
2.0
3.0
2.0
2.0
2.0
2.0
2.0
3.0
3.0
2.0
2.0
2.0
2.0
4.0
3.0
3.0
2.0
2.0
3.0
169.0
302.0
169.0
168.0
168.0
168.0
300.0
169.0
301.0
4.0
300.0
168.0
168.0
167.0
145.0
169.0
168.0
300.0
181.0
3.0
179.0
301.0
138.0
167.0
168.0
167.0
167.0
169.0
137.0
2.0
167.0
153.0
167.0
168.0
167.0
169.0
167.0
137.0
219.0
4.0
807.0
671.0
793.0
795.0
792.0
777.0
778.0
789.0
683.0
2.0
1292.0
1289.0
1293.0
1491.0
1493.0
1490.0
1502.0
1493.0
1494.0
724.0
1339.0
1530.0
1351.0
1806.0
1453.0
1451.0
1450.0
1441.0
1421.0
725.0
1336.0
1386.0
2430.0
1335.0
1385.0
1333.0
1407.0
1388.0
1400.0
1168.0
1368.0
1432.0
1356.0
1998.0
1357.0
1424.0
1434.0
1413.0
1417.0
1090.0
1347.0
1388.0
1363.0
1392.0
1385.0
1384.0
1384.0
1386.0
1381.0
670.0
1412.0
1427.0
1408.0
1403.0
1403.0
1414.0
1407.0
1405.0
1403.0
710.0
1381.0
1378.0
1380.0
1386.0
1394.0
1378.0
1407.0
1415.0
1415.0
665.0
1408.0
1403.0
1406.0
1408.0
1395.0
1401.0
1408.0
1380.0
1382.0
663.0
1385.0
1413.0
1390.0
1392.0
1392.0
1394.0
1380.0
1417.0
1416.0
674.0
1406.0
1416.0
1395.0
1401.0
1418.0
1413.0
1404.0
1403.0
1381.0
671.0
1393.0
1416.0
1389.0
1381.0
1377.0
1377.0
1377.0
1378.0
1413.0
673.0
1394.0
1402.0
1401.0
1401.0
1402.0
1400.0
1404.0
1404.0
1404.0
665.0
1426.0
1439.0
1432.0
1393.0
1383.0
1392.0
1385.0
1383.0
1449.0
704.0
2.0
2.0
1.0
1.0
2.0
2.0
1.0
2.0
2.0
1.0
2.0
2.0
1.0
2.0
2.0
1.0
2.0
2.0
1.0
9.0
156.0
155.0
156.0
155.0
155.0
155.0
177.0
178.0
177.0
2.0
177.0
177.0
177.0
177.0
179.0
176.0
155.0
156.0
155.0
2.0
156.0
156.0
156.0
156.0
155.0
156.0
156.0
156.0
156.0
2.0
154.0
154.0
161.0
161.0
159.0
160.0
160.0
160.0
151.0
1.0
714.0
714.0
714.0
723.0
723.0
734.0
722.0
722.0
722.0
2.0
1390.0
1404.0
1402.0
1402.0
1426.0
1415.0
1415.0
1427.0
1420.0
670.0
1413.0
1403.0
1378.0
1384.0
1376.0
1510.0
1386.0
1399.0
1523.0
688.0
1397.0
1379.0
1394.0
1412.0
1415.0
1415.0
1419.0
1433.0
1430.0
678.0
1414.0
1427.0
1430.0
1417.0
1381.0
1378.0
1381.0
1386.0
1389.0
680.0
1378.0
1386.0
1387.0
1386.0
1379.0
1404.0
1401.0
1418.0
1414.0
678.0
1404.0
1428.0
1423.0
1424.0
1413.0
1412.0
1379.0
1377.0
1413.0
677.0
1383.0
1377.0
1382.0
1382.0
1383.0
1404.0
1403.0
1399.0
1417.0
673.0
1398.0
1413.0
1398.0
1397.0
1409.0
1397.0
1384.0
1379.0
1377.0
672.0
1407.0
1403.0
1407.0
1413.0
1406.0
1427.0
1408.0
1411.0
1412.0
700.0
1412.0
1416.0
1415.0
1406.0
1416.0
1405.0
1407.0
1422.0
1411.0
678.0
1411.0
1413.0
1411.0
1423.0
1405.0
1396.0
1409.0
1409.0
1404.0
669.0
1400.0
1402.0
1379.0
1376.0
1378.0
1375.0
1380.0
1374.0
1376.0
672.0
1378.0
1384.0
1379.0
1400.0
1407.0
1399.0
1396.0
1402.0
1399.0
672.0
2.0
1.0
2.0
1.0
2.0
2.0
1.0
2.0
1.0
2.0
1.0
2.0
1.0
2.0
1.0
1.0
2.0
1.0
2.0
1.0
177.0
176.0
177.0
178.0
157.0
155.0
155.0
156.0
155.0
1.0
156.0
155.0
156.0
154.0
156.0
155.0
156.0
155.0
156.0
2.0
156.0
156.0
155.0
156.0
155.0
155.0
155.0
155.0
155.0
2.0
155.0
155.0
156.0
159.0
156.0
156.0
155.0
155.0
155.0
2.0
713.0
716.0
717.0
713.0
712.0
714.0
715.0
715.0
713.0
2.0
1388.0
1420.0
1409.0
1406.0
1402.0
1418.0
1403.0
1411.0
1408.0
678.0
1399.0
1404.0
1374.0
1380.0
1376.0
1376.0
1374.0
1378.0
1375.0
673.0
1379.0
1373.0
1377.0
1401.0
1402.0
1398.0
1397.0
1398.0
1395.0
672.0
1423.0
1405.0
1403.0
1403.0
1376.0
1386.0
1382.0
1376.0
1383.0
673.0
1408.0
1410.0
1413.0
1406.0
1414.0
1409.0
1411.0
1407.0
1404.0
694.0
1377.0
1378.0
1380.0
1375.0
1380.0
1377.0
1386.0
1390.0
1386.0
674.0
1420.0
1421.0
1419.0
1419.0
1405.0
1418.0
1410.0
1419.0
1462.0
699.0
1427.0
1400.0
1404.0
1401.0
1416.0
1403.0
1472.0
1415.0
1389.0
665.0
1399.0
1405.0
1412.0
1412.0
1410.0
1412.0
1400.0
1399.0
1450.0
692.0
1386.0
1377.0
1380.0
1386.0
1386.0
1385.0
1378.0
1387.0
1377.0
694.0
1414.0
1397.0
1398.0
1404.0
1398.0
1408.0
1398.0
1398.0
1399.0
698.0
1377.0
1375.0
1383.0
1386.0
1387.0
1396.0
1386.0
1386.0
1387.0
673.0
1417.0
1405.0
1404.0
1397.0
1392.0
1397.0
1392.0
1391.0
1400.0
690.0
2.0
1.0
2.0
1.0
2.0
1.0
2.0
1.0
1.0
2.0
1.0
2.0
1.0
2.0
1.0
2.0
2.0
1.0
2.0
2.0
154.0
155.0
155.0
155.0
155.0
155.0
155.0
156.0
155.0
2.0
155.0
155.0
155.0
155.0
155.0
155.0
164.0
165.0
165.0
1.0
166.0
164.0
164.0
164.0
165.0
164.0
157.0
156.0
157.0
2.0
155.0
156.0
156.0
155.0
158.0
155.0
156.0
155.0
155.0
1.0
705.0
704.0
707.0
705.0
707.0
705.0
705.0
711.0
715.0
2.0
1418.0
1421.0
1415.0
1405.0
1416.0
1404.0
1414.0
1429.0
1391.0
707.0
1386.0
1386.0
1388.0
1387.0
1390.0
1383.0
1389.0
1386.0
1384.0
672.0
1404.0
1426.0
1419.0
1402.0
1399.0
1406.0
1399.0
1407.0
1418.0
711.0
1377.0
1377.0
1377.0
1379.0
1377.0
1376.0
1375.0
1383.0
1378.0
663.0
1416.0
1441.0
1439.0
1443.0
1450.0
1409.0
1414.0
1450.0
1411.0
695.0
1390.0
1392.0
1393.0
1390.0
1390.0
1390.0
1409.0
1406.0
1413.0
671.0
1396.0
1392.0
1395.0
1391.0
1391.0
1392.0
1398.0
1383.0
1393.0
668.0
1394.0
1389.0
1384.0
1387.0
1386.0
1385.0
1385.0
1379.0
1416.0
673.0
1397.0
1430.0
1414.0
1407.0
1401.0
1424.0
1405.0
1421.0
1420.0
696.0
1378.0
1378.0
1382.0
1377.0
1378.0
1376.0
1375.0
1375.0
1380.0
664.0
1400.0
1411.0
1409.0
1404.0
1404.0
1403.0
1405.0
1403.0
1401.0
693.0
1376.0
1384.0
1412.0
1419.0
1409.0
1410.0
1407.0
1413.0
1423.0
663.0
1441.0
1438.0
1406.0
1379.0
1381.0
1382.0
1392.0
1382.0
1380.0
665.0
1.0
2.0
1.0
2.0
1.0
1.0
2.0
1.0
2.0
1.0
2.0
1.0
1.0
2.0
1.0
2.0
1.0
2.0
1.0
2.0
156.0
156.0
164.0
163.0
166.0
164.0
155.0
154.0
155.0
1.0
155.0
155.0
155.0
155.0
155.0
155.0
159.0
155.0
155.0
1.0
155.0
155.0
155.0
156.0
155.0
155.0
155.0
155.0
155.0
2.0
155.0
155.0
155.0
156.0
155.0
155.0
155.0
155.0
155.0
1.0
714.0
715.0
713.0
714.0
739.0
736.0
735.0
736.0
744.0
1.0
1421.0
1417.0
1402.0
1413.0
1416.0
1382.0
1379.0
1394.0
1377.0
685.0
1388.0
1388.0
1459.0
1457.0
1443.0
1466.0
1432.0
1446.0
1445.0
677.0
1457.0
1431.0
1431.0
1378.0
1392.0
1385.0
1380.0
1378.0
1381.0
665.0
1398.0
1384.0
1380.0
1378.0
1417.0
1412.0
1411.0
1408.0
1421.0
673.0
1404.0
1402.0
1399.0
1405.0
1404.0
1376.0
1387.0
1377.0
1379.0
674.0
1379.0
1378.0
1376.0
1377.0
1376.0
1379.0
1418.0
1396.0
1418.0
674.0
1401.0
1397.0
1399.0
1400.0
1432.0
1411.0
1420.0
1376.0
1389.0
676.0
1412.0
1408.0
1401.0
1426.0
1406.0
1427.0
1407.0
1403.0
1423.0
691.0
1380.0
1383.0
1377.0
1379.0
1379.0
1379.0
1378.0
1378.0
1390.0
675.0
1422.0
1405.0
1423.0
1407.0
1407.0
1421.0
1416.0
1432.0
1407.0
674.0
1423.0
1390.0
1392.0
1386.0
1383.0
1382.0
1383.0
1388.0
1380.0
672.0
1382.0
1386.0
1413.0
1410.0
1413.0
1406.0
1408.0
1405.0
1409.0
675.0
1405.0
1406.0
1407.0
1400.0
1400.0
1399.0
1404.0
1406.0
1405.0
680.0
2.0
2.0
2.0
2.0
1.0
1.0
2.0
2.0
2.0
2.0
1.0
1.0
2.0
2.0
2.0
2.0
1.0
1.0
2.0
2.0
156.0
156.0
156.0
156.0
156.0
155.0
156.0
155.0
165.0
2.0
164.0
164.0
166.0
160.0
161.0
160.0
162.0
170.0
168.0
2.0
170.0
169.0
168.0
170.0
170.0
169.0
168.0
171.0
157.0
2.0
156.0
156.0
156.0
155.0
155.0
156.0
157.0
155.0
155.0
2.0
732.0
730.0
730.0
730.0
742.0
732.0
731.0
731.0
730.0
1.0
1407.0
1379.0
1376.0
1376.0
1376.0
1384.0
1382.0
1377.0
1376.0
673.0
1413.0
1416.0
1425.0
1431.0
1409.0
1427.0
1418.0
1406.0
1429.0
709.0
1390.0
1392.0
1393.0
1387.0
1389.0
1386.0
1393.0
1387.0
1391.0
673.0
1401.0
1427.0
1413.0
1403.0
1393.0
1394.0
1397.0
1434.0
1393.0
705.0
1377.0
1389.0
1383.0
1385.0
1383.0
1395.0
1388.0
1391.0
1389.0
669.0
1415.0
1426.0
1408.0
1423.0
1423.0
1423.0
1402.0
1405.0
1399.0
688.0
1406.0
1376.0
1385.0
1383.0
1380.0
1385.0
1381.0
1377.0
1401.0
664.0
1399.0
1420.0
1422.0
1407.0
1410.0
1416.0
1411.0
1419.0
1406.0
678.0
1390.0
1389.0
1390.0
1395.0
1393.0
1393.0
1389.0
1390.0
1392.0
673.0
1394.0
1414.0
1390.0
1392.0
1411.0
1403.0
1416.0
1410.0
1395.0
703.0
1404.0
1419.0
1412.0
1413.0
1417.0
1424.0
1411.0
1411.0
1501.0
701.0
1408.0
1407.0
1405.0
1421.0
1416.0
1418.0
1418.0
1409.0
1416.0
734.0
1381.0
1382.0
1379.0
1379.0
1383.0
1378.0
1380.0
1383.0
1378.0
663.0
2.0
2.0
1.0
2.0
1.0
2.0
1.0
2.0
1.0
2.0
2.0
1.0
1.0
2.0
2.0
2.0
2.0
1.0
1.0
2.0
155.0
155.0
155.0
165.0
165.0
165.0
164.0
156.0
155.0
2.0
157.0
156.0
156.0
156.0
156.0
155.0
175.0
175.0
176.0
1.0
175.0
175.0
174.0
175.0
175.0
176.0
177.0
155.0
157.0
1.0
156.0
156.0
156.0
157.0
156.0
155.0
157.0
161.0
155.0
2.0
723.0
713.0
706.0
714.0
716.0
716.0
704.0
724.0
717.0
1.0
1386.0
1407.0
1398.0
1390.0
1388.0
1400.0
1404.0
1389.0
1378.0
674.0
1405.0
1419.0
1408.0
1409.0
1398.0
1398.0
1412.0
1401.0
1413.0
685.0
1376.0
1381.0
1386.0
1412.0
1404.0
1416.0
1419.0
1418.0
1420.0
662.0
1422.0
1423.0
1412.0
1407.0
1399.0
1379.0
1378.0
1382.0
1382.0
673.0
1386.0
1386.0
1385.0
1391.0
1388.0
1403.0
1403.0
1416.0
1403.0
675.0
1393.0
1392.0
1391.0
1401.0
1409.0
1404.0
1377.0
1376.0
1379.0
663.0
1387.0
1389.0
1386.0
1389.0
1376.0
1381.0
1378.0
1404.0
1416.0
673.0
1432.0
1448.0
1433.0
1435.0
1447.0
1429.0
1426.0
1423.0
1436.0
690.0
1424.0
1416.0
1410.0
1424.0
1413.0
1429.0
1425.0
1401.0
1431.0
682.0
1412.0
1411.0
1408.0
1400.0
1408.0
1402.0
1404.0
1413.0
1409.0
667.0
1391.0
1402.0
1408.0
1419.0
1421.0
1408.0
1408.0
1415.0
1404.0
672.0
1392.0
1393.0
1375.0
1378.0
1377.0
1374.0
1378.0
1378.0
1376.0
666.0
1387.0
1393.0
1389.0
1417.0
1421.0
1396.0
1421.0
1415.0
1417.0
673.0
1.0
2.0
2.0
1.0
1.0
2.0
2.0
1.0
1.0
2.0
1.0
1.0
2.0
1.0
1.0
1.0
2.0
1.0
1.0
2.0
155.0
155.0
155.0
156.0
177.0
177.0
176.0
177.0
66.0
2.0
155.0
155.0
158.0
155.0
155.0
156.0
155.0
159.0
65.0
1.0
156.0
157.0
155.0
155.0
157.0
163.0
156.0
159.0
64.0
1.0
157.0
156.0
157.0
157.0
155.0
155.0
157.0
155.0
65.0
2.0
716.0
716.0
716.0
713.0
716.0
714.0
714.0
714.0
65.0
2.0
1386.0
1389.0
1420.0
1418.0
1402.0
1400.0
1406.0
1421.0
745.0
672.0
1424.0
1428.0
1426.0
1431.0
1398.0
1394.0
1385.0
1385.0
741.0
696.0
1378.0
1375.0
1383.0
1379.0
1376.0
1380.0
1428.0
1418.0
736.0
674.0
1399.0
1406.0
1407.0
1400.0
1404.0
1401.0
1406.0
1405.0
737.0
671.0
1377.0
1378.0
1382.0
1378.0
1384.0
1379.0
1412.0
1404.0
726.0
682.0
1430.0
1439.0
1428.0
1430.0
1437.0
1435.0
1441.0
1436.0
750.0
684.0
1411.0
1403.0
1402.0
1396.0
1414.0
1406.0
1415.0
1400.0
740.0
672.0
1392.0
1394.0
1393.0
1394.0
1431.0
1423.0
1376.0
1387.0
727.0
686.0
1391.0
1391.0
1385.0
1397.0
1384.0
1391.0
1391.0
1390.0
737.0
671.0
1391.0
1399.0
1406.0
1411.0
1403.0
1409.0
1413.0
1404.0
752.0
688.0
1378.0
1380.0
1387.0
1379.0
1375.0
1376.0
1376.0
1380.0
726.0
663.0
1401.0
1402.0
1402.0
1409.0
1401.0
1399.0
1404.0
1406.0
751.0
689.0
1382.0
1391.0
1383.0
1384.0
1382.0
1391.0
1377.0
1402.0
727.0
667.0
1.0
2.0
1.0
2.0
1.0
2.0
1.0
2.0
1.0
2.0
1.0
2.0
1.0
2.0
1.0
2.0
1.0
2.0
1.0
2.0
167.0
167.0
167.0
157.0
156.0
156.0
155.0
155.0
64.0
2.0
156.0
155.0
155.0
155.0
155.0
156.0
155.0
155.0
64.0
2.0
155.0
155.0
155.0
155.0
156.0
156.0
173.0
173.0
64.0
1.0
174.0
175.0
173.0
174.0
174.0
174.0
174.0
155.0
64.0
2.0
705.0
708.0
715.0
705.0
704.0
716.0
706.0
715.0
64.0
2.0
1388.0
1375.0
1385.0
1384.0
1398.0
1387.0
1387.0
1388.0
736.0
675.0
1422.0
1420.0
1400.0
1425.0
1399.0
1403.0
1402.0
1401.0
753.0
691.0
1384.0
1385.0
1383.0
1381.0
1380.0
1381.0
1382.0
1394.0
727.0
663.0
1472.0
1434.0
1450.0
1461.0
1433.0
1496.0
1439.0
1501.0
800.0
754.0
1391.0
1388.0
1383.0
1389.0
1397.0
1394.0
1386.0
1383.0
743.0
673.0
1415.0
1416.0
1397.0
1399.0
1395.0
1400.0
1392.0
1403.0
767.0
704.0
1379.0
1375.0
1375.0
1374.0
1409.0
1384.0
1382.0
1382.0
737.0
673.0
1398.0
1400.0
1397.0
1400.0
1426.0
1399.0
1398.0
1413.0
751.0
689.0
1386.0
1392.0
1386.0
1378.0
1380.0
1385.0
1376.0
1378.0
732.0
663.0
1401.0
1410.0
1404.0
1404.0
1401.0
1404.0
1403.0
1401.0
763.0
673.0
1396.0
1385.0
1374.0
1379.0
1378.0
1381.0
1374.0
1377.0
735.0
673.0
1402.0
1415.0
1403.0
1398.0
1397.0
1402.0
1398.0
1397.0
767.0
700.0
1377.0
1377.0
1377.0
1376.0
1375.0
1374.0
1384.0
1391.0
736.0
671.0
2.0
1.0
1.0
1.0
1.0
1.0
1.0
1.0
2.0
1.0
1.0
1.0
1.0
1.0
2.0
1.0
1.0
1.0
2.0
2.0
155.0
155.0
156.0
156.0
155.0
155.0
156.0
155.0
2.0
2.0
155.0
155.0
155.0
154.0
155.0
155.0
155.0
164.0
1.0
1.0
163.0
163.0
164.0
164.0
164.0
165.0
163.0
157.0
2.0
2.0
155.0
156.0
156.0
156.0
156.0
156.0
156.0
155.0
1.0
2.0
732.0
730.0
731.0
730.0
730.0
728.0
728.0
155.0
1.0
2.0
1397.0
1398.0
1397.0
1377.0
1376.0
1376.0
1376.0
829.0
674.0
671.0
1400.0
1435.0
1397.0
1429.0
1441.0
1440.0
1428.0
877.0
688.0
695.0
1422.0
1433.0
1440.0
1524.0
1415.0
1392.0
1379.0
836.0
680.0
672.0
1396.0
1401.0
1415.0
1414.0
1405.0
1408.0
1419.0
826.0
674.0
675.0
1394.0
1392.0
1396.0
1414.0
1408.0
1377.0
1379.0
829.0
665.0
665.0
1385.0
1386.0
1388.0
1387.0
1377.0
1375.0
1374.0
827.0
673.0
672.0
1396.0
1406.0
1404.0
1400.0
1405.0
1409.0
1403.0
841.0
689.0
696.0
1380.0
1379.0
1381.0
1394.0
1400.0
1389.0
1378.0
818.0
664.0
672.0
1407.0
1418.0
1427.0
1431.0
1424.0
1426.0
1402.0
863.0
689.0
710.0
1380.0
1388.0
1380.0
1392.0
1393.0
1391.0
1400.0
832.0
680.0
668.0
1403.0
1414.0
1406.0
1399.0
1413.0
1410.0
1408.0
857.0
687.0
690.0
1375.0
1378.0
1379.0
1385.0
1375.0
1381.0
1384.0
827.0
673.0
674.0
1393.0
1395.0
1408.0
1386.0
1407.0
1382.0
1384.0
853.0
697.0
688.0
