3.0
3.0
4.0
3.0
3.0
3.0
3.0
4.0
4.0
2.0
6.0
71.0
187.0
185.0
186.0
186.0
185.0
185.0
325.0
2443.0
2318.0
2654.0
2443.0
2442.0
2433.0
2434.0
2449.0
2097.0
2445.0
2195.0
4.0
33.0
164.0
169.0
161.0
158.0
180.0
179.0
179.0
2352.0
2375.0
2184.0
2390.0
2213.0
2385.0
2388.0
2364.0
2379.0
2240.0
2235.0
3.0
34.0
167.0
167.0
167.0
167.0
168.0
169.0
166.0
2276.0
2266.0
2279.0
2269.0
2261.0
2262.0
2270.0
2283.0
2249.0
2255.0
2234.0
4.0
34.0
166.0
167.0
167.0
168.0
166.0
166.0
168.0
2242.0
2237.0
2224.0
2236.0
2227.0
2235.0
2239.0
2262.0
2239.0
2246.0
2263.0
4.0
34.0
167.0
193.0
192.0
193.0
193.0
192.0
194.0
2235.0
2239.0
2234.0
2237.0
2243.0
2225.0
2251.0
2269.0
2275.0
2268.0
2251.0
4.0
35.0
166.0
167.0
166.0
166.0
167.0
165.0
167.0
2277.0
2274.0
2278.0
2277.0
2269.0
2276.0
2263.0
2267.0
2286.0
2277.0
2262.0
4.0
34.0
168.0
167.0
166.0
166.0
167.0
166.0
167.0
2266.0
2250.0
2258.0
2256.0
2232.0
2238.0
2266.0
2281.0
2278.0
2284.0
2289.0
4.0
35.0
176.0
175.0
177.0
166.0
168.0
169.0
166.0
2257.0
2261.0
2267.0
2285.0
2275.0
2244.0
2261.0
2268.0
2253.0
2267.0
2274.0
3.0
35.0
175.0
175.0
176.0
169.0
168.0
167.0
169.0
2263.0
2262.0
2263.0
2271.0
2280.0
2243.0
2238.0
2229.0
2275.0
2272.0
2271.0
4.0
34.0
168.0
168.0
168.0
185.0
187.0
188.0
169.0
2260.0
2269.0
2260.0
2255.0
2263.0
2243.0
2417.0
2162.0
2090.0
2261.0
2005.0
12.0
45.0
220.0
125.0
124.0
124.0
124.0
221.0
220.0
2317.0
2192.0
2181.0
2224.0
2194.0
2207.0
2193.0
2257.0
2216.0
2266.0
2221.0
12.0
58.0
118.0
116.0
116.0
115.0
115.0
114.0
140.0
2217.0
2206.0
2212.0
2210.0
2207.0
2234.0
2207.0
2227.0
2184.0
2210.0
2199.0
11.0
42.0
115.0
116.0
115.0
115.0
115.0
115.0
116.0
2211.0
2203.0
2208.0
2210.0
2205.0
2226.0
2210.0
2212.0
2206.0
2226.0
2204.0
11.0
42.0
116.0
114.0
115.0
115.0
115.0
115.0
116.0
2225.0
2222.0
2236.0
2247.0
2250.0
2232.0
2228.0
2240.0
2219.0
2222.0
2222.0
12.0
42.0
117.0
114.0
116.0
117.0
118.0
115.0
117.0
2219.0
2256.0
2250.0
2250.0
2247.0
2272.0
2185.0
2190.0
2179.0
2214.0
2213.0
12.0
43.0
130.0
128.0
129.0
130.0
117.0
116.0
118.0
2224.0
2213.0
2216.0
2212.0
2218.0
2191.0
2210.0
2214.0
2180.0
2179.0
2187.0
11.0
41.0
115.0
116.0
116.0
116.0
115.0
115.0
115.0
2218.0
2222.0
2228.0
2223.0
2211.0
2203.0
2204.0
2190.0
2197.0
2219.0
2203.0
11.0
41.0
116.0
116.0
115.0
115.0
114.0
114.0
114.0
2184.0
2186.0
2184.0
2202.0
2206.0
2204.0
2206.0
2201.0
2207.0
2215.0
2188.0
11.0
42.0
147.0
147.0
115.0
116.0
115.0
117.0
115.0
2176.0
2190.0
2215.0
2235.0
2776.0
2232.0
2173.0
2166.0
2234.0
3106.0
2160.0
11.0
41.0
115.0
152.0
116.0
115.0
115.0
115.0
115.0
2185.0
2181.0
2175.0
2177.0
2154.0
2200.0
2569.0
2206.0
2256.0
2219.0
2243.0
3.0
33.0
166.0
165.0
167.0
167.0
167.0
166.0
197.0
2313.0
2299.0
2270.0
2274.0
2271.0
2261.0
2242.0
2272.0
2266.0
2284.0
2262.0
3.0
34.0
166.0
166.0
175.0
168.0
168.0
167.0
169.0
2263.0
2263.0
2268.0
2270.0
2283.0
2269.0
2298.0
2304.0
2268.0
2277.0
2286.0
3.0
47.0
181.0
168.0
166.0
174.0
167.0
168.0
166.0
2257.0
2288.0
2268.0
2254.0
2283.0
2257.0
2259.0
2269.0
2268.0
2281.0
2277.0
3.0
36.0
170.0
167.0
171.0
176.0
177.0
176.0
175.0
2296.0
2297.0
2268.0
2286.0
2288.0
2289.0
2247.0
2270.0
2277.0
2272.0
2268.0
4.0
34.0
168.0
167.0
166.0
167.0
169.0
167.0
166.0
2258.0
2281.0
2267.0
2273.0
2253.0
2271.0
2243.0
2247.0
2266.0
2268.0
2261.0
3.0
34.0
167.0
167.0
167.0
166.0
166.0
167.0
167.0
2277.0
2272.0
2278.0
2278.0
2269.0
2295.0
2294.0
2268.0
2253.0
2283.0
2275.0
3.0
39.0
174.0
183.0
174.0
174.0
173.0
177.0
175.0
2271.0
2263.0
2270.0
2264.0
2256.0
2265.0
2255.0
2264.0
2224.0
2262.0
2273.0
4.0
33.0
168.0
166.0
168.0
166.0
166.0
168.0
168.0
2283.0
2264.0
2268.0
2257.0
2280.0
2280.0
2252.0
2270.0
2229.0
2248.0
2286.0
4.0
34.0
178.0
178.0
180.0
166.0
168.0
167.0
168.0
2282.0
2281.0
2255.0
2269.0
2258.0
2270.0
2250.0
2262.0
2271.0
2245.0
2270.0
3.0
33.0
167.0
168.0
166.0
167.0
177.0
176.0
175.0
2258.0
2274.0
2257.0
2261.0
2256.0
2262.0
2272.0
2263.0
2272.0
2240.0
2230.0
4.0
34.0
169.0
168.0
167.0
168.0
167.0
165.0
166.0
2276.0
2288.0
2290.0
2277.0
2281.0
2261.0
2279.0
2255.0
2258.0
2264.0
2255.0
3.0
34.0
165.0
166.0
168.0
166.0
166.0
167.0
166.0
2290.0
2298.0
2350.0
2302.0
2300.0
2294.0
2303.0
2314.0
2286.0
2282.0
2257.0
4.0
34.0
165.0
168.0
178.0
167.0
169.0
169.0
182.0
2246.0
2252.0
2242.0
2244.0
2332.0
2262.0
2261.0
2253.0
2266.0
2246.0
2248.0
4.0
34.0
195.0
194.0
195.0
166.0
165.0
167.0
165.0
2220.0
2226.0
2228.0
2240.0
2242.0
2259.0
2254.0
2252.0
2258.0
2249.0
2255.0
3.0
34.0
166.0
167.0
167.0
191.0
190.0
190.0
190.0
2237.0
2234.0
2242.0
2241.0
2252.0
2236.0
2259.0
2256.0
2257.0
2282.0
2264.0
3.0
34.0
167.0
167.0
165.0
166.0
167.0
166.0
167.0
2262.0
2261.0
2268.0
2265.0
2256.0
2238.0
2265.0
2262.0
2263.0
2280.0
2262.0
3.0
34.0
167.0
166.0
166.0
167.0
166.0
166.0
166.0
2259.0
2259.0
2265.0
2259.0
2270.0
2235.0
2236.0
2280.0
2282.0
2301.0
2293.0
4.0
33.0
176.0
176.0
176.0
176.0
167.0
165.0
167.0
2295.0
2268.0
2291.0
2285.0
2276.0
2279.0
2252.0
2270.0
2261.0
2259.0
2262.0
4.0
33.0
165.0
166.0
167.0
167.0
174.0
175.0
175.0
2262.0
2260.0
2265.0
2246.0
2251.0
2279.0
2240.0
2273.0
2272.0
2263.0
2253.0
3.0
35.0
167.0
166.0
167.0
167.0
167.0
166.0
166.0
2267.0
2256.0
2267.0
2264.0
2257.0
2250.0
2237.0
2236.0
2275.0
2259.0
2258.0
4.0
34.0
167.0
167.0
166.0
166.0
165.0
166.0
166.0
2262.0
2278.0
2269.0
2277.0
2265.0
2250.0
2257.0
2234.0
2228.0
2265.0
2247.0
4.0
34.0
165.0
166.0
167.0
167.0
168.0
165.0
167.0
2246.0
2260.0
2257.0
2255.0
2255.0
2259.0
2253.0
2250.0
2233.0
2267.0
2267.0
3.0
34.0
166.0
167.0
166.0
167.0
165.0
167.0
167.0
2260.0
2247.0
2250.0
2268.0
2264.0
2260.0
2261.0
2284.0
2265.0
2257.0
2298.0
3.0
34.0
174.0
175.0
176.0
177.0
166.0
167.0
167.0
2289.0
2301.0
2291.0
2280.0
2297.0
2291.0
2286.0
2282.0
2274.0
2253.0
2273.0
4.0
34.0
166.0
166.0
168.0
167.0
180.0
179.0
179.0
2285.0
2268.0
2269.0
2277.0
2280.0
2270.0
2284.0
2272.0
2267.0
2233.0
2248.0
3.0
34.0
166.0
165.0
166.0
167.0
166.0
167.0
165.0
2274.0
2272.0
2266.0
2273.0
2270.0
2251.0
2273.0
2261.0
2267.0
2262.0
2237.0
4.0
35.0
167.0
167.0
167.0
167.0
168.0
167.0
168.0
2228.0
2275.0
2269.0
2259.0
2274.0
2268.0
2264.0
2275.0
2273.0
2265.0
2274.0
4.0
35.0
166.0
167.0
169.0
167.0
167.0
167.0
166.0
2229.0
2225.0
2232.0
2232.0
2262.0
2267.0
2267.0
2255.0
2260.0
2252.0
2256.0
4.0
34.0
191.0
192.0
192.0
167.0
167.0
167.0
167.0
2245.0
2235.0
2237.0
2242.0
2254.0
2274.0
2276.0
2271.0
2283.0
2274.0
2263.0
4.0
36.0
170.0
172.0
170.0
169.0
195.0
197.0
196.0
2249.0
2243.0
2251.0
2252.0
2234.0
2240.0
2258.0
2249.0
2247.0
2259.0
2252.0
4.0
34.0
167.0
167.0
165.0
166.0
168.0
168.0
165.0
2245.0
2258.0
2250.0
2253.0
2259.0
2233.0
2275.0
2290.0
2274.0
2289.0
2284.0
4.0
34.0
167.0
166.0
167.0
166.0
167.0
167.0
166.0
2288.0
2267.0
2274.0
2281.0
2267.0
2227.0
2231.0
2268.0
2249.0
2250.0
2264.0
4.0
34.0
175.0
175.0
176.0
176.0
166.0
167.0
167.0
2253.0
2262.0
2256.0
2249.0
2253.0
2267.0
2225.0
2262.0
2267.0
2269.0
2263.0
3.0
35.0
166.0
166.0
167.0
166.0
174.0
175.0
177.0
2256.0
2258.0
2251.0
2254.0
2250.0
2255.0
2222.0
2228.0
2267.0
2255.0
2266.0
2.0
32.0
164.0
164.0
165.0
164.0
165.0
164.0
164.0
2313.0
2304.0
2286.0
2302.0
2280.0
2268.0
2306.0
2253.0
2292.0
2280.0
2314.0
2.0
2.0
2.0
2.0
2.0
2.0
2.0
2.0
2.0
1137.0
1148.0
1143.0
1133.0
1158.0
1162.0
1153.0
1156.0
1162.0
1160.0
1169.0
2.0
2.0
2.0
2.0
2.0
2.0
2.0
2.0
2.0
1171.0
1120.0
1118.0
1129.0
1128.0
1135.0
1123.0
1123.0
1131.0
1133.0
1123.0
2.0
2.0
2.0
2.0
2.0
2.0
2.0
2.0
2.0
1128.0
1120.0
1120.0
1135.0
1127.0
1125.0
1172.0
1161.0
1183.0
1175.0
1172.0
2.0
2.0
2.0
2.0
2.0
2.0
2.0
2.0
2.0
1170.0
1174.0
1196.0
1193.0
1191.0
1130.0
1116.0
1129.0
1138.0
1147.0
1137.0
2.0
2.0
2.0
2.0
2.0
2.0
2.0
2.0
2.0
1125.0
1125.0
1129.0
1136.0
1128.0
1124.0
1131.0
1128.0
1133.0
1120.0
1152.0
11.0
41.0
117.0
115.0
116.0
115.0
115.0
114.0
115.0
2199.0
2195.0
2211.0
2214.0
2208.0
2200.0
2204.0
2209.0
2207.0
2173.0
2228.0
12.0
42.0
115.0
115.0
115.0
115.0
115.0
116.0
115.0
2226.0
2207.0
2229.0
2208.0
2218.0
2221.0
2221.0
2203.0
2212.0
2207.0
2220.0
11.0
42.0
115.0
116.0
114.0
115.0
116.0
115.0
116.0
2210.0
2201.0
2205.0
2214.0
2218.0
2206.0
2210.0
2225.0
2268.0
2241.0
2243.0
11.0
41.0
116.0
124.0
125.0
125.0
125.0
127.0
126.0
2267.0
2229.0
2241.0
2243.0
2246.0
2237.0
2245.0
2217.0
2203.0
2185.0
2187.0
12.0
41.0
115.0
116.0
116.0
114.0
116.0
115.0
116.0
2180.0
2184.0
2188.0
2179.0
2173.0
2206.0
2201.0
2201.0
2205.0
2203.0
2202.0
11.0
42.0
140.0
142.0
141.0
141.0
117.0
114.0
115.0
2178.0
2187.0
2195.0
2164.0
2185.0
2206.0
2205.0
2229.0
2226.0
2211.0
2212.0
11.0
42.0
115.0
115.0
115.0
116.0
115.0
115.0
115.0
2216.0
2203.0
2202.0
2216.0
2234.0
2229.0
2215.0
2211.0
2202.0
2212.0
2233.0
11.0
50.0
125.0
124.0
116.0
115.0
116.0
115.0
114.0
2221.0
2211.0
2219.0
2197.0
2187.0
2237.0
2219.0
2218.0
2213.0
2205.0
2211.0
11.0
41.0
115.0
115.0
115.0
124.0
125.0
116.0
115.0
2210.0
2195.0
2215.0
2227.0
2234.0
2229.0
2200.0
2213.0
2248.0
2222.0
2241.0
11.0
41.0
115.0
115.0
126.0
131.0
122.0
119.0
119.0
2250.0
2237.0
2243.0
2250.0
2205.0
2230.0
2215.0
2191.0
2183.0
2224.0
2199.0
4.0
33.0
166.0
168.0
166.0
168.0
165.0
167.0
179.0
2271.0
2262.0
2272.0
2265.0
2253.0
2265.0
2258.0
2257.0
2238.0
2269.0
2258.0
3.0
34.0
167.0
165.0
167.0
167.0
168.0
168.0
167.0
2276.0
2268.0
2271.0
2274.0
2266.0
2277.0
2253.0
2265.0
2229.0
2271.0
2267.0
4.0
34.0
167.0
166.0
166.0
167.0
167.0
167.0
167.0
2265.0
2268.0
2260.0
2269.0
2265.0
2278.0
2251.0
2259.0
2256.0
2288.0
2271.0
3.0
33.0
185.0
185.0
169.0
167.0
167.0
167.0
168.0
2272.0
2269.0
2276.0
2275.0
2271.0
2270.0
2258.0
2272.0
2258.0
2247.0
2292.0
4.0
34.0
167.0
167.0
167.0
166.0
184.0
184.0
184.0
2294.0
2272.0
2276.0
2267.0
2281.0
2273.0
2288.0
2276.0
2285.0
2246.0
2234.0
4.0
35.0
171.0
172.0
170.0
166.0
168.0
166.0
168.0
2272.0
2272.0
2277.0
2275.0
2250.0
2260.0
2278.0
2258.0
2267.0
2276.0
2245.0
3.0
34.0
165.0
166.0
168.0
168.0
168.0
166.0
167.0
2296.0
2274.0
2287.0
2280.0
2270.0
2260.0
2279.0
2267.0
2264.0
2262.0
2238.0
4.0
34.0
166.0
166.0
166.0
166.0
167.0
167.0
169.0
2236.0
2229.0
2224.0
2268.0
2272.0
2252.0
2249.0
2259.0
2275.0
2252.0
2269.0
4.0
33.0
194.0
195.0
167.0
166.0
166.0
166.0
169.0
2237.0
2242.0
2236.0
2241.0
2236.0
2261.0
2251.0
2252.0
2275.0
2248.0
2248.0
4.0
33.0
166.0
166.0
191.0
194.0
191.0
192.0
167.0
2239.0
2224.0
2230.0
2244.0
2242.0
2239.0
2267.0
2249.0
2258.0
2286.0
2285.0
3.0
34.0
165.0
165.0
165.0
166.0
166.0
166.0
167.0
2310.0
2309.0
2309.0
2329.0
2316.0
2297.0
2344.0
2302.0
2290.0
2270.0
2263.0
3.0
34.0
172.0
168.0
173.0
172.0
171.0
166.0
169.0
2273.0
2267.0
2262.0
2272.0
2281.0
2230.0
2228.0
2261.0
2257.0
2275.0
2277.0
4.0
41.0
175.0
176.0
168.0
168.0
165.0
167.0
167.0
2269.0
2261.0
2262.0
2269.0
2254.0
2260.0
2236.0
2271.0
2260.0
2254.0
2283.0
4.0
33.0
165.0
165.0
167.0
174.0
177.0
177.0
176.0
2241.0
2258.0
2265.0
2265.0
2264.0
2263.0
2249.0
2251.0
2277.0
2261.0
2269.0
4.0
34.0
167.0
166.0
167.0
166.0
166.0
167.0
167.0
2270.0
2269.0
2279.0
2275.0
2260.0
2263.0
2263.0
2223.0
2267.0
2267.0
2255.0
4.0
34.0
167.0
167.0
166.0
167.0
166.0
167.0
167.0
2270.0
2261.0
2273.0
2283.0
2263.0
2249.0
2256.0
2251.0
2244.0
2294.0
2281.0
4.0
33.0
166.0
168.0
165.0
166.0
166.0
165.0
167.0
2286.0
2274.0
2292.0
2278.0
2292.0
2268.0
2249.0
2270.0
2241.0
2267.0
2269.0
3.0
34.0
167.0
167.0
167.0
168.0
166.0
166.0
166.0
2257.0
2253.0
2249.0
2249.0
2262.0
2264.0
2248.0
2261.0
2232.0
2229.0
2270.0
3.0
33.0
174.0
175.0
174.0
176.0
166.0
166.0
166.0
2255.0
2253.0
2254.0
2257.0
2263.0
2254.0
2266.0
2262.0
2263.0
2239.0
2263.0
4.0
33.0
166.0
167.0
167.0
167.0
176.0
175.0
175.0
2244.0
2279.0
2236.0
2280.0
2240.0
2274.0
2282.0
2281.0
2284.0
2223.0
2238.0
3.0
33.0
167.0
166.0
165.0
167.0
167.0
166.0
166.0
2286.0
2266.0
2270.0
2269.0
2262.0
2259.0
2262.0
2269.0
2249.0
2273.0
2250.0
3.0
34.0
167.0
167.0
165.0
166.0
166.0
166.0
164.0
2256.0
2273.0
2287.0
2277.0
2276.0
2261.0
2270.0
2313.0
2307.0
2302.0
2224.0
3.0
35.0
171.0
172.0
169.0
172.0
177.0
176.0
170.0
2230.0
2255.0
2222.0
2251.0
2227.0
2264.0
2262.0
2252.0
2267.0
2259.0
2256.0
3.0
35.0
194.0
193.0
194.0
193.0
168.0
166.0
166.0
2223.0
2239.0
2227.0
2235.0
2233.0
2259.0
2273.0
2266.0
2265.0
2255.0
2248.0
4.0
34.0
165.0
166.0
166.0
165.0
190.0
192.0
193.0
2250.0
2226.0
2230.0
2244.0
2245.0
2233.0
2264.0
2261.0
2249.0
2252.0
2255.0
4.0
34.0
166.0
166.0
168.0
167.0
167.0
166.0
167.0
2261.0
2268.0
2264.0
2269.0
2269.0
2244.0
2285.0
2280.0
2277.0
2264.0
2279.0
4.0
35.0
166.0
168.0
167.0
168.0
167.0
168.0
167.0
2268.0
2253.0
2273.0
2255.0
2283.0
2233.0
2245.0
2284.0
2266.0
2272.0
2273.0
4.0
34.0
181.0
181.0
180.0
169.0
165.0
167.0
168.0
2286.0
2255.0
2257.0
2296.0
2293.0
2265.0
2241.0
2275.0
2323.0
2297.0
2278.0
2.0
33.0
167.0
166.0
168.0
168.0
173.0
175.0
173.0
2270.0
2248.0
2259.0
2267.0
2256.0
2257.0
2231.0
2238.0
2267.0
2257.0
2256.0
3.0
32.0
164.0
165.0
165.0
166.0
166.0
166.0
165.0
2260.0
2264.0
2256.0
2265.0
2260.0
2256.0
2273.0
2233.0
2278.0
2279.0
2258.0
4.0
35.0
168.0
166.0
166.0
167.0
166.0
167.0
167.0
2277.0
2267.0
2273.0
2266.0
2262.0
2258.0
2269.0
2234.0
2224.0
2265.0
2256.0
4.0
34.0
168.0
166.0
168.0
168.0
168.0
166.0
168.0
2266.0
2265.0
2263.0
2266.0
2272.0
2278.0
2257.0
2257.0
2235.0
2268.0
2280.0
2.0
34.0
166.0
165.0
164.0
165.0
168.0
165.0
164.0
2261.0
2272.0
2268.0
2255.0
2259.0
2271.0
2239.0
2266.0
2222.0
2256.0
2294.0
2.0
33.0
172.0
172.0
175.0
176.0
168.0
165.0
165.0
2277.0
2281.0
2290.0
2281.0
2352.0
2316.0
2289.0
2301.0
2283.0
2230.0
2271.0
1.0
32.0
165.0
164.0
166.0
173.0
177.0
177.0
182.0
2262.0
2269.0
2254.0
2265.0
2283.0
2250.0
2262.0
2251.0
2255.0
2224.0
2229.0
2.0
2.0
2.0
2.0
2.0
2.0
2.0
2.0
2.0
1133.0
1128.0
1121.0
1130.0
1118.0
1117.0
1121.0
1120.0
1129.0
1133.0
1129.0
2.0
2.0
2.0
2.0
2.0
2.0
2.0
2.0
2.0
1160.0
1159.0
1159.0
1161.0
1170.0
1161.0
1162.0
1157.0
1171.0
1165.0
1124.0
2.0
2.0
2.0
2.0
2.0
2.0
2.0
2.0
2.0
1119.0
1123.0
1129.0
1124.0
1125.0
1132.0
1140.0
1141.0
1136.0
1130.0
1131.0
2.0
2.0
2.0
2.0
2.0
2.0
2.0
2.0
2.0
1122.0
1129.0
1163.0
1160.0
1152.0
1148.0
1154.0
1155.0
1149.0
1147.0
1151.0
2.0
2.0
2.0
2.0
2.0
2.0
2.0
2.0
2.0
1151.0
1131.0
1122.0
1126.0
1124.0
1116.0
1129.0
1088.0
1085.0
1048.0
1031.0
