1.0
1.0
1.0
1.0
1.0
1.0
1.0
1.0
2.0
1.0
1.0
1.0
78.0
195.0
459.0
784.0
785.0
785.0
784.0
785.0
786.0
784.0
785.0
796.0
798.0
798.0
798.0
797.0
797.0
798.0
1.0
1.0
78.0
206.0
471.0
798.0
787.0
785.0
809.0
809.0
808.0
807.0
808.0
807.0
807.0
807.0
807.0
807.0
786.0
796.0
1.0
1.0
78.0
194.0
459.0
800.0
800.0
799.0
798.0
799.0
800.0
798.0
800.0
798.0
787.0
795.0
795.0
796.0
795.0
795.0
1.0
1.0
78.0
194.0
471.0
797.0
796.0
796.0
796.0
805.0
806.0
807.0
806.0
807.0
805.0
807.0
806.0
806.0
807.0
784.0
1.0
1.0
78.0
194.0
458.0
797.0
798.0
799.0
799.0
806.0
811.0
808.0
819.0
811.0
810.0
798.0
799.0
800.0
796.0
798.0
1.0
1.0
79.0
194.0
459.0
798.0
796.0
796.0
798.0
796.0
798.0
798.0
798.0
797.0
807.0
808.0
808.0
808.0
807.0
807.0
2.0
1.0
78.0
217.0
481.0
807.0
806.0
784.0
784.0
795.0
797.0
798.0
799.0
797.0
798.0
799.0
799.0
799.0
799.0
786.0
1.0
1.0
79.0
195.0
460.0
795.0
796.0
797.0
798.0
796.0
797.0
798.0
797.0
799.0
798.0
811.0
809.0
812.0
811.0
811.0
1.0
1.0
78.0
195.0
485.0
814.0
813.0
816.0
815.0
795.0
795.0
806.0
804.0
807.0
806.0
808.0
810.0
811.0
811.0
811.0
1.0
1.0
91.0
198.0
468.0
799.0
796.0
808.0
809.0
808.0
806.0
804.0
805.0
796.0
779.0
755.0
748.0
714.0
713.0
674.0
1.0
1.0
80.0
195.0
461.0
795.0
795.0
795.0
796.0
797.0
797.0
794.0
795.0
798.0
798.0
789.0
789.0
789.0
789.0
789.0
1.0
1.0
80.0
196.0
461.0
788.0
787.0
787.0
798.0
798.0
797.0
798.0
797.0
798.0
797.0
797.0
796.0
796.0
805.0
807.0
1.0
1.0
78.0
195.0
480.0
806.0
807.0
806.0
807.0
806.0
805.0
808.0
796.0
796.0
798.0
796.0
798.0
797.0
799.0
799.0
1.0
1.0
78.0
194.0
472.0
797.0
793.0
794.0
801.0
817.0
818.0
818.0
822.0
817.0
820.0
821.0
812.0
810.0
802.0
807.0
1.0
2.0
78.0
195.0
459.0
806.0
807.0
807.0
806.0
806.0
805.0
806.0
805.0
807.0
785.0
795.0
793.0
797.0
797.0
797.0
1.0
1.0
78.0
194.0
470.0
795.0
796.0
797.0
798.0
786.0
786.0
788.0
788.0
787.0
797.0
800.0
798.0
799.0
797.0
797.0
1.0
1.0
79.0
206.0
472.0
819.0
818.0
806.0
806.0
805.0
805.0
806.0
808.0
806.0
806.0
785.0
786.0
783.0
794.0
795.0
2.0
1.0
78.0
194.0
459.0
797.0
795.0
797.0
796.0
796.0
795.0
796.0
796.0
785.0
788.0
800.0
799.0
799.0
799.0
800.0
1.0
1.0
79.0
195.0
474.0
801.0
799.0
798.0
797.0
807.0
806.0
807.0
806.0
806.0
805.0
805.0
806.0
805.0
806.0
786.0
1.0
2.0
1.0
1.0
1.0
327.0
328.0
326.0
326.0
327.0
326.0
327.0
326.0
326.0
326.0
328.0
338.0
339.0
338.0
339.0
1.0
1.0
78.0
207.0
472.0
798.0
798.0
798.0
798.0
784.0
786.0
785.0
785.0
783.0
796.0
797.0
796.0
797.0
796.0
797.0
1.0
1.0
78.0
206.0
471.0
796.0
797.0
807.0
806.0
804.0
806.0
805.0
806.0
804.0
805.0
806.0
805.0
785.0
785.0
795.0
1.0
1.0
78.0
193.0
458.0
796.0
796.0
795.0
797.0
797.0
798.0
797.0
797.0
798.0
783.0
797.0
796.0
797.0
797.0
796.0
1.0
1.0
78.0
194.0
471.0
797.0
797.0
797.0
797.0
808.0
805.0
806.0
806.0
806.0
808.0
806.0
805.0
807.0
804.0
785.0
1.0
1.0
78.0
194.0
458.0
795.0
797.0
795.0
796.0
796.0
795.0
795.0
795.0
794.0
797.0
783.0
784.0
785.0
784.0
795.0
1.0
1.0
78.0
194.0
458.0
794.0
796.0
797.0
796.0
794.0
794.0
795.0
796.0
795.0
827.0
837.0
834.0
839.0
839.0
839.0
1.0
1.0
99.0
236.0
510.0
840.0
818.0
800.0
799.0
795.0
796.0
796.0
796.0
798.0
796.0
796.0
796.0
795.0
797.0
784.0
1.0
1.0
77.0
194.0
458.0
795.0
797.0
796.0
796.0
795.0
798.0
796.0
798.0
796.0
796.0
806.0
808.0
807.0
807.0
807.0
1.0
1.0
78.0
194.0
480.0
806.0
806.0
807.0
805.0
786.0
786.0
784.0
792.0
795.0
798.0
796.0
798.0
799.0
797.0
797.0
1.0
1.0
1.0
1.0
1.0
341.0
340.0
329.0
328.0
327.0
328.0
328.0
327.0
326.0
327.0
327.0
326.0
327.0
327.0
328.0
1.0
1.0
78.0
194.0
469.0
796.0
796.0
796.0
799.0
798.0
797.0
797.0
798.0
798.0
813.0
817.0
816.0
816.0
818.0
817.0
1.0
1.0
79.0
195.0
486.0
818.0
816.0
817.0
793.0
801.0
799.0
799.0
798.0
801.0
796.0
796.0
796.0
797.0
795.0
785.0
1.0
1.0
79.0
194.0
458.0
797.0
796.0
795.0
797.0
796.0
796.0
796.0
796.0
797.0
796.0
807.0
805.0
808.0
806.0
805.0
1.0
1.0
78.0
194.0
480.0
806.0
805.0
806.0
806.0
783.0
786.0
783.0
784.0
797.0
796.0
796.0
797.0
797.0
795.0
798.0
1.0
1.0
78.0
207.0
472.0
796.0
784.0
783.0
784.0
793.0
795.0
795.0
796.0
795.0
795.0
795.0
794.0
795.0
795.0
806.0
1.0
1.0
78.0
194.0
458.0
808.0
807.0
807.0
805.0
806.0
806.0
807.0
806.0
807.0
784.0
796.0
796.0
798.0
796.0
795.0
1.0
0.0
77.0
194.0
470.0
796.0
798.0
798.0
797.0
787.0
784.0
784.0
785.0
794.0
795.0
795.0
794.0
794.0
795.0
796.0
1.0
1.0
78.0
205.0
468.0
817.0
807.0
806.0
806.0
808.0
806.0
806.0
807.0
806.0
808.0
786.0
785.0
784.0
786.0
806.0
1.0
1.0
78.0
194.0
458.0
811.0
812.0
814.0
811.0
810.0
811.0
814.0
814.0
812.0
789.0
796.0
796.0
797.0
797.0
795.0
1.0
1.0
1.0
1.0
1.0
327.0
335.0
336.0
340.0
339.0
338.0
328.0
326.0
327.0
327.0
328.0
327.0
327.0
326.0
328.0
1.0
1.0
78.0
194.0
480.0
807.0
807.0
807.0
806.0
808.0
808.0
807.0
808.0
806.0
785.0
797.0
796.0
797.0
797.0
797.0
1.0
1.0
78.0
194.0
459.0
798.0
797.0
798.0
798.0
797.0
784.0
785.0
785.0
784.0
794.0
796.0
794.0
795.0
793.0
795.0
1.0
1.0
87.0
204.0
469.0
816.0
808.0
808.0
808.0
810.0
808.0
809.0
808.0
809.0
808.0
785.0
784.0
784.0
784.0
796.0
1.0
1.0
78.0
194.0
459.0
798.0
796.0
798.0
797.0
798.0
799.0
797.0
797.0
798.0
788.0
785.0
794.0
793.0
795.0
792.0
1.0
1.0
78.0
194.0
469.0
793.0
793.0
796.0
793.0
817.0
806.0
806.0
807.0
807.0
808.0
807.0
806.0
808.0
807.0
784.0
1.0
1.0
77.0
194.0
459.0
786.0
793.0
796.0
797.0
798.0
796.0
797.0
799.0
799.0
799.0
798.0
787.0
784.0
785.0
794.0
1.0
1.0
78.0
194.0
460.0
797.0
796.0
796.0
796.0
796.0
797.0
798.0
796.0
817.0
809.0
809.0
808.0
809.0
808.0
810.0
1.0
1.0
78.0
219.0
485.0
809.0
784.0
785.0
784.0
796.0
797.0
798.0
797.0
796.0
798.0
798.0
797.0
796.0
797.0
784.0
1.0
1.0
78.0
194.0
460.0
784.0
783.0
794.0
794.0
793.0
793.0
794.0
795.0
794.0
794.0
815.0
815.0
806.0
807.0
806.0
1.0
1.0
1.0
1.0
1.0
327.0
328.0
349.0
349.0
350.0
349.0
350.0
326.0
327.0
327.0
327.0
328.0
327.0
326.0
327.0
1.0
1.0
78.0
194.0
458.0
795.0
795.0
795.0
797.0
796.0
796.0
795.0
795.0
795.0
797.0
784.0
783.0
784.0
788.0
803.0
1.0
1.0
77.0
194.0
459.0
818.0
822.0
825.0
827.0
826.0
833.0
830.0
830.0
830.0
830.0
821.0
817.0
813.0
812.0
814.0
1.0
1.0
100.0
218.0
484.0
815.0
790.0
791.0
789.0
792.0
791.0
801.0
804.0
804.0
802.0
807.0
805.0
802.0
804.0
804.0
1.0
1.0
91.0
195.0
462.0
792.0
791.0
801.0
804.0
803.0
803.0
802.0
804.0
806.0
804.0
803.0
825.0
812.0
812.0
813.0
1.0
1.0
79.0
195.0
483.0
814.0
810.0
812.0
809.0
810.0
789.0
788.0
788.0
787.0
797.0
800.0
797.0
797.0
796.0
797.0
1.0
1.0
77.0
205.0
471.0
798.0
797.0
787.0
786.0
800.0
798.0
800.0
800.0
799.0
800.0
799.0
799.0
798.0
799.0
809.0
1.0
1.0
78.0
196.0
459.0
809.0
809.0
808.0
808.0
808.0
808.0
808.0
808.0
808.0
788.0
794.0
797.0
797.0
798.0
799.0
1.0
1.0
78.0
195.0
471.0
801.0
803.0
803.0
805.0
791.0
791.0
791.0
791.0
789.0
799.0
797.0
793.0
794.0
798.0
795.0
1.0
1.0
78.0
203.0
469.0
795.0
816.0
807.0
807.0
805.0
805.0
806.0
806.0
807.0
806.0
806.0
785.0
784.0
784.0
794.0
1.0
1.0
1.0
1.0
1.0
327.0
326.0
327.0
326.0
326.0
335.0
335.0
336.0
337.0
337.0
337.0
337.0
337.0
337.0
327.0
1.0
1.0
78.0
194.0
459.0
786.0
783.0
784.0
786.0
793.0
796.0
796.0
795.0
797.0
796.0
798.0
797.0
797.0
800.0
785.0
1.0
1.0
78.0
194.0
459.0
808.0
808.0
808.0
808.0
807.0
807.0
807.0
808.0
808.0
807.0
783.0
784.0
794.0
794.0
796.0
1.0
1.0
78.0
194.0
469.0
795.0
796.0
794.0
794.0
796.0
795.0
786.0
785.0
784.0
795.0
797.0
797.0
796.0
796.0
796.0
1.0
1.0
78.0
193.0
471.0
797.0
796.0
819.0
809.0
820.0
822.0
828.0
819.0
822.0
818.0
819.0
822.0
796.0
795.0
798.0
1.0
1.0
79.0
196.0
459.0
800.0
798.0
797.0
798.0
796.0
800.0
799.0
799.0
798.0
786.0
785.0
795.0
796.0
796.0
796.0
1.0
1.0
78.0
194.0
470.0
796.0
795.0
796.0
795.0
818.0
807.0
806.0
807.0
808.0
806.0
807.0
809.0
808.0
809.0
787.0
1.0
1.0
78.0
194.0
459.0
786.0
784.0
796.0
798.0
795.0
796.0
797.0
795.0
796.0
796.0
796.0
796.0
785.0
783.0
797.0
1.0
1.0
77.0
194.0
459.0
797.0
797.0
797.0
797.0
798.0
798.0
797.0
797.0
797.0
808.0
808.0
809.0
807.0
809.0
808.0
1.0
1.0
78.0
216.0
481.0
808.0
807.0
786.0
787.0
794.0
798.0
799.0
799.0
800.0
796.0
799.0
798.0
798.0
798.0
788.0
1.0
1.0
1.0
1.0
1.0
326.0
327.0
327.0
327.0
326.0
327.0
327.0
327.0
327.0
326.0
327.0
327.0
328.0
338.0
337.0
1.0
1.0
77.0
194.0
470.0
796.0
796.0
797.0
797.0
797.0
795.0
796.0
807.0
805.0
806.0
806.0
807.0
807.0
807.0
807.0
0.0
0.0
99.0
215.0
460.0
786.0
785.0
787.0
796.0
799.0
799.0
799.0
799.0
799.0
799.0
800.0
800.0
799.0
784.0
796.0
1.0
1.0
78.0
194.0
459.0
797.0
797.0
796.0
794.0
795.0
797.0
796.0
796.0
797.0
807.0
807.0
806.0
808.0
807.0
809.0
1.0
1.0
78.0
195.0
481.0
808.0
809.0
810.0
790.0
800.0
803.0
803.0
804.0
802.0
803.0
803.0
803.0
804.0
803.0
791.0
1.0
1.0
79.0
196.0
462.0
791.0
803.0
800.0
807.0
806.0
808.0
807.0
808.0
807.0
807.0
807.0
815.0
813.0
811.0
812.0
1.0
1.0
78.0
195.0
483.0
812.0
811.0
811.0
812.0
811.0
789.0
789.0
789.0
791.0
804.0
818.0
824.0
824.0
826.0
825.0
1.0
1.0
81.0
209.0
498.0
822.0
821.0
811.0
809.0
804.0
797.0
796.0
797.0
797.0
797.0
796.0
796.0
797.0
796.0
808.0
1.0
1.0
77.0
194.0
458.0
807.0
805.0
806.0
806.0
806.0
805.0
807.0
806.0
807.0
787.0
784.0
798.0
797.0
800.0
799.0
1.0
1.0
77.0
194.0
473.0
798.0
798.0
797.0
798.0
797.0
785.0
786.0
786.0
785.0
795.0
796.0
795.0
796.0
796.0
796.0
1.0
1.0
1.0
1.0
1.0
339.0
339.0
338.0
338.0
327.0
327.0
327.0
328.0
328.0
328.0
328.0
326.0
328.0
328.0
348.0
1.0
1.0
78.0
195.0
482.0
810.0
809.0
809.0
808.0
808.0
808.0
807.0
807.0
785.0
784.0
797.0
798.0
799.0
799.0
799.0
1.0
1.0
78.0
194.0
473.0
801.0
799.0
799.0
800.0
786.0
796.0
796.0
798.0
796.0
795.0
797.0
795.0
796.0
795.0
817.0
0.0
0.0
78.0
193.0
458.0
807.0
807.0
806.0
807.0
807.0
806.0
808.0
806.0
807.0
785.0
795.0
795.0
794.0
794.0
795.0
1.0
1.0
78.0
194.0
469.0
796.0
797.0
795.0
794.0
786.0
785.0
784.0
784.0
785.0
785.0
795.0
796.0
796.0
796.0
795.0
1.0
1.0
77.0
205.0
470.0
797.0
817.0
820.0
806.0
807.0
809.0
807.0
807.0
809.0
807.0
809.0
784.0
786.0
786.0
795.0
1.0
1.0
78.0
194.0
458.0
796.0
795.0
798.0
796.0
797.0
795.0
795.0
796.0
795.0
785.0
785.0
794.0
797.0
799.0
797.0
0.0
1.0
79.0
193.0
471.0
797.0
797.0
798.0
796.0
820.0
810.0
807.0
807.0
807.0
807.0
809.0
808.0
808.0
807.0
785.0
1.0
1.0
77.0
194.0
459.0
785.0
797.0
795.0
796.0
796.0
796.0
799.0
797.0
797.0
798.0
797.0
786.0
785.0
786.0
797.0
1.0
1.0
78.0
195.0
194.0
521.0
521.0
532.0
534.0
535.0
550.0
566.0
566.0
561.0
563.0
561.0
549.0
548.0
549.0
546.0
1.0
1.0
1.0
1.0
1.0
339.0
327.0
327.0
327.0
348.0
350.0
350.0
350.0
351.0
351.0
351.0
352.0
350.0
350.0
328.0
1.0
1.0
78.0
194.0
459.0
785.0
784.0
784.0
785.0
793.0
794.0
795.0
795.0
799.0
796.0
797.0
795.0
797.0
796.0
788.0
1.0
1.0
78.0
195.0
458.0
785.0
784.0
795.0
797.0
794.0
798.0
796.0
796.0
796.0
797.0
798.0
797.0
806.0
807.0
806.0
1.0
1.0
78.0
194.0
481.0
808.0
806.0
807.0
807.0
809.0
807.0
785.0
785.0
795.0
796.0
796.0
796.0
796.0
797.0
798.0
1.0
1.0
78.0
206.0
471.0
797.0
786.0
784.0
784.0
795.0
796.0
797.0
797.0
796.0
799.0
797.0
798.0
797.0
796.0
809.0
1.0
1.0
79.0
195.0
459.0
807.0
808.0
808.0
805.0
806.0
805.0
806.0
806.0
806.0
783.0
794.0
795.0
797.0
797.0
797.0
1.0
1.0
78.0
193.0
471.0
797.0
797.0
797.0
797.0
784.0
785.0
788.0
785.0
784.0
797.0
797.0
796.0
797.0
796.0
795.0
1.0
1.0
87.0
206.0
472.0
819.0
809.0
807.0
807.0
810.0
809.0
811.0
811.0
808.0
810.0
786.0
787.0
790.0
799.0
800.0
1.0
1.0
78.0
195.0
458.0
800.0
799.0
802.0
801.0
800.0
799.0
800.0
798.0
787.0
786.0
797.0
798.0
798.0
798.0
798.0
1.0
1.0
78.0
195.0
195.0
532.0
533.0
532.0
533.0
533.0
522.0
523.0
545.0
545.0
545.0
544.0
544.0
545.0
544.0
545.0
1.0
1.0
1.0
1.0
1.0
351.0
349.0
327.0
326.0
327.0
326.0
326.0
327.0
326.0
327.0
328.0
327.0
327.0
326.0
326.0
1.0
1.0
78.0
194.0
459.0
795.0
796.0
797.0
794.0
795.0
797.0
796.0
796.0
797.0
796.0
796.0
796.0
796.0
797.0
798.0
1.0
0.0
77.0
194.0
459.0
796.0
796.0
797.0
797.0
798.0
807.0
806.0
807.0
807.0
806.0
807.0
810.0
829.0
836.0
836.0
1.0
1.0
77.0
193.0
486.0
819.0
828.0
825.0
835.0
831.0
829.0
809.0
802.0
801.0
799.0
802.0
790.0
789.0
786.0
786.0
0.0
0.0
79.0
194.0
460.0
799.0
798.0
801.0
797.0
797.0
799.0
797.0
797.0
798.0
798.0
809.0
810.0
812.0
810.0
811.0
1.0
1.0
78.0
195.0
484.0
811.0
810.0
811.0
809.0
787.0
796.0
800.0
798.0
799.0
798.0
799.0
799.0
798.0
800.0
798.0
1.0
1.0
81.0
195.0
459.0
785.0
787.0
795.0
798.0
800.0
801.0
798.0
799.0
798.0
802.0
804.0
804.0
818.0
812.0
811.0
0.0
0.0
78.0
195.0
486.0
811.0
812.0
810.0
811.0
806.0
807.0
787.0
787.0
786.0
796.0
796.0
796.0
796.0
796.0
794.0
1.0
1.0
78.0
204.0
470.0
795.0
796.0
784.0
786.0
784.0
792.0
800.0
795.0
797.0
797.0
798.0
798.0
797.0
797.0
818.0
1.0
1.0
80.0
194.0
195.0
520.0
519.0
540.0
541.0
542.0
541.0
542.0
542.0
542.0
542.0
542.0
520.0
520.0
521.0
521.0
1.0
1.0
1.0
1.0
1.0
327.0
327.0
328.0
328.0
327.0
327.0
328.0
327.0
323.0
322.0
320.0
311.0
304.0
308.0
307.0
