1.0
1.0
1.0
1.0
1.0
1.0
1.0
1.0
1.0
1.0
1.0
1.0
1.0
1.0
1.0
1.0
1.0
1.0
252.0
252.0
252.0
252.0
252.0
252.0
252.0
252.0
251.0
251.0
261.0
261.0
260.0
261.0
261.0
261.0
261.0
261.0
261.0
260.0
252.0
249.0
249.0
249.0
249.0
249.0
249.0
249.0
249.0
249.0
250.0
249.0
1.0
1.0
1.0
1.0
1.0
1.0
0.0
1.0
249.0
249.0
249.0
249.0
249.0
248.0
248.0
249.0
249.0
250.0
250.0
250.0
250.0
250.0
250.0
250.0
249.0
249.0
258.0
258.0
259.0
258.0
259.0
258.0
258.0
259.0
259.0
259.0
250.0
250.0
250.0
250.0
1.0
0.0
0.0
1.0
1.0
1.0
1.0
1.0
249.0
249.0
249.0
249.0
249.0
249.0
250.0
249.0
249.0
249.0
250.0
249.0
250.0
249.0
249.0
250.0
250.0
250.0
250.0
250.0
250.0
250.0
250.0
249.0
249.0
249.0
258.0
258.0
258.0
258.0
258.0
258.0
1.0
1.0
1.0
1.0
1.0
1.0
1.0
1.0
258.0
258.0
258.0
258.0
258.0
257.0
257.0
257.0
257.0
256.0
260.0
257.0
257.0
256.0
249.0
250.0
250.0
249.0
249.0
249.0
250.0
249.0
250.0
249.0
252.0
252.0
252.0
252.0
253.0
253.0
251.0
252.0
1.0
1.0
0.0
1.0
0.0
1.0
1.0
0.0
252.0
252.0
259.0
259.0
260.0
259.0
258.0
259.0
262.0
258.0
259.0
260.0
249.0
249.0
250.0
249.0
249.0
249.0
248.0
249.0
250.0
249.0
249.0
250.0
250.0
249.0
249.0
249.0
250.0
249.0
248.0
249.0
1.0
0.0
1.0
1.0
1.0
1.0
2.0
0.0
252.0
252.0
252.0
252.0
252.0
252.0
251.0
251.0
252.0
251.0
255.0
254.0
254.0
254.0
254.0
254.0
254.0
254.0
255.0
254.0
249.0
249.0
249.0
249.0
249.0
249.0
249.0
249.0
249.0
249.0
258.0
256.0
1.0
1.0
1.0
1.0
1.0
1.0
1.0
0.0
255.0
255.0
255.0
256.0
255.0
256.0
256.0
256.0
279.0
279.0
281.0
279.0
279.0
278.0
278.0
289.0
280.0
277.0
256.0
256.0
256.0
256.0
256.0
257.0
257.0
255.0
256.0
254.0
249.0
249.0
250.0
249.0
1.0
0.0
1.0
1.0
1.0
1.0
1.0
1.0
249.0
249.0
249.0
248.0
249.0
249.0
249.0
249.0
250.0
248.0
249.0
249.0
250.0
249.0
249.0
248.0
249.0
249.0
249.0
249.0
249.0
249.0
249.0
248.0
250.0
248.0
259.0
259.0
259.0
258.0
258.0
258.0
1.0
1.0
1.0
0.0
1.0
1.0
1.0
0.0
258.0
259.0
260.0
259.0
249.0
249.0
249.0
249.0
249.0
249.0
249.0
249.0
249.0
248.0
249.0
250.0
250.0
250.0
250.0
249.0
249.0
249.0
250.0
252.0
249.0
249.0
249.0
249.0
249.0
249.0
250.0
249.0
1.0
1.0
1.0
1.0
1.0
0.0
1.0
1.0
250.0
249.0
260.0
259.0
261.0
260.0
260.0
260.0
260.0
260.0
260.0
261.0
250.0
251.0
250.0
251.0
250.0
249.0
250.0
250.0
249.0
250.0
249.0
249.0
249.0
249.0
249.0
250.0
249.0
249.0
250.0
252.0
1.0
0.0
1.0
1.0
1.0
1.0
1.0
1.0
250.0
249.0
249.0
249.0
249.0
250.0
250.0
249.0
249.0
250.0
260.0
260.0
257.0
260.0
260.0
259.0
259.0
259.0
260.0
261.0
250.0
249.0
249.0
249.0
249.0
249.0
249.0
250.0
249.0
249.0
249.0
249.0
1.0
1.0
1.0
1.0
1.0
1.0
1.0
1.0
249.0
249.0
249.0
249.0
248.0
250.0
249.0
250.0
249.0
249.0
249.0
251.0
250.0
249.0
250.0
251.0
249.0
250.0
259.0
259.0
260.0
259.0
259.0
259.0
259.0
263.0
259.0
264.0
250.0
249.0
249.0
249.0
1.0
1.0
1.0
1.0
1.0
1.0
1.0
1.0
249.0
249.0
250.0
249.0
251.0
249.0
251.0
249.0
250.0
250.0
250.0
250.0
250.0
250.0
256.0
250.0
249.0
249.0
249.0
249.0
248.0
249.0
249.0
249.0
260.0
250.0
263.0
262.0
263.0
263.0
262.0
262.0
1.0
1.0
1.0
1.0
1.0
1.0
1.0
1.0
262.0
262.0
262.0
261.0
249.0
249.0
249.0
249.0
249.0
249.0
249.0
249.0
249.0
249.0
249.0
248.0
249.0
249.0
249.0
249.0
249.0
251.0
250.0
249.0
249.0
249.0
249.0
249.0
249.0
249.0
250.0
249.0
1.0
1.0
0.0
1.0
1.0
0.0
1.0
1.0
138.0
138.0
137.0
138.0
137.0
138.0
138.0
138.0
137.0
137.0
137.0
137.0
142.0
142.0
148.0
149.0
149.0
149.0
149.0
150.0
149.0
149.0
145.0
145.0
138.0
138.0
137.0
138.0
138.0
137.0
138.0
138.0
0.0
1.0
1.0
1.0
0.0
1.0
1.0
0.0
251.0
250.0
249.0
249.0
249.0
249.0
249.0
250.0
249.0
249.0
250.0
249.0
249.0
249.0
250.0
250.0
249.0
249.0
249.0
248.0
249.0
249.0
250.0
249.0
249.0
250.0
249.0
249.0
250.0
250.0
261.0
261.0
1.0
1.0
0.0
1.0
1.0
1.0
1.0
0.0
260.0
260.0
261.0
260.0
261.0
261.0
260.0
260.0
249.0
250.0
248.0
249.0
249.0
249.0
249.0
249.0
249.0
249.0
250.0
249.0
249.0
249.0
249.0
249.0
249.0
248.0
249.0
249.0
249.0
250.0
250.0
249.0
0.0
1.0
1.0
0.0
1.0
1.0
1.0
1.0
249.0
249.0
249.0
249.0
249.0
249.0
260.0
260.0
259.0
260.0
259.0
260.0
261.0
260.0
260.0
259.0
250.0
250.0
250.0
249.0
249.0
249.0
249.0
248.0
249.0
249.0
249.0
249.0
249.0
249.0
249.0
249.0
1.0
0.0
1.0
1.0
1.0
1.0
0.0
0.0
250.0
249.0
248.0
248.0
249.0
250.0
249.0
249.0
249.0
249.0
249.0
249.0
249.0
249.0
260.0
259.0
260.0
259.0
259.0
259.0
260.0
262.0
259.0
260.0
249.0
249.0
250.0
249.0
249.0
249.0
249.0
249.0
0.0
1.0
1.0
1.0
1.0
1.0
0.0
0.0
250.0
249.0
249.0
249.0
248.0
249.0
249.0
249.0
249.0
249.0
250.0
249.0
250.0
251.0
249.0
249.0
249.0
249.0
250.0
250.0
249.0
250.0
259.0
260.0
260.0
261.0
261.0
261.0
260.0
260.0
261.0
260.0
1.0
1.0
1.0
1.0
0.0
1.0
1.0
0.0
250.0
250.0
249.0
249.0
249.0
249.0
248.0
249.0
248.0
249.0
249.0
249.0
249.0
248.0
249.0
249.0
250.0
249.0
249.0
249.0
249.0
249.0
250.0
249.0
249.0
249.0
249.0
249.0
249.0
251.0
251.0
251.0
1.0
1.0
1.0
1.0
0.0
0.0
1.0
1.0
261.0
261.0
261.0
260.0
260.0
263.0
261.0
260.0
259.0
258.0
249.0
249.0
249.0
249.0
249.0
252.0
249.0
249.0
249.0
252.0
249.0
249.0
250.0
248.0
249.0
249.0
249.0
249.0
250.0
250.0
249.0
249.0
1.0
0.0
1.0
1.0
1.0
1.0
0.0
1.0
250.0
249.0
249.0
249.0
249.0
249.0
249.0
249.0
261.0
260.0
261.0
260.0
261.0
261.0
261.0
260.0
261.0
261.0
248.0
249.0
249.0
249.0
249.0
249.0
249.0
249.0
249.0
249.0
248.0
249.0
249.0
250.0
1.0
0.0
1.0
1.0
1.0
0.0
1.0
0.0
249.0
249.0
249.0
249.0
249.0
250.0
249.0
249.0
249.0
252.0
249.0
250.0
249.0
249.0
249.0
249.0
252.0
252.0
253.0
252.0
259.0
259.0
259.0
260.0
260.0
260.0
257.0
257.0
256.0
257.0
248.0
249.0
1.0
0.0
1.0
0.0
1.0
0.0
1.0
1.0
137.0
137.0
138.0
138.0
138.0
138.0
137.0
137.0
137.0
137.0
137.0
137.0
137.0
137.0
137.0
137.0
138.0
137.0
138.0
138.0
137.0
137.0
138.0
138.0
138.0
137.0
137.0
137.0
138.0
137.0
137.0
138.0
0.0
1.0
1.0
0.0
1.0
1.0
1.0
1.0
248.0
249.0
249.0
250.0
249.0
249.0
249.0
249.0
250.0
249.0
264.0
263.0
263.0
262.0
268.0
266.0
265.0
266.0
267.0
266.0
262.0
259.0
262.0
261.0
255.0
257.0
260.0
257.0
256.0
255.0
251.0
253.0
1.0
1.0
1.0
1.0
1.0
0.0
1.0
1.0
250.0
252.0
250.0
250.0
250.0
249.0
249.0
249.0
249.0
249.0
249.0
249.0
248.0
248.0
249.0
249.0
249.0
249.0
253.0
254.0
263.0
261.0
260.0
261.0
260.0
261.0
260.0
260.0
257.0
255.0
250.0
249.0
1.0
1.0
0.0
1.0
1.0
1.0
0.0
0.0
249.0
248.0
249.0
249.0
249.0
249.0
249.0
249.0
251.0
249.0
249.0
249.0
249.0
249.0
249.0
249.0
249.0
250.0
250.0
250.0
249.0
249.0
250.0
248.0
249.0
248.0
249.0
249.0
254.0
253.0
260.0
260.0
1.0
0.0
1.0
1.0
1.0
0.0
0.0
0.0
260.0
261.0
261.0
261.0
260.0
260.0
256.0
256.0
249.0
249.0
250.0
248.0
249.0
249.0
250.0
248.0
249.0
250.0
250.0
249.0
250.0
249.0
249.0
249.0
249.0
249.0
251.0
249.0
253.0
249.0
249.0
249.0
1.0
1.0
0.0
1.0
1.0
0.0
1.0
1.0
249.0
249.0
249.0
250.0
250.0
249.0
259.0
258.0
259.0
259.0
259.0
260.0
260.0
259.0
260.0
259.0
249.0
249.0
249.0
248.0
249.0
249.0
249.0
249.0
249.0
249.0
249.0
249.0
249.0
249.0
248.0
249.0
0.0
1.0
1.0
1.0
0.0
0.0
1.0
1.0
249.0
249.0
250.0
250.0
249.0
249.0
249.0
249.0
249.0
249.0
249.0
249.0
249.0
249.0
261.0
261.0
259.0
261.0
260.0
261.0
261.0
260.0
261.0
262.0
249.0
248.0
249.0
249.0
250.0
248.0
249.0
250.0
1.0
1.0
0.0
1.0
1.0
1.0
1.0
0.0
249.0
250.0
249.0
248.0
249.0
248.0
249.0
250.0
249.0
249.0
249.0
249.0
249.0
249.0
249.0
249.0
248.0
249.0
250.0
249.0
250.0
250.0
252.0
253.0
254.0
255.0
253.0
254.0
261.0
262.0
261.0
262.0
0.0
1.0
1.0
1.0
1.0
1.0
1.0
1.0
257.0
256.0
257.0
256.0
256.0
256.0
249.0
249.0
250.0
249.0
249.0
249.0
250.0
249.0
249.0
249.0
249.0
249.0
249.0
250.0
248.0
248.0
248.0
249.0
249.0
249.0
249.0
249.0
249.0
249.0
250.0
249.0
1.0
1.0
1.0
1.0
0.0
0.0
1.0
1.0
248.0
248.0
249.0
249.0
258.0
258.0
259.0
260.0
259.0
258.0
259.0
258.0
259.0
258.0
249.0
249.0
249.0
249.0
249.0
249.0
249.0
249.0
249.0
249.0
249.0
250.0
249.0
250.0
248.0
249.0
249.0
249.0
0.0
1.0
1.0
1.0
1.0
1.0
0.0
1.0
138.0
137.0
137.0
137.0
137.0
137.0
138.0
138.0
138.0
137.0
137.0
137.0
137.0
138.0
137.0
137.0
138.0
137.0
138.0
138.0
137.0
138.0
142.0
142.0
142.0
142.0
148.0
149.0
148.0
148.0
148.0
148.0
1.0
0.0
0.0
1.0
1.0
1.0
1.0
0.0
255.0
256.0
255.0
255.0
249.0
250.0
249.0
249.0
249.0
249.0
249.0
249.0
249.0
250.0
249.0
250.0
249.0
249.0
249.0
248.0
249.0
249.0
250.0
249.0
249.0
249.0
248.0
249.0
249.0
250.0
249.0
250.0
1.0
0.0
1.0
1.0
0.0
1.0
1.0
1.0
249.0
248.0
259.0
260.0
259.0
259.0
259.0
258.0
259.0
259.0
259.0
259.0
249.0
250.0
248.0
249.0
249.0
249.0
249.0
249.0
249.0
249.0
250.0
249.0
249.0
249.0
248.0
249.0
250.0
250.0
249.0
250.0
0.0
1.0
1.0
1.0
0.0
1.0
1.0
0.0
250.0
250.0
249.0
249.0
249.0
249.0
250.0
250.0
249.0
248.0
250.0
255.0
259.0
259.0
259.0
258.0
259.0
259.0
259.0
259.0
257.0
257.0
249.0
249.0
248.0
249.0
249.0
250.0
249.0
249.0
249.0
250.0
1.0
0.0
1.0
1.0
1.0
1.0
1.0
0.0
249.0
249.0
249.0
250.0
249.0
248.0
248.0
249.0
249.0
250.0
248.0
249.0
249.0
248.0
249.0
249.0
249.0
249.0
249.0
248.0
259.0
258.0
259.0
259.0
259.0
259.0
260.0
260.0
260.0
261.0
249.0
249.0
1.0
1.0
1.0
1.0
0.0
0.0
1.0
1.0
250.0
250.0
249.0
250.0
249.0
249.0
249.0
249.0
249.0
248.0
249.0
249.0
250.0
249.0
249.0
249.0
250.0
250.0
250.0
249.0
249.0
249.0
249.0
249.0
249.0
249.0
249.0
251.0
252.0
253.0
260.0
260.0
0.0
1.0
1.0
1.0
1.0
0.0
1.0
1.0
259.0
260.0
260.0
260.0
260.0
260.0
256.0
256.0
249.0
249.0
250.0
250.0
249.0
250.0
250.0
249.0
249.0
249.0
249.0
250.0
250.0
249.0
250.0
249.0
250.0
250.0
249.0
249.0
249.0
249.0
249.0
249.0
0.0
1.0
1.0
1.0
1.0
1.0
0.0
0.0
249.0
250.0
249.0
250.0
249.0
249.0
250.0
249.0
259.0
259.0
258.0
257.0
259.0
259.0
259.0
259.0
259.0
259.0
249.0
250.0
249.0
249.0
249.0
249.0
249.0
253.0
249.0
249.0
250.0
249.0
249.0
249.0
1.0
1.0
0.0
1.0
1.0
1.0
0.0
1.0
249.0
249.0
249.0
249.0
249.0
249.0
249.0
249.0
249.0
248.0
252.0
249.0
248.0
250.0
249.0
249.0
259.0
259.0
259.0
260.0
260.0
260.0
259.0
259.0
259.0
259.0
249.0
249.0
249.0
249.0
251.0
250.0
1.0
0.0
1.0
1.0
1.0
0.0
1.0
1.0
249.0
137.0
249.0
138.0
249.0
137.0
249.0
138.0
250.0
137.0
250.0
137.0
248.0
137.0
249.0
137.0
250.0
137.0
249.0
138.0
249.0
137.0
249.0
138.0
249.0
138.0
248.0
138.0
253.0
137.0
262.0
137.0
1.0
0.0
1.0
1.0
1.0
0.0
1.0
1.0
137.0
139.0
140.0
144.0
143.0
149.0
150.0
150.0
149.0
147.0
146.0
149.0
143.0
144.0
138.0
137.0
137.0
138.0
138.0
137.0
137.0
137.0
137.0
137.0
141.0
138.0
137.0
137.0
137.0
137.0
138.0
138.0
1.0
0.0
1.0
1.0
0.0
0.0
1.0
1.0
251.0
252.0
251.0
250.0
250.0
250.0
250.0
250.0
250.0
253.0
268.0
278.0
279.0
277.0
278.0
279.0
280.0
281.0
278.0
279.0
264.0
264.0
273.0
266.0
261.0
261.0
261.0
260.0
261.0
260.0
258.0
256.0
1.0
0.0
1.0
1.0
1.0
0.0
1.0
1.0
257.0
250.0
249.0
250.0
250.0
249.0
249.0
250.0
249.0
250.0
250.0
257.0
250.0
249.0
249.0
249.0
251.0
250.0
249.0
250.0
250.0
261.0
250.0
250.0
250.0
251.0
250.0
250.0
251.0
250.0
262.0
273.0
0.0
1.0
1.0
1.0
0.0
1.0
1.0
0.0
262.0
262.0
262.0
261.0
261.0
261.0
261.0
262.0
249.0
261.0
249.0
250.0
249.0
249.0
250.0
250.0
250.0
249.0
250.0
249.0
250.0
250.0
260.0
250.0
250.0
250.0
250.0
250.0
249.0
250.0
249.0
249.0
0.0
1.0
1.0
1.0
0.0
1.0
1.0
0.0
249.0
260.0
249.0
249.0
249.0
249.0
252.0
258.0
258.0
258.0
258.0
258.0
270.0
259.0
259.0
258.0
257.0
249.0
249.0
249.0
249.0
249.0
249.0
260.0
251.0
249.0
251.0
253.0
252.0
252.0
253.0
252.0
0.0
1.0
1.0
1.0
0.0
1.0
1.0
0.0
254.0
265.0
256.0
257.0
252.0
251.0
251.0
251.0
250.0
250.0
249.0
261.0
249.0
249.0
250.0
253.0
253.0
261.0
261.0
261.0
261.0
273.0
261.0
260.0
261.0
256.0
256.0
249.0
249.0
250.0
250.0
262.0
0.0
1.0
1.0
1.0
0.0
1.0
1.0
0.0
250.0
250.0
249.0
250.0
250.0
250.0
250.0
250.0
249.0
260.0
249.0
250.0
249.0
249.0
249.0
249.0
249.0
250.0
249.0
261.0
250.0
249.0
250.0
250.0
249.0
249.0
253.0
253.0
260.0
271.0
260.0
261.0
1.0
0.0
1.0
1.0
1.0
0.0
1.0
1.0
261.0
260.0
261.0
261.0
258.0
257.0
250.0
262.0
250.0
250.0
250.0
250.0
249.0
249.0
249.0
249.0
249.0
261.0
248.0
249.0
249.0
249.0
248.0
251.0
249.0
249.0
249.0
261.0
250.0
249.0
250.0
249.0
1.0
0.0
1.0
1.0
0.0
1.0
1.0
1.0
249.0
249.0
250.0
249.0
252.0
269.0
259.0
258.0
259.0
258.0
259.0
259.0
258.0
259.0
256.0
253.0
254.0
261.0
254.0
254.0
254.0
254.0
254.0
254.0
254.0
249.0
249.0
249.0
250.0
249.0
249.0
248.0
0.0
1.0
1.0
1.0
1.0
1.0
0.0
0.0
249.0
138.0
249.0
137.0
250.0
138.0
249.0
137.0
249.0
138.0
249.0
137.0
249.0
138.0
252.0
138.0
259.0
139.0
259.0
147.0
260.0
148.0
260.0
148.0
259.0
145.0
257.0
137.0
249.0
137.0
248.0
137.0
0.0
0.0
1.0
0.0
1.0
1.0
0.0
1.0
138.0
137.0
137.0
137.0
138.0
138.0
138.0
137.0
137.0
137.0
138.0
137.0
138.0
138.0
138.0
137.0
137.0
137.0
138.0
138.0
137.0
137.0
141.0
137.0
135.0
135.0
132.0
132.0
129.0
129.0
125.0
116.0
