3.0
3.0
2.0
2.0
2.0
3.0
3.0
3.0
3.0
2.0
2.0
2.0
2.0
2.0
2.0
2.0
2.0
2.0
3.0
2.0
27.0
28.0
28.0
27.0
27.0
30.0
50.0
50.0
49.0
49.0
124.0
122.0
123.0
123.0
124.0
121.0
219.0
219.0
219.0
219.0
122.0
122.0
123.0
112.0
122.0
123.0
99.0
122.0
123.0
220.0
220.0
122.0
121.0
122.0
123.0
123.0
100.0
121.0
122.0
161.0
748.0
757.0
747.0
746.0
668.0
786.0
728.0
744.0
773.0
766.0
861.0
733.0
848.0
711.0
710.0
662.0
704.0
704.0
676.0
703.0
699.0
699.0
680.0
682.0
703.0
671.0
1120.0
1109.0
705.0
707.0
680.0
665.0
681.0
665.0
658.0
682.0
683.0
683.0
1013.0
1003.0
676.0
686.0
691.0
697.0
679.0
699.0
706.0
696.0
694.0
690.0
682.0
683.0
683.0
685.0
680.0
684.0
681.0
681.0
697.0
697.0
696.0
696.0
700.0
689.0
696.0
703.0
698.0
694.0
683.0
683.0
679.0
680.0
694.0
679.0
692.0
684.0
684.0
693.0
700.0
690.0
699.0
693.0
702.0
697.0
700.0
713.0
697.0
706.0
688.0
682.0
689.0
682.0
686.0
684.0
683.0
686.0
690.0
687.0
709.0
707.0
704.0
706.0
701.0
698.0
715.0
700.0
705.0
712.0
684.0
691.0
679.0
681.0
682.0
680.0
685.0
683.0
682.0
696.0
706.0
709.0
704.0
702.0
711.0
707.0
699.0
710.0
697.0
719.0
696.0
688.0
693.0
685.0
687.0
693.0
683.0
695.0
685.0
704.0
706.0
714.0
707.0
705.0
708.0
699.0
699.0
690.0
693.0
694.0
616.0
617.0
3.0
3.0
1.0
1.0
2.0
2.0
2.0
2.0
2.0
2.0
2.0
2.0
2.0
2.0
2.0
2.0
2.0
2.0
2.0
1.0
1.0
2.0
2.0
2.0
2.0
2.0
2.0
2.0
2.0
1.0
2.0
1.0
1.0
1.0
2.0
2.0
2.0
1.0
2.0
1.0
2.0
1.0
3.0
2.0
1.0
2.0
2.0
2.0
2.0
1.0
2.0
1.0
2.0
1.0
2.0
2.0
2.0
2.0
1.0
1.0
2.0
3.0
3.0
2.0
1.0
2.0
1.0
1.0
2.0
2.0
2.0
2.0
2.0
2.0
2.0
2.0
2.0
2.0
2.0
2.0
1.0
1.0
1.0
3.0
2.0
2.0
2.0
2.0
1.0
1.0
2.0
3.0
3.0
2.0
2.0
2.0
2.0
1.0
2.0
2.0
48.0
49.0
49.0
27.0
27.0
27.0
47.0
48.0
47.0
48.0
28.0
28.0
28.0
43.0
29.0
47.0
48.0
48.0
49.0
49.0
27.0
27.0
27.0
28.0
27.0
27.0
27.0
45.0
46.0
1.0
49.0
48.0
48.0
48.0
27.0
27.0
28.0
27.0
27.0
1.0
27.0
47.0
23.0
27.0
46.0
48.0
48.0
48.0
49.0
1.0
28.0
22.0
27.0
26.0
22.0
29.0
45.0
27.0
27.0
1.0
28.0
49.0
49.0
34.0
33.0
23.0
27.0
28.0
28.0
1.0
27.0
22.0
27.0
27.0
47.0
28.0
27.0
48.0
48.0
1.0
28.0
28.0
22.0
12.0
12.0
1.0
12.0
1.0
12.0
1.0
1.0
2.0
2.0
1.0
1.0
1.0
1.0
1.0
1.0
1.0
101.0
122.0
121.0
123.0
121.0
121.0
205.0
120.0
218.0
218.0
100.0
121.0
121.0
122.0
121.0
121.0
120.0
100.0
173.0
218.0
218.0
103.0
121.0
120.0
121.0
122.0
121.0
100.0
99.0
94.0
120.0
120.0
120.0
119.0
120.0
100.0
101.0
207.0
207.0
1.0
122.0
122.0
122.0
122.0
120.0
100.0
122.0
101.0
121.0
1.0
99.0
123.0
122.0
121.0
122.0
122.0
100.0
122.0
137.0
0.0
138.0
122.0
122.0
121.0
122.0
121.0
100.0
121.0
129.0
1.0
185.0
130.0
185.0
107.0
130.0
130.0
130.0
132.0
129.0
2.0
123.0
101.0
122.0
106.0
107.0
2.0
108.0
1.0
108.0
2.0
2.0
2.0
1.0
1.0
2.0
1.0
1.0
2.0
2.0
2.0
122.0
177.0
177.0
123.0
100.0
123.0
121.0
122.0
125.0
123.0
123.0
99.0
124.0
177.0
124.0
177.0
122.0
121.0
123.0
124.0
123.0
101.0
123.0
124.0
122.0
122.0
124.0
124.0
100.0
139.0
123.0
178.0
122.0
124.0
121.0
121.0
100.0
123.0
122.0
1.0
122.0
177.0
123.0
100.0
177.0
123.0
121.0
122.0
123.0
1.0
125.0
124.0
123.0
100.0
176.0
122.0
123.0
122.0
126.0
1.0
124.0
178.0
123.0
100.0
123.0
123.0
123.0
124.0
123.0
1.0
124.0
179.0
100.0
123.0
122.0
177.0
122.0
123.0
122.0
1.0
99.0
123.0
123.0
107.0
116.0
1.0
163.0
1.0
97.0
1.0
1.0
1.0
1.0
2.0
1.0
2.0
1.0
1.0
1.0
1.0
132.0
134.0
132.0
132.0
131.0
186.0
131.0
123.0
100.0
177.0
123.0
123.0
123.0
124.0
122.0
124.0
99.0
124.0
177.0
122.0
121.0
122.0
124.0
122.0
123.0
100.0
177.0
121.0
122.0
96.0
122.0
100.0
178.0
123.0
123.0
122.0
123.0
121.0
178.0
1.0
100.0
121.0
123.0
123.0
122.0
122.0
122.0
177.0
100.0
1.0
121.0
121.0
122.0
123.0
124.0
123.0
177.0
121.0
100.0
1.0
121.0
178.0
121.0
122.0
123.0
122.0
122.0
99.0
123.0
2.0
153.0
122.0
122.0
121.0
123.0
102.0
122.0
122.0
119.0
1.0
122.0
121.0
123.0
94.0
106.0
1.0
94.0
1.0
108.0
1.0
1.0
1.0
2.0
2.0
1.0
1.0
1.0
1.0
2.0
2.0
736.0
734.0
1039.0
734.0
658.0
731.0
650.0
724.0
1117.0
736.0
641.0
644.0
714.0
713.0
714.0
710.0
706.0
714.0
1169.0
1171.0
665.0
657.0
730.0
731.0
732.0
719.0
717.0
718.0
642.0
622.0
717.0
710.0
710.0
701.0
699.0
806.0
701.0
751.0
699.0
590.0
708.0
707.0
704.0
706.0
713.0
704.0
700.0
718.0
691.0
571.0
694.0
681.0
687.0
698.0
703.0
702.0
699.0
691.0
723.0
334.0
712.0
703.0
708.0
709.0
711.0
729.0
724.0
707.0
709.0
331.0
700.0
686.0
692.0
692.0
688.0
695.0
704.0
697.0
696.0
316.0
713.0
714.0
713.0
699.0
704.0
336.0
709.0
335.0
709.0
339.0
328.0
334.0
329.0
322.0
321.0
334.0
334.0
321.0
330.0
332.0
695.0
693.0
689.0
693.0
692.0
685.0
684.0
686.0
701.0
704.0
696.0
704.0
702.0
700.0
700.0
696.0
695.0
701.0
690.0
683.0
685.0
689.0
681.0
689.0
683.0
694.0
699.0
700.0
705.0
680.0
704.0
706.0
711.0
704.0
684.0
685.0
692.0
690.0
684.0
579.0
682.0
680.0
686.0
685.0
681.0
698.0
697.0
698.0
697.0
571.0
711.0
708.0
703.0
714.0
708.0
708.0
682.0
687.0
697.0
320.0
683.0
688.0
692.0
684.0
685.0
686.0
688.0
699.0
703.0
320.0
701.0
697.0
701.0
705.0
704.0
697.0
703.0
695.0
683.0
321.0
685.0
681.0
681.0
666.0
666.0
316.0
669.0
317.0
670.0
318.0
319.0
319.0
317.0
316.0
316.0
323.0
336.0
334.0
336.0
332.0
704.0
700.0
692.0
697.0
699.0
702.0
685.0
692.0
685.0
686.0
694.0
684.0
685.0
686.0
681.0
682.0
700.0
702.0
702.0
707.0
697.0
695.0
689.0
696.0
703.0
702.0
690.0
684.0
694.0
669.0
691.0
689.0
682.0
687.0
687.0
698.0
707.0
711.0
700.0
594.0
695.0
698.0
697.0
697.0
697.0
686.0
684.0
685.0
682.0
568.0
681.0
681.0
684.0
684.0
692.0
699.0
699.0
695.0
708.0
316.0
706.0
708.0
706.0
698.0
702.0
693.0
693.0
690.0
690.0
324.0
683.0
682.0
681.0
680.0
683.0
704.0
700.0
703.0
708.0
317.0
699.0
701.0
700.0
685.0
687.0
338.0
667.0
314.0
666.0
315.0
314.0
314.0
315.0
316.0
316.0
317.0
316.0
317.0
316.0
316.0
685.0
693.0
694.0
695.0
707.0
700.0
700.0
701.0
708.0
693.0
700.0
679.0
688.0
679.0
687.0
682.0
680.0
679.0
688.0
681.0
697.0
694.0
700.0
712.0
706.0
710.0
716.0
720.0
725.0
678.0
685.0
719.0
718.0
710.0
670.0
715.0
674.0
698.0
696.0
585.0
688.0
693.0
694.0
705.0
698.0
706.0
692.0
694.0
764.0
579.0
695.0
682.0
693.0
695.0
696.0
702.0
681.0
681.0
684.0
350.0
686.0
705.0
697.0
697.0
693.0
702.0
692.0
694.0
700.0
317.0
703.0
699.0
687.0
688.0
699.0
689.0
698.0
688.0
686.0
323.0
681.0
682.0
682.0
671.0
666.0
323.0
681.0
317.0
683.0
315.0
329.0
332.0
326.0
331.0
336.0
332.0
330.0
329.0
319.0
318.0
684.0
679.0
682.0
683.0
684.0
683.0
684.0
684.0
685.0
688.0
706.0
708.0
709.0
702.0
704.0
696.0
709.0
695.0
698.0
704.0
694.0
693.0
693.0
680.0
697.0
684.0
681.0
686.0
693.0
671.0
701.0
705.0
697.0
702.0
707.0
703.0
698.0
703.0
701.0
593.0
693.0
701.0
688.0
689.0
690.0
695.0
692.0
690.0
700.0
574.0
707.0
699.0
702.0
705.0
698.0
695.0
692.0
694.0
693.0
315.0
694.0
680.0
684.0
681.0
680.0
683.0
680.0
686.0
684.0
316.0
682.0
712.0
699.0
699.0
700.0
697.0
699.0
705.0
697.0
319.0
694.0
688.0
683.0
676.0
667.0
322.0
672.0
315.0
674.0
317.0
323.0
318.0
317.0
320.0
318.0
318.0
318.0
318.0
320.0
317.0
701.0
698.0
696.0
700.0
700.0
699.0
703.0
702.0
702.0
703.0
699.0
690.0
687.0
700.0
696.0
684.0
692.0
688.0
691.0
688.0
712.0
703.0
699.0
701.0
697.0
708.0
700.0
692.0
701.0
676.0
697.0
692.0
684.0
684.0
687.0
701.0
688.0
691.0
690.0
583.0
713.0
704.0
704.0
699.0
705.0
703.0
702.0
704.0
704.0
590.0
688.0
689.0
683.0
683.0
682.0
687.0
682.0
681.0
686.0
317.0
754.0
686.0
731.0
700.0
698.0
733.0
691.0
723.0
729.0
392.0
704.0
686.0
689.0
701.0
705.0
676.0
687.0
691.0
683.0
319.0
694.0
710.0
706.0
691.0
689.0
322.0
696.0
315.0
687.0
316.0
339.0
330.0
338.0
322.0
323.0
328.0
323.0
322.0
315.0
319.0
694.0
691.0
691.0
694.0
694.0
689.0
691.0
689.0
680.0
685.0
699.0
697.0
695.0
695.0
697.0
698.0
699.0
689.0
692.0
699.0
676.0
678.0
692.0
690.0
687.0
693.0
677.0
688.0
693.0
654.0
704.0
695.0
695.0
692.0
699.0
702.0
705.0
705.0
688.0
587.0
696.0
681.0
688.0
696.0
692.0
691.0
692.0
693.0
682.0
580.0
712.0
699.0
694.0
697.0
707.0
698.0
702.0
709.0
690.0
336.0
684.0
682.0
684.0
694.0
682.0
684.0
681.0
680.0
692.0
315.0
689.0
699.0
698.0
692.0
696.0
698.0
694.0
692.0
695.0
324.0
680.0
688.0
684.0
668.0
667.0
316.0
667.0
319.0
665.0
315.0
317.0
320.0
324.0
317.0
322.0
321.0
320.0
321.0
319.0
317.0
699.0
694.0
694.0
695.0
688.0
699.0
694.0
691.0
690.0
694.0
687.0
682.0
681.0
681.0
678.0
686.0
682.0
681.0
683.0
682.0
702.0
698.0
702.0
697.0
685.0
704.0
707.0
701.0
691.0
679.0
694.0
688.0
687.0
679.0
680.0
692.0
686.0
687.0
690.0
577.0
698.0
695.0
694.0
691.0
692.0
694.0
693.0
693.0
696.0
585.0
683.0
683.0
686.0
684.0
679.0
684.0
684.0
682.0
683.0
316.0
701.0
702.0
701.0
702.0
685.0
689.0
700.0
702.0
700.0
331.0
693.0
690.0
681.0
679.0
677.0
682.0
690.0
687.0
687.0
321.0
697.0
702.0
697.0
686.0
684.0
325.0
680.0
330.0
690.0
332.0
315.0
322.0
321.0
321.0
316.0
323.0
315.0
322.0
323.0
323.0
686.0
695.0
711.0
710.0
706.0
691.0
716.0
775.0
730.0
742.0
675.0
676.0
726.0
724.0
712.0
719.0
710.0
702.0
699.0
668.0
676.0
684.0
684.0
685.0
690.0
681.0
691.0
706.0
700.0
674.0
701.0
700.0
704.0
701.0
690.0
704.0
699.0
698.0
682.0
581.0
681.0
685.0
695.0
693.0
692.0
681.0
683.0
692.0
698.0
575.0
686.0
693.0
704.0
705.0
692.0
688.0
702.0
699.0
679.0
322.0
680.0
687.0
684.0
689.0
686.0
682.0
685.0
683.0
685.0
315.0
689.0
689.0
692.0
690.0
692.0
707.0
693.0
688.0
689.0
324.0
681.0
678.0
683.0
673.0
669.0
317.0
672.0
317.0
681.0
316.0
324.0
323.0
321.0
320.0
316.0
316.0
323.0
326.0
331.0
329.0
699.0
699.0
701.0
700.0
684.0
690.0
697.0
686.0
692.0
686.0
681.0
682.0
684.0
681.0
678.0
680.0
694.0
688.0
705.0
701.0
701.0
707.0
694.0
702.0
687.0
695.0
679.0
681.0
696.0
669.0
692.0
688.0
684.0
679.0
689.0
682.0
688.0
693.0
700.0
584.0
699.0
690.0
693.0
696.0
689.0
689.0
695.0
698.0
695.0
580.0
683.0
686.0
687.0
681.0
684.0
682.0
693.0
699.0
702.0
322.0
698.0
696.0
697.0
688.0
697.0
697.0
689.0
681.0
691.0
317.0
686.0
683.0
683.0
685.0
679.0
685.0
682.0
683.0
691.0
317.0
692.0
705.0
699.0
673.0
694.0
323.0
682.0
324.0
682.0
320.0
315.0
316.0
320.0
316.0
321.0
324.0
315.0
314.0
315.0
325.0
687.0
681.0
685.0
685.0
683.0
697.0
689.0
695.0
696.0
703.0
691.0
698.0
700.0
692.0
699.0
699.0
678.0
698.0
681.0
698.0
697.0
693.0
693.0
689.0
697.0
697.0
691.0
703.0
702.0
675.0
702.0
693.0
697.0
705.0
683.0
695.0
702.0
697.0
694.0
578.0
709.0
714.0
719.0
708.0
729.0
724.0
725.0
705.0
723.0
607.0
752.0
719.0
719.0
712.0
705.0
704.0
720.0
706.0
698.0
334.0
719.0
707.0
689.0
713.0
710.0
719.0
711.0
708.0
735.0
328.0
720.0
762.0
722.0
697.0
720.0
711.0
705.0
688.0
685.0
331.0
687.0
693.0
688.0
685.0
675.0
315.0
678.0
322.0
681.0
323.0
318.0
323.0
320.0
326.0
329.0
331.0
329.0
329.0
327.0
328.0
698.0
698.0
695.0
680.0
682.0
680.0
684.0
679.0
680.0
683.0
677.0
686.0
781.0
696.0
719.0
707.0
690.0
709.0
732.0
706.0
694.0
699.0
683.0
678.0
691.0
681.0
692.0
685.0
679.0
663.0
685.0
694.0
693.0
689.0
704.0
697.0
703.0
697.0
698.0
586.0
707.0
695.0
690.0
678.0
696.0
697.0
691.0
689.0
689.0
572.0
690.0
697.0
703.0
692.0
705.0
696.0
700.0
697.0
696.0
319.0
691.0
698.0
683.0
682.0
677.0
683.0
680.0
682.0
681.0
316.0
685.0
688.0
685.0
698.0
690.0
690.0
698.0
691.0
694.0
316.0
697.0
704.0
695.0
686.0
672.0
316.0
668.0
318.0
664.0
319.0
315.0
316.0
316.0
316.0
316.0
315.0
316.0
317.0
320.0
316.0
708.0
701.0
703.0
704.0
703.0
695.0
718.0
703.0
700.0
691.0
688.0
682.0
690.0
692.0
685.0
697.0
684.0
683.0
685.0
681.0
703.0
694.0
703.0
703.0
704.0
704.0
693.0
704.0
706.0
665.0
684.0
680.0
693.0
695.0
692.0
683.0
681.0
677.0
694.0
580.0
702.0
699.0
698.0
702.0
708.0
699.0
697.0
693.0
691.0
586.0
683.0
679.0
680.0
681.0
685.0
684.0
683.0
684.0
680.0
314.0
677.0
692.0
696.0
699.0
695.0
702.0
698.0
701.0
703.0
316.0
705.0
705.0
709.0
690.0
697.0
698.0
697.0
696.0
698.0
328.0
690.0
691.0
687.0
686.0
703.0
319.0
685.0
318.0
690.0
321.0
330.0
332.0
335.0
327.0
329.0
333.0
318.0
320.0
328.0
322.0
692.0
686.0
684.0
685.0
685.0
681.0
685.0
691.0
696.0
688.0
704.0
695.0
701.0
695.0
691.0
698.0
698.0
695.0
691.0
696.0
682.0
680.0
684.0
681.0
682.0
679.0
681.0
682.0
685.0
660.0
697.0
699.0
701.0
701.0
690.0
699.0
688.0
700.0
692.0
577.0
693.0
682.0
684.0
682.0
678.0
692.0
689.0
688.0
693.0
573.0
704.0
705.0
709.0
708.0
695.0
699.0
698.0
707.0
694.0
329.0
692.0
691.0
695.0
678.0
698.0
697.0
680.0
685.0
686.0
316.0
699.0
697.0
696.0
691.0
697.0
697.0
696.0
691.0
692.0
327.0
681.0
680.0
680.0
665.0
663.0
317.0
668.0
316.0
665.0
317.0
318.0
317.0
315.0
316.0
316.0
318.0
320.0
318.0
317.0
318.0
702.0
699.0
700.0
695.0
693.0
699.0
703.0
698.0
686.0
703.0
697.0
695.0
690.0
695.0
680.0
688.0
694.0
682.0
684.0
687.0
695.0
695.0
696.0
698.0
694.0
701.0
687.0
700.0
703.0
668.0
681.0
682.0
684.0
691.0
679.0
690.0
685.0
685.0
690.0
576.0
696.0
695.0
694.0
697.0
691.0
694.0
691.0
690.0
691.0
581.0
680.0
682.0
683.0
682.0
683.0
685.0
685.0
686.0
682.0
317.0
702.0
701.0
704.0
694.0
702.0
694.0
693.0
705.0
703.0
325.0
678.0
691.0
691.0
696.0
683.0
690.0
682.0
684.0
696.0
324.0
701.0
697.0
704.0
688.0
688.0
317.0
688.0
326.0
685.0
331.0
329.0
320.0
316.0
315.0
312.0
317.0
295.0
300.0
301.0
289.0
