2.0
3.0
3.0
2.0
2.0
4.0
2.0
2.0
2.0
2.0
3.0
2.0
2.0
2.0
2.0
2.0
1.0
2.0
3.0
3.0
2.0
2.0
2.0
2.0
2.0
3.0
2.0
2.0
3.0
3.0
2.0
2.0
2.0
2.0
2.0
1.0
3.0
2.0
2.0
2.0
2.0
2.0
2.0
3.0
3.0
3.0
2.0
2.0
3.0
2.0
2.0
3.0
2.0
2.0
3.0
2.0
1.0
2.0
2.0
2.0
2.0
1.0
3.0
2.0
3.0
1.0
1.0
2.0
4.0
2.0
382.0
614.0
342.0
394.0
390.0
383.0
613.0
379.0
493.0
496.0
740.0
861.0
861.0
863.0
868.0
863.0
739.0
854.0
755.0
858.0
760.0
780.0
884.0
889.0
887.0
885.0
883.0
885.0
780.0
877.0
773.0
750.0
867.0
861.0
858.0
865.0
865.0
748.0
863.0
861.0
769.0
773.0
778.0
835.0
789.0
835.0
835.0
835.0
830.0
831.0
780.0
780.0
780.0
781.0
1023.0
821.0
824.0
821.0
819.0
810.0
1255.0
780.0
800.0
801.0
826.0
825.0
824.0
824.0
1456.0
823.0
790.0
770.0
772.0
1145.0
814.0
837.0
821.0
815.0
822.0
806.0
870.0
820.0
807.0
816.0
809.0
811.0
815.0
808.0
808.0
808.0
812.0
810.0
804.0
804.0
808.0
805.0
799.0
799.0
798.0
802.0
837.0
836.0
837.0
836.0
827.0
838.0
838.0
846.0
847.0
817.0
816.0
818.0
822.0
810.0
815.0
819.0
817.0
815.0
829.0
809.0
809.0
802.0
800.0
802.0
798.0
798.0
804.0
804.0
804.0
802.0
804.0
805.0
804.0
795.0
804.0
803.0
791.0
777.0
755.0
752.0
2.0
2.0
2.0
2.0
2.0
1.0
2.0
2.0
2.0
2.0
2.0
1.0
2.0
2.0
3.0
3.0
1.0
2.0
3.0
3.0
2.0
1.0
1.0
1.0
2.0
2.0
2.0
2.0
2.0
2.0
2.0
2.0
2.0
2.0
2.0
1.0
1.0
1.0
2.0
2.0
2.0
1.0
2.0
2.0
2.0
2.0
2.0
3.0
1.0
2.0
3.0
3.0
1.0
1.0
1.0
2.0
2.0
2.0
2.0
1.0
2.0
1.0
2.0
2.0
1.0
2.0
2.0
2.0
1.0
1.0
2.0
2.0
2.0
2.0
1.0
1.0
2.0
1.0
1.0
3.0
1.0
2.0
2.0
3.0
3.0
2.0
1.0
2.0
2.0
2.0
1.0
1.0
2.0
1.0
1.0
2.0
1.0
2.0
2.0
2.0
2.0
2.0
2.0
3.0
2.0
2.0
1.0
2.0
1.0
1.0
3.0
2.0
3.0
1.0
2.0
1.0
3.0
2.0
2.0
1.0
2.0
3.0
2.0
2.0
1.0
1.0
2.0
1.0
3.0
2.0
2.0
2.0
2.0
1.0
1.0
2.0
3.0
3.0
1.0
1.0
3.0
1.0
1.0
2.0
2.0
1.0
1.0
2.0
2.0
2.0
2.0
2.0
1.0
3.0
2.0
1.0
2.0
1.0
1.0
2.0
2.0
1.0
1.0
2.0
2.0
2.0
3.0
1.0
2.0
2.0
2.0
2.0
1.0
1.0
2.0
2.0
3.0
2.0
1.0
1.0
3.0
1.0
1.0
2.0
1.0
2.0
2.0
1.0
1.0
2.0
2.0
2.0
2.0
2.0
1.0
1.0
2.0
1.0
1.0
1.0
3.0
1.0
3.0
2.0
2.0
3.0
2.0
2.0
2.0
2.0
1.0
1.0
1.0
1.0
2.0
1.0
2.0
2.0
2.0
2.0
3.0
2.0
2.0
2.0
2.0
1.0
1.0
2.0
2.0
1.0
2.0
3.0
3.0
1.0
2.0
2.0
2.0
2.0
1.0
2.0
2.0
3.0
1.0
2.0
1.0
1.0
2.0
2.0
2.0
1.0
2.0
2.0
2.0
2.0
1.0
2.0
2.0
2.0
2.0
1.0
3.0
1.0
1.0
1.0
2.0
1.0
2.0
2.0
2.0
2.0
2.0
1.0
2.0
2.0
1.0
2.0
1.0
1.0
2.0
2.0
3.0
1.0
2.0
1.0
2.0
2.0
2.0
1.0
2.0
2.0
2.0
2.0
1.0
1.0
2.0
2.0
2.0
3.0
1.0
1.0
2.0
2.0
3.0
1.0
2.0
1.0
2.0
2.0
1.0
1.0
3.0
1.0
2.0
2.0
2.0
1.0
2.0
3.0
1.0
2.0
3.0
2.0
2.0
2.0
1.0
2.0
1.0
3.0
1.0
1.0
3.0
2.0
2.0
2.0
2.0
2.0
2.0
1.0
2.0
1.0
1.0
2.0
1.0
3.0
1.0
1.0
2.0
1.0
2.0
2.0
3.0
2.0
1.0
2.0
2.0
2.0
1.0
2.0
1.0
2.0
2.0
3.0
1.0
1.0
1.0
2.0
3.0
2.0
2.0
1.0
2.0
3.0
2.0
2.0
1.0
2.0
1.0
2.0
1.0
1.0
2.0
2.0
2.0
2.0
2.0
1.0
2.0
2.0
2.0
1.0
1.0
2.0
3.0
2.0
2.0
1.0
1.0
2.0
1.0
3.0
2.0
1.0
1.0
1.0
3.0
2.0
2.0
2.0
2.0
2.0
2.0
2.0
2.0
2.0
1.0
1.0
2.0
2.0
2.0
1.0
2.0
2.0
2.0
3.0
2.0
2.0
2.0
1.0
1.0
1.0
3.0
3.0
3.0
1.0
1.0
2.0
2.0
2.0
2.0
1.0
2.0
2.0
1.0
1.0
2.0
2.0
1.0
2.0
2.0
1.0
3.0
1.0
1.0
1.0
2.0
1.0
2.0
2.0
3.0
3.0
2.0
2.0
1.0
1.0
2.0
2.0
1.0
1.0
2.0
2.0
2.0
2.0
2.0
2.0
1.0
2.0
2.0
1.0
2.0
2.0
2.0
3.0
1.0
1.0
2.0
1.0
2.0
2.0
1.0
1.0
2.0
2.0
3.0
2.0
2.0
1.0
2.0
2.0
2.0
2.0
1.0
1.0
1.0
2.0
2.0
2.0
1.0
2.0
2.0
3.0
3.0
1.0
2.0
1.0
2.0
1.0
1.0
1.0
2.0
2.0
2.0
2.0
2.0
3.0
2.0
2.0
2.0
1.0
2.0
2.0
2.0
1.0
1.0
1.0
1.0
2.0
2.0
2.0
1.0
2.0
2.0
2.0
2.0
3.0
1.0
3.0
2.0
1.0
2.0
1.0
3.0
2.0
2.0
1.0
2.0
2.0
2.0
1.0
1.0
2.0
3.0
1.0
2.0
1.0
1.0
2.0
2.0
1.0
2.0
2.0
3.0
1.0
1.0
2.0
3.0
2.0
1.0
1.0
2.0
2.0
2.0
1.0
1.0
2.0
2.0
2.0
2.0
2.0
1.0
1.0
2.0
2.0
2.0
1.0
1.0
2.0
2.0
1.0
2.0
3.0
426.0
378.0
378.0
378.0
402.0
380.0
625.0
376.0
344.0
468.0
352.0
376.0
385.0
382.0
374.0
374.0
374.0
319.0
378.0
377.0
411.0
343.0
374.0
375.0
376.0
344.0
367.0
372.0
368.0
387.0
375.0
382.0
374.0
386.0
385.0
385.0
386.0
386.0
382.0
352.0
349.0
347.0
358.0
351.0
348.0
352.0
348.0
349.0
348.0
350.0
349.0
348.0
351.0
349.0
350.0
349.0
348.0
348.0
356.0
355.0
355.0
355.0
354.0
356.0
358.0
356.0
355.0
355.0
348.0
349.0
350.0
347.0
350.0
348.0
350.0
357.0
349.0
348.0
348.0
350.0
350.0
348.0
350.0
348.0
350.0
348.0
353.0
1.0
353.0
2.0
1.0
1.0
2.0
1.0
1.0
2.0
1.0
1.0
1.0
2.0
802.0
807.0
807.0
807.0
813.0
805.0
804.0
807.0
799.0
798.0
822.0
829.0
828.0
822.0
826.0
827.0
829.0
832.0
826.0
831.0
825.0
840.0
837.0
818.0
832.0
834.0
837.0
835.0
820.0
838.0
803.0
804.0
802.0
805.0
808.0
804.0
801.0
803.0
801.0
800.0
796.0
805.0
800.0
815.0
849.0
838.0
850.0
837.0
838.0
835.0
848.0
846.0
834.0
856.0
815.0
825.0
816.0
825.0
799.0
796.0
811.0
802.0
798.0
807.0
803.0
803.0
801.0
802.0
807.0
803.0
800.0
816.0
802.0
819.0
815.0
801.0
804.0
801.0
819.0
812.0
798.0
848.0
834.0
839.0
847.0
824.0
836.0
460.0
845.0
452.0
490.0
489.0
493.0
465.0
452.0
449.0
460.0
456.0
462.0
461.0
818.0
810.0
815.0
805.0
812.0
804.0
809.0
803.0
811.0
810.0
803.0
798.0
798.0
801.0
804.0
806.0
805.0
802.0
809.0
806.0
804.0
803.0
802.0
796.0
798.0
801.0
807.0
806.0
805.0
808.0
847.0
840.0
834.0
830.0
841.0
822.0
827.0
830.0
832.0
831.0
811.0
805.0
803.0
801.0
807.0
803.0
804.0
801.0
803.0
807.0
806.0
798.0
800.0
806.0
807.0
805.0
805.0
804.0
805.0
807.0
806.0
807.0
797.0
796.0
801.0
803.0
804.0
804.0
831.0
832.0
842.0
832.0
832.0
827.0
847.0
851.0
823.0
824.0
800.0
799.0
804.0
814.0
803.0
802.0
805.0
808.0
803.0
457.0
801.0
457.0
450.0
451.0
450.0
450.0
450.0
450.0
452.0
456.0
454.0
459.0
806.0
808.0
805.0
805.0
806.0
807.0
808.0
798.0
794.0
799.0
837.0
854.0
853.0
843.0
839.0
858.0
875.0
846.0
846.0
869.0
802.0
807.0
848.0
803.0
844.0
841.0
838.0
807.0
808.0
835.0
806.0
797.0
797.0
820.0
820.0
823.0
806.0
803.0
819.0
815.0
806.0
806.0
806.0
806.0
804.0
797.0
796.0
797.0
800.0
803.0
844.0
832.0
831.0
841.0
847.0
830.0
831.0
842.0
850.0
850.0
802.0
813.0
812.0
816.0
824.0
804.0
802.0
813.0
800.0
812.0
800.0
799.0
803.0
808.0
801.0
803.0
802.0
814.0
813.0
814.0
822.0
803.0
823.0
806.0
798.0
794.0
795.0
459.0
812.0
457.0
467.0
467.0
477.0
489.0
493.0
494.0
493.0
482.0
479.0
478.0
824.0
827.0
802.0
800.0
803.0
799.0
801.0
806.0
802.0
807.0
810.0
813.0
811.0
811.0
817.0
811.0
816.0
799.0
803.0
803.0
807.0
807.0
810.0
809.0
810.0
810.0
813.0
810.0
804.0
806.0
843.0
846.0
848.0
852.0
840.0
861.0
845.0
841.0
841.0
852.0
810.0
802.0
804.0
800.0
801.0
808.0
809.0
803.0
802.0
805.0
805.0
807.0
807.0
806.0
798.0
802.0
802.0
797.0
795.0
804.0
805.0
804.0
803.0
806.0
802.0
805.0
806.0
806.0
803.0
797.0
843.0
832.0
846.0
832.0
831.0
838.0
847.0
831.0
830.0
831.0
805.0
820.0
824.0
814.0
805.0
813.0
824.0
451.0
802.0
457.0
464.0
453.0
452.0
452.0
453.0
453.0
449.0
450.0
451.0
449.0
801.0
806.0
804.0
803.0
807.0
805.0
801.0
810.0
814.0
817.0
813.0
835.0
837.0
838.0
826.0
823.0
868.0
858.0
867.0
864.0
849.0
852.0
858.0
834.0
838.0
851.0
806.0
804.0
809.0
796.0
804.0
807.0
806.0
805.0
805.0
804.0
802.0
806.0
809.0
802.0
807.0
805.0
804.0
803.0
805.0
808.0
802.0
816.0
804.0
802.0
794.0
835.0
837.0
838.0
846.0
833.0
840.0
847.0
835.0
830.0
831.0
813.0
815.0
817.0
821.0
799.0
813.0
820.0
807.0
800.0
802.0
803.0
804.0
805.0
804.0
806.0
804.0
799.0
800.0
794.0
804.0
803.0
804.0
805.0
808.0
806.0
801.0
458.0
805.0
457.0
452.0
450.0
449.0
450.0
451.0
451.0
451.0
458.0
455.0
461.0
847.0
836.0
834.0
836.0
845.0
835.0
847.0
838.0
834.0
838.0
805.0
802.0
801.0
806.0
803.0
808.0
809.0
807.0
801.0
808.0
811.0
803.0
803.0
809.0
811.0
808.0
812.0
807.0
810.0
809.0
806.0
799.0
796.0
797.0
796.0
804.0
809.0
805.0
809.0
844.0
835.0
857.0
833.0
855.0
834.0
849.0
826.0
840.0
850.0
809.0
806.0
801.0
807.0
802.0
804.0
804.0
803.0
803.0
806.0
806.0
803.0
802.0
804.0
805.0
804.0
803.0
803.0
807.0
808.0
805.0
798.0
797.0
800.0
804.0
834.0
840.0
838.0
845.0
832.0
842.0
835.0
832.0
835.0
828.0
799.0
800.0
801.0
452.0
800.0
454.0
451.0
456.0
454.0
460.0
460.0
458.0
458.0
459.0
458.0
461.0
822.0
805.0
813.0
816.0
818.0
813.0
809.0
819.0
817.0
833.0
812.0
805.0
810.0
809.0
812.0
801.0
796.0
798.0
797.0
802.0
830.0
821.0
829.0
846.0
847.0
826.0
847.0
847.0
846.0
850.0
806.0
802.0
802.0
817.0
816.0
803.0
813.0
810.0
812.0
822.0
800.0
797.0
799.0
807.0
807.0
809.0
811.0
807.0
807.0
814.0
811.0
807.0
808.0
801.0
805.0
798.0
800.0
806.0
806.0
807.0
829.0
824.0
827.0
833.0
846.0
840.0
844.0
828.0
829.0
845.0
805.0
804.0
803.0
806.0
814.0
813.0
815.0
806.0
806.0
809.0
799.0
796.0
804.0
817.0
819.0
809.0
809.0
450.0
810.0
468.0
464.0
470.0
462.0
457.0
457.0
454.0
454.0
449.0
450.0
449.0
827.0
835.0
828.0
830.0
830.0
831.0
826.0
823.0
824.0
840.0
798.0
810.0
797.0
797.0
798.0
804.0
806.0
803.0
805.0
809.0
805.0
804.0
803.0
804.0
807.0
799.0
801.0
799.0
796.0
802.0
806.0
801.0
804.0
804.0
807.0
811.0
808.0
803.0
801.0
797.0
823.0
827.0
827.0
827.0
827.0
828.0
842.0
823.0
823.0
824.0
799.0
796.0
798.0
801.0
809.0
809.0
817.0
806.0
808.0
809.0
807.0
813.0
810.0
797.0
806.0
799.0
802.0
802.0
802.0
803.0
804.0
801.0
806.0
807.0
807.0
810.0
807.0
799.0
796.0
797.0
823.0
825.0
840.0
826.0
842.0
839.0
844.0
478.0
824.0
489.0
450.0
449.0
455.0
450.0
455.0
448.0
461.0
472.0
465.0
462.0
819.0
830.0
827.0
829.0
842.0
844.0
833.0
830.0
831.0
818.0
810.0
805.0
805.0
803.0
805.0
804.0
806.0
807.0
807.0
803.0
803.0
803.0
810.0
802.0
832.0
829.0
838.0
836.0
843.0
842.0
841.0
821.0
842.0
819.0
798.0
797.0
812.0
814.0
823.0
822.0
811.0
802.0
802.0
805.0
803.0
806.0
807.0
804.0
800.0
797.0
805.0
805.0
801.0
803.0
801.0
805.0
810.0
804.0
804.0
805.0
803.0
831.0
828.0
828.0
826.0
839.0
846.0
828.0
834.0
831.0
825.0
804.0
795.0
796.0
797.0
800.0
811.0
803.0
807.0
811.0
806.0
809.0
806.0
807.0
806.0
809.0
802.0
449.0
801.0
450.0
452.0
449.0
460.0
459.0
458.0
459.0
458.0
459.0
458.0
461.0
808.0
808.0
798.0
797.0
798.0
797.0
798.0
801.0
807.0
832.0
826.0
825.0
826.0
827.0
825.0
827.0
822.0
825.0
818.0
798.0
805.0
803.0
805.0
806.0
802.0
803.0
806.0
809.0
806.0
808.0
807.0
805.0
807.0
805.0
805.0
805.0
804.0
810.0
806.0
809.0
800.0
796.0
799.0
797.0
798.0
800.0
797.0
806.0
828.0
836.0
830.0
829.0
830.0
823.0
823.0
829.0
822.0
821.0
801.0
801.0
804.0
804.0
805.0
806.0
804.0
803.0
802.0
805.0
803.0
803.0
804.0
804.0
804.0
805.0
805.0
805.0
803.0
805.0
805.0
807.0
801.0
796.0
808.0
807.0
812.0
807.0
815.0
451.0
862.0
463.0
502.0
527.0
503.0
501.0
503.0
502.0
504.0
496.0
510.0
472.0
830.0
807.0
835.0
818.0
815.0
830.0
806.0
805.0
828.0
833.0
833.0
798.0
825.0
799.0
798.0
799.0
824.0
804.0
825.0
822.0
809.0
804.0
804.0
805.0
806.0
806.0
799.0
801.0
798.0
801.0
828.0
822.0
842.0
825.0
839.0
824.0
825.0
827.0
823.0
841.0
811.0
801.0
817.0
802.0
818.0
802.0
803.0
810.0
803.0
811.0
802.0
796.0
807.0
808.0
802.0
806.0
806.0
806.0
807.0
811.0
811.0
807.0
799.0
800.0
803.0
798.0
796.0
801.0
797.0
807.0
835.0
827.0
826.0
828.0
842.0
830.0
827.0
846.0
826.0
825.0
808.0
802.0
806.0
805.0
806.0
806.0
804.0
458.0
806.0
458.0
451.0
450.0
450.0
464.0
450.0
450.0
452.0
451.0
450.0
450.0
804.0
806.0
802.0
806.0
803.0
804.0
805.0
803.0
803.0
804.0
805.0
836.0
829.0
840.0
846.0
841.0
824.0
840.0
841.0
827.0
827.0
806.0
796.0
814.0
806.0
810.0
807.0
807.0
817.0
812.0
818.0
815.0
809.0
803.0
798.0
796.0
799.0
800.0
802.0
800.0
807.0
804.0
804.0
806.0
803.0
803.0
806.0
806.0
805.0
803.0
834.0
845.0
844.0
842.0
843.0
841.0
841.0
835.0
839.0
833.0
799.0
802.0
799.0
808.0
808.0
810.0
808.0
808.0
809.0
805.0
807.0
797.0
801.0
799.0
798.0
797.0
799.0
800.0
799.0
802.0
824.0
810.0
832.0
852.0
817.0
846.0
902.0
468.0
872.0
480.0
453.0
468.0
470.0
457.0
466.0
458.0
458.0
476.0
487.0
479.0
827.0
829.0
828.0
819.0
822.0
820.0
831.0
795.0
798.0
814.0
803.0
804.0
801.0
803.0
808.0
806.0
801.0
805.0
804.0
805.0
804.0
810.0
803.0
802.0
806.0
803.0
805.0
806.0
802.0
802.0
798.0
801.0
800.0
801.0
827.0
824.0
832.0
837.0
835.0
839.0
839.0
838.0
824.0
838.0
801.0
797.0
805.0
818.0
822.0
826.0
808.0
803.0
811.0
806.0
808.0
804.0
802.0
808.0
797.0
803.0
805.0
804.0
806.0
804.0
806.0
805.0
808.0
806.0
804.0
806.0
800.0
803.0
807.0
827.0
838.0
833.0
825.0
830.0
836.0
842.0
843.0
820.0
842.0
810.0
810.0
811.0
803.0
451.0
805.0
470.0
461.0
460.0
459.0
457.0
452.0
453.0
440.0
447.0
434.0
423.0
