3.0
2.0
2.0
2.0
2.0
2.0
2.0
2.0
2.0
2.0
11.0
8.0
8.0
8.0
9.0
102.0
101.0
102.0
176.0
175.0
645.0
643.0
643.0
718.0
829.0
1224.0
1229.0
1290.0
1342.0
1253.0
1209.0
1241.0
1208.0
1223.0
1228.0
1205.0
1206.0
1225.0
1205.0
1202.0
1238.0
1233.0
1231.0
1200.0
1202.0
1200.0
1201.0
1201.0
1202.0
1199.0
1255.0
1249.0
1256.0
1252.0
1249.0
1252.0
1251.0
1286.0
1283.0
1282.0
1203.0
1210.0
1206.0
1200.0
1200.0
1232.0
1242.0
1201.0
1203.0
1200.0
1200.0
1200.0
1203.0
1201.0
1198.0
1202.0
1201.0
1212.0
1200.0
1202.0
1201.0
1203.0
1204.0
1201.0
1201.0
1203.0
1205.0
1203.0
1199.0
1203.0
1203.0
1200.0
1233.0
1229.0
1230.0
1280.0
1275.0
1277.0
1277.0
1276.0
1279.0
1276.0
1249.0
1247.0
1247.0
1201.0
1200.0
1202.0
1203.0
1200.0
7.0
8.0
6.0
6.0
6.0
97.0
96.0
96.0
95.0
96.0
648.0
646.0
647.0
646.0
645.0
1201.0
1201.0
1199.0
1200.0
1202.0
1202.0
1202.0
1202.0
1202.0
1201.0
1203.0
1204.0
1199.0
1202.0
1203.0
1201.0
1202.0
1201.0
1200.0
1199.0
1202.0
1202.0
1228.0
1233.0
1234.0
1233.0
1234.0
1235.0
1241.0
1236.0
1302.0
1286.0
1249.0
1274.0
1248.0
1261.0
1263.0
1260.0
1246.0
1245.0
1202.0
1198.0
1200.0
1229.0
1264.0
1232.0
1228.0
1227.0
1263.0
1240.0
1230.0
1231.0
1232.0
1203.0
1201.0
1203.0
1203.0
1200.0
1200.0
1199.0
1201.0
1201.0
1199.0
1201.0
1197.0
1200.0
1203.0
1198.0
1198.0
1198.0
1203.0
1201.0
1200.0
1281.0
1276.0
1275.0
1276.0
1276.0
1275.0
1274.0
1201.0
1140.0
1169.0
1119.0
1113.0
7.0
10.0
11.0
7.0
7.0
101.0
101.0
102.0
175.0
174.0
642.0
644.0
643.0
707.0
844.0
1230.0
1199.0
1290.0
1273.0
1344.0
1236.0
1237.0
1235.0
1227.0
1200.0
1201.0
1199.0
1271.0
1271.0
1269.0
1245.0
1245.0
1241.0
1243.0
1240.0
1271.0
1272.0
1201.0
1205.0
1203.0
1202.0
1202.0
1204.0
1203.0
1201.0
1200.0
1199.0
1201.0
1203.0
1201.0
1203.0
1202.0
1203.0
1202.0
1201.0
1201.0
1203.0
1202.0
1201.0
1200.0
1232.0
1201.0
1230.0
1230.0
1256.0
1223.0
1199.0
1202.0
1201.0
1201.0
1230.0
1202.0
1202.0
1200.0
1199.0
1277.0
1278.0
1281.0
1277.0
1277.0
1246.0
1246.0
1246.0
1248.0
1274.0
1201.0
1202.0
1199.0
1199.0
1199.0
1231.0
1230.0
1230.0
1230.0
1201.0
1200.0
1200.0
1203.0
1206.0
1200.0
7.0
7.0
6.0
6.0
6.0
96.0
97.0
96.0
96.0
96.0
616.0
616.0
616.0
623.0
616.0
1201.0
1202.0
1203.0
1200.0
1202.0
1200.0
1234.0
1229.0
1229.0
1231.0
1241.0
1241.0
1241.0
1257.0
1259.0
1250.0
1228.0
1229.0
1254.0
1229.0
1243.0
1248.0
1243.0
1243.0
1244.0
1245.0
1246.0
1241.0
1271.0
1306.0
1201.0
1200.0
1232.0
1231.0
1228.0
1229.0
1230.0
1229.0
1201.0
1201.0
1232.0
1228.0
1208.0
1203.0
1201.0
1201.0
1200.0
1200.0
1200.0
1203.0
1215.0
1209.0
1201.0
1200.0
1200.0
1201.0
1201.0
1199.0
1206.0
1201.0
1274.0
1272.0
1273.0
1271.0
1270.0
1275.0
1273.0
1272.0
1273.0
1276.0
1202.0
1206.0
1202.0
1202.0
1200.0
1202.0
1202.0
1199.0
1203.0
1201.0
1200.0
1201.0
1199.0
1200.0
1199.0
7.0
7.0
7.0
7.0
6.0
97.0
97.0
96.0
97.0
95.0
646.0
645.0
645.0
647.0
647.0
1203.0
1202.0
1200.0
1201.0
1200.0
1202.0
1201.0
1204.0
1201.0
1200.0
1201.0
1201.0
1201.0
1202.0
1205.0
1201.0
1202.0
1200.0
1202.0
1201.0
1277.0
1276.0
1274.0
1275.0
1276.0
1276.0
1272.0
1274.0
1276.0
1276.0
1200.0
1201.0
1201.0
1203.0
1199.0
1201.0
1202.0
1201.0
1201.0
1202.0
1212.0
1209.0
1213.0
1210.0
1208.0
1233.0
1225.0
1226.0
1210.0
1210.0
1201.0
1222.0
1214.0
1205.0
1199.0
1232.0
1229.0
1231.0
1232.0
1231.0
1204.0
1199.0
1200.0
1203.0
1230.0
1201.0
1200.0
1200.0
1205.0
1201.0
1283.0
1275.0
1276.0
1272.0
1246.0
1244.0
1246.0
1274.0
1274.0
1271.0
1200.0
1203.0
1200.0
1200.0
1200.0
7.0
7.0
6.0
6.0
6.0
126.0
126.0
96.0
96.0
96.0
616.0
614.0
614.0
617.0
616.0
1210.0
1206.0
1204.0
1205.0
1203.0
1203.0
1205.0
1201.0
1230.0
1232.0
1228.0
1227.0
1229.0
1230.0
1230.0
1232.0
1232.0
1230.0
1200.0
1200.0
1203.0
1201.0
1201.0
1200.0
1203.0
1200.0
1200.0
1198.0
1201.0
1200.0
1249.0
1251.0
1249.0
1247.0
1264.0
1274.0
1278.0
1277.0
1275.0
1284.0
1231.0
1230.0
1229.0
1230.0
1232.0
1200.0
1202.0
1201.0
1201.0
1201.0
1201.0
1199.0
1200.0
1200.0
1205.0
1201.0
1201.0
1199.0
1201.0
1202.0
1201.0
1202.0
1201.0
1201.0
1205.0
1202.0
1202.0
1202.0
1203.0
1200.0
1272.0
1281.0
1274.0
1274.0
1277.0
1275.0
1272.0
1276.0
1273.0
1275.0
1211.0
1209.0
1232.0
1214.0
1235.0
7.0
7.0
7.0
7.0
6.0
97.0
100.0
97.0
99.0
105.0
658.0
672.0
654.0
665.0
663.0
1203.0
1200.0
1204.0
1204.0
1200.0
1203.0
1203.0
1200.0
1200.0
1204.0
1201.0
1201.0
1201.0
1201.0
1203.0
1202.0
1201.0
1201.0
1215.0
1204.0
1201.0
1202.0
1203.0
1203.0
1202.0
1202.0
1201.0
1199.0
1201.0
1203.0
1277.0
1274.0
1275.0
1274.0
1279.0
1275.0
1274.0
1276.0
1277.0
1277.0
1200.0
1200.0
1202.0
1203.0
1210.0
1201.0
1202.0
1201.0
1202.0
1202.0
1200.0
1200.0
1201.0
1199.0
1199.0
1202.0
1200.0
1231.0
1231.0
1233.0
1202.0
1201.0
1203.0
1197.0
1199.0
1231.0
1231.0
1202.0
1200.0
1204.0
1234.0
1231.0
1230.0
1231.0
1227.0
1202.0
1201.0
1200.0
1201.0
1204.0
1247.0
1248.0
1245.0
1252.0
1246.0
7.0
7.0
6.0
6.0
6.0
96.0
97.0
95.0
172.0
169.0
690.0
692.0
693.0
614.0
615.0
1200.0
1204.0
1201.0
1201.0
1201.0
1200.0
1202.0
1199.0
1199.0
1200.0
1202.0
1204.0
1200.0
1200.0
1228.0
1228.0
1230.0
1228.0
1228.0
1229.0
1224.0
1230.0
1226.0
1251.0
1194.0
1192.0
1195.0
1201.0
1231.0
1198.0
1202.0
1210.0
1204.0
1210.0
1204.0
1199.0
1203.0
1208.0
1280.0
1277.0
1243.0
1276.0
1272.0
1275.0
1276.0
1280.0
1290.0
1275.0
1203.0
1201.0
1233.0
1202.0
1203.0
1199.0
1199.0
1199.0
1199.0
1200.0
1199.0
1200.0
1202.0
1202.0
1198.0
1217.0
1200.0
1199.0
1202.0
1200.0
1202.0
1200.0
1202.0
1205.0
1203.0
1200.0
1199.0
1201.0
1202.0
1200.0
1201.0
1201.0
1277.0
1277.0
1274.0
1273.0
1274.0
7.0
7.0
6.0
6.0
6.0
97.0
96.0
96.0
96.0
95.0
645.0
646.0
645.0
719.0
722.0
1278.0
1274.0
1276.0
1203.0
1202.0
1200.0
1202.0
1200.0
1200.0
1200.0
1201.0
1199.0
1201.0
1199.0
1199.0
1202.0
1204.0
1203.0
1199.0
1200.0
1202.0
1201.0
1201.0
1201.0
1199.0
1201.0
1203.0
1201.0
1201.0
1200.0
1203.0
1201.0
1200.0
1201.0
1203.0
1202.0
1228.0
1229.0
1230.0
1230.0
1282.0
1282.0
1280.0
1278.0
1279.0
1278.0
1249.0
1253.0
1249.0
1248.0
1200.0
1204.0
1202.0
1200.0
1202.0
1201.0
1201.0
1204.0
1231.0
1234.0
1231.0
1228.0
1232.0
1236.0
1245.0
1264.0
1262.0
1266.0
1236.0
1229.0
1241.0
1234.0
1232.0
1238.0
1238.0
1202.0
1204.0
1208.0
1207.0
1201.0
1204.0
1204.0
1203.0
1203.0
1204.0
7.0
6.0
6.0
6.0
6.0
97.0
96.0
95.0
96.0
95.0
647.0
644.0
646.0
645.0
645.0
1251.0
1249.0
1251.0
1247.0
1251.0
1248.0
1249.0
1249.0
1248.0
1248.0
1202.0
1198.0
1203.0
1231.0
1225.0
1230.0
1231.0
1233.0
1229.0
1231.0
1231.0
1242.0
1231.0
1202.0
1201.0
1201.0
1202.0
1205.0
1202.0
1200.0
1203.0
1197.0
1200.0
1203.0
1199.0
1199.0
1201.0
1202.0
1201.0
1203.0
1201.0
1200.0
1203.0
1202.0
1202.0
1276.0
1275.0
1279.0
1280.0
1279.0
1281.0
1277.0
1278.0
1280.0
1278.0
1203.0
1203.0
1201.0
1201.0
1201.0
1199.0
1202.0
1203.0
1204.0
1203.0
1202.0
1201.0
1201.0
1203.0
1202.0
1204.0
1231.0
1199.0
1200.0
1205.0
1216.0
1200.0
1200.0
1202.0
1203.0
1200.0
1199.0
1207.0
1200.0
1201.0
7.0
6.0
6.0
6.0
6.0
96.0
96.0
96.0
95.0
98.0
650.0
646.0
645.0
645.0
648.0
1281.0
1280.0
1281.0
1278.0
1282.0
1287.0
1296.0
1287.0
1297.0
1311.0
1232.0
1209.0
1208.0
1233.0
1252.0
1201.0
1217.0
1203.0
1204.0
1215.0
1202.0
1201.0
1204.0
1202.0
1202.0
1201.0
1201.0
1198.0
1201.0
1201.0
1202.0
1203.0
1202.0
1201.0
1204.0
1232.0
1230.0
1231.0
1230.0
1263.0
1200.0
1203.0
1201.0
1200.0
1210.0
1201.0
1202.0
1202.0
1201.0
1201.0
1279.0
1281.0
1281.0
1277.0
1288.0
1250.0
1253.0
1248.0
1250.0
1254.0
1204.0
1206.0
1204.0
1202.0
1207.0
1238.0
1235.0
1233.0
1236.0
1234.0
1207.0
1203.0
1205.0
1213.0
1236.0
1205.0
1206.0
1202.0
1201.0
1202.0
1235.0
1233.0
1243.0
1234.0
1206.0
6.0
6.0
6.0
6.0
1.0
96.0
95.0
95.0
95.0
91.0
616.0
618.0
618.0
615.0
642.0
1232.0
1238.0
1235.0
1234.0
1196.0
1202.0
1206.0
1202.0
1202.0
1201.0
1253.0
1251.0
1253.0
1252.0
1247.0
1255.0
1252.0
1282.0
1283.0
1283.0
1233.0
1233.0
1233.0
1237.0
1230.0
1235.0
1237.0
1202.0
1203.0
1200.0
1207.0
1205.0
1203.0
1203.0
1201.0
1203.0
1204.0
1204.0
1204.0
1197.0
1228.0
1209.0
1224.0
1207.0
1204.0
1213.0
1207.0
1218.0
1218.0
1211.0
1291.0
1288.0
1290.0
1289.0
1296.0
1313.0
1308.0
1315.0
1317.0
1301.0
1201.0
1204.0
1205.0
1201.0
1198.0
1201.0
1202.0
1202.0
1203.0
1198.0
1203.0
1203.0
1201.0
1202.0
1198.0
1203.0
1203.0
1204.0
1203.0
1204.0
1203.0
1203.0
1202.0
1205.0
1200.0
8.0
6.0
6.0
6.0
6.0
97.0
96.0
96.0
95.0
95.0
648.0
647.0
648.0
648.0
645.0
1204.0
1204.0
1203.0
1203.0
1215.0
1203.0
1201.0
1203.0
1204.0
1201.0
1286.0
1285.0
1282.0
1281.0
1282.0
1281.0
1282.0
1285.0
1280.0
1284.0
1203.0
1209.0
1212.0
1205.0
1201.0
1204.0
1201.0
1206.0
1203.0
1200.0
1202.0
1200.0
1199.0
1202.0
1200.0
1202.0
1200.0
1201.0
1198.0
1201.0
1204.0
1202.0
1202.0
1201.0
1201.0
1234.0
1233.0
1236.0
1235.0
1235.0
1202.0
1202.0
1217.0
1204.0
1232.0
1203.0
1203.0
1204.0
1204.0
1204.0
1290.0
1288.0
1291.0
1286.0
1252.0
1254.0
1253.0
1254.0
1253.0
1286.0
1213.0
1207.0
1223.0
1208.0
1210.0
1238.0
1232.0
1245.0
1242.0
1202.0
1251.0
1234.0
1247.0
1243.0
1231.0
6.0
6.0
6.0
6.0
2.0
95.0
95.0
99.0
99.0
91.0
616.0
617.0
621.0
624.0
611.0
1237.0
1229.0
1234.0
1237.0
1227.0
1203.0
1202.0
1201.0
1202.0
1197.0
1202.0
1204.0
1201.0
1202.0
1200.0
1203.0
1203.0
1202.0
1202.0
1196.0
1249.0
1249.0
1249.0
1251.0
1250.0
1279.0
1284.0
1279.0
1282.0
1276.0
1233.0
1236.0
1232.0
1245.0
1227.0
1203.0
1201.0
1206.0
1205.0
1198.0
1203.0
1201.0
1202.0
1204.0
1199.0
1203.0
1206.0
1206.0
1203.0
1198.0
1203.0
1203.0
1202.0
1202.0
1200.0
1201.0
1207.0
1207.0
1204.0
1198.0
1277.0
1280.0
1278.0
1284.0
1277.0
1279.0
1280.0
1281.0
1281.0
1280.0
1200.0
1201.0
1203.0
1203.0
1199.0
1203.0
1201.0
1204.0
1202.0
1198.0
1205.0
1202.0
1201.0
1202.0
1198.0
7.0
6.0
6.0
6.0
6.0
97.0
96.0
96.0
95.0
95.0
649.0
658.0
647.0
651.0
647.0
1205.0
1208.0
1206.0
1202.0
1205.0
1202.0
1202.0
1203.0
1204.0
1210.0
1204.0
1201.0
1206.0
1201.0
1202.0
1203.0
1203.0
1201.0
1203.0
1203.0
1273.0
1294.0
1274.0
1283.0
1285.0
1280.0
1271.0
1276.0
1288.0
1284.0
1201.0
1203.0
1203.0
1203.0
1204.0
1204.0
1201.0
1201.0
1210.0
1204.0
1204.0
1202.0
1203.0
1206.0
1202.0
1235.0
1233.0
1235.0
1233.0
1236.0
1202.0
1200.0
1203.0
1203.0
1202.0
1202.0
1200.0
1202.0
1199.0
1206.0
1233.0
1242.0
1228.0
1228.0
1231.0
1203.0
1200.0
1199.0
1203.0
1203.0
1255.0
1252.0
1252.0
1253.0
1256.0
1284.0
1281.0
1286.0
1282.0
1287.0
1203.0
1202.0
1201.0
1201.0
1202.0
7.0
6.0
6.0
6.0
1.0
96.0
95.0
95.0
96.0
91.0
619.0
616.0
617.0
616.0
613.0
1203.0
1202.0
1206.0
1202.0
1202.0
1233.0
1235.0
1233.0
1232.0
1229.0
1232.0
1232.0
1231.0
1234.0
1232.0
1204.0
1202.0
1200.0
1200.0
1198.0
1205.0
1202.0
1202.0
1202.0
1201.0
1281.0
1286.0
1283.0
1283.0
1282.0
1281.0
1281.0
1282.0
1283.0
1280.0
1203.0
1200.0
1203.0
1201.0
1197.0
1200.0
1202.0
1200.0
1202.0
1199.0
1203.0
1206.0
1200.0
1200.0
1195.0
1201.0
1200.0
1201.0
1206.0
1198.0
1216.0
1208.0
1214.0
1210.0
1206.0
1224.0
1225.0
1234.0
1208.0
1222.0
1218.0
1201.0
1212.0
1203.0
1196.0
1274.0
1275.0
1276.0
1278.0
1277.0
1279.0
1280.0
1276.0
1276.0
1277.0
1201.0
1203.0
1203.0
1200.0
1200.0
6.0
6.0
6.0
6.0
2.0
95.0
95.0
95.0
96.0
91.0
647.0
647.0
647.0
646.0
642.0
1203.0
1202.0
1197.0
1203.0
1197.0
1202.0
1202.0
1203.0
1202.0
1200.0
1202.0
1208.0
1206.0
1205.0
1197.0
1200.0
1200.0
1204.0
1208.0
1203.0
1200.0
1202.0
1201.0
1211.0
1196.0
1201.0
1200.0
1230.0
1229.0
1230.0
1276.0
1283.0
1276.0
1278.0
1273.0
1275.0
1278.0
1247.0
1250.0
1247.0
1205.0
1202.0
1203.0
1201.0
1194.0
1205.0
1200.0
1200.0
1200.0
1228.0
1203.0
1203.0
1200.0
1201.0
1198.0
1231.0
1231.0
1232.0
1233.0
1209.0
1228.0
1227.0
1229.0
1231.0
1227.0
1200.0
1201.0
1200.0
1203.0
1198.0
1204.0
1200.0
1199.0
1202.0
1197.0
1201.0
1201.0
1204.0
1200.0
1282.0
1253.0
1252.0
1250.0
1251.0
1248.0
6.0
6.0
1.0
2.0
1.0
175.0
175.0
170.0
170.0
2.0
620.0
617.0
612.0
613.0
1.0
1202.0
1217.0
1208.0
1208.0
304.0
1242.0
1242.0
1237.0
1241.0
336.0
1238.0
1218.0
1209.0
1201.0
333.0
1232.0
1203.0
1196.0
1194.0
303.0
1201.0
1200.0
1196.0
1197.0
305.0
1203.0
1234.0
1195.0
1196.0
305.0
1200.0
1200.0
1196.0
1196.0
303.0
1202.0
1199.0
1230.0
1203.0
305.0
1294.0
1286.0
1280.0
1282.0
303.0
1286.0
1286.0
1284.0
1282.0
304.0
1290.0
1285.0
1195.0
1193.0
303.0
1197.0
1198.0
1195.0
1196.0
302.0
1199.0
1226.0
1200.0
1193.0
304.0
1201.0
1200.0
1195.0
1193.0
303.0
1200.0
1229.0
1225.0
1197.0
306.0
1204.0
1202.0
1200.0
1194.0
335.0
1202.0
1230.0
1195.0
1195.0
306.0
7.0
1.0
2.0
1.0
2.0
95.0
92.0
91.0
91.0
91.0
646.0
640.0
639.0
640.0
642.0
1201.0
1225.0
1207.0
1195.0
1195.0
1199.0
1196.0
1195.0
1193.0
1280.0
1275.0
1242.0
1244.0
1244.0
1244.0
1279.0
1272.0
1272.0
1271.0
1199.0
1200.0
1194.0
1224.0
1225.0
1224.0
1198.0
1195.0
1194.0
1194.0
1200.0
1209.0
1223.0
1226.0
1197.0
1197.0
1201.0
1199.0
1199.0
1196.0
1202.0
1230.0
1195.0
1196.0
1197.0
1194.0
1199.0
1198.0
1194.0
1197.0
1198.0
1259.0
1203.0
1286.0
1293.0
1335.0
1286.0
1291.0
1285.0
1284.0
1292.0
1278.0
1277.0
1224.0
1195.0
1194.0
1211.0
1196.0
1192.0
1197.0
1198.0
1199.0
1194.0
1195.0
1194.0
1194.0
1199.0
1196.0
1196.0
1196.0
1200.0
1201.0
1197.0
1195.0
1195.0
1195.0
1.0
2.0
1.0
2.0
1.0
91.0
90.0
2.0
1.0
2.0
642.0
642.0
2.0
1.0
2.0
1195.0
1195.0
333.0
306.0
306.0
1194.0
1198.0
304.0
304.0
304.0
1195.0
1196.0
333.0
332.0
333.0
1223.0
1228.0
335.0
304.0
305.0
1197.0
1196.0
305.0
305.0
303.0
1276.0
1273.0
304.0
332.0
333.0
1274.0
1276.0
306.0
304.0
305.0
1244.0
1246.0
384.0
381.0
381.0
1246.0
1195.0
304.0
305.0
307.0
1195.0
1195.0
303.0
305.0
305.0
1200.0
1194.0
333.0
333.0
336.0
1224.0
1224.0
305.0
304.0
306.0
1194.0
1195.0
304.0
305.0
303.0
1194.0
1197.0
305.0
304.0
304.0
1196.0
1230.0
335.0
332.0
305.0
1195.0
1195.0
305.0
303.0
304.0
1195.0
1198.0
306.0
303.0
304.0
2.0
1.0
2.0
2.0
1.0
2.0
2.0
2.0
1.0
2.0
2.0
2.0
1.0
2.0
2.0
332.0
334.0
336.0
335.0
333.0
308.0
304.0
303.0
304.0
303.0
304.0
305.0
306.0
304.0
305.0
304.0
304.0
306.0
304.0
306.0
305.0
335.0
336.0
333.0
333.0
333.0
334.0
334.0
335.0
334.0
333.0
303.0
306.0
304.0
314.0
304.0
305.0
305.0
303.0
307.0
305.0
304.0
306.0
304.0
304.0
307.0
304.0
304.0
304.0
304.0
305.0
303.0
305.0
305.0
303.0
334.0
333.0
333.0
333.0
332.0
334.0
334.0
334.0
334.0
335.0
304.0
304.0
305.0
304.0
305.0
304.0
304.0
306.0
304.0
304.0
304.0
303.0
304.0
305.0
303.0
305.0
304.0
304.0
304.0
304.0
2.0
2.0
2.0
1.0
2.0
1.0
1.0
2.0
1.0
2.0
2.0
1.0
2.0
2.0
1.0
305.0
307.0
331.0
331.0
334.0
333.0
333.0
335.0
333.0
334.0
337.0
334.0
304.0
307.0
304.0
304.0
380.0
382.0
382.0
380.0
410.0
381.0
381.0
382.0
409.0
381.0
303.0
303.0
305.0
305.0
305.0
304.0
303.0
303.0
307.0
303.0
306.0
304.0
305.0
306.0
303.0
305.0
304.0
303.0
305.0
305.0
304.0
305.0
332.0
332.0
336.0
332.0
334.0
334.0
334.0
333.0
333.0
332.0
306.0
306.0
305.0
304.0
306.0
304.0
304.0
305.0
306.0
305.0
306.0
305.0
303.0
304.0
304.0
304.0
304.0
304.0
305.0
303.0
305.0
304.0
321.0
327.0
336.0
321.0
317.0
