2.0
1.0
1.0
1.0
1.0
1.0
2.0
1.0
1.0
1.0
1.0
1.0
1.0
1.0
2.0
2.0
1.0
1.0
1.0
1.0
1.0
1.0
2.0
2.0
1.0
1.0
1.0
1.0
1.0
1.0
2.0
2.0
1.0
1.0
1.0
1.0
1.0
1.0
2.0
1.0
1.0
1.0
1.0
1.0
1.0
1.0
2.0
1.0
1.0
1.0
1.0
1.0
1.0
1.0
1.0
2.0
1.0
1.0
1.0
1.0
1.0
1.0
2.0
2.0
2.0
1.0
1.0
1.0
1.0
1.0
518.0
518.0
518.0
521.0
518.0
519.0
516.0
516.0
520.0
517.0
542.0
541.0
542.0
542.0
543.0
540.0
541.0
547.0
541.0
540.0
500.0
499.0
501.0
500.0
501.0
500.0
502.0
500.0
501.0
505.0
514.0
514.0
515.0
515.0
515.0
515.0
514.0
515.0
514.0
519.0
501.0
499.0
499.0
499.0
500.0
499.0
499.0
500.0
501.0
505.0
514.0
513.0
513.0
515.0
513.0
513.0
514.0
514.0
514.0
520.0
499.0
509.0
499.0
499.0
500.0
499.0
500.0
499.0
501.0
506.0
513.0
513.0
512.0
512.0
513.0
513.0
513.0
516.0
512.0
518.0
526.0
527.0
528.0
528.0
528.0
528.0
526.0
527.0
531.0
530.0
498.0
515.0
499.0
500.0
499.0
499.0
499.0
498.0
500.0
502.0
514.0
513.0
514.0
514.0
514.0
514.0
519.0
515.0
515.0
515.0
499.0
499.0
499.0
499.0
500.0
500.0
500.0
498.0
501.0
501.0
512.0
513.0
514.0
513.0
513.0
512.0
513.0
514.0
513.0
515.0
500.0
499.0
500.0
499.0
500.0
501.0
499.0
499.0
498.0
494.0
1.0
1.0
1.0
1.0
1.0
1.0
0.0
1.0
1.0
1.0
1.0
1.0
1.0
1.0
1.0
1.0
1.0
0.0
1.0
1.0
1.0
1.0
1.0
1.0
1.0
1.0
1.0
0.0
0.0
1.0
1.0
1.0
1.0
1.0
1.0
1.0
1.0
1.0
0.0
1.0
1.0
1.0
1.0
1.0
1.0
1.0
1.0
1.0
1.0
1.0
1.0
1.0
1.0
1.0
1.0
1.0
1.0
1.0
1.0
0.0
1.0
1.0
1.0
1.0
1.0
1.0
1.0
1.0
1.0
1.0
1.0
1.0
1.0
1.0
1.0
1.0
1.0
1.0
1.0
1.0
1.0
1.0
1.0
1.0
1.0
1.0
1.0
1.0
1.0
1.0
1.0
1.0
1.0
1.0
1.0
1.0
1.0
1.0
1.0
1.0
0.0
0.0
1.0
1.0
1.0
1.0
1.0
1.0
1.0
1.0
1.0
1.0
1.0
1.0
1.0
1.0
1.0
1.0
1.0
1.0
0.0
0.0
1.0
1.0
1.0
1.0
1.0
1.0
1.0
1.0
1.0
0.0
0.0
0.0
1.0
1.0
1.0
1.0
1.0
1.0
1.0
1.0
1.0
0.0
0.0
1.0
0.0
1.0
1.0
1.0
1.0
1.0
1.0
1.0
1.0
1.0
1.0
1.0
1.0
1.0
1.0
1.0
1.0
1.0
0.0
0.0
0.0
1.0
1.0
1.0
1.0
1.0
1.0
1.0
1.0
0.0
0.0
1.0
1.0
1.0
1.0
1.0
1.0
1.0
1.0
1.0
1.0
0.0
1.0
1.0
1.0
1.0
1.0
1.0
1.0
1.0
1.0
1.0
1.0
1.0
1.0
1.0
1.0
1.0
1.0
1.0
1.0
1.0
1.0
1.0
1.0
1.0
1.0
1.0
1.0
1.0
1.0
1.0
0.0
1.0
1.0
1.0
1.0
1.0
1.0
1.0
1.0
1.0
1.0
0.0
1.0
1.0
1.0
1.0
1.0
1.0
1.0
1.0
1.0
0.0
1.0
1.0
1.0
1.0
1.0
1.0
1.0
1.0
1.0
0.0
1.0
1.0
1.0
1.0
1.0
1.0
1.0
1.0
1.0
1.0
1.0
1.0
1.0
1.0
1.0
1.0
1.0
1.0
1.0
1.0
1.0
1.0
1.0
1.0
1.0
1.0
1.0
1.0
1.0
1.0
1.0
1.0
1.0
1.0
1.0
1.0
1.0
1.0
1.0
1.0
1.0
1.0
1.0
1.0
1.0
1.0
1.0
1.0
1.0
1.0
1.0
1.0
1.0
1.0
1.0
1.0
1.0
1.0
1.0
1.0
1.0
1.0
1.0
1.0
1.0
1.0
1.0
1.0
1.0
1.0
1.0
1.0
1.0
1.0
1.0
1.0
1.0
1.0
1.0
1.0
1.0
1.0
1.0
1.0
1.0
1.0
1.0
1.0
1.0
1.0
0.0
1.0
1.0
1.0
1.0
1.0
1.0
1.0
1.0
1.0
0.0
0.0
1.0
1.0
1.0
1.0
1.0
1.0
1.0
1.0
1.0
1.0
1.0
1.0
1.0
1.0
1.0
1.0
1.0
1.0
1.0
1.0
1.0
1.0
1.0
1.0
1.0
1.0
1.0
1.0
1.0
0.0
0.0
0.0
1.0
0.0
1.0
1.0
1.0
1.0
1.0
1.0
1.0
1.0
0.0
0.0
0.0
0.0
1.0
1.0
1.0
1.0
1.0
1.0
1.0
1.0
1.0
1.0
1.0
1.0
1.0
1.0
1.0
1.0
0.0
0.0
1.0
0.0
1.0
1.0
1.0
1.0
1.0
1.0
1.0
1.0
0.0
0.0
0.0
0.0
1.0
1.0
1.0
1.0
1.0
1.0
1.0
1.0
1.0
0.0
1.0
1.0
1.0
1.0
1.0
1.0
1.0
1.0
1.0
1.0
1.0
1.0
1.0
1.0
1.0
1.0
1.0
1.0
0.0
1.0
1.0
1.0
1.0
1.0
1.0
1.0
1.0
1.0
1.0
1.0
1.0
1.0
1.0
1.0
1.0
1.0
1.0
1.0
1.0
1.0
1.0
1.0
1.0
1.0
1.0
1.0
1.0
1.0
1.0
1.0
1.0
1.0
1.0
1.0
1.0
1.0
1.0
1.0
1.0
1.0
1.0
1.0
1.0
1.0
1.0
1.0
1.0
1.0
1.0
1.0
1.0
1.0
1.0
1.0
1.0
1.0
1.0
1.0
1.0
1.0
1.0
1.0
1.0
1.0
1.0
1.0
1.0
1.0
1.0
1.0
1.0
1.0
1.0
1.0
1.0
1.0
1.0
1.0
1.0
1.0
1.0
1.0
1.0
1.0
1.0
1.0
1.0
1.0
1.0
1.0
1.0
1.0
1.0
1.0
1.0
1.0
1.0
1.0
1.0
1.0
0.0
1.0
1.0
1.0
1.0
1.0
1.0
1.0
1.0
1.0
1.0
1.0
1.0
1.0
1.0
1.0
1.0
1.0
1.0
1.0
0.0
1.0
1.0
1.0
1.0
1.0
1.0
1.0
1.0
1.0
1.0
1.0
1.0
1.0
1.0
1.0
1.0
1.0
1.0
1.0
515.0
515.0
515.0
514.0
515.0
515.0
514.0
514.0
514.0
514.0
503.0
503.0
504.0
503.0
503.0
503.0
503.0
503.0
503.0
503.0
526.0
526.0
526.0
526.0
526.0
526.0
526.0
527.0
525.0
527.0
499.0
499.0
499.0
500.0
499.0
499.0
499.0
499.0
498.0
499.0
514.0
514.0
514.0
514.0
514.0
514.0
515.0
514.0
515.0
514.0
500.0
500.0
500.0
500.0
500.0
500.0
500.0
499.0
500.0
500.0
514.0
513.0
516.0
514.0
514.0
514.0
519.0
515.0
513.0
513.0
500.0
500.0
499.0
501.0
500.0
500.0
500.0
499.0
500.0
501.0
514.0
513.0
514.0
513.0
512.0
513.0
513.0
512.0
513.0
514.0
526.0
525.0
526.0
525.0
526.0
526.0
527.0
525.0
525.0
526.0
500.0
500.0
501.0
500.0
500.0
499.0
499.0
500.0
499.0
500.0
514.0
514.0
514.0
514.0
515.0
513.0
514.0
514.0
514.0
515.0
501.0
498.0
499.0
499.0
499.0
499.0
499.0
499.0
499.0
499.0
512.0
514.0
513.0
514.0
513.0
513.0
513.0
514.0
514.0
513.0
499.0
499.0
499.0
499.0
500.0
499.0
500.0
499.0
499.0
499.0
513.0
514.0
514.0
514.0
513.0
513.0
513.0
514.0
513.0
514.0
526.0
526.0
526.0
526.0
526.0
526.0
527.0
527.0
527.0
526.0
499.0
498.0
499.0
500.0
500.0
499.0
499.0
499.0
499.0
499.0
514.0
514.0
513.0
513.0
513.0
513.0
514.0
513.0
514.0
514.0
498.0
499.0
499.0
499.0
500.0
500.0
499.0
500.0
499.0
500.0
513.0
513.0
512.0
512.0
512.0
517.0
513.0
512.0
512.0
512.0
499.0
499.0
499.0
499.0
508.0
499.0
500.0
499.0
500.0
499.0
517.0
514.0
514.0
515.0
514.0
513.0
514.0
514.0
514.0
514.0
534.0
533.0
538.0
540.0
535.0
534.0
535.0
534.0
535.0
534.0
529.0
529.0
529.0
529.0
529.0
530.0
531.0
529.0
528.0
529.0
502.0
501.0
501.0
502.0
502.0
502.0
501.0
502.0
502.0
501.0
515.0
516.0
516.0
516.0
514.0
515.0
515.0
516.0
515.0
515.0
500.0
501.0
500.0
501.0
500.0
501.0
504.0
500.0
504.0
500.0
518.0
517.0
518.0
518.0
518.0
519.0
518.0
518.0
519.0
519.0
510.0
510.0
511.0
511.0
511.0
510.0
511.0
509.0
510.0
510.0
516.0
515.0
516.0
516.0
517.0
516.0
516.0
515.0
516.0
516.0
531.0
532.0
531.0
531.0
531.0
531.0
531.0
532.0
531.0
532.0
501.0
501.0
502.0
502.0
502.0
502.0
502.0
503.0
501.0
503.0
517.0
517.0
517.0
517.0
518.0
517.0
517.0
517.0
515.0
516.0
499.0
498.0
499.0
499.0
499.0
499.0
499.0
499.0
499.0
500.0
514.0
514.0
515.0
514.0
514.0
514.0
514.0
514.0
515.0
515.0
500.0
498.0
499.0
500.0
500.0
500.0
499.0
499.0
500.0
500.0
514.0
514.0
514.0
514.0
514.0
513.0
514.0
515.0
514.0
514.0
526.0
527.0
527.0
527.0
528.0
528.0
527.0
527.0
527.0
528.0
499.0
499.0
499.0
499.0
499.0
499.0
499.0
499.0
500.0
499.0
514.0
514.0
514.0
515.0
515.0
515.0
515.0
514.0
515.0
515.0
499.0
500.0
500.0
500.0
499.0
500.0
500.0
500.0
499.0
500.0
513.0
513.0
513.0
514.0
513.0
513.0
513.0
513.0
514.0
514.0
498.0
499.0
500.0
499.0
499.0
499.0
499.0
499.0
499.0
500.0
514.0
514.0
513.0
514.0
514.0
513.0
514.0
513.0
513.0
514.0
499.0
499.0
500.0
499.0
499.0
500.0
500.0
500.0
499.0
500.0
528.0
528.0
528.0
528.0
528.0
527.0
528.0
528.0
529.0
528.0
501.0
502.0
501.0
502.0
501.0
503.0
501.0
502.0
502.0
502.0
518.0
517.0
518.0
518.0
517.0
518.0
517.0
518.0
517.0
518.0
502.0
502.0
503.0
502.0
503.0
503.0
503.0
502.0
503.0
502.0
515.0
515.0
514.0
515.0
515.0
515.0
515.0
515.0
515.0
515.0
501.0
501.0
502.0
500.0
501.0
500.0
500.0
500.0
501.0
501.0
529.0
528.0
529.0
530.0
530.0
529.0
529.0
530.0
529.0
529.0
529.0
528.0
528.0
529.0
529.0
529.0
528.0
529.0
529.0
529.0
501.0
500.0
500.0
500.0
500.0
499.0
502.0
500.0
500.0
501.0
514.0
514.0
515.0
515.0
516.0
515.0
516.0
515.0
516.0
515.0
500.0
500.0
500.0
500.0
500.0
500.0
500.0
501.0
501.0
500.0
514.0
513.0
515.0
514.0
514.0
516.0
515.0
514.0
514.0
515.0
499.0
499.0
499.0
500.0
500.0
499.0
500.0
499.0
500.0
499.0
512.0
512.0
514.0
513.0
513.0
513.0
513.0
512.0
513.0
513.0
531.0
531.0
530.0
531.0
530.0
531.0
531.0
530.0
530.0
531.0
500.0
499.0
500.0
500.0
500.0
500.0
500.0
500.0
500.0
500.0
512.0
512.0
513.0
513.0
513.0
513.0
513.0
513.0
512.0
512.0
499.0
500.0
499.0
499.0
499.0
500.0
500.0
500.0
500.0
500.0
512.0
512.0
513.0
513.0
513.0
513.0
513.0
512.0
513.0
513.0
498.0
499.0
499.0
499.0
499.0
500.0
499.0
499.0
499.0
499.0
513.0
513.0
514.0
514.0
513.0
514.0
515.0
514.0
514.0
514.0
498.0
499.0
499.0
499.0
500.0
499.0
499.0
499.0
499.0
500.0
528.0
527.0
529.0
529.0
529.0
532.0
529.0
529.0
529.0
530.0
501.0
501.0
502.0
502.0
502.0
502.0
503.0
503.0
502.0
502.0
516.0
517.0
526.0
517.0
517.0
517.0
516.0
517.0
516.0
518.0
500.0
500.0
500.0
500.0
500.0
500.0
501.0
500.0
500.0
500.0
513.0
514.0
514.0
514.0
514.0
515.0
513.0
514.0
515.0
515.0
499.0
499.0
499.0
499.0
500.0
499.0
499.0
498.0
499.0
499.0
512.0
512.0
512.0
511.0
511.0
512.0
512.0
512.0
512.0
512.0
530.0
530.0
530.0
530.0
530.0
529.0
531.0
530.0
531.0
531.0
499.0
499.0
499.0
500.0
500.0
499.0
500.0
500.0
500.0
500.0
513.0
514.0
513.0
514.0
514.0
515.0
514.0
514.0
514.0
514.0
500.0
501.0
501.0
500.0
502.0
500.0
502.0
501.0
501.0
501.0
512.0
512.0
512.0
512.0
512.0
513.0
512.0
513.0
513.0
513.0
499.0
499.0
500.0
500.0
500.0
500.0
500.0
500.0
501.0
500.0
513.0
514.0
513.0
514.0
513.0
513.0
514.0
513.0
514.0
517.0
556.0
557.0
556.0
554.0
555.0
555.0
556.0
557.0
554.0
556.0
500.0
500.0
500.0
500.0
501.0
499.0
501.0
501.0
501.0
501.0
512.0
513.0
513.0
513.0
512.0
513.0
512.0
512.0
513.0
513.0
499.0
499.0
499.0
499.0
501.0
499.0
499.0
499.0
499.0
500.0
512.0
523.0
514.0
514.0
513.0
514.0
513.0
514.0
514.0
514.0
499.0
499.0
499.0
499.0
499.0
500.0
500.0
499.0
499.0
500.0
513.0
513.0
513.0
513.0
514.0
512.0
513.0
513.0
513.0
513.0
508.0
500.0
499.0
499.0
500.0
500.0
500.0
499.0
500.0
500.0
531.0
530.0
530.0
531.0
531.0
531.0
531.0
531.0
532.0
531.0
498.0
499.0
499.0
498.0
498.0
499.0
499.0
499.0
499.0
499.0
514.0
513.0
513.0
514.0
513.0
513.0
513.0
514.0
514.0
514.0
498.0
499.0
499.0
499.0
499.0
499.0
498.0
499.0
499.0
500.0
512.0
513.0
512.0
512.0
513.0
514.0
514.0
513.0
513.0
513.0
500.0
500.0
500.0
499.0
499.0
499.0
499.0
499.0
501.0
501.0
513.0
513.0
513.0
514.0
513.0
514.0
514.0
513.0
514.0
514.0
531.0
531.0
531.0
531.0
531.0
531.0
531.0
532.0
531.0
532.0
500.0
501.0
500.0
500.0
501.0
501.0
500.0
500.0
501.0
501.0
515.0
516.0
516.0
515.0
516.0
517.0
515.0
517.0
516.0
515.0
501.0
501.0
500.0
501.0
501.0
501.0
500.0
501.0
501.0
501.0
515.0
516.0
516.0
516.0
514.0
515.0
516.0
515.0
514.0
516.0
501.0
501.0
501.0
501.0
501.0
502.0
501.0
502.0
502.0
502.0
516.0
517.0
517.0
517.0
516.0
517.0
516.0
517.0
515.0
517.0
532.0
532.0
532.0
532.0
534.0
534.0
532.0
532.0
533.0
532.0
499.0
500.0
499.0
499.0
499.0
500.0
499.0
500.0
500.0
500.0
514.0
514.0
514.0
515.0
515.0
514.0
515.0
515.0
515.0
515.0
500.0
501.0
501.0
501.0
501.0
501.0
500.0
500.0
502.0
501.0
512.0
512.0
512.0
512.0
513.0
512.0
513.0
512.0
512.0
513.0
498.0
498.0
499.0
500.0
498.0
498.0
498.0
499.0
499.0
499.0
511.0
513.0
512.0
511.0
513.0
512.0
511.0
512.0
512.0
514.0
515.0
525.0
517.0
518.0
519.0
520.0
519.0
522.0
519.0
558.0
538.0
539.0
539.0
539.0
538.0
538.0
538.0
538.0
538.0
499.0
498.0
498.0
499.0
499.0
499.0
498.0
499.0
499.0
499.0
511.0
513.0
513.0
513.0
514.0
514.0
513.0
513.0
513.0
514.0
502.0
498.0
499.0
500.0
498.0
499.0
500.0
499.0
500.0
499.0
510.0
512.0
513.0
513.0
513.0
513.0
513.0
513.0
512.0
513.0
502.0
497.0
498.0
499.0
499.0
499.0
499.0
499.0
498.0
499.0
511.0
513.0
514.0
513.0
513.0
513.0
513.0
513.0
513.0
513.0
502.0
524.0
525.0
525.0
526.0
526.0
525.0
525.0
525.0
526.0
526.0
498.0
499.0
499.0
499.0
499.0
499.0
500.0
499.0
500.0
500.0
511.0
512.0
513.0
512.0
512.0
513.0
512.0
513.0
513.0
513.0
499.0
499.0
500.0
498.0
499.0
499.0
499.0
498.0
498.0
499.0
513.0
513.0
513.0
513.0
513.0
513.0
513.0
513.0
513.0
513.0
500.0
499.0
500.0
500.0
500.0
500.0
500.0
500.0
501.0
500.0
511.0
512.0
512.0
511.0
512.0
512.0
512.0
512.0
512.0
513.0
524.0
524.0
524.0
524.0
525.0
524.0
525.0
525.0
525.0
525.0
498.0
499.0
499.0
498.0
500.0
499.0
499.0
499.0
499.0
499.0
513.0
513.0
513.0
513.0
513.0
514.0
513.0
513.0
514.0
514.0
498.0
499.0
499.0
499.0
499.0
498.0
498.0
500.0
500.0
500.0
512.0
512.0
513.0
512.0
513.0
513.0
513.0
512.0
513.0
513.0
498.0
500.0
498.0
498.0
499.0
499.0
499.0
499.0
499.0
499.0
513.0
512.0
513.0
513.0
512.0
513.0
513.0
513.0
514.0
514.0
498.0
498.0
498.0
498.0
498.0
499.0
500.0
499.0
499.0
525.0
525.0
526.0
525.0
525.0
525.0
525.0
525.0
526.0
525.0
499.0
499.0
498.0
499.0
500.0
498.0
499.0
499.0
498.0
499.0
512.0
512.0
513.0
514.0
513.0
513.0
513.0
513.0
514.0
514.0
501.0
499.0
499.0
499.0
499.0
500.0
500.0
500.0
499.0
500.0
513.0
513.0
514.0
513.0
513.0
513.0
513.0
513.0
513.0
513.0
500.0
499.0
498.0
498.0
499.0
498.0
497.0
497.0
497.0
495.0
505.0
