3.0
3.0
3.0
2.0
3.0
3.0
3.0
3.0
2.0
2.0
6.0
6.0
5.0
3.0
3.0
3.0
3.0
2.0
2.0
3.0
105.0
105.0
105.0
103.0
103.0
103.0
102.0
102.0
102.0
102.0
104.0
103.0
103.0
101.0
101.0
101.0
101.0
101.0
101.0
101.0
104.0
104.0
104.0
100.0
101.0
101.0
101.0
101.0
101.0
101.0
104.0
103.0
103.0
101.0
101.0
101.0
101.0
101.0
100.0
100.0
104.0
104.0
104.0
101.0
101.0
101.0
100.0
101.0
101.0
101.0
104.0
104.0
104.0
101.0
101.0
101.0
101.0
100.0
100.0
101.0
104.0
104.0
104.0
101.0
101.0
101.0
101.0
100.0
101.0
101.0
104.0
104.0
104.0
101.0
101.0
100.0
101.0
101.0
101.0
101.0
116.0
116.0
115.0
113.0
113.0
112.0
113.0
113.0
113.0
113.0
104.0
104.0
104.0
101.0
101.0
101.0
101.0
101.0
101.0
101.0
3464.0
3469.0
3461.0
3458.0
3470.0
3461.0
3462.0
3462.0
3458.0
3448.0
3437.0
3446.0
3442.0
3444.0
3442.0
3442.0
3445.0
3446.0
3454.0
3460.0
3460.0
3457.0
3456.0
3464.0
3458.0
3463.0
3467.0
3440.0
3447.0
3452.0
3445.0
3444.0
3444.0
3453.0
3446.0
3445.0
3454.0
3473.0
3459.0
3458.0
3455.0
3459.0
3458.0
3456.0
3457.0
3444.0
3439.0
3433.0
3443.0
3444.0
3443.0
3444.0
3440.0
3439.0
2862.0
2860.0
2862.0
5.0
5.0
5.0
5.0
5.0
2.0
5.0
2.0
2.0
3.0
117.0
117.0
117.0
116.0
116.0
113.0
116.0
114.0
113.0
113.0
112.0
111.0
111.0
115.0
111.0
109.0
110.0
109.0
111.0
110.0
109.0
107.0
107.0
107.0
108.0
105.0
108.0
105.0
106.0
107.0
111.0
111.0
111.0
111.0
111.0
109.0
111.0
108.0
108.0
109.0
104.0
103.0
104.0
104.0
104.0
101.0
104.0
101.0
101.0
101.0
106.0
106.0
106.0
106.0
105.0
102.0
105.0
103.0
103.0
103.0
104.0
103.0
103.0
103.0
103.0
101.0
103.0
100.0
101.0
101.0
104.0
104.0
103.0
103.0
103.0
101.0
104.0
101.0
101.0
101.0
125.0
124.0
124.0
124.0
124.0
121.0
125.0
121.0
122.0
121.0
104.0
104.0
104.0
104.0
103.0
101.0
104.0
101.0
102.0
101.0
3452.0
3456.0
3454.0
3455.0
3463.0
3456.0
3457.0
3454.0
3452.0
3472.0
3473.0
3471.0
3469.0
3469.0
3466.0
3467.0
3469.0
3466.0
3470.0
3471.0
3469.0
3471.0
3470.0
3477.0
3489.0
3470.0
3477.0
3466.0
3465.0
3464.0
3463.0
3464.0
3461.0
3473.0
3469.0
3475.0
3517.0
3509.0
3515.0
3514.0
3513.0
3512.0
3520.0
3509.0
3513.0
3455.0
3450.0
3450.0
3455.0
3455.0
3457.0
3476.0
3470.0
3479.0
3496.0
3489.0
5.0
5.0
5.0
4.0
21.0
2.0
22.0
2.0
19.0
18.0
107.0
106.0
107.0
106.0
106.0
102.0
103.0
101.0
100.0
100.0
103.0
103.0
103.0
103.0
103.0
101.0
103.0
101.0
100.0
101.0
104.0
103.0
103.0
103.0
103.0
101.0
103.0
100.0
121.0
121.0
125.0
124.0
124.0
124.0
124.0
101.0
103.0
101.0
101.0
101.0
103.0
103.0
103.0
103.0
103.0
100.0
103.0
100.0
100.0
101.0
104.0
103.0
103.0
103.0
103.0
101.0
103.0
101.0
101.0
101.0
104.0
104.0
103.0
103.0
103.0
100.0
103.0
100.0
100.0
100.0
104.0
104.0
103.0
103.0
103.0
101.0
103.0
100.0
100.0
100.0
104.0
103.0
103.0
103.0
103.0
101.0
103.0
100.0
101.0
100.0
104.0
103.0
103.0
103.0
104.0
100.0
103.0
101.0
114.0
113.0
3492.0
3488.0
3490.0
3486.0
3499.0
3479.0
3485.0
3441.0
3436.0
3445.0
3457.0
3456.0
3458.0
3457.0
3461.0
3466.0
3481.0
3512.0
3508.0
3497.0
3506.0
3503.0
3510.0
3507.0
3511.0
3485.0
3490.0
3442.0
3442.0
3442.0
3440.0
3444.0
3442.0
3441.0
3451.0
3441.0
3440.0
3453.0
3456.0
3455.0
3466.0
3474.0
3472.0
3469.0
3465.0
3458.0
3492.0
3466.0
3469.0
3470.0
3481.0
3477.0
3471.0
3475.0
3474.0
3470.0
3456.0
3482.0
3491.0
3491.0
3493.0
3491.0
3529.0
3490.0
3498.0
3493.0
3493.0
3464.0
3468.0
3467.0
3473.0
3474.0
3472.0
3497.0
3481.0
3467.0
3475.0
3438.0
3445.0
3440.0
3447.0
3445.0
3446.0
3467.0
3461.0
3458.0
3465.0
3466.0
3472.0
3475.0
5.0
5.0
14.0
14.0
14.0
2.0
5.0
2.0
3.0
3.0
106.0
105.0
105.0
103.0
104.0
101.0
103.0
101.0
101.0
101.0
104.0
103.0
103.0
103.0
103.0
100.0
103.0
101.0
100.0
101.0
103.0
103.0
103.0
103.0
124.0
122.0
125.0
122.0
122.0
122.0
125.0
103.0
103.0
103.0
103.0
100.0
103.0
100.0
101.0
101.0
104.0
104.0
103.0
103.0
104.0
101.0
103.0
101.0
100.0
101.0
104.0
103.0
103.0
103.0
103.0
101.0
103.0
100.0
100.0
100.0
104.0
104.0
103.0
103.0
104.0
101.0
103.0
100.0
100.0
100.0
104.0
103.0
103.0
103.0
104.0
101.0
103.0
100.0
100.0
100.0
104.0
103.0
104.0
103.0
103.0
101.0
103.0
100.0
100.0
100.0
103.0
103.0
103.0
103.0
115.0
112.0
115.0
112.0
111.0
111.0
3482.0
3485.0
3487.0
3479.0
3478.0
3480.0
3453.0
3450.0
3453.0
3498.0
3504.0
3509.0
3490.0
3492.0
3502.0
3495.0
3496.0
3495.0
3507.0
3477.0
3479.0
3470.0
3472.0
3479.0
3472.0
3471.0
3482.0
3459.0
3463.0
3458.0
3461.0
3455.0
3471.0
3462.0
3465.0
3469.0
3483.0
3498.0
3498.0
3494.0
3509.0
3488.0
3481.0
3475.0
3482.0
3455.0
3458.0
3470.0
3460.0
3461.0
3455.0
3459.0
3478.0
3478.0
3479.0
3487.0
5.0
2.0
3.0
2.0
3.0
2.0
2.0
2.0
2.0
2.0
126.0
122.0
122.0
123.0
103.0
103.0
102.0
101.0
100.0
100.0
103.0
100.0
101.0
100.0
101.0
101.0
101.0
101.0
101.0
100.0
104.0
100.0
101.0
100.0
100.0
100.0
101.0
122.0
122.0
121.0
124.0
121.0
121.0
121.0
100.0
100.0
101.0
101.0
101.0
101.0
103.0
101.0
100.0
101.0
100.0
101.0
100.0
101.0
100.0
100.0
103.0
101.0
101.0
101.0
100.0
101.0
100.0
101.0
100.0
100.0
103.0
101.0
100.0
101.0
101.0
101.0
101.0
101.0
100.0
101.0
103.0
100.0
100.0
100.0
100.0
101.0
100.0
101.0
101.0
101.0
104.0
101.0
100.0
101.0
101.0
101.0
100.0
100.0
100.0
101.0
104.0
100.0
101.0
101.0
101.0
101.0
101.0
112.0
113.0
113.0
3494.0
3481.0
3481.0
3486.0
3469.0
3466.0
3475.0
3437.0
3440.0
3444.0
3461.0
3462.0
3456.0
3457.0
3458.0
3451.0
3468.0
3492.0
3490.0
3495.0
3485.0
3476.0
3475.0
3479.0
3479.0
3482.0
3488.0
3465.0
3460.0
3462.0
3480.0
3476.0
3494.0
3477.0
3482.0
3484.0
3492.0
3469.0
3468.0
3493.0
3487.0
3478.0
3490.0
3473.0
3477.0
3474.0
3486.0
3476.0
3475.0
3444.0
3450.0
3442.0
3446.0
3444.0
3454.0
3453.0
3463.0
3462.0
3453.0
3454.0
3482.0
3486.0
3478.0
3479.0
3473.0
3472.0
3478.0
3466.0
3469.0
3469.0
3467.0
3476.0
3490.0
3468.0
3466.0
3475.0
3487.0
3483.0
3478.0
3483.0
3485.0
3488.0
3477.0
3524.0
3482.0
3478.0
3473.0
3465.0
3464.0
3467.0
3.0
3.0
2.0
2.0
2.0
2.0
3.0
2.0
2.0
2.0
102.0
100.0
100.0
100.0
102.0
103.0
103.0
103.0
103.0
104.0
106.0
104.0
103.0
102.0
102.0
102.0
101.0
101.0
100.0
100.0
102.0
101.0
101.0
101.0
100.0
101.0
100.0
100.0
100.0
101.0
102.0
101.0
101.0
101.0
101.0
101.0
100.0
101.0
101.0
100.0
102.0
100.0
100.0
100.0
101.0
100.0
101.0
100.0
112.0
113.0
114.0
112.0
113.0
112.0
113.0
101.0
101.0
100.0
100.0
100.0
102.0
101.0
101.0
100.0
101.0
100.0
101.0
100.0
100.0
121.0
123.0
122.0
122.0
121.0
122.0
122.0
100.0
101.0
100.0
101.0
102.0
101.0
101.0
101.0
100.0
101.0
100.0
101.0
100.0
100.0
101.0
101.0
100.0
100.0
100.0
101.0
101.0
100.0
101.0
101.0
3460.0
3464.0
3464.0
3462.0
3468.0
3446.0
3466.0
3462.0
3465.0
3472.0
3478.0
3496.0
3510.0
3484.0
3478.0
3521.0
3508.0
3502.0
3487.0
3504.0
3487.0
3500.0
3483.0
3491.0
3528.0
3493.0
3490.0
3480.0
3465.0
3465.0
3466.0
3473.0
3462.0
3462.0
3468.0
3467.0
3444.0
3457.0
3457.0
3473.0
3460.0
3466.0
3465.0
3463.0
3466.0
3488.0
3469.0
3470.0
3465.0
3464.0
3471.0
3458.0
3467.0
3465.0
3479.0
3482.0
2.0
3.0
2.0
2.0
2.0
2.0
2.0
2.0
2.0
3.0
101.0
101.0
100.0
101.0
101.0
80.0
101.0
81.0
80.0
80.0
101.0
101.0
101.0
101.0
100.0
80.0
100.0
80.0
80.0
80.0
101.0
101.0
100.0
101.0
100.0
80.0
100.0
80.0
80.0
80.0
101.0
101.0
101.0
111.0
113.0
91.0
113.0
93.0
92.0
93.0
103.0
102.0
101.0
101.0
100.0
80.0
100.0
80.0
80.0
80.0
101.0
100.0
101.0
100.0
101.0
80.0
101.0
80.0
80.0
80.0
101.0
101.0
101.0
121.0
121.0
101.0
121.0
101.0
100.0
100.0
101.0
101.0
100.0
100.0
101.0
80.0
101.0
81.0
80.0
80.0
101.0
101.0
101.0
100.0
100.0
80.0
101.0
80.0
80.0
80.0
101.0
101.0
101.0
100.0
101.0
80.0
100.0
80.0
80.0
80.0
3490.0
3489.0
3497.0
3493.0
3493.0
3473.0
3502.0
3455.0
3454.0
3456.0
3467.0
3483.0
3471.0
3470.0
3464.0
3448.0
3483.0
3414.0
3413.0
3415.0
3453.0
3470.0
3466.0
3462.0
3460.0
3445.0
3479.0
3481.0
3481.0
3476.0
3485.0
3492.0
3482.0
3482.0
3485.0
3460.0
3489.0
3419.0
3421.0
3419.0
3485.0
3478.0
3486.0
3480.0
3496.0
3458.0
3480.0
3500.0
3489.0
3502.0
3480.0
3473.0
3482.0
3477.0
3479.0
3461.0
3479.0
3420.0
3421.0
3426.0
3445.0
3433.0
3457.0
3452.0
3450.0
3440.0
3455.0
3442.0
3444.0
3465.0
3498.0
3501.0
3492.0
3487.0
3486.0
3465.0
3485.0
3451.0
3449.0
3421.0
3446.0
3448.0
3447.0
3446.0
3457.0
3420.0
3459.0
3459.0
3457.0
3488.0
2.0
2.0
2.0
2.0
3.0
3.0
2.0
2.0
2.0
2.0
92.0
92.0
91.0
91.0
91.0
2.0
82.0
2.0
2.0
2.0
86.0
84.0
87.0
85.0
88.0
2.0
89.0
2.0
3.0
2.0
95.0
90.0
91.0
90.0
91.0
2.0
91.0
2.0
3.0
2.0
90.0
94.0
89.0
89.0
89.0
2.0
89.0
2.0
3.0
2.0
90.0
89.0
94.0
87.0
86.0
2.0
86.0
3.0
2.0
2.0
86.0
85.0
84.0
105.0
101.0
2.0
101.0
2.0
2.0
2.0
102.0
101.0
101.0
101.0
85.0
2.0
81.0
2.0
3.0
2.0
81.0
80.0
81.0
81.0
81.0
2.0
85.0
2.0
2.0
2.0
81.0
80.0
81.0
80.0
80.0
2.0
81.0
2.0
2.0
2.0
85.0
80.0
80.0
80.0
80.0
2.0
80.0
2.0
2.0
2.0
3432.0
3557.0
3434.0
3434.0
3433.0
3346.0
3457.0
3385.0
3386.0
3359.0
3496.0
3500.0
3475.0
3475.0
3480.0
3392.0
3579.0
3389.0
3387.0
3394.0
3451.0
3445.0
3466.0
3447.0
3450.0
3367.0
3463.0
3370.0
3366.0
3372.0
3460.0
3465.0
3465.0
3470.0
3465.0
3383.0
3454.0
3358.0
3362.0
3377.0
3448.0
3447.0
3453.0
3457.0
3455.0
3376.0
3470.0
3392.0
3390.0
3370.0
3458.0
3458.0
3459.0
3463.0
3462.0
3387.0
3446.0
3341.0
3343.0
3343.0
3453.0
3448.0
3448.0
3452.0
3452.0
3361.0
3444.0
3394.0
3390.0
3398.0
3458.0
3453.0
3471.0
3458.0
3467.0
3382.0
3462.0
3355.0
3349.0
3358.0
3469.0
3471.0
3465.0
3467.0
3467.0
3395.0
3524.0
3414.0
3412.0
3397.0
3.0
2.0
3.0
2.0
2.0
2.0
2.0
2.0
2.0
2.0
3.0
2.0
2.0
3.0
2.0
2.0
2.0
2.0
3.0
2.0
3.0
2.0
2.0
2.0
2.0
2.0
2.0
2.0
3.0
2.0
3.0
2.0
3.0
2.0
2.0
2.0
2.0
2.0
2.0
2.0
2.0
2.0
2.0
2.0
2.0
2.0
2.0
2.0
3.0
2.0
3.0
3.0
2.0
2.0
2.0
2.0
2.0
2.0
2.0
2.0
3.0
2.0
2.0
2.0
3.0
2.0
2.0
2.0
2.0
2.0
3.0
3.0
2.0
2.0
2.0
2.0
2.0
2.0
2.0
2.0
2.0
2.0
2.0
2.0
2.0
3.0
2.0
2.0
2.0
2.0
2.0
2.0
2.0
2.0
3.0
2.0
2.0
2.0
2.0
2.0
2.0
2.0
2.0
2.0
2.0
3.0
2.0
2.0
27.0
26.0
3373.0
3378.0
3376.0
3354.0
3355.0
3361.0
3367.0
3369.0
3361.0
3395.0
3398.0
3397.0
3395.0
3402.0
3377.0
3370.0
3371.0
3381.0
3363.0
3363.0
3367.0
3363.0
3368.0
3360.0
3389.0
3385.0
3402.0
3393.0
3395.0
3404.0
3398.0
3394.0
3405.0
3369.0
3386.0
3377.0
3384.0
3385.0
3390.0
3388.0
3395.0
3368.0
3364.0
3370.0
3372.0
3397.0
3394.0
3386.0
3385.0
3401.0
3395.0
3397.0
3399.0
3406.0
3361.0
3366.0
2.0
2.0
2.0
2.0
2.0
2.0
3.0
2.0
2.0
2.0
2.0
2.0
2.0
3.0
2.0
2.0
2.0
2.0
2.0
2.0
3.0
2.0
2.0
2.0
2.0
2.0
3.0
2.0
2.0
2.0
2.0
3.0
2.0
2.0
2.0
2.0
2.0
2.0
2.0
2.0
3.0
3.0
2.0
2.0
2.0
2.0
2.0
2.0
2.0
2.0
2.0
3.0
2.0
2.0
2.0
3.0
2.0
2.0
2.0
2.0
3.0
2.0
2.0
2.0
2.0
2.0
2.0
2.0
3.0
2.0
3.0
2.0
2.0
2.0
2.0
2.0
2.0
2.0
2.0
2.0
3.0
2.0
3.0
2.0
2.0
2.0
2.0
2.0
2.0
2.0
3.0
2.0
3.0
2.0
2.0
2.0
2.0
2.0
2.0
2.0
3.0
2.0
3.0
2.0
2.0
2.0
3.0
2.0
2.0
2.0
3392.0
3386.0
3399.0
3392.0
3394.0
3400.0
3395.0
3431.0
3431.0
3400.0
3403.0
3402.0
3400.0
3400.0
3428.0
3399.0
3398.0
3398.0
3395.0
3396.0
3395.0
3398.0
3390.0
3396.0
3513.0
3417.0
3409.0
3429.0
3419.0
3421.0
3415.0
3414.0
3417.0
3417.0
3513.0
3390.0
3390.0
3389.0
3387.0
3392.0
3389.0
3382.0
3388.0
3389.0
3420.0
3399.0
3403.0
3399.0
3395.0
3396.0
3398.0
3424.0
3433.0
3425.0
3399.0
3470.0
3471.0
3477.0
3473.0
3474.0
3479.0
3442.0
3444.0
3474.0
3467.0
3483.0
3479.0
3487.0
3478.0
3483.0
3489.0
3487.0
3485.0
3495.0
2.0
2.0
2.0
2.0
2.0
2.0
3.0
2.0
2.0
2.0
3.0
2.0
2.0
2.0
3.0
2.0
2.0
2.0
2.0
2.0
3.0
2.0
2.0
3.0
2.0
2.0
2.0
2.0
2.0
2.0
3.0
2.0
3.0
2.0
2.0
2.0
2.0
2.0
2.0
2.0
2.0
2.0
29.0
2.0
3.0
2.0
2.0
2.0
2.0
2.0
3.0
2.0
2.0
3.0
2.0
2.0
2.0
2.0
2.0
3.0
2.0
3.0
2.0
2.0
2.0
2.0
2.0
2.0
2.0
2.0
2.0
2.0
2.0
2.0
2.0
2.0
2.0
2.0
2.0
2.0
3.0
2.0
2.0
2.0
3.0
2.0
2.0
2.0
2.0
2.0
3.0
2.0
2.0
3.0
2.0
2.0
2.0
2.0
2.0
3.0
2.0
2.0
2.0
2.0
2.0
2.0
2.0
2.0
2.0
2.0
1894.0
1913.0
1918.0
1916.0
1921.0
1922.0
1922.0
1925.0
1921.0
1950.0
1922.0
1939.0
1920.0
1919.0
1922.0
1941.0
1945.0
1940.0
1946.0
1919.0
1945.0
1959.0
1948.0
1949.0
1962.0
1928.0
1931.0
1957.0
1957.0
1949.0
1954.0
1950.0
1947.0
1947.0
1946.0
1949.0
1947.0
1920.0
1944.0
1945.0
1927.0
2018.0
1951.0
1990.0
1953.0
1962.0
1949.0
1957.0
1930.0
1925.0
1901.0
1836.0
1848.0
1847.0
1847.0
1852.0
1850.0
1844.0
1850.0
1838.0
1847.0
1822.0
1809.0
1804.0
1819.0
1822.0
1822.0
1815.0
1848.0
1858.0
1858.0
1847.0
1835.0
1835.0
1836.0
1842.0
1834.0
1837.0
1798.0
1798.0
1798.0
1832.0
1741.0
1735.0
1752.0
1754.0
1733.0
1746.0
1720.0
1714.0
