0.0
1.0
1.0
0.0
0.0
0.0
1.0
0.0
0.0
1.0
6.0
7.0
35.0
35.0
75.0
75.0
74.0
74.0
74.0
75.0
75.0
74.0
74.0
74.0
74.0
74.0
75.0
75.0
75.0
74.0
74.0
74.0
75.0
75.0
75.0
75.0
74.0
74.0
75.0
75.0
75.0
75.0
74.0
74.0
74.0
75.0
75.0
75.0
74.0
74.0
6.0
6.0
35.0
35.0
75.0
75.0
89.0
89.0
90.0
90.0
90.0
90.0
90.0
90.0
90.0
90.0
76.0
76.0
74.0
74.0
75.0
74.0
75.0
75.0
74.0
75.0
74.0
74.0
75.0
75.0
75.0
74.0
74.0
74.0
75.0
74.0
75.0
75.0
74.0
74.0
6.0
6.0
35.0
35.0
75.0
75.0
74.0
75.0
74.0
75.0
74.0
74.0
75.0
75.0
74.0
75.0
75.0
74.0
75.0
75.0
75.0
75.0
74.0
74.0
75.0
74.0
74.0
75.0
75.0
74.0
74.0
75.0
75.0
74.0
74.0
74.0
74.0
75.0
74.0
75.0
6.0
6.0
35.0
35.0
74.0
74.0
75.0
75.0
75.0
74.0
74.0
74.0
75.0
74.0
75.0
75.0
74.0
74.0
74.0
75.0
75.0
74.0
75.0
74.0
74.0
74.0
75.0
75.0
74.0
74.0
74.0
75.0
75.0
74.0
75.0
74.0
74.0
74.0
75.0
74.0
6.0
6.0
35.0
35.0
74.0
74.0
74.0
74.0
75.0
74.0
74.0
74.0
74.0
74.0
74.0
74.0
74.0
74.0
74.0
74.0
75.0
74.0
75.0
75.0
75.0
75.0
90.0
90.0
90.0
90.0
90.0
90.0
107.0
107.0
88.0
88.0
69.0
69.0
68.0
68.0
6.0
6.0
36.0
35.0
75.0
75.0
75.0
75.0
75.0
75.0
75.0
75.0
74.0
74.0
74.0
75.0
75.0
75.0
75.0
74.0
75.0
75.0
75.0
74.0
75.0
74.0
74.0
74.0
74.0
75.0
74.0
74.0
74.0
75.0
74.0
74.0
75.0
75.0
75.0
74.0
6.0
7.0
35.0
34.0
75.0
74.0
75.0
75.0
75.0
74.0
74.0
74.0
74.0
75.0
74.0
75.0
74.0
74.0
74.0
74.0
75.0
75.0
74.0
74.0
74.0
74.0
74.0
75.0
75.0
75.0
74.0
74.0
74.0
75.0
74.0
75.0
75.0
74.0
74.0
74.0
6.0
6.0
35.0
34.0
75.0
75.0
75.0
74.0
75.0
75.0
74.0
75.0
75.0
75.0
74.0
75.0
74.0
75.0
74.0
75.0
75.0
74.0
88.0
88.0
90.0
89.0
90.0
90.0
90.0
90.0
90.0
90.0
76.0
77.0
75.0
75.0
74.0
75.0
74.0
74.0
6.0
6.0
35.0
35.0
75.0
74.0
75.0
75.0
75.0
75.0
75.0
74.0
75.0
75.0
102.0
103.0
102.0
102.0
102.0
102.0
102.0
103.0
102.0
102.0
75.0
74.0
74.0
74.0
75.0
74.0
75.0
74.0
74.0
75.0
74.0
75.0
75.0
74.0
74.0
74.0
6.0
6.0
35.0
34.0
74.0
75.0
81.0
89.0
80.0
81.0
81.0
83.0
83.0
83.0
85.0
83.0
80.0
79.0
78.0
80.0
78.0
78.0
77.0
78.0
76.0
76.0
75.0
74.0
75.0
74.0
75.0
74.0
74.0
75.0
74.0
75.0
76.0
75.0
75.0
75.0
7.0
6.0
35.0
35.0
76.0
77.0
76.0
77.0
76.0
76.0
75.0
75.0
75.0
76.0
75.0
75.0
74.0
74.0
74.0
75.0
75.0
74.0
75.0
74.0
74.0
74.0
75.0
75.0
74.0
74.0
75.0
75.0
74.0
74.0
75.0
75.0
74.0
74.0
74.0
75.0
6.0
6.0
35.0
35.0
74.0
74.0
74.0
74.0
75.0
74.0
75.0
74.0
75.0
74.0
75.0
75.0
75.0
75.0
74.0
75.0
74.0
75.0
75.0
75.0
74.0
75.0
74.0
74.0
75.0
74.0
75.0
74.0
74.0
74.0
90.0
90.0
91.0
91.0
91.0
92.0
6.0
6.0
50.0
51.0
91.0
92.0
76.0
76.0
76.0
75.0
75.0
75.0
75.0
74.0
75.0
74.0
74.0
74.0
75.0
75.0
74.0
74.0
75.0
74.0
75.0
75.0
75.0
75.0
74.0
74.0
75.0
75.0
74.0
75.0
74.0
74.0
74.0
75.0
75.0
75.0
6.0
6.0
35.0
35.0
74.0
74.0
74.0
74.0
74.0
74.0
75.0
74.0
74.0
74.0
75.0
74.0
75.0
74.0
74.0
74.0
74.0
75.0
74.0
74.0
74.0
74.0
74.0
74.0
74.0
74.0
74.0
74.0
74.0
75.0
75.0
74.0
74.0
75.0
74.0
75.0
1.0
0.0
1.0
0.0
40.0
40.0
40.0
40.0
40.0
40.0
41.0
41.0
40.0
40.0
41.0
40.0
41.0
40.0
40.0
40.0
40.0
40.0
40.0
40.0
40.0
40.0
40.0
40.0
40.0
40.0
40.0
40.0
41.0
41.0
40.0
41.0
40.0
41.0
40.0
40.0
6.0
7.0
35.0
35.0
75.0
74.0
75.0
74.0
75.0
74.0
75.0
75.0
74.0
74.0
74.0
74.0
74.0
75.0
74.0
75.0
74.0
74.0
75.0
75.0
75.0
75.0
75.0
74.0
75.0
74.0
75.0
74.0
74.0
74.0
87.0
88.0
88.0
89.0
88.0
89.0
6.0
6.0
35.0
34.0
90.0
91.0
90.0
91.0
77.0
77.0
76.0
76.0
76.0
76.0
75.0
74.0
74.0
75.0
75.0
74.0
75.0
75.0
75.0
74.0
74.0
74.0
103.0
102.0
103.0
102.0
102.0
103.0
103.0
103.0
103.0
102.0
75.0
75.0
74.0
75.0
7.0
6.0
35.0
35.0
74.0
74.0
75.0
75.0
74.0
74.0
74.0
74.0
75.0
74.0
75.0
75.0
74.0
74.0
74.0
75.0
74.0
75.0
74.0
75.0
74.0
74.0
74.0
75.0
74.0
74.0
75.0
74.0
74.0
74.0
74.0
74.0
75.0
74.0
75.0
74.0
6.0
6.0
35.0
35.0
74.0
75.0
75.0
75.0
74.0
74.0
74.0
75.0
74.0
74.0
75.0
74.0
74.0
74.0
74.0
74.0
75.0
74.0
75.0
75.0
74.0
75.0
75.0
74.0
75.0
75.0
74.0
74.0
75.0
74.0
74.0
74.0
74.0
75.0
74.0
74.0
6.0
6.0
35.0
35.0
74.0
75.0
74.0
74.0
74.0
75.0
74.0
74.0
75.0
75.0
75.0
74.0
74.0
75.0
74.0
74.0
75.0
74.0
74.0
74.0
74.0
75.0
75.0
74.0
74.0
75.0
74.0
75.0
74.0
75.0
75.0
74.0
74.0
75.0
75.0
74.0
6.0
6.0
35.0
35.0
74.0
74.0
74.0
75.0
75.0
74.0
75.0
74.0
74.0
74.0
90.0
90.0
90.0
89.0
89.0
90.0
90.0
90.0
90.0
90.0
75.0
75.0
75.0
75.0
75.0
75.0
74.0
74.0
75.0
74.0
74.0
74.0
74.0
75.0
74.0
74.0
6.0
6.0
35.0
35.0
75.0
75.0
75.0
75.0
74.0
74.0
75.0
74.0
75.0
74.0
74.0
74.0
74.0
74.0
74.0
74.0
74.0
75.0
74.0
75.0
74.0
75.0
74.0
74.0
75.0
74.0
74.0
74.0
74.0
74.0
75.0
74.0
75.0
75.0
74.0
75.0
7.0
7.0
34.0
35.0
74.0
75.0
74.0
74.0
75.0
74.0
74.0
74.0
74.0
74.0
74.0
74.0
75.0
75.0
74.0
75.0
74.0
75.0
75.0
75.0
75.0
75.0
74.0
74.0
74.0
74.0
75.0
74.0
74.0
74.0
74.0
74.0
74.0
75.0
74.0
75.0
6.0
6.0
35.0
35.0
74.0
75.0
74.0
74.0
74.0
74.0
74.0
74.0
74.0
74.0
74.0
74.0
75.0
74.0
75.0
75.0
75.0
75.0
75.0
75.0
75.0
75.0
75.0
75.0
74.0
74.0
74.0
74.0
74.0
75.0
88.0
87.0
89.0
89.0
91.0
90.0
1.0
0.0
1.0
1.0
54.0
54.0
55.0
55.0
43.0
43.0
42.0
42.0
42.0
41.0
41.0
42.0
40.0
40.0
40.0
40.0
40.0
40.0
40.0
41.0
41.0
40.0
40.0
40.0
40.0
40.0
40.0
41.0
40.0
40.0
40.0
40.0
40.0
41.0
40.0
40.0
6.0
6.0
35.0
34.0
103.0
103.0
103.0
103.0
103.0
103.0
103.0
103.0
103.0
103.0
75.0
75.0
74.0
74.0
74.0
74.0
75.0
74.0
74.0
74.0
74.0
74.0
74.0
75.0
75.0
74.0
74.0
75.0
75.0
74.0
74.0
75.0
75.0
74.0
74.0
75.0
6.0
6.0
35.0
35.0
75.0
74.0
74.0
74.0
75.0
74.0
74.0
74.0
75.0
74.0
74.0
74.0
75.0
75.0
74.0
75.0
74.0
74.0
74.0
74.0
74.0
75.0
74.0
74.0
74.0
74.0
75.0
74.0
74.0
75.0
74.0
74.0
74.0
74.0
74.0
75.0
6.0
6.0
35.0
35.0
75.0
74.0
74.0
74.0
74.0
74.0
75.0
75.0
74.0
74.0
74.0
75.0
75.0
75.0
75.0
75.0
74.0
74.0
75.0
74.0
74.0
74.0
74.0
74.0
74.0
74.0
75.0
75.0
74.0
75.0
74.0
75.0
75.0
75.0
75.0
75.0
6.0
6.0
35.0
34.0
74.0
74.0
74.0
74.0
74.0
75.0
74.0
74.0
74.0
74.0
75.0
74.0
74.0
74.0
75.0
74.0
75.0
75.0
74.0
74.0
74.0
74.0
74.0
75.0
89.0
89.0
89.0
89.0
91.0
90.0
91.0
92.0
91.0
91.0
77.0
76.0
7.0
7.0
36.0
35.0
75.0
75.0
75.0
74.0
74.0
74.0
74.0
74.0
74.0
74.0
74.0
74.0
75.0
74.0
75.0
75.0
75.0
75.0
74.0
74.0
75.0
75.0
74.0
75.0
74.0
75.0
74.0
74.0
74.0
75.0
74.0
74.0
74.0
74.0
75.0
74.0
6.0
6.0
35.0
35.0
74.0
74.0
75.0
75.0
74.0
74.0
75.0
74.0
74.0
75.0
75.0
74.0
74.0
74.0
75.0
75.0
74.0
74.0
74.0
74.0
74.0
74.0
74.0
74.0
74.0
74.0
75.0
74.0
75.0
75.0
74.0
75.0
75.0
75.0
75.0
75.0
6.0
6.0
35.0
35.0
74.0
74.0
75.0
74.0
74.0
74.0
74.0
74.0
74.0
74.0
75.0
75.0
74.0
74.0
74.0
75.0
75.0
75.0
74.0
74.0
75.0
75.0
76.0
76.0
76.0
75.0
75.0
75.0
76.0
76.0
75.0
75.0
74.0
74.0
74.0
75.0
6.0
6.0
35.0
35.0
74.0
74.0
74.0
74.0
75.0
75.0
74.0
75.0
75.0
74.0
89.0
89.0
90.0
91.0
90.0
90.0
91.0
90.0
90.0
91.0
76.0
76.0
75.0
74.0
75.0
75.0
75.0
75.0
75.0
75.0
75.0
75.0
74.0
74.0
74.0
74.0
6.0
0.0
35.0
0.0
104.0
40.0
103.0
69.0
103.0
69.0
103.0
69.0
104.0
69.0
104.0
40.0
74.0
40.0
74.0
40.0
75.0
40.0
74.0
40.0
75.0
40.0
74.0
40.0
74.0
41.0
75.0
40.0
74.0
40.0
75.0
40.0
74.0
40.0
74.0
40.0
0.0
1.0
0.0
1.0
40.0
40.0
40.0
40.0
40.0
40.0
40.0
40.0
40.0
41.0
40.0
40.0
40.0
41.0
41.0
41.0
40.0
40.0
40.0
40.0
40.0
41.0
40.0
40.0
40.0
40.0
41.0
40.0
40.0
40.0
40.0
40.0
40.0
40.0
40.0
40.0
6.0
6.0
34.0
35.0
75.0
75.0
74.0
74.0
75.0
76.0
75.0
75.0
75.0
75.0
74.0
74.0
75.0
75.0
75.0
76.0
75.0
74.0
75.0
74.0
75.0
75.0
74.0
74.0
74.0
74.0
75.0
75.0
74.0
75.0
74.0
74.0
74.0
74.0
75.0
74.0
6.0
6.0
35.0
34.0
74.0
74.0
74.0
74.0
74.0
74.0
75.0
75.0
74.0
76.0
75.0
74.0
75.0
75.0
75.0
75.0
74.0
74.0
74.0
74.0
74.0
74.0
74.0
74.0
74.0
74.0
74.0
74.0
75.0
75.0
74.0
75.0
74.0
74.0
74.0
74.0
6.0
6.0
34.0
34.0
75.0
76.0
75.0
74.0
75.0
74.0
74.0
75.0
75.0
74.0
74.0
91.0
89.0
89.0
91.0
92.0
91.0
91.0
91.0
92.0
91.0
77.0
77.0
77.0
74.0
74.0
74.0
74.0
75.0
74.0
74.0
75.0
74.0
74.0
75.0
74.0
6.0
6.0
35.0
35.0
74.0
74.0
75.0
75.0
74.0
74.0
75.0
75.0
74.0
74.0
74.0
74.0
74.0
75.0
75.0
74.0
74.0
74.0
74.0
74.0
75.0
74.0
75.0
74.0
74.0
76.0
74.0
75.0
75.0
74.0
74.0
74.0
74.0
74.0
75.0
74.0
6.0
6.0
35.0
36.0
74.0
74.0
74.0
74.0
75.0
75.0
74.0
74.0
74.0
74.0
74.0
74.0
75.0
74.0
75.0
74.0
75.0
74.0
75.0
75.0
75.0
74.0
74.0
75.0
75.0
74.0
74.0
75.0
74.0
74.0
74.0
74.0
74.0
74.0
74.0
74.0
6.0
6.0
34.0
35.0
74.0
74.0
74.0
75.0
74.0
74.0
75.0
75.0
77.0
75.0
75.0
75.0
75.0
74.0
74.0
74.0
74.0
74.0
74.0
76.0
74.0
74.0
74.0
74.0
75.0
74.0
74.0
75.0
75.0
74.0
75.0
75.0
74.0
74.0
89.0
90.0
6.0
0.0
35.0
1.0
91.0
40.0
92.0
56.0
91.0
56.0
91.0
57.0
91.0
42.0
75.0
41.0
75.0
40.0
75.0
40.0
74.0
40.0
74.0
40.0
74.0
40.0
75.0
41.0
75.0
40.0
74.0
40.0
75.0
40.0
74.0
40.0
75.0
40.0
74.0
40.0
6.0
0.0
35.0
1.0
105.0
40.0
108.0
40.0
105.0
70.0
105.0
71.0
105.0
71.0
105.0
70.0
75.0
40.0
74.0
40.0
75.0
40.0
74.0
40.0
74.0
40.0
75.0
40.0
75.0
40.0
74.0
40.0
75.0
40.0
74.0
40.0
75.0
40.0
75.0
40.0
0.0
0.0
29.0
0.0
70.0
40.0
71.0
41.0
72.0
42.0
72.0
41.0
72.0
42.0
72.0
43.0
73.0
43.0
72.0
42.0
71.0
41.0
70.0
41.0
69.0
41.0
69.0
40.0
69.0
40.0
69.0
40.0
69.0
40.0
68.0
40.0
69.0
41.0
69.0
40.0
0.0
1.0
0.0
1.0
40.0
40.0
40.0
40.0
40.0
40.0
41.0
40.0
40.0
40.0
40.0
40.0
40.0
40.0
40.0
40.0
40.0
40.0
40.0
40.0
40.0
40.0
41.0
41.0
40.0
40.0
40.0
40.0
41.0
40.0
40.0
40.0
40.0
40.0
40.0
41.0
6.0
6.0
34.0
35.0
75.0
74.0
76.0
75.0
74.0
74.0
74.0
74.0
75.0
74.0
74.0
75.0
74.0
74.0
75.0
74.0
75.0
74.0
74.0
74.0
75.0
74.0
75.0
74.0
74.0
75.0
74.0
75.0
75.0
75.0
74.0
75.0
74.0
74.0
75.0
74.0
6.0
6.0
35.0
34.0
74.0
74.0
75.0
75.0
75.0
74.0
75.0
74.0
74.0
74.0
75.0
75.0
74.0
74.0
74.0
74.0
74.0
74.0
75.0
74.0
74.0
74.0
91.0
91.0
90.0
90.0
91.0
91.0
90.0
90.0
90.0
90.0
74.0
74.0
75.0
75.0
6.0
6.0
35.0
35.0
74.0
74.0
75.0
75.0
74.0
74.0
74.0
74.0
74.0
74.0
74.0
74.0
74.0
74.0
75.0
75.0
75.0
75.0
75.0
75.0
74.0
75.0
74.0
74.0
74.0
74.0
74.0
74.0
75.0
75.0
75.0
74.0
75.0
75.0
75.0
74.0
6.0
6.0
35.0
35.0
74.0
74.0
74.0
74.0
75.0
74.0
74.0
74.0
74.0
75.0
74.0
75.0
75.0
74.0
75.0
74.0
75.0
75.0
75.0
74.0
75.0
74.0
74.0
75.0
74.0
74.0
74.0
74.0
74.0
75.0
74.0
75.0
75.0
74.0
75.0
75.0
6.0
6.0
35.0
35.0
75.0
74.0
74.0
74.0
75.0
74.0
74.0
74.0
74.0
74.0
74.0
75.0
75.0
75.0
74.0
75.0
75.0
75.0
75.0
75.0
77.0
77.0
77.0
77.0
78.0
77.0
78.0
77.0
77.0
77.0
75.0
74.0
75.0
74.0
74.0
75.0
6.0
6.0
34.0
35.0
74.0
75.0
74.0
75.0
75.0
74.0
89.0
88.0
90.0
90.0
91.0
91.0
91.0
91.0
91.0
91.0
77.0
77.0
76.0
75.0
74.0
74.0
75.0
74.0
74.0
75.0
74.0
74.0
74.0
75.0
74.0
74.0
74.0
74.0
75.0
74.0
6.0
1.0
35.0
1.0
74.0
41.0
74.0
40.0
106.0
40.0
105.0
72.0
105.0
71.0
106.0
71.0
105.0
71.0
106.0
40.0
75.0
40.0
74.0
40.0
74.0
40.0
74.0
40.0
75.0
40.0
75.0
40.0
75.0
39.0
74.0
40.0
75.0
40.0
75.0
40.0
6.0
0.0
35.0
0.0
74.0
40.0
74.0
40.0
74.0
40.0
74.0
40.0
75.0
40.0
74.0
40.0
74.0
40.0
75.0
40.0
75.0
40.0
74.0
40.0
74.0
40.0
74.0
40.0
75.0
40.0
75.0
40.0
74.0
40.0
74.0
40.0
75.0
40.0
74.0
40.0
0.0
1.0
0.0
1.0
40.0
40.0
40.0
40.0
40.0
40.0
40.0
40.0
39.0
40.0
40.0
40.0
40.0
40.0
40.0
40.0
40.0
40.0
40.0
40.0
40.0
40.0
40.0
40.0
40.0
40.0
40.0
40.0
40.0
40.0
40.0
40.0
40.0
40.0
40.0
40.0
0.0
0.0
1.0
0.0
40.0
40.0
40.0
40.0
40.0
40.0
40.0
40.0
40.0
40.0
40.0
40.0
40.0
40.0
40.0
40.0
40.0
40.0
41.0
40.0
40.0
41.0
40.0
40.0
40.0
40.0
40.0
40.0
39.0
39.0
37.0
37.0
37.0
37.0
36.0
35.0
