1.0
0.0
1.0
1.0
0.0
1.0
1.0
0.0
1.0
0.0
1.0
93.0
93.0
53.0
52.0
53.0
53.0
52.0
53.0
95.0
94.0
52.0
53.0
53.0
53.0
52.0
52.0
95.0
65.0
68.0
1.0
95.0
52.0
52.0
52.0
52.0
52.0
53.0
53.0
42.0
52.0
53.0
52.0
52.0
52.0
53.0
95.0
95.0
42.0
52.0
0.0
53.0
52.0
53.0
52.0
52.0
52.0
42.0
52.0
52.0
52.0
52.0
52.0
52.0
52.0
95.0
42.0
95.0
53.0
52.0
0.0
45.0
52.0
52.0
52.0
53.0
43.0
42.0
52.0
52.0
52.0
42.0
52.0
52.0
52.0
71.0
69.0
42.0
42.0
52.0
1.0
53.0
53.0
52.0
53.0
53.0
43.0
52.0
53.0
42.0
52.0
52.0
52.0
52.0
52.0
52.0
42.0
43.0
52.0
53.0
1.0
52.0
53.0
52.0
52.0
52.0
42.0
52.0
55.0
52.0
67.0
43.0
52.0
78.0
78.0
78.0
79.0
79.0
84.0
78.0
0.0
75.0
75.0
78.0
53.0
53.0
52.0
53.0
52.0
45.0
52.0
45.0
45.0
51.0
52.0
52.0
52.0
52.0
52.0
45.0
1.0
45.0
52.0
45.0
52.0
51.0
52.0
52.0
52.0
45.0
52.0
45.0
52.0
45.0
52.0
51.0
52.0
45.0
51.0
53.0
0.0
52.0
45.0
45.0
52.0
45.0
52.0
52.0
52.0
52.0
52.0
45.0
52.0
45.0
50.0
72.0
50.0
50.0
49.0
77.0
0.0
45.0
50.0
50.0
45.0
51.0
46.0
50.0
50.0
50.0
50.0
46.0
53.0
51.0
45.0
49.0
44.0
48.0
48.0
48.0
1.0
0.0
1.0
0.0
0.0
1.0
0.0
1.0
1.0
0.0
54.0
53.0
96.0
53.0
54.0
96.0
96.0
96.0
53.0
31.0
53.0
52.0
53.0
53.0
52.0
52.0
53.0
96.0
96.0
44.0
68.0
52.0
53.0
53.0
52.0
52.0
53.0
42.0
53.0
29.0
52.0
52.0
53.0
52.0
42.0
53.0
52.0
95.0
95.0
29.0
52.0
51.0
52.0
53.0
43.0
52.0
52.0
53.0
52.0
30.0
53.0
42.0
52.0
95.0
95.0
53.0
52.0
53.0
53.0
24.0
52.0
52.0
52.0
42.0
52.0
52.0
53.0
53.0
52.0
30.0
53.0
42.0
96.0
96.0
52.0
53.0
53.0
52.0
53.0
24.0
61.0
52.0
65.0
52.0
53.0
52.0
52.0
53.0
52.0
42.0
65.0
54.0
53.0
52.0
53.0
53.0
43.0
53.0
78.0
30.0
70.0
78.0
71.0
78.0
78.0
77.0
79.0
78.0
79.0
30.0
44.0
42.0
52.0
52.0
52.0
52.0
52.0
52.0
52.0
29.0
42.0
42.0
52.0
52.0
52.0
52.0
53.0
52.0
52.0
30.0
42.0
42.0
52.0
53.0
53.0
52.0
43.0
52.0
52.0
29.0
52.0
43.0
53.0
53.0
52.0
42.0
51.0
53.0
52.0
24.0
52.0
52.0
44.0
45.0
52.0
52.0
52.0
45.0
52.0
30.0
53.0
52.0
46.0
45.0
52.0
52.0
46.0
52.0
52.0
29.0
51.0
52.0
46.0
46.0
53.0
45.0
52.0
52.0
52.0
30.0
51.0
51.0
46.0
45.0
51.0
47.0
50.0
50.0
51.0
29.0
0.0
0.0
1.0
0.0
1.0
0.0
1.0
1.0
0.0
0.0
47.0
47.0
50.0
47.0
50.0
50.0
47.0
51.0
51.0
28.0
47.0
47.0
47.0
51.0
51.0
50.0
47.0
51.0
50.0
28.0
46.0
47.0
46.0
50.0
50.0
47.0
50.0
50.0
50.0
28.0
47.0
46.0
46.0
50.0
51.0
50.0
47.0
50.0
50.0
29.0
47.0
47.0
47.0
50.0
51.0
47.0
50.0
49.0
50.0
28.0
47.0
47.0
47.0
49.0
49.0
48.0
49.0
49.0
48.0
28.0
49.0
49.0
49.0
49.0
48.0
49.0
49.0
48.0
48.0
27.0
48.0
48.0
48.0
48.0
49.0
49.0
49.0
48.0
49.0
27.0
49.0
49.0
49.0
49.0
49.0
49.0
48.0
48.0
48.0
27.0
48.0
48.0
48.0
48.0
48.0
48.0
48.0
48.0
49.0
28.0
48.0
49.0
49.0
48.0
49.0
49.0
48.0
49.0
48.0
27.0
49.0
48.0
48.0
48.0
49.0
48.0
48.0
48.0
48.0
27.0
75.0
75.0
75.0
75.0
75.0
74.0
75.0
75.0
75.0
53.0
48.0
49.0
49.0
49.0
48.0
49.0
48.0
48.0
48.0
27.0
49.0
48.0
49.0
49.0
48.0
49.0
49.0
48.0
48.0
27.0
49.0
48.0
48.0
49.0
49.0
48.0
49.0
48.0
49.0
27.0
48.0
49.0
49.0
48.0
49.0
48.0
49.0
49.0
48.0
27.0
48.0
49.0
48.0
48.0
49.0
48.0
48.0
48.0
48.0
27.0
48.0
48.0
48.0
49.0
49.0
48.0
49.0
49.0
48.0
27.0
1.0
0.0
0.0
1.0
1.0
1.0
0.0
0.0
0.0
0.0
48.0
49.0
49.0
48.0
49.0
49.0
48.0
48.0
49.0
27.0
48.0
48.0
49.0
48.0
49.0
48.0
48.0
48.0
48.0
27.0
118.0
118.0
118.0
118.0
120.0
120.0
118.0
118.0
118.0
97.0
49.0
48.0
49.0
49.0
49.0
49.0
49.0
49.0
49.0
28.0
48.0
49.0
49.0
49.0
49.0
48.0
49.0
49.0
48.0
28.0
49.0
49.0
49.0
49.0
49.0
49.0
49.0
48.0
49.0
27.0
49.0
48.0
48.0
48.0
48.0
49.0
49.0
49.0
49.0
27.0
48.0
49.0
49.0
49.0
50.0
49.0
48.0
48.0
48.0
27.0
49.0
49.0
49.0
49.0
48.0
48.0
49.0
48.0
49.0
28.0
49.0
48.0
48.0
49.0
49.0
48.0
48.0
48.0
49.0
27.0
50.0
48.0
49.0
49.0
49.0
48.0
49.0
49.0
49.0
27.0
48.0
49.0
48.0
48.0
49.0
49.0
49.0
48.0
48.0
28.0
48.0
49.0
48.0
49.0
49.0
48.0
48.0
48.0
48.0
28.0
48.0
49.0
49.0
48.0
48.0
48.0
49.0
49.0
54.0
28.0
48.0
49.0
48.0
48.0
48.0
49.0
48.0
48.0
48.0
27.0
49.0
49.0
49.0
49.0
49.0
49.0
49.0
49.0
49.0
27.0
49.0
49.0
48.0
48.0
48.0
49.0
49.0
49.0
48.0
27.0
55.0
52.0
52.0
55.0
57.0
56.0
56.0
53.0
54.0
30.0
53.0
51.0
52.0
53.0
50.0
51.0
51.0
53.0
52.0
29.0
1.0
0.0
1.0
1.0
1.0
0.0
0.0
0.0
0.0
1.0
51.0
53.0
52.0
53.0
50.0
51.0
51.0
50.0
53.0
30.0
52.0
50.0
51.0
53.0
53.0
52.0
50.0
50.0
50.0
30.0
52.0
50.0
52.0
50.0
51.0
52.0
52.0
50.0
51.0
28.0
49.0
50.0
51.0
50.0
51.0
50.0
51.0
51.0
52.0
28.0
75.0
75.0
76.0
76.0
75.0
76.0
75.0
76.0
76.0
54.0
53.0
51.0
50.0
50.0
49.0
52.0
52.0
50.0
52.0
30.0
52.0
48.0
53.0
49.0
48.0
49.0
52.0
48.0
53.0
29.0
49.0
52.0
48.0
52.0
52.0
48.0
48.0
48.0
51.0
29.0
49.0
49.0
49.0
49.0
48.0
48.0
49.0
49.0
49.0
27.0
49.0
48.0
49.0
48.0
48.0
48.0
48.0
49.0
48.0
27.0
49.0
48.0
49.0
49.0
48.0
48.0
49.0
48.0
48.0
28.0
49.0
48.0
48.0
48.0
48.0
48.0
48.0
48.0
48.0
28.0
48.0
48.0
49.0
48.0
49.0
48.0
49.0
48.0
48.0
27.0
48.0
49.0
49.0
49.0
48.0
49.0
48.0
49.0
48.0
27.0
49.0
48.0
48.0
49.0
48.0
48.0
48.0
48.0
48.0
27.0
48.0
48.0
48.0
48.0
48.0
49.0
48.0
48.0
49.0
27.0
48.0
49.0
48.0
48.0
49.0
49.0
48.0
49.0
48.0
27.0
48.0
48.0
49.0
49.0
48.0
49.0
49.0
49.0
48.0
28.0
48.0
48.0
49.0
48.0
48.0
48.0
48.0
48.0
48.0
27.0
1.0
0.0
1.0
0.0
0.0
1.0
1.0
0.0
0.0
0.0
48.0
49.0
49.0
48.0
48.0
49.0
48.0
49.0
49.0
27.0
49.0
49.0
48.0
48.0
48.0
48.0
48.0
48.0
49.0
27.0
49.0
49.0
48.0
48.0
49.0
48.0
49.0
49.0
48.0
27.0
49.0
48.0
48.0
48.0
49.0
48.0
48.0
48.0
49.0
28.0
48.0
48.0
49.0
49.0
49.0
48.0
49.0
49.0
48.0
27.0
48.0
49.0
49.0
48.0
48.0
48.0
48.0
48.0
48.0
27.0
48.0
48.0
48.0
49.0
49.0
49.0
48.0
48.0
73.0
27.0
75.0
75.0
76.0
75.0
74.0
74.0
74.0
50.0
50.0
30.0
48.0
48.0
48.0
48.0
48.0
49.0
49.0
49.0
48.0
27.0
49.0
49.0
48.0
49.0
49.0
48.0
48.0
49.0
48.0
27.0
48.0
49.0
48.0
48.0
48.0
48.0
49.0
49.0
48.0
27.0
48.0
48.0
48.0
48.0
48.0
48.0
48.0
48.0
49.0
28.0
49.0
49.0
49.0
48.0
48.0
49.0
48.0
48.0
50.0
28.0
49.0
49.0
50.0
48.0
48.0
48.0
48.0
49.0
48.0
27.0
49.0
48.0
48.0
48.0
49.0
49.0
49.0
49.0
48.0
27.0
48.0
49.0
49.0
49.0
49.0
48.0
48.0
48.0
48.0
28.0
48.0
49.0
48.0
48.0
48.0
48.0
48.0
48.0
48.0
28.0
48.0
49.0
48.0
49.0
49.0
48.0
49.0
48.0
48.0
28.0
48.0
48.0
48.0
48.0
49.0
49.0
48.0
48.0
49.0
27.0
0.0
0.0
0.0
1.0
1.0
1.0
0.0
0.0
0.0
0.0
48.0
49.0
49.0
48.0
49.0
48.0
48.0
49.0
49.0
27.0
48.0
48.0
48.0
48.0
48.0
49.0
49.0
49.0
48.0
27.0
49.0
48.0
49.0
48.0
48.0
48.0
49.0
49.0
48.0
28.0
48.0
48.0
48.0
48.0
48.0
48.0
49.0
48.0
48.0
28.0
48.0
49.0
49.0
48.0
48.0
48.0
48.0
48.0
49.0
28.0
49.0
50.0
48.0
48.0
48.0
48.0
48.0
49.0
48.0
27.0
48.0
48.0
49.0
48.0
49.0
48.0
48.0
48.0
48.0
27.0
48.0
49.0
48.0
48.0
49.0
48.0
48.0
48.0
49.0
27.0
48.0
48.0
48.0
49.0
49.0
48.0
49.0
48.0
49.0
27.0
74.0
75.0
74.0
75.0
75.0
76.0
76.0
76.0
76.0
53.0
50.0
50.0
49.0
50.0
50.0
50.0
49.0
50.0
49.0
27.0
49.0
48.0
48.0
48.0
48.0
49.0
48.0
49.0
48.0
27.0
48.0
48.0
48.0
49.0
48.0
48.0
48.0
49.0
48.0
28.0
48.0
48.0
48.0
48.0
48.0
48.0
48.0
49.0
49.0
27.0
49.0
49.0
49.0
48.0
49.0
48.0
48.0
48.0
49.0
28.0
49.0
48.0
49.0
49.0
48.0
48.0
49.0
49.0
49.0
27.0
48.0
49.0
49.0
48.0
48.0
49.0
49.0
48.0
48.0
27.0
48.0
48.0
48.0
48.0
49.0
49.0
49.0
48.0
48.0
28.0
48.0
48.0
48.0
49.0
48.0
48.0
48.0
48.0
48.0
27.0
0.0
1.0
1.0
1.0
0.0
0.0
0.0
0.0
0.0
1.0
49.0
49.0
48.0
49.0
48.0
48.0
49.0
49.0
49.0
28.0
48.0
49.0
48.0
49.0
48.0
49.0
48.0
48.0
48.0
27.0
48.0
48.0
49.0
48.0
49.0
49.0
49.0
49.0
48.0
28.0
48.0
49.0
48.0
48.0
49.0
48.0
48.0
48.0
48.0
27.0
48.0
48.0
48.0
48.0
48.0
48.0
50.0
49.0
49.0
27.0
48.0
49.0
49.0
49.0
48.0
49.0
49.0
48.0
48.0
27.0
49.0
49.0
48.0
48.0
48.0
48.0
48.0
49.0
49.0
27.0
49.0
49.0
48.0
48.0
48.0
48.0
48.0
48.0
48.0
27.0
49.0
48.0
48.0
49.0
49.0
49.0
49.0
48.0
48.0
27.0
49.0
48.0
49.0
49.0
48.0
48.0
48.0
48.0
48.0
28.0
48.0
49.0
49.0
49.0
49.0
48.0
49.0
49.0
48.0
28.0
48.0
48.0
48.0
49.0
48.0
48.0
49.0
48.0
48.0
27.0
76.0
76.0
75.0
76.0
76.0
76.0
76.0
76.0
76.0
54.0
48.0
48.0
49.0
49.0
48.0
48.0
48.0
49.0
48.0
27.0
48.0
48.0
48.0
48.0
49.0
49.0
50.0
49.0
48.0
27.0
49.0
49.0
49.0
49.0
48.0
48.0
48.0
49.0
48.0
28.0
49.0
48.0
48.0
48.0
48.0
48.0
49.0
50.0
49.0
28.0
49.0
50.0
48.0
48.0
48.0
49.0
48.0
49.0
48.0
28.0
48.0
48.0
48.0
49.0
49.0
48.0
48.0
48.0
48.0
28.0
0.0
0.0
0.0
0.0
1.0
0.0
0.0
1.0
0.0
1.0
119.0
122.0
120.0
122.0
120.0
121.0
27.0
27.0
27.0
27.0
121.0
122.0
121.0
121.0
49.0
48.0
28.0
28.0
27.0
28.0
48.0
48.0
48.0
49.0
48.0
48.0
27.0
27.0
27.0
28.0
48.0
48.0
48.0
48.0
49.0
49.0
28.0
27.0
28.0
28.0
48.0
49.0
49.0
48.0
49.0
49.0
28.0
27.0
27.0
27.0
48.0
48.0
48.0
48.0
48.0
48.0
28.0
27.0
28.0
27.0
48.0
48.0
48.0
48.0
49.0
48.0
28.0
27.0
28.0
28.0
48.0
48.0
48.0
48.0
49.0
48.0
27.0
28.0
27.0
28.0
49.0
48.0
49.0
48.0
48.0
49.0
28.0
28.0
27.0
27.0
48.0
49.0
49.0
48.0
49.0
49.0
27.0
27.0
27.0
27.0
48.0
49.0
49.0
48.0
49.0
48.0
27.0
27.0
27.0
27.0
49.0
48.0
49.0
48.0
48.0
48.0
27.0
27.0
28.0
27.0
48.0
49.0
48.0
49.0
48.0
49.0
28.0
27.0
28.0
27.0
49.0
49.0
48.0
49.0
49.0
48.0
28.0
28.0
27.0
28.0
48.0
49.0
49.0
48.0
48.0
48.0
28.0
27.0
27.0
28.0
48.0
48.0
48.0
48.0
48.0
49.0
28.0
28.0
28.0
28.0
48.0
48.0
49.0
48.0
48.0
48.0
28.0
28.0
27.0
27.0
48.0
48.0
49.0
49.0
49.0
48.0
27.0
28.0
28.0
28.0
49.0
48.0
48.0
49.0
49.0
48.0
28.0
27.0
28.0
28.0
0.0
0.0
0.0
1.0
1.0
0.0
0.0
0.0
0.0
0.0
48.0
48.0
49.0
48.0
49.0
49.0
48.0
48.0
48.0
28.0
48.0
48.0
49.0
49.0
48.0
49.0
48.0
49.0
49.0
27.0
49.0
48.0
49.0
48.0
49.0
49.0
49.0
49.0
49.0
27.0
49.0
48.0
49.0
48.0
49.0
48.0
48.0
48.0
49.0
27.0
48.0
49.0
48.0
48.0
48.0
48.0
48.0
48.0
49.0
27.0
49.0
48.0
48.0
48.0
75.0
75.0
75.0
75.0
75.0
27.0
75.0
74.0
75.0
75.0
75.0
49.0
49.0
49.0
48.0
28.0
48.0
49.0
49.0
48.0
49.0
49.0
48.0
48.0
48.0
28.0
48.0
49.0
48.0
48.0
48.0
48.0
48.0
48.0
48.0
28.0
48.0
48.0
48.0
48.0
49.0
49.0
49.0
49.0
48.0
27.0
48.0
48.0
49.0
49.0
48.0
48.0
48.0
48.0
48.0
27.0
48.0
49.0
48.0
48.0
48.0
48.0
49.0
49.0
49.0
28.0
48.0
48.0
48.0
49.0
49.0
49.0
48.0
49.0
48.0
28.0
49.0
48.0
49.0
48.0
48.0
48.0
48.0
49.0
48.0
27.0
49.0
48.0
49.0
48.0
48.0
48.0
48.0
49.0
48.0
28.0
48.0
49.0
48.0
49.0
48.0
49.0
49.0
49.0
48.0
27.0
49.0
49.0
48.0
48.0
48.0
48.0
48.0
48.0
48.0
27.0
48.0
48.0
49.0
49.0
48.0
48.0
48.0
48.0
48.0
27.0
48.0
48.0
49.0
48.0
48.0
48.0
48.0
49.0
48.0
28.0
0.0
0.0
1.0
1.0
0.0
0.0
0.0
1.0
1.0
1.0
48.0
48.0
48.0
48.0
48.0
49.0
28.0
28.0
27.0
27.0
48.0
48.0
48.0
49.0
48.0
48.0
27.0
28.0
27.0
27.0
49.0
48.0
49.0
48.0
48.0
48.0
27.0
27.0
27.0
27.0
49.0
48.0
48.0
48.0
48.0
48.0
27.0
28.0
27.0
28.0
48.0
48.0
48.0
48.0
48.0
48.0
27.0
27.0
27.0
28.0
48.0
48.0
48.0
48.0
49.0
49.0
27.0
27.0
27.0
28.0
49.0
49.0
49.0
48.0
48.0
48.0
27.0
28.0
27.0
27.0
49.0
48.0
49.0
48.0
48.0
49.0
27.0
27.0
27.0
27.0
48.0
48.0
48.0
49.0
48.0
48.0
27.0
28.0
28.0
27.0
74.0
74.0
74.0
74.0
75.0
75.0
28.0
27.0
27.0
28.0
75.0
76.0
76.0
75.0
50.0
50.0
28.0
29.0
28.0
28.0
49.0
48.0
48.0
48.0
49.0
48.0
27.0
28.0
27.0
27.0
48.0
48.0
49.0
49.0
48.0
49.0
28.0
27.0
27.0
27.0
48.0
48.0
48.0
48.0
49.0
49.0
27.0
27.0
27.0
27.0
48.0
48.0
49.0
49.0
48.0
48.0
27.0
27.0
27.0
27.0
49.0
49.0
48.0
49.0
49.0
49.0
27.0
27.0
27.0
27.0
48.0
48.0
49.0
49.0
48.0
48.0
27.0
28.0
27.0
27.0
48.0
49.0
49.0
49.0
49.0
49.0
27.0
27.0
27.0
27.0
48.0
48.0
48.0
48.0
48.0
46.0
28.0
27.0
27.0
27.0
