0.0
0.0
0.0
1.0
1.0
1.0
1.0
1.0
0.0
0.0
0.0
0.0
117.0
117.0
117.0
118.0
117.0
195.0
215.0
116.0
198.0
215.0
116.0
116.0
116.0
117.0
117.0
115.0
94.0
115.0
1.0
1.0
216.0
216.0
116.0
116.0
116.0
117.0
116.0
116.0
95.0
116.0
116.0
116.0
116.0
116.0
116.0
115.0
94.0
116.0
1.0
1.0
158.0
141.0
116.0
116.0
117.0
116.0
115.0
116.0
127.0
116.0
115.0
116.0
116.0
116.0
115.0
116.0
116.0
95.0
1.0
0.0
95.0
141.0
96.0
115.0
115.0
116.0
117.0
117.0
116.0
115.0
139.0
104.0
110.0
117.0
116.0
117.0
117.0
116.0
1.0
1.0
116.0
116.0
105.0
106.0
108.0
107.0
108.0
108.0
108.0
107.0
107.0
108.0
107.0
125.0
124.0
125.0
124.0
124.0
0.0
1.0
125.0
124.0
124.0
124.0
125.0
107.0
109.0
108.0
108.0
107.0
108.0
107.0
109.0
107.0
108.0
107.0
107.0
108.0
0.0
1.0
107.0
107.0
107.0
108.0
107.0
108.0
107.0
108.0
108.0
108.0
107.0
108.0
107.0
107.0
108.0
107.0
108.0
107.0
0.0
1.0
107.0
109.0
108.0
107.0
107.0
107.0
107.0
108.0
108.0
108.0
108.0
108.0
107.0
108.0
107.0
107.0
107.0
108.0
1.0
0.0
108.0
107.0
109.0
108.0
107.0
108.0
108.0
107.0
108.0
108.0
108.0
108.0
108.0
108.0
107.0
108.0
107.0
108.0
1.0
0.0
108.0
108.0
107.0
108.0
108.0
107.0
108.0
107.0
107.0
107.0
107.0
108.0
106.0
105.0
106.0
106.0
101.0
101.0
0.0
0.0
0.0
0.0
1.0
1.0
1.0
1.0
1.0
0.0
0.0
0.0
0.0
0.0
1.0
0.0
1.0
0.0
1.0
1.0
117.0
118.0
218.0
118.0
218.0
217.0
117.0
204.0
217.0
68.0
116.0
115.0
116.0
117.0
117.0
116.0
116.0
214.0
215.0
115.0
216.0
116.0
116.0
115.0
115.0
116.0
116.0
189.0
115.0
63.0
116.0
116.0
116.0
116.0
128.0
216.0
215.0
115.0
116.0
63.0
116.0
115.0
115.0
116.0
115.0
116.0
93.0
115.0
115.0
63.0
101.0
115.0
116.0
159.0
159.0
94.0
116.0
116.0
115.0
62.0
94.0
94.0
126.0
126.0
127.0
126.0
127.0
127.0
126.0
73.0
105.0
105.0
116.0
116.0
116.0
115.0
116.0
116.0
113.0
63.0
95.0
95.0
115.0
116.0
116.0
115.0
116.0
116.0
100.0
55.0
101.0
116.0
100.0
116.0
115.0
115.0
115.0
116.0
100.0
63.0
101.0
116.0
101.0
112.0
113.0
114.0
113.0
113.0
113.0
55.0
102.0
112.0
104.0
105.0
104.0
112.0
113.0
113.0
112.0
61.0
104.0
112.0
103.0
103.0
112.0
104.0
103.0
112.0
112.0
61.0
112.0
103.0
104.0
112.0
112.0
112.0
104.0
104.0
113.0
60.0
113.0
104.0
103.0
112.0
105.0
112.0
113.0
113.0
104.0
61.0
112.0
103.0
104.0
112.0
104.0
113.0
112.0
112.0
113.0
56.0
115.0
109.0
110.0
109.0
109.0
115.0
115.0
115.0
115.0
64.0
113.0
104.0
104.0
113.0
103.0
104.0
112.0
112.0
112.0
61.0
0.0
1.0
1.0
0.0
0.0
1.0
1.0
0.0
0.0
1.0
1.0
0.0
0.0
0.0
1.0
1.0
0.0
0.0
1.0
1.0
112.0
103.0
103.0
112.0
104.0
112.0
103.0
112.0
112.0
61.0
104.0
104.0
103.0
112.0
112.0
112.0
113.0
104.0
112.0
61.0
103.0
103.0
103.0
112.0
112.0
112.0
112.0
103.0
112.0
61.0
104.0
104.0
104.0
112.0
104.0
112.0
112.0
113.0
112.0
61.0
112.0
104.0
103.0
104.0
103.0
112.0
112.0
112.0
112.0
61.0
112.0
104.0
103.0
113.0
103.0
104.0
112.0
112.0
112.0
61.0
104.0
104.0
112.0
113.0
104.0
112.0
104.0
112.0
112.0
61.0
103.0
103.0
103.0
115.0
115.0
116.0
126.0
106.0
127.0
60.0
121.0
120.0
119.0
127.0
125.0
124.0
115.0
124.0
113.0
61.0
105.0
105.0
106.0
114.0
105.0
115.0
114.0
114.0
113.0
62.0
112.0
104.0
104.0
104.0
103.0
113.0
113.0
113.0
112.0
61.0
112.0
105.0
105.0
113.0
104.0
104.0
113.0
112.0
112.0
61.0
103.0
103.0
112.0
113.0
104.0
112.0
104.0
112.0
112.0
61.0
104.0
104.0
104.0
113.0
113.0
112.0
113.0
103.0
112.0
60.0
103.0
103.0
104.0
112.0
112.0
112.0
104.0
112.0
112.0
61.0
104.0
103.0
103.0
113.0
103.0
112.0
112.0
112.0
113.0
61.0
113.0
103.0
104.0
104.0
103.0
112.0
112.0
112.0
113.0
61.0
115.0
107.0
107.0
115.0
108.0
109.0
116.0
115.0
116.0
63.0
1.0
0.0
1.0
1.0
0.0
0.0
1.0
1.0
1.0
0.0
0.0
0.0
1.0
1.0
1.0
0.0
0.0
0.0
1.0
1.0
105.0
104.0
112.0
112.0
104.0
113.0
104.0
112.0
112.0
61.0
104.0
104.0
105.0
112.0
112.0
112.0
113.0
103.0
113.0
61.0
103.0
103.0
103.0
112.0
112.0
104.0
113.0
113.0
112.0
61.0
104.0
104.0
104.0
112.0
103.0
112.0
112.0
112.0
112.0
61.0
112.0
103.0
103.0
103.0
104.0
112.0
113.0
112.0
112.0
61.0
112.0
112.0
104.0
104.0
103.0
103.0
112.0
112.0
112.0
61.0
104.0
112.0
112.0
103.0
103.0
112.0
103.0
112.0
112.0
61.0
104.0
103.0
103.0
112.0
112.0
112.0
103.0
113.0
113.0
60.0
103.0
104.0
104.0
112.0
112.0
104.0
113.0
112.0
113.0
61.0
122.0
121.0
121.0
127.0
121.0
128.0
128.0
127.0
127.0
76.0
113.0
103.0
104.0
104.0
105.0
113.0
112.0
113.0
112.0
61.0
112.0
112.0
104.0
104.0
103.0
105.0
112.0
112.0
113.0
61.0
113.0
112.0
104.0
105.0
104.0
113.0
104.0
112.0
112.0
61.0
103.0
103.0
104.0
112.0
111.0
112.0
112.0
104.0
112.0
61.0
104.0
103.0
103.0
112.0
112.0
113.0
113.0
103.0
112.0
62.0
103.0
104.0
103.0
112.0
112.0
104.0
112.0
112.0
112.0
61.0
112.0
104.0
103.0
104.0
103.0
112.0
112.0
113.0
112.0
61.0
112.0
103.0
112.0
104.0
103.0
103.0
112.0
113.0
112.0
61.0
0.0
1.0
0.0
0.0
1.0
1.0
1.0
0.0
0.0
0.0
0.0
1.0
1.0
1.0
0.0
0.0
0.0
0.0
0.0
1.0
103.0
112.0
104.0
113.0
103.0
113.0
105.0
114.0
114.0
61.0
109.0
109.0
108.0
116.0
115.0
115.0
116.0
109.0
113.0
62.0
103.0
104.0
103.0
112.0
113.0
113.0
113.0
104.0
112.0
60.0
103.0
103.0
103.0
112.0
112.0
103.0
112.0
112.0
112.0
61.0
113.0
104.0
103.0
104.0
103.0
113.0
113.0
113.0
113.0
61.0
112.0
112.0
104.0
103.0
103.0
104.0
112.0
112.0
112.0
61.0
112.0
112.0
104.0
104.0
104.0
113.0
103.0
112.0
112.0
61.0
103.0
104.0
103.0
112.0
112.0
112.0
112.0
104.0
113.0
61.0
104.0
103.0
103.0
112.0
112.0
112.0
113.0
104.0
113.0
60.0
104.0
104.0
104.0
112.0
112.0
103.0
113.0
112.0
112.0
61.0
112.0
103.0
104.0
104.0
107.0
115.0
115.0
115.0
116.0
61.0
129.0
129.0
122.0
121.0
121.0
119.0
125.0
125.0
126.0
73.0
113.0
112.0
104.0
105.0
105.0
112.0
104.0
112.0
113.0
61.0
104.0
103.0
113.0
104.0
112.0
113.0
113.0
104.0
112.0
61.0
104.0
110.0
104.0
112.0
113.0
113.0
113.0
104.0
113.0
61.0
103.0
103.0
104.0
113.0
113.0
104.0
113.0
113.0
112.0
61.0
113.0
103.0
104.0
103.0
113.0
103.0
113.0
113.0
112.0
62.0
113.0
112.0
104.0
104.0
104.0
104.0
112.0
112.0
112.0
61.0
1.0
0.0
1.0
0.0
0.0
1.0
0.0
1.0
1.0
0.0
0.0
0.0
0.0
0.0
0.0
1.0
1.0
1.0
0.0
0.0
112.0
104.0
104.0
113.0
103.0
113.0
104.0
113.0
113.0
61.0
103.0
104.0
114.0
105.0
113.0
113.0
104.0
113.0
112.0
61.0
104.0
104.0
112.0
104.0
113.0
104.0
113.0
112.0
115.0
61.0
109.0
109.0
109.0
116.0
116.0
109.0
115.0
116.0
116.0
62.0
113.0
104.0
103.0
103.0
112.0
104.0
112.0
112.0
112.0
60.0
114.0
112.0
103.0
104.0
104.0
104.0
113.0
113.0
113.0
61.0
113.0
104.0
112.0
104.0
103.0
113.0
104.0
112.0
112.0
61.0
104.0
104.0
112.0
104.0
112.0
112.0
112.0
104.0
113.0
61.0
104.0
103.0
112.0
104.0
112.0
113.0
104.0
113.0
113.0
61.0
104.0
104.0
103.0
112.0
113.0
104.0
113.0
112.0
112.0
61.0
113.0
104.0
103.0
104.0
113.0
104.0
113.0
113.0
113.0
63.0
113.0
113.0
104.0
104.0
104.0
104.0
113.0
112.0
112.0
61.0
107.0
107.0
115.0
115.0
107.0
115.0
109.0
115.0
115.0
64.0
119.0
119.0
126.0
119.0
126.0
126.0
126.0
118.0
126.0
74.0
112.0
104.0
105.0
104.0
112.0
113.0
112.0
104.0
112.0
61.0
104.0
103.0
103.0
113.0
113.0
113.0
104.0
113.0
113.0
61.0
112.0
104.0
103.0
104.0
112.0
112.0
104.0
113.0
112.0
61.0
113.0
113.0
104.0
104.0
104.0
105.0
113.0
112.0
113.0
61.0
1.0
0.0
1.0
0.0
0.0
0.0
1.0
1.0
1.0
1.0
0.0
0.0
0.0
0.0
1.0
1.0
1.0
1.0
0.0
0.0
113.0
113.0
103.0
104.0
104.0
114.0
106.0
113.0
113.0
62.0
113.0
105.0
104.0
105.0
112.0
113.0
113.0
106.0
112.0
61.0
112.0
104.0
104.0
104.0
113.0
113.0
113.0
105.0
112.0
61.0
104.0
104.0
104.0
114.0
114.0
113.0
106.0
113.0
113.0
61.0
113.0
104.0
104.0
104.0
112.0
112.0
104.0
112.0
115.0
61.0
116.0
116.0
109.0
110.0
109.0
119.0
119.0
114.0
123.0
61.0
121.0
149.0
122.0
120.0
117.0
119.0
137.0
117.0
120.0
62.0
117.0
115.0
117.0
115.0
115.0
117.0
116.0
115.0
116.0
63.0
116.0
115.0
114.0
116.0
114.0
116.0
116.0
116.0
116.0
62.0
112.0
116.0
112.0
112.0
112.0
116.0
116.0
117.0
116.0
63.0
116.0
114.0
112.0
116.0
113.0
113.0
115.0
116.0
117.0
63.0
109.0
114.0
114.0
110.0
109.0
113.0
109.0
112.0
113.0
61.0
113.0
108.0
112.0
111.0
108.0
108.0
108.0
111.0
112.0
60.0
112.0
112.0
107.0
112.0
111.0
108.0
109.0
108.0
112.0
60.0
115.0
127.0
115.0
112.0
115.0
115.0
142.0
113.0
112.0
80.0
108.0
126.0
126.0
127.0
132.0
125.0
126.0
127.0
127.0
77.0
126.0
112.0
107.0
109.0
112.0
118.0
113.0
108.0
110.0
59.0
115.0
110.0
109.0
108.0
112.0
111.0
108.0
121.0
111.0
59.0
1.0
0.0
1.0
0.0
0.0
0.0
0.0
1.0
0.0
1.0
0.0
1.0
1.0
0.0
0.0
1.0
1.0
0.0
0.0
1.0
110.0
108.0
108.0
109.0
108.0
109.0
109.0
109.0
111.0
61.0
108.0
109.0
118.0
108.0
107.0
108.0
110.0
110.0
108.0
59.0
110.0
108.0
110.0
108.0
121.0
108.0
108.0
110.0
110.0
59.0
108.0
110.0
108.0
109.0
107.0
107.0
108.0
114.0
110.0
59.0
109.0
108.0
107.0
108.0
109.0
107.0
108.0
108.0
109.0
61.0
109.0
118.0
108.0
107.0
109.0
109.0
108.0
108.0
108.0
60.0
109.0
108.0
108.0
108.0
113.0
109.0
109.0
108.0
110.0
58.0
112.0
113.0
112.0
113.0
112.0
122.0
113.0
114.0
111.0
62.0
109.0
109.0
109.0
110.0
108.0
110.0
108.0
107.0
111.0
60.0
112.0
114.0
112.0
105.0
104.0
112.0
112.0
104.0
104.0
60.0
111.0
111.0
111.0
112.0
105.0
105.0
112.0
105.0
112.0
57.0
104.0
112.0
112.0
112.0
112.0
105.0
104.0
104.0
111.0
60.0
104.0
111.0
111.0
131.0
122.0
104.0
111.0
110.0
104.0
60.0
105.0
109.0
109.0
105.0
108.0
108.0
109.0
105.0
192.0
104.0
104.0
108.0
108.0
105.0
110.0
109.0
108.0
104.0
191.0
56.0
109.0
110.0
104.0
194.0
109.0
104.0
109.0
109.0
105.0
59.0
107.0
111.0
196.0
108.0
112.0
113.0
113.0
109.0
113.0
109.0
105.0
111.0
104.0
109.0
109.0
108.0
105.0
125.0
207.0
119.0
1.0
0.0
1.0
0.0
1.0
0.0
0.0
1.0
0.0
1.0
0.0
1.0
0.0
0.0
1.0
0.0
1.0
0.0
0.0
1.0
120.0
125.0
120.0
125.0
120.0
126.0
125.0
109.0
192.0
56.0
105.0
109.0
108.0
105.0
109.0
109.0
105.0
109.0
193.0
57.0
109.0
105.0
109.0
108.0
110.0
104.0
108.0
104.0
173.0
60.0
105.0
108.0
108.0
109.0
136.0
106.0
106.0
108.0
109.0
59.0
109.0
108.0
107.0
108.0
108.0
108.0
108.0
108.0
109.0
59.0
107.0
108.0
107.0
107.0
107.0
108.0
109.0
107.0
108.0
58.0
108.0
108.0
107.0
107.0
107.0
108.0
108.0
107.0
108.0
58.0
107.0
108.0
108.0
108.0
108.0
107.0
108.0
108.0
108.0
58.0
108.0
109.0
108.0
109.0
110.0
109.0
108.0
110.0
108.0
58.0
113.0
112.0
113.0
113.0
115.0
113.0
114.0
112.0
112.0
63.0
110.0
108.0
109.0
107.0
108.0
109.0
107.0
109.0
108.0
58.0
108.0
108.0
108.0
108.0
108.0
109.0
108.0
112.0
109.0
58.0
109.0
108.0
108.0
108.0
107.0
108.0
108.0
107.0
109.0
58.0
107.0
108.0
107.0
107.0
108.0
108.0
108.0
110.0
108.0
60.0
108.0
110.0
108.0
109.0
108.0
108.0
108.0
108.0
108.0
59.0
109.0
107.0
108.0
108.0
108.0
110.0
108.0
109.0
108.0
59.0
108.0
108.0
107.0
111.0
108.0
109.0
109.0
109.0
107.0
58.0
108.0
109.0
107.0
109.0
108.0
107.0
108.0
108.0
108.0
58.0
1.0
0.0
1.0
0.0
0.0
1.0
0.0
1.0
0.0
1.0
0.0
0.0
1.0
0.0
1.0
0.0
1.0
0.0
0.0
0.0
108.0
109.0
109.0
108.0
108.0
109.0
108.0
107.0
112.0
58.0
115.0
112.0
113.0
112.0
113.0
112.0
112.0
113.0
113.0
60.0
124.0
123.0
124.0
124.0
124.0
123.0
124.0
125.0
126.0
74.0
109.0
110.0
109.0
111.0
109.0
108.0
109.0
108.0
109.0
58.0
110.0
111.0
109.0
109.0
109.0
108.0
108.0
108.0
109.0
60.0
108.0
108.0
108.0
109.0
108.0
109.0
108.0
108.0
111.0
58.0
109.0
109.0
109.0
108.0
108.0
109.0
109.0
108.0
108.0
60.0
109.0
110.0
108.0
112.0
108.0
109.0
110.0
108.0
107.0
59.0
108.0
107.0
109.0
108.0
107.0
110.0
108.0
109.0
109.0
59.0
107.0
108.0
108.0
108.0
107.0
108.0
110.0
108.0
108.0
58.0
107.0
108.0
108.0
107.0
109.0
108.0
107.0
108.0
107.0
59.0
108.0
107.0
107.0
107.0
107.0
108.0
107.0
107.0
108.0
58.0
116.0
117.0
117.0
115.0
116.0
116.0
117.0
116.0
116.0
67.0
108.0
107.0
108.0
107.0
107.0
108.0
107.0
108.0
107.0
59.0
107.0
108.0
108.0
108.0
107.0
107.0
108.0
108.0
108.0
60.0
107.0
108.0
109.0
109.0
109.0
108.0
107.0
108.0
107.0
58.0
107.0
107.0
108.0
108.0
108.0
107.0
108.0
108.0
108.0
58.0
108.0
108.0
108.0
108.0
108.0
108.0
108.0
107.0
107.0
58.0
0.0
1.0
0.0
0.0
0.0
1.0
1.0
0.0
0.0
1.0
1.0
0.0
0.0
1.0
1.0
0.0
0.0
0.0
0.0
1.0
107.0
108.0
107.0
108.0
107.0
108.0
107.0
59.0
58.0
59.0
107.0
108.0
107.0
107.0
107.0
107.0
107.0
59.0
59.0
59.0
107.0
108.0
109.0
108.0
107.0
107.0
108.0
58.0
58.0
58.0
108.0
107.0
108.0
108.0
108.0
107.0
108.0
58.0
59.0
58.0
112.0
112.0
112.0
112.0
112.0
113.0
112.0
63.0
63.0
63.0
136.0
137.0
136.0
137.0
136.0
136.0
137.0
87.0
87.0
87.0
108.0
108.0
109.0
109.0
109.0
109.0
108.0
58.0
59.0
58.0
108.0
108.0
108.0
107.0
108.0
108.0
108.0
58.0
58.0
59.0
110.0
107.0
108.0
108.0
108.0
107.0
108.0
58.0
61.0
59.0
108.0
108.0
108.0
108.0
108.0
108.0
108.0
60.0
59.0
58.0
107.0
108.0
108.0
107.0
108.0
110.0
108.0
58.0
59.0
59.0
107.0
107.0
107.0
108.0
107.0
108.0
107.0
59.0
58.0
58.0
107.0
107.0
108.0
107.0
108.0
109.0
108.0
58.0
59.0
58.0
108.0
108.0
107.0
108.0
108.0
108.0
107.0
58.0
59.0
58.0
108.0
108.0
107.0
107.0
108.0
107.0
108.0
59.0
58.0
58.0
108.0
108.0
107.0
108.0
108.0
107.0
108.0
58.0
59.0
59.0
112.0
111.0
111.0
112.0
112.0
112.0
112.0
63.0
63.0
62.0
107.0
107.0
107.0
107.0
107.0
105.0
104.0
58.0
58.0
58.0
