4.0
2.0
2.0
1.0
1.0
2.0
1.0
1.0
1.0
2.0
13.0
14.0
9.0
9.0
324.0
326.0
326.0
326.0
512.0
429.0
296.0
334.0
522.0
424.0
289.0
346.0
344.0
344.0
344.0
409.0
7.0
6.0
7.0
6.0
392.0
410.0
343.0
394.0
348.0
395.0
389.0
389.0
391.0
333.0
291.0
293.0
322.0
329.0
284.0
325.0
7.0
6.0
7.0
7.0
325.0
327.0
322.0
326.0
289.0
286.0
323.0
283.0
326.0
326.0
325.0
326.0
326.0
325.0
282.0
283.0
6.0
5.0
6.0
6.0
343.0
302.0
343.0
305.0
339.0
340.0
303.0
339.0
344.0
340.0
282.0
325.0
323.0
285.0
284.0
323.0
6.0
6.0
7.0
6.0
329.0
323.0
324.0
324.0
283.0
322.0
324.0
285.0
283.0
323.0
284.0
325.0
322.0
325.0
328.0
339.0
7.0
5.0
5.0
6.0
305.0
340.0
302.0
303.0
343.0
340.0
339.0
341.0
339.0
322.0
283.0
284.0
323.0
287.0
324.0
325.0
6.0
7.0
6.0
6.0
325.0
324.0
323.0
325.0
286.0
287.0
324.0
283.0
326.0
332.0
331.0
330.0
331.0
293.0
294.0
337.0
3.0
4.0
4.0
4.0
313.0
337.0
336.0
335.0
331.0
333.0
333.0
298.0
301.0
322.0
283.0
323.0
317.0
289.0
315.0
317.0
6.0
6.0
6.0
6.0
290.0
317.0
316.0
303.0
293.0
312.0
291.0
312.0
292.0
313.0
313.0
313.0
312.0
292.0
294.0
381.0
3.0
3.0
2.0
3.0
354.0
354.0
377.0
378.0
376.0
381.0
380.0
357.0
354.0
310.0
273.0
273.0
297.0
295.0
294.0
291.0
9.0
8.0
7.0
8.0
9.0
9.0
7.0
4.0
4.0
4.0
8.0
8.0
9.0
7.0
7.0
8.0
7.0
5.0
3.0
3.0
9.0
9.0
8.0
8.0
9.0
8.0
6.0
4.0
3.0
3.0
7.0
9.0
8.0
7.0
8.0
8.0
7.0
4.0
3.0
4.0
390.0
333.0
389.0
382.0
367.0
334.0
385.0
383.0
179.0
179.0
385.0
383.0
292.0
294.0
288.0
326.0
336.0
323.0
179.0
182.0
325.0
325.0
333.0
330.0
294.0
290.0
285.0
322.0
174.0
178.0
327.0
326.0
326.0
326.0
327.0
327.0
291.0
287.0
154.0
176.0
305.0
341.0
299.0
306.0
340.0
343.0
342.0
347.0
195.0
197.0
284.0
331.0
329.0
286.0
288.0
327.0
325.0
322.0
174.0
181.0
284.0
327.0
329.0
325.0
328.0
286.0
285.0
323.0
177.0
176.0
284.0
340.0
341.0
339.0
304.0
338.0
331.0
334.0
156.0
189.0
311.0
314.0
295.0
315.0
315.0
314.0
313.0
289.0
170.0
170.0
297.0
293.0
315.0
315.0
295.0
315.0
296.0
312.0
170.0
170.0
296.0
296.0
315.0
316.0
315.0
315.0
294.0
294.0
170.0
170.0
309.0
311.0
331.0
331.0
341.0
338.0
330.0
328.0
176.0
176.0
295.0
297.0
296.0
294.0
314.0
314.0
317.0
319.0
169.0
170.0
315.0
315.0
293.0
293.0
294.0
295.0
314.0
312.0
169.0
170.0
331.0
330.0
386.0
294.0
385.0
368.0
371.0
360.0
170.0
169.0
386.0
386.0
373.0
377.0
370.0
323.0
297.0
318.0
159.0
162.0
6.0
6.0
6.0
6.0
6.0
4.0
2.0
1.0
2.0
2.0
6.0
6.0
5.0
6.0
6.0
4.0
2.0
2.0
2.0
1.0
6.0
6.0
5.0
6.0
5.0
4.0
2.0
2.0
1.0
1.0
6.0
6.0
6.0
6.0
6.0
4.0
2.0
1.0
1.0
2.0
294.0
295.0
299.0
313.0
313.0
298.0
309.0
171.0
171.0
170.0
319.0
318.0
313.0
293.0
292.0
296.0
296.0
169.0
169.0
169.0
332.0
332.0
329.0
330.0
331.0
330.0
305.0
157.0
174.0
172.0
306.0
294.0
292.0
312.0
313.0
311.0
310.0
167.0
168.0
156.0
293.0
293.0
314.0
313.0
294.0
291.0
310.0
168.0
168.0
167.0
313.0
292.0
294.0
315.0
313.0
312.0
309.0
156.0
156.0
168.0
311.0
310.0
309.0
310.0
330.0
328.0
326.0
184.0
183.0
184.0
293.0
313.0
312.0
291.0
313.0
294.0
290.0
168.0
166.0
167.0
313.0
312.0
291.0
294.0
314.0
312.0
310.0
168.0
159.0
159.0
314.0
293.0
293.0
293.0
294.0
312.0
310.0
168.0
168.0
168.0
328.0
330.0
328.0
330.0
308.0
309.0
305.0
174.0
183.0
184.0
291.0
312.0
313.0
313.0
313.0
311.0
309.0
158.0
156.0
156.0
295.0
294.0
293.0
293.0
313.0
312.0
310.0
168.0
168.0
167.0
292.0
295.0
313.0
312.0
364.0
289.0
343.0
168.0
167.0
168.0
369.0
345.0
366.0
348.0
370.0
367.0
367.0
212.0
174.0
160.0
296.0
300.0
321.0
294.0
297.0
311.0
315.0
169.0
171.0
172.0
6.0
6.0
6.0
6.0
6.0
4.0
2.0
2.0
1.0
1.0
6.0
6.0
6.0
6.0
7.0
4.0
3.0
2.0
2.0
1.0
7.0
6.0
6.0
6.0
6.0
4.0
3.0
1.0
2.0
2.0
7.0
6.0
6.0
6.0
6.0
5.0
2.0
1.0
1.0
2.0
313.0
313.0
321.0
298.0
314.0
295.0
291.0
161.0
169.0
171.0
312.0
330.0
329.0
312.0
310.0
327.0
325.0
168.0
167.0
159.0
330.0
329.0
312.0
292.0
314.0
312.0
290.0
156.0
168.0
168.0
290.0
313.0
292.0
312.0
313.0
311.0
288.0
168.0
156.0
169.0
293.0
293.0
313.0
314.0
291.0
293.0
309.0
169.0
168.0
167.0
329.0
330.0
330.0
310.0
310.0
328.0
324.0
177.0
173.0
183.0
296.0
294.0
313.0
314.0
313.0
311.0
290.0
157.0
168.0
168.0
291.0
290.0
292.0
312.0
313.0
310.0
312.0
168.0
168.0
155.0
293.0
291.0
314.0
314.0
291.0
291.0
308.0
168.0
168.0
168.0
329.0
310.0
314.0
329.0
330.0
334.0
331.0
173.0
175.0
183.0
293.0
293.0
313.0
312.0
293.0
289.0
309.0
167.0
171.0
173.0
292.0
313.0
291.0
319.0
319.0
312.0
290.0
155.0
168.0
168.0
291.0
314.0
293.0
313.0
290.0
365.0
367.0
171.0
155.0
167.0
377.0
352.0
353.0
369.0
375.0
350.0
347.0
228.0
171.0
172.0
317.0
316.0
321.0
314.0
298.0
290.0
310.0
155.0
158.0
170.0
293.0
298.0
316.0
314.0
313.0
290.0
297.0
172.0
168.0
168.0
6.0
6.0
6.0
6.0
3.0
2.0
2.0
1.0
1.0
1.0
6.0
6.0
5.0
5.0
3.0
2.0
2.0
1.0
1.0
1.0
6.0
6.0
5.0
5.0
3.0
2.0
2.0
1.0
1.0
1.0
6.0
5.0
5.0
6.0
3.0
2.0
2.0
1.0
1.0
1.0
330.0
330.0
310.0
328.0
308.0
325.0
308.0
168.0
168.0
154.0
311.0
329.0
328.0
296.0
290.0
309.0
308.0
168.0
167.0
156.0
313.0
313.0
292.0
292.0
308.0
310.0
291.0
155.0
167.0
168.0
294.0
314.0
312.0
312.0
292.0
309.0
286.0
168.0
166.0
157.0
331.0
330.0
320.0
321.0
329.0
327.0
335.0
183.0
182.0
184.0
318.0
318.0
317.0
316.0
314.0
313.0
313.0
168.0
169.0
172.0
315.0
314.0
307.0
306.0
313.0
304.0
303.0
171.0
170.0
166.0
302.0
301.0
302.0
303.0
299.0
298.0
300.0
162.0
162.0
161.0
319.0
318.0
317.0
317.0
315.0
317.0
314.0
177.0
178.0
178.0
304.0
302.0
302.0
304.0
299.0
299.0
298.0
161.0
163.0
166.0
302.0
303.0
302.0
301.0
303.0
298.0
298.0
163.0
161.0
163.0
302.0
303.0
304.0
301.0
302.0
298.0
298.0
162.0
163.0
161.0
375.0
373.0
375.0
378.0
375.0
369.0
376.0
237.0
233.0
235.0
310.0
301.0
301.0
309.0
307.0
306.0
308.0
162.0
161.0
162.0
302.0
301.0
300.0
307.0
299.0
297.0
303.0
164.0
162.0
163.0
303.0
302.0
302.0
301.0
300.0
299.0
315.0
162.0
162.0
161.0
5.0
5.0
6.0
5.0
4.0
2.0
2.0
1.0
1.0
1.0
6.0
6.0
6.0
6.0
4.0
2.0
2.0
1.0
1.0
1.0
6.0
6.0
5.0
5.0
4.0
2.0
2.0
1.0
1.0
1.0
6.0
5.0
6.0
5.0
4.0
2.0
2.0
1.0
1.0
1.0
320.0
318.0
321.0
319.0
316.0
315.0
313.0
178.0
179.0
163.0
302.0
303.0
300.0
302.0
300.0
298.0
298.0
162.0
163.0
161.0
300.0
303.0
301.0
302.0
300.0
296.0
298.0
160.0
161.0
162.0
317.0
317.0
314.0
315.0
317.0
315.0
315.0
161.0
160.0
176.0
318.0
318.0
302.0
307.0
302.0
302.0
301.0
164.0
161.0
161.0
302.0
302.0
302.0
302.0
301.0
299.0
298.0
162.0
162.0
162.0
301.0
304.0
302.0
304.0
298.0
297.0
299.0
162.0
161.0
161.0
302.0
318.0
319.0
317.0
315.0
313.0
313.0
160.0
161.0
161.0
318.0
319.0
317.0
317.0
300.0
300.0
298.0
161.0
163.0
163.0
302.0
300.0
301.0
302.0
303.0
300.0
296.0
162.0
161.0
161.0
301.0
301.0
301.0
302.0
299.0
296.0
297.0
162.0
161.0
163.0
363.0
361.0
360.0
360.0
361.0
360.0
363.0
223.0
221.0
221.0
302.0
308.0
302.0
306.0
303.0
298.0
298.0
165.0
166.0
164.0
303.0
306.0
307.0
302.0
302.0
301.0
298.0
162.0
163.0
162.0
302.0
299.0
302.0
302.0
301.0
297.0
299.0
162.0
162.0
162.0
317.0
316.0
317.0
317.0
319.0
315.0
317.0
177.0
177.0
178.0
6.0
5.0
5.0
3.0
2.0
2.0
1.0
1.0
1.0
1.0
5.0
5.0
5.0
4.0
2.0
2.0
1.0
1.0
1.0
1.0
6.0
6.0
5.0
3.0
2.0
2.0
1.0
1.0
1.0
0.0
5.0
5.0
5.0
4.0
1.0
2.0
1.0
1.0
1.0
1.0
304.0
304.0
305.0
300.0
297.0
163.0
162.0
165.0
161.0
162.0
302.0
301.0
302.0
300.0
298.0
164.0
162.0
160.0
161.0
161.0
303.0
302.0
301.0
299.0
298.0
163.0
162.0
163.0
162.0
162.0
322.0
321.0
320.0
323.0
320.0
180.0
178.0
177.0
181.0
180.0
296.0
296.0
294.0
304.0
293.0
169.0
168.0
166.0
161.0
167.0
300.0
303.0
300.0
305.0
305.0
161.0
164.0
162.0
163.0
162.0
300.0
302.0
299.0
299.0
297.0
163.0
160.0
162.0
161.0
160.0
300.0
321.0
317.0
316.0
315.0
164.0
161.0
162.0
161.0
161.0
319.0
320.0
320.0
320.0
313.0
181.0
165.0
161.0
164.0
162.0
303.0
306.0
300.0
300.0
298.0
161.0
164.0
164.0
165.0
164.0
301.0
300.0
300.0
300.0
299.0
162.0
160.0
160.0
160.0
161.0
306.0
299.0
304.0
316.0
375.0
162.0
165.0
162.0
161.0
163.0
378.0
384.0
378.0
384.0
382.0
239.0
243.0
243.0
227.0
164.0
300.0
303.0
305.0
302.0
297.0
162.0
160.0
161.0
162.0
163.0
301.0
303.0
307.0
302.0
296.0
161.0
166.0
162.0
164.0
163.0
301.0
305.0
303.0
298.0
298.0
160.0
161.0
161.0
160.0
163.0
6.0
5.0
5.0
5.0
3.0
2.0
2.0
1.0
1.0
1.0
6.0
6.0
6.0
5.0
3.0
2.0
2.0
1.0
1.0
1.0
6.0
6.0
5.0
6.0
3.0
2.0
2.0
1.0
1.0
1.0
5.0
5.0
5.0
5.0
3.0
2.0
2.0
1.0
1.0
1.0
318.0
319.0
322.0
320.0
315.0
321.0
317.0
179.0
179.0
183.0
301.0
304.0
305.0
300.0
301.0
300.0
301.0
161.0
163.0
161.0
306.0
302.0
306.0
302.0
302.0
299.0
297.0
162.0
163.0
164.0
301.0
303.0
301.0
303.0
306.0
299.0
300.0
160.0
161.0
160.0
321.0
321.0
318.0
320.0
317.0
319.0
317.0
179.0
180.0
179.0
303.0
304.0
306.0
302.0
301.0
297.0
297.0
161.0
161.0
162.0
301.0
301.0
302.0
301.0
301.0
299.0
300.0
160.0
160.0
161.0
301.0
301.0
301.0
300.0
300.0
298.0
298.0
163.0
164.0
161.0
321.0
318.0
320.0
319.0
315.0
317.0
315.0
179.0
178.0
179.0
305.0
304.0
301.0
301.0
300.0
301.0
296.0
161.0
161.0
161.0
302.0
302.0
302.0
301.0
302.0
299.0
301.0
162.0
161.0
161.0
306.0
358.0
361.0
355.0
357.0
358.0
358.0
162.0
163.0
170.0
367.0
364.0
362.0
362.0
306.0
305.0
297.0
161.0
163.0
163.0
308.0
309.0
310.0
310.0
315.0
308.0
313.0
166.0
163.0
161.0
314.0
313.0
316.0
311.0
308.0
307.0
311.0
167.0
165.0
181.0
327.0
324.0
352.0
327.0
324.0
322.0
325.0
182.0
183.0
184.0
4.0
5.0
4.0
2.0
2.0
2.0
1.0
1.0
1.0
1.0
5.0
4.0
3.0
2.0
2.0
1.0
2.0
1.0
0.0
0.0
4.0
5.0
3.0
2.0
2.0
2.0
1.0
1.0
1.0
1.0
4.0
4.0
4.0
2.0
2.0
2.0
1.0
1.0
1.0
1.0
302.0
301.0
304.0
166.0
166.0
178.0
163.0
161.0
164.0
162.0
299.0
303.0
301.0
164.0
179.0
164.0
162.0
162.0
160.0
163.0
303.0
334.0
303.0
161.0
160.0
162.0
162.0
164.0
163.0
161.0
300.0
302.0
300.0
163.0
164.0
164.0
162.0
163.0
164.0
180.0
318.0
319.0
319.0
180.0
182.0
181.0
178.0
193.0
179.0
178.0
302.0
302.0
302.0
164.0
166.0
163.0
166.0
162.0
163.0
163.0
299.0
300.0
300.0
163.0
167.0
164.0
161.0
161.0
161.0
161.0
299.0
305.0
299.0
163.0
161.0
164.0
162.0
162.0
161.0
161.0
305.0
299.0
300.0
161.0
162.0
162.0
161.0
163.0
161.0
163.0
315.0
317.0
317.0
178.0
180.0
177.0
181.0
180.0
177.0
183.0
303.0
299.0
301.0
163.0
163.0
164.0
162.0
160.0
161.0
161.0
304.0
302.0
300.0
163.0
161.0
163.0
162.0
164.0
162.0
161.0
302.0
299.0
298.0
164.0
162.0
164.0
163.0
161.0
159.0
161.0
316.0
322.0
313.0
162.0
162.0
164.0
162.0
162.0
161.0
163.0
378.0
388.0
382.0
180.0
243.0
239.0
241.0
226.0
225.0
227.0
362.0
309.0
299.0
164.0
164.0
164.0
165.0
165.0
164.0
162.0
6.0
5.0
5.0
4.0
2.0
2.0
1.0
1.0
1.0
1.0
5.0
6.0
5.0
4.0
2.0
2.0
1.0
1.0
1.0
1.0
5.0
6.0
6.0
3.0
1.0
1.0
1.0
1.0
0.0
1.0
6.0
6.0
6.0
3.0
2.0
2.0
1.0
1.0
1.0
1.0
305.0
300.0
303.0
300.0
299.0
298.0
161.0
162.0
161.0
162.0
301.0
300.0
300.0
302.0
300.0
297.0
161.0
162.0
164.0
163.0
315.0
319.0
320.0
317.0
320.0
314.0
161.0
162.0
176.0
177.0
318.0
318.0
300.0
297.0
298.0
296.0
162.0
166.0
161.0
161.0
306.0
306.0
305.0
298.0
298.0
302.0
161.0
162.0
160.0
160.0
301.0
303.0
302.0
297.0
303.0
299.0
163.0
160.0
161.0
164.0
304.0
300.0
301.0
317.0
315.0
316.0
161.0
163.0
163.0
161.0
320.0
320.0
318.0
317.0
316.0
315.0
179.0
162.0
160.0
160.0
299.0
306.0
300.0
299.0
298.0
298.0
161.0
164.0
163.0
161.0
303.0
305.0
302.0
299.0
296.0
299.0
162.0
161.0
161.0
160.0
318.0
318.0
321.0
317.0
321.0
318.0
162.0
162.0
160.0
162.0
319.0
321.0
317.0
316.0
298.0
301.0
163.0
161.0
164.0
164.0
300.0
302.0
305.0
299.0
299.0
299.0
161.0
163.0
162.0
161.0
299.0
303.0
302.0
297.0
301.0
298.0
162.0
163.0
161.0
164.0
302.0
305.0
303.0
302.0
296.0
360.0
161.0
162.0
162.0
161.0
371.0
371.0
373.0
368.0
365.0
365.0
227.0
230.0
225.0
161.0
2.0
2.0
3.0
1.0
1.0
1.0
1.0
1.0
1.0
1.0
3.0
2.0
3.0
1.0
1.0
1.0
1.0
1.0
0.0
1.0
3.0
3.0
3.0
1.0
1.0
0.0
1.0
1.0
1.0
1.0
3.0
3.0
2.0
1.0
1.0
1.0
1.0
1.0
1.0
1.0
297.0
302.0
300.0
162.0
163.0
160.0
161.0
160.0
162.0
163.0
301.0
300.0
298.0
161.0
162.0
160.0
164.0
160.0
161.0
162.0
299.0
299.0
297.0
162.0
160.0
162.0
163.0
162.0
161.0
161.0
320.0
316.0
318.0
165.0
160.0
178.0
177.0
179.0
178.0
179.0
326.0
317.0
298.0
163.0
160.0
161.0
161.0
164.0
160.0
165.0
297.0
297.0
298.0
160.0
161.0
160.0
163.0
166.0
163.0
160.0
298.0
299.0
298.0
164.0
162.0
163.0
162.0
162.0
163.0
163.0
302.0
302.0
300.0
160.0
161.0
162.0
163.0
160.0
162.0
161.0
314.0
316.0
316.0
160.0
160.0
176.0
174.0
178.0
178.0
184.0
315.0
317.0
300.0
162.0
163.0
160.0
161.0
163.0
160.0
161.0
298.0
297.0
299.0
162.0
163.0
162.0
163.0
161.0
160.0
164.0
299.0
298.0
300.0
160.0
161.0
160.0
162.0
161.0
160.0
162.0
297.0
298.0
297.0
161.0
162.0
161.0
163.0
161.0
162.0
162.0
316.0
320.0
321.0
160.0
161.0
178.0
179.0
179.0
179.0
178.0
316.0
317.0
300.0
164.0
161.0
161.0
162.0
160.0
167.0
162.0
292.0
296.0
294.0
161.0
160.0
162.0
161.0
160.0
159.0
157.0
