26.0
16.0
24.0
17.0
16.0
17.0
16.0
23.0
23.0
23.0
34.0
30.0
20.0
19.0
20.0
19.0
20.0
18.0
28.0
27.0
65.0
63.0
63.0
63.0
62.0
62.0
109.0
108.0
107.0
104.0
126.0
125.0
113.0
125.0
124.0
123.0
151.0
151.0
216.0
216.0
103.0
124.0
124.0
125.0
124.0
123.0
191.0
190.0
167.0
189.0
193.0
190.0
192.0
192.0
283.0
283.0
100.0
123.0
124.0
121.0
126.0
124.0
124.0
124.0
101.0
101.0
124.0
147.0
147.0
121.0
126.0
123.0
125.0
124.0
103.0
101.0
125.0
123.0
101.0
121.0
127.0
124.0
124.0
123.0
119.0
104.0
126.0
108.0
122.0
121.0
126.0
124.0
124.0
108.0
123.0
106.0
124.0
107.0
123.0
105.0
125.0
107.0
124.0
123.0
123.0
122.0
107.0
122.0
107.0
105.0
125.0
123.0
123.0
123.0
124.0
122.0
107.0
106.0
123.0
104.0
126.0
123.0
123.0
123.0
122.0
122.0
106.0
106.0
106.0
121.0
126.0
123.0
123.0
123.0
122.0
123.0
106.0
106.0
106.0
122.0
125.0
123.0
108.0
123.0
123.0
122.0
123.0
105.0
106.0
122.0
109.0
124.0
123.0
123.0
123.0
123.0
124.0
106.0
106.0
129.0
119.0
125.0
128.0
127.0
129.0
127.0
126.0
131.0
130.0
184.0
183.0
182.0
186.0
185.0
179.0
184.0
186.0
185.0
185.0
120.0
120.0
117.0
118.0
120.0
120.0
118.0
118.0
120.0
120.0
119.0
120.0
117.0
118.0
119.0
119.0
119.0
117.0
120.0
119.0
116.0
124.0
120.0
122.0
116.0
116.0
115.0
119.0
118.0
115.0
104.0
31.0
32.0
33.0
34.0
19.0
33.0
34.0
33.0
32.0
23.0
16.0
29.0
31.0
30.0
29.0
28.0
28.0
27.0
20.0
20.0
17.0
28.0
17.0
29.0
29.0
30.0
29.0
24.0
21.0
21.0
28.0
17.0
27.0
27.0
26.0
16.0
24.0
12.0
13.0
18.0
28.0
29.0
17.0
17.0
16.0
29.0
24.0
19.0
21.0
19.0
15.0
15.0
15.0
22.0
19.0
18.0
17.0
12.0
17.0
11.0
16.0
30.0
28.0
18.0
27.0
16.0
15.0
11.0
19.0
13.0
16.0
15.0
15.0
14.0
11.0
11.0
19.0
11.0
19.0
18.0
26.0
16.0
16.0
15.0
11.0
12.0
11.0
19.0
12.0
20.0
14.0
25.0
14.0
14.0
11.0
12.0
19.0
12.0
11.0
11.0
63.0
63.0
62.0
109.0
109.0
63.0
62.0
62.0
99.0
22.0
84.0
60.0
60.0
60.0
61.0
60.0
60.0
58.0
97.0
19.0
49.0
60.0
60.0
60.0
60.0
60.0
60.0
101.0
56.0
9.0
49.0
60.0
59.0
60.0
60.0
60.0
59.0
97.0
55.0
9.0
105.0
49.0
60.0
59.0
59.0
54.0
58.0
55.0
56.0
9.0
48.0
59.0
59.0
58.0
45.0
73.0
55.0
54.0
11.0
14.0
49.0
60.0
49.0
60.0
60.0
58.0
58.0
55.0
55.0
11.0
48.0
59.0
48.0
57.0
55.0
55.0
55.0
55.0
11.0
10.0
59.0
59.0
49.0
49.0
56.0
56.0
49.0
55.0
55.0
11.0
57.0
49.0
57.0
57.0
48.0
55.0
48.0
55.0
11.0
11.0
108.0
124.0
123.0
123.0
108.0
123.0
122.0
123.0
107.0
13.0
121.0
112.0
112.0
118.0
119.0
119.0
112.0
117.0
109.0
10.0
117.0
117.0
108.0
108.0
107.0
107.0
116.0
114.0
112.0
10.0
116.0
116.0
116.0
109.0
110.0
110.0
109.0
109.0
109.0
10.0
113.0
113.0
112.0
112.0
111.0
112.0
109.0
107.0
109.0
10.0
111.0
111.0
111.0
110.0
108.0
107.0
106.0
107.0
9.0
9.0
111.0
113.0
113.0
113.0
113.0
112.0
111.0
108.0
108.0
10.0
110.0
110.0
112.0
110.0
108.0
108.0
108.0
108.0
9.0
8.0
143.0
142.0
142.0
142.0
140.0
140.0
140.0
140.0
83.0
9.0
141.0
111.0
109.0
109.0
107.0
107.0
110.0
110.0
10.0
10.0
115.0
115.0
114.0
114.0
116.0
113.0
113.0
115.0
115.0
12.0
113.0
114.0
113.0
112.0
112.0
114.0
111.0
110.0
107.0
10.0
113.0
113.0
113.0
113.0
112.0
112.0
110.0
111.0
108.0
10.0
111.0
113.0
112.0
113.0
113.0
112.0
110.0
108.0
108.0
10.0
111.0
112.0
113.0
113.0
112.0
112.0
110.0
107.0
107.0
10.0
112.0
111.0
110.0
110.0
108.0
108.0
108.0
108.0
10.0
9.0
111.0
111.0
113.0
111.0
111.0
112.0
111.0
108.0
109.0
9.0
111.0
110.0
110.0
111.0
107.0
107.0
109.0
108.0
10.0
9.0
112.0
113.0
111.0
109.0
107.0
109.0
107.0
107.0
51.0
10.0
111.0
111.0
110.0
110.0
109.0
107.0
107.0
108.0
10.0
9.0
113.0
113.0
115.0
115.0
115.0
114.0
115.0
113.0
112.0
12.0
113.0
112.0
111.0
113.0
113.0
114.0
112.0
112.0
108.0
10.0
112.0
114.0
112.0
112.0
113.0
113.0
112.0
110.0
110.0
9.0
112.0
111.0
111.0
113.0
111.0
113.0
111.0
108.0
108.0
10.0
113.0
112.0
112.0
111.0
113.0
168.0
166.0
165.0
164.0
10.0
166.0
168.0
166.0
165.0
163.0
164.0
108.0
109.0
10.0
9.0
113.0
113.0
113.0
113.0
112.0
111.0
111.0
109.0
108.0
10.0
112.0
112.0
112.0
110.0
108.0
107.0
107.0
107.0
9.0
10.0
114.0
111.0
114.0
111.0
110.0
108.0
109.0
108.0
51.0
10.0
110.0
111.0
110.0
111.0
110.0
108.0
109.0
108.0
9.0
9.0
115.0
114.0
114.0
115.0
115.0
114.0
115.0
115.0
113.0
12.0
113.0
112.0
114.0
112.0
114.0
112.0
111.0
112.0
110.0
9.0
113.0
112.0
112.0
113.0
111.0
111.0
113.0
110.0
109.0
10.0
112.0
113.0
112.0
111.0
113.0
112.0
110.0
109.0
108.0
10.0
113.0
113.0
112.0
112.0
112.0
113.0
112.0
109.0
111.0
10.0
114.0
116.0
116.0
115.0
111.0
112.0
112.0
109.0
9.0
10.0
113.0
114.0
112.0
114.0
113.0
112.0
110.0
108.0
110.0
9.0
110.0
110.0
112.0
109.0
109.0
108.0
109.0
107.0
9.0
9.0
111.0
113.0
111.0
110.0
109.0
108.0
109.0
109.0
51.0
10.0
109.0
109.0
111.0
109.0
108.0
107.0
108.0
107.0
10.0
10.0
115.0
114.0
114.0
114.0
115.0
115.0
113.0
113.0
113.0
12.0
112.0
164.0
164.0
163.0
164.0
164.0
162.0
162.0
159.0
10.0
164.0
163.0
113.0
113.0
113.0
114.0
112.0
111.0
109.0
11.0
112.0
113.0
112.0
114.0
112.0
113.0
111.0
109.0
108.0
10.0
113.0
113.0
113.0
112.0
113.0
113.0
112.0
108.0
108.0
10.0
112.0
112.0
111.0
111.0
108.0
108.0
109.0
108.0
10.0
9.0
112.0
112.0
113.0
113.0
112.0
112.0
110.0
110.0
108.0
9.0
112.0
112.0
111.0
111.0
108.0
108.0
108.0
107.0
9.0
9.0
110.0
112.0
112.0
110.0
108.0
110.0
109.0
108.0
51.0
9.0
111.0
110.0
110.0
110.0
108.0
108.0
109.0
112.0
10.0
9.0
122.0
121.0
122.0
122.0
128.0
127.0
127.0
118.0
117.0
13.0
121.0
119.0
115.0
118.0
113.0
113.0
123.0
117.0
108.0
9.0
112.0
119.0
114.0
117.0
118.0
112.0
113.0
115.0
116.0
9.0
112.0
111.0
113.0
119.0
117.0
117.0
111.0
109.0
114.0
10.0
112.0
122.0
112.0
113.0
118.0
117.0
115.0
108.0
108.0
10.0
114.0
111.0
111.0
115.0
107.0
109.0
109.0
109.0
9.0
9.0
112.0
112.0
112.0
114.0
112.0
115.0
110.0
109.0
109.0
10.0
112.0
111.0
111.0
170.0
168.0
167.0
169.0
166.0
10.0
9.0
172.0
172.0
172.0
172.0
167.0
109.0
109.0
108.0
52.0
10.0
110.0
111.0
111.0
110.0
112.0
107.0
108.0
107.0
9.0
9.0
115.0
114.0
114.0
115.0
115.0
114.0
117.0
113.0
112.0
12.0
112.0
112.0
113.0
112.0
113.0
112.0
112.0
116.0
108.0
9.0
112.0
112.0
112.0
113.0
113.0
113.0
113.0
111.0
113.0
10.0
112.0
112.0
112.0
112.0
114.0
112.0
111.0
109.0
110.0
10.0
113.0
116.0
112.0
112.0
112.0
114.0
110.0
110.0
109.0
9.0
113.0
111.0
111.0
113.0
108.0
107.0
109.0
107.0
10.0
10.0
114.0
114.0
114.0
112.0
111.0
115.0
110.0
107.0
110.0
10.0
111.0
112.0
112.0
110.0
107.0
107.0
112.0
108.0
10.0
9.0
112.0
111.0
111.0
111.0
108.0
109.0
107.0
107.0
52.0
9.0
109.0
110.0
110.0
109.0
111.0
108.0
108.0
108.0
10.0
9.0
114.0
113.0
115.0
115.0
114.0
115.0
116.0
115.0
113.0
11.0
113.0
113.0
112.0
113.0
114.0
112.0
112.0
112.0
109.0
10.0
113.0
113.0
112.0
112.0
112.0
113.0
112.0
110.0
109.0
10.0
112.0
112.0
113.0
112.0
112.0
112.0
184.0
180.0
180.0
10.0
185.0
184.0
185.0
185.0
184.0
184.0
183.0
110.0
108.0
10.0
111.0
112.0
112.0
111.0
109.0
108.0
108.0
109.0
10.0
9.0
113.0
114.0
112.0
113.0
113.0
112.0
111.0
109.0
109.0
10.0
111.0
111.0
112.0
109.0
108.0
108.0
109.0
109.0
9.0
9.0
112.0
112.0
111.0
111.0
109.0
107.0
109.0
109.0
52.0
9.0
112.0
109.0
111.0
110.0
107.0
109.0
108.0
107.0
9.0
9.0
116.0
114.0
116.0
114.0
115.0
114.0
115.0
114.0
114.0
12.0
113.0
114.0
113.0
114.0
112.0
113.0
112.0
111.0
108.0
10.0
113.0
112.0
113.0
113.0
114.0
113.0
111.0
110.0
109.0
10.0
112.0
113.0
112.0
113.0
112.0
113.0
110.0
108.0
109.0
9.0
112.0
115.0
113.0
112.0
115.0
115.0
110.0
110.0
112.0
10.0
113.0
111.0
111.0
110.0
107.0
109.0
108.0
107.0
9.0
9.0
112.0
113.0
112.0
112.0
112.0
112.0
110.0
109.0
108.0
9.0
113.0
111.0
112.0
110.0
108.0
108.0
108.0
108.0
9.0
9.0
113.0
111.0
112.0
110.0
110.0
108.0
108.0
109.0
52.0
10.0
109.0
111.0
110.0
110.0
108.0
108.0
108.0
107.0
9.0
10.0
196.0
196.0
196.0
195.0
195.0
199.0
199.0
199.0
192.0
95.0
117.0
110.0
116.0
116.0
109.0
109.0
115.0
114.0
112.0
9.0
110.0
115.0
110.0
115.0
114.0
112.0
112.0
112.0
108.0
10.0
113.0
112.0
111.0
113.0
113.0
112.0
111.0
109.0
108.0
9.0
111.0
113.0
111.0
111.0
112.0
113.0
111.0
109.0
109.0
10.0
111.0
111.0
112.0
109.0
108.0
108.0
107.0
108.0
9.0
9.0
113.0
112.0
112.0
111.0
112.0
111.0
110.0
108.0
108.0
9.0
111.0
111.0
112.0
110.0
107.0
107.0
108.0
108.0
9.0
9.0
112.0
113.0
112.0
111.0
109.0
108.0
108.0
108.0
51.0
9.0
110.0
111.0
110.0
110.0
108.0
107.0
108.0
108.0
9.0
10.0
113.0
114.0
114.0
115.0
115.0
115.0
114.0
114.0
113.0
12.0
112.0
111.0
112.0
112.0
114.0
113.0
112.0
111.0
110.0
9.0
113.0
112.0
112.0
112.0
112.0
113.0
112.0
110.0
109.0
10.0
112.0
112.0
113.0
112.0
111.0
112.0
111.0
109.0
108.0
10.0
113.0
113.0
112.0
112.0
112.0
112.0
111.0
109.0
109.0
10.0
111.0
111.0
112.0
111.0
108.0
107.0
108.0
162.0
9.0
9.0
168.0
168.0
167.0
168.0
167.0
166.0
166.0
163.0
163.0
9.0
112.0
112.0
111.0
111.0
108.0
108.0
108.0
108.0
10.0
9.0
112.0
112.0
112.0
110.0
109.0
109.0
109.0
109.0
52.0
9.0
111.0
111.0
110.0
111.0
109.0
109.0
107.0
109.0
9.0
10.0
115.0
115.0
115.0
114.0
115.0
115.0
114.0
114.0
114.0
12.0
113.0
113.0
113.0
112.0
112.0
112.0
111.0
111.0
109.0
10.0
112.0
113.0
112.0
112.0
112.0
113.0
111.0
111.0
109.0
9.0
112.0
113.0
112.0
112.0
113.0
112.0
110.0
107.0
108.0
9.0
112.0
113.0
112.0
113.0
113.0
112.0
111.0
108.0
108.0
10.0
111.0
111.0
111.0
110.0
107.0
108.0
108.0
107.0
9.0
9.0
112.0
111.0
113.0
112.0
113.0
112.0
111.0
108.0
108.0
9.0
111.0
111.0
111.0
110.0
107.0
108.0
108.0
108.0
10.0
9.0
111.0
112.0
112.0
110.0
108.0
109.0
108.0
108.0
51.0
10.0
110.0
111.0
110.0
110.0
107.0
107.0
107.0
107.0
9.0
10.0
115.0
114.0
114.0
114.0
115.0
115.0
114.0
113.0
113.0
11.0
113.0
112.0
112.0
113.0
181.0
180.0
179.0
177.0
174.0
10.0
178.0
179.0
181.0
180.0
179.0
113.0
112.0
111.0
110.0
10.0
112.0
112.0
112.0
113.0
113.0
112.0
111.0
109.0
109.0
9.0
113.0
111.0
112.0
112.0
113.0
113.0
112.0
108.0
108.0
10.0
112.0
111.0
111.0
109.0
107.0
108.0
108.0
108.0
9.0
9.0
112.0
113.0
112.0
112.0
111.0
110.0
110.0
110.0
109.0
9.0
113.0
111.0
114.0
113.0
108.0
108.0
107.0
108.0
9.0
9.0
113.0
113.0
113.0
110.0
109.0
108.0
109.0
107.0
51.0
9.0
109.0
110.0
111.0
111.0
107.0
108.0
108.0
107.0
9.0
9.0
115.0
114.0
115.0
114.0
115.0
115.0
115.0
114.0
113.0
11.0
112.0
113.0
112.0
112.0
112.0
113.0
113.0
111.0
108.0
10.0
113.0
112.0
113.0
111.0
113.0
112.0
112.0
111.0
109.0
10.0
112.0
112.0
112.0
112.0
112.0
112.0
110.0
109.0
108.0
9.0
113.0
112.0
113.0
112.0
112.0
112.0
111.0
108.0
109.0
9.0
112.0
112.0
111.0
110.0
107.0
108.0
108.0
108.0
10.0
9.0
111.0
113.0
112.0
112.0
112.0
111.0
110.0
108.0
108.0
10.0
177.0
178.0
177.0
175.0
174.0
174.0
174.0
173.0
9.0
10.0
177.0
177.0
112.0
110.0
108.0
108.0
109.0
108.0
51.0
10.0
109.0
110.0
111.0
111.0
108.0
107.0
108.0
108.0
9.0
9.0
115.0
116.0
114.0
114.0
115.0
115.0
114.0
113.0
113.0
12.0
113.0
112.0
112.0
112.0
112.0
113.0
112.0
111.0
108.0
10.0
113.0
113.0
113.0
113.0
111.0
112.0
112.0
111.0
109.0
10.0
112.0
112.0
112.0
112.0
113.0
112.0
110.0
109.0
108.0
9.0
113.0
112.0
113.0
112.0
112.0
113.0
110.0
107.0
108.0
10.0
111.0
111.0
110.0
110.0
108.0
108.0
107.0
108.0
10.0
10.0
111.0
112.0
112.0
112.0
112.0
111.0
110.0
108.0
108.0
9.0
111.0
111.0
110.0
110.0
108.0
107.0
108.0
108.0
9.0
9.0
111.0
112.0
112.0
110.0
107.0
108.0
108.0
108.0
50.0
9.0
110.0
110.0
109.0
109.0
108.0
107.0
107.0
108.0
9.0
9.0
115.0
114.0
115.0
115.0
114.0
114.0
113.0
114.0
113.0
11.0
112.0
112.0
112.0
112.0
112.0
112.0
111.0
110.0
107.0
10.0
112.0
112.0
113.0
174.0
174.0
174.0
173.0
173.0
169.0
10.0
174.0
174.0
174.0
175.0
114.0
112.0
111.0
108.0
108.0
10.0
113.0
112.0
112.0
112.0
114.0
112.0
110.0
108.0
108.0
10.0
111.0
111.0
111.0
109.0
107.0
108.0
108.0
107.0
9.0
10.0
112.0
112.0
112.0
112.0
112.0
111.0
110.0
110.0
108.0
9.0
110.0
111.0
112.0
110.0
107.0
108.0
107.0
107.0
9.0
9.0
112.0
112.0
111.0
110.0
109.0
108.0
108.0
108.0
51.0
10.0
109.0
109.0
111.0
109.0
108.0
108.0
108.0
108.0
9.0
10.0
115.0
115.0
115.0
115.0
115.0
114.0
114.0
114.0
113.0
11.0
112.0
112.0
111.0
112.0
112.0
113.0
112.0
110.0
109.0
10.0
112.0
113.0
112.0
112.0
112.0
112.0
111.0
112.0
108.0
10.0
112.0
112.0
112.0
113.0
112.0
112.0
110.0
108.0
108.0
9.0
112.0
112.0
113.0
112.0
112.0
111.0
110.0
108.0
108.0
10.0
111.0
111.0
111.0
110.0
107.0
107.0
106.0
107.0
9.0
9.0
112.0
112.0
112.0
112.0
112.0
111.0
110.0
108.0
108.0
9.0
111.0
111.0
111.0
110.0
170.0
170.0
170.0
168.0
9.0
9.0
174.0
173.0
173.0
172.0
170.0
170.0
109.0
109.0
51.0
9.0
110.0
110.0
110.0
110.0
109.0
108.0
108.0
107.0
9.0
9.0
116.0
116.0
115.0
115.0
115.0
114.0
114.0
113.0
113.0
12.0
113.0
112.0
112.0
112.0
112.0
112.0
112.0
110.0
109.0
10.0
112.0
112.0
112.0
113.0
112.0
112.0
111.0
109.0
108.0
9.0
113.0
112.0
112.0
112.0
112.0
111.0
110.0
108.0
107.0
9.0
111.0
112.0
111.0
112.0
112.0
112.0
110.0
108.0
108.0
9.0
111.0
110.0
111.0
110.0
107.0
107.0
108.0
107.0
9.0
9.0
112.0
113.0
112.0
112.0
112.0
111.0
110.0
108.0
108.0
9.0
111.0
111.0
111.0
110.0
107.0
108.0
107.0
107.0
9.0
9.0
111.0
112.0
111.0
110.0
108.0
108.0
108.0
108.0
51.0
10.0
109.0
109.0
108.0
106.0
105.0
102.0
104.0
101.0
9.0
9.0
