1.0
1.0
1.0
1.0
1.0
1.0
1.0
0.0
0.0
0.0
14.0
14.0
133.0
134.0
132.0
132.0
134.0
132.0
237.0
237.0
237.0
237.0
132.0
132.0
132.0
132.0
115.0
132.0
236.0
153.0
6.0
14.0
237.0
107.0
132.0
132.0
132.0
131.0
141.0
131.0
107.0
131.0
131.0
131.0
131.0
132.0
131.0
132.0
111.0
237.0
15.0
14.0
237.0
132.0
132.0
132.0
132.0
132.0
132.0
119.0
106.0
131.0
108.0
132.0
132.0
132.0
131.0
132.0
107.0
174.0
15.0
6.0
150.0
109.0
132.0
131.0
131.0
132.0
132.0
131.0
108.0
107.0
132.0
107.0
132.0
132.0
132.0
132.0
131.0
126.0
8.0
8.0
132.0
112.0
115.0
131.0
131.0
113.0
132.0
132.0
132.0
132.0
131.0
115.0
115.0
129.0
117.0
128.0
128.0
127.0
8.0
8.0
119.0
128.0
127.0
118.0
119.0
126.0
118.0
125.0
126.0
144.0
150.0
125.0
125.0
119.0
119.0
121.0
122.0
125.0
7.0
8.0
124.0
124.0
125.0
124.0
124.0
124.0
141.0
141.0
142.0
140.0
141.0
141.0
139.0
140.0
140.0
140.0
123.0
122.0
7.0
8.0
123.0
124.0
122.0
123.0
123.0
123.0
123.0
123.0
123.0
124.0
123.0
122.0
122.0
125.0
124.0
122.0
126.0
125.0
9.0
7.0
126.0
124.0
122.0
123.0
122.0
122.0
123.0
125.0
123.0
123.0
124.0
122.0
123.0
123.0
123.0
123.0
122.0
123.0
8.0
7.0
122.0
122.0
123.0
122.0
123.0
122.0
122.0
122.0
122.0
123.0
122.0
121.0
119.0
117.0
120.0
120.0
118.0
117.0
14.0
8.0
14.0
8.0
8.0
8.0
8.0
9.0
14.0
14.0
8.0
8.0
8.0
9.0
8.0
9.0
14.0
14.0
14.0
14.0
136.0
135.0
135.0
134.0
134.0
134.0
240.0
239.0
239.0
239.0
132.0
132.0
133.0
133.0
133.0
136.0
179.0
241.0
241.0
180.0
132.0
116.0
133.0
132.0
132.0
133.0
107.0
132.0
132.0
132.0
133.0
131.0
131.0
120.0
110.0
159.0
159.0
131.0
132.0
132.0
131.0
132.0
111.0
132.0
110.0
133.0
118.0
132.0
113.0
133.0
132.0
132.0
131.0
132.0
114.0
115.0
116.0
130.0
129.0
130.0
130.0
124.0
129.0
118.0
128.0
118.0
117.0
126.0
119.0
127.0
127.0
127.0
127.0
118.0
126.0
119.0
120.0
119.0
129.0
128.0
128.0
129.0
129.0
120.0
130.0
118.0
118.0
119.0
129.0
128.0
120.0
128.0
128.0
128.0
130.0
118.0
119.0
118.0
128.0
119.0
128.0
127.0
127.0
127.0
127.0
120.0
121.0
121.0
123.0
124.0
123.0
123.0
124.0
123.0
124.0
123.0
123.0
123.0
124.0
124.0
123.0
125.0
124.0
123.0
123.0
123.0
122.0
122.0
123.0
124.0
123.0
123.0
123.0
123.0
122.0
122.0
123.0
122.0
123.0
122.0
122.0
122.0
122.0
123.0
123.0
123.0
123.0
123.0
122.0
123.0
123.0
122.0
122.0
122.0
122.0
122.0
122.0
123.0
124.0
123.0
124.0
123.0
124.0
123.0
125.0
124.0
138.0
136.0
140.0
139.0
139.0
138.0
137.0
137.0
144.0
140.0
124.0
122.0
130.0
129.0
8.0
7.0
8.0
7.0
8.0
7.0
7.0
7.0
7.0
1.0
7.0
8.0
8.0
8.0
8.0
7.0
7.0
7.0
7.0
0.0
124.0
123.0
126.0
125.0
122.0
127.0
124.0
123.0
130.0
69.0
123.0
123.0
122.0
125.0
123.0
127.0
125.0
125.0
122.0
66.0
122.0
123.0
122.0
123.0
122.0
123.0
122.0
125.0
123.0
66.0
122.0
124.0
123.0
123.0
129.0
126.0
127.0
128.0
123.0
69.0
124.0
123.0
123.0
123.0
123.0
126.0
123.0
124.0
126.0
67.0
122.0
124.0
122.0
123.0
123.0
123.0
123.0
124.0
123.0
67.0
122.0
122.0
122.0
123.0
123.0
123.0
123.0
123.0
123.0
66.0
125.0
126.0
125.0
124.0
127.0
125.0
125.0
126.0
127.0
69.0
124.0
125.0
124.0
123.0
124.0
122.0
123.0
122.0
122.0
66.0
122.0
124.0
123.0
124.0
123.0
123.0
122.0
122.0
122.0
65.0
122.0
122.0
122.0
122.0
122.0
122.0
123.0
122.0
122.0
66.0
122.0
122.0
125.0
123.0
123.0
123.0
122.0
122.0
122.0
65.0
122.0
122.0
122.0
123.0
122.0
124.0
122.0
122.0
122.0
66.0
123.0
122.0
123.0
123.0
122.0
122.0
123.0
122.0
123.0
66.0
123.0
123.0
123.0
122.0
123.0
123.0
123.0
122.0
122.0
66.0
122.0
123.0
123.0
124.0
123.0
123.0
123.0
123.0
124.0
66.0
123.0
123.0
122.0
123.0
122.0
122.0
123.0
123.0
122.0
66.0
125.0
122.0
123.0
124.0
122.0
123.0
123.0
122.0
122.0
66.0
8.0
7.0
8.0
8.0
7.0
7.0
7.0
7.0
7.0
0.0
7.0
8.0
7.0
8.0
7.0
8.0
8.0
7.0
7.0
0.0
123.0
122.0
122.0
122.0
122.0
123.0
122.0
122.0
123.0
66.0
123.0
123.0
122.0
122.0
122.0
123.0
122.0
124.0
122.0
66.0
122.0
122.0
124.0
123.0
122.0
122.0
126.0
122.0
128.0
68.0
129.0
126.0
128.0
122.0
123.0
124.0
123.0
124.0
130.0
69.0
126.0
126.0
126.0
127.0
122.0
125.0
124.0
123.0
123.0
69.0
139.0
136.0
139.0
139.0
137.0
134.0
134.0
133.0
135.0
77.0
122.0
122.0
122.0
123.0
124.0
124.0
123.0
124.0
123.0
66.0
123.0
123.0
122.0
123.0
122.0
123.0
122.0
123.0
123.0
66.0
123.0
124.0
123.0
123.0
123.0
124.0
123.0
123.0
124.0
66.0
122.0
123.0
122.0
123.0
122.0
123.0
122.0
122.0
122.0
67.0
122.0
123.0
122.0
122.0
122.0
122.0
122.0
123.0
123.0
66.0
122.0
122.0
123.0
122.0
122.0
122.0
122.0
123.0
123.0
66.0
122.0
123.0
123.0
123.0
122.0
123.0
122.0
123.0
123.0
66.0
123.0
123.0
123.0
124.0
124.0
124.0
124.0
124.0
125.0
67.0
125.0
125.0
125.0
125.0
124.0
124.0
125.0
123.0
124.0
66.0
123.0
123.0
122.0
122.0
123.0
123.0
124.0
124.0
123.0
66.0
123.0
123.0
123.0
122.0
123.0
122.0
123.0
122.0
122.0
66.0
122.0
122.0
126.0
124.0
126.0
126.0
128.0
123.0
125.0
66.0
7.0
8.0
8.0
7.0
7.0
7.0
8.0
8.0
7.0
1.0
7.0
7.0
7.0
7.0
7.0
7.0
7.0
7.0
7.0
1.0
125.0
127.0
124.0
123.0
124.0
125.0
124.0
125.0
124.0
66.0
124.0
124.0
129.0
124.0
129.0
131.0
123.0
128.0
128.0
68.0
123.0
123.0
124.0
123.0
123.0
126.0
130.0
129.0
128.0
69.0
126.0
125.0
125.0
122.0
123.0
122.0
125.0
129.0
128.0
68.0
127.0
127.0
126.0
125.0
125.0
126.0
126.0
128.0
127.0
71.0
127.0
126.0
126.0
123.0
122.0
124.0
123.0
124.0
129.0
68.0
128.0
125.0
127.0
128.0
122.0
123.0
124.0
124.0
124.0
66.0
125.0
131.0
129.0
129.0
123.0
122.0
127.0
124.0
124.0
67.0
123.0
125.0
123.0
122.0
124.0
128.0
128.0
125.0
123.0
67.0
124.0
122.0
124.0
128.0
123.0
122.0
123.0
122.0
123.0
66.0
122.0
123.0
123.0
122.0
122.0
123.0
123.0
123.0
123.0
66.0
122.0
122.0
122.0
122.0
124.0
123.0
122.0
123.0
122.0
66.0
137.0
137.0
133.0
133.0
132.0
140.0
132.0
140.0
138.0
81.0
127.0
127.0
129.0
126.0
125.0
124.0
126.0
126.0
126.0
69.0
128.0
123.0
125.0
129.0
125.0
123.0
123.0
125.0
127.0
67.0
124.0
135.0
131.0
128.0
129.0
127.0
125.0
124.0
125.0
69.0
130.0
124.0
126.0
127.0
128.0
129.0
123.0
124.0
123.0
68.0
124.0
124.0
132.0
127.0
129.0
129.0
125.0
130.0
124.0
67.0
7.0
7.0
8.0
7.0
8.0
8.0
7.0
8.0
0.0
1.0
7.0
8.0
8.0
8.0
8.0
7.0
7.0
8.0
0.0
0.0
132.0
133.0
126.0
125.0
126.0
124.0
135.0
134.0
118.0
71.0
132.0
124.0
123.0
124.0
123.0
124.0
129.0
132.0
119.0
67.0
134.0
130.0
127.0
126.0
124.0
126.0
125.0
133.0
124.0
72.0
126.0
135.0
124.0
123.0
122.0
123.0
122.0
122.0
123.0
69.0
127.0
127.0
125.0
126.0
124.0
123.0
122.0
123.0
117.0
68.0
123.0
123.0
122.0
122.0
122.0
123.0
122.0
123.0
117.0
67.0
126.0
122.0
123.0
122.0
122.0
123.0
123.0
123.0
116.0
67.0
124.0
127.0
124.0
123.0
124.0
124.0
123.0
123.0
117.0
66.0
123.0
124.0
123.0
123.0
123.0
123.0
122.0
122.0
117.0
67.0
124.0
123.0
124.0
123.0
122.0
123.0
122.0
124.0
116.0
67.0
124.0
124.0
122.0
124.0
125.0
124.0
124.0
125.0
118.0
66.0
125.0
126.0
126.0
125.0
124.0
124.0
123.0
123.0
116.0
66.0
123.0
124.0
123.0
122.0
124.0
122.0
123.0
123.0
117.0
66.0
124.0
123.0
123.0
122.0
122.0
123.0
123.0
123.0
116.0
67.0
123.0
123.0
123.0
124.0
123.0
123.0
123.0
123.0
117.0
66.0
124.0
125.0
125.0
123.0
123.0
123.0
124.0
122.0
116.0
66.0
122.0
124.0
123.0
123.0
124.0
123.0
124.0
125.0
116.0
66.0
122.0
123.0
124.0
124.0
123.0
123.0
125.0
123.0
117.0
67.0
7.0
7.0
8.0
7.0
8.0
7.0
8.0
7.0
7.0
0.0
8.0
8.0
7.0
8.0
8.0
9.0
8.0
7.0
8.0
0.0
140.0
140.0
141.0
143.0
140.0
140.0
140.0
140.0
139.0
67.0
140.0
124.0
123.0
123.0
123.0
124.0
125.0
125.0
125.0
65.0
122.0
124.0
124.0
124.0
123.0
124.0
124.0
123.0
123.0
68.0
124.0
123.0
124.0
123.0
124.0
124.0
122.0
125.0
123.0
66.0
124.0
124.0
123.0
125.0
130.0
134.0
128.0
133.0
132.0
67.0
138.0
135.0
134.0
131.0
133.0
128.0
128.0
132.0
128.0
71.0
127.0
129.0
132.0
131.0
128.0
130.0
127.0
127.0
128.0
70.0
128.0
132.0
130.0
127.0
131.0
130.0
130.0
127.0
127.0
68.0
127.0
127.0
127.0
130.0
131.0
129.0
131.0
129.0
128.0
68.0
126.0
126.0
126.0
126.0
128.0
129.0
128.0
128.0
128.0
67.0
124.0
124.0
124.0
125.0
123.0
125.0
123.0
123.0
122.0
66.0
124.0
124.0
124.0
126.0
123.0
124.0
122.0
124.0
123.0
67.0
124.0
123.0
124.0
125.0
129.0
125.0
124.0
122.0
122.0
67.0
122.0
124.0
124.0
123.0
125.0
123.0
125.0
123.0
123.0
66.0
122.0
125.0
124.0
126.0
123.0
125.0
124.0
125.0
123.0
66.0
122.0
122.0
124.0
123.0
122.0
124.0
125.0
123.0
123.0
66.0
123.0
123.0
123.0
125.0
123.0
124.0
125.0
125.0
124.0
68.0
125.0
125.0
126.0
126.0
127.0
127.0
127.0
127.0
126.0
68.0
8.0
8.0
7.0
8.0
7.0
7.0
8.0
8.0
7.0
1.0
7.0
7.0
7.0
8.0
7.0
7.0
8.0
7.0
7.0
1.0
122.0
123.0
124.0
123.0
123.0
124.0
125.0
124.0
124.0
66.0
123.0
124.0
122.0
124.0
126.0
125.0
123.0
124.0
124.0
67.0
124.0
124.0
122.0
121.0
125.0
124.0
123.0
123.0
122.0
68.0
123.0
124.0
123.0
122.0
122.0
123.0
122.0
123.0
122.0
67.0
123.0
123.0
125.0
124.0
122.0
122.0
124.0
122.0
122.0
66.0
124.0
123.0
122.0
124.0
124.0
122.0
122.0
123.0
122.0
67.0
123.0
124.0
125.0
122.0
123.0
123.0
123.0
125.0
122.0
66.0
136.0
139.0
136.0
138.0
138.0
139.0
139.0
137.0
136.0
80.0
122.0
123.0
123.0
124.0
126.0
123.0
123.0
125.0
124.0
68.0
124.0
124.0
126.0
124.0
126.0
125.0
125.0
126.0
125.0
67.0
124.0
124.0
124.0
126.0
125.0
127.0
124.0
127.0
124.0
70.0
124.0
124.0
124.0
124.0
124.0
124.0
123.0
125.0
125.0
67.0
124.0
124.0
123.0
122.0
123.0
124.0
124.0
124.0
124.0
67.0
124.0
123.0
123.0
124.0
123.0
122.0
124.0
125.0
124.0
66.0
124.0
123.0
124.0
124.0
123.0
125.0
123.0
123.0
123.0
66.0
123.0
123.0
124.0
123.0
123.0
124.0
125.0
126.0
126.0
67.0
126.0
126.0
126.0
125.0
126.0
125.0
124.0
123.0
123.0
66.0
123.0
122.0
122.0
124.0
124.0
123.0
123.0
123.0
123.0
66.0
8.0
7.0
7.0
8.0
7.0
8.0
8.0
7.0
0.0
0.0
7.0
8.0
7.0
7.0
7.0
8.0
7.0
7.0
1.0
0.0
122.0
122.0
122.0
123.0
123.0
122.0
123.0
123.0
67.0
66.0
123.0
122.0
122.0
122.0
122.0
123.0
122.0
124.0
66.0
67.0
123.0
123.0
124.0
122.0
122.0
122.0
122.0
122.0
67.0
66.0
124.0
123.0
125.0
123.0
123.0
123.0
121.0
122.0
66.0
66.0
122.0
122.0
123.0
124.0
123.0
123.0
122.0
125.0
66.0
66.0
123.0
122.0
122.0
122.0
125.0
124.0
124.0
124.0
66.0
67.0
123.0
124.0
125.0
125.0
126.0
126.0
124.0
124.0
66.0
66.0
125.0
125.0
124.0
123.0
122.0
121.0
122.0
122.0
67.0
67.0
124.0
123.0
123.0
123.0
122.0
123.0
122.0
123.0
66.0
66.0
122.0
122.0
123.0
123.0
124.0
123.0
122.0
123.0
66.0
65.0
122.0
122.0
122.0
121.0
123.0
123.0
123.0
123.0
65.0
66.0
121.0
124.0
122.0
122.0
122.0
122.0
124.0
124.0
68.0
68.0
123.0
123.0
122.0
123.0
124.0
122.0
122.0
122.0
66.0
66.0
123.0
123.0
123.0
123.0
122.0
124.0
122.0
121.0
65.0
66.0
123.0
122.0
123.0
124.0
126.0
122.0
123.0
141.0
66.0
66.0
142.0
141.0
141.0
141.0
141.0
143.0
140.0
142.0
86.0
67.0
123.0
124.0
123.0
122.0
123.0
124.0
123.0
123.0
66.0
67.0
122.0
124.0
124.0
124.0
123.0
123.0
124.0
124.0
66.0
67.0
7.0
8.0
7.0
8.0
8.0
7.0
7.0
8.0
0.0
1.0
7.0
7.0
8.0
8.0
7.0
7.0
7.0
8.0
0.0
0.0
122.0
124.0
123.0
125.0
124.0
124.0
122.0
123.0
67.0
66.0
124.0
124.0
123.0
124.0
124.0
126.0
126.0
123.0
68.0
66.0
126.0
124.0
121.0
122.0
122.0
125.0
125.0
122.0
68.0
69.0
122.0
122.0
122.0
123.0
125.0
122.0
122.0
123.0
66.0
66.0
123.0
122.0
122.0
123.0
123.0
121.0
122.0
123.0
66.0
66.0
127.0
124.0
124.0
124.0
124.0
124.0
124.0
124.0
66.0
66.0
125.0
125.0
124.0
123.0
123.0
124.0
123.0
124.0
66.0
67.0
123.0
122.0
122.0
122.0
122.0
123.0
123.0
122.0
66.0
66.0
124.0
124.0
123.0
122.0
122.0
125.0
122.0
123.0
68.0
65.0
123.0
122.0
122.0
121.0
124.0
122.0
122.0
122.0
66.0
66.0
122.0
123.0
123.0
123.0
122.0
123.0
122.0
123.0
66.0
67.0
123.0
122.0
122.0
123.0
123.0
124.0
123.0
122.0
66.0
65.0
123.0
122.0
124.0
123.0
122.0
122.0
122.0
123.0
66.0
66.0
122.0
123.0
123.0
122.0
123.0
123.0
122.0
123.0
66.0
66.0
124.0
123.0
124.0
124.0
124.0
123.0
127.0
125.0
65.0
67.0
125.0
124.0
123.0
123.0
124.0
124.0
124.0
123.0
67.0
66.0
122.0
122.0
123.0
125.0
123.0
123.0
122.0
122.0
66.0
66.0
122.0
125.0
123.0
123.0
122.0
122.0
124.0
126.0
67.0
69.0
7.0
7.0
7.0
8.0
7.0
8.0
8.0
7.0
1.0
0.0
8.0
7.0
8.0
7.0
7.0
8.0
7.0
8.0
0.0
0.0
123.0
123.0
123.0
123.0
124.0
123.0
126.0
122.0
67.0
66.0
122.0
123.0
122.0
123.0
124.0
122.0
125.0
124.0
67.0
67.0
122.0
122.0
124.0
123.0
123.0
123.0
123.0
122.0
66.0
66.0
124.0
123.0
123.0
122.0
122.0
122.0
123.0
123.0
66.0
65.0
124.0
122.0
124.0
123.0
141.0
140.0
141.0
139.0
66.0
66.0
139.0
139.0
139.0
139.0
140.0
141.0
125.0
123.0
66.0
67.0
124.0
125.0
124.0
123.0
123.0
123.0
123.0
124.0
66.0
66.0
122.0
122.0
123.0
123.0
124.0
124.0
123.0
123.0
67.0
67.0
122.0
125.0
122.0
122.0
123.0
123.0
123.0
123.0
66.0
67.0
123.0
123.0
122.0
124.0
122.0
122.0
123.0
123.0
66.0
66.0
123.0
124.0
123.0
123.0
124.0
124.0
123.0
122.0
66.0
67.0
122.0
123.0
122.0
124.0
124.0
124.0
123.0
125.0
65.0
66.0
123.0
122.0
123.0
123.0
122.0
122.0
123.0
123.0
66.0
67.0
123.0
124.0
122.0
122.0
123.0
125.0
124.0
125.0
66.0
66.0
126.0
124.0
125.0
126.0
124.0
124.0
123.0
124.0
66.0
68.0
122.0
122.0
123.0
123.0
123.0
123.0
122.0
122.0
66.0
66.0
122.0
124.0
122.0
123.0
124.0
124.0
123.0
125.0
66.0
65.0
122.0
122.0
121.0
124.0
118.0
117.0
121.0
121.0
68.0
67.0
