1.0
1.0
1.0
1.0
1.0
1.0
1.0
1.0
1.0
1.0
32.0
28.0
16.0
16.0
17.0
17.0
16.0
17.0
29.0
29.0
19.0
17.0
16.0
16.0
16.0
16.0
29.0
30.0
29.0
29.0
19.0
17.0
17.0
17.0
16.0
17.0
16.0
16.0
16.0
16.0
209.0
208.0
271.0
368.0
286.0
367.0
207.0
207.0
208.0
208.0
195.0
193.0
193.0
195.0
193.0
194.0
157.0
192.0
233.0
224.0
195.0
193.0
193.0
193.0
193.0
193.0
195.0
193.0
192.0
193.0
195.0
193.0
222.0
158.0
192.0
193.0
207.0
193.0
165.0
192.0
195.0
192.0
191.0
192.0
191.0
168.0
244.0
290.0
185.0
203.0
205.0
202.0
204.0
202.0
203.0
186.0
352.0
168.0
351.0
232.0
215.0
232.0
232.0
232.0
233.0
232.0
212.0
168.0
187.0
187.0
190.0
188.0
187.0
187.0
307.0
167.0
304.0
167.0
188.0
188.0
192.0
189.0
188.0
187.0
168.0
167.0
306.0
187.0
187.0
187.0
189.0
187.0
188.0
305.0
167.0
167.0
188.0
187.0
187.0
187.0
189.0
188.0
168.0
306.0
168.0
324.0
168.0
186.0
187.0
201.0
203.0
202.0
202.0
186.0
185.0
323.0
203.0
203.0
188.0
188.0
190.0
188.0
167.0
304.0
168.0
187.0
187.0
188.0
187.0
187.0
189.0
167.0
309.0
167.0
188.0
187.0
310.0
186.0
167.0
187.0
189.0
187.0
178.0
189.0
194.0
192.0
192.0
191.0
190.0
191.0
219.0
185.0
185.0
185.0
185.0
188.0
186.0
186.0
186.0
186.0
204.0
201.0
201.0
194.0
201.0
201.0
201.0
200.0
201.0
200.0
19.0
27.0
28.0
16.0
17.0
16.0
16.0
17.0
28.0
29.0
18.0
16.0
16.0
16.0
16.0
16.0
29.0
29.0
29.0
29.0
19.0
16.0
17.0
17.0
17.0
17.0
16.0
16.0
16.0
16.0
18.0
16.0
29.0
29.0
29.0
29.0
16.0
16.0
16.0
16.0
19.0
17.0
16.0
16.0
16.0
17.0
29.0
29.0
16.0
16.0
34.0
29.0
17.0
17.0
17.0
16.0
16.0
16.0
28.0
16.0
34.0
16.0
16.0
17.0
28.0
16.0
16.0
29.0
16.0
16.0
16.0
16.0
16.0
17.0
1.0
29.0
29.0
1.0
1.0
1.0
1.0
1.0
1.0
1.0
1.0
1.0
1.0
0.0
1.0
1.0
1.0
1.0
0.0
0.0
0.0
1.0
1.0
1.0
1.0
1.0
19.0
17.0
16.0
16.0
16.0
16.0
27.0
28.0
16.0
16.0
19.0
16.0
17.0
16.0
29.0
29.0
14.0
16.0
16.0
17.0
19.0
16.0
17.0
16.0
13.0
16.0
16.0
16.0
16.0
16.0
19.0
17.0
30.0
29.0
13.0
17.0
17.0
16.0
17.0
16.0
15.0
16.0
16.0
16.0
29.0
16.0
16.0
29.0
16.0
13.0
19.0
16.0
16.0
16.0
13.0
16.0
17.0
16.0
16.0
16.0
19.0
13.0
16.0
29.0
29.0
16.0
16.0
17.0
16.0
16.0
16.0
13.0
16.0
17.0
1.0
16.0
16.0
1.0
2.0
1.0
0.0
1.0
1.0
1.0
0.0
1.0
1.0
1.0
0.0
0.0
1.0
1.0
1.0
0.0
1.0
1.0
1.0
1.0
0.0
1.0
18.0
13.0
16.0
29.0
16.0
29.0
17.0
16.0
16.0
17.0
15.0
17.0
17.0
17.0
16.0
16.0
16.0
16.0
13.0
29.0
34.0
13.0
16.0
16.0
17.0
16.0
16.0
16.0
14.0
13.0
19.0
16.0
16.0
13.0
17.0
16.0
16.0
29.0
13.0
26.0
19.0
16.0
13.0
16.0
16.0
13.0
16.0
17.0
13.0
16.0
19.0
13.0
16.0
16.0
16.0
16.0
16.0
16.0
13.0
13.0
19.0
17.0
16.0
17.0
16.0
16.0
16.0
16.0
13.0
13.0
16.0
16.0
16.0
16.0
1.0
13.0
16.0
1.0
1.0
1.0
0.0
1.0
1.0
0.0
1.0
1.0
1.0
0.0
1.0
1.0
1.0
1.0
0.0
1.0
1.0
1.0
1.0
0.0
0.0
1.0
195.0
158.0
193.0
193.0
157.0
193.0
193.0
205.0
193.0
193.0
162.0
201.0
192.0
193.0
193.0
192.0
198.0
192.0
193.0
189.0
171.0
227.0
202.0
202.0
201.0
201.0
201.0
201.0
221.0
188.0
193.0
183.0
228.0
184.0
173.0
214.0
184.0
184.0
184.0
173.0
174.0
173.0
180.0
181.0
180.0
181.0
180.0
173.0
273.0
269.0
176.0
176.0
181.0
180.0
180.0
180.0
179.0
177.0
179.0
180.0
180.0
178.0
179.0
179.0
179.0
180.0
179.0
179.0
217.0
217.0
218.0
217.0
218.0
217.0
204.0
218.0
219.0
204.0
165.0
91.0
166.0
165.0
91.0
90.0
91.0
165.0
90.0
90.0
90.0
90.0
90.0
90.0
91.0
90.0
91.0
90.0
91.0
90.0
93.0
98.0
202.0
203.0
201.0
193.0
193.0
196.0
196.0
199.0
196.0
195.0
196.0
206.0
195.0
193.0
192.0
191.0
191.0
193.0
192.0
195.0
191.0
189.0
189.0
189.0
207.0
189.0
190.0
188.0
189.0
183.0
198.0
195.0
195.0
194.0
200.0
216.0
202.0
201.0
201.0
195.0
182.0
179.0
179.0
179.0
189.0
190.0
204.0
192.0
192.0
179.0
183.0
181.0
181.0
180.0
192.0
196.0
192.0
182.0
205.0
195.0
182.0
181.0
180.0
181.0
189.0
191.0
180.0
189.0
189.0
202.0
180.0
179.0
180.0
179.0
172.0
180.0
186.0
170.0
171.0
99.0
168.0
167.0
91.0
92.0
95.0
178.0
91.0
92.0
94.0
91.0
93.0
91.0
109.0
104.0
104.0
103.0
112.0
109.0
104.0
103.0
203.0
188.0
188.0
181.0
180.0
180.0
192.0
184.0
180.0
180.0
185.0
182.0
183.0
180.0
180.0
180.0
188.0
180.0
179.0
192.0
190.0
183.0
182.0
180.0
180.0
180.0
180.0
180.0
180.0
193.0
183.0
180.0
180.0
183.0
182.0
182.0
182.0
182.0
182.0
180.0
186.0
184.0
185.0
180.0
180.0
180.0
180.0
179.0
189.0
203.0
202.0
199.0
197.0
316.0
194.0
195.0
195.0
195.0
194.0
302.0
222.0
218.0
220.0
224.0
224.0
223.0
223.0
219.0
187.0
186.0
179.0
175.0
176.0
187.0
172.0
187.0
186.0
161.0
171.0
94.0
159.0
159.0
88.0
95.0
94.0
211.0
94.0
94.0
93.0
88.0
140.0
91.0
91.0
92.0
92.0
90.0
91.0
92.0
91.0
92.0
183.0
181.0
181.0
182.0
180.0
180.0
181.0
181.0
180.0
180.0
182.0
180.0
181.0
179.0
180.0
179.0
180.0
179.0
179.0
180.0
199.0
196.0
196.0
195.0
194.0
195.0
195.0
196.0
194.0
198.0
183.0
181.0
181.0
180.0
183.0
180.0
180.0
181.0
181.0
180.0
183.0
180.0
180.0
180.0
179.0
179.0
179.0
181.0
179.0
180.0
183.0
181.0
181.0
179.0
180.0
180.0
180.0
181.0
179.0
181.0
183.0
179.0
181.0
179.0
178.0
178.0
179.0
181.0
180.0
181.0
179.0
179.0
180.0
180.0
166.0
179.0
179.0
167.0
165.0
91.0
183.0
182.0
107.0
107.0
108.0
183.0
106.0
107.0
107.0
106.0
91.0
90.0
91.0
91.0
91.0
91.0
91.0
91.0
91.0
92.0
183.0
180.0
180.0
181.0
180.0
180.0
181.0
181.0
180.0
180.0
182.0
179.0
179.0
181.0
179.0
178.0
180.0
180.0
181.0
180.0
181.0
178.0
178.0
180.0
179.0
178.0
180.0
181.0
180.0
180.0
182.0
179.0
179.0
179.0
181.0
179.0
181.0
182.0
180.0
180.0
198.0
196.0
195.0
196.0
196.0
196.0
196.0
235.0
236.0
236.0
218.0
217.0
218.0
217.0
219.0
218.0
219.0
181.0
182.0
182.0
182.0
179.0
181.0
180.0
182.0
179.0
181.0
181.0
180.0
180.0
179.0
180.0
180.0
181.0
167.0
179.0
181.0
166.0
167.0
91.0
166.0
167.0
91.0
90.0
90.0
164.0
90.0
91.0
91.0
91.0
90.0
91.0
91.0
91.0
91.0
92.0
91.0
91.0
91.0
90.0
181.0
179.0
179.0
179.0
181.0
180.0
181.0
180.0
180.0
179.0
196.0
194.0
194.0
194.0
197.0
196.0
196.0
196.0
196.0
194.0
181.0
179.0
179.0
179.0
180.0
180.0
181.0
181.0
181.0
179.0
182.0
180.0
179.0
179.0
180.0
180.0
180.0
180.0
179.0
180.0
181.0
179.0
179.0
178.0
180.0
180.0
180.0
179.0
181.0
181.0
182.0
179.0
178.0
179.0
180.0
182.0
181.0
181.0
180.0
179.0
181.0
179.0
178.0
178.0
181.0
180.0
181.0
193.0
195.0
194.0
196.0
196.0
195.0
196.0
183.0
197.0
197.0
168.0
167.0
92.0
166.0
165.0
91.0
91.0
91.0
167.0
90.0
91.0
91.0
90.0
90.0
90.0
90.0
91.0
90.0
90.0
90.0
91.0
90.0
91.0
182.0
180.0
180.0
180.0
179.0
180.0
180.0
181.0
180.0
179.0
181.0
181.0
180.0
182.0
180.0
181.0
181.0
180.0
179.0
179.0
181.0
178.0
180.0
179.0
180.0
180.0
181.0
180.0
179.0
178.0
199.0
194.0
196.0
195.0
196.0
197.0
238.0
237.0
236.0
238.0
224.0
221.0
223.0
221.0
223.0
222.0
181.0
182.0
180.0
180.0
182.0
179.0
181.0
179.0
181.0
182.0
181.0
181.0
178.0
179.0
181.0
179.0
180.0
180.0
180.0
180.0
180.0
181.0
181.0
179.0
180.0
180.0
181.0
179.0
166.0
180.0
179.0
167.0
168.0
90.0
165.0
164.0
91.0
91.0
91.0
165.0
91.0
91.0
91.0
91.0
90.0
91.0
91.0
92.0
91.0
90.0
91.0
90.0
90.0
90.0
200.0
195.0
197.0
198.0
197.0
195.0
197.0
195.0
194.0
195.0
183.0
179.0
181.0
180.0
180.0
180.0
181.0
179.0
178.0
179.0
183.0
179.0
181.0
181.0
181.0
179.0
179.0
181.0
179.0
178.0
183.0
180.0
181.0
180.0
180.0
179.0
180.0
180.0
180.0
181.0
183.0
179.0
180.0
181.0
182.0
180.0
178.0
180.0
179.0
179.0
182.0
179.0
180.0
180.0
180.0
178.0
180.0
181.0
179.0
195.0
199.0
196.0
197.0
196.0
196.0
196.0
195.0
196.0
195.0
180.0
179.0
181.0
180.0
179.0
166.0
181.0
179.0
165.0
165.0
91.0
166.0
164.0
91.0
91.0
91.0
166.0
91.0
90.0
90.0
91.0
91.0
91.0
92.0
90.0
90.0
91.0
92.0
90.0
90.0
92.0
183.0
181.0
181.0
179.0
179.0
179.0
180.0
179.0
180.0
181.0
184.0
181.0
179.0
180.0
178.0
179.0
181.0
178.0
179.0
181.0
199.0
197.0
196.0
196.0
196.0
195.0
197.0
195.0
236.0
238.0
225.0
223.0
220.0
222.0
223.0
221.0
222.0
219.0
180.0
182.0
186.0
181.0
183.0
181.0
182.0
180.0
183.0
182.0
183.0
182.0
189.0
181.0
187.0
181.0
186.0
181.0
181.0
186.0
184.0
182.0
182.0
181.0
181.0
179.0
179.0
179.0
180.0
178.0
179.0
181.0
181.0
181.0
179.0
180.0
165.0
180.0
181.0
165.0
166.0
91.0
183.0
181.0
90.0
90.0
91.0
182.0
90.0
90.0
91.0
106.0
108.0
107.0
108.0
108.0
107.0
108.0
92.0
90.0
91.0
91.0
181.0
181.0
180.0
179.0
180.0
181.0
179.0
179.0
180.0
180.0
182.0
178.0
181.0
181.0
178.0
181.0
180.0
178.0
180.0
180.0
181.0
178.0
179.0
180.0
179.0
180.0
179.0
180.0
181.0
180.0
183.0
181.0
180.0
181.0
181.0
180.0
180.0
179.0
180.0
180.0
181.0
181.0
179.0
181.0
181.0
182.0
179.0
195.0
197.0
198.0
198.0
196.0
196.0
197.0
197.0
198.0
197.0
179.0
181.0
180.0
181.0
178.0
179.0
181.0
181.0
181.0
178.0
180.0
180.0
181.0
180.0
179.0
179.0
180.0
166.0
180.0
178.0
164.0
167.0
91.0
175.0
179.0
97.0
96.0
94.0
175.0
97.0
98.0
102.0
102.0
96.0
96.0
98.0
93.0
97.0
96.0
94.0
94.0
94.0
94.0
193.0
191.0
192.0
186.0
190.0
190.0
186.0
186.0
186.0
186.0
206.0
202.0
205.0
201.0
240.0
242.0
240.0
238.0
238.0
239.0
226.0
224.0
225.0
222.0
184.0
183.0
180.0
181.0
180.0
180.0
181.0
178.0
179.0
180.0
179.0
179.0
182.0
180.0
181.0
181.0
181.0
178.0
179.0
180.0
179.0
178.0
181.0
182.0
180.0
180.0
182.0
178.0
178.0
181.0
179.0
180.0
180.0
180.0
181.0
181.0
182.0
178.0
179.0
180.0
179.0
178.0
180.0
180.0
180.0
180.0
195.0
195.0
195.0
197.0
182.0
195.0
196.0
182.0
183.0
107.0
166.0
165.0
90.0
91.0
91.0
166.0
90.0
91.0
91.0
91.0
91.0
90.0
90.0
91.0
92.0
91.0
91.0
92.0
91.0
92.0
182.0
179.0
179.0
178.0
180.0
180.0
181.0
181.0
180.0
180.0
183.0
180.0
179.0
179.0
180.0
180.0
180.0
180.0
179.0
181.0
181.0
179.0
180.0
179.0
181.0
181.0
180.0
181.0
179.0
180.0
182.0
179.0
179.0
178.0
195.0
196.0
196.0
196.0
195.0
197.0
198.0
195.0
196.0
195.0
180.0
181.0
181.0
181.0
179.0
181.0
182.0
179.0
179.0
179.0
180.0
180.0
180.0
181.0
179.0
181.0
182.0
180.0
180.0
180.0
182.0
181.0
181.0
181.0
180.0
181.0
179.0
179.0
179.0
180.0
166.0
180.0
180.0
166.0
166.0
91.0
167.0
166.0
90.0
91.0
92.0
166.0
91.0
92.0
92.0
90.0
91.0
90.0
89.0
91.0
90.0
90.0
90.0
90.0
91.0
90.0
198.0
198.0
194.0
239.0
238.0
236.0
238.0
236.0
238.0
237.0
222.0
222.0
221.0
181.0
182.0
180.0
180.0
178.0
181.0
179.0
181.0
182.0
179.0
181.0
179.0
181.0
182.0
178.0
182.0
179.0
182.0
180.0
181.0
179.0
180.0
182.0
181.0
180.0
181.0
179.0
182.0
180.0
181.0
179.0
180.0
181.0
181.0
178.0
181.0
180.0
181.0
178.0
182.0
179.0
181.0
181.0
181.0
179.0
180.0
179.0
198.0
196.0
198.0
196.0
197.0
197.0
197.0
196.0
197.0
196.0
179.0
180.0
181.0
179.0
167.0
181.0
181.0
165.0
166.0
91.0
166.0
165.0
92.0
91.0
91.0
166.0
92.0
91.0
91.0
92.0
90.0
91.0
92.0
90.0
91.0
91.0
90.0
90.0
91.0
91.0
182.0
181.0
180.0
181.0
180.0
180.0
180.0
179.0
180.0
179.0
181.0
181.0
181.0
179.0
180.0
181.0
181.0
178.0
178.0
179.0
181.0
181.0
181.0
194.0
196.0
196.0
197.0
195.0
196.0
195.0
198.0
197.0
198.0
180.0
182.0
181.0
180.0
180.0
179.0
179.0
184.0
180.0
180.0
181.0
180.0
181.0
180.0
181.0
180.0
180.0
180.0
181.0
181.0
179.0
181.0
180.0
179.0
180.0
178.0
179.0
182.0
181.0
180.0
179.0
180.0
180.0
179.0
181.0
178.0
179.0
179.0
181.0
182.0
178.0
168.0
180.0
179.0
167.0
164.0
91.0
181.0
180.0
91.0
90.0
91.0
182.0
106.0
105.0
106.0
105.0
150.0
148.0
149.0
135.0
133.0
135.0
133.0
132.0
132.0
133.0
183.0
179.0
181.0
179.0
181.0
181.0
179.0
180.0
179.0
180.0
181.0
181.0
179.0
179.0
180.0
179.0
180.0
179.0
179.0
180.0
181.0
180.0
181.0
179.0
179.0
180.0
179.0
180.0
179.0
179.0
182.0
179.0
179.0
179.0
179.0
179.0
180.0
179.0
179.0
179.0
181.0
179.0
180.0
178.0
179.0
180.0
179.0
180.0
179.0
180.0
197.0
195.0
196.0
196.0
195.0
196.0
196.0
196.0
196.0
196.0
182.0
181.0
179.0
181.0
180.0
180.0
179.0
180.0
180.0
179.0
179.0
181.0
178.0
180.0
164.0
179.0
179.0
166.0
166.0
90.0
166.0
165.0
90.0
90.0
91.0
165.0
90.0
90.0
90.0
91.0
91.0
91.0
91.0
90.0
91.0
90.0
90.0
91.0
90.0
90.0
182.0
179.0
180.0
180.0
179.0
179.0
179.0
180.0
180.0
179.0
183.0
181.0
178.0
195.0
193.0
194.0
195.0
196.0
196.0
196.0
200.0
197.0
197.0
183.0
182.0
182.0
181.0
181.0
180.0
181.0
183.0
181.0
179.0
179.0
181.0
178.0
178.0
180.0
179.0
179.0
181.0
181.0
180.0
178.0
181.0
179.0
179.0
180.0
181.0
178.0
183.0
179.0
180.0
178.0
180.0
179.0
178.0
181.0
180.0
179.0
181.0
181.0
180.0
179.0
180.0
178.0
179.0
181.0
180.0
178.0
242.0
242.0
241.0
242.0
227.0
237.0
240.0
228.0
227.0
151.0
166.0
167.0
91.0
91.0
90.0
166.0
90.0
92.0
91.0
91.0
92.0
90.0
92.0
91.0
91.0
92.0
92.0
90.0
92.0
92.0
181.0
179.0
180.0
179.0
178.0
181.0
182.0
179.0
182.0
180.0
182.0
180.0
181.0
179.0
180.0
181.0
181.0
180.0
182.0
182.0
181.0
179.0
180.0
180.0
180.0
181.0
179.0
181.0
181.0
181.0
181.0
180.0
181.0
180.0
179.0
181.0
180.0
182.0
196.0
196.0
199.0
196.0
198.0
195.0
196.0
197.0
195.0
196.0
182.0
182.0
183.0
179.0
180.0
179.0
181.0
181.0
180.0
181.0
181.0
180.0
183.0
180.0
179.0
180.0
180.0
181.0
179.0
180.0
180.0
181.0
179.0
180.0
180.0
181.0
166.0
181.0
179.0
166.0
166.0
91.0
166.0
166.0
90.0
90.0
91.0
165.0
92.0
90.0
91.0
91.0
91.0
91.0
91.0
90.0
87.0
90.0
88.0
88.0
84.0
84.0
