3.0
3.0
3.0
3.0
3.0
2.0
3.0
3.0
3.0
3.0
9.0
40.0
83.0
84.0
84.0
84.0
84.0
84.0
85.0
84.0
84.0
84.0
3085.0
3073.0
3083.0
3085.0
3079.0
3068.0
3071.0
8.0
39.0
117.0
116.0
83.0
84.0
84.0
83.0
83.0
84.0
84.0
84.0
3047.0
3032.0
3027.0
3021.0
3023.0
3012.0
3024.0
3014.0
8.0
39.0
84.0
84.0
84.0
84.0
84.0
84.0
96.0
97.0
85.0
84.0
3017.0
3011.0
3008.0
3006.0
3004.0
3008.0
3012.0
3009.0
8.0
40.0
83.0
84.0
84.0
83.0
84.0
84.0
84.0
85.0
85.0
83.0
3027.0
3037.0
3014.0
3023.0
3017.0
3021.0
3037.0
3046.0
8.0
39.0
84.0
84.0
92.0
93.0
84.0
84.0
85.0
84.0
84.0
84.0
3033.0
3027.0
3021.0
3040.0
3040.0
3044.0
3051.0
3028.0
8.0
39.0
84.0
84.0
83.0
83.0
84.0
85.0
84.0
84.0
84.0
83.0
3035.0
3032.0
3032.0
3022.0
3036.0
3032.0
3032.0
3030.0
8.0
40.0
84.0
84.0
84.0
84.0
84.0
84.0
84.0
92.0
95.0
87.0
3024.0
3016.0
3033.0
3041.0
3053.0
3043.0
3036.0
3043.0
8.0
40.0
84.0
83.0
84.0
84.0
83.0
84.0
84.0
84.0
84.0
84.0
3060.0
3064.0
3055.0
3055.0
3051.0
3082.0
3073.0
3089.0
8.0
40.0
84.0
84.0
96.0
96.0
85.0
84.0
83.0
84.0
85.0
84.0
3068.0
3074.0
3073.0
3075.0
3068.0
3070.0
3022.0
3014.0
8.0
40.0
87.0
87.0
85.0
84.0
84.0
84.0
84.0
83.0
84.0
83.0
3007.0
2995.0
3004.0
2991.0
2982.0
3011.0
3002.0
2997.0
9.0
41.0
85.0
86.0
86.0
86.0
86.0
86.0
85.0
85.0
86.0
95.0
3070.0
3076.0
3076.0
3079.0
3081.0
3073.0
3076.0
7.0
51.0
84.0
84.0
84.0
83.0
84.0
84.0
83.0
84.0
84.0
84.0
3067.0
3064.0
3074.0
3093.0
3095.0
3083.0
3089.0
3087.0
9.0
40.0
84.0
93.0
93.0
84.0
84.0
84.0
85.0
84.0
84.0
85.0
3079.0
3081.0
3090.0
3088.0
3018.0
3017.0
3016.0
3012.0
8.0
39.0
83.0
83.0
84.0
84.0
84.0
84.0
84.0
84.0
83.0
83.0
3027.0
3029.0
3031.0
3028.0
3034.0
3046.0
3037.0
3056.0
9.0
40.0
94.0
95.0
85.0
84.0
84.0
84.0
84.0
84.0
84.0
84.0
3052.0
3049.0
3046.0
3065.0
3043.0
3037.0
3040.0
3059.0
8.0
39.0
84.0
84.0
83.0
84.0
84.0
84.0
84.0
84.0
106.0
107.0
3087.0
3109.0
3108.0
3102.0
3102.0
3105.0
3105.0
8.0
40.0
85.0
84.0
84.0
86.0
84.0
83.0
120.0
127.0
98.0
95.0
3072.0
3110.0
3043.0
3024.0
3045.0
3040.0
3035.0
3031.0
8.0
39.0
84.0
84.0
83.0
83.0
84.0
83.0
84.0
84.0
83.0
83.0
3053.0
3048.0
3063.0
3185.0
3028.0
3023.0
3018.0
3022.0
8.0
39.0
84.0
84.0
84.0
84.0
83.0
84.0
85.0
84.0
84.0
84.0
3038.0
3033.0
3042.0
3039.0
3049.0
3111.0
3037.0
3036.0
8.0
39.0
83.0
83.0
83.0
83.0
83.0
83.0
83.0
96.0
96.0
83.0
3075.0
3066.0
3065.0
3068.0
3068.0
3065.0
3078.0
3029.0
8.0
79.0
123.0
84.0
84.0
84.0
84.0
84.0
84.0
83.0
83.0
83.0
3067.0
3072.0
3073.0
3068.0
3049.0
3062.0
3078.0
3073.0
8.0
39.0
84.0
83.0
84.0
84.0
83.0
83.0
93.0
96.0
85.0
83.0
3057.0
3068.0
3041.0
3045.0
3040.0
3044.0
3051.0
3054.0
8.0
40.0
84.0
84.0
84.0
83.0
84.0
84.0
83.0
84.0
83.0
83.0
3049.0
3058.0
3080.0
3087.0
3026.0
3014.0
3019.0
3020.0
8.0
39.0
83.0
84.0
84.0
92.0
93.0
84.0
84.0
84.0
83.0
84.0
3040.0
3029.0
3034.0
3033.0
3007.0
3013.0
3047.0
3045.0
3.0
55.0
100.0
79.0
79.0
78.0
78.0
78.0
78.0
79.0
79.0
79.0
3032.0
3045.0
3054.0
3045.0
3051.0
3033.0
3052.0
3047.0
2.0
35.0
80.0
79.0
78.0
78.0
78.0
79.0
78.0
78.0
102.0
102.0
3016.0
3005.0
3000.0
3006.0
2999.0
2995.0
3037.0
2998.0
2.0
3.0
3.0
3.0
2.0
2.0
3.0
3.0
2.0
3.0
3.0
3.0
2945.0
2939.0
2968.0
2959.0
2964.0
2957.0
2950.0
2947.0
2.0
3.0
2.0
2.0
2.0
2.0
2.0
3.0
2.0
2.0
2.0
2.0
2964.0
2967.0
2972.0
2976.0
2954.0
2956.0
2952.0
2956.0
2.0
2.0
3.0
3.0
3.0
3.0
3.0
3.0
2.0
2.0
3.0
3.0
1632.0
1613.0
1618.0
1625.0
1613.0
1626.0
1623.0
1616.0
2.0
2.0
2.0
3.0
2.0
2.0
3.0
3.0
2.0
2.0
2.0
2.0
1617.0
1629.0
1618.0
1627.0
1600.0
1602.0
1593.0
1598.0
8.0
39.0
83.0
84.0
83.0
84.0
84.0
83.0
83.0
84.0
83.0
83.0
3032.0
3025.0
3022.0
3038.0
3015.0
3028.0
3017.0
3016.0
8.0
39.0
84.0
83.0
83.0
84.0
83.0
83.0
94.0
95.0
83.0
83.0
3027.0
3032.0
3022.0
3012.0
3005.0
3004.0
3004.0
3006.0
8.0
40.0
84.0
105.0
106.0
84.0
83.0
83.0
84.0
84.0
83.0
83.0
3016.0
3012.0
3009.0
3011.0
3046.0
3050.0
3042.0
3037.0
7.0
39.0
84.0
94.0
94.0
84.0
83.0
84.0
85.0
85.0
84.0
106.0
3033.0
3012.0
3016.0
3017.0
3025.0
3019.0
3062.0
3066.0
8.0
39.0
83.0
84.0
84.0
83.0
83.0
84.0
85.0
85.0
84.0
83.0
3067.0
3059.0
3068.0
3046.0
3068.0
3069.0
3062.0
3071.0
8.0
38.0
83.0
83.0
83.0
83.0
96.0
95.0
84.0
83.0
83.0
83.0
3019.0
3005.0
3010.0
3005.0
3004.0
3001.0
3024.0
3025.0
8.0
39.0
83.0
84.0
105.0
105.0
83.0
84.0
84.0
84.0
84.0
83.0
3003.0
3001.0
3022.0
3034.0
3019.0
3049.0
3046.0
3042.0
8.0
38.0
85.0
83.0
83.0
83.0
83.0
84.0
84.0
84.0
83.0
83.0
3034.0
3033.0
3032.0
3033.0
3037.0
3043.0
3059.0
3010.0
8.0
39.0
83.0
83.0
84.0
84.0
83.0
84.0
83.0
84.0
83.0
83.0
3031.0
3064.0
3056.0
3036.0
3059.0
3048.0
3055.0
3053.0
8.0
39.0
84.0
83.0
84.0
83.0
83.0
109.0
110.0
84.0
83.0
83.0
3024.0
3032.0
3025.0
3019.0
3102.0
3102.0
3101.0
3114.0
8.0
39.0
83.0
83.0
84.0
84.0
83.0
83.0
84.0
84.0
83.0
83.0
3113.0
3124.0
3129.0
3120.0
3120.0
3247.0
3021.0
3020.0
8.0
41.0
86.0
85.0
84.0
84.0
84.0
84.0
86.0
87.0
87.0
85.0
3022.0
3020.0
3028.0
3033.0
3034.0
3037.0
3031.0
3107.0
8.0
38.0
92.0
94.0
86.0
83.0
83.0
84.0
84.0
84.0
83.0
83.0
3026.0
3035.0
3025.0
3035.0
3018.0
3041.0
3036.0
3047.0
3.0
34.0
78.0
78.0
79.0
78.0
88.0
88.0
78.0
78.0
78.0
78.0
3018.0
3030.0
3018.0
3032.0
3031.0
3026.0
3004.0
3007.0
2.0
34.0
79.0
78.0
78.0
78.0
78.0
78.0
78.0
79.0
78.0
78.0
3014.0
3013.0
3016.0
3037.0
3016.0
3021.0
3017.0
3011.0
3.0
2.0
2.0
3.0
2.0
2.0
3.0
2.0
2.0
2.0
2.0
3.0
2947.0
2979.0
2979.0
2974.0
2991.0
2952.0
2967.0
2973.0
2.0
2.0
3.0
2.0
3.0
2.0
3.0
2.0
2.0
3.0
3.0
2.0
2974.0
2971.0
2984.0
2956.0
2958.0
2952.0
2941.0
2951.0
3.0
2.0
2.0
3.0
2.0
2.0
2.0
2.0
3.0
2.0
2.0
3.0
2940.0
2938.0
2936.0
2939.0
2951.0
2940.0
2971.0
2968.0
3.0
2.0
2.0
3.0
2.0
3.0
2.0
2.0
3.0
2.0
3.0
2.0
1621.0
1637.0
1640.0
1639.0
1637.0
1637.0
1607.0
1621.0
3.0
2.0
2.0
3.0
2.0
3.0
2.0
2.0
3.0
3.0
2.0
2.0
1620.0
1620.0
1646.0
1632.0
1643.0
1641.0
1645.0
1637.0
8.0
39.0
88.0
84.0
95.0
92.0
88.0
86.0
83.0
83.0
83.0
84.0
3065.0
3042.0
3051.0
3048.0
3011.0
3024.0
3014.0
3015.0
8.0
39.0
83.0
83.0
84.0
84.0
83.0
83.0
83.0
83.0
84.0
84.0
3023.0
3024.0
3003.0
3013.0
3014.0
3026.0
3019.0
3018.0
7.0
39.0
84.0
83.0
91.0
94.0
86.0
84.0
83.0
84.0
84.0
83.0
3012.0
3004.0
3014.0
3029.0
3044.0
3036.0
3029.0
3028.0
8.0
39.0
83.0
83.0
84.0
83.0
83.0
83.0
84.0
83.0
83.0
83.0
3078.0
3071.0
3094.0
3064.0
3055.0
3068.0
3052.0
3032.0
8.0
39.0
83.0
92.0
94.0
86.0
84.0
84.0
83.0
83.0
83.0
83.0
3040.0
3040.0
3002.0
3011.0
3008.0
3013.0
3008.0
3047.0
8.0
39.0
83.0
84.0
106.0
106.0
84.0
83.0
83.0
83.0
84.0
84.0
3003.0
3017.0
3013.0
3058.0
3016.0
3023.0
3019.0
3016.0
17.0
41.0
84.0
83.0
83.0
84.0
83.0
83.0
83.0
83.0
83.0
84.0
3020.0
3025.0
3022.0
3019.0
3008.0
3004.0
3013.0
3008.0
7.0
39.0
83.0
84.0
83.0
83.0
84.0
84.0
83.0
83.0
84.0
84.0
3021.0
3036.0
3027.0
3052.0
3025.0
3024.0
3049.0
3051.0
7.0
39.0
93.0
93.0
83.0
83.0
84.0
83.0
83.0
84.0
84.0
83.0
3031.0
3039.0
3039.0
3009.0
3006.0
3017.0
3061.0
3068.0
7.0
39.0
84.0
83.0
83.0
84.0
83.0
83.0
84.0
83.0
83.0
83.0
3055.0
3048.0
3058.0
3053.0
3052.0
3054.0
3051.0
3069.0
8.0
39.0
83.0
85.0
84.0
84.0
83.0
84.0
84.0
83.0
83.0
84.0
3021.0
3035.0
3005.0
3010.0
3009.0
3004.0
3014.0
3006.0
8.0
39.0
84.0
83.0
83.0
85.0
85.0
84.0
83.0
93.0
93.0
84.0
3031.0
3040.0
3011.0
3018.0
3026.0
3022.0
3051.0
3051.0
2.0
34.0
87.0
89.0
80.0
78.0
78.0
78.0
78.0
78.0
78.0
78.0
3024.0
3032.0
3009.0
3017.0
3030.0
3031.0
3035.0
3036.0
2.0
34.0
78.0
78.0
78.0
78.0
78.0
78.0
78.0
78.0
78.0
78.0
3022.0
3013.0
3019.0
3021.0
3035.0
3027.0
2999.0
3001.0
2.0
34.0
78.0
78.0
78.0
78.0
78.0
78.0
79.0
78.0
95.0
95.0
3003.0
3020.0
3009.0
3013.0
2998.0
3003.0
3039.0
3056.0
3.0
2.0
2.0
3.0
2.0
2.0
3.0
2.0
2.0
3.0
2.0
2.0
2976.0
3069.0
2983.0
2973.0
2976.0
2985.0
2980.0
2983.0
2.0
3.0
2.0
3.0
2.0
2.0
3.0
2.0
2.0
3.0
2.0
2.0
2972.0
2966.0
2951.0
3082.0
2952.0
2966.0
2981.0
2966.0
2.0
2.0
3.0
2.0
2.0
3.0
2.0
3.0
2.0
2.0
3.0
2.0
2970.0
2973.0
2944.0
2952.0
2943.0
2962.0
2935.0
2935.0
2.0
3.0
2.0
2.0
3.0
2.0
2.0
3.0
2.0
2.0
3.0
3.0
1596.0
1596.0
1613.0
1601.0
1618.0
1623.0
1649.0
1647.0
2.0
2.0
3.0
3.0
2.0
2.0
2.0
2.0
3.0
3.0
2.0
2.0
1617.0
1617.0
1632.0
1640.0
1634.0
1608.0
1617.0
1617.0
7.0
39.0
83.0
83.0
83.0
84.0
83.0
83.0
83.0
83.0
83.0
84.0
3016.0
3007.0
3003.0
3009.0
3010.0
3023.0
3019.0
3048.0
7.0
38.0
83.0
83.0
83.0
83.0
105.0
106.0
83.0
83.0
84.0
84.0
3024.0
3016.0
3059.0
3059.0
3091.0
3092.0
3096.0
3068.0
7.0
39.0
84.0
83.0
83.0
84.0
105.0
106.0
83.0
83.0
83.0
84.0
3050.0
3066.0
3060.0
3063.0
3059.0
3042.0
3003.0
3018.0
8.0
39.0
83.0
83.0
84.0
84.0
83.0
83.0
83.0
84.0
84.0
84.0
3014.0
3033.0
3024.0
3024.0
3026.0
3024.0
3025.0
3015.0
8.0
39.0
83.0
83.0
84.0
83.0
91.0
93.0
86.0
84.0
83.0
83.0
3008.0
2999.0
3009.0
3016.0
3017.0
3018.0
3035.0
3029.0
8.0
39.0
83.0
83.0
84.0
84.0
83.0
83.0
83.0
83.0
84.0
83.0
3019.0
3013.0
3012.0
3009.0
3050.0
3051.0
3035.0
3041.0
8.0
39.0
83.0
83.0
83.0
84.0
84.0
84.0
83.0
84.0
84.0
83.0
3027.0
3031.0
3039.0
3037.0
3044.0
3047.0
3008.0
3019.0
8.0
39.0
83.0
83.0
83.0
83.0
83.0
83.0
84.0
83.0
84.0
85.0
3015.0
3018.0
3017.0
3037.0
3048.0
3061.0
3049.0
3045.0
8.0
39.0
83.0
83.0
94.0
94.0
83.0
84.0
83.0
83.0
84.0
84.0
3063.0
3050.0
3053.0
3049.0
3038.0
3039.0
3003.0
3013.0
8.0
39.0
83.0
83.0
84.0
83.0
83.0
84.0
84.0
83.0
83.0
84.0
3015.0
3021.0
3049.0
3040.0
3030.0
3023.0
3002.0
3009.0
8.0
39.0
84.0
84.0
93.0
93.0
84.0
84.0
83.0
83.0
84.0
84.0
3029.0
3022.0
3030.0
3027.0
3031.0
3012.0
3015.0
3032.0
7.0
39.0
84.0
83.0
93.0
93.0
84.0
83.0
83.0
84.0
83.0
83.0
3044.0
3045.0
3063.0
3054.0
3061.0
3070.0
3071.0
3065.0
16.0
37.0
80.0
79.0
81.0
79.0
78.0
79.0
81.0
79.0
78.0
78.0
3070.0
3050.0
3050.0
3060.0
3000.0
2998.0
3009.0
3012.0
3.0
2.0
2.0
3.0
2.0
2.0
2.0
2.0
3.0
3.0
2.0
2.0
2928.0
2933.0
2947.0
2948.0
2928.0
2934.0
2965.0
2980.0
3.0
2.0
2.0
3.0
2.0
2.0
3.0
2.0
3.0
2.0
2.0
3.0
2976.0
2971.0
2989.0
3003.0
2982.0
2968.0
2984.0
2973.0
2.0
3.0
2.0
2.0
3.0
2.0
2.0
3.0
3.0
2.0
2.0
2.0
2971.0
2973.0
2970.0
2981.0
2936.0
2944.0
2956.0
2947.0
3.0
2.0
3.0
2.0
2.0
3.0
2.0
2.0
3.0
2.0
3.0
2.0
2938.0
2937.0
2942.0
2946.0
2946.0
2943.0
2952.0
2949.0
3.0
2.0
2.0
2.0
2.0
2.0
3.0
2.0
2.0
2.0
2.0
3.0
2933.0
2978.0
2937.0
2939.0
2942.0
2936.0
2940.0
2935.0
3.0
2.0
2.0
3.0
2.0
3.0
2.0
2.0
3.0
2.0
2.0
3.0
1619.0
1619.0
1616.0
1617.0
1620.0
1617.0
1596.0
1603.0
2.0
2.0
3.0
2.0
2.0
3.0
2.0
2.0
2.0
2.0
2.0
2.0
1610.0
1607.0
1621.0
1621.0
1617.0
1617.0
1625.0
1619.0
8.0
39.0
84.0
83.0
95.0
95.0
83.0
84.0
84.0
83.0
84.0
84.0
3054.0
3019.0
3024.0
3037.0
3028.0
3030.0
3046.0
3040.0
8.0
39.0
84.0
83.0
83.0
84.0
84.0
83.0
83.0
84.0
83.0
83.0
3043.0
3047.0
3057.0
3035.0
3170.0
3046.0
3027.0
3032.0
9.0
41.0
85.0
84.0
84.0
83.0
83.0
84.0
84.0
83.0
83.0
84.0
3048.0
3037.0
3034.0
3050.0
3027.0
3032.0
3027.0
3089.0
8.0
39.0
83.0
83.0
84.0
84.0
84.0
84.0
107.0
106.0
84.0
84.0
3051.0
3046.0
3040.0
3040.0
3038.0
3040.0
3035.0
3037.0
8.0
39.0
83.0
84.0
84.0
94.0
96.0
84.0
87.0
83.0
84.0
83.0
3109.0
3041.0
3020.0
3032.0
3026.0
3028.0
3027.0
3044.0
9.0
39.0
83.0
106.0
106.0
83.0
83.0
82.0
84.0
83.0
83.0
83.0
3013.0
3003.0
3004.0
3018.0
3027.0
3025.0
3033.0
3016.0
9.0
40.0
83.0
83.0
84.0
84.0
83.0
83.0
83.0
83.0
84.0
84.0
3023.0
3021.0
3036.0
3029.0
3030.0
3036.0
3047.0
3045.0
8.0
39.0
83.0
84.0
83.0
83.0
84.0
84.0
83.0
92.0
94.0
85.0
3052.0
3056.0
3057.0
3069.0
3043.0
3038.0
3048.0
3052.0
8.0
39.0
83.0
83.0
106.0
106.0
83.0
83.0
84.0
83.0
83.0
83.0
3014.0
3021.0
3024.0
3011.0
3020.0
3020.0
3054.0
3051.0
8.0
39.0
83.0
83.0
83.0
83.0
83.0
83.0
83.0
83.0
83.0
83.0
3031.0
3019.0
3041.0
3034.0
3030.0
3025.0
3022.0
3032.0
7.0
39.0
83.0
84.0
83.0
83.0
84.0
84.0
83.0
83.0
84.0
84.0
3027.0
3018.0
2998.0
3007.0
3018.0
3027.0
3025.0
3029.0
2.0
2.0
3.0
2.0
2.0
3.0
2.0
2.0
2.0
2.0
2.0
2.0
2974.0
2951.0
2953.0
2946.0
2944.0
2951.0
2948.0
2961.0
2.0
34.0
78.0
78.0
78.0
78.0
78.0
79.0
78.0
78.0
78.0
78.0
3026.0
3033.0
3029.0
3040.0
3094.0
3073.0
3056.0
3061.0
2.0
3.0
2.0
2.0
3.0
2.0
2.0
3.0
2.0
2.0
2.0
3.0
2959.0
2956.0
2979.0
2988.0
2963.0
2989.0
2943.0
2957.0
2.0
3.0
2.0
3.0
2.0
2.0
3.0
2.0
2.0
3.0
2.0
3.0
2944.0
2967.0
2953.0
2961.0
2928.0
2939.0
2945.0
2934.0
2.0
3.0
2.0
2.0
3.0
2.0
2.0
3.0
2.0
2.0
2.0
2.0
2952.0
2936.0
2938.0
2943.0
2930.0
2934.0
2939.0
2937.0
2.0
3.0
2.0
2.0
3.0
2.0
2.0
3.0
2.0
2.0
3.0
2.0
2936.0
2931.0
2931.0
2955.0
2928.0
2935.0
2936.0
2938.0
2.0
3.0
2.0
2.0
3.0
2.0
2.0
2.0
3.0
2.0
2.0
3.0
1616.0
1612.0
1616.0
1621.0
1613.0
1618.0
1619.0
1620.0
2.0
2.0
3.0
2.0
2.0
3.0
2.0
3.0
2.0
2.0
3.0
2.0
1617.0
1635.0
1630.0
1644.0
1632.0
1643.0
1605.0
1609.0
2.0
3.0
2.0
2.0
2.0
2.0
2.0
2.0
3.0
3.0
2.0
2.0
1616.0
1614.0
1555.0
1554.0
1510.0
1502.0
1436.0
1429.0
