0.0
1.0
0.0
0.0
1.0
0.0
0.0
1.0
0.0
1.0
7.0
8.0
7.0
7.0
8.0
7.0
8.0
8.0
7.0
7.0
108.0
107.0
107.0
108.0
107.0
107.0
107.0
107.0
107.0
107.0
107.0
107.0
108.0
107.0
107.0
108.0
107.0
108.0
108.0
107.0
107.0
107.0
107.0
107.0
107.0
107.0
107.0
107.0
107.0
109.0
107.0
108.0
107.0
107.0
108.0
108.0
108.0
107.0
107.0
107.0
108.0
107.0
107.0
108.0
107.0
107.0
107.0
107.0
107.0
110.0
107.0
107.0
107.0
107.0
107.0
107.0
107.0
107.0
107.0
108.0
130.0
130.0
129.0
130.0
130.0
130.0
130.0
130.0
129.0
131.0
107.0
107.0
107.0
107.0
107.0
107.0
107.0
107.0
107.0
109.0
109.0
109.0
109.0
108.0
109.0
109.0
109.0
109.0
108.0
109.0
108.0
108.0
108.0
108.0
107.0
108.0
107.0
108.0
108.0
111.0
107.0
107.0
107.0
107.0
107.0
107.0
107.0
107.0
107.0
109.0
108.0
107.0
108.0
107.0
108.0
107.0
107.0
107.0
107.0
108.0
108.0
107.0
107.0
107.0
107.0
108.0
108.0
108.0
107.0
111.0
108.0
108.0
108.0
108.0
108.0
108.0
108.0
108.0
108.0
109.0
107.0
107.0
107.0
107.0
107.0
107.0
108.0
107.0
107.0
107.0
131.0
131.0
131.0
131.0
132.0
131.0
132.0
132.0
131.0
131.0
108.0
107.0
107.0
107.0
107.0
108.0
107.0
107.0
107.0
108.0
108.0
108.0
108.0
108.0
108.0
108.0
108.0
108.0
107.0
108.0
108.0
108.0
107.0
107.0
108.0
108.0
107.0
108.0
107.0
103.0
8.0
8.0
7.0
8.0
8.0
8.0
8.0
7.0
8.0
8.0
7.0
8.0
8.0
8.0
8.0
10.0
8.0
8.0
7.0
8.0
7.0
7.0
8.0
7.0
8.0
8.0
8.0
8.0
7.0
7.0
8.0
7.0
8.0
8.0
7.0
7.0
8.0
8.0
8.0
8.0
8.0
8.0
7.0
8.0
1.0
0.0
1.0
1.0
0.0
0.0
8.0
8.0
8.0
7.0
7.0
7.0
8.0
8.0
8.0
7.0
8.0
7.0
7.0
7.0
7.0
8.0
7.0
7.0
7.0
8.0
8.0
8.0
8.0
8.0
1.0
8.0
8.0
8.0
1.0
0.0
7.0
7.0
7.0
0.0
0.0
8.0
7.0
8.0
1.0
0.0
7.0
0.0
0.0
1.0
1.0
0.0
0.0
1.0
1.0
0.0
132.0
132.0
132.0
132.0
132.0
132.0
132.0
131.0
131.0
132.0
108.0
109.0
109.0
109.0
109.0
109.0
109.0
109.0
109.0
109.0
108.0
107.0
107.0
107.0
107.0
107.0
107.0
107.0
107.0
107.0
107.0
107.0
107.0
107.0
107.0
107.0
107.0
107.0
107.0
88.0
107.0
107.0
107.0
107.0
47.0
47.0
47.0
47.0
47.0
47.0
107.0
107.0
107.0
107.0
107.0
107.0
107.0
107.0
106.0
107.0
107.0
108.0
107.0
107.0
107.0
107.0
108.0
108.0
107.0
107.0
108.0
107.0
107.0
107.0
47.0
107.0
107.0
107.0
47.0
46.0
107.0
154.0
54.0
46.0
47.0
155.0
153.0
53.0
94.0
94.0
154.0
94.0
94.0
94.0
94.0
47.0
47.0
46.0
47.0
47.0
107.0
107.0
108.0
107.0
107.0
107.0
107.0
107.0
107.0
107.0
108.0
107.0
107.0
107.0
107.0
108.0
108.0
107.0
107.0
107.0
107.0
108.0
107.0
108.0
108.0
107.0
107.0
108.0
108.0
108.0
108.0
107.0
108.0
107.0
107.0
107.0
107.0
107.0
107.0
87.0
107.0
107.0
107.0
108.0
47.0
46.0
47.0
46.0
47.0
47.0
107.0
108.0
107.0
107.0
107.0
107.0
107.0
107.0
107.0
107.0
107.0
107.0
108.0
107.0
107.0
107.0
107.0
107.0
107.0
107.0
107.0
107.0
107.0
107.0
46.0
107.0
108.0
107.0
47.0
46.0
108.0
107.0
54.0
46.0
47.0
114.0
114.0
53.0
46.0
46.0
138.0
52.0
51.0
52.0
53.0
56.0
57.0
56.0
74.0
73.0
137.0
135.0
135.0
137.0
135.0
134.0
134.0
111.0
111.0
111.0
107.0
108.0
108.0
108.0
108.0
109.0
108.0
107.0
107.0
107.0
108.0
107.0
108.0
107.0
108.0
108.0
108.0
108.0
108.0
108.0
108.0
108.0
108.0
109.0
108.0
108.0
107.0
107.0
108.0
88.0
107.0
108.0
107.0
107.0
47.0
46.0
47.0
47.0
47.0
47.0
107.0
108.0
107.0
107.0
107.0
107.0
108.0
107.0
107.0
107.0
107.0
107.0
107.0
107.0
107.0
108.0
107.0
107.0
106.0
106.0
108.0
107.0
107.0
107.0
46.0
107.0
107.0
107.0
47.0
47.0
108.0
107.0
53.0
46.0
47.0
108.0
107.0
53.0
47.0
47.0
108.0
47.0
47.0
46.0
47.0
47.0
47.0
46.0
47.0
47.0
129.0
129.0
130.0
131.0
132.0
132.0
132.0
132.0
132.0
132.0
110.0
110.0
109.0
108.0
107.0
107.0
108.0
107.0
107.0
107.0
108.0
108.0
108.0
108.0
108.0
109.0
108.0
108.0
108.0
109.0
107.0
107.0
108.0
108.0
107.0
107.0
107.0
107.0
107.0
88.0
108.0
107.0
107.0
107.0
47.0
46.0
47.0
47.0
46.0
47.0
107.0
108.0
107.0
106.0
107.0
107.0
107.0
108.0
107.0
107.0
107.0
107.0
107.0
107.0
107.0
107.0
107.0
107.0
107.0
106.0
107.0
107.0
107.0
107.0
46.0
108.0
155.0
154.0
46.0
47.0
155.0
155.0
101.0
94.0
94.0
154.0
154.0
100.0
46.0
46.0
108.0
47.0
46.0
47.0
47.0
47.0
47.0
46.0
47.0
47.0
107.0
107.0
107.0
108.0
107.0
107.0
108.0
107.0
107.0
107.0
107.0
107.0
108.0
107.0
108.0
107.0
107.0
107.0
108.0
107.0
108.0
107.0
107.0
107.0
107.0
107.0
107.0
107.0
107.0
107.0
107.0
108.0
107.0
107.0
107.0
108.0
108.0
108.0
108.0
88.0
108.0
107.0
108.0
108.0
47.0
47.0
47.0
46.0
47.0
47.0
107.0
107.0
107.0
107.0
106.0
107.0
107.0
108.0
106.0
107.0
107.0
107.0
107.0
107.0
107.0
108.0
107.0
107.0
107.0
106.0
108.0
108.0
107.0
107.0
47.0
107.0
108.0
107.0
47.0
47.0
107.0
107.0
54.0
46.0
46.0
128.0
129.0
54.0
46.0
46.0
132.0
47.0
47.0
47.0
69.0
71.0
71.0
71.0
71.0
71.0
132.0
110.0
110.0
109.0
107.0
107.0
107.0
107.0
107.0
107.0
107.0
108.0
107.0
108.0
108.0
108.0
108.0
108.0
107.0
107.0
107.0
107.0
107.0
107.0
107.0
107.0
107.0
107.0
108.0
107.0
108.0
107.0
108.0
107.0
107.0
108.0
107.0
107.0
107.0
87.0
107.0
107.0
107.0
108.0
47.0
47.0
47.0
47.0
47.0
47.0
107.0
107.0
107.0
107.0
107.0
107.0
107.0
107.0
107.0
107.0
107.0
107.0
107.0
107.0
107.0
107.0
107.0
107.0
107.0
107.0
107.0
107.0
108.0
107.0
46.0
107.0
108.0
108.0
46.0
47.0
107.0
107.0
53.0
47.0
47.0
107.0
106.0
54.0
46.0
46.0
108.0
46.0
46.0
46.0
46.0
47.0
47.0
47.0
47.0
46.0
132.0
132.0
132.0
132.0
132.0
132.0
132.0
132.0
132.0
132.0
107.0
107.0
107.0
108.0
107.0
107.0
107.0
107.0
107.0
107.0
108.0
107.0
108.0
107.0
107.0
107.0
107.0
107.0
107.0
108.0
107.0
109.0
109.0
110.0
109.0
110.0
110.0
110.0
110.0
89.0
111.0
109.0
109.0
109.0
48.0
48.0
47.0
48.0
47.0
47.0
108.0
108.0
108.0
107.0
108.0
108.0
107.0
108.0
107.0
108.0
107.0
107.0
107.0
107.0
107.0
107.0
108.0
107.0
107.0
107.0
156.0
155.0
155.0
155.0
46.0
155.0
155.0
155.0
46.0
47.0
155.0
155.0
101.0
46.0
47.0
107.0
107.0
53.0
46.0
46.0
107.0
47.0
46.0
47.0
47.0
47.0
47.0
47.0
47.0
47.0
107.0
107.0
108.0
107.0
107.0
107.0
107.0
107.0
107.0
107.0
107.0
107.0
107.0
108.0
107.0
107.0
107.0
107.0
108.0
108.0
108.0
108.0
107.0
107.0
108.0
107.0
108.0
108.0
107.0
107.0
107.0
107.0
107.0
107.0
107.0
107.0
107.0
107.0
108.0
88.0
108.0
108.0
107.0
108.0
47.0
47.0
47.0
47.0
47.0
46.0
107.0
107.0
107.0
107.0
107.0
108.0
107.0
107.0
107.0
107.0
107.0
107.0
107.0
107.0
107.0
107.0
107.0
107.0
107.0
107.0
107.0
107.0
107.0
107.0
46.0
108.0
108.0
107.0
47.0
46.0
107.0
130.0
54.0
47.0
47.0
131.0
131.0
74.0
69.0
69.0
132.0
71.0
71.0
71.0
50.0
48.0
48.0
47.0
47.0
47.0
108.0
107.0
107.0
107.0
108.0
108.0
108.0
107.0
107.0
107.0
107.0
108.0
108.0
107.0
107.0
107.0
107.0
107.0
107.0
107.0
107.0
107.0
107.0
108.0
107.0
108.0
107.0
108.0
108.0
108.0
107.0
107.0
108.0
107.0
107.0
107.0
107.0
107.0
107.0
87.0
107.0
107.0
107.0
108.0
47.0
47.0
47.0
46.0
47.0
47.0
107.0
107.0
107.0
107.0
107.0
107.0
108.0
107.0
107.0
107.0
107.0
108.0
107.0
107.0
107.0
107.0
107.0
107.0
107.0
106.0
108.0
108.0
107.0
106.0
46.0
107.0
107.0
107.0
46.0
47.0
108.0
107.0
53.0
46.0
46.0
107.0
107.0
54.0
47.0
47.0
131.0
47.0
47.0
46.0
46.0
47.0
47.0
69.0
68.0
68.0
132.0
132.0
132.0
132.0
131.0
131.0
110.0
110.0
110.0
108.0
107.0
107.0
107.0
107.0
107.0
108.0
107.0
107.0
107.0
107.0
108.0
107.0
107.0
108.0
108.0
107.0
107.0
107.0
107.0
108.0
107.0
107.0
108.0
107.0
107.0
107.0
107.0
107.0
108.0
87.0
107.0
108.0
107.0
107.0
46.0
47.0
47.0
47.0
46.0
46.0
109.0
109.0
109.0
109.0
109.0
109.0
109.0
109.0
108.0
109.0
108.0
107.0
108.0
107.0
107.0
108.0
107.0
107.0
107.0
106.0
155.0
156.0
155.0
155.0
47.0
155.0
156.0
155.0
95.0
94.0
156.0
108.0
54.0
47.0
47.0
107.0
107.0
53.0
47.0
46.0
107.0
46.0
46.0
46.0
47.0
46.0
47.0
46.0
47.0
46.0
108.0
108.0
107.0
107.0
108.0
107.0
107.0
107.0
107.0
108.0
107.0
107.0
108.0
108.0
107.0
108.0
108.0
108.0
108.0
107.0
108.0
107.0
107.0
107.0
107.0
107.0
107.0
107.0
107.0
107.0
107.0
108.0
107.0
107.0
107.0
108.0
108.0
107.0
107.0
88.0
107.0
107.0
108.0
108.0
47.0
47.0
46.0
46.0
47.0
47.0
107.0
107.0
107.0
107.0
107.0
107.0
108.0
107.0
106.0
107.0
107.0
107.0
107.0
107.0
106.0
108.0
107.0
107.0
107.0
107.0
108.0
107.0
107.0
107.0
46.0
107.0
129.0
130.0
47.0
46.0
132.0
131.0
76.0
69.0
70.0
131.0
131.0
77.0
49.0
49.0
109.0
48.0
48.0
46.0
47.0
47.0
46.0
47.0
47.0
46.0
108.0
107.0
107.0
107.0
107.0
108.0
107.0
107.0
108.0
107.0
107.0
107.0
108.0
108.0
108.0
108.0
108.0
108.0
107.0
108.0
107.0
108.0
107.0
107.0
107.0
107.0
107.0
107.0
108.0
107.0
107.0
107.0
108.0
108.0
107.0
107.0
107.0
107.0
107.0
88.0
107.0
107.0
107.0
107.0
46.0
47.0
47.0
47.0
46.0
47.0
108.0
107.0
107.0
107.0
107.0
107.0
107.0
107.0
107.0
106.0
107.0
107.0
108.0
107.0
107.0
107.0
108.0
108.0
107.0
107.0
108.0
108.0
108.0
107.0
47.0
108.0
108.0
107.0
47.0
47.0
108.0
107.0
53.0
47.0
47.0
129.0
130.0
53.0
46.0
47.0
132.0
46.0
46.0
68.0
69.0
71.0
70.0
71.0
71.0
71.0
109.0
109.0
109.0
109.0
107.0
108.0
107.0
107.0
107.0
107.0
107.0
107.0
107.0
107.0
107.0
107.0
107.0
107.0
108.0
107.0
107.0
107.0
108.0
107.0
108.0
107.0
108.0
107.0
107.0
107.0
107.0
107.0
107.0
107.0
106.0
108.0
107.0
107.0
107.0
88.0
108.0
107.0
107.0
107.0
47.0
47.0
47.0
46.0
46.0
47.0
107.0
107.0
107.0
107.0
107.0
107.0
107.0
107.0
107.0
107.0
109.0
109.0
109.0
109.0
109.0
109.0
158.0
158.0
158.0
158.0
156.0
156.0
156.0
156.0
95.0
157.0
107.0
108.0
47.0
47.0
108.0
107.0
53.0
47.0
47.0
107.0
107.0
53.0
47.0
47.0
107.0
46.0
46.0
46.0
47.0
47.0
46.0
46.0
47.0
46.0
108.0
108.0
107.0
107.0
107.0
108.0
108.0
107.0
107.0
107.0
107.0
107.0
107.0
107.0
107.0
107.0
107.0
107.0
107.0
107.0
107.0
107.0
107.0
107.0
107.0
107.0
107.0
108.0
107.0
108.0
107.0
107.0
108.0
107.0
107.0
108.0
108.0
107.0
107.0
87.0
107.0
108.0
107.0
107.0
47.0
47.0
47.0
47.0
47.0
47.0
107.0
107.0
107.0
106.0
106.0
107.0
107.0
107.0
107.0
107.0
108.0
107.0
107.0
108.0
107.0
107.0
107.0
107.0
107.0
107.0
129.0
130.0
130.0
130.0
47.0
131.0
132.0
132.0
47.0
47.0
132.0
131.0
78.0
49.0
49.0
109.0
108.0
55.0
47.0
47.0
107.0
47.0
47.0
47.0
46.0
47.0
46.0
47.0
47.0
46.0
107.0
107.0
108.0
108.0
107.0
107.0
107.0
108.0
107.0
107.0
107.0
108.0
107.0
107.0
107.0
108.0
107.0
107.0
108.0
108.0
108.0
107.0
107.0
107.0
108.0
107.0
107.0
107.0
107.0
107.0
107.0
107.0
107.0
107.0
106.0
107.0
107.0
107.0
107.0
87.0
107.0
107.0
107.0
108.0
47.0
47.0
47.0
47.0
47.0
47.0
108.0
107.0
107.0
107.0
107.0
107.0
107.0
107.0
106.0
107.0
108.0
107.0
107.0
106.0
107.0
107.0
108.0
108.0
107.0
107.0
107.0
107.0
107.0
106.0
46.0
107.0
107.0
107.0
47.0
46.0
107.0
131.0
54.0
46.0
46.0
131.0
131.0
75.0
70.0
70.0
131.0
71.0
70.0
71.0
49.0
47.0
47.0
46.0
47.0
47.0
107.0
108.0
107.0
107.0
107.0
107.0
108.0
107.0
107.0
107.0
108.0
107.0
107.0
107.0
107.0
108.0
107.0
107.0
107.0
108.0
107.0
107.0
107.0
107.0
107.0
107.0
107.0
107.0
108.0
107.0
107.0
107.0
108.0
107.0
107.0
108.0
108.0
108.0
107.0
87.0
108.0
108.0
107.0
107.0
47.0
47.0
47.0
46.0
46.0
47.0
107.0
108.0
107.0
107.0
107.0
107.0
107.0
107.0
107.0
107.0
156.0
155.0
156.0
155.0
155.0
155.0
155.0
156.0
155.0
156.0
109.0
110.0
109.0
109.0
48.0
110.0
110.0
109.0
48.0
48.0
109.0
108.0
54.0
47.0
47.0
108.0
108.0
54.0
47.0
46.0
107.0
46.0
46.0
47.0
46.0
47.0
47.0
47.0
47.0
47.0
107.0
107.0
107.0
107.0
107.0
108.0
107.0
107.0
107.0
107.0
107.0
108.0
107.0
107.0
107.0
107.0
107.0
107.0
107.0
107.0
108.0
107.0
107.0
108.0
107.0
107.0
107.0
107.0
108.0
107.0
107.0
107.0
107.0
107.0
108.0
108.0
108.0
108.0
107.0
88.0
108.0
107.0
108.0
107.0
46.0
47.0
46.0
47.0
46.0
47.0
108.0
107.0
108.0
106.0
107.0
107.0
107.0
107.0
107.0
107.0
107.0
107.0
107.0
107.0
107.0
107.0
107.0
107.0
107.0
107.0
132.0
132.0
132.0
132.0
68.0
132.0
132.0
132.0
71.0
72.0
111.0
108.0
53.0
46.0
47.0
107.0
107.0
54.0
47.0
47.0
108.0
48.0
47.0
47.0
47.0
47.0
47.0
46.0
46.0
47.0
107.0
108.0
107.0
107.0
107.0
107.0
108.0
108.0
107.0
107.0
107.0
107.0
107.0
107.0
108.0
107.0
107.0
107.0
107.0
107.0
108.0
107.0
107.0
107.0
107.0
108.0
107.0
107.0
107.0
107.0
107.0
107.0
108.0
107.0
107.0
107.0
108.0
107.0
108.0
88.0
107.0
107.0
107.0
107.0
46.0
47.0
47.0
47.0
47.0
46.0
118.0
122.0
117.0
118.0
119.0
122.0
122.0
123.0
121.0
123.0
120.0
120.0
120.0
119.0
119.0
121.0
119.0
119.0
119.0
119.0
136.0
137.0
137.0
137.0
52.0
137.0
134.0
133.0
48.0
49.0
131.0
131.0
77.0
48.0
47.0
107.0
107.0
53.0
47.0
46.0
108.0
47.0
47.0
47.0
47.0
46.0
47.0
47.0
46.0
47.0
107.0
108.0
107.0
107.0
107.0
107.0
107.0
108.0
107.0
107.0
108.0
107.0
108.0
107.0
107.0
108.0
107.0
107.0
107.0
107.0
107.0
107.0
108.0
107.0
107.0
107.0
107.0
107.0
107.0
107.0
107.0
107.0
107.0
108.0
107.0
107.0
107.0
107.0
107.0
88.0
107.0
107.0
107.0
107.0
46.0
46.0
47.0
47.0
47.0
47.0
108.0
108.0
107.0
107.0
107.0
107.0
107.0
108.0
107.0
107.0
156.0
156.0
157.0
156.0
156.0
157.0
157.0
156.0
156.0
157.0
107.0
107.0
107.0
107.0
47.0
107.0
107.0
107.0
47.0
46.0
107.0
107.0
53.0
47.0
47.0
108.0
107.0
53.0
47.0
47.0
101.0
47.0
47.0
47.0
47.0
44.0
43.0
43.0
42.0
42.0
