0.0
0.0
1.0
0.0
0.0
1.0
1.0
0.0
0.0
1.0
10.0
6.0
9.0
6.0
6.0
6.0
6.0
6.0
11.0
11.0
51.0
52.0
51.0
52.0
52.0
51.0
93.0
93.0
93.0
92.0
51.0
51.0
51.0
51.0
51.0
51.0
89.0
92.0
88.0
92.0
52.0
52.0
51.0
51.0
52.0
52.0
51.0
51.0
51.0
51.0
51.0
52.0
41.0
51.0
93.0
93.0
51.0
51.0
51.0
51.0
51.0
51.0
42.0
51.0
51.0
51.0
51.0
52.0
51.0
52.0
42.0
87.0
84.0
51.0
51.0
51.0
52.0
51.0
42.0
50.0
51.0
51.0
42.0
110.0
110.0
111.0
112.0
110.0
111.0
110.0
101.0
111.0
100.0
51.0
51.0
42.0
52.0
51.0
51.0
51.0
52.0
41.0
51.0
42.0
52.0
52.0
51.0
50.0
52.0
51.0
51.0
42.0
51.0
42.0
51.0
51.0
51.0
50.0
51.0
51.0
42.0
51.0
41.0
51.0
41.0
51.0
51.0
51.0
51.0
51.0
52.0
52.0
41.0
51.0
42.0
52.0
52.0
51.0
51.0
51.0
52.0
42.0
51.0
53.0
50.0
42.0
51.0
50.0
74.0
51.0
52.0
51.0
51.0
69.0
51.0
42.0
52.0
51.0
51.0
51.0
51.0
52.0
51.0
44.0
52.0
45.0
51.0
51.0
52.0
51.0
52.0
51.0
45.0
45.0
51.0
44.0
51.0
51.0
51.0
51.0
51.0
52.0
44.0
45.0
51.0
44.0
51.0
51.0
51.0
51.0
52.0
45.0
51.0
44.0
45.0
51.0
51.0
51.0
45.0
51.0
51.0
45.0
52.0
51.0
44.0
49.0
42.0
42.0
45.0
45.0
9.0
7.0
6.0
6.0
10.0
6.0
6.0
7.0
11.0
10.0
6.0
6.0
6.0
6.0
6.0
6.0
11.0
11.0
6.0
6.0
11.0
7.0
11.0
6.0
6.0
6.0
6.0
6.0
6.0
6.0
6.0
11.0
6.0
11.0
11.0
11.0
6.0
6.0
6.0
0.0
7.0
7.0
7.0
6.0
6.0
11.0
6.0
5.0
6.0
0.0
11.0
6.0
10.0
10.0
6.0
6.0
6.0
1.0
6.0
0.0
6.0
5.0
10.0
6.0
6.0
6.0
10.0
0.0
6.0
0.0
6.0
5.0
11.0
11.0
6.0
6.0
6.0
0.0
6.0
1.0
1.0
0.0
0.0
0.0
1.0
0.0
0.0
0.0
0.0
1.0
1.0
1.0
0.0
0.0
0.0
1.0
0.0
1.0
1.0
0.0
51.0
51.0
51.0
51.0
93.0
93.0
51.0
92.0
92.0
51.0
51.0
52.0
52.0
51.0
52.0
51.0
70.0
92.0
93.0
65.0
52.0
51.0
51.0
51.0
51.0
51.0
51.0
51.0
51.0
51.0
52.0
51.0
41.0
52.0
93.0
92.0
41.0
51.0
51.0
46.0
52.0
52.0
51.0
52.0
42.0
51.0
52.0
52.0
51.0
45.0
51.0
51.0
92.0
92.0
41.0
51.0
51.0
45.0
51.0
46.0
51.0
51.0
41.0
51.0
53.0
50.0
51.0
26.0
51.0
22.0
51.0
82.0
68.0
51.0
56.0
51.0
51.0
26.0
51.0
27.0
45.0
27.0
27.0
26.0
27.0
35.0
32.0
27.0
27.0
26.0
26.0
26.0
27.0
27.0
26.0
22.0
27.0
27.0
26.0
26.0
41.0
52.0
51.0
51.0
51.0
41.0
51.0
51.0
51.0
52.0
42.0
51.0
42.0
52.0
51.0
50.0
51.0
51.0
51.0
51.0
42.0
41.0
51.0
51.0
51.0
52.0
42.0
51.0
51.0
51.0
51.0
42.0
52.0
51.0
52.0
51.0
42.0
51.0
51.0
45.0
51.0
41.0
42.0
51.0
51.0
51.0
51.0
51.0
64.0
45.0
71.0
50.0
42.0
51.0
51.0
51.0
51.0
46.0
51.0
46.0
67.0
41.0
62.0
50.0
50.0
51.0
51.0
26.0
51.0
26.0
44.0
51.0
51.0
44.0
44.0
51.0
51.0
26.0
51.0
26.0
39.0
26.0
26.0
23.0
26.0
27.0
23.0
26.0
26.0
26.0
23.0
26.0
23.0
48.0
44.0
48.0
47.0
47.0
45.0
47.0
72.0
67.0
73.0
51.0
45.0
51.0
51.0
45.0
52.0
51.0
45.0
52.0
52.0
45.0
52.0
52.0
51.0
44.0
51.0
51.0
44.0
44.0
51.0
51.0
51.0
44.0
51.0
51.0
51.0
51.0
45.0
45.0
51.0
45.0
50.0
50.0
50.0
50.0
47.0
44.0
46.0
46.0
46.0
50.0
50.0
49.0
49.0
49.0
49.0
41.0
46.0
46.0
46.0
49.0
49.0
50.0
46.0
44.0
49.0
44.0
46.0
45.0
46.0
50.0
49.0
49.0
49.0
24.0
49.0
26.0
46.0
45.0
46.0
46.0
49.0
49.0
50.0
26.0
49.0
26.0
41.0
24.0
23.0
24.0
25.0
25.0
26.0
24.0
26.0
25.0
24.0
23.0
23.0
26.0
26.0
25.0
25.0
24.0
24.0
26.0
100.0
97.0
97.0
101.0
99.0
100.0
99.0
96.0
97.0
99.0
46.0
46.0
50.0
50.0
50.0
47.0
50.0
49.0
46.0
49.0
46.0
46.0
49.0
49.0
49.0
46.0
50.0
49.0
46.0
49.0
46.0
47.0
50.0
46.0
50.0
50.0
50.0
49.0
46.0
44.0
46.0
46.0
49.0
46.0
49.0
50.0
46.0
49.0
50.0
44.0
46.0
46.0
46.0
49.0
49.0
45.0
49.0
43.0
49.0
44.0
46.0
46.0
46.0
48.0
46.0
49.0
49.0
25.0
49.0
25.0
45.0
46.0
49.0
49.0
46.0
46.0
50.0
25.0
49.0
26.0
41.0
24.0
26.0
25.0
25.0
23.0
25.0
23.0
23.0
25.0
26.0
25.0
26.0
26.0
24.0
26.0
23.0
23.0
24.0
26.0
49.0
50.0
49.0
47.0
49.0
49.0
46.0
46.0
46.0
49.0
50.0
46.0
49.0
49.0
49.0
47.0
50.0
46.0
46.0
49.0
46.0
49.0
49.0
46.0
50.0
50.0
46.0
49.0
46.0
49.0
46.0
46.0
50.0
50.0
47.0
49.0
49.0
46.0
49.0
44.0
46.0
46.0
46.0
49.0
49.0
46.0
50.0
49.0
50.0
44.0
46.0
46.0
46.0
46.0
49.0
50.0
49.0
44.0
49.0
44.0
46.0
46.0
46.0
46.0
49.0
50.0
49.0
26.0
50.0
25.0
49.0
46.0
50.0
46.0
46.0
45.0
49.0
25.0
49.0
25.0
44.0
24.0
25.0
26.0
24.0
25.0
24.0
23.0
26.0
25.0
24.0
26.0
25.0
24.0
26.0
24.0
24.0
26.0
25.0
24.0
49.0
46.0
49.0
50.0
46.0
49.0
46.0
49.0
50.0
46.0
46.0
50.0
50.0
46.0
49.0
46.0
50.0
49.0
46.0
49.0
46.0
46.0
49.0
47.0
49.0
50.0
49.0
46.0
50.0
49.0
46.0
67.0
67.0
71.0
71.0
70.0
71.0
69.0
71.0
66.0
70.0
49.0
48.0
49.0
50.0
50.0
50.0
46.0
50.0
44.0
46.0
45.0
45.0
49.0
49.0
50.0
46.0
44.0
49.0
44.0
46.0
46.0
46.0
49.0
49.0
49.0
49.0
24.0
49.0
26.0
46.0
46.0
46.0
46.0
49.0
49.0
49.0
25.0
49.0
26.0
41.0
26.0
23.0
24.0
24.0
26.0
26.0
26.0
25.0
24.0
26.0
26.0
24.0
24.0
25.0
25.0
24.0
26.0
24.0
26.0
49.0
46.0
49.0
46.0
50.0
46.0
50.0
46.0
49.0
49.0
46.0
46.0
50.0
50.0
46.0
50.0
49.0
46.0
50.0
49.0
46.0
46.0
49.0
49.0
46.0
50.0
50.0
46.0
49.0
49.0
46.0
46.0
50.0
50.0
46.0
46.0
49.0
49.0
50.0
43.0
46.0
46.0
46.0
49.0
49.0
46.0
50.0
50.0
50.0
44.0
46.0
46.0
46.0
50.0
49.0
46.0
49.0
44.0
49.0
44.0
46.0
46.0
46.0
49.0
46.0
49.0
49.0
26.0
49.0
25.0
47.0
47.0
46.0
49.0
49.0
46.0
49.0
26.0
49.0
26.0
41.0
24.0
25.0
24.0
26.0
25.0
25.0
24.0
24.0
26.0
26.0
26.0
24.0
25.0
26.0
24.0
24.0
26.0
23.0
26.0
49.0
49.0
46.0
50.0
49.0
46.0
46.0
49.0
47.0
49.0
49.0
46.0
49.0
46.0
46.0
50.0
49.0
45.0
49.0
49.0
46.0
50.0
50.0
46.0
46.0
49.0
49.0
46.0
50.0
49.0
46.0
49.0
46.0
49.0
47.0
46.0
49.0
49.0
49.0
44.0
47.0
47.0
50.0
46.0
49.0
46.0
49.0
50.0
49.0
43.0
46.0
45.0
45.0
49.0
45.0
49.0
50.0
44.0
49.0
43.0
45.0
46.0
46.0
46.0
70.0
70.0
70.0
25.0
70.0
25.0
69.0
71.0
71.0
69.0
70.0
69.0
49.0
25.0
49.0
25.0
44.0
24.0
26.0
24.0
26.0
25.0
24.0
24.0
26.0
24.0
25.0
24.0
25.0
25.0
26.0
24.0
24.0
26.0
26.0
23.0
50.0
46.0
46.0
50.0
49.0
49.0
46.0
49.0
49.0
46.0
46.0
49.0
46.0
49.0
50.0
46.0
49.0
49.0
46.0
49.0
46.0
46.0
50.0
46.0
49.0
49.0
50.0
46.0
49.0
49.0
46.0
46.0
50.0
46.0
49.0
49.0
49.0
46.0
49.0
44.0
46.0
46.0
46.0
49.0
49.0
46.0
49.0
49.0
104.0
97.0
100.0
100.0
100.0
105.0
100.0
104.0
103.0
98.0
50.0
44.0
46.0
46.0
46.0
46.0
49.0
49.0
49.0
25.0
49.0
25.0
46.0
46.0
49.0
46.0
49.0
46.0
49.0
26.0
49.0
25.0
41.0
26.0
24.0
24.0
25.0
25.0
25.0
24.0
25.0
23.0
26.0
25.0
24.0
26.0
26.0
26.0
24.0
24.0
24.0
26.0
50.0
46.0
50.0
49.0
49.0
49.0
46.0
46.0
46.0
49.0
46.0
49.0
50.0
49.0
50.0
50.0
46.0
45.0
47.0
49.0
46.0
50.0
49.0
46.0
50.0
46.0
49.0
49.0
46.0
50.0
46.0
49.0
46.0
46.0
50.0
49.0
49.0
49.0
46.0
44.0
46.0
46.0
45.0
50.0
49.0
50.0
50.0
46.0
49.0
44.0
46.0
46.0
46.0
49.0
49.0
45.0
49.0
43.0
49.0
44.0
46.0
46.0
46.0
49.0
49.0
50.0
46.0
25.0
49.0
26.0
46.0
49.0
49.0
46.0
45.0
50.0
46.0
26.0
49.0
25.0
41.0
25.0
26.0
24.0
24.0
26.0
25.0
24.0
25.0
25.0
26.0
25.0
24.0
24.0
26.0
26.0
24.0
24.0
26.0
26.0
49.0
46.0
46.0
50.0
49.0
50.0
46.0
46.0
50.0
49.0
46.0
49.0
46.0
49.0
50.0
49.0
46.0
45.0
49.0
49.0
46.0
46.0
49.0
50.0
46.0
49.0
49.0
46.0
50.0
49.0
47.0
46.0
49.0
46.0
49.0
46.0
50.0
50.0
49.0
43.0
46.0
46.0
47.0
49.0
47.0
50.0
49.0
49.0
50.0
44.0
46.0
46.0
45.0
45.0
50.0
49.0
49.0
44.0
49.0
44.0
46.0
46.0
46.0
46.0
49.0
49.0
49.0
25.0
49.0
26.0
46.0
46.0
49.0
46.0
46.0
49.0
49.0
25.0
49.0
26.0
62.0
24.0
26.0
25.0
24.0
24.0
46.0
47.0
47.0
46.0
47.0
47.0
47.0
47.0
46.0
26.0
26.0
26.0
26.0
25.0
50.0
50.0
46.0
50.0
46.0
50.0
46.0
49.0
46.0
49.0
50.0
46.0
50.0
50.0
46.0
47.0
50.0
49.0
46.0
49.0
47.0
49.0
49.0
46.0
49.0
45.0
49.0
46.0
50.0
49.0
46.0
46.0
49.0
50.0
46.0
50.0
46.0
49.0
49.0
44.0
46.0
46.0
50.0
47.0
50.0
49.0
46.0
49.0
49.0
44.0
46.0
46.0
45.0
49.0
49.0
46.0
49.0
44.0
50.0
45.0
46.0
46.0
46.0
49.0
46.0
49.0
49.0
26.0
49.0
26.0
49.0
46.0
46.0
49.0
46.0
46.0
49.0
26.0
49.0
25.0
43.0
24.0
26.0
24.0
26.0
24.0
25.0
24.0
26.0
24.0
26.0
24.0
25.0
24.0
26.0
26.0
24.0
25.0
25.0
24.0
46.0
50.0
50.0
46.0
49.0
49.0
46.0
49.0
46.0
50.0
46.0
49.0
46.0
49.0
50.0
46.0
50.0
46.0
50.0
49.0
46.0
46.0
50.0
49.0
46.0
49.0
50.0
45.0
49.0
49.0
46.0
47.0
49.0
47.0
50.0
50.0
47.0
49.0
49.0
44.0
46.0
46.0
46.0
50.0
50.0
46.0
50.0
49.0
49.0
44.0
46.0
46.0
46.0
49.0
49.0
46.0
49.0
44.0
49.0
44.0
46.0
45.0
45.0
45.0
49.0
49.0
49.0
25.0
49.0
25.0
45.0
46.0
50.0
49.0
47.0
46.0
50.0
26.0
49.0
25.0
41.0
24.0
26.0
25.0
26.0
24.0
25.0
24.0
25.0
24.0
26.0
25.0
24.0
26.0
26.0
26.0
24.0
24.0
24.0
26.0
50.0
50.0
45.0
49.0
49.0
46.0
50.0
46.0
46.0
49.0
49.0
46.0
49.0
46.0
50.0
46.0
49.0
49.0
46.0
49.0
67.0
71.0
71.0
68.0
68.0
70.0
72.0
70.0
69.0
71.0
48.0
47.0
50.0
49.0
47.0
50.0
49.0
49.0
46.0
44.0
46.0
46.0
46.0
50.0
49.0
49.0
50.0
46.0
50.0
44.0
47.0
47.0
47.0
49.0
49.0
47.0
50.0
44.0
50.0
44.0
46.0
46.0
46.0
49.0
49.0
49.0
46.0
25.0
49.0
26.0
49.0
46.0
49.0
46.0
46.0
46.0
49.0
25.0
49.0
26.0
43.0
23.0
26.0
25.0
24.0
25.0
24.0
23.0
26.0
26.0
23.0
26.0
23.0
26.0
24.0
26.0
24.0
25.0
26.0
25.0
46.0
46.0
49.0
49.0
46.0
49.0
46.0
49.0
49.0
50.0
102.0
103.0
102.0
106.0
105.0
106.0
103.0
107.0
106.0
105.0
46.0
46.0
47.0
49.0
50.0
46.0
49.0
49.0
49.0
49.0
47.0
47.0
46.0
49.0
46.0
49.0
50.0
50.0
50.0
43.0
46.0
46.0
46.0
46.0
50.0
49.0
49.0
49.0
50.0
44.0
46.0
46.0
46.0
46.0
49.0
49.0
49.0
44.0
49.0
44.0
46.0
46.0
45.0
46.0
49.0
49.0
50.0
25.0
49.0
26.0
46.0
46.0
46.0
50.0
46.0
49.0
49.0
26.0
49.0
25.0
41.0
24.0
23.0
26.0
24.0
25.0
26.0
26.0
24.0
24.0
26.0
25.0
25.0
24.0
26.0
26.0
24.0
25.0
23.0
24.0
50.0
50.0
50.0
46.0
46.0
49.0
49.0
49.0
47.0
45.0
50.0
50.0
46.0
49.0
46.0
50.0
49.0
50.0
46.0
45.0
47.0
49.0
49.0
46.0
50.0
50.0
50.0
46.0
46.0
49.0
46.0
46.0
50.0
50.0
49.0
46.0
46.0
49.0
49.0
43.0
46.0
47.0
49.0
50.0
50.0
46.0
46.0
50.0
50.0
44.0
46.0
46.0
50.0
46.0
46.0
49.0
49.0
44.0
49.0
44.0
46.0
46.0
46.0
46.0
49.0
49.0
49.0
25.0
49.0
25.0
49.0
46.0
49.0
46.0
46.0
46.0
49.0
25.0
49.0
26.0
44.0
26.0
23.0
26.0
24.0
26.0
24.0
24.0
26.0
26.0
23.0
25.0
25.0
24.0
25.0
24.0
24.0
26.0
25.0
24.0
49.0
50.0
46.0
49.0
50.0
46.0
46.0
49.0
50.0
45.0
46.0
50.0
49.0
50.0
49.0
46.0
46.0
49.0
46.0
49.0
46.0
49.0
50.0
46.0
49.0
46.0
50.0
46.0
50.0
49.0
46.0
50.0
46.0
47.0
49.0
50.0
49.0
46.0
49.0
44.0
46.0
67.0
67.0
70.0
71.0
70.0
70.0
68.0
71.0
66.0
69.0
48.0
48.0
50.0
50.0
50.0
49.0
42.0
49.0
44.0
46.0
46.0
46.0
46.0
50.0
49.0
50.0
26.0
50.0
26.0
46.0
49.0
46.0
45.0
50.0
45.0
49.0
25.0
49.0
25.0
41.0
26.0
26.0
24.0
23.0
26.0
25.0
24.0
26.0
26.0
26.0
26.0
24.0
24.0
25.0
26.0
24.0
24.0
25.0
25.0
49.0
46.0
46.0
49.0
49.0
46.0
49.0
46.0
49.0
49.0
46.0
46.0
50.0
49.0
50.0
47.0
46.0
49.0
50.0
49.0
46.0
46.0
49.0
50.0
46.0
46.0
49.0
49.0
49.0
50.0
46.0
46.0
50.0
46.0
46.0
50.0
50.0
49.0
50.0
43.0
46.0
46.0
46.0
46.0
49.0
49.0
49.0
50.0
50.0
43.0
46.0
46.0
46.0
46.0
49.0
49.0
49.0
44.0
49.0
44.0
46.0
46.0
46.0
45.0
50.0
49.0
49.0
26.0
49.0
25.0
46.0
46.0
49.0
46.0
47.0
50.0
49.0
26.0
49.0
26.0
41.0
24.0
25.0
25.0
24.0
24.0
25.0
25.0
26.0
24.0
25.0
25.0
23.0
25.0
23.0
26.0
24.0
26.0
24.0
25.0
49.0
50.0
46.0
46.0
50.0
49.0
46.0
49.0
46.0
49.0
46.0
50.0
47.0
49.0
49.0
46.0
49.0
49.0
46.0
49.0
46.0
46.0
49.0
49.0
49.0
46.0
49.0
46.0
50.0
49.0
46.0
46.0
49.0
49.0
47.0
50.0
46.0
49.0
49.0
44.0
47.0
46.0
46.0
49.0
49.0
49.0
46.0
49.0
50.0
44.0
46.0
46.0
46.0
49.0
50.0
45.0
50.0
44.0
50.0
44.0
47.0
47.0
46.0
47.0
49.0
49.0
49.0
25.0
49.0
25.0
46.0
49.0
46.0
49.0
46.0
46.0
70.0
25.0
70.0
25.0
63.0
47.0
46.0
48.0
47.0
47.0
47.0
47.0
26.0
26.0
25.0
26.0
26.0
25.0
24.0
25.0
24.0
23.0
23.0
22.0
