1.0
1.0
1.0
1.0
1.0
0.0
1.0
0.0
0.0
1.0
0.0
0.0
1.0
1.0
1.0
1.0
82.0
82.0
147.0
147.0
82.0
82.0
147.0
82.0
82.0
147.0
82.0
82.0
82.0
82.0
83.0
82.0
78.0
90.0
148.0
148.0
82.0
82.0
82.0
82.0
82.0
82.0
67.0
82.0
82.0
81.0
82.0
82.0
82.0
82.0
0.0
1.0
0.0
1.0
0.0
1.0
67.0
121.0
126.0
82.0
81.0
83.0
82.0
82.0
82.0
81.0
68.0
82.0
81.0
82.0
82.0
82.0
82.0
83.0
68.0
81.0
67.0
82.0
67.0
82.0
82.0
82.0
82.0
82.0
81.0
66.0
82.0
68.0
67.0
82.0
1.0
0.0
1.0
0.0
0.0
1.0
82.0
82.0
83.0
82.0
82.0
82.0
83.0
68.0
105.0
153.0
85.0
86.0
86.0
86.0
86.0
87.0
115.0
106.0
149.0
111.0
111.0
111.0
112.0
112.0
111.0
83.0
67.0
120.0
83.0
83.0
82.0
82.0
83.0
83.0
0.0
1.0
0.0
1.0
0.0
1.0
67.0
82.0
121.0
120.0
68.0
82.0
82.0
83.0
82.0
82.0
82.0
82.0
67.0
119.0
81.0
82.0
82.0
82.0
82.0
83.0
82.0
120.0
67.0
81.0
82.0
82.0
82.0
82.0
82.0
82.0
121.0
68.0
120.0
82.0
1.0
0.0
0.0
1.0
1.0
1.0
82.0
83.0
82.0
83.0
82.0
82.0
67.0
120.0
82.0
83.0
83.0
82.0
82.0
82.0
67.0
83.0
119.0
67.0
82.0
82.0
82.0
83.0
83.0
83.0
82.0
120.0
105.0
68.0
80.0
79.0
80.0
79.0
79.0
79.0
0.0
1.0
1.0
1.0
1.0
0.0
0.0
0.0
0.0
0.0
0.0
1.0
0.0
0.0
0.0
0.0
0.0
1.0
1.0
1.0
1.0
1.0
1.0
1.0
1.0
1.0
0.0
0.0
1.0
0.0
0.0
1.0
1.0
1.0
1.0
1.0
1.0
1.0
1.0
0.0
0.0
0.0
1.0
1.0
0.0
1.0
0.0
1.0
1.0
1.0
1.0
1.0
1.0
1.0
0.0
0.0
1.0
0.0
1.0
1.0
84.0
83.0
149.0
82.0
148.0
148.0
82.0
148.0
148.0
148.0
82.0
82.0
82.0
82.0
85.0
96.0
148.0
148.0
148.0
148.0
83.0
81.0
83.0
84.0
67.0
82.0
82.0
82.0
82.0
82.0
148.0
148.0
98.0
97.0
68.0
81.0
82.0
82.0
82.0
84.0
67.0
82.0
82.0
82.0
81.0
82.0
81.0
83.0
67.0
148.0
148.0
82.0
83.0
82.0
82.0
67.0
82.0
82.0
67.0
82.0
68.0
82.0
67.0
82.0
83.0
82.0
82.0
101.0
101.0
67.0
67.0
82.0
81.0
81.0
82.0
81.0
84.0
85.0
87.0
67.0
73.0
86.0
86.0
86.0
85.0
86.0
85.0
76.0
71.0
82.0
82.0
82.0
83.0
82.0
82.0
82.0
82.0
68.0
67.0
83.0
82.0
82.0
82.0
81.0
82.0
67.0
82.0
68.0
83.0
82.0
77.0
70.0
82.0
82.0
71.0
81.0
82.0
82.0
82.0
73.0
82.0
72.0
72.0
82.0
82.0
82.0
83.0
82.0
82.0
72.0
82.0
72.0
71.0
83.0
82.0
82.0
82.0
83.0
83.0
72.0
72.0
83.0
71.0
81.0
82.0
81.0
81.0
79.0
73.0
81.0
73.0
73.0
80.0
79.0
79.0
79.0
75.0
79.0
75.0
79.0
74.0
74.0
79.0
79.0
79.0
74.0
79.0
74.0
79.0
79.0
74.0
74.0
79.0
74.0
79.0
79.0
74.0
79.0
79.0
74.0
79.0
74.0
79.0
75.0
75.0
79.0
78.0
78.0
78.0
76.0
77.0
76.0
76.0
76.0
77.0
76.0
76.0
76.0
76.0
76.0
76.0
76.0
77.0
77.0
76.0
81.0
81.0
81.0
82.0
82.0
83.0
83.0
83.0
83.0
84.0
79.0
78.0
78.0
77.0
77.0
77.0
77.0
76.0
76.0
77.0
77.0
76.0
76.0
77.0
77.0
77.0
77.0
77.0
77.0
76.0
76.0
76.0
76.0
76.0
77.0
75.0
77.0
76.0
77.0
77.0
77.0
77.0
77.0
77.0
77.0
76.0
76.0
77.0
108.0
118.0
110.0
106.0
126.0
133.0
108.0
109.0
109.0
128.0
90.0
81.0
82.0
92.0
82.0
83.0
82.0
92.0
87.0
82.0
83.0
83.0
80.0
83.0
82.0
79.0
82.0
79.0
82.0
82.0
82.0
76.0
84.0
82.0
82.0
76.0
82.0
74.0
82.0
82.0
77.0
81.0
82.0
81.0
77.0
82.0
82.0
77.0
80.0
80.0
77.0
79.0
77.0
77.0
79.0
80.0
77.0
79.0
79.0
80.0
77.0
80.0
77.0
76.0
80.0
79.0
77.0
80.0
80.0
76.0
79.0
76.0
80.0
77.0
80.0
76.0
80.0
80.0
81.0
76.0
82.0
76.0
81.0
76.0
76.0
80.0
81.0
1.0
0.0
1.0
0.0
1.0
0.0
1.0
0.0
0.0
1.0
0.0
1.0
0.0
1.0
0.0
1.0
0.0
1.0
0.0
1.0
0.0
1.0
0.0
1.0
0.0
1.0
0.0
1.0
0.0
1.0
0.0
1.0
0.0
0.0
1.0
1.0
0.0
0.0
1.0
1.0
0.0
0.0
1.0
1.0
0.0
0.0
1.0
1.0
0.0
0.0
1.0
1.0
0.0
0.0
1.0
1.0
0.0
0.0
1.0
1.0
80.0
80.0
77.0
80.0
77.0
78.0
80.0
77.0
80.0
80.0
80.0
80.0
80.0
79.0
81.0
81.0
80.0
81.0
80.0
80.0
81.0
82.0
83.0
82.0
82.0
82.0
82.0
82.0
82.0
81.0
81.0
81.0
80.0
81.0
80.0
79.0
82.0
78.0
85.0
85.0
85.0
84.0
81.0
85.0
80.0
80.0
84.0
81.0
81.0
81.0
81.0
81.0
79.0
78.0
82.0
79.0
82.0
78.0
81.0
81.0
81.0
77.0
80.0
77.0
77.0
80.0
76.0
79.0
80.0
79.0
76.0
79.0
80.0
76.0
76.0
80.0
76.0
81.0
81.0
81.0
75.0
81.0
81.0
76.0
75.0
81.0
75.0
81.0
80.0
80.0
75.0
81.0
81.0
74.0
75.0
74.0
82.0
82.0
82.0
82.0
74.0
74.0
74.0
79.0
80.0
96.0
79.0
115.0
78.0
78.0
78.0
80.0
80.0
78.0
78.0
78.0
96.0
78.0
78.0
82.0
81.0
85.0
81.0
79.0
78.0
79.0
78.0
80.0
80.0
77.0
77.0
78.0
78.0
79.0
80.0
78.0
78.0
78.0
78.0
78.0
78.0
77.0
77.0
78.0
78.0
78.0
77.0
79.0
79.0
77.0
76.0
77.0
77.0
79.0
78.0
78.0
76.0
78.0
78.0
77.0
76.0
76.0
77.0
79.0
79.0
84.0
81.0
82.0
82.0
113.0
81.0
81.0
81.0
79.0
137.0
75.0
76.0
75.0
76.0
76.0
77.0
76.0
75.0
131.0
74.0
77.0
74.0
74.0
108.0
77.0
76.0
77.0
74.0
76.0
77.0
77.0
79.0
77.0
78.0
77.0
76.0
78.0
77.0
77.0
77.0
77.0
79.0
77.0
78.0
77.0
77.0
77.0
76.0
77.0
76.0
77.0
78.0
77.0
78.0
77.0
77.0
77.0
77.0
78.0
78.0
78.0
79.0
81.0
79.0
80.0
84.0
77.0
82.0
77.0
82.0
77.0
77.0
81.0
78.0
80.0
78.0
83.0
79.0
78.0
79.0
78.0
79.0
79.0
80.0
79.0
78.0
79.0
79.0
78.0
78.0
78.0
77.0
77.0
79.0
77.0
77.0
77.0
78.0
76.0
77.0
78.0
78.0
77.0
77.0
78.0
78.0
76.0
77.0
77.0
77.0
77.0
78.0
78.0
76.0
79.0
79.0
77.0
77.0
79.0
76.0
80.0
80.0
77.0
76.0
78.0
78.0
76.0
78.0
79.0
78.0
79.0
100.0
100.0
100.0
102.0
101.0
101.0
99.0
98.0
99.0
98.0
78.0
77.0
77.0
78.0
76.0
77.0
77.0
77.0
77.0
76.0
77.0
77.0
78.0
76.0
77.0
77.0
77.0
76.0
77.0
77.0
77.0
76.0
76.0
78.0
77.0
78.0
77.0
78.0
77.0
79.0
80.0
78.0
77.0
77.0
1.0
0.0
1.0
1.0
0.0
0.0
1.0
1.0
0.0
0.0
1.0
1.0
0.0
0.0
1.0
1.0
0.0
0.0
1.0
1.0
0.0
0.0
1.0
1.0
0.0
0.0
1.0
1.0
0.0
0.0
1.0
1.0
0.0
0.0
1.0
1.0
0.0
0.0
1.0
1.0
0.0
0.0
1.0
1.0
0.0
0.0
1.0
1.0
0.0
0.0
0.0
1.0
0.0
0.0
0.0
1.0
1.0
1.0
0.0
0.0
77.0
77.0
77.0
77.0
77.0
77.0
78.0
77.0
77.0
77.0
77.0
77.0
77.0
77.0
76.0
76.0
77.0
77.0
76.0
77.0
76.0
76.0
77.0
77.0
77.0
77.0
78.0
76.0
77.0
77.0
76.0
76.0
76.0
77.0
76.0
76.0
77.0
77.0
76.0
77.0
76.0
76.0
76.0
77.0
76.0
77.0
77.0
77.0
77.0
76.0
76.0
77.0
77.0
77.0
77.0
77.0
77.0
76.0
76.0
77.0
76.0
77.0
77.0
76.0
77.0
77.0
78.0
77.0
77.0
76.0
77.0
76.0
76.0
78.0
76.0
77.0
79.0
77.0
77.0
78.0
77.0
77.0
77.0
77.0
78.0
77.0
82.0
81.0
82.0
82.0
82.0
82.0
81.0
82.0
81.0
82.0
77.0
77.0
77.0
76.0
77.0
76.0
77.0
77.0
77.0
77.0
77.0
77.0
76.0
77.0
76.0
77.0
76.0
76.0
76.0
77.0
76.0
77.0
77.0
77.0
76.0
76.0
77.0
76.0
76.0
77.0
76.0
76.0
76.0
77.0
76.0
77.0
76.0
77.0
77.0
76.0
76.0
77.0
77.0
76.0
76.0
76.0
77.0
77.0
76.0
76.0
77.0
76.0
77.0
77.0
76.0
77.0
77.0
76.0
78.0
76.0
77.0
78.0
77.0
77.0
76.0
77.0
77.0
76.0
76.0
77.0
77.0
77.0
77.0
76.0
76.0
76.0
77.0
77.0
77.0
77.0
76.0
77.0
77.0
77.0
77.0
77.0
76.0
77.0
76.0
76.0
76.0
76.0
76.0
76.0
76.0
77.0
77.0
77.0
76.0
77.0
77.0
76.0
77.0
76.0
77.0
77.0
77.0
76.0
76.0
77.0
77.0
77.0
76.0
77.0
76.0
76.0
76.0
77.0
77.0
76.0
81.0
81.0
82.0
82.0
82.0
82.0
82.0
83.0
81.0
82.0
78.0
77.0
76.0
77.0
77.0
76.0
76.0
76.0
77.0
77.0
76.0
77.0
76.0
77.0
77.0
76.0
77.0
77.0
76.0
77.0
77.0
77.0
77.0
77.0
76.0
77.0
76.0
76.0
77.0
77.0
76.0
76.0
76.0
76.0
76.0
76.0
76.0
77.0
76.0
76.0
76.0
77.0
77.0
76.0
76.0
76.0
76.0
77.0
77.0
77.0
76.0
76.0
76.0
77.0
76.0
77.0
77.0
77.0
76.0
77.0
76.0
77.0
76.0
77.0
76.0
76.0
76.0
76.0
76.0
76.0
76.0
76.0
77.0
77.0
76.0
77.0
77.0
77.0
77.0
77.0
77.0
77.0
77.0
77.0
76.0
76.0
77.0
77.0
77.0
76.0
76.0
77.0
76.0
76.0
76.0
77.0
77.0
77.0
76.0
77.0
77.0
76.0
77.0
77.0
77.0
77.0
76.0
77.0
76.0
77.0
101.0
101.0
100.0
101.0
0.0
1.0
0.0
1.0
0.0
0.0
0.0
0.0
1.0
0.0
1.0
0.0
0.0
1.0
1.0
0.0
0.0
0.0
0.0
1.0
1.0
1.0
0.0
0.0
0.0
0.0
1.0
1.0
0.0
0.0
0.0
0.0
1.0
1.0
1.0
0.0
0.0
0.0
1.0
1.0
1.0
0.0
0.0
0.0
1.0
1.0
1.0
0.0
0.0
0.0
1.0
1.0
1.0
0.0
0.0
0.0
0.0
1.0
1.0
0.0
101.0
101.0
100.0
101.0
101.0
100.0
77.0
76.0
77.0
76.0
77.0
78.0
78.0
77.0
76.0
76.0
76.0
77.0
77.0
77.0
76.0
77.0
77.0
76.0
77.0
76.0
77.0
76.0
76.0
77.0
77.0
77.0
77.0
77.0
76.0
76.0
77.0
77.0
77.0
77.0
76.0
77.0
77.0
76.0
77.0
77.0
76.0
77.0
77.0
77.0
76.0
78.0
78.0
76.0
76.0
77.0
77.0
76.0
76.0
76.0
77.0
77.0
77.0
77.0
76.0
77.0
77.0
77.0
77.0
77.0
76.0
76.0
77.0
77.0
77.0
77.0
76.0
77.0
76.0
76.0
76.0
77.0
77.0
77.0
76.0
77.0
77.0
76.0
77.0
77.0
76.0
77.0
76.0
78.0
77.0
76.0
76.0
76.0
76.0
77.0
76.0
76.0
77.0
77.0
76.0
76.0
77.0
76.0
77.0
76.0
76.0
77.0
77.0
77.0
77.0
77.0
77.0
77.0
76.0
77.0
76.0
77.0
76.0
78.0
76.0
76.0
76.0
77.0
77.0
78.0
79.0
80.0
79.0
79.0
79.0
80.0
80.0
79.0
79.0
77.0
76.0
76.0
77.0
76.0
76.0
77.0
76.0
78.0
76.0
77.0
76.0
77.0
76.0
76.0
76.0
78.0
76.0
76.0
77.0
77.0
76.0
76.0
77.0
76.0
76.0
77.0
76.0
76.0
77.0
76.0
77.0
77.0
77.0
76.0
76.0
77.0
76.0
76.0
76.0
77.0
76.0
76.0
77.0
77.0
77.0
76.0
77.0
77.0
76.0
77.0
76.0
76.0
76.0
76.0
76.0
77.0
76.0
76.0
77.0
76.0
77.0
77.0
77.0
77.0
76.0
77.0
76.0
77.0
77.0
78.0
77.0
76.0
77.0
76.0
76.0
77.0
76.0
76.0
76.0
77.0
77.0
76.0
77.0
76.0
77.0
76.0
76.0
76.0
77.0
76.0
76.0
77.0
77.0
76.0
76.0
76.0
77.0
76.0
76.0
77.0
76.0
76.0
76.0
77.0
76.0
77.0
76.0
76.0
77.0
77.0
77.0
76.0
76.0
76.0
76.0
76.0
77.0
76.0
76.0
78.0
78.0
78.0
78.0
79.0
79.0
79.0
79.0
78.0
78.0
76.0
77.0
77.0
77.0
77.0
76.0
77.0
77.0
76.0
77.0
76.0
76.0
76.0
77.0
76.0
78.0
76.0
76.0
76.0
77.0
77.0
77.0
76.0
76.0
77.0
76.0
77.0
76.0
77.0
77.0
76.0
76.0
77.0
77.0
76.0
76.0
77.0
77.0
76.0
77.0
77.0
77.0
76.0
76.0
76.0
76.0
76.0
76.0
76.0
76.0
77.0
77.0
77.0
77.0
77.0
77.0
76.0
77.0
77.0
76.0
76.0
76.0
76.0
77.0
76.0
76.0
76.0
76.0
77.0
77.0
77.0
1.0
0.0
1.0
0.0
1.0
0.0
0.0
0.0
0.0
1.0
0.0
1.0
0.0
1.0
0.0
1.0
0.0
1.0
1.0
0.0
0.0
1.0
1.0
0.0
0.0
0.0
1.0
1.0
0.0
0.0
1.0
1.0
0.0
0.0
1.0
1.0
1.0
0.0
0.0
0.0
0.0
1.0
1.0
1.0
1.0
0.0
0.0
0.0
0.0
1.0
1.0
1.0
1.0
1.0
0.0
0.0
0.0
0.0
0.0
0.0
76.0
77.0
77.0
77.0
76.0
77.0
77.0
76.0
77.0
77.0
76.0
76.0
77.0
77.0
77.0
76.0
76.0
76.0
76.0
77.0
76.0
77.0
76.0
76.0
76.0
77.0
77.0
76.0
77.0
77.0
77.0
76.0
76.0
76.0
76.0
77.0
76.0
77.0
77.0
103.0
103.0
103.0
103.0
102.0
103.0
103.0
102.0
101.0
102.0
77.0
77.0
77.0
78.0
78.0
77.0
77.0
77.0
77.0
77.0
76.0
76.0
78.0
76.0
76.0
77.0
78.0
76.0
76.0
78.0
76.0
76.0
77.0
76.0
76.0
77.0
77.0
77.0
76.0
76.0
77.0
77.0
77.0
77.0
77.0
76.0
77.0
76.0
76.0
77.0
76.0
75.0
76.0
77.0
77.0
77.0
76.0
77.0
76.0
77.0
77.0
76.0
77.0
76.0
76.0
76.0
76.0
77.0
76.0
76.0
76.0
77.0
77.0
77.0
77.0
77.0
76.0
76.0
76.0
76.0
77.0
76.0
76.0
76.0
76.0
77.0
77.0
77.0
77.0
77.0
76.0
76.0
76.0
76.0
76.0
76.0
76.0
76.0
77.0
76.0
77.0
77.0
77.0
77.0
77.0
76.0
77.0
76.0
76.0
77.0
76.0
76.0
77.0
77.0
77.0
77.0
76.0
77.0
77.0
76.0
76.0
76.0
76.0
76.0
77.0
77.0
77.0
76.0
77.0
77.0
79.0
79.0
79.0
80.0
80.0
79.0
79.0
79.0
79.0
80.0
77.0
76.0
77.0
76.0
76.0
78.0
77.0
76.0
76.0
77.0
77.0
77.0
76.0
76.0
77.0
77.0
78.0
77.0
76.0
77.0
77.0
76.0
77.0
77.0
76.0
76.0
78.0
76.0
76.0
77.0
76.0
76.0
76.0
76.0
77.0
77.0
77.0
76.0
77.0
77.0
77.0
76.0
76.0
76.0
77.0
76.0
77.0
76.0
76.0
77.0
76.0
77.0
76.0
76.0
77.0
77.0
77.0
76.0
77.0
76.0
77.0
76.0
76.0
77.0
77.0
77.0
77.0
77.0
76.0
76.0
77.0
77.0
77.0
77.0
77.0
77.0
76.0
77.0
77.0
77.0
76.0
76.0
76.0
76.0
77.0
77.0
77.0
76.0
76.0
77.0
77.0
77.0
76.0
76.0
78.0
76.0
76.0
76.0
76.0
76.0
76.0
76.0
77.0
77.0
76.0
77.0
77.0
77.0
76.0
77.0
76.0
76.0
77.0
76.0
77.0
77.0
76.0
76.0
77.0
77.0
80.0
81.0
81.0
81.0
82.0
81.0
81.0
81.0
82.0
81.0
78.0
77.0
77.0
77.0
76.0
77.0
77.0
77.0
76.0
78.0
77.0
77.0
76.0
76.0
77.0
76.0
76.0
76.0
77.0
77.0
77.0
77.0
77.0
77.0
76.0
77.0
74.0
74.0
75.0
75.0
72.0
