22.0
20.0
18.0
26.0
18.0
28.0
18.0
16.0
26.0
26.0
31.0
28.0
17.0
18.0
18.0
64.0
63.0
62.0
104.0
103.0
65.0
63.0
68.0
103.0
104.0
64.0
63.0
60.0
61.0
61.0
79.0
115.0
112.0
69.0
68.0
73.0
114.0
110.0
69.0
69.0
70.0
64.0
61.0
60.0
61.0
65.0
69.0
103.0
65.0
62.0
109.0
64.0
60.0
61.0
60.0
65.0
54.0
64.0
61.0
60.0
64.0
63.0
103.0
61.0
49.0
65.0
107.0
64.0
60.0
61.0
65.0
63.0
49.0
60.0
60.0
109.0
58.0
61.0
49.0
60.0
64.0
63.0
60.0
102.0
60.0
54.0
52.0
60.0
60.0
61.0
65.0
63.0
61.0
82.0
50.0
54.0
63.0
60.0
73.0
60.0
64.0
63.0
60.0
50.0
50.0
65.0
62.0
60.0
60.0
54.0
16.0
16.0
16.0
14.0
16.0
54.0
60.0
60.0
52.0
60.0
63.0
60.0
59.0
52.0
61.0
55.0
53.0
60.0
60.0
60.0
63.0
60.0
60.0
53.0
60.0
54.0
52.0
61.0
61.0
60.0
54.0
60.0
60.0
60.0
61.0
54.0
52.0
60.0
60.0
60.0
56.0
60.0
60.0
57.0
53.0
56.0
60.0
60.0
60.0
59.0
57.0
54.0
59.0
59.0
54.0
56.0
59.0
60.0
60.0
54.0
62.0
55.0
54.0
59.0
59.0
56.0
60.0
54.0
60.0
60.0
62.0
54.0
54.0
60.0
60.0
56.0
60.0
55.0
60.0
60.0
57.0
54.0
59.0
54.0
72.0
75.0
72.0
69.0
68.0
72.0
74.0
69.0
71.0
69.0
59.0
60.0
56.0
53.0
51.0
52.0
21.0
28.0
15.0
24.0
15.0
18.0
19.0
15.0
23.0
23.0
22.0
18.0
16.0
15.0
17.0
21.0
26.0
25.0
24.0
24.0
18.0
17.0
15.0
14.0
17.0
19.0
16.0
24.0
15.0
24.0
18.0
29.0
17.0
23.0
15.0
21.0
17.0
14.0
15.0
15.0
19.0
25.0
24.0
22.0
14.0
29.0
18.0
14.0
15.0
14.0
63.0
61.0
58.0
100.0
58.0
100.0
62.0
96.0
57.0
101.0
64.0
60.0
59.0
57.0
47.0
63.0
61.0
99.0
57.0
47.0
106.0
61.0
58.0
58.0
58.0
62.0
49.0
58.0
58.0
58.0
62.0
61.0
58.0
58.0
99.0
51.0
61.0
58.0
109.0
33.0
18.0
16.0
13.0
13.0
13.0
17.0
16.0
10.0
14.0
14.0
62.0
70.0
68.0
67.0
67.0
64.0
70.0
67.0
109.0
51.0
104.0
59.0
57.0
57.0
48.0
61.0
60.0
58.0
46.0
47.0
61.0
60.0
57.0
57.0
57.0
61.0
103.0
46.0
99.0
46.0
61.0
60.0
57.0
57.0
58.0
62.0
49.0
47.0
65.0
32.0
17.0
15.0
13.0
10.0
13.0
14.0
15.0
13.0
10.0
13.0
61.0
59.0
57.0
48.0
47.0
61.0
55.0
57.0
57.0
57.0
53.0
52.0
57.0
57.0
56.0
53.0
60.0
58.0
57.0
57.0
53.0
52.0
57.0
57.0
56.0
54.0
59.0
57.0
57.0
57.0
53.0
52.0
57.0
49.0
57.0
61.0
60.0
58.0
58.0
27.0
14.0
15.0
11.0
11.0
13.0
17.0
16.0
10.0
13.0
11.0
54.0
60.0
58.0
50.0
57.0
61.0
60.0
57.0
58.0
49.0
53.0
53.0
49.0
57.0
57.0
62.0
60.0
58.0
57.0
58.0
53.0
51.0
50.0
58.0
57.0
61.0
60.0
57.0
57.0
58.0
53.0
51.0
50.0
57.0
57.0
61.0
60.0
58.0
57.0
31.0
15.0
13.0
11.0
13.0
11.0
15.0
12.0
12.0
13.0
11.0
61.0
51.0
49.0
58.0
58.0
62.0
59.0
57.0
49.0
57.0
54.0
52.0
50.0
57.0
57.0
62.0
60.0
58.0
57.0
57.0
53.0
52.0
50.0
57.0
57.0
61.0
60.0
58.0
58.0
58.0
53.0
52.0
49.0
57.0
57.0
62.0
60.0
57.0
57.0
32.0
15.0
14.0
10.0
12.0
11.0
14.0
13.0
13.0
13.0
11.0
62.0
52.0
50.0
57.0
58.0
62.0
60.0
49.0
58.0
58.0
69.0
67.0
64.0
69.0
69.0
72.0
72.0
69.0
69.0
70.0
53.0
52.0
49.0
57.0
58.0
62.0
59.0
58.0
58.0
57.0
53.0
51.0
49.0
57.0
58.0
61.0
61.0
57.0
57.0
31.0
14.0
13.0
11.0
13.0
11.0
15.0
12.0
13.0
12.0
10.0
61.0
52.0
49.0
58.0
58.0
61.0
60.0
58.0
49.0
58.0
53.0
52.0
49.0
58.0
58.0
62.0
60.0
59.0
58.0
57.0
53.0
52.0
50.0
57.0
57.0
62.0
60.0
58.0
58.0
58.0
53.0
52.0
50.0
58.0
58.0
62.0
61.0
58.0
57.0
31.0
14.0
13.0
11.0
13.0
10.0
14.0
13.0
11.0
13.0
13.0
128.0
117.0
115.0
122.0
115.0
126.0
126.0
123.0
123.0
123.0
53.0
54.0
50.0
58.0
59.0
62.0
60.0
59.0
57.0
58.0
53.0
52.0
50.0
58.0
57.0
61.0
61.0
58.0
58.0
58.0
55.0
53.0
50.0
58.0
57.0
62.0
60.0
57.0
58.0
32.0
15.0
14.0
11.0
14.0
12.0
15.0
13.0
11.0
13.0
13.0
61.0
53.0
50.0
57.0
50.0
62.0
60.0
58.0
59.0
58.0
54.0
52.0
50.0
58.0
57.0
62.0
60.0
57.0
59.0
58.0
53.0
53.0
50.0
58.0
57.0
62.0
61.0
57.0
58.0
58.0
54.0
52.0
50.0
57.0
57.0
62.0
60.0
58.0
57.0
33.0
14.0
13.0
11.0
13.0
11.0
15.0
14.0
11.0
14.0
13.0
62.0
52.0
50.0
50.0
58.0
62.0
60.0
57.0
57.0
57.0
53.0
52.0
49.0
58.0
58.0
62.0
60.0
58.0
58.0
58.0
53.0
52.0
50.0
57.0
58.0
61.0
60.0
59.0
58.0
58.0
53.0
52.0
50.0
58.0
59.0
62.0
60.0
58.0
58.0
32.0
15.0
14.0
10.0
11.0
13.0
15.0
13.0
10.0
13.0
13.0
54.0
52.0
57.0
50.0
58.0
62.0
61.0
58.0
58.0
58.0
53.0
52.0
49.0
58.0
58.0
62.0
60.0
58.0
57.0
58.0
53.0
52.0
50.0
58.0
57.0
62.0
60.0
58.0
57.0
58.0
53.0
52.0
50.0
57.0
57.0
62.0
61.0
57.0
58.0
32.0
14.0
14.0
11.0
11.0
13.0
14.0
14.0
11.0
12.0
13.0
53.0
53.0
57.0
50.0
57.0
62.0
59.0
57.0
58.0
58.0
68.0
66.0
64.0
69.0
69.0
72.0
71.0
69.0
68.0
69.0
54.0
53.0
50.0
57.0
57.0
62.0
59.0
58.0
58.0
58.0
54.0
52.0
50.0
57.0
58.0
62.0
61.0
58.0
57.0
33.0
15.0
13.0
11.0
12.0
11.0
15.0
13.0
13.0
14.0
11.0
53.0
61.0
50.0
58.0
58.0
61.0
52.0
57.0
58.0
58.0
54.0
52.0
50.0
58.0
57.0
62.0
59.0
58.0
57.0
58.0
53.0
53.0
49.0
58.0
57.0
62.0
61.0
57.0
58.0
58.0
53.0
52.0
50.0
57.0
58.0
62.0
60.0
58.0
58.0
32.0
15.0
13.0
11.0
13.0
11.0
15.0
14.0
13.0
12.0
13.0
62.0
52.0
50.0
58.0
57.0
62.0
51.0
58.0
58.0
58.0
54.0
52.0
50.0
58.0
58.0
63.0
60.0
57.0
58.0
58.0
54.0
52.0
49.0
57.0
58.0
62.0
61.0
58.0
57.0
58.0
53.0
51.0
51.0
58.0
57.0
63.0
61.0
58.0
58.0
32.0
14.0
14.0
11.0
12.0
11.0
15.0
14.0
14.0
11.0
13.0
62.0
52.0
49.0
58.0
50.0
63.0
60.0
57.0
57.0
59.0
53.0
52.0
49.0
58.0
57.0
62.0
61.0
58.0
58.0
58.0
53.0
53.0
50.0
58.0
58.0
62.0
60.0
58.0
58.0
59.0
53.0
51.0
50.0
58.0
58.0
63.0
60.0
58.0
58.0
33.0
15.0
14.0
10.0
10.0
12.0
14.0
13.0
10.0
14.0
13.0
54.0
52.0
57.0
50.0
59.0
63.0
61.0
58.0
58.0
58.0
53.0
52.0
50.0
58.0
59.0
61.0
60.0
58.0
57.0
58.0
68.0
67.0
65.0
69.0
69.0
74.0
72.0
71.0
70.0
68.0
53.0
52.0
50.0
57.0
58.0
62.0
60.0
58.0
58.0
33.0
15.0
13.0
11.0
13.0
11.0
15.0
13.0
13.0
11.0
14.0
53.0
52.0
58.0
58.0
50.0
63.0
62.0
59.0
59.0
59.0
155.0
155.0
152.0
159.0
158.0
163.0
160.0
159.0
158.0
160.0
53.0
52.0
50.0
57.0
57.0
62.0
60.0
59.0
58.0
57.0
54.0
52.0
49.0
57.0
57.0
62.0
61.0
58.0
58.0
32.0
14.0
14.0
11.0
13.0
11.0
14.0
14.0
11.0
13.0
13.0
62.0
52.0
50.0
50.0
57.0
62.0
60.0
58.0
57.0
57.0
54.0
52.0
49.0
57.0
58.0
61.0
60.0
58.0
58.0
57.0
54.0
53.0
50.0
58.0
57.0
61.0
60.0
59.0
59.0
59.0
54.0
52.0
50.0
57.0
58.0
62.0
61.0
58.0
57.0
32.0
15.0
14.0
11.0
13.0
11.0
14.0
13.0
13.0
13.0
11.0
54.0
53.0
57.0
49.0
58.0
62.0
60.0
58.0
58.0
57.0
53.0
52.0
51.0
57.0
58.0
61.0
60.0
58.0
59.0
57.0
53.0
52.0
51.0
58.0
58.0
62.0
60.0
57.0
58.0
58.0
53.0
52.0
50.0
57.0
58.0
62.0
60.0
58.0
59.0
31.0
14.0
13.0
11.0
12.0
11.0
14.0
13.0
11.0
14.0
13.0
14.0
11.0
13.0
11.0
13.0
15.0
14.0
13.0
14.0
13.0
14.0
11.0
12.0
11.0
12.0
16.0
14.0
12.0
13.0
14.0
13.0
11.0
13.0
11.0
13.0
16.0
11.0
14.0
14.0
13.0
15.0
11.0
11.0
13.0
11.0
16.0
11.0
13.0
13.0
11.0
16.0
13.0
13.0
12.0
11.0
13.0
11.0
13.0
13.0
13.0
60.0
58.0
57.0
57.0
50.0
52.0
50.0
58.0
57.0
58.0
52.0
49.0
57.0
57.0
57.0
52.0
57.0
57.0
58.0
57.0
53.0
49.0
49.0
58.0
58.0
59.0
57.0
58.0
57.0
57.0
52.0
51.0
49.0
57.0
57.0
60.0
58.0
32.0
32.0
12.0
16.0
11.0
11.0
11.0
12.0
15.0
13.0
11.0
11.0
11.0
61.0
58.0
57.0
57.0
58.0
52.0
50.0
50.0
58.0
58.0
67.0
65.0
64.0
70.0
69.0
72.0
69.0
69.0
69.0
69.0
52.0
50.0
50.0
58.0
58.0
60.0
59.0
57.0
57.0
58.0
52.0
50.0
50.0
57.0
58.0
60.0
57.0
32.0
31.0
13.0
15.0
13.0
11.0
11.0
13.0
15.0
11.0
11.0
11.0
13.0
53.0
57.0
57.0
49.0
49.0
60.0
57.0
57.0
58.0
58.0
53.0
50.0
57.0
49.0
57.0
60.0
58.0
57.0
57.0
57.0
52.0
50.0
50.0
57.0
57.0
60.0
58.0
58.0
57.0
57.0
52.0
50.0
50.0
58.0
57.0
60.0
57.0
32.0
32.0
13.0
15.0
11.0
11.0
11.0
13.0
15.0
13.0
11.0
11.0
11.0
60.0
50.0
50.0
57.0
57.0
59.0
49.0
57.0
57.0
57.0
52.0
50.0
50.0
58.0
58.0
61.0
57.0
58.0
58.0
57.0
52.0
50.0
49.0
57.0
57.0
61.0
57.0
57.0
58.0
58.0
52.0
50.0
49.0
58.0
58.0
60.0
58.0
31.0
31.0
12.0
15.0
11.0
10.0
11.0
13.0
13.0
10.0
11.0
13.0
13.0
61.0
50.0
49.0
49.0
57.0
60.0
58.0
58.0
58.0
58.0
52.0
50.0
50.0
57.0
57.0
60.0
58.0
57.0
57.0
58.0
52.0
50.0
49.0
58.0
57.0
60.0
59.0
58.0
59.0
58.0
51.0
50.0
49.0
58.0
58.0
60.0
57.0
31.0
31.0
12.0
15.0
11.0
11.0
11.0
11.0
13.0
11.0
13.0
13.0
13.0
52.0
50.0
49.0
58.0
57.0
60.0
58.0
58.0
59.0
58.0
52.0
50.0
50.0
58.0
58.0
60.0
57.0
57.0
59.0
57.0
52.0
50.0
50.0
58.0
58.0
72.0
57.0
58.0
69.0
69.0
66.0
64.0
64.0
69.0
69.0
72.0
58.0
31.0
32.0
12.0
14.0
13.0
11.0
12.0
12.0
13.0
11.0
13.0
11.0
13.0
203.0
50.0
49.0
50.0
200.0
202.0
200.0
199.0
199.0
199.0
192.0
191.0
190.0
59.0
57.0
60.0
58.0
58.0
58.0
57.0
52.0
51.0
50.0
58.0
57.0
61.0
59.0
59.0
58.0
58.0
52.0
51.0
50.0
57.0
59.0
61.0
57.0
31.0
31.0
13.0
16.0
11.0
11.0
12.0
11.0
14.0
11.0
14.0
13.0
13.0
52.0
50.0
50.0
58.0
57.0
60.0
58.0
58.0
58.0
58.0
53.0
50.0
50.0
58.0
58.0
60.0
57.0
58.0
57.0
57.0
53.0
50.0
49.0
57.0
58.0
60.0
58.0
58.0
59.0
59.0
53.0
51.0
49.0
58.0
58.0
60.0
58.0
32.0
33.0
13.0
14.0
11.0
11.0
13.0
11.0
14.0
11.0
14.0
13.0
13.0
53.0
50.0
49.0
57.0
57.0
60.0
60.0
59.0
58.0
58.0
52.0
50.0
50.0
58.0
58.0
60.0
59.0
58.0
57.0
57.0
53.0
51.0
50.0
58.0
58.0
61.0
58.0
58.0
57.0
58.0
52.0
50.0
50.0
57.0
59.0
60.0
58.0
31.0
32.0
13.0
15.0
12.0
11.0
11.0
11.0
13.0
11.0
13.0
13.0
14.0
52.0
51.0
49.0
58.0
57.0
60.0
58.0
59.0
59.0
58.0
53.0
51.0
50.0
58.0
58.0
61.0
58.0
58.0
57.0
58.0
52.0
50.0
50.0
58.0
58.0
59.0
57.0
59.0
57.0
59.0
53.0
50.0
49.0
57.0
60.0
60.0
57.0
32.0
32.0
13.0
14.0
11.0
11.0
13.0
11.0
13.0
11.0
14.0
14.0
13.0
53.0
50.0
50.0
58.0
59.0
61.0
57.0
60.0
57.0
58.0
52.0
51.0
51.0
58.0
58.0
60.0
58.0
59.0
58.0
57.0
65.0
62.0
61.0
69.0
69.0
72.0
69.0
69.0
70.0
70.0
55.0
53.0
53.0
58.0
58.0
60.0
59.0
32.0
32.0
13.0
17.0
11.0
11.0
11.0
11.0
15.0
11.0
13.0
12.0
11.0
52.0
50.0
50.0
58.0
58.0
60.0
57.0
58.0
59.0
57.0
52.0
51.0
50.0
58.0
58.0
60.0
58.0
58.0
57.0
58.0
52.0
51.0
49.0
58.0
57.0
60.0
58.0
57.0
58.0
58.0
52.0
50.0
49.0
58.0
59.0
60.0
58.0
32.0
31.0
12.0
15.0
11.0
11.0
11.0
11.0
13.0
12.0
13.0
13.0
13.0
52.0
50.0
49.0
58.0
57.0
60.0
57.0
57.0
57.0
57.0
51.0
50.0
50.0
57.0
57.0
60.0
58.0
59.0
57.0
57.0
52.0
51.0
50.0
57.0
58.0
60.0
57.0
59.0
57.0
57.0
52.0
50.0
50.0
57.0
57.0
59.0
58.0
32.0
32.0
13.0
16.0
11.0
11.0
11.0
11.0
13.0
11.0
12.0
14.0
13.0
53.0
50.0
50.0
58.0
58.0
60.0
57.0
58.0
57.0
57.0
52.0
50.0
50.0
58.0
58.0
60.0
58.0
57.0
58.0
58.0
52.0
50.0
49.0
58.0
58.0
61.0
58.0
57.0
58.0
57.0
53.0
50.0
50.0
58.0
58.0
60.0
58.0
32.0
32.0
12.0
16.0
11.0
11.0
11.0
11.0
13.0
13.0
11.0
13.0
13.0
52.0
51.0
50.0
58.0
57.0
60.0
58.0
59.0
58.0
58.0
52.0
50.0
50.0
59.0
58.0
60.0
57.0
57.0
58.0
57.0
52.0
50.0
49.0
58.0
58.0
61.0
58.0
58.0
58.0
58.0
52.0
50.0
49.0
57.0
57.0
72.0
58.0
31.0
32.0
13.0
15.0
11.0
11.0
11.0
11.0
14.0
11.0
13.0
12.0
12.0
67.0
65.0
65.0
69.0
69.0
72.0
69.0
69.0
69.0
57.0
229.0
228.0
227.0
234.0
234.0
238.0
235.0
234.0
235.0
235.0
52.0
51.0
50.0
59.0
57.0
60.0
58.0
58.0
58.0
58.0
52.0
50.0
50.0
57.0
57.0
60.0
58.0
32.0
33.0
13.0
16.0
11.0
12.0
11.0
12.0
14.0
11.0
12.0
14.0
13.0
60.0
50.0
50.0
49.0
56.0
60.0
59.0
58.0
58.0
57.0
52.0
50.0
50.0
57.0
58.0
60.0
59.0
59.0
58.0
58.0
53.0
51.0
51.0
57.0
57.0
61.0
59.0
57.0
57.0
59.0
53.0
50.0
49.0
57.0
58.0
60.0
59.0
31.0
32.0
13.0
16.0
12.0
12.0
11.0
11.0
13.0
13.0
11.0
14.0
14.0
52.0
51.0
50.0
59.0
58.0
60.0
57.0
57.0
58.0
57.0
52.0
51.0
51.0
57.0
58.0
60.0
58.0
59.0
57.0
59.0
53.0
50.0
50.0
59.0
63.0
64.0
60.0
60.0
65.0
60.0
62.0
61.0
61.0
60.0
57.0
59.0
57.0
40.0
31.0
14.0
15.0
12.0
13.0
12.0
13.0
15.0
12.0
12.0
12.0
12.0
59.0
58.0
58.0
57.0
55.0
58.0
56.0
57.0
55.0
56.0
57.0
58.0
58.0
58.0
56.0
62.0
58.0
55.0
57.0
55.0
58.0
56.0
55.0
58.0
58.0
60.0
56.0
57.0
57.0
59.0
59.0
56.0
56.0
58.0
56.0
59.0
55.0
33.0
31.0
13.0
15.0
12.0
13.0
13.0
12.0
15.0
12.0
12.0
11.0
11.0
