3.0
2.0
2.0
3.0
2.0
2.0
2.0
2.0
2.0
2.0
3.0
3.0
2.0
2.0
2.0
3.0
2.0
3.0
2.0
2.0
71.0
70.0
70.0
70.0
71.0
72.0
70.0
70.0
70.0
71.0
71.0
71.0
71.0
70.0
70.0
71.0
70.0
70.0
70.0
71.0
83.0
82.0
83.0
82.0
82.0
83.0
82.0
82.0
82.0
82.0
1154.0
1153.0
1155.0
1152.0
1154.0
1153.0
1155.0
1155.0
1156.0
1156.0
1162.0
1161.0
1161.0
1161.0
1161.0
1161.0
1161.0
1163.0
1163.0
1163.0
1154.0
1155.0
1154.0
1154.0
1153.0
1155.0
1154.0
1155.0
1154.0
1154.0
1190.0
1188.0
1188.0
1190.0
1187.0
1191.0
1191.0
1189.0
1188.0
1191.0
1153.0
1151.0
1152.0
1153.0
1152.0
1153.0
1153.0
1154.0
1152.0
1152.0
1162.0
1160.0
1163.0
1165.0
1160.0
1164.0
1162.0
1164.0
1162.0
1162.0
2.0
2.0
2.0
2.0
2.0
2.0
3.0
2.0
2.0
2.0
70.0
70.0
70.0
70.0
70.0
70.0
70.0
70.0
70.0
70.0
70.0
71.0
70.0
70.0
70.0
71.0
71.0
70.0
70.0
71.0
89.0
90.0
90.0
89.0
89.0
89.0
89.0
89.0
90.0
89.0
1151.0
1151.0
1151.0
1156.0
1152.0
1155.0
1153.0
1155.0
1156.0
1155.0
1160.0
1163.0
1163.0
1162.0
1160.0
1161.0
1161.0
1162.0
1162.0
1163.0
1156.0
1156.0
1155.0
1157.0
1156.0
1154.0
1155.0
1157.0
1156.0
1156.0
1165.0
1163.0
1163.0
1164.0
1165.0
1165.0
1163.0
1165.0
1164.0
1161.0
1153.0
1153.0
1153.0
1153.0
1154.0
1154.0
1154.0
1152.0
1150.0
1154.0
1161.0
1161.0
1162.0
1161.0
1159.0
1160.0
1161.0
1161.0
1160.0
1159.0
2.0
2.0
2.0
2.0
2.0
3.0
2.0
2.0
2.0
2.0
2.0
2.0
2.0
2.0
2.0
2.0
2.0
2.0
1.0
2.0
2.0
2.0
2.0
2.0
2.0
3.0
1.0
1.0
1.0
2.0
2.0
1.0
1.0
2.0
2.0
2.0
2.0
2.0
1.0
2.0
3.0
1.0
2.0
2.0
2.0
2.0
2.0
1.0
2.0
1.0
3.0
2.0
2.0
2.0
1.0
2.0
2.0
2.0
2.0
2.0
3.0
2.0
1.0
1.0
2.0
3.0
2.0
2.0
2.0
2.0
3.0
1.0
1.0
1.0
2.0
3.0
2.0
2.0
2.0
1.0
3.0
2.0
2.0
1.0
2.0
2.0
2.0
2.0
2.0
1.0
2.0
2.0
2.0
1.0
1.0
2.0
2.0
2.0
2.0
2.0
71.0
71.0
71.0
71.0
71.0
71.0
71.0
71.0
71.0
70.0
70.0
70.0
70.0
70.0
70.0
70.0
70.0
70.0
69.0
70.0
71.0
70.0
70.0
70.0
70.0
71.0
69.0
69.0
70.0
70.0
81.0
81.0
81.0
81.0
81.0
82.0
80.0
81.0
80.0
81.0
70.0
70.0
70.0
70.0
70.0
2.0
2.0
1.0
1.0
2.0
71.0
70.0
70.0
70.0
69.0
70.0
70.0
70.0
70.0
70.0
71.0
70.0
69.0
69.0
70.0
71.0
70.0
70.0
70.0
70.0
71.0
70.0
69.0
69.0
70.0
71.0
71.0
70.0
71.0
69.0
70.0
70.0
70.0
70.0
70.0
70.0
70.0
69.0
70.0
70.0
70.0
70.0
69.0
69.0
69.0
2.0
2.0
2.0
1.0
1.0
71.0
70.0
70.0
70.0
70.0
71.0
71.0
70.0
70.0
70.0
71.0
70.0
70.0
70.0
70.0
71.0
70.0
70.0
70.0
70.0
71.0
70.0
70.0
71.0
70.0
71.0
70.0
70.0
70.0
70.0
71.0
69.0
69.0
69.0
70.0
70.0
70.0
70.0
70.0
69.0
71.0
70.0
70.0
69.0
70.0
2.0
2.0
2.0
2.0
1.0
70.0
70.0
70.0
70.0
70.0
71.0
70.0
70.0
70.0
70.0
70.0
70.0
70.0
70.0
69.0
71.0
70.0
69.0
70.0
70.0
70.0
70.0
69.0
69.0
69.0
71.0
70.0
69.0
70.0
70.0
71.0
70.0
70.0
70.0
69.0
78.0
78.0
78.0
78.0
78.0
91.0
91.0
91.0
91.0
91.0
2.0
1.0
1.0
1.0
2.0
84.0
83.0
84.0
83.0
82.0
71.0
70.0
70.0
71.0
70.0
71.0
70.0
70.0
69.0
70.0
71.0
70.0
69.0
70.0
70.0
71.0
70.0
70.0
69.0
69.0
71.0
69.0
69.0
69.0
70.0
71.0
70.0
70.0
70.0
70.0
71.0
70.0
69.0
70.0
70.0
70.0
70.0
70.0
69.0
70.0
2.0
1.0
1.0
1.0
1.0
71.0
70.0
71.0
70.0
70.0
70.0
70.0
70.0
70.0
70.0
71.0
70.0
70.0
69.0
70.0
70.0
70.0
71.0
69.0
70.0
71.0
71.0
70.0
70.0
70.0
70.0
70.0
70.0
70.0
70.0
70.0
70.0
69.0
70.0
70.0
70.0
70.0
70.0
69.0
69.0
71.0
69.0
69.0
70.0
70.0
2.0
2.0
2.0
2.0
2.0
1164.0
1160.0
1162.0
1162.0
1162.0
1164.0
1164.0
1164.0
1161.0
1161.0
1178.0
1178.0
1182.0
1178.0
1180.0
1178.0
1177.0
1180.0
1182.0
1181.0
1166.0
1166.0
1166.0
1165.0
1165.0
1167.0
1167.0
1165.0
1168.0
1166.0
1164.0
1163.0
1164.0
1164.0
1165.0
1163.0
1164.0
1168.0
1164.0
1167.0
1164.0
1162.0
1164.0
1163.0
1164.0
619.0
620.0
620.0
620.0
622.0
1162.0
1162.0
1162.0
1160.0
1167.0
1162.0
1163.0
1162.0
1165.0
1163.0
1165.0
1165.0
1165.0
1166.0
1168.0
1164.0
1167.0
1167.0
1165.0
1166.0
1165.0
1165.0
1163.0
1168.0
1168.0
1166.0
1164.0
1163.0
1165.0
1164.0
1163.0
1163.0
1162.0
1166.0
1167.0
1161.0
1161.0
1164.0
1164.0
1164.0
1164.0
1165.0
1162.0
1165.0
1169.0
621.0
619.0
621.0
621.0
620.0
1167.0
1165.0
1165.0
1167.0
1165.0
1165.0
1168.0
1164.0
1167.0
1167.0
1164.0
1163.0
1162.0
1162.0
1164.0
1164.0
1164.0
1164.0
1165.0
1166.0
1161.0
1163.0
1164.0
1162.0
1164.0
1163.0
1164.0
1164.0
1164.0
1167.0
1163.0
1165.0
1164.0
1164.0
1165.0
1164.0
1165.0
1165.0
1165.0
1169.0
1161.0
1162.0
1160.0
1159.0
1158.0
618.0
617.0
618.0
618.0
619.0
1193.0
1189.0
1190.0
1195.0
1196.0
1195.0
1201.0
1200.0
1200.0
1197.0
1167.0
1164.0
1167.0
1169.0
1169.0
1165.0
1159.0
1160.0
1159.0
1160.0
1164.0
1164.0
1163.0
1164.0
1166.0
1175.0
1172.0
1171.0
1180.0
1171.0
1165.0
1168.0
1166.0
1166.0
1168.0
1159.0
1158.0
1159.0
1158.0
1162.0
1160.0
1160.0
1160.0
1160.0
1165.0
597.0
594.0
593.0
594.0
594.0
1158.0
1160.0
1160.0
1161.0
1160.0
1160.0
1158.0
1160.0
1159.0
1161.0
1161.0
1159.0
1161.0
1161.0
1159.0
1162.0
1159.0
1161.0
1161.0
1164.0
1162.0
1160.0
1161.0
1161.0
1160.0
1161.0
1161.0
1169.0
1167.0
1176.0
1179.0
1180.0
1179.0
1179.0
1180.0
1179.0
1178.0
1166.0
1181.0
1178.0
1172.0
1173.0
1172.0
1172.0
1174.0
608.0
608.0
608.0
597.0
594.0
1160.0
1159.0
1160.0
1170.0
1160.0
1159.0
1160.0
1164.0
1160.0
1163.0
1164.0
1163.0
1163.0
1180.0
1167.0
1160.0
1159.0
1163.0
1162.0
1161.0
1159.0
1159.0
1160.0
1159.0
1162.0
1159.0
1161.0
1160.0
1160.0
1161.0
1175.0
1178.0
1174.0
1191.0
1187.0
1180.0
1176.0
1179.0
1188.0
1177.0
1170.0
1170.0
1177.0
1230.0
1165.0
593.0
594.0
601.0
603.0
602.0
1173.0
1170.0
1169.0
1166.0
1167.0
1167.0
1167.0
1166.0
1182.0
1216.0
1163.0
1160.0
1160.0
1178.0
1179.0
1170.0
1169.0
1170.0
1170.0
1190.0
1171.0
1173.0
1170.0
1154.0
1155.0
1153.0
1156.0
1152.0
1156.0
1168.0
1166.0
1166.0
1168.0
1163.0
1165.0
1167.0
1165.0
1167.0
1170.0
1164.0
1162.0
1162.0
1161.0
1165.0
1162.0
594.0
596.0
594.0
596.0
602.0
1163.0
1160.0
1164.0
1165.0
1173.0
1166.0
1166.0
1164.0
1165.0
1167.0
1164.0
1165.0
1165.0
1187.0
1163.0
1164.0
1166.0
1166.0
1168.0
1166.0
1200.0
1199.0
1191.0
1179.0
1177.0
1175.0
1176.0
1177.0
1171.0
1170.0
1152.0
1150.0
1154.0
1154.0
1151.0
1151.0
1153.0
1152.0
1152.0
1152.0
1161.0
1160.0
1159.0
1164.0
1163.0
617.0
617.0
617.0
618.0
616.0
1159.0
1158.0
1159.0
1163.0
1159.0
1160.0
1159.0
1162.0
1161.0
1161.0
1160.0
1158.0
1159.0
1158.0
1158.0
1159.0
1160.0
1161.0
1162.0
1160.0
1183.0
1187.0
1183.0
1185.0
1184.0
1187.0
1185.0
1186.0
1187.0
1191.0
1158.0
1160.0
1159.0
1160.0
1159.0
1156.0
1158.0
1161.0
1162.0
1157.0
1157.0
1159.0
1159.0
1158.0
1160.0
615.0
616.0
616.0
616.0
615.0
1162.0
1160.0
1159.0
1163.0
1160.0
1158.0
1160.0
1159.0
1161.0
1157.0
1159.0
1158.0
1161.0
1161.0
1159.0
1159.0
1158.0
1158.0
1157.0
1158.0
1161.0
1163.0
1162.0
1162.0
1162.0
1171.0
1171.0
1167.0
1187.0
1186.0
1160.0
1167.0
1168.0
1168.0
1170.0
1170.0
1173.0
1172.0
1153.0
1152.0
1153.0
1155.0
1154.0
1159.0
1173.0
595.0
594.0
596.0
594.0
595.0
1159.0
1160.0
1161.0
1161.0
1162.0
1162.0
1160.0
1162.0
1163.0
1172.0
1158.0
1158.0
1158.0
1159.0
1158.0
1158.0
1157.0
1159.0
1167.0
1178.0
1165.0
1164.0
1164.0
1165.0
1166.0
1167.0
1167.0
1169.0
1174.0
1158.0
1166.0
1173.0
1173.0
1175.0
1174.0
1174.0
1168.0
1173.0
1169.0
1169.0
1171.0
1181.0
1183.0
1179.0
1183.0
610.0
608.0
595.0
594.0
594.0
1166.0
1168.0
1168.0
1186.0
1178.0
1174.0
1172.0
1173.0
1172.0
1171.0
1175.0
1173.0
1173.0
1165.0
1164.0
1162.0
1161.0
1165.0
1166.0
1165.0
1164.0
1169.0
1164.0
1174.0
1172.0
1167.0
1165.0
1169.0
1167.0
1163.0
1169.0
1166.0
1168.0
1182.0
1160.0
1161.0
1162.0
1162.0
1161.0
1162.0
1174.0
1173.0
1170.0
1164.0
1163.0
602.0
606.0
605.0
606.0
605.0
2.0
2.0
2.0
2.0
2.0
2.0
2.0
2.0
2.0
2.0
2.0
2.0
2.0
1.0
2.0
2.0
1.0
2.0
2.0
1.0
2.0
2.0
1.0
1.0
2.0
2.0
1.0
2.0
1.0
1.0
2.0
2.0
1.0
1.0
2.0
1.0
2.0
1.0
2.0
1.0
2.0
1.0
1.0
2.0
2.0
2.0
2.0
2.0
1.0
1.0
2.0
2.0
2.0
2.0
2.0
2.0
2.0
1.0
1.0
2.0
2.0
2.0
1.0
1.0
1.0
2.0
2.0
2.0
2.0
2.0
1.0
1.0
1.0
1.0
1.0
2.0
2.0
2.0
2.0
2.0
1.0
1.0
1.0
1.0
2.0
2.0
2.0
2.0
2.0
2.0
2.0
2.0
1.0
1.0
1.0
1.0
1.0
1.0
1.0
2.0
83.0
83.0
83.0
83.0
83.0
83.0
82.0
82.0
69.0
69.0
70.0
70.0
70.0
70.0
70.0
70.0
70.0
70.0
69.0
69.0
70.0
70.0
70.0
70.0
70.0
70.0
70.0
70.0
70.0
70.0
69.0
69.0
69.0
70.0
2.0
70.0
70.0
69.0
70.0
2.0
70.0
70.0
70.0
2.0
1.0
1.0
2.0
2.0
2.0
1.0
70.0
70.0
70.0
69.0
69.0
70.0
70.0
70.0
70.0
70.0
70.0
70.0
70.0
70.0
70.0
70.0
70.0
70.0
70.0
69.0
70.0
69.0
69.0
70.0
70.0
70.0
69.0
69.0
69.0
70.0
70.0
70.0
70.0
70.0
1.0
70.0
70.0
70.0
69.0
1.0
70.0
70.0
70.0
2.0
2.0
1.0
1.0
2.0
2.0
2.0
70.0
70.0
70.0
70.0
69.0
70.0
70.0
69.0
69.0
69.0
70.0
70.0
70.0
69.0
70.0
70.0
70.0
69.0
70.0
70.0
70.0
69.0
70.0
70.0
70.0
70.0
69.0
69.0
70.0
70.0
70.0
70.0
70.0
70.0
1.0
70.0
70.0
70.0
70.0
1.0
72.0
70.0
70.0
2.0
1.0
1.0
2.0
2.0
1.0
1.0
70.0
70.0
83.0
83.0
83.0
84.0
84.0
83.0
83.0
83.0
84.0
84.0
69.0
70.0
70.0
70.0
70.0
70.0
69.0
70.0
69.0
69.0
70.0
69.0
70.0
69.0
69.0
69.0
69.0
69.0
70.0
71.0
69.0
70.0
1.0
70.0
69.0
70.0
70.0
1.0
70.0
70.0
70.0
1.0
2.0
1.0
2.0
1.0
2.0
1.0
71.0
69.0
70.0
70.0
70.0
70.0
70.0
69.0
71.0
70.0
70.0
70.0
70.0
70.0
70.0
71.0
71.0
71.0
70.0
70.0
70.0
70.0
70.0
70.0
70.0
70.0
69.0
70.0
70.0
70.0
69.0
70.0
70.0
70.0
2.0
70.0
70.0
69.0
69.0
2.0
70.0
70.0
70.0
2.0
1.0
2.0
2.0
1.0
1.0
1.0
70.0
70.0
70.0
70.0
70.0
70.0
70.0
70.0
69.0
70.0
70.0
70.0
69.0
69.0
70.0
70.0
70.0
69.0
70.0
70.0
70.0
70.0
70.0
69.0
69.0
69.0
70.0
70.0
70.0
69.0
70.0
70.0
70.0
70.0
2.0
70.0
70.0
70.0
70.0
1.0
70.0
70.0
70.0
1.0
1.0
2.0
2.0
2.0
1.0
1.0
1164.0
1163.0
1163.0
1163.0
1163.0
1163.0
1167.0
1163.0
1172.0
1167.0
1170.0
1170.0
1168.0
1170.0
1169.0
1168.0
1164.0
1164.0
1166.0
1178.0
1167.0
1166.0
1167.0
1167.0
1167.0
1167.0
1167.0
1186.0
1178.0
1163.0
1177.0
1176.0
1180.0
1178.0
1094.0
1179.0
1180.0
1167.0
1158.0
592.0
1183.0
1178.0
1162.0
595.0
594.0
593.0
595.0
594.0
595.0
594.0
1162.0
1161.0
1164.0
1162.0
1164.0
1167.0
1162.0
1163.0
1163.0
1161.0
1163.0
1163.0
1162.0
1163.0
1162.0
1163.0
1166.0
1162.0
1163.0
1164.0
1181.0
1179.0
1182.0
1180.0
1181.0
1185.0
1187.0
1191.0
1192.0
1194.0
1173.0
1172.0
1173.0
1173.0
1103.0
1171.0
1174.0
1172.0
1162.0
592.0
1164.0
1168.0
1175.0
620.0
620.0
620.0
619.0
621.0
611.0
593.0
1163.0
1165.0
1167.0
1162.0
1168.0
1163.0
1187.0
1187.0
1177.0
1187.0
1162.0
1161.0
1162.0
1162.0
1165.0
1161.0
1165.0
1165.0
1162.0
1180.0
1161.0
1163.0
1163.0
1162.0
1166.0
1163.0
1159.0
1159.0
1163.0
1162.0
1163.0
1160.0
1163.0
1162.0
1097.0
1168.0
1162.0
1162.0
1166.0
595.0
1174.0
1174.0
1170.0
620.0
619.0
619.0
611.0
595.0
595.0
606.0
1165.0
1166.0
1164.0
1165.0
1180.0
1193.0
1178.0
1180.0
1178.0
1181.0
1167.0
1165.0
1166.0
1165.0
1163.0
1151.0
1157.0
1151.0
1153.0
1151.0
1152.0
1152.0
1150.0
1153.0
1158.0
1157.0
1162.0
1159.0
1156.0
1157.0
1157.0
1157.0
1157.0
1157.0
1090.0
1161.0
1165.0
1161.0
1159.0
594.0
1164.0
1170.0
1174.0
618.0
617.0
594.0
592.0
606.0
601.0
599.0
1165.0
1163.0
1165.0
1174.0
1175.0
1175.0
1175.0
1174.0
1178.0
1176.0
1165.0
1165.0
1203.0
1199.0
1182.0
1181.0
1184.0
1185.0
1185.0
1181.0
1221.0
1183.0
1159.0
1161.0
1162.0
1161.0
1163.0
1162.0
1158.0
1157.0
1219.0
1160.0
1159.0
1162.0
1091.0
1163.0
1161.0
1160.0
1160.0
595.0
1169.0
1173.0
1232.0
592.0
592.0
595.0
594.0
606.0
607.0
601.0
1165.0
1164.0
1165.0
1179.0
1167.0
1170.0
1182.0
1172.0
1176.0
1220.0
1185.0
1186.0
1185.0
1171.0
1171.0
1177.0
1155.0
1157.0
1157.0
1165.0
1160.0
1163.0
1164.0
1160.0
1162.0
1164.0
1162.0
1165.0
1162.0
1162.0
1161.0
1159.0
1162.0
1161.0
1091.0
1158.0
1165.0
1162.0
1160.0
614.0
1161.0
1161.0
1159.0
592.0
594.0
595.0
594.0
594.0
593.0
602.0
1161.0
1161.0
1165.0
1173.0
1174.0
1177.0
1178.0
1168.0
1162.0
1166.0
1182.0
1180.0
1172.0
1165.0
1166.0
1170.0
1152.0
1155.0
1154.0
1155.0
1157.0
1158.0
1157.0
1155.0
1159.0
1162.0
1158.0
1156.0
1155.0
1158.0
1164.0
1162.0
1164.0
1162.0
1096.0
1168.0
1163.0
1164.0
1161.0
618.0
1160.0
1158.0
1160.0
594.0
594.0
594.0
597.0
601.0
621.0
616.0
1161.0
1166.0
1167.0
1194.0
1184.0
1263.0
1193.0
1251.0
1188.0
1187.0
1212.0
1264.0
1264.0
1175.0
1173.0
1164.0
1164.0
1165.0
1160.0
1162.0
1162.0
1159.0
1161.0
1158.0
1160.0
1162.0
1160.0
1161.0
1160.0
1159.0
1166.0
1164.0
1161.0
1163.0
1094.0
1163.0
1161.0
1164.0
1162.0
620.0
1161.0
1159.0
1159.0
595.0
595.0
594.0
614.0
616.0
615.0
616.0
1182.0
1181.0
1182.0
1161.0
1157.0
1162.0
1162.0
1161.0
1160.0
1160.0
1157.0
1152.0
1154.0
1157.0
1155.0
1153.0
1156.0
1154.0
1153.0
1155.0
1158.0
1161.0
1162.0
1158.0
1158.0
1160.0
1160.0
1160.0
1159.0
1159.0
1160.0
1160.0
1161.0
1161.0
1092.0
1161.0
1160.0
1160.0
1161.0
613.0
1167.0
1168.0
1167.0
615.0
620.0
620.0
621.0
622.0
620.0
621.0
1168.0
1166.0
1165.0
1166.0
1158.0
1166.0
1165.0
1164.0
1163.0
1164.0
1156.0
1159.0
1159.0
1159.0
1157.0
1160.0
1159.0
1159.0
1159.0
1158.0
1160.0
1160.0
1159.0
1157.0
1158.0
1158.0
1158.0
1161.0
1158.0
1157.0
1158.0
1158.0
1158.0
1159.0
1090.0
1159.0
1166.0
1180.0
1185.0
615.0
1197.0
1202.0
1203.0
624.0
636.0
648.0
645.0
639.0
620.0
624.0
1197.0
1182.0
1176.0
1173.0
1171.0
1171.0
1167.0
1164.0
1163.0
1181.0
1158.0
1161.0
1160.0
1161.0
1161.0
1159.0
1162.0
1161.0
1158.0
1154.0
1157.0
1158.0
1158.0
1160.0
1158.0
1158.0
1162.0
1184.0
1183.0
1171.0
1171.0
1172.0
1192.0
1185.0
1125.0
1192.0
1179.0
1157.0
1158.0
594.0
1168.0
1163.0
1184.0
595.0
595.0
595.0
592.0
594.0
593.0
595.0
1166.0
1166.0
1166.0
1167.0
1168.0
1167.0
1167.0
1175.0
1177.0
1160.0
1162.0
1161.0
1160.0
1158.0
1159.0
1160.0
1161.0
1160.0
1161.0
1158.0
1161.0
1162.0
1162.0
1174.0
1191.0
1180.0
1196.0
1173.0
1174.0
1175.0
1200.0
1189.0
1195.0
1179.0
1095.0
1158.0
1164.0
1161.0
1161.0
613.0
1091.0
1083.0
1078.0
598.0
596.0
596.0
593.0
591.0
555.0
551.0
