0.0
0.0
1.0
0.0
0.0
1.0
0.0
0.0
1.0
0.0
13.0
13.0
13.0
13.0
13.0
14.0
13.0
12.0
13.0
13.0
73.0
73.0
74.0
73.0
74.0
74.0
73.0
72.0
72.0
73.0
73.0
73.0
73.0
73.0
73.0
73.0
73.0
73.0
73.0
73.0
74.0
73.0
74.0
73.0
73.0
73.0
73.0
73.0
73.0
72.0
73.0
74.0
73.0
73.0
73.0
73.0
73.0
73.0
73.0
73.0
74.0
73.0
73.0
73.0
74.0
73.0
73.0
73.0
73.0
73.0
74.0
73.0
73.0
73.0
74.0
74.0
74.0
73.0
73.0
72.0
73.0
73.0
74.0
74.0
74.0
74.0
74.0
72.0
73.0
72.0
74.0
74.0
74.0
73.0
73.0
73.0
73.0
73.0
73.0
72.0
74.0
73.0
73.0
73.0
73.0
73.0
73.0
73.0
73.0
73.0
73.0
74.0
73.0
74.0
74.0
74.0
73.0
73.0
73.0
73.0
115.0
115.0
115.0
116.0
116.0
115.0
115.0
115.0
114.0
114.0
75.0
74.0
75.0
75.0
74.0
74.0
74.0
73.0
73.0
73.0
73.0
73.0
74.0
73.0
73.0
73.0
73.0
73.0
73.0
72.0
73.0
74.0
74.0
73.0
74.0
73.0
74.0
73.0
73.0
72.0
74.0
73.0
73.0
74.0
73.0
74.0
74.0
72.0
72.0
72.0
74.0
73.0
74.0
74.0
73.0
74.0
74.0
73.0
73.0
72.0
73.0
74.0
74.0
74.0
73.0
73.0
73.0
73.0
72.0
72.0
73.0
74.0
74.0
73.0
73.0
73.0
73.0
73.0
73.0
72.0
74.0
74.0
74.0
74.0
73.0
73.0
74.0
73.0
73.0
73.0
13.0
13.0
13.0
13.0
13.0
13.0
14.0
12.0
12.0
12.0
14.0
13.0
14.0
14.0
13.0
13.0
13.0
13.0
13.0
12.0
13.0
13.0
13.0
13.0
13.0
13.0
13.0
13.0
13.0
13.0
13.0
14.0
13.0
13.0
13.0
13.0
13.0
12.0
13.0
12.0
13.0
13.0
13.0
13.0
13.0
13.0
13.0
12.0
13.0
12.0
13.0
13.0
14.0
14.0
14.0
13.0
13.0
1.0
1.0
0.0
14.0
13.0
13.0
13.0
13.0
13.0
13.0
0.0
0.0
0.0
13.0
13.0
13.0
12.0
0.0
12.0
12.0
0.0
1.0
0.0
0.0
0.0
0.0
0.0
0.0
0.0
0.0
0.0
0.0
0.0
1.0
1.0
1.0
1.0
1.0
1.0
1.0
1.0
0.0
0.0
74.0
73.0
73.0
73.0
73.0
74.0
74.0
73.0
73.0
72.0
74.0
73.0
74.0
74.0
74.0
73.0
74.0
72.0
73.0
73.0
73.0
73.0
73.0
74.0
73.0
73.0
73.0
72.0
73.0
72.0
94.0
94.0
95.0
95.0
95.0
94.0
95.0
93.0
93.0
94.0
75.0
75.0
75.0
75.0
74.0
75.0
75.0
74.0
74.0
73.0
73.0
74.0
74.0
73.0
74.0
73.0
73.0
33.0
33.0
33.0
73.0
74.0
74.0
73.0
73.0
73.0
72.0
33.0
33.0
33.0
73.0
72.0
73.0
73.0
33.0
73.0
73.0
33.0
34.0
33.0
61.0
33.0
33.0
33.0
33.0
33.0
33.0
34.0
33.0
33.0
33.0
34.0
33.0
33.0
33.0
33.0
33.0
33.0
33.0
33.0
73.0
73.0
72.0
74.0
74.0
73.0
73.0
72.0
72.0
72.0
114.0
114.0
112.0
113.0
113.0
113.0
113.0
113.0
112.0
113.0
73.0
73.0
73.0
74.0
73.0
73.0
74.0
72.0
73.0
72.0
74.0
73.0
74.0
74.0
73.0
74.0
73.0
73.0
73.0
72.0
73.0
73.0
73.0
73.0
73.0
74.0
74.0
72.0
72.0
72.0
73.0
74.0
73.0
73.0
74.0
74.0
74.0
33.0
33.0
33.0
73.0
74.0
73.0
72.0
73.0
74.0
74.0
33.0
33.0
33.0
74.0
73.0
73.0
73.0
33.0
72.0
73.0
33.0
34.0
33.0
60.0
33.0
33.0
33.0
33.0
33.0
34.0
33.0
33.0
33.0
33.0
33.0
33.0
33.0
34.0
33.0
33.0
33.0
33.0
33.0
73.0
73.0
73.0
73.0
73.0
73.0
73.0
73.0
73.0
72.0
74.0
73.0
74.0
74.0
73.0
73.0
73.0
73.0
72.0
72.0
73.0
73.0
73.0
74.0
74.0
74.0
73.0
73.0
72.0
72.0
73.0
73.0
73.0
73.0
73.0
73.0
73.0
72.0
72.0
72.0
73.0
73.0
73.0
73.0
74.0
74.0
73.0
73.0
73.0
72.0
72.0
73.0
73.0
74.0
73.0
73.0
73.0
33.0
34.0
33.0
74.0
73.0
73.0
73.0
73.0
73.0
73.0
33.0
34.0
34.0
97.0
97.0
96.0
96.0
55.0
97.0
96.0
57.0
57.0
56.0
64.0
33.0
33.0
34.0
33.0
33.0
33.0
34.0
33.0
33.0
33.0
33.0
33.0
33.0
34.0
34.0
33.0
32.0
33.0
33.0
74.0
73.0
74.0
73.0
73.0
73.0
73.0
73.0
73.0
71.0
73.0
73.0
73.0
74.0
73.0
73.0
74.0
72.0
73.0
72.0
73.0
74.0
73.0
74.0
74.0
74.0
74.0
73.0
73.0
73.0
74.0
74.0
73.0
74.0
73.0
74.0
73.0
73.0
73.0
71.0
73.0
73.0
74.0
73.0
73.0
73.0
74.0
73.0
72.0
72.0
73.0
73.0
73.0
74.0
73.0
74.0
73.0
33.0
33.0
33.0
74.0
74.0
73.0
73.0
73.0
74.0
73.0
33.0
33.0
33.0
75.0
72.0
71.0
72.0
33.0
72.0
72.0
34.0
33.0
33.0
61.0
33.0
33.0
33.0
33.0
33.0
33.0
33.0
33.0
33.0
33.0
33.0
33.0
34.0
33.0
33.0
33.0
33.0
32.0
33.0
74.0
73.0
72.0
72.0
74.0
73.0
73.0
73.0
72.0
72.0
73.0
73.0
73.0
73.0
73.0
74.0
73.0
73.0
72.0
72.0
73.0
73.0
73.0
73.0
73.0
73.0
74.0
73.0
72.0
72.0
92.0
92.0
94.0
93.0
94.0
95.0
94.0
94.0
94.0
96.0
77.0
77.0
77.0
76.0
76.0
76.0
76.0
74.0
73.0
72.0
73.0
74.0
73.0
73.0
73.0
74.0
72.0
33.0
33.0
33.0
74.0
73.0
73.0
73.0
73.0
74.0
73.0
33.0
33.0
33.0
73.0
73.0
73.0
72.0
33.0
72.0
73.0
33.0
34.0
33.0
61.0
34.0
33.0
33.0
33.0
33.0
33.0
34.0
34.0
33.0
33.0
33.0
33.0
33.0
33.0
33.0
33.0
33.0
33.0
33.0
73.0
74.0
74.0
73.0
73.0
74.0
73.0
72.0
72.0
72.0
73.0
74.0
73.0
73.0
74.0
73.0
73.0
73.0
72.0
72.0
73.0
73.0
73.0
74.0
73.0
74.0
74.0
72.0
72.0
72.0
72.0
73.0
74.0
73.0
73.0
73.0
73.0
73.0
72.0
72.0
74.0
74.0
73.0
72.0
73.0
73.0
73.0
73.0
72.0
73.0
72.0
72.0
73.0
74.0
73.0
73.0
73.0
33.0
34.0
33.0
74.0
73.0
73.0
73.0
72.0
74.0
72.0
33.0
33.0
33.0
73.0
72.0
73.0
72.0
33.0
73.0
72.0
33.0
34.0
33.0
61.0
33.0
33.0
32.0
33.0
33.0
33.0
33.0
32.0
33.0
33.0
34.0
33.0
33.0
33.0
33.0
33.0
73.0
73.0
72.0
114.0
113.0
113.0
113.0
113.0
114.0
113.0
73.0
73.0
73.0
73.0
73.0
73.0
73.0
74.0
74.0
73.0
73.0
72.0
72.0
74.0
74.0
74.0
74.0
73.0
74.0
74.0
73.0
74.0
73.0
74.0
74.0
75.0
74.0
74.0
74.0
74.0
72.0
73.0
73.0
73.0
73.0
73.0
73.0
73.0
73.0
74.0
73.0
72.0
73.0
73.0
74.0
73.0
73.0
74.0
73.0
73.0
34.0
33.0
33.0
73.0
73.0
73.0
73.0
73.0
73.0
73.0
33.0
34.0
33.0
73.0
73.0
73.0
73.0
33.0
73.0
72.0
33.0
34.0
33.0
61.0
33.0
33.0
32.0
33.0
33.0
33.0
33.0
33.0
33.0
33.0
33.0
33.0
33.0
33.0
33.0
34.0
33.0
33.0
34.0
74.0
73.0
74.0
73.0
73.0
73.0
73.0
72.0
73.0
72.0
73.0
73.0
73.0
73.0
73.0
73.0
74.0
72.0
72.0
72.0
73.0
73.0
73.0
74.0
74.0
73.0
73.0
72.0
72.0
71.0
74.0
73.0
73.0
73.0
73.0
73.0
73.0
72.0
73.0
72.0
73.0
74.0
73.0
74.0
74.0
73.0
73.0
73.0
72.0
93.0
97.0
97.0
96.0
96.0
97.0
97.0
96.0
56.0
57.0
36.0
75.0
73.0
73.0
73.0
74.0
73.0
73.0
33.0
34.0
33.0
73.0
73.0
73.0
72.0
33.0
72.0
72.0
33.0
34.0
33.0
60.0
33.0
33.0
33.0
34.0
33.0
33.0
33.0
33.0
33.0
34.0
33.0
33.0
33.0
33.0
33.0
34.0
33.0
33.0
33.0
74.0
74.0
74.0
73.0
74.0
74.0
73.0
73.0
72.0
72.0
74.0
73.0
74.0
73.0
73.0
73.0
73.0
73.0
72.0
72.0
74.0
73.0
73.0
74.0
74.0
73.0
73.0
73.0
72.0
72.0
73.0
73.0
73.0
73.0
73.0
73.0
73.0
73.0
72.0
72.0
73.0
73.0
73.0
73.0
73.0
73.0
72.0
72.0
72.0
73.0
73.0
74.0
73.0
74.0
73.0
74.0
73.0
34.0
34.0
33.0
74.0
72.0
73.0
72.0
73.0
74.0
72.0
33.0
34.0
33.0
73.0
72.0
72.0
72.0
34.0
73.0
72.0
33.0
33.0
33.0
60.0
34.0
34.0
33.0
33.0
33.0
34.0
33.0
33.0
32.0
33.0
33.0
33.0
34.0
33.0
33.0
32.0
33.0
33.0
33.0
73.0
72.0
73.0
73.0
73.0
74.0
73.0
73.0
72.0
72.0
73.0
74.0
74.0
74.0
73.0
73.0
74.0
72.0
93.0
93.0
95.0
95.0
95.0
95.0
95.0
96.0
96.0
94.0
73.0
73.0
73.0
72.0
74.0
73.0
74.0
74.0
73.0
72.0
73.0
72.0
73.0
73.0
73.0
74.0
74.0
73.0
74.0
73.0
72.0
72.0
74.0
73.0
74.0
73.0
74.0
74.0
74.0
34.0
34.0
33.0
74.0
73.0
72.0
73.0
72.0
73.0
72.0
33.0
33.0
33.0
74.0
73.0
73.0
73.0
33.0
73.0
72.0
33.0
34.0
33.0
61.0
33.0
33.0
33.0
33.0
33.0
33.0
33.0
33.0
33.0
33.0
33.0
33.0
33.0
33.0
34.0
33.0
33.0
33.0
33.0
73.0
74.0
73.0
74.0
73.0
72.0
73.0
73.0
72.0
72.0
73.0
73.0
72.0
73.0
73.0
73.0
73.0
73.0
72.0
72.0
73.0
72.0
73.0
73.0
73.0
73.0
74.0
72.0
72.0
72.0
72.0
73.0
74.0
73.0
73.0
73.0
74.0
72.0
72.0
73.0
73.0
73.0
73.0
73.0
73.0
74.0
73.0
73.0
72.0
73.0
72.0
73.0
72.0
73.0
73.0
73.0
74.0
34.0
33.0
33.0
74.0
114.0
114.0
114.0
113.0
114.0
113.0
34.0
33.0
33.0
114.0
114.0
113.0
113.0
33.0
73.0
72.0
33.0
34.0
33.0
60.0
33.0
33.0
33.0
33.0
33.0
33.0
34.0
33.0
33.0
34.0
33.0
33.0
33.0
33.0
33.0
34.0
33.0
33.0
33.0
73.0
74.0
74.0
74.0
73.0
73.0
73.0
73.0
73.0
72.0
73.0
74.0
74.0
74.0
73.0
74.0
74.0
73.0
73.0
71.0
73.0
73.0
73.0
73.0
73.0
73.0
73.0
73.0
72.0
71.0
73.0
74.0
73.0
73.0
73.0
73.0
74.0
73.0
73.0
73.0
74.0
73.0
74.0
73.0
74.0
72.0
73.0
72.0
73.0
71.0
73.0
74.0
73.0
73.0
73.0
73.0
74.0
33.0
33.0
33.0
74.0
73.0
74.0
73.0
73.0
73.0
73.0
34.0
34.0
33.0
73.0
72.0
73.0
72.0
34.0
72.0
73.0
33.0
33.0
33.0
61.0
33.0
33.0
33.0
33.0
33.0
33.0
34.0
33.0
33.0
33.0
33.0
33.0
34.0
33.0
33.0
33.0
33.0
33.0
33.0
73.0
73.0
73.0
73.0
73.0
74.0
73.0
73.0
72.0
72.0
72.0
73.0
73.0
74.0
74.0
73.0
74.0
72.0
72.0
72.0
73.0
73.0
73.0
73.0
73.0
74.0
73.0
72.0
72.0
72.0
97.0
97.0
97.0
97.0
98.0
97.0
97.0
97.0
96.0
96.0
73.0
73.0
74.0
73.0
74.0
74.0
74.0
73.0
73.0
73.0
74.0
75.0
74.0
74.0
74.0
75.0
75.0
33.0
33.0
33.0
75.0
74.0
74.0
73.0
73.0
74.0
74.0
34.0
33.0
33.0
74.0
73.0
73.0
72.0
33.0
72.0
71.0
33.0
33.0
33.0
61.0
34.0
33.0
33.0
32.0
33.0
33.0
33.0
34.0
33.0
33.0
33.0
33.0
34.0
33.0
33.0
33.0
33.0
33.0
33.0
73.0
73.0
73.0
73.0
73.0
73.0
74.0
73.0
72.0
72.0
73.0
73.0
73.0
74.0
73.0
73.0
74.0
72.0
72.0
72.0
74.0
72.0
72.0
73.0
73.0
73.0
74.0
73.0
72.0
72.0
73.0
72.0
73.0
73.0
73.0
73.0
73.0
73.0
73.0
73.0
72.0
73.0
73.0
73.0
73.0
73.0
73.0
73.0
72.0
72.0
74.0
74.0
74.0
74.0
73.0
72.0
73.0
33.0
34.0
33.0
73.0
73.0
73.0
72.0
72.0
73.0
73.0
33.0
33.0
34.0
73.0
73.0
73.0
73.0
33.0
72.0
72.0
34.0
34.0
33.0
61.0
32.0
33.0
33.0
33.0
33.0
33.0
33.0
33.0
33.0
33.0
33.0
33.0
33.0
33.0
34.0
33.0
33.0
53.0
54.0
94.0
94.0
94.0
95.0
94.0
94.0
94.0
94.0
73.0
73.0
78.0
78.0
79.0
77.0
78.0
79.0
78.0
79.0
80.0
80.0
83.0
85.0
84.0
85.0
82.0
86.0
82.0
82.0
81.0
81.0
81.0
82.0
81.0
81.0
81.0
83.0
81.0
81.0
80.0
80.0
81.0
81.0
81.0
81.0
82.0
81.0
82.0
80.0
79.0
78.0
75.0
74.0
74.0
74.0
73.0
73.0
73.0
34.0
34.0
33.0
73.0
72.0
73.0
73.0
73.0
73.0
72.0
34.0
34.0
33.0
73.0
72.0
73.0
72.0
33.0
72.0
73.0
33.0
33.0
33.0
61.0
33.0
33.0
33.0
33.0
33.0
33.0
33.0
33.0
33.0
33.0
34.0
33.0
33.0
33.0
34.0
33.0
33.0
33.0
33.0
74.0
73.0
74.0
73.0
73.0
73.0
73.0
72.0
72.0
72.0
73.0
74.0
73.0
73.0
73.0
73.0
73.0
73.0
72.0
71.0
74.0
72.0
73.0
74.0
73.0
72.0
73.0
72.0
72.0
73.0
73.0
73.0
73.0
74.0
73.0
74.0
74.0
73.0
73.0
71.0
115.0
116.0
115.0
116.0
115.0
115.0
116.0
115.0
114.0
114.0
74.0
73.0
73.0
73.0
75.0
74.0
74.0
34.0
34.0
33.0
73.0
73.0
73.0
73.0
72.0
73.0
73.0
33.0
33.0
33.0
73.0
72.0
73.0
72.0
34.0
73.0
72.0
33.0
34.0
33.0
60.0
34.0
33.0
33.0
34.0
33.0
34.0
33.0
33.0
33.0
33.0
33.0
33.0
32.0
33.0
33.0
33.0
34.0
33.0
32.0
73.0
72.0
73.0
74.0
74.0
74.0
74.0
72.0
72.0
72.0
74.0
73.0
72.0
73.0
73.0
73.0
74.0
73.0
72.0
72.0
72.0
73.0
73.0
74.0
73.0
73.0
74.0
72.0
72.0
72.0
73.0
73.0
74.0
73.0
74.0
74.0
74.0
73.0
73.0
72.0
73.0
73.0
72.0
74.0
73.0
73.0
74.0
73.0
72.0
72.0
72.0
73.0
73.0
73.0
74.0
74.0
73.0
33.0
33.0
33.0
73.0
73.0
73.0
73.0
73.0
74.0
73.0
34.0
33.0
33.0
73.0
73.0
73.0
73.0
33.0
73.0
72.0
33.0
33.0
33.0
61.0
33.0
33.0
33.0
33.0
33.0
33.0
33.0
33.0
33.0
33.0
33.0
33.0
33.0
33.0
33.0
33.0
33.0
33.0
33.0
73.0
73.0
74.0
73.0
73.0
74.0
73.0
72.0
72.0
72.0
95.0
95.0
95.0
96.0
96.0
96.0
96.0
95.0
95.0
95.0
74.0
74.0
73.0
73.0
73.0
73.0
74.0
73.0
72.0
73.0
73.0
73.0
73.0
74.0
74.0
74.0
74.0
73.0
73.0
72.0
74.0
74.0
73.0
73.0
73.0
73.0
74.0
73.0
72.0
73.0
73.0
73.0
74.0
73.0
74.0
73.0
74.0
33.0
34.0
33.0
74.0
73.0
72.0
73.0
73.0
73.0
73.0
33.0
33.0
33.0
73.0
73.0
73.0
72.0
33.0
73.0
73.0
34.0
34.0
33.0
61.0
33.0
33.0
33.0
33.0
34.0
33.0
33.0
33.0
33.0
33.0
33.0
33.0
33.0
33.0
33.0
33.0
33.0
33.0
33.0
74.0
73.0
74.0
73.0
74.0
74.0
73.0
73.0
72.0
72.0
73.0
74.0
73.0
74.0
73.0
74.0
73.0
73.0
73.0
72.0
73.0
73.0
73.0
74.0
74.0
74.0
73.0
72.0
72.0
72.0
73.0
73.0
74.0
74.0
73.0
73.0
73.0
73.0
72.0
71.0
74.0
74.0
73.0
73.0
73.0
73.0
74.0
73.0
73.0
72.0
73.0
73.0
73.0
73.0
74.0
74.0
73.0
33.0
33.0
33.0
74.0
73.0
72.0
94.0
94.0
94.0
94.0
33.0
33.0
33.0
95.0
96.0
95.0
95.0
56.0
96.0
74.0
34.0
35.0
34.0
61.0
33.0
33.0
33.0
33.0
34.0
33.0
34.0
33.0
34.0
33.0
33.0
33.0
33.0
33.0
33.0
33.0
33.0
30.0
27.0
