4.0
3.0
3.0
3.0
3.0
3.0
3.0
3.0
3.0
2.0
6.0
6.0
7.0
6.0
6.0
7.0
6.0
6.0
7.0
6.0
6.0
7.0
6.0
3601.0
3606.0
3601.0
3598.0
3607.0
3605.0
7.0
6.0
6.0
6.0
6.0
6.0
6.0
6.0
7.0
6.0
6.0
6.0
6.0
3600.0
3605.0
3609.0
3544.0
3546.0
3560.0
6.0
7.0
7.0
6.0
6.0
6.0
6.0
6.0
6.0
6.0
6.0
6.0
6.0
3559.0
3552.0
3612.0
3557.0
3608.0
3549.0
7.0
6.0
6.0
6.0
6.0
6.0
6.0
6.0
6.0
6.0
6.0
6.0
6.0
3579.0
3585.0
3568.0
3580.0
3576.0
3577.0
3565.0
6.0
6.0
7.0
6.0
6.0
6.0
6.0
7.0
6.0
6.0
6.0
6.0
6.0
3541.0
3546.0
3605.0
3608.0
3621.0
3615.0
6.0
6.0
6.0
6.0
6.0
6.0
6.0
7.0
6.0
6.0
6.0
6.0
6.0
3622.0
3616.0
3627.0
3643.0
3612.0
3585.0
7.0
6.0
6.0
6.0
6.0
6.0
6.0
6.0
6.0
6.0
6.0
6.0
6.0
3637.0
3613.0
3612.0
3629.0
3623.0
3614.0
3615.0
7.0
6.0
6.0
6.0
6.0
6.0
6.0
6.0
7.0
6.0
6.0
6.0
6.0
3634.0
3574.0
3558.0
3544.0
3547.0
3549.0
6.0
6.0
7.0
7.0
6.0
6.0
6.0
6.0
6.0
6.0
6.0
6.0
6.0
3554.0
3550.0
3554.0
3546.0
3562.0
3562.0
6.0
6.0
6.0
6.0
6.0
6.0
7.0
6.0
6.0
6.0
6.0
6.0
6.0
3559.0
3556.0
3564.0
3561.0
3562.0
3561.0
3533.0
5.0
6.0
6.0
6.0
6.0
6.0
6.0
6.0
7.0
6.0
6.0
6.0
6.0
3567.0
3574.0
3568.0
3571.0
3565.0
3572.0
6.0
6.0
6.0
6.0
5.0
6.0
6.0
6.0
5.0
5.0
6.0
6.0
6.0
3573.0
3571.0
3568.0
3600.0
3598.0
3617.0
5.0
6.0
5.0
6.0
6.0
6.0
6.0
6.0
6.0
6.0
5.0
6.0
6.0
3640.0
3611.0
3610.0
3608.0
3608.0
3629.0
6.0
6.0
6.0
6.0
6.0
6.0
5.0
6.0
6.0
6.0
5.0
5.0
6.0
3571.0
3586.0
3574.0
3586.0
3573.0
3577.0
3576.0
6.0
6.0
6.0
6.0
6.0
5.0
6.0
5.0
6.0
6.0
6.0
6.0
6.0
3575.0
3578.0
3558.0
3551.0
3544.0
3563.0
6.0
6.0
5.0
5.0
5.0
6.0
6.0
6.0
6.0
5.0
5.0
5.0
5.0
3573.0
3575.0
3560.0
3566.0
3570.0
3652.0
6.0
6.0
6.0
6.0
6.0
6.0
6.0
6.0
6.0
6.0
5.0
6.0
6.0
3642.0
3650.0
3650.0
3647.0
3662.0
3654.0
3649.0
6.0
6.0
5.0
6.0
5.0
6.0
5.0
6.0
6.0
5.0
6.0
5.0
6.0
3646.0
3578.0
3580.0
3604.0
3587.0
3580.0
6.0
6.0
6.0
6.0
6.0
7.0
6.0
6.0
6.0
7.0
6.0
6.0
6.0
3587.0
3614.0
3591.0
3588.0
3568.0
3632.0
5.0
5.0
6.0
6.0
5.0
5.0
6.0
6.0
6.0
5.0
5.0
6.0
6.0
3615.0
3612.0
3610.0
3644.0
3674.0
3638.0
3637.0
6.0
6.0
6.0
6.0
6.0
6.0
6.0
6.0
6.0
5.0
6.0
6.0
6.0
3587.0
3521.0
3521.0
3520.0
3521.0
3522.0
5.0
5.0
6.0
6.0
5.0
5.0
6.0
6.0
5.0
6.0
6.0
6.0
5.0
3526.0
3522.0
3521.0
3633.0
3631.0
3630.0
6.0
6.0
6.0
6.0
6.0
6.0
5.0
6.0
6.0
6.0
6.0
5.0
6.0
3630.0
3665.0
3631.0
3639.0
3637.0
3630.0
6.0
6.0
5.0
5.0
6.0
6.0
6.0
5.0
5.0
6.0
6.0
5.0
6.0
3570.0
3576.0
3568.0
3571.0
3573.0
3575.0
3579.0
6.0
6.0
6.0
6.0
6.0
6.0
6.0
6.0
6.0
5.0
6.0
6.0
6.0
3577.0
3579.0
3553.0
3550.0
3551.0
3601.0
6.0
6.0
6.0
5.0
6.0
6.0
5.0
5.0
6.0
6.0
5.0
5.0
6.0
3631.0
3590.0
3624.0
3620.0
3625.0
3585.0
5.0
67.0
67.0
6.0
6.0
6.0
6.0
6.0
6.0
6.0
6.0
5.0
6.0
3522.0
3525.0
3520.0
3521.0
3524.0
3526.0
3519.0
5.0
6.0
5.0
6.0
5.0
6.0
6.0
5.0
6.0
5.0
6.0
5.0
6.0
3526.0
3705.0
3717.0
3709.0
3713.0
3709.0
3.0
2.0
3.0
3.0
2.0
3.0
3.0
2.0
3.0
3.0
2.0
2.0
3.0
1977.0
1994.0
1979.0
1979.0
2066.0
2119.0
2063.0
3.0
2.0
3.0
2.0
2.0
3.0
2.0
3.0
2.0
2.0
3.0
2.0
2.0
2062.0
1965.0
1954.0
1955.0
1954.0
1953.0
1951.0
5.0
6.0
5.0
6.0
5.0
6.0
5.0
6.0
6.0
5.0
5.0
6.0
6.0
3568.0
3562.0
3748.0
3569.0
3585.0
3583.0
3585.0
6.0
6.0
6.0
5.0
5.0
6.0
6.0
5.0
5.0
6.0
6.0
5.0
5.0
3600.0
3592.0
3586.0
3600.0
3580.0
3583.0
3550.0
5.0
6.0
5.0
6.0
5.0
5.0
6.0
5.0
6.0
5.0
6.0
6.0
5.0
3512.0
3514.0
3554.0
3552.0
3520.0
3522.0
3552.0
6.0
5.0
6.0
5.0
6.0
5.0
5.0
6.0
5.0
6.0
5.0
6.0
5.0
3527.0
3533.0
3591.0
3589.0
3588.0
3577.0
3586.0
6.0
5.0
6.0
5.0
6.0
6.0
6.0
5.0
5.0
6.0
6.0
5.0
5.0
3587.0
3584.0
3594.0
3594.0
3595.0
3560.0
3573.0
5.0
6.0
5.0
6.0
6.0
5.0
6.0
5.0
6.0
5.0
6.0
5.0
5.0
3568.0
3563.0
3569.0
3572.0
3570.0
3542.0
3537.0
6.0
5.0
6.0
5.0
6.0
6.0
5.0
6.0
5.0
6.0
5.0
6.0
5.0
3560.0
3561.0
3576.0
3577.0
3579.0
3589.0
3584.0
6.0
5.0
6.0
5.0
6.0
5.0
6.0
5.0
6.0
5.0
6.0
5.0
5.0
3570.0
3579.0
3580.0
3539.0
3543.0
3511.0
3509.0
5.0
6.0
6.0
5.0
6.0
5.0
6.0
6.0
5.0
5.0
6.0
6.0
5.0
3525.0
3520.0
3518.0
3513.0
3535.0
3535.0
3535.0
5.0
6.0
5.0
6.0
5.0
6.0
5.0
6.0
5.0
6.0
5.0
6.0
5.0
3635.0
3589.0
3587.0
3593.0
3592.0
3589.0
3596.0
5.0
6.0
5.0
5.0
6.0
5.0
6.0
5.0
6.0
5.0
6.0
5.0
6.0
3573.0
3578.0
3584.0
3549.0
3565.0
3568.0
3574.0
6.0
5.0
6.0
5.0
6.0
5.0
5.0
6.0
6.0
5.0
6.0
6.0
5.0
3574.0
3576.0
3574.0
3554.0
3557.0
3566.0
3566.0
6.0
5.0
6.0
5.0
6.0
5.0
6.0
6.0
5.0
6.0
5.0
6.0
5.0
3564.0
3564.0
3568.0
3571.0
3573.0
3556.0
3588.0
6.0
5.0
6.0
5.0
5.0
6.0
5.0
6.0
5.0
6.0
26.0
6.0
6.0
3548.0
3541.0
3548.0
3514.0
3514.0
3509.0
3515.0
6.0
6.0
5.0
5.0
6.0
6.0
5.0
5.0
6.0
6.0
5.0
6.0
6.0
3512.0
3514.0
3542.0
3537.0
3588.0
3589.0
3586.0
6.0
5.0
6.0
5.0
6.0
5.0
6.0
5.0
6.0
5.0
6.0
5.0
6.0
3583.0
3596.0
3585.0
3580.0
3589.0
3560.0
3564.0
5.0
6.0
5.0
6.0
6.0
5.0
6.0
5.0
6.0
5.0
6.0
5.0
6.0
3512.0
3517.0
3562.0
3566.0
3572.0
3572.0
3555.0
2.0
3.0
2.0
3.0
2.0
2.0
3.0
2.0
2.0
3.0
2.0
3.0
2.0
3588.0
3587.0
3592.0
3606.0
3629.0
3609.0
3613.0
2.0
2.0
3.0
2.0
3.0
2.0
3.0
2.0
2.0
3.0
2.0
3.0
2.0
1957.0
1958.0
1965.0
1936.0
1976.0
1981.0
1983.0
2.0
3.0
2.0
2.0
3.0
2.0
2.0
2.0
2.0
3.0
2.0
2.0
3.0
1982.0
1979.0
1986.0
1951.0
1951.0
1889.0
1950.0
5.0
5.0
6.0
5.0
5.0
6.0
6.0
5.0
5.0
6.0
6.0
5.0
5.0
3585.0
3582.0
3646.0
3650.0
3648.0
3659.0
3635.0
5.0
5.0
6.0
5.0
6.0
5.0
6.0
5.0
6.0
5.0
5.0
6.0
5.0
3677.0
3649.0
3546.0
3566.0
3578.0
3508.0
3514.0
6.0
5.0
6.0
6.0
5.0
6.0
5.0
6.0
5.0
6.0
5.0
6.0
5.0
3521.0
3520.0
3521.0
3518.0
3556.0
3570.0
3644.0
5.0
6.0
6.0
5.0
5.0
6.0
6.0
5.0
5.0
6.0
6.0
5.0
5.0
3656.0
3652.0
3630.0
3655.0
3652.0
3654.0
3692.0
6.0
5.0
6.0
5.0
6.0
5.0
6.0
5.0
6.0
5.0
5.0
6.0
6.0
3636.0
3640.0
3571.0
3582.0
3564.0
3567.0
3571.0
6.0
5.0
6.0
5.0
6.0
5.0
6.0
6.0
5.0
6.0
6.0
5.0
5.0
3575.0
3569.0
3746.0
3585.0
3580.0
3613.0
3599.0
6.0
5.0
6.0
6.0
5.0
6.0
5.0
5.0
6.0
6.0
5.0
5.0
6.0
3613.0
3613.0
3617.0
3613.0
3627.0
3600.0
3516.0
6.0
5.0
6.0
5.0
5.0
6.0
5.0
6.0
5.0
6.0
5.0
6.0
5.0
3515.0
3513.0
3515.0
3513.0
3515.0
3515.0
3521.0
6.0
6.0
5.0
6.0
5.0
6.0
5.0
6.0
5.0
6.0
5.0
6.0
5.0
3521.0
3568.0
3553.0
3552.0
3579.0
3559.0
3570.0
6.0
6.0
5.0
6.0
5.0
6.0
5.0
6.0
5.0
6.0
5.0
6.0
5.0
3591.0
3595.0
3590.0
3595.0
3547.0
3585.0
3589.0
5.0
6.0
5.0
5.0
5.0
6.0
6.0
5.0
5.0
6.0
6.0
5.0
6.0
3616.0
3604.0
3608.0
3597.0
3603.0
3610.0
3640.0
6.0
6.0
5.0
6.0
5.0
5.0
6.0
5.0
6.0
6.0
5.0
6.0
5.0
3655.0
3635.0
3616.0
3611.0
3623.0
3615.0
3617.0
5.0
6.0
39.0
7.0
6.0
6.0
6.0
6.0
6.0
6.0
6.0
6.0
5.0
3579.0
3581.0
3587.0
3612.0
3517.0
3518.0
3551.0
5.0
6.0
5.0
6.0
5.0
6.0
5.0
6.0
5.0
5.0
6.0
6.0
5.0
3548.0
3544.0
3555.0
3583.0
3578.0
3641.0
3624.0
5.0
6.0
5.0
6.0
5.0
6.0
5.0
6.0
5.0
5.0
6.0
5.0
5.0
3633.0
3636.0
3589.0
3590.0
3597.0
3594.0
3562.0
6.0
55.0
5.0
6.0
5.0
6.0
5.0
6.0
5.0
6.0
5.0
6.0
5.0
3512.0
3523.0
3594.0
3579.0
3578.0
3588.0
3592.0
2.0
2.0
3.0
2.0
3.0
2.0
2.0
3.0
2.0
2.0
3.0
2.0
3.0
3578.0
3615.0
3616.0
3626.0
3618.0
3534.0
3586.0
3.0
2.0
3.0
2.0
2.0
3.0
2.0
2.0
3.0
2.0
3.0
2.0
2.0
3602.0
3586.0
3592.0
3589.0
3553.0
3557.0
3566.0
2.0
3.0
2.0
2.0
3.0
2.0
2.0
2.0
2.0
3.0
2.0
2.0
3.0
1972.0
1961.0
1937.0
1943.0
1939.0
1958.0
1915.0
3.0
2.0
2.0
3.0
2.0
2.0
3.0
2.0
3.0
2.0
2.0
3.0
2.0
1915.0
1964.0
1980.0
1983.0
1969.0
1981.0
1980.0
5.0
6.0
5.0
6.0
5.0
6.0
5.0
6.0
5.0
6.0
6.0
5.0
6.0
3583.0
3576.0
3571.0
3575.0
3515.0
3524.0
3516.0
5.0
6.0
5.0
6.0
5.0
6.0
5.0
6.0
5.0
6.0
5.0
6.0
5.0
3541.0
3519.0
3523.0
3604.0
3632.0
3621.0
3632.0
5.0
6.0
5.0
6.0
5.0
6.0
6.0
5.0
6.0
5.0
6.0
5.0
6.0
3634.0
3644.0
3646.0
3633.0
3644.0
3642.0
3574.0
6.0
6.0
6.0
6.0
5.0
6.0
6.0
6.0
6.0
5.0
6.0
6.0
5.0
3626.0
3561.0
3567.0
3574.0
3570.0
3573.0
3570.0
6.0
5.0
6.0
5.0
6.0
5.0
6.0
5.0
6.0
5.0
5.0
6.0
5.0
3594.0
3591.0
3565.0
3518.0
3556.0
3558.0
3559.0
6.0
5.0
6.0
5.0
6.0
5.0
5.0
6.0
6.0
5.0
5.0
6.0
6.0
3562.0
3564.0
3562.0
3543.0
3541.0
3547.0
3562.0
6.0
6.0
5.0
6.0
5.0
6.0
5.0
6.0
5.0
6.0
5.0
6.0
5.0
3507.0
3510.0
3504.0
3523.0
3519.0
3554.0
3601.0
6.0
5.0
6.0
5.0
6.0
5.0
6.0
5.0
6.0
5.0
5.0
5.0
5.0
3586.0
3605.0
3573.0
3592.0
3597.0
3609.0
3609.0
5.0
6.0
37.0
6.0
6.0
6.0
6.0
6.0
5.0
6.0
5.0
6.0
53.0
3582.0
3531.0
3548.0
3548.0
3582.0
3756.0
3612.0
5.0
6.0
5.0
6.0
5.0
6.0
5.0
5.0
6.0
5.0
6.0
5.0
6.0
3610.0
3610.0
3635.0
3646.0
3648.0
3627.0
3635.0
6.0
6.0
5.0
6.0
5.0
6.0
5.0
6.0
5.0
5.0
6.0
5.0
6.0
3600.0
3626.0
3577.0
3576.0
3578.0
3547.0
3551.0
6.0
5.0
6.0
5.0
6.0
5.0
6.0
5.0
6.0
5.0
5.0
5.0
5.0
3550.0
3550.0
3547.0
3559.0
3596.0
3532.0
3535.0
6.0
5.0
6.0
5.0
6.0
6.0
5.0
6.0
6.0
5.0
6.0
5.0
6.0
3560.0
3570.0
3624.0
3626.0
3628.0
3627.0
3624.0
6.0
5.0
6.0
6.0
5.0
5.0
6.0
5.0
5.0
6.0
5.0
6.0
5.0
3606.0
3609.0
3609.0
3577.0
3580.0
3525.0
3525.0
6.0
5.0
6.0
5.0
6.0
5.0
6.0
5.0
6.0
5.0
6.0
5.0
5.0
3529.0
3556.0
3621.0
3590.0
3615.0
3593.0
3634.0
5.0
6.0
6.0
5.0
6.0
5.0
6.0
5.0
6.0
6.0
5.0
6.0
6.0
3619.0
3625.0
3635.0
3633.0
3636.0
3537.0
3584.0
2.0
3.0
2.0
3.0
2.0
2.0
3.0
2.0
2.0
3.0
2.0
2.0
3.0
3575.0
3581.0
3540.0
3545.0
3544.0
3542.0
3539.0
3.0
2.0
3.0
2.0
3.0
2.0
2.0
3.0
2.0
3.0
2.0
3.0
2.0
3563.0
3542.0
3505.0
3515.0
3503.0
3523.0
3570.0
2.0
2.0
3.0
2.0
2.0
3.0
2.0
2.0
2.0
2.0
3.0
2.0
2.0
1935.0
1931.0
1935.0
1916.0
1963.0
1963.0
1970.0
2.0
2.0
2.0
2.0
3.0
2.0
2.0
3.0
2.0
2.0
3.0
2.0
2.0
1968.0
1983.0
1966.0
1965.0
1967.0
1938.0
1893.0
5.0
6.0
5.0
6.0
5.0
6.0
5.0
6.0
5.0
6.0
5.0
5.0
6.0
3594.0
3592.0
3603.0
3591.0
3614.0
3577.0
3628.0
5.0
6.0
5.0
6.0
5.0
6.0
5.0
5.0
6.0
5.0
6.0
5.0
6.0
3629.0
3628.0
3629.0
3533.0
3533.0
3535.0
3538.0
5.0
6.0
5.0
6.0
5.0
5.0
6.0
5.0
6.0
5.0
6.0
5.0
6.0
3546.0
3599.0
3535.0
3533.0
3534.0
3560.0
3595.0
5.0
6.0
6.0
5.0
6.0
5.0
6.0
5.0
6.0
5.0
6.0
5.0
6.0
3587.0
3603.0
3612.0
3606.0
3637.0
3597.0
3598.0
6.0
5.0
6.0
5.0
5.0
6.0
5.0
6.0
5.0
6.0
27.0
6.0
6.0
3570.0
3578.0
3548.0
3546.0
3544.0
3550.0
3572.0
6.0
5.0
6.0
5.0
6.0
5.0
6.0
6.0
5.0
6.0
5.0
6.0
5.0
3511.0
3511.0
3533.0
3582.0
3583.0
3584.0
3580.0
5.0
6.0
5.0
6.0
5.0
6.0
5.0
6.0
5.0
6.0
5.0
6.0
5.0
3579.0
3588.0
3575.0
3577.0
3579.0
3570.0
3513.0
6.0
5.0
6.0
5.0
6.0
6.0
5.0
6.0
5.0
6.0
5.0
6.0
5.0
3508.0
3547.0
3544.0
3597.0
3600.0
3619.0
3583.0
6.0
5.0
6.0
5.0
6.0
5.0
6.0
5.0
6.0
5.0
6.0
5.0
6.0
3608.0
3612.0
3611.0
3613.0
3639.0
3576.0
3579.0
6.0
6.0
5.0
6.0
5.0
6.0
5.0
6.0
5.0
6.0
5.0
6.0
5.0
3522.0
3510.0
3565.0
3537.0
3535.0
3534.0
3542.0
6.0
5.0
5.0
6.0
6.0
5.0
5.0
6.0
6.0
5.0
5.0
6.0
6.0
3560.0
3557.0
3565.0
3573.0
3561.0
3561.0
3559.0
5.0
6.0
5.0
5.0
5.0
5.0
6.0
5.0
6.0
5.0
6.0
5.0
6.0
3555.0
3562.0
3557.0
3540.0
3537.0
3542.0
3552.0
6.0
5.0
6.0
5.0
6.0
5.0
6.0
6.0
5.0
6.0
5.0
6.0
5.0
3561.0
3511.0
3501.0
3508.0
3581.0
3596.0
3627.0
6.0
5.0
6.0
5.0
6.0
5.0
6.0
5.0
6.0
5.0
6.0
6.0
5.0
3622.0
3624.0
3630.0
3600.0
3685.0
3625.0
3625.0
6.0
6.0
5.0
6.0
5.0
6.0
5.0
6.0
5.0
6.0
5.0
6.0
5.0
3542.0
3547.0
3540.0
3536.0
3589.0
3596.0
3590.0
6.0
6.0
6.0
5.0
6.0
6.0
6.0
5.0
6.0
6.0
6.0
5.0
6.0
3697.0
3561.0
3601.0
3606.0
3598.0
3575.0
3576.0
2.0
3.0
2.0
2.0
3.0
2.0
3.0
2.0
2.0
3.0
2.0
2.0
2.0
3522.0
3528.0
3525.0
3566.0
3640.0
3534.0
3541.0
2.0
3.0
2.0
2.0
3.0
2.0
3.0
2.0
2.0
3.0
2.0
2.0
3.0
3542.0
3536.0
3568.0
3583.0
3561.0
3579.0
3538.0
3.0
2.0
2.0
3.0
2.0
2.0
2.0
2.0
3.0
2.0
2.0
3.0
2.0
1948.0
1941.0
1940.0
1947.0
1988.0
1988.0
1976.0
2.0
2.0
3.0
2.0
3.0
2.0
2.0
3.0
2.0
2.0
3.0
2.0
2.0
1965.0
1961.0
1912.0
1890.0
1890.0
1878.0
1688.0
