4.0
4.0
3.0
3.0
4.0
3.0
3.0
2.0
3.0
2.0
12.0
12.0
12.0
11.0
12.0
8.0
12.0
2.0
11.0
3.0
125.0
125.0
124.0
124.0
124.0
121.0
124.0
115.0
123.0
115.0
287.0
287.0
288.0
286.0
285.0
285.0
287.0
278.0
288.0
277.0
290.0
286.0
289.0
288.0
287.0
284.0
287.0
280.0
288.0
279.0
288.0
287.0
288.0
287.0
287.0
285.0
289.0
279.0
287.0
281.0
316.0
318.0
316.0
316.0
317.0
316.0
316.0
309.0
315.0
309.0
346.0
345.0
345.0
345.0
344.0
342.0
344.0
337.0
344.0
335.0
287.0
287.0
288.0
289.0
287.0
284.0
285.0
279.0
286.0
279.0
290.0
287.0
287.0
286.0
286.0
282.0
286.0
279.0
288.0
278.0
288.0
287.0
286.0
287.0
287.0
283.0
287.0
278.0
288.0
280.0
1526.0
1527.0
1527.0
1529.0
1528.0
1528.0
1526.0
1523.0
1527.0
1516.0
3043.0
3052.0
3046.0
3051.0
3050.0
3041.0
3040.0
3057.0
3042.0
3058.0
3055.0
3056.0
3044.0
3053.0
3049.0
3051.0
3054.0
3067.0
3031.0
3020.0
3027.0
3034.0
3036.0
3030.0
3031.0
3032.0
3050.0
3050.0
3036.0
3022.0
3036.0
3026.0
3037.0
3012.0
3034.0
3036.0
3048.0
3041.0
3063.0
3052.0
3065.0
3056.0
3075.0
3065.0
3077.0
3072.0
3084.0
3084.0
3033.0
3041.0
3039.0
3042.0
3040.0
3032.0
3048.0
3031.0
3051.0
3046.0
3055.0
3079.0
3082.0
3062.0
3080.0
3076.0
3077.0
3076.0
3080.0
3100.0
2664.0
2666.0
2671.0
2657.0
2667.0
2663.0
12.0
12.0
12.0
11.0
12.0
9.0
12.0
7.0
11.0
3.0
97.0
95.0
96.0
95.0
96.0
93.0
95.0
91.0
95.0
87.0
289.0
287.0
286.0
287.0
287.0
283.0
287.0
280.0
285.0
276.0
291.0
288.0
290.0
291.0
290.0
288.0
290.0
285.0
292.0
281.0
319.0
318.0
318.0
318.0
319.0
316.0
319.0
311.0
318.0
308.0
288.0
285.0
288.0
288.0
288.0
285.0
288.0
282.0
287.0
280.0
286.0
289.0
288.0
287.0
288.0
284.0
288.0
283.0
288.0
281.0
317.0
318.0
317.0
316.0
318.0
314.0
318.0
312.0
317.0
309.0
290.0
288.0
286.0
287.0
286.0
285.0
287.0
282.0
288.0
279.0
345.0
343.0
344.0
343.0
343.0
341.0
344.0
338.0
343.0
335.0
1518.0
1514.0
1518.0
1518.0
1512.0
1508.0
1515.0
1514.0
1517.0
1501.0
3061.0
3114.0
3079.0
3079.0
3071.0
3078.0
3068.0
3067.0
3077.0
3053.0
3068.0
3067.0
3075.0
3060.0
3062.0
3059.0
3073.0
3064.0
3072.0
3029.0
3038.0
3045.0
3043.0
3037.0
3037.0
3045.0
3027.0
3037.0
3042.0
3048.0
3066.0
3074.0
3071.0
3069.0
3057.0
3059.0
3079.0
3065.0
3067.0
3085.0
3082.0
3096.0
3085.0
3095.0
3091.0
3107.0
3095.0
3100.0
3090.0
2995.0
3007.0
3001.0
3007.0
2997.0
3015.0
3009.0
3072.0
3066.0
3068.0
3040.0
3033.0
3049.0
3048.0
3048.0
3049.0
3085.0
2982.0
2983.0
2980.0
3042.0
3091.0
3059.0
3066.0
3076.0
3073.0
3062.0
3072.0
3075.0
3063.0
3046.0
3026.0
12.0
12.0
12.0
11.0
11.0
9.0
11.0
3.0
10.0
2.0
96.0
95.0
94.0
94.0
95.0
92.0
94.0
86.0
95.0
86.0
319.0
319.0
318.0
316.0
318.0
315.0
318.0
308.0
343.0
333.0
344.0
344.0
344.0
345.0
344.0
342.0
286.0
277.0
287.0
277.0
287.0
286.0
287.0
285.0
286.0
284.0
287.0
278.0
285.0
278.0
286.0
288.0
317.0
316.0
318.0
316.0
320.0
309.0
318.0
309.0
287.0
290.0
288.0
286.0
287.0
286.0
288.0
281.0
286.0
280.0
290.0
288.0
289.0
288.0
287.0
286.0
288.0
277.0
287.0
279.0
288.0
288.0
289.0
286.0
316.0
314.0
318.0
309.0
318.0
309.0
320.0
318.0
288.0
288.0
287.0
285.0
287.0
278.0
288.0
279.0
1556.0
1550.0
1564.0
1556.0
1565.0
1564.0
1568.0
1557.0
1562.0
1561.0
3064.0
3073.0
3056.0
3058.0
3071.0
3066.0
3073.0
3083.0
3061.0
3057.0
3036.0
3078.0
3062.0
3054.0
3058.0
3066.0
3063.0
3070.0
3089.0
3053.0
3048.0
3061.0
3066.0
3074.0
3073.0
3070.0
3063.0
3061.0
3080.0
3069.0
2985.0
3046.0
3048.0
3062.0
3069.0
3052.0
3049.0
3062.0
3061.0
3060.0
3017.0
2962.0
3015.0
3021.0
3014.0
3016.0
3022.0
3022.0
3022.0
3068.0
3068.0
3060.0
3041.0
3044.0
3047.0
3038.0
3044.0
3090.0
3038.0
2971.0
3067.0
3073.0
3072.0
3073.0
3086.0
3078.0
3082.0
3054.0
3074.0
3195.0
3064.0
3065.0
3072.0
3068.0
3078.0
3075.0
3079.0
3051.0
3079.0
3120.0
3026.0
3049.0
3063.0
3055.0
3078.0
3064.0
3054.0
3048.0
3070.0
3044.0
13.0
11.0
12.0
11.0
39.0
8.0
12.0
2.0
10.0
3.0
97.0
96.0
95.0
94.0
95.0
91.0
95.0
86.0
95.0
86.0
288.0
288.0
287.0
286.0
288.0
284.0
288.0
278.0
286.0
279.0
288.0
288.0
287.0
287.0
288.0
285.0
288.0
279.0
286.0
309.0
319.0
318.0
319.0
316.0
371.0
368.0
371.0
363.0
371.0
332.0
343.0
343.0
342.0
341.0
286.0
282.0
286.0
279.0
289.0
277.0
288.0
288.0
288.0
287.0
287.0
282.0
289.0
280.0
287.0
277.0
289.0
288.0
288.0
286.0
286.0
282.0
287.0
279.0
288.0
278.0
320.0
318.0
318.0
315.0
316.0
314.0
317.0
308.0
318.0
310.0
298.0
302.0
297.0
299.0
298.0
297.0
300.0
291.0
308.0
306.0
1577.0
1586.0
1588.0
1579.0
1572.0
1574.0
1574.0
1573.0
1601.0
1579.0
3065.0
3052.0
3052.0
3055.0
3055.0
3056.0
3072.0
3050.0
3029.0
3027.0
3065.0
3074.0
3064.0
3062.0
3094.0
3061.0
3064.0
3074.0
3071.0
3065.0
3054.0
3060.0
3055.0
3063.0
3072.0
3039.0
3064.0
3057.0
3066.0
3068.0
3064.0
3062.0
3071.0
3068.0
3061.0
3079.0
3098.0
3069.0
3087.0
3075.0
3068.0
3064.0
3073.0
3075.0
3064.0
3099.0
3071.0
3075.0
3105.0
3095.0
3065.0
3062.0
3056.0
3062.0
3073.0
3077.0
3075.0
3067.0
3034.0
3022.0
3065.0
3053.0
3059.0
3061.0
3067.0
3068.0
3055.0
3071.0
3055.0
3060.0
3070.0
3074.0
3070.0
3066.0
3056.0
3079.0
3078.0
3078.0
3079.0
3063.0
3052.0
3052.0
3055.0
3056.0
3066.0
3058.0
3064.0
3063.0
3062.0
3049.0
12.0
11.0
11.0
11.0
11.0
7.0
11.0
3.0
9.0
2.0
95.0
95.0
94.0
94.0
95.0
91.0
94.0
86.0
92.0
2.0
287.0
290.0
289.0
288.0
289.0
284.0
288.0
279.0
285.0
3.0
288.0
316.0
316.0
316.0
316.0
313.0
317.0
311.0
316.0
3.0
316.0
316.0
302.0
300.0
300.0
299.0
301.0
293.0
302.0
2.0
299.0
302.0
306.0
291.0
289.0
289.0
289.0
279.0
288.0
3.0
291.0
289.0
289.0
290.0
289.0
284.0
286.0
278.0
286.0
3.0
288.0
287.0
287.0
288.0
287.0
312.0
318.0
308.0
316.0
2.0
320.0
318.0
371.0
372.0
370.0
368.0
341.0
333.0
337.0
3.0
341.0
343.0
341.0
287.0
285.0
282.0
284.0
277.0
285.0
3.0
1488.0
1492.0
1494.0
1499.0
1494.0
1490.0
1493.0
1480.0
1486.0
1205.0
3039.0
3030.0
3039.0
3033.0
3050.0
3039.0
3036.0
3028.0
3035.0
2747.0
3056.0
3048.0
3061.0
3060.0
3076.0
3081.0
3069.0
3052.0
3056.0
2768.0
3057.0
3060.0
3078.0
3070.0
3058.0
3077.0
3078.0
3067.0
3066.0
2760.0
3063.0
3049.0
3065.0
3055.0
3081.0
3066.0
3087.0
3074.0
3082.0
2760.0
3081.0
3082.0
3084.0
3078.0
3068.0
3067.0
3083.0
3113.0
3074.0
2789.0
3026.0
3025.0
3032.0
3037.0
3065.0
3056.0
3072.0
3059.0
3049.0
2765.0
3064.0
3048.0
3064.0
3077.0
3070.0
3013.0
3013.0
3013.0
3045.0
2745.0
3025.0
3025.0
3031.0
3033.0
3045.0
3032.0
3038.0
3021.0
3059.0
2712.0
3044.0
3040.0
3054.0
3060.0
3050.0
3053.0
3059.0
3038.0
3056.0
2749.0
13.0
13.0
12.0
12.0
12.0
4.0
12.0
3.0
8.0
3.0
104.0
103.0
104.0
103.0
105.0
94.0
99.0
2.0
94.0
3.0
320.0
319.0
318.0
319.0
318.0
312.0
317.0
150.0
315.0
2.0
320.0
318.0
288.0
287.0
289.0
280.0
288.0
149.0
283.0
2.0
286.0
289.0
290.0
291.0
290.0
282.0
289.0
153.0
286.0
3.0
288.0
289.0
289.0
287.0
287.0
281.0
287.0
149.0
284.0
3.0
287.0
288.0
287.0
287.0
316.0
309.0
317.0
149.0
314.0
2.0
318.0
318.0
317.0
318.0
319.0
310.0
290.0
149.0
284.0
2.0
288.0
289.0
287.0
286.0
286.0
280.0
286.0
149.0
285.0
2.0
288.0
287.0
286.0
289.0
286.0
280.0
286.0
151.0
284.0
2.0
1549.0
1547.0
1587.0
1577.0
1571.0
1577.0
1576.0
1404.0
1572.0
1264.0
3087.0
3065.0
3063.0
3063.0
3058.0
3033.0
3038.0
2899.0
3034.0
2737.0
2996.0
3025.0
3040.0
3038.0
3040.0
3029.0
3024.0
2912.0
3036.0
2698.0
3060.0
3058.0
3035.0
3044.0
3019.0
3020.0
3030.0
2891.0
3061.0
2746.0
3071.0
3073.0
3076.0
3071.0
3079.0
3072.0
3080.0
2945.0
3072.0
2759.0
3039.0
3034.0
3033.0
3044.0
3032.0
3030.0
3032.0
2899.0
3035.0
2728.0
3030.0
3048.0
3029.0
3028.0
3036.0
3020.0
3033.0
2907.0
3036.0
2742.0
3020.0
3024.0
3035.0
3026.0
3027.0
3016.0
3019.0
2887.0
3016.0
2742.0
3025.0
3026.0
3028.0
3028.0
3037.0
3008.0
3022.0
2882.0
3021.0
2737.0
3023.0
3119.0
3130.0
3117.0
3111.0
3103.0
3128.0
2979.0
3113.0
2754.0
77.0
9.0
74.0
7.0
7.0
2.0
7.0
3.0
6.0
2.0
96.0
93.0
91.0
94.0
90.0
3.0
90.0
2.0
6.0
2.0
289.0
284.0
282.0
284.0
283.0
3.0
280.0
2.0
199.0
3.0
288.0
287.0
284.0
281.0
282.0
3.0
280.0
2.0
199.0
2.0
287.0
283.0
286.0
284.0
285.0
3.0
282.0
3.0
198.0
3.0
286.0
283.0
283.0
309.0
310.0
3.0
312.0
2.0
200.0
2.0
317.0
314.0
313.0
314.0
314.0
3.0
313.0
2.0
229.0
3.0
290.0
284.0
292.0
284.0
283.0
3.0
284.0
2.0
200.0
2.0
290.0
289.0
287.0
287.0
287.0
3.0
292.0
3.0
205.0
3.0
290.0
288.0
287.0
283.0
284.0
3.0
283.0
2.0
199.0
2.0
1562.0
1553.0
1550.0
1551.0
1552.0
1209.0
1548.0
1267.0
1466.0
1268.0
3017.0
2990.0
2997.0
3070.0
3048.0
2681.0
3060.0
2683.0
2968.0
2687.0
3072.0
3071.0
3050.0
3064.0
3026.0
2740.0
2967.0
2694.0
2870.0
2686.0
3057.0
3073.0
3055.0
3044.0
3050.0
2759.0
3050.0
2757.0
2968.0
2769.0
3074.0
3083.0
3079.0
3064.0
3075.0
2809.0
3077.0
2793.0
2986.0
2770.0
3192.0
3059.0
3056.0
3046.0
3053.0
2747.0
3048.0
2786.0
2971.0
2773.0
3070.0
3042.0
3071.0
3022.0
3069.0
2738.0
3105.0
2741.0
2971.0
2735.0
3035.0
3033.0
3032.0
3039.0
3041.0
2739.0
2999.0
2712.0
2912.0
2714.0
3060.0
3062.0
3059.0
3047.0
3068.0
2765.0
3056.0
2777.0
2966.0
2777.0
3089.0
3084.0
3089.0
3083.0
3076.0
2789.0
3069.0
2809.0
3006.0
2797.0
12.0
6.0
7.0
7.0
6.0
3.0
3.0
2.0
3.0
2.0
97.0
8.0
7.0
6.0
6.0
3.0
3.0
3.0
3.0
3.0
286.0
153.0
154.0
6.0
6.0
3.0
3.0
2.0
3.0
2.0
288.0
153.0
156.0
6.0
6.0
2.0
3.0
2.0
3.0
3.0
289.0
154.0
154.0
7.0
6.0
3.0
3.0
2.0
3.0
2.0
289.0
154.0
154.0
7.0
6.0
3.0
3.0
3.0
2.0
2.0
291.0
154.0
154.0
6.0
7.0
2.0
3.0
3.0
2.0
3.0
291.0
153.0
154.0
6.0
7.0
3.0
2.0
2.0
2.0
2.0
317.0
155.0
156.0
6.0
7.0
2.0
3.0
2.0
3.0
3.0
317.0
155.0
157.0
7.0
6.0
3.0
3.0
2.0
3.0
3.0
1551.0
1421.0
1422.0
1272.0
1270.0
1266.0
1269.0
1269.0
1243.0
1236.0
2999.0
2837.0
2852.0
2679.0
2697.0
2687.0
2692.0
2695.0
2684.0
2690.0
3057.0
2945.0
2943.0
2777.0
2788.0
2784.0
2820.0
2791.0
2782.0
2752.0
3034.0
2897.0
2905.0
2744.0
2756.0
2736.0
2741.0
2748.0
2753.0
2743.0
3070.0
2935.0
2886.0
2748.0
2748.0
2737.0
2735.0
2746.0
2747.0
2772.0
3056.0
2931.0
2936.0
2769.0
2776.0
2760.0
2768.0
2738.0
2736.0
2723.0
3057.0
2930.0
2932.0
2767.0
2781.0
2780.0
2774.0
2777.0
2780.0
2778.0
3020.0
2902.0
2909.0
2758.0
2747.0
2742.0
2756.0
2751.0
2751.0
2749.0
3045.0
2922.0
2898.0
2748.0
2746.0
2747.0
2752.0
2747.0
2747.0
2749.0
3021.0
2895.0
2891.0
2737.0
2736.0
2738.0
2738.0
2746.0
2753.0
2733.0
9.0
3.0
3.0
3.0
3.0
3.0
3.0
2.0
3.0
3.0
10.0
3.0
3.0
3.0
3.0
2.0
3.0
2.0
3.0
2.0
92.0
3.0
3.0
3.0
3.0
3.0
3.0
2.0
3.0
2.0
92.0
4.0
3.0
3.0
2.0
2.0
3.0
2.0
3.0
2.0
93.0
3.0
3.0
3.0
2.0
3.0
3.0
2.0
3.0
3.0
92.0
3.0
3.0
3.0
3.0
3.0
2.0
2.0
2.0
3.0
93.0
3.0
3.0
3.0
3.0
3.0
3.0
2.0
2.0
3.0
93.0
3.0
3.0
3.0
3.0
3.0
3.0
2.0
3.0
3.0
92.0
3.0
3.0
3.0
3.0
2.0
3.0
2.0
3.0
3.0
93.0
3.0
3.0
3.0
3.0
3.0
3.0
2.0
2.0
2.0
1303.0
1210.0
1204.0
1207.0
1218.0
1214.0
1213.0
3.0
1213.0
2.0
2841.0
2764.0
2765.0
2766.0
2767.0
2773.0
2764.0
1550.0
2764.0
1553.0
2885.0
2778.0
2765.0
2792.0
2793.0
2790.0
2785.0
1593.0
2785.0
1577.0
2792.0
2697.0
2683.0
2684.0
2686.0
2693.0
2710.0
1473.0
2706.0
1474.0
2839.0
2743.0
2738.0
2745.0
2745.0
2750.0
2757.0
1532.0
2738.0
1510.0
2831.0
2717.0
2713.0
2748.0
2745.0
2733.0
2750.0
1492.0
2745.0
1479.0
2833.0
2722.0
2756.0
2748.0
2759.0
2712.0
2714.0
1499.0
2716.0
1501.0
2854.0
2761.0
2770.0
2762.0
2758.0
2753.0
2836.0
1550.0
2759.0
1560.0
2778.0
2699.0
2700.0
2692.0
2688.0
2726.0
2750.0
1478.0
2751.0
1500.0
2897.0
2812.0
2871.0
2809.0
2809.0
2796.0
2805.0
1553.0
2767.0
1527.0
4.0
3.0
3.0
3.0
3.0
3.0
3.0
2.0
3.0
2.0
4.0
3.0
3.0
3.0
3.0
3.0
3.0
2.0
3.0
2.0
4.0
3.0
3.0
3.0
3.0
3.0
3.0
2.0
3.0
2.0
4.0
3.0
3.0
3.0
3.0
3.0
3.0
2.0
3.0
2.0
4.0
4.0
3.0
3.0
3.0
3.0
3.0
2.0
3.0
2.0
4.0
3.0
4.0
3.0
2.0
3.0
3.0
2.0
3.0
2.0
4.0
3.0
4.0
2.0
3.0
3.0
3.0
2.0
3.0
2.0
4.0
3.0
4.0
2.0
3.0
3.0
3.0
2.0
3.0
2.0
4.0
3.0
3.0
3.0
3.0
3.0
3.0
2.0
3.0
2.0
4.0
3.0
3.0
2.0
3.0
3.0
3.0
2.0
3.0
2.0
1223.0
3.0
3.0
3.0
3.0
3.0
2.0
3.0
3.0
2.0
2752.0
1502.0
1503.0
1512.0
1503.0
1508.0
1599.0
1532.0
1528.0
1514.0
2774.0
1511.0
1509.0
1518.0
1511.0
1480.0
1479.0
1473.0
1536.0
1537.0
2732.0
1533.0
1552.0
1521.0
1526.0
1532.0
1549.0
1479.0
1488.0
1469.0
2788.0
1499.0
1507.0
1504.0
1492.0
1476.0
1576.0
1574.0
1564.0
1563.0
2779.0
1538.0
1538.0
1537.0
1542.0
1509.0
1493.0
1500.0
1501.0
1500.0
2745.0
1530.0
1523.0
1543.0
1535.0
1529.0
1532.0
1536.0
1522.0
1523.0
2752.0
1535.0
1534.0
1528.0
1540.0
1527.0
1540.0
1536.0
1538.0
1541.0
2690.0
1497.0
1476.0
1489.0
1490.0
1489.0
1485.0
1487.0
1480.0
1489.0
2748.0
1564.0
1570.0
1572.0
1570.0
1576.0
1578.0
1575.0
1574.0
1568.0
4.0
3.0
3.0
3.0
3.0
3.0
2.0
3.0
3.0
2.0
4.0
3.0
3.0
3.0
3.0
3.0
2.0
3.0
3.0
2.0
4.0
3.0
3.0
3.0
3.0
3.0
2.0
3.0
3.0
2.0
4.0
3.0
3.0
3.0
3.0
3.0
3.0
2.0
3.0
3.0
3.0
3.0
3.0
3.0
3.0
2.0
2.0
3.0
3.0
3.0
4.0
3.0
3.0
2.0
3.0
3.0
2.0
3.0
2.0
3.0
3.0
3.0
3.0
3.0
3.0
3.0
3.0
2.0
3.0
3.0
4.0
3.0
3.0
3.0
3.0
3.0
3.0
2.0
2.0
2.0
4.0
3.0
3.0
3.0
3.0
3.0
3.0
3.0
2.0
2.0
4.0
3.0
3.0
3.0
3.0
2.0
3.0
3.0
3.0
3.0
4.0
3.0
3.0
3.0
3.0
2.0
2.0
2.0
3.0
3.0
1483.0
1485.0
1477.0
1479.0
1481.0
1484.0
1485.0
1486.0
1485.0
1472.0
1581.0
1531.0
1533.0
1583.0
1581.0
1570.0
1568.0
1563.0
1560.0
1581.0
1530.0
1524.0
1481.0
1487.0
1488.0
1492.0
1491.0
1486.0
1489.0
1476.0
1538.0
1543.0
1539.0
1540.0
1532.0
1542.0
1553.0
1531.0
1539.0
1548.0
1515.0
1513.0
1521.0
1520.0
1524.0
1517.0
1513.0
1519.0
1514.0
1480.0
1561.0
1573.0
1565.0
1570.0
1582.0
1574.0
1562.0
1556.0
1572.0
1554.0
1489.0
1489.0
1494.0
1491.0
1491.0
1488.0
1483.0
1528.0
1537.0
1515.0
1576.0
1577.0
1583.0
1575.0
1580.0
1584.0
1579.0
1540.0
1539.0
1533.0
1471.0
1474.0
1476.0
1471.0
1476.0
1474.0
1481.0
1472.0
1475.0
1419.0
