3.0
2.0
3.0
3.0
1.0
2.0
2.0
2.0
2.0
2.0
2.0
2.0
2.0
2.0
2.0
1.0
2.0
2.0
3.0
2.0
3.0
3.0
3.0
2.0
2.0
1.0
2.0
2.0
2.0
2.0
2.0
2.0
3.0
2.0
3.0
3.0
3.0
1.0
2.0
2.0
2.0
2.0
2.0
2.0
2.0
3.0
2.0
2.0
3.0
3.0
3.0
2.0
2.0
2.0
2.0
2.0
2.0
2.0
2.0
3.0
3.0
3.0
4.0
2.0
2.0
2.0
2.0
1.0
2.0
2.0
2.0
2.0
3.0
2.0
3.0
3.0
1.0
3.0
2.0
1.0
2.0
2.0
2.0
2.0
2.0
3.0
1.0
2.0
3.0
3.0
3.0
2.0
2.0
2.0
1.0
1.0
1.0
2.0
2.0
5.0
887.0
1024.0
1195.0
1075.0
1277.0
1019.0
1014.0
1012.0
1026.0
1142.0
937.0
1048.0
1048.0
1058.0
1090.0
1048.0
935.0
888.0
1045.0
1031.0
884.0
880.0
879.0
1012.0
1012.0
1008.0
1012.0
1018.0
1054.0
1053.0
944.0
958.0
964.0
1024.0
1036.0
1028.0
977.0
1024.0
954.0
991.0
951.0
950.0
949.0
957.0
957.0
957.0
958.0
954.0
928.0
991.0
996.0
1000.0
1002.0
1008.0
986.0
985.0
984.0
1029.0
971.0
983.0
946.0
949.0
950.0
944.0
948.0
947.0
946.0
954.0
941.0
983.0
1003.0
1003.0
1004.0
975.0
984.0
1022.0
1000.0
977.0
1000.0
956.0
950.0
950.0
950.0
942.0
981.0
947.0
950.0
941.0
947.0
946.0
998.0
989.0
985.0
975.0
988.0
986.0
989.0
976.0
983.0
987.0
933.0
938.0
940.0
921.0
946.0
946.0
942.0
907.0
942.0
912.0
2.0
1.0
2.0
2.0
2.0
1.0
1.0
2.0
3.0
2.0
2.0
2.0
2.0
1.0
2.0
3.0
2.0
1.0
2.0
2.0
2.0
2.0
2.0
3.0
2.0
3.0
2.0
2.0
3.0
1.0
1.0
2.0
3.0
1.0
3.0
3.0
3.0
2.0
3.0
2.0
2.0
1.0
2.0
1.0
2.0
3.0
2.0
2.0
2.0
2.0
1.0
3.0
2.0
2.0
1.0
2.0
1.0
2.0
2.0
2.0
3.0
3.0
2.0
2.0
1.0
2.0
3.0
1.0
1.0
2.0
3.0
1.0
3.0
3.0
3.0
2.0
2.0
3.0
3.0
2.0
2.0
2.0
2.0
3.0
1.0
2.0
2.0
2.0
2.0
3.0
2.0
1.0
1.0
2.0
1.0
3.0
3.0
3.0
2.0
2.0
2.0
2.0
1.0
3.0
2.0
2.0
2.0
1.0
2.0
2.0
3.0
3.0
3.0
2.0
1.0
1.0
3.0
2.0
1.0
2.0
3.0
2.0
2.0
2.0
1.0
2.0
3.0
2.0
2.0
1.0
2.0
2.0
3.0
2.0
2.0
3.0
3.0
2.0
1.0
2.0
2.0
3.0
1.0
2.0
2.0
2.0
1.0
3.0
3.0
2.0
3.0
2.0
1.0
1.0
3.0
2.0
1.0
2.0
3.0
2.0
2.0
2.0
3.0
2.0
3.0
2.0
2.0
1.0
2.0
1.0
3.0
2.0
2.0
2.0
2.0
2.0
1.0
3.0
2.0
3.0
1.0
2.0
2.0
2.0
1.0
3.0
3.0
3.0
2.0
2.0
1.0
1.0
3.0
2.0
2.0
3.0
2.0
1.0
2.0
2.0
3.0
2.0
3.0
1.0
2.0
1.0
2.0
1.0
3.0
2.0
2.0
2.0
2.0
2.0
1.0
3.0
3.0
2.0
2.0
2.0
2.0
2.0
2.0
3.0
3.0
3.0
2.0
1.0
1.0
3.0
2.0
1.0
3.0
2.0
2.0
1.0
3.0
3.0
3.0
3.0
2.0
2.0
2.0
2.0
2.0
3.0
2.0
2.0
2.0
1.0
1.0
2.0
3.0
2.0
3.0
1.0
2.0
2.0
2.0
1.0
3.0
3.0
2.0
3.0
2.0
2.0
2.0
2.0
2.0
2.0
3.0
1.0
1.0
1.0
1.0
3.0
3.0
2.0
3.0
1.0
2.0
2.0
1.0
1.0
3.0
2.0
2.0
2.0
2.0
3.0
2.0
2.0
2.0
2.0
1.0
2.0
1.0
2.0
1.0
1.0
2.0
3.0
3.0
2.0
1.0
2.0
2.0
2.0
1.0
1.0
2.0
2.0
3.0
2.0
3.0
3.0
2.0
2.0
2.0
3.0
1.0
2.0
1.0
2.0
2.0
2.0
3.0
2.0
2.0
2.0
2.0
3.0
2.0
1.0
1.0
1.0
2.0
1.0
2.0
2.0
2.0
2.0
2.0
3.0
2.0
1.0
2.0
2.0
1.0
1.0
2.0
2.0
2.0
3.0
3.0
3.0
2.0
2.0
2.0
2.0
1.0
1.0
2.0
1.0
2.0
2.0
3.0
2.0
2.0
1.0
2.0
2.0
3.0
2.0
1.0
1.0
1.0
2.0
2.0
2.0
2.0
2.0
1.0
2.0
3.0
1.0
1.0
1.0
3.0
1.0
1.0
2.0
2.0
2.0
2.0
2.0
3.0
3.0
2.0
2.0
2.0
1.0
2.0
2.0
2.0
2.0
2.0
3.0
2.0
1.0
1.0
2.0
2.0
2.0
3.0
1.0
1.0
2.0
2.0
2.0
1.0
3.0
2.0
2.0
2.0
3.0
1.0
1.0
1.0
3.0
2.0
2.0
2.0
2.0
2.0
2.0
2.0
2.0
3.0
3.0
1.0
1.0
2.0
1.0
2.0
2.0
2.0
2.0
3.0
2.0
1.0
1.0
1.0
2.0
2.0
2.0
1.0
1.0
2.0
2.0
2.0
2.0
3.0
2.0
1.0
2.0
2.0
1.0
1.0
2.0
2.0
3.0
2.0
2.0
2.0
1.0
1.0
2.0
1.0
3.0
3.0
2.0
3.0
2.0
2.0
2.0
2.0
2.0
3.0
1.0
1.0
1.0
1.0
1.0
3.0
3.0
2.0
2.0
2.0
2.0
2.0
2.0
1.0
1.0
3.0
2.0
2.0
1.0
2.0
2.0
2.0
2.0
2.0
3.0
2.0
1.0
1.0
1.0
2.0
2.0
2.0
3.0
3.0
2.0
3.0
2.0
2.0
2.0
1.0
1.0
3.0
1.0
1.0
2.0
2.0
3.0
3.0
2.0
2.0
2.0
2.0
2.0
1.0
1.0
2.0
2.0
3.0
3.0
3.0
2.0
2.0
2.0
1.0
2.0
1.0
1.0
1.0
1.0
2.0
2.0
2.0
2.0
2.0
2.0
2.0
2.0
3.0
2.0
2.0
1.0
2.0
2.0
3.0
1.0
2.0
3.0
3.0
1.0
1.0
1.0
2.0
3.0
2.0
1.0
3.0
2.0
2.0
2.0
1.0
3.0
3.0
2.0
2.0
3.0
2.0
2.0
2.0
2.0
1.0
3.0
2.0
1.0
1.0
2.0
2.0
2.0
2.0
2.0
2.0
1.0
2.0
2.0
1.0
2.0
2.0
2.0
2.0
2.0
1.0
1.0
2.0
2.0
3.0
1.0
1.0
2.0
3.0
2.0
1.0
1.0
3.0
3.0
2.0
2.0
1.0
3.0
2.0
2.0
2.0
2.0
2.0
3.0
2.0
1.0
1.0
3.0
3.0
2.0
1.0
1.0
2.0
2.0
2.0
2.0
1.0
3.0
2.0
2.0
1.0
1.0
1.0
2.0
2.0
2.0
2.0
2.0
2.0
2.0
2.0
1.0
2.0
1.0
1.0
2.0
1.0
1.0
2.0
2.0
2.0
3.0
2.0
2.0
1.0
1.0
3.0
2.0
1.0
1.0
1.0
1.0
2.0
2.0
2.0
2.0
2.0
2.0
2.0
2.0
1.0
1.0
1.0
3.0
2.0
1.0
1.0
1.0
2.0
2.0
2.0
2.0
2.0
1.0
2.0
2.0
2.0
1.0
2.0
1.0
1.0
2.0
2.0
1.0
1.0
2.0
2.0
3.0
2.0
1.0
1.0
2.0
2.0
3.0
2.0
1.0
1.0
2.0
2.0
2.0
1.0
1.0
3.0
2.0
2.0
2.0
1.0
1.0
1.0
2.0
3.0
2.0
1.0
2.0
2.0
2.0
2.0
2.0
2.0
2.0
2.0
2.0
1.0
1.0
1.0
2.0
2.0
2.0
1.0
1.0
1.0
2.0
2.0
2.0
3.0
1.0
1.0
2.0
2.0
2.0
2.0
1.0
1.0
1.0
2.0
2.0
1.0
2.0
2.0
3.0
2.0
2.0
2.0
1.0
1.0
2.0
3.0
1.0
1.0
1.0
1.0
2.0
2.0
2.0
1.0
2.0
2.0
2.0
2.0
1.0
1.0
1.0
2.0
2.0
2.0
1.0
1.0
2.0
2.0
2.0
2.0
3.0
1.0
1.0
2.0
2.0
2.0
1.0
1.0
2.0
1.0
2.0
2.0
1.0
2.0
3.0
2.0
2.0
2.0
1.0
1.0
1.0
2.0
3.0
1.0
1.0
1.0
2.0
2.0
2.0
2.0
1.0
2.0
2.0
2.0
2.0
1.0
1.0
2.0
3.0
2.0
2.0
1.0
2.0
2.0
2.0
2.0
2.0
1.0
1.0
1.0
2.0
2.0
1.0
1.0
1.0
1.0
2.0
2.0
1.0
1.0
3.0
2.0
2.0
2.0
2.0
1.0
1.0
2.0
2.0
3.0
1.0
2.0
2.0
2.0
2.0
2.0
1.0
1.0
3.0
1.0
1.0
1042.0
868.0
1044.0
1101.0
1027.0
1077.0
1052.0
1048.0
1044.0
1244.0
924.0
933.0
949.0
979.0
953.0
953.0
936.0
946.0
935.0
943.0
1002.0
1011.0
1015.0
1024.0
996.0
1020.0
1030.0
1027.0
992.0
1024.0
935.0
941.0
943.0
939.0
941.0
936.0
936.0
941.0
937.0
938.0
919.0
1010.0
998.0
1019.0
1020.0
1020.0
1023.0
1023.0
1024.0
1027.0
1001.0
948.0
949.0
948.0
957.0
955.0
951.0
952.0
969.0
969.0
937.0
942.0
957.0
946.0
959.0
958.0
946.0
936.0
1015.0
1033.0
1009.0
986.0
991.0
983.0
983.0
994.0
991.0
982.0
932.0
943.0
936.0
936.0
945.0
935.0
937.0
948.0
935.0
946.0
953.0
986.0
980.0
978.0
1007.0
996.0
984.0
983.0
990.0
993.0
991.0
930.0
939.0
938.0
945.0
938.0
938.0
939.0
945.0
944.0
946.0
943.0
991.0
978.0
985.0
983.0
982.0
985.0
1013.0
1004.0
992.0
986.0
941.0
936.0
938.0
944.0
936.0
938.0
944.0
945.0
944.0
942.0
996.0
976.0
975.0
976.0
983.0
977.0
985.0
984.0
988.0
986.0
936.0
937.0
938.0
937.0
944.0
938.0
944.0
945.0
985.0
943.0
981.0
992.0
980.0
980.0
981.0
977.0
980.0
977.0
980.0
979.0
919.0
935.0
936.0
938.0
939.0
940.0
940.0
940.0
939.0
937.0
939.0
991.0
993.0
994.0
990.0
981.0
981.0
980.0
979.0
979.0
977.0
937.0
939.0
936.0
940.0
937.0
939.0
939.0
938.0
937.0
937.0
922.0
993.0
993.0
992.0
998.0
996.0
994.0
999.0
997.0
999.0
997.0
918.0
920.0
922.0
919.0
937.0
936.0
938.0
954.0
965.0
964.0
966.0
969.0
974.0
967.0
942.0
951.0
1003.0
998.0
979.0
974.0
979.0
976.0
977.0
975.0
981.0
975.0
974.0
943.0
945.0
948.0
945.0
944.0
979.0
998.0
950.0
950.0
925.0
982.0
975.0
979.0
1007.0
1003.0
1014.0
1018.0
1021.0
981.0
1079.0
935.0
938.0
938.0
941.0
941.0
939.0
951.0
953.0
953.0
943.0
945.0
981.0
975.0
977.0
994.0
979.0
988.0
990.0
983.0
985.0
984.0
936.0
937.0
938.0
938.0
938.0
947.0
945.0
944.0
944.0
945.0
999.0
977.0
998.0
1004.0
996.0
986.0
1014.0
1015.0
1014.0
990.0
938.0
938.0
946.0
945.0
943.0
944.0
953.0
950.0
944.0
945.0
975.0
986.0
987.0
988.0
987.0
985.0
986.0
1061.0
1061.0
987.0
924.0
944.0
945.0
947.0
943.0
937.0
943.0
936.0
937.0
936.0
945.0
1004.0
1021.0
1029.0
1025.0
994.0
1024.0
1036.0
1027.0
1002.0
1002.0
945.0
965.0
964.0
949.0
960.0
961.0
958.0
948.0
946.0
982.0
932.0
991.0
981.0
998.0
979.0
1011.0
1000.0
997.0
970.0
1007.0
982.0
983.0
958.0
981.0
950.0
1000.0
962.0
962.0
960.0
959.0
966.0
956.0
964.0
1037.0
1023.0
1058.0
1055.0
1026.0
1033.0
1108.0
1062.0
997.0
1019.0
929.0
965.0
954.0
993.0
953.0
957.0
999.0
935.0
1012.0
1011.0
935.0
934.0
989.0
1010.0
1024.0
1022.0
1043.0
1027.0
1033.0
1044.0
1003.0
1010.0
948.0
945.0
947.0
947.0
947.0
952.0
941.0
941.0
948.0
951.0
940.0
919.0
927.0
928.0
988.0
1002.0
1000.0
998.0
983.0
1013.0
1006.0
973.0
982.0
978.0
947.0
952.0
944.0
943.0
946.0
953.0
941.0
938.0
947.0
945.0
996.0
1011.0
996.0
1000.0
982.0
1014.0
1004.0
981.0
1018.0
987.0
949.0
952.0
947.0
961.0
945.0
950.0
943.0
941.0
946.0
947.0
998.0
1005.0
991.0
1003.0
1000.0
1016.0
977.0
999.0
984.0
1018.0
947.0
952.0
949.0
950.0
947.0
952.0
940.0
944.0
948.0
953.0
981.0
989.0
994.0
1005.0
1010.0
1015.0
985.0
1000.0
986.0
985.0
971.0
949.0
954.0
967.0
965.0
943.0
956.0
952.0
949.0
950.0
923.0
1024.0
1015.0
1029.0
1035.0
1020.0
1007.0
1023.0
1005.0
1049.0
1027.0
970.0
964.0
966.0
964.0
958.0
954.0
956.0
955.0
961.0
948.0
931.0
980.0
1008.0
1004.0
996.0
1005.0
989.0
996.0
1004.0
1000.0
1016.0
960.0
967.0
967.0
954.0
971.0
953.0
962.0
955.0
942.0
942.0
924.0
943.0
993.0
984.0
1000.0
1000.0
1000.0
1020.0
1032.0
1002.0
1028.0
1017.0
960.0
941.0
961.0
952.0
959.0
960.0
955.0
956.0
948.0
951.0
960.0
952.0
923.0
922.0
921.0
988.0
1020.0
1011.0
1015.0
988.0
1016.0
1016.0
1019.0
985.0
986.0
966.0
954.0
942.0
942.0
948.0
944.0
946.0
938.0
943.0
939.0
972.0
1004.0
1002.0
1008.0
1007.0
975.0
998.0
1008.0
1008.0
1006.0
965.0
956.0
947.0
943.0
939.0
949.0
945.0
949.0
939.0
949.0
938.0
1002.0
993.0
1001.0
998.0
1011.0
1006.0
1006.0
992.0
1007.0
1009.0
952.0
947.0
944.0
942.0
948.0
948.0
948.0
939.0
948.0
939.0
1002.0
1001.0
999.0
1004.0
977.0
1007.0
1008.0
1010.0
1008.0
1005.0
952.0
974.0
947.0
945.0
945.0
946.0
939.0
948.0
946.0
940.0
995.0
1001.0
999.0
1000.0
999.0
995.0
999.0
999.0
995.0
971.0
943.0
952.0
964.0
953.0
952.0
950.0
948.0
948.0
952.0
948.0
965.0
985.0
997.0
1007.0
998.0
1000.0
1008.0
998.0
1002.0
977.0
949.0
969.0
974.0
947.0
977.0
950.0
978.0
950.0
950.0
977.0
939.0
923.0
981.0
989.0
993.0
991.0
997.0
998.0
994.0
977.0
999.0
991.0
950.0
947.0
949.0
945.0
943.0
939.0
947.0
940.0
937.0
936.0
918.0
987.0
1009.0
1007.0
1006.0
1008.0
1016.0
1004.0
1020.0
1012.0
1009.0
926.0
934.0
956.0
951.0
939.0
953.0
949.0
952.0
946.0
946.0
951.0
929.0
924.0
927.0
925.0
972.0
990.0
1013.0
983.0
983.0
995.0
995.0
991.0
992.0
1017.0
936.0
943.0
980.0
938.0
938.0
944.0
937.0
945.0
947.0
945.0
939.0
920.0
1003.0
1008.0
983.0
985.0
979.0
984.0
986.0
981.0
985.0
983.0
938.0
945.0
938.0
947.0
937.0
948.0
958.0
938.0
946.0
939.0
995.0
996.0
1006.0
982.0
1003.0
1001.0
977.0
977.0
1000.0
981.0
941.0
949.0
940.0
947.0
939.0
948.0
948.0
939.0
951.0
942.0
1004.0
1002.0
999.0
999.0
995.0
991.0
1002.0
979.0
986.0
984.0
939.0
946.0
939.0
946.0
941.0
947.0
945.0
938.0
948.0
942.0
996.0
994.0
1000.0
997.0
1003.0
969.0
969.0
971.0
1001.0
972.0
942.0
943.0
950.0
953.0
955.0
958.0
951.0
956.0
964.0
956.0
1016.0
1009.0
1014.0
998.0
1014.0
1030.0
996.0
987.0
983.0
1004.0
939.0
949.0
946.0
952.0
944.0
951.0
945.0
951.0
946.0
985.0
983.0
987.0
1003.0
1030.0
983.0
1004.0
1008.0
1005.0
1009.0
1018.0
930.0
951.0
965.0
936.0
949.0
945.0
940.0
949.0
940.0
946.0
936.0
971.0
998.0
984.0
994.0
994.0
998.0
1001.0
967.0
996.0
971.0
929.0
941.0
937.0
947.0
947.0
941.0
946.0
941.0
947.0
939.0
947.0
920.0
940.0
1000.0
1011.0
1000.0
992.0
1019.0
1031.0
1008.0
1013.0
1008.0
989.0
933.0
928.0
926.0
925.0
947.0
947.0
937.0
945.0
938.0
937.0
946.0
938.0
946.0
938.0
977.0
993.0
974.0
980.0
972.0
973.0
976.0
973.0
977.0
970.0
929.0
942.0
939.0
944.0
938.0
937.0
945.0
938.0
948.0
941.0
946.0
982.0
991.0
990.0
980.0
982.0
982.0
981.0
978.0
979.0
989.0
932.0
939.0
943.0
939.0
969.0
951.0
936.0
938.0
944.0
945.0
944.0
969.0
978.0
970.0
973.0
972.0
978.0
969.0
975.0
974.0
975.0
958.0
946.0
943.0
943.0
943.0
945.0
944.0
945.0
945.0
943.0
1000.0
1000.0
992.0
988.0
996.0
1003.0
989.0
1017.0
1007.0
1015.0
971.0
978.0
944.0
943.0
944.0
944.0
941.0
939.0
941.0
938.0
1018.0
980.0
979.0
978.0
978.0
981.0
970.0
971.0
974.0
969.0
985.0
939.0
949.0
949.0
946.0
941.0
952.0
938.0
938.0
972.0
1008.0
973.0
1007.0
1019.0
1003.0
1001.0
978.0
973.0
990.0
981.0
938.0
942.0
968.0
945.0
941.0
948.0
938.0
939.0
940.0
940.0
971.0
971.0
981.0
974.0
970.0
972.0
973.0
972.0
974.0
974.0
945.0
939.0
939.0
938.0
939.0
940.0
944.0
945.0
949.0
945.0
981.0
990.0
1010.0
1023.0
1020.0
1022.0
1018.0
992.0
1023.0
1009.0
926.0
929.0
942.0
945.0
942.0
942.0
941.0
945.0
943.0
945.0
944.0
940.0
942.0
997.0
1002.0
1002.0
1001.0
993.0
1023.0
1027.0
1007.0
1000.0
973.0
919.0
920.0
962.0
938.0
915.0
925.0
908.0
