4.0
4.0
2.0
3.0
3.0
3.0
2.0
3.0
3.0
3.0
11.0
11.0
11.0
11.0
17.0
18.0
11.0
11.0
18.0
18.0
11.0
11.0
11.0
11.0
11.0
11.0
18.0
18.0
18.0
18.0
11.0
11.0
11.0
11.0
10.0
10.0
11.0
11.0
11.0
11.0
11.0
11.0
18.0
18.0
18.0
19.0
10.0
10.0
10.0
10.0
11.0
11.0
11.0
11.0
11.0
11.0
18.0
11.0
19.0
18.0
2244.0
2283.0
2243.0
2247.0
2294.0
2193.0
2247.0
2352.0
2244.0
2412.0
2074.0
2084.0
2076.0
2077.0
2076.0
2086.0
2080.0
2079.0
2072.0
2070.0
2147.0
2157.0
2146.0
2138.0
2137.0
2195.0
2160.0
2135.0
2159.0
2152.0
2072.0
2136.0
2077.0
2074.0
2077.0
2074.0
2073.0
2120.0
2074.0
2133.0
2110.0
2112.0
2117.0
2118.0
2116.0
2115.0
2117.0
2114.0
2169.0
2082.0
9.0
10.0
10.0
10.0
3.0
10.0
10.0
10.0
10.0
2.0
10.0
10.0
10.0
10.0
2.0
10.0
10.0
10.0
10.0
3.0
9.0
10.0
10.0
10.0
3.0
10.0
10.0
10.0
10.0
2.0
9.0
10.0
9.0
10.0
2.0
10.0
10.0
9.0
10.0
3.0
10.0
10.0
10.0
10.0
3.0
10.0
10.0
10.0
10.0
2.0
2195.0
2195.0
2149.0
2191.0
2146.0
2164.0
2198.0
2155.0
2168.0
2114.0
2076.0
2075.0
2076.0
2073.0
2071.0
2078.0
2078.0
2075.0
2076.0
2089.0
2156.0
2152.0
2161.0
2157.0
2150.0
2162.0
2159.0
2176.0
2151.0
2154.0
2069.0
2069.0
2095.0
2086.0
2052.0
2075.0
2073.0
2151.0
2144.0
2128.0
2138.0
2117.0
2119.0
2154.0
2118.0
2148.0
2147.0
2074.0
2082.0
2066.0
16.0
11.0
11.0
11.0
17.0
10.0
11.0
11.0
4.0
4.0
17.0
17.0
10.0
10.0
10.0
11.0
10.0
11.0
4.0
3.0
17.0
10.0
10.0
17.0
10.0
10.0
10.0
10.0
4.0
4.0
17.0
17.0
10.0
10.0
10.0
10.0
10.0
10.0
4.0
4.0
17.0
10.0
10.0
11.0
17.0
10.0
10.0
10.0
3.0
4.0
18.0
17.0
11.0
11.0
10.0
10.0
11.0
10.0
4.0
4.0
10.0
10.0
17.0
10.0
10.0
10.0
17.0
11.0
4.0
4.0
17.0
17.0
10.0
10.0
10.0
10.0
10.0
10.0
4.0
4.0
10.0
10.0
11.0
10.0
17.0
10.0
17.0
10.0
3.0
3.0
17.0
17.0
10.0
10.0
10.0
10.0
10.0
10.0
4.0
3.0
11.0
10.0
10.0
10.0
11.0
17.0
11.0
18.0
4.0
4.0
17.0
17.0
10.0
10.0
10.0
11.0
10.0
10.0
3.0
3.0
10.0
10.0
10.0
10.0
10.0
10.0
17.0
18.0
3.0
3.0
17.0
18.0
10.0
11.0
10.0
10.0
10.0
10.0
4.0
3.0
10.0
10.0
10.0
10.0
10.0
10.0
17.0
17.0
4.0
3.0
14.0
18.0
11.0
10.0
10.0
10.0
11.0
11.0
2.0
4.0
10.0
10.0
11.0
11.0
10.0
8.0
10.0
10.0
4.0
3.0
17.0
8.0
17.0
10.0
10.0
10.0
10.0
10.0
2.0
2.0
10.0
10.0
9.0
10.0
11.0
10.0
10.0
10.0
4.0
3.0
11.0
8.0
17.0
10.0
17.0
11.0
10.0
10.0
2.0
3.0
11.0
10.0
8.0
10.0
11.0
10.0
11.0
11.0
2.0
4.0
11.0
11.0
9.0
29.0
10.0
22.0
29.0
23.0
2.0
2.0
21.0
22.0
22.0
21.0
21.0
22.0
10.0
10.0
2.0
3.0
10.0
10.0
10.0
10.0
10.0
17.0
10.0
17.0
2.0
2.0
10.0
10.0
10.0
10.0
10.0
10.0
10.0
10.0
2.0
2.0
18.0
18.0
9.0
11.0
10.0
11.0
11.0
11.0
2.0
3.0
10.0
10.0
8.0
11.0
10.0
10.0
10.0
10.0
3.0
2.0
10.0
17.0
17.0
8.0
10.0
10.0
10.0
10.0
2.0
2.0
10.0
10.0
8.0
10.0
11.0
10.0
10.0
10.0
2.0
4.0
10.0
11.0
17.0
8.0
10.0
17.0
10.0
10.0
2.0
2.0
11.0
11.0
9.0
11.0
10.0
10.0
10.0
11.0
4.0
2.0
10.0
10.0
8.0
10.0
10.0
18.0
18.0
11.0
3.0
2.0
10.0
8.0
10.0
10.0
10.0
11.0
10.0
10.0
2.0
3.0
10.0
8.0
17.0
10.0
10.0
10.0
10.0
10.0
4.0
2.0
17.0
10.0
9.0
10.0
10.0
10.0
10.0
10.0
2.0
2.0
8.0
11.0
11.0
18.0
10.0
11.0
11.0
10.0
2.0
4.0
8.0
10.0
10.0
10.0
17.0
10.0
10.0
10.0
2.0
2.0
10.0
8.0
10.0
17.0
10.0
10.0
10.0
10.0
2.0
2.0
17.0
8.0
10.0
10.0
10.0
10.0
10.0
10.0
2.0
3.0
9.0
10.0
10.0
11.0
10.0
17.0
10.0
10.0
3.0
1.0
18.0
10.0
9.0
10.0
10.0
10.0
10.0
10.0
3.0
2.0
8.0
10.0
10.0
18.0
10.0
10.0
10.0
10.0
3.0
3.0
8.0
10.0
10.0
10.0
17.0
11.0
10.0
10.0
2.0
2.0
11.0
8.0
17.0
10.0
10.0
10.0
9.0
10.0
2.0
2.0
11.0
10.0
8.0
17.0
10.0
10.0
11.0
10.0
2.0
3.0
8.0
11.0
10.0
10.0
10.0
18.0
11.0
10.0
2.0
2.0
17.0
10.0
9.0
10.0
10.0
10.0
10.0
10.0
2.0
2.0
8.0
11.0
10.0
17.0
10.0
10.0
10.0
10.0
2.0
1.0
17.0
10.0
9.0
10.0
10.0
10.0
10.0
11.0
2.0
2.0
8.0
17.0
10.0
10.0
10.0
10.0
10.0
10.0
2.0
2.0
2422.0
2778.0
2311.0
2309.0
2308.0
2862.0
2352.0
2306.0
1943.0
1360.0
2224.0
1930.0
2221.0
2221.0
2220.0
2217.0
2216.0
2215.0
2048.0
1071.0
2179.0
1985.0
1989.0
2289.0
2288.0
2283.0
2286.0
2283.0
2277.0
1297.0
1950.0
1949.0
1950.0
2210.0
2245.0
2246.0
2435.0
2483.0
2253.0
1231.0
2096.0
2080.0
2090.0
2144.0
2127.0
2070.0
2068.0
2071.0
2188.0
1252.0
2071.0
2072.0
2072.0
2169.0
2133.0
2140.0
2159.0
2163.0
2138.0
1204.0
2128.0
2129.0
2148.0
2082.0
2082.0
2076.0
2085.0
2079.0
2071.0
1147.0
2171.0
2143.0
2159.0
2125.0
2178.0
2133.0
2145.0
2148.0
2138.0
1217.0
2067.0
2068.0
2066.0
2069.0
2067.0
2067.0
2066.0
2061.0
2063.0
1138.0
2153.0
2146.0
2146.0
2203.0
2168.0
2134.0
2121.0
2118.0
2123.0
1197.0
2066.0
2088.0
2088.0
2126.0
2142.0
2167.0
2173.0
2169.0
2149.0
1137.0
2156.0
2152.0
2159.0
2140.0
2083.0
2096.0
2100.0
2100.0
2084.0
1160.0
2168.0
2127.0
2164.0
2146.0
2137.0
2143.0
2120.0
2132.0
2129.0
1237.0
2076.0
2091.0
2076.0
2078.0
2080.0
2117.0
2078.0
2081.0
2061.0
1134.0
2120.0
2163.0
2152.0
2121.0
2157.0
2158.0
2153.0
2172.0
2133.0
1219.0
2070.0
2068.0
2068.0
2082.0
2079.0
2066.0
2093.0
2070.0
2124.0
1139.0
2156.0
2166.0
2164.0
2159.0
2139.0
2128.0
2130.0
2132.0
2123.0
1132.0
2066.0
2146.0
2158.0
2139.0
2144.0
2174.0
2162.0
2152.0
2133.0
1154.0
2156.0
2163.0
2105.0
2118.0
2132.0
2115.0
2107.0
2119.0
2099.0
1168.0
2174.0
2137.0
2161.0
2111.0
2114.0
2117.0
2122.0
2117.0
2129.0
1225.0
2073.0
2074.0
2086.0
2081.0
2078.0
2080.0
2092.0
2103.0
2052.0
1137.0
2124.0
2134.0
2129.0
2134.0
2158.0
2164.0
2139.0
2158.0
2122.0
1225.0
2070.0
2072.0
2073.0
2064.0
2066.0
2065.0
2149.0
2145.0
2148.0
1142.0
2161.0
2170.0
2170.0
2140.0
2123.0
2119.0
2138.0
2159.0
2172.0
1140.0
2061.0
2133.0
2124.0
2140.0
2162.0
2155.0
2154.0
2141.0
2141.0
1150.0
2127.0
2140.0
2069.0
2078.0
2081.0
2089.0
2103.0
2119.0
2108.0
1138.0
2143.0
2167.0
2155.0
2166.0
2124.0
2187.0
2147.0
2150.0
2258.0
1239.0
2083.0
2066.0
2072.0
2072.0
2066.0
2067.0
2069.0
2076.0
2059.0
1141.0
2150.0
2163.0
2143.0
2156.0
2153.0
2160.0
2121.0
2151.0
2144.0
1180.0
2073.0
2085.0
2074.0
2060.0
2068.0
2063.0
2065.0
2065.0
2111.0
1139.0
2125.0
2123.0
2112.0
2112.0
2101.0
2106.0
2108.0
2101.0
2113.0
1134.0
2069.0
2076.0
2147.0
2159.0
2159.0
2141.0
2144.0
2134.0
2136.0
1138.0
2112.0
2107.0
2118.0
2066.0
2073.0
2069.0
2064.0
2066.0
2056.0
1135.0
2195.0
2190.0
2196.0
2149.0
2128.0
2147.0
2156.0
2166.0
2149.0
1211.0
2081.0
2116.0
2068.0
2059.0
2068.0
2068.0
2076.0
2080.0
2060.0
1137.0
2131.0
2123.0
2153.0
2153.0
2152.0
2159.0
2136.0
2142.0
2134.0
1178.0
2067.0
2068.0
2069.0
2077.0
2070.0
2067.0
2074.0
2128.0
2136.0
1138.0
2157.0
2159.0
2114.0
2107.0
2140.0
2137.0
2136.0
2135.0
2059.0
1141.0
2141.0
2153.0
2154.0
2124.0
2117.0
2130.0
2132.0
2159.0
2119.0
1159.0
2108.0
2075.0
2068.0
2060.0
2064.0
2065.0
2065.0
2063.0
2061.0
1139.0
2156.0
2134.0
2125.0
2120.0
2169.0
2141.0
2114.0
2156.0
2146.0
1257.0
2094.0
2109.0
2068.0
2077.0
2094.0
2085.0
2092.0
2083.0
2064.0
1137.0
2190.0
2175.0
2173.0
2130.0
2160.0
2161.0
2110.0
2134.0
2103.0
1219.0
2072.0
2074.0
2066.0
2069.0
2066.0
2129.0
2138.0
2117.0
2130.0
1166.0
2166.0
2154.0
2155.0
2134.0
2136.0
2118.0
2073.0
2099.0
2056.0
1135.0
2065.0
2135.0
2158.0
2180.0
2141.0
2143.0
2128.0
2118.0
2111.0
1133.0
2107.0
2108.0
2063.0
2090.0
2080.0
2116.0
2071.0
2070.0
2071.0
1185.0
2125.0
2144.0
2131.0
2148.0
2126.0
2119.0
2170.0
2127.0
2127.0
1222.0
2087.0
2077.0
2101.0
2083.0
2079.0
2080.0
2095.0
2089.0
2078.0
1184.0
2123.0
2132.0
2125.0
2130.0
2145.0
2144.0
2131.0
2111.0
2105.0
1179.0
10.0
9.0
9.0
9.0
9.0
10.0
9.0
10.0
2.0
2.0
9.0
10.0
10.0
9.0
9.0
10.0
10.0
9.0
2.0
2.0
9.0
9.0
9.0
10.0
9.0
9.0
9.0
9.0
2.0
2.0
10.0
10.0
9.0
9.0
9.0
9.0
10.0
9.0
2.0
2.0
2.0
2.0
2.0
2.0
2.0
2.0
2.0
2.0
2.0
2.0
24.0
25.0
10.0
10.0
10.0
10.0
10.0
10.0
2.0
2.0
9.0
9.0
10.0
9.0
9.0
9.0
9.0
9.0
3.0
3.0
9.0
9.0
9.0
9.0
10.0
10.0
9.0
9.0
2.0
2.0
10.0
9.0
9.0
10.0
10.0
9.0
9.0
10.0
2.0
2.0
2.0
1.0
2.0
2.0
1.0
2.0
2.0
2.0
2.0
2.0
10.0
9.0
9.0
9.0
9.0
10.0
10.0
10.0
2.0
2.0
9.0
9.0
9.0
9.0
10.0
10.0
9.0
9.0
2.0
2.0
9.0
9.0
9.0
10.0
10.0
10.0
9.0
9.0
2.0
2.0
9.0
9.0
9.0
10.0
10.0
9.0
9.0
9.0
2.0
1.0
2.0
2.0
2.0
2.0
2.0
2.0
2.0
2.0
1.0
2.0
9.0
9.0
10.0
10.0
10.0
10.0
10.0
9.0
2.0
2.0
9.0
9.0
9.0
9.0
9.0
10.0
9.0
9.0
2.0
2.0
9.0
10.0
10.0
9.0
10.0
10.0
10.0
9.0
2.0
2.0
9.0
9.0
9.0
9.0
9.0
9.0
9.0
10.0
2.0
2.0
2.0
2.0
2.0
2.0
2.0
1.0
2.0
2.0
1.0
2.0
9.0
9.0
9.0
10.0
10.0
9.0
9.0
9.0
3.0
2.0
9.0
10.0
9.0
9.0
10.0
10.0
10.0
9.0
2.0
2.0
9.0
9.0
9.0
9.0
9.0
9.0
10.0
10.0
2.0
2.0
9.0
10.0
9.0
10.0
9.0
9.0
10.0
9.0
2.0
2.0
2.0
2.0
2.0
2.0
2.0
2.0
2.0
2.0
2.0
2.0
9.0
10.0
9.0
9.0
9.0
9.0
9.0
9.0
2.0
2.0
10.0
10.0
9.0
10.0
9.0
9.0
9.0
9.0
2.0
2.0
10.0
9.0
10.0
10.0
9.0
9.0
9.0
9.0
2.0
2.0
9.0
9.0
9.0
10.0
10.0
9.0
9.0
9.0
2.0
2.0
2.0
2.0
2.0
2.0
2.0
2.0
2.0
2.0
2.0
2.0
10.0
9.0
9.0
10.0
10.0
10.0
10.0
9.0
2.0
2.0
9.0
9.0
9.0
10.0
10.0
9.0
10.0
9.0
2.0
2.0
9.0
9.0
9.0
9.0
9.0
9.0
10.0
9.0
2.0
2.0
9.0
9.0
9.0
10.0
9.0
9.0
10.0
9.0
2.0
2.0
2.0
2.0
2.0
2.0
2.0
2.0
2.0
2.0
2.0
2.0
10.0
9.0
9.0
9.0
9.0
10.0
10.0
9.0
2.0
2.0
9.0
10.0
9.0
9.0
10.0
9.0
10.0
10.0
2.0
2.0
9.0
9.0
9.0
9.0
9.0
9.0
9.0
9.0
2.0
2.0
10.0
10.0
9.0
9.0
9.0
9.0
9.0
9.0
2.0
2.0
2.0
2.0
2.0
2.0
2.0
2.0
2.0
2.0
2.0
2.0
10.0
10.0
10.0
10.0
9.0
10.0
9.0
9.0
2.0
2.0
9.0
9.0
9.0
9.0
10.0
9.0
9.0
10.0
3.0
2.0
10.0
9.0
9.0
9.0
10.0
9.0
9.0
9.0
2.0
2.0
9.0
9.0
9.0
10.0
9.0
10.0
9.0
10.0
2.0
2.0
2.0
2.0
2.0
2.0
2.0
2.0
2.0
2.0
2.0
2.0
9.0
9.0
9.0
9.0
10.0
10.0
10.0
9.0
2.0
2.0
10.0
10.0
9.0
9.0
9.0
9.0
10.0
10.0
2.0
2.0
9.0
10.0
9.0
10.0
9.0
9.0
9.0
9.0
2.0
2.0
10.0
9.0
9.0
9.0
10.0
10.0
10.0
9.0
2.0
2.0
2.0
2.0
1.0
2.0
2.0
2.0
2.0
2.0
2.0
2.0
2179.0
2127.0
2185.0
2180.0
2169.0
2175.0
2163.0
2134.0
2173.0
1138.0
2127.0
2063.0
2072.0
2084.0
2077.0
2108.0
2070.0
2070.0
2067.0
1142.0
2168.0
2148.0
2122.0
2134.0
2130.0
2134.0
2139.0
2140.0
2128.0
1229.0
2085.0
2129.0
2076.0
2084.0
2091.0
2067.0
2066.0
2063.0
1152.0
1151.0
2160.0
2157.0
2150.0
2160.0
2142.0
2099.0
2108.0
2133.0
1189.0
1236.0
2089.0
2082.0
2099.0
2083.0
2139.0
2084.0
2099.0
2150.0
2160.0
1154.0
2146.0
2176.0
2160.0
2162.0
2180.0
2157.0
2142.0
2154.0
2049.0
1130.0
2130.0
2124.0
2148.0
2153.0
2180.0
2144.0
2168.0
2152.0
2146.0
1187.0
2066.0
2064.0
2067.0
2079.0
2078.0
2090.0
2090.0
2073.0
1143.0
1150.0
2069.0
2132.0
2102.0
2109.0
2107.0
2110.0
2109.0
2108.0
1140.0
1134.0
2138.0
2126.0
2148.0
2072.0
2075.0
2076.0
2078.0
2080.0
2071.0
1141.0
2167.0
2156.0
2167.0
2154.0
2145.0
2123.0
2132.0
2147.0
2142.0
1245.0
2058.0
2074.0
2059.0
2075.0
2076.0
2077.0
2079.0
2081.0
2126.0
1133.0
2183.0
2182.0
2199.0
2186.0
2202.0
2200.0
2208.0
2137.0
1213.0
1133.0
2052.0
2096.0
2067.0
2067.0
2067.0
2075.0
2188.0
2076.0
1139.0
1162.0
2147.0
2123.0
2120.0
2151.0
2134.0
2152.0
2151.0
2169.0
2153.0
1149.0
2073.0
2077.0
2125.0
2130.0
2138.0
2135.0
2140.0
2130.0
2109.0
1141.0
2119.0
2120.0
2121.0
2061.0
2067.0
2067.0
2066.0
2068.0
2070.0
1139.0
2164.0
2174.0
2162.0
2157.0
2116.0
2140.0
2156.0
2163.0
1259.0
1253.0
2067.0
2066.0
2076.0
2070.0
2065.0
2096.0
2077.0
2062.0
1176.0
1138.0
2139.0
2142.0
2162.0
2186.0
2149.0
2177.0
2179.0
2184.0
2152.0
1210.0
2068.0
2070.0
2084.0
2068.0
2075.0
2090.0
2086.0
2086.0
2081.0
1137.0
2145.0
2148.0
2173.0
2156.0
2149.0
2121.0
2146.0
2148.0
2120.0
1232.0
2067.0
2065.0
2132.0
2164.0
2160.0
2153.0
2129.0
2138.0
1151.0
1142.0
2130.0
2163.0
2113.0
2114.0
2059.0
2059.0
2086.0
2059.0
1137.0
1146.0
2133.0
2159.0
2140.0
2162.0
2173.0
2110.0
2114.0
2117.0
2125.0
1231.0
2065.0
2070.0
2073.0
2074.0
2074.0
2076.0
2064.0
2062.0
2057.0
1150.0
2164.0
2114.0
2164.0
2191.0
2138.0
2142.0
2156.0
2142.0
2161.0
1249.0
2101.0
2103.0
2098.0
2092.0
2174.0
2118.0
2114.0
2096.0
1170.0
1151.0
2119.0
2132.0
2132.0
2160.0
2174.0
2155.0
2108.0
2121.0
1175.0
1207.0
2075.0
2080.0
2060.0
2084.0
2087.0
2144.0
2149.0
2149.0
2156.0
1143.0
2151.0
2144.0
2146.0
2103.0
2101.0
2106.0
2064.0
2073.0
2058.0
1140.0
2082.0
2136.0
2169.0
2135.0
2126.0
2126.0
2124.0
2150.0
2151.0
1133.0
2121.0
2139.0
2072.0
2099.0
2089.0
2068.0
2066.0
2072.0
1137.0
1138.0
2162.0
2170.0
2168.0
2145.0
2138.0
2141.0
2110.0
2098.0
1202.0
1231.0
2063.0
2107.0
2096.0
2108.0
2105.0
2111.0
2091.0
2090.0
2092.0
1145.0
2129.0
2125.0
2131.0
2143.0
2154.0
2145.0
2138.0
2156.0
2148.0
1235.0
2078.0
2065.0
2063.0
2065.0
2066.0
2065.0
2061.0
2072.0
2063.0
1140.0
2126.0
2136.0
2122.0
2120.0
2107.0
2110.0
2112.0
2111.0
1203.0
1197.0
2076.0
2064.0
2075.0
2078.0
2067.0
2063.0
2121.0
2122.0
1161.0
1161.0
2105.0
2106.0
2114.0
2109.0
2129.0
2122.0
2101.0
2101.0
2058.0
1137.0
2147.0
2181.0
2123.0
2161.0
2165.0
2158.0
2124.0
2152.0
2114.0
1195.0
2060.0
2067.0
2068.0
2068.0
2086.0
2071.0
2072.0
2065.0
2075.0
1135.0
2148.0
2128.0
2132.0
2180.0
2181.0
2174.0
2161.0
2185.0
1227.0
1218.0
2077.0
2101.0
2068.0
2070.0
2073.0
2119.0
2062.0
2077.0
1142.0
1141.0
2125.0
2119.0
2126.0
2128.0
2118.0
2135.0
2133.0
2109.0
2104.0
1184.0
2079.0
2080.0
2067.0
2076.0
2073.0
2095.0
2065.0
2144.0
2164.0
1138.0
2158.0
2168.0
2157.0
2130.0
2158.0
2156.0
2113.0
2157.0
2060.0
1144.0
2071.0
2069.0
2137.0
2165.0
2147.0
2176.0
2174.0
2138.0
1150.0
1138.0
2145.0
2102.0
2108.0
2091.0
2029.0
2056.0
2051.0
2047.0
1145.0
1163.0
