1.0
1.0
1.0
1.0
1.0
0.0
1.0
1.0
1.0
1.0
1.0
1.0
1.0
0.0
161.0
161.0
453.0
452.0
452.0
451.0
452.0
451.0
453.0
452.0
451.0
451.0
437.0
438.0
437.0
437.0
437.0
437.0
437.0
438.0
437.0
437.0
445.0
446.0
446.0
446.0
446.0
445.0
445.0
445.0
445.0
445.0
437.0
437.0
436.0
437.0
1.0
1.0
1.0
1.0
161.0
161.0
438.0
436.0
437.0
437.0
437.0
437.0
437.0
436.0
436.0
436.0
437.0
437.0
447.0
446.0
446.0
446.0
461.0
462.0
462.0
461.0
462.0
462.0
452.0
451.0
452.0
452.0
449.0
453.0
451.0
449.0
454.0
450.0
452.0
451.0
1.0
1.0
1.0
1.0
174.0
174.0
439.0
438.0
448.0
447.0
447.0
448.0
447.0
447.0
446.0
447.0
447.0
445.0
437.0
437.0
437.0
437.0
438.0
437.0
437.0
436.0
437.0
437.0
437.0
437.0
437.0
436.0
438.0
436.0
445.0
445.0
460.0
459.0
460.0
460.0
1.0
1.0
1.0
1.0
169.0
168.0
460.0
460.0
452.0
451.0
452.0
452.0
438.0
437.0
437.0
437.0
437.0
438.0
437.0
437.0
437.0
437.0
437.0
436.0
446.0
446.0
446.0
447.0
446.0
446.0
446.0
446.0
446.0
446.0
437.0
437.0
437.0
438.0
438.0
438.0
1.0
1.0
0.0
1.0
162.0
161.0
437.0
438.0
437.0
438.0
438.0
438.0
439.0
439.0
446.0
446.0
462.0
460.0
461.0
461.0
460.0
460.0
461.0
462.0
452.0
451.0
437.0
438.0
437.0
437.0
438.0
437.0
437.0
437.0
415.0
415.0
387.0
387.0
388.0
387.0
1.0
1.0
0.0
0.0
165.0
165.0
441.0
441.0
440.0
459.0
440.0
439.0
439.0
440.0
436.0
436.0
448.0
448.0
448.0
447.0
447.0
447.0
446.0
467.0
447.0
447.0
437.0
437.0
437.0
437.0
437.0
436.0
437.0
457.0
437.0
436.0
439.0
438.0
438.0
438.0
1.0
1.0
1.0
1.0
161.0
161.0
437.0
468.0
448.0
448.0
447.0
447.0
463.0
463.0
463.0
463.0
464.0
473.0
453.0
453.0
453.0
454.0
437.0
437.0
438.0
437.0
436.0
459.0
437.0
436.0
437.0
436.0
448.0
447.0
448.0
448.0
447.0
466.0
450.0
449.0
1.0
0.0
1.0
1.0
168.0
168.0
445.0
444.0
442.0
442.0
442.0
442.0
441.0
440.0
439.0
438.0
437.0
436.0
438.0
437.0
437.0
438.0
438.0
447.0
446.0
447.0
462.0
462.0
462.0
462.0
463.0
461.0
462.0
453.0
452.0
451.0
436.0
436.0
437.0
437.0
1.0
1.0
1.0
1.0
161.0
161.0
437.0
437.0
437.0
437.0
437.0
437.0
446.0
446.0
446.0
447.0
448.0
446.0
447.0
446.0
446.0
447.0
436.0
437.0
438.0
437.0
436.0
436.0
437.0
437.0
437.0
437.0
439.0
438.0
448.0
447.0
448.0
463.0
463.0
463.0
1.0
1.0
1.0
0.0
163.0
163.0
463.0
462.0
463.0
463.0
454.0
454.0
453.0
437.0
438.0
438.0
437.0
436.0
437.0
437.0
437.0
436.0
437.0
438.0
437.0
437.0
446.0
445.0
445.0
445.0
445.0
446.0
446.0
445.0
445.0
446.0
437.0
436.0
437.0
436.0
1.0
1.0
1.0
0.0
161.0
162.0
437.0
437.0
438.0
437.0
437.0
437.0
437.0
437.0
437.0
436.0
447.0
461.0
462.0
462.0
462.0
462.0
462.0
462.0
461.0
462.0
452.0
439.0
438.0
439.0
439.0
438.0
438.0
439.0
439.0
437.0
439.0
437.0
437.0
437.0
0.0
1.0
0.0
0.0
162.0
161.0
445.0
446.0
446.0
445.0
446.0
445.0
446.0
446.0
445.0
446.0
437.0
437.0
437.0
437.0
437.0
437.0
437.0
437.0
437.0
437.0
437.0
436.0
436.0
436.0
437.0
436.0
447.0
462.0
462.0
462.0
462.0
462.0
462.0
462.0
1.0
0.0
1.0
1.0
170.0
170.0
452.0
454.0
453.0
438.0
437.0
438.0
437.0
437.0
438.0
437.0
438.0
437.0
437.0
438.0
437.0
436.0
447.0
446.0
447.0
447.0
448.0
448.0
448.0
450.0
448.0
449.0
438.0
438.0
439.0
439.0
437.0
436.0
437.0
439.0
1.0
0.0
1.0
1.0
161.0
162.0
446.0
445.0
444.0
445.0
446.0
445.0
447.0
464.0
463.0
465.0
455.0
455.0
455.0
455.0
455.0
455.0
471.0
460.0
459.0
468.0
466.0
467.0
466.0
467.0
467.0
464.0
449.0
445.0
445.0
447.0
448.0
447.0
447.0
448.0
0.0
1.0
1.0
1.0
1.0
0.0
154.0
154.0
165.0
164.0
164.0
164.0
165.0
158.0
155.0
155.0
155.0
155.0
155.0
161.0
154.0
155.0
155.0
154.0
154.0
154.0
154.0
155.0
155.0
160.0
154.0
154.0
155.0
155.0
155.0
154.0
155.0
154.0
154.0
155.0
1.0
1.0
1.0
1.0
168.0
161.0
438.0
439.0
439.0
437.0
439.0
438.0
438.0
450.0
449.0
448.0
463.0
463.0
464.0
463.0
463.0
463.0
464.0
453.0
453.0
454.0
438.0
438.0
438.0
437.0
438.0
437.0
436.0
437.0
438.0
437.0
438.0
438.0
445.0
448.0
0.0
1.0
1.0
1.0
161.0
161.0
448.0
447.0
447.0
448.0
448.0
448.0
448.0
448.0
439.0
437.0
438.0
438.0
439.0
439.0
439.0
440.0
439.0
439.0
439.0
439.0
437.0
446.0
446.0
446.0
446.0
446.0
462.0
462.0
462.0
462.0
462.0
454.0
453.0
454.0
1.0
0.0
1.0
1.0
178.0
178.0
437.0
437.0
439.0
439.0
438.0
439.0
438.0
439.0
438.0
439.0
439.0
439.0
447.0
446.0
447.0
447.0
448.0
447.0
447.0
459.0
447.0
447.0
437.0
438.0
437.0
437.0
437.0
438.0
437.0
438.0
438.0
438.0
438.0
438.0
1.0
1.0
0.0
1.0
162.0
162.0
438.0
445.0
445.0
445.0
445.0
445.0
461.0
461.0
461.0
461.0
461.0
453.0
454.0
453.0
452.0
453.0
437.0
437.0
437.0
436.0
436.0
437.0
437.0
436.0
437.0
437.0
436.0
437.0
447.0
447.0
447.0
448.0
447.0
448.0
1.0
1.0
0.0
1.0
161.0
161.0
450.0
449.0
449.0
449.0
439.0
439.0
438.0
438.0
438.0
438.0
437.0
437.0
437.0
437.0
438.0
437.0
437.0
446.0
445.0
446.0
462.0
461.0
462.0
462.0
461.0
462.0
462.0
453.0
453.0
453.0
437.0
436.0
437.0
437.0
1.0
0.0
1.0
1.0
161.0
162.0
436.0
437.0
437.0
436.0
436.0
436.0
437.0
443.0
445.0
445.0
447.0
448.0
447.0
447.0
446.0
447.0
447.0
441.0
439.0
439.0
437.0
437.0
437.0
437.0
437.0
437.0
437.0
437.0
437.0
437.0
443.0
446.0
446.0
445.0
1.0
1.0
1.0
0.0
161.0
161.0
462.0
463.0
463.0
462.0
464.0
462.0
455.0
453.0
453.0
453.0
437.0
436.0
437.0
437.0
437.0
437.0
436.0
438.0
436.0
437.0
445.0
445.0
450.0
447.0
449.0
448.0
448.0
448.0
448.0
448.0
439.0
440.0
437.0
437.0
0.0
1.0
1.0
0.0
161.0
161.0
436.0
438.0
437.0
437.0
437.0
436.0
437.0
437.0
437.0
437.0
447.0
448.0
448.0
449.0
448.0
447.0
464.0
464.0
463.0
463.0
453.0
453.0
453.0
452.0
452.0
452.0
436.0
436.0
437.0
435.0
437.0
438.0
439.0
439.0
0.0
1.0
1.0
1.0
161.0
161.0
447.0
447.0
447.0
447.0
448.0
447.0
447.0
447.0
447.0
447.0
438.0
436.0
437.0
437.0
437.0
436.0
437.0
436.0
437.0
437.0
437.0
437.0
437.0
437.0
436.0
437.0
454.0
460.0
462.0
482.0
483.0
482.0
481.0
481.0
1.0
1.0
1.0
1.0
1.0
0.0
175.0
176.0
182.0
177.0
177.0
174.0
174.0
154.0
154.0
154.0
154.0
154.0
154.0
154.0
155.0
154.0
154.0
154.0
154.0
154.0
154.0
154.0
154.0
154.0
154.0
154.0
154.0
155.0
154.0
154.0
154.0
154.0
155.0
155.0
0.0
1.0
1.0
1.0
162.0
161.0
437.0
437.0
437.0
436.0
437.0
443.0
443.0
446.0
446.0
446.0
446.0
445.0
445.0
447.0
445.0
440.0
440.0
437.0
436.0
437.0
439.0
438.0
439.0
439.0
438.0
438.0
438.0
438.0
438.0
438.0
462.0
462.0
461.0
461.0
0.0
1.0
1.0
0.0
170.0
171.0
462.0
462.0
461.0
462.0
453.0
452.0
438.0
437.0
438.0
439.0
439.0
438.0
438.0
437.0
438.0
438.0
437.0
438.0
436.0
437.0
437.0
447.0
447.0
447.0
449.0
449.0
450.0
449.0
449.0
449.0
449.0
439.0
439.0
438.0
1.0
0.0
1.0
1.0
161.0
161.0
438.0
436.0
436.0
436.0
437.0
436.0
437.0
437.0
437.0
437.0
446.0
463.0
462.0
463.0
462.0
462.0
462.0
463.0
462.0
461.0
454.0
437.0
437.0
437.0
437.0
437.0
438.0
436.0
437.0
437.0
437.0
437.0
436.0
436.0
1.0
1.0
1.0
0.0
161.0
162.0
443.0
447.0
447.0
447.0
448.0
447.0
448.0
447.0
447.0
447.0
440.0
438.0
437.0
437.0
436.0
437.0
436.0
437.0
437.0
437.0
437.0
437.0
436.0
436.0
437.0
444.0
463.0
463.0
463.0
464.0
464.0
464.0
464.0
464.0
1.0
1.0
0.0
1.0
171.0
179.0
454.0
437.0
437.0
438.0
437.0
436.0
437.0
437.0
437.0
437.0
437.0
436.0
437.0
437.0
438.0
438.0
447.0
447.0
448.0
447.0
447.0
447.0
448.0
447.0
446.0
446.0
438.0
437.0
437.0
438.0
437.0
436.0
437.0
437.0
0.0
1.0
1.0
1.0
161.0
161.0
437.0
437.0
437.0
437.0
443.0
442.0
461.0
462.0
461.0
461.0
462.0
461.0
461.0
455.0
454.0
454.0
437.0
437.0
437.0
437.0
437.0
437.0
437.0
437.0
437.0
437.0
438.0
438.0
441.0
437.0
447.0
448.0
447.0
447.0
1.0
1.0
1.0
1.0
161.0
161.0
447.0
448.0
448.0
447.0
453.0
448.0
438.0
439.0
438.0
439.0
441.0
440.0
441.0
441.0
448.0
443.0
443.0
451.0
450.0
451.0
465.0
465.0
464.0
464.0
467.0
464.0
461.0
454.0
452.0
452.0
439.0
437.0
437.0
438.0
1.0
1.0
1.0
0.0
161.0
163.0
438.0
437.0
442.0
437.0
437.0
438.0
438.0
438.0
437.0
438.0
448.0
448.0
453.0
447.0
447.0
445.0
448.0
449.0
448.0
448.0
438.0
439.0
440.0
439.0
438.0
438.0
437.0
438.0
437.0
437.0
436.0
446.0
446.0
446.0
1.0
1.0
1.0
1.0
161.0
161.0
461.0
461.0
461.0
461.0
461.0
461.0
462.0
453.0
451.0
452.0
438.0
439.0
439.0
439.0
439.0
438.0
440.0
440.0
440.0
439.0
438.0
438.0
438.0
439.0
438.0
438.0
446.0
446.0
446.0
446.0
446.0
446.0
447.0
446.0
1.0
0.0
1.0
1.0
1.0
0.0
164.0
163.0
154.0
154.0
154.0
154.0
155.0
154.0
154.0
154.0
154.0
154.0
154.0
154.0
154.0
155.0
154.0
154.0
155.0
155.0
155.0
162.0
164.0
165.0
167.0
167.0
170.0
168.0
176.0
176.0
174.0
173.0
172.0
173.0
1.0
1.0
0.0
1.0
179.0
180.0
467.0
468.0
463.0
460.0
461.0
456.0
454.0
467.0
466.0
465.0
452.0
451.0
452.0
452.0
452.0
452.0
452.0
438.0
437.0
438.0
437.0
438.0
438.0
437.0
437.0
437.0
436.0
437.0
437.0
436.0
449.0
449.0
448.0
449.0
0.0
1.0
1.0
0.0
162.0
170.0
449.0
449.0
448.0
449.0
449.0
440.0
437.0
436.0
437.0
437.0
437.0
436.0
437.0
437.0
437.0
437.0
446.0
447.0
447.0
446.0
462.0
462.0
461.0
461.0
461.0
462.0
452.0
452.0
451.0
453.0
437.0
437.0
437.0
436.0
1.0
1.0
0.0
1.0
161.0
161.0
438.0
439.0
438.0
438.0
438.0
438.0
438.0
438.0
439.0
438.0
447.0
447.0
447.0
447.0
447.0
446.0
448.0
448.0
447.0
448.0
439.0
438.0
438.0
438.0
437.0
437.0
439.0
438.0
437.0
437.0
447.0
447.0
448.0
448.0
0.0
1.0
1.0
0.0
163.0
162.0
462.0
462.0
463.0
463.0
460.0
461.0
451.0
452.0
451.0
451.0
437.0
437.0
437.0
437.0
437.0
436.0
437.0
437.0
437.0
437.0
437.0
438.0
438.0
437.0
447.0
446.0
447.0
447.0
446.0
447.0
447.0
447.0
446.0
447.0
0.0
1.0
1.0
0.0
162.0
161.0
437.0
437.0
436.0
436.0
436.0
436.0
437.0
437.0
438.0
437.0
447.0
446.0
446.0
446.0
446.0
446.0
461.0
461.0
461.0
461.0
452.0
452.0
453.0
452.0
452.0
453.0
438.0
438.0
438.0
439.0
438.0
439.0
438.0
438.0
1.0
0.0
0.0
0.0
163.0
162.0
437.0
438.0
436.0
437.0
444.0
443.0
447.0
446.0
445.0
446.0
446.0
445.0
446.0
446.0
439.0
439.0
437.0
436.0
438.0
437.0
437.0
436.0
436.0
437.0
436.0
437.0
446.0
447.0
446.0
446.0
461.0
461.0
460.0
461.0
1.0
1.0
1.0
0.0
170.0
171.0
452.0
451.0
452.0
452.0
451.0
452.0
437.0
437.0
437.0
437.0
437.0
437.0
437.0
437.0
437.0
437.0
436.0
437.0
446.0
445.0
447.0
447.0
447.0
447.0
447.0
448.0
449.0
449.0
440.0
439.0
439.0
438.0
438.0
437.0
1.0
0.0
1.0
1.0
163.0
1.0
437.0
154.0
436.0
154.0
437.0
154.0
446.0
154.0
446.0
154.0
447.0
154.0
446.0
154.0
447.0
153.0
461.0
163.0
461.0
163.0
459.0
154.0
451.0
169.0
452.0
168.0
451.0
169.0
451.0
154.0
437.0
154.0
437.0
155.0
1.0
1.0
0.0
1.0
161.0
1.0
437.0
154.0
437.0
154.0
437.0
154.0
437.0
154.0
437.0
154.0
437.0
154.0
437.0
154.0
447.0
154.0
447.0
154.0
447.0
155.0
447.0
154.0
447.0
162.0
446.0
164.0
447.0
164.0
438.0
154.0
437.0
154.0
437.0
154.0
0.0
1.0
1.0
0.0
1.0
1.0
154.0
154.0
154.0
154.0
154.0
154.0
153.0
154.0
154.0
154.0
154.0
154.0
154.0
154.0
154.0
155.0
155.0
154.0
154.0
154.0
154.0
154.0
154.0
154.0
154.0
154.0
154.0
154.0
154.0
154.0
154.0
154.0
154.0
154.0
0.0
1.0
1.0
0.0
161.0
161.0
447.0
463.0
462.0
462.0
462.0
463.0
462.0
463.0
462.0
462.0
452.0
437.0
437.0
438.0
437.0
436.0
436.0
436.0
436.0
437.0
437.0
437.0
437.0
437.0
437.0
437.0
437.0
437.0
456.0
467.0
463.0
464.0
464.0
463.0
1.0
0.0
1.0
1.0
248.0
180.0
465.0
527.0
510.0
499.0
447.0
440.0
438.0
437.0
438.0
438.0
438.0
440.0
438.0
439.0
447.0
448.0
462.0
463.0
463.0
463.0
462.0
462.0
462.0
462.0
453.0
453.0
438.0
438.0
437.0
437.0
438.0
438.0
438.0
438.0
1.0
0.0
1.0
1.0
161.0
161.0
439.0
438.0
438.0
438.0
438.0
437.0
438.0
446.0
446.0
445.0
445.0
446.0
446.0
446.0
445.0
446.0
446.0
437.0
437.0
437.0
437.0
437.0
438.0
438.0
438.0
437.0
437.0
438.0
437.0
437.0
463.0
462.0
463.0
463.0
1.0
0.0
1.0
1.0
161.0
161.0
464.0
464.0
465.0
464.0
465.0
465.0
440.0
441.0
440.0
440.0
439.0
439.0
438.0
437.0
438.0
438.0
438.0
438.0
438.0
438.0
448.0
450.0
449.0
449.0
450.0
455.0
449.0
450.0
450.0
449.0
440.0
441.0
441.0
441.0
1.0
0.0
1.0
1.0
161.0
161.0
446.0
447.0
447.0
445.0
445.0
445.0
444.0
443.0
448.0
448.0
461.0
462.0
460.0
462.0
462.0
460.0
462.0
463.0
456.0
455.0
437.0
438.0
438.0
437.0
438.0
437.0
437.0
438.0
437.0
437.0
439.0
438.0
438.0
439.0
1.0
1.0
0.0
1.0
162.0
162.0
448.0
448.0
449.0
447.0
447.0
447.0
447.0
446.0
449.0
447.0
437.0
438.0
438.0
437.0
437.0
437.0
437.0
437.0
437.0
437.0
438.0
439.0
445.0
445.0
445.0
446.0
464.0
462.0
464.0
464.0
463.0
463.0
456.0
455.0
1.0
1.0
0.0
1.0
178.0
178.0
439.0
438.0
439.0
439.0
439.0
440.0
441.0
441.0
441.0
439.0
439.0
440.0
439.0
439.0
439.0
438.0
446.0
447.0
446.0
447.0
446.0
446.0
446.0
447.0
447.0
447.0
437.0
437.0
437.0
437.0
436.0
437.0
437.0
437.0
1.0
0.0
1.0
1.0
161.0
0.0
438.0
155.0
438.0
155.0
447.0
154.0
447.0
154.0
446.0
154.0
460.0
154.0
461.0
161.0
460.0
163.0
461.0
163.0
453.0
154.0
451.0
168.0
452.0
169.0
451.0
154.0
437.0
154.0
437.0
154.0
437.0
154.0
437.0
154.0
1.0
0.0
1.0
1.0
161.0
1.0
437.0
154.0
437.0
154.0
437.0
154.0
437.0
155.0
437.0
153.0
447.0
155.0
447.0
154.0
447.0
154.0
447.0
154.0
447.0
163.0
446.0
163.0
447.0
163.0
438.0
154.0
437.0
153.0
436.0
155.0
437.0
154.0
438.0
154.0
0.0
1.0
1.0
1.0
0.0
1.0
154.0
154.0
154.0
154.0
154.0
154.0
154.0
154.0
154.0
154.0
154.0
154.0
155.0
154.0
154.0
154.0
154.0
154.0
154.0
154.0
154.0
154.0
154.0
154.0
155.0
154.0
152.0
152.0
151.0
150.0
156.0
155.0
153.0
146.0
