2.0
1.0
1.0
0.0
1.0
1.0
1.0
1.0
1.0
1.0
15.0
17.0
13.0
15.0
15.0
18.0
18.0
15.0
15.0
15.0
14.0
14.0
16.0
15.0
15.0
269.0
267.0
250.0
269.0
265.0
226.0
224.0
263.0
263.0
265.0
233.0
234.0
231.0
280.0
275.0
299.0
268.0
273.0
278.0
270.0
236.0
234.0
232.0
267.0
279.0
272.0
270.0
271.0
288.0
270.0
234.0
233.0
232.0
262.0
264.0
269.0
267.0
266.0
265.0
264.0
234.0
236.0
232.0
269.0
265.0
266.0
267.0
264.0
263.0
264.0
232.0
232.0
231.0
270.0
270.0
268.0
271.0
272.0
269.0
270.0
233.0
232.0
231.0
284.0
267.0
271.0
272.0
278.0
263.0
233.0
235.0
235.0
269.0
232.0
230.0
233.0
267.0
264.0
262.0
266.0
270.0
271.0
267.0
257.0
257.0
15.0
14.0
13.0
1.0
0.0
15.0
15.0
15.0
1.0
1.0
17.0
15.0
13.0
0.0
1.0
296.0
294.0
294.0
281.0
280.0
297.0
298.0
257.0
221.0
220.0
234.0
280.0
274.0
251.0
251.0
274.0
271.0
274.0
220.0
220.0
234.0
265.0
260.0
249.0
251.0
265.0
264.0
265.0
221.0
221.0
241.0
241.0
253.0
241.0
239.0
258.0
255.0
255.0
227.0
226.0
241.0
241.0
262.0
256.0
251.0
240.0
238.0
264.0
248.0
250.0
240.0
239.0
256.0
243.0
244.0
240.0
238.0
257.0
245.0
242.0
239.0
240.0
254.0
241.0
225.0
240.0
254.0
255.0
241.0
241.0
241.0
243.0
243.0
230.0
243.0
260.0
258.0
257.0
244.0
247.0
249.0
242.0
237.0
225.0
221.0
21.0
19.0
31.0
32.0
18.0
20.0
20.0
20.0
33.0
33.0
16.0
17.0
17.0
17.0
17.0
264.0
372.0
448.0
372.0
447.0
222.0
277.0
240.0
278.0
276.0
234.0
235.0
284.0
270.0
258.0
270.0
267.0
264.0
264.0
263.0
236.0
236.0
264.0
240.0
262.0
263.0
259.0
256.0
246.0
244.0
254.0
243.0
247.0
253.0
252.0
252.0
246.0
248.0
252.0
249.0
249.0
246.0
251.0
250.0
249.0
249.0
250.0
249.0
248.0
246.0
251.0
250.0
251.0
249.0
247.0
250.0
247.0
248.0
247.0
250.0
251.0
247.0
252.0
257.0
253.0
254.0
256.0
258.0
262.0
265.0
255.0
265.0
263.0
250.0
264.0
249.0
247.0
249.0
264.0
249.0
264.0
263.0
264.0
250.0
249.0
17.0
17.0
17.0
16.0
1.0
16.0
17.0
16.0
15.0
1.0
17.0
16.0
15.0
16.0
1.0
249.0
246.0
259.0
257.0
233.0
257.0
258.0
253.0
249.0
236.0
249.0
246.0
248.0
249.0
233.0
249.0
249.0
248.0
249.0
233.0
252.0
250.0
250.0
248.0
234.0
249.0
247.0
250.0
250.0
234.0
262.0
260.0
263.0
260.0
246.0
262.0
262.0
263.0
262.0
245.0
247.0
249.0
248.0
248.0
233.0
248.0
251.0
249.0
250.0
235.0
247.0
247.0
249.0
247.0
233.0
250.0
250.0
250.0
247.0
234.0
248.0
248.0
247.0
248.0
232.0
249.0
250.0
247.0
247.0
232.0
249.0
248.0
247.0
248.0
232.0
250.0
250.0
248.0
247.0
233.0
247.0
251.0
250.0
248.0
232.0
16.0
16.0
14.0
14.0
14.0
16.0
16.0
13.0
14.0
14.0
16.0
16.0
14.0
14.0
14.0
248.0
247.0
244.0
246.0
245.0
248.0
248.0
245.0
245.0
246.0
248.0
248.0
246.0
245.0
246.0
248.0
247.0
245.0
245.0
246.0
248.0
247.0
245.0
245.0
245.0
248.0
248.0
245.0
245.0
247.0
248.0
247.0
246.0
246.0
246.0
247.0
249.0
245.0
245.0
246.0
247.0
247.0
246.0
245.0
244.0
248.0
247.0
245.0
246.0
245.0
249.0
247.0
246.0
246.0
245.0
248.0
247.0
246.0
245.0
245.0
263.0
264.0
260.0
260.0
260.0
263.0
262.0
261.0
260.0
261.0
248.0
247.0
245.0
247.0
246.0
247.0
248.0
245.0
245.0
246.0
249.0
247.0
244.0
247.0
246.0
16.0
14.0
14.0
1.0
0.0
16.0
14.0
14.0
0.0
0.0
16.0
14.0
14.0
1.0
1.0
249.0
245.0
245.0
233.0
231.0
247.0
245.0
246.0
232.0
233.0
247.0
246.0
246.0
232.0
231.0
246.0
246.0
245.0
233.0
230.0
246.0
245.0
246.0
233.0
233.0
247.0
246.0
245.0
232.0
232.0
248.0
246.0
245.0
232.0
232.0
249.0
245.0
245.0
233.0
232.0
249.0
246.0
245.0
231.0
232.0
247.0
246.0
245.0
233.0
231.0
247.0
245.0
245.0
234.0
233.0
248.0
244.0
246.0
233.0
232.0
248.0
247.0
246.0
233.0
232.0
248.0
248.0
246.0
233.0
233.0
247.0
246.0
246.0
232.0
233.0
248.0
244.0
247.0
232.0
232.0
250.0
247.0
245.0
232.0
232.0
17.0
16.0
14.0
14.0
11.0
16.0
16.0
14.0
14.0
11.0
17.0
16.0
14.0
14.0
11.0
264.0
264.0
262.0
262.0
258.0
264.0
265.0
263.0
263.0
260.0
249.0
248.0
251.0
246.0
246.0
247.0
248.0
247.0
246.0
243.0
250.0
248.0
248.0
244.0
246.0
250.0
249.0
245.0
248.0
244.0
249.0
247.0
246.0
247.0
242.0
247.0
249.0
245.0
244.0
244.0
249.0
247.0
246.0
246.0
244.0
247.0
248.0
247.0
246.0
243.0
247.0
248.0
247.0
246.0
244.0
246.0
249.0
246.0
247.0
242.0
249.0
249.0
245.0
248.0
243.0
248.0
247.0
248.0
246.0
243.0
249.0
248.0
249.0
247.0
242.0
248.0
249.0
246.0
246.0
244.0
248.0
248.0
246.0
245.0
242.0
16.0
14.0
11.0
1.0
0.0
16.0
14.0
11.0
1.0
0.0
16.0
14.0
11.0
1.0
0.0
249.0
247.0
242.0
233.0
231.0
249.0
244.0
241.0
233.0
232.0
247.0
244.0
241.0
233.0
232.0
246.0
245.0
245.0
233.0
233.0
248.0
245.0
241.0
231.0
231.0
248.0
245.0
243.0
232.0
232.0
268.0
265.0
259.0
252.0
250.0
267.0
265.0
260.0
253.0
251.0
249.0
247.0
244.0
232.0
233.0
251.0
249.0
242.0
233.0
233.0
246.0
248.0
242.0
233.0
233.0
247.0
245.0
243.0
233.0
232.0
249.0
246.0
241.0
231.0
232.0
249.0
244.0
241.0
232.0
233.0
246.0
246.0
241.0
231.0
232.0
248.0
246.0
242.0
233.0
231.0
248.0
246.0
246.0
232.0
232.0
16.0
14.0
6.0
6.0
0.0
17.0
14.0
7.0
7.0
1.0
16.0
14.0
6.0
6.0
1.0
249.0
250.0
238.0
238.0
234.0
246.0
246.0
239.0
239.0
233.0
250.0
246.0
239.0
238.0
234.0
247.0
244.0
238.0
238.0
234.0
248.0
248.0
238.0
237.0
233.0
248.0
247.0
239.0
238.0
232.0
249.0
247.0
237.0
238.0
231.0
249.0
245.0
239.0
237.0
233.0
247.0
246.0
240.0
239.0
233.0
249.0
245.0
240.0
236.0
234.0
249.0
248.0
238.0
240.0
233.0
246.0
248.0
239.0
238.0
233.0
265.0
263.0
256.0
255.0
249.0
268.0
265.0
255.0
255.0
249.0
248.0
248.0
240.0
240.0
233.0
248.0
245.0
238.0
238.0
234.0
247.0
249.0
237.0
238.0
235.0
14.0
6.0
1.0
1.0
1.0
14.0
6.0
1.0
0.0
1.0
14.0
7.0
1.0
1.0
1.0
245.0
239.0
233.0
232.0
234.0
246.0
239.0
233.0
231.0
233.0
248.0
239.0
232.0
233.0
234.0
245.0
240.0
233.0
233.0
231.0
245.0
239.0
233.0
231.0
233.0
248.0
237.0
231.0
235.0
231.0
248.0
238.0
233.0
235.0
232.0
246.0
239.0
234.0
234.0
234.0
247.0
239.0
233.0
235.0
234.0
245.0
239.0
232.0
231.0
234.0
244.0
239.0
231.0
233.0
232.0
247.0
242.0
231.0
234.0
232.0
245.0
240.0
233.0
234.0
231.0
246.0
239.0
234.0
232.0
233.0
246.0
237.0
231.0
233.0
233.0
251.0
246.0
237.0
236.0
236.0
257.0
245.0
240.0
242.0
241.0
16.0
12.0
1.0
0.0
1.0
17.0
14.0
0.0
1.0
1.0
15.0
11.0
1.0
1.0
1.0
253.0
251.0
244.0
237.0
240.0
270.0
264.0
236.0
235.0
256.0
276.0
273.0
262.0
259.0
260.0
279.0
275.0
244.0
247.0
243.0
260.0
254.0
244.0
245.0
244.0
255.0
251.0
241.0
241.0
241.0
247.0
245.0
236.0
234.0
235.0
249.0
247.0
235.0
232.0
231.0
249.0
243.0
235.0
232.0
234.0
245.0
242.0
233.0
233.0
232.0
246.0
242.0
233.0
230.0
234.0
247.0
243.0
231.0
233.0
233.0
246.0
244.0
233.0
232.0
233.0
244.0
243.0
232.0
232.0
232.0
245.0
247.0
235.0
232.0
231.0
246.0
244.0
234.0
235.0
234.0
247.0
242.0
234.0
233.0
235.0
11.0
1.0
1.0
1.0
0.0
11.0
0.0
1.0
1.0
1.0
11.0
1.0
0.0
1.0
1.0
242.0
231.0
233.0
234.0
233.0
244.0
233.0
232.0
234.0
230.0
243.0
232.0
236.0
233.0
233.0
241.0
232.0
232.0
233.0
234.0
243.0
233.0
232.0
232.0
236.0
241.0
233.0
234.0
232.0
234.0
242.0
233.0
233.0
233.0
236.0
242.0
232.0
234.0
231.0
235.0
261.0
252.0
250.0
252.0
252.0
259.0
251.0
251.0
252.0
251.0
243.0
231.0
234.0
232.0
232.0
243.0
233.0
234.0
233.0
231.0
241.0
233.0
231.0
234.0
233.0
244.0
231.0
232.0
233.0
233.0
243.0
233.0
233.0
234.0
234.0
243.0
230.0
235.0
232.0
234.0
242.0
232.0
235.0
233.0
233.0
1.0
1.0
0.0
1.0
1.0
1.0
1.0
1.0
1.0
1.0
1.0
1.0
0.0
1.0
1.0
231.0
234.0
231.0
233.0
231.0
231.0
232.0
233.0
232.0
232.0
234.0
234.0
233.0
232.0
232.0
233.0
233.0
233.0
230.0
234.0
234.0
233.0
233.0
234.0
234.0
234.0
233.0
232.0
234.0
232.0
232.0
235.0
232.0
232.0
234.0
234.0
232.0
234.0
237.0
233.0
233.0
233.0
234.0
234.0
234.0
232.0
231.0
234.0
232.0
233.0
235.0
234.0
232.0
235.0
234.0
232.0
233.0
234.0
232.0
233.0
232.0
232.0
232.0
233.0
235.0
232.0
232.0
232.0
234.0
234.0
233.0
233.0
232.0
234.0
235.0
252.0
252.0
251.0
251.0
254.0
253.0
254.0
254.0
252.0
253.0
1.0
0.0
0.0
0.0
1.0
1.0
1.0
1.0
0.0
1.0
1.0
0.0
1.0
1.0
0.0
231.0
232.0
231.0
133.0
134.0
231.0
234.0
234.0
132.0
134.0
232.0
234.0
231.0
133.0
133.0
233.0
233.0
231.0
133.0
132.0
234.0
236.0
233.0
133.0
132.0
232.0
233.0
235.0
133.0
133.0
232.0
232.0
235.0
134.0
133.0
233.0
235.0
232.0
133.0
132.0
233.0
233.0
233.0
133.0
134.0
235.0
233.0
232.0
135.0
133.0
232.0
235.0
235.0
133.0
134.0
233.0
234.0
233.0
133.0
134.0
233.0
233.0
233.0
134.0
132.0
232.0
230.0
231.0
133.0
133.0
234.0
233.0
233.0
134.0
133.0
233.0
233.0
232.0
133.0
132.0
234.0
233.0
235.0
133.0
134.0
1.0
1.0
0.0
1.0
1.0
1.0
0.0
1.0
1.0
1.0
0.0
1.0
1.0
1.0
0.0
233.0
233.0
232.0
233.0
233.0
234.0
231.0
234.0
231.0
233.0
232.0
231.0
235.0
233.0
233.0
232.0
234.0
233.0
231.0
234.0
233.0
231.0
233.0
234.0
233.0
233.0
233.0
232.0
233.0
233.0
232.0
231.0
234.0
234.0
231.0
232.0
233.0
233.0
234.0
232.0
252.0
251.0
254.0
253.0
252.0
253.0
252.0
253.0
253.0
254.0
235.0
232.0
232.0
233.0
233.0
235.0
235.0
235.0
236.0
239.0
235.0
241.0
233.0
241.0
234.0
233.0
240.0
238.0
233.0
238.0
234.0
234.0
232.0
233.0
233.0
231.0
232.0
234.0
233.0
232.0
231.0
230.0
233.0
233.0
231.0
1.0
1.0
1.0
0.0
1.0
1.0
0.0
1.0
1.0
0.0
1.0
1.0
1.0
0.0
1.0
233.0
233.0
234.0
132.0
133.0
233.0
231.0
233.0
133.0
132.0
232.0
234.0
234.0
133.0
135.0
232.0
235.0
234.0
133.0
132.0
233.0
233.0
233.0
132.0
132.0
233.0
232.0
233.0
134.0
134.0
232.0
231.0
234.0
133.0
132.0
235.0
234.0
234.0
132.0
132.0
232.0
232.0
233.0
133.0
132.0
234.0
233.0
233.0
134.0
134.0
234.0
232.0
234.0
132.0
133.0
233.0
232.0
233.0
133.0
133.0
232.0
232.0
234.0
132.0
133.0
232.0
234.0
232.0
134.0
132.0
231.0
234.0
231.0
133.0
133.0
234.0
234.0
232.0
132.0
134.0
232.0
234.0
232.0
132.0
132.0
1.0
1.0
1.0
1.0
0.0
1.0
1.0
1.0
0.0
1.0
1.0
1.0
0.0
1.0
1.0
232.0
133.0
133.0
134.0
133.0
233.0
133.0
133.0
133.0
132.0
254.0
133.0
135.0
133.0
154.0
253.0
154.0
155.0
155.0
152.0
256.0
155.0
154.0
134.0
134.0
235.0
134.0
134.0
132.0
134.0
234.0
134.0
133.0
134.0
134.0
234.0
135.0
132.0
133.0
134.0
237.0
134.0
134.0
133.0
134.0
232.0
132.0
133.0
134.0
134.0
235.0
135.0
132.0
133.0
133.0
234.0
135.0
132.0
133.0
132.0
233.0
133.0
134.0
133.0
134.0
232.0
134.0
134.0
133.0
134.0
234.0
134.0
134.0
133.0
134.0
233.0
133.0
132.0
133.0
134.0
233.0
134.0
133.0
134.0
132.0
1.0
1.0
0.0
1.0
1.0
0.0
0.0
1.0
0.0
1.0
1.0
0.0
1.0
1.0
0.0
134.0
133.0
133.0
133.0
133.0
134.0
132.0
133.0
132.0
132.0
132.0
132.0
134.0
134.0
133.0
133.0
134.0
134.0
134.0
132.0
134.0
132.0
133.0
133.0
134.0
134.0
133.0
133.0
132.0
133.0
133.0
133.0
132.0
132.0
132.0
133.0
133.0
133.0
133.0
133.0
133.0
133.0
133.0
133.0
133.0
133.0
133.0
132.0
132.0
132.0
134.0
133.0
132.0
132.0
133.0
134.0
131.0
133.0
132.0
132.0
133.0
133.0
133.0
136.0
134.0
135.0
133.0
134.0
133.0
133.0
133.0
132.0
134.0
133.0
134.0
133.0
134.0
133.0
133.0
132.0
133.0
133.0
133.0
133.0
133.0
1.0
0.0
1.0
1.0
0.0
1.0
1.0
1.0
1.0
0.0
1.0
1.0
0.0
1.0
1.0
133.0
135.0
132.0
133.0
132.0
134.0
132.0
133.0
133.0
134.0
133.0
134.0
133.0
133.0
133.0
133.0
133.0
134.0
134.0
133.0
132.0
133.0
133.0
133.0
132.0
134.0
133.0
133.0
133.0
134.0
133.0
134.0
133.0
133.0
132.0
134.0
133.0
134.0
133.0
133.0
133.0
132.0
133.0
133.0
132.0
133.0
133.0
133.0
134.0
133.0
133.0
134.0
132.0
133.0
133.0
134.0
133.0
134.0
133.0
155.0
156.0
154.0
155.0
153.0
154.0
156.0
155.0
154.0
155.0
133.0
133.0
133.0
133.0
133.0
133.0
139.0
146.0
137.0
139.0
142.0
152.0
142.0
142.0
146.0
172.0
1.0
1.0
1.0
1.0
1.0
1.0
1.0
1.0
1.0
1.0
1.0
1.0
0.0
0.0
1.0
166.0
143.0
141.0
142.0
142.0
140.0
142.0
142.0
144.0
141.0
142.0
141.0
139.0
141.0
139.0
141.0
139.0
142.0
142.0
142.0
137.0
140.0
138.0
140.0
137.0
140.0
138.0
142.0
142.0
137.0
141.0
140.0
137.0
140.0
139.0
141.0
138.0
141.0
141.0
138.0
141.0
140.0
137.0
141.0
139.0
140.0
139.0
142.0
142.0
138.0
141.0
142.0
138.0
140.0
137.0
140.0
139.0
143.0
141.0
139.0
141.0
141.0
139.0
140.0
139.0
142.0
139.0
139.0
139.0
142.0
138.0
138.0
142.0
138.0
142.0
138.0
140.0
138.0
138.0
136.0
138.0
138.0
135.0
138.0
136.0
1.0
1.0
1.0
1.0
0.0
1.0
0.0
1.0
1.0
1.0
1.0
1.0
1.0
0.0
1.0
136.0
137.0
137.0
138.0
136.0
137.0
138.0
135.0
137.0
134.0
134.0
138.0
138.0
138.0
134.0
138.0
138.0
133.0
138.0
133.0
133.0
137.0
137.0
138.0
133.0
138.0
134.0
139.0
138.0
136.0
137.0
138.0
138.0
138.0
140.0
142.0
138.0
138.0
138.0
142.0
140.0
138.0
138.0
139.0
137.0
136.0
138.0
138.0
138.0
133.0
133.0
138.0
138.0
138.0
132.0
132.0
137.0
137.0
138.0
131.0
131.0
137.0
137.0
137.0
129.0
129.0
138.0
137.0
128.0
138.0
130.0
138.0
137.0
131.0
136.0
132.0
136.0
135.0
133.0
134.0
132.0
133.0
134.0
135.0
134.0
1.0
1.0
0.0
1.0
1.0
0.0
1.0
1.0
1.0
0.0
1.0
1.0
0.0
1.0
1.0
137.0
137.0
138.0
134.0
135.0
142.0
133.0
133.0
142.0
133.0
146.0
133.0
141.0
140.0
134.0
137.0
133.0
134.0
134.0
135.0
133.0
135.0
137.0
135.0
134.0
136.0
134.0
133.0
134.0
134.0
157.0
156.0
156.0
156.0
157.0
157.0
156.0
155.0
156.0
157.0
132.0
134.0
133.0
135.0
133.0
134.0
134.0
132.0
133.0
136.0
134.0
137.0
136.0
137.0
134.0
140.0
134.0
135.0
135.0
141.0
134.0
141.0
145.0
141.0
135.0
139.0
135.0
134.0
133.0
136.0
133.0
137.0
133.0
136.0
139.0
137.0
134.0
133.0
132.0
134.0
128.0
127.0
130.0
129.0
129.0
