1.0
1.0
0.0
0.0
0.0
1.0
1.0
1.0
0.0
0.0
21.0
21.0
22.0
22.0
22.0
22.0
21.0
21.0
21.0
22.0
102.0
102.0
100.0
101.0
101.0
101.0
101.0
101.0
101.0
100.0
102.0
101.0
100.0
101.0
101.0
101.0
101.0
101.0
101.0
100.0
102.0
100.0
100.0
101.0
101.0
101.0
101.0
101.0
101.0
101.0
102.0
101.0
100.0
101.0
101.0
101.0
101.0
101.0
101.0
101.0
101.0
101.0
101.0
101.0
101.0
101.0
101.0
101.0
102.0
102.0
101.0
101.0
101.0
101.0
101.0
101.0
101.0
101.0
101.0
101.0
101.0
101.0
101.0
101.0
101.0
101.0
101.0
101.0
100.0
101.0
101.0
101.0
101.0
101.0
101.0
101.0
102.0
101.0
101.0
101.0
111.0
111.0
111.0
111.0
111.0
111.0
110.0
110.0
110.0
111.0
101.0
101.0
101.0
101.0
101.0
101.0
101.0
101.0
101.0
101.0
119.0
119.0
119.0
119.0
119.0
119.0
119.0
119.0
119.0
119.0
101.0
101.0
101.0
101.0
101.0
101.0
101.0
101.0
101.0
101.0
101.0
101.0
101.0
101.0
101.0
101.0
101.0
101.0
101.0
101.0
101.0
101.0
101.0
101.0
101.0
101.0
101.0
101.0
101.0
102.0
101.0
101.0
101.0
101.0
101.0
101.0
101.0
101.0
101.0
101.0
101.0
101.0
101.0
101.0
101.0
101.0
101.0
101.0
101.0
101.0
101.0
101.0
101.0
101.0
101.0
101.0
101.0
101.0
101.0
101.0
101.0
101.0
101.0
101.0
101.0
101.0
101.0
101.0
101.0
101.0
101.0
101.0
101.0
101.0
101.0
101.0
101.0
101.0
101.0
101.0
24.0
22.0
21.0
22.0
22.0
23.0
22.0
22.0
21.0
21.0
103.0
102.0
101.0
101.0
101.0
103.0
101.0
101.0
101.0
101.0
103.0
102.0
101.0
101.0
101.0
102.0
101.0
101.0
101.0
100.0
103.0
102.0
101.0
101.0
101.0
102.0
101.0
101.0
101.0
101.0
103.0
101.0
101.0
101.0
101.0
102.0
100.0
100.0
101.0
101.0
102.0
102.0
101.0
101.0
101.0
101.0
101.0
101.0
101.0
101.0
118.0
117.0
116.0
115.0
116.0
117.0
116.0
116.0
116.0
116.0
103.0
102.0
101.0
101.0
101.0
102.0
101.0
101.0
101.0
101.0
103.0
102.0
101.0
101.0
101.0
102.0
101.0
101.0
101.0
101.0
103.0
102.0
101.0
100.0
101.0
102.0
101.0
101.0
101.0
101.0
103.0
103.0
101.0
101.0
102.0
102.0
101.0
101.0
101.0
101.0
103.0
102.0
101.0
100.0
101.0
102.0
101.0
101.0
101.0
101.0
103.0
102.0
101.0
100.0
101.0
102.0
101.0
101.0
101.0
101.0
102.0
102.0
101.0
101.0
101.0
102.0
101.0
101.0
101.0
101.0
103.0
102.0
102.0
101.0
101.0
102.0
101.0
101.0
101.0
102.0
103.0
102.0
101.0
101.0
101.0
102.0
101.0
101.0
101.0
101.0
112.0
111.0
110.0
110.0
110.0
111.0
110.0
110.0
110.0
110.0
103.0
101.0
101.0
101.0
101.0
102.0
101.0
100.0
101.0
101.0
118.0
117.0
116.0
116.0
117.0
117.0
116.0
116.0
116.0
117.0
103.0
102.0
101.0
101.0
101.0
102.0
101.0
101.0
101.0
101.0
22.0
21.0
22.0
22.0
22.0
22.0
22.0
21.0
22.0
22.0
102.0
101.0
101.0
101.0
101.0
101.0
102.0
101.0
101.0
101.0
101.0
101.0
101.0
101.0
101.0
102.0
101.0
101.0
101.0
101.0
101.0
101.0
101.0
101.0
101.0
101.0
100.0
100.0
101.0
101.0
112.0
111.0
112.0
113.0
112.0
120.0
112.0
113.0
111.0
111.0
113.0
112.0
112.0
112.0
113.0
112.0
113.0
112.0
112.0
112.0
109.0
109.0
109.0
109.0
109.0
109.0
110.0
108.0
110.0
108.0
101.0
101.0
101.0
101.0
101.0
101.0
101.0
101.0
101.0
101.0
111.0
110.0
110.0
110.0
111.0
111.0
110.0
110.0
110.0
111.0
103.0
103.0
102.0
102.0
102.0
102.0
102.0
101.0
102.0
102.0
102.0
102.0
102.0
102.0
102.0
102.0
102.0
102.0
102.0
101.0
117.0
117.0
117.0
117.0
117.0
116.0
117.0
117.0
117.0
117.0
101.0
101.0
101.0
101.0
101.0
101.0
101.0
101.0
101.0
101.0
101.0
101.0
101.0
101.0
101.0
101.0
101.0
101.0
101.0
101.0
101.0
101.0
101.0
101.0
101.0
101.0
100.0
101.0
101.0
101.0
101.0
101.0
101.0
101.0
101.0
102.0
100.0
101.0
100.0
100.0
102.0
101.0
101.0
101.0
102.0
101.0
101.0
101.0
101.0
101.0
102.0
101.0
101.0
101.0
101.0
101.0
101.0
101.0
100.0
101.0
102.0
101.0
101.0
101.0
101.0
101.0
101.0
101.0
102.0
101.0
101.0
101.0
101.0
101.0
101.0
101.0
101.0
101.0
101.0
101.0
21.0
21.0
21.0
21.0
21.0
22.0
22.0
22.0
21.0
21.0
102.0
101.0
101.0
101.0
101.0
101.0
101.0
101.0
101.0
101.0
110.0
110.0
110.0
110.0
109.0
109.0
109.0
109.0
110.0
110.0
102.0
101.0
101.0
101.0
101.0
101.0
102.0
101.0
101.0
101.0
118.0
118.0
118.0
117.0
117.0
117.0
117.0
117.0
117.0
117.0
101.0
101.0
101.0
101.0
101.0
101.0
101.0
101.0
101.0
101.0
102.0
102.0
102.0
102.0
102.0
103.0
103.0
103.0
103.0
103.0
102.0
101.0
101.0
101.0
101.0
101.0
101.0
101.0
101.0
100.0
101.0
101.0
101.0
101.0
100.0
101.0
101.0
101.0
101.0
100.0
101.0
101.0
101.0
101.0
100.0
101.0
101.0
101.0
101.0
101.0
102.0
101.0
102.0
100.0
101.0
101.0
101.0
101.0
101.0
101.0
102.0
101.0
101.0
101.0
101.0
101.0
101.0
101.0
101.0
101.0
102.0
101.0
101.0
100.0
101.0
101.0
101.0
101.0
101.0
101.0
101.0
101.0
101.0
101.0
101.0
101.0
101.0
101.0
101.0
101.0
111.0
111.0
111.0
111.0
111.0
111.0
111.0
111.0
111.0
112.0
101.0
101.0
101.0
101.0
101.0
101.0
101.0
101.0
100.0
100.0
117.0
117.0
117.0
117.0
117.0
117.0
117.0
117.0
116.0
116.0
101.0
101.0
101.0
101.0
101.0
101.0
101.0
101.0
101.0
101.0
101.0
102.0
101.0
101.0
101.0
101.0
101.0
102.0
102.0
100.0
102.0
101.0
101.0
102.0
101.0
101.0
101.0
101.0
101.0
101.0
22.0
21.0
21.0
21.0
21.0
21.0
21.0
21.0
21.0
21.0
101.0
101.0
101.0
101.0
101.0
101.0
101.0
101.0
101.0
101.0
101.0
101.0
101.0
101.0
101.0
101.0
101.0
101.0
101.0
101.0
101.0
101.0
101.0
101.0
101.0
101.0
101.0
101.0
101.0
101.0
101.0
101.0
101.0
101.0
101.0
101.0
101.0
101.0
101.0
100.0
101.0
101.0
101.0
101.0
101.0
101.0
101.0
101.0
101.0
102.0
101.0
101.0
101.0
101.0
101.0
101.0
101.0
101.0
102.0
100.0
111.0
111.0
111.0
111.0
111.0
111.0
111.0
110.0
110.0
110.0
101.0
101.0
101.0
101.0
101.0
101.0
101.0
101.0
101.0
101.0
117.0
117.0
117.0
117.0
117.0
117.0
117.0
117.0
117.0
117.0
102.0
101.0
102.0
102.0
102.0
102.0
102.0
102.0
102.0
102.0
101.0
101.0
101.0
101.0
101.0
101.0
101.0
101.0
101.0
101.0
101.0
101.0
101.0
101.0
101.0
101.0
101.0
101.0
102.0
101.0
101.0
101.0
101.0
101.0
101.0
101.0
101.0
101.0
101.0
101.0
101.0
101.0
101.0
101.0
101.0
101.0
101.0
100.0
101.0
101.0
101.0
101.0
101.0
101.0
100.0
101.0
100.0
100.0
100.0
101.0
103.0
103.0
103.0
103.0
102.0
102.0
102.0
102.0
102.0
102.0
101.0
101.0
101.0
101.0
101.0
101.0
101.0
101.0
102.0
102.0
102.0
101.0
101.0
101.0
102.0
102.0
102.0
102.0
101.0
101.0
111.0
111.0
110.0
109.0
110.0
110.0
110.0
110.0
110.0
110.0
22.0
22.0
21.0
21.0
21.0
21.0
21.0
21.0
21.0
21.0
101.0
101.0
101.0
68.0
69.0
101.0
101.0
68.0
69.0
68.0
102.0
102.0
101.0
68.0
69.0
118.0
118.0
68.0
69.0
69.0
118.0
117.0
118.0
84.0
85.0
118.0
117.0
85.0
68.0
68.0
101.0
101.0
101.0
68.0
68.0
101.0
101.0
69.0
69.0
68.0
101.0
101.0
101.0
68.0
68.0
101.0
101.0
68.0
68.0
69.0
101.0
101.0
101.0
69.0
68.0
102.0
102.0
68.0
68.0
68.0
101.0
101.0
101.0
68.0
69.0
101.0
101.0
69.0
68.0
68.0
102.0
101.0
101.0
68.0
69.0
101.0
101.0
68.0
68.0
68.0
103.0
102.0
102.0
70.0
69.0
102.0
102.0
69.0
69.0
69.0
101.0
101.0
101.0
68.0
68.0
101.0
101.0
68.0
68.0
68.0
102.0
102.0
102.0
69.0
69.0
102.0
102.0
69.0
69.0
69.0
102.0
101.0
102.0
68.0
69.0
101.0
102.0
69.0
69.0
69.0
103.0
102.0
102.0
69.0
69.0
102.0
102.0
69.0
70.0
69.0
102.0
101.0
101.0
68.0
69.0
110.0
111.0
68.0
69.0
68.0
112.0
111.0
113.0
79.0
78.0
112.0
112.0
78.0
70.0
70.0
102.0
102.0
102.0
69.0
69.0
101.0
101.0
68.0
68.0
68.0
102.0
102.0
119.0
69.0
69.0
120.0
120.0
69.0
87.0
86.0
119.0
119.0
119.0
86.0
86.0
101.0
101.0
69.0
68.0
68.0
101.0
101.0
101.0
68.0
68.0
101.0
101.0
69.0
68.0
69.0
22.0
22.0
21.0
22.0
21.0
21.0
21.0
21.0
0.0
0.0
101.0
68.0
69.0
68.0
68.0
68.0
68.0
68.0
47.0
48.0
101.0
68.0
69.0
68.0
68.0
68.0
69.0
68.0
47.0
48.0
102.0
69.0
68.0
68.0
69.0
69.0
68.0
68.0
47.0
47.0
102.0
68.0
68.0
68.0
68.0
68.0
68.0
68.0
47.0
47.0
101.0
68.0
69.0
68.0
68.0
68.0
69.0
69.0
47.0
47.0
101.0
69.0
68.0
68.0
68.0
68.0
68.0
68.0
47.0
48.0
102.0
68.0
68.0
68.0
69.0
68.0
68.0
68.0
47.0
47.0
102.0
68.0
69.0
68.0
68.0
68.0
68.0
68.0
48.0
47.0
101.0
68.0
68.0
68.0
68.0
69.0
68.0
68.0
48.0
47.0
101.0
68.0
68.0
68.0
69.0
69.0
68.0
69.0
47.0
48.0
102.0
68.0
68.0
68.0
69.0
68.0
68.0
68.0
47.0
47.0
109.0
69.0
69.0
69.0
69.0
68.0
68.0
69.0
47.0
47.0
113.0
79.0
79.0
79.0
79.0
79.0
79.0
80.0
58.0
51.0
102.0
69.0
70.0
69.0
69.0
69.0
69.0
69.0
48.0
48.0
101.0
69.0
68.0
68.0
69.0
68.0
69.0
69.0
48.0
48.0
101.0
68.0
68.0
68.0
68.0
68.0
68.0
68.0
47.0
48.0
119.0
85.0
85.0
85.0
85.0
85.0
85.0
85.0
64.0
64.0
102.0
68.0
68.0
68.0
68.0
68.0
69.0
68.0
47.0
47.0
102.0
69.0
69.0
69.0
69.0
69.0
69.0
69.0
48.0
48.0
22.0
22.0
22.0
22.0
22.0
22.0
22.0
21.0
0.0
1.0
68.0
68.0
69.0
68.0
68.0
68.0
68.0
68.0
47.0
48.0
69.0
68.0
69.0
69.0
68.0
68.0
68.0
69.0
48.0
48.0
68.0
68.0
68.0
69.0
68.0
68.0
68.0
69.0
47.0
47.0
68.0
68.0
68.0
68.0
68.0
68.0
68.0
68.0
47.0
47.0
68.0
68.0
68.0
69.0
69.0
69.0
68.0
68.0
47.0
48.0
69.0
68.0
69.0
69.0
68.0
68.0
68.0
68.0
47.0
48.0
69.0
68.0
68.0
68.0
68.0
68.0
68.0
68.0
47.0
48.0
69.0
68.0
68.0
68.0
69.0
69.0
68.0
68.0
48.0
48.0
68.0
68.0
68.0
68.0
68.0
69.0
68.0
68.0
47.0
47.0
69.0
69.0
68.0
68.0
68.0
68.0
69.0
68.0
47.0
47.0
69.0
68.0
68.0
68.0
68.0
68.0
69.0
68.0
47.0
47.0
68.0
68.0
68.0
68.0
68.0
68.0
68.0
69.0
47.0
47.0
78.0
77.0
78.0
77.0
77.0
77.0
78.0
78.0
57.0
56.0
69.0
69.0
69.0
68.0
69.0
69.0
69.0
69.0
47.0
47.0
69.0
69.0
68.0
68.0
68.0
68.0
68.0
68.0
47.0
47.0
69.0
68.0
68.0
68.0
68.0
68.0
68.0
68.0
47.0
47.0
69.0
69.0
69.0
69.0
87.0
87.0
87.0
88.0
47.0
47.0
87.0
87.0
86.0
87.0
87.0
86.0
68.0
68.0
47.0
47.0
69.0
68.0
68.0
68.0
68.0
68.0
68.0
68.0
47.0
47.0
1.0
1.0
1.0
0.0
0.0
0.0
0.0
1.0
1.0
0.0
48.0
47.0
47.0
48.0
48.0
48.0
48.0
48.0
47.0
47.0
48.0
48.0
47.0
47.0
47.0
47.0
47.0
47.0
48.0
48.0
47.0
47.0
47.0
47.0
48.0
48.0
47.0
47.0
47.0
47.0
48.0
48.0
48.0
48.0
47.0
47.0
48.0
48.0
48.0
48.0
48.0
47.0
47.0
48.0
48.0
48.0
47.0
47.0
47.0
47.0
48.0
48.0
47.0
47.0
47.0
47.0
47.0
48.0
47.0
47.0
47.0
47.0
47.0
47.0
47.0
47.0
48.0
47.0
48.0
48.0
48.0
48.0
48.0
48.0
48.0
47.0
47.0
47.0
47.0
47.0
47.0
47.0
47.0
47.0
47.0
47.0
48.0
48.0
47.0
47.0
48.0
48.0
48.0
48.0
48.0
48.0
47.0
47.0
47.0
48.0
47.0
47.0
47.0
47.0
47.0
47.0
47.0
48.0
48.0
47.0
48.0
48.0
48.0
48.0
48.0
48.0
48.0
48.0
48.0
48.0
48.0
47.0
47.0
47.0
47.0
48.0
48.0
47.0
47.0
47.0
47.0
47.0
47.0
47.0
47.0
47.0
48.0
47.0
47.0
48.0
47.0
47.0
47.0
47.0
47.0
47.0
51.0
47.0
47.0
47.0
48.0
48.0
48.0
48.0
48.0
48.0
48.0
47.0
47.0
48.0
47.0
47.0
47.0
47.0
47.0
47.0
47.0
48.0
48.0
47.0
48.0
48.0
48.0
48.0
48.0
48.0
48.0
47.0
47.0
47.0
57.0
57.0
57.0
57.0
57.0
57.0
57.0
57.0
57.0
58.0
0.0
0.0
0.0
0.0
0.0
0.0
1.0
1.0
1.0
1.0
47.0
47.0
47.0
47.0
47.0
47.0
47.0
48.0
48.0
47.0
48.0
48.0
48.0
48.0
48.0
48.0
47.0
47.0
47.0
47.0
47.0
47.0
47.0
47.0
47.0
47.0
47.0
47.0
47.0
47.0
48.0
47.0
47.0
47.0
48.0
48.0
48.0
47.0
48.0
47.0
48.0
48.0
48.0
47.0
47.0
47.0
47.0
48.0
47.0
48.0
47.0
47.0
47.0
47.0
47.0
47.0
48.0
47.0
47.0
47.0
48.0
48.0
48.0
48.0
48.0
47.0
47.0
65.0
65.0
65.0
65.0
65.0
65.0
65.0
65.0
65.0
65.0
47.0
47.0
48.0
48.0
48.0
48.0
48.0
48.0
48.0
48.0
48.0
47.0
48.0
48.0
48.0
48.0
48.0
48.0
48.0
48.0
48.0
48.0
48.0
48.0
48.0
48.0
48.0
48.0
48.0
48.0
48.0
48.0
48.0
47.0
47.0
47.0
47.0
47.0
47.0
48.0
47.0
48.0
47.0
48.0
48.0
48.0
48.0
48.0
47.0
47.0
48.0
47.0
47.0
47.0
47.0
47.0
47.0
47.0
47.0
47.0
47.0
47.0
48.0
48.0
48.0
48.0
48.0
48.0
48.0
48.0
47.0
48.0
47.0
47.0
47.0
47.0
47.0
47.0
47.0
47.0
48.0
47.0
47.0
48.0
47.0
47.0
47.0
47.0
48.0
48.0
47.0
47.0
48.0
49.0
48.0
48.0
48.0
48.0
48.0
48.0
48.0
48.0
48.0
48.0
48.0
48.0
47.0
47.0
47.0
47.0
48.0
48.0
47.0
1.0
1.0
1.0
1.0
1.0
1.0
1.0
0.0
0.0
0.0
47.0
47.0
47.0
47.0
47.0
47.0
47.0
47.0
47.0
48.0
48.0
48.0
48.0
48.0
48.0
48.0
48.0
48.0
48.0
47.0
48.0
48.0
48.0
48.0
48.0
48.0
48.0
47.0
47.0
48.0
47.0
47.0
47.0
47.0
47.0
47.0
47.0
48.0
48.0
47.0
48.0
48.0
48.0
48.0
48.0
48.0
47.0
47.0
47.0
48.0
47.0
47.0
47.0
47.0
47.0
47.0
47.0
48.0
48.0
47.0
48.0
48.0
48.0
48.0
48.0
48.0
48.0
47.0
47.0
47.0
47.0
47.0
47.0
47.0
47.0
47.0
47.0
47.0
47.0
48.0
48.0
47.0
47.0
47.0
48.0
48.0
54.0
54.0
54.0
53.0
58.0
58.0
57.0
57.0
57.0
51.0
51.0
51.0
51.0
51.0
48.0
47.0
47.0
47.0
47.0
47.0
47.0
48.0
48.0
47.0
48.0
48.0
48.0
47.0
47.0
47.0
47.0
47.0
47.0
48.0
48.0
47.0
47.0
47.0
47.0
47.0
47.0
47.0
48.0
47.0
48.0
48.0
48.0
48.0
47.0
48.0
47.0
47.0
47.0
47.0
47.0
47.0
47.0
47.0
47.0
47.0
47.0
47.0
47.0
48.0
48.0
48.0
48.0
48.0
48.0
48.0
48.0
48.0
47.0
47.0
65.0
65.0
65.0
65.0
65.0
65.0
65.0
65.0
65.0
66.0
48.0
48.0
48.0
48.0
48.0
48.0
48.0
48.0
48.0
47.0
48.0
48.0
48.0
48.0
48.0
48.0
48.0
48.0
48.0
48.0
