1.0
1.0
1.0
1.0
1.0
1.0
1.0
1.0
1.0
1.0
4.0
3.0
4.0
270.0
269.0
268.0
271.0
268.0
385.0
510.0
269.0
416.0
506.0
290.0
290.0
290.0
290.0
290.0
288.0
266.0
3.0
2.0
2.0
268.0
409.0
410.0
266.0
267.0
268.0
267.0
267.0
271.0
239.0
270.0
267.0
266.0
266.0
266.0
266.0
226.0
2.0
2.0
3.0
267.0
266.0
274.0
270.0
250.0
263.0
263.0
263.0
263.0
262.0
290.0
266.0
299.0
250.0
258.0
300.0
263.0
2.0
3.0
3.0
261.0
263.0
263.0
252.0
287.0
244.0
243.0
264.0
248.0
274.0
272.0
272.0
283.0
275.0
277.0
277.0
275.0
3.0
2.0
3.0
280.0
272.0
249.0
250.0
252.0
252.0
249.0
253.0
253.0
251.0
256.0
246.0
251.0
251.0
249.0
255.0
249.0
2.0
3.0
3.0
252.0
252.0
250.0
251.0
248.0
249.0
248.0
248.0
250.0
248.0
248.0
249.0
248.0
246.0
246.0
246.0
246.0
3.0
3.0
2.0
252.0
254.0
254.0
255.0
255.0
255.0
255.0
253.0
254.0
254.0
247.0
246.0
246.0
273.0
274.0
274.0
273.0
1.0
2.0
1.0
273.0
273.0
275.0
275.0
275.0
275.0
247.0
245.0
245.0
245.0
244.0
244.0
250.0
249.0
249.0
249.0
245.0
3.0
3.0
2.0
246.0
247.0
248.0
246.0
248.0
250.0
251.0
249.0
252.0
247.0
247.0
246.0
246.0
246.0
246.0
252.0
250.0
2.0
1.0
1.0
250.0
247.0
254.0
253.0
254.0
255.0
255.0
256.0
255.0
255.0
254.0
246.0
246.0
243.0
243.0
231.0
218.0
4.0
3.0
4.0
3.0
3.0
3.0
1.0
1.0
1.0
1.0
3.0
5.0
3.0
5.0
3.0
3.0
1.0
1.0
1.0
2.0
3.0
3.0
2.0
5.0
3.0
2.0
2.0
1.0
1.0
1.0
266.0
336.0
268.0
266.0
303.0
267.0
266.0
265.0
478.0
263.0
455.0
272.0
272.0
273.0
273.0
272.0
271.0
224.0
271.0
255.0
254.0
266.0
267.0
266.0
267.0
267.0
266.0
265.0
264.0
132.0
234.0
265.0
266.0
266.0
294.0
265.0
265.0
219.0
265.0
146.0
265.0
287.0
289.0
288.0
289.0
289.0
235.0
255.0
287.0
161.0
442.0
441.0
254.0
231.0
262.0
262.0
256.0
258.0
261.0
141.0
257.0
231.0
231.0
258.0
261.0
262.0
259.0
262.0
414.0
226.0
231.0
230.0
260.0
258.0
263.0
261.0
261.0
259.0
423.0
125.0
230.0
258.0
266.0
428.0
267.0
267.0
267.0
266.0
240.0
136.0
266.0
418.0
258.0
230.0
259.0
259.0
257.0
258.0
230.0
229.0
284.0
257.0
256.0
283.0
285.0
284.0
282.0
283.0
327.0
215.0
263.0
240.0
239.0
255.0
259.0
260.0
300.0
259.0
242.0
214.0
240.0
242.0
254.0
251.0
258.0
256.0
256.0
315.0
240.0
137.0
240.0
242.0
258.0
251.0
255.0
257.0
252.0
387.0
243.0
235.0
243.0
249.0
259.0
259.0
260.0
259.0
259.0
248.0
438.0
140.0
435.0
241.0
250.0
249.0
251.0
251.0
248.0
237.0
236.0
130.0
277.0
274.0
267.0
278.0
277.0
276.0
264.0
453.0
263.0
259.0
2.0
3.0
2.0
3.0
3.0
2.0
1.0
1.0
1.0
1.0
2.0
3.0
2.0
3.0
3.0
1.0
1.0
1.0
1.0
1.0
3.0
2.0
2.0
2.0
3.0
2.0
1.0
1.0
1.0
1.0
248.0
249.0
239.0
240.0
240.0
251.0
249.0
249.0
428.0
235.0
239.0
239.0
249.0
249.0
238.0
249.0
249.0
249.0
332.0
131.0
243.0
245.0
308.0
249.0
250.0
247.0
246.0
247.0
266.0
145.0
257.0
254.0
256.0
257.0
257.0
256.0
255.0
256.0
246.0
136.0
247.0
247.0
246.0
246.0
247.0
246.0
246.0
245.0
271.0
135.0
277.0
276.0
276.0
276.0
276.0
276.0
278.0
277.0
274.0
136.0
247.0
250.0
251.0
247.0
249.0
251.0
249.0
247.0
251.0
136.0
254.0
253.0
258.0
247.0
251.0
252.0
263.0
246.0
251.0
138.0
250.0
249.0
249.0
247.0
249.0
248.0
246.0
246.0
246.0
135.0
256.0
255.0
254.0
256.0
258.0
257.0
256.0
257.0
255.0
144.0
248.0
273.0
247.0
269.0
271.0
270.0
269.0
271.0
271.0
135.0
276.0
275.0
275.0
251.0
250.0
248.0
245.0
245.0
245.0
137.0
251.0
251.0
251.0
250.0
250.0
252.0
246.0
245.0
245.0
135.0
246.0
252.0
250.0
251.0
247.0
247.0
248.0
247.0
245.0
135.0
247.0
248.0
250.0
250.0
246.0
245.0
246.0
247.0
253.0
135.0
256.0
257.0
254.0
255.0
256.0
256.0
255.0
255.0
254.0
135.0
270.0
271.0
271.0
270.0
272.0
270.0
269.0
269.0
270.0
160.0
2.0
2.0
3.0
2.0
3.0
2.0
1.0
1.0
1.0
1.0
2.0
3.0
3.0
2.0
2.0
2.0
1.0
1.0
1.0
1.0
3.0
3.0
2.0
2.0
3.0
2.0
1.0
1.0
1.0
1.0
247.0
248.0
246.0
248.0
247.0
246.0
246.0
246.0
246.0
134.0
248.0
248.0
248.0
247.0
248.0
245.0
246.0
246.0
244.0
135.0
248.0
248.0
248.0
247.0
249.0
246.0
248.0
245.0
247.0
135.0
253.0
258.0
257.0
254.0
255.0
259.0
254.0
258.0
254.0
144.0
248.0
251.0
251.0
249.0
246.0
246.0
245.0
247.0
247.0
135.0
273.0
272.0
278.0
275.0
277.0
274.0
273.0
269.0
274.0
160.0
252.0
250.0
250.0
256.0
256.0
254.0
253.0
255.0
254.0
136.0
264.0
260.0
261.0
266.0
263.0
259.0
260.0
253.0
255.0
140.0
255.0
254.0
255.0
253.0
252.0
253.0
253.0
255.0
249.0
140.0
256.0
254.0
259.0
257.0
254.0
254.0
256.0
256.0
255.0
143.0
246.0
247.0
246.0
276.0
274.0
269.0
271.0
274.0
275.0
136.0
277.0
275.0
276.0
272.0
253.0
246.0
254.0
247.0
253.0
137.0
254.0
253.0
251.0
251.0
247.0
245.0
253.0
251.0
248.0
139.0
254.0
252.0
254.0
251.0
247.0
247.0
246.0
246.0
252.0
139.0
252.0
254.0
253.0
253.0
251.0
247.0
245.0
245.0
251.0
139.0
257.0
258.0
261.0
257.0
258.0
255.0
254.0
253.0
254.0
136.0
275.0
277.0
278.0
278.0
278.0
276.0
273.0
274.0
274.0
162.0
2.0
2.0
2.0
3.0
2.0
1.0
1.0
1.0
1.0
1.0
2.0
2.0
2.0
2.0
3.0
2.0
1.0
0.0
1.0
0.0
2.0
3.0
2.0
2.0
2.0
1.0
1.0
1.0
1.0
1.0
249.0
251.0
253.0
251.0
251.0
251.0
251.0
245.0
137.0
138.0
250.0
249.0
251.0
249.0
252.0
253.0
245.0
250.0
139.0
137.0
249.0
249.0
247.0
247.0
248.0
248.0
247.0
248.0
134.0
136.0
247.0
248.0
249.0
249.0
246.0
246.0
253.0
253.0
136.0
136.0
257.0
257.0
254.0
258.0
258.0
255.0
256.0
253.0
135.0
135.0
274.0
273.0
278.0
277.0
273.0
276.0
274.0
276.0
136.0
163.0
279.0
252.0
250.0
250.0
251.0
252.0
245.0
254.0
139.0
138.0
251.0
252.0
253.0
250.0
249.0
249.0
250.0
249.0
135.0
138.0
246.0
247.0
249.0
250.0
249.0
245.0
246.0
246.0
137.0
136.0
249.0
248.0
247.0
246.0
249.0
248.0
247.0
244.0
134.0
135.0
255.0
256.0
258.0
258.0
256.0
256.0
256.0
257.0
146.0
143.0
275.0
275.0
274.0
273.0
275.0
275.0
274.0
272.0
136.0
162.0
278.0
253.0
252.0
250.0
251.0
249.0
250.0
252.0
138.0
138.0
253.0
247.0
254.0
253.0
253.0
251.0
249.0
249.0
138.0
137.0
250.0
253.0
252.0
246.0
254.0
250.0
251.0
248.0
137.0
137.0
249.0
249.0
250.0
254.0
252.0
245.0
254.0
257.0
138.0
139.0
258.0
257.0
255.0
256.0
255.0
256.0
256.0
255.0
137.0
137.0
2.0
2.0
2.0
2.0
2.0
2.0
0.0
1.0
1.0
1.0
2.0
2.0
3.0
2.0
3.0
2.0
0.0
1.0
1.0
0.0
2.0
3.0
3.0
2.0
2.0
1.0
1.0
1.0
0.0
0.0
275.0
273.0
276.0
275.0
273.0
271.0
272.0
275.0
136.0
134.0
271.0
279.0
250.0
254.0
253.0
251.0
248.0
248.0
137.0
138.0
253.0
246.0
252.0
251.0
251.0
250.0
251.0
251.0
137.0
138.0
251.0
251.0
246.0
250.0
253.0
253.0
246.0
251.0
139.0
137.0
252.0
252.0
249.0
251.0
247.0
250.0
258.0
260.0
135.0
138.0
256.0
259.0
258.0
259.0
256.0
255.0
254.0
254.0
138.0
139.0
278.0
280.0
276.0
278.0
277.0
277.0
274.0
275.0
136.0
135.0
273.0
279.0
253.0
252.0
252.0
252.0
251.0
253.0
138.0
135.0
250.0
250.0
247.0
246.0
249.0
249.0
245.0
248.0
136.0
136.0
249.0
249.0
246.0
246.0
246.0
245.0
248.0
247.0
134.0
136.0
247.0
249.0
249.0
249.0
246.0
246.0
246.0
246.0
136.0
136.0
258.0
258.0
255.0
257.0
257.0
257.0
254.0
253.0
144.0
144.0
246.0
272.0
275.0
276.0
275.0
276.0
275.0
274.0
135.0
135.0
276.0
275.0
272.0
250.0
255.0
253.0
249.0
252.0
138.0
137.0
252.0
251.0
248.0
252.0
246.0
250.0
251.0
253.0
137.0
138.0
249.0
253.0
253.0
254.0
249.0
249.0
245.0
249.0
138.0
137.0
250.0
252.0
249.0
249.0
251.0
249.0
249.0
250.0
135.0
136.0
2.0
3.0
2.0
1.0
0.0
1.0
1.0
1.0
1.0
0.0
3.0
2.0
2.0
1.0
1.0
0.0
1.0
1.0
1.0
1.0
2.0
2.0
2.0
1.0
1.0
1.0
0.0
1.0
1.0
1.0
255.0
255.0
258.0
257.0
257.0
254.0
255.0
257.0
144.0
145.0
250.0
250.0
275.0
271.0
277.0
275.0
276.0
274.0
134.0
135.0
278.0
278.0
277.0
278.0
245.0
247.0
250.0
250.0
138.0
137.0
252.0
250.0
248.0
252.0
248.0
251.0
245.0
250.0
139.0
138.0
246.0
254.0
251.0
250.0
249.0
247.0
250.0
256.0
135.0
136.0
246.0
249.0
246.0
251.0
251.0
250.0
248.0
248.0
138.0
139.0
260.0
254.0
259.0
254.0
253.0
256.0
257.0
253.0
143.0
144.0
246.0
251.0
275.0
245.0
272.0
273.0
274.0
276.0
136.0
135.0
277.0
276.0
275.0
278.0
273.0
250.0
248.0
246.0
135.0
136.0
246.0
249.0
249.0
245.0
245.0
248.0
245.0
247.0
135.0
135.0
248.0
245.0
247.0
248.0
247.0
245.0
245.0
247.0
135.0
135.0
246.0
249.0
251.0
245.0
245.0
247.0
248.0
245.0
135.0
136.0
255.0
254.0
257.0
256.0
253.0
256.0
253.0
256.0
144.0
143.0
250.0
247.0
246.0
271.0
276.0
274.0
270.0
275.0
135.0
136.0
277.0
275.0
281.0
275.0
274.0
245.0
252.0
248.0
139.0
138.0
254.0
251.0
250.0
247.0
247.0
248.0
251.0
246.0
137.0
137.0
251.0
254.0
253.0
252.0
249.0
247.0
248.0
249.0
139.0
135.0
2.0
2.0
2.0
1.0
1.0
0.0
1.0
1.0
1.0
1.0
2.0
2.0
2.0
1.0
1.0
1.0
1.0
0.0
1.0
1.0
2.0
2.0
2.0
1.0
1.0
1.0
1.0
1.0
1.0
0.0
249.0
248.0
247.0
248.0
248.0
247.0
249.0
247.0
134.0
135.0
253.0
253.0
253.0
255.0
254.0
255.0
255.0
255.0
142.0
144.0
247.0
255.0
274.0
247.0
272.0
273.0
277.0
275.0
136.0
136.0
286.0
288.0
275.0
288.0
287.0
274.0
248.0
247.0
146.0
146.0
263.0
264.0
263.0
261.0
253.0
261.0
263.0
254.0
140.0
139.0
260.0
260.0
262.0
259.0
260.0
259.0
259.0
259.0
143.0
142.0
261.0
259.0
260.0
259.0
258.0
258.0
258.0
258.0
142.0
142.0
260.0
255.0
256.0
253.0
252.0
253.0
251.0
253.0
142.0
143.0
247.0
247.0
246.0
274.0
270.0
272.0
273.0
273.0
135.0
135.0
277.0
276.0
277.0
276.0
274.0
250.0
245.0
246.0
134.0
135.0
247.0
249.0
251.0
245.0
248.0
249.0
249.0
244.0
138.0
134.0
248.0
252.0
247.0
248.0
245.0
250.0
251.0
248.0
136.0
135.0
251.0
246.0
246.0
245.0
250.0
249.0
246.0
251.0
138.0
136.0
255.0
255.0
254.0
250.0
251.0
251.0
254.0
253.0
141.0
141.0
248.0
247.0
248.0
246.0
246.0
297.0
300.0
296.0
135.0
135.0
301.0
300.0
299.0
300.0
297.0
300.0
301.0
245.0
135.0
134.0
248.0
247.0
251.0
248.0
246.0
247.0
246.0
249.0
140.0
135.0
1.0
0.0
1.0
1.0
1.0
1.0
0.0
1.0
1.0
1.0
0.0
1.0
1.0
1.0
0.0
0.0
1.0
1.0
1.0
0.0
1.0
1.0
1.0
0.0
1.0
1.0
1.0
1.0
0.0
0.0
245.0
245.0
246.0
244.0
246.0
246.0
245.0
245.0
135.0
134.0
245.0
246.0
245.0
244.0
246.0
247.0
245.0
245.0
135.0
135.0
254.0
254.0
254.0
254.0
253.0
254.0
253.0
253.0
143.0
143.0
247.0
249.0
246.0
246.0
246.0
246.0
269.0
270.0
136.0
135.0
270.0
271.0
271.0
276.0
273.0
269.0
272.0
273.0
136.0
136.0
245.0
244.0
245.0
245.0
250.0
245.0
248.0
246.0
137.0
137.0
251.0
249.0
245.0
245.0
244.0
245.0
250.0
245.0
135.0
135.0
246.0
245.0
250.0
249.0
244.0
245.0
245.0
245.0
135.0
135.0
253.0
254.0
254.0
254.0
257.0
257.0
252.0
251.0
143.0
144.0
245.0
246.0
245.0
246.0
245.0
246.0
269.0
270.0
135.0
135.0
274.0
272.0
269.0
270.0
274.0
270.0
276.0
274.0
137.0
137.0
251.0
247.0
244.0
248.0
245.0
246.0
249.0
246.0
136.0
137.0
250.0
250.0
250.0
251.0
245.0
250.0
244.0
245.0
134.0
137.0
246.0
246.0
250.0
248.0
251.0
248.0
245.0
245.0
135.0
135.0
253.0
254.0
254.0
254.0
256.0
255.0
257.0
252.0
144.0
144.0
245.0
245.0
245.0
245.0
245.0
245.0
245.0
246.0
135.0
135.0
267.0
269.0
271.0
272.0
271.0
271.0
273.0
271.0
159.0
160.0
3.0
2.0
2.0
0.0
1.0
1.0
1.0
1.0
1.0
0.0
2.0
3.0
2.0
1.0
0.0
1.0
1.0
1.0
1.0
1.0
2.0
2.0
2.0
1.0
1.0
1.0
0.0
1.0
1.0
1.0
248.0
249.0
247.0
246.0
246.0
246.0
246.0
245.0
135.0
135.0
248.0
247.0
247.0
245.0
245.0
246.0
245.0
245.0
135.0
135.0
246.0
247.0
246.0
245.0
245.0
244.0
245.0
245.0
135.0
134.0
255.0
255.0
254.0
254.0
253.0
254.0
254.0
253.0
143.0
144.0
247.0
247.0
247.0
245.0
246.0
246.0
244.0
245.0
135.0
135.0
277.0
277.0
272.0
271.0
275.0
276.0
274.0
271.0
163.0
163.0
252.0
251.0
247.0
247.0
249.0
246.0
247.0
248.0
140.0
136.0
250.0
247.0
249.0
250.0
245.0
246.0
245.0
250.0
138.0
134.0
253.0
246.0
246.0
250.0
245.0
250.0
244.0
247.0
134.0
136.0
255.0
256.0
255.0
257.0
254.0
255.0
254.0
257.0
144.0
143.0
246.0
247.0
246.0
245.0
244.0
245.0
245.0
244.0
134.0
135.0
273.0
276.0
271.0
274.0
271.0
273.0
272.0
274.0
158.0
161.0
247.0
252.0
250.0
249.0
245.0
245.0
250.0
250.0
134.0
135.0
246.0
246.0
251.0
250.0
247.0
250.0
245.0
245.0
136.0
138.0
253.0
246.0
253.0
246.0
248.0
246.0
246.0
250.0
135.0
135.0
258.0
256.0
254.0
255.0
253.0
257.0
255.0
253.0
141.0
143.0
246.0
247.0
246.0
245.0
245.0
245.0
246.0
245.0
135.0
135.0
1.0
1.0
1.0
1.0
0.0
0.0
1.0
1.0
1.0
1.0
1.0
1.0
0.0
0.0
1.0
1.0
1.0
1.0
1.0
1.0
0.0
0.0
1.0
1.0
1.0
1.0
1.0
1.0
0.0
0.0
273.0
272.0
273.0
275.0
273.0
273.0
274.0
275.0
162.0
164.0
245.0
247.0
245.0
246.0
245.0
247.0
245.0
247.0
134.0
135.0
245.0
247.0
245.0
246.0
245.0
248.0
244.0
247.0
135.0
136.0
245.0
248.0
245.0
245.0
247.0
248.0
245.0
247.0
135.0
136.0
251.0
255.0
253.0
256.0
254.0
253.0
256.0
256.0
135.0
142.0
254.0
249.0
246.0
247.0
244.0
248.0
245.0
245.0
136.0
135.0
273.0
273.0
270.0
276.0
273.0
271.0
269.0
272.0
159.0
158.0
247.0
246.0
250.0
250.0
249.0
252.0
249.0
247.0
134.0
135.0
245.0
247.0
245.0
246.0
251.0
250.0
248.0
252.0
135.0
136.0
245.0
244.0
247.0
247.0
245.0
245.0
251.0
253.0
136.0
139.0
255.0
255.0
259.0
259.0
257.0
255.0
255.0
256.0
144.0
142.0
248.0
247.0
245.0
244.0
247.0
244.0
248.0
245.0
136.0
137.0
272.0
273.0
276.0
274.0
275.0
275.0
277.0
270.0
163.0
162.0
248.0
246.0
247.0
246.0
248.0
246.0
248.0
245.0
135.0
135.0
248.0
245.0
247.0
245.0
247.0
245.0
248.0
245.0
136.0
134.0
247.0
245.0
248.0
244.0
247.0
244.0
247.0
245.0
135.0
135.0
254.0
256.0
255.0
262.0
264.0
260.0
252.0
264.0
136.0
135.0
