2.0
2.0
2.0
1.0
1.0
1.0
1.0
1.0
2.0
2.0
10.0
10.0
6.0
6.0
6.0
35.0
34.0
33.0
60.0
60.0
80.0
79.0
79.0
139.0
138.0
339.0
338.0
339.0
498.0
611.0
319.0
339.0
338.0
460.0
580.0
334.0
334.0
335.0
273.0
308.0
335.0
335.0
335.0
342.0
282.0
333.0
332.0
332.0
302.0
288.0
324.0
329.0
328.0
307.0
322.0
312.0
312.0
323.0
323.0
350.0
339.0
311.0
311.0
312.0
311.0
311.0
311.0
312.0
311.0
313.0
311.0
313.0
311.0
312.0
310.0
312.0
311.0
311.0
311.0
331.0
331.0
330.0
333.0
330.0
332.0
330.0
332.0
331.0
329.0
315.0
313.0
311.0
316.0
311.0
311.0
311.0
311.0
311.0
316.0
313.0
312.0
311.0
311.0
314.0
310.0
311.0
314.0
311.0
313.0
315.0
6.0
6.0
6.0
6.0
5.0
31.0
31.0
31.0
31.0
31.0
72.0
72.0
73.0
72.0
72.0
317.0
316.0
317.0
316.0
315.0
316.0
316.0
316.0
315.0
316.0
311.0
311.0
310.0
311.0
311.0
310.0
311.0
310.0
311.0
311.0
311.0
312.0
310.0
311.0
310.0
311.0
311.0
311.0
312.0
310.0
315.0
316.0
316.0
316.0
317.0
316.0
317.0
316.0
316.0
315.0
310.0
311.0
310.0
310.0
312.0
310.0
312.0
311.0
310.0
309.0
327.0
329.0
331.0
330.0
331.0
330.0
329.0
329.0
328.0
328.0
311.0
312.0
313.0
315.0
311.0
311.0
312.0
310.0
310.0
310.0
312.0
311.0
314.0
310.0
312.0
313.0
311.0
311.0
309.0
308.0
299.0
287.0
298.0
297.0
285.0
6.0
11.0
11.0
7.0
7.0
6.0
6.0
7.0
2.0
2.0
11.0
11.0
7.0
6.0
6.0
6.0
6.0
3.0
1.0
1.0
11.0
6.0
11.0
6.0
6.0
7.0
7.0
3.0
2.0
2.0
11.0
11.0
6.0
7.0
6.0
7.0
6.0
3.0
2.0
1.0
6.0
11.0
11.0
6.0
6.0
6.0
6.0
3.0
1.0
1.0
60.0
60.0
33.0
34.0
34.0
33.0
34.0
34.0
2.0
2.0
60.0
59.0
33.0
33.0
34.0
34.0
33.0
30.0
2.0
1.0
63.0
63.0
63.0
34.0
63.0
34.0
34.0
30.0
1.0
1.0
33.0
36.0
36.0
36.0
36.0
36.0
37.0
30.0
1.0
1.0
59.0
59.0
59.0
59.0
34.0
33.0
33.0
30.0
1.0
1.0
78.0
78.0
79.0
79.0
79.0
78.0
139.0
139.0
1.0
1.0
140.0
140.0
78.0
77.0
77.0
78.0
77.0
62.0
1.0
1.0
78.0
77.0
64.0
78.0
139.0
92.0
78.0
75.0
1.0
2.0
88.0
139.0
77.0
78.0
63.0
77.0
77.0
74.0
1.0
1.0
77.0
78.0
63.0
77.0
78.0
124.0
120.0
74.0
1.0
1.0
335.0
335.0
334.0
277.0
279.0
335.0
334.0
334.0
243.0
143.0
334.0
290.0
292.0
333.0
333.0
291.0
333.0
331.0
260.0
143.0
354.0
309.0
353.0
312.0
309.0
352.0
353.0
352.0
162.0
163.0
334.0
334.0
291.0
335.0
291.0
334.0
290.0
332.0
143.0
144.0
334.0
334.0
334.0
290.0
290.0
334.0
334.0
288.0
144.0
144.0
334.0
335.0
291.0
291.0
334.0
334.0
333.0
291.0
258.0
144.0
334.0
335.0
290.0
290.0
334.0
334.0
291.0
331.0
259.0
143.0
333.0
334.0
290.0
291.0
334.0
334.0
290.0
331.0
143.0
143.0
335.0
334.0
335.0
291.0
290.0
334.0
290.0
331.0
144.0
143.0
334.0
334.0
335.0
291.0
334.0
291.0
334.0
288.0
144.0
143.0
334.0
334.0
334.0
291.0
291.0
334.0
335.0
334.0
224.0
143.0
352.0
352.0
309.0
308.0
310.0
352.0
352.0
349.0
276.0
162.0
335.0
334.0
290.0
290.0
290.0
334.0
335.0
331.0
143.0
144.0
335.0
336.0
291.0
334.0
290.0
334.0
291.0
331.0
144.0
144.0
335.0
334.0
334.0
290.0
335.0
290.0
289.0
332.0
143.0
143.0
335.0
334.0
334.0
290.0
334.0
290.0
335.0
291.0
257.0
144.0
334.0
335.0
291.0
334.0
292.0
291.0
334.0
333.0
258.0
144.0
334.0
334.0
291.0
334.0
290.0
334.0
291.0
330.0
144.0
143.0
334.0
334.0
334.0
290.0
290.0
291.0
334.0
331.0
143.0
143.0
334.0
334.0
335.0
335.0
290.0
335.0
290.0
288.0
143.0
143.0
334.0
334.0
334.0
353.0
290.0
353.0
291.0
353.0
224.0
144.0
355.0
310.0
355.0
354.0
310.0
355.0
310.0
334.0
261.0
144.0
335.0
337.0
292.0
290.0
334.0
292.0
336.0
332.0
145.0
144.0
335.0
334.0
291.0
334.0
335.0
290.0
291.0
331.0
143.0
143.0
334.0
334.0
335.0
290.0
334.0
291.0
335.0
287.0
144.0
143.0
334.0
334.0
291.0
335.0
335.0
334.0
290.0
290.0
258.0
144.0
335.0
334.0
290.0
335.0
335.0
290.0
335.0
287.0
258.0
144.0
334.0
335.0
292.0
334.0
334.0
291.0
290.0
331.0
143.0
143.0
334.0
335.0
334.0
291.0
334.0
290.0
291.0
330.0
144.0
144.0
334.0
334.0
334.0
334.0
289.0
334.0
290.0
288.0
144.0
144.0
347.0
346.0
329.0
317.0
346.0
344.0
344.0
317.0
249.0
159.0
325.0
326.0
300.0
300.0
324.0
300.0
301.0
322.0
251.0
140.0
325.0
325.0
300.0
300.0
325.0
324.0
300.0
321.0
128.0
139.0
300.0
324.0
324.0
324.0
301.0
299.0
300.0
321.0
139.0
140.0
325.0
300.0
324.0
324.0
324.0
299.0
325.0
298.0
129.0
140.0
300.0
300.0
325.0
324.0
325.0
325.0
300.0
299.0
250.0
139.0
300.0
324.0
301.0
325.0
324.0
325.0
325.0
297.0
232.0
139.0
325.0
300.0
300.0
325.0
299.0
325.0
325.0
321.0
140.0
128.0
324.0
301.0
301.0
323.0
301.0
324.0
301.0
322.0
139.0
138.0
357.0
335.0
360.0
357.0
338.0
358.0
346.0
343.0
141.0
171.0
365.0
306.0
323.0
336.0
336.0
336.0
337.0
330.0
263.0
131.0
306.0
364.0
346.0
312.0
322.0
321.0
320.0
317.0
248.0
143.0
318.0
350.0
314.0
317.0
320.0
317.0
313.0
310.0
134.0
134.0
313.0
313.0
315.0
335.0
314.0
316.0
316.0
313.0
134.0
135.0
313.0
313.0
315.0
313.0
317.0
343.0
314.0
315.0
136.0
135.0
315.0
315.0
314.0
313.0
313.0
314.0
316.0
312.0
253.0
135.0
315.0
314.0
315.0
313.0
314.0
313.0
313.0
310.0
242.0
134.0
312.0
312.0
311.0
312.0
314.0
313.0
313.0
311.0
134.0
134.0
323.0
312.0
313.0
312.0
312.0
332.0
331.0
328.0
134.0
134.0
332.0
332.0
330.0
329.0
331.0
329.0
329.0
309.0
135.0
135.0
316.0
313.0
314.0
313.0
311.0
311.0
314.0
312.0
240.0
134.0
311.0
313.0
314.0
313.0
314.0
311.0
312.0
308.0
242.0
134.0
311.0
311.0
314.0
313.0
314.0
313.0
311.0
310.0
133.0
133.0
311.0
311.0
311.0
310.0
313.0
313.0
313.0
311.0
133.0
134.0
310.0
314.0
311.0
311.0
310.0
311.0
313.0
310.0
134.0
134.0
315.0
311.0
315.0
311.0
314.0
311.0
312.0
311.0
243.0
136.0
313.0
311.0
314.0
313.0
311.0
314.0
311.0
311.0
240.0
134.0
311.0
313.0
311.0
313.0
313.0
313.0
313.0
309.0
133.0
134.0
331.0
333.0
332.0
334.0
333.0
336.0
335.0
329.0
154.0
154.0
318.0
313.0
313.0
313.0
313.0
313.0
312.0
313.0
136.0
135.0
315.0
312.0
317.0
312.0
311.0
314.0
312.0
314.0
240.0
135.0
317.0
313.0
311.0
312.0
316.0
311.0
313.0
308.0
240.0
134.0
314.0
317.0
314.0
311.0
311.0
311.0
316.0
309.0
133.0
135.0
311.0
313.0
313.0
313.0
317.0
313.0
311.0
308.0
133.0
135.0
311.0
316.0
313.0
313.0
313.0
313.0
317.0
309.0
134.0
134.0
312.0
312.0
312.0
315.0
311.0
313.0
314.0
314.0
242.0
134.0
310.0
310.0
311.0
311.0
314.0
311.0
313.0
310.0
242.0
135.0
330.0
329.0
331.0
330.0
329.0
332.0
330.0
329.0
134.0
134.0
333.0
332.0
315.0
312.0
311.0
311.0
311.0
311.0
133.0
134.0
310.0
314.0
318.0
313.0
313.0
311.0
311.0
308.0
133.0
134.0
312.0
312.0
311.0
313.0
315.0
313.0
313.0
311.0
241.0
134.0
312.0
312.0
313.0
311.0
312.0
316.0
313.0
309.0
242.0
135.0
310.0
312.0
311.0
315.0
312.0
313.0
314.0
311.0
134.0
133.0
313.0
311.0
310.0
311.0
311.0
313.0
311.0
310.0
134.0
134.0
314.0
313.0
314.0
311.0
311.0
311.0
312.0
311.0
133.0
134.0
311.0
314.0
313.0
313.0
313.0
312.0
312.0
312.0
240.0
135.0
312.0
311.0
313.0
313.0
313.0
313.0
312.0
308.0
240.0
134.0
332.0
335.0
329.0
333.0
329.0
335.0
331.0
328.0
152.0
152.0
314.0
311.0
315.0
310.0
314.0
316.0
311.0
314.0
134.0
135.0
314.0
314.0
314.0
311.0
313.0
311.0
314.0
310.0
134.0
134.0
312.0
313.0
314.0
313.0
312.0
312.0
312.0
312.0
241.0
134.0
313.0
311.0
313.0
313.0
313.0
311.0
311.0
311.0
240.0
133.0
311.0
314.0
311.0
314.0
314.0
312.0
311.0
308.0
134.0
135.0
311.0
313.0
312.0
313.0
311.0
312.0
314.0
311.0
133.0
133.0
310.0
312.0
312.0
313.0
311.0
313.0
312.0
311.0
134.0
134.0
6.0
6.0
6.0
5.0
6.0
6.0
6.0
3.0
1.0
1.0
5.0
6.0
5.0
6.0
6.0
6.0
6.0
3.0
1.0
1.0
5.0
5.0
6.0
6.0
5.0
6.0
3.0
2.0
0.0
1.0
6.0
6.0
6.0
5.0
5.0
0.0
1.0
1.0
1.0
1.0
5.0
5.0
5.0
5.0
6.0
1.0
1.0
1.0
0.0
0.0
31.0
31.0
31.0
31.0
32.0
31.0
31.0
28.0
1.0
1.0
30.0
31.0
31.0
31.0
31.0
30.0
30.0
28.0
1.0
1.0
31.0
30.0
31.0
30.0
30.0
31.0
28.0
2.0
1.0
1.0
31.0
31.0
31.0
31.0
30.0
26.0
1.0
1.0
1.0
1.0
30.0
30.0
31.0
30.0
31.0
1.0
1.0
0.0
1.0
1.0
73.0
73.0
73.0
72.0
71.0
72.0
72.0
69.0
1.0
1.0
72.0
72.0
72.0
73.0
72.0
72.0
72.0
70.0
1.0
0.0
72.0
71.0
72.0
73.0
72.0
72.0
70.0
2.0
0.0
1.0
72.0
72.0
72.0
72.0
71.0
67.0
1.0
1.0
0.0
0.0
72.0
90.0
91.0
91.0
90.0
0.0
1.0
1.0
1.0
1.0
330.0
333.0
329.0
330.0
330.0
333.0
314.0
312.0
243.0
133.0
312.0
313.0
311.0
311.0
312.0
311.0
311.0
311.0
134.0
134.0
314.0
313.0
311.0
313.0
311.0
310.0
308.0
136.0
133.0
134.0
317.0
319.0
320.0
319.0
320.0
312.0
140.0
139.0
139.0
139.0
312.0
314.0
312.0
312.0
311.0
242.0
134.0
135.0
134.0
133.0
313.0
311.0
313.0
313.0
313.0
311.0
312.0
311.0
241.0
134.0
320.0
323.0
322.0
323.0
326.0
322.0
326.0
327.0
149.0
142.0
328.0
330.0
331.0
330.0
328.0
330.0
328.0
169.0
142.0
169.0
321.0
321.0
317.0
317.0
318.0
312.0
139.0
137.0
137.0
136.0
310.0
310.0
310.0
311.0
330.0
241.0
133.0
133.0
133.0
134.0
325.0
377.0
336.0
322.0
339.0
394.0
321.0
333.0
268.0
140.0
318.0
301.0
317.0
300.0
314.0
316.0
546.0
297.0
135.0
234.0
314.0
317.0
300.0
300.0
317.0
313.0
297.0
137.0
235.0
134.0
318.0
319.0
307.0
554.0
554.0
302.0
135.0
135.0
136.0
129.0
318.0
307.0
318.0
318.0
313.0
232.0
134.0
129.0
134.0
129.0
314.0
304.0
313.0
313.0
307.0
366.0
313.0
361.0
236.0
136.0
312.0
310.0
311.0
312.0
311.0
312.0
311.0
308.0
133.0
133.0
317.0
317.0
318.0
316.0
317.0
317.0
314.0
140.0
139.0
140.0
311.0
311.0
311.0
311.0
311.0
307.0
134.0
133.0
133.0
133.0
311.0
311.0
310.0
310.0
310.0
240.0
133.0
133.0
134.0
134.0
332.0
332.0
333.0
333.0
332.0
331.0
336.0
330.0
263.0
156.0
312.0
312.0
311.0
312.0
312.0
311.0
311.0
307.0
134.0
134.0
316.0
311.0
312.0
311.0
312.0
311.0
307.0
136.0
133.0
134.0
310.0
310.0
310.0
310.0
311.0
306.0
133.0
133.0
133.0
134.0
316.0
316.0
316.0
317.0
316.0
246.0
138.0
139.0
139.0
138.0
311.0
311.0
311.0
311.0
311.0
311.0
311.0
308.0
241.0
133.0
311.0
311.0
311.0
310.0
312.0
312.0
311.0
308.0
134.0
133.0
310.0
312.0
312.0
316.0
317.0
317.0
314.0
136.0
134.0
135.0
318.0
317.0
316.0
317.0
316.0
314.0
133.0
133.0
133.0
133.0
310.0
310.0
309.0
310.0
311.0
239.0
133.0
133.0
134.0
134.0
334.0
333.0
333.0
333.0
333.0
333.0
332.0
332.0
263.0
156.0
312.0
311.0
312.0
311.0
311.0
311.0
312.0
309.0
133.0
134.0
311.0
311.0
310.0
310.0
311.0
311.0
309.0
135.0
133.0
133.0
311.0
311.0
312.0
310.0
311.0
307.0
133.0
134.0
133.0
132.0
317.0
316.0
317.0
316.0
316.0
246.0
139.0
139.0
139.0
139.0
311.0
310.0
310.0
311.0
310.0
310.0
311.0
308.0
240.0
133.0
311.0
312.0
310.0
312.0
310.0
311.0
311.0
309.0
133.0
133.0
310.0
310.0
310.0
310.0
310.0
310.0
313.0
136.0
134.0
133.0
319.0
317.0
317.0
317.0
317.0
314.0
139.0
139.0
139.0
134.0
310.0
310.0
310.0
311.0
314.0
243.0
134.0
135.0
136.0
135.0
310.0
314.0
333.0
334.0
331.0
332.0
332.0
332.0
260.0
136.0
332.0
333.0
332.0
312.0
312.0
314.0
312.0
310.0
135.0
133.0
311.0
310.0
311.0
310.0
310.0
309.0
308.0
135.0
134.0
133.0
311.0
310.0
310.0
310.0
310.0
307.0
133.0
133.0
133.0
133.0
317.0
317.0
316.0
316.0
317.0
247.0
135.0
133.0
133.0
138.0
316.0
317.0
317.0
313.0
311.0
311.0
312.0
308.0
241.0
134.0
314.0
316.0
314.0
311.0
310.0
311.0
313.0
308.0
134.0
134.0
313.0
311.0
313.0
313.0
312.0
310.0
308.0
135.0
133.0
134.0
318.0
323.0
318.0
319.0
320.0
314.0
140.0
139.0
139.0
139.0
313.0
317.0
313.0
316.0
315.0
241.0
140.0
134.0
136.0
134.0
313.0
317.0
313.0
313.0
313.0
313.0
311.0
332.0
240.0
133.0
333.0
337.0
334.0
333.0
336.0
334.0
338.0
332.0
155.0
136.0
313.0
317.0
313.0
316.0
312.0
313.0
311.0
137.0
135.0
135.0
317.0
315.0
311.0
316.0
315.0
309.0
133.0
135.0
133.0
134.0
312.0
311.0
314.0
317.0
317.0
240.0
134.0
135.0
135.0
133.0
318.0
318.0
319.0
318.0
317.0
318.0
319.0
315.0
241.0
134.0
314.0
313.0
314.0
313.0
312.0
311.0
312.0
309.0
134.0
135.0
311.0
314.0
314.0
313.0
313.0
313.0
308.0
135.0
133.0
133.0
317.0
317.0
317.0
318.0
319.0
314.0
134.0
134.0
133.0
137.0
319.0
319.0
320.0
312.0
311.0
240.0
134.0
133.0
135.0
135.0
311.0
311.0
313.0
313.0
314.0
314.0
312.0
311.0
241.0
133.0
333.0
334.0
334.0
334.0
333.0
334.0
334.0
331.0
155.0
156.0
312.0
313.0
311.0
314.0
314.0
318.0
316.0
136.0
135.0
134.0
322.0
320.0
327.0
338.0
325.0
338.0
144.0
144.0
137.0
145.0
340.0
340.0
312.0
343.0
311.0
239.0
133.0
133.0
145.0
146.0
317.0
316.0
326.0
323.0
317.0
317.0
319.0
318.0
246.0
135.0
312.0
312.0
311.0
312.0
312.0
312.0
312.0
309.0
134.0
133.0
312.0
311.0
313.0
311.0
312.0
312.0
309.0
135.0
134.0
133.0
315.0
315.0
317.0
318.0
318.0
316.0
134.0
134.0
134.0
133.0
319.0
319.0
320.0
320.0
316.0
244.0
137.0
135.0
135.0
134.0
314.0
313.0
312.0
313.0
312.0
312.0
312.0
311.0
241.0
134.0
332.0
335.0
332.0
336.0
332.0
332.0
330.0
328.0
152.0
153.0
319.0
314.0
313.0
315.0
318.0
317.0
310.0
138.0
133.0
134.0
323.0
313.0
327.0
326.0
314.0
311.0
134.0
136.0
141.0
135.0
317.0
322.0
320.0
313.0
315.0
244.0
138.0
138.0
135.0
134.0
319.0
320.0
320.0
319.0
320.0
318.0
321.0
316.0
248.0
141.0
313.0
312.0
312.0
312.0
311.0
313.0
313.0
308.0
134.0
134.0
311.0
310.0
311.0
311.0
311.0
310.0
308.0
135.0
133.0
133.0
311.0
312.0
311.0
311.0
311.0
307.0
134.0
133.0
134.0
133.0
317.0
316.0
317.0
316.0
317.0
246.0
139.0
139.0
138.0
139.0
311.0
312.0
312.0
312.0
311.0
312.0
310.0
307.0
240.0
134.0
340.0
341.0
337.0
340.0
334.0
335.0
337.0
338.0
135.0
136.0
335.0
334.0
312.0
314.0
312.0
311.0
309.0
135.0
133.0
135.0
312.0
312.0
311.0
311.0
311.0
307.0
133.0
134.0
133.0
133.0
305.0
307.0
307.0
301.0
297.0
233.0
134.0
133.0
133.0
132.0
