2.0
2.0
2.0
2.0
2.0
2.0
2.0
2.0
1.0
1.0
90.0
112.0
63.0
63.0
377.0
669.0
671.0
670.0
844.0
810.0
666.0
667.0
688.0
847.0
580.0
615.0
595.0
614.0
612.0
611.0
44.0
63.0
54.0
55.0
302.0
601.0
568.0
598.0
570.0
594.0
553.0
563.0
599.0
562.0
562.0
560.0
561.0
559.0
561.0
588.0
48.0
58.0
58.0
58.0
288.0
586.0
586.0
585.0
584.0
584.0
584.0
585.0
587.0
585.0
562.0
560.0
560.0
559.0
559.0
559.0
47.0
59.0
58.0
58.0
288.0
583.0
586.0
586.0
588.0
587.0
586.0
585.0
585.0
587.0
586.0
560.0
560.0
559.0
631.0
629.0
48.0
59.0
59.0
58.0
289.0
632.0
632.0
630.0
630.0
631.0
628.0
629.0
628.0
562.0
560.0
560.0
559.0
560.0
559.0
559.0
47.0
57.0
58.0
58.0
287.0
585.0
585.0
586.0
584.0
586.0
585.0
582.0
583.0
583.0
583.0
561.0
561.0
562.0
560.0
560.0
48.0
59.0
58.0
58.0
287.0
559.0
560.0
584.0
586.0
586.0
587.0
586.0
588.0
587.0
586.0
586.0
586.0
562.0
560.0
560.0
47.0
57.0
57.0
57.0
287.0
559.0
561.0
559.0
588.0
583.0
583.0
584.0
583.0
583.0
584.0
583.0
587.0
583.0
559.0
558.0
48.0
58.0
58.0
58.0
287.0
625.0
626.0
624.0
623.0
626.0
624.0
623.0
623.0
624.0
626.0
564.0
561.0
561.0
560.0
560.0
46.0
57.0
57.0
57.0
286.0
558.0
560.0
581.0
585.0
585.0
587.0
584.0
580.0
585.0
579.0
578.0
568.0
568.0
513.0
533.0
107.0
107.0
67.0
68.0
68.0
67.0
55.0
3.0
3.0
4.0
80.0
130.0
129.0
64.0
63.0
63.0
51.0
14.0
2.0
2.0
64.0
63.0
113.0
114.0
63.0
62.0
50.0
14.0
4.0
4.0
113.0
113.0
63.0
63.0
63.0
63.0
51.0
14.0
2.0
2.0
310.0
264.0
310.0
309.0
531.0
389.0
300.0
260.0
3.0
3.0
819.0
604.0
497.0
623.0
625.0
624.0
612.0
572.0
296.0
295.0
543.0
624.0
547.0
622.0
527.0
602.0
590.0
552.0
295.0
296.0
523.0
605.0
602.0
523.0
628.0
550.0
612.0
576.0
295.0
295.0
550.0
625.0
626.0
625.0
550.0
625.0
513.0
553.0
295.0
296.0
589.0
668.0
668.0
593.0
668.0
667.0
657.0
544.0
362.0
360.0
603.0
523.0
603.0
523.0
523.0
604.0
590.0
554.0
295.0
295.0
549.0
625.0
625.0
626.0
625.0
550.0
539.0
577.0
318.0
318.0
523.0
602.0
603.0
601.0
603.0
522.0
589.0
481.0
295.0
295.0
627.0
548.0
625.0
548.0
626.0
624.0
537.0
576.0
317.0
321.0
603.0
602.0
524.0
602.0
523.0
523.0
590.0
552.0
294.0
294.0
639.0
625.0
553.0
627.0
626.0
551.0
613.0
508.0
318.0
319.0
675.0
676.0
595.0
676.0
677.0
594.0
585.0
631.0
295.0
294.0
674.0
678.0
526.0
604.0
605.0
525.0
514.0
554.0
295.0
295.0
624.0
639.0
626.0
550.0
625.0
550.0
539.0
577.0
297.0
295.0
625.0
626.0
602.0
603.0
524.0
608.0
514.0
482.0
295.0
297.0
51.0
51.0
56.0
51.0
52.0
51.0
33.0
2.0
2.0
1.0
62.0
54.0
64.0
54.0
62.0
62.0
39.0
2.0
2.0
1.0
62.0
54.0
63.0
55.0
62.0
64.0
39.0
2.0
2.0
1.0
63.0
63.0
54.0
62.0
62.0
53.0
39.0
2.0
2.0
1.0
333.0
332.0
333.0
332.0
332.0
294.0
278.0
215.0
2.0
2.0
625.0
626.0
550.0
528.0
523.0
602.0
585.0
541.0
295.0
295.0
602.0
602.0
601.0
601.0
549.0
549.0
534.0
564.0
295.0
294.0
626.0
625.0
625.0
624.0
624.0
623.0
508.0
471.0
256.0
296.0
590.0
668.0
668.0
592.0
674.0
591.0
654.0
611.0
366.0
367.0
526.0
603.0
605.0
603.0
523.0
523.0
584.0
541.0
294.0
295.0
548.0
625.0
624.0
627.0
626.0
556.0
538.0
577.0
318.0
317.0
554.0
607.0
618.0
614.0
611.0
606.0
589.0
511.0
280.0
295.0
571.0
566.0
626.0
626.0
626.0
557.0
609.0
564.0
317.0
317.0
529.0
602.0
603.0
522.0
601.0
523.0
608.0
540.0
294.0
295.0
560.0
614.0
561.0
619.0
610.0
577.0
552.0
549.0
310.0
286.0
541.0
652.0
655.0
607.0
654.0
657.0
594.0
595.0
265.0
287.0
608.0
654.0
610.0
542.0
588.0
585.0
526.0
530.0
287.0
289.0
585.0
608.0
541.0
609.0
566.0
566.0
592.0
513.0
286.0
287.0
609.0
609.0
566.0
612.0
586.0
540.0
570.0
486.0
264.0
286.0
540.0
610.0
610.0
611.0
566.0
609.0
550.0
511.0
287.0
287.0
50.0
46.0
49.0
72.0
69.0
73.0
33.0
2.0
2.0
1.0
57.0
61.0
61.0
61.0
56.0
56.0
43.0
1.0
2.0
1.0
56.0
61.0
61.0
61.0
55.0
56.0
43.0
1.0
2.0
2.0
56.0
61.0
56.0
61.0
61.0
61.0
44.0
2.0
2.0
1.0
301.0
277.0
278.0
277.0
301.0
278.0
284.0
242.0
2.0
1.0
586.0
587.0
541.0
541.0
608.0
562.0
591.0
487.0
286.0
286.0
608.0
609.0
608.0
608.0
567.0
567.0
552.0
490.0
286.0
285.0
659.0
658.0
657.0
656.0
656.0
656.0
597.0
558.0
338.0
336.0
541.0
540.0
590.0
586.0
585.0
586.0
581.0
528.0
264.0
264.0
566.0
566.0
566.0
566.0
607.0
607.0
591.0
548.0
309.0
309.0
541.0
584.0
539.0
584.0
539.0
541.0
567.0
526.0
286.0
285.0
566.0
571.0
607.0
607.0
607.0
564.0
548.0
550.0
309.0
309.0
586.0
540.0
540.0
585.0
539.0
584.0
525.0
526.0
286.0
285.0
609.0
608.0
566.0
566.0
607.0
565.0
590.0
510.0
310.0
309.0
583.0
584.0
586.0
584.0
605.0
605.0
590.0
549.0
288.0
286.0
651.0
649.0
649.0
663.0
649.0
659.0
543.0
490.0
266.0
265.0
542.0
545.0
608.0
609.0
608.0
612.0
553.0
552.0
287.0
265.0
569.0
611.0
568.0
568.0
585.0
584.0
568.0
486.0
286.0
287.0
584.0
539.0
540.0
540.0
585.0
585.0
550.0
548.0
287.0
288.0
602.0
604.0
568.0
600.0
569.0
568.0
583.0
540.0
265.0
284.0
46.0
46.0
48.0
48.0
46.0
46.0
13.0
2.0
1.0
2.0
58.0
58.0
58.0
58.0
57.0
58.0
24.0
2.0
1.0
2.0
59.0
59.0
59.0
58.0
57.0
58.0
25.0
2.0
1.0
2.0
58.0
59.0
58.0
58.0
57.0
57.0
24.0
1.0
1.0
2.0
287.0
289.0
287.0
287.0
289.0
287.0
254.0
2.0
1.0
2.0
586.0
586.0
585.0
585.0
584.0
585.0
552.0
299.0
301.0
299.0
559.0
560.0
559.0
561.0
562.0
621.0
595.0
274.0
274.0
273.0
629.0
624.0
626.0
625.0
629.0
625.0
595.0
341.0
279.0
276.0
569.0
574.0
605.0
610.0
605.0
602.0
567.0
281.0
284.0
284.0
615.0
613.0
613.0
608.0
607.0
577.0
545.0
289.0
288.0
288.0
564.0
559.0
565.0
559.0
558.0
559.0
529.0
276.0
275.0
274.0
591.0
593.0
585.0
584.0
590.0
589.0
557.0
299.0
299.0
298.0
559.0
559.0
559.0
564.0
586.0
582.0
555.0
274.0
276.0
277.0
585.0
584.0
589.0
591.0
584.0
583.0
556.0
275.0
277.0
275.0
630.0
635.0
635.0
629.0
634.0
635.0
599.0
277.0
274.0
276.0
632.0
641.0
636.0
564.0
569.0
567.0
529.0
273.0
273.0
279.0
559.0
560.0
562.0
568.0
563.0
567.0
554.0
276.0
278.0
276.0
584.0
590.0
592.0
585.0
583.0
584.0
557.0
302.0
302.0
274.0
565.0
565.0
559.0
583.0
589.0
590.0
547.0
277.0
275.0
273.0
591.0
586.0
586.0
591.0
590.0
588.0
527.0
277.0
277.0
277.0
47.0
48.0
47.0
47.0
46.0
46.0
13.0
2.0
2.0
2.0
58.0
58.0
58.0
58.0
57.0
57.0
25.0
2.0
1.0
2.0
58.0
59.0
59.0
58.0
57.0
57.0
25.0
2.0
1.0
2.0
58.0
59.0
58.0
58.0
57.0
57.0
25.0
2.0
2.0
1.0
291.0
287.0
287.0
289.0
287.0
288.0
256.0
2.0
2.0
1.0
588.0
585.0
590.0
589.0
585.0
583.0
552.0
301.0
298.0
301.0
564.0
559.0
564.0
559.0
563.0
564.0
600.0
274.0
273.0
276.0
634.0
632.0
632.0
635.0
638.0
626.0
601.0
352.0
350.0
274.0
570.0
570.0
559.0
564.0
561.0
563.0
532.0
277.0
280.0
275.0
585.0
584.0
589.0
589.0
589.0
585.0
556.0
299.0
298.0
300.0
561.0
560.0
565.0
560.0
560.0
563.0
531.0
276.0
273.0
276.0
589.0
584.0
591.0
584.0
584.0
591.0
551.0
299.0
301.0
301.0
559.0
565.0
565.0
566.0
558.0
565.0
526.0
273.0
274.0
276.0
585.0
583.0
590.0
585.0
588.0
587.0
554.0
298.0
299.0
300.0
559.0
559.0
565.0
558.0
557.0
635.0
525.0
275.0
276.0
276.0
641.0
639.0
641.0
627.0
626.0
638.0
601.0
350.0
352.0
277.0
564.0
564.0
564.0
571.0
568.0
568.0
527.0
274.0
277.0
276.0
585.0
587.0
591.0
586.0
584.0
591.0
558.0
303.0
302.0
300.0
564.0
565.0
559.0
559.0
558.0
565.0
525.0
274.0
278.0
276.0
584.0
588.0
590.0
588.0
590.0
584.0
553.0
300.0
299.0
301.0
47.0
47.0
47.0
46.0
46.0
46.0
2.0
1.0
1.0
1.0
59.0
58.0
57.0
57.0
57.0
57.0
2.0
1.0
2.0
1.0
59.0
58.0
58.0
59.0
58.0
57.0
1.0
2.0
1.0
1.0
58.0
57.0
58.0
58.0
58.0
57.0
2.0
1.0
2.0
1.0
289.0
287.0
285.0
287.0
286.0
288.0
233.0
1.0
2.0
1.0
559.0
565.0
565.0
589.0
583.0
588.0
529.0
273.0
274.0
276.0
586.0
584.0
587.0
584.0
588.0
588.0
502.0
277.0
274.0
276.0
657.0
643.0
653.0
645.0
641.0
659.0
589.0
356.0
355.0
355.0
583.0
591.0
569.0
568.0
573.0
563.0
509.0
280.0
285.0
281.0
585.0
589.0
587.0
587.0
589.0
584.0
529.0
299.0
299.0
301.0
559.0
559.0
563.0
558.0
563.0
563.0
506.0
276.0
273.0
274.0
592.0
584.0
584.0
584.0
583.0
589.0
528.0
301.0
301.0
301.0
565.0
566.0
566.0
565.0
558.0
558.0
503.0
273.0
273.0
276.0
585.0
586.0
590.0
590.0
590.0
589.0
536.0
298.0
296.0
296.0
561.0
561.0
559.0
559.0
558.0
564.0
508.0
277.0
277.0
276.0
633.0
632.0
636.0
627.0
627.0
625.0
584.0
342.0
341.0
347.0
565.0
566.0
574.0
565.0
566.0
580.0
508.0
273.0
276.0
277.0
584.0
586.0
587.0
586.0
586.0
590.0
532.0
300.0
300.0
299.0
566.0
564.0
559.0
560.0
558.0
565.0
503.0
275.0
276.0
277.0
586.0
591.0
591.0
602.0
593.0
584.0
530.0
274.0
296.0
300.0
73.0
49.0
48.0
48.0
46.0
46.0
13.0
2.0
1.0
2.0
58.0
58.0
59.0
58.0
57.0
57.0
24.0
2.0
1.0
1.0
59.0
59.0
58.0
59.0
57.0
57.0
24.0
2.0
1.0
2.0
58.0
59.0
58.0
58.0
58.0
58.0
25.0
2.0
2.0
1.0
288.0
292.0
288.0
287.0
286.0
291.0
256.0
1.0
2.0
2.0
566.0
566.0
573.0
586.0
585.0
584.0
557.0
275.0
274.0
277.0
586.0
587.0
590.0
590.0
588.0
589.0
533.0
274.0
274.0
274.0
632.0
633.0
633.0
634.0
630.0
640.0
604.0
278.0
278.0
347.0
645.0
639.0
564.0
563.0
563.0
565.0
530.0
275.0
273.0
278.0
589.0
591.0
594.0
593.0
594.0
591.0
555.0
274.0
276.0
275.0
587.0
588.0
588.0
566.0
559.0
562.0
530.0
276.0
276.0
274.0
565.0
591.0
585.0
597.0
584.0
586.0
556.0
274.0
276.0
277.0
586.0
589.0
589.0
590.0
559.0
564.0
532.0
274.0
275.0
274.0
561.0
564.0
560.0
559.0
565.0
589.0
531.0
275.0
276.0
275.0
585.0
589.0
589.0
584.0
583.0
583.0
551.0
301.0
301.0
277.0
627.0
632.0
631.0
641.0
630.0
631.0
593.0
274.0
275.0
273.0
630.0
630.0
631.0
568.0
564.0
569.0
525.0
276.0
276.0
276.0
590.0
592.0
590.0
592.0
587.0
589.0
559.0
276.0
278.0
274.0
590.0
591.0
586.0
560.0
563.0
563.0
525.0
273.0
275.0
276.0
559.0
560.0
566.0
564.0
585.0
584.0
565.0
274.0
276.0
276.0
46.0
46.0
47.0
46.0
46.0
46.0
2.0
1.0
1.0
1.0
81.0
81.0
82.0
82.0
82.0
82.0
1.0
2.0
1.0
1.0
83.0
59.0
59.0
58.0
58.0
57.0
1.0
2.0
1.0
1.0
57.0
57.0
58.0
58.0
57.0
56.0
2.0
1.0
1.0
2.0
288.0
286.0
286.0
286.0
288.0
288.0
1.0
1.0
1.0
2.0
563.0
559.0
564.0
559.0
564.0
559.0
273.0
274.0
276.0
278.0
592.0
592.0
608.0
598.0
601.0
598.0
276.0
274.0
321.0
309.0
600.0
618.0
586.0
652.0
651.0
697.0
294.0
280.0
280.0
283.0
638.0
636.0
635.0
637.0
631.0
628.0
340.0
274.0
274.0
304.0
558.0
558.0
558.0
571.0
570.0
571.0
274.0
280.0
273.0
306.0
584.0
592.0
584.0
606.0
585.0
583.0
300.0
301.0
301.0
300.0
558.0
559.0
565.0
564.0
564.0
563.0
285.0
276.0
273.0
273.0
583.0
589.0
582.0
582.0
584.0
583.0
276.0
275.0
276.0
299.0
589.0
590.0
589.0
565.0
564.0
563.0
273.0
273.0
273.0
284.0
584.0
583.0
584.0
584.0
592.0
590.0
277.0
277.0
276.0
278.0
589.0
589.0
583.0
587.0
557.0
558.0
273.0
274.0
275.0
276.0
626.0
623.0
631.0
630.0
630.0
631.0
273.0
276.0
341.0
342.0
624.0
631.0
560.0
564.0
558.0
559.0
278.0
280.0
276.0
276.0
563.0
566.0
557.0
567.0
563.0
592.0
276.0
272.0
274.0
273.0
584.0
586.0
584.0
584.0
586.0
589.0
302.0
301.0
302.0
275.0
47.0
48.0
47.0
47.0
46.0
46.0
2.0
1.0
1.0
1.0
58.0
58.0
57.0
57.0
57.0
57.0
1.0
2.0
2.0
1.0
58.0
58.0
56.0
56.0
56.0
58.0
1.0
1.0
2.0
1.0
58.0
59.0
58.0
57.0
56.0
56.0
2.0
1.0
2.0
1.0
290.0
287.0
290.0
291.0
290.0
286.0
233.0
1.0
1.0
1.0
584.0
583.0
582.0
591.0
582.0
589.0
533.0
302.0
302.0
298.0
559.0
564.0
566.0
560.0
558.0
557.0
510.0
277.0
273.0
276.0
591.0
584.0
590.0
582.0
589.0
589.0
527.0
273.0
272.0
301.0
585.0
583.0
562.0
564.0
560.0
556.0
504.0
276.0
275.0
276.0
629.0
644.0
628.0
624.0
625.0
626.0
565.0
339.0
342.0
340.0
559.0
565.0
558.0
563.0
564.0
557.0
502.0
290.0
274.0
275.0
589.0
583.0
600.0
583.0
584.0
583.0
532.0
302.0
301.0
298.0
565.0
559.0
563.0
565.0
559.0
564.0
508.0
274.0
275.0
275.0
583.0
582.0
582.0
589.0
583.0
587.0
531.0
300.0
297.0
303.0
560.0
565.0
570.0
557.0
559.0
556.0
509.0
273.0
276.0
276.0
583.0
590.0
590.0
583.0
590.0
591.0
533.0
298.0
299.0
298.0
560.0
559.0
558.0
561.0
571.0
565.0
504.0
277.0
275.0
275.0
640.0
640.0
639.0
630.0
630.0
629.0
575.0
351.0
356.0
345.0
564.0
563.0
558.0
564.0
563.0
562.0
503.0
274.0
273.0
273.0
583.0
584.0
584.0
591.0
601.0
586.0
528.0
302.0
302.0
303.0
47.0
47.0
47.0
26.0
1.0
2.0
1.0
1.0
1.0
1.0
56.0
57.0
56.0
37.0
1.0
1.0
1.0
2.0
1.0
1.0
56.0
57.0
57.0
36.0
2.0
2.0
1.0
1.0
1.0
1.0
57.0
57.0
56.0
36.0
1.0
1.0
1.0
1.0
1.0
2.0
289.0
289.0
288.0
269.0
231.0
1.0
2.0
1.0
1.0
1.0
563.0
558.0
559.0
538.0
502.0
273.0
275.0
276.0
276.0
276.0
584.0
588.0
590.0
568.0
534.0
299.0
299.0
299.0
301.0
299.0
574.0
579.0
579.0
551.0
519.0
287.0
288.0
285.0
286.0
282.0
589.0
600.0
588.0
578.0
533.0
276.0
275.0
285.0
287.0
286.0
587.0
587.0
584.0
564.0
528.0
275.0
278.0
273.0
277.0
276.0
628.0
626.0
623.0
606.0
573.0
274.0
276.0
275.0
274.0
274.0
616.0
626.0
626.0
599.0
563.0
275.0
275.0
275.0
274.0
273.0
586.0
587.0
582.0
564.0
503.0
274.0
275.0
273.0
275.0
275.0
583.0
584.0
584.0
568.0
533.0
299.0
278.0
278.0
276.0
274.0
557.0
563.0
564.0
543.0
503.0
276.0
273.0
273.0
273.0
276.0
589.0
582.0
584.0
562.0
533.0
298.0
298.0
302.0
302.0
302.0
558.0
558.0
563.0
541.0
507.0
276.0
273.0
276.0
273.0
274.0
564.0
559.0
560.0
542.0
503.0
273.0
276.0
273.0
276.0
275.0
584.0
587.0
584.0
563.0
532.0
302.0
301.0
302.0
299.0
298.0
560.0
557.0
557.0
533.0
502.0
276.0
273.0
275.0
274.0
273.0
