3.0
3.0
2.0
2.0
2.0
2.0
2.0
3.0
3.0
2.0
13.0
12.0
12.0
13.0
13.0
12.0
12.0
13.0
12.0
13.0
13.0
13.0
13.0
12.0
13.0
13.0
12.0
12.0
12.0
12.0
27.0
27.0
27.0
28.0
27.0
27.0
27.0
28.0
27.0
13.0
13.0
13.0
13.0
12.0
12.0
12.0
13.0
13.0
12.0
12.0
13.0
12.0
12.0
12.0
12.0
12.0
12.0
12.0
12.0
12.0
13.0
12.0
12.0
12.0
12.0
12.0
12.0
12.0
12.0
12.0
12.0
12.0
12.0
12.0
12.0
11.0
12.0
12.0
12.0
12.0
12.0
12.0
12.0
12.0
12.0
12.0
12.0
12.0
12.0
13.0
1080.0
1077.0
1068.0
1076.0
1099.0
1102.0
1101.0
1090.0
1091.0
1098.0
1077.0
1079.0
1083.0
1083.0
1080.0
1085.0
1090.0
1089.0
1086.0
1088.0
1114.0
1113.0
1115.0
1118.0
1114.0
1114.0
1113.0
1118.0
1110.0
1115.0
1074.0
1073.0
1077.0
1078.0
1078.0
1082.0
1083.0
1082.0
1080.0
1079.0
1073.0
1079.0
1081.0
1083.0
1092.0
1082.0
1078.0
1087.0
1075.0
1081.0
1129.0
1137.0
1137.0
1140.0
1137.0
1136.0
1141.0
1137.0
1138.0
1140.0
1079.0
1077.0
1074.0
1081.0
1077.0
1085.0
1090.0
1084.0
1081.0
1084.0
1078.0
1084.0
1083.0
1078.0
1078.0
1081.0
1081.0
1084.0
1082.0
1081.0
1075.0
1071.0
1078.0
1076.0
1080.0
1082.0
1084.0
1082.0
1085.0
1085.0
1115.0
1108.0
1110.0
1111.0
1112.0
1117.0
1123.0
1121.0
1124.0
1118.0
1082.0
1080.0
1076.0
1078.0
1081.0
1084.0
1087.0
1088.0
1090.0
1089.0
1075.0
1069.0
1065.0
1066.0
1081.0
1091.0
1096.0
1093.0
1090.0
1095.0
13.0
12.0
20.0
12.0
21.0
12.0
12.0
13.0
22.0
21.0
13.0
12.0
12.0
12.0
12.0
12.0
21.0
22.0
21.0
22.0
13.0
13.0
12.0
12.0
12.0
12.0
12.0
12.0
12.0
12.0
13.0
13.0
22.0
22.0
21.0
22.0
12.0
12.0
12.0
12.0
12.0
12.0
12.0
12.0
12.0
12.0
13.0
12.0
22.0
21.0
23.0
22.0
12.0
12.0
13.0
12.0
12.0
13.0
13.0
12.0
12.0
12.0
22.0
22.0
12.0
12.0
21.0
21.0
12.0
12.0
13.0
12.0
12.0
13.0
22.0
22.0
12.0
6.0
11.0
2.0
13.0
7.0
6.0
6.0
11.0
6.0
6.0
6.0
6.0
3.0
3.0
1.0
1.0
1.0
3.0
3.0
2.0
2.0
1.0
1.0
13.0
12.0
12.0
12.0
13.0
13.0
21.0
21.0
22.0
22.0
12.0
12.0
12.0
12.0
12.0
12.0
22.0
22.0
12.0
12.0
13.0
13.0
12.0
12.0
21.0
22.0
13.0
13.0
12.0
11.0
13.0
13.0
22.0
22.0
22.0
21.0
10.0
12.0
12.0
12.0
12.0
12.0
10.0
12.0
12.0
12.0
12.0
12.0
21.0
21.0
10.0
22.0
22.0
12.0
12.0
12.0
12.0
13.0
10.0
12.0
13.0
12.0
12.0
12.0
22.0
21.0
10.0
21.0
21.0
12.0
13.0
12.0
10.0
12.0
12.0
10.0
22.0
11.0
6.0
2.0
13.0
6.0
6.0
6.0
11.0
10.0
6.0
6.0
6.0
1.0
2.0
2.0
3.0
2.0
1.0
2.0
1.0
2.0
1.0
1.0
22.0
21.0
12.0
12.0
22.0
12.0
9.0
12.0
13.0
22.0
10.0
12.0
12.0
12.0
12.0
12.0
10.0
21.0
22.0
22.0
13.0
12.0
12.0
13.0
12.0
20.0
9.0
12.0
12.0
12.0
12.0
12.0
10.0
15.0
22.0
22.0
12.0
12.0
12.0
12.0
13.0
10.0
13.0
12.0
10.0
12.0
12.0
12.0
12.0
12.0
12.0
22.0
22.0
10.0
13.0
12.0
12.0
12.0
13.0
12.0
12.0
10.0
12.0
12.0
13.0
13.0
12.0
12.0
21.0
21.0
13.0
10.0
12.0
13.0
12.0
12.0
12.0
6.0
5.0
1.0
13.0
5.0
6.0
6.0
11.0
10.0
6.0
4.0
6.0
1.0
2.0
2.0
1.0
2.0
2.0
2.0
2.0
2.0
1.0
2.0
13.0
13.0
12.0
12.0
12.0
10.0
13.0
12.0
22.0
22.0
10.0
13.0
12.0
12.0
12.0
12.0
12.0
12.0
10.0
12.0
12.0
12.0
12.0
12.0
12.0
12.0
22.0
22.0
10.0
12.0
12.0
12.0
12.0
13.0
12.0
12.0
9.0
22.0
22.0
13.0
13.0
12.0
13.0
12.0
12.0
12.0
10.0
10.0
12.0
12.0
12.0
13.0
12.0
12.0
13.0
10.0
22.0
22.0
12.0
12.0
13.0
13.0
12.0
10.0
12.0
10.0
10.0
12.0
12.0
12.0
12.0
12.0
12.0
10.0
22.0
22.0
9.0
5.0
6.0
1.0
13.0
6.0
6.0
5.0
6.0
6.0
6.0
5.0
5.0
2.0
2.0
2.0
2.0
2.0
2.0
1.0
2.0
2.0
2.0
1.0
12.0
12.0
13.0
10.0
12.0
10.0
12.0
12.0
21.0
21.0
10.0
10.0
12.0
12.0
12.0
12.0
12.0
12.0
10.0
10.0
13.0
14.0
12.0
12.0
12.0
12.0
22.0
22.0
9.0
10.0
13.0
12.0
12.0
13.0
12.0
12.0
10.0
9.0
12.0
12.0
12.0
12.0
12.0
12.0
12.0
12.0
10.0
10.0
12.0
12.0
11.0
11.0
12.0
12.0
12.0
12.0
13.0
12.0
10.0
10.0
12.0
13.0
12.0
12.0
12.0
12.0
13.0
12.0
10.0
10.0
12.0
12.0
12.0
12.0
12.0
12.0
12.0
6.0
4.0
1.0
10.0
6.0
4.0
6.0
6.0
6.0
6.0
6.0
5.0
2.0
2.0
2.0
1.0
1.0
1.0
2.0
1.0
2.0
2.0
1.0
13.0
10.0
12.0
12.0
12.0
12.0
12.0
10.0
12.0
13.0
10.0
10.0
12.0
12.0
12.0
12.0
13.0
13.0
12.0
12.0
11.0
10.0
12.0
12.0
13.0
12.0
12.0
12.0
12.0
12.0
18.0
18.0
20.0
21.0
20.0
20.0
20.0
20.0
21.0
21.0
10.0
10.0
13.0
13.0
12.0
13.0
13.0
12.0
12.0
12.0
11.0
10.0
10.0
10.0
12.0
12.0
12.0
12.0
12.0
12.0
13.0
12.0
10.0
9.0
12.0
12.0
12.0
12.0
12.0
12.0
12.0
13.0
10.0
9.0
12.0
12.0
12.0
6.0
6.0
1.0
13.0
6.0
6.0
5.0
4.0
6.0
6.0
6.0
6.0
2.0
2.0
1.0
2.0
2.0
2.0
2.0
1.0
2.0
2.0
2.0
12.0
10.0
12.0
12.0
12.0
13.0
13.0
13.0
10.0
12.0
10.0
10.0
12.0
12.0
12.0
12.0
12.0
12.0
12.0
12.0
11.0
10.0
12.0
12.0
12.0
12.0
12.0
12.0
12.0
12.0
10.0
10.0
12.0
13.0
13.0
12.0
12.0
12.0
13.0
12.0
10.0
10.0
12.0
12.0
12.0
12.0
12.0
12.0
12.0
12.0
10.0
10.0
10.0
10.0
12.0
12.0
12.0
12.0
12.0
12.0
13.0
12.0
10.0
10.0
12.0
13.0
13.0
12.0
12.0
13.0
12.0
13.0
10.0
10.0
13.0
12.0
12.0
6.0
6.0
1.0
13.0
6.0
6.0
5.0
5.0
6.0
6.0
6.0
6.0
1.0
2.0
2.0
2.0
1.0
1.0
2.0
1.0
2.0
2.0
1.0
12.0
12.0
10.0
13.0
13.0
12.0
12.0
12.0
12.0
10.0
10.0
10.0
12.0
13.0
12.0
12.0
12.0
12.0
12.0
12.0
10.0
11.0
10.0
12.0
12.0
12.0
12.0
12.0
12.0
12.0
11.0
10.0
11.0
12.0
12.0
12.0
12.0
12.0
12.0
12.0
11.0
11.0
11.0
12.0
13.0
12.0
13.0
12.0
12.0
13.0
11.0
11.0
10.0
12.0
12.0
12.0
12.0
12.0
12.0
12.0
11.0
10.0
11.0
12.0
12.0
12.0
12.0
12.0
12.0
12.0
11.0
10.0
10.0
10.0
11.0
12.0
12.0
6.0
6.0
2.0
13.0
6.0
5.0
6.0
6.0
6.0
6.0
5.0
6.0
1.0
2.0
2.0
1.0
1.0
2.0
2.0
2.0
2.0
2.0
1.0
1165.0
1003.0
1011.0
1162.0
1160.0
1166.0
1169.0
1007.0
1163.0
1170.0
1048.0
1052.0
1049.0
1201.0
1203.0
1204.0
1210.0
1204.0
1206.0
1205.0
1010.0
1008.0
1008.0
1163.0
1173.0
1168.0
1164.0
1166.0
1168.0
1162.0
1074.0
1081.0
1151.0
1113.0
1110.0
1110.0
1108.0
1159.0
1153.0
1113.0
1146.0
1139.0
1140.0
1124.0
1119.0
1119.0
1119.0
1120.0
1113.0
1115.0
1079.0
1081.0
1081.0
1093.0
1086.0
1080.0
1083.0
1082.0
1079.0
1074.0
1079.0
1074.0
1084.0
1073.0
1075.0
1075.0
1073.0
1074.0
1078.0
1079.0
1071.0
1073.0
1075.0
1135.0
1135.0
1132.0
1134.0
1127.0
1125.0
1124.0
1120.0
1107.0
1110.0
1069.0
1080.0
1078.0
1079.0
601.0
587.0
584.0
604.0
600.0
598.0
602.0
609.0
605.0
587.0
588.0
590.0
587.0
1081.0
1077.0
1083.0
1078.0
1077.0
1085.0
1083.0
1098.0
1096.0
1095.0
1077.0
1080.0
1084.0
1086.0
1078.0
1136.0
1136.0
1121.0
1124.0
1122.0
1121.0
1113.0
1130.0
1138.0
1137.0
1083.0
1088.0
1080.0
1086.0
1088.0
1121.0
1104.0
1076.0
1088.0
1088.0
1085.0
1077.0
1080.0
1081.0
1072.0
1078.0
1082.0
1076.0
1079.0
1084.0
1082.0
1130.0
1140.0
1141.0
1133.0
1119.0
1118.0
1119.0
1121.0
1122.0
1123.0
1079.0
1073.0
1079.0
1077.0
1074.0
1081.0
1079.0
1078.0
1077.0
1074.0
1076.0
1077.0
1074.0
1077.0
1121.0
1141.0
1095.0
1123.0
1116.0
1114.0
1121.0
1115.0
1113.0
1105.0
1161.0
1148.0
1206.0
1147.0
1148.0
1148.0
1111.0
651.0
651.0
644.0
594.0
592.0
590.0
590.0
593.0
594.0
599.0
615.0
654.0
602.0
1075.0
1080.0
1077.0
1078.0
1080.0
1088.0
1102.0
1090.0
1085.0
1083.0
1112.0
1108.0
1110.0
1110.0
1101.0
1079.0
1079.0
1082.0
1082.0
1090.0
1131.0
1129.0
1122.0
1128.0
1128.0
1121.0
1117.0
1128.0
1126.0
1128.0
1080.0
1086.0
1084.0
1087.0
1083.0
1081.0
1076.0
1080.0
1075.0
1099.0
1083.0
1094.0
1090.0
1095.0
1094.0
1077.0
1083.0
1086.0
1082.0
1087.0
1140.0
1154.0
1151.0
1143.0
1146.0
1140.0
1135.0
1140.0
1137.0
1126.0
1080.0
1089.0
1082.0
1076.0
1088.0
1088.0
1072.0
1079.0
1074.0
1081.0
1081.0
1080.0
1081.0
1086.0
1078.0
1086.0
1087.0
1075.0
1069.0
1070.0
1077.0
1069.0
1082.0
1068.0
1080.0
1077.0
1081.0
589.0
586.0
610.0
599.0
600.0
653.0
651.0
648.0
648.0
655.0
658.0
652.0
657.0
1122.0
1124.0
1086.0
1078.0
1074.0
1077.0
1090.0
1086.0
1080.0
1091.0
1090.0
1098.0
1087.0
1078.0
1087.0
1088.0
1093.0
1094.0
1087.0
1095.0
1107.0
1116.0
1125.0
1098.0
1132.0
1133.0
1107.0
1095.0
1094.0
1095.0
1130.0
1124.0
1121.0
1113.0
1111.0
1115.0
1110.0
1122.0
1119.0
1133.0
1081.0
1082.0
1079.0
1093.0
1092.0
1097.0
1091.0
1096.0
1092.0
1080.0
1093.0
1100.0
1112.0
1089.0
1081.0
1086.0
1097.0
1084.0
1087.0
1087.0
1139.0
1136.0
1122.0
1118.0
1112.0
1121.0
1120.0
1115.0
1123.0
1119.0
1076.0
1073.0
1074.0
1090.0
1074.0
1088.0
1076.0
1081.0
1079.0
1076.0
1079.0
1068.0
1077.0
1071.0
1079.0
1073.0
1074.0
608.0
612.0
605.0
595.0
590.0
595.0
589.0
596.0
606.0
603.0
611.0
606.0
612.0
1145.0
1143.0
1141.0
1125.0
1124.0
1114.0
1115.0
1125.0
1109.0
1123.0
1086.0
1084.0
1087.0
1079.0
1075.0
1081.0
1079.0
1086.0
1071.0
1080.0
1086.0
1088.0
1081.0
1081.0
1077.0
1072.0
1076.0
1077.0
1087.0
1087.0
1085.0
1087.0
1089.0
1078.0
1077.0
1137.0
1138.0
1132.0
1141.0
1142.0
1138.0
1135.0
1139.0
1134.0
1130.0
1077.0
1074.0
1075.0
1082.0
1079.0
1085.0
1078.0
1074.0
1083.0
1073.0
1082.0
1083.0
1085.0
1077.0
1079.0
1092.0
1096.0
1094.0
1089.0
1094.0
1091.0
1085.0
1142.0
1168.0
1154.0
1121.0
1127.0
1123.0
1124.0
1121.0
1143.0
1139.0
1071.0
1070.0
1071.0
1075.0
1073.0
1069.0
1071.0
1076.0
1072.0
1072.0
590.0
586.0
584.0
602.0
604.0
602.0
604.0
606.0
606.0
601.0
604.0
591.0
587.0
1077.0
1076.0
1074.0
1077.0
1083.0
1083.0
1080.0
1077.0
1136.0
1129.0
1113.0
1118.0
1114.0
1118.0
1122.0
1116.0
1123.0
1113.0
1079.0
1079.0
1078.0
1075.0
1077.0
1080.0
1084.0
1075.0
1076.0
1075.0
1076.0
1078.0
1078.0
1079.0
1080.0
1078.0
1073.0
1079.0
1081.0
1078.0
1076.0
1073.0
1137.0
1139.0
1144.0
1136.0
1133.0
1143.0
1137.0
1143.0
1125.0
1118.0
1084.0
1079.0
1085.0
1088.0
1082.0
1087.0
1074.0
1075.0
1083.0
1082.0
1075.0
1073.0
1076.0
1072.0
1075.0
1070.0
1077.0
1081.0
1089.0
1087.0
1128.0
1129.0
1127.0
1125.0
1125.0
1134.0
1124.0
1126.0
1107.0
1100.0
1090.0
1074.0
1074.0
1068.0
1074.0
1075.0
1070.0
588.0
613.0
607.0
603.0
586.0
591.0
588.0
591.0
591.0
595.0
588.0
591.0
588.0
1081.0
1072.0
1083.0
1080.0
1081.0
1082.0
1080.0
1082.0
1079.0
1085.0
1109.0
1160.0
1157.0
1162.0
1145.0
1145.0
1148.0
1144.0
1143.0
1163.0
1110.0
1073.0
1079.0
1073.0
1083.0
1093.0
1092.0
1087.0
1087.0
1076.0
1080.0
1078.0
1081.0
1078.0
1082.0
1088.0
1085.0
1088.0
1081.0
1081.0
1094.0
1077.0
1083.0
1074.0
1085.0
1087.0
1093.0
1091.0
1093.0
1076.0
1117.0
1117.0
1106.0
1106.0
1121.0
1121.0
1109.0
1122.0
1121.0
1116.0
1082.0
1078.0
1080.0
1078.0
1082.0
1086.0
1110.0
1102.0
1100.0
1103.0
1081.0
1077.0
1081.0
1081.0
1103.0
1076.0
1088.0
1077.0
1083.0
1081.0
1129.0
1120.0
1118.0
1124.0
1111.0
1107.0
1122.0
649.0
647.0
649.0
594.0
598.0
601.0
592.0
605.0
608.0
608.0
613.0
612.0
620.0
1085.0
1099.0
1098.0
1097.0
1080.0
1075.0
1087.0
1085.0
1081.0
1092.0
1082.0
1083.0
1086.0
1088.0
1080.0
1075.0
1077.0
1082.0
1075.0
1081.0
1127.0
1136.0
1133.0
1143.0
1115.0
1113.0
1115.0
1117.0
1120.0
1120.0
1084.0
1092.0
1096.0
1093.0
1087.0
1078.0
1080.0
1082.0
1088.0
1088.0
1080.0
1084.0
1088.0
1085.0
1096.0
1084.0
1085.0
1079.0
1092.0
1093.0
1099.0
1113.0
1107.0
1107.0
1148.0
1143.0
1149.0
1166.0
1164.0
1165.0
1113.0
1138.0
1136.0
1138.0
1077.0
1081.0
1080.0
1091.0
1082.0
1072.0
1095.0
1077.0
1077.0
1076.0
1084.0
1078.0
1086.0
1086.0
1073.0
1074.0
1079.0
1081.0
1077.0
1079.0
1074.0
1072.0
1072.0
606.0
611.0
605.0
595.0
592.0
587.0
636.0
639.0
635.0
638.0
639.0
643.0
642.0
1121.0
1138.0
1132.0
1082.0
1090.0
1083.0
1079.0
1085.0
1091.0
1096.0
1070.0
1086.0
1087.0
1091.0
1089.0
1081.0
1083.0
1084.0
1076.0
1089.0
1084.0
1079.0
1080.0
1076.0
1075.0
1081.0
1077.0
1085.0
1074.0
1078.0
1118.0
1106.0
1104.0
1117.0
1111.0
1118.0
1115.0
1107.0
1102.0
1127.0
1084.0
1078.0
1082.0
1079.0
1078.0
1084.0
1087.0
1099.0
1096.0
1078.0
1076.0
1082.0
1080.0
1079.0
1074.0
1076.0
1075.0
1075.0
1074.0
1081.0
1125.0
1128.0
1124.0
1121.0
1131.0
1127.0
1127.0
1109.0
1115.0
1117.0
1081.0
1087.0
1080.0
1080.0
1075.0
1079.0
1076.0
1066.0
1069.0
1070.0
1076.0
1074.0
1075.0
1074.0
1067.0
1065.0
1073.0
611.0
608.0
600.0
593.0
587.0
595.0
603.0
610.0
609.0
599.0
609.0
613.0
606.0
1138.0
1136.0
1136.0
1149.0
1112.0
1116.0
1146.0
1139.0
1143.0
1138.0
1070.0
1078.0
1076.0
1080.0
1077.0
1070.0
1075.0
1076.0
1072.0
1069.0
1084.0
1080.0
1082.0
1087.0
1077.0
1075.0
1078.0
1079.0
1080.0
1076.0
1074.0
1081.0
1081.0
1125.0
1131.0
1129.0
1135.0
1131.0
1129.0
1132.0
1111.0
1110.0
1133.0
1079.0
1085.0
1079.0
1088.0
1087.0
1090.0
1087.0
1093.0
1093.0
1083.0
1092.0
1084.0
1088.0
1095.0
1090.0
1089.0
1090.0
1084.0
1082.0
1089.0
1091.0
1086.0
1085.0
1089.0
1089.0
1089.0
1090.0
1120.0
1117.0
1122.0
1106.0
1115.0
1120.0
1115.0
1115.0
1112.0
1111.0
1077.0
1073.0
1073.0
1080.0
1069.0
1075.0
1073.0
613.0
605.0
602.0
602.0
607.0
601.0
612.0
601.0
606.0
602.0
618.0
609.0
605.0
1076.0
1074.0
1072.0
1076.0
1074.0
1073.0
1079.0
1069.0
1081.0
1073.0
1112.0
1105.0
1114.0
1113.0
1109.0
1108.0
1107.0
1110.0
1112.0
1111.0
1081.0
1083.0
1079.0
1077.0
1075.0
1078.0
1076.0
1081.0
1075.0
1099.0
1074.0
1077.0
1084.0
1077.0
1089.0
1073.0
1094.0
1116.0
1104.0
1082.0
1134.0
1152.0
1140.0
1144.0
1148.0
1144.0
1137.0
1141.0
1140.0
1146.0
1087.0
1097.0
1088.0
1092.0
1090.0
1083.0
1078.0
1079.0
1081.0
1074.0
1079.0
1080.0
1076.0
1078.0
1074.0
1076.0
1083.0
1077.0
1079.0
1083.0
1079.0
1083.0
1078.0
1081.0
1082.0
1117.0
1127.0
1125.0
1126.0
1131.0
1113.0
1106.0
1110.0
1120.0
1127.0
1070.0
1070.0
593.0
590.0
590.0
603.0
610.0
607.0
607.0
602.0
608.0
592.0
586.0
585.0
586.0
1077.0
1079.0
1078.0
1076.0
1080.0
1087.0
1083.0
1079.0
1082.0
1083.0
1074.0
1073.0
1090.0
1080.0
1079.0
1089.0
1130.0
1131.0
1145.0
1142.0
1108.0
1120.0
1119.0
1113.0
1125.0
1139.0
1092.0
1073.0
1095.0
1084.0
1077.0
1081.0
1091.0
1107.0
1098.0
1089.0
1078.0
1081.0
1089.0
1081.0
1099.0
1094.0
1072.0
1091.0
1082.0
1092.0
1084.0
1089.0
1096.0
1087.0
1122.0
1109.0
1110.0
1112.0
1111.0
1115.0
1104.0
1118.0
1118.0
1115.0
1082.0
1086.0
1083.0
1086.0
1090.0
1094.0
1082.0
1089.0
1085.0
1101.0
1078.0
1083.0
1084.0
1083.0
1085.0
1087.0
1073.0
1081.0
1098.0
1084.0
1144.0
1139.0
1140.0
1147.0
1145.0
1148.0
1145.0
622.0
638.0
648.0
660.0
604.0
596.0
624.0
618.0
624.0
614.0
580.0
575.0
593.0
