1.0
1.0
1.0
1.0
0.0
0.0
1.0
1.0
1.0
1.0
8.0
8.0
27.0
27.0
173.0
172.0
172.0
172.0
173.0
173.0
172.0
172.0
172.0
172.0
154.0
154.0
154.0
153.0
154.0
154.0
154.0
154.0
154.0
153.0
170.0
170.0
171.0
171.0
171.0
170.0
172.0
171.0
170.0
171.0
155.0
154.0
154.0
154.0
154.0
154.0
7.0
7.0
27.0
27.0
154.0
153.0
171.0
171.0
171.0
170.0
170.0
171.0
171.0
170.0
171.0
171.0
154.0
154.0
171.0
171.0
171.0
170.0
171.0
171.0
171.0
171.0
170.0
171.0
154.0
154.0
154.0
154.0
154.0
155.0
154.0
154.0
154.0
153.0
170.0
170.0
8.0
7.0
26.0
26.0
171.0
170.0
170.0
170.0
170.0
170.0
170.0
169.0
153.0
153.0
153.0
153.0
153.0
153.0
154.0
153.0
171.0
170.0
171.0
170.0
171.0
170.0
171.0
170.0
170.0
170.0
153.0
153.0
171.0
169.0
170.0
169.0
171.0
170.0
171.0
171.0
8.0
7.0
26.0
7.0
171.0
152.0
154.0
134.0
154.0
135.0
154.0
134.0
154.0
134.0
154.0
134.0
171.0
151.0
171.0
152.0
171.0
151.0
170.0
151.0
171.0
151.0
154.0
134.0
153.0
135.0
154.0
134.0
153.0
134.0
170.0
135.0
171.0
151.0
170.0
152.0
7.0
7.0
26.0
7.0
170.0
150.0
170.0
151.0
170.0
134.0
154.0
134.0
153.0
134.0
171.0
151.0
170.0
151.0
170.0
151.0
170.0
151.0
169.0
151.0
153.0
134.0
153.0
134.0
154.0
135.0
153.0
135.0
169.0
135.0
166.0
149.0
163.0
147.0
160.0
144.0
8.0
8.0
43.0
42.0
170.0
170.0
171.0
170.0
170.0
170.0
170.0
170.0
154.0
154.0
171.0
171.0
169.0
170.0
170.0
170.0
171.0
170.0
171.0
170.0
155.0
154.0
154.0
154.0
154.0
154.0
154.0
153.0
154.0
154.0
169.0
169.0
170.0
169.0
171.0
170.0
8.0
8.0
27.0
27.0
170.0
170.0
169.0
170.0
154.0
154.0
154.0
154.0
155.0
153.0
171.0
171.0
171.0
170.0
171.0
171.0
172.0
171.0
171.0
170.0
154.0
155.0
155.0
156.0
171.0
171.0
171.0
170.0
171.0
171.0
171.0
170.0
170.0
171.0
154.0
154.0
8.0
7.0
26.0
27.0
154.0
154.0
154.0
154.0
155.0
154.0
153.0
154.0
171.0
170.0
171.0
171.0
171.0
171.0
171.0
170.0
171.0
171.0
153.0
154.0
153.0
154.0
170.0
170.0
171.0
170.0
171.0
170.0
171.0
169.0
171.0
170.0
154.0
153.0
154.0
154.0
8.0
8.0
27.0
26.0
153.0
154.0
172.0
170.0
171.0
171.0
171.0
170.0
171.0
171.0
172.0
171.0
155.0
154.0
155.0
154.0
155.0
154.0
155.0
155.0
154.0
154.0
171.0
171.0
171.0
171.0
171.0
170.0
171.0
170.0
171.0
171.0
155.0
153.0
154.0
154.0
8.0
7.0
27.0
26.0
154.0
153.0
170.0
170.0
171.0
171.0
171.0
170.0
171.0
170.0
171.0
170.0
154.0
152.0
154.0
153.0
171.0
170.0
170.0
170.0
171.0
170.0
172.0
171.0
171.0
170.0
155.0
153.0
154.0
154.0
155.0
154.0
153.0
153.0
154.0
153.0
8.0
7.0
26.0
26.0
171.0
170.0
171.0
170.0
172.0
171.0
171.0
171.0
172.0
170.0
154.0
153.0
154.0
153.0
154.0
153.0
154.0
153.0
171.0
170.0
171.0
169.0
171.0
170.0
171.0
170.0
171.0
170.0
154.0
153.0
154.0
153.0
173.0
172.0
174.0
172.0
7.0
7.0
27.0
25.0
173.0
173.0
174.0
173.0
174.0
173.0
155.0
154.0
155.0
154.0
155.0
153.0
154.0
154.0
172.0
171.0
172.0
170.0
171.0
171.0
172.0
171.0
171.0
171.0
168.0
164.0
168.0
167.0
167.0
168.0
173.0
175.0
172.0
192.0
184.0
183.0
9.0
8.0
30.0
29.0
181.0
179.0
178.0
177.0
176.0
175.0
176.0
158.0
154.0
153.0
154.0
153.0
170.0
170.0
170.0
170.0
171.0
170.0
171.0
169.0
170.0
169.0
154.0
153.0
154.0
153.0
154.0
153.0
171.0
170.0
171.0
169.0
171.0
170.0
171.0
170.0
7.0
7.0
26.0
26.0
170.0
170.0
154.0
153.0
154.0
153.0
154.0
153.0
154.0
153.0
170.0
170.0
170.0
171.0
170.0
170.0
170.0
171.0
170.0
171.0
154.0
155.0
156.0
156.0
156.0
156.0
157.0
156.0
156.0
172.0
172.0
171.0
170.0
170.0
171.0
171.0
0.0
0.0
1.0
1.0
86.0
86.0
86.0
70.0
70.0
70.0
70.0
70.0
70.0
70.0
69.0
70.0
69.0
69.0
69.0
69.0
69.0
69.0
69.0
69.0
70.0
69.0
69.0
69.0
70.0
70.0
69.0
70.0
70.0
70.0
68.0
86.0
87.0
86.0
86.0
86.0
7.0
7.0
43.0
43.0
170.0
170.0
171.0
154.0
154.0
154.0
154.0
153.0
153.0
153.0
171.0
170.0
170.0
170.0
171.0
171.0
171.0
171.0
171.0
171.0
154.0
154.0
154.0
154.0
154.0
154.0
154.0
154.0
154.0
154.0
170.0
171.0
171.0
170.0
170.0
171.0
7.0
8.0
27.0
27.0
170.0
170.0
170.0
169.0
154.0
153.0
153.0
154.0
153.0
153.0
171.0
170.0
171.0
170.0
170.0
170.0
170.0
170.0
170.0
170.0
153.0
154.0
153.0
154.0
170.0
171.0
171.0
171.0
170.0
171.0
171.0
170.0
171.0
171.0
154.0
154.0
8.0
8.0
26.0
26.0
154.0
154.0
154.0
154.0
153.0
154.0
154.0
153.0
173.0
172.0
172.0
172.0
173.0
173.0
172.0
172.0
172.0
173.0
154.0
154.0
153.0
154.0
154.0
154.0
154.0
154.0
171.0
170.0
171.0
171.0
171.0
170.0
170.0
170.0
171.0
171.0
7.0
8.0
27.0
26.0
154.0
154.0
153.0
154.0
154.0
153.0
171.0
170.0
170.0
170.0
170.0
169.0
170.0
170.0
169.0
169.0
154.0
154.0
154.0
154.0
153.0
154.0
170.0
170.0
170.0
170.0
170.0
170.0
170.0
170.0
171.0
171.0
156.0
156.0
155.0
155.0
7.0
7.0
26.0
26.0
155.0
155.0
154.0
155.0
170.0
170.0
169.0
170.0
170.0
169.0
170.0
170.0
170.0
169.0
154.0
153.0
153.0
153.0
153.0
154.0
153.0
153.0
170.0
170.0
170.0
171.0
171.0
170.0
170.0
170.0
170.0
170.0
153.0
153.0
153.0
153.0
7.0
7.0
26.0
26.0
170.0
169.0
170.0
170.0
169.0
170.0
171.0
171.0
171.0
171.0
154.0
155.0
155.0
155.0
155.0
155.0
154.0
154.0
154.0
154.0
173.0
173.0
173.0
173.0
174.0
174.0
173.0
174.0
174.0
173.0
155.0
155.0
154.0
154.0
154.0
154.0
7.0
7.0
26.0
26.0
172.0
172.0
173.0
172.0
173.0
173.0
173.0
173.0
173.0
173.0
155.0
155.0
154.0
154.0
156.0
155.0
156.0
156.0
172.0
172.0
171.0
172.0
171.0
172.0
170.0
170.0
169.0
170.0
153.0
153.0
153.0
153.0
153.0
153.0
170.0
171.0
7.0
7.0
26.0
26.0
170.0
170.0
170.0
170.0
170.0
170.0
170.0
171.0
153.0
153.0
153.0
153.0
153.0
153.0
153.0
152.0
154.0
153.0
170.0
170.0
170.0
171.0
170.0
170.0
170.0
170.0
169.0
170.0
153.0
153.0
153.0
153.0
154.0
153.0
170.0
170.0
8.0
7.0
25.0
26.0
169.0
169.0
170.0
170.0
170.0
169.0
169.0
170.0
153.0
153.0
153.0
153.0
153.0
153.0
169.0
170.0
170.0
170.0
170.0
170.0
170.0
170.0
169.0
170.0
153.0
153.0
153.0
153.0
153.0
154.0
153.0
153.0
173.0
170.0
171.0
171.0
1.0
0.0
1.0
0.0
69.0
69.0
86.0
86.0
87.0
87.0
87.0
86.0
70.0
70.0
69.0
69.0
69.0
69.0
69.0
70.0
69.0
70.0
69.0
69.0
70.0
69.0
70.0
69.0
70.0
69.0
69.0
69.0
69.0
69.0
69.0
70.0
68.0
69.0
69.0
69.0
8.0
7.0
26.0
26.0
171.0
169.0
171.0
170.0
170.0
170.0
171.0
170.0
170.0
170.0
154.0
153.0
154.0
154.0
154.0
153.0
170.0
170.0
171.0
169.0
170.0
170.0
170.0
170.0
170.0
170.0
154.0
153.0
154.0
152.0
170.0
170.0
170.0
169.0
171.0
170.0
8.0
7.0
27.0
26.0
171.0
170.0
170.0
170.0
153.0
153.0
154.0
153.0
154.0
153.0
154.0
153.0
154.0
154.0
171.0
170.0
170.0
170.0
170.0
170.0
170.0
170.0
170.0
169.0
154.0
153.0
153.0
153.0
154.0
153.0
154.0
152.0
171.0
170.0
170.0
169.0
8.0
7.0
26.0
26.0
171.0
169.0
171.0
170.0
171.0
170.0
153.0
154.0
171.0
170.0
171.0
169.0
170.0
169.0
170.0
170.0
170.0
169.0
153.0
153.0
154.0
153.0
154.0
153.0
154.0
154.0
154.0
153.0
170.0
169.0
170.0
170.0
170.0
170.0
170.0
169.0
8.0
7.0
26.0
26.0
170.0
170.0
154.0
154.0
154.0
153.0
154.0
153.0
154.0
153.0
171.0
171.0
171.0
171.0
171.0
170.0
171.0
170.0
170.0
170.0
153.0
153.0
153.0
153.0
153.0
153.0
170.0
170.0
170.0
170.0
170.0
169.0
170.0
170.0
170.0
170.0
7.0
7.0
26.0
26.0
152.0
153.0
152.0
153.0
154.0
153.0
169.0
170.0
170.0
170.0
170.0
170.0
170.0
169.0
169.0
170.0
154.0
153.0
153.0
153.0
154.0
153.0
153.0
153.0
170.0
170.0
169.0
169.0
170.0
170.0
169.0
169.0
170.0
170.0
153.0
153.0
7.0
7.0
26.0
25.0
153.0
153.0
154.0
154.0
153.0
153.0
169.0
170.0
170.0
170.0
169.0
169.0
169.0
169.0
170.0
170.0
153.0
153.0
153.0
153.0
170.0
170.0
169.0
170.0
170.0
169.0
169.0
170.0
170.0
170.0
152.0
153.0
154.0
153.0
154.0
153.0
7.0
7.0
26.0
26.0
153.0
153.0
153.0
153.0
170.0
170.0
170.0
171.0
170.0
170.0
170.0
170.0
170.0
170.0
153.0
153.0
153.0
153.0
153.0
153.0
170.0
169.0
169.0
170.0
170.0
170.0
170.0
170.0
170.0
169.0
153.0
153.0
153.0
153.0
152.0
153.0
7.0
7.0
25.0
26.0
170.0
169.0
169.0
170.0
170.0
170.0
170.0
170.0
169.0
170.0
152.0
154.0
154.0
153.0
152.0
153.0
153.0
153.0
170.0
169.0
170.0
169.0
169.0
170.0
170.0
170.0
169.0
169.0
153.0
153.0
153.0
154.0
154.0
153.0
170.0
170.0
7.0
8.0
25.0
7.0
169.0
77.0
170.0
76.0
170.0
92.0
170.0
92.0
170.0
92.0
153.0
75.0
153.0
76.0
154.0
76.0
153.0
76.0
153.0
76.0
170.0
76.0
169.0
76.0
170.0
76.0
169.0
92.0
170.0
93.0
170.0
92.0
170.0
75.0
154.0
76.0
0.0
1.0
0.0
1.0
69.0
69.0
70.0
70.0
70.0
69.0
69.0
70.0
69.0
69.0
69.0
69.0
69.0
69.0
69.0
69.0
70.0
69.0
70.0
70.0
69.0
69.0
70.0
86.0
86.0
86.0
85.0
86.0
86.0
86.0
86.0
86.0
85.0
69.0
70.0
69.0
8.0
7.0
26.0
26.0
154.0
153.0
154.0
153.0
153.0
154.0
154.0
153.0
153.0
153.0
170.0
170.0
170.0
170.0
170.0
169.0
170.0
170.0
171.0
170.0
154.0
153.0
154.0
153.0
154.0
153.0
154.0
170.0
171.0
170.0
171.0
170.0
170.0
171.0
170.0
170.0
25.0
7.0
26.0
8.0
153.0
134.0
154.0
135.0
170.0
150.0
170.0
151.0
170.0
150.0
170.0
150.0
170.0
151.0
153.0
134.0
154.0
134.0
154.0
134.0
154.0
134.0
153.0
135.0
170.0
151.0
170.0
151.0
170.0
150.0
170.0
151.0
170.0
151.0
154.0
134.0
7.0
7.0
27.0
7.0
154.0
135.0
153.0
134.0
154.0
135.0
153.0
134.0
171.0
151.0
171.0
151.0
171.0
151.0
171.0
152.0
171.0
151.0
154.0
134.0
154.0
134.0
153.0
134.0
154.0
135.0
153.0
134.0
171.0
151.0
171.0
151.0
170.0
151.0
171.0
151.0
8.0
7.0
43.0
24.0
154.0
76.0
154.0
76.0
154.0
75.0
154.0
75.0
154.0
76.0
171.0
75.0
170.0
75.0
170.0
75.0
170.0
92.0
169.0
93.0
170.0
93.0
171.0
75.0
154.0
76.0
153.0
76.0
153.0
76.0
154.0
75.0
171.0
76.0
170.0
75.0
7.0
7.0
26.0
7.0
170.0
92.0
170.0
92.0
173.0
93.0
175.0
93.0
173.0
76.0
165.0
79.0
166.0
87.0
172.0
89.0
176.0
91.0
171.0
85.0
186.0
84.0
185.0
85.0
187.0
83.0
184.0
100.0
178.0
99.0
178.0
99.0
177.0
80.0
155.0
77.0
8.0
8.0
26.0
7.0
153.0
76.0
153.0
76.0
153.0
76.0
170.0
76.0
170.0
76.0
170.0
93.0
169.0
93.0
169.0
92.0
170.0
92.0
153.0
76.0
153.0
76.0
153.0
76.0
153.0
75.0
154.0
76.0
153.0
76.0
170.0
75.0
169.0
76.0
169.0
76.0
7.0
7.0
26.0
7.0
169.0
93.0
170.0
92.0
169.0
92.0
170.0
76.0
153.0
76.0
154.0
77.0
154.0
76.0
154.0
76.0
170.0
76.0
170.0
76.0
171.0
76.0
170.0
92.0
170.0
93.0
170.0
92.0
170.0
76.0
154.0
75.0
153.0
75.0
154.0
76.0
7.0
7.0
26.0
7.0
153.0
75.0
153.0
76.0
170.0
75.0
170.0
75.0
170.0
75.0
170.0
92.0
169.0
93.0
170.0
92.0
169.0
76.0
153.0
76.0
153.0
76.0
154.0
76.0
153.0
76.0
153.0
76.0
170.0
75.0
169.0
75.0
170.0
92.0
170.0
92.0
7.0
7.0
26.0
7.0
170.0
92.0
170.0
92.0
153.0
76.0
153.0
76.0
153.0
76.0
153.0
75.0
153.0
76.0
170.0
75.0
170.0
76.0
170.0
75.0
170.0
93.0
170.0
93.0
169.0
92.0
170.0
76.0
153.0
76.0
153.0
76.0
154.0
76.0
153.0
76.0
0.0
1.0
0.0
1.0
69.0
69.0
69.0
69.0
69.0
69.0
69.0
69.0
69.0
69.0
86.0
86.0
86.0
86.0
86.0
86.0
86.0
86.0
86.0
87.0
69.0
70.0
69.0
70.0
70.0
71.0
70.0
71.0
70.0
70.0
71.0
70.0
71.0
71.0
71.0
70.0
7.0
7.0
26.0
7.0
170.0
135.0
171.0
151.0
171.0
152.0
171.0
151.0
170.0
151.0
170.0
135.0
153.0
134.0
154.0
134.0
153.0
134.0
153.0
134.0
170.0
151.0
171.0
151.0
170.0
151.0
170.0
150.0
170.0
152.0
154.0
135.0
153.0
135.0
153.0
135.0
7.0
7.0
26.0
7.0
153.0
134.0
154.0
134.0
170.0
152.0
170.0
151.0
171.0
152.0
171.0
151.0
171.0
151.0
153.0
135.0
154.0
134.0
153.0
134.0
153.0
134.0
170.0
134.0
169.0
151.0
170.0
151.0
169.0
151.0
170.0
152.0
170.0
134.0
153.0
135.0
7.0
7.0
26.0
7.0
153.0
134.0
153.0
134.0
169.0
134.0
170.0
151.0
169.0
151.0
170.0
151.0
169.0
151.0
170.0
134.0
153.0
135.0
154.0
135.0
171.0
135.0
170.0
152.0
171.0
151.0
170.0
152.0
171.0
151.0
172.0
136.0
153.0
136.0
155.0
135.0
7.0
7.0
27.0
7.0
154.0
76.0
171.0
76.0
170.0
76.0
170.0
76.0
170.0
76.0
170.0
93.0
170.0
92.0
170.0
93.0
154.0
76.0
153.0
75.0
154.0
76.0
153.0
76.0
153.0
76.0
170.0
76.0
170.0
76.0
169.0
76.0
170.0
92.0
170.0
93.0
7.0
7.0
26.0
8.0
169.0
92.0
170.0
75.0
153.0
76.0
153.0
76.0
154.0
76.0
153.0
76.0
153.0
75.0
170.0
75.0
170.0
76.0
170.0
75.0
171.0
93.0
171.0
93.0
170.0
93.0
170.0
76.0
153.0
76.0
153.0
76.0
153.0
76.0
154.0
76.0
7.0
7.0
26.0
7.0
171.0
76.0
171.0
77.0
171.0
77.0
170.0
94.0
171.0
94.0
170.0
93.0
170.0
76.0
153.0
76.0
154.0
76.0
153.0
75.0
154.0
76.0
153.0
76.0
170.0
75.0
170.0
75.0
170.0
75.0
170.0
93.0
170.0
92.0
170.0
93.0
7.0
24.0
26.0
7.0
153.0
76.0
153.0
76.0
153.0
76.0
153.0
76.0
153.0
76.0
170.0
76.0
169.0
75.0
170.0
75.0
170.0
92.0
170.0
93.0
170.0
92.0
169.0
76.0
153.0
76.0
153.0
76.0
154.0
76.0
153.0
76.0
153.0
76.0
170.0
75.0
7.0
7.0
26.0
7.0
170.0
75.0
170.0
93.0
170.0
93.0
170.0
93.0
170.0
92.0
153.0
76.0
153.0
76.0
154.0
76.0
153.0
76.0
153.0
76.0
170.0
76.0
170.0
76.0
171.0
92.0
170.0
93.0
170.0
93.0
170.0
93.0
153.0
76.0
153.0
76.0
7.0
7.0
26.0
7.0
95.0
76.0
94.0
76.0
95.0
76.0
95.0
76.0
94.0
76.0
95.0
76.0
95.0
76.0
112.0
75.0
111.0
93.0
111.0
93.0
112.0
93.0
111.0
93.0
111.0
76.0
95.0
76.0
95.0
76.0
94.0
76.0
94.0
75.0
95.0
76.0
1.0
0.0
1.0
0.0
69.0
69.0
69.0
69.0
70.0
69.0
69.0
69.0
70.0
70.0
69.0
69.0
69.0
69.0
85.0
87.0
86.0
86.0
86.0
86.0
86.0
87.0
86.0
86.0
70.0
69.0
70.0
70.0
69.0
69.0
69.0
67.0
64.0
63.0
62.0
60.0
