3.0
4.0
3.0
3.0
3.0
5.0
3.0
2.0
4.0
4.0
39.0
39.0
23.0
22.0
22.0
22.0
22.0
22.0
39.0
39.0
23.0
22.0
23.0
22.0
23.0
23.0
39.0
39.0
38.0
39.0
23.0
22.0
22.0
22.0
22.0
22.0
22.0
22.0
23.0
22.0
23.0
23.0
39.0
40.0
40.0
39.0
23.0
23.0
23.0
22.0
23.0
23.0
22.0
22.0
22.0
22.0
22.0
22.0
39.0
38.0
39.0
39.0
23.0
23.0
22.0
23.0
23.0
22.0
39.0
39.0
18.0
39.0
39.0
22.0
22.0
22.0
23.0
22.0
19.0
22.0
23.0
23.0
22.0
22.0
19.0
39.0
38.0
38.0
39.0
22.0
22.0
22.0
23.0
23.0
18.0
22.0
23.0
23.0
22.0
22.0
1285.0
1341.0
1607.0
1713.0
1505.0
1516.0
1512.0
1517.0
1516.0
1519.0
1355.0
1352.0
1524.0
1521.0
1534.0
1523.0
1535.0
1522.0
1334.0
1524.0
1317.0
1315.0
1322.0
1507.0
1518.0
1514.0
1513.0
1510.0
1511.0
1535.0
1375.0
1371.0
1345.0
1543.0
1520.0
1524.0
1544.0
1538.0
1544.0
1502.0
1316.0
1320.0
1321.0
1523.0
1524.0
1524.0
1522.0
1526.0
1526.0
1517.0
1354.0
1349.0
1360.0
1453.0
1452.0
1366.0
1454.0
1451.0
1447.0
1451.0
1366.0
1365.0
1384.0
1420.0
1479.0
1478.0
1500.0
1498.0
1504.0
1491.0
1407.0
1408.0
1362.0
1371.0
1486.0
1482.0
1483.0
1484.0
1482.0
1477.0
1393.0
1390.0
1394.0
1435.0
1432.0
1423.0
1439.0
1442.0
1431.0
1404.0
1430.0
1410.0
1410.0
1426.0
1425.0
1426.0
1425.0
1422.0
1419.0
1426.0
1430.0
1424.0
1418.0
1349.0
1320.0
1357.0
1469.0
1352.0
1352.0
1432.0
22.0
22.0
39.0
39.0
22.0
22.0
22.0
22.0
38.0
38.0
23.0
23.0
22.0
22.0
22.0
22.0
38.0
38.0
38.0
37.0
22.0
22.0
22.0
22.0
22.0
22.0
22.0
21.0
22.0
22.0
22.0
22.0
39.0
39.0
39.0
39.0
22.0
22.0
22.0
22.0
23.0
23.0
22.0
22.0
22.0
22.0
22.0
21.0
38.0
37.0
39.0
39.0
22.0
22.0
22.0
22.0
22.0
22.0
53.0
53.0
53.0
54.0
22.0
22.0
22.0
22.0
21.0
21.0
37.0
2.0
37.0
37.0
38.0
37.0
37.0
38.0
38.0
38.0
38.0
2.0
22.0
22.0
21.0
21.0
22.0
10.0
22.0
2.0
10.0
2.0
3.0
2.0
2.0
3.0
2.0
2.0
3.0
2.0
2.0
2.0
22.0
22.0
22.0
22.0
38.0
38.0
22.0
38.0
38.0
21.0
22.0
22.0
22.0
22.0
22.0
22.0
38.0
38.0
39.0
38.0
22.0
22.0
22.0
22.0
22.0
22.0
22.0
21.0
22.0
21.0
22.0
22.0
39.0
38.0
38.0
38.0
21.0
21.0
22.0
22.0
22.0
22.0
22.0
22.0
22.0
22.0
22.0
21.0
38.0
37.0
39.0
38.0
22.0
22.0
22.0
22.0
22.0
21.0
22.0
21.0
22.0
22.0
38.0
38.0
22.0
38.0
20.0
38.0
22.0
2.0
22.0
22.0
18.0
21.0
21.0
38.0
38.0
17.0
38.0
3.0
22.0
22.0
22.0
39.0
22.0
9.0
22.0
2.0
8.0
2.0
2.0
2.0
2.0
2.0
2.0
2.0
3.0
2.0
2.0
1.0
22.0
22.0
22.0
18.0
21.0
22.0
38.0
37.0
27.0
24.0
18.0
22.0
22.0
22.0
22.0
22.0
22.0
18.0
22.0
21.0
22.0
22.0
22.0
38.0
38.0
21.0
18.0
22.0
22.0
22.0
22.0
22.0
22.0
18.0
22.0
21.0
22.0
38.0
38.0
21.0
22.0
22.0
22.0
18.0
22.0
21.0
22.0
17.0
22.0
21.0
22.0
22.0
22.0
39.0
22.0
39.0
22.0
17.0
22.0
22.0
22.0
22.0
22.0
18.0
22.0
22.0
22.0
21.0
22.0
2.0
22.0
22.0
18.0
38.0
38.0
22.0
21.0
22.0
22.0
2.0
18.0
22.0
22.0
21.0
22.0
10.0
17.0
2.0
10.0
2.0
2.0
4.0
4.0
2.0
2.0
2.0
2.0
2.0
2.0
2.0
38.0
38.0
22.0
22.0
22.0
22.0
22.0
21.0
21.0
18.0
22.0
22.0
22.0
22.0
22.0
22.0
18.0
22.0
38.0
37.0
22.0
22.0
22.0
22.0
22.0
22.0
18.0
21.0
18.0
21.0
22.0
22.0
22.0
22.0
22.0
21.0
38.0
37.0
18.0
22.0
22.0
22.0
22.0
22.0
22.0
22.0
17.0
21.0
21.0
21.0
22.0
22.0
21.0
38.0
38.0
22.0
18.0
22.0
22.0
21.0
22.0
22.0
22.0
18.0
19.0
38.0
22.0
38.0
18.0
2.0
22.0
22.0
22.0
22.0
17.0
22.0
18.0
18.0
22.0
2.0
22.0
22.0
22.0
21.0
22.0
7.0
18.0
4.0
17.0
3.0
2.0
2.0
3.0
2.0
2.0
2.0
2.0
2.0
3.0
2.0
18.0
22.0
22.0
34.0
22.0
22.0
22.0
21.0
31.0
17.0
18.0
22.0
22.0
22.0
22.0
22.0
22.0
18.0
22.0
18.0
22.0
18.0
21.0
22.0
22.0
22.0
22.0
21.0
18.0
22.0
22.0
18.0
22.0
21.0
22.0
22.0
22.0
22.0
18.0
21.0
18.0
22.0
22.0
21.0
22.0
21.0
22.0
22.0
18.0
17.0
23.0
22.0
18.0
22.0
21.0
21.0
22.0
22.0
22.0
18.0
22.0
18.0
22.0
22.0
22.0
22.0
17.0
21.0
22.0
2.0
22.0
17.0
22.0
22.0
18.0
22.0
22.0
22.0
21.0
2.0
21.0
22.0
18.0
22.0
18.0
10.0
22.0
2.0
10.0
2.0
2.0
3.0
3.0
2.0
2.0
2.0
2.0
2.0
2.0
2.0
22.0
18.0
22.0
22.0
22.0
22.0
21.0
17.0
22.0
21.0
18.0
22.0
18.0
22.0
22.0
22.0
22.0
22.0
22.0
17.0
23.0
18.0
22.0
21.0
22.0
22.0
22.0
22.0
21.0
18.0
19.0
22.0
19.0
22.0
22.0
21.0
22.0
21.0
19.0
22.0
19.0
22.0
19.0
22.0
21.0
21.0
22.0
22.0
19.0
21.0
19.0
19.0
22.0
19.0
22.0
22.0
22.0
21.0
22.0
19.0
22.0
19.0
22.0
19.0
27.0
26.0
27.0
27.0
24.0
2.0
26.0
26.0
25.0
27.0
26.0
21.0
21.0
21.0
21.0
2.0
21.0
22.0
22.0
21.0
20.0
9.0
20.0
2.0
10.0
2.0
3.0
3.0
3.0
2.0
3.0
2.0
2.0
2.0
2.0
2.0
22.0
22.0
22.0
22.0
22.0
19.0
22.0
21.0
19.0
19.0
19.0
22.0
22.0
22.0
22.0
22.0
22.0
22.0
19.0
18.0
20.0
22.0
22.0
22.0
22.0
22.0
22.0
19.0
22.0
19.0
19.0
19.0
22.0
22.0
22.0
22.0
22.0
19.0
22.0
21.0
19.0
19.0
19.0
22.0
22.0
22.0
22.0
22.0
22.0
22.0
19.0
19.0
19.0
22.0
22.0
22.0
22.0
22.0
21.0
21.0
19.0
19.0
19.0
22.0
22.0
21.0
22.0
22.0
22.0
2.0
22.0
19.0
19.0
19.0
19.0
21.0
21.0
21.0
21.0
2.0
22.0
22.0
22.0
19.0
19.0
8.0
22.0
2.0
10.0
2.0
3.0
2.0
3.0
2.0
2.0
2.0
2.0
2.0
2.0
2.0
22.0
22.0
20.0
18.0
22.0
21.0
19.0
21.0
22.0
22.0
20.0
19.0
19.0
22.0
22.0
22.0
22.0
22.0
22.0
18.0
22.0
19.0
19.0
22.0
22.0
22.0
22.0
22.0
22.0
19.0
19.0
19.0
22.0
22.0
22.0
21.0
22.0
22.0
21.0
19.0
19.0
19.0
22.0
22.0
22.0
22.0
22.0
21.0
22.0
18.0
19.0
19.0
22.0
21.0
22.0
22.0
22.0
21.0
18.0
22.0
20.0
19.0
22.0
22.0
22.0
22.0
22.0
22.0
18.0
1.0
19.0
21.0
19.0
22.0
18.0
22.0
21.0
21.0
22.0
2.0
19.0
19.0
22.0
22.0
19.0
9.0
19.0
1.0
10.0
1.0
2.0
2.0
2.0
2.0
2.0
2.0
2.0
2.0
2.0
1.0
22.0
22.0
22.0
22.0
22.0
19.0
22.0
21.0
19.0
19.0
19.0
22.0
22.0
22.0
22.0
22.0
22.0
22.0
19.0
18.0
19.0
22.0
22.0
22.0
22.0
22.0
22.0
19.0
22.0
18.0
20.0
19.0
22.0
22.0
22.0
22.0
22.0
22.0
19.0
21.0
19.0
19.0
19.0
22.0
22.0
22.0
22.0
22.0
22.0
22.0
19.0
19.0
19.0
22.0
22.0
22.0
22.0
22.0
22.0
21.0
20.0
19.0
19.0
22.0
22.0
22.0
22.0
22.0
21.0
2.0
19.0
22.0
19.0
19.0
21.0
21.0
21.0
21.0
22.0
1.0
18.0
22.0
22.0
19.0
19.0
9.0
22.0
2.0
10.0
1.0
2.0
3.0
3.0
2.0
3.0
2.0
2.0
2.0
2.0
1.0
1563.0
1353.0
1353.0
1543.0
1542.0
1562.0
1429.0
1539.0
1536.0
1559.0
1314.0
1319.0
1314.0
1512.0
1505.0
1508.0
1508.0
1512.0
1508.0
1505.0
1373.0
1344.0
1377.0
1538.0
1555.0
1542.0
1554.0
1556.0
1558.0
1552.0
1325.0
1322.0
1326.0
1484.0
1482.0
1483.0
1730.0
1477.0
1481.0
1513.0
1364.0
1663.0
1369.0
1477.0
1475.0
1477.0
1477.0
1445.0
1445.0
1354.0
1352.0
1356.0
1361.0
1494.0
1524.0
1524.0
1522.0
1505.0
1530.0
1395.0
1415.0
1426.0
1389.0
1446.0
1454.0
1354.0
1454.0
1446.0
1453.0
1434.0
1364.0
1364.0
1383.0
1435.0
1511.0
1555.0
1498.0
1517.0
1512.0
859.0
1457.0
1520.0
1431.0
1433.0
1422.0
1403.0
1413.0
775.0
1408.0
798.0
763.0
766.0
770.0
769.0
765.0
769.0
804.0
793.0
799.0
802.0
1434.0
1439.0
1438.0
1440.0
1441.0
1446.0
1425.0
1399.0
1406.0
1406.0
1452.0
1455.0
1457.0
1464.0
1461.0
1448.0
1444.0
1434.0
1435.0
1495.0
1402.0
1402.0
1424.0
1421.0
1420.0
1404.0
1407.0
1406.0
1419.0
1442.0
1437.0
1449.0
1462.0
1466.0
1458.0
1463.0
1450.0
1427.0
1439.0
1461.0
1399.0
1398.0
1407.0
1405.0
1406.0
1414.0
1409.0
1433.0
1443.0
1434.0
1444.0
1433.0
1426.0
1435.0
1432.0
1431.0
1438.0
1393.0
1401.0
1396.0
1405.0
1403.0
1405.0
1435.0
1442.0
1433.0
1438.0
1439.0
1452.0
1416.0
1434.0
1432.0
1433.0
1397.0
1398.0
1404.0
1403.0
1401.0
1401.0
766.0
1436.0
1665.0
1435.0
1426.0
1445.0
1437.0
1434.0
794.0
1677.0
791.0
779.0
788.0
786.0
784.0
779.0
780.0
779.0
775.0
775.0
771.0
1399.0
1397.0
1404.0
1437.0
1432.0
1460.0
1440.0
1437.0
1459.0
1462.0
1436.0
1459.0
1442.0
1396.0
1409.0
1397.0
1396.0
1417.0
1400.0
1402.0
1442.0
1433.0
1444.0
1460.0
1462.0
1433.0
1437.0
1464.0
1431.0
1439.0
1396.0
1399.0
1398.0
1414.0
1419.0
1406.0
1402.0
1399.0
1412.0
1415.0
1460.0
1451.0
1462.0
1460.0
1454.0
1444.0
1465.0
1446.0
1464.0
1460.0
1414.0
1412.0
1422.0
1412.0
1414.0
1416.0
1401.0
1398.0
1445.0
1439.0
1434.0
1434.0
1436.0
1431.0
1439.0
1436.0
1429.0
1449.0
1405.0
1384.0
1472.0
1463.0
1446.0
1441.0
1469.0
1462.0
1430.0
1475.0
1483.0
815.0
1402.0
1414.0
1416.0
1404.0
1401.0
1399.0
1392.0
770.0
1401.0
772.0
762.0
768.0
778.0
776.0
781.0
778.0
776.0
804.0
805.0
803.0
1455.0
1440.0
1452.0
1448.0
1450.0
1454.0
1450.0
1432.0
1430.0
1429.0
1417.0
1435.0
1428.0
1448.0
1449.0
1428.0
1448.0
1449.0
1454.0
1453.0
1443.0
1400.0
1401.0
1420.0
1403.0
1422.0
1405.0
1404.0
1402.0
1409.0
1445.0
1459.0
1432.0
1438.0
1435.0
1425.0
1443.0
1444.0
1436.0
1439.0
1402.0
1403.0
1409.0
1410.0
1408.0
1407.0
1407.0
1408.0
1412.0
1400.0
1424.0
1434.0
1427.0
1426.0
1426.0
1426.0
1430.0
1428.0
1430.0
1423.0
1407.0
1412.0
1426.0
1432.0
1438.0
1432.0
1437.0
1434.0
1437.0
1411.0
1439.0
1442.0
1412.0
1408.0
1409.0
1410.0
1407.0
1400.0
1412.0
777.0
1443.0
1443.0
1446.0
1444.0
1451.0
1416.0
1455.0
797.0
1444.0
818.0
786.0
790.0
793.0
786.0
769.0
770.0
771.0
772.0
772.0
770.0
1417.0
1417.0
1410.0
1411.0
1408.0
1441.0
1442.0
1444.0
1451.0
1465.0
1455.0
1479.0
1457.0
1453.0
1461.0
1437.0
1443.0
1449.0
1432.0
1454.0
1461.0
1459.0
1446.0
1448.0
1462.0
1457.0
1459.0
1454.0
1429.0
1459.0
1394.0
1397.0
1399.0
1396.0
1402.0
1406.0
1417.0
1404.0
1412.0
1412.0
1424.0
1424.0
1428.0
1426.0
1432.0
1423.0
1424.0
1421.0
1422.0
1423.0
1399.0
1410.0
1404.0
1413.0
1418.0
1432.0
1454.0
1456.0
1433.0
1431.0
1476.0
1446.0
1427.0
1442.0
1446.0
1425.0
1403.0
1418.0
1403.0
1385.0
1435.0
1446.0
1450.0
1449.0
1451.0
1449.0
1431.0
1428.0
1454.0
813.0
1421.0
1417.0
1412.0
1417.0
1425.0
1392.0
1405.0
769.0
1391.0
775.0
770.0
764.0
765.0
769.0
767.0
768.0
768.0
768.0
795.0
797.0
1417.0
1441.0
1425.0
1444.0
1446.0
1420.0
1425.0
1424.0
1402.0
1405.0
1433.0
1429.0
1425.0
1426.0
1440.0
1444.0
1428.0
1442.0
1437.0
1433.0
1431.0
1397.0
1392.0
1446.0
1398.0
1404.0
1457.0
1473.0
1464.0
1476.0
1460.0
1436.0
1434.0
1434.0
1431.0
1430.0
1422.0
1440.0
1428.0
1423.0
1400.0
1398.0
1398.0
1412.0
1416.0
1416.0
1410.0
1413.0
1447.0
1442.0
1432.0
1466.0
1474.0
1454.0
1444.0
1430.0
1426.0
1454.0
1431.0
1409.0
1430.0
1417.0
1437.0
1458.0
1451.0
1457.0
1434.0
1454.0
1475.0
1414.0
1430.0
1452.0
1419.0
1394.0
1417.0
1416.0
1398.0
1421.0
1409.0
771.0
1445.0
1455.0
1443.0
1451.0
1454.0
1452.0
1449.0
770.0
1437.0
796.0
811.0
768.0
779.0
777.0
778.0
779.0
802.0
779.0
776.0
775.0
1419.0
1442.0
1437.0
1426.0
1443.0
1458.0
1446.0
1447.0
1452.0
1437.0
1436.0
1405.0
1405.0
1398.0
1403.0
1399.0
1402.0
1398.0
1400.0
1398.0
1451.0
1430.0
1451.0
1430.0
1443.0
1450.0
1428.0
1428.0
1458.0
1462.0
1412.0
1415.0
1416.0
1413.0
1421.0
1420.0
1435.0
1426.0
1433.0
1430.0
1453.0
1434.0
1470.0
1433.0
1475.0
1456.0
1426.0
1452.0
1455.0
1453.0
1407.0
1419.0
1413.0
1416.0
1414.0
1424.0
1424.0
1447.0
1447.0
1423.0
1440.0
1426.0
1425.0
1426.0
1432.0
1406.0
1405.0
1404.0
1403.0
1382.0
1430.0
1432.0
1433.0
1451.0
1455.0
1459.0
1460.0
1454.0
1450.0
811.0
1398.0
1403.0
1398.0
1398.0
1399.0
1390.0
1400.0
768.0
1393.0
775.0
768.0
772.0
770.0
771.0
770.0
770.0
799.0
808.0
804.0
788.0
1421.0
1431.0
1434.0
1433.0
1434.0
1428.0
1411.0
1406.0
1406.0
1409.0
1434.0
1443.0
1422.0
1449.0
1428.0
1428.0
1445.0
1450.0
1449.0
1454.0
1421.0
1400.0
1409.0
1420.0
1398.0
1401.0
1405.0
1413.0
1413.0
1406.0
1445.0
1431.0
1452.0
1450.0
1430.0
1457.0
1435.0
1462.0
1449.0
1446.0
1404.0
1407.0
1416.0
1433.0
1423.0
1439.0
1431.0
1443.0
1443.0
1445.0
1461.0
1442.0
1456.0
1451.0
1448.0
1476.0
1441.0
1416.0
1411.0
1410.0
1415.0
1417.0
1426.0
1423.0
1432.0
1450.0
1459.0
1422.0
1422.0
1425.0
1427.0
1426.0
1413.0
1405.0
1410.0
1404.0
1410.0
1409.0
1407.0
780.0
1430.0
1423.0
1438.0
1436.0
1431.0
1426.0
1442.0
809.0
1427.0
799.0
761.0
766.0
765.0
767.0
767.0
766.0
768.0
767.0
768.0
767.0
1407.0
1398.0
1433.0
1437.0
1427.0
1426.0
1440.0
1427.0
1456.0
1449.0
1424.0
1443.0
1416.0
1418.0
1400.0
1397.0
1418.0
1397.0
1410.0
1408.0
1444.0
1426.0
1450.0
1436.0
1452.0
1461.0
1426.0
1447.0
1449.0
1420.0
1408.0
1406.0
1404.0
1406.0
1407.0
1413.0
1412.0
1415.0
1417.0
1421.0
1437.0
1431.0
1431.0
1430.0
1429.0
1437.0
1426.0
1440.0
1439.0
1405.0
1428.0
1411.0
1415.0
1418.0
1418.0
1443.0
1443.0
1459.0
1446.0
1473.0
1451.0
1461.0
1466.0
1454.0
1457.0
1429.0
1426.0
1435.0
1451.0
1391.0
1442.0
1429.0
1428.0
1434.0
1429.0
1435.0
1423.0
1435.0
1425.0
802.0
1401.0
1402.0
1398.0
1398.0
1401.0
1386.0
1403.0
767.0
1406.0
769.0
766.0
778.0
777.0
780.0
778.0
812.0
822.0
824.0
829.0
819.0
1453.0
1452.0
1453.0
1441.0
1447.0
1414.0
1407.0
1411.0
1413.0
1404.0
1431.0
1430.0
1427.0
1431.0
1427.0
1425.0
1428.0
1427.0
1431.0
1424.0
1405.0
1410.0
1400.0
1406.0
1400.0
1399.0
1410.0
1400.0
1415.0
1412.0
1425.0
1432.0
1415.0
1448.0
1432.0
1434.0
1412.0
1435.0
1413.0
1428.0
1396.0
1408.0
1409.0
1408.0
1414.0
1408.0
1412.0
1405.0
1442.0
1425.0
1427.0
1429.0
1429.0
1432.0
1427.0
1424.0
1424.0
1425.0
1398.0
1398.0
1408.0
1440.0
1428.0
1426.0
1423.0
1427.0
1435.0
1431.0
1441.0
1425.0
1451.0
1423.0
1437.0
1457.0
1508.0
1431.0
1408.0
1430.0
1403.0
783.0
1448.0
1453.0
1443.0
1454.0
1451.0
1434.0
1447.0
814.0
1412.0
817.0
768.0
774.0
774.0
770.0
769.0
768.0
768.0
770.0
770.0
770.0
1407.0
1427.0
1427.0
1446.0
1454.0
1450.0
1449.0
1449.0
1452.0
1433.0
1445.0
1423.0
1403.0
1422.0
1405.0
1402.0
1403.0
1406.0
1400.0
1405.0
1427.0
1427.0
1427.0
1426.0
1428.0
1423.0
1445.0
1428.0
1426.0
1429.0
1401.0
1401.0
1405.0
1406.0
1409.0
1406.0
1404.0
1410.0
1410.0
1400.0
1430.0
1436.0
1438.0
1436.0
1432.0
1424.0
1425.0
1429.0
1421.0
1420.0
1412.0
1415.0
1414.0
1437.0
1451.0
1448.0
1444.0
1455.0
1448.0
1423.0
1448.0
1447.0
1424.0
1421.0
1421.0
1418.0
1411.0
1398.0
1411.0
1387.0
1429.0
1429.0
1430.0
1425.0
1424.0
1429.0
1427.0
1450.0
1428.0
822.0
1419.0
1424.0
1415.0
1416.0
1431.0
1422.0
1417.0
809.0
1438.0
801.0
766.0
764.0
770.0
767.0
762.0
759.0
763.0
734.0
742.0
733.0
