0.0
1.0
0.0
0.0
1.0
0.0
0.0
1.0
0.0
0.0
1.0
0.0
0.0
1.0
1.0
0.0
1.0
1.0
0.0
1.0
44.0
45.0
78.0
78.0
44.0
44.0
44.0
44.0
78.0
77.0
44.0
44.0
45.0
44.0
45.0
45.0
78.0
79.0
79.0
78.0
44.0
44.0
44.0
44.0
44.0
44.0
45.0
46.0
45.0
44.0
44.0
40.0
78.0
78.0
67.0
68.0
36.0
44.0
44.0
45.0
45.0
44.0
36.0
44.0
44.0
44.0
44.0
44.0
45.0
44.0
79.0
78.0
36.0
45.0
45.0
44.0
44.0
44.0
44.0
44.0
36.0
44.0
44.0
44.0
44.0
45.0
79.0
78.0
44.0
45.0
36.0
35.0
44.0
44.0
44.0
44.0
44.0
45.0
44.0
36.0
78.0
78.0
45.0
45.0
44.0
44.0
44.0
44.0
43.0
36.0
45.0
44.0
44.0
45.0
44.0
35.0
44.0
36.0
53.0
53.0
36.0
44.0
44.0
45.0
44.0
44.0
44.0
36.0
36.0
44.0
45.0
44.0
44.0
44.0
44.0
44.0
36.0
44.0
36.0
45.0
44.0
36.0
44.0
44.0
44.0
45.0
45.0
45.0
36.0
36.0
44.0
45.0
45.0
45.0
44.0
44.0
44.0
44.0
36.0
36.0
44.0
44.0
36.0
44.0
44.0
44.0
44.0
44.0
44.0
36.0
37.0
45.0
44.0
44.0
44.0
44.0
45.0
45.0
45.0
37.0
37.0
44.0
44.0
38.0
44.0
44.0
44.0
44.0
45.0
44.0
38.0
38.0
44.0
45.0
87.0
87.0
87.0
87.0
87.0
87.0
82.0
84.0
87.0
87.0
45.0
43.0
44.0
44.0
44.0
44.0
0.0
0.0
1.0
0.0
0.0
1.0
0.0
0.0
1.0
0.0
0.0
1.0
1.0
1.0
1.0
1.0
1.0
0.0
0.0
0.0
0.0
0.0
0.0
0.0
0.0
0.0
0.0
0.0
0.0
1.0
1.0
1.0
1.0
1.0
1.0
1.0
1.0
0.0
0.0
0.0
0.0
0.0
0.0
0.0
0.0
1.0
0.0
0.0
1.0
0.0
1.0
1.0
1.0
1.0
1.0
1.0
1.0
1.0
0.0
0.0
0.0
0.0
0.0
0.0
0.0
0.0
0.0
0.0
1.0
1.0
1.0
1.0
1.0
0.0
1.0
1.0
1.0
0.0
0.0
0.0
0.0
0.0
0.0
0.0
0.0
0.0
0.0
0.0
1.0
1.0
1.0
1.0
1.0
1.0
1.0
1.0
1.0
0.0
0.0
0.0
78.0
78.0
44.0
78.0
44.0
78.0
45.0
78.0
44.0
44.0
44.0
45.0
45.0
78.0
44.0
77.0
78.0
79.0
79.0
45.0
44.0
44.0
44.0
44.0
77.0
66.0
45.0
44.0
42.0
25.0
78.0
51.0
78.0
78.0
45.0
35.0
44.0
44.0
44.0
45.0
44.0
44.0
36.0
44.0
45.0
44.0
77.0
79.0
79.0
44.0
36.0
44.0
45.0
44.0
44.0
44.0
36.0
78.0
25.0
25.0
44.0
44.0
118.0
63.0
63.0
45.0
36.0
44.0
44.0
66.0
79.0
85.0
84.0
84.0
85.0
118.0
85.0
85.0
25.0
44.0
38.0
44.0
44.0
45.0
45.0
44.0
44.0
44.0
36.0
45.0
44.0
78.0
44.0
44.0
44.0
44.0
44.0
44.0
22.0
44.0
45.0
42.0
44.0
44.0
55.0
44.0
44.0
44.0
78.0
44.0
63.0
44.0
45.0
44.0
44.0
63.0
44.0
45.0
60.0
25.0
44.0
45.0
44.0
63.0
44.0
44.0
47.0
44.0
62.0
25.0
44.0
44.0
44.0
44.0
44.0
44.0
44.0
44.0
44.0
25.0
44.0
44.0
36.0
44.0
44.0
44.0
44.0
44.0
44.0
21.0
37.0
44.0
44.0
36.0
44.0
44.0
44.0
44.0
25.0
25.0
36.0
36.0
44.0
44.0
45.0
45.0
45.0
44.0
44.0
26.0
35.0
43.0
56.0
44.0
44.0
44.0
44.0
44.0
25.0
25.0
36.0
63.0
44.0
44.0
44.0
45.0
44.0
45.0
36.0
36.0
44.0
45.0
45.0
44.0
36.0
44.0
44.0
64.0
25.0
36.0
44.0
44.0
36.0
44.0
44.0
63.0
45.0
44.0
44.0
26.0
62.0
36.0
45.0
44.0
44.0
44.0
44.0
44.0
45.0
36.0
35.0
44.0
44.0
44.0
63.0
44.0
44.0
44.0
44.0
36.0
36.0
44.0
44.0
44.0
44.0
44.0
63.0
44.0
36.0
25.0
63.0
44.0
45.0
36.0
45.0
45.0
44.0
44.0
44.0
36.0
44.0
35.0
44.0
63.0
44.0
44.0
44.0
44.0
25.0
36.0
36.0
44.0
44.0
44.0
45.0
44.0
45.0
45.0
63.0
36.0
36.0
44.0
44.0
45.0
44.0
44.0
44.0
44.0
36.0
21.0
63.0
36.0
44.0
44.0
44.0
63.0
44.0
44.0
44.0
25.0
35.0
44.0
44.0
45.0
44.0
45.0
44.0
44.0
37.0
21.0
111.0
87.0
87.0
86.0
83.0
87.0
111.0
86.0
87.0
68.0
44.0
44.0
36.0
44.0
45.0
44.0
63.0
44.0
44.0
36.0
36.0
44.0
45.0
44.0
44.0
45.0
44.0
44.0
63.0
20.0
64.0
44.0
44.0
44.0
44.0
36.0
44.0
44.0
44.0
21.0
44.0
44.0
63.0
44.0
44.0
63.0
44.0
44.0
44.0
20.0
36.0
44.0
44.0
44.0
44.0
45.0
44.0
44.0
37.0
36.0
36.0
45.0
44.0
44.0
45.0
44.0
63.0
44.0
63.0
26.0
36.0
44.0
44.0
44.0
44.0
44.0
44.0
36.0
26.0
36.0
64.0
44.0
44.0
44.0
45.0
44.0
44.0
36.0
44.0
37.0
36.0
44.0
45.0
44.0
44.0
44.0
44.0
45.0
36.0
36.0
36.0
44.0
44.0
44.0
44.0
45.0
44.0
64.0
63.0
25.0
36.0
44.0
44.0
44.0
44.0
44.0
44.0
44.0
35.0
36.0
63.0
44.0
45.0
44.0
44.0
44.0
44.0
44.0
35.0
36.0
44.0
44.0
44.0
44.0
36.0
44.0
63.0
44.0
45.0
36.0
44.0
36.0
44.0
44.0
63.0
44.0
45.0
44.0
44.0
37.0
36.0
44.0
44.0
44.0
44.0
44.0
44.0
44.0
36.0
36.0
35.0
44.0
45.0
44.0
45.0
44.0
44.0
44.0
63.0
36.0
35.0
44.0
44.0
44.0
45.0
44.0
63.0
45.0
21.0
25.0
35.0
63.0
44.0
44.0
44.0
44.0
44.0
44.0
44.0
20.0
63.0
45.0
36.0
44.0
44.0
63.0
44.0
44.0
25.0
25.0
45.0
36.0
44.0
44.0
44.0
63.0
44.0
44.0
44.0
36.0
35.0
44.0
44.0
44.0
45.0
45.0
44.0
44.0
63.0
20.0
63.0
44.0
44.0
44.0
36.0
44.0
44.0
45.0
44.0
20.0
87.0
87.0
111.0
87.0
111.0
87.0
87.0
83.0
87.0
69.0
44.0
44.0
44.0
44.0
44.0
36.0
44.0
44.0
63.0
36.0
45.0
44.0
44.0
44.0
36.0
45.0
44.0
44.0
36.0
21.0
45.0
44.0
63.0
44.0
45.0
44.0
63.0
44.0
35.0
25.0
44.0
44.0
44.0
45.0
44.0
36.0
44.0
44.0
36.0
36.0
44.0
36.0
44.0
44.0
44.0
44.0
45.0
63.0
44.0
37.0
36.0
44.0
44.0
44.0
44.0
44.0
44.0
45.0
36.0
20.0
64.0
44.0
44.0
44.0
44.0
44.0
36.0
63.0
44.0
25.0
36.0
44.0
44.0
44.0
44.0
44.0
44.0
63.0
44.0
36.0
36.0
44.0
45.0
45.0
44.0
45.0
44.0
44.0
63.0
20.0
63.0
45.0
36.0
44.0
44.0
44.0
44.0
44.0
44.0
21.0
64.0
44.0
44.0
63.0
44.0
45.0
44.0
45.0
35.0
25.0
45.0
44.0
44.0
45.0
44.0
44.0
36.0
44.0
36.0
36.0
44.0
36.0
44.0
43.0
44.0
44.0
44.0
44.0
63.0
36.0
36.0
45.0
44.0
44.0
44.0
44.0
45.0
64.0
25.0
20.0
63.0
44.0
44.0
44.0
36.0
44.0
44.0
44.0
44.0
35.0
44.0
36.0
45.0
44.0
44.0
44.0
63.0
45.0
25.0
35.0
36.0
44.0
44.0
44.0
45.0
44.0
44.0
44.0
64.0
20.0
63.0
44.0
44.0
36.0
44.0
44.0
45.0
45.0
44.0
36.0
44.0
36.0
44.0
63.0
45.0
44.0
44.0
44.0
44.0
36.0
35.0
44.0
44.0
44.0
44.0
44.0
44.0
44.0
64.0
21.0
64.0
45.0
44.0
36.0
44.0
44.0
44.0
44.0
44.0
22.0
64.0
44.0
44.0
63.0
44.0
44.0
44.0
44.0
25.0
20.0
80.0
87.0
87.0
87.0
87.0
87.0
86.0
87.0
112.0
84.0
40.0
44.0
44.0
44.0
44.0
44.0
44.0
44.0
36.0
21.0
44.0
44.0
63.0
44.0
36.0
44.0
44.0
63.0
44.0
25.0
36.0
45.0
45.0
44.0
44.0
44.0
45.0
44.0
36.0
20.0
63.0
44.0
44.0
45.0
44.0
36.0
63.0
44.0
44.0
25.0
44.0
44.0
44.0
35.0
44.0
45.0
63.0
44.0
44.0
36.0
36.0
44.0
44.0
44.0
45.0
44.0
44.0
44.0
63.0
21.0
63.0
44.0
44.0
45.0
44.0
44.0
35.0
44.0
44.0
21.0
63.0
44.0
44.0
44.0
44.0
44.0
63.0
44.0
44.0
20.0
36.0
44.0
44.0
44.0
44.0
44.0
45.0
44.0
37.0
36.0
36.0
44.0
45.0
44.0
44.0
45.0
63.0
63.0
44.0
25.0
36.0
44.0
44.0
44.0
44.0
45.0
44.0
35.0
25.0
36.0
63.0
44.0
45.0
45.0
44.0
44.0
44.0
44.0
35.0
36.0
37.0
45.0
44.0
44.0
44.0
45.0
44.0
44.0
37.0
37.0
35.0
44.0
44.0
44.0
45.0
44.0
63.0
44.0
44.0
36.0
36.0
44.0
45.0
63.0
44.0
44.0
44.0
44.0
44.0
20.0
165.0
36.0
148.0
147.0
146.0
148.0
149.0
146.0
146.0
138.0
139.0
63.0
44.0
44.0
44.0
44.0
45.0
44.0
44.0
36.0
36.0
45.0
44.0
44.0
63.0
45.0
45.0
44.0
44.0
20.0
63.0
36.0
44.0
44.0
45.0
44.0
44.0
44.0
25.0
36.0
36.0
44.0
64.0
44.0
45.0
44.0
44.0
44.0
44.0
36.0
36.0
44.0
44.0
44.0
44.0
45.0
44.0
63.0
25.0
21.0
63.0
35.0
44.0
44.0
45.0
44.0
44.0
44.0
44.0
20.0
63.0
63.0
45.0
45.0
36.0
44.0
44.0
44.0
25.0
26.0
45.0
44.0
44.0
44.0
36.0
63.0
45.0
45.0
44.0
36.0
35.0
44.0
44.0
44.0
44.0
63.0
44.0
44.0
44.0
21.0
63.0
44.0
44.0
45.0
45.0
35.0
44.0
44.0
44.0
36.0
36.0
44.0
44.0
44.0
44.0
63.0
44.0
44.0
44.0
36.0
36.0
45.0
45.0
44.0
44.0
63.0
44.0
44.0
44.0
36.0
36.0
44.0
44.0
44.0
45.0
45.0
44.0
45.0
36.0
20.0
63.0
36.0
44.0
44.0
44.0
44.0
63.0
44.0
44.0
25.0
36.0
45.0
44.0
45.0
45.0
44.0
63.0
44.0
25.0
20.0
63.0
44.0
36.0
44.0
44.0
44.0
44.0
45.0
44.0
35.0
36.0
44.0
44.0
44.0
45.0
44.0
63.0
44.0
25.0
35.0
36.0
44.0
44.0
44.0
44.0
44.0
45.0
44.0
63.0
20.0
64.0
36.0
44.0
44.0
44.0
44.0
44.0
44.0
44.0
36.0
36.0
63.0
44.0
45.0
44.0
45.0
44.0
44.0
44.0
36.0
36.0
44.0
44.0
45.0
44.0
45.0
45.0
44.0
63.0
20.0
63.0
36.0
44.0
45.0
44.0
44.0
44.0
44.0
44.0
20.0
110.0
110.0
87.0
87.0
87.0
79.0
87.0
87.0
25.0
26.0
87.0
87.0
39.0
45.0
44.0
44.0
44.0
44.0
64.0
37.0
45.0
44.0
36.0
44.0
44.0
45.0
45.0
44.0
36.0
21.0
44.0
45.0
64.0
63.0
44.0
45.0
44.0
35.0
44.0
25.0
45.0
44.0
44.0
35.0
44.0
44.0
44.0
44.0
36.0
36.0
44.0
36.0
44.0
44.0
63.0
44.0
44.0
44.0
44.0
36.0
36.0
44.0
45.0
44.0
44.0
44.0
45.0
64.0
44.0
21.0
64.0
45.0
44.0
44.0
36.0
44.0
45.0
44.0
44.0
36.0
35.0
44.0
44.0
45.0
63.0
44.0
44.0
44.0
44.0
36.0
36.0
44.0
44.0
44.0
44.0
44.0
44.0
44.0
63.0
20.0
63.0
35.0
45.0
45.0
44.0
44.0
45.0
44.0
25.0
21.0
63.0
44.0
44.0
63.0
44.0
44.0
35.0
45.0
44.0
25.0
44.0
44.0
44.0
44.0
44.0
35.0
63.0
44.0
25.0
36.0
36.0
44.0
44.0
44.0
44.0
44.0
44.0
63.0
44.0
20.0
62.0
44.0
44.0
45.0
44.0
44.0
44.0
36.0
26.0
36.0
44.0
44.0
44.0
36.0
44.0
44.0
45.0
45.0
62.0
36.0
36.0
44.0
45.0
44.0
44.0
45.0
44.0
44.0
63.0
20.0
63.0
44.0
44.0
44.0
44.0
44.0
44.0
44.0
36.0
36.0
36.0
44.0
44.0
44.0
44.0
44.0
63.0
44.0
45.0
36.0
35.0
44.0
44.0
45.0
44.0
44.0
44.0
44.0
63.0
35.0
36.0
44.0
44.0
44.0
44.0
44.0
45.0
44.0
35.0
21.0
35.0
63.0
44.0
44.0
44.0
44.0
44.0
44.0
44.0
35.0
35.0
62.0
45.0
44.0
44.0
45.0
44.0
44.0
25.0
37.0
36.0
44.0
88.0
86.0
87.0
86.0
87.0
87.0
111.0
21.0
111.0
87.0
83.0
44.0
44.0
45.0
44.0
44.0
25.0
20.0
44.0
63.0
44.0
63.0
44.0
44.0
44.0
45.0
44.0
20.0
36.0
44.0
45.0
44.0
45.0
44.0
44.0
44.0
64.0
36.0
36.0
45.0
44.0
45.0
44.0
45.0
44.0
44.0
63.0
21.0
62.0
36.0
44.0
44.0
44.0
44.0
44.0
44.0
44.0
20.0
63.0
44.0
44.0
36.0
63.0
44.0
45.0
45.0
45.0
25.0
45.0
44.0
45.0
36.0
44.0
44.0
44.0
44.0
36.0
36.0
36.0
44.0
45.0
44.0
63.0
44.0
44.0
44.0
44.0
36.0
36.0
44.0
44.0
44.0
44.0
44.0
64.0
44.0
26.0
20.0
64.0
44.0
36.0
44.0
44.0
44.0
44.0
44.0
45.0
21.0
63.0
44.0
44.0
45.0
45.0
63.0
35.0
44.0
26.0
25.0
44.0
44.0
44.0
44.0
44.0
44.0
36.0
63.0
44.0
36.0
36.0
44.0
44.0
44.0
44.0
44.0
44.0
63.0
44.0
36.0
36.0
44.0
44.0
45.0
44.0
44.0
44.0
44.0
63.0
20.0
63.0
45.0
44.0
36.0
44.0
44.0
44.0
45.0
44.0
21.0
63.0
44.0
44.0
44.0
45.0
44.0
44.0
63.0
35.0
25.0
44.0
44.0
44.0
44.0
44.0
44.0
44.0
36.0
36.0
36.0
36.0
44.0
44.0
44.0
45.0
44.0
44.0
44.0
63.0
36.0
36.0
44.0
45.0
44.0
44.0
44.0
45.0
44.0
36.0
20.0
64.0
44.0
36.0
44.0
44.0
44.0
44.0
44.0
44.0
36.0
36.0
63.0
44.0
44.0
44.0
43.0
45.0
63.0
25.0
25.0
36.0
44.0
45.0
44.0
44.0
45.0
44.0
44.0
63.0
20.0
63.0
44.0
44.0
36.0
44.0
44.0
44.0
87.0
87.0
68.0
87.0
83.0
111.0
110.0
87.0
87.0
87.0
44.0
44.0
25.0
36.0
45.0
45.0
44.0
44.0
44.0
44.0
44.0
63.0
20.0
63.0
44.0
44.0
36.0
44.0
44.0
44.0
45.0
45.0
25.0
37.0
43.0
44.0
41.0
44.0
44.0
44.0
44.0
25.0
25.0
39.0
44.0
38.0
44.0
38.0
45.0
44.0
44.0
44.0
25.0
38.0
38.0
45.0
44.0
38.0
44.0
44.0
53.0
25.0
25.0
38.0
61.0
39.0
43.0
43.0
43.0
43.0
43.0
42.0
22.0
67.0
38.0
43.0
43.0
42.0
42.0
38.0
43.0
25.0
39.0
38.0
42.0
38.0
43.0
43.0
43.0
43.0
68.0
68.0
24.0
38.0
43.0
43.0
38.0
42.0
43.0
43.0
43.0
39.0
23.0
40.0
40.0
43.0
43.0
42.0
43.0
43.0
43.0
39.0
23.0
39.0
39.0
43.0
43.0
39.0
43.0
42.0
42.0
42.0
23.0
40.0
40.0
39.0
42.0
43.0
39.0
42.0
43.0
43.0
24.0
40.0
40.0
42.0
39.0
42.0
42.0
40.0
43.0
24.0
25.0
39.0
39.0
43.0
40.0
43.0
42.0
39.0
43.0
43.0
24.0
40.0
59.0
39.0
42.0
42.0
42.0
67.0
40.0
23.0
23.0
42.0
40.0
42.0
40.0
41.0
41.0
41.0
39.0
70.0
39.0
39.0
41.0
41.0
39.0
42.0
41.0
40.0
41.0
40.0
23.0
41.0
41.0
40.0
70.0
39.0
41.0
41.0
41.0
39.0
40.0
39.0
41.0
42.0
40.0
41.0
42.0
42.0
40.0
70.0
39.0
40.0
41.0
41.0
39.0
41.0
41.0
41.0
39.0
69.0
22.0
41.0
41.0
40.0
42.0
41.0
41.0
41.0
40.0
70.0
23.0
40.0
41.0
41.0
41.0
41.0
39.0
39.0
70.0
41.0
22.0
41.0
111.0
41.0
42.0
42.0
40.0
40.0
40.0
24.0
23.0
83.0
113.0
84.0
83.0
83.0
83.0
83.0
83.0
85.0
42.0
42.0
41.0
42.0
40.0
42.0
39.0
39.0
41.0
40.0
40.0
41.0
40.0
41.0
41.0
40.0
41.0
41.0
42.0
42.0
24.0
41.0
41.0
41.0
41.0
41.0
41.0
40.0
40.0
23.0
23.0
