8.0
7.0
5.0
5.0
4.0
4.0
4.0
4.0
7.0
7.0
43.0
65.0
65.0
64.0
117.0
64.0
64.0
64.0
117.0
117.0
118.0
68.0
68.0
69.0
69.0
5286.0
5552.0
5203.0
5482.0
24.0
63.0
62.0
62.0
62.0
108.0
63.0
64.0
63.0
63.0
62.0
62.0
62.0
62.0
62.0
5388.0
5317.0
5173.0
5392.0
5427.0
22.0
58.0
58.0
59.0
58.0
59.0
130.0
129.0
131.0
128.0
60.0
60.0
60.0
60.0
60.0
5196.0
5206.0
5204.0
5191.0
22.0
61.0
56.0
60.0
60.0
58.0
58.0
58.0
58.0
58.0
59.0
58.0
58.0
58.0
59.0
5202.0
5184.0
5192.0
5198.0
5245.0
22.0
58.0
59.0
57.0
58.0
58.0
58.0
58.0
57.0
57.0
58.0
58.0
57.0
58.0
58.0
5286.0
5255.0
5242.0
5252.0
22.0
58.0
58.0
57.0
57.0
57.0
57.0
59.0
59.0
57.0
57.0
57.0
58.0
57.0
58.0
5329.0
5257.0
5261.0
5252.0
5270.0
22.0
67.0
67.0
67.0
68.0
68.0
60.0
59.0
59.0
58.0
58.0
58.0
59.0
60.0
58.0
5139.0
5187.0
5297.0
21.0
57.0
57.0
58.0
57.0
57.0
57.0
58.0
57.0
58.0
57.0
58.0
57.0
57.0
57.0
5259.0
5158.0
5314.0
5323.0
5333.0
21.0
56.0
56.0
56.0
75.0
76.0
61.0
58.0
56.0
58.0
55.0
56.0
56.0
59.0
56.0
5143.0
5287.0
5294.0
5178.0
22.0
57.0
57.0
58.0
58.0
58.0
57.0
57.0
57.0
58.0
58.0
58.0
57.0
58.0
57.0
5288.0
5288.0
5269.0
6206.0
6153.0
24.0
24.0
45.0
45.0
24.0
24.0
25.0
20.0
7.0
7.0
114.0
114.0
66.0
66.0
67.0
66.0
66.0
60.0
7.0
7.0
111.0
111.0
64.0
63.0
64.0
63.0
64.0
57.0
8.0
7.0
111.0
110.0
63.0
63.0
63.0
59.0
63.0
57.0
8.0
7.0
103.0
111.0
63.0
63.0
63.0
63.0
51.0
57.0
8.0
7.0
91.0
132.0
72.0
84.0
85.0
85.0
85.0
79.0
5.0
4.0
132.0
84.0
52.0
63.0
63.0
63.0
63.0
57.0
5.0
4.0
63.0
63.0
111.0
51.0
63.0
111.0
63.0
57.0
5.0
4.0
63.0
63.0
63.0
63.0
52.0
63.0
63.0
57.0
5.0
5.0
51.0
111.0
63.0
63.0
63.0
63.0
111.0
58.0
5.0
4.0
63.0
51.0
63.0
63.0
63.0
63.0
64.0
57.0
4.0
4.0
51.0
111.0
63.0
63.0
64.0
64.0
64.0
57.0
8.0
5.0
111.0
62.0
52.0
64.0
63.0
63.0
62.0
57.0
4.0
5.0
63.0
51.0
63.0
111.0
63.0
63.0
63.0
57.0
4.0
5.0
111.0
52.0
62.0
63.0
63.0
63.0
63.0
57.0
4.0
3.0
5370.0
5407.0
5353.0
5554.0
5287.0
5348.0
5515.0
5424.0
2961.0
5475.0
5352.0
5376.0
5393.0
5375.0
5427.0
5363.0
5377.0
5329.0
2873.0
5429.0
5453.0
5462.0
5391.0
5405.0
5360.0
5345.0
5431.0
2964.0
5429.0
5485.0
5486.0
5517.0
5507.0
5521.0
5527.0
5415.0
3006.0
5589.0
5569.0
5487.0
5499.0
5477.0
5559.0
5376.0
5325.0
2849.0
21.0
21.0
21.0
21.0
22.0
21.0
20.0
11.0
4.0
3.0
57.0
57.0
57.0
57.0
57.0
57.0
55.0
47.0
4.0
3.0
57.0
57.0
57.0
57.0
57.0
57.0
55.0
47.0
3.0
4.0
57.0
57.0
63.0
66.0
66.0
59.0
56.0
46.0
4.0
3.0
57.0
57.0
57.0
58.0
103.0
103.0
102.0
46.0
4.0
3.0
58.0
57.0
57.0
57.0
58.0
57.0
56.0
47.0
4.0
3.0
58.0
57.0
58.0
57.0
58.0
57.0
56.0
47.0
4.0
3.0
57.0
57.0
57.0
57.0
58.0
58.0
56.0
47.0
3.0
4.0
57.0
57.0
57.0
58.0
57.0
58.0
56.0
47.0
3.0
4.0
57.0
57.0
57.0
58.0
57.0
58.0
56.0
47.0
3.0
4.0
57.0
57.0
57.0
58.0
58.0
106.0
104.0
96.0
3.0
4.0
57.0
58.0
57.0
58.0
57.0
58.0
56.0
47.0
3.0
4.0
57.0
57.0
58.0
59.0
59.0
57.0
58.0
48.0
4.0
3.0
57.0
58.0
59.0
57.0
58.0
59.0
56.0
47.0
3.0
4.0
57.0
57.0
57.0
58.0
57.0
58.0
55.0
47.0
3.0
4.0
5420.0
5472.0
5577.0
5498.0
5422.0
5383.0
5382.0
5484.0
5352.0
2871.0
5437.0
5472.0
5487.0
5482.0
5559.0
5519.0
5498.0
5531.0
5485.0
3074.0
5581.0
5631.0
5535.0
5564.0
5584.0
5586.0
5531.0
5528.0
3007.0
5658.0
5740.0
5766.0
5823.0
5772.0
5770.0
5760.0
3128.0
5815.0
5755.0
5762.0
5932.0
5764.0
5897.0
5842.0
3151.0
22.0
22.0
21.0
21.0
62.0
21.0
20.0
11.0
4.0
4.0
57.0
57.0
57.0
57.0
83.0
83.0
56.0
47.0
4.0
3.0
58.0
58.0
57.0
79.0
81.0
56.0
55.0
49.0
4.0
3.0
57.0
59.0
79.0
79.0
57.0
58.0
56.0
48.0
3.0
3.0
58.0
58.0
80.0
81.0
57.0
57.0
56.0
47.0
4.0
4.0
78.0
77.0
57.0
59.0
57.0
57.0
56.0
47.0
3.0
4.0
79.0
80.0
58.0
57.0
58.0
57.0
56.0
47.0
4.0
3.0
82.0
82.0
58.0
57.0
58.0
57.0
82.0
47.0
4.0
30.0
58.0
57.0
57.0
57.0
57.0
58.0
85.0
76.0
4.0
3.0
60.0
62.0
59.0
60.0
60.0
60.0
88.0
79.0
4.0
3.0
62.0
59.0
61.0
58.0
87.0
88.0
56.0
49.0
3.0
4.0
60.0
57.0
57.0
61.0
80.0
81.0
59.0
49.0
3.0
4.0
58.0
58.0
57.0
58.0
58.0
57.0
56.0
66.0
4.0
3.0
77.0
77.0
77.0
57.0
58.0
58.0
56.0
47.0
3.0
3.0
58.0
57.0
58.0
58.0
57.0
57.0
56.0
47.0
3.0
3.0
5789.0
5795.0
5714.0
5751.0
5713.0
5807.0
5628.0
5587.0
3083.0
5837.0
5682.0
5822.0
5890.0
5839.0
5765.0
5651.0
3087.0
5819.0
5648.0
5644.0
5607.0
5628.0
5626.0
5547.0
2972.0
5441.0
5493.0
5499.0
5442.0
5487.0
5417.0
5431.0
2907.0
5536.0
5499.0
5321.0
5351.0
5340.0
5286.0
2812.0
21.0
21.0
21.0
21.0
21.0
16.0
13.0
4.0
3.0
3.0
57.0
57.0
58.0
57.0
56.0
52.0
48.0
3.0
4.0
3.0
57.0
57.0
57.0
58.0
57.0
52.0
49.0
4.0
3.0
3.0
57.0
57.0
57.0
57.0
57.0
52.0
49.0
4.0
3.0
4.0
66.0
66.0
66.0
66.0
67.0
52.0
49.0
3.0
4.0
3.0
57.0
57.0
57.0
58.0
58.0
52.0
49.0
4.0
3.0
4.0
57.0
57.0
57.0
57.0
57.0
52.0
49.0
3.0
4.0
3.0
57.0
57.0
57.0
57.0
57.0
52.0
49.0
4.0
3.0
3.0
57.0
57.0
57.0
57.0
57.0
51.0
48.0
3.0
4.0
3.0
57.0
58.0
57.0
58.0
57.0
52.0
49.0
3.0
4.0
3.0
57.0
57.0
57.0
57.0
57.0
52.0
48.0
3.0
3.0
4.0
57.0
57.0
57.0
57.0
57.0
51.0
49.0
4.0
3.0
4.0
57.0
57.0
57.0
57.0
57.0
51.0
49.0
3.0
4.0
3.0
57.0
57.0
57.0
57.0
57.0
51.0
49.0
3.0
4.0
3.0
119.0
119.0
120.0
120.0
119.0
52.0
49.0
3.0
4.0
3.0
5358.0
5343.0
5326.0
5296.0
5368.0
5319.0
5303.0
5262.0
5219.0
2986.0
5280.0
5290.0
5286.0
5325.0
5332.0
5243.0
5207.0
5189.0
2817.0
5226.0
5254.0
5245.0
5249.0
5223.0
5221.0
5229.0
5203.0
2844.0
5367.0
5284.0
5455.0
5445.0
5449.0
5219.0
5300.0
2822.0
5349.0
5307.0
5292.0
5248.0
5244.0
5190.0
5163.0
5167.0
2811.0
21.0
22.0
21.0
22.0
21.0
21.0
17.0
10.0
4.0
3.0
58.0
57.0
57.0
58.0
57.0
57.0
52.0
47.0
3.0
4.0
57.0
57.0
57.0
58.0
58.0
57.0
53.0
47.0
3.0
4.0
57.0
66.0
66.0
58.0
57.0
57.0
52.0
47.0
3.0
3.0
57.0
57.0
57.0
58.0
58.0
57.0
52.0
47.0
4.0
3.0
57.0
57.0
58.0
57.0
57.0
57.0
53.0
47.0
4.0
3.0
57.0
58.0
57.0
57.0
57.0
57.0
52.0
47.0
4.0
4.0
57.0
57.0
57.0
57.0
65.0
65.0
53.0
48.0
3.0
3.0
58.0
57.0
57.0
57.0
58.0
57.0
52.0
47.0
3.0
4.0
57.0
57.0
108.0
108.0
57.0
58.0
52.0
47.0
4.0
4.0
57.0
57.0
57.0
58.0
57.0
57.0
52.0
47.0
4.0
4.0
57.0
57.0
58.0
57.0
57.0
58.0
52.0
47.0
3.0
3.0
57.0
57.0
57.0
58.0
57.0
57.0
52.0
47.0
4.0
3.0
58.0
57.0
58.0
57.0
57.0
57.0
53.0
47.0
3.0
3.0
57.0
57.0
57.0
57.0
65.0
65.0
60.0
56.0
4.0
4.0
5222.0
5224.0
5192.0
5207.0
5239.0
5262.0
5275.0
5190.0
2845.0
5263.0
5305.0
5301.0
5305.0
5285.0
5327.0
5271.0
5222.0
5200.0
2819.0
5249.0
5254.0
5258.0
5258.0
5274.0
5229.0
5265.0
5226.0
2830.0
5260.0
5269.0
5251.0
5282.0
5268.0
5245.0
5253.0
5215.0
2752.0
5214.0
5198.0
5260.0
5196.0
5197.0
5234.0
5360.0
5200.0
2890.0
21.0
21.0
21.0
21.0
21.0
13.0
13.0
3.0
3.0
3.0
56.0
56.0
65.0
57.0
57.0
49.0
49.0
3.0
3.0
3.0
57.0
57.0
57.0
57.0
57.0
49.0
49.0
3.0
4.0
3.0
57.0
57.0
57.0
57.0
57.0
49.0
49.0
3.0
4.0
3.0
57.0
57.0
57.0
57.0
66.0
58.0
49.0
4.0
3.0
3.0
58.0
57.0
57.0
57.0
57.0
48.0
49.0
4.0
3.0
3.0
57.0
57.0
57.0
110.0
109.0
100.0
48.0
4.0
3.0
4.0
57.0
57.0
57.0
57.0
57.0
49.0
49.0
3.0
4.0
3.0
57.0
57.0
57.0
57.0
57.0
49.0
49.0
4.0
3.0
3.0
57.0
57.0
57.0
57.0
56.0
48.0
49.0
3.0
3.0
3.0
58.0
57.0
57.0
58.0
57.0
49.0
50.0
4.0
3.0
3.0
57.0
57.0
57.0
57.0
57.0
49.0
49.0
3.0
4.0
3.0
57.0
57.0
57.0
57.0
57.0
49.0
48.0
3.0
3.0
4.0
57.0
57.0
56.0
57.0
57.0
49.0
49.0
4.0
3.0
3.0
65.0
66.0
66.0
59.0
58.0
50.0
48.0
3.0
3.0
4.0
5392.0
5332.0
5358.0
5389.0
5365.0
5303.0
5340.0
5240.0
2774.0
2819.0
5266.0
5263.0
5249.0
5235.0
5257.0
5247.0
5127.0
2844.0
2848.0
5237.0
5232.0
5252.0
5247.0
5248.0
5235.0
5232.0
2885.0
2808.0
5338.0
5314.0
5330.0
5309.0
5300.0
5248.0
2841.0
2847.0
5311.0
5363.0
5364.0
5323.0
5229.0
5196.0
5180.0
2808.0
2813.0
21.0
21.0
21.0
21.0
21.0
16.0
16.0
3.0
4.0
3.0
57.0
57.0
57.0
57.0
65.0
60.0
52.0
40.0
4.0
3.0
57.0
56.0
58.0
57.0
56.0
51.0
52.0
40.0
3.0
4.0
57.0
57.0
57.0
57.0
57.0
51.0
51.0
39.0
4.0
3.0
57.0
57.0
57.0
57.0
57.0
52.0
52.0
40.0
3.0
3.0
57.0
56.0
57.0
57.0
57.0
52.0
52.0
40.0
3.0
4.0
57.0
57.0
65.0
66.0
56.0
51.0
52.0
40.0
3.0
4.0
57.0
57.0
57.0
57.0
57.0
51.0
106.0
93.0
3.0
4.0
57.0
57.0
57.0
57.0
57.0
52.0
52.0
39.0
4.0
3.0
57.0
57.0
57.0
57.0
57.0
52.0
52.0
39.0
3.0
3.0
57.0
57.0
57.0
57.0
57.0
51.0
52.0
40.0
3.0
3.0
57.0
57.0
56.0
57.0
57.0
52.0
52.0
39.0
4.0
3.0
57.0
57.0
57.0
94.0
94.0
89.0
52.0
40.0
3.0
4.0
57.0
57.0
57.0
57.0
59.0
52.0
53.0
40.0
3.0
4.0
58.0
57.0
58.0
57.0
57.0
51.0
52.0
39.0
3.0
4.0
5355.0
5276.0
5245.0
5189.0
5291.0
5329.0
5245.0
5211.0
2849.0
5293.0
5324.0
5293.0
5333.0
5339.0
5354.0
5270.0
5187.0
2921.0
5217.0
5197.0
5281.0
5302.0
5249.0
5240.0
5274.0
2860.0
5288.0
5273.0
5299.0
5351.0
5282.0
5274.0
5289.0
5273.0
2843.0
5273.0
5249.0
5612.0
6339.0
5391.0
5379.0
5374.0
3125.0
21.0
21.0
16.0
15.0
15.0
12.0
5.0
3.0
19.0
20.0
58.0
58.0
52.0
52.0
52.0
49.0
5.0
3.0
3.0
3.0
56.0
57.0
52.0
52.0
52.0
49.0
5.0
3.0
3.0
3.0
57.0
57.0
52.0
52.0
52.0
49.0
5.0
3.0
3.0
3.0
57.0
57.0
51.0
51.0
52.0
49.0
6.0
3.0
3.0
3.0
56.0
57.0
52.0
51.0
52.0
49.0
5.0
3.0
3.0
3.0
57.0
57.0
52.0
52.0
51.0
49.0
5.0
3.0
3.0
3.0
57.0
56.0
52.0
52.0
51.0
49.0
5.0
3.0
4.0
3.0
57.0
56.0
51.0
52.0
52.0
49.0
5.0
3.0
3.0
4.0
57.0
57.0
51.0
51.0
86.0
49.0
40.0
38.0
4.0
3.0
59.0
58.0
53.0
51.0
52.0
48.0
5.0
4.0
3.0
3.0
57.0
57.0
53.0
53.0
65.0
77.0
5.0
3.0
5.0
3.0
106.0
60.0
96.0
97.0
47.0
70.0
5.0
3.0
3.0
3.0
53.0
66.0
97.0
49.0
55.0
47.0
5.0
3.0
3.0
3.0
100.0
104.0
94.0
141.0
50.0
46.0
5.0
4.0
3.0
3.0
5456.0
4828.0
8231.0
5504.0
5486.0
4854.0
6837.0
2961.0
2961.0
2957.0
5004.0
6464.0
5276.0
5301.0
5310.0
5151.0
5282.0
2833.0
3439.0
2850.0
5313.0
5320.0
5369.0
5226.0
5243.0
5316.0
5249.0
2852.0
2879.0
2923.0
5247.0
5291.0
5232.0
5251.0
5263.0
5311.0
5259.0
2807.0
2812.0
2812.0
5217.0
5260.0
5269.0
5322.0
5336.0
5287.0
5236.0
2839.0
2753.0
2755.0
21.0
21.0
21.0
21.0
21.0
15.0
13.0
4.0
3.0
3.0
57.0
67.0
57.0
57.0
57.0
52.0
49.0
3.0
4.0
3.0
58.0
57.0
57.0
57.0
57.0
52.0
49.0
3.0
3.0
4.0
57.0
58.0
57.0
57.0
57.0
52.0
50.0
3.0
3.0
4.0
57.0
57.0
57.0
58.0
69.0
65.0
63.0
4.0
4.0
3.0
59.0
59.0
59.0
58.0
57.0
52.0
49.0
3.0
4.0
3.0
57.0
57.0
57.0
57.0
57.0
51.0
49.0
4.0
3.0
3.0
56.0
57.0
58.0
58.0
58.0
52.0
49.0
3.0
4.0
3.0
58.0
57.0
121.0
120.0
120.0
114.0
49.0
4.0
4.0
3.0
57.0
57.0
58.0
57.0
57.0
52.0
49.0
3.0
3.0
3.0
57.0
57.0
57.0
58.0
57.0
53.0
49.0
4.0
4.0
3.0
57.0
58.0
56.0
58.0
57.0
53.0
49.0
3.0
4.0
4.0
58.0
57.0
57.0
57.0
57.0
51.0
50.0
3.0
3.0
4.0
57.0
57.0
58.0
57.0
58.0
51.0
49.0
4.0
4.0
3.0
57.0
57.0
57.0
57.0
58.0
52.0
49.0
3.0
3.0
4.0
5315.0
5229.0
5322.0
5317.0
5283.0
5343.0
5182.0
5240.0
2864.0
5217.0
5290.0
5316.0
5267.0
5324.0
5318.0
5346.0
5247.0
5276.0
2842.0
5319.0
5289.0
5240.0
5264.0
5234.0
5232.0
5126.0
5126.0
2843.0
5188.0
5210.0
5203.0
5237.0
5320.0
5270.0
5272.0
5316.0
2843.0
5396.0
5313.0
5343.0
5293.0
5297.0
5344.0
5120.0
5197.0
2815.0
21.0
21.0
15.0
15.0
16.0
5.0
5.0
4.0
3.0
3.0
56.0
57.0
52.0
52.0
52.0
5.0
5.0
3.0
3.0
3.0
57.0
58.0
52.0
52.0
52.0
5.0
5.0
3.0
3.0
3.0
56.0
57.0
52.0
52.0
51.0
5.0
5.0
3.0
3.0
4.0
56.0
56.0
51.0
52.0
52.0
5.0
5.0
3.0
3.0
3.0
57.0
57.0
51.0
52.0
52.0
5.0
5.0
3.0
3.0
3.0
57.0
57.0
51.0
51.0
52.0
5.0
5.0
3.0
3.0
3.0
57.0
57.0
51.0
52.0
51.0
6.0
5.0
3.0
3.0
3.0
57.0
57.0
52.0
60.0
60.0
5.0
5.0
10.0
4.0
3.0
58.0
57.0
51.0
51.0
52.0
6.0
5.0
3.0
3.0
3.0
57.0
56.0
51.0
52.0
52.0
6.0
5.0
3.0
3.0
3.0
57.0
57.0
51.0
52.0
51.0
5.0
5.0
3.0
3.0
3.0
56.0
57.0
51.0
52.0
52.0
5.0
6.0
3.0
3.0
3.0
57.0
57.0
51.0
52.0
51.0
6.0
5.0
3.0
3.0
3.0
56.0
56.0
51.0
53.0
52.0
6.0
5.0
3.0
3.0
3.0
5357.0
5303.0
5295.0
5224.0
5222.0
5202.0
5175.0
2827.0
2844.0
2880.0
5219.0
5281.0
5230.0
5325.0
5257.0
5310.0
2827.0
2811.0
2812.0
5259.0
5167.0
5306.0
5206.0
5410.0
5152.0
6501.0
2806.0
4058.0
2804.0
5312.0
5284.0
5311.0
5307.0
5189.0
5138.0
2911.0
2817.0
2873.0
5207.0
5012.0
5082.0
5049.0
4890.0
4829.0
2811.0
2885.0
2816.0
