3.0
3.0
3.0
2.0
3.0
3.0
3.0
4.0
2.0
2.0
6.0
6.0
4.0
4.0
4.0
4.0
4.0
4.0
7.0
6.0
5.0
5.0
7.0
4.0
4.0
6.0
4.0
4.0
4.0
6.0
5.0
4.0
7.0
4.0
4.0
4.0
7.0
6.0
4.0
4.0
5.0
5.0
4.0
4.0
7.0
7.0
3.0
4.0
4.0
4.0
8.0
4.0
4.0
7.0
4.0
4.0
4.0
4.0
6.0
4.0
5.0
7.0
5.0
4.0
6.0
3.0
4.0
6.0
4.0
4.0
8.0
4.0
4.0
4.0
4.0
4.0
7.0
4.0
7.0
7.0
5.0
4.0
5.0
4.0
4.0
4.0
7.0
6.0
4.0
4.0
5.0
4.0
7.0
4.0
6.0
4.0
4.0
3.0
4.0
4.0
1632.0
1639.0
1633.0
1772.0
1739.0
1728.0
1625.0
1562.0
1634.0
1689.0
1636.0
1662.0
1670.0
1661.0
1658.0
1661.0
1658.0
1662.0
1662.0
1663.0
1576.0
1553.0
1550.0
1551.0
1550.0
1571.0
1548.0
1556.0
1555.0
1560.0
1606.0
1650.0
1614.0
1624.0
1651.0
1654.0
1623.0
1618.0
1642.0
1640.0
1616.0
1659.0
1633.0
1662.0
1625.0
1634.0
1630.0
1613.0
1638.0
1644.0
1600.0
1630.0
1608.0
1614.0
1614.0
1581.0
1605.0
1581.0
1610.0
1610.0
1558.0
1552.0
1593.0
1547.0
1582.0
1555.0
1608.0
1588.0
1600.0
1600.0
1652.0
1634.0
1651.0
1656.0
1667.0
1648.0
1673.0
1670.0
1611.0
1618.0
1567.0
1605.0
1608.0
1594.0
1586.0
1623.0
1629.0
1625.0
1609.0
1609.0
1577.0
1549.0
1549.0
1550.0
1549.0
1550.0
1551.0
1582.0
1559.0
1552.0
1630.0
1642.0
1666.0
1654.0
1624.0
1651.0
1652.0
1631.0
1632.0
1614.0
4.0
5.0
6.0
3.0
4.0
4.0
7.0
5.0
8.0
5.0
4.0
3.0
5.0
2.0
3.0
3.0
2.0
3.0
3.0
3.0
4.0
4.0
6.0
6.0
4.0
3.0
6.0
5.0
3.0
4.0
2.0
2.0
2.0
2.0
2.0
2.0
2.0
3.0
2.0
2.0
6.0
5.0
6.0
3.0
6.0
3.0
3.0
2.0
3.0
4.0
2.0
1.0
2.0
2.0
2.0
3.0
3.0
3.0
2.0
2.0
5.0
3.0
3.0
5.0
4.0
3.0
3.0
2.0
4.0
3.0
2.0
2.0
2.0
2.0
2.0
2.0
2.0
2.0
4.0
3.0
3.0
5.0
3.0
6.0
3.0
3.0
3.0
3.0
3.0
3.0
2.0
2.0
2.0
2.0
2.0
2.0
2.0
2.0
3.0
2.0
4.0
6.0
7.0
6.0
5.0
4.0
4.0
4.0
4.0
5.0
4.0
3.0
3.0
2.0
3.0
2.0
5.0
4.0
4.0
2.0
4.0
5.0
3.0
3.0
4.0
4.0
4.0
6.0
5.0
3.0
5.0
3.0
3.0
2.0
2.0
4.0
2.0
2.0
2.0
2.0
3.0
3.0
4.0
5.0
3.0
5.0
3.0
2.0
4.0
3.0
3.0
2.0
2.0
2.0
2.0
2.0
2.0
2.0
3.0
3.0
3.0
3.0
3.0
6.0
4.0
6.0
3.0
2.0
4.0
3.0
3.0
2.0
2.0
2.0
2.0
2.0
2.0
2.0
3.0
2.0
3.0
4.0
6.0
3.0
6.0
6.0
3.0
3.0
2.0
3.0
2.0
2.0
2.0
2.0
2.0
2.0
2.0
2.0
2.0
3.0
4.0
6.0
7.0
4.0
7.0
4.0
4.0
4.0
4.0
5.0
4.0
3.0
3.0
2.0
3.0
2.0
4.0
2.0
4.0
3.0
4.0
4.0
6.0
3.0
4.0
3.0
4.0
5.0
4.0
2.0
3.0
4.0
2.0
2.0
2.0
2.0
2.0
2.0
2.0
2.0
3.0
6.0
3.0
6.0
6.0
3.0
3.0
2.0
2.0
4.0
3.0
2.0
2.0
2.0
2.0
2.0
3.0
3.0
2.0
2.0
4.0
4.0
3.0
3.0
6.0
6.0
3.0
2.0
4.0
3.0
2.0
2.0
2.0
2.0
2.0
2.0
2.0
2.0
4.0
2.0
4.0
3.0
5.0
5.0
6.0
3.0
2.0
2.0
2.0
3.0
2.0
2.0
2.0
2.0
2.0
1.0
2.0
2.0
2.0
2.0
8.0
6.0
5.0
3.0
7.0
6.0
4.0
4.0
5.0
3.0
5.0
3.0
3.0
2.0
3.0
2.0
4.0
4.0
4.0
2.0
6.0
3.0
4.0
3.0
3.0
3.0
4.0
5.0
5.0
3.0
3.0
3.0
4.0
2.0
3.0
2.0
2.0
3.0
3.0
2.0
3.0
3.0
59.0
3.0
4.0
60.0
59.0
2.0
2.0
57.0
58.0
2.0
57.0
57.0
56.0
55.0
56.0
3.0
2.0
2.0
6.0
3.0
5.0
3.0
6.0
3.0
4.0
3.0
3.0
3.0
2.0
2.0
2.0
2.0
2.0
2.0
2.0
3.0
2.0
2.0
5.0
5.0
3.0
5.0
3.0
4.0
3.0
3.0
2.0
4.0
2.0
2.0
2.0
2.0
2.0
2.0
2.0
3.0
4.0
2.0
7.0
3.0
7.0
4.0
4.0
4.0
5.0
4.0
8.0
4.0
5.0
3.0
3.0
2.0
3.0
2.0
3.0
2.0
3.0
4.0
6.0
6.0
3.0
3.0
4.0
3.0
4.0
3.0
5.0
4.0
3.0
2.0
2.0
2.0
2.0
3.0
2.0
3.0
2.0
2.0
4.0
4.0
5.0
5.0
3.0
3.0
4.0
3.0
3.0
3.0
2.0
2.0
2.0
2.0
2.0
2.0
2.0
2.0
4.0
3.0
6.0
5.0
3.0
3.0
4.0
3.0
3.0
3.0
4.0
3.0
2.0
2.0
2.0
2.0
2.0
2.0
2.0
3.0
3.0
2.0
3.0
3.0
6.0
3.0
4.0
5.0
2.0
3.0
4.0
3.0
2.0
2.0
2.0
1.0
2.0
2.0
2.0
3.0
2.0
1.0
7.0
6.0
7.0
4.0
4.0
7.0
5.0
4.0
4.0
2.0
4.0
3.0
3.0
2.0
2.0
2.0
4.0
3.0
4.0
3.0
4.0
4.0
4.0
3.0
4.0
4.0
7.0
5.0
4.0
2.0
3.0
4.0
3.0
2.0
2.0
2.0
2.0
2.0
2.0
2.0
3.0
3.0
6.0
6.0
4.0
3.0
4.0
2.0
4.0
3.0
2.0
2.0
3.0
2.0
2.0
2.0
2.0
2.0
3.0
3.0
3.0
3.0
6.0
6.0
4.0
3.0
3.0
3.0
4.0
3.0
2.0
2.0
2.0
2.0
2.0
2.0
2.0
2.0
2.0
2.0
5.0
5.0
5.0
4.0
4.0
5.0
3.0
3.0
2.0
2.0
2.0
2.0
2.0
2.0
2.0
2.0
3.0
3.0
3.0
2.0
4.0
4.0
4.0
4.0
4.0
7.0
4.0
6.0
7.0
5.0
4.0
3.0
3.0
2.0
2.0
2.0
2.0
3.0
3.0
2.0
4.0
5.0
4.0
4.0
7.0
3.0
3.0
3.0
5.0
4.0
3.0
2.0
2.0
2.0
2.0
2.0
3.0
2.0
2.0
2.0
6.0
6.0
3.0
3.0
3.0
5.0
4.0
3.0
3.0
3.0
3.0
2.0
2.0
2.0
2.0
2.0
4.0
4.0
3.0
2.0
3.0
3.0
3.0
4.0
6.0
3.0
3.0
3.0
4.0
3.0
3.0
2.0
2.0
2.0
2.0
2.0
3.0
2.0
2.0
2.0
3.0
6.0
6.0
6.0
5.0
3.0
2.0
2.0
2.0
2.0
2.0
2.0
2.0
2.0
2.0
2.0
2.0
2.0
3.0
3.0
4.0
4.0
7.0
4.0
7.0
4.0
5.0
4.0
7.0
5.0
4.0
3.0
3.0
3.0
2.0
2.0
2.0
2.0
3.0
4.0
7.0
6.0
4.0
4.0
4.0
4.0
4.0
3.0
5.0
4.0
2.0
2.0
2.0
2.0
3.0
2.0
3.0
3.0
3.0
2.0
4.0
3.0
6.0
6.0
3.0
3.0
4.0
2.0
4.0
4.0
2.0
2.0
2.0
2.0
2.0
2.0
2.0
2.0
3.0
3.0
3.0
6.0
3.0
6.0
4.0
3.0
4.0
3.0
4.0
3.0
3.0
1.0
2.0
2.0
2.0
2.0
2.0
3.0
2.0
3.0
3.0
4.0
6.0
4.0
3.0
6.0
2.0
2.0
3.0
3.0
2.0
2.0
2.0
2.0
2.0
2.0
2.0
2.0
2.0
2.0
4.0
6.0
5.0
7.0
8.0
6.0
4.0
3.0
4.0
3.0
5.0
2.0
3.0
3.0
2.0
2.0
4.0
3.0
4.0
3.0
3.0
5.0
4.0
4.0
4.0
3.0
3.0
6.0
5.0
4.0
2.0
2.0
2.0
2.0
2.0
3.0
3.0
2.0
2.0
2.0
4.0
4.0
6.0
3.0
5.0
6.0
4.0
3.0
3.0
3.0
2.0
2.0
2.0
2.0
2.0
2.0
2.0
2.0
4.0
2.0
3.0
6.0
4.0
5.0
3.0
6.0
3.0
3.0
2.0
3.0
3.0
2.0
2.0
2.0
2.0
2.0
3.0
2.0
2.0
2.0
6.0
3.0
6.0
4.0
4.0
5.0
2.0
2.0
2.0
3.0
2.0
2.0
2.0
2.0
2.0
2.0
2.0
3.0
2.0
3.0
1471.0
1610.0
1618.0
1559.0
1610.0
1750.0
1595.0
1612.0
1692.0
1663.0
1574.0
1572.0
1582.0
1574.0
1583.0
1583.0
1607.0
1584.0
873.0
880.0
1573.0
1584.0
1549.0
1547.0
1557.0
1547.0
1562.0
1565.0
1562.0
1639.0
1623.0
1615.0
1634.0
1628.0
1626.0
1634.0
1640.0
1635.0
939.0
851.0
1584.0
1585.0
1572.0
1593.0
1577.0
1579.0
1613.0
1616.0
1633.0
1624.0
1605.0
1598.0
1618.0
1623.0
1621.0
1620.0
1581.0
1591.0
865.0
892.0
1676.0
1680.0
1679.0
1653.0
1660.0
1624.0
1653.0
1635.0
1649.0
1663.0
1607.0
1596.0
1604.0
1601.0
1591.0
1598.0
1558.0
849.0
887.0
892.0
1592.0
1552.0
1569.0
1553.0
1559.0
1558.0
1552.0
1551.0
1554.0
1584.0
1673.0
1709.0
1708.0
1678.0
1691.0
1673.0
1664.0
883.0
901.0
945.0
1660.0
1664.0
1558.0
1563.0
1551.0
1567.0
1565.0
1551.0
1550.0
1560.0
1564.0
1563.0
1578.0
1610.0
1578.0
1581.0
1582.0
1581.0
888.0
885.0
1593.0
1598.0
1593.0
1625.0
1596.0
1575.0
1595.0
1588.0
1556.0
1575.0
1626.0
1698.0
1626.0
1687.0
1674.0
1656.0
1658.0
1641.0
968.0
933.0
1611.0
1599.0
1584.0
1618.0
1584.0
1637.0
1602.0
1569.0
1601.0
1631.0
1558.0
1569.0
1587.0
1580.0
1554.0
1586.0
1583.0
1581.0
889.0
852.0
1673.0
1660.0
1673.0
1646.0
1639.0
1642.0
1657.0
1615.0
1695.0
1645.0
1576.0
1624.0
1609.0
1592.0
1615.0
1591.0
1587.0
886.0
886.0
849.0
1597.0
1583.0
1587.0
1549.0
1552.0
1548.0
1550.0
1551.0
1552.0
1546.0
1550.0
1550.0
1634.0
1650.0
1662.0
1658.0
1657.0
878.0
879.0
876.0
1638.0
1661.0
1661.0
1647.0
1644.0
1574.0
1579.0
1558.0
1579.0
1571.0
1577.0
1577.0
1581.0
1579.0
1579.0
1595.0
1614.0
1605.0
905.0
902.0
1581.0
1581.0
1582.0
1580.0
1589.0
1592.0
1590.0
1559.0
1557.0
1559.0
1612.0
1617.0
1619.0
1612.0
1614.0
1615.0
1659.0
1663.0
939.0
942.0
1636.0
1604.0
1702.0
1620.0
1608.0
1606.0
1638.0
1641.0
1596.0
1550.0
1548.0
1564.0
1550.0
1551.0
1549.0
1565.0
1627.0
1565.0
876.0
883.0
1662.0
1663.0
1668.0
1702.0
1676.0
1707.0
1657.0
1666.0
1671.0
1660.0
1547.0
1544.0
1547.0
1551.0
1547.0
1574.0
1566.0
874.0
874.0
875.0
1591.0
1622.0
1595.0
1605.0
1608.0
1596.0
1593.0
1640.0
1574.0
1554.0
1593.0
1554.0
1558.0
1562.0
1563.0
1633.0
1636.0
876.0
877.0
881.0
1654.0
1651.0
1628.0
1666.0
1659.0
1656.0
1665.0
1665.0
1600.0
1609.0
1607.0
1613.0
1611.0
1571.0
1580.0
1559.0
1557.0
1595.0
882.0
881.0
1554.0
1584.0
1580.0
1580.0
1580.0
1576.0
1613.0
1587.0
1581.0
1557.0
1675.0
1623.0
1647.0
1622.0
1647.0
1658.0
1606.0
1647.0
965.0
972.0
1601.0
1651.0
1599.0
1599.0
1598.0
1599.0
1606.0
1609.0
1641.0
1620.0
1554.0
1554.0
1552.0
1558.0
1552.0
1554.0
1549.0
1538.0
883.0
879.0
1551.0
1545.0
1664.0
1654.0
1669.0
1640.0
1688.0
1666.0
1659.0
1658.0
1643.0
1652.0
1565.0
1545.0
1546.0
1550.0
1560.0
879.0
878.0
878.0
1548.0
1547.0
1536.0
1552.0
1550.0
1579.0
1570.0
1573.0
1591.0
1576.0
1582.0
1570.0
1571.0
1582.0
1573.0
1589.0
1581.0
903.0
907.0
874.0
1614.0
1620.0
1616.0
1634.0
1613.0
1621.0
1647.0
1651.0
1655.0
1644.0
1579.0
1577.0
1589.0
1578.0
1580.0
1614.0
1562.0
1582.0
874.0
879.0
1609.0
1614.0
1555.0
1557.0
1604.0
1588.0
1591.0
1590.0
1606.0
1589.0
1667.0
1649.0
1636.0
1666.0
1650.0
1638.0
1645.0
1641.0
957.0
965.0
1633.0
1602.0
1603.0
1643.0
1647.0
1606.0
1641.0
1657.0
1632.0
1675.0
1607.0
1611.0
1581.0
1555.0
1609.0
1561.0
1552.0
1567.0
883.0
887.0
1551.0
1559.0
1560.0
1561.0
1647.0
1652.0
1660.0
1665.0
1651.0
1669.0
1646.0
1657.0
1644.0
1642.0
1556.0
1549.0
1549.0
883.0
912.0
882.0
1559.0
1548.0
1550.0
1582.0
1549.0
1562.0
1561.0
1575.0
1574.0
1576.0
1582.0
1573.0
1577.0
1581.0
1586.0
1584.0
1585.0
873.0
894.0
874.0
1636.0
1635.0
1640.0
1640.0
1625.0
1627.0
1656.0
1674.0
1684.0
1655.0
1583.0
1582.0
1580.0
1591.0
1589.0
1580.0
1592.0
1561.0
859.0
857.0
1591.0
1585.0
1551.0
1551.0
1542.0
1573.0
1552.0
1550.0
1585.0
1585.0
1674.0
1674.0
1650.0
1650.0
1651.0
1653.0
1663.0
1652.0
941.0
942.0
1587.0
1583.0
1577.0
1582.0
1583.0
1603.0
1627.0
1614.0
1605.0
1614.0
1586.0
1575.0
1586.0
1587.0
1578.0
1551.0
1548.0
1551.0
883.0
875.0
1559.0
1551.0
1561.0
1557.0
1557.0
1561.0
1636.0
1641.0
1651.0
1678.0
1617.0
1641.0
1653.0
1650.0
1638.0
1655.0
1542.0
851.0
905.0
885.0
1567.0
1560.0
1537.0
1563.0
1543.0
1563.0
1562.0
1558.0
1558.0
1572.0
1573.0
1584.0
1601.0
1601.0
1588.0
1591.0
1628.0
885.0
882.0
848.0
1676.0
1674.0
1669.0
1645.0
1624.0
1637.0
1629.0
1640.0
1636.0
1628.0
1559.0
1557.0
1573.0
1572.0
1573.0
1575.0
1574.0
1588.0
881.0
880.0
1598.0
1617.0
1619.0
1620.0
1627.0
1606.0
1626.0
1639.0
1596.0
1609.0
1577.0
1575.0
1668.0
1681.0
1676.0
1667.0
1664.0
1673.0
882.0
880.0
1700.0
1719.0
1721.0
1718.0
1663.0
1631.0
1593.0
1590.0
1584.0
1603.0
1598.0
1581.0
1636.0
1629.0
1637.0
1591.0
1596.0
1599.0
905.0
851.0
1569.0
1572.0
1571.0
1583.0
1559.0
1558.0
1558.0
1555.0
1544.0
1544.0
1602.0
1604.0
1605.0
1639.0
1640.0
1635.0
1638.0
956.0
947.0
923.0
1585.0
1579.0
1576.0
1577.0
1574.0
1575.0
1557.0
1558.0
1556.0
1557.0
1565.0
1578.0
1544.0
1544.0
1543.0
1571.0
1581.0
882.0
883.0
883.0
1636.0
1652.0
1640.0
1662.0
1623.0
1655.0
1661.0
1660.0
1632.0
1637.0
1560.0
1568.0
1559.0
1561.0
1574.0
1589.0
1612.0
1614.0
875.0
881.0
1583.0
1614.0
1594.0
1596.0
1598.0
1600.0
1548.0
1548.0
1562.0
1564.0
1555.0
1565.0
1565.0
1557.0
1590.0
1665.0
1671.0
1667.0
880.0
879.0
1701.0
1686.0
1696.0
1669.0
1682.0
1686.0
1672.0
1552.0
1566.0
1559.0
1574.0
1553.0
1554.0
1549.0
1562.0
1600.0
1580.0
1587.0
879.0
879.0
1554.0
1577.0
1584.0
1583.0
1581.0
1584.0
1585.0
1584.0
1556.0
1561.0
1667.0
1632.0
1608.0
1637.0
1600.0
1594.0
1639.0
950.0
929.0
926.0
1574.0
1579.0
1568.0
1586.0
1601.0
1609.0
1580.0
1605.0
1578.0
1579.0
1547.0
1550.0
1551.0
1547.0
1548.0
1550.0
1547.0
876.0
873.0
874.0
1549.0
1548.0
1629.0
1644.0
1627.0
1630.0
1620.0
1622.0
1623.0
1620.0
1643.0
1616.0
1545.0
1543.0
1548.0
1542.0
1546.0
1547.0
876.0
873.0
1549.0
1547.0
1551.0
1544.0
1568.0
1576.0
1582.0
1576.0
1577.0
1575.0
1596.0
1573.0
1576.0
1583.0
1549.0
1556.0
1560.0
1551.0
871.0
871.0
1630.0
1651.0
1671.0
1677.0
1654.0
1629.0
1631.0
1630.0
1642.0
1631.0
1576.0
1578.0
1543.0
1548.0
1546.0
1544.0
1544.0
1540.0
873.0
873.0
1552.0
1548.0
1551.0
1547.0
1569.0
1573.0
1574.0
1570.0
1574.0
1573.0
1635.0
1638.0
1625.0
1626.0
1605.0
1606.0
1595.0
934.0
942.0
930.0
1559.0
1545.0
1546.0
1545.0
1548.0
1584.0
1587.0
1585.0
1616.0
1569.0
1583.0
1571.0
1575.0
1573.0
1575.0
1556.0
1558.0
878.0
873.0
887.0
1569.0
1554.0
1565.0
1561.0
1581.0
1563.0
1652.0
1646.0
1657.0
1650.0
1628.0
1647.0
1648.0
1648.0
1628.0
1620.0
1559.0
1549.0
886.0
882.0
1558.0
1561.0
1549.0
1560.0
1559.0
1562.0
1550.0
1572.0
1580.0
1583.0
1594.0
1605.0
1614.0
1603.0
1609.0
1609.0
1590.0
1558.0
899.0
875.0
1628.0
1616.0
1664.0
1621.0
1616.0
1695.0
1661.0
1658.0
1644.0
1632.0
1588.0
1588.0
1587.0
1591.0
1584.0
1562.0
1564.0
1554.0
905.0
871.0
1597.0
1553.0
1554.0
1553.0
1548.0
1549.0
1571.0
1584.0
1568.0
1568.0
1619.0
1656.0
1618.0
1621.0
1641.0
1620.0
1599.0
949.0
915.0
915.0
1574.0
1565.0
1561.0
1547.0
1553.0
1557.0
1556.0
1612.0
1579.0
1574.0
1585.0
1588.0
1579.0
1579.0
1580.0
1583.0
1609.0
855.0
854.0
848.0
1588.0
1587.0
1580.0
1555.0
1556.0
1557.0
1549.0
1549.0
1552.0
1550.0
1664.0
1626.0
1616.0
1641.0
1640.0
1639.0
1642.0
1620.0
926.0
926.0
1570.0
1573.0
1548.0
1561.0
1547.0
1546.0
1579.0
1547.0
1541.0
1584.0
1548.0
1552.0
1581.0
1583.0
1579.0
1585.0
1603.0
1613.0
875.0
874.0
1646.0
1670.0
1726.0
1652.0
1626.0
1614.0
1649.0
1606.0
1624.0
1628.0
1559.0
1555.0
1588.0
1625.0
1593.0
1578.0
1579.0
1575.0
876.0
850.0
1587.0
1587.0
1579.0
1576.0
1553.0
1554.0
1561.0
1557.0
1552.0
1569.0
1558.0
1554.0
1550.0
1625.0
1642.0
1630.0
1648.0
879.0
876.0
877.0
1635.0
1640.0
1647.0
1663.0
1659.0
1636.0
1553.0
1551.0
1554.0
1560.0
1549.0
1534.0
1560.0
1514.0
1553.0
1551.0
1528.0
882.0
873.0
874.0
