1.0
1.0
1.0
1.0
1.0
1.0
1.0
1.0
1.0
0.0
15.0
14.0
15.0
14.0
15.0
26.0
27.0
15.0
27.0
27.0
952.0
952.0
952.0
910.0
952.0
952.0
1039.0
1150.0
1165.0
1084.0
902.0
923.0
924.0
1028.0
925.0
923.0
983.0
989.0
987.0
989.0
960.0
959.0
959.0
963.0
960.0
890.0
890.0
916.0
917.0
919.0
918.0
917.0
918.0
918.0
922.0
918.0
918.0
892.0
891.0
893.0
918.0
917.0
917.0
921.0
923.0
919.0
921.0
917.0
920.0
923.0
921.0
919.0
920.0
925.0
926.0
920.0
920.0
920.0
920.0
924.0
923.0
919.0
920.0
922.0
926.0
919.0
921.0
920.0
924.0
926.0
962.0
962.0
963.0
965.0
971.0
962.0
966.0
962.0
963.0
969.0
921.0
920.0
919.0
921.0
920.0
928.0
923.0
920.0
920.0
925.0
14.0
14.0
5.0
5.0
1.0
14.0
14.0
6.0
6.0
0.0
931.0
932.0
920.0
921.0
448.0
942.0
933.0
923.0
926.0
481.0
949.0
944.0
926.0
928.0
461.0
940.0
935.0
921.0
922.0
462.0
925.0
919.0
903.0
875.0
445.0
914.0
911.0
904.0
902.0
445.0
915.0
910.0
903.0
902.0
471.0
914.0
951.0
944.0
944.0
445.0
957.0
951.0
941.0
942.0
512.0
955.0
950.0
903.0
902.0
448.0
916.0
911.0
903.0
905.0
472.0
921.0
911.0
911.0
878.0
445.0
894.0
916.0
906.0
906.0
448.0
920.0
923.0
906.0
909.0
474.0
918.0
915.0
879.0
904.0
447.0
918.0
915.0
912.0
906.0
476.0
919.0
914.0
905.0
902.0
448.0
873.0
873.0
863.0
863.0
439.0
46.0
36.0
36.0
47.0
36.0
36.0
36.0
37.0
48.0
48.0
928.0
933.0
928.0
929.0
928.0
928.0
1055.0
1215.0
1198.0
1039.0
915.0
947.0
915.0
961.0
917.0
994.0
890.0
889.0
915.0
982.0
983.0
982.0
982.0
982.0
981.0
984.0
983.0
981.0
954.0
888.0
915.0
915.0
916.0
916.0
916.0
919.0
915.0
915.0
914.0
916.0
915.0
914.0
915.0
916.0
915.0
918.0
915.0
914.0
914.0
915.0
915.0
915.0
915.0
914.0
915.0
918.0
916.0
916.0
915.0
914.0
916.0
916.0
916.0
916.0
916.0
919.0
915.0
915.0
916.0
915.0
954.0
955.0
954.0
957.0
954.0
959.0
955.0
955.0
954.0
955.0
916.0
915.0
915.0
915.0
915.0
914.0
917.0
916.0
915.0
915.0
14.0
10.0
10.0
0.0
1.0
14.0
9.0
9.0
1.0
0.0
916.0
911.0
911.0
903.0
445.0
915.0
914.0
910.0
902.0
445.0
915.0
911.0
885.0
876.0
445.0
888.0
913.0
915.0
903.0
445.0
917.0
913.0
913.0
903.0
474.0
917.0
913.0
883.0
875.0
447.0
916.0
913.0
912.0
906.0
474.0
917.0
912.0
912.0
904.0
474.0
957.0
955.0
954.0
944.0
445.0
962.0
953.0
953.0
944.0
515.0
957.0
912.0
912.0
904.0
446.0
917.0
915.0
912.0
903.0
474.0
916.0
912.0
884.0
903.0
446.0
917.0
912.0
916.0
903.0
473.0
926.0
921.0
924.0
909.0
457.0
939.0
918.0
936.0
924.0
474.0
918.0
912.0
924.0
903.0
473.0
923.0
884.0
884.0
875.0
447.0
14.0
14.0
14.0
14.0
14.0
15.0
14.0
14.0
14.0
14.0
917.0
918.0
917.0
917.0
918.0
920.0
918.0
917.0
917.0
986.0
956.0
960.0
959.0
957.0
957.0
961.0
956.0
957.0
958.0
888.0
916.0
917.0
916.0
916.0
916.0
920.0
917.0
916.0
917.0
916.0
917.0
916.0
917.0
917.0
916.0
920.0
916.0
916.0
916.0
917.0
888.0
917.0
917.0
916.0
916.0
919.0
916.0
917.0
916.0
916.0
916.0
888.0
888.0
889.0
916.0
919.0
916.0
916.0
917.0
917.0
917.0
988.0
985.0
985.0
957.0
963.0
960.0
956.0
958.0
957.0
956.0
888.0
888.0
889.0
888.0
919.0
916.0
917.0
916.0
916.0
916.0
917.0
917.0
916.0
917.0
892.0
918.0
917.0
918.0
917.0
14.0
10.0
0.0
1.0
1.0
14.0
9.0
1.0
0.0
1.0
917.0
913.0
904.0
903.0
474.0
920.0
884.0
902.0
903.0
446.0
916.0
912.0
902.0
903.0
473.0
916.0
915.0
902.0
875.0
446.0
919.0
914.0
905.0
904.0
473.0
918.0
913.0
907.0
905.0
475.0
957.0
954.0
943.0
943.0
513.0
957.0
953.0
943.0
946.0
516.0
889.0
883.0
875.0
904.0
445.0
917.0
912.0
903.0
903.0
475.0
917.0
912.0
904.0
903.0
445.0
892.0
912.0
904.0
902.0
445.0
917.0
920.0
914.0
912.0
473.0
930.0
946.0
910.0
910.0
471.0
938.0
918.0
923.0
907.0
472.0
928.0
920.0
911.0
875.0
445.0
917.0
913.0
904.0
904.0
474.0
916.0
912.0
903.0
906.0
474.0
14.0
14.0
14.0
14.0
14.0
14.0
14.0
13.0
14.0
14.0
960.0
960.0
963.0
959.0
960.0
960.0
960.0
960.0
960.0
966.0
917.0
917.0
917.0
917.0
919.0
917.0
917.0
917.0
917.0
920.0
888.0
889.0
888.0
888.0
916.0
917.0
916.0
917.0
916.0
919.0
917.0
916.0
915.0
916.0
914.0
915.0
914.0
914.0
914.0
917.0
915.0
915.0
914.0
915.0
888.0
915.0
916.0
916.0
915.0
918.0
916.0
915.0
916.0
915.0
984.0
958.0
956.0
958.0
959.0
961.0
956.0
956.0
956.0
956.0
889.0
916.0
915.0
916.0
916.0
919.0
916.0
916.0
915.0
916.0
915.0
889.0
887.0
889.0
916.0
918.0
916.0
916.0
916.0
916.0
917.0
916.0
916.0
889.0
888.0
918.0
14.0
10.0
1.0
0.0
1.0
14.0
9.0
1.0
0.0
1.0
917.0
913.0
904.0
903.0
473.0
917.0
912.0
903.0
903.0
446.0
917.0
912.0
904.0
903.0
445.0
920.0
911.0
903.0
905.0
474.0
917.0
955.0
947.0
945.0
445.0
962.0
959.0
944.0
943.0
515.0
956.0
952.0
875.0
904.0
445.0
917.0
911.0
906.0
904.0
474.0
917.0
913.0
903.0
904.0
445.0
916.0
912.0
903.0
906.0
445.0
916.0
918.0
908.0
910.0
473.0
921.0
906.0
901.0
904.0
459.0
940.0
925.0
903.0
910.0
447.0
930.0
911.0
904.0
904.0
472.0
917.0
913.0
902.0
903.0
445.0
917.0
917.0
903.0
904.0
473.0
917.0
912.0
945.0
945.0
445.0
959.0
953.0
949.0
945.0
516.0
14.0
14.0
9.0
9.0
10.0
14.0
14.0
9.0
9.0
10.0
958.0
961.0
953.0
912.0
911.0
918.0
917.0
912.0
914.0
911.0
916.0
916.0
911.0
885.0
912.0
917.0
916.0
913.0
915.0
913.0
917.0
917.0
912.0
912.0
884.0
889.0
916.0
911.0
915.0
912.0
916.0
917.0
911.0
912.0
912.0
918.0
889.0
884.0
915.0
912.0
917.0
917.0
912.0
912.0
912.0
916.0
916.0
911.0
962.0
957.0
962.0
964.0
959.0
957.0
957.0
962.0
963.0
957.0
915.0
912.0
917.0
918.0
913.0
912.0
912.0
916.0
916.0
912.0
886.0
912.0
917.0
916.0
912.0
913.0
912.0
918.0
918.0
913.0
915.0
883.0
917.0
916.0
912.0
910.0
912.0
915.0
916.0
911.0
914.0
912.0
14.0
9.0
1.0
0.0
0.0
14.0
10.0
1.0
0.0
1.0
916.0
912.0
901.0
445.0
446.0
917.0
912.0
904.0
475.0
473.0
917.0
912.0
947.0
446.0
446.0
962.0
957.0
947.0
516.0
516.0
960.0
955.0
947.0
516.0
445.0
889.0
884.0
907.0
445.0
445.0
917.0
913.0
903.0
445.0
473.0
917.0
912.0
903.0
474.0
474.0
891.0
912.0
904.0
445.0
445.0
916.0
913.0
909.0
474.0
474.0
929.0
930.0
928.0
446.0
453.0
946.0
938.0
942.0
464.0
469.0
933.0
927.0
913.0
481.0
480.0
923.0
914.0
902.0
446.0
445.0
916.0
914.0
903.0
445.0
473.0
917.0
912.0
906.0
474.0
474.0
960.0
954.0
945.0
446.0
445.0
961.0
956.0
946.0
517.0
517.0
14.0
14.0
9.0
10.0
9.0
14.0
14.0
9.0
9.0
10.0
960.0
962.0
885.0
884.0
913.0
917.0
917.0
912.0
912.0
912.0
917.0
920.0
912.0
912.0
883.0
888.0
889.0
911.0
911.0
912.0
917.0
919.0
912.0
912.0
911.0
917.0
918.0
884.0
913.0
917.0
920.0
923.0
916.0
912.0
912.0
916.0
919.0
912.0
884.0
912.0
917.0
921.0
913.0
913.0
912.0
917.0
917.0
912.0
985.0
958.0
961.0
964.0
958.0
957.0
956.0
961.0
961.0
958.0
884.0
912.0
916.0
920.0
912.0
913.0
912.0
917.0
917.0
912.0
912.0
884.0
917.0
920.0
914.0
912.0
912.0
917.0
917.0
912.0
913.0
912.0
917.0
920.0
912.0
912.0
913.0
917.0
917.0
912.0
912.0
913.0
14.0
9.0
1.0
1.0
0.0
14.0
9.0
1.0
0.0
0.0
917.0
915.0
904.0
445.0
445.0
917.0
913.0
904.0
473.0
474.0
917.0
913.0
951.0
446.0
446.0
960.0
957.0
946.0
445.0
445.0
959.0
955.0
946.0
517.0
518.0
960.0
886.0
904.0
446.0
445.0
917.0
912.0
905.0
445.0
474.0
917.0
912.0
904.0
475.0
473.0
888.0
884.0
903.0
445.0
445.0
920.0
911.0
903.0
473.0
473.0
924.0
933.0
918.0
473.0
451.0
900.0
938.0
929.0
453.0
457.0
943.0
916.0
903.0
483.0
475.0
926.0
915.0
904.0
446.0
447.0
917.0
912.0
902.0
445.0
445.0
917.0
915.0
904.0
473.0
473.0
916.0
912.0
952.0
445.0
445.0
965.0
964.0
952.0
523.0
523.0
14.0
14.0
9.0
9.0
9.0
15.0
14.0
9.0
10.0
9.0
965.0
967.0
962.0
962.0
912.0
919.0
918.0
914.0
912.0
912.0
916.0
918.0
913.0
913.0
884.0
888.0
888.0
912.0
913.0
912.0
917.0
918.0
913.0
914.0
913.0
918.0
918.0
885.0
885.0
913.0
917.0
918.0
913.0
913.0
912.0
917.0
917.0
912.0
912.0
883.0
918.0
918.0
912.0
913.0
913.0
918.0
918.0
912.0
913.0
981.0
960.0
958.0
955.0
954.0
955.0
957.0
957.0
953.0
952.0
883.0
916.0
917.0
913.0
912.0
912.0
917.0
916.0
912.0
912.0
912.0
917.0
919.0
912.0
914.0
912.0
918.0
918.0
914.0
912.0
912.0
917.0
918.0
912.0
913.0
913.0
918.0
917.0
912.0
912.0
913.0
15.0
10.0
1.0
1.0
0.0
14.0
9.0
0.0
1.0
0.0
888.0
885.0
877.0
446.0
445.0
917.0
913.0
904.0
446.0
446.0
916.0
912.0
903.0
474.0
473.0
990.0
987.0
949.0
445.0
446.0
964.0
958.0
949.0
520.0
520.0
963.0
963.0
875.0
445.0
445.0
919.0
914.0
904.0
445.0
446.0
917.0
912.0
908.0
474.0
474.0
919.0
914.0
903.0
446.0
445.0
916.0
912.0
903.0
474.0
473.0
933.0
923.0
918.0
475.0
453.0
905.0
899.0
915.0
452.0
463.0
923.0
917.0
908.0
474.0
474.0
921.0
916.0
903.0
474.0
445.0
888.0
884.0
904.0
445.0
445.0
917.0
912.0
905.0
474.0
474.0
918.0
913.0
979.0
474.0
446.0
961.0
956.0
949.0
517.0
518.0
14.0
14.0
10.0
9.0
1.0
14.0
14.0
9.0
10.0
1.0
963.0
963.0
959.0
959.0
876.0
889.0
889.0
912.0
913.0
904.0
918.0
918.0
913.0
913.0
903.0
917.0
916.0
884.0
912.0
905.0
919.0
918.0
913.0
913.0
904.0
917.0
917.0
912.0
884.0
904.0
918.0
916.0
912.0
912.0
903.0
917.0
917.0
912.0
912.0
875.0
917.0
918.0
913.0
913.0
904.0
917.0
917.0
913.0
912.0
905.0
959.0
960.0
955.0
955.0
948.0
959.0
960.0
954.0
954.0
945.0
917.0
918.0
913.0
912.0
903.0
917.0
917.0
912.0
912.0
904.0
917.0
917.0
912.0
912.0
903.0
916.0
917.0
912.0
912.0
904.0
889.0
890.0
913.0
913.0
903.0
917.0
916.0
912.0
912.0
904.0
14.0
9.0
1.0
1.0
1.0
14.0
9.0
1.0
0.0
0.0
917.0
913.0
876.0
445.0
445.0
918.0
913.0
903.0
445.0
445.0
918.0
912.0
906.0
474.0
474.0
989.0
986.0
946.0
445.0
446.0
962.0
956.0
950.0
517.0
517.0
960.0
956.0
876.0
444.0
445.0
917.0
913.0
904.0
445.0
445.0
917.0
912.0
903.0
474.0
474.0
917.0
913.0
874.0
445.0
446.0
916.0
912.0
903.0
446.0
473.0
921.0
925.0
912.0
473.0
473.0
928.0
904.0
919.0
452.0
457.0
936.0
925.0
912.0
478.0
480.0
922.0
924.0
905.0
475.0
449.0
893.0
884.0
904.0
447.0
445.0
917.0
912.0
904.0
475.0
474.0
918.0
914.0
906.0
475.0
445.0
959.0
955.0
946.0
445.0
516.0
14.0
14.0
9.0
10.0
1.0
14.0
14.0
10.0
9.0
0.0
960.0
962.0
954.0
954.0
946.0
960.0
888.0
912.0
911.0
902.0
917.0
917.0
912.0
911.0
903.0
917.0
916.0
885.0
884.0
904.0
918.0
918.0
912.0
912.0
904.0
919.0
916.0
913.0
913.0
875.0
918.0
917.0
913.0
913.0
903.0
918.0
918.0
913.0
914.0
904.0
917.0
918.0
912.0
913.0
905.0
920.0
917.0
915.0
913.0
903.0
963.0
961.0
954.0
954.0
947.0
960.0
958.0
954.0
955.0
946.0
917.0
916.0
913.0
913.0
904.0
918.0
917.0
912.0
912.0
904.0
916.0
917.0
913.0
913.0
904.0
918.0
917.0
915.0
912.0
903.0
890.0
890.0
883.0
912.0
904.0
917.0
916.0
912.0
911.0
902.0
14.0
9.0
1.0
0.0
1.0
14.0
10.0
0.0
1.0
1.0
916.0
912.0
474.0
446.0
445.0
919.0
912.0
445.0
445.0
445.0
917.0
912.0
445.0
474.0
474.0
918.0
914.0
474.0
474.0
447.0
960.0
957.0
445.0
445.0
445.0
962.0
957.0
517.0
517.0
517.0
961.0
955.0
516.0
445.0
446.0
916.0
912.0
446.0
445.0
445.0
916.0
911.0
473.0
473.0
472.0
917.0
912.0
474.0
446.0
445.0
917.0
913.0
445.0
445.0
445.0
917.0
911.0
473.0
474.0
473.0
925.0
925.0
474.0
448.0
454.0
939.0
926.0
465.0
458.0
487.0
935.0
936.0
459.0
489.0
485.0
926.0
924.0
505.0
474.0
451.0
894.0
884.0
445.0
475.0
445.0
917.0
913.0
446.0
445.0
472.0
15.0
14.0
0.0
1.0
1.0
14.0
14.0
1.0
1.0
0.0
919.0
917.0
506.0
474.0
475.0
918.0
918.0
447.0
447.0
447.0
962.0
963.0
447.0
518.0
520.0
962.0
962.0
523.0
518.0
518.0
962.0
889.0
445.0
445.0
445.0
916.0
917.0
446.0
474.0
474.0
917.0
917.0
475.0
473.0
473.0
917.0
889.0
445.0
445.0
445.0
917.0
916.0
446.0
473.0
474.0
916.0
917.0
474.0
474.0
473.0
917.0
888.0
445.0
445.0
445.0
917.0
917.0
445.0
446.0
473.0
917.0
917.0
473.0
474.0
473.0
916.0
916.0
447.0
446.0
445.0
888.0
917.0
445.0
445.0
446.0
916.0
916.0
445.0
472.0
473.0
917.0
917.0
472.0
473.0
473.0
963.0
963.0
445.0
446.0
518.0
14.0
1.0
0.0
1.0
1.0
14.0
1.0
0.0
1.0
0.0
961.0
519.0
517.0
517.0
518.0
963.0
518.0
446.0
446.0
445.0
917.0
445.0
446.0
445.0
445.0
917.0
445.0
445.0
445.0
474.0
917.0
474.0
473.0
473.0
474.0
918.0
474.0
446.0
446.0
445.0
916.0
446.0
445.0
445.0
445.0
917.0
473.0
473.0
474.0
475.0
917.0
473.0
474.0
473.0
446.0
917.0
445.0
445.0
446.0
445.0
917.0
446.0
445.0
446.0
473.0
918.0
474.0
474.0
475.0
473.0
918.0
474.0
446.0
446.0
445.0
917.0
445.0
447.0
445.0
445.0
916.0
445.0
445.0
446.0
473.0
916.0
473.0
473.0
474.0
473.0
989.0
473.0
445.0
445.0
445.0
963.0
446.0
444.0
518.0
520.0
1.0
1.0
0.0
1.0
1.0
1.0
0.0
1.0
1.0
0.0
519.0
518.0
520.0
518.0
521.0
518.0
446.0
445.0
446.0
445.0
446.0
446.0
446.0
445.0
445.0
445.0
445.0
446.0
445.0
445.0
473.0
474.0
473.0
473.0
473.0
472.0
474.0
472.0
473.0
473.0
445.0
445.0
445.0
445.0
446.0
445.0
445.0
445.0
446.0
445.0
446.0
446.0
445.0
445.0
473.0
474.0
474.0
473.0
474.0
474.0
473.0
474.0
473.0
477.0
454.0
456.0
463.0
453.0
468.0
459.0
466.0
456.0
452.0
457.0
449.0
476.0
475.0
474.0
474.0
474.0
473.0
475.0
474.0
474.0
473.0
446.0
445.0
445.0
445.0
446.0
445.0
445.0
445.0
445.0
445.0
446.0
475.0
474.0
474.0
474.0
1.0
1.0
0.0
1.0
1.0
0.0
1.0
0.0
1.0
1.0
474.0
474.0
474.0
474.0
474.0
473.0
445.0
445.0
445.0
445.0
445.0
445.0
445.0
445.0
445.0
516.0
517.0
517.0
518.0
517.0
519.0
518.0
516.0
517.0
516.0
445.0
446.0
446.0
446.0
446.0
445.0
445.0
446.0
446.0
445.0
445.0
445.0
445.0
474.0
473.0
474.0
473.0
474.0
473.0
474.0
474.0
475.0
474.0
446.0
446.0
446.0
445.0
445.0
445.0
445.0
446.0
445.0
445.0
446.0
445.0
446.0
445.0
445.0
474.0
474.0
474.0
474.0
474.0
474.0
474.0
474.0
474.0
474.0
445.0
445.0
445.0
445.0
445.0
446.0
446.0
445.0
445.0
445.0
441.0
473.0
448.0
464.0
443.0
459.0
456.0
