20.0
18.0
13.0
12.0
12.0
12.0
11.0
16.0
17.0
16.0
31.0
28.0
28.0
28.0
27.0
45.0
45.0
25.0
45.0
41.0
171.0
169.0
169.0
169.0
168.0
168.0
279.0
275.0
278.0
275.0
156.0
153.0
154.0
153.0
153.0
152.0
262.0
133.0
160.0
259.0
2586.0
2587.0
2592.0
2496.0
2586.0
2586.0
2469.0
2573.0
2590.0
2549.0
2582.0
2580.0
2590.0
2578.0
2597.0
2603.0
2587.0
2587.0
2589.0
2601.0
2571.0
2570.0
2550.0
2565.0
2534.0
2570.0
2566.0
2531.0
2565.0
2557.0
2573.0
2552.0
2568.0
2557.0
2550.0
2573.0
2574.0
2557.0
2556.0
2570.0
4750.0
4758.0
4790.0
4749.0
4786.0
4811.0
4770.0
4767.0
4780.0
4771.0
4779.0
4784.0
4791.0
4773.0
4775.0
4860.0
4843.0
4794.0
4780.0
4758.0
4771.0
4768.0
4766.0
4776.0
4861.0
4766.0
4790.0
4734.0
4760.0
4756.0
4741.0
4749.0
4751.0
4759.0
4757.0
4754.0
4772.0
4789.0
4774.0
4785.0
4759.0
4779.0
4807.0
4826.0
4796.0
4751.0
4755.0
4774.0
4801.0
4817.0
4812.0
4809.0
4759.0
4783.0
4760.0
4761.0
4776.0
4773.0
4764.0
4764.0
4766.0
4759.0
4756.0
4569.0
4570.0
4559.0
4442.0
4437.0
4435.0
51.0
32.0
51.0
31.0
30.0
30.0
31.0
48.0
24.0
23.0
47.0
45.0
27.0
28.0
29.0
27.0
26.0
35.0
19.0
19.0
29.0
29.0
27.0
28.0
26.0
45.0
43.0
34.0
19.0
19.0
27.0
27.0
27.0
27.0
26.0
42.0
43.0
24.0
18.0
12.0
27.0
27.0
27.0
27.0
45.0
26.0
36.0
24.0
19.0
12.0
27.0
27.0
26.0
62.0
44.0
60.0
40.0
37.0
37.0
31.0
47.0
45.0
45.0
43.0
26.0
24.0
25.0
22.0
15.0
16.0
24.0
24.0
23.0
21.0
20.0
14.0
9.0
13.0
13.0
9.0
25.0
42.0
25.0
25.0
24.0
40.0
19.0
15.0
10.0
15.0
23.0
39.0
28.0
9.0
9.0
8.0
8.0
8.0
8.0
8.0
154.0
154.0
154.0
154.0
153.0
154.0
263.0
262.0
199.0
19.0
254.0
152.0
151.0
132.0
150.0
150.0
149.0
174.0
194.0
16.0
124.0
225.0
138.0
150.0
150.0
150.0
149.0
145.0
113.0
9.0
123.0
122.0
150.0
151.0
150.0
148.0
149.0
138.0
46.0
10.0
141.0
126.0
151.0
127.0
151.0
149.0
149.0
137.0
47.0
10.0
149.0
149.0
130.0
145.0
129.0
145.0
140.0
129.0
9.0
9.0
146.0
146.0
168.0
139.0
151.0
152.0
140.0
138.0
50.0
11.0
165.0
146.0
146.0
139.0
125.0
66.0
43.0
40.0
8.0
8.0
172.0
141.0
136.0
140.0
134.0
138.0
135.0
122.0
58.0
9.0
137.0
138.0
132.0
42.0
41.0
42.0
42.0
8.0
8.0
8.0
144.0
144.0
142.0
143.0
142.0
143.0
141.0
141.0
108.0
12.0
141.0
141.0
140.0
139.0
140.0
140.0
138.0
134.0
106.0
10.0
141.0
141.0
140.0
140.0
140.0
140.0
139.0
134.0
105.0
10.0
140.0
139.0
140.0
140.0
140.0
138.0
138.0
128.0
43.0
10.0
140.0
140.0
140.0
139.0
139.0
138.0
139.0
129.0
44.0
9.0
140.0
139.0
139.0
145.0
143.0
143.0
140.0
131.0
9.0
9.0
146.0
145.0
146.0
146.0
146.0
140.0
140.0
129.0
43.0
9.0
138.0
137.0
138.0
137.0
127.0
66.0
42.0
42.0
7.0
7.0
140.0
140.0
140.0
140.0
139.0
138.0
134.0
124.0
43.0
9.0
138.0
136.0
131.0
42.0
41.0
41.0
42.0
7.0
7.0
8.0
2594.0
2577.0
2578.0
2574.0
2580.0
2571.0
2574.0
2575.0
2536.0
12.0
2572.0
2536.0
2537.0
2535.0
2535.0
2544.0
2533.0
2532.0
2498.0
10.0
2541.0
2566.0
2569.0
2565.0
2569.0
2566.0
2573.0
2565.0
2531.0
9.0
2572.0
2568.0
2536.0
2535.0
2535.0
2531.0
2533.0
2531.0
44.0
9.0
2575.0
2588.0
2571.0
2573.0
2578.0
2565.0
2563.0
2552.0
77.0
14.0
2565.0
2541.0
2537.0
2543.0
2541.0
2535.0
2527.0
2545.0
9.0
9.0
2565.0
2562.0
2569.0
2572.0
2561.0
2565.0
2573.0
2566.0
44.0
10.0
2570.0
2567.0
2564.0
2558.0
2539.0
2472.0
50.0
46.0
8.0
8.0
2550.0
2539.0
2552.0
2536.0
2549.0
2565.0
2567.0
2548.0
42.0
9.0
2566.0
2563.0
2560.0
41.0
42.0
42.0
42.0
7.0
7.0
8.0
2575.0
2571.0
2564.0
2573.0
2539.0
2531.0
2537.0
2544.0
2495.0
12.0
2542.0
2535.0
2537.0
2536.0
2538.0
2564.0
2564.0
2562.0
2526.0
10.0
2567.0
2567.0
2562.0
2571.0
2564.0
2569.0
2531.0
2534.0
2500.0
10.0
2535.0
2548.0
2548.0
2539.0
2546.0
2547.0
2546.0
2577.0
48.0
9.0
2591.0
2575.0
2570.0
2590.0
2588.0
2568.0
2566.0
2575.0
44.0
9.0
2597.0
2678.0
2550.0
2564.0
2556.0
2556.0
2546.0
2540.0
9.0
9.0
2565.0
2553.0
2547.0
2551.0
2556.0
2557.0
2563.0
2543.0
44.0
9.0
2555.0
2549.0
2551.0
2550.0
2543.0
2461.0
42.0
41.0
8.0
9.0
2536.0
2537.0
2537.0
2543.0
2538.0
2535.0
2532.0
2524.0
50.0
9.0
2529.0
2552.0
2546.0
42.0
42.0
42.0
41.0
8.0
7.0
8.0
2561.0
2559.0
2562.0
2560.0
2564.0
2556.0
2565.0
2561.0
2488.0
11.0
2529.0
2524.0
2541.0
2525.0
2526.0
2523.0
2522.0
2520.0
2487.0
11.0
2576.0
2579.0
2582.0
2578.0
2568.0
2582.0
2570.0
2564.0
2538.0
10.0
2572.0
2533.0
2531.0
2528.0
2535.0
2528.0
2537.0
2519.0
44.0
10.0
2530.0
2529.0
2533.0
2559.0
2566.0
2562.0
2561.0
2549.0
44.0
9.0
2564.0
2558.0
2558.0
2563.0
2572.0
2528.0
2527.0
2515.0
9.0
9.0
2529.0
2532.0
2530.0
2534.0
2538.0
2529.0
2537.0
2553.0
43.0
10.0
2567.0
2562.0
2561.0
2561.0
2551.0
2490.0
42.0
42.0
8.0
8.0
2567.0
2566.0
2563.0
2533.0
2539.0
2537.0
2532.0
2523.0
43.0
8.0
2535.0
2539.0
2533.0
41.0
42.0
41.0
42.0
7.0
7.0
7.0
2547.0
2544.0
2591.0
2576.0
2584.0
2569.0
2583.0
2585.0
2533.0
12.0
2569.0
2567.0
2581.0
2529.0
2537.0
2538.0
2537.0
2531.0
2506.0
10.0
2538.0
2536.0
2537.0
2535.0
2557.0
2560.0
2552.0
2565.0
2512.0
11.0
2550.0
2547.0
2555.0
2559.0
2550.0
2523.0
2522.0
2516.0
42.0
9.0
2524.0
2524.0
2522.0
2520.0
2521.0
2523.0
2519.0
2539.0
43.0
9.0
2554.0
2550.0
2548.0
2555.0
2559.0
2556.0
2543.0
2544.0
10.0
9.0
2551.0
2528.0
2523.0
2525.0
2533.0
2525.0
2522.0
2519.0
43.0
10.0
2520.0
2522.0
2521.0
2592.0
2561.0
2527.0
42.0
42.0
8.0
7.0
2600.0
2564.0
2602.0
2563.0
2565.0
2563.0
2600.0
2515.0
43.0
9.0
2518.0
2528.0
2525.0
41.0
42.0
42.0
42.0
7.0
7.0
8.0
4730.0
4729.0
4718.0
4713.0
4721.0
4732.0
4738.0
4733.0
4700.0
12.0
4747.0
4742.0
4730.0
4738.0
4728.0
4734.0
4730.0
4718.0
4700.0
9.0
4727.0
4734.0
4787.0
4826.0
4759.0
4797.0
4753.0
4768.0
4738.0
10.0
4775.0
4754.0
4769.0
4747.0
4723.0
4728.0
4822.0
4726.0
43.0
9.0
4732.0
4714.0
4712.0
4729.0
4739.0
4724.0
4731.0
4723.0
2225.0
10.0
4726.0
4721.0
4714.0
4719.0
4704.0
4741.0
4718.0
4720.0
9.0
9.0
4741.0
4731.0
4735.0
4734.0
4755.0
4765.0
4769.0
4747.0
43.0
10.0
4782.0
4727.0
4724.0
4727.0
4753.0
4686.0
42.0
41.0
7.0
8.0
4741.0
4739.0
4729.0
4752.0
4746.0
4729.0
4726.0
4717.0
43.0
9.0
4709.0
4696.0
4702.0
41.0
42.0
42.0
42.0
7.0
8.0
7.0
4741.0
4729.0
4717.0
4727.0
4709.0
4723.0
4718.0
4730.0
4679.0
12.0
4736.0
4721.0
4738.0
4739.0
4760.0
4741.0
4745.0
4740.0
4696.0
10.0
4760.0
4725.0
4708.0
4734.0
4728.0
4729.0
4703.0
4712.0
4705.0
10.0
4721.0
4715.0
4720.0
4711.0
4726.0
4737.0
4732.0
4711.0
51.0
9.0
4733.0
4710.0
4711.0
4708.0
4720.0
4733.0
4750.0
4729.0
2205.0
9.0
4739.0
4759.0
4756.0
4739.0
4744.0
4756.0
4719.0
4696.0
10.0
9.0
4724.0
4718.0
4718.0
4719.0
4719.0
4716.0
4724.0
4716.0
44.0
9.0
4721.0
4719.0
4730.0
4729.0
4686.0
4643.0
41.0
41.0
8.0
8.0
4723.0
4718.0
4730.0
4721.0
4711.0
4716.0
4713.0
4707.0
43.0
9.0
4755.0
4754.0
4743.0
48.0
49.0
42.0
42.0
7.0
8.0
8.0
4946.0
4759.0
4761.0
4733.0
4735.0
4741.0
4757.0
4739.0
4714.0
12.0
4722.0
4726.0
4722.0
4742.0
4729.0
4725.0
4728.0
4714.0
4695.0
10.0
4719.0
4709.0
4715.0
4713.0
4731.0
4718.0
4711.0
4721.0
4687.0
10.0
4746.0
4748.0
4744.0
4744.0
4751.0
4746.0
4737.0
4739.0
43.0
9.0
4741.0
4733.0
4718.0
4735.0
4725.0
4722.0
4723.0
4710.0
2232.0
9.0
4702.0
4714.0
4719.0
4714.0
4717.0
4716.0
4712.0
4698.0
9.0
9.0
4716.0
4732.0
4708.0
4720.0
4717.0
4734.0
4748.0
4739.0
43.0
9.0
4747.0
4749.0
4746.0
4750.0
4716.0
4682.0
42.0
42.0
9.0
8.0
4755.0
4740.0
4721.0
4734.0
4723.0
4714.0
4733.0
4730.0
43.0
9.0
4723.0
4721.0
4711.0
41.0
41.0
42.0
41.0
8.0
8.0
7.0
4722.0
4720.0
4722.0
4723.0
4718.0
4730.0
4732.0
4703.0
4682.0
12.0
4726.0
4732.0
4732.0
4744.0
4733.0
4731.0
4738.0
4739.0
4705.0
9.0
4737.0
4713.0
4737.0
4730.0
4726.0
4773.0
4722.0
4750.0
4698.0
10.0
4713.0
4728.0
4720.0
4712.0
4715.0
4696.0
4700.0
4711.0
44.0
9.0
4717.0
4731.0
4719.0
4720.0
4724.0
4712.0
4709.0
4716.0
2213.0
9.0
4705.0
4736.0
4738.0
4739.0
4751.0
4735.0
4738.0
4736.0
9.0
9.0
4740.0
4753.0
4756.0
4733.0
4877.0
4723.0
4729.0
4718.0
43.0
9.0
4740.0
4723.0
4722.0
4712.0
4723.0
4662.0
42.0
43.0
8.0
8.0
4731.0
4719.0
4734.0
4727.0
4724.0
4712.0
4703.0
4691.0
42.0
9.0
4706.0
4709.0
4688.0
41.0
41.0
42.0
41.0
7.0
8.0
8.0
4756.0
4768.0
4757.0
4774.0
4765.0
4767.0
4763.0
4770.0
4718.0
13.0
4766.0
4745.0
4735.0
4737.0
4739.0
4719.0
4717.0
4717.0
4679.0
10.0
4739.0
4738.0
4725.0
4727.0
4720.0
4720.0
4710.0
4735.0
4691.0
9.0
4717.0
4731.0
4725.0
4719.0
4700.0
4717.0
4734.0
4700.0
43.0
9.0
4736.0
4765.0
4727.0
4724.0
4772.0
4723.0
4766.0
4753.0
2250.0
9.0
4709.0
4708.0
4721.0
4700.0
4731.0
4730.0
4729.0
4706.0
9.0
9.0
4724.0
4712.0
4713.0
4709.0
4719.0
4725.0
4720.0
4698.0
43.0
9.0
4711.0
4688.0
4703.0
4692.0
4746.0
4688.0
42.0
41.0
8.0
8.0
4740.0
4748.0
4755.0
4751.0
4737.0
4740.0
4757.0
4731.0
43.0
10.0
4711.0
4711.0
4713.0
42.0
41.0
41.0
41.0
8.0
8.0
7.0
4725.0
4731.0
4721.0
4710.0
4710.0
4713.0
4720.0
4728.0
4688.0
11.0
4713.0
4736.0
4727.0
4729.0
4722.0
4714.0
4726.0
4714.0
4694.0
9.0
4758.0
4775.0
4749.0
4754.0
4753.0
4850.0
4733.0
4760.0
4739.0
10.0
4737.0
4728.0
4735.0
4736.0
4729.0
4732.0
4791.0
4695.0
43.0
9.0
4743.0
4721.0
4717.0
4722.0
4720.0
4722.0
4718.0
4715.0
2204.0
9.0
4701.0
4727.0
4733.0
4727.0
4734.0
4720.0
4763.0
4719.0
9.0
9.0
4737.0
4737.0
4774.0
4750.0
4744.0
4787.0
4765.0
4773.0
43.0
9.0
4778.0
4746.0
4790.0
4789.0
4744.0
4642.0
42.0
43.0
8.0
8.0
4758.0
4713.0
4742.0
4759.0
4736.0
4712.0
4743.0
4718.0
43.0
10.0
4711.0
4714.0
4706.0
41.0
47.0
41.0
42.0
8.0
7.0
8.0
4709.0
4745.0
4734.0
4752.0
4720.0
4747.0
4760.0
4783.0
4744.0
12.0
4777.0
4795.0
4763.0
4780.0
4782.0
4788.0
4777.0
4792.0
4711.0
10.0
4730.0
4738.0
4728.0
4731.0
4700.0
4719.0
4730.0
4722.0
4692.0
10.0
4733.0
4712.0
4736.0
4719.0
4723.0
4723.0
4694.0
4697.0
43.0
9.0
4731.0
4728.0
4754.0
4734.0
4743.0
4726.0
4743.0
4731.0
2249.0
10.0
4769.0
4751.0
4737.0
4718.0
4716.0
4712.0
4729.0
4696.0
8.0
9.0
4718.0
4721.0
4721.0
4730.0
4724.0
4735.0
4736.0
4728.0
43.0
9.0
4741.0
4733.0
4704.0
4710.0
4707.0
4652.0
42.0
42.0
8.0
8.0
4721.0
4745.0
4731.0
4733.0
4732.0
4778.0
4779.0
4742.0
43.0
9.0
4797.0
4749.0
4765.0
41.0
42.0
41.0
42.0
8.0
8.0
7.0
4767.0
4761.0
4780.0
4769.0
4830.0
4720.0
4714.0
4729.0
4687.0
12.0
4719.0
4727.0
4734.0
4734.0
4726.0
4724.0
4717.0
4722.0
4698.0
11.0
4721.0
4716.0
4738.0
4728.0
4739.0
4751.0
4729.0
4784.0
4754.0
9.0
4806.0
4801.0
4793.0
4747.0
4748.0
4741.0
4739.0
4738.0
44.0
9.0
4734.0
4726.0
4762.0
4734.0
4739.0
4733.0
4729.0
4720.0
2209.0
9.0
4724.0
4723.0
4736.0
4722.0
4738.0
4734.0
4737.0
4705.0
9.0
8.0
4737.0
4730.0
4721.0
4756.0
4754.0
4714.0
4778.0
4763.0
43.0
10.0
4777.0
4742.0
4742.0
4741.0
4725.0
4673.0
44.0
45.0
8.0
8.0
4739.0
4721.0
4727.0
4715.0
4709.0
4700.0
4694.0
4687.0
43.0
9.0
4710.0
4715.0
4720.0
42.0
42.0
42.0
41.0
8.0
8.0
9.0
4727.0
4729.0
4721.0
4740.0
4730.0
4737.0
4730.0
4732.0
4687.0
12.0
4723.0
4734.0
4728.0
4723.0
4742.0
4725.0
4740.0
4729.0
4707.0
10.0
4760.0
4751.0
4737.0
4755.0
4756.0
4739.0
4719.0
4714.0
4689.0
10.0
4717.0
4742.0
4732.0
4717.0
4759.0
4744.0
4733.0
4710.0
44.0
9.0
4733.0
4752.0
4746.0
4724.0
4726.0
4736.0
4723.0
4718.0
2209.0
9.0
4769.0
4740.0
4751.0
4752.0
4887.0
4761.0
4759.0
4745.0
9.0
9.0
4776.0
4771.0
4739.0
4750.0
4766.0
4724.0
4736.0
4712.0
43.0
9.0
4728.0
4739.0
4734.0
4730.0
4724.0
4661.0
42.0
42.0
7.0
7.0
4737.0
4718.0
4735.0
4730.0
4730.0
4723.0
4721.0
4706.0
43.0
9.0
4741.0
4743.0
4743.0
41.0
41.0
49.0
42.0
8.0
8.0
7.0
4738.0
4751.0
4757.0
4756.0
4746.0
4764.0
4752.0
4728.0
4710.0
12.0
4730.0
4725.0
4739.0
4734.0
4735.0
4739.0
4724.0
4721.0
4702.0
10.0
4729.0
4747.0
4723.0
4743.0
4731.0
4728.0
4738.0
4712.0
4679.0
10.0
4744.0
4742.0
4749.0
4729.0
4757.0
4762.0
4755.0
4747.0
43.0
9.0
4761.0
4772.0
4763.0
4750.0
4733.0
4764.0
4720.0
4687.0
2206.0
9.0
4729.0
4736.0
4727.0
4721.0
4740.0
4742.0
4738.0
4696.0
9.0
8.0
4738.0
4714.0
4738.0
4734.0
4731.0
4713.0
4738.0
4718.0
43.0
10.0
4743.0
4713.0
4728.0
4739.0
4744.0
4670.0
42.0
42.0
8.0
8.0
4747.0
4739.0
4763.0
4770.0
4779.0
4740.0
4772.0
4723.0
63.0
9.0
4707.0
4706.0
4717.0
41.0
41.0
49.0
42.0
7.0
8.0
8.0
4746.0
4732.0
4721.0
4760.0
4723.0
4746.0
4712.0
4715.0
4699.0
12.0
4699.0
4731.0
4721.0
4741.0
4746.0
4711.0
4733.0
4714.0
4733.0
10.0
4756.0
4740.0
4769.0
4751.0
4774.0
4774.0
4732.0
4942.0
4641.0
9.0
4827.0
4643.0
4841.0
4563.0
4914.0
4906.0
4919.0
4543.0
45.0
10.0
4916.0
4563.0
4553.0
4913.0
4907.0
4556.0
4933.0
4908.0
2136.0
10.0
4910.0
4919.0
4559.0
4580.0
4603.0
4856.0
4862.0
4685.0
9.0
9.0
4812.0
4797.0
4808.0
4756.0
4772.0
4758.0
4751.0
4722.0
44.0
9.0
4754.0
4712.0
4714.0
4733.0
4736.0
4637.0
41.0
41.0
7.0
7.0
4746.0
4731.0
4707.0
4735.0
4740.0
4706.0
4720.0
4721.0
43.0
9.0
4731.0
4719.0
4728.0
41.0
42.0
42.0
41.0
8.0
8.0
8.0
4726.0
4724.0
4741.0
4734.0
4725.0
4726.0
4750.0
4767.0
4681.0
11.0
4764.0
4715.0
4727.0
4759.0
4755.0
4688.0
4735.0
4730.0
4702.0
10.0
4722.0
4751.0
4710.0
4729.0
4734.0
4733.0
4709.0
4711.0
4697.0
9.0
4733.0
4722.0
4739.0
4717.0
4725.0
4734.0
4730.0
4704.0
43.0
9.0
4763.0
4749.0
4756.0
4770.0
4767.0
4758.0
4755.0
4726.0
2250.0
10.0
4760.0
4771.0
4711.0
4741.0
4750.0
4724.0
4742.0
4704.0
9.0
9.0
4723.0
4730.0
4717.0
4717.0
4739.0
4752.0
4742.0
4712.0
44.0
9.0
4735.0
4710.0
4725.0
4734.0
4707.0
4617.0
42.0
43.0
8.0
8.0
4755.0
4761.0
4767.0
4769.0
4914.0
4761.0
4749.0
4752.0
43.0
9.0
4765.0
4773.0
4757.0
43.0
42.0
43.0
43.0
7.0
7.0
8.0
4763.0
4769.0
4723.0
4715.0
4737.0
4731.0
4739.0
4719.0
4690.0
12.0
4736.0
4749.0
4773.0
4723.0
4727.0
4737.0
4720.0
4733.0
4684.0
10.0
4714.0
4707.0
4736.0
4743.0
4739.0
4752.0
4756.0
4750.0
4715.0
10.0
4754.0
4746.0
4748.0
4761.0
4765.0
4741.0
4711.0
4736.0
43.0
10.0
4722.0
4743.0
4708.0
4713.0
4733.0
4731.0
4743.0
4714.0
2199.0
10.0
4751.0
4736.0
4757.0
4726.0
4727.0
4709.0
4731.0
4729.0
9.0
9.0
4738.0
4727.0
4751.0
4733.0
4773.0
4749.0
4760.0
4745.0
44.0
9.0
4781.0
4764.0
4753.0
4753.0
4743.0
4674.0
42.0
42.0
8.0
8.0
4730.0
4713.0
4719.0
4672.0
4732.0
4723.0
4717.0
4505.0
43.0
10.0
4551.0
4392.0
4437.0
42.0
49.0
41.0
42.0
8.0
9.0
8.0
