3.0
3.0
2.0
3.0
3.0
3.0
3.0
3.0
2.0
2.0
3.0
2.0
3.0
3.0
3.0
3.0
2.0
3.0
2.0
3.0
30.0
54.0
54.0
54.0
53.0
30.0
30.0
30.0
30.0
30.0
29.0
29.0
29.0
29.0
30.0
29.0
119.0
118.0
119.0
118.0
95.0
95.0
95.0
97.0
96.0
96.0
29.0
29.0
29.0
29.0
30.0
30.0
54.0
54.0
53.0
53.0
29.0
29.0
29.0
30.0
30.0
29.0
29.0
30.0
29.0
29.0
29.0
29.0
53.0
53.0
53.0
53.0
30.0
30.0
29.0
29.0
29.0
29.0
30.0
30.0
30.0
30.0
29.0
29.0
38.0
41.0
53.0
53.0
29.0
29.0
30.0
29.0
29.0
30.0
23.0
30.0
29.0
29.0
53.0
54.0
1118.0
1134.0
1135.0
1050.0
969.0
1133.0
1130.0
1143.0
1290.0
1259.0
2459.0
2434.0
2419.0
2466.0
2477.0
2463.0
2492.0
2417.0
2429.0
2510.0
2383.0
2397.0
2414.0
2429.0
2417.0
2421.0
2417.0
2427.0
2415.0
2421.0
2423.0
2449.0
2409.0
2405.0
2413.0
2386.0
2392.0
2398.0
2428.0
2420.0
2443.0
2449.0
2444.0
2433.0
2423.0
2427.0
2424.0
2451.0
2423.0
2392.0
2417.0
2451.0
2440.0
2441.0
2419.0
2423.0
2426.0
2412.0
2426.0
2414.0
2334.0
2425.0
2418.0
2428.0
2424.0
2418.0
2424.0
2419.0
2446.0
2443.0
2445.0
2357.0
2334.0
2381.0
2379.0
2383.0
2376.0
2341.0
2426.0
2573.0
2490.0
2482.0
2454.0
2496.0
2483.0
2474.0
2478.0
2479.0
2371.0
2519.0
2404.0
2393.0
2405.0
2443.0
2438.0
2448.0
2440.0
2437.0
2441.0
2353.0
2471.0
2452.0
2465.0
2412.0
2411.0
2429.0
2420.0
2398.0
2407.0
2398.0
2.0
3.0
2.0
2.0
2.0
3.0
3.0
3.0
2.0
2.0
4.0
4.0
3.0
3.0
3.0
2.0
2.0
2.0
3.0
2.0
2.0
4.0
3.0
3.0
2.0
3.0
2.0
3.0
2.0
4.0
2.0
2.0
2.0
2.0
3.0
4.0
3.0
3.0
4.0
2.0
2.0
2.0
2.0
3.0
2.0
2.0
3.0
4.0
2.0
4.0
2.0
3.0
3.0
2.0
3.0
3.0
3.0
2.0
3.0
3.0
3.0
2.0
3.0
3.0
2.0
2.0
2.0
4.0
2.0
2.0
2.0
2.0
3.0
3.0
3.0
3.0
4.0
2.0
2.0
2.0
3.0
2.0
2.0
4.0
3.0
3.0
2.0
3.0
3.0
2.0
2.0
4.0
2.0
2.0
2.0
3.0
3.0
3.0
3.0
3.0
53.0
29.0
29.0
29.0
52.0
29.0
52.0
52.0
52.0
52.0
30.0
29.0
29.0
29.0
52.0
52.0
52.0
52.0
52.0
52.0
29.0
29.0
29.0
29.0
29.0
24.0
29.0
29.0
51.0
50.0
50.0
51.0
52.0
52.0
23.0
28.0
28.0
28.0
24.0
29.0
29.0
28.0
52.0
53.0
53.0
3.0
3.0
3.0
2.0
1.0
52.0
29.0
29.0
24.0
29.0
29.0
29.0
23.0
29.0
29.0
29.0
29.0
29.0
49.0
23.0
52.0
52.0
47.0
29.0
29.0
29.0
29.0
29.0
24.0
28.0
28.0
23.0
29.0
29.0
28.0
29.0
29.0
52.0
52.0
28.0
29.0
23.0
2.0
2.0
2.0
28.0
29.0
2.0
2.0
2.0
2.0
2.0
2.0
2.0
2.0
29.0
29.0
29.0
23.0
28.0
29.0
53.0
52.0
29.0
29.0
29.0
29.0
29.0
23.0
28.0
29.0
29.0
28.0
24.0
25.0
29.0
29.0
29.0
29.0
52.0
52.0
23.0
29.0
28.0
23.0
29.0
29.0
29.0
28.0
23.0
24.0
29.0
28.0
29.0
29.0
34.0
34.0
24.0
29.0
29.0
2.0
2.0
1.0
2.0
2.0
23.0
29.0
28.0
29.0
29.0
23.0
29.0
29.0
28.0
29.0
24.0
29.0
29.0
24.0
29.0
29.0
29.0
29.0
24.0
29.0
30.0
24.0
29.0
29.0
28.0
29.0
23.0
29.0
29.0
29.0
57.0
23.0
57.0
57.0
57.0
57.0
55.0
2.0
30.0
30.0
56.0
57.0
2.0
2.0
2.0
2.0
2.0
2.0
2.0
1.0
102.0
104.0
103.0
102.0
102.0
99.0
103.0
103.0
99.0
103.0
29.0
29.0
29.0
29.0
29.0
24.0
28.0
29.0
24.0
29.0
29.0
23.0
29.0
29.0
28.0
29.0
29.0
30.0
23.0
29.0
24.0
29.0
29.0
29.0
28.0
29.0
24.0
29.0
29.0
24.0
29.0
29.0
28.0
29.0
24.0
3.0
2.0
2.0
3.0
2.0
28.0
28.0
29.0
29.0
24.0
29.0
23.0
29.0
28.0
28.0
29.0
23.0
29.0
29.0
29.0
24.0
28.0
29.0
29.0
29.0
24.0
29.0
26.0
29.0
29.0
25.0
29.0
24.0
29.0
29.0
29.0
25.0
29.0
25.0
29.0
29.0
24.0
2.0
2.0
2.0
29.0
28.0
2.0
2.0
2.0
2.0
2.0
2.0
2.0
2.0
25.0
25.0
29.0
29.0
29.0
29.0
30.0
25.0
29.0
28.0
25.0
25.0
29.0
29.0
29.0
30.0
29.0
25.0
25.0
25.0
29.0
29.0
29.0
29.0
28.0
26.0
29.0
29.0
25.0
25.0
29.0
29.0
28.0
28.0
29.0
25.0
28.0
26.0
26.0
26.0
29.0
28.0
25.0
28.0
29.0
2.0
2.0
2.0
2.0
2.0
26.0
28.0
28.0
26.0
26.0
28.0
28.0
26.0
28.0
28.0
26.0
28.0
28.0
26.0
26.0
26.0
28.0
28.0
28.0
28.0
25.0
26.0
28.0
26.0
28.0
26.0
28.0
28.0
28.0
26.0
28.0
25.0
26.0
28.0
28.0
26.0
28.0
2.0
2.0
2.0
28.0
28.0
2.0
2.0
2.0
2.0
2.0
2.0
2.0
2.0
26.0
28.0
26.0
26.0
28.0
28.0
26.0
28.0
28.0
28.0
26.0
26.0
26.0
28.0
28.0
29.0
26.0
29.0
28.0
28.0
26.0
26.0
25.0
28.0
28.0
28.0
26.0
28.0
26.0
27.0
29.0
26.0
28.0
28.0
27.0
28.0
27.0
27.0
26.0
26.0
27.0
26.0
27.0
27.0
26.0
2.0
1.0
2.0
1.0
2.0
27.0
27.0
27.0
27.0
27.0
27.0
27.0
27.0
27.0
27.0
27.0
26.0
28.0
27.0
27.0
27.0
27.0
27.0
27.0
27.0
27.0
27.0
27.0
27.0
27.0
27.0
27.0
27.0
27.0
27.0
27.0
27.0
26.0
27.0
27.0
27.0
27.0
2.0
2.0
2.0
27.0
27.0
2.0
2.0
2.0
2.0
2.0
2.0
2.0
2.0
28.0
27.0
27.0
27.0
26.0
27.0
27.0
27.0
27.0
27.0
27.0
27.0
27.0
27.0
26.0
28.0
26.0
27.0
27.0
27.0
27.0
27.0
27.0
27.0
27.0
28.0
27.0
27.0
26.0
27.0
27.0
28.0
27.0
27.0
27.0
27.0
27.0
27.0
27.0
27.0
27.0
27.0
27.0
26.0
27.0
2.0
2.0
2.0
2.0
2.0
26.0
27.0
27.0
27.0
27.0
27.0
27.0
27.0
27.0
26.0
27.0
27.0
27.0
27.0
27.0
26.0
27.0
27.0
27.0
26.0
27.0
28.0
27.0
26.0
27.0
27.0
27.0
28.0
27.0
27.0
27.0
27.0
27.0
27.0
27.0
27.0
27.0
2.0
2.0
2.0
27.0
27.0
2.0
1.0
1.0
2.0
2.0
2.0
2.0
2.0
27.0
27.0
26.0
27.0
27.0
27.0
27.0
27.0
27.0
27.0
27.0
27.0
26.0
27.0
27.0
28.0
26.0
27.0
26.0
27.0
27.0
27.0
27.0
27.0
27.0
27.0
26.0
58.0
57.0
58.0
59.0
58.0
59.0
60.0
59.0
59.0
60.0
28.0
28.0
28.0
27.0
27.0
28.0
27.0
27.0
2.0
2.0
2.0
2.0
2.0
27.0
27.0
27.0
27.0
27.0
27.0
27.0
27.0
27.0
27.0
27.0
27.0
27.0
27.0
28.0
27.0
26.0
26.0
28.0
27.0
27.0
27.0
27.0
26.0
27.0
27.0
27.0
27.0
27.0
27.0
27.0
27.0
27.0
27.0
27.0
27.0
27.0
2.0
2.0
2.0
27.0
27.0
2.0
2.0
2.0
2.0
2.0
2.0
1.0
2.0
27.0
27.0
27.0
26.0
27.0
27.0
27.0
27.0
27.0
27.0
28.0
27.0
27.0
26.0
27.0
27.0
26.0
26.0
27.0
26.0
27.0
27.0
26.0
26.0
26.0
27.0
27.0
27.0
27.0
27.0
27.0
27.0
26.0
27.0
27.0
27.0
27.0
27.0
27.0
27.0
27.0
27.0
27.0
27.0
27.0
2.0
2.0
2.0
2.0
2.0
27.0
26.0
26.0
26.0
28.0
27.0
28.0
26.0
27.0
27.0
27.0
26.0
26.0
26.0
27.0
27.0
27.0
27.0
27.0
27.0
27.0
27.0
27.0
27.0
27.0
26.0
27.0
27.0
27.0
27.0
27.0
27.0
27.0
27.0
27.0
27.0
27.0
2.0
2.0
2.0
27.0
27.0
2.0
2.0
2.0
2.0
2.0
2.0
2.0
1.0
1135.0
1152.0
1136.0
1150.0
1137.0
1134.0
1153.0
1145.0
1130.0
1129.0
1072.0
1067.0
1072.0
1078.0
1070.0
1072.0
1070.0
1071.0
1069.0
1073.0
1190.0
1197.0
1183.0
1224.0
1205.0
1209.0
1181.0
1194.0
1197.0
1180.0
1081.0
1070.0
1071.0
1080.0
1070.0
1073.0
1081.0
1070.0
1079.0
1081.0
1093.0
1335.0
1326.0
1097.0
1107.0
2.0
2.0
2.0
2.0
2.0
1111.0
1094.0
1095.0
1094.0
1097.0
1136.0
1144.0
1182.0
1179.0
1177.0
1173.0
1179.0
1173.0
1084.0
1092.0
1103.0
1080.0
1085.0
1070.0
1077.0
1067.0
1074.0
1077.0
1066.0
1076.0
1133.0
1125.0
1144.0
1157.0
1139.0
1139.0
1144.0
1144.0
1147.0
1156.0
1068.0
1067.0
1054.0
1069.0
1058.0
1069.0
1080.0
1051.0
1043.0
1043.0
2.0
2.0
2.0
1.0
2.0
2431.0
2444.0
2475.0
2455.0
2445.0
2449.0
2441.0
2455.0
2445.0
2446.0
2439.0
2465.0
2448.0
2451.0
2461.0
2473.0
2456.0
2440.0
2447.0
2484.0
2435.0
2455.0
2436.0
2436.0
2463.0
2445.0
2455.0
2436.0
2493.0
2451.0
2414.0
2429.0
2427.0
2415.0
2412.0
2426.0
2427.0
2456.0
2486.0
2440.0
2450.0
2482.0
2515.0
2469.0
2495.0
1311.0
1317.0
1321.0
1273.0
1315.0
2408.0
2425.0
2441.0
2417.0
2407.0
2432.0
2440.0
2460.0
2479.0
2472.0
2463.0
2447.0
2459.0
2456.0
2452.0
2343.0
2351.0
2355.0
2355.0
2363.0
2426.0
2449.0
2448.0
2445.0
2439.0
2421.0
2427.0
2434.0
2442.0
2450.0
2406.0
2463.0
2486.0
2444.0
2443.0
2399.0
2415.0
2401.0
2429.0
2436.0
2455.0
2433.0
2416.0
2409.0
2376.0
1362.0
1390.0
1388.0
1350.0
1369.0
2484.0
2491.0
2496.0
2441.0
2513.0
2445.0
2441.0
2496.0
2486.0
2439.0
2406.0
2266.0
2535.0
2508.0
2350.0
2360.0
2554.0
2361.0
2522.0
2539.0
2426.0
2410.0
2329.0
2329.0
2393.0
2342.0
2354.0
2449.0
2419.0
2434.0
2397.0
2395.0
2427.0
2424.0
2428.0
2431.0
2464.0
2346.0
2348.0
2347.0
2434.0
2423.0
2410.0
2395.0
2396.0
1330.0
1326.0
1360.0
1359.0
1357.0
2422.0
2419.0
2404.0
2397.0
2392.0
2423.0
2429.0
2425.0
2428.0
2426.0
2433.0
2442.0
2433.0
2437.0
2427.0
2470.0
2436.0
2462.0
2436.0
2430.0
2402.0
2401.0
2426.0
2426.0
2441.0
2391.0
2401.0
2398.0
2402.0
2419.0
2304.0
2310.0
2404.0
2407.0
2415.0
2373.0
2360.0
2330.0
2349.0
2351.0
2421.0
2410.0
2319.0
2312.0
2312.0
1302.0
1306.0
1310.0
1301.0
1301.0
2408.0
2425.0
2412.0
2416.0
2421.0
2436.0
2413.0
2445.0
2457.0
2461.0
2443.0
2430.0
2428.0
2435.0
2433.0
2445.0
2437.0
2397.0
2392.0
2396.0
2441.0
2433.0
2432.0
2437.0
2445.0
2445.0
2442.0
2438.0
2433.0
2437.0
2481.0
2501.0
2465.0
2469.0
2469.0
2441.0
2443.0
2446.0
2481.0
2471.0
2427.0
2405.0
2405.0
2425.0
2412.0
1266.0
1282.0
1269.0
1265.0
1371.0
2441.0
2439.0
2443.0
2442.0
2354.0
2438.0
2438.0
2436.0
2432.0
2437.0
2398.0
2404.0
2437.0
2436.0
2437.0
2431.0
2443.0
2465.0
2453.0
2459.0
2458.0
2439.0
2430.0
2401.0
2399.0
2382.0
2344.0
2363.0
2426.0
2454.0
2438.0
2438.0
2449.0
2435.0
2468.0
2433.0
2447.0
2419.0
2320.0
2327.0
2465.0
2445.0
2436.0
2444.0
2451.0
1327.0
1356.0
1402.0
1399.0
1379.0
2510.0
2495.0
2502.0
2458.0
2449.0
2475.0
2477.0
2494.0
2488.0
2471.0
2434.0
2452.0
2434.0
2443.0
2431.0
2435.0
2446.0
2406.0
2414.0
2404.0
2459.0
2433.0
2453.0
2484.0
2459.0
2437.0
2479.0
2490.0
2457.0
2469.0
2375.0
2340.0
2350.0
2449.0
2445.0
2443.0
2442.0
2461.0
2462.0
2459.0
2446.0
2458.0
2443.0
2373.0
2354.0
1272.0
1286.0
1277.0
1273.0
1273.0
2441.0
2452.0
2447.0
2454.0
2471.0
2406.0
2404.0
2407.0
2446.0
2468.0
2427.0
2436.0
2475.0
2475.0
2475.0
2486.0
2471.0
2469.0
2438.0
2462.0
2487.0
2455.0
2433.0
2419.0
2423.0
2461.0
2462.0
2470.0
2456.0
2467.0
2440.0
2440.0
2459.0
2439.0
2435.0
2432.0
2455.0
2420.0
2418.0
2416.0
2427.0
2440.0
2433.0
2420.0
2421.0
1266.0
1267.0
1280.0
1269.0
1363.0
2461.0
2448.0
2436.0
2460.0
2370.0
2357.0
2355.0
2388.0
2351.0
2440.0
2412.0
2409.0
2408.0
2429.0
2441.0
2438.0
2437.0
2436.0
2441.0
2342.0
2444.0
2467.0
2439.0
2409.0
2429.0
2408.0
2434.0
2462.0
2437.0
2471.0
2453.0
2469.0
2460.0
2456.0
2439.0
2453.0
2447.0
2401.0
2420.0
2403.0
2454.0
2443.0
2443.0
2458.0
2458.0
1399.0
1372.0
1374.0
1388.0
1365.0
2429.0
2433.0
2427.0
2423.0
2438.0
2427.0
2426.0
2422.0
2426.0
2438.0
2346.0
2355.0
2450.0
2442.0
2451.0
2399.0
2443.0
2445.0
2443.0
2433.0
2439.0
2444.0
2336.0
2353.0
2337.0
2461.0
2465.0
2456.0
2461.0
2470.0
2456.0
2444.0
2435.0
2437.0
2428.0
2452.0
2443.0
2427.0
2425.0
2429.0
2414.0
2418.0
2384.0
2435.0
2388.0
1331.0
1319.0
1268.0
1312.0
1310.0
2447.0
2417.0
2441.0
2434.0
2446.0
2445.0
2443.0
2455.0
2430.0
2420.0
2433.0
2428.0
2437.0
2438.0
2424.0
2429.0
2428.0
2450.0
2449.0
2447.0
2381.0
2398.0
2385.0
2385.0
2430.0
2420.0
2426.0
2417.0
2426.0
2417.0
2447.0
2451.0
2425.0
2433.0
2389.0
2395.0
2397.0
2390.0
2402.0
2463.0
2462.0
2447.0
2460.0
2441.0
2432.0
1311.0
1312.0
1306.0
1311.0
1272.0
2409.0
2395.0
2416.0
2449.0
2427.0
2463.0
2449.0
2479.0
2472.0
2453.0
2475.0
2490.0
2490.0
2482.0
2460.0
2337.0
2383.0
2343.0
2340.0
2472.0
2443.0
2434.0
2428.0
2437.0
2438.0
2437.0
2435.0
2456.0
2438.0
2340.0
2440.0
2437.0
2416.0
2430.0
2442.0
2397.0
2386.0
2369.0
2407.0
2398.0
2389.0
2398.0
2367.0
2397.0
2394.0
1359.0
1356.0
1355.0
1329.0
1329.0
2411.0
2415.0
2416.0
2407.0
2419.0
2418.0
2426.0
2427.0
2392.0
2376.0
2434.0
2423.0
2441.0
2443.0
2440.0
2442.0
2451.0
2420.0
2445.0
2423.0
2353.0
2338.0
2349.0
2448.0
2422.0
2449.0
2438.0
2466.0
2457.0
2466.0
2433.0
2412.0
2418.0
2332.0
2331.0
2338.0
2330.0
2330.0
2417.0
2405.0
2405.0
2391.0
2440.0
2437.0
2438.0
1348.0
1345.0
1369.0
1277.0
1265.0
2389.0
2393.0
2427.0
2434.0
2411.0
2432.0
2446.0
2402.0
2388.0
2394.0
2428.0
2425.0
2413.0
2389.0
2396.0
2430.0
2434.0
2430.0
2426.0
2423.0
2424.0
2427.0
2424.0
2444.0
2422.0
2441.0
2442.0
2414.0
2417.0
2418.0
2434.0
2437.0
2436.0
2443.0
2442.0
2475.0
2442.0
2447.0
2477.0
2427.0
2367.0
2353.0
2323.0
2421.0
2404.0
1287.0
1265.0
1264.0
1265.0
1262.0
2439.0
2439.0
2466.0
2434.0
2424.0
2444.0
2424.0
2444.0
2361.0
2340.0
2419.0
2404.0
2392.0
2412.0
2389.0
2462.0
2416.0
2457.0
2439.0
2433.0
2453.0
2450.0
2446.0
2440.0
2433.0
2403.0
2419.0
2423.0
2401.0
2407.0
2442.0
2450.0
2445.0
2442.0
2429.0
2433.0
2438.0
2444.0
2432.0
2442.0
2450.0
2418.0
2420.0
2438.0
2438.0
1355.0
1373.0
1375.0
1383.0
1386.0
2458.0
2457.0
2468.0
2477.0
2480.0
2426.0
2464.0
2426.0
2422.0
2433.0
2346.0
2350.0
2346.0
2343.0
2348.0
2427.0
2436.0
2435.0
2419.0
2432.0
2416.0
2422.0
2422.0
2416.0
2415.0
2432.0
2419.0
2447.0
2480.0
2449.0
2395.0
2423.0
2439.0
2436.0
2438.0
2462.0
2447.0
2427.0
2423.0
2436.0
2433.0
2449.0
2364.0
2367.0
2370.0
1265.0
1264.0
1270.0
1262.0
1269.0
2416.0
2421.0
2420.0
2434.0
2425.0
2436.0
2432.0
2434.0
2427.0
2445.0
2436.0
2456.0
2441.0
2453.0
2447.0
2462.0
2432.0
2444.0
2455.0
2462.0
2396.0
2395.0
2431.0
2430.0
2395.0
2462.0
2425.0
2430.0
2454.0
2476.0
2415.0
2435.0
2409.0
2441.0
2411.0
2384.0
2376.0
2389.0
2389.0
2421.0
2429.0
2435.0
2417.0
2438.0
2434.0
1295.0
1293.0
1293.0
1293.0
1264.0
2391.0
2371.0
2398.0
2419.0
2400.0
2423.0
2421.0
2432.0
2428.0
2436.0
2422.0
2430.0
2431.0
2416.0
2434.0
2325.0
2332.0
2363.0
2338.0
2358.0
2425.0
2406.0
2421.0
2420.0
2414.0
2432.0
2423.0
2438.0
2442.0
2445.0
2476.0
2444.0
2442.0
2470.0
2467.0
2391.0
2415.0
2362.0
2424.0
2383.0
2404.0
2390.0
2360.0
2380.0
2402.0
1381.0
1381.0
1376.0
1323.0
1336.0
2442.0
2425.0
2443.0
2440.0
2443.0
2459.0
2433.0
2423.0
2458.0
2395.0
2428.0
2427.0
2427.0
2423.0
2423.0
2426.0
2427.0
2421.0
2422.0
2423.0
2338.0
2333.0
2429.0
2417.0
2414.0
2424.0
2441.0
2432.0
2444.0
2453.0
2436.0
2421.0
2345.0
2342.0
2346.0
2345.0
2345.0
2334.0
2429.0
2456.0
2487.0
2500.0
2479.0
2489.0
2481.0
1351.0
1357.0
1363.0
1288.0
1287.0
2441.0
2448.0
2424.0
2470.0
2472.0
2420.0
2405.0
2393.0
2392.0
2392.0
2433.0
2445.0
2433.0
2415.0
2431.0
2437.0
2427.0
2444.0
2431.0
2448.0
2417.0
2447.0
2416.0
2444.0
2385.0
2442.0
2443.0
2440.0
2425.0
2440.0
2438.0
2459.0
2428.0
2427.0
2437.0
2428.0
2431.0
2410.0
2406.0
2413.0
2341.0
2322.0
2298.0
2293.0
2280.0
1267.0
1267.0
1266.0
1268.0
1265.0
