1.0
1.0
1.0
1.0
1.0
1.0
1.0
1.0
1.0
1.0
1.0
1.0
1.0
1.0
1.0
1.0
1.0
1.0
1.0
1.0
1.0
2.0
2.0
1.0
1.0
1.0
1.0
1.0
1.0
1.0
1.0
2.0
1.0
2.0
1.0
1.0
1.0
1.0
1.0
1.0
1.0
1.0
1.0
1.0
1.0
2.0
1.0
1.0
1.0
2.0
417.0
266.0
266.0
266.0
265.0
266.0
265.0
479.0
418.0
479.0
261.0
261.0
215.0
262.0
261.0
261.0
290.0
231.0
330.0
330.0
245.0
290.0
294.0
291.0
290.0
291.0
243.0
261.0
261.0
348.0
261.0
261.0
261.0
260.0
262.0
265.0
220.0
267.0
307.0
265.0
295.0
264.0
262.0
275.0
265.0
242.0
243.0
257.0
271.0
255.0
252.0
252.0
252.0
246.0
255.0
245.0
244.0
255.0
239.0
258.0
257.0
256.0
239.0
254.0
254.0
242.0
238.0
248.0
372.0
236.0
246.0
245.0
246.0
413.0
235.0
245.0
235.0
244.0
235.0
235.0
245.0
245.0
244.0
245.0
234.0
421.0
244.0
420.0
235.0
235.0
245.0
244.0
245.0
235.0
244.0
252.0
243.0
240.0
252.0
250.0
252.0
241.0
425.0
249.0
421.0
245.0
238.0
239.0
238.0
245.0
246.0
245.0
245.0
245.0
420.0
234.0
235.0
235.0
247.0
244.0
247.0
245.0
421.0
245.0
235.0
236.0
234.0
246.0
245.0
245.0
244.0
423.0
247.0
240.0
238.0
397.0
242.0
248.0
250.0
251.0
250.0
244.0
241.0
241.0
244.0
244.0
246.0
244.0
244.0
254.0
243.0
244.0
241.0
240.0
238.0
239.0
239.0
240.0
238.0
225.0
0.0
1.0
1.0
1.0
1.0
1.0
2.0
2.0
1.0
1.0
1.0
1.0
1.0
1.0
1.0
1.0
1.0
0.0
0.0
1.0
1.0
1.0
1.0
1.0
1.0
2.0
1.0
0.0
0.0
0.0
1.0
1.0
1.0
1.0
1.0
2.0
1.0
2.0
0.0
1.0
1.0
1.0
1.0
1.0
1.0
2.0
1.0
0.0
1.0
1.0
1.0
1.0
1.0
1.0
1.0
1.0
1.0
1.0
1.0
1.0
1.0
1.0
1.0
1.0
2.0
1.0
1.0
1.0
0.0
0.0
1.0
1.0
1.0
1.0
1.0
1.0
0.0
1.0
0.0
1.0
1.0
1.0
1.0
1.0
1.0
1.0
0.0
0.0
1.0
1.0
1.0
1.0
1.0
1.0
2.0
1.0
1.0
1.0
0.0
1.0
1.0
1.0
2.0
1.0
2.0
1.0
1.0
0.0
1.0
1.0
1.0
1.0
1.0
2.0
1.0
1.0
1.0
0.0
1.0
1.0
1.0
1.0
1.0
1.0
1.0
0.0
0.0
1.0
1.0
1.0
1.0
1.0
1.0
1.0
1.0
1.0
1.0
0.0
1.0
1.0
1.0
1.0
1.0
1.0
2.0
2.0
0.0
0.0
0.0
1.0
1.0
1.0
1.0
1.0
1.0
2.0
1.0
1.0
1.0
1.0
1.0
1.0
1.0
1.0
2.0
1.0
1.0
1.0
1.0
1.0
1.0
1.0
2.0
1.0
1.0
1.0
1.0
1.0
1.0
1.0
1.0
1.0
1.0
1.0
1.0
0.0
0.0
1.0
1.0
1.0
1.0
1.0
1.0
1.0
1.0
0.0
0.0
1.0
1.0
1.0
1.0
1.0
1.0
1.0
1.0
0.0
0.0
1.0
1.0
1.0
1.0
2.0
2.0
1.0
1.0
1.0
1.0
1.0
1.0
1.0
1.0
1.0
2.0
1.0
1.0
1.0
1.0
1.0
1.0
1.0
1.0
1.0
2.0
0.0
1.0
1.0
1.0
1.0
1.0
1.0
1.0
1.0
1.0
1.0
1.0
1.0
1.0
1.0
1.0
1.0
1.0
2.0
2.0
0.0
0.0
0.0
1.0
1.0
1.0
1.0
1.0
1.0
1.0
1.0
0.0
0.0
1.0
1.0
1.0
1.0
1.0
1.0
1.0
1.0
1.0
1.0
1.0
1.0
1.0
1.0
1.0
1.0
0.0
1.0
1.0
1.0
1.0
1.0
1.0
1.0
2.0
1.0
0.0
1.0
1.0
1.0
1.0
1.0
2.0
2.0
1.0
2.0
0.0
1.0
1.0
1.0
1.0
1.0
1.0
1.0
1.0
1.0
0.0
1.0
1.0
1.0
1.0
1.0
1.0
1.0
0.0
0.0
0.0
1.0
1.0
1.0
1.0
1.0
1.0
1.0
2.0
1.0
0.0
0.0
1.0
1.0
1.0
1.0
1.0
1.0
2.0
1.0
1.0
1.0
1.0
1.0
1.0
1.0
1.0
1.0
0.0
1.0
1.0
1.0
1.0
1.0
1.0
1.0
2.0
1.0
0.0
1.0
1.0
1.0
1.0
1.0
2.0
2.0
2.0
1.0
1.0
1.0
0.0
1.0
1.0
1.0
1.0
1.0
0.0
0.0
1.0
0.0
1.0
1.0
1.0
1.0
1.0
1.0
1.0
1.0
1.0
1.0
1.0
1.0
1.0
1.0
1.0
2.0
1.0
1.0
261.0
266.0
261.0
242.0
261.0
261.0
343.0
478.0
342.0
477.0
222.0
266.0
264.0
266.0
265.0
264.0
262.0
236.0
215.0
287.0
290.0
260.0
260.0
262.0
261.0
261.0
224.0
261.0
225.0
229.0
261.0
261.0
262.0
261.0
262.0
261.0
229.0
261.0
227.0
229.0
265.0
227.0
265.0
266.0
266.0
266.0
266.0
266.0
235.0
235.0
236.0
262.0
263.0
263.0
263.0
261.0
261.0
228.0
261.0
228.0
228.0
261.0
261.0
261.0
261.0
262.0
261.0
230.0
262.0
228.0
228.0
261.0
227.0
262.0
260.0
262.0
261.0
260.0
261.0
228.0
228.0
227.0
267.0
266.0
267.0
266.0
267.0
267.0
236.0
267.0
237.0
237.0
281.0
281.0
278.0
281.0
302.0
281.0
245.0
249.0
279.0
291.0
235.0
253.0
252.0
251.0
267.0
256.0
239.0
253.0
252.0
271.0
240.0
244.0
243.0
244.0
242.0
243.0
259.0
243.0
244.0
244.0
243.0
244.0
243.0
242.0
243.0
243.0
244.0
243.0
243.0
249.0
251.0
250.0
250.0
251.0
252.0
251.0
252.0
252.0
251.0
244.0
244.0
243.0
244.0
243.0
244.0
243.0
244.0
242.0
244.0
244.0
243.0
243.0
243.0
244.0
243.0
243.0
243.0
244.0
244.0
244.0
242.0
244.0
243.0
243.0
244.0
243.0
243.0
243.0
243.0
249.0
250.0
249.0
250.0
253.0
249.0
251.0
250.0
251.0
251.0
247.0
243.0
243.0
244.0
244.0
244.0
243.0
245.0
243.0
243.0
244.0
243.0
244.0
243.0
244.0
242.0
244.0
244.0
244.0
244.0
244.0
245.0
243.0
244.0
243.0
243.0
243.0
243.0
245.0
244.0
244.0
243.0
251.0
252.0
252.0
252.0
252.0
252.0
251.0
250.0
253.0
252.0
245.0
243.0
244.0
243.0
244.0
245.0
245.0
244.0
263.0
267.0
264.0
266.0
267.0
264.0
268.0
269.0
268.0
267.0
244.0
248.0
244.0
249.0
243.0
246.0
245.0
245.0
247.0
245.0
245.0
244.0
245.0
244.0
247.0
247.0
250.0
245.0
245.0
249.0
245.0
245.0
244.0
245.0
248.0
245.0
246.0
244.0
244.0
245.0
252.0
251.0
251.0
250.0
250.0
251.0
253.0
252.0
251.0
252.0
247.0
245.0
244.0
243.0
246.0
251.0
251.0
250.0
244.0
245.0
243.0
243.0
243.0
242.0
243.0
245.0
246.0
243.0
244.0
243.0
244.0
245.0
248.0
243.0
242.0
243.0
245.0
247.0
244.0
242.0
248.0
253.0
253.0
252.0
251.0
253.0
253.0
252.0
253.0
251.0
243.0
243.0
242.0
242.0
243.0
243.0
244.0
243.0
243.0
242.0
247.0
243.0
243.0
243.0
242.0
243.0
244.0
242.0
243.0
242.0
245.0
242.0
243.0
243.0
243.0
243.0
243.0
243.0
242.0
244.0
247.0
247.0
248.0
250.0
251.0
250.0
252.0
251.0
251.0
250.0
250.0
245.0
244.0
243.0
243.0
244.0
243.0
243.0
243.0
242.0
267.0
266.0
266.0
266.0
267.0
267.0
265.0
265.0
268.0
267.0
244.0
244.0
243.0
243.0
243.0
244.0
244.0
243.0
243.0
243.0
243.0
244.0
244.0
242.0
243.0
243.0
242.0
243.0
243.0
244.0
243.0
243.0
242.0
243.0
243.0
243.0
244.0
243.0
242.0
243.0
250.0
249.0
249.0
249.0
250.0
249.0
250.0
250.0
249.0
250.0
244.0
243.0
243.0
242.0
243.0
244.0
244.0
244.0
243.0
243.0
248.0
261.0
253.0
254.0
252.0
252.0
255.0
253.0
256.0
257.0
252.0
252.0
266.0
263.0
263.0
252.0
263.0
253.0
270.0
253.0
255.0
255.0
262.0
259.0
259.0
253.0
253.0
258.0
263.0
251.0
242.0
242.0
243.0
243.0
242.0
243.0
243.0
244.0
250.0
242.0
243.0
243.0
243.0
243.0
243.0
243.0
242.0
243.0
252.0
243.0
242.0
243.0
243.0
242.0
242.0
243.0
243.0
244.0
242.0
250.0
249.0
249.0
249.0
250.0
249.0
249.0
249.0
250.0
250.0
256.0
243.0
243.0
243.0
244.0
242.0
243.0
243.0
245.0
243.0
269.0
264.0
266.0
268.0
263.0
266.0
268.0
267.0
267.0
267.0
246.0
244.0
244.0
248.0
243.0
248.0
246.0
245.0
244.0
246.0
243.0
243.0
243.0
243.0
243.0
246.0
243.0
242.0
243.0
245.0
243.0
244.0
243.0
243.0
243.0
243.0
243.0
243.0
244.0
243.0
244.0
250.0
249.0
251.0
249.0
250.0
249.0
251.0
251.0
250.0
249.0
244.0
245.0
242.0
243.0
244.0
243.0
242.0
243.0
243.0
243.0
242.0
243.0
243.0
242.0
243.0
243.0
242.0
243.0
243.0
242.0
243.0
243.0
242.0
243.0
243.0
243.0
243.0
244.0
243.0
243.0
249.0
249.0
250.0
249.0
250.0
249.0
250.0
250.0
250.0
249.0
243.0
244.0
244.0
243.0
243.0
243.0
243.0
243.0
243.0
244.0
244.0
243.0
245.0
245.0
243.0
245.0
243.0
245.0
243.0
245.0
243.0
244.0
244.0
244.0
244.0
244.0
243.0
244.0
244.0
245.0
248.0
250.0
252.0
252.0
250.0
252.0
250.0
253.0
250.0
252.0
245.0
244.0
246.0
245.0
244.0
245.0
244.0
245.0
263.0
269.0
268.0
269.0
270.0
269.0
269.0
271.0
268.0
271.0
247.0
244.0
246.0
246.0
244.0
245.0
246.0
248.0
243.0
248.0
246.0
246.0
244.0
244.0
245.0
244.0
246.0
246.0
244.0
246.0
245.0
245.0
245.0
246.0
245.0
245.0
246.0
244.0
243.0
247.0
247.0
249.0
251.0
252.0
252.0
253.0
251.0
253.0
252.0
253.0
252.0
250.0
243.0
244.0
245.0
247.0
243.0
245.0
243.0
246.0
243.0
246.0
244.0
243.0
245.0
244.0
243.0
245.0
243.0
245.0
244.0
246.0
245.0
245.0
245.0
247.0
245.0
246.0
245.0
246.0
243.0
245.0
250.0
252.0
251.0
251.0
250.0
251.0
250.0
251.0
250.0
251.0
242.0
243.0
245.0
245.0
242.0
243.0
245.0
244.0
243.0
246.0
243.0
242.0
244.0
243.0
245.0
243.0
245.0
244.0
242.0
244.0
245.0
246.0
245.0
245.0
245.0
245.0
245.0
246.0
246.0
244.0
249.0
249.0
251.0
249.0
252.0
250.0
254.0
251.0
249.0
251.0
242.0
243.0
243.0
244.0
245.0
243.0
245.0
269.0
266.0
269.0
268.0
267.0
269.0
269.0
268.0
267.0
269.0
244.0
247.0
245.0
246.0
243.0
245.0
245.0
245.0
243.0
244.0
244.0
246.0
245.0
246.0
243.0
243.0
245.0
245.0
243.0
245.0
246.0
246.0
245.0
247.0
244.0
243.0
244.0
245.0
244.0
245.0
252.0
251.0
252.0
252.0
252.0
252.0
254.0
253.0
252.0
253.0
246.0
244.0
244.0
245.0
245.0
245.0
244.0
244.0
245.0
245.0
245.0
245.0
245.0
244.0
242.0
243.0
245.0
245.0
243.0
245.0
245.0
242.0
245.0
243.0
245.0
244.0
245.0
243.0
245.0
245.0
245.0
242.0
251.0
249.0
250.0
250.0
252.0
252.0
251.0
251.0
251.0
249.0
245.0
244.0
245.0
244.0
244.0
244.0
245.0
244.0
246.0
245.0
245.0
243.0
243.0
244.0
244.0
242.0
244.0
245.0
243.0
245.0
244.0
243.0
243.0
242.0
244.0
244.0
244.0
244.0
243.0
245.0
250.0
250.0
250.0
250.0
252.0
250.0
252.0
253.0
251.0
252.0
247.0
244.0
245.0
244.0
244.0
245.0
267.0
268.0
267.0
268.0
272.0
266.0
266.0
267.0
266.0
268.0
244.0
244.0
243.0
245.0
247.0
244.0
244.0
244.0
243.0
245.0
245.0
244.0
243.0
245.0
246.0
243.0
243.0
243.0
243.0
245.0
246.0
245.0
243.0
245.0
245.0
243.0
243.0
244.0
244.0
245.0
244.0
245.0
250.0
253.0
253.0
251.0
251.0
250.0
250.0
253.0
252.0
252.0
242.0
244.0
244.0
243.0
243.0
243.0
243.0
244.0
244.0
245.0
244.0
245.0
245.0
244.0
243.0
243.0
243.0
245.0
245.0
245.0
243.0
245.0
244.0
243.0
244.0
244.0
243.0
246.0
244.0
245.0
248.0
252.0
251.0
250.0
250.0
250.0
250.0
251.0
251.0
250.0
245.0
245.0
244.0
243.0
243.0
243.0
242.0
245.0
245.0
245.0
243.0
245.0
244.0
245.0
245.0
245.0
245.0
244.0
244.0
245.0
245.0
249.0
253.0
252.0
250.0
254.0
255.0
265.0
263.0
263.0
252.0
267.0
268.0
250.0
249.0
250.0
250.0
268.0
270.0
269.0
250.0
265.0
258.0
243.0
243.0
243.0
266.0
276.0
276.0
270.0
275.0
273.0
274.0
272.0
271.0
272.0
247.0
246.0
247.0
245.0
245.0
245.0
247.0
245.0
246.0
245.0
247.0
245.0
244.0
246.0
244.0
245.0
244.0
243.0
243.0
243.0
243.0
244.0
244.0
244.0
245.0
244.0
243.0
245.0
246.0
242.0
243.0
253.0
249.0
251.0
252.0
252.0
249.0
252.0
250.0
250.0
251.0
245.0
243.0
246.0
245.0
245.0
243.0
244.0
242.0
243.0
243.0
243.0
245.0
245.0
245.0
244.0
242.0
245.0
243.0
243.0
244.0
243.0
245.0
245.0
245.0
245.0
243.0
244.0
244.0
243.0
242.0
249.0
250.0
251.0
251.0
251.0
251.0
251.0
251.0
251.0
250.0
244.0
245.0
244.0
245.0
245.0
243.0
246.0
243.0
243.0
243.0
243.0
246.0
245.0
245.0
245.0
244.0
245.0
243.0
243.0
243.0
242.0
245.0
245.0
244.0
244.0
243.0
245.0
243.0
243.0
243.0
242.0
250.0
250.0
250.0
254.0
251.0
253.0
252.0
252.0
251.0
251.0
245.0
246.0
246.0
245.0
243.0
245.0
243.0
269.0
269.0
268.0
271.0
273.0
270.0
270.0
268.0
271.0
270.0
244.0
243.0
244.0
244.0
248.0
246.0
245.0
244.0
245.0
246.0
243.0
242.0
242.0
245.0
249.0
245.0
244.0
244.0
245.0
244.0
243.0
243.0
244.0
245.0
247.0
245.0
245.0
243.0
244.0
243.0
243.0
249.0
251.0
251.0
252.0
251.0
251.0
250.0
251.0
253.0
251.0
244.0
243.0
245.0
245.0
245.0
245.0
243.0
243.0
245.0
243.0
243.0
245.0
245.0
246.0
245.0
245.0
245.0
245.0
245.0
246.0
245.0
245.0
245.0
245.0
244.0
246.0
243.0
242.0
245.0
243.0
242.0
250.0
251.0
251.0
251.0
251.0
250.0
250.0
252.0
250.0
250.0
243.0
245.0
244.0
244.0
245.0
243.0
243.0
245.0
242.0
245.0
243.0
244.0
245.0
245.0
244.0
242.0
242.0
245.0
243.0
243.0
243.0
244.0
245.0
245.0
245.0
243.0
243.0
245.0
243.0
244.0
250.0
251.0
251.0
252.0
251.0
251.0
251.0
252.0
250.0
249.0
244.0
245.0
245.0
244.0
245.0
243.0
242.0
273.0
273.0
272.0
270.0
274.0
272.0
277.0
274.0
274.0
275.0
248.0
246.0
245.0
243.0
245.0
245.0
245.0
245.0
243.0
243.0
244.0
243.0
244.0
242.0
244.0
245.0
245.0
245.0
243.0
243.0
245.0
243.0
243.0
244.0
245.0
244.0
244.0
243.0
244.0
243.0
251.0
248.0
249.0
249.0
252.0
252.0
252.0
249.0
252.0
248.0
247.0
243.0
242.0
243.0
244.0
245.0
245.0
243.0
245.0
243.0
244.0
242.0
244.0
244.0
245.0
244.0
244.0
243.0
244.0
244.0
246.0
243.0
242.0
244.0
245.0
246.0
246.0
243.0
246.0
244.0
245.0
243.0
248.0
250.0
251.0
251.0
250.0
250.0
251.0
250.0
250.0
251.0
244.0
243.0
245.0
245.0
244.0
243.0
245.0
243.0
245.0
242.0
243.0
243.0
245.0
245.0
245.0
244.0
245.0
244.0
245.0
244.0
244.0
244.0
245.0
243.0
244.0
243.0
244.0
242.0
245.0
243.0
243.0
250.0
252.0
251.0
252.0
250.0
252.0
250.0
252.0
250.0
250.0
244.0
245.0
245.0
244.0
270.0
273.0
271.0
272.0
270.0
270.0
271.0
272.0
272.0
273.0
247.0
246.0
243.0
245.0
242.0
243.0
243.0
245.0
244.0
244.0
246.0
248.0
243.0
244.0
243.0
243.0
243.0
245.0
244.0
245.0
245.0
243.0
247.0
244.0
243.0
242.0
242.0
245.0
245.0
245.0
244.0
247.0
252.0
251.0
253.0
251.0
251.0
252.0
253.0
253.0
251.0
245.0
246.0
243.0
244.0
243.0
243.0
245.0
244.0
244.0
243.0
243.0
244.0
243.0
244.0
243.0
243.0
245.0
245.0
246.0
243.0
242.0
244.0
242.0
245.0
243.0
242.0
244.0
245.0
245.0
243.0
242.0
246.0
251.0
251.0
250.0
250.0
253.0
252.0
252.0
250.0
250.0
252.0
243.0
242.0
245.0
243.0
245.0
245.0
244.0
243.0
243.0
245.0
243.0
243.0
245.0
243.0
244.0
245.0
244.0
243.0
244.0
245.0
242.0
242.0
243.0
234.0
236.0
236.0
234.0
220.0
