1.0
1.0
2.0
1.0
1.0
1.0
1.0
2.0
1.0
1.0
1.0
2.0
2.0
1.0
252.0
538.0
538.0
537.0
597.0
538.0
541.0
863.0
667.0
863.0
535.0
565.0
564.0
561.0
565.0
565.0
1.0
1.0
1.0
1.0
222.0
563.0
486.0
579.0
562.0
557.0
510.0
512.0
528.0
511.0
511.0
503.0
479.0
489.0
494.0
485.0
1.0
1.0
1.0
1.0
220.0
506.0
503.0
503.0
507.0
504.0
509.0
509.0
507.0
509.0
503.0
489.0
489.0
491.0
494.0
488.0
1.0
1.0
1.0
1.0
224.0
499.0
501.0
506.0
513.0
560.0
535.0
583.0
526.0
512.0
537.0
537.0
510.0
523.0
550.0
502.0
1.0
1.0
2.0
1.0
227.0
536.0
536.0
533.0
531.0
528.0
530.0
533.0
529.0
560.0
524.0
492.0
494.0
493.0
495.0
496.0
1.0
2.0
1.0
1.0
225.0
524.0
499.0
534.0
499.0
532.0
510.0
506.0
508.0
506.0
506.0
511.0
506.0
507.0
514.0
489.0
1.0
1.0
1.0
1.0
222.0
488.0
492.0
489.0
487.0
492.0
497.0
489.0
492.0
492.0
505.0
500.0
508.0
503.0
507.0
507.0
1.0
1.0
1.0
1.0
238.0
506.0
503.0
508.0
493.0
490.0
531.0
533.0
531.0
530.0
530.0
532.0
528.0
535.0
531.0
530.0
1.0
1.0
1.0
1.0
223.0
493.0
489.0
490.0
492.0
492.0
487.0
488.0
490.0
489.0
491.0
507.0
506.0
505.0
508.0
505.0
1.0
1.0
1.0
1.0
236.0
505.0
510.0
506.0
503.0
491.0
494.0
488.0
486.0
487.0
485.0
478.0
466.0
454.0
463.0
456.0
2.0
1.0
1.0
1.0
236.0
648.0
524.0
525.0
524.0
771.0
575.0
610.0
642.0
795.0
536.0
536.0
536.0
566.0
547.0
530.0
1.0
1.0
1.0
1.0
251.0
478.0
512.0
509.0
466.0
503.0
537.0
495.0
485.0
526.0
485.0
492.0
506.0
501.0
505.0
504.0
0.0
1.0
1.0
1.0
235.0
508.0
512.0
511.0
518.0
515.0
508.0
502.0
507.0
507.0
509.0
542.0
540.0
541.0
535.0
541.0
1.0
1.0
1.0
1.0
262.0
529.0
530.0
530.0
525.0
495.0
493.0
497.0
493.0
491.0
491.0
489.0
490.0
491.0
490.0
488.0
1.0
1.0
1.0
1.0
220.0
504.0
503.0
510.0
503.0
504.0
507.0
508.0
507.0
504.0
507.0
491.0
489.0
489.0
491.0
492.0
1.0
1.0
1.0
1.0
222.0
489.0
490.0
491.0
490.0
488.0
505.0
506.0
504.0
506.0
504.0
505.0
505.0
507.0
505.0
506.0
1.0
1.0
1.0
1.0
221.0
521.0
520.0
525.0
522.0
519.0
522.0
525.0
519.0
525.0
521.0
489.0
489.0
489.0
488.0
489.0
1.0
1.0
1.0
0.0
225.0
491.0
492.0
491.0
487.0
493.0
508.0
510.0
505.0
510.0
507.0
504.0
507.0
511.0
508.0
505.0
1.0
1.0
1.0
1.0
223.0
492.0
488.0
492.0
491.0
491.0
491.0
490.0
493.0
492.0
488.0
504.0
508.0
505.0
507.0
505.0
1.0
1.0
1.0
0.0
222.0
505.0
507.0
510.0
509.0
506.0
492.0
492.0
527.0
528.0
524.0
532.0
524.0
523.0
525.0
525.0
1.0
1.0
1.0
1.0
256.0
527.0
490.0
490.0
491.0
490.0
492.0
492.0
492.0
489.0
489.0
492.0
507.0
510.0
504.0
504.0
1.0
1.0
1.0
1.0
220.0
504.0
507.0
505.0
506.0
507.0
503.0
493.0
491.0
489.0
494.0
492.0
492.0
491.0
489.0
493.0
1.0
1.0
1.0
1.0
222.0
507.0
506.0
508.0
508.0
510.0
504.0
503.0
504.0
506.0
508.0
527.0
528.0
529.0
528.0
529.0
1.0
1.0
1.0
1.0
220.0
526.0
526.0
526.0
527.0
529.0
491.0
492.0
489.0
491.0
492.0
492.0
490.0
490.0
491.0
491.0
1.0
1.0
1.0
1.0
221.0
507.0
506.0
508.0
507.0
510.0
507.0
505.0
509.0
509.0
510.0
490.0
489.0
490.0
489.0
490.0
1.0
1.0
1.0
1.0
221.0
490.0
490.0
492.0
491.0
493.0
505.0
506.0
507.0
504.0
508.0
504.0
509.0
509.0
505.0
507.0
1.0
1.0
1.0
1.0
222.0
527.0
526.0
533.0
530.0
528.0
528.0
527.0
529.0
526.0
527.0
494.0
493.0
497.0
490.0
490.0
0.0
0.0
1.0
1.0
224.0
494.0
490.0
492.0
493.0
491.0
503.0
507.0
507.0
510.0
508.0
505.0
509.0
504.0
509.0
506.0
0.0
1.0
1.0
1.0
220.0
492.0
492.0
490.0
491.0
496.0
489.0
494.0
493.0
492.0
493.0
506.0
508.0
506.0
504.0
518.0
1.0
1.0
1.0
1.0
224.0
507.0
510.0
506.0
510.0
511.0
493.0
527.0
528.0
525.0
531.0
527.0
527.0
526.0
528.0
526.0
1.0
37.0
1.0
1.0
222.0
489.0
489.0
490.0
490.0
491.0
491.0
490.0
489.0
489.0
490.0
503.0
509.0
507.0
504.0
506.0
1.0
0.0
1.0
1.0
222.0
503.0
508.0
505.0
505.0
509.0
490.0
500.0
502.0
508.0
508.0
501.0
514.0
502.0
506.0
546.0
0.0
0.0
1.0
1.0
229.0
536.0
537.0
560.0
533.0
517.0
518.0
520.0
517.0
515.0
496.0
527.0
526.0
570.0
534.0
528.0
1.0
1.0
1.0
1.0
258.0
530.0
531.0
531.0
527.0
499.0
492.0
490.0
500.0
494.0
532.0
494.0
499.0
494.0
493.0
492.0
1.0
1.0
1.0
1.0
225.0
511.0
506.0
505.0
508.0
505.0
510.0
508.0
504.0
508.0
495.0
491.0
491.0
489.0
494.0
490.0
1.0
1.0
1.0
1.0
221.0
491.0
492.0
491.0
488.0
503.0
507.0
505.0
509.0
504.0
506.0
507.0
506.0
506.0
506.0
491.0
1.0
1.0
1.0
1.0
221.0
522.0
524.0
526.0
527.0
527.0
527.0
528.0
525.0
527.0
527.0
492.0
496.0
491.0
490.0
492.0
1.0
1.0
1.0
1.0
219.0
492.0
492.0
489.0
491.0
487.0
506.0
505.0
507.0
507.0
506.0
507.0
507.0
504.0
506.0
505.0
1.0
1.0
1.0
1.0
221.0
493.0
489.0
489.0
491.0
490.0
491.0
491.0
490.0
491.0
491.0
507.0
508.0
507.0
507.0
506.0
1.0
1.0
0.0
1.0
238.0
506.0
504.0
506.0
505.0
526.0
526.0
529.0
527.0
531.0
526.0
531.0
531.0
528.0
532.0
490.0
2.0
1.0
1.0
1.0
224.0
488.0
492.0
492.0
491.0
491.0
492.0
490.0
492.0
492.0
493.0
502.0
509.0
507.0
507.0
510.0
1.0
1.0
1.0
1.0
237.0
506.0
505.0
507.0
507.0
489.0
491.0
492.0
493.0
490.0
491.0
491.0
490.0
490.0
491.0
506.0
1.0
1.0
1.0
1.0
220.0
506.0
506.0
504.0
508.0
506.0
507.0
508.0
508.0
506.0
491.0
525.0
526.0
527.0
530.0
527.0
1.0
1.0
1.0
1.0
258.0
527.0
529.0
527.0
525.0
494.0
489.0
490.0
494.0
494.0
491.0
490.0
491.0
493.0
489.0
506.0
1.0
1.0
1.0
1.0
221.0
507.0
505.0
505.0
508.0
506.0
506.0
506.0
506.0
507.0
490.0
492.0
493.0
490.0
493.0
489.0
1.0
1.0
1.0
1.0
221.0
489.0
489.0
492.0
507.0
505.0
506.0
506.0
505.0
509.0
504.0
507.0
505.0
505.0
490.0
527.0
1.0
1.0
1.0
1.0
222.0
526.0
530.0
527.0
523.0
527.0
530.0
526.0
527.0
529.0
491.0
493.0
492.0
491.0
488.0
493.0
1.0
1.0
1.0
1.0
223.0
492.0
489.0
490.0
490.0
507.0
507.0
504.0
509.0
507.0
510.0
508.0
508.0
509.0
507.0
495.0
1.0
1.0
1.0
1.0
221.0
495.0
492.0
491.0
491.0
493.0
492.0
488.0
492.0
490.0
504.0
507.0
506.0
506.0
504.0
507.0
1.0
1.0
1.0
0.0
236.0
504.0
508.0
508.0
489.0
530.0
528.0
529.0
526.0
528.0
528.0
529.0
531.0
525.0
530.0
490.0
1.0
1.0
1.0
1.0
222.0
492.0
490.0
491.0
493.0
490.0
487.0
491.0
492.0
489.0
513.0
512.0
518.0
520.0
514.0
511.0
1.0
1.0
1.0
1.0
244.0
514.0
522.0
518.0
509.0
506.0
496.0
510.0
507.0
496.0
494.0
496.0
506.0
495.0
516.0
514.0
1.0
1.0
1.0
1.0
225.0
512.0
510.0
507.0
507.0
506.0
506.0
504.0
506.0
522.0
528.0
524.0
527.0
526.0
525.0
529.0
1.0
1.0
0.0
1.0
259.0
527.0
531.0
489.0
488.0
496.0
490.0
488.0
490.0
490.0
495.0
487.0
489.0
487.0
503.0
503.0
1.0
1.0
1.0
1.0
221.0
506.0
503.0
505.0
507.0
508.0
506.0
508.0
505.0
489.0
492.0
492.0
492.0
493.0
493.0
491.0
1.0
1.0
1.0
1.0
1.0
268.0
271.0
271.0
268.0
270.0
269.0
270.0
267.0
272.0
282.0
281.0
283.0
285.0
286.0
283.0
0.0
1.0
1.0
1.0
1.0
285.0
283.0
282.0
286.0
271.0
270.0
270.0
268.0
269.0
270.0
269.0
270.0
268.0
273.0
270.0
1.0
1.0
0.0
0.0
1.0
268.0
306.0
307.0
308.0
308.0
307.0
308.0
310.0
311.0
306.0
311.0
269.0
270.0
269.0
270.0
1.0
1.0
1.0
1.0
1.0
268.0
267.0
268.0
271.0
267.0
270.0
269.0
268.0
271.0
267.0
267.0
268.0
269.0
271.0
269.0
1.0
1.0
1.0
1.0
0.0
271.0
267.0
272.0
269.0
271.0
269.0
269.0
268.0
283.0
283.0
284.0
286.0
285.0
285.0
285.0
1.0
1.0
1.0
0.0
237.0
504.0
505.0
493.0
489.0
492.0
489.0
495.0
494.0
489.0
488.0
492.0
493.0
496.0
502.0
507.0
1.0
1.0
1.0
1.0
221.0
507.0
507.0
507.0
502.0
505.0
505.0
504.0
503.0
492.0
490.0
529.0
527.0
526.0
524.0
531.0
1.0
1.0
1.0
1.0
259.0
526.0
528.0
530.0
529.0
494.0
490.0
494.0
490.0
489.0
488.0
493.0
492.0
492.0
489.0
504.0
1.0
1.0
1.0
1.0
220.0
505.0
505.0
508.0
505.0
504.0
506.0
508.0
506.0
503.0
494.0
491.0
487.0
492.0
487.0
489.0
1.0
1.0
1.0
0.0
221.0
491.0
491.0
488.0
491.0
506.0
507.0
502.0
504.0
503.0
503.0
507.0
505.0
506.0
507.0
527.0
1.0
1.0
1.0
1.0
221.0
530.0
533.0
530.0
529.0
528.0
534.0
529.0
527.0
532.0
493.0
488.0
493.0
489.0
486.0
491.0
1.0
1.0
1.0
1.0
224.0
492.0
489.0
489.0
491.0
507.0
507.0
506.0
505.0
506.0
506.0
505.0
506.0
506.0
507.0
492.0
1.0
1.0
1.0
1.0
221.0
490.0
488.0
489.0
487.0
492.0
492.0
489.0
490.0
492.0
494.0
505.0
503.0
506.0
504.0
504.0
1.0
1.0
1.0
1.0
235.0
506.0
507.0
506.0
504.0
530.0
527.0
528.0
528.0
526.0
527.0
527.0
527.0
531.0
528.0
493.0
1.0
1.0
1.0
1.0
223.0
490.0
489.0
487.0
495.0
490.0
489.0
492.0
491.0
490.0
501.0
504.0
505.0
507.0
506.0
504.0
1.0
1.0
1.0
1.0
237.0
516.0
509.0
506.0
495.0
492.0
487.0
491.0
489.0
490.0
489.0
494.0
493.0
490.0
505.0
504.0
1.0
1.0
1.0
1.0
220.0
505.0
504.0
509.0
507.0
503.0
506.0
505.0
506.0
527.0
530.0
526.0
525.0
528.0
527.0
527.0
1.0
1.0
0.0
0.0
259.0
536.0
539.0
504.0
502.0
507.0
504.0
516.0
511.0
518.0
510.0
509.0
520.0
520.0
527.0
524.0
1.0
1.0
1.0
1.0
229.0
524.0
515.0
515.0
512.0
514.0
508.0
507.0
491.0
493.0
487.0
489.0
489.0
486.0
491.0
491.0
1.0
0.0
1.0
1.0
225.0
487.0
489.0
503.0
506.0
507.0
505.0
503.0
507.0
505.0
505.0
507.0
506.0
489.0
525.0
525.0
1.0
1.0
1.0
1.0
220.0
527.0
526.0
526.0
529.0
528.0
526.0
528.0
526.0
490.0
488.0
493.0
491.0
492.0
495.0
493.0
1.0
1.0
1.0
1.0
224.0
488.0
488.0
503.0
504.0
506.0
505.0
505.0
502.0
504.0
509.0
508.0
506.0
489.0
492.0
488.0
1.0
1.0
0.0
0.0
225.0
493.0
493.0
493.0
493.0
495.0
493.0
489.0
506.0
503.0
504.0
503.0
503.0
507.0
510.0
508.0
1.0
1.0
1.0
1.0
237.0
504.0
526.0
525.0
528.0
530.0
527.0
525.0
527.0
525.0
527.0
526.0
491.0
485.0
489.0
495.0
1.0
1.0
1.0
1.0
220.0
489.0
494.0
494.0
494.0
491.0
488.0
505.0
505.0
507.0
507.0
505.0
507.0
506.0
509.0
504.0
1.0
1.0
1.0
1.0
234.0
490.0
487.0
492.0
494.0
491.0
489.0
493.0
496.0
493.0
489.0
489.0
500.0
502.0
508.0
503.0
1.0
1.0
0.0
1.0
223.0
506.0
507.0
509.0
507.0
502.0
505.0
491.0
528.0
526.0
528.0
530.0
531.0
527.0
527.0
531.0
1.0
1.0
1.0
1.0
259.0
525.0
490.0
493.0
492.0
490.0
491.0
493.0
488.0
493.0
488.0
491.0
507.0
506.0
506.0
506.0
1.0
1.0
1.0
1.0
222.0
505.0
506.0
507.0
505.0
508.0
506.0
490.0
492.0
492.0
493.0
493.0
487.0
492.0
491.0
490.0
1.0
1.0
1.0
1.0
222.0
505.0
508.0
501.0
505.0
508.0
508.0
506.0
510.0
509.0
508.0
531.0
529.0
529.0
531.0
527.0
1.0
1.0
0.0
0.0
222.0
527.0
532.0
530.0
529.0
533.0
489.0
494.0
491.0
488.0
492.0
489.0
492.0
493.0
494.0
493.0
1.0
1.0
1.0
1.0
221.0
510.0
507.0
510.0
506.0
507.0
506.0
507.0
508.0
506.0
510.0
490.0
492.0
490.0
488.0
488.0
1.0
1.0
1.0
1.0
223.0
491.0
488.0
490.0
492.0
489.0
504.0
506.0
506.0
505.0
509.0
507.0
508.0
506.0
509.0
506.0
0.0
1.0
1.0
1.0
221.0
531.0
530.0
530.0
529.0
529.0
527.0
527.0
529.0
534.0
534.0
490.0
489.0
489.0
491.0
492.0
1.0
1.0
1.0
1.0
220.0
487.0
491.0
488.0
491.0
492.0
505.0
508.0
504.0
507.0
506.0
504.0
505.0
508.0
508.0
503.0
1.0
1.0
1.0
1.0
223.0
491.0
487.0
491.0
490.0
489.0
492.0
491.0
491.0
492.0
489.0
503.0
502.0
504.0
505.0
506.0
1.0
1.0
1.0
1.0
222.0
519.0
507.0
507.0
504.0
507.0
534.0
536.0
537.0
547.0
539.0
543.0
545.0
550.0
549.0
552.0
1.0
1.0
1.0
1.0
225.0
499.0
499.0
498.0
517.0
497.0
517.0
517.0
520.0
499.0
516.0
509.0
510.0
510.0
516.0
509.0
1.0
1.0
1.0
1.0
240.0
505.0
505.0
504.0
507.0
488.0
493.0
489.0
490.0
494.0
487.0
494.0
491.0
490.0
491.0
507.0
1.0
1.0
0.0
0.0
222.0
505.0
503.0
505.0
505.0
505.0
503.0
508.0
504.0
507.0
525.0
529.0
531.0
528.0
529.0
531.0
1.0
1.0
1.0
1.0
260.0
531.0
527.0
531.0
491.0
491.0
494.0
487.0
492.0
492.0
492.0
493.0
492.0
492.0
502.0
509.0
1.0
1.0
1.0
1.0
220.0
508.0
503.0
504.0
506.0
507.0
507.0
504.0
507.0
492.0
490.0
491.0
488.0
492.0
488.0
492.0
1.0
1.0
0.0
1.0
224.0
489.0
493.0
489.0
502.0
506.0
507.0
505.0
503.0
504.0
505.0
504.0
507.0
505.0
523.0
525.0
1.0
1.0
1.0
0.0
221.0
523.0
528.0
529.0
525.0
522.0
525.0
528.0
526.0
488.0
496.0
491.0
486.0
493.0
490.0
490.0
1.0
1.0
1.0
1.0
220.0
491.0
490.0
505.0
505.0
511.0
503.0
504.0
506.0
505.0
504.0
510.0
507.0
491.0
490.0
496.0
1.0
1.0
1.0
1.0
222.0
490.0
497.0
495.0
489.0
488.0
490.0
490.0
501.0
503.0
506.0
507.0
508.0
509.0
506.0
509.0
0.0
1.0
1.0
1.0
240.0
503.0
487.0
525.0
529.0
530.0
527.0
531.0
534.0
529.0
527.0
529.0
526.0
490.0
492.0
495.0
1.0
1.0
1.0
1.0
225.0
491.0
492.0
489.0
488.0
488.0
487.0
489.0
505.0
508.0
503.0
506.0
508.0
505.0
504.0
506.0
1.0
1.0
1.0
1.0
236.0
504.0
490.0
491.0
491.0
488.0
491.0
492.0
489.0
490.0
489.0
491.0
487.0
505.0
506.0
504.0
1.0
1.0
1.0
0.0
1.0
270.0
284.0
284.0
283.0
283.0
287.0
284.0
285.0
269.0
271.0
271.0
270.0
271.0
269.0
270.0
1.0
1.0
1.0
1.0
1.0
268.0
269.0
271.0
303.0
307.0
305.0
305.0
306.0
304.0
306.0
303.0
306.0
302.0
271.0
271.0
1.0
1.0
0.0
0.0
1.0
271.0
271.0
270.0
270.0
269.0
269.0
271.0
268.0
269.0
272.0
271.0
270.0
270.0
267.0
268.0
1.0
1.0
1.0
1.0
1.0
269.0
270.0
267.0
270.0
269.0
269.0
267.0
267.0
269.0
270.0
281.0
283.0
286.0
284.0
283.0
1.0
1.0
1.0
1.0
1.0
283.0
287.0
286.0
285.0
285.0
270.0
271.0
269.0
270.0
273.0
268.0
269.0
272.0
270.0
268.0
1.0
1.0
1.0
1.0
1.0
268.0
269.0
268.0
272.0
271.0
269.0
268.0
270.0
266.0
265.0
252.0
258.0
250.0
253.0
250.0
