2.0
2.0
1.0
2.0
2.0
2.0
1.0
2.0
2.0
1.0
2.0
2.0
2.0
2.0
2.0
1.0
2.0
2.0
3.0
2.0
2.0
2.0
2.0
2.0
2.0
2.0
1.0
2.0
1.0
2.0
2.0
2.0
3.0
3.0
2.0
2.0
2.0
2.0
2.0
1.0
2.0
2.0
2.0
2.0
3.0
2.0
3.0
3.0
2.0
1.0
1.0
2.0
2.0
2.0
2.0
2.0
2.0
2.0
2.0
3.0
3.0
3.0
3.0
2.0
2.0
2.0
2.0
1.0
1.0
2.0
2.0
2.0
3.0
3.0
2.0
3.0
3.0
2.0
2.0
1.0
2.0
2.0
2.0
2.0
2.0
3.0
3.0
3.0
3.0
2.0
815.0
768.0
813.0
813.0
815.0
819.0
968.0
952.0
1045.0
1065.0
729.0
842.0
792.0
790.0
834.0
791.0
729.0
780.0
832.0
773.0
757.0
761.0
761.0
762.0
757.0
758.0
759.0
761.0
758.0
758.0
742.0
742.0
742.0
761.0
756.0
757.0
763.0
763.0
762.0
766.0
818.0
849.0
846.0
802.0
833.0
792.0
834.0
825.0
816.0
795.0
745.0
764.0
756.0
762.0
762.0
766.0
800.0
764.0
765.0
768.0
767.0
746.0
747.0
746.0
745.0
743.0
743.0
745.0
760.0
757.0
760.0
759.0
759.0
758.0
759.0
758.0
758.0
758.0
743.0
743.0
755.0
756.0
758.0
759.0
756.0
756.0
758.0
761.0
757.0
756.0
743.0
794.0
799.0
805.0
800.0
807.0
823.0
796.0
823.0
837.0
793.0
741.0
744.0
744.0
745.0
742.0
743.0
744.0
752.0
758.0
759.0
759.0
754.0
758.0
753.0
755.0
737.0
739.0
713.0
708.0
1.0
1.0
2.0
2.0
1.0
1.0
2.0
2.0
2.0
2.0
2.0
2.0
3.0
3.0
2.0
2.0
1.0
1.0
1.0
1.0
1.0
1.0
2.0
1.0
2.0
2.0
2.0
2.0
2.0
2.0
2.0
2.0
2.0
3.0
1.0
1.0
1.0
1.0
1.0
1.0
2.0
2.0
2.0
1.0
2.0
2.0
2.0
2.0
2.0
2.0
3.0
2.0
2.0
1.0
1.0
1.0
1.0
1.0
1.0
1.0
2.0
2.0
2.0
3.0
2.0
2.0
2.0
2.0
2.0
2.0
1.0
1.0
1.0
1.0
2.0
2.0
1.0
2.0
2.0
2.0
2.0
3.0
3.0
2.0
1.0
2.0
1.0
1.0
1.0
1.0
2.0
3.0
2.0
2.0
2.0
1.0
2.0
2.0
2.0
2.0
1.0
2.0
1.0
1.0
2.0
1.0
1.0
3.0
2.0
3.0
3.0
1.0
2.0
2.0
2.0
2.0
1.0
2.0
2.0
1.0
1.0
1.0
1.0
2.0
2.0
2.0
1.0
1.0
2.0
2.0
1.0
2.0
2.0
2.0
3.0
2.0
3.0
3.0
2.0
1.0
1.0
1.0
1.0
1.0
1.0
2.0
2.0
2.0
2.0
2.0
2.0
2.0
1.0
2.0
2.0
1.0
1.0
1.0
1.0
3.0
1.0
1.0
3.0
1.0
2.0
3.0
3.0
2.0
1.0
1.0
2.0
1.0
1.0
1.0
1.0
2.0
1.0
2.0
2.0
2.0
1.0
1.0
2.0
2.0
2.0
1.0
1.0
3.0
2.0
1.0
1.0
1.0
2.0
2.0
2.0
1.0
2.0
1.0
2.0
2.0
2.0
2.0
2.0
1.0
2.0
3.0
2.0
2.0
1.0
1.0
1.0
1.0
2.0
1.0
1.0
2.0
2.0
2.0
1.0
2.0
1.0
2.0
2.0
1.0
2.0
1.0
1.0
2.0
2.0
2.0
2.0
1.0
1.0
2.0
3.0
3.0
3.0
1.0
1.0
1.0
2.0
1.0
1.0
1.0
2.0
2.0
2.0
2.0
2.0
1.0
2.0
1.0
1.0
2.0
1.0
1.0
1.0
2.0
3.0
2.0
1.0
2.0
3.0
3.0
3.0
2.0
2.0
1.0
1.0
1.0
1.0
1.0
2.0
2.0
2.0
2.0
1.0
2.0
2.0
1.0
2.0
2.0
1.0
1.0
1.0
2.0
1.0
3.0
1.0
2.0
2.0
2.0
1.0
2.0
2.0
3.0
1.0
2.0
2.0
1.0
2.0
1.0
1.0
1.0
3.0
2.0
1.0
1.0
2.0
2.0
2.0
2.0
2.0
1.0
1.0
3.0
1.0
1.0
2.0
2.0
1.0
1.0
1.0
3.0
1.0
2.0
1.0
2.0
2.0
1.0
2.0
2.0
3.0
3.0
2.0
1.0
2.0
1.0
1.0
2.0
1.0
1.0
1.0
10.0
2.0
2.0
8.0
9.0
9.0
1.0
9.0
10.0
2.0
2.0
2.0
2.0
2.0
2.0
1.0
3.0
3.0
1.0
2.0
1.0
1.0
1.0
1.0
2.0
1.0
3.0
2.0
2.0
2.0
2.0
2.0
2.0
1.0
2.0
1.0
1.0
1.0
1.0
2.0
2.0
1.0
2.0
3.0
2.0
2.0
2.0
2.0
2.0
1.0
1.0
1.0
1.0
1.0
1.0
2.0
1.0
2.0
2.0
2.0
2.0
2.0
2.0
2.0
2.0
2.0
1.0
1.0
3.0
1.0
1.0
1.0
1.0
2.0
2.0
2.0
3.0
2.0
1.0
2.0
2.0
2.0
1.0
2.0
2.0
2.0
3.0
3.0
1.0
1.0
1.0
2.0
2.0
1.0
1.0
1.0
2.0
2.0
3.0
2.0
2.0
1.0
2.0
3.0
2.0
1.0
1.0
1.0
1.0
1.0
2.0
2.0
1.0
2.0
2.0
3.0
3.0
2.0
2.0
2.0
2.0
1.0
1.0
1.0
1.0
3.0
2.0
2.0
1.0
1.0
1.0
1.0
2.0
3.0
2.0
1.0
2.0
2.0
1.0
1.0
2.0
1.0
3.0
3.0
2.0
2.0
1.0
2.0
2.0
2.0
2.0
1.0
3.0
2.0
1.0
2.0
2.0
1.0
1.0
1.0
1.0
3.0
1.0
2.0
1.0
2.0
2.0
2.0
2.0
2.0
2.0
2.0
1.0
1.0
1.0
2.0
1.0
1.0
2.0
1.0
3.0
2.0
2.0
2.0
2.0
2.0
3.0
1.0
3.0
2.0
1.0
1.0
1.0
1.0
2.0
2.0
1.0
2.0
2.0
1.0
1.0
2.0
1.0
1.0
2.0
1.0
2.0
1.0
1.0
2.0
2.0
3.0
3.0
2.0
1.0
1.0
1.0
2.0
3.0
1.0
1.0
2.0
2.0
3.0
1.0
1.0
2.0
2.0
2.0
2.0
2.0
1.0
1.0
1.0
1.0
1.0
2.0
1.0
1.0
3.0
3.0
2.0
2.0
2.0
3.0
2.0
2.0
2.0
1.0
1.0
2.0
3.0
2.0
2.0
1.0
1.0
2.0
2.0
2.0
1.0
2.0
2.0
2.0
1.0
2.0
1.0
1.0
1.0
2.0
2.0
1.0
1.0
2.0
2.0
2.0
1.0
1.0
3.0
2.0
2.0
2.0
2.0
1.0
1.0
1.0
1.0
2.0
1.0
1.0
2.0
2.0
2.0
1.0
2.0
2.0
2.0
1.0
2.0
1.0
1.0
1.0
2.0
2.0
2.0
1.0
3.0
2.0
2.0
3.0
3.0
1.0
1.0
1.0
2.0
3.0
1.0
1.0
1.0
2.0
2.0
2.0
1.0
2.0
2.0
2.0
1.0
2.0
1.0
1.0
2.0
2.0
2.0
1.0
1.0
3.0
2.0
2.0
3.0
3.0
1.0
1.0
2.0
2.0
3.0
1.0
1.0
1.0
1.0
2.0
1.0
1.0
2.0
2.0
2.0
1.0
2.0
1.0
2.0
2.0
2.0
2.0
1.0
1.0
1.0
2.0
3.0
3.0
1.0
1.0
1.0
2.0
3.0
2.0
1.0
1.0
1.0
2.0
2.0
1.0
2.0
2.0
1.0
2.0
2.0
2.0
1.0
2.0
2.0
2.0
1.0
1.0
1.0
2.0
2.0
2.0
2.0
1.0
1.0
2.0
3.0
2.0
2.0
1.0
2.0
2.0
3.0
2.0
2.0
1.0
1.0
1.0
1.0
1.0
2.0
1.0
2.0
2.0
2.0
1.0
2.0
2.0
2.0
2.0
2.0
1.0
1.0
1.0
2.0
3.0
1.0
1.0
2.0
3.0
1.0
2.0
2.0
2.0
1.0
2.0
2.0
2.0
1.0
1.0
1.0
2.0
1.0
1.0
2.0
2.0
2.0
2.0
2.0
2.0
1.0
1.0
3.0
2.0
802.0
706.0
728.0
875.0
808.0
806.0
802.0
802.0
799.0
917.0
784.0
728.0
806.0
793.0
804.0
804.0
789.0
731.0
731.0
812.0
805.0
806.0
797.0
805.0
798.0
799.0
801.0
796.0
800.0
797.0
758.0
776.0
752.0
763.0
759.0
758.0
761.0
759.0
760.0
758.0
742.0
786.0
741.0
743.0
740.0
740.0
740.0
740.0
740.0
752.0
761.0
760.0
761.0
764.0
765.0
761.0
761.0
767.0
764.0
739.0
754.0
756.0
756.0
755.0
756.0
758.0
784.0
755.0
755.0
755.0
802.0
813.0
822.0
808.0
818.0
794.0
815.0
804.0
818.0
798.0
739.0
740.0
752.0
758.0
761.0
765.0
765.0
763.0
760.0
760.0
765.0
765.0
745.0
744.0
744.0
742.0
741.0
745.0
741.0
741.0
756.0
754.0
755.0
757.0
757.0
756.0
754.0
756.0
756.0
756.0
752.0
752.0
754.0
759.0
754.0
758.0
758.0
791.0
757.0
753.0
741.0
739.0
741.0
759.0
752.0
759.0
758.0
765.0
760.0
811.0
812.0
812.0
814.0
792.0
797.0
798.0
796.0
799.0
796.0
740.0
754.0
756.0
755.0
756.0
761.0
760.0
761.0
760.0
762.0
755.0
752.0
764.0
764.0
758.0
764.0
761.0
758.0
764.0
765.0
762.0
742.0
740.0
740.0
741.0
746.0
746.0
745.0
746.0
744.0
750.0
763.0
763.0
764.0
762.0
799.0
807.0
799.0
800.0
804.0
751.0
792.0
790.0
790.0
791.0
798.0
795.0
794.0
790.0
791.0
791.0
753.0
755.0
754.0
756.0
757.0
755.0
755.0
753.0
754.0
755.0
741.0
739.0
741.0
739.0
759.0
752.0
755.0
761.0
764.0
762.0
762.0
764.0
764.0
762.0
744.0
743.0
743.0
741.0
747.0
742.0
755.0
758.0
754.0
760.0
759.0
756.0
757.0
754.0
759.0
757.0
809.0
809.0
804.0
801.0
805.0
804.0
804.0
796.0
805.0
804.0
740.0
740.0
758.0
754.0
762.0
760.0
765.0
758.0
766.0
761.0
758.0
761.0
751.0
740.0
748.0
745.0
746.0
739.0
745.0
745.0
758.0
755.0
755.0
756.0
761.0
762.0
754.0
762.0
762.0
764.0
756.0
757.0
754.0
755.0
765.0
775.0
755.0
762.0
764.0
762.0
741.0
740.0
740.0
740.0
753.0
813.0
817.0
816.0
833.0
824.0
817.0
815.0
821.0
815.0
797.0
749.0
748.0
751.0
746.0
747.0
755.0
757.0
756.0
757.0
756.0
792.0
763.0
761.0
766.0
760.0
741.0
756.0
761.0
764.0
761.0
784.0
767.0
766.0
765.0
768.0
759.0
739.0
742.0
742.0
741.0
764.0
762.0
767.0
768.0
767.0
760.0
761.0
761.0
760.0
758.0
749.0
748.0
749.0
748.0
748.0
806.0
796.0
796.0
794.0
815.0
801.0
803.0
802.0
800.0
807.0
754.0
755.0
756.0
755.0
755.0
761.0
763.0
763.0
761.0
763.0
739.0
742.0
741.0
742.0
755.0
773.0
771.0
780.0
779.0
773.0
791.0
790.0
788.0
790.0
766.0
777.0
776.0
776.0
774.0
772.0
757.0
756.0
754.0
753.0
754.0
757.0
757.0
760.0
756.0
757.0
792.0
831.0
802.0
799.0
793.0
798.0
802.0
797.0
797.0
795.0
746.0
772.0
740.0
740.0
758.0
754.0
761.0
762.0
758.0
760.0
760.0
759.0
778.0
760.0
743.0
741.0
740.0
742.0
741.0
741.0
758.0
756.0
758.0
758.0
783.0
754.0
756.0
760.0
756.0
757.0
756.0
754.0
756.0
758.0
758.0
759.0
760.0
762.0
757.0
756.0
742.0
743.0
742.0
744.0
808.0
828.0
818.0
818.0
814.0
833.0
848.0
854.0
850.0
855.0
789.0
743.0
741.0
747.0
740.0
780.0
757.0
757.0
756.0
762.0
757.0
761.0
756.0
758.0
755.0
756.0
757.0
760.0
783.0
760.0
757.0
757.0
759.0
757.0
759.0
758.0
740.0
741.0
739.0
774.0
754.0
760.0
757.0
758.0
760.0
761.0
756.0
759.0
757.0
757.0
741.0
743.0
742.0
743.0
745.0
743.0
803.0
795.0
796.0
795.0
795.0
797.0
801.0
795.0
803.0
796.0
756.0
755.0
755.0
755.0
754.0
761.0
759.0
760.0
761.0
766.0
742.0
744.0
743.0
744.0
764.0
766.0
761.0
767.0
767.0
761.0
799.0
765.0
761.0
760.0
745.0
747.0
747.0
746.0
746.0
745.0
763.0
754.0
756.0
755.0
756.0
763.0
762.0
763.0
768.0
760.0
814.0
828.0
826.0
831.0
833.0
840.0
831.0
840.0
807.0
845.0
765.0
767.0
775.0
761.0
789.0
776.0
776.0
778.0
792.0
777.0
765.0
749.0
749.0
749.0
764.0
747.0
747.0
746.0
763.0
763.0
759.0
760.0
761.0
760.0
762.0
764.0
765.0
766.0
747.0
747.0
756.0
758.0
758.0
756.0
755.0
763.0
764.0
762.0
761.0
762.0
741.0
757.0
755.0
811.0
831.0
840.0
847.0
839.0
852.0
860.0
845.0
850.0
838.0
773.0
772.0
748.0
746.0
746.0
795.0
763.0
758.0
757.0
794.0
756.0
756.0
761.0
761.0
761.0
757.0
746.0
754.0
755.0
758.0
757.0
756.0
760.0
761.0
761.0
778.0
763.0
742.0
742.0
758.0
756.0
758.0
764.0
796.0
763.0
765.0
765.0
758.0
763.0
740.0
739.0
741.0
751.0
763.0
749.0
814.0
815.0
847.0
842.0
856.0
850.0
835.0
823.0
822.0
870.0
778.0
749.0
756.0
756.0
756.0
757.0
756.0
766.0
763.0
763.0
762.0
762.0
741.0
741.0
741.0
742.0
755.0
778.0
762.0
760.0
797.0
762.0
758.0
757.0
759.0
757.0
742.0
753.0
747.0
747.0
759.0
765.0
759.0
760.0
759.0
760.0
759.0
763.0
764.0
763.0
747.0
750.0
807.0
834.0
832.0
823.0
819.0
805.0
799.0
803.0
844.0
835.0
778.0
797.0
778.0
783.0
771.0
760.0
761.0
795.0
765.0
763.0
760.0
746.0
746.0
744.0
744.0
747.0
748.0
761.0
762.0
764.0
758.0
757.0
782.0
757.0
757.0
763.0
763.0
748.0
748.0
749.0
753.0
760.0
760.0
762.0
760.0
786.0
774.0
780.0
781.0
798.0
769.0
777.0
835.0
834.0
853.0
853.0
882.0
850.0
893.0
871.0
853.0
801.0
739.0
777.0
777.0
747.0
803.0
757.0
785.0
781.0
763.0
762.0
763.0
768.0
764.0
767.0
751.0
749.0
747.0
749.0
755.0
756.0
755.0
756.0
755.0
760.0
762.0
758.0
761.0
760.0
747.0
741.0
740.0
754.0
752.0
763.0
764.0
765.0
764.0
764.0
757.0
760.0
759.0
741.0
741.0
751.0
762.0
825.0
839.0
847.0
845.0
850.0
841.0
843.0
844.0
816.0
802.0
746.0
794.0
747.0
776.0
764.0
757.0
759.0
760.0
761.0
759.0
761.0
760.0
761.0
744.0
743.0
741.0
755.0
753.0
764.0
761.0
761.0
762.0
762.0
755.0
755.0
755.0
741.0
739.0
747.0
746.0
763.0
761.0
759.0
759.0
762.0
760.0
762.0
761.0
766.0
768.0
749.0
748.0
747.0
801.0
818.0
815.0
814.0
813.0
790.0
791.0
841.0
789.0
837.0
777.0
794.0
789.0
795.0
772.0
758.0
761.0
762.0
762.0
762.0
756.0
742.0
741.0
743.0
741.0
746.0
762.0
759.0
766.0
803.0
759.0
761.0
795.0
762.0
761.0
765.0
746.0
747.0
749.0
783.0
758.0
756.0
758.0
756.0
757.0
761.0
762.0
760.0
762.0
747.0
741.0
758.0
803.0
807.0
816.0
805.0
854.0
853.0
815.0
844.0
844.0
831.0
740.0
776.0
743.0
745.0
786.0
761.0
759.0
769.0
758.0
757.0
759.0
760.0
758.0
761.0
747.0
745.0
748.0
778.0
756.0
768.0
765.0
766.0
764.0
796.0
798.0
832.0
799.0
770.0
744.0
740.0
751.0
758.0
757.0
761.0
764.0
765.0
764.0
762.0
755.0
757.0
741.0
740.0
740.0
746.0
803.0
812.0
821.0
827.0
810.0
812.0
811.0
818.0
817.0
806.0
761.0
785.0
746.0
762.0
775.0
758.0
760.0
759.0
756.0
763.0
765.0
762.0
763.0
746.0
740.0
754.0
751.0
754.0
755.0
762.0
761.0
763.0
766.0
761.0
756.0
744.0
744.0
742.0
742.0
746.0
762.0
760.0
764.0
765.0
758.0
758.0
757.0
759.0
758.0
763.0
747.0
748.0
746.0
810.0
803.0
817.0
817.0
826.0
824.0
789.0
826.0
832.0
819.0
775.0
767.0
755.0
784.0
771.0
781.0
761.0
765.0
763.0
763.0
763.0
760.0
741.0
740.0
743.0
742.0
747.0
762.0
763.0
763.0
755.0
762.0
756.0
759.0
760.0
760.0
762.0
746.0
759.0
759.0
757.0
761.0
758.0
758.0
756.0
757.0
760.0
761.0
750.0
748.0
742.0
747.0
762.0
753.0
804.0
816.0
831.0
852.0
858.0
817.0
843.0
855.0
788.0
823.0
771.0
777.0
747.0
772.0
761.0
762.0
756.0
760.0
755.0
757.0
759.0
762.0
759.0
746.0
746.0
759.0
756.0
760.0
758.0
756.0
757.0
756.0
762.0
764.0
775.0
755.0
744.0
750.0
741.0
741.0
758.0
753.0
769.0
763.0
766.0
764.0
760.0
760.0
764.0
761.0
741.0
741.0
747.0
815.0
797.0
825.0
818.0
819.0
816.0
822.0
821.0
827.0
797.0
760.0
770.0
781.0
780.0
774.0
771.0
775.0
774.0
767.0
768.0
763.0
750.0
745.0
741.0
757.0
757.0
760.0
759.0
759.0
763.0
762.0
763.0
764.0
763.0
744.0
747.0
743.0
742.0
743.0
748.0
761.0
762.0
771.0
756.0
753.0
764.0
754.0
754.0
754.0
760.0
745.0
791.0
808.0
811.0
781.0
828.0
805.0
806.0
800.0
782.0
765.0
742.0
723.0
661.0
