4.0
3.0
3.0
3.0
3.0
3.0
3.0
3.0
3.0
3.0
4.0
3.0
3.0
3.0
3.0
3.0
3.0
3.0
2.0
2.0
24.0
24.0
24.0
24.0
25.0
24.0
24.0
24.0
24.0
24.0
24.0
23.0
24.0
23.0
23.0
24.0
24.0
23.0
23.0
24.0
25.0
24.0
24.0
24.0
24.0
24.0
23.0
23.0
23.0
25.0
24.0
24.0
24.0
24.0
24.0
25.0
23.0
23.0
23.0
24.0
24.0
24.0
24.0
24.0
24.0
24.0
24.0
24.0
23.0
25.0
24.0
24.0
24.0
24.0
24.0
24.0
24.0
24.0
24.0
24.0
24.0
24.0
24.0
24.0
24.0
24.0
24.0
24.0
24.0
24.0
24.0
24.0
24.0
24.0
23.0
24.0
23.0
23.0
23.0
25.0
25.0
24.0
24.0
23.0
23.0
24.0
24.0
23.0
23.0
25.0
25.0
24.0
24.0
24.0
24.0
24.0
23.0
23.0
23.0
24.0
24.0
24.0
24.0
24.0
24.0
24.0
23.0
23.0
23.0
24.0
2794.0
2794.0
2795.0
2795.0
2794.0
2795.0
2801.0
2794.0
2796.0
2851.0
2792.0
2805.0
2798.0
2803.0
2804.0
2796.0
2804.0
2803.0
2794.0
2797.0
2794.0
2792.0
2792.0
2808.0
2802.0
2802.0
2802.0
2798.0
2801.0
2812.0
2790.0
2795.0
2792.0
2795.0
2805.0
2802.0
2802.0
2801.0
2802.0
2794.0
2814.0
2826.0
2811.0
2813.0
2810.0
2809.0
2809.0
2805.0
2807.0
2818.0
2796.0
2795.0
2795.0
2798.0
2793.0
2797.0
2794.0
2796.0
2809.0
2774.0
2790.0
2789.0
2796.0
2799.0
2792.0
2791.0
2793.0
2793.0
2791.0
2790.0
2802.0
2802.0
2792.0
2790.0
2786.0
2800.0
2799.0
2800.0
2805.0
2789.0
3.0
3.0
3.0
2.0
2.0
3.0
3.0
2.0
3.0
3.0
25.0
25.0
25.0
24.0
24.0
24.0
24.0
24.0
24.0
24.0
24.0
24.0
24.0
24.0
24.0
24.0
24.0
24.0
24.0
24.0
25.0
25.0
24.0
25.0
24.0
25.0
24.0
24.0
24.0
24.0
24.0
24.0
24.0
24.0
24.0
24.0
23.0
23.0
23.0
23.0
24.0
23.0
23.0
23.0
23.0
23.0
23.0
23.0
23.0
23.0
24.0
24.0
24.0
24.0
24.0
24.0
24.0
24.0
24.0
23.0
24.0
23.0
24.0
23.0
23.0
24.0
23.0
23.0
23.0
24.0
24.0
24.0
24.0
24.0
24.0
24.0
23.0
23.0
23.0
23.0
24.0
24.0
24.0
24.0
24.0
24.0
24.0
24.0
24.0
23.0
24.0
23.0
23.0
23.0
23.0
24.0
23.0
23.0
23.0
23.0
24.0
24.0
24.0
24.0
24.0
24.0
24.0
24.0
23.0
23.0
2815.0
2807.0
2810.0
2811.0
2819.0
2819.0
2819.0
2820.0
2819.0
2815.0
2791.0
2788.0
2791.0
2791.0
2792.0
2788.0
2787.0
2792.0
2799.0
2790.0
2780.0
2779.0
2784.0
2787.0
2785.0
2785.0
2783.0
2775.0
2785.0
2788.0
2777.0
2781.0
2783.0
2782.0
2780.0
2787.0
2783.0
2784.0
2782.0
2789.0
2788.0
2791.0
2793.0
2794.0
2790.0
2797.0
2793.0
2794.0
2796.0
2799.0
2822.0
2817.0
2828.0
2826.0
2825.0
2841.0
2841.0
2840.0
2838.0
2847.0
2782.0
2781.0
2781.0
2786.0
2785.0
2791.0
2792.0
2791.0
2788.0
2790.0
2784.0
2786.0
2787.0
2786.0
2791.0
2790.0
2793.0
2795.0
2786.0
2794.0
3.0
2.0
2.0
2.0
3.0
3.0
2.0
2.0
2.0
2.0
24.0
23.0
24.0
23.0
23.0
24.0
24.0
23.0
23.0
23.0
24.0
24.0
23.0
23.0
23.0
24.0
23.0
23.0
23.0
23.0
23.0
24.0
24.0
24.0
23.0
24.0
24.0
23.0
23.0
23.0
24.0
23.0
23.0
23.0
24.0
23.0
23.0
23.0
23.0
23.0
24.0
24.0
24.0
23.0
23.0
24.0
24.0
23.0
23.0
23.0
24.0
23.0
24.0
24.0
23.0
23.0
23.0
23.0
23.0
23.0
24.0
24.0
23.0
23.0
24.0
23.0
23.0
23.0
23.0
23.0
24.0
24.0
24.0
23.0
23.0
24.0
23.0
23.0
23.0
23.0
24.0
24.0
24.0
24.0
23.0
24.0
23.0
23.0
23.0
23.0
23.0
23.0
23.0
23.0
24.0
23.0
23.0
23.0
23.0
23.0
24.0
24.0
24.0
23.0
23.0
24.0
24.0
23.0
23.0
23.0
2806.0
2805.0
2803.0
2806.0
2803.0
2801.0
2802.0
2800.0
2796.0
2792.0
2795.0
2791.0
2799.0
2801.0
2793.0
2801.0
2795.0
2800.0
2799.0
2798.0
2814.0
2813.0
2812.0
2816.0
2819.0
2814.0
2820.0
2820.0
2813.0
2811.0
2785.0
2795.0
2788.0
2786.0
2785.0
2786.0
2790.0
2785.0
2820.0
2795.0
2793.0
2797.0
2800.0
2799.0
2792.0
2797.0
2795.0
2794.0
2796.0
2818.0
2784.0
2781.0
2783.0
2788.0
2787.0
2786.0
2792.0
2786.0
2791.0
2774.0
2780.0
2780.0
2780.0
2776.0
2783.0
2785.0
2778.0
2778.0
2793.0
2793.0
2795.0
2796.0
2795.0
2796.0
2793.0
2796.0
2802.0
2798.0
2791.0
2802.0
3.0
3.0
3.0
3.0
2.0
2.0
2.0
2.0
2.0
2.0
24.0
24.0
23.0
23.0
23.0
23.0
23.0
23.0
23.0
23.0
24.0
23.0
24.0
24.0
23.0
24.0
23.0
30.0
30.0
30.0
31.0
30.0
30.0
30.0
30.0
30.0
24.0
23.0
23.0
23.0
24.0
24.0
23.0
23.0
23.0
24.0
23.0
23.0
23.0
23.0
24.0
24.0
24.0
24.0
23.0
23.0
23.0
23.0
23.0
23.0
24.0
23.0
23.0
23.0
23.0
24.0
23.0
23.0
23.0
23.0
24.0
23.0
24.0
24.0
23.0
24.0
23.0
23.0
23.0
23.0
24.0
24.0
23.0
23.0
23.0
23.0
23.0
24.0
23.0
23.0
24.0
24.0
24.0
24.0
23.0
24.0
23.0
23.0
23.0
23.0
24.0
23.0
23.0
23.0
23.0
23.0
23.0
23.0
23.0
23.0
24.0
23.0
24.0
24.0
23.0
24.0
24.0
23.0
23.0
23.0
2822.0
2822.0
2817.0
2819.0
2816.0
2812.0
2824.0
2823.0
2824.0
2823.0
2789.0
2789.0
2789.0
2789.0
2788.0
2791.0
2782.0
2783.0
2782.0
2782.0
2804.0
2793.0
2800.0
2802.0
2805.0
2808.0
2803.0
2801.0
2801.0
2799.0
2790.0
2783.0
2800.0
2816.0
2797.0
2809.0
2798.0
2808.0
2794.0
2811.0
2779.0
2777.0
2776.0
2780.0
2776.0
2777.0
2783.0
2785.0
2788.0
2784.0
2800.0
2800.0
2797.0
2804.0
2811.0
2805.0
2800.0
2801.0
2813.0
2817.0
2790.0
2788.0
2791.0
2796.0
2794.0
2791.0
2798.0
2803.0
2794.0
2800.0
2803.0
2800.0
2803.0
2804.0
2803.0
2802.0
2804.0
2825.0
2804.0
2810.0
3.0
3.0
2.0
2.0
3.0
2.0
2.0
3.0
2.0
2.0
24.0
23.0
24.0
23.0
23.0
23.0
24.0
24.0
23.0
24.0
24.0
24.0
24.0
23.0
23.0
24.0
24.0
23.0
23.0
23.0
24.0
24.0
24.0
23.0
23.0
23.0
23.0
23.0
23.0
23.0
24.0
24.0
24.0
23.0
23.0
24.0
23.0
23.0
23.0
23.0
24.0
23.0
23.0
23.0
23.0
23.0
23.0
23.0
23.0
23.0
24.0
24.0
24.0
24.0
23.0
25.0
25.0
26.0
26.0
26.0
27.0
27.0
27.0
26.0
26.0
25.0
25.0
24.0
24.0
24.0
24.0
24.0
24.0
23.0
23.0
23.0
23.0
23.0
23.0
23.0
24.0
24.0
24.0
23.0
23.0
24.0
24.0
23.0
23.0
23.0
24.0
23.0
24.0
23.0
23.0
23.0
23.0
23.0
23.0
23.0
24.0
24.0
24.0
23.0
23.0
24.0
23.0
23.0
23.0
23.0
2799.0
2798.0
2799.0
2796.0
2800.0
2795.0
2798.0
2796.0
2807.0
2792.0
2787.0
2789.0
2793.0
2786.0
2790.0
2788.0
2788.0
2787.0
2787.0
2790.0
2836.0
2833.0
2832.0
2830.0
2828.0
2827.0
2838.0
2836.0
2842.0
2848.0
2784.0
2790.0
2790.0
2789.0
2792.0
2796.0
2793.0
2794.0
2786.0
2782.0
2787.0
2790.0
2824.0
2792.0
2794.0
2787.0
2803.0
2789.0
2794.0
2783.0
2788.0
2799.0
2798.0
2799.0
2795.0
2793.0
2788.0
2799.0
2798.0
2791.0
2785.0
2788.0
2788.0
2784.0
2786.0
2787.0
2786.0
2789.0
2785.0
2788.0
2796.0
2793.0
2793.0
2787.0
2790.0
2788.0
2794.0
2791.0
2793.0
2798.0
3.0
3.0
2.0
2.0
3.0
2.0
2.0
2.0
2.0
2.0
24.0
24.0
24.0
23.0
23.0
24.0
23.0
23.0
23.0
23.0
24.0
24.0
24.0
23.0
23.0
24.0
23.0
23.0
23.0
24.0
24.0
24.0
24.0
24.0
24.0
24.0
23.0
24.0
23.0
23.0
25.0
24.0
24.0
23.0
23.0
25.0
24.0
23.0
23.0
24.0
24.0
23.0
24.0
24.0
24.0
23.0
23.0
24.0
24.0
23.0
24.0
23.0
24.0
23.0
23.0
24.0
23.0
23.0
23.0
23.0
24.0
23.0
24.0
23.0
23.0
23.0
23.0
23.0
23.0
23.0
24.0
24.0
24.0
23.0
23.0
24.0
24.0
23.0
24.0
24.0
24.0
24.0
24.0
24.0
23.0
23.0
23.0
24.0
23.0
23.0
24.0
23.0
24.0
23.0
23.0
24.0
24.0
23.0
23.0
23.0
24.0
24.0
24.0
23.0
23.0
24.0
24.0
26.0
26.0
26.0
2831.0
2831.0
2831.0
2833.0
2831.0
2831.0
2887.0
2829.0
2826.0
2826.0
2808.0
2809.0
2811.0
2806.0
2806.0
2805.0
2803.0
2803.0
2799.0
2925.0
2802.0
2799.0
2802.0
2802.0
2799.0
2793.0
2795.0
2794.0
2830.0
2853.0
2801.0
2795.0
2798.0
2796.0
2802.0
2795.0
2796.0
2800.0
2793.0
2788.0
2786.0
2794.0
2793.0
2796.0
2793.0
2795.0
2792.0
2798.0
2798.0
2787.0
2816.0
2824.0
2822.0
2812.0
2841.0
2817.0
2821.0
2819.0
2825.0
2818.0
2794.0
2797.0
2793.0
2793.0
2790.0
2791.0
2801.0
2800.0
2798.0
2794.0
2777.0
2782.0
2781.0
2778.0
2788.0
2790.0
2787.0
2781.0
2780.0
2787.0
3.0
3.0
2.0
2.0
2.0
3.0
2.0
2.0
2.0
2.0
24.0
24.0
24.0
23.0
23.0
24.0
23.0
23.0
23.0
23.0
24.0
23.0
23.0
23.0
23.0
24.0
23.0
23.0
23.0
23.0
24.0
24.0
23.0
23.0
23.0
23.0
23.0
23.0
23.0
24.0
24.0
24.0
24.0
24.0
24.0
25.0
24.0
24.0
24.0
24.0
25.0
24.0
24.0
24.0
24.0
24.0
24.0
23.0
23.0
23.0
24.0
23.0
23.0
23.0
23.0
24.0
23.0
23.0
23.0
23.0
24.0
24.0
23.0
23.0
23.0
23.0
23.0
23.0
23.0
23.0
24.0
24.0
23.0
23.0
24.0
24.0
23.0
23.0
23.0
23.0
23.0
23.0
23.0
23.0
23.0
23.0
23.0
24.0
23.0
23.0
24.0
24.0
24.0
23.0
23.0
23.0
23.0
23.0
23.0
23.0
24.0
24.0
24.0
23.0
23.0
24.0
23.0
23.0
23.0
23.0
2801.0
2802.0
2800.0
2795.0
2797.0
2803.0
2801.0
2800.0
2800.0
2793.0
2788.0
2794.0
2793.0
2789.0
2792.0
2790.0
2826.0
2789.0
2794.0
2794.0
2828.0
2818.0
2820.0
2818.0
2820.0
2819.0
2814.0
2821.0
2809.0
2821.0
2793.0
2790.0
2811.0
2790.0
2794.0
2792.0
2792.0
2790.0
2795.0
2791.0
2796.0
2796.0
2794.0
2790.0
2808.0
2805.0
2804.0
2791.0
2809.0
2804.0
2787.0
2787.0
2788.0
2786.0
2789.0
2789.0
2790.0
2789.0
2783.0
2783.0
2798.0
2789.0
2787.0
2788.0
2789.0
2791.0
2793.0
2791.0
2793.0
2789.0
2787.0
2803.0
2803.0
2841.0
2812.0
2809.0
2857.0
2814.0
2809.0
2812.0
3.0
3.0
2.0
3.0
2.0
3.0
2.0
3.0
3.0
2.0
25.0
24.0
24.0
25.0
25.0
25.0
24.0
25.0
25.0
3.0
27.0
25.0
25.0
25.0
26.0
26.0
25.0
25.0
25.0
2.0
27.0
26.0
25.0
25.0
26.0
26.0
25.0
26.0
25.0
2.0
26.0
26.0
25.0
26.0
25.0
26.0
26.0
25.0
26.0
2.0
26.0
26.0
26.0
25.0
25.0
26.0
25.0
26.0
26.0
2.0
27.0
26.0
26.0
26.0
26.0
26.0
26.0
26.0
25.0
2.0
26.0
26.0
24.0
24.0
23.0
24.0
23.0
23.0
23.0
2.0
24.0
24.0
23.0
23.0
23.0
23.0
23.0
23.0
23.0
2.0
24.0
24.0
23.0
23.0
23.0
24.0
23.0
23.0
23.0
2.0
24.0
24.0
23.0
23.0
23.0
24.0
23.0
24.0
23.0
2.0
24.0
24.0
23.0
23.0
23.0
24.0
23.0
23.0
23.0
2.0
2790.0
2806.0
2805.0
2805.0
2805.0
2805.0
2802.0
2798.0
2797.0
2769.0
2795.0
2794.0
2801.0
2798.0
2795.0
2801.0
2797.0
2798.0
2801.0
2771.0
2820.0
2821.0
2821.0
2802.0
2822.0
2822.0
2818.0
2819.0
2827.0
2794.0
2809.0
2805.0
2807.0
2805.0
2806.0
2802.0
2800.0
2803.0
2812.0
2783.0
2785.0
2784.0
2783.0
2784.0
2785.0
2789.0
2785.0
2784.0
2789.0
2764.0
2829.0
2825.0
2830.0
2826.0
2827.0
2824.0
2856.0
2821.0
2818.0
2808.0
2789.0
2799.0
2799.0
2793.0
2791.0
2798.0
2796.0
2797.0
2793.0
2804.0
2797.0
2804.0
2803.0
2801.0
2802.0
2798.0
2801.0
2804.0
2796.0
2783.0
3.0
3.0
2.0
2.0
2.0
3.0
2.0
2.0
2.0
2.0
24.0
24.0
23.0
23.0
23.0
23.0
23.0
2.0
2.0
2.0
24.0
23.0
23.0
24.0
24.0
23.0
23.0
2.0
2.0
2.0
24.0
23.0
23.0
23.0
24.0
23.0
23.0
2.0
2.0
2.0
24.0
24.0
24.0
23.0
23.0
23.0
23.0
2.0
2.0
2.0
24.0
23.0
23.0
23.0
23.0
23.0
23.0
3.0
2.0
2.0
24.0
24.0
23.0
23.0
23.0
24.0
23.0
2.0
3.0
2.0
24.0
23.0
23.0
23.0
23.0
23.0
23.0
2.0
2.0
2.0
24.0
24.0
24.0
23.0
23.0
24.0
23.0
2.0
2.0
2.0
24.0
24.0
23.0
23.0
23.0
23.0
23.0
2.0
2.0
2.0
24.0
24.0
23.0
24.0
23.0
24.0
23.0
2.0
2.0
2.0
24.0
24.0
23.0
23.0
23.0
23.0
23.0
2.0
2.0
2.0
2792.0
2789.0
2790.0
2787.0
2791.0
2790.0
2789.0
2764.0
2779.0
2767.0
2804.0
2801.0
2797.0
2802.0
2798.0
2802.0
2795.0
2777.0
2776.0
2779.0
2831.0
2832.0
2832.0
2831.0
2828.0
2832.0
2824.0
2813.0
2812.0
2809.0
2796.0
2808.0
2804.0
2803.0
2801.0
2799.0
2799.0
2773.0
2779.0
2779.0
2810.0
2809.0
2807.0
2813.0
2813.0
2813.0
2814.0
2788.0
2789.0
2801.0
2787.0
2788.0
2788.0
2785.0
2788.0
2786.0
2787.0
2770.0
2768.0
2766.0
2788.0
2794.0
2788.0
2788.0
2786.0
2788.0
2788.0
2764.0
2768.0
2769.0
2822.0
2816.0
2822.0
2818.0
2819.0
2816.0
2823.0
2796.0
2799.0
2793.0
3.0
3.0
2.0
2.0
2.0
2.0
2.0
2.0
2.0
2.0
24.0
23.0
23.0
2.0
3.0
23.0
2.0
2.0
2.0
2.0
24.0
23.0
23.0
2.0
2.0
23.0
2.0
2.0
2.0
2.0
24.0
24.0
23.0
2.0
2.0
24.0
2.0
2.0
2.0
2.0
24.0
23.0
23.0
3.0
2.0
23.0
2.0
2.0
2.0
3.0
24.0
23.0
23.0
2.0
2.0
23.0
2.0
2.0
2.0
2.0
24.0
23.0
23.0
2.0
2.0
23.0
2.0
2.0
2.0
2.0
23.0
23.0
23.0
2.0
2.0
23.0
2.0
2.0
2.0
2.0
24.0
24.0
23.0
2.0
2.0
24.0
2.0
2.0
2.0
2.0
24.0
23.0
23.0
3.0
2.0
23.0
3.0
2.0
2.0
2.0
24.0
23.0
23.0
2.0
2.0
23.0
2.0
2.0
2.0
2.0
24.0
23.0
23.0
2.0
3.0
23.0
2.0
2.0
2.0
2.0
2811.0
2815.0
2808.0
2771.0
2789.0
2814.0
2779.0
2814.0
1502.0
1518.0
2808.0
2807.0
2783.0
2761.0
2759.0
2777.0
2756.0
2760.0
1505.0
1501.0
2785.0
2785.0
2785.0
2763.0
2777.0
2795.0
2772.0
2772.0
1510.0
1506.0
2783.0
2784.0
2781.0
2767.0
2766.0
2785.0
2753.0
2759.0
1499.0
1498.0
2799.0
2794.0
2795.0
2779.0
2773.0
2806.0
2783.0
2777.0
1510.0
1505.0
2841.0
2837.0
2854.0
2826.0
2822.0
2847.0
2823.0
2827.0
1499.0
1501.0
2852.0
2849.0
2779.0
2766.0
2763.0
2789.0
2766.0
2770.0
1510.0
1507.0
2786.0
2781.0
2785.0
2763.0
2773.0
2795.0
2769.0
2774.0
1508.0
1506.0
2.0
2.0
2.0
2.0
2.0
2.0
2.0
2.0
2.0
2.0
3.0
2.0
2.0
2.0
2.0
2.0
2.0
2.0
2.0
2.0
3.0
2.0
2.0
3.0
2.0
2.0
2.0
2.0
2.0
2.0
2.0
2.0
2.0
2.0
2.0
3.0
2.0
2.0
2.0
2.0
2.0
2.0
2.0
2.0
2.0
2.0
2.0
2.0
2.0
2.0
3.0
2.0
2.0
2.0
2.0
2.0
2.0
2.0
2.0
3.0
3.0
2.0
2.0
2.0
2.0
2.0
2.0
2.0
2.0
2.0
2.0
2.0
2.0
2.0
2.0
2.0
2.0
2.0
2.0
2.0
3.0
2.0
2.0
2.0
2.0
2.0
2.0
2.0
2.0
2.0
3.0
3.0
2.0
2.0
2.0
2.0
2.0
2.0
2.0
2.0
3.0
2.0
2.0
2.0
2.0
2.0
2.0
2.0
2.0
2.0
2.0
3.0
2.0
2.0
2.0
2.0
2.0
2.0
2.0
2.0
1508.0
1514.0
1511.0
1513.0
1508.0
1510.0
1495.0
1496.0
1494.0
1494.0
1508.0
1507.0
1501.0
1502.0
1503.0
1503.0
1511.0
1521.0
1517.0
1531.0
1541.0
1518.0
1533.0
1533.0
1526.0
1529.0
1506.0
1503.0
1508.0
1506.0
1504.0
1504.0
1509.0
1510.0
1515.0
1512.0
1493.0
1491.0
1494.0
1492.0
1497.0
1495.0
1497.0
1500.0
1499.0
1498.0
1531.0
1520.0
1510.0
1525.0
1519.0
1521.0
1523.0
1523.0
1536.0
1521.0
1573.0
1578.0
1571.0
1574.0
1591.0
1598.0
1587.0
1590.0
1588.0
1605.0
1524.0
1520.0
1520.0
1516.0
1514.0
1512.0
1516.0
1514.0
1514.0
1521.0
1340.0
1336.0
1334.0
1327.0
