4.0
3.0
3.0
3.0
3.0
3.0
4.0
3.0
3.0
3.0
10.0
8.0
8.0
8.0
9.0
9.0
8.0
8.0
3.0
3.0
9.0
9.0
19.0
19.0
19.0
19.0
19.0
19.0
3.0
3.0
21.0
20.0
19.0
20.0
10.0
10.0
10.0
9.0
3.0
3.0
10.0
10.0
10.0
9.0
9.0
10.0
9.0
9.0
3.0
4.0
10.0
9.0
10.0
9.0
9.0
10.0
9.0
9.0
3.0
3.0
10.0
10.0
9.0
9.0
8.0
9.0
9.0
9.0
3.0
3.0
9.0
9.0
8.0
8.0
9.0
9.0
9.0
8.0
3.0
3.0
9.0
9.0
8.0
9.0
9.0
9.0
8.0
8.0
3.0
3.0
9.0
9.0
8.0
8.0
9.0
8.0
8.0
8.0
3.0
3.0
9.0
9.0
8.0
8.0
8.0
8.0
8.0
8.0
3.0
3.0
9.0
9.0
8.0
8.0
8.0
9.0
8.0
8.0
3.0
3.0
9.0
9.0
8.0
8.0
8.0
9.0
8.0
8.0
3.0
3.0
3519.0
3520.0
3520.0
3518.0
3516.0
3519.0
3517.0
3513.0
3516.0
3522.0
3523.0
3527.0
3523.0
3527.0
3520.0
3516.0
3518.0
3523.0
3527.0
3525.0
3526.0
3524.0
3544.0
3522.0
3520.0
3539.0
3539.0
3500.0
3498.0
3501.0
3490.0
3492.0
3499.0
3497.0
3507.0
3502.0
3506.0
3509.0
3512.0
3506.0
3512.0
3516.0
3506.0
3510.0
3508.0
3491.0
3487.0
3487.0
3490.0
3493.0
3493.0
3485.0
3483.0
9.0
9.0
7.0
7.0
8.0
8.0
8.0
7.0
2.0
2.0
8.0
8.0
8.0
8.0
7.0
8.0
7.0
7.0
2.0
3.0
9.0
8.0
8.0
8.0
7.0
8.0
7.0
8.0
2.0
2.0
9.0
8.0
7.0
7.0
7.0
8.0
7.0
7.0
2.0
2.0
8.0
8.0
7.0
7.0
8.0
8.0
8.0
7.0
2.0
2.0
8.0
8.0
8.0
8.0
8.0
8.0
7.0
7.0
2.0
3.0
8.0
8.0
8.0
8.0
7.0
8.0
7.0
7.0
2.0
2.0
9.0
8.0
7.0
8.0
7.0
8.0
8.0
8.0
3.0
2.0
8.0
8.0
7.0
8.0
8.0
8.0
8.0
7.0
2.0
2.0
8.0
8.0
8.0
8.0
8.0
8.0
7.0
7.0
2.0
2.0
8.0
8.0
8.0
8.0
7.0
8.0
7.0
8.0
2.0
2.0
8.0
9.0
8.0
8.0
7.0
8.0
7.0
8.0
2.0
2.0
3540.0
3536.0
3535.0
3535.0
3539.0
3541.0
3535.0
3541.0
3536.0
3523.0
3522.0
3520.0
3521.0
3519.0
3518.0
3516.0
3515.0
3513.0
3515.0
3512.0
3507.0
3510.0
3513.0
3503.0
3501.0
3509.0
3524.0
3508.0
3499.0
3500.0
3497.0
3496.0
3508.0
3503.0
3508.0
3515.0
3553.0
3553.0
3565.0
3560.0
3569.0
3556.0
3568.0
3556.0
3571.0
3509.0
3505.0
3498.0
3506.0
3522.0
3507.0
3508.0
3500.0
9.0
8.0
7.0
8.0
8.0
8.0
7.0
8.0
2.0
2.0
9.0
8.0
7.0
8.0
7.0
9.0
7.0
7.0
3.0
2.0
8.0
8.0
8.0
7.0
8.0
8.0
8.0
7.0
2.0
2.0
9.0
8.0
7.0
8.0
7.0
8.0
8.0
7.0
2.0
3.0
8.0
8.0
8.0
7.0
8.0
8.0
7.0
8.0
2.0
2.0
9.0
8.0
8.0
8.0
7.0
9.0
7.0
7.0
2.0
2.0
8.0
8.0
8.0
7.0
8.0
8.0
8.0
7.0
2.0
2.0
9.0
8.0
8.0
7.0
8.0
8.0
7.0
8.0
2.0
2.0
8.0
8.0
7.0
7.0
8.0
8.0
8.0
7.0
2.0
2.0
9.0
8.0
7.0
8.0
18.0
9.0
8.0
8.0
2.0
2.0
34.0
8.0
8.0
7.0
8.0
8.0
7.0
8.0
2.0
2.0
9.0
8.0
7.0
8.0
7.0
8.0
8.0
7.0
2.0
2.0
3480.0
3531.0
3529.0
3534.0
3527.0
3531.0
3530.0
3533.0
3520.0
3528.0
3541.0
3480.0
3481.0
3484.0
3478.0
3481.0
3484.0
3475.0
3480.0
3472.0
3518.0
3521.0
3524.0
3528.0
3527.0
3524.0
3523.0
3523.0
3519.0
3516.0
3545.0
3529.0
3526.0
3533.0
3530.0
3527.0
3530.0
3524.0
3522.0
3531.0
3486.0
3509.0
3507.0
3512.0
3509.0
3512.0
3508.0
3507.0
3502.0
3503.0
3513.0
3515.0
3513.0
3517.0
3517.0
3515.0
3518.0
3519.0
3511.0
3516.0
3545.0
3522.0
3520.0
3528.0
3526.0
3530.0
3531.0
3527.0
3527.0
3525.0
3498.0
3549.0
3542.0
3547.0
3542.0
3540.0
3543.0
3543.0
3542.0
3542.0
8.0
8.0
8.0
7.0
8.0
8.0
7.0
8.0
2.0
2.0
10.0
9.0
9.0
9.0
9.0
9.0
9.0
18.0
3.0
2.0
10.0
8.0
9.0
8.0
8.0
9.0
8.0
8.0
2.0
2.0
9.0
9.0
8.0
8.0
34.0
8.0
8.0
8.0
2.0
2.0
9.0
9.0
8.0
8.0
8.0
8.0
8.0
7.0
2.0
3.0
8.0
8.0
8.0
7.0
8.0
8.0
8.0
7.0
2.0
3.0
8.0
8.0
8.0
8.0
7.0
8.0
8.0
7.0
2.0
2.0
9.0
8.0
7.0
8.0
7.0
8.0
8.0
7.0
2.0
2.0
8.0
8.0
7.0
8.0
7.0
8.0
8.0
7.0
2.0
2.0
8.0
8.0
7.0
7.0
8.0
8.0
7.0
8.0
2.0
2.0
9.0
8.0
7.0
8.0
7.0
9.0
7.0
8.0
2.0
2.0
8.0
8.0
8.0
7.0
7.0
8.0
7.0
8.0
2.0
2.0
3528.0
3524.0
3530.0
3527.0
3524.0
3532.0
3531.0
3525.0
3526.0
3523.0
3503.0
3527.0
3525.0
3524.0
3522.0
3526.0
3523.0
3524.0
3516.0
3523.0
3504.0
3510.0
3506.0
3504.0
3507.0
3510.0
3507.0
3507.0
3506.0
3501.0
3519.0
3552.0
3555.0
3559.0
3558.0
3557.0
3559.0
3557.0
3559.0
3560.0
3516.0
3488.0
3480.0
3488.0
3486.0
3488.0
3489.0
3491.0
3483.0
3486.0
3526.0
3527.0
3525.0
3536.0
3538.0
3532.0
3535.0
3538.0
3529.0
3522.0
3510.0
3508.0
3512.0
3511.0
3515.0
3516.0
3510.0
3509.0
3506.0
3506.0
3522.0
3548.0
3540.0
3539.0
3544.0
3549.0
3545.0
3555.0
3544.0
3543.0
8.0
8.0
2.0
3.0
2.0
8.0
2.0
2.0
2.0
2.0
8.0
8.0
2.0
2.0
3.0
7.0
3.0
2.0
2.0
2.0
8.0
8.0
2.0
2.0
2.0
8.0
2.0
2.0
3.0
2.0
8.0
8.0
2.0
2.0
3.0
7.0
3.0
2.0
2.0
2.0
8.0
8.0
2.0
3.0
2.0
8.0
2.0
2.0
2.0
2.0
8.0
8.0
2.0
3.0
2.0
8.0
2.0
2.0
2.0
2.0
9.0
7.0
3.0
2.0
2.0
8.0
2.0
3.0
2.0
2.0
8.0
8.0
2.0
2.0
2.0
7.0
2.0
2.0
2.0
2.0
9.0
7.0
3.0
2.0
2.0
8.0
2.0
3.0
2.0
2.0
9.0
8.0
2.0
2.0
3.0
8.0
2.0
3.0
2.0
2.0
8.0
8.0
2.0
2.0
2.0
8.0
2.0
2.0
2.0
2.0
8.0
8.0
2.0
2.0
3.0
8.0
2.0
2.0
2.0
2.0
3533.0
3497.0
3486.0
3488.0
3488.0
3497.0
3488.0
3491.0
3500.0
3494.0
3490.0
3526.0
3521.0
3526.0
3527.0
3531.0
3532.0
3530.0
3527.0
3528.0
3516.0
3514.0
3500.0
3501.0
3506.0
3510.0
3510.0
3502.0
3502.0
3502.0
3502.0
3536.0
3529.0
3531.0
3531.0
3532.0
3528.0
3530.0
3530.0
3530.0
3583.0
3574.0
3568.0
3571.0
3571.0
3573.0
3571.0
3574.0
3573.0
3588.0
3513.0
3523.0
3519.0
3518.0
3516.0
3524.0
3519.0
3519.0
3522.0
3522.0
3512.0
3508.0
3499.0
3499.0
3501.0
3506.0
3501.0
3504.0
3505.0
3505.0
3494.0
3513.0
3506.0
3514.0
3506.0
3512.0
3507.0
3506.0
3510.0
3511.0
8.0
7.0
3.0
2.0
2.0
8.0
2.0
2.0
3.0
2.0
8.0
7.0
3.0
2.0
2.0
8.0
2.0
3.0
2.0
2.0
8.0
8.0
2.0
2.0
3.0
7.0
2.0
2.0
2.0
2.0
8.0
8.0
2.0
2.0
3.0
7.0
3.0
2.0
2.0
2.0
8.0
8.0
2.0
2.0
2.0
7.0
13.0
3.0
2.0
3.0
9.0
8.0
3.0
2.0
2.0
7.0
2.0
3.0
2.0
2.0
8.0
8.0
2.0
2.0
3.0
7.0
3.0
2.0
2.0
2.0
8.0
8.0
2.0
3.0
2.0
8.0
2.0
2.0
2.0
2.0
7.0
7.0
2.0
2.0
2.0
8.0
2.0
2.0
2.0
2.0
8.0
7.0
3.0
2.0
2.0
8.0
2.0
2.0
2.0
2.0
8.0
8.0
2.0
2.0
3.0
7.0
3.0
2.0
2.0
2.0
8.0
8.0
2.0
3.0
2.0
7.0
2.0
2.0
2.0
2.0
3538.0
3524.0
3516.0
3522.0
3521.0
3523.0
3517.0
3516.0
3527.0
3525.0
3552.0
3557.0
3553.0
3554.0
3544.0
3555.0
3549.0
3549.0
3548.0
3560.0
3495.0
3509.0
3509.0
3503.0
3502.0
3508.0
3505.0
3505.0
3504.0
3511.0
3520.0
3539.0
3523.0
3530.0
3530.0
3535.0
3533.0
3531.0
3528.0
3531.0
3558.0
3533.0
3528.0
3536.0
3527.0
3534.0
3528.0
3531.0
3533.0
3534.0
3518.0
3520.0
3511.0
3516.0
3516.0
3523.0
3513.0
3512.0
3518.0
3525.0
3486.0
3503.0
3497.0
3494.0
3503.0
3505.0
3496.0
3505.0
3500.0
3505.0
3505.0
3514.0
3502.0
3505.0
3510.0
3508.0
3508.0
3507.0
3507.0
3518.0
8.0
3.0
2.0
2.0
3.0
2.0
2.0
3.0
2.0
2.0
8.0
2.0
3.0
2.0
2.0
3.0
2.0
2.0
2.0
2.0
8.0
2.0
3.0
2.0
2.0
3.0
2.0
2.0
3.0
2.0
8.0
3.0
2.0
2.0
3.0
2.0
3.0
2.0
2.0
2.0
8.0
3.0
2.0
2.0
3.0
2.0
2.0
3.0
2.0
2.0
8.0
3.0
2.0
2.0
2.0
3.0
2.0
3.0
2.0
2.0
8.0
2.0
3.0
2.0
2.0
3.0
2.0
2.0
3.0
2.0
8.0
2.0
3.0
2.0
2.0
3.0
2.0
2.0
3.0
2.0
8.0
2.0
3.0
2.0
2.0
3.0
2.0
2.0
2.0
2.0
8.0
2.0
2.0
2.0
2.0
3.0
2.0
2.0
2.0
2.0
7.0
2.0
2.0
3.0
2.0
2.0
3.0
2.0
2.0
2.0
8.0
3.0
2.0
3.0
2.0
2.0
3.0
2.0
2.0
2.0
3536.0
3518.0
3516.0
3523.0
3519.0
3523.0
3521.0
3528.0
3524.0
3517.0
3515.0
3516.0
3513.0
3517.0
3520.0
3516.0
3518.0
3519.0
3518.0
3526.0
3521.0
3504.0
3507.0
3510.0
3508.0
3510.0
3505.0
3510.0
3511.0
3512.0
3516.0
3540.0
3535.0
3538.0
3541.0
3538.0
3537.0
3546.0
3546.0
3540.0
3518.0
3486.0
3497.0
3496.0
3495.0
3498.0
3500.0
3495.0
3496.0
3494.0
3522.0
3533.0
3530.0
3537.0
3528.0
3539.0
3537.0
3540.0
3538.0
3532.0
3530.0
3514.0
3511.0
3513.0
3514.0
3516.0
3531.0
3510.0
3512.0
3506.0
3487.0
3511.0
3510.0
3511.0
3511.0
3514.0
3510.0
3511.0
3514.0
3512.0
3.0
2.0
2.0
2.0
2.0
3.0
2.0
2.0
2.0
2.0
3.0
3.0
2.0
2.0
3.0
2.0
3.0
2.0
2.0
2.0
3.0
2.0
3.0
2.0
2.0
3.0
2.0
2.0
3.0
2.0
3.0
2.0
3.0
2.0
2.0
3.0
2.0
2.0
2.0
2.0
2.0
3.0
2.0
2.0
3.0
29.0
2.0
3.0
2.0
2.0
3.0
2.0
3.0
2.0
2.0
3.0
2.0
2.0
2.0
2.0
2.0
3.0
2.0
2.0
3.0
2.0
2.0
3.0
2.0
2.0
3.0
2.0
2.0
3.0
2.0
2.0
3.0
2.0
2.0
2.0
3.0
2.0
3.0
2.0
2.0
3.0
2.0
2.0
2.0
3.0
2.0
3.0
2.0
2.0
3.0
2.0
2.0
2.0
2.0
2.0
3.0
2.0
2.0
2.0
2.0
3.0
2.0
2.0
2.0
2.0
3.0
3.0
2.0
2.0
2.0
2.0
2.0
2.0
2.0
2.0
3491.0
3495.0
3493.0
3498.0
3498.0
3490.0
3488.0
1914.0
1915.0
3513.0
3514.0
3546.0
3546.0
3555.0
3547.0
3546.0
3547.0
1933.0
1933.0
3518.0
3523.0
3522.0
3521.0
3512.0
3508.0
3508.0
1908.0
1907.0
3508.0
3527.0
3523.0
3526.0
3523.0
3526.0
3525.0
1918.0
1917.0
3552.0
3553.0
3510.0
3530.0
3533.0
3533.0
3535.0
1925.0
1924.0
3541.0
3478.0
3475.0
3528.0
3543.0
3539.0
3510.0
1921.0
1920.0
3521.0
3542.0
3578.0
3577.0
3504.0
3512.0
3510.0
1913.0
1933.0
3526.0
3527.0
3531.0
3484.0
3480.0
3485.0
3487.0
1890.0
1892.0
3.0
2.0
2.0
3.0
2.0
3.0
2.0
2.0
2.0
2.0
3.0
3.0
2.0
2.0
3.0
2.0
2.0
3.0
2.0
2.0
3.0
2.0
2.0
3.0
2.0
2.0
2.0
2.0
2.0
2.0
3.0
2.0
2.0
2.0
2.0
2.0
2.0
2.0
2.0
2.0
3.0
2.0
2.0
3.0
2.0
2.0
3.0
2.0
2.0
2.0
3.0
2.0
3.0
2.0
2.0
3.0
2.0
2.0
2.0
2.0
2.0
3.0
2.0
2.0
3.0
2.0
2.0
3.0
2.0
2.0
3.0
2.0
2.0
2.0
2.0
3.0
2.0
2.0
2.0
2.0
3.0
3.0
2.0
2.0
3.0
2.0
2.0
3.0
2.0
2.0
3.0
2.0
2.0
3.0
2.0
2.0
3.0
2.0
2.0
2.0
3.0
2.0
3.0
2.0
2.0
3.0
2.0
2.0
3.0
2.0
2.0
3.0
2.0
3.0
2.0
2.0
3.0
2.0
2.0
2.0
3500.0
3488.0
3494.0
3495.0
3498.0
3508.0
3514.0
3506.0
1899.0
1892.0
3500.0
3511.0
3513.0
3516.0
3516.0
3520.0
3487.0
3485.0
1886.0
1893.0
3500.0
3493.0
3468.0
3469.0
3473.0
3479.0
3476.0
3481.0
1898.0
1893.0
3516.0
3516.0
3529.0
3527.0
3559.0
3555.0
3559.0
3567.0
1951.0
1946.0
3514.0
3527.0
3539.0
3519.0
3520.0
3518.0
3495.0
3497.0
1909.0
1905.0
3510.0
3507.0
3509.0
3505.0
3485.0
3486.0
3515.0
3512.0
1904.0
1904.0
3517.0
3520.0
3527.0
3520.0
3524.0
3520.0
3524.0
1891.0
1890.0
3509.0
3509.0
3474.0
3472.0
3481.0
3479.0
3480.0
3478.0
1897.0
1894.0
2.0
2.0
2.0
3.0
3.0
2.0
2.0
2.0
2.0
2.0
3.0
3.0
2.0
2.0
3.0
3.0
2.0
2.0
2.0
2.0
3.0
2.0
2.0
3.0
2.0
2.0
3.0
2.0
2.0
2.0
3.0
2.0
2.0
2.0
2.0
3.0
3.0
2.0
2.0
2.0
3.0
3.0
2.0
2.0
2.0
2.0
3.0
3.0
2.0
2.0
2.0
2.0
3.0
3.0
2.0
2.0
2.0
2.0
2.0
2.0
3.0
3.0
2.0
2.0
2.0
2.0
2.0
2.0
2.0
2.0
3.0
3.0
3.0
2.0
2.0
2.0
3.0
2.0
2.0
2.0
3.0
3.0
2.0
2.0
2.0
2.0
2.0
3.0
2.0
2.0
3.0
2.0
2.0
3.0
2.0
3.0
2.0
2.0
2.0
2.0
3.0
2.0
2.0
2.0
2.0
3.0
2.0
2.0
2.0
2.0
3.0
3.0
3.0
2.0
2.0
2.0
2.0
2.0
2.0
2.0
3504.0
3509.0
3509.0
3506.0
3517.0
3539.0
3538.0
1923.0
1922.0
1928.0
3523.0
3529.0
3527.0
3525.0
3522.0
3528.0
3532.0
1908.0
1893.0
1894.0
3501.0
3499.0
3504.0
3506.0
3505.0
3490.0
1903.0
1905.0
1905.0
3491.0
3485.0
3488.0
3472.0
3473.0
3508.0
3518.0
1893.0
1894.0
1896.0
3533.0
3551.0
3546.0
3547.0
3548.0
3555.0
1929.0
1927.0
1890.0
3556.0
3580.0
3572.0
3573.0
3547.0
3538.0
1938.0
1942.0
1941.0
3541.0
3535.0
3505.0
3504.0
3510.0
3511.0
1910.0
1911.0
1915.0
3520.0
3523.0
3491.0
3495.0
3493.0
3492.0
1903.0
1901.0
1903.0
2.0
3.0
2.0
3.0
2.0
2.0
2.0
3.0
2.0
2.0
3.0
2.0
2.0
2.0
3.0
2.0
2.0
2.0
3.0
2.0
2.0
3.0
2.0
2.0
2.0
3.0
2.0
2.0
2.0
2.0
3.0
2.0
3.0
2.0
2.0
2.0
3.0
2.0
2.0
2.0
3.0
2.0
2.0
2.0
2.0
2.0
2.0
3.0
2.0
2.0
2.0
3.0
2.0
2.0
2.0
3.0
2.0
2.0
2.0
2.0
2.0
2.0
3.0
2.0
2.0
3.0
2.0
2.0
13.0
2.0
3.0
3.0
2.0
3.0
2.0
3.0
2.0
3.0
2.0
2.0
2.0
2.0
3.0
2.0
2.0
3.0
2.0
2.0
2.0
2.0
3.0
2.0
2.0
3.0
2.0
2.0
3.0
2.0
2.0
2.0
3.0
2.0
2.0
2.0
2.0
2.0
2.0
3.0
2.0
2.0
2.0
3.0
2.0
2.0
2.0
3.0
2.0
2.0
2.0
3.0
1904.0
1896.0
1907.0
1904.0
1909.0
1906.0
1918.0
1920.0
1919.0
1921.0
1896.0
1900.0
1912.0
1916.0
1912.0
1912.0
1914.0
1916.0
1911.0
1911.0
1912.0
1915.0
1897.0
1924.0
1915.0
1905.0
1918.0
1933.0
1934.0
1934.0
1934.0
1934.0
1936.0
1906.0
1908.0
1911.0
1891.0
1935.0
1936.0
1926.0
1938.0
1933.0
1936.0
1940.0
1938.0
1932.0
1914.0
1862.0
1867.0
1875.0
1915.0
1913.0
1929.0
1926.0
1926.0
1929.0
1932.0
1933.0
1932.0
1905.0
1870.0
1869.0
1905.0
1905.0
1905.0
1908.0
1904.0
1903.0
1906.0
1903.0
1905.0
1903.0
1853.0
1843.0
1842.0
1839.0
1687.0
1665.0
1642.0
1634.0
