0.0
0.0
0.0
1.0
1.0
1.0
1.0
1.0
0.0
0.0
9.0
9.0
9.0
9.0
9.0
9.0
9.0
9.0
9.0
9.0
9.0
9.0
9.0
8.0
8.0
8.0
8.0
9.0
9.0
9.0
87.0
87.0
87.0
88.0
88.0
88.0
88.0
87.0
87.0
87.0
188.0
188.0
188.0
187.0
188.0
187.0
188.0
187.0
188.0
188.0
201.0
201.0
202.0
202.0
201.0
201.0
201.0
201.0
201.0
201.0
187.0
188.0
187.0
187.0
187.0
187.0
187.0
187.0
187.0
187.0
188.0
187.0
187.0
187.0
187.0
187.0
187.0
187.0
187.0
187.0
187.0
187.0
187.0
188.0
188.0
188.0
188.0
188.0
188.0
187.0
188.0
188.0
188.0
187.0
187.0
187.0
187.0
187.0
187.0
187.0
190.0
190.0
190.0
190.0
190.0
191.0
190.0
190.0
190.0
189.0
190.0
190.0
191.0
191.0
191.0
191.0
191.0
191.0
191.0
190.0
188.0
187.0
187.0
187.0
187.0
187.0
187.0
187.0
187.0
187.0
187.0
187.0
187.0
187.0
187.0
187.0
187.0
188.0
187.0
187.0
188.0
188.0
188.0
187.0
187.0
187.0
187.0
187.0
187.0
187.0
199.0
200.0
200.0
200.0
200.0
199.0
200.0
199.0
199.0
200.0
188.0
187.0
188.0
188.0
187.0
186.0
187.0
187.0
187.0
187.0
188.0
188.0
187.0
187.0
187.0
187.0
187.0
187.0
187.0
187.0
187.0
187.0
187.0
187.0
187.0
187.0
187.0
187.0
187.0
187.0
188.0
188.0
188.0
188.0
188.0
188.0
188.0
188.0
188.0
187.0
187.0
188.0
188.0
188.0
188.0
188.0
188.0
188.0
188.0
187.0
9.0
9.0
9.0
9.0
9.0
9.0
8.0
8.0
8.0
9.0
8.0
8.0
8.0
8.0
8.0
9.0
9.0
9.0
8.0
8.0
9.0
9.0
9.0
9.0
8.0
8.0
8.0
8.0
9.0
9.0
8.0
8.0
8.0
8.0
8.0
9.0
9.0
9.0
8.0
8.0
9.0
9.0
9.0
9.0
9.0
8.0
8.0
8.0
9.0
9.0
8.0
8.0
8.0
8.0
8.0
9.0
9.0
9.0
8.0
8.0
9.0
9.0
9.0
9.0
9.0
8.0
8.0
8.0
8.0
8.0
8.0
8.0
8.0
8.0
8.0
8.0
8.0
9.0
9.0
9.0
8.0
8.0
8.0
9.0
9.0
1.0
8.0
0.0
0.0
0.0
1.0
1.0
1.0
1.0
0.0
0.0
0.0
0.0
1.0
1.0
9.0
9.0
8.0
8.0
9.0
9.0
8.0
8.0
8.0
8.0
8.0
8.0
9.0
9.0
8.0
8.0
8.0
8.0
8.0
9.0
9.0
9.0
8.0
8.0
18.0
18.0
18.0
18.0
18.0
17.0
18.0
18.0
18.0
18.0
8.0
8.0
9.0
9.0
9.0
9.0
8.0
8.0
8.0
8.0
9.0
9.0
8.0
8.0
8.0
8.0
8.0
8.0
9.0
9.0
8.0
8.0
8.0
8.0
8.0
9.0
9.0
9.0
8.0
8.0
9.0
9.0
9.0
9.0
9.0
8.0
8.0
8.0
8.0
8.0
8.0
8.0
8.0
8.0
8.0
8.0
9.0
9.0
9.0
8.0
8.0
1.0
9.0
1.0
1.0
0.0
0.0
0.0
1.0
1.0
1.0
1.0
0.0
0.0
0.0
1.0
88.0
88.0
88.0
87.0
87.0
87.0
87.0
87.0
88.0
87.0
87.0
87.0
87.0
87.0
88.0
88.0
88.0
88.0
87.0
87.0
87.0
88.0
88.0
88.0
87.0
87.0
87.0
87.0
87.0
87.0
88.0
87.0
87.0
87.0
87.0
87.0
87.0
87.0
87.0
88.0
87.0
88.0
87.0
87.0
88.0
88.0
87.0
88.0
88.0
87.0
87.0
88.0
88.0
87.0
87.0
87.0
87.0
87.0
87.0
87.0
87.0
87.0
87.0
87.0
87.0
87.0
87.0
87.0
87.0
87.0
88.0
88.0
88.0
87.0
88.0
9.0
88.0
9.0
88.0
9.0
87.0
87.0
87.0
88.0
87.0
0.0
87.0
0.0
79.0
1.0
1.0
0.0
1.0
1.0
0.0
1.0
1.0
0.0
0.0
1.0
187.0
187.0
187.0
187.0
187.0
187.0
192.0
193.0
193.0
193.0
193.0
193.0
194.0
193.0
193.0
193.0
189.0
188.0
188.0
188.0
188.0
188.0
187.0
188.0
187.0
187.0
188.0
188.0
188.0
188.0
188.0
188.0
188.0
188.0
188.0
188.0
189.0
188.0
188.0
188.0
189.0
189.0
189.0
188.0
189.0
188.0
189.0
189.0
188.0
189.0
198.0
198.0
198.0
198.0
198.0
198.0
198.0
198.0
197.0
197.0
187.0
187.0
187.0
187.0
187.0
187.0
187.0
188.0
188.0
187.0
188.0
187.0
187.0
187.0
187.0
108.0
188.0
108.0
187.0
108.0
187.0
187.0
187.0
188.0
188.0
100.0
187.0
100.0
179.0
100.0
101.0
101.0
101.0
101.0
101.0
102.0
101.0
101.0
101.0
101.0
190.0
191.0
192.0
192.0
192.0
192.0
192.0
192.0
192.0
192.0
193.0
194.0
194.0
194.0
194.0
193.0
193.0
193.0
194.0
194.0
190.0
189.0
189.0
189.0
189.0
189.0
188.0
189.0
188.0
188.0
188.0
188.0
188.0
187.0
188.0
188.0
188.0
188.0
188.0
188.0
188.0
188.0
188.0
188.0
188.0
188.0
188.0
189.0
188.0
188.0
188.0
187.0
188.0
187.0
188.0
188.0
188.0
187.0
188.0
187.0
198.0
200.0
200.0
200.0
200.0
200.0
200.0
201.0
200.0
202.0
190.0
190.0
190.0
192.0
192.0
110.0
192.0
109.0
192.0
109.0
192.0
192.0
192.0
191.0
191.0
104.0
188.0
101.0
180.0
101.0
100.0
101.0
101.0
101.0
100.0
100.0
100.0
101.0
101.0
100.0
187.0
188.0
188.0
188.0
187.0
188.0
187.0
188.0
188.0
187.0
187.0
188.0
187.0
187.0
188.0
188.0
188.0
187.0
188.0
188.0
193.0
193.0
193.0
194.0
193.0
193.0
193.0
194.0
193.0
193.0
188.0
187.0
188.0
187.0
188.0
188.0
187.0
187.0
188.0
188.0
188.0
187.0
187.0
188.0
187.0
187.0
187.0
187.0
187.0
188.0
187.0
188.0
187.0
187.0
188.0
188.0
188.0
188.0
188.0
188.0
188.0
187.0
188.0
188.0
187.0
187.0
187.0
187.0
189.0
190.0
200.0
201.0
201.0
200.0
201.0
112.0
200.0
121.0
199.0
118.0
197.0
187.0
187.0
187.0
188.0
100.0
188.0
101.0
180.0
101.0
101.0
100.0
101.0
101.0
101.0
100.0
101.0
100.0
100.0
101.0
187.0
187.0
187.0
187.0
187.0
188.0
187.0
187.0
187.0
187.0
187.0
187.0
187.0
187.0
187.0
187.0
187.0
187.0
187.0
187.0
187.0
187.0
187.0
187.0
188.0
187.0
187.0
187.0
187.0
187.0
192.0
192.0
193.0
193.0
193.0
194.0
194.0
194.0
193.0
193.0
189.0
189.0
188.0
187.0
187.0
187.0
189.0
187.0
187.0
187.0
188.0
187.0
187.0
187.0
188.0
187.0
187.0
187.0
187.0
187.0
187.0
187.0
187.0
187.0
187.0
188.0
187.0
187.0
187.0
187.0
187.0
187.0
187.0
187.0
187.0
108.0
187.0
109.0
187.0
109.0
199.0
198.0
198.0
197.0
198.0
100.0
198.0
111.0
190.0
111.0
112.0
101.0
100.0
100.0
100.0
100.0
101.0
100.0
101.0
100.0
187.0
187.0
188.0
187.0
188.0
187.0
187.0
187.0
187.0
187.0
187.0
188.0
187.0
187.0
187.0
187.0
188.0
187.0
187.0
187.0
187.0
187.0
188.0
187.0
188.0
188.0
188.0
187.0
188.0
188.0
188.0
188.0
187.0
187.0
187.0
187.0
187.0
187.0
187.0
187.0
192.0
192.0
192.0
192.0
193.0
192.0
192.0
192.0
192.0
192.0
187.0
187.0
188.0
187.0
187.0
187.0
187.0
187.0
188.0
187.0
189.0
187.0
187.0
188.0
187.0
188.0
188.0
188.0
187.0
187.0
187.0
187.0
188.0
187.0
188.0
108.0
187.0
109.0
187.0
107.0
187.0
187.0
187.0
188.0
187.0
100.0
187.0
100.0
179.0
101.0
101.0
101.0
101.0
100.0
100.0
100.0
100.0
101.0
101.0
101.0
198.0
198.0
198.0
198.0
198.0
199.0
199.0
198.0
198.0
198.0
187.0
187.0
188.0
188.0
187.0
187.0
187.0
187.0
187.0
187.0
188.0
187.0
188.0
187.0
188.0
187.0
187.0
188.0
188.0
187.0
187.0
188.0
201.0
188.0
187.0
187.0
188.0
187.0
187.0
187.0
188.0
186.0
187.0
187.0
187.0
187.0
187.0
187.0
187.0
187.0
187.0
191.0
193.0
193.0
193.0
193.0
194.0
194.0
193.0
193.0
193.0
190.0
188.0
187.0
187.0
187.0
187.0
188.0
188.0
188.0
197.0
194.0
198.0
197.0
200.0
109.0
203.0
114.0
205.0
116.0
212.0
206.0
205.0
205.0
203.0
114.0
201.0
112.0
188.0
108.0
104.0
102.0
100.0
100.0
101.0
100.0
100.0
100.0
101.0
100.0
187.0
187.0
188.0
188.0
187.0
187.0
188.0
188.0
187.0
187.0
199.0
199.0
199.0
199.0
199.0
199.0
199.0
199.0
199.0
200.0
189.0
188.0
188.0
188.0
188.0
187.0
188.0
187.0
188.0
188.0
187.0
187.0
187.0
187.0
187.0
187.0
187.0
187.0
187.0
187.0
187.0
187.0
187.0
187.0
188.0
187.0
187.0
188.0
187.0
187.0
188.0
188.0
187.0
188.0
188.0
187.0
188.0
187.0
188.0
187.0
187.0
191.0
191.0
193.0
193.0
193.0
193.0
193.0
193.0
193.0
193.0
189.0
188.0
188.0
187.0
108.0
187.0
109.0
188.0
108.0
188.0
187.0
188.0
188.0
187.0
100.0
187.0
100.0
179.0
100.0
100.0
100.0
101.0
101.0
101.0
100.0
100.0
101.0
101.0
101.0
187.0
187.0
187.0
187.0
187.0
187.0
188.0
187.0
187.0
187.0
188.0
187.0
187.0
187.0
187.0
188.0
187.0
187.0
187.0
187.0
198.0
199.0
199.0
199.0
198.0
198.0
199.0
199.0
199.0
199.0
187.0
188.0
187.0
187.0
188.0
188.0
188.0
188.0
188.0
188.0
188.0
188.0
187.0
188.0
187.0
187.0
187.0
187.0
187.0
187.0
187.0
187.0
187.0
187.0
188.0
187.0
187.0
188.0
187.0
187.0
187.0
187.0
187.0
187.0
187.0
187.0
188.0
187.0
188.0
188.0
188.0
191.0
192.0
194.0
193.0
108.0
194.0
108.0
193.0
112.0
194.0
194.0
194.0
190.0
190.0
102.0
187.0
101.0
179.0
100.0
100.0
100.0
101.0
101.0
100.0
100.0
100.0
100.0
101.0
101.0
187.0
188.0
187.0
187.0
188.0
188.0
188.0
188.0
187.0
187.0
188.0
187.0
187.0
187.0
187.0
187.0
187.0
187.0
187.0
187.0
187.0
187.0
188.0
188.0
187.0
187.0
187.0
187.0
188.0
187.0
199.0
199.0
199.0
198.0
199.0
198.0
199.0
199.0
198.0
199.0
187.0
187.0
187.0
188.0
187.0
187.0
187.0
187.0
187.0
187.0
188.0
188.0
188.0
187.0
188.0
188.0
188.0
187.0
187.0
188.0
187.0
187.0
187.0
187.0
187.0
187.0
187.0
188.0
189.0
187.0
188.0
188.0
187.0
188.0
188.0
109.0
188.0
108.0
187.0
108.0
187.0
188.0
188.0
188.0
191.0
101.0
194.0
101.0
186.0
101.0
106.0
106.0
107.0
107.0
107.0
106.0
106.0
103.0
101.0
100.0
188.0
187.0
187.0
187.0
187.0
187.0
188.0
188.0
188.0
188.0
187.0
188.0
188.0
187.0
188.0
187.0
187.0
187.0
187.0
187.0
187.0
187.0
187.0
187.0
187.0
187.0
187.0
187.0
187.0
188.0
187.0
187.0
187.0
187.0
187.0
188.0
187.0
187.0
188.0
187.0
199.0
199.0
199.0
199.0
199.0
199.0
199.0
198.0
199.0
199.0
188.0
187.0
187.0
188.0
188.0
188.0
188.0
188.0
187.0
188.0
188.0
188.0
188.0
188.0
187.0
187.0
187.0
187.0
188.0
187.0
187.0
187.0
187.0
187.0
187.0
108.0
188.0
108.0
187.0
108.0
187.0
188.0
187.0
187.0
187.0
100.0
187.0
101.0
179.0
100.0
101.0
100.0
100.0
101.0
101.0
101.0
101.0
101.0
100.0
101.0
194.0
194.0
194.0
193.0
194.0
193.0
194.0
194.0
194.0
194.0
187.0
187.0
187.0
187.0
187.0
187.0
187.0
187.0
187.0
187.0
188.0
188.0
188.0
187.0
188.0
188.0
188.0
187.0
187.0
188.0
188.0
187.0
188.0
188.0
187.0
187.0
187.0
187.0
187.0
187.0
187.0
187.0
187.0
187.0
187.0
188.0
187.0
187.0
187.0
187.0
199.0
199.0
199.0
199.0
198.0
199.0
199.0
199.0
199.0
200.0
187.0
187.0
187.0
187.0
187.0
187.0
187.0
187.0
187.0
187.0
188.0
188.0
188.0
187.0
187.0
108.0
188.0
109.0
188.0
109.0
188.0
188.0
188.0
188.0
188.0
100.0
188.0
101.0
180.0
101.0
102.0
101.0
100.0
100.0
101.0
101.0
100.0
100.0
101.0
100.0
187.0
187.0
187.0
188.0
187.0
187.0
188.0
187.0
188.0
187.0
194.0
194.0
194.0
193.0
194.0
194.0
193.0
194.0
193.0
194.0
188.0
187.0
187.0
188.0
187.0
187.0
187.0
187.0
187.0
187.0
187.0
188.0
188.0
187.0
188.0
188.0
188.0
188.0
188.0
187.0
187.0
187.0
187.0
187.0
187.0
187.0
187.0
187.0
187.0
187.0
187.0
187.0
187.0
187.0
187.0
187.0
187.0
187.0
187.0
187.0
199.0
200.0
200.0
200.0
199.0
200.0
199.0
200.0
200.0
199.0
188.0
187.0
187.0
188.0
187.0
108.0
188.0
108.0
187.0
108.0
187.0
188.0
187.0
188.0
188.0
101.0
187.0
101.0
179.0
101.0
100.0
100.0
101.0
100.0
100.0
101.0
100.0
100.0
100.0
101.0
187.0
187.0
187.0
187.0
188.0
187.0
187.0
187.0
188.0
187.0
188.0
187.0
187.0
188.0
187.0
187.0
187.0
187.0
188.0
187.0
194.0
194.0
194.0
194.0
194.0
195.0
194.0
194.0
194.0
194.0
187.0
187.0
187.0
187.0
187.0
187.0
187.0
187.0
187.0
187.0
188.0
187.0
188.0
188.0
188.0
187.0
188.0
188.0
187.0
187.0
187.0
187.0
187.0
187.0
187.0
188.0
187.0
187.0
188.0
188.0
187.0
188.0
188.0
187.0
187.0
187.0
188.0
188.0
187.0
187.0
200.0
200.0
200.0
200.0
200.0
120.0
199.0
120.0
200.0
121.0
187.0
187.0
188.0
187.0
187.0
101.0
188.0
101.0
180.0
100.0
100.0
100.0
100.0
100.0
101.0
100.0
100.0
101.0
100.0
101.0
187.0
188.0
188.0
188.0
187.0
187.0
188.0
187.0
188.0
187.0
187.0
187.0
187.0
187.0
188.0
188.0
188.0
188.0
188.0
188.0
188.0
188.0
188.0
189.0
188.0
188.0
188.0
188.0
188.0
188.0
194.0
194.0
194.0
193.0
193.0
193.0
193.0
193.0
193.0
193.0
187.0
187.0
187.0
187.0
188.0
188.0
188.0
187.0
188.0
189.0
188.0
187.0
187.0
188.0
187.0
187.0
187.0
188.0
187.0
188.0
187.0
188.0
188.0
187.0
188.0
187.0
188.0
187.0
188.0
187.0
188.0
188.0
188.0
188.0
188.0
109.0
187.0
109.0
188.0
109.0
199.0
199.0
200.0
200.0
199.0
100.0
200.0
100.0
192.0
113.0
113.0
113.0
101.0
101.0
100.0
100.0
100.0
101.0
100.0
101.0
187.0
187.0
188.0
187.0
188.0
187.0
187.0
187.0
187.0
187.0
187.0
187.0
187.0
188.0
187.0
189.0
188.0
188.0
188.0
187.0
188.0
188.0
187.0
188.0
188.0
187.0
188.0
187.0
187.0
188.0
198.0
196.0
196.0
198.0
197.0
203.0
199.0
198.0
198.0
198.0
197.0
195.0
196.0
198.0
196.0
196.0
195.0
197.0
195.0
195.0
188.0
189.0
189.0
189.0
188.0
189.0
189.0
189.0
188.0
188.0
188.0
188.0
188.0
187.0
187.0
187.0
187.0
187.0
187.0
187.0
188.0
188.0
188.0
187.0
187.0
109.0
188.0
109.0
188.0
109.0
188.0
188.0
188.0
188.0
187.0
101.0
188.0
101.0
180.0
101.0
101.0
100.0
101.0
100.0
101.0
101.0
101.0
101.0
102.0
101.0
202.0
203.0
202.0
203.0
202.0
201.0
202.0
201.0
202.0
202.0
189.0
188.0
188.0
188.0
188.0
188.0
188.0
188.0
188.0
188.0
188.0
188.0
188.0
188.0
189.0
189.0
189.0
189.0
189.0
189.0
188.0
188.0
189.0
189.0
189.0
189.0
189.0
189.0
189.0
189.0
189.0
189.0
189.0
188.0
189.0
189.0
188.0
188.0
188.0
188.0
192.0
192.0
193.0
193.0
193.0
193.0
194.0
193.0
193.0
193.0
190.0
189.0
189.0
189.0
189.0
189.0
189.0
188.0
189.0
189.0
188.0
189.0
189.0
189.0
189.0
108.0
189.0
109.0
189.0
108.0
192.0
192.0
192.0
193.0
192.0
104.0
192.0
105.0
184.0
104.0
102.0
103.0
103.0
103.0
102.0
102.0
103.0
102.0
102.0
102.0
190.0
189.0
189.0
189.0
189.0
189.0
188.0
189.0
189.0
189.0
202.0
203.0
202.0
201.0
203.0
203.0
203.0
203.0
202.0
203.0
191.0
191.0
190.0
191.0
190.0
190.0
190.0
190.0
190.0
190.0
189.0
188.0
189.0
189.0
188.0
188.0
188.0
188.0
189.0
188.0
187.0
188.0
188.0
187.0
189.0
188.0
188.0
188.0
187.0
188.0
187.0
188.0
187.0
188.0
187.0
187.0
187.0
187.0
188.0
187.0
193.0
193.0
194.0
194.0
194.0
194.0
194.0
194.0
193.0
194.0
188.0
188.0
188.0
188.0
188.0
109.0
188.0
109.0
188.0
108.0
188.0
187.0
188.0
188.0
188.0
100.0
187.0
101.0
180.0
101.0
101.0
100.0
100.0
100.0
98.0
98.0
95.0
94.0
93.0
89.0
