6.0
8.0
8.0
5.0
5.0
5.0
5.0
5.0
7.0
7.0
8.0
11.0
7.0
12.0
8.0
8.0
8.0
5.0
7.0
7.0
7.0
8.0
8.0
7.0
8.0
8.0
12.0
7.0
8.0
8.0
8.0
8.0
8.0
8.0
7.0
8.0
13.0
7.0
7.0
5.0
13.0
7.0
8.0
8.0
8.0
8.0
7.0
8.0
8.0
8.0
8.0
7.0
8.0
8.0
7.0
7.0
13.0
8.0
8.0
7.0
8.0
7.0
8.0
8.0
7.0
8.0
12.0
8.0
7.0
4.0
8.0
12.0
7.0
7.0
8.0
7.0
8.0
8.0
8.0
5.0
13.0
8.0
8.0
7.0
8.0
8.0
7.0
8.0
8.0
8.0
8.0
8.0
8.0
7.0
8.0
8.0
12.0
8.0
8.0
7.0
8.0
8.0
8.0
7.0
7.0
8.0
12.0
7.0
8.0
4.0
8.0
7.0
8.0
13.0
8.0
7.0
13.0
5.0
7.0
5.0
7.0
7.0
7.0
13.0
7.0
8.0
8.0
8.0
7.0
5.0
8.0
8.0
12.0
7.0
7.0
8.0
13.0
5.0
8.0
7.0
7.0
7.0
8.0
8.0
8.0
7.0
13.0
8.0
8.0
5.0
8.0
8.0
7.0
13.0
7.0
8.0
8.0
8.0
8.0
5.0
8.0
8.0
8.0
13.0
8.0
7.0
8.0
7.0
7.0
7.0
8.0
7.0
7.0
7.0
8.0
7.0
13.0
7.0
8.0
7.0
7.0
8.0
8.0
8.0
8.0
8.0
24.0
8.0
8.0
5.0
7921.0
7751.0
7700.0
7771.0
8140.0
7725.0
7821.0
7666.0
7367.0
7356.0
7355.0
7329.0
7356.0
7338.0
11.0
7.0
10.0
7.0
7.0
7.0
7.0
7.0
11.0
11.0
7.0
6.0
7.0
7.0
7.0
7.0
11.0
12.0
12.0
11.0
7.0
7.0
6.0
6.0
7.0
7.0
7.0
7.0
7.0
6.0
7.0
12.0
4.0
6.0
6.0
12.0
7.0
4.0
4.0
4.0
7.0
6.0
7.0
7.0
4.0
4.0
4.0
4.0
6.0
4.0
7.0
11.0
4.0
4.0
3.0
11.0
6.0
6.0
4.0
4.0
7.0
12.0
3.0
4.0
4.0
7.0
12.0
5.0
4.0
4.0
7.0
7.0
6.0
7.0
4.0
6.0
7.0
4.0
6.0
4.0
7.0
7.0
4.0
6.0
4.0
7.0
6.0
4.0
4.0
4.0
12.0
4.0
4.0
6.0
4.0
4.0
7.0
4.0
4.0
7.0
7.0
6.0
7.0
7.0
7.0
7.0
12.0
11.0
11.0
7.0
11.0
7.0
6.0
7.0
6.0
7.0
7.0
7.0
7.0
11.0
6.0
7.0
12.0
7.0
12.0
11.0
6.0
7.0
7.0
6.0
7.0
6.0
7.0
4.0
6.0
12.0
7.0
4.0
4.0
4.0
12.0
6.0
5.0
4.0
5.0
4.0
6.0
7.0
4.0
4.0
7.0
7.0
4.0
4.0
4.0
6.0
11.0
6.0
6.0
4.0
11.0
6.0
3.0
4.0
4.0
6.0
7.0
6.0
6.0
3.0
7.0
7.0
4.0
4.0
6.0
7.0
7.0
4.0
7.0
7.0
11.0
4.0
4.0
4.0
4.0
12.0
4.0
4.0
4.0
4.0
7.0
6.0
6.0
4.0
4.0
4.0
4.0
4.0
6.0
4.0
7.0
12.0
12.0
6.0
7.0
7.0
7.0
7.0
11.0
12.0
7.0
7.0
6.0
6.0
7.0
7.0
12.0
12.0
7.0
7.0
7.0
7.0
6.0
12.0
7.0
12.0
7.0
7.0
7.0
7.0
6.0
11.0
6.0
4.0
6.0
7.0
6.0
4.0
4.0
4.0
7.0
11.0
7.0
4.0
4.0
4.0
7.0
4.0
4.0
7.0
7.0
7.0
4.0
4.0
6.0
7.0
7.0
6.0
6.0
4.0
7.0
11.0
4.0
4.0
6.0
7.0
7.0
4.0
7.0
4.0
17.0
6.0
4.0
12.0
4.0
13.0
12.0
4.0
10.0
12.0
17.0
10.0
9.0
10.0
6.0
7.0
4.0
4.0
4.0
4.0
11.0
4.0
6.0
4.0
4.0
4.0
4.0
6.0
3.0
4.0
12.0
7.0
7.0
7.0
11.0
7.0
7.0
6.0
11.0
11.0
7.0
7.0
7.0
7.0
7.0
7.0
11.0
11.0
6.0
7.0
7.0
11.0
7.0
6.0
11.0
7.0
7.0
6.0
6.0
7.0
7.0
11.0
4.0
6.0
6.0
7.0
12.0
4.0
4.0
5.0
6.0
7.0
6.0
4.0
4.0
7.0
4.0
4.0
6.0
5.0
7.0
7.0
4.0
6.0
3.0
7.0
11.0
6.0
4.0
4.0
12.0
6.0
4.0
6.0
4.0
6.0
7.0
4.0
6.0
4.0
7.0
7.0
4.0
6.0
6.0
7.0
6.0
4.0
6.0
6.0
6.0
4.0
4.0
4.0
7.0
11.0
4.0
4.0
6.0
3.0
6.0
6.0
4.0
4.0
4.0
4.0
4.0
6.0
4.0
4.0
11.0
7.0
12.0
7.0
7.0
7.0
7.0
7.0
11.0
11.0
7.0
6.0
7.0
7.0
6.0
7.0
11.0
11.0
6.0
11.0
6.0
11.0
6.0
7.0
7.0
7.0
7.0
7.0
6.0
7.0
11.0
11.0
4.0
4.0
6.0
49.0
7.0
4.0
4.0
4.0
46.0
45.0
43.0
45.0
43.0
43.0
46.0
42.0
45.0
4.0
7.0
7.0
4.0
4.0
6.0
7.0
11.0
4.0
4.0
4.0
12.0
12.0
4.0
4.0
7.0
7.0
7.0
4.0
4.0
4.0
7.0
7.0
4.0
6.0
6.0
6.0
6.0
4.0
6.0
6.0
7.0
4.0
3.0
4.0
6.0
12.0
4.0
4.0
4.0
6.0
11.0
5.0
4.0
4.0
4.0
4.0
4.0
6.0
3.0
3.0
6.0
11.0
7.0
7.0
6.0
7.0
6.0
11.0
12.0
7.0
12.0
6.0
7.0
7.0
7.0
7.0
12.0
7.0
6.0
11.0
7.0
7.0
11.0
7.0
7.0
11.0
7.0
7.0
7.0
7.0
11.0
7.0
4.0
6.0
4.0
11.0
7.0
4.0
4.0
4.0
12.0
7.0
4.0
4.0
7.0
4.0
4.0
4.0
6.0
4.0
7.0
6.0
4.0
4.0
6.0
7.0
11.0
4.0
6.0
4.0
12.0
7.0
4.0
4.0
3.0
11.0
6.0
3.0
4.0
6.0
7.0
7.0
4.0
4.0
6.0
6.0
6.0
6.0
4.0
6.0
7.0
4.0
4.0
6.0
6.0
6.0
4.0
4.0
4.0
4.0
11.0
7.0
4.0
3.0
4.0
4.0
4.0
6.0
6.0
4.0
7.0
6.0
11.0
6.0
7.0
7.0
7.0
11.0
11.0
11.0
7.0
7.0
7.0
6.0
7.0
7.0
11.0
6.0
7.0
7.0
7.0
11.0
6.0
11.0
7.0
11.0
7.0
6.0
7.0
7.0
7.0
7.0
7.0
4.0
7.0
12.0
7.0
4.0
6.0
4.0
7.0
11.0
4.0
4.0
4.0
4.0
6.0
4.0
4.0
4.0
12.0
7.0
4.0
4.0
6.0
7.0
7.0
4.0
6.0
4.0
7.0
11.0
4.0
4.0
6.0
7.0
6.0
4.0
6.0
6.0
6.0
7.0
4.0
4.0
6.0
6.0
7.0
6.0
4.0
6.0
12.0
4.0
4.0
4.0
4.0
11.0
4.0
4.0
4.0
4.0
11.0
4.0
6.0
4.0
3.0
4.0
4.0
4.0
4.0
4.0
11.0
11.0
7.0
7.0
7.0
7.0
6.0
7.0
11.0
11.0
7.0
7.0
6.0
7.0
7.0
7.0
11.0
11.0
7.0
6.0
6.0
7.0
11.0
7.0
11.0
6.0
7.0
7.0
7.0
7.0
11.0
7.0
6.0
4.0
6.0
11.0
7.0
4.0
4.0
4.0
6.0
7.0
6.0
4.0
4.0
4.0
7.0
6.0
4.0
6.0
6.0
6.0
4.0
4.0
4.0
7.0
12.0
6.0
6.0
4.0
7.0
7.0
6.0
4.0
4.0
6.0
6.0
6.0
6.0
4.0
7.0
6.0
4.0
6.0
6.0
7.0
7.0
4.0
4.0
7.0
10.0
4.0
4.0
7.0
4.0
7.0
5.0
4.0
4.0
4.0
7.0
6.0
4.0
6.0
4.0
4.0
4.0
4.0
4.0
3.0
6.0
7.0
11.0
7.0
7.0
7.0
7.0
5.0
7.0
11.0
6.0
7.0
6.0
6.0
6.0
6.0
7.0
6.0
12.0
7.0
5.0
6.0
11.0
7.0
7.0
7.0
7.0
7.0
6.0
6.0
7.0
6.0
4.0
4.0
4.0
7.0
11.0
3.0
4.0
4.0
11.0
6.0
4.0
4.0
4.0
4.0
4.0
4.0
4.0
4.0
5.0
7.0
4.0
4.0
4.0
7.0
7.0
6.0
4.0
4.0
7.0
6.0
7.0
4.0
4.0
7.0
7.0
3.0
4.0
6.0
7.0
6.0
3.0
6.0
4.0
7.0
6.0
4.0
4.0
4.0
12.0
4.0
4.0
4.0
3.0
7.0
6.0
4.0
4.0
4.0
6.0
3.0
3.0
4.0
4.0
4.0
4.0
6.0
4.0
3.0
7.0
7.0
7.0
7.0
11.0
7.0
7.0
5.0
6.0
11.0
7.0
6.0
7.0
6.0
6.0
6.0
6.0
7.0
11.0
7.0
6.0
5.0
7.0
7.0
7.0
7.0
12.0
6.0
6.0
6.0
7.0
6.0
4.0
4.0
4.0
7.0
12.0
4.0
4.0
4.0
7.0
7.0
4.0
6.0
4.0
3.0
4.0
4.0
4.0
4.0
5.0
7.0
4.0
4.0
6.0
7.0
7.0
4.0
4.0
6.0
6.0
7.0
4.0
4.0
4.0
7.0
11.0
3.0
4.0
3.0
11.0
7.0
4.0
4.0
4.0
6.0
6.0
4.0
4.0
4.0
7.0
4.0
4.0
4.0
3.0
7.0
4.0
4.0
6.0
4.0
6.0
4.0
3.0
6.0
4.0
4.0
4.0
4.0
4.0
4.0
6.0
11.0
6.0
7.0
7.0
12.0
7.0
5.0
7.0
6.0
6.0
6.0
6.0
6.0
6.0
7.0
7.0
7.0
11.0
7.0
11.0
6.0
7.0
7.0
6.0
6.0
6.0
7.0
5.0
7.0
6.0
7.0
4.0
4.0
4.0
11.0
7.0
6.0
4.0
4.0
6.0
7.0
4.0
5.0
3.0
4.0
4.0
4.0
6.0
4.0
6.0
5.0
4.0
4.0
4.0
7.0
7.0
5.0
4.0
3.0
7.0
6.0
3.0
4.0
4.0
7.0
7.0
4.0
4.0
4.0
6.0
7.0
4.0
3.0
4.0
7.0
5.0
4.0
3.0
4.0
6.0
4.0
4.0
4.0
4.0
6.0
4.0
4.0
4.0
3.0
7.0
4.0
3.0
4.0
4.0
4.0
3.0
4.0
4.0
4.0
7.0
7.0
7.0
7.0
5.0
7.0
6.0
6.0
7.0
5.0
7.0
6.0
6.0
7.0
6.0
6.0
5.0
7.0
7.0
6.0
6.0
6.0
7.0
5.0
6.0
7.0
7.0
7.0
7.0
7.0
5.0
6.0
4.0
4.0
4.0
7.0
7.0
4.0
4.0
4.0
6.0
7.0
4.0
4.0
3.0
4.0
4.0
4.0
4.0
4.0
7.0
7.0
4.0
3.0
4.0
7.0
7.0
4.0
3.0
4.0
5.0
7.0
4.0
4.0
3.0
7.0
7.0
3.0
4.0
4.0
6.0
6.0
4.0
4.0
4.0
6.0
6.0
4.0
3.0
4.0
6.0
4.0
3.0
3.0
4.0
6.0
3.0
3.0
4.0
4.0
6.0
4.0
4.0
4.0
4.0
4.0
4.0
4.0
4.0
4.0
7.0
7.0
5.0
5.0
7.0
7.0
6.0
6.0
6.0
7.0
6.0
6.0
7.0
7.0
7.0
7.0
7.0
7.0
6.0
7.0
6.0
6.0
7.0
7.0
6.0
6.0
7.0
7.0
7.0
6.0
5.0
5.0
4.0
4.0
4.0
7.0
6.0
4.0
4.0
3.0
6.0
7.0
4.0
4.0
4.0
4.0
4.0
4.0
4.0
3.0
5.0
6.0
4.0
4.0
3.0
7.0
6.0
4.0
4.0
4.0
6.0
7.0
4.0
4.0
4.0
6.0
7.0
4.0
4.0
4.0
7.0
5.0
3.0
4.0
4.0
7.0
7.0
4.0
3.0
4.0
6.0
4.0
4.0
4.0
4.0
6.0
4.0
4.0
3.0
3.0
6.0
4.0
4.0
4.0
4.0
4.0
4.0
3.0
4.0
3.0
6.0
6.0
6.0
7.0
7.0
5.0
6.0
6.0
5.0
7.0
6.0
6.0
6.0
6.0
6.0
7.0
7.0
7.0
7.0
7.0
5.0
6.0
7.0
7.0
7.0
6.0
7.0
6.0
7.0
6.0
6.0
5.0
4.0
4.0
4.0
6.0
6.0
4.0
4.0
4.0
6.0
6.0
3.0
4.0
4.0
4.0
4.0
4.0
4.0
3.0
7.0
7.0
4.0
3.0
4.0
7.0
7.0
4.0
3.0
3.0
7.0
7.0
4.0
3.0
3.0
7.0
6.0
4.0
4.0
4.0
6.0
6.0
4.0
4.0
4.0
7.0
6.0
4.0
4.0
4.0
6.0
4.0
3.0
3.0
4.0
6.0
4.0
4.0
3.0
3.0
6.0
4.0
4.0
4.0
4.0
4.0
4.0
4.0
4.0
4.0
7.0
7.0
6.0
7.0
5.0
5.0
6.0
7.0
7.0
6.0
6.0
7.0
7.0
6.0
6.0
6.0
7.0
6.0
7.0
7.0
5.0
6.0
7.0
6.0
6.0
7.0
7.0
6.0
6.0
6.0
6.0
5.0
4.0
4.0
4.0
7.0
6.0
4.0
4.0
4.0
6.0
7.0
4.0
4.0
3.0
4.0
4.0
4.0
4.0
3.0
7.0
7.0
4.0
4.0
3.0
7.0
7.0
4.0
4.0
4.0
6.0
5.0
4.0
3.0
4.0
7.0
7.0
3.0
4.0
3.0
6.0
6.0
4.0
3.0
4.0
6.0
6.0
4.0
3.0
4.0
6.0
3.0
3.0
4.0
4.0
7.0
4.0
4.0
4.0
4.0
7.0
4.0
3.0
4.0
4.0
4.0
4.0
3.0
4.0
3.0
6.0
6.0
7.0
7.0
7.0
6.0
7.0
6.0
6.0
7.0
6.0
7.0
7.0
7.0
6.0
6.0
6.0
7.0
7.0
7.0
6.0
6.0
7.0
6.0
6.0
6.0
7.0
6.0
7.0
6.0
6.0
6.0
3.0
4.0
4.0
7.0
7.0
4.0
4.0
4.0
6.0
6.0
4.0
4.0
3.0
4.0
4.0
4.0
4.0
3.0
7.0
7.0
4.0
4.0
4.0
6.0
6.0
4.0
4.0
3.0
6.0
5.0
4.0
4.0
3.0
7.0
7.0
4.0
4.0
4.0
6.0
6.0
4.0
4.0
4.0
7.0
7.0
4.0
3.0
4.0
7.0
3.0
3.0
4.0
4.0
6.0
4.0
4.0
3.0
4.0
6.0
4.0
4.0
4.0
3.0
3.0
3.0
4.0
4.0
4.0
6.0
6.0
6.0
6.0
7.0
5.0
6.0
7.0
6.0
7.0
6.0
6.0
6.0
7.0
5.0
7.0
7.0
6.0
7.0
6.0
6.0
6.0
7.0
6.0
7.0
6.0
7.0
7.0
7.0
7.0
6.0
6.0
4.0
4.0
4.0
7.0
6.0
4.0
3.0
4.0
6.0
7.0
4.0
4.0
4.0
4.0
4.0
4.0
4.0
4.0
6.0
6.0
4.0
3.0
3.0
7.0
7.0
3.0
3.0
4.0
5.0
6.0
4.0
3.0
3.0
7.0
7.0
4.0
3.0
4.0
6.0
6.0
4.0
3.0
4.0
7.0
6.0
3.0
4.0
4.0
7.0
4.0
4.0
4.0
4.0
7.0
3.0
3.0
4.0
4.0
6.0
4.0
4.0
3.0
4.0
4.0
4.0
3.0
4.0
4.0
7.0
7.0
6.0
6.0
6.0
6.0
7.0
7.0
6.0
6.0
6.0
6.0
6.0
6.0
7.0
6.0
7.0
7.0
7.0
7.0
6.0
7.0
7.0
6.0
6.0
6.0
6.0
6.0
7.0
6.0
6.0
6.0
4.0
4.0
4.0
7.0
6.0
4.0
4.0
4.0
6.0
6.0
4.0
4.0
4.0
4.0
4.0
4.0
3.0
4.0
7.0
6.0
3.0
4.0
4.0
6.0
6.0
4.0
3.0
4.0
6.0
6.0
4.0
4.0
3.0
6.0
6.0
3.0
4.0
4.0
6.0
6.0
3.0
4.0
3.0
6.0
6.0
4.0
4.0
4.0
7.0
4.0
4.0
4.0
4.0
6.0
4.0
4.0
3.0
3.0
7.0
4.0
4.0
4.0
3.0
4.0
4.0
3.0
4.0
4.0
7682.0
7729.0
7691.0
7657.0
7661.0
7805.0
7674.0
7656.0
7636.0
7572.0
7628.0
7631.0
7702.0
7604.0
7671.0
7640.0
7586.0
7630.0
7586.0
7565.0
7560.0
7609.0
7586.0
7604.0
7567.0
7676.0
7676.0
7585.0
7579.0
7572.0
7592.0
7580.0
7521.0
7707.0
7562.0
4124.0
4127.0
4125.0
4119.0
4127.0
7621.0
7611.0
7566.0
7596.0
7512.0
7624.0
7625.0
7660.0
7622.0
7572.0
7615.0
7668.0
7700.0
7560.0
7671.0
7651.0
7653.0
7671.0
7688.0
7633.0
7620.0
7622.0
7669.0
7664.0
7664.0
7789.0
7697.0
7665.0
7560.0
7555.0
7560.0
7566.0
7687.0
7680.0
7627.0
4184.0
4172.0
4181.0
4215.0
4250.0
4233.0
7688.0
7656.0
7916.0
7693.0
7666.0
7663.0
8009.0
7568.0
7447.0
7779.0
7821.0
7930.0
7810.0
7824.0
7401.0
7389.0
7744.0
7641.0
7613.0
7682.0
7707.0
7627.0
7682.0
7722.0
7668.0
7646.0
7681.0
4192.0
4334.0
4317.0
4291.0
4259.0
7597.0
7670.0
7815.0
7580.0
7636.0
7648.0
7756.0
7648.0
7635.0
7596.0
7527.0
7556.0
7623.0
7649.0
7572.0
7621.0
7650.0
7557.0
7639.0
7681.0
7622.0
7620.0
7592.0
7764.0
7563.0
7558.0
7644.0
7639.0
7633.0
7594.0
7581.0
4146.0
4156.0
4132.0
4114.0
4141.0
4073.0
